0.0290217068094	0.000114693513445	0.00358098636422	0	0.000492757317021	0.000114693513445	0.00100250626566	0.0100463021962	0.00512722484177	0.000722144343911	0.00271866105943	0.00128286818742	0.00101100208147	0.00011894142135	0.0186143324413	8.92060660125e-05	0.000220891211079	0.00211545813687	3.39832632429e-05	0.000547980119791	0.00169491525424	0.00685612335925	0.000259122382227	0.00726392251816	0.00159296546451	5.9470710675e-05	0.00141455333248	0.000726392251816	0.00675417356952	0.0127224841765	0.0128329297821	4.24790790536e-06	8.07102502018e-05	0.00365320079861	0.00604477294932	3.82311711482e-05	0.000101949789729	3.39832632429e-05	0	0.000259122382227	0	0.00018266003993	0.000233634934795	0.00011894142135	0.00139756170086	0.000467269869589	4.24790790536e-05	0.000424790790536	4.67269869589e-05	0.000106197697634	8.49581581071e-06	2.97353553375e-05	2.54874474321e-05	1.27437237161e-05	1.69916316214e-05	0.00041204706682	3.82311711482e-05	6.37186185803e-05	5.09748948643e-05	0.00149526358269	2.97353553375e-05	8.07102502018e-05	6.37186185803e-05	0.000513996856548	2.97353553375e-05	6.37186185803e-05	4.24790790536e-06	4.24790790536e-06	0	6.79665264857e-05	0.00102374580519	0.000522492672359	0.00418843719468	0.000675417356952	0.000178412132025	2.97353553375e-05	4.24790790536e-05	9.34539739178e-05	5.52228027696e-05	0.000106197697634	0	5.52228027696e-05	1.69916316214e-05	1.27437237161e-05
0.000114693513445	0.0213457372244	0.00302026252071	0	0	8.49581581071e-06	1.27437237161e-05	9.34539739178e-05	2.97353553375e-05	0.00108321651587	2.97353553375e-05	9.34539739178e-05	8.49581581071e-06	5.9470710675e-05	0.000157172592498	1.69916316214e-05	0.000998258357759	0.00110445605539	0	0.000216643303173	8.49581581071e-06	0.00029310564547	0.00430737861603	0.00123614120046	0.000866573212693	0.000853829488977	0.00502952295994	0.0163926766068	0.000246378658511	0.000259122382227	0.000216643303173	0	4.24790790536e-06	9.77018818232e-05	0.000828342041545	1.69916316214e-05	0.00854254279767	0.00228112654518	0	8.49581581071e-06	0	0	1.69916316214e-05	8.49581581071e-06	8.92060660125e-05	2.12395395268e-05	8.92060660125e-05	0	0.000106197697634	1.69916316214e-05	0	7.64623422964e-05	0.00165243617518	1.69916316214e-05	0.000437534514252	4.24790790536e-06	0.000191155855741	0.00089630856803	0.000564971751412	6.37186185803e-05	0.000144428868782	0.00194554182065	0.00476615266981	6.37186185803e-05	3.82311711482e-05	7.64623422964e-05	8.49581581071e-06	0	8.49581581071e-06	0.00083258994945	0.00114268722654	0.001032241621	0.000654177817425	0.000195403763646	4.67269869589e-05	8.49581581071e-06	1.69916316214e-05	0.000437534514252	0.000382311711482	0.00053948430398	0.00011894142135	8.49581581071e-06	0	1.69916316214e-05
0.00358098636422	0.00302026252071	0.0534939042522	0	1.27437237161e-05	3.82311711482e-05	0.00011894142135	0.00136357843762	0.000790110870396	0.000148676776687	0.000110445605539	0.000305849369186	2.54874474321e-05	8.07102502018e-05	0.00256998428274	0.000106197697634	0.000730640159721	0.0127437237161	1.27437237161e-05	0.000454526145873	3.39832632429e-05	0.00725117879444	0.00236608470328	0.0263582685527	0.000471517777495	3.39832632429e-05	0.0104923325262	0.021320249777	0.00176712968863	0.00224289537403	0.00524616626312	4.24790790536e-06	1.69916316214e-05	0.000586211290939	0.00424365999745	4.67269869589e-05	0.0048383671042	0.00279087549382	0	2.97353553375e-05	0	4.24790790536e-05	7.22144343911e-05	8.92060660125e-05	0.000246378658511	3.82311711482e-05	7.22144343911e-05	2.12395395268e-05	2.54874474321e-05	6.79665264857e-05	0	0.000985514634043	0.00152924684593	3.82311711482e-05	0.000280361921754	1.27437237161e-05	0.000773119238775	0.00367019243023	0.00216643303173	0.000191155855741	6.37186185803e-05	0.00114693513445	0.00399303343104	0.000254874474321	0.000110445605539	0.000216643303173	0	4.24790790536e-06	4.24790790536e-06	0.00108746442377	0.00662673633236	0.00383586083854	0.00486385455163	0.00262945499342	0.000135933052971	3.39832632429e-05	5.09748948643e-05	0.000785862962491	0.000556475935602	0.000751879699248	0.000288857737564	0.000101949789729	3.82311711482e-05	0
0	0	0	0	0	0	0	0	0	0	0	0	0	0	0	0	0	0	0	0	0	0	0	0	0	0	0	0	0	0	0	0	0	0	0	0	0	0	0	0	0	0	0	0	0	0	0	0	0	0	0	0	0	0	0	0	0	0	0	0	0	0	0	0	0	0	0	0	0	0	0	0	0	0	0	0	0	0	0	0	0	0	0	0
0.000492757317021	0	1.27437237161e-05	0	0.020241281169	8.49581581071e-06	0.0002378828427	0.00218342466335	0.000284609829659	0.000671169449046	0.00141455333248	0.000123189329255	0.00233210144004	1.27437237161e-05	0.000751879699248	2.12395395268e-05	2.54874474321e-05	8.49581581071e-06	4.24790790536e-06	1.27437237161e-05	0.0056327258825	7.22144343911e-05	1.27437237161e-05	5.9470710675e-05	0.0111082791725	8.49581581071e-06	5.9470710675e-05	1.27437237161e-05	0.00716622063634	0.00113419141073	0.000199651671552	0	0	0.00053948430398	0.00083258994945	4.24790790536e-06	4.24790790536e-06	0	0	0.00356399473259	0	0.000110445605539	1.69916316214e-05	7.22144343911e-05	0.00155473429336	0.00137207425343	4.24790790536e-06	0.00143579287201	1.27437237161e-05	3.82311711482e-05	4.67269869589e-05	0	0	0	0	0.0038825878255	0	4.24790790536e-06	4.24790790536e-06	0.00156747801708	8.49581581071e-06	1.27437237161e-05	1.27437237161e-05	0.000335584724523	4.24790790536e-06	4.24790790536e-06	0	0	0	1.27437237161e-05	0.000161420500404	3.39832632429e-05	0.000586211290939	9.77018818232e-05	0.000199651671552	4.24790790536e-06	8.49581581071e-06	3.39832632429e-05	8.49581581071e-06	4.67269869589e-05	8.49581581071e-06	1.69916316214e-05	1.69916316214e-05	0
0.000114693513445	8.49581581071e-06	3.82311711482e-05	0	8.49581581071e-06	0.00533962023703	0.00248077821673	0.000101949789729	0.000909052291746	2.54874474321e-05	7.64623422964e-05	2.97353553375e-05	0.000110445605539	2.12395395268e-05	0.000688161080668	0.00123614120046	1.27437237161e-05	1.27437237161e-05	0	4.24790790536e-06	0.000123189329255	6.79665264857e-05	1.69916316214e-05	8.92060660125e-05	2.54874474321e-05	0	1.27437237161e-05	2.12395395268e-05	8.49581581071e-05	0.000921796015462	5.9470710675e-05	0	0.0015844696487	4.24790790536e-05	0.000722144343911	0	4.24790790536e-06	4.24790790536e-06	0	0	0	0	8.49581581071e-06	4.24790790536e-06	2.12395395268e-05	8.49581581071e-06	0	0	0	4.24790790536e-06	0	4.24790790536e-06	0	0	0	4.24790790536e-06	0	8.49581581071e-06	4.24790790536e-06	2.54874474321e-05	0	0	8.49581581071e-06	2.12395395268e-05	0	0	0	0	0	1.69916316214e-05	0.000152924684593	1.27437237161e-05	0.000416294974725	0.000152924684593	0.00104923325262	0.000730640159721	0	4.24790790536e-06	1.27437237161e-05	2.54874474321e-05	2.12395395268e-05	4.24790790536e-06	0	0
0.00100250626566	1.27437237161e-05	0.00011894142135	0	0.0002378828427	0.00248077821673	0.0257848009855	0.00188607110998	0.00870396329808	0.000114693513445	0.00645682001614	0.000407799158914	0.00623592880506	6.37186185803e-05	0.00596406269912	0.00194129391275	2.54874474321e-05	5.9470710675e-05	1.27437237161e-05	0.000135933052971	0.00234909307166	0.000199651671552	2.12395395268e-05	0.000297353553375	0.000424790790536	1.69916316214e-05	0.000225139118984	5.09748948643e-05	0.00119366212141	0.00344080540334	0.000386559619387	0	0.00053948430398	0.000365320079861	0.00180111295187	4.24790790536e-06	8.49581581071e-06	0	0	4.24790790536e-05	0	0	1.69916316214e-05	4.24790790536e-06	0.000165668408309	4.67269869589e-05	1.27437237161e-05	4.67269869589e-05	2.12395395268e-05	4.24790790536e-06	4.24790790536e-06	4.24790790536e-06	0	0	0	6.79665264857e-05	4.24790790536e-06	4.24790790536e-06	8.49581581071e-06	0.000191155855741	0	8.49581581071e-06	4.24790790536e-06	7.22144343911e-05	0	1.27437237161e-05	0	0	0	4.24790790536e-06	0.000424790790536	0.000144428868782	0.00143579287201	0.000259122382227	0.00266768616456	0.000220891211079	2.12395395268e-05	8.49581581071e-06	1.27437237161e-05	1.27437237161e-05	8.49581581071e-06	8.49581581071e-06	8.49581581071e-06	4.24790790536e-06
0.0100463021962	9.34539739178e-05	0.00136357843762	0	0.00218342466335	0.000101949789729	0.00188607110998	0.0560341531796	0.00598955014655	0.00214944140011	0.0128244339663	0.000875069028503	0.00114268722654	6.79665264857e-05	0.0118091839769	0.000280361921754	0.000446030330062	0.000637186185803	2.12395395268e-05	0.000361072171955	0.00127862027951	0.00444755957691	0.000416294974725	0.00497430015717	0.00798606686207	4.67269869589e-05	0.000692408988573	0.000463021961684	0.0315831952763	0.0127777069793	0.0119663565694	4.24790790536e-06	6.79665264857e-05	0.00740410347904	0.0081644789941	5.52228027696e-05	3.39832632429e-05	3.39832632429e-05	0	0.00160146128032	4.24790790536e-06	0.000513996856548	0.000424790790536	0.000378063803577	0.00478314430143	0.00183934412302	5.9470710675e-05	0.00168641943843	2.54874474321e-05	0.000259122382227	4.67269869589e-05	5.09748948643e-05	1.27437237161e-05	8.49581581071e-06	1.27437237161e-05	0.00206873114991	3.82311711482e-05	0.000101949789729	5.09748948643e-05	0.00529289325007	1.69916316214e-05	3.82311711482e-05	4.67269869589e-05	0.00164394035937	0.000101949789729	8.07102502018e-05	4.24790790536e-06	4.24790790536e-06	4.24790790536e-06	0.000186907947836	0.00202200416295	0.000424790790536	0.00545431375048	0.00114693513445	0.00064992990952	5.09748948643e-05	3.82311711482e-05	0.000191155855741	4.24790790536e-05	0.000242130750605	3.39832632429e-05	0.000191155855741	4.67269869589e-05	2.12395395268e-05
0.00512722484177	2.97353553375e-05	0.000790110870396	0	0.000284609829659	0.000909052291746	0.00870396329808	0.00598955014655	0.0323010917123	0.000280361921754	0.00736162439998	0.000909052291746	0.00220041629497	0.000161420500404	0.0197187884967	0.000369567987766	0.000123189329255	0.00041204706682	2.54874474321e-05	0.00017416422412	0.00160995709613	0.0015887175566	0.000101949789729	0.00194978972856	0.00088781275222	5.9470710675e-05	0.000450278237968	0.000212395395268	0.00312646021834	0.00767172167707	0.00250201775626	8.49581581071e-06	0.000552228027696	0.000815598317828	0.00389108364131	1.27437237161e-05	8.49581581071e-06	8.49581581071e-06	0	0.000199651671552	0	7.64623422964e-05	0.000110445605539	5.9470710675e-05	0.000730640159721	0.000271866105943	5.09748948643e-05	0.000267618198037	2.54874474321e-05	4.67269869589e-05	1.27437237161e-05	2.54874474321e-05	0	4.24790790536e-06	8.49581581071e-06	0.00029310564547	2.97353553375e-05	2.54874474321e-05	1.69916316214e-05	0.000836837857355	1.69916316214e-05	2.54874474321e-05	1.69916316214e-05	0.00029310564547	2.54874474321e-05	3.82311711482e-05	0	4.24790790536e-06	0	2.54874474321e-05	0.00104073743681	0.000276114013848	0.00296928762584	0.000501253132832	0.000938787647084	0.000242130750605	4.24790790536e-05	3.82311711482e-05	2.12395395268e-05	3.82311711482e-05	0	2.97353553375e-05	8.49581581071e-06	4.24790790536e-06
0.000722144343911	0.00108321651587	0.000148676776687	0	0.000671169449046	2.54874474321e-05	0.000114693513445	0.00214944140011	0.000280361921754	0.0194214349433	0.000378063803577	8.92060660125e-05	0.000671169449046	1.27437237161e-05	0.000836837857355	0.000123189329255	0.00177562550444	4.67269869589e-05	0	2.97353553375e-05	0.00041204706682	0.000734888067627	0.00453251773502	0.000692408988573	0.0096767342084	0.000110445605539	0.000195403763646	0.00116817467397	0.00612548319952	0.00190731064951	0.00260396754598	0	4.24790790536e-06	0.00101100208147	0.00175438596491	0.00011894142135	7.22144343911e-05	4.24790790536e-05	0	0.00114693513445	0	0.000471517777495	0.00076887133087	0.0004757656854	0.00780765473005	0.00112994350282	3.82311711482e-05	0.00138481797715	4.24790790536e-06	0.000318593092902	9.77018818232e-05	8.07102502018e-05	2.54874474321e-05	0	0	0.00145703241154	7.22144343911e-05	0.000178412132025	0.000123189329255	0.00493182107812	1.27437237161e-05	1.69916316214e-05	8.49581581071e-05	0.00207722696572	0.000135933052971	0.000203899579457	0	1.27437237161e-05	0	0.000267618198037	0.000900556475936	0.000203899579457	0.000934539739178	0.00030160146128	0.000781615054586	8.49581581071e-06	8.49581581071e-06	0.000314345184996	4.67269869589e-05	0.000369567987766	5.09748948643e-05	0.00018266003993	6.79665264857e-05	0
0.00271866105943	2.97353553375e-05	0.000110445605539	0	0.00141455333248	7.64623422964e-05	0.00645682001614	0.0128244339663	0.00736162439998	0.000378063803577	0.0358311031817	0.000773119238775	0.00436684932671	8.07102502018e-05	0.00792234824349	0.000203899579457	5.9470710675e-05	7.22144343911e-05	4.24790790536e-06	0.000263370290132	0.00377214221996	0.000369567987766	5.9470710675e-05	0.000492757317021	0.00210696232106	5.09748948643e-05	0.000403551251009	0.000101949789729	0.00922220806253	0.00534386814494	0.000785862962491	4.24790790536e-06	6.79665264857e-05	0.00270591733571	0.00410772694448	4.24790790536e-06	2.12395395268e-05	4.24790790536e-06	0	0.000395055435198	0	6.79665264857e-05	4.67269869589e-05	3.39832632429e-05	0.000930291831273	0.000386559619387	5.09748948643e-05	0.000437534514252	3.39832632429e-05	3.39832632429e-05	1.69916316214e-05	8.49581581071e-06	0	4.24790790536e-06	0	0.000683913172762	0	8.49581581071e-06	0	0.00101524998938	1.69916316214e-05	8.49581581071e-06	1.27437237161e-05	0.000242130750605	1.69916316214e-05	4.24790790536e-06	0	0	0	3.82311711482e-05	0.000615946646277	0.000229387026889	0.00273140478314	0.000424790790536	0.000424790790536	3.82311711482e-05	2.54874474321e-05	2.97353553375e-05	2.97353553375e-05	2.97353553375e-05	4.24790790536e-06	4.24790790536e-05	8.49581581071e-06	4.24790790536e-06
0.00128286818742	9.34539739178e-05	0.000305849369186	0	0.000123189329255	2.97353553375e-05	0.000407799158914	0.000875069028503	0.000909052291746	8.92060660125e-05	0.000773119238775	0.029310564547	0.000853829488977	0.00606176458094	0.00506350622319	4.24790790536e-05	2.12395395268e-05	0.00104923325262	0.00131260354276	0.00601078968608	0.000862325304787	0.000335584724523	6.37186185803e-05	0.000488509409116	0.000280361921754	0.00268892570409	0.00997833566968	0.00135508262181	0.000794358778302	0.00742959092647	0.000522492672359	0.000331336816618	5.09748948643e-05	0.000981266726137	0.0122934454781	8.49581581071e-06	0.000229387026889	4.24790790536e-05	0	3.39832632429e-05	0	2.54874474321e-05	4.24790790536e-05	3.39832632429e-05	0.000212395395268	5.9470710675e-05	0.00143154496411	4.67269869589e-05	0.0016651798989	3.39832632429e-05	0	1.69916316214e-05	4.67269869589e-05	0.000178412132025	7.64623422964e-05	5.09748948643e-05	1.27437237161e-05	2.12395395268e-05	2.12395395268e-05	0.000199651671552	0.000977018818232	0.000879316936409	0.000305849369186	0.000106197697634	2.54874474321e-05	2.54874474321e-05	7.22144343911e-05	4.24790790536e-06	0	0.000148676776687	0.0017458901491	0.00533962023703	0.00828342041545	0.000709400620195	5.09748948643e-05	1.27437237161e-05	0.000671169449046	7.64623422964e-05	0.00077736714668	0.000208147487362	3.39832632429e-05	0	4.24790790536e-06	0.000344080540334
0.00101100208147	8.49581581071e-06	2.54874474321e-05	0	0.00233210144004	0.000110445605539	0.00623592880506	0.00114268722654	0.00220041629497	0.000671169449046	0.00436684932671	0.000853829488977	0.0306486555371	6.37186185803e-05	0.00463021961684	0.000463021961684	1.27437237161e-05	5.9470710675e-05	2.12395395268e-05	0.000288857737564	0.0126757571896	9.34539739178e-05	1.27437237161e-05	0.000148676776687	0.00298627925747	6.79665264857e-05	0.000378063803577	5.52228027696e-05	0.00297353553375	0.00344930121915	0.00017416422412	0	4.67269869589e-05	0.000505501040737	0.00284185038868	4.24790790536e-06	1.69916316214e-05	0	0	0.000246378658511	0	0.00053098848817	1.27437237161e-05	0.000267618198037	0.000267618198037	0.000972770910327	5.09748948643e-05	0.00425640372117	3.82311711482e-05	0.000123189329255	2.54874474321e-05	0	4.24790790536e-06	4.24790790536e-06	1.27437237161e-05	0.00194129391275	8.49581581071e-06	4.24790790536e-06	4.24790790536e-06	0.000259122382227	2.12395395268e-05	2.97353553375e-05	8.49581581071e-06	7.22144343911e-05	5.52228027696e-05	0	0	8.49581581071e-06	0	5.52228027696e-05	0.000403551251009	0.000233634934795	0.00180960876768	0.000212395395268	0.00108746442377	3.39832632429e-05	4.24790790536e-06	4.24790790536e-05	4.24790790536e-05	7.64623422964e-05	1.27437237161e-05	5.09748948643e-05	1.69916316214e-05	1.27437237161e-05
0.00011894142135	5.9470710675e-05	8.07102502018e-05	0	1.27437237161e-05	2.12395395268e-05	6.37186185803e-05	6.79665264857e-05	0.000161420500404	1.27437237161e-05	8.07102502018e-05	0.00606176458094	6.37186185803e-05	0.0146850176288	0.000632938277898	8.49581581071e-06	1.27437237161e-05	8.49581581071e-05	0.000123189329255	0.000352576356145	8.07102502018e-05	7.64623422964e-05	2.97353553375e-05	0.000114693513445	2.12395395268e-05	0.00374665477252	0.00418843719468	0.00156747801708	5.9470710675e-05	0.000900556475936	5.52228027696e-05	0.00076887133087	1.69916316214e-05	6.79665264857e-05	0.00138906588505	0	8.92060660125e-05	8.49581581071e-06	0	0	0	1.27437237161e-05	8.49581581071e-06	2.12395395268e-05	4.67269869589e-05	1.69916316214e-05	0.00117667048978	1.27437237161e-05	0.00175863387282	2.12395395268e-05	0	4.24790790536e-06	8.49581581071e-06	0.000110445605539	5.09748948643e-05	1.27437237161e-05	4.24790790536e-06	8.49581581071e-06	4.24790790536e-06	3.82311711482e-05	0.000947283462895	0.000535236396075	0.000178412132025	2.12395395268e-05	1.27437237161e-05	4.24790790536e-06	9.77018818232e-05	0	0	0.000186907947836	0.000310097277091	0.0026974215199	0.00163969245147	0.000314345184996	1.69916316214e-05	4.24790790536e-06	0.000989762541948	7.64623422964e-05	0.000573467567223	0.000263370290132	6.79665264857e-05	8.49581581071e-06	0	0.000480013593305
0.0186143324413	0.000157172592498	0.00256998428274	0	0.000751879699248	0.000688161080668	0.00596406269912	0.0118091839769	0.0197187884967	0.000836837857355	0.00792234824349	0.00506350622319	0.00463021961684	0.000632938277898	0.0549976636507	0.000348328448239	0.000276114013848	0.00148251985897	0.000178412132025	0.00137632216134	0.00426065162907	0.00489783781488	0.000314345184996	0.00568794868527	0.00202200416295	0.000339832632429	0.00256148846693	0.000862325304787	0.00733613695255	0.027466972516	0.0085680302451	2.12395395268e-05	0.000556475935602	0.00294804808632	0.0157469946052	5.52228027696e-05	0.000114693513445	5.52228027696e-05	0	0.000365320079861	4.24790790536e-06	0.000195403763646	0.000250626566416	0.000148676776687	0.00165668408309	0.000607450830466	0.000216643303173	0.000552228027696	0.000220891211079	0.000131685145066	2.54874474321e-05	5.52228027696e-05	3.39832632429e-05	3.39832632429e-05	2.97353553375e-05	0.000560723843507	5.09748948643e-05	6.37186185803e-05	5.9470710675e-05	0.00183934412302	9.77018818232e-05	0.000186907947836	0.000101949789729	0.000692408988573	6.37186185803e-05	6.79665264857e-05	1.27437237161e-05	4.24790790536e-06	0	8.07102502018e-05	0.00271441315152	0.00123189329255	0.00980841935347	0.00130410772694	0.000785862962491	0.000203899579457	0.000127437237161	9.77018818232e-05	0.000148676776687	0.000131685145066	0	8.49581581071e-05	1.69916316214e-05	5.09748948643e-05
8.92060660125e-05	1.69916316214e-05	0.000106197697634	0	2.12395395268e-05	0.00123614120046	0.00194129391275	0.000280361921754	0.000369567987766	0.000123189329255	0.000203899579457	4.24790790536e-05	0.000463021961684	8.49581581071e-06	0.000348328448239	0.00645257210824	8.49581581071e-05	2.12395395268e-05	0	8.49581581071e-06	0.000110445605539	0.00018266003993	8.49581581071e-05	0.00042054288263	0.000242130750605	0	2.54874474321e-05	9.34539739178e-05	0.000263370290132	0.000399303343104	0.00017416422412	0	0.000114693513445	0.000144428868782	0.00042054288263	0	1.69916316214e-05	2.12395395268e-05	0	4.24790790536e-06	0	0	1.27437237161e-05	8.49581581071e-06	5.09748948643e-05	4.24790790536e-06	0	2.54874474321e-05	0	8.49581581071e-06	0	1.69916316214e-05	1.27437237161e-05	0	0	1.27437237161e-05	1.27437237161e-05	3.82311711482e-05	1.69916316214e-05	5.52228027696e-05	0	8.49581581071e-06	2.54874474321e-05	4.24790790536e-05	0	0	0	0	0	1.27437237161e-05	0.000327088908712	8.07102502018e-05	0.000611698738371	0.000590459198845	0.00376789431205	3.39832632429e-05	0	3.39832632429e-05	1.69916316214e-05	4.24790790536e-05	5.09748948643e-05	4.24790790536e-06	0	0
0.000220891211079	0.000998258357759	0.000730640159721	0	2.54874474321e-05	1.27437237161e-05	2.54874474321e-05	0.000446030330062	0.000123189329255	0.00177562550444	5.9470710675e-05	2.12395395268e-05	1.27437237161e-05	1.27437237161e-05	0.000276114013848	8.49581581071e-05	0.0236565991249	0.00029310564547	0	3.82311711482e-05	8.49581581071e-06	0.00584087336987	0.0123953952678	0.0100420542883	0.00839811392889	6.37186185803e-05	0.000216643303173	0.00355125100888	0.0031731872053	0.000671169449046	0.00132959517438	0	4.24790790536e-06	0.000569219659318	0.00148251985897	6.37186185803e-05	0.000101949789729	0.000114693513445	0	3.82311711482e-05	0	6.37186185803e-05	0.000212395395268	9.77018818232e-05	0.00176288178072	8.92060660125e-05	4.24790790536e-06	2.97353553375e-05	8.49581581071e-06	0.000106197697634	0	0.000870821120598	6.79665264857e-05	0	0	2.54874474321e-05	0.000819846225734	0.00223439955822	0.000628690369993	0.000645682001614	1.27437237161e-05	3.82311711482e-05	0.000199651671552	0.00107472070006	0.000106197697634	0.000739135975532	0	0	2.54874474321e-05	0.000225139118984	0.00251900938788	0.000960027186611	0.00124888492417	0.000679665264857	5.52228027696e-05	1.27437237161e-05	1.27437237161e-05	0.000267618198037	6.79665264857e-05	0.00018266003993	6.79665264857e-05	2.97353553375e-05	2.54874474321e-05	0
0.00211545813687	0.00110445605539	0.0127437237161	0	8.49581581071e-06	1.27437237161e-05	5.9470710675e-05	0.000637186185803	0.00041204706682	4.67269869589e-05	7.22144343911e-05	0.00104923325262	5.9470710675e-05	8.49581581071e-05	0.00148251985897	2.12395395268e-05	0.00029310564547	0.0326069410815	2.54874474321e-05	0.00395905016779	7.22144343911e-05	0.00551803236906	0.000569219659318	0.013601801113	0.000186907947836	9.77018818232e-05	0.0118559109639	0.00668195913513	0.000917548107557	0.00197102926809	0.00418843719468	4.24790790536e-06	8.49581581071e-06	0.000446030330062	0.00453251773502	0	0.00138057006924	0.000454526145873	0	4.24790790536e-06	0	8.49581581071e-06	2.54874474321e-05	3.82311711482e-05	8.92060660125e-05	2.12395395268e-05	9.77018818232e-05	8.49581581071e-06	7.22144343911e-05	2.54874474321e-05	0	3.82311711482e-05	0.000395055435198	8.49581581071e-05	0.000220891211079	8.49581581071e-06	7.22144343911e-05	0.000186907947836	0.000152924684593	3.82311711482e-05	0.000127437237161	0.000828342041545	0.000913300199652	6.37186185803e-05	1.27437237161e-05	2.12395395268e-05	8.49581581071e-06	4.24790790536e-06	0	0.000267618198037	0.00266768616456	0.00201775625504	0.00306274159976	0.00114693513445	4.24790790536e-05	8.49581581071e-06	3.82311711482e-05	0.00017416422412	0.00011894142135	0.000220891211079	8.92060660125e-05	1.69916316214e-05	2.12395395268e-05	8.49581581071e-06
3.39832632429e-05	0	1.27437237161e-05	0	4.24790790536e-06	0	1.27437237161e-05	2.12395395268e-05	2.54874474321e-05	0	4.24790790536e-06	0.00131260354276	2.12395395268e-05	0.000123189329255	0.000178412132025	0	0	2.54874474321e-05	0.0024552907693	0.00114268722654	3.39832632429e-05	1.69916316214e-05	0	2.97353553375e-05	1.27437237161e-05	0.000110445605539	0.00107896860796	7.64623422964e-05	3.39832632429e-05	0.000229387026889	2.54874474321e-05	8.49581581071e-06	0	4.24790790536e-05	0.000369567987766	0	1.27437237161e-05	0	0	4.24790790536e-06	0	0	0	0	8.49581581071e-06	4.24790790536e-06	4.24790790536e-05	4.24790790536e-06	0.000114693513445	0	0	0	4.24790790536e-06	4.24790790536e-06	4.24790790536e-06	4.24790790536e-06	0	0	4.24790790536e-06	1.69916316214e-05	8.92060660125e-05	6.37186185803e-05	5.52228027696e-05	4.24790790536e-06	0	0	2.12395395268e-05	0	0	8.49581581071e-06	5.9470710675e-05	0.000254874474321	0.000242130750605	2.12395395268e-05	0	0	1.27437237161e-05	1.27437237161e-05	2.97353553375e-05	8.49581581071e-06	4.24790790536e-06	0	0	1.27437237161e-05
0.000547980119791	0.000216643303173	0.000454526145873	0	1.27437237161e-05	4.24790790536e-06	0.000135933052971	0.000361072171955	0.00017416422412	2.97353553375e-05	0.000263370290132	0.00601078968608	0.000288857737564	0.000352576356145	0.00137632216134	8.49581581071e-06	3.82311711482e-05	0.00395905016779	0.00114268722654	0.0176712968863	0.000310097277091	0.000335584724523	6.79665264857e-05	0.000654177817425	7.64623422964e-05	0.000497005224927	0.0103903827365	0.00167792362262	0.000310097277091	0.002064483242	0.000322841000807	3.82311711482e-05	4.24790790536e-06	0.000467269869589	0.00587910454101	4.24790790536e-06	0.000543732211886	3.39832632429e-05	0	2.12395395268e-05	0	1.27437237161e-05	8.49581581071e-06	1.27437237161e-05	7.22144343911e-05	4.24790790536e-05	0.000361072171955	2.54874474321e-05	0.00053948430398	1.27437237161e-05	0	2.12395395268e-05	5.09748948643e-05	0.000178412132025	0.000157172592498	3.39832632429e-05	2.97353553375e-05	2.54874474321e-05	2.97353553375e-05	8.49581581071e-05	0.000564971751412	0.00111719977911	0.000547980119791	5.9470710675e-05	8.49581581071e-06	1.27437237161e-05	4.67269869589e-05	0	0	0.000101949789729	0.00130835563485	0.0019030627416	0.00320292256064	0.000441782422157	1.69916316214e-05	0	3.82311711482e-05	6.79665264857e-05	0.00011894142135	9.34539739178e-05	2.12395395268e-05	4.24790790536e-06	0	3.39832632429e-05
0.00169491525424	8.49581581071e-06	3.39832632429e-05	0	0.0056327258825	0.000123189329255	0.00234909307166	0.00127862027951	0.00160995709613	0.00041204706682	0.00377214221996	0.000862325304787	0.0126757571896	8.07102502018e-05	0.00426065162907	0.000110445605539	8.49581581071e-06	7.22144343911e-05	3.39832632429e-05	0.000310097277091	0.0235121702561	9.34539739178e-05	1.69916316214e-05	0.000101949789729	0.00424365999745	7.22144343911e-05	0.000403551251009	7.64623422964e-05	0.00485535873582	0.00371691941719	0.000229387026889	0	3.39832632429e-05	0.000981266726137	0.00315194766577	0	2.97353553375e-05	0	0	0.000233634934795	0	8.07102502018e-05	1.27437237161e-05	6.37186185803e-05	0.000480013593305	0.000543732211886	3.39832632429e-05	0.00083258994945	2.97353553375e-05	2.97353553375e-05	8.49581581071e-06	0	4.24790790536e-06	4.24790790536e-06	1.27437237161e-05	0.0010279937131	4.24790790536e-06	4.24790790536e-06	0	0.000547980119791	2.12395395268e-05	2.12395395268e-05	8.49581581071e-06	7.64623422964e-05	1.69916316214e-05	0	0	0	0	2.54874474321e-05	0.000429038698441	0.000229387026889	0.00208572278153	0.000233634934795	0.000352576356145	3.39832632429e-05	2.97353553375e-05	2.97353553375e-05	2.54874474321e-05	3.82311711482e-05	8.49581581071e-06	2.54874474321e-05	4.24790790536e-06	8.49581581071e-06
0.00685612335925	0.00029310564547	0.00725117879444	0	7.22144343911e-05	6.79665264857e-05	0.000199651671552	0.00444755957691	0.0015887175566	0.000734888067627	0.000369567987766	0.000335584724523	9.34539739178e-05	7.64623422964e-05	0.00489783781488	0.00018266003993	0.00584087336987	0.00551803236906	1.69916316214e-05	0.000335584724523	9.34539739178e-05	0.0607663225861	0.00522067881568	0.0393356272036	0.00202625207086	4.67269869589e-05	0.00180111295187	0.00234484516376	0.00826642878382	0.00892485450915	0.0221655834502	8.49581581071e-06	4.67269869589e-05	0.00564122169831	0.00770145703241	0.00011894142135	0.000157172592498	0.000178412132025	0	0.000123189329255	0	0.000144428868782	0.000327088908712	0.000242130750605	0.00232360562423	0.000165668408309	2.12395395268e-05	0.000114693513445	2.54874474321e-05	0.000131685145066	4.24790790536e-06	0.000836837857355	8.07102502018e-05	1.27437237161e-05	3.39832632429e-05	0.000106197697634	0.00118516630559	0.00214519349221	0.000569219659318	0.000930291831273	2.54874474321e-05	0.000135933052971	0.000254874474321	0.00146977613525	0.000161420500404	0.00107896860796	0	0	2.12395395268e-05	0.00029310564547	0.00408648740495	0.00166093199099	0.00579839429081	0.00271016524362	9.34539739178e-05	4.67269869589e-05	4.24790790536e-05	0.000382311711482	0.000131685145066	0.000314345184996	0.000110445605539	9.34539739178e-05	5.52228027696e-05	8.49581581071e-06
0.000259122382227	0.00430737861603	0.00236608470328	0	1.27437237161e-05	1.69916316214e-05	2.12395395268e-05	0.000416294974725	0.000101949789729	0.00453251773502	5.9470710675e-05	6.37186185803e-05	1.27437237161e-05	2.97353553375e-05	0.000314345184996	8.49581581071e-05	0.0123953952678	0.000569219659318	0	6.79665264857e-05	1.69916316214e-05	0.00522067881568	0.0340384860456	0.0121914956884	0.00617645809439	0.000344080540334	0.000615946646277	0.0112102289622	0.0021409455843	0.000802854594112	0.00145703241154	0	4.24790790536e-06	0.000688161080668	0.00164818826728	0.000123189329255	0.000569219659318	0.0004757656854	0	4.67269869589e-05	0	0.000148676776687	0.00029310564547	0.000229387026889	0.00308822904719	0.000123189329255	2.54874474321e-05	5.9470710675e-05	2.97353553375e-05	0.000208147487362	2.12395395268e-05	0.00383586083854	0.00017416422412	8.49581581071e-06	3.82311711482e-05	2.12395395268e-05	0.00241705959815	0.0105220678816	0.0027738838622	0.00124463701627	2.97353553375e-05	0.00011894142135	0.00188182320207	0.00199651671552	0.000263370290132	0.00161420500404	0	0	5.52228027696e-05	0.000700904804384	0.00220041629497	0.000972770910327	0.00122764538465	0.000628690369993	0.000161420500404	1.27437237161e-05	1.69916316214e-05	0.000679665264857	0.000254874474321	0.000607450830466	0.000220891211079	0.000131685145066	7.64623422964e-05	1.27437237161e-05
0.00726392251816	0.00123614120046	0.0263582685527	0	5.9470710675e-05	8.92060660125e-05	0.000297353553375	0.00497430015717	0.00194978972856	0.000692408988573	0.000492757317021	0.000488509409116	0.000148676776687	0.000114693513445	0.00568794868527	0.00042054288263	0.0100420542883	0.013601801113	2.97353553375e-05	0.000654177817425	0.000101949789729	0.0393356272036	0.0121914956884	0.0984155303513	0.00244254704558	8.49581581071e-05	0.00359797799584	0.0197910029311	0.00742959092647	0.00695807314897	0.0146722739051	4.24790790536e-06	4.67269869589e-05	0.00321141837645	0.0101185166306	8.07102502018e-05	0.000790110870396	0.000811350409923	0	9.34539739178e-05	0	0.000123189329255	0.000191155855741	0.000186907947836	0.00118091839769	0.000135933052971	5.09748948643e-05	9.34539739178e-05	3.39832632429e-05	0.00011894142135	1.27437237161e-05	0.00410772694448	0.000297353553375	3.39832632429e-05	7.64623422964e-05	8.92060660125e-05	0.00206873114991	0.0104541013551	0.00378913385158	0.00076887133087	3.82311711482e-05	0.000271866105943	0.00190731064951	0.0010279937131	0.000199651671552	0.00104923325262	4.24790790536e-06	0	2.97353553375e-05	0.000968523002421	0.0114651034366	0.00493606898602	0.0115033346077	0.00720020389958	0.000348328448239	9.77018818232e-05	8.92060660125e-05	0.00103648952891	0.000424790790536	0.000900556475936	0.000450278237968	0.000233634934795	0.000110445605539	1.27437237161e-05
0.00159296546451	0.000866573212693	0.000471517777495	0	0.0111082791725	2.54874474321e-05	0.000424790790536	0.00798606686207	0.00088781275222	0.0096767342084	0.00210696232106	0.000280361921754	0.00298627925747	2.12395395268e-05	0.00202200416295	0.000242130750605	0.00839811392889	0.000186907947836	1.27437237161e-05	7.64623422964e-05	0.00424365999745	0.00202625207086	0.00617645809439	0.00244254704558	0.0508899367062	7.64623422964e-05	0.000250626566416	0.00160570918822	0.0255681576823	0.00407374368124	0.00444755957691	0	1.27437237161e-05	0.00246378658511	0.00408223949705	0.000106197697634	0.00011894142135	4.67269869589e-05	0	0.00175013805701	0	0.000590459198845	0.000802854594112	0.000560723843507	0.00749330954505	0.00147827195106	3.82311711482e-05	0.00178412132025	3.39832632429e-05	0.000403551251009	8.49581581071e-05	0.000157172592498	3.39832632429e-05	4.24790790536e-06	4.24790790536e-06	0.00210271441315	0.000259122382227	0.000505501040737	0.000123189329255	0.00648230746357	2.54874474321e-05	4.67269869589e-05	0.000110445605539	0.00227687863727	0.000178412132025	0.00041204706682	0	0	1.69916316214e-05	0.00029310564547	0.00211121022896	0.000480013593305	0.00243829913767	0.000747631791343	0.00110445605539	2.97353553375e-05	8.49581581071e-06	0.000314345184996	5.52228027696e-05	0.000305849369186	4.24790790536e-05	0.000148676776687	7.22144343911e-05	4.24790790536e-06
5.9470710675e-05	0.000853829488977	3.39832632429e-05	0	8.49581581071e-06	0	1.69916316214e-05	4.67269869589e-05	5.9470710675e-05	0.000110445605539	5.09748948643e-05	0.00268892570409	6.79665264857e-05	0.00374665477252	0.000339832632429	0	6.37186185803e-05	9.77018818232e-05	0.000110445605539	0.000497005224927	7.22144343911e-05	4.67269869589e-05	0.000344080540334	8.49581581071e-05	7.64623422964e-05	0.0109043795931	0.00300327088909	0.00218342466335	7.64623422964e-05	0.000509748948643	1.69916316214e-05	0.000152924684593	8.49581581071e-06	5.09748948643e-05	0.000862325304787	4.24790790536e-06	0.00029310564547	4.24790790536e-06	0	4.24790790536e-06	0	4.24790790536e-06	4.24790790536e-06	1.27437237161e-05	3.39832632429e-05	1.69916316214e-05	0.0017416422412	1.27437237161e-05	0.00202625207086	1.69916316214e-05	0	4.24790790536e-06	4.24790790536e-06	0.000106197697634	6.79665264857e-05	2.12395395268e-05	4.24790790536e-06	8.49581581071e-06	4.24790790536e-06	2.97353553375e-05	0.0015887175566	0.000662673633236	0.00029310564547	2.12395395268e-05	8.49581581071e-06	4.24790790536e-06	7.22144343911e-05	0	0	0.000169916316214	0.00017416422412	0.00176288178072	0.000853829488977	8.92060660125e-05	4.24790790536e-06	4.24790790536e-06	0.000815598317828	2.97353553375e-05	0.000815598317828	0.000225139118984	1.69916316214e-05	8.49581581071e-06	0	0.000785862962491
0.00141455333248	0.00502952295994	0.0104923325262	0	5.9470710675e-05	1.27437237161e-05	0.000225139118984	0.000692408988573	0.000450278237968	0.000195403763646	0.000403551251009	0.00997833566968	0.000378063803577	0.00418843719468	0.00256148846693	2.54874474321e-05	0.000216643303173	0.0118559109639	0.00107896860796	0.0103903827365	0.000403551251009	0.00180111295187	0.000615946646277	0.00359797799584	0.000250626566416	0.00300327088909	0.0767681916656	0.0269954547385	0.00064992990952	0.00394205853617	0.00162694872775	0.00100250626566	1.69916316214e-05	0.00083258994945	0.0102502017756	1.69916316214e-05	0.00986789006414	0.000590459198845	0	1.69916316214e-05	0	6.37186185803e-05	5.52228027696e-05	8.07102502018e-05	0.000191155855741	7.64623422964e-05	0.00242555541396	7.22144343911e-05	0.00321991419226	9.77018818232e-05	0	9.34539739178e-05	0.00157597383289	0.00115543095026	0.00209846650525	3.39832632429e-05	0.000165668408309	0.000199651671552	0.000352576356145	0.000208147487362	0.0045197740113	0.00890361496963	0.0069750647806	0.00011894142135	7.22144343911e-05	9.77018818232e-05	0.000254874474321	0	0	0.00145703241154	0.00584512127777	0.00836837857355	0.00763349050593	0.00154623847755	5.09748948643e-05	1.27437237161e-05	0.000140180960877	0.000900556475936	0.0011894142135	0.00136782634552	0.00030160146128	4.24790790536e-05	2.54874474321e-05	0.000208147487362
0.000726392251816	0.0163926766068	0.021320249777	0	1.27437237161e-05	2.12395395268e-05	5.09748948643e-05	0.000463021961684	0.000212395395268	0.00116817467397	0.000101949789729	0.00135508262181	5.52228027696e-05	0.00156747801708	0.000862325304787	9.34539739178e-05	0.00355125100888	0.00668195913513	7.64623422964e-05	0.00167792362262	7.64623422964e-05	0.00234484516376	0.0112102289622	0.0197910029311	0.00160570918822	0.00218342466335	0.0269954547385	0.0870353850729	0.000981266726137	0.00129136400323	0.00112994350282	0.000191155855741	8.49581581071e-06	0.000399303343104	0.00502102714413	5.09748948643e-05	0.0125143366892	0.0038061254832	0	1.69916316214e-05	0	4.67269869589e-05	5.9470710675e-05	0.000114693513445	0.000208147487362	3.82311711482e-05	0.000726392251816	1.69916316214e-05	0.000934539739178	7.22144343911e-05	4.24790790536e-06	0.00180536085978	0.00257848009855	0.000458774053779	0.00117242258188	8.49581581071e-06	0.00107047279215	0.0069028503462	0.00312221231044	0.000199651671552	0.00164394035937	0.0049955396967	0.00932840576016	0.000233634934795	0.000106197697634	0.000233634934795	5.9470710675e-05	8.49581581071e-06	8.49581581071e-06	0.00188182320207	0.00739135975532	0.00540333885561	0.00497430015717	0.00202625207086	0.000110445605539	2.12395395268e-05	4.67269869589e-05	0.00131685145066	0.00106197697634	0.00142304914829	0.000433286606346	0.000110445605539	3.82311711482e-05	8.49581581071e-05
0.00675417356952	0.000246378658511	0.00176712968863	0	0.00716622063634	8.49581581071e-05	0.00119366212141	0.0315831952763	0.00312646021834	0.00612548319952	0.00922220806253	0.000794358778302	0.00297353553375	5.9470710675e-05	0.00733613695255	0.000263370290132	0.0031731872053	0.000917548107557	3.39832632429e-05	0.000310097277091	0.00485535873582	0.00826642878382	0.0021409455843	0.00742959092647	0.0255681576823	7.64623422964e-05	0.00064992990952	0.000981266726137	0.0737351854212	0.0103776390128	0.0163884286989	4.24790790536e-06	4.24790790536e-05	0.00572617985642	0.00854254279767	0.000195403763646	6.37186185803e-05	4.24790790536e-05	0	0.00223015165031	0	0.000866573212693	0.00124888492417	0.000858077396882	0.0102119706045	0.00234059725585	7.64623422964e-05	0.00246803449301	5.09748948643e-05	0.000590459198845	8.49581581071e-05	0.000127437237161	3.82311711482e-05	1.69916316214e-05	2.12395395268e-05	0.00297353553375	0.0002378828427	0.000386559619387	0.000127437237161	0.00851705535024	2.12395395268e-05	4.67269869589e-05	9.77018818232e-05	0.00346204494287	0.000229387026889	0.000509748948643	0	8.49581581071e-06	1.69916316214e-05	0.00042054288263	0.00300327088909	0.000679665264857	0.00546280956629	0.0012658765558	0.000824094133639	4.67269869589e-05	3.82311711482e-05	0.00053098848817	7.22144343911e-05	0.000556475935602	9.77018818232e-05	0.000314345184996	0.000101949789729	1.69916316214e-05
0.0127224841765	0.000259122382227	0.00224289537403	0	0.00113419141073	0.000921796015462	0.00344080540334	0.0127777069793	0.00767172167707	0.00190731064951	0.00534386814494	0.00742959092647	0.00344930121915	0.000900556475936	0.027466972516	0.000399303343104	0.000671169449046	0.00197102926809	0.000229387026889	0.002064483242	0.00371691941719	0.00892485450915	0.000802854594112	0.00695807314897	0.00407374368124	0.000509748948643	0.00394205853617	0.00129136400323	0.0103776390128	0.0678093538932	0.0194256828512	2.54874474321e-05	0.00121065375303	0.0204069495773	0.0342381377172	0.000106197697634	0.000186907947836	7.22144343911e-05	0	0.000696656896478	0	0.000480013593305	0.000590459198845	0.000509748948643	0.00374665477252	0.000764623422964	0.000331336816618	0.000862325304787	0.000310097277091	0.000310097277091	2.97353553375e-05	9.77018818232e-05	5.09748948643e-05	5.09748948643e-05	4.67269869589e-05	0.000705152712289	0.000135933052971	0.000161420500404	0.000101949789729	0.00347478866658	0.000152924684593	0.00030160146128	0.00011894142135	0.00176288178072	0.000123189329255	0.00029310564547	8.49581581071e-06	4.24790790536e-06	8.49581581071e-06	0.000233634934795	0.006822140096	0.00218767257126	0.0199906546026	0.0035682426405	0.000628690369993	0.000463021961684	0.000229387026889	0.000314345184996	0.000250626566416	0.000365320079861	2.97353553375e-05	0.000208147487362	5.52228027696e-05	6.79665264857e-05
