0.0242266905517	0	0	0	1.91591068024e-05	0	0.00121660328195	0.00934006456619	0.00572857293393	0	0.00031612526224	0	0	0	0.0114571458679	0	0	0	0	0	9.57955340122e-06	0	0	0.000306545708839	0.000910057573116	0	0	0	0.0113517707804	0.0116583164893	0.0149153646457	0	0	0	9.57955340122e-06	0	0	0	0	0	0	0	0	0	0	0	0	0	0	0	0	0	0	0	0	0	0	0	0	0	0	0	0	0	0	0	0	0	0	0	9.57955340122e-06	0	0	0	0	0	0	0	0	0	0	0	0	0
0	0.0251367481248	0.00172431961222	0	0	0	0	1.91591068024e-05	0	0.00260563852513	0	0	0	0.000143693301018	0	0	0.000450239009857	2.87386602037e-05	0	4.78977670061e-05	0	0	0.0078264951288	7.66364272098e-05	0.00586268668155	0.00485683357442	0.00488557223462	0.0224832118327	3.83182136049e-05	0	0	0	0	0	0.00031612526224	0	0.014062784393	0	0	9.57955340122e-06	0	0	0	0	0.000910057573116	0	2.87386602037e-05	6.70568738085e-05	0.000201170621426	0	9.57955340122e-06	2.87386602037e-05	9.57955340122e-06	2.87386602037e-05	2.87386602037e-05	0	9.57955340122e-06	0.00190633112684	1.91591068024e-05	0.000929216679918	0.000325704815641	0.001551887651	0.0124438398682	4.78977670061e-05	0	0	0	0	0	0.000162852407821	0	0	0.000354443475845	4.78977670061e-05	0	0	0	0.000431079903055	0.000296966155438	0.000373602582648	0.000124534194216	0	0	0
0	0.00172431961222	0.038892986809	0	0	0	0	0	0	9.57955340122e-05	0	0	0	0	0	0	9.57955340122e-06	0.0170516050542	0	3.83182136049e-05	0	4.78977670061e-05	0.000114954640815	0.0192261636762	5.74773204073e-05	0	0.0070984490703	0.0231633601242	2.87386602037e-05	0	0	0	0	0	0.000220329728228	0	0.00413836706933	0	0	9.57955340122e-06	0	0	0	0	0	0	0	0	0	0	0	0.000134113747617	0	0	0	0	0	0.00070888695169	0.000344863922444	0.000143693301018	0	0	0.00405215108872	0.000239488835031	0	0	0	0	0	0	0.000680148291487	0.000143693301018	0.00176263782582	0.00177221737923	0	0	0	0.000555614097271	0.000421500349654	7.66364272098e-05	3.83182136049e-05	0	0	0
0	0	0	0	0	0	0	0	0	0	0	0	0	0	0	0	0	0	0	0	0	0	0	0	0	0	0	0	0	0	0	0	0	0	0	0	0	0	0	0	0	0	0	0	0	0	0	0	0	0	0	0	0	0	0	0	0	0	0	0	0	0	0	0	0	0	0	0	0	0	0	0	0	0	0	0	0	0	0	0	0	0	0	0
1.91591068024e-05	0	0	0	0.0165726273841	0	0.000565193650672	3.83182136049e-05	0.000526875437067	0.00353485520505	0.000459818563259	0	0.00301755932138	0	0.000526875437067	0	0	0	0	0	0.00504842464244	0	0	0	0.00896646198354	0	0	0	0.00510590196285	0.000670568738085	0	0	0	9.57955340122e-06	0.000584352757474	0	0	0	0	0.00440659456456	0	0	9.57955340122e-06	0	0.00292176378737	0.000565193650672	9.57955340122e-06	0.000641830077882	0	1.91591068024e-05	0	9.57955340122e-06	0	0	2.87386602037e-05	0.00249068388432	0	0	0	0.00287386602037	0	0	0	0.00207876308806	0.000105375087413	0	0	0	0	7.66364272098e-05	0.000660989184684	0	8.6215980611e-05	0	0	0	0	9.57955340122e-06	9.57955340122e-06	4.78977670061e-05	0	0	0	0
0	0	0	0	0	0.00195422889385	0.000229909281629	0	9.57955340122e-05	8.6215980611e-05	0	0	0	0	0	0.000565193650672	0	0	0	0	0	0	0	0	9.57955340122e-05	0	0	0	5.74773204073e-05	0	9.57955340122e-06	0	0.000565193650672	9.57955340122e-06	0.000239488835031	0	0	0	0	0	0	0	0	0	9.57955340122e-06	0	0	0	0	0	0	0	0	0	0	0	0	0	0	0	0	0	0	0	0	0	0	0	0	0	2.87386602037e-05	0	4.78977670061e-05	3.83182136049e-05	0.000890898466314	0.000431079903055	0	9.57955340122e-06	0	0	0	0	0	0
0.00121660328195	0	0	0	0.000565193650672	0.000229909281629	0.0255199302609	0.0094358601002	0.0149057850923	0	0.0109206908774	0.000565193650672	0.00387971912749	0.000277807048635	0.00638956211861	0.000114954640815	0	0	0	0	0.00138903524318	0	0	0	0.000105375087413	0	0.000641830077882	0	0.00522085660367	0.00175305827242	0.000191591068024	0.000258647941833	7.66364272098e-05	3.83182136049e-05	0.000795102932301	0	0	0	0	0	0	0	0	0	0	0	0	0	0	0	0	0	0	0	0	0	0	0	0	0	0	0	0	0	0	0	0	0	0	0	0	9.57955340122e-06	7.66364272098e-05	9.57955340122e-06	4.78977670061e-05	1.91591068024e-05	0	0	0	0	0	0	0	0
0.00934006456619	1.91591068024e-05	0	0	3.83182136049e-05	0	0.0094358601002	0.063081359147	0.0129132379848	9.57955340122e-05	0.0143310118882	0.000747205165295	0	1.91591068024e-05	0.0136317044899	4.78977670061e-05	0	0	0.00031612526224	0.000574773204073	0.000249068388432	0.000910057573116	0	0.00108248953434	0.000967534893523	0	0.000124534194216	0	0.0390079414498	0.0119361235379	0.0217072680072	9.57955340122e-06	0	0.00440659456456	0.00399467376831	0	3.83182136049e-05	0	0	0.00110164864114	0	3.83182136049e-05	0.000737625611894	4.78977670061e-05	0.0031708321758	0.000229909281629	4.78977670061e-05	0	0	0	9.57955340122e-06	0	0	0	0	0.000459818563259	0	0	0	0.0031133548554	0	0	0	0.00177221737923	1.91591068024e-05	0	0	0	9.57955340122e-06	6.70568738085e-05	0.000364023029246	9.57955340122e-06	0.0023565701367	0.000804682485703	0	8.6215980611e-05	0	0.000268227495234	4.78977670061e-05	0.000143693301018	9.57955340122e-06	2.87386602037e-05	0.000124534194216	0
0.00572857293393	0	0	0	0.000526875437067	9.57955340122e-05	0.0149057850923	0.0129132379848	0.0297924110778	0	0.00836295011927	0	0.00250026343772	0	0.0154997174032	0.000105375087413	0	0	0	0	0.00125492149556	0	0	0	0.000134113747617	0	0	0	0.00821925681825	0.00240446790371	0.00177221737923	0	0.000210750174827	4.78977670061e-05	4.78977670061e-05	0	0	0	0	0	0	0	0	0	0	0	0	0	0	0	0	0	0	0	0	0	0	0	0	0	0	0	0	0	0	0	0	0	0	0	1.91591068024e-05	0	4.78977670061e-05	9.57955340122e-06	0	0	0	0	0	0	0	0	0	0
0	0.00260563852513	9.57955340122e-05	0	0.00353485520505	8.6215980611e-05	0	9.57955340122e-05	0	0.0211037561429	9.57955340122e-06	0	0.00186801291324	0	0	0.00109206908774	0.000229909281629	0	0	0	0.00226077460269	4.78977670061e-05	0.00595848221556	0	0.0136891818103	0.000191591068024	0.000325704815641	0.00278765003976	0.00640872122542	0.000593932310876	1.91591068024e-05	0	0	1.91591068024e-05	0.000478977670061	0	4.78977670061e-05	0	0	0.00258647941833	0	4.78977670061e-05	0.000325704815641	0	0.00683022157507	9.57955340122e-06	0	0.000478977670061	0	0	0.000105375087413	0.00142735345678	0	0	0	0.00167642184521	0	0.00167642184521	0	0.00666736916725	0	1.91591068024e-05	1.91591068024e-05	0.00318041172921	0	0	0	0	0	0	0.000593932310876	0	5.74773204073e-05	4.78977670061e-05	0.00195422889385	0	0	0	0	0	0	0	0	0
0.00031612526224	0	0	0	0.000459818563259	0	0.0109206908774	0.0143310118882	0.00836295011927	9.57955340122e-06	0.0306641504373	0.00127408060236	0.000201170621426	0.000268227495234	0.00919637126517	9.57955340122e-06	0	0	0.000699307398289	0.00046939811666	0.00164768318501	0	0	0	0	0	0.00106333042754	1.91591068024e-05	0.0114188276543	0.00618839149719	0	0.000162852407821	9.57955340122e-06	0.00122618283536	0.00373602582648	0	0	0	0	9.57955340122e-06	0	0	0	0	9.57955340122e-06	0	0	0	9.57955340122e-06	0	0	0	0	0	0	9.57955340122e-06	0	0	0	9.57955340122e-06	0	0	0	9.57955340122e-06	0	0	0	0	0	0	0.000114954640815	5.74773204073e-05	0.0023757292435	0.000172431961222	0	9.57955340122e-06	0	0	0	0	0	0	0	0
0	0	0	0	0	0	0.000565193650672	0.000747205165295	0	0	0.00127408060236	0.0224832118327	0.000680148291487	0.00427248081694	0.00303671842819	0	0	0	0.00151356943739	0.00692601710908	0.00142735345678	0.000881318912912	0	0.000881318912912	0	0.000210750174827	0.00371686671967	0.000287386602037	0.000919637126517	0.00521127705026	0	0.000843000699307	0.000613091417678	1.91591068024e-05	0.0129132379848	0	0	0	0	0	0	0	0	0	0	0	0	0	4.78977670061e-05	0	0	0	0	0	6.70568738085e-05	0	0	0	0	0	0	9.57955340122e-05	0.00015327285442	0	0	0	0	0	0	0	0.00133155792277	0.00223203594248	0.00526875437067	0.000498136776863	0	0	0.000268227495234	0	3.83182136049e-05	9.57955340122e-06	0	0	0	0
0	0	0	0	0.00301755932138	0	0.00387971912749	0	0.00250026343772	0.00186801291324	0.000201170621426	0.000680148291487	0.0157008880246	0.000124534194216	0.0046844016132	0.000574773204073	0	0	0	0	0.00872697314851	0	0	0	0.00113038730134	0	0.000536454990468	0	0.000296966155438	0.00290260468057	0	0.00015327285442	3.83182136049e-05	0	0.00196380844725	0	0	0	0	0	0	0	0	0	0	2.87386602037e-05	0	0.000526875437067	0	0	0	0	0	0	0	0	0	0	0	0	0	0	0	0	0	0	0	0	0	0	2.87386602037e-05	0	0.000555614097271	0	0.000373602582648	0	0	9.57955340122e-06	9.57955340122e-06	0	0	0	0	0
0	0.000143693301018	0	0	0	0	0.000277807048635	1.91591068024e-05	0	0	0.000268227495234	0.00427248081694	0.000124534194216	0.021870120415	0.000526875437067	0	9.57955340122e-06	0	0	0	0.000450239009857	9.57955340122e-06	0	9.57955340122e-06	9.57955340122e-06	0.00370728716627	0.00140819434998	0.00844916609988	0.000124534194216	0.00105375087413	0	0.00257689986493	0.000172431961222	0	0.00129323970916	0	0	0	0	0	0	0	0	0	0	0	0.00146567167039	0	0.00454070831218	0	0	0	0	0	0	0	0	0	0	0	0.00257689986493	0.000613091417678	0.000114954640815	0	0	0	9.57955340122e-06	0	0	0	0.003151673069	0.00544118633189	0.00369770761287	0.00054603454387	0	0	0.000373602582648	0	0.00296008200098	0	0	0	0	0.00133155792277
0.0114571458679	0	0	0	0.000526875437067	0	0.00638956211861	0.0136317044899	0.0154997174032	0	0.00919637126517	0.00303671842819	0.0046844016132	0.000526875437067	0.0443341731408	2.87386602037e-05	0	0	0.000593932310876	0.000766364272098	0.00461734473939	0	0	0.00015327285442	0.000114954640815	0	0.00209792219487	1.91591068024e-05	0.0148483077719	0.0221862456772	0.0106141451686	0.000498136776863	0.000498136776863	0.000977114446924	0.0047227198268	0	0	0	0	1.91591068024e-05	0	0	0	0	0.000114954640815	7.66364272098e-05	0	0	0	0	0	0	0	0	0	8.6215980611e-05	0	0	0	0.000114954640815	0	0	0	1.91591068024e-05	9.57955340122e-06	0	0	0	0	9.57955340122e-06	0.000172431961222	9.57955340122e-06	0.000728046058493	0	0	0	0	9.57955340122e-06	0	0	0	0	0	0
0	0	0	0	0	0.000565193650672	0.000114954640815	4.78977670061e-05	0.000105375087413	0.00109206908774	9.57955340122e-06	0	0.000574773204073	0	2.87386602037e-05	0.00669610782745	0	0	0	0	0	0	0	0	0.00355401431185	0	0	0	0.00103459176733	1.91591068024e-05	6.70568738085e-05	0	0	7.66364272098e-05	7.66364272098e-05	0	0	0	0	0	0	0	0	0	5.74773204073e-05	1.91591068024e-05	0	0	0	0	0	0	0	0	0	9.57955340122e-06	0	0	0	1.91591068024e-05	0	0	0	0	0	0	0	0	0	0	9.57955340122e-06	0	7.66364272098e-05	6.70568738085e-05	0.00589142534175	0	0	1.91591068024e-05	0	9.57955340122e-06	9.57955340122e-06	0	9.57955340122e-06	0
0	0.000450239009857	9.57955340122e-06	0	0	0	0	0	0	0.000229909281629	0	0	0	9.57955340122e-06	0	0	0.0149824215195	0	0	0	0	0.00218413817548	0.00827673413865	0.00451196965197	0.00382224180709	0	9.57955340122e-06	0.00372644627307	0.000728046058493	0	0	0	0	0	9.57955340122e-06	0	0	0	0	0	0	0	0	0	3.83182136049e-05	0	0	0	0	0	0	0.0039563555547	0	0	0	0	5.74773204073e-05	0.0055178227591	0.00169558095202	0.00207876308806	0	0	0	0.0023565701367	0	0	0	0	0	0	0.000756784718696	1.91591068024e-05	0.000143693301018	0.000134113747617	0	0	0	6.70568738085e-05	6.70568738085e-05	0	0	0	0	0
0	2.87386602037e-05	0.0170516050542	0	0	0	0	0	0	0	0	0	0	0	0	0	0	0.0295241835826	0	0.0038892986809	0	0.000967534893523	0	0.0147716713447	0	0	0.0055082432057	0.0163043998889	9.57955340122e-05	0	0.000134113747617	0	0	0	0.00399467376831	0	9.57955340122e-05	0	0	0	0	0	0	0	2.87386602037e-05	0	9.57955340122e-06	0	0	0	0	0	0	0	0	0	0	2.87386602037e-05	2.87386602037e-05	0	0	2.87386602037e-05	0.000105375087413	9.57955340122e-06	0	0	0	0	0	9.57955340122e-06	0	9.57955340122e-06	0.000622670971079	0.00015327285442	0	0	0	8.6215980611e-05	0.00015327285442	1.91591068024e-05	1.91591068024e-05	9.57955340122e-06	0	0
0	0	0	0	0	0	0	0.00031612526224	0	0	0.000699307398289	0.00151356943739	0	0	0.000593932310876	0	0	0	0.00502926553564	0.000747205165295	0.000641830077882	0	0	0	0	0.000105375087413	0.00335284369043	0.00150398988399	0.000402341242851	0.00151356943739	0	9.57955340122e-06	0	0	0.00191591068024	0	0	0	0	0	0	0	0	0	0	0	9.57955340122e-06	0	0	0	0	0	0	0	0	0	0	0	0	0	4.78977670061e-05	1.91591068024e-05	0.000105375087413	0	0	0	0	0	0	9.57955340122e-06	0	0	0.00151356943739	9.57955340122e-06	0	0	0	9.57955340122e-06	4.78977670061e-05	9.57955340122e-06	0	9.57955340122e-06	0	0
0	4.78977670061e-05	3.83182136049e-05	0	0	0	0	0.000574773204073	0	0	0.00046939811666	0.00692601710908	0	0	0.000766364272098	0	0	0.0038892986809	0.000747205165295	0.0189004588606	6.70568738085e-05	0.00162852407821	0	0.00190633112684	0	4.78977670061e-05	0.00934006456619	0.00353485520505	0.000699307398289	0.000910057573116	0	0	0	0	0.011198497926	0	0.000210750174827	0	0	0	0	0	0	0	6.70568738085e-05	0	1.91591068024e-05	0	0	0	0	0	0	0	0	0	0	5.74773204073e-05	0	9.57955340122e-06	9.57955340122e-06	0.000498136776863	0.000651409631283	2.87386602037e-05	0	0	0	0	0	1.91591068024e-05	0.000134113747617	0.000114954640815	0.00462692429279	9.57955340122e-06	0	0	0	0.000191591068024	0.000373602582648	1.91591068024e-05	0	1.91591068024e-05	0	0
9.57955340122e-06	0	0	0	0.00504842464244	0	0.00138903524318	0.000249068388432	0.00125492149556	0.00226077460269	0.00164768318501	0.00142735345678	0.00872697314851	0.000450239009857	0.00461734473939	0	0	0	0.000641830077882	6.70568738085e-05	0.0165726273841	0	0	0	0.00117828506835	0	0.00212666085507	6.70568738085e-05	0.0023278314765	0.00616923239039	0	0.000277807048635	1.91591068024e-05	0.000268227495234	0.00520169749686	0	0	0	0	0	0	0	0	0	0	0	0	0.00015327285442	0	0	0	0	0	0	0	0	0	0	0	0	0	0	0	0	0	0	0	0	0	0	4.78977670061e-05	0	0.0031420935156	4.78977670061e-05	0	0	0	9.57955340122e-06	9.57955340122e-06	0	0	0	0	0
0	0	4.78977670061e-05	0	0	0	0	0.000910057573116	0	4.78977670061e-05	0	0.000881318912912	0	9.57955340122e-06	0	0	0.00218413817548	0.000967534893523	0	0.00162852407821	0	0.0549004205424	0.000737625611894	0.0388450890419	0.000852580252709	0	0.000900478019715	0.000843000699307	0.00963703072163	9.57955340122e-05	0.01740604853	0	0	0.000220329728228	0.0148770464321	0	0.000287386602037	0	0	0	0	0	0	0	7.66364272098e-05	0	0	0	0	0	0	0.000957955340122	0	0	0	0	9.57955340122e-06	0.00130281926257	0	0.000766364272098	0	0.000162852407821	0.000162852407821	0.00120702372855	0	0	0	0	0	0	0.000957955340122	1.91591068024e-05	0.00972324670224	0.00133155792277	5.74773204073e-05	9.57955340122e-06	0	0.000354443475845	0.000296966155438	0	0	0	0	0
0	0.0078264951288	0.000114954640815	0	0	0	0	0	0	0.00595848221556	0	0	0	0	0	0	0.00827673413865	0	0	0	0	0.000737625611894	0.0291314218931	0.00198296755405	0.0134688520821	0.00257689986493	0.000948375786721	0.0114954640815	0.00265353629214	0	0	0	0	0	0	0	0.00113996685475	0	0	0	0	0	0	0	0.00410962840912	0	0	0.000411920796252	0	0	0	0.00801808619682	0	0	0	0	3.83182136049e-05	0.0115816800621	0.00188717202004	0.00601595953597	0	0.000296966155438	0.00182969469963	0.00434911724415	0	0	0	0	0	0	0	9.57955340122e-06	0	5.74773204073e-05	0	0	0	0	0	0	0	0	0	0
0.000306545708839	7.66364272098e-05	0.0192261636762	0	0	0	0	0.00108248953434	0	0	0	0.000881318912912	0	9.57955340122e-06	0.00015327285442	0	0.00451196965197	0.0147716713447	0	0.00190633112684	0	0.0388450890419	0.00198296755405	0.0956805793714	8.6215980611e-05	0	0.00340074145743	0.0161607065879	0.00695475576929	6.70568738085e-05	0.0131144086063	0	0	0	0.0168504344327	0	0.00046939811666	0	0	0	0	0	0	0	9.57955340122e-05	0	0	0	0	0	0	0.00326662770982	0	0	0	0	8.6215980611e-05	0.00454070831218	0.00175305827242	0.00138903524318	0	0.000344863922444	0.000421500349654	0.00145609211699	0	0	0	0	0	0	0.00477061759381	0.000795102932301	0.0187088677926	0.00836295011927	8.6215980611e-05	0.000105375087413	0	0.000613091417678	0.000517295883666	2.87386602037e-05	1.91591068024e-05	0	0	0
0.000910057573116	0.00586268668155	5.74773204073e-05	0	0.00896646198354	9.57955340122e-05	0.000105375087413	0.000967534893523	0.000134113747617	0.0136891818103	0	0	0.00113038730134	9.57955340122e-06	0.000114954640815	0.00355401431185	0.00382224180709	0	0	0	0.00117828506835	0.000852580252709	0.0134688520821	8.6215980611e-05	0.0591250035923	0.0023469905833	0.00093879623332	0.00669610782745	0.0251463276782	0.00411920796252	0.0031612526224	9.57955340122e-06	1.91591068024e-05	0.00201170621426	0.00681106246827	0	0.000373602582648	0	0	0.00365938939927	0	1.91591068024e-05	0.000747205165295	9.57955340122e-06	0.0119169644311	6.70568738085e-05	0	7.66364272098e-05	0	0	0	0.0015806263112	0	0	0	0.00180095603943	0	0.00257689986493	0	0.0124917376352	0	0.000296966155438	0.000296966155438	0.00888982555633	1.91591068024e-05	0	0	0	9.57955340122e-06	9.57955340122e-06	0.00122618283536	1.91591068024e-05	0.00432995813735	0.00265353629214	0.00453112875878	3.83182136049e-05	0	0.000134113747617	3.83182136049e-05	3.83182136049e-05	0	0	3.83182136049e-05	0
0	0.00485683357442	0	0	0	0	0	0	0	0.000191591068024	0	0.000210750174827	0	0.00370728716627	0	0	0	0	0.000105375087413	4.78977670061e-05	0	0	0.00257689986493	0	0.0023469905833	0.0139286706454	0.0023853087969	0.0103075994597	0	0	0	0	0	0	0.000172431961222	0	0.00129323970916	0	0	0	0	0	0	0	1.91591068024e-05	0	0.000555614097271	0	0.00120702372855	0	0	0	0	0	0.000105375087413	0	0	1.91591068024e-05	0	1.91591068024e-05	0.00291218423397	0.00112080774794	0.00225119504929	0	0	0	0	0	0	1.91591068024e-05	0	0.000229909281629	0.000287386602037	0	0	0	0.000201170621426	5.74773204073e-05	0.000651409631283	2.87386602037e-05	0	1.91591068024e-05	0	0.000450239009857
0	0.00488557223462	0.0070984490703	0	0	0	0.000641830077882	0.000124534194216	0	0.000325704815641	0.00106333042754	0.00371686671967	0.000536454990468	0.00140819434998	0.00209792219487	0	9.57955340122e-06	0.0055082432057	0.00335284369043	0.00934006456619	0.00212666085507	0.000900478019715	0.000948375786721	0.00340074145743	0.00093879623332	0.0023853087969	0.0580233549512	0.0318999128261	0.00031612526224	0.0038892986809	0	0.00106333042754	0	9.57955340122e-06	0.00936880322639	0	0.00582436846794	0	0	0	0	9.57955340122e-06	0	9.57955340122e-06	0.000277807048635	0	2.87386602037e-05	9.57955340122e-06	0	9.57955340122e-06	1.91591068024e-05	9.57955340122e-06	0	0	0.000565193650672	0	0	0.000239488835031	4.78977670061e-05	0.000182011514623	0.00109206908774	0.00387013957409	0.00679190336147	3.83182136049e-05	0	0	0	0	0	3.83182136049e-05	0.00427248081694	0.00453112875878	0.00736667656554	0.00199254710745	0	0	0	0.000804682485703	0.000603511864277	0.000201170621426	0.000191591068024	2.87386602037e-05	0	0
0	0.0224832118327	0.0231633601242	0	0	0	0	0	0	0.00278765003976	1.91591068024e-05	0.000287386602037	0	0.00844916609988	1.91591068024e-05	0	0.00372644627307	0.0163043998889	0.00150398988399	0.00353485520505	6.70568738085e-05	0.000843000699307	0.0114954640815	0.0161607065879	0.00669610782745	0.0103075994597	0.0318999128261	0.118412859592	0.000124534194216	0.000239488835031	0	0.000526875437067	0	0	0.00219371772888	0	0.0226269051337	0	0	9.57955340122e-06	0	1.91591068024e-05	0	9.57955340122e-06	0.000268227495234	0	0.00131239881597	1.91591068024e-05	0.00382224180709	9.57955340122e-06	2.87386602037e-05	0.00563277739992	9.57955340122e-06	2.87386602037e-05	0.000593932310876	0	1.91591068024e-05	0.0107099407026	0.00280680914656	0.000344863922444	0.00430121947715	0.0054795045455	0.0246960886683	0.00031612526224	0	0	4.78977670061e-05	0	0	0.000201170621426	0.010911111324	0.00843958654648	0.00674400559446	0.00594890266216	0	0	0	0.00152314899079	0.00432995813735	0.00070888695169	0.000383182136049	1.91591068024e-05	0	0.00112080774794
0.0113517707804	3.83182136049e-05	2.87386602037e-05	0	0.00510590196285	5.74773204073e-05	0.00522085660367	0.0390079414498	0.00821925681825	0.00640872122542	0.0114188276543	0.000919637126517	0.000296966155438	0.000124534194216	0.0148483077719	0.00103459176733	0.000728046058493	9.57955340122e-05	0.000402341242851	0.000699307398289	0.0023278314765	0.00963703072163	0.00265353629214	0.00695475576929	0.0251463276782	0	0.00031612526224	0.000124534194216	0.107492168715	0.0260468056979	0.0326566975448	4.78977670061e-05	1.91591068024e-05	0.00843000699307	0.0196668231327	0	0.000162852407821	0	0	0.00578605025434	0	7.66364272098e-05	0.00123576238876	4.78977670061e-05	0.0182107310157	0.000325704815641	4.78977670061e-05	0.00015327285442	9.57955340122e-06	0	2.87386602037e-05	0.00204044487446	0	0	0	0.00249068388432	1.91591068024e-05	0.00258647941833	3.83182136049e-05	0.0173389916562	0	0	2.87386602037e-05	0.0121947714798	2.87386602037e-05	0	0	0	9.57955340122e-06	7.66364272098e-05	0.00296966155438	9.57955340122e-05	0.0128366015576	0.00609259596318	0.00149441033059	0.000191591068024	0	0.000747205165295	0.000421500349654	0.000162852407821	1.91591068024e-05	4.78977670061e-05	0.000124534194216	0
0.0116583164893	0	0	0	0.000670568738085	0	0.00175305827242	0.0119361235379	0.00240446790371	0.000593932310876	0.00618839149719	0.00521127705026	0.00290260468057	0.00105375087413	0.0221862456772	1.91591068024e-05	0	0	0.00151356943739	0.000910057573116	0.00616923239039	9.57955340122e-05	0	6.70568738085e-05	0.00411920796252	0	0.0038892986809	0.000239488835031	0.0260468056979	0.0632921093219	0.0242266905517	0.000613091417678	0.00318999128261	0.00889940510973	0.0223969958521	0	1.91591068024e-05	0	0	0.000747205165295	0	9.57955340122e-05	0	2.87386602037e-05	0.00122618283536	0.000277807048635	0.000114954640815	0.000182011514623	1.91591068024e-05	2.87386602037e-05	0.000124534194216	1.91591068024e-05	0	0	0	0.000718466505092	9.57955340122e-06	0.000105375087413	0	0.00111122819454	0	0.000105375087413	0.000114954640815	0.000603511864277	9.57955340122e-06	0	0	0	0	0.000124534194216	0.00663863050705	0.000843000699307	0.0100106333043	0.00137945568978	9.57955340122e-06	0.000249068388432	9.57955340122e-06	0.000383182136049	0.000296966155438	9.57955340122e-05	0	4.78977670061e-05	0	0
0.0149153646457	0	0	0	0	9.57955340122e-06	0.000191591068024	0.0217072680072	0.00177221737923	1.91591068024e-05	0	0	0	0	0.0106141451686	6.70568738085e-05	0	0.000134113747617	0	0	0	0.01740604853	0	0.0131144086063	0.0031612526224	0	0	0	0.0326566975448	0.0242266905517	0.0741553228788	0	3.83182136049e-05	0.00755826763356	0.00937838277979	0	0	0	0	0.000335284369043	0	7.66364272098e-05	0	0.000124534194216	0.00116870551495	0.000258647941833	2.87386602037e-05	0	1.91591068024e-05	0.000105375087413	0.000134113747617	9.57955340122e-06	0	0	9.57955340122e-06	0.000431079903055	9.57955340122e-06	0	0	0.000699307398289	0	9.57955340122e-05	7.66364272098e-05	0.000210750174827	9.57955340122e-06	0	0	0	0	3.83182136049e-05	0.000507716330265	9.57955340122e-06	0.00280680914656	0.00130281926257	0	0.000143693301018	0	0.000325704815641	7.66364272098e-05	0.000210750174827	4.78977670061e-05	0.000105375087413	8.6215980611e-05	0
0	0	0	0	0	0	0.000258647941833	9.57955340122e-06	0	0	0.000162852407821	0.000843000699307	0.00015327285442	0.00257689986493	0.000498136776863	0	0	0	9.57955340122e-06	0	0.000277807048635	0	0	0	9.57955340122e-06	0	0.00106333042754	0.000526875437067	4.78977670061e-05	0.000613091417678	0	0.00291218423397	0	0	0.000689727844888	0	0	0	0	0	0	0	0	0	0	0	0	0	0	0	0	0	0	0	0	0	0	0	0	0	0	0	0	0	0	0	0	0	0	0	0.000766364272098	0.000814262039104	0.00102501221393	0.000114954640815	0	0	0	0	0	0	0	0	0	0
0	0	0	0	0	0.000565193650672	7.66364272098e-05	0	0.000210750174827	0	9.57955340122e-06	0.000613091417678	3.83182136049e-05	0.000172431961222	0.000498136776863	0	0	0	0	0	1.91591068024e-05	0	0	0	1.91591068024e-05	0	0	0	1.91591068024e-05	0.00318999128261	3.83182136049e-05	0	0.00586268668155	1.91591068024e-05	0.00325704815641	0	0	0	0	0	0	0	0	0	3.83182136049e-05	0	0	0	0	0	0	0	0	0	0	0	0	0	0	0	0	0	0	0	0	0	0	0	0	0	0.0015806263112	0.000105375087413	0.00215539951527	0.000507716330265	0	0.00119744417515	9.57955340122e-06	9.57955340122e-06	0	2.87386602037e-05	0	0	0	0
0	0	0	0	9.57955340122e-06	9.57955340122e-06	3.83182136049e-05	0.00440659456456	4.78977670061e-05	1.91591068024e-05	0.00122618283536	1.91591068024e-05	0	0	0.000977114446924	7.66364272098e-05	0	0	0	0	0.000268227495234	0.000220329728228	0	0	0.00201170621426	0	9.57955340122e-06	0	0.00843000699307	0.00889940510973	0.00755826763356	0	1.91591068024e-05	0.0114667254213	0.00767322227438	0	0	0	0	0.000335284369043	0	3.83182136049e-05	2.87386602037e-05	3.83182136049e-05	0.00119744417515	0.000258647941833	1.91591068024e-05	0	0	1.91591068024e-05	1.91591068024e-05	0	0	0	9.57955340122e-06	0.000431079903055	0	0	0	0.000756784718696	0	9.57955340122e-06	9.57955340122e-06	0.000239488835031	2.87386602037e-05	0	0	0	1.91591068024e-05	4.78977670061e-05	0.000191591068024	0	0.00495262910843	0.00162852407821	0	0.000114954640815	0	0.000201170621426	9.57955340122e-06	0.000229909281629	4.78977670061e-05	9.57955340122e-06	0.000105375087413	0
9.57955340122e-06	0.00031612526224	0.000220329728228	0	0.000584352757474	0.000239488835031	0.000795102932301	0.00399467376831	4.78977670061e-05	0.000478977670061	0.00373602582648	0.0129132379848	0.00196380844725	0.00129323970916	0.0047227198268	7.66364272098e-05	9.57955340122e-06	0.00399467376831	0.00191591068024	0.011198497926	0.00520169749686	0.0148770464321	0	0.0168504344327	0.00681106246827	0.000172431961222	0.00936880322639	0.00219371772888	0.0196668231327	0.0223969958521	0.00937838277979	0.000689727844888	0.00325704815641	0.00767322227438	0.0698253647415	0	0.000823841592505	0	0	0.000641830077882	0	6.70568738085e-05	3.83182136049e-05	0.000124534194216	0.00213624040847	9.57955340122e-05	3.83182136049e-05	0.000105375087413	9.57955340122e-06	9.57955340122e-05	0.000114954640815	3.83182136049e-05	0	0	9.57955340122e-05	0.000402341242851	9.57955340122e-06	0.000191591068024	0	0.00127408060236	0	0.000574773204073	0.000718466505092	0.000603511864277	1.91591068024e-05	0	0	0	1.91591068024e-05	5.74773204073e-05	0.00592974355536	0.000728046058493	0.0343714376036	0.00590100489515	3.83182136049e-05	0.00116870551495	1.91591068024e-05	0.00132197836937	0.000871739359511	0.000306545708839	5.74773204073e-05	0.000114954640815	8.6215980611e-05	0
0	0	0	0	0	0	0	0	0	0	0	0	0	0	0	0	0	0	0	0	0	0	0	0	0	0	0	0	0	0	0	0	0	0	0	0.0160361723936	0	0	0	0	0	0.000162852407821	0.0118211688971	0.00112080774794	0	2.87386602037e-05	0	9.57955340122e-06	0	0.00572857293393	0	0	0.000843000699307	0	0	9.57955340122e-06	0	0	0.00342948011764	0.00193506978705	0	0	0	0.00361149163226	0.00298882066118	0.00448323099177	0	0	0	0.00093879623332	0	0	0	0	0	0	0	7.66364272098e-05	0	0.00197338800065	0.000162852407821	9.57955340122e-06	2.87386602037e-05	0
0	0.014062784393	0.00413836706933	0	0	0	0	3.83182136049e-05	0	4.78977670061e-05	0	0	0	0	0	0	0	9.57955340122e-05	0	0.000210750174827	0	0.000287386602037	0.00113996685475	0.00046939811666	0.000373602582648	0.00129323970916	0.00582436846794	0.0226269051337	0.000162852407821	1.91591068024e-05	0	0	0	0	0.000823841592505	0	0.0366896895267	0	0	0.000268227495234	0	0	0	0	0.00541244767169	0	3.83182136049e-05	0.000268227495234	0.00113038730134	0	1.91591068024e-05	0.00178179693263	9.57955340122e-06	2.87386602037e-05	0.000344863922444	0	1.91591068024e-05	0.0131239881597	8.6215980611e-05	0.00663863050705	0.00409046930232	0.00278765003976	0.0310569121268	0.000450239009857	0	0	0	0	0	0.000172431961222	0.000335284369043	1.91591068024e-05	0.000948375786721	8.6215980611e-05	0	0	0	0.00163810363161	0.00139861479658	0.000459818563259	0.000191591068024	9.57955340122e-06	0	0
0	0	0	0	0	0	0	0	0	0	0	0	0	0	0	0	0	0	0	0	0	0	0	0	0	0	0	0	0	0	0	0	0	0	0	0	0	0.0231250419105	0	0	0	0	0	0	0	0	4.78977670061e-05	0	0	0	0	0	0.00752952897336	1.91591068024e-05	0.00105375087413	0	2.87386602037e-05	0	0.00729004013833	0	0	0.00839168877947	0.00478019714721	0	0	0	0	0	0	0.000239488835031	0	0	0	0	0	0	0	0	0	0.000220329728228	0	0	0	0
0	0	0	0	0	0	0	0	0	0	0	0	0	0	0	0	0	0	0	0	0	0	0	0	0	0	0	0	0	0	0	0	0	0	0	0	0	0	0	0	0	0	0	0	0	0	0	0	0	0	0	0	0	0	0	0	0	0	0	0	0	0	0	0	0	0	0	0	0	0	0	0	0	0	0	0	0	0	0	0	0	0	0	0
0	9.57955340122e-06	9.57955340122e-06	0	0.00440659456456	0	0	0.00110164864114	0	0.00258647941833	9.57955340122e-06	0	0	0	1.91591068024e-05	0	0	0	0	0	0	0	0	0	0.00365938939927	0	0	9.57955340122e-06	0.00578605025434	0.000747205165295	0.000335284369043	0	0	0.000335284369043	0.000641830077882	0	0.000268227495234	0	0	0.0254720324938	0	0.000718466505092	0.000507716330265	0.000344863922444	0.0101351674985	0.00202128576766	0.000201170621426	0.00426290126354	1.91591068024e-05	0.000804682485703	0.00031612526224	0	0	9.57955340122e-06	0.000517295883666	0.0120702372855	0	0.000296966155438	0	0.0130760903927	9.57955340122e-06	5.74773204073e-05	0.000191591068024	0.0137945568978	0.00209792219487	0	0	0	0	0.00226077460269	0.000804682485703	2.87386602037e-05	0.000239488835031	8.6215980611e-05	0	0	0	0.000890898466314	0.00015327285442	0.00161894452481	0.000105375087413	0	0.000249068388432	0
0	0	0	0	0	0	0	0	0	0	0	0	0	0	0	0	0	0	0	0	0	0	0	0	0	0	0	0	0	0	0	0	0	0	0	0	0	0	0	0	0.00344863922444	0.000967534893523	1.91591068024e-05	0.000383182136049	0.000488557223462	0	0	0.00015327285442	0	0	0.00207876308806	0	0	0	0	0	0	0	0	0.000411920796252	0	0	0	0.000335284369043	0	0	0	0.000526875437067	0	0	0	0	0	0	0	0	0	0	0	0	0	0.000229909281629	0.000804682485703	0
0	0	0	0	0	0	0	3.83182136049e-05	0	4.78977670061e-05	0	0	0	0	0	0	0	0	0	0	0	0	0	0	1.91591068024e-05	0	9.57955340122e-06	1.91591068024e-05	7.66364272098e-05	9.57955340122e-05	7.66364272098e-05	0	0	3.83182136049e-05	6.70568738085e-05	0.000162852407821	0	0	0	0.000718466505092	0.000967534893523	0.0410962840912	0.00776901780839	0.0166875820249	0.000488557223462	0.0237956106486	0.00401383287511	0.0101064288383	1.91591068024e-05	0.00438743545776	0.00297924110778	0	0	0.000613091417678	4.78977670061e-05	0.00600637998257	0	0	0	0.00109206908774	0	0.00131239881597	1.91591068024e-05	0.00923468947878	0.0023565701367	0	1.91591068024e-05	0.00120702372855	0.000306545708839	0.00449281054517	0.000182011514623	1.91591068024e-05	2.87386602037e-05	1.91591068024e-05	0	0	0	0.00242362701051	1.91591068024e-05	0.00541244767169	0.00107290998094	0.00272059316595	0.00242362701051	0
0	0	0	0	9.57955340122e-06	0	0	0.000737625611894	0	0.000325704815641	0	0	0	0	0	0	0	0	0	0	0	0	0	0	0.000747205165295	0	0	0	0.00123576238876	0	0	0	0	2.87386602037e-05	3.83182136049e-05	0.0118211688971	0	0	0	0.000507716330265	1.91591068024e-05	0.00776901780839	0.0760520744523	0.00900478019715	0.00152314899079	0.0133922156549	0.000143693301018	0.00194464934045	0	0.0129036584314	0.000641830077882	0	0.00186801291324	0	0.000383182136049	0.000344863922444	0.00351569609825	0	0.012798283344	0.0104033949937	0	0.000201170621426	0.000182011514623	0.037724281294	0.00722298326452	0.0161990248015	0	0	0.00150398988399	0.00272059316595	0	0	3.83182136049e-05	3.83182136049e-05	0	0	0	0.000182011514623	0	0.00337200279723	0.000201170621426	7.66364272098e-05	0.000105375087413	0
0	0	0	0	0	0	0	4.78977670061e-05	0	0	0	0	0	0	0	0	0	0	0	0	0	0	0	0	9.57955340122e-06	0	9.57955340122e-06	9.57955340122e-06	4.78977670061e-05	2.87386602037e-05	0.000124534194216	0	0	3.83182136049e-05	0.000124534194216	0.00112080774794	0	0	0	0.000344863922444	0.000383182136049	0.0166875820249	0.00900478019715	0.0367663259539	0.000536454990468	0.0100681106247	0.000526875437067	0.00150398988399	0	0.0142160572474	0.00272059316595	0	0.000191591068024	0	0	0.00407131019552	0	0	0.000747205165295	0.001551887651	0	8.6215980611e-05	7.66364272098e-05	0.00902393930395	0.000737625611894	0.00117828506835	0	0.000900478019715	3.83182136049e-05	0.00115912596155	0.000239488835031	0	2.87386602037e-05	1.91591068024e-05	0	0	0	0.00356359386525	8.6215980611e-05	0.00288344557377	0.0015327285442	0.00367854850607	0.0023853087969	0
0	0.000910057573116	0	0	0.00292176378737	9.57955340122e-06	0	0.0031708321758	0	0.00683022157507	9.57955340122e-06	0	0	0	0.000114954640815	5.74773204073e-05	3.83182136049e-05	2.87386602037e-05	0	6.70568738085e-05	0	7.66364272098e-05	0.00410962840912	9.57955340122e-05	0.0119169644311	1.91591068024e-05	0.000277807048635	0.000268227495234	0.0182107310157	0.00122618283536	0.00116870551495	0	3.83182136049e-05	0.00119744417515	0.00213624040847	0	0.00541244767169	0	0	0.0101351674985	0.000488557223462	0.000488557223462	0.00152314899079	0.000536454990468	0.0463171406949	0.000670568738085	0.000124534194216	0.00920595081857	0.000287386602037	0.000210750174827	0.00641830077882	0.00223203594248	0	0	5.74773204073e-05	0.00459818563259	0	0.0118978053243	0	0.0408567952562	0.00102501221393	0.000364023029246	0.00376476448668	0.0195231298317	4.78977670061e-05	0	0	0	2.87386602037e-05	0.000172431961222	0.00175305827242	9.57955340122e-06	0.00115912596155	0.000775943825499	0	4.78977670061e-05	0	0.0023565701367	0.000804682485703	0.000459818563259	6.70568738085e-05	0.00102501221393	0.000411920796252	0
0	0	0	0	0.000565193650672	0	0	0.000229909281629	0	9.57955340122e-06	0	0	2.87386602037e-05	0	7.66364272098e-05	1.91591068024e-05	0	0	0	0	0	0	0	0	6.70568738085e-05	0	0	0	0.000325704815641	0.000277807048635	0.000258647941833	0	0	0.000258647941833	9.57955340122e-05	2.87386602037e-05	0	0	0	0.00202128576766	0	0.0237956106486	0.0133922156549	0.0100681106247	0.000670568738085	0.0578605025434	0.00534539079788	0.0152123308011	4.78977670061e-05	0.00808514307063	0.00070888695169	0	0	0.00141777390338	0.0031420935156	0.0154997174032	0	0	0	0.000957955340122	0	0.00227993370949	9.57955340122e-06	0.0100106333043	0.00599680042916	0	8.6215980611e-05	0	0	0.00880360957572	9.57955340122e-05	9.57955340122e-06	8.6215980611e-05	5.74773204073e-05	0	0	0	0.000364023029246	0	0.00876529136212	5.74773204073e-05	9.57955340122e-05	8.6215980611e-05	0
0	2.87386602037e-05	0	0	9.57955340122e-06	0	0	4.78977670061e-05	0	0	0	0	0	0.00146567167039	0	0	0	9.57955340122e-06	9.57955340122e-06	1.91591068024e-05	0	0	0	0	0	0.000555614097271	2.87386602037e-05	0.00131239881597	4.78977670061e-05	0.000114954640815	2.87386602037e-05	0	0	1.91591068024e-05	3.83182136049e-05	0	3.83182136049e-05	4.78977670061e-05	0	0.000201170621426	0	0.00401383287511	0.000143693301018	0.000526875437067	0.000124534194216	0.00534539079788	0.0332314707488	0.00386056002069	0.00479935625401	0.00305587753499	0.000364023029246	2.87386602037e-05	0	0.00562319784652	0.00251942254452	0.0031420935156	0.000249068388432	0	0.00015327285442	0.000296966155438	0.00149441033059	0.00508674285605	0.000325704815641	0.000641830077882	0.00292176378737	0	0.000641830077882	0.00086215980611	0	0.0164480931899	0.000134113747617	6.70568738085e-05	1.91591068024e-05	1.91591068024e-05	0	0	0	0.000967534893523	0.00307503664179	0.00915805305157	0.00015327285442	0.000373602582648	0	0.00279722959316
0	6.70568738085e-05	0	0	0.000641830077882	0	0	0	0	0.000478977670061	0	0	0.000526875437067	0	0	0	0	0	0	0	0.00015327285442	0	0.000411920796252	0	7.66364272098e-05	0	9.57955340122e-06	1.91591068024e-05	0.00015327285442	0.000182011514623	0	0	0	0	0.000105375087413	9.57955340122e-06	0.000268227495234	0	0	0.00426290126354	0.00015327285442	0.0101064288383	0.00194464934045	0.00150398988399	0.00920595081857	0.0152123308011	0.00386056002069	0.0323118336223	3.83182136049e-05	0.0023278314765	0.00615007328358	0	0	0.00127408060236	0.00108248953434	0.0122139305866	0	0.00124534194216	0	0.00825757503185	9.57955340122e-06	0.00205960398126	7.66364272098e-05	0.00623628926419	0.000881318912912	0	4.78977670061e-05	0	3.83182136049e-05	0.00404257153532	7.66364272098e-05	1.91591068024e-05	3.83182136049e-05	0	0	0	0	7.66364272098e-05	9.57955340122e-06	0.00485683357442	0	0.000114954640815	9.57955340122e-06	0
0	0.000201170621426	0	0	0	0	0	0	0	0	9.57955340122e-06	4.78977670061e-05	0	0.00454070831218	0	0	0	0	0	0	0	0	0	0	0	0.00120702372855	0	0.00382224180709	9.57955340122e-06	1.91591068024e-05	1.91591068024e-05	0	0	0	9.57955340122e-06	0	0.00113038730134	0	0	1.91591068024e-05	0	1.91591068024e-05	0	0	0.000287386602037	4.78977670061e-05	0.00479935625401	3.83182136049e-05	0.0138328751114	0	1.91591068024e-05	9.57955340122e-06	0	4.78977670061e-05	0	9.57955340122e-06	9.57955340122e-06	0.000287386602037	0	0.000296966155438	0.00623628926419	0.00147525122379	0.00172431961222	3.83182136049e-05	0	0	0.000421500349654	0	0	0.000431079903055	0.000105375087413	0.000172431961222	9.57955340122e-05	2.87386602037e-05	0	0	0	0.000344863922444	0.00365938939927	0.000660989184684	0.000114954640815	0	0	0.00215539951527
0	0	0	0	1.91591068024e-05	0	0	0	0	0	0	0	0	0	0	0	0	0	0	0	0	0	0	0	0	0	9.57955340122e-06	9.57955340122e-06	0	2.87386602037e-05	0.000105375087413	0	0	1.91591068024e-05	9.57955340122e-05	0.00572857293393	0	0	0	0.000804682485703	0	0.00438743545776	0.0129036584314	0.0142160572474	0.000210750174827	0.00808514307063	0.00305587753499	0.0023278314765	0	0.0349749494679	0.000881318912912	0	0.000488557223462	7.66364272098e-05	0	0.00333368458362	0	0	0.00198296755405	0.00199254710745	0	0.000124534194216	7.66364272098e-05	0.00999147419747	0.00851622297368	0.0015806263112	2.87386602037e-05	0.000775943825499	0	0.00495262910843	0.000210750174827	0	9.57955340122e-06	9.57955340122e-06	0	0	0	0.00104417132073	8.6215980611e-05	0.00131239881597	0.00046939811666	0.00103459176733	0.000641830077882	0
0	9.57955340122e-06	0	0	0	0	0	9.57955340122e-06	0	0.000105375087413	0	0	0	0	0	0	0	0	0	0	0	0	0	0	0	0	1.91591068024e-05	2.87386602037e-05	2.87386602037e-05	0.000124534194216	0.000134113747617	0	0	1.91591068024e-05	0.000114954640815	0	1.91591068024e-05	0	0	0.00031612526224	0.00207876308806	0.00297924110778	0.000641830077882	0.00272059316595	0.00641830077882	0.00070888695169	0.000364023029246	0.00615007328358	1.91591068024e-05	0.000881318912912	0.0115721005087	0	0	0	0	0.00015327285442	0	0.000143693301018	0	0.00563277739992	0	0.000344863922444	6.70568738085e-05	0.00333368458362	0	0	0	0	0	0.000258647941833	0.000306545708839	1.91591068024e-05	9.57955340122e-06	9.57955340122e-06	0	0	0	0.000660989184684	8.6215980611e-05	0.000411920796252	1.91591068024e-05	0.00144651256358	5.74773204073e-05	0
0	2.87386602037e-05	0.000134113747617	0	9.57955340122e-06	0	0	0	0	0.00142735345678	0	0	0	0	0	0	0.0039563555547	0	0	0	0	0.000957955340122	0.00801808619682	0.00326662770982	0.0015806263112	0	9.57955340122e-06	0.00563277739992	0.00204044487446	1.91591068024e-05	9.57955340122e-06	0	0	0	3.83182136049e-05	0	0.00178179693263	0	0	0	0	0	0	0	0.00223203594248	0	2.87386602037e-05	0	9.57955340122e-06	0	0	0.0252325436588	0	0	0	0	0.00148483077719	0.0194752320647	0.00529749303087	0.00797018842982	0	3.83182136049e-05	0.00578605025434	0.00500052687544	0	0	2.87386602037e-05	0	0	0	0.000450239009857	9.57955340122e-06	6.70568738085e-05	0.000105375087413	0	0	0	0.00176263782582	0.000277807048635	0.000220329728228	0.000268227495234	0.000411920796252	0	0
0	9.57955340122e-06	0	0	0	0	0	0	0	0	0	0	0	0	0	0	0	0	0	0	0	0	0	0	0	0	0	9.57955340122e-06	0	0	0	0	0	0	0	0.000843000699307	9.57955340122e-06	0.00752952897336	0	0	0	0	0.00186801291324	0.000191591068024	0	0	0	0	0	0.000488557223462	0	0	0.0289973081455	0	0.00304629798159	0	0.00031612526224	0	0.00797018842982	0	0	0.0070601308567	0.0122809874604	0.000622670971079	0	0.001599785418	0	0	0	0.0015614672044	0	0	0	0	0	0	0	0	0	0.000277807048635	0	0	0	0
0	2.87386602037e-05	0	0	0	0	0	0	0	0	0	0	0	0	0	0	0	0	0	0	0	0	0	0	0	0	0	2.87386602037e-05	0	0	0	0	0	0	0	0	2.87386602037e-05	1.91591068024e-05	0	9.57955340122e-06	0	0.000613091417678	0	0	0	0.00141777390338	0.00562319784652	0.00127408060236	4.78977670061e-05	7.66364272098e-05	0	0	0	0.00693559666248	0.00182969469963	0.00124534194216	0.000105375087413	0	4.78977670061e-05	0	0	0.00132197836937	8.6215980611e-05	0.000124534194216	0.000229909281629	0	0	0	0	0.00271101361255	0	0	0	0	0	0	0	0	0	0.00191591068024	0	0	0	0
0	2.87386602037e-05	0	0	2.87386602037e-05	0	0	0	0	0	0	6.70568738085e-05	0	0	0	0	0	0	0	0	0	0	0	0	0	0.000105375087413	0.000565193650672	0.000593932310876	0	0	9.57955340122e-06	0	0	9.57955340122e-06	9.57955340122e-05	0	0.000344863922444	0.00105375087413	0	0.000517295883666	0	4.78977670061e-05	0.000383182136049	0	5.74773204073e-05	0.0031420935156	0.00251942254452	0.00108248953434	0	0	0	0	0.00304629798159	0.00182969469963	0.0247152477751	0.00243320656391	0.000517295883666	4.78977670061e-05	0.000373602582648	0.000593932310876	0.000210750174827	0.0118594871107	0.00737625611894	0.0015327285442	0.00015327285442	0	0	0	0	0.00609259596318	0	0	9.57955340122e-05	9.57955340122e-06	0	0	0	0.000172431961222	1.91591068024e-05	0.00681106246827	2.87386602037e-05	0	0	0
