0.0164878719019	0	0	0	0	0	0.000232521270412	0.00869840934313	0.00540083496274	8.45531892406e-05	0.000454473392168	4.22765946203e-05	0.000158537229826	0	0.0107805316282	1.05691486551e-05	0	0	0	0	5.28457432754e-05	0	0	0	0.00130000528457	0	4.22765946203e-05	0	0.00237805844739	0.00730328172066	0.00711303704487	0	0	8.45531892406e-05	0.000898377635681	0	0	0	0	0	0	0	0	0	1.05691486551e-05	0	4.22765946203e-05	0	1.05691486551e-05	0	0	0	0	1.05691486551e-05	0	0	0	0	0	6.34148919305e-05	0	2.11382973102e-05	0	2.11382973102e-05	0	0	1.05691486551e-05	0	0	9.51223378957e-05	0	0	0.00100406912223	0	0	0	0	3.17074459652e-05	1.05691486551e-05	0.000126829783861	4.22765946203e-05	0	0	0
0	0.0205464249855	1.05691486551e-05	0	0	0	0	0	0	0.00325529778576	0	2.11382973102e-05	0	0.000930085081647	0	0	6.34148919305e-05	0	0	3.17074459652e-05	0	0	0.00390001585372	0	0.0030122073667	0.00375204777255	0.00740897320721	0.0155260793743	0	0	0	0.000264228716377	0	0	0	0	0.011213866723	0	0	0	0	0	0	0	1.05691486551e-05	0	2.11382973102e-05	0	0.000496749986789	0	0	0	0.000179675527136	0	0.000211382973102	0	0	1.05691486551e-05	1.05691486551e-05	0	0.00500977646251	0.00518945198964	0.0137081858056	0	0	0	0.000274797865032	0	0	0	0	0	2.11382973102e-05	0	0	0	2.11382973102e-05	0	1.05691486551e-05	4.22765946203e-05	3.17074459652e-05	0	0	3.17074459652e-05
0	1.05691486551e-05	0.0397611372404	0	0	0	0	0.000602441473339	0	0	0	0.000221952121757	0	0	1.05691486551e-05	0	0	0.00773661681552	0	0.000623579770649	0	0.00157480314961	0	0.0169423452941	0	0	0.00871954764044	0.015504941077	0.000169106378481	0	0.000179675527136	0	0	0	0.000560164878719	0	0.003339850975	0	0	1.05691486551e-05	0	0	0	0	0	0	0	0	0	2.11382973102e-05	0	1.05691486551e-05	0.000116260635206	1.05691486551e-05	2.11382973102e-05	0	5.28457432754e-05	0	0.000169106378481	6.34148919305e-05	0.000158537229826	0.000179675527136	0.00271627120435	3.17074459652e-05	1.05691486551e-05	0	0	0	0	0.000169106378481	0.00109919146013	7.39840405855e-05	0.00272684035301	0.00075040955451	0.000200813824446	0	0	0.00160651059557	1.05691486551e-05	0.000634148919305	0.000760978703165	0	0	0
0	0	0	0	0	0	0	0	0	0	0	0	0	0	0	0	0	0	0	0	0	0	0	0	0	0	0	0	0	0	0	0	0	0	0	0	0	0	0	0	0	0	0	0	0	0	0	0	0	0	0	0	0	0	0	0	0	0	0	0	0	0	0	0	0	0	0	0	0	0	0	0	0	0	0	0	0	0	0	0	0	0	0	0
0	0	0	0	0.0214553717698	0	0.000422765946203	0.000824393595096	0.000169106378481	0.00459757966496	0.000972361676267	0.000190244675791	0.00695449981504	0	3.17074459652e-05	0.000433335094858	0	0	3.17074459652e-05	2.11382973102e-05	0.0102732124927	0	0	0	0.0144057496169	0	4.22765946203e-05	0	0.0100089837764	0	0	0	0.000116260635206	0	0.000190244675791	0	0	0	0	0.00189187760926	0	7.39840405855e-05	0	3.17074459652e-05	0.00456587221899	0.00198699994715	1.05691486551e-05	0.000972361676267	0	3.17074459652e-05	0	0	0	3.17074459652e-05	0	0.00302277651535	0	8.45531892406e-05	0	0.00719759023411	0	0	0	0.003646356286	8.45531892406e-05	0	0	1.05691486551e-05	0	0.000295936162342	0	0	0.000549595730064	0.000211382973102	0.000359351054273	0.000338212756962	0	0.000105691486551	1.05691486551e-05	0.000211382973102	6.34148919305e-05	1.05691486551e-05	1.05691486551e-05	0
0	0	0	0	0	0.00544311155736	0.00237805844739	1.05691486551e-05	0.000528457432754	0	0.000433335094858	0	1.05691486551e-05	0	0	0.00203984569043	0	0	0	0	0	0	0	0	0	0	0	0	0	0	0	0	0.00144797336575	0	0.000496749986789	0	0	0	0	0	0	0	0	0	0	0	0	0	0	0	0	0	0	0	0	0	0	0	0	0	0	0	0	0	0	0	0	0	0	0	2.11382973102e-05	0	0	0	0.000211382973102	0.000433335094858	0	0	0	0	0	0	0	0
0.000232521270412	0	0	0	0.000422765946203	0.00237805844739	0.0338529831422	0.0062569360038	0.0211277281615	0.000507319135444	0.0131797283729	0.00247318078529	0.00544311155736	3.17074459652e-05	0.00319188289383	0.00243090419067	0	0	0.000169106378481	1.05691486551e-05	0.00173334037943	0	0	0	0.000539026581409	0	0.00206098398774	0	0.000792686149131	3.17074459652e-05	0	0	0.000369920202928	1.05691486551e-05	0.00246261163663	0	0	0	0	0	0	0	0	0	0	0	0	0	0	0	0	0	0	0	0	0	0	0	0	0	0	0	0	0	0	0	0	0	0	0	0.0011520372034	1.05691486551e-05	0.00180732442002	0.000126829783861	0.00165935633885	3.17074459652e-05	0	7.39840405855e-05	0	0	0	0	0	0
0.00869840934313	0	0.000602441473339	0	0.000824393595096	1.05691486551e-05	0.0062569360038	0.0864450668499	0.0180415367542	0.00070813295989	0.00985044654653	0.00615124451725	0.000295936162342	0	0.0113724039529	0.000200813824446	0	0.00174390952809	0.00220895206891	0.00444961158379	5.28457432754e-05	0.0048935158273	0	0.00579189346298	0.00296993077208	0	0.00142683506844	0.00149024996037	0.0293399566665	0.00603498388205	0.0202716271204	0	0.00066585636527	0.000982930824922	0.010907361412	0	0.000274797865032	0	0	0.000496749986789	0	0	0	6.34148919305e-05	8.45531892406e-05	0.00289594673149	5.28457432754e-05	0.000369920202928	1.05691486551e-05	5.28457432754e-05	0	0.000147968081171	4.22765946203e-05	1.05691486551e-05	5.28457432754e-05	0.00271627120435	0.000169106378481	7.39840405855e-05	0.000581303176029	0.00215610632564	0.000264228716377	0.000359351054273	0.000697563811235	0.000137398932516	0.000105691486551	0	1.05691486551e-05	3.17074459652e-05	0	0.000465042540823	0.000961792527612	0.000137398932516	0.0161919357396	0.00163821804154	0.00162764889288	0.00121545209533	0	0.000475611689478	6.34148919305e-05	0.000919515932992	0.000834962743751	3.17074459652e-05	8.45531892406e-05	0
0.00540083496274	0	0	0	0.000169106378481	0.000528457432754	0.0211277281615	0.0180415367542	0.0500871954764	0	0.0141309517518	0.00393172329969	0.00211382973102	7.39840405855e-05	0.0135073719812	0.000528457432754	0	0.000380489351583	0.000591872324684	0.000993499973577	0.000560164878719	0	0	0	6.34148919305e-05	0	0.00251545737991	7.39840405855e-05	0.00251545737991	0.000940654230302	0.00359351054273	0	0.00064471806796	0.000221952121757	0.00551709559795	0	0	0	0	0	0	0	0	1.05691486551e-05	0	0	0	0	0	1.05691486551e-05	0	0	0	0	0	0	0	0	0	0	0	0	1.05691486551e-05	0	1.05691486551e-05	0	0	0	0	2.11382973102e-05	0.00263171801511	3.17074459652e-05	0.00601384558474	0.000507319135444	0.00302277651535	0.000211382973102	0	6.34148919305e-05	1.05691486551e-05	2.11382973102e-05	0	0	0	0
8.45531892406e-05	0.00325529778576	0	0	0.00459757966496	0	0.000507319135444	0.00070813295989	0	0.0335147703852	0.000295936162342	0	0.00203984569043	3.17074459652e-05	0.000211382973102	0.00112032975744	1.05691486551e-05	0	0	0	0.000190244675791	0	0.0122179358453	0	0.0252814035829	0.00150081910902	0.000264228716377	0.00555937219257	0.0098821539925	2.11382973102e-05	0	0	0	0	1.05691486551e-05	0	0.000158537229826	0	0	0.000443904243513	0	0	0	5.28457432754e-05	0.0104528880199	0.000782117000476	0.000169106378481	0.000200813824446	0	5.28457432754e-05	0	0.00387887755641	0	0.000116260635206	3.17074459652e-05	0.000887808487026	0	0.00375204777255	0	0.0148707921577	0	0.000274797865032	0.000147968081171	0.00288537758284	0.000306505310997	0	1.05691486551e-05	2.11382973102e-05	0	0.000951223378957	0.00109919146013	6.34148919305e-05	0	0	0.000147968081171	0	0	0.000972361676267	3.17074459652e-05	0.000982930824922	0.000317074459652	4.22765946203e-05	4.22765946203e-05	0
0.000454473392168	0	0	0	0.000972361676267	0.000433335094858	0.0131797283729	0.00985044654653	0.0141309517518	0.000295936162342	0.0411774031602	0.00399513819162	0.00168049463616	3.17074459652e-05	0.00221952121757	6.34148919305e-05	0	0	0.00168049463616	0.000792686149131	0.00340326586693	0	0	0	0.000496749986789	0	0.00337155842097	0	0.00674311684194	9.51223378957e-05	0	0	0.000147968081171	0	0.00453416477303	0	0	0	0	0.00181789356867	0	0	0	0	7.39840405855e-05	0.00198699994715	0	0.000866670189716	0	0	0	0	0	0	0	0.00320245204249	0	0	0	0.00397399989431	0	0	0	0.00178618612271	0	0	0	0	0	0	0.00070813295989	0	0.0055276647466	0.000169106378481	0.000348781905618	0.000232521270412	0	3.17074459652e-05	0	0	0	0	0	0
4.22765946203e-05	2.11382973102e-05	0.000221952121757	0	0.000190244675791	0	0.00247318078529	0.00615124451725	0.00393172329969	0	0.00399513819162	0.039835121281	0.00192358505522	0.00299106906939	0.00397399989431	0	0	0.00414310627279	0.0133171273054	0.0147333932252	0.00196586164984	0.000412196797548	0	0.000137398932516	0.000232521270412	0.000634148919305	0.0108439465201	0.0012471595413	0.00513660624637	0.000718702108545	0.00440733498917	0.000253659567722	0.000475611689478	9.51223378957e-05	0.0275643396924	0	0.000116260635206	0	0	0	0	0	0	4.22765946203e-05	2.11382973102e-05	1.05691486551e-05	0.000232521270412	0	0.000422765946203	4.22765946203e-05	0	0	1.05691486551e-05	0	2.11382973102e-05	0	0	2.11382973102e-05	1.05691486551e-05	0	0.000327643608307	8.45531892406e-05	9.51223378957e-05	0	3.17074459652e-05	0	1.05691486551e-05	0	0	0.000137398932516	0.00146911166306	0.00230407440681	0.0275854779897	0.000486180838133	0	0.000105691486551	0.000570734027374	4.22765946203e-05	0.000243090419067	0.000147968081171	6.34148919305e-05	0	1.05691486551e-05	1.05691486551e-05
0.000158537229826	0	0	0	0.00695449981504	1.05691486551e-05	0.00544311155736	0.000295936162342	0.00211382973102	0.00203984569043	0.00168049463616	0.00192358505522	0.0212439887967	0	0.00174390952809	0.00181789356867	0	0	0.000792686149131	3.17074459652e-05	0.0113935422502	0	0	0	0.00721872853142	0	0.00140569677113	0	0.00217724462295	0	0	0	0	0	0.00194472335253	0	0	0	0	0.000221952121757	0	0.000528457432754	0	0	0.000496749986789	6.34148919305e-05	0.000285367013687	0.00152195740633	0	0	0	0	0	9.51223378957e-05	0	0.000295936162342	0	0	0	0.000919515932992	0	0.000126829783861	0	2.11382973102e-05	0.000285367013687	0	0	0	0	0.000306505310997	6.34148919305e-05	1.05691486551e-05	0.00181789356867	0.000116260635206	0.000285367013687	0	0	9.51223378957e-05	0	0.000295936162342	0	1.05691486551e-05	0	0
0	0.000930085081647	0	0	0	0	3.17074459652e-05	0	7.39840405855e-05	3.17074459652e-05	3.17074459652e-05	0.00299106906939	0	0.0146488400359	0.000158537229826	0	0	0	0	0	0	0	3.17074459652e-05	0	3.17074459652e-05	0.00536912751678	0.00341383501559	0.00130000528457	3.17074459652e-05	0	0	0.000856101041061	5.28457432754e-05	0	0.000338212756962	0	0.000147968081171	0	0	0	0	0	0	0	8.45531892406e-05	0	0.00347724990752	0	0.00667970195001	0	0	0	0	0	0	0	0	8.45531892406e-05	0	0	0.00327643608307	0.00238862759605	0.00122602124399	0	0	0	0.00192358505522	0	0	0	3.17074459652e-05	0.0045870105163	0.00169106378481	1.05691486551e-05	0	2.11382973102e-05	0.000391058500238	0	0.00237805844739	0	0	0	0	5.28457432754e-05
0.0107805316282	0	1.05691486551e-05	0	3.17074459652e-05	0	0.00319188289383	0.0113724039529	0.0135073719812	0.000211382973102	0.00221952121757	0.00397399989431	0.00174390952809	0.000158537229826	0.0335042012366	0	0	2.11382973102e-05	0.000264228716377	3.17074459652e-05	0.00141626591978	0	0	0	0.000126829783861	0	0.00109919146013	2.11382973102e-05	0.000856101041061	0.00572847857105	0.00570734027374	0	0.00102520741954	0.000105691486551	0.00585530835491	0	0	0	0	0	0	0	0	7.39840405855e-05	0	0	0.000147968081171	0	2.11382973102e-05	9.51223378957e-05	0	1.05691486551e-05	0	8.45531892406e-05	0	0	0	1.05691486551e-05	0	0.000116260635206	0	9.51223378957e-05	0	1.05691486551e-05	8.45531892406e-05	0	5.28457432754e-05	1.05691486551e-05	0	0.000718702108545	0.000105691486551	2.11382973102e-05	0.00367806373197	0.000380489351583	0	0.000507319135444	0	0.000200813824446	0.000105691486551	0.000792686149131	0.000179675527136	1.05691486551e-05	2.11382973102e-05	0
1.05691486551e-05	0	0	0	0.000433335094858	0.00203984569043	0.00243090419067	0.000200813824446	0.000528457432754	0.00112032975744	6.34148919305e-05	0	0.00181789356867	0	0	0.00588701580088	0	0	0	0	0.000433335094858	0	0	0	0.00110976060878	0	0	0	0.000507319135444	9.51223378957e-05	0	0	5.28457432754e-05	0	0	0	0	0	0	0	0	0	0	0	0	0	0	0	0	0	0	0	0	0	0	0	0	0	0	0	0	0	0	0	0	0	0	0	0	0	0	0	8.45531892406e-05	0	0.000306505310997	0	0	0	0	1.05691486551e-05	1.05691486551e-05	1.05691486551e-05	0	0
0	6.34148919305e-05	0	0	0	0	0	0	0	1.05691486551e-05	0	0	0	0	0	0	0.0231781430006	0	0	0	0	0.00158537229826	0.0144480262115	0.00549595730064	0.00503091475982	0	0	0.00814881361306	0.00344554246155	0	0	0	0	0	0	0	0.000105691486551	0	0	0	0	0	0	0	0	0	0	0	0	0	0	0.0071764519368	0	0	0	0	1.05691486551e-05	0.00919515932992	0.00122602124399	0.000507319135444	0	0	0.00513660624637	0	0	0	0	0	0	0	0	0	0	0	0	0	0	0	0	0	0	0	0	0
0	0	0.00773661681552	0	0	0	0	0.00174390952809	0.000380489351583	0	0	0.00414310627279	0	0	2.11382973102e-05	0	0	0.0254188025155	0.00309676055594	0.00734555831528	0	0.00104634571685	0	0.0101252444116	0	0	0.00459757966496	0.00490408497596	0.00147968081171	4.22765946203e-05	0.00283253183956	0	0	0	0.00861385615389	0	0.00372034032659	0	0	0	0	0	7.39840405855e-05	5.28457432754e-05	0	0	0	0	0	2.11382973102e-05	0	0	0.000877239338371	0	0.00138455847381	0	0	0	2.11382973102e-05	0	2.11382973102e-05	0.00113089890609	0.00263171801511	1.05691486551e-05	0	0	0	0	0	0.00105691486551	0	0.000507319135444	0.00478782434075	2.11382973102e-05	0	0	0	8.45531892406e-05	8.45531892406e-05	0.000813824446441	0.000549595730064	0	0	0
0	0	0	0	3.17074459652e-05	0	0.000169106378481	0.00220895206891	0.000591872324684	0	0.00168049463616	0.0133171273054	0.000792686149131	0	0.000264228716377	0	0	0.00309676055594	0.014891930455	0.0110976060878	0.000782117000476	0.000126829783861	0	0	8.45531892406e-05	0	0.00299106906939	0.000221952121757	0.00260001056915	0.000274797865032	0.00360407969138	0	0	4.22765946203e-05	0.0120382603181	0	6.34148919305e-05	0	0	0	0	0	0	0	0	1.05691486551e-05	0	0	0	0	0	0	0	0	0	0	0	0	0	0	3.17074459652e-05	3.17074459652e-05	7.39840405855e-05	0	0	0	0	0	0	6.34148919305e-05	2.11382973102e-05	1.05691486551e-05	0.0111081752365	4.22765946203e-05	0	0	0	3.17074459652e-05	3.17074459652e-05	7.39840405855e-05	1.05691486551e-05	0	0	0
0	3.17074459652e-05	0.000623579770649	0	2.11382973102e-05	0	1.05691486551e-05	0.00444961158379	0.000993499973577	0	0.000792686149131	0.0147333932252	3.17074459652e-05	0	3.17074459652e-05	0	0	0.00734555831528	0.0110976060878	0.0284415790308	5.28457432754e-05	0.000369920202928	0	0.000359351054273	0.000147968081171	0	0.00857157955927	0.00233578185277	0.0040691222322	0.000348781905618	0.00516831369233	0	0	4.22765946203e-05	0.0179781218623	0	0.00131057443323	0	0	0	0	0	0	2.11382973102e-05	0	0	0	0	0	1.05691486551e-05	0	0	3.17074459652e-05	0	4.22765946203e-05	0	0	0	0	0	0.00114146805475	0.00432278179993	0.00415367542144	0	1.05691486551e-05	0	0	0	0	6.34148919305e-05	0.000496749986789	1.05691486551e-05	0.0160016910638	0.000158537229826	0	0	0	4.22765946203e-05	3.17074459652e-05	8.45531892406e-05	3.17074459652e-05	0	0	0
5.28457432754e-05	0	0	0	0.0102732124927	0	0.00173334037943	5.28457432754e-05	0.000560164878719	0.000190244675791	0.00340326586693	0.00196586164984	0.0113935422502	0	0.00141626591978	0.000433335094858	0	0	0.000782117000476	5.28457432754e-05	0.0182106431327	0	0	0	0.00834962743751	0	0.00157480314961	0	0.00238862759605	0	0	0	0	0	0.00206098398774	0	0	0	0	0.000105691486551	0	0	0	0	0.000116260635206	3.17074459652e-05	0	7.39840405855e-05	0	0	0	0	0	0	0	0.000126829783861	0	0	0	0.000147968081171	0	0	0	5.28457432754e-05	0	0	0	0	0	1.05691486551e-05	0.000169106378481	1.05691486551e-05	0.00142683506844	4.22765946203e-05	0.000274797865032	0	0	6.34148919305e-05	0	1.05691486551e-05	0	1.05691486551e-05	0	0
0	0	0.00157480314961	0	0	0	0	0.0048935158273	0	0	0	0.000412196797548	0	0	0	0	0.00158537229826	0.00104634571685	0.000126829783861	0.000369920202928	0	0.0468318976906	0.00283253183956	0.0266025471648	0.000591872324684	0	0.000232521270412	0.000496749986789	0.0162025048882	0.000993499973577	0.0135707868731	0	0	0.000105691486551	0.00384717011045	0	7.39840405855e-05	0	0	0	0	0	3.17074459652e-05	0	0	0	0	0	0	0	0	0.00286423928553	3.17074459652e-05	0	4.22765946203e-05	0	0.000190244675791	0.00217724462295	0.000454473392168	0.000634148919305	1.05691486551e-05	6.34148919305e-05	0.000306505310997	2.11382973102e-05	0	0	0	0	0	0	0.00486180838133	0.000496749986789	0.00139512762247	0.000517888284099	0.000570734027374	0	0	0	0	4.22765946203e-05	1.05691486551e-05	0	0	0
0	0.00390001585372	0	0	0	0	0	0	0	0.0122179358453	0	0	0	3.17074459652e-05	0	0	0.0144480262115	0	0	0	0	0.00283253183956	0.050435977382	0.0113618348042	0.0162659197802	0.00150081910902	0.000264228716377	0.017005760186	0.00681710088252	0	0	0	0	0	0	0	0.00509432965175	0	0	0	0	0	0	0	0.000116260635206	0	0	0	0	0	0	0.0213074036886	0	0	0	0	0.000105691486551	0.0241610738255	0.00200813824446	0.00682767003118	0	0.000147968081171	0.010907361412	2.11382973102e-05	0	0	0	0	0	0	0	0	0	0	0	0	0	0	0	0	0	0	0	0
0	0	0.0169423452941	0	0	0	0	0.00579189346298	0	0	0	0.000137398932516	0	0	0	0	0.00549595730064	0.0101252444116	0	0.000359351054273	0	0.0266025471648	0.0113618348042	0.0827458648206	5.28457432754e-05	0	0.003339850975	0.0076943402209	0.0100089837764	0.000443904243513	0.00563335623316	0	0	7.39840405855e-05	0.00422765946203	0	0.000982930824922	1.05691486551e-05	0	0	0	0	2.11382973102e-05	1.05691486551e-05	0	0	0	0	0	0	0	0.0102203667495	0.000105691486551	0	0.000232521270412	0	0.000211382973102	0.00874068593775	0.00584473920626	0.000507319135444	7.39840405855e-05	0.000253659567722	0.00782117000476	2.11382973102e-05	0	0	0	0	0	0.000391058500238	0.010019552925	0.000539026581409	0.00112032975744	0.000380489351583	0.000517888284099	0	0	6.34148919305e-05	0.000232521270412	0.000475611689478	0.000443904243513	0	0	0
0.00130000528457	0.0030122073667	0	0	0.0144057496169	0	0.000539026581409	0.00296993077208	6.34148919305e-05	0.0252814035829	0.000496749986789	0.000232521270412	0.00721872853142	3.17074459652e-05	0.000126829783861	0.00110976060878	0.00503091475982	0	8.45531892406e-05	0.000147968081171	0.00834962743751	0.000591872324684	0.0162659197802	5.28457432754e-05	0.0576758442107	0.00138455847381	0.000359351054273	0.00660571790942	0.0244358716905	0.00288537758284	0	0	9.51223378957e-05	1.05691486551e-05	0.000200813824446	0	0.000147968081171	0	0	0.00135285102785	0	4.22765946203e-05	4.22765946203e-05	3.17074459652e-05	0.00935369655974	0.00183903186598	5.28457432754e-05	0.000623579770649	1.05691486551e-05	3.17074459652e-05	0	0.00599270728743	0	3.17074459652e-05	1.05691486551e-05	0.00245204248798	0.000137398932516	0.00570734027374	1.05691486551e-05	0.0171431591185	0	0.000158537229826	0.000200813824446	0.00248374993394	0.000359351054273	0.000137398932516	1.05691486551e-05	1.05691486551e-05	0.000179675527136	0.00064471806796	0.0010357765682	2.11382973102e-05	0.00125772868995	0.00075040955451	0.000602441473339	0.000253659567722	0	0.000834962743751	2.11382973102e-05	0.000528457432754	0.000116260635206	2.11382973102e-05	1.05691486551e-05	0
0	0.00375204777255	0	0	0	0	0	0	0	0.00150081910902	0	0.000634148919305	0	0.00536912751678	0	0	0	0	0	0	0	0	0.00150081910902	0	0.00138455847381	0.0100618295196	0.00238862759605	0.00337155842097	0	0	0	0.000422765946203	0	0	7.39840405855e-05	0	0.000359351054273	0	0	0	0	0	0	0	3.17074459652e-05	0	0.00179675527136	0	0.00373090947524	0	0	0	0	0	0	0	0	3.17074459652e-05	0	0	0.00354066479945	0.00189187760926	0.00178618612271	0	0	0	0.000634148919305	0	0	0	0	0.000771547851821	0.000243090419067	0	0	0	0.000549595730064	4.22765946203e-05	0.000718702108545	0	0	0	0	5.28457432754e-05
4.22765946203e-05	0.00740897320721	0.00871954764044	0	4.22765946203e-05	0	0.00206098398774	0.00142683506844	0.00251545737991	0.000264228716377	0.00337155842097	0.0108439465201	0.00140569677113	0.00341383501559	0.00109919146013	0	0	0.00459757966496	0.00299106906939	0.00857157955927	0.00157480314961	0.000232521270412	0.000264228716377	0.003339850975	0.000359351054273	0.00238862759605	0.0695767055964	0.0223643185541	0.00163821804154	0.000105691486551	0.000327643608307	0.00275854779897	0	5.28457432754e-05	0.00795856893727	0	0.00743011150452	0	0	0	0	0	2.11382973102e-05	1.05691486551e-05	0	0	0.00114146805475	0	0.00138455847381	1.05691486551e-05	0	1.05691486551e-05	0.000306505310997	2.11382973102e-05	0.000433335094858	0	1.05691486551e-05	0	6.34148919305e-05	1.05691486551e-05	0.00848702637003	0.0156106325635	0.0158325846853	1.05691486551e-05	1.05691486551e-05	0	0.000972361676267	0	0	0.000274797865032	0.00634148919305	0.00150081910902	0.0110870369392	0.000834962743751	0	0	0	0.000116260635206	0.000760978703165	0.000317074459652	0.000317074459652	0	0	0
0	0.0155260793743	0.015504941077	0	0	0	0	0.00149024996037	7.39840405855e-05	0.00555937219257	0	0.0012471595413	0	0.00130000528457	2.11382973102e-05	0	0.00814881361306	0.00490408497596	0.000221952121757	0.00233578185277	0	0.000496749986789	0.017005760186	0.0076943402209	0.00660571790942	0.00337155842097	0.0223643185541	0.0936532262326	0.000359351054273	0	0.00116260635206	0.000560164878719	0	0	0.00171220208212	0	0.0303757332347	0	0	1.05691486551e-05	0	0	1.05691486551e-05	0	2.11382973102e-05	0	0	0	0.000422765946203	0	0	0.00283253183956	0.000824393595096	1.05691486551e-05	0.000982930824922	0	5.28457432754e-05	0.0061406753686	0.00274797865032	0.000105691486551	0.00716588278814	0.00771547851821	0.0411034191196	4.22765946203e-05	0	0	0.000274797865032	0	0	0.000253659567722	0.00398456904296	0.000412196797548	0.00483010093537	0.000834962743751	0.000528457432754	0	0	0.00213496802833	2.11382973102e-05	0.00100406912223	0.00147968081171	0	0	1.05691486551e-05
0.00237805844739	0	0.000169106378481	0	0.0100089837764	0	0.000792686149131	0.0293399566665	0.00251545737991	0.0098821539925	0.00674311684194	0.00513660624637	0.00217724462295	3.17074459652e-05	0.000856101041061	0.000507319135444	0.00344554246155	0.00147968081171	0.00260001056915	0.0040691222322	0.00238862759605	0.0162025048882	0.00681710088252	0.0100089837764	0.0244358716905	0	0.00163821804154	0.000359351054273	0.107340273741	0.00499920731385	0.0108228082228	0	0.0007292712572	0.000930085081647	0.00655287216615	0	5.28457432754e-05	0	0	0.00451302647572	0	3.17074459652e-05	0	2.11382973102e-05	0.00633092004439	0.00690165407176	0.000105691486551	0.00213496802833	1.05691486551e-05	2.11382973102e-05	0	0.00972361676267	1.05691486551e-05	4.22765946203e-05	3.17074459652e-05	0.00892036146488	2.11382973102e-05	0.00919515932992	0.000327643608307	0.0254082333668	4.22765946203e-05	0.000221952121757	0.000221952121757	0.00588701580088	0.000285367013687	0	2.11382973102e-05	0	1.05691486551e-05	0.000739840405855	0.00865613274851	0.000898377635681	0.0175659250647	0.00449188817841	0.0016699254875	0.0013634201765	1.05691486551e-05	0.0019764307985	0.000126829783861	0.000623579770649	0.000137398932516	2.11382973102e-05	0	0
0.00730328172066	0	0	0	0	0	3.17074459652e-05	0.00603498388205	0.000940654230302	2.11382973102e-05	9.51223378957e-05	0.000718702108545	0	0	0.00572847857105	9.51223378957e-05	0	4.22765946203e-05	0.000274797865032	0.000348781905618	0	0.000993499973577	0	0.000443904243513	0.00288537758284	0	0.000105691486551	0	0.00499920731385	0.0207789462559	0.00397399989431	0	0.000295936162342	0.00224065951488	0.00216667547429	0	0	0	0	0	0	0	0	7.39840405855e-05	0	0	3.17074459652e-05	0	1.05691486551e-05	5.28457432754e-05	0	1.05691486551e-05	0	0	0	0	0	1.05691486551e-05	0	3.17074459652e-05	0	0	0	1.05691486551e-05	4.22765946203e-05	0	2.11382973102e-05	2.11382973102e-05	0	0.000391058500238	0.000422765946203	4.22765946203e-05	0.00187073931195	0.000623579770649	9.51223378957e-05	0.000147968081171	0	0.000169106378481	8.45531892406e-05	0.000486180838133	0.000179675527136	1.05691486551e-05	0	0
0.00711303704487	0	0.000179675527136	0	0	0	0	0.0202716271204	0.00359351054273	0	0	0.00440733498917	0	0	0.00570734027374	0	0	0.00283253183956	0.00360407969138	0.00516831369233	0	0.0135707868731	0	0.00563335623316	0	0	0.000327643608307	0.00116260635206	0.0108228082228	0.00397399989431	0.0523807007346	0	0	0.000539026581409	0.0143317655763	0	0.00137398932516	0	0	0	0	0	2.11382973102e-05	1.05691486551e-05	0	0	0	0	0	1.05691486551e-05	0	1.05691486551e-05	0.000158537229826	0	0.000528457432754	0	5.28457432754e-05	0	0.000126829783861	1.05691486551e-05	1.05691486551e-05	0.000253659567722	0.000760978703165	2.11382973102e-05	1.05691486551e-05	0	0	0	0	0.000369920202928	0.000158537229826	6.34148919305e-05	0.0100301220737	0.000190244675791	0.000306505310997	0	0	0.000137398932516	7.39840405855e-05	0.000327643608307	0.000348781905618	0	0	0
0	0.000264228716377	0	0	0	0	0	0	0	0	0	0.000253659567722	0	0.000856101041061	0	0	0	0	0	0	0	0	0	0	0	0.000422765946203	0.00275854779897	0.000560164878719	0	0	0	0.00300163821804	0	0	0	0	0	0	0	0	0	0	0	0	0	0	0.000264228716377	0	0.000116260635206	0	0	0	0	2.11382973102e-05	0	0	0	0	0	0	0.000401627648893	0.00149024996037	0.000803255297786	0	0	0	0.000274797865032	0	0	0	2.11382973102e-05	0.000179675527136	7.39840405855e-05	0	0	0	0	0	0.000221952121757	0	0	0	0	0
0	0	0	0	0.000116260635206	0.00144797336575	0.000369920202928	0.00066585636527	0.00064471806796	0	0.000147968081171	0.000475611689478	0	5.28457432754e-05	0.00102520741954	5.28457432754e-05	0	0	0	0	0	0	0	0	9.51223378957e-05	0	0	0	0.0007292712572	0.000295936162342	0	0	0.00670084024732	5.28457432754e-05	0.00177561697405	0	0	0	0	0	0	0	0	3.17074459652e-05	0	1.05691486551e-05	0	0	0	5.28457432754e-05	0	0	0	0	0	0	0	0	0	0	0	0	0	0	4.22765946203e-05	0	0	0	0	0.000105691486551	0.00117317550071	4.22765946203e-05	0.00202927654177	0.00132114358188	0.00107805316282	0.00366749458331	0	6.34148919305e-05	3.17074459652e-05	0.000126829783861	5.28457432754e-05	0	0	0
8.45531892406e-05	0	0	0	0	0	1.05691486551e-05	0.000982930824922	0.000221952121757	0	0	9.51223378957e-05	0	0	0.000105691486551	0	0	0	4.22765946203e-05	4.22765946203e-05	0	0.000105691486551	0	7.39840405855e-05	1.05691486551e-05	0	5.28457432754e-05	0	0.000930085081647	0.00224065951488	0.000539026581409	0	5.28457432754e-05	0.0029170850288	0.000771547851821	0	0	0	0	0	0	0	0	0	0	0	0	0	0	0	0	0	0	0	0	0	0	0	0	0	0	0	0	0	0	0	0	0	0	0	0.000147968081171	3.17074459652e-05	0.000908946784337	0.000253659567722	0	5.28457432754e-05	0	0	0	0	0	0	0	0
0.000898377635681	0	0.000560164878719	0	0.000190244675791	0.000496749986789	0.00246261163663	0.010907361412	0.00551709559795	1.05691486551e-05	0.00453416477303	0.0275643396924	0.00194472335253	0.000338212756962	0.00585530835491	0	0	0.00861385615389	0.0120382603181	0.0179781218623	0.00206098398774	0.00384717011045	0	0.00422765946203	0.000200813824446	7.39840405855e-05	0.00795856893727	0.00171220208212	0.00655287216615	0.00216667547429	0.0143317655763	0	0.00177561697405	0.000771547851821	0.0556359985203	0	0.00118374464937	0	0	0	0	0	6.34148919305e-05	4.22765946203e-05	0	1.05691486551e-05	2.11382973102e-05	0	1.05691486551e-05	3.17074459652e-05	0	1.05691486551e-05	0.000137398932516	0	0.000391058500238	0	0	0	1.05691486551e-05	2.11382973102e-05	0.000528457432754	0.00102520741954	0.0017650478254	3.17074459652e-05	2.11382973102e-05	0	2.11382973102e-05	0	0	0.000623579770649	0.000422765946203	0.000327643608307	0.0356708767109	0.000211382973102	0	0.000919515932992	7.39840405855e-05	0.000285367013687	0.000232521270412	0.000676425513925	0.000327643608307	0	1.05691486551e-05	0
0	0	0	0	0	0	0	0	0	0	0	0	0	0	0	0	0	0	0	0	0	0	0	0	0	0	0	0	0	0	0	0	0	0	0	0.0125878560482	0	0.00293822332611	0	0	0	1.05691486551e-05	0.00317074459652	0.00101463827089	0	0	1.05691486551e-05	0	0	0.00939597315436	0	2.11382973102e-05	0.00330814352904	3.17074459652e-05	0	0	0.00113089890609	0	0.00284310098822	0.000200813824446	0	0	0.000126829783861	0.000327643608307	0.00411139882682	0.00299106906939	1.05691486551e-05	0	2.11382973102e-05	0.000486180838133	0	0	0	0	0	0	0	0	1.05691486551e-05	0.000158537229826	0	0	0	0
0	0.011213866723	0.003339850975	0	0	0	0	0.000274797865032	0	0.000158537229826	0	0.000116260635206	0	0.000147968081171	0	0	0.000105691486551	0.00372034032659	6.34148919305e-05	0.00131057443323	0	7.39840405855e-05	0.00509432965175	0.000982930824922	0.000147968081171	0.000359351054273	0.00743011150452	0.0303757332347	5.28457432754e-05	0	0.00137398932516	0	0	0	0.00118374464937	0	0.0638799344713	1.05691486551e-05	0	1.05691486551e-05	0	0	0.000105691486551	6.34148919305e-05	0.00387887755641	0	0.000190244675791	0	0.00143740421709	5.28457432754e-05	0	0.00169106378481	0.00214553717698	1.05691486551e-05	0.00320245204249	0	1.05691486551e-05	0.0117423241558	0.000359351054273	0.00601384558474	0.00660571790942	0.00898377635681	0.0552660783174	6.34148919305e-05	2.11382973102e-05	0	0	0	0	0.0017650478254	0.000454473392168	0.000803255297786	0.000834962743751	0.000116260635206	1.05691486551e-05	0	0	0.00101463827089	0.000327643608307	0.00168049463616	0.00163821804154	0	0	0.000190244675791
0	0	0	0	0	0	0	0	0	0	0	0	0	0	0	0	0	0	0	0	0	0	0	1.05691486551e-05	0	0	0	0	0	0	0	0	0	0	0	0.00293822332611	1.05691486551e-05	0.0411879723088	0	0	0	0	0.00381546266448	0.00272684035301	0	0	0.000496749986789	0	0	0.00713417534218	0	0	0.00959678697881	0	0.000369920202928	0	0.00544311155736	0	0.0258204301644	0	0	0.00944881889764	0.00983987739788	0.00256830312318	0.00227236696084	0.00344554246155	0	0	0.000306505310997	0.000866670189716	0	0	0	0	2.11382973102e-05	0	0	0	0	0.000465042540823	4.22765946203e-05	0	0	0
0	0	0	0	0	0	0	0	0	0	0	0	0	0	0	0	0	0	0	0	0	0	0	0	0	0	0	0	0	0	0	0	0	0	0	0	0	0	0	0	0	0	0	0	0	0	0	0	0	0	0	0	0	0	0	0	0	0	0	0	0	0	0	0	0	0	0	0	0	0	0	0	0	0	0	0	0	0	0	0	0	0	0	0
0	0	1.05691486551e-05	0	0.00189187760926	0	0	0.000496749986789	0	0.000443904243513	0.00181789356867	0	0.000221952121757	0	0	0	0	0	0	0	0.000105691486551	0	0	0	0.00135285102785	0	0	1.05691486551e-05	0.00451302647572	0	0	0	0	0	0	0	1.05691486551e-05	0	0	0.0167098240237	2.11382973102e-05	0.000369920202928	6.34148919305e-05	0.000422765946203	0.00206098398774	0.00300163821804	0.000422765946203	0.00378375521852	1.05691486551e-05	0.000391058500238	0.000792686149131	1.05691486551e-05	0	0.000221952121757	0.000401627648893	0.00991386143846	6.34148919305e-05	0	0	0.0112667124663	0	0.000391058500238	0	0.00314960629921	0.00192358505522	0	5.28457432754e-05	5.28457432754e-05	0.00159594144692	0.00286423928553	0	0	0	0	4.22765946203e-05	0	0	0.000443904243513	6.34148919305e-05	0.00175447867674	0.000401627648893	0.00242033504201	6.34148919305e-05	0
0	0	0	0	0	0	0	0	0	0	0	0	0	0	0	0	0	0	0	0	0	0	0	0	0	0	0	0	0	0	0	0	0	0	0	0	0	0	0	2.11382973102e-05	0.00138455847381	0	0	0.000211382973102	0.000443904243513	0	0	2.11382973102e-05	0	0	0.000760978703165	0	0	0	0	7.39840405855e-05	0	0	0	0.000443904243513	0	0	0	0	0	0	0	0.000348781905618	0	0.000105691486551	0	0	0	0	0	0	0	3.17074459652e-05	0	0	0	0.000856101041061	0.000380489351583	0
0	0	0	0	7.39840405855e-05	0	0	0	0	0	0	0	0.000528457432754	0	0	0	0	0	0	0	0	0	0	0	4.22765946203e-05	0	0	0	3.17074459652e-05	0	0	0	0	0	0	1.05691486551e-05	0	0	0	0.000369920202928	0	0.030735084289	0.00173334037943	0.00876182423506	0.000539026581409	0.0125455794536	0.00367806373197	0.0115732177773	1.05691486551e-05	0.00593986154415	0.00328700523173	1.05691486551e-05	1.05691486551e-05	0.00161707974423	0	0.00104634571685	9.51223378957e-05	0	3.17074459652e-05	0.00365692543466	0	0.000877239338371	0	0.00309676055594	0.0110658986419	0	6.34148919305e-05	5.28457432754e-05	8.45531892406e-05	0.00430164350262	0	0	0	0	0	0	0	0.000581303176029	0	0.00314960629921	0	0.00446018073244	0.000221952121757	0
0	0	0	0	0	0	0	0	0	0	0	0	0	0	0	0	0	7.39840405855e-05	0	0	0	3.17074459652e-05	0	2.11382973102e-05	4.22765946203e-05	0	2.11382973102e-05	1.05691486551e-05	0	0	2.11382973102e-05	0	0	0	6.34148919305e-05	0.00317074459652	0.000105691486551	0.00381546266448	0	6.34148919305e-05	0	0.00173334037943	0.0397505680917	0.00495693071923	0	0.00399513819162	0	0.000137398932516	0	0.00709189874756	0.000634148919305	4.22765946203e-05	9.51223378957e-05	5.28457432754e-05	0	0	0.00199756909581	0	0.00490408497596	0.00564392538181	0	0.000264228716377	0.000200813824446	0.018538286741	0.00196586164984	0.00420652116472	0	0	0.000517888284099	0.000475611689478	0	0	0	0	0	0	0	3.17074459652e-05	1.05691486551e-05	0.000813824446441	0.000137398932516	0.000634148919305	0	0
0	0	0	0	3.17074459652e-05	0	0	6.34148919305e-05	1.05691486551e-05	5.28457432754e-05	0	4.22765946203e-05	0	0	7.39840405855e-05	0	0	5.28457432754e-05	0	2.11382973102e-05	0	0	0	1.05691486551e-05	3.17074459652e-05	0	1.05691486551e-05	0	2.11382973102e-05	7.39840405855e-05	1.05691486551e-05	0	3.17074459652e-05	0	4.22765946203e-05	0.00101463827089	6.34148919305e-05	0.00272684035301	0	0.000422765946203	0.000211382973102	0.00876182423506	0.00495693071923	0.0306505310997	0.000137398932516	0.00647888812556	0.00118374464937	0.000369920202928	0.000243090419067	0.0151455900227	0.00122602124399	8.45531892406e-05	0.00139512762247	0	1.05691486551e-05	0.000475611689478	0.000433335094858	0	0.00207155313639	0.00149024996037	0	0.000116260635206	0.000739840405855	0.00316017544787	0.00366749458331	0.000116260635206	5.28457432754e-05	0.00210326058236	0.000232521270412	0.00481953178671	2.11382973102e-05	0	0.000126829783861	4.22765946203e-05	1.05691486551e-05	3.17074459652e-05	0	0.00355123394811	0.000317074459652	0.00528457432754	0.00158537229826	0.00187073931195	0.00125772868995	0.000306505310997
1.05691486551e-05	1.05691486551e-05	0	0	0.00456587221899	0	0	8.45531892406e-05	0	0.0104528880199	7.39840405855e-05	2.11382973102e-05	0.000496749986789	8.45531892406e-05	0	0	0	0	0	0	0.000116260635206	0	0.000116260635206	0	0.00935369655974	3.17074459652e-05	0	2.11382973102e-05	0.00633092004439	0	0	0	0	0	0	0	0.00387887755641	0	0	0.00206098398774	0.000443904243513	0.000539026581409	0	0.000137398932516	0.024636685515	0.000951223378957	0.000190244675791	0.00120488294668	0.000581303176029	3.17074459652e-05	0.00250488823125	0.000718702108545	0	4.22765946203e-05	0	0.00184960101464	0	0.00683823917983	0	0.0198488611742	0.00138455847381	0.000348781905618	0.00285367013687	0.00277968609628	0.000137398932516	0	0	1.05691486551e-05	0	0.000454473392168	0.000190244675791	0.000105691486551	0	0	4.22765946203e-05	0	0	0.000771547851821	6.34148919305e-05	0.000443904243513	7.39840405855e-05	0.00470327115151	5.28457432754e-05	0.000158537229826
0	0	0	0	0.00198699994715	0	0	0.00289594673149	0	0.000782117000476	0.00198699994715	1.05691486551e-05	6.34148919305e-05	0	0	0	0	0	1.05691486551e-05	0	3.17074459652e-05	0	0	0	0.00183903186598	0	0	0	0.00690165407176	0	0	0	1.05691486551e-05	0	1.05691486551e-05	0	0	0	0	0.00300163821804	0	0.0125455794536	0.00399513819162	0.00647888812556	0.000951223378957	0.0436400147968	0.00370977117793	0.007292712572	7.39840405855e-05	0.0101463827089	0.00132114358188	0.000126829783861	0	0.00223009036622	0.0013634201765	0.0103894731279	3.17074459652e-05	0	3.17074459652e-05	0.00797970723458	0	0.000803255297786	0	0.0117846007504	0.0129894836971	0	0.000412196797548	0.000116260635206	0.00251545737991	0.00953337208688	0	0	5.28457432754e-05	2.11382973102e-05	4.22765946203e-05	2.11382973102e-05	0	0.00132114358188	0.000243090419067	0.00871954764044	0.00213496802833	0.0013634201765	0.000560164878719	0
4.22765946203e-05	2.11382973102e-05	0	0	1.05691486551e-05	0	0	5.28457432754e-05	0	0.000169106378481	0	0.000232521270412	0.000285367013687	0.00347724990752	0.000147968081171	0	0	0	0	0	0	0	0	0	5.28457432754e-05	0.00179675527136	0.00114146805475	0	0.000105691486551	3.17074459652e-05	0	0.000264228716377	0	0	2.11382973102e-05	1.05691486551e-05	0.000190244675791	0.000496749986789	0	0.000422765946203	0	0.00367806373197	0	0.00118374464937	0.000190244675791	0.00370977117793	0.0379221053744	0.003646356286	0.0142366432384	0.00253659567722	0	0.000190244675791	0	0.00330814352904	0.0030122073667	0.00102520741954	9.51223378957e-05	0.000158537229826	0.000221952121757	0.00246261163663	0.00235692015008	0.00569677112509	0.000327643608307	0.00254716482587	0.0111398826824	8.45531892406e-05	0.00453416477303	0.000517888284099	0.00157480314961	0.0168260846589	0	0.00140569677113	0	0	0	0	0	0.00288537758284	0.00511546794906	0.0131902975215	0.000517888284099	0	0	0.00321302119114
0	0	0	0	0.000972361676267	0	0	0.000369920202928	0	0.000200813824446	0.000866670189716	0	0.00152195740633	0	0	0	0	0	0	0	7.39840405855e-05	0	0	0	0.000623579770649	0	0	0	0.00213496802833	0	0	0	0	0	0	0	0	0	0	0.00378375521852	2.11382973102e-05	0.0115732177773	0.000137398932516	0.000369920202928	0.00120488294668	0.007292712572	0.003646356286	0.0250383131639	1.05691486551e-05	0.00286423928553	0.00216667547429	0	0	0.00159594144692	0	0.00816995191037	0	0	0	0.00599270728743	0	0.000866670189716	0	0.00177561697405	0.0086349944512	0	6.34148919305e-05	0	0	0.00405855308355	0	0	0	0	7.39840405855e-05	0	0	0.000803255297786	0	0.00319188289383	7.39840405855e-05	0.00407969138086	4.22765946203e-05	0
1.05691486551e-05	0.000496749986789	0	0	0	0	0	1.05691486551e-05	0	0	0	0.000422765946203	0	0.00667970195001	2.11382973102e-05	0	0	0	0	0	0	0	0	0	1.05691486551e-05	0.00373090947524	0.00138455847381	0.000422765946203	1.05691486551e-05	1.05691486551e-05	0	0.000116260635206	0	0	1.05691486551e-05	0	0.00143740421709	0	0	1.05691486551e-05	0	1.05691486551e-05	0	0.000243090419067	0.000581303176029	7.39840405855e-05	0.0142366432384	1.05691486551e-05	0.0220366749458	0.00173334037943	0	1.05691486551e-05	0	0	0	3.17074459652e-05	0	0.000655287216615	0	7.39840405855e-05	0.00658457961211	0.00208212228505	0.00328700523173	2.11382973102e-05	0.00215610632564	0	0.00419595201607	0.000264228716377	3.17074459652e-05	0.00384717011045	0	0.00226179781219	0	0	0	0	1.05691486551e-05	0.000465042540823	0.00422765946203	0.00179675527136	0	0	0	0.00268456375839
0	0	2.11382973102e-05	0	3.17074459652e-05	0	0	5.28457432754e-05	1.05691486551e-05	5.28457432754e-05	0	4.22765946203e-05	0	0	9.51223378957e-05	0	0	2.11382973102e-05	0	1.05691486551e-05	0	0	0	0	3.17074459652e-05	0	1.05691486551e-05	0	2.11382973102e-05	5.28457432754e-05	1.05691486551e-05	0	5.28457432754e-05	0	3.17074459652e-05	0.00939597315436	5.28457432754e-05	0.00713417534218	0	0.000391058500238	0	0.00593986154415	0.00709189874756	0.0151455900227	3.17074459652e-05	0.0101463827089	0.00253659567722	0.00286423928553	0.00173334037943	0.048628652962	0.00113089890609	0.000158537229826	0.00548538815198	3.17074459652e-05	2.11382973102e-05	0.000422765946203	0.00128943613592	0	0.00554880304391	0.00199756909581	0	0.000137398932516	0.00121545209533	0.00658457961211	0.0242667653121	0.0029170850288	0.000232521270412	0.00118374464937	0.00147968081171	0.00895206891085	4.22765946203e-05	0	0.000158537229826	7.39840405855e-05	1.05691486551e-05	6.34148919305e-05	0	0.00308619140728	0.000317074459652	0.00486180838133	0.0012471595413	0.00174390952809	0.000306505310997	0.000274797865032
0	0	0	0	0	0	0	0	0	0	0	0	0	0	0	0	0	0	0	0	0	0	0	0	0	0	0	0	0	0	0	0	0	0	0	0	0	0	0	0.000792686149131	0.000760978703165	0.00328700523173	0.000634148919305	0.00122602124399	0.00250488823125	0.00132114358188	0	0.00216667547429	0	0.00113089890609	0.00716588278814	0	0	0	0	0.00100406912223	0	0	0	0.00205041483908	0	0	0	0.00114146805475	0.00123659039264	0	0	0	0	0	0	0	0	0	0	0	0	0.000623579770649	0	0	0	0.0060455530307	0.000105691486551	0
0	0	1.05691486551e-05	0	0	0	0	0.000147968081171	0	0.00387887755641	0	0	0	0	1.05691486551e-05	0	0.0071764519368	0	0	0	0	0.00286423928553	0.0213074036886	0.0102203667495	0.00599270728743	0	1.05691486551e-05	0.00283253183956	0.00972361676267	1.05691486551e-05	1.05691486551e-05	0	0	0	1.05691486551e-05	2.11382973102e-05	0.00169106378481	0	0	1.05691486551e-05	0	1.05691486551e-05	4.22765946203e-05	8.45531892406e-05	0.000718702108545	0.000126829783861	0.000190244675791	0	1.05691486551e-05	0.000158537229826	0	0.0421391956878	0	5.28457432754e-05	0	0.000116260635206	0.00125772868995	0.0286529620039	0.00302277651535	0.0177350314432	0	0.000380489351583	0.00620409026053	0.00212439887967	6.34148919305e-05	1.05691486551e-05	1.05691486551e-05	1.05691486551e-05	0	0.000253659567722	0.000940654230302	0.000200813824446	3.17074459652e-05	0	2.11382973102e-05	0	0	0.00379432436717	0.000824393595096	0.000961792527612	0.000824393595096	0.000126829783861	1.05691486551e-05	0
0	0.000179675527136	0.000116260635206	0	0	0	0	4.22765946203e-05	0	0	0	1.05691486551e-05	0	0	0	0	0	0.000877239338371	0	3.17074459652e-05	0	3.17074459652e-05	0	0.000105691486551	0	0	0.000306505310997	0.000824393595096	1.05691486551e-05	0	0.000158537229826	0	0	0	0.000137398932516	0.00330814352904	0.00214553717698	0.00959678697881	0	0	0	1.05691486551e-05	9.51223378957e-05	0.00139512762247	0	0	0	0	0	0.00548538815198	0	0	0.030428578978	0	0.00764149447762	0	0.00151138825768	0	0.00955451038419	0	0	0.0104528880199	0.0109919146013	0	0.00159594144692	0.00211382973102	0	0	0.000190244675791	0.00178618612271	2.11382973102e-05	0	0.000169106378481	0	0	0	0	0	0	0.000147968081171	7.39840405855e-05	0	0	0
