0.0112071459689	3.32556260205e-06	0.00191219849618	0	3.32556260205e-06	0	0	0.00450613732578	0.000498834390308	3.32556260205e-06	0	0	0	3.32556260205e-06	0.00682072889681	0	0.000209510443929	0.00128699272699	0	0.00061522908138	0	0.00040571863745	0	0.00140338741807	0.000266045008164	3.32556260205e-06	0.00266710120685	0.00014632475449	0.000103092440664	0.00491185596323	0.0055137827942	0	0	0.000399067512246	0.000438974263471	3.32556260205e-06	0	6.65112520411e-06	0	0	0	3.32556260205e-06	3.32556260205e-06	3.32556260205e-06	1.66278130103e-05	6.65112520411e-06	0	0	0	3.32556260205e-06	3.32556260205e-06	0	0	0	0	6.65112520411e-06	0	0	0	1.33022504082e-05	0	3.32556260205e-06	6.65112520411e-06	4.65578764287e-05	3.32556260205e-06	0	0	0	0	0	9.97668780616e-06	3.32556260205e-06	0.000239440507348	9.97668780616e-06	6.65112520411e-06	3.32556260205e-06	0	2.32789382144e-05	6.65112520411e-06	1.33022504082e-05	3.32556260205e-06	0	0	0
3.32556260205e-06	0.025513716283	0.000781507211483	0	0	3.99067512246e-05	1.33022504082e-05	1.99533756123e-05	2.32789382144e-05	0.0032390979744	0	0.000106418003266	0	0.00100431990582	5.9860126837e-05	0.00100764546842	0.000668438083013	0.000575322330155	0	0.00012969694148	0	0.000332556260205	0.00487194921201	0.000588624580563	0.00137013179205	0.00269703127027	0.00509808746895	0.0179912936771	2.66045008164e-05	9.64413154595e-05	0.000199533756123	9.64413154595e-05	3.32556260205e-06	5.32090016329e-05	0.00142001523108	0	0.0126138589496	7.31623772452e-05	0	0	0	3.32556260205e-06	3.32556260205e-05	0	4.98834390308e-05	6.65112520411e-06	2.99300634185e-05	3.32556260205e-06	2.66045008164e-05	0	3.32556260205e-06	0.000309277321991	0.00051878776592	0.000123045816276	0.000399067512246	0	9.97668780616e-06	0.00218156906695	0.000332556260205	8.64646276534e-05	1.66278130103e-05	0.00136015510424	0.0150814264003	2.66045008164e-05	0	1.33022504082e-05	6.65112520411e-06	0	9.97668780616e-06	1.66278130103e-05	0.00419686000379	0.000565345642349	0.000535415578931	9.31157528575e-05	0.00118390028633	0	3.65811886226e-05	0.000535415578931	0.000635182456992	2.99300634185e-05	1.33022504082e-05	6.65112520411e-06	0	6.65112520411e-06
0.00191219849618	0.000781507211483	0.0482239832924	0	2.66045008164e-05	3.32556260205e-06	0.00143331748148	0.00649814932441	0.00310607547032	6.65112520411e-06	5.65345642349e-05	1.99533756123e-05	3.32556260205e-06	4.65578764287e-05	0.00821413962707	0	0.000581973455359	0.00788158336687	0.000236114944746	0.000864646276534	3.32556260205e-06	0.00629196444308	0.00077818164888	0.0229596842046	0.000219487131736	7.31623772452e-05	0.0185932205081	0.016863927955	0.000458927639083	0.0022746848198	0.00373460680211	1.33022504082e-05	1.33022504082e-05	0.000206184881327	0.00254405539057	0.000382439699236	0.000964413154595	0.00101762215623	0	0	0	3.99067512246e-05	0.000432323138267	5.32090016329e-05	4.98834390308e-05	3.32556260205e-05	1.66278130103e-05	1.33022504082e-05	0	0.00014632475449	1.33022504082e-05	0.00471232220711	0.000395741949644	1.99533756123e-05	0.00014632475449	6.65112520411e-06	0.0011340168473	0.00558361960885	0.00378781580374	0.000266045008164	0	0.000455602076481	0.00698700702691	0.00134020172863	0.000452276513879	0.000232789382144	0	0	0.000116394691072	0.000189557068317	0.0021050811271	0.000691717021227	0.00419686000379	0.00187229174496	0.000512136640716	0.000289323946379	3.32556260205e-06	0.000319254009797	0.000641833582196	9.31157528575e-05	4.32323138267e-05	6.65112520411e-06	3.32556260205e-06	0
0	0	0	0	0	0	0	0	0	0	0	0	0	0	0	0	0	0	0	0	0	0	0	0	0	0	0	0	0	0	0	0	0	0	0	0	0	0	0	0	0	0	0	0	0	0	0	0	0	0	0	0	0	0	0	0	0	0	0	0	0	0	0	0	0	0	0	0	0	0	0	0	0	0	0	0	0	0	0	0	0	0	0	0
3.32556260205e-06	0	2.66045008164e-05	0	0.0220651078646	2.99300634185e-05	0.00192550074659	0.000123045816276	0.000841367338319	0.000914529715565	0.00195875637261	0.000445625388675	0.00380111805415	0	0.00131027166521	0.000369137448828	6.65112520411e-06	6.65112520411e-06	0.000176254817909	0.000335881822807	0.00733619110013	6.65112520411e-06	3.32556260205e-06	2.99300634185e-05	0.0154671916621	0	0.000458927639083	3.65811886226e-05	0.00866641614095	0.00325572578741	0.000219487131736	0	8.31390650513e-05	0.00142999191888	0.00249084638894	0	0	0	0	0.00156633998557	0	0.00063185689439	2.32789382144e-05	3.32556260205e-06	0.00320916791098	0.00272363577108	0	0.00232124269623	0	0	0	0	0	0	3.32556260205e-06	0.00191884962138	0	0	0	0.00174592036608	0	0	0	0.00107415672046	0	0	0	0	0	0	0.000219487131736	9.97668780616e-06	0.00202194206205	0.000558694517145	0.000279347258572	3.32556260205e-06	1.33022504082e-05	2.32789382144e-05	0	9.97668780616e-06	6.65112520411e-06	5.32090016329e-05	3.32556260205e-06	0
0	3.99067512246e-05	3.32556260205e-06	0	2.99300634185e-05	0.00418355775338	0.000419020887859	3.99067512246e-05	0.000375788574032	8.31390650513e-05	0	0.000103092440664	3.32556260205e-06	9.97668780616e-06	0.000292649508981	0.000246091632552	0	3.65811886226e-05	0	0	3.32556260205e-06	0	3.65811886226e-05	0.000262719445562	3.99067512246e-05	6.65112520411e-06	0.000106418003266	9.97668780616e-05	4.65578764287e-05	0.0012936438522	1.33022504082e-05	3.32556260205e-06	0.00321581903619	3.99067512246e-05	0.00153308435955	0	0	0	0	0	0	0	0	0	0	0	0	0	0	0	0	0	0	0	0	0	0	0	0	3.32556260205e-06	0	0	0	0	0	0	0	0	0	0	0.000581973455359	2.99300634185e-05	0.000957762029391	0.00051878776592	0.00109411009608	0.000345858510614	0.000109743565868	0	0	0	0	0	0	0
0	1.33022504082e-05	0.00143331748148	0	0.00192550074659	0.000419020887859	0.0298302965404	0.0046923688315	0.0125673010732	0.000139673629286	0.00980708411345	0.000435648700869	0.00616891862681	0	0.00543729485436	0.004203511129	0	9.97668780616e-06	0.000262719445562	0.000169603692705	0.00417690662818	0.00085799515133	6.65112520411e-06	0.00141003854327	0.00207182550108	3.32556260205e-06	0.000851344026126	7.98135024493e-05	0.00410041868833	0.00355502642159	8.97901902554e-05	0	0.00108413340827	4.32323138267e-05	0.000944459778983	0	6.65112520411e-06	3.32556260205e-06	0	1.66278130103e-05	0	0	3.32556260205e-06	0	2.99300634185e-05	1.66278130103e-05	0	0.000222812694338	0	0	0	0	0	0	0	6.65112520411e-06	0	0	1.33022504082e-05	2.66045008164e-05	0	3.32556260205e-06	1.33022504082e-05	1.99533756123e-05	3.32556260205e-06	0	0	0	0	0	0.00022613825694	2.32789382144e-05	0.000279347258572	4.65578764287e-05	0.0011273657221	6.98368146431e-05	1.99533756123e-05	1.66278130103e-05	3.32556260205e-06	3.32556260205e-06	0	0	0	0
0.00450613732578	1.99533756123e-05	0.00649814932441	0	0.000123045816276	3.99067512246e-05	0.0046923688315	0.0452076980123	0.00576652555196	0.000133022504082	0.0032457490996	0.000282672821175	0.000133022504082	0	0.0111772159055	0.000139673629286	1.66278130103e-05	0.00314930778414	0.000172929255307	0.00061522908138	0.000379114136634	0.00943129553942	3.32556260205e-06	0.00962085260774	0.000512136640716	8.97901902554e-05	0.00557364292104	0.000239440507348	0.0135583187286	0.0104954755721	0.013914153927	0	8.97901902554e-05	0.0048652980868	0.00200531424904	0	8.97901902554e-05	0	0	1.33022504082e-05	0	1.33022504082e-05	0.000152975879694	1.99533756123e-05	0.000249417195154	2.99300634185e-05	0	1.66278130103e-05	0	4.32323138267e-05	1.66278130103e-05	7.31623772452e-05	9.97668780616e-06	3.32556260205e-06	2.99300634185e-05	9.97668780616e-06	1.99533756123e-05	4.32323138267e-05	0.000126371378878	0.000552043391941	0	0.000106418003266	0.000172929255307	0.000399067512246	4.32323138267e-05	0	0	0	0	6.65112520411e-06	0.000678414770819	2.32789382144e-05	0.00141336410587	0.000415695325257	2.32789382144e-05	1.33022504082e-05	9.97668780616e-06	0.000239440507348	4.32323138267e-05	0.000169603692705	4.98834390308e-05	7.64879398472e-05	3.32556260205e-06	0
0.000498834390308	2.32789382144e-05	0.00310607547032	0	0.000841367338319	0.000375788574032	0.0125673010732	0.00576652555196	0.0311172892674	1.66278130103e-05	0.00487860033721	0.000152975879694	0.00139008516766	3.32556260205e-06	0.0171964842152	0.00185566393195	3.32556260205e-06	0.000379114136634	7.31623772452e-05	0.000172929255307	0.00184901280674	0.00133687616603	6.65112520411e-06	0.00240770732389	0.00198203531082	0	0.00248419526373	0.000465578764287	0.00386097818098	0.00684068227242	0.00265712451904	3.32556260205e-06	0.00135682954164	0.000305951759389	0.0021084066897	0	9.97668780616e-06	9.97668780616e-06	0	1.99533756123e-05	0	9.64413154595e-05	1.99533756123e-05	9.97668780616e-06	2.66045008164e-05	7.98135024493e-05	3.32556260205e-06	0.000202859318725	0	3.32556260205e-06	0	5.65345642349e-05	0	3.32556260205e-06	6.65112520411e-06	5.65345642349e-05	0	5.65345642349e-05	3.32556260205e-06	0.000229463819542	0	6.65112520411e-06	1.33022504082e-05	0.00014632475449	9.97668780616e-06	0	0	0	3.32556260205e-06	9.97668780616e-06	0.000678414770819	6.98368146431e-05	0.00170268805225	0.000605252393574	0.00063185689439	0.000123045816276	0.000149650317092	0.000133022504082	3.99067512246e-05	0.00012969694148	0.000116394691072	6.65112520411e-06	6.65112520411e-06	0
3.32556260205e-06	0.0032390979744	6.65112520411e-06	0	0.000914529715565	8.31390650513e-05	0.000139673629286	0.000133022504082	1.66278130103e-05	0.0205453257555	0	6.65112520411e-06	0.00127701603919	0.000505485515512	5.65345642349e-05	0.00224142919378	0.00123378372536	9.97668780616e-06	6.65112520411e-06	2.32789382144e-05	0.000312602884593	2.66045008164e-05	0.00578980449017	5.9860126837e-05	0.0112437271575	0.00142999191888	2.66045008164e-05	0.00314265665894	0.00202194206205	0.0014532708571	0.0019421285596	0	6.65112520411e-06	0.00182905943113	0.00169603692705	0.000222812694338	3.32556260205e-06	0	0	0.000831390650513	0	4.32323138267e-05	0.000292649508981	2.32789382144e-05	0.00711337840579	0.000927831965973	3.65811886226e-05	0.000525438891124	0	0.000199533756123	1.99533756123e-05	3.32556260205e-05	9.97668780616e-06	6.65112520411e-06	3.32556260205e-05	0.000312602884593	0	4.65578764287e-05	1.33022504082e-05	0.00611903518778	0	9.97668780616e-06	1.99533756123e-05	0.00381109474195	0.000272696133368	1.66278130103e-05	0	0	2.32789382144e-05	7.64879398472e-05	0.00106085447005	2.99300634185e-05	0.0012936438522	0.000362486323624	0.0032457490996	1.99533756123e-05	1.99533756123e-05	0.000512136640716	1.99533756123e-05	0.000103092440664	4.32323138267e-05	5.32090016329e-05	9.97668780616e-06	0
0	0	5.65345642349e-05	0	0.00195875637261	0	0.00980708411345	0.0032457490996	0.00487860033721	0	0.025237694587	0.000575322330155	0.00399067512246	0	0.00206184881327	0.000568671204951	3.32556260205e-06	9.97668780616e-06	0.000182905943113	0.000325905135001	0.00992680436713	6.3185689439e-05	0	5.9860126837e-05	0.00239773063608	6.65112520411e-06	0.000552043391941	3.99067512246e-05	0.00486862364941	0.00508811078114	4.98834390308e-05	0	9.31157528575e-05	0.000914529715565	0.00269703127027	0	6.65112520411e-06	0	0	0	0	0	0	0	6.65112520411e-06	6.65112520411e-06	0	3.65811886226e-05	0	0	0	3.32556260205e-06	3.32556260205e-06	0	3.32556260205e-06	3.32556260205e-06	0	3.32556260205e-06	0	1.99533756123e-05	0	3.32556260205e-06	9.97668780616e-06	1.99533756123e-05	0	0	0	0	0	3.32556260205e-06	4.32323138267e-05	1.33022504082e-05	0.00158629336118	0.000359160761022	3.32556260205e-06	0	9.97668780616e-06	1.66278130103e-05	0	6.65112520411e-06	3.32556260205e-06	3.32556260205e-06	0	0
0	0.000106418003266	1.99533756123e-05	0	0.000445625388675	0.000103092440664	0.000435648700869	0.000282672821175	0.000152975879694	6.65112520411e-06	0.000575322330155	0.022061782302	0.00313267997113	0.00283337933695	0.00227801038241	7.98135024493e-05	3.32556260205e-06	0.000452276513879	0.00584633905441	0.00738274897656	0.00332223703945	7.31623772452e-05	0	0.000266045008164	0.00181243161812	0.00025939388296	0.0121848613739	0.00100764546842	0.000841367338319	0.0101662448745	0.000109743565868	0.00103092440664	0.00063185689439	2.99300634185e-05	0.0132091346554	0	0.000133022504082	0	0	0.00014632475449	0	4.98834390308e-05	0.000448950951277	4.32323138267e-05	4.98834390308e-05	5.65345642349e-05	0.000126371378878	0.000605252393574	9.97668780616e-05	3.32556260205e-06	0	3.32556260205e-06	0	4.98834390308e-05	0.000126371378878	9.97668780616e-06	0	3.32556260205e-06	0	0.00150647985873	7.31623772452e-05	0.000139673629286	0.000116394691072	0.00137013179205	9.97668780616e-06	3.32556260205e-06	3.32556260205e-06	0	0	1.33022504082e-05	0.000625205769186	0.00124043485057	0.00179912936771	0.000319254009797	6.65112520411e-06	0	0	0.000212836006531	0.000116394691072	0.000196208193521	3.32556260205e-05	3.99067512246e-05	0	1.99533756123e-05
0	0	3.32556260205e-06	0	0.00380111805415	3.32556260205e-06	0.00616891862681	0.000133022504082	0.00139008516766	0.00127701603919	0.00399067512246	0.00313267997113	0.030418921121	3.32556260205e-06	0.00382107142976	0.00152975879694	9.97668780616e-06	1.33022504082e-05	0.00108745897087	0.00167608355143	0.0146956611385	9.97668780616e-06	0	1.33022504082e-05	0.00561687523487	1.33022504082e-05	0.00282672821175	0.000399067512246	0.00157631667337	0.00880941533284	0.000581973455359	0	5.65345642349e-05	0.000734949335054	0.00558029404625	3.32556260205e-06	9.97668780616e-06	0	0	0.000219487131736	0	1.33022504082e-05	3.99067512246e-05	3.32556260205e-06	0.000448950951277	0.000123045816276	0	0.00301628528006	0	0	0	0	6.65112520411e-06	0	1.33022504082e-05	4.65578764287e-05	0	0	0	0.000412369762655	0	1.33022504082e-05	1.33022504082e-05	0.000199533756123	3.32556260205e-06	0	0	0	0	3.32556260205e-06	0.000448950951277	3.32556260205e-05	0.00261389220521	0.000106418003266	0.000867971839136	0	1.99533756123e-05	4.65578764287e-05	1.99533756123e-05	1.33022504082e-05	1.99533756123e-05	4.98834390308e-05	0	0
3.32556260205e-06	0.00100431990582	4.65578764287e-05	0	0	9.97668780616e-06	0	0	3.32556260205e-06	0.000505485515512	0	0.00283337933695	3.32556260205e-06	0.0239706552356	0.000169603692705	0.000329230697603	5.32090016329e-05	0.000199533756123	7.64879398472e-05	0.000312602884593	3.32556260205e-06	3.65811886226e-05	0.000552043391941	0.000192882630919	1.33022504082e-05	0.00930159859794	0.00408711643792	0.00797469911972	1.99533756123e-05	0.000681740333421	3.99067512246e-05	0.00455934632741	0.000279347258572	1.99533756123e-05	0.00180245493031	0	0.00046890432689	0	0	0	0	6.98368146431e-05	6.65112520411e-06	6.3185689439e-05	0.000119720253674	0	0.00343198060532	0	0.00321249347358	3.32556260205e-06	0	3.32556260205e-05	2.32789382144e-05	0.000266045008164	0.000362486323624	0	0	0.000196208193521	0	4.32323138267e-05	0.00239773063608	0.0048619725242	0.00229131263281	9.97668780616e-06	0	3.32556260205e-06	0.000432323138267	0	0	0.000272696133368	0.000212836006531	0.00120717922455	0.000249417195154	0.000249417195154	0.000345858510614	0	0.00011306912847	4.32323138267e-05	0.00273693802149	0.000309277321991	3.32556260205e-06	0	1.99533756123e-05	0.000591950143165
0.00682072889681	5.9860126837e-05	0.00821413962707	0	0.00131027166521	0.000292649508981	0.00543729485436	0.0111772159055	0.0171964842152	5.65345642349e-05	0.00206184881327	0.00227801038241	0.00382107142976	0.000169603692705	0.053408535389	0.00239440507348	0.000109743565868	0.00203524431246	0.000608577956176	0.0011273657221	0.00402393074848	0.00297970409144	6.65112520411e-06	0.00654803276344	0.00316593559715	9.97668780616e-06	0.00985031642728	0.00137013179205	0.00441967269813	0.0299799468575	0.011047518964	0.00012969694148	0.00164282792541	0.00223810363118	0.00896239121253	4.98834390308e-05	4.32323138267e-05	1.33022504082e-05	0	8.97901902554e-05	0	0.00037246301143	0.000192882630919	6.3185689439e-05	0.000229463819542	0.00022613825694	1.66278130103e-05	0.000758228273268	0	9.31157528575e-05	2.99300634185e-05	7.64879398472e-05	2.32789382144e-05	3.32556260205e-06	2.99300634185e-05	0.000179580380511	0	8.97901902554e-05	1.66278130103e-05	0.000967738717197	0	0.000106418003266	5.32090016329e-05	0.000751577148064	0.000142999191888	6.65112520411e-06	0	0	2.99300634185e-05	3.32556260205e-05	0.00256068320358	0.000256068320358	0.00584301349181	0.0017758504295	0.000931157528575	0.000249417195154	0.000478881014696	0.000458927639083	0.000239440507348	0.000588624580563	0.00050215995291	7.31623772452e-05	4.32323138267e-05	0
0	0.00100764546842	0	0	0.000369137448828	0.000246091632552	0.004203511129	0.000139673629286	0.00185566393195	0.00224142919378	0.000568671204951	7.98135024493e-05	0.00152975879694	0.000329230697603	0.00239440507348	0.00970731723539	9.97668780616e-06	0	8.64646276534e-05	4.98834390308e-05	0.00040571863745	0	0.00117392359852	3.32556260205e-06	0.000991017655412	0.000638508019594	8.97901902554e-05	0.00105752890745	0.000349184073216	0.00143331748148	3.99067512246e-05	0	0.000465578764287	4.32323138267e-05	0.000285998383777	0	0	0	0	0	0	6.65112520411e-06	6.65112520411e-06	6.65112520411e-06	4.32323138267e-05	0	0	1.66278130103e-05	0	0	0	3.32556260205e-06	0	0	3.32556260205e-06	0	0	3.32556260205e-06	0	5.32090016329e-05	0	0	0	1.99533756123e-05	0	0	0	0	0	0	0.000415695325257	2.99300634185e-05	0.000176254817909	0.000139673629286	0.00522778441043	4.65578764287e-05	8.64646276534e-05	9.97668780616e-06	0	1.33022504082e-05	3.32556260205e-06	1.66278130103e-05	0	0
0.000209510443929	0.000668438083013	0.000581973455359	0	6.65112520411e-06	0	0	1.66278130103e-05	3.32556260205e-06	0.00123378372536	3.32556260205e-06	3.32556260205e-06	9.97668780616e-06	5.32090016329e-05	0.000109743565868	9.97668780616e-06	0.0268539180116	0.000156301442297	1.66278130103e-05	0.000172929255307	1.33022504082e-05	0.00540403922834	0.0069637280887	0.00496506496487	0.0102793140029	0.000209510443929	0.000352509635818	0.00641168469676	0.000907878590361	0.00199533756123	0.00393414055823	6.65112520411e-06	0	0.00192882630919	0.00325905135001	0.000169603692705	0.000149650317092	3.32556260205e-05	0	0	0	3.32556260205e-06	0.000179580380511	9.97668780616e-06	0.00218822019215	3.32556260205e-06	2.66045008164e-05	0	1.33022504082e-05	0.000139673629286	3.32556260205e-06	0.00724972647248	1.99533756123e-05	1.33022504082e-05	5.9860126837e-05	0	0.000142999191888	0.00562352636007	0.000269370570766	0.00392748943302	2.32789382144e-05	8.64646276534e-05	0.000339207385409	0.00250747420195	0.000229463819542	0.00025939388296	0	0	2.32789382144e-05	4.98834390308e-05	0.00196540749781	0.000685065896023	0.00111738903429	0.000651810270002	0.000152975879694	6.65112520411e-05	3.32556260205e-06	0.000741600460258	0.00046890432689	3.32556260205e-05	9.97668780616e-06	1.33022504082e-05	0	0
0.00128699272699	0.000575322330155	0.00788158336687	0	6.65112520411e-06	3.65811886226e-05	9.97668780616e-06	0.00314930778414	0.000379114136634	9.97668780616e-06	9.97668780616e-06	0.000452276513879	1.33022504082e-05	0.000199533756123	0.00203524431246	0	0.000156301442297	0.0410873259484	0.000608577956176	0.00753572485625	1.99533756123e-05	0.00468571770629	6.98368146431e-05	0.0145593130718	0.000206184881327	0.000159627004899	0.0210075789572	0.00839039444498	0.000542066704135	0.00168273467664	0.00796139686932	6.3185689439e-05	3.32556260205e-06	0.000266045008164	0.011047518964	9.64413154595e-05	0.000734949335054	0.000608577956176	0	6.65112520411e-06	0	1.99533756123e-05	6.3185689439e-05	9.97668780616e-06	2.66045008164e-05	9.97668780616e-06	1.66278130103e-05	1.33022504082e-05	3.32556260205e-06	7.31623772452e-05	0	0.000149650317092	0.000788158336687	5.9860126837e-05	0.000219487131736	1.33022504082e-05	9.97668780616e-06	0.00025939388296	0.000256068320358	0.000123045816276	0	0.00111406347169	0.00160957229939	8.31390650513e-05	9.97668780616e-05	1.66278130103e-05	0	0	2.32789382144e-05	3.32556260205e-05	0.00216494125394	0.000967738717197	0.00530427235027	0.00271033352067	0.000848018463524	0.00100764546842	3.32556260205e-06	0.000266045008164	0.00141668966847	1.66278130103e-05	1.99533756123e-05	3.32556260205e-06	0	3.32556260205e-06
0	0	0.000236114944746	0	0.000176254817909	0	0.000262719445562	0.000172929255307	7.31623772452e-05	6.65112520411e-06	0.000182905943113	0.00584633905441	0.00108745897087	7.64879398472e-05	0.000608577956176	8.64646276534e-05	1.66278130103e-05	0.000608577956176	0.0105719635119	0.00375123461512	0.00108413340827	8.97901902554e-05	0	0.000156301442297	0.00051878776592	0.000162952567501	0.00789821117988	0.000538741141533	0.00037246301143	0.00377783911593	0.000475555452094	2.66045008164e-05	0	2.66045008164e-05	0.00413699987695	0	5.65345642349e-05	0	0	0.000116394691072	0	5.32090016329e-05	0.000335881822807	4.32323138267e-05	2.32789382144e-05	1.99533756123e-05	6.98368146431e-05	0.000186231505715	3.32556260205e-06	3.32556260205e-06	0	3.32556260205e-06	0	4.98834390308e-05	0.00012969694148	1.33022504082e-05	0	0	0	0.000907878590361	3.32556260205e-05	0.000103092440664	4.32323138267e-05	0.000834716213115	6.65112520411e-06	0	0	0	0	1.33022504082e-05	0.00119720253674	0.00104755221965	0.000332556260205	0.000232789382144	6.65112520411e-06	0	0	0.000176254817909	6.65112520411e-05	0.000199533756123	3.65811886226e-05	2.99300634185e-05	0	0
0.00061522908138	0.00012969694148	0.000864646276534	0	0.000335881822807	0	0.000169603692705	0.00061522908138	0.000172929255307	2.32789382144e-05	0.000325905135001	0.00738274897656	0.00167608355143	0.000312602884593	0.0011273657221	4.98834390308e-05	0.000172929255307	0.00753572485625	0.00375123461512	0.0259194349204	0.00189889624577	0.000851344026126	4.32323138267e-05	0.00233121938404	0.00149317760832	0.000116394691072	0.0192550074659	0.00143664304409	0.00061522908138	0.00488192589981	0.00306284315649	8.97901902554e-05	0	0.00012969694148	0.010036547933	0	0.000139673629286	6.65112520411e-06	0	0.00014632475449	0	4.32323138267e-05	0.00027602169597	3.99067512246e-05	3.32556260205e-06	3.99067512246e-05	5.65345642349e-05	0.000339207385409	0	3.32556260205e-06	0	5.9860126837e-05	3.65811886226e-05	4.98834390308e-05	0.00012969694148	6.65112520411e-06	9.97668780616e-06	5.32090016329e-05	1.33022504082e-05	0.00125373710097	0	0.000219487131736	0.000252742757756	0.00112071459689	9.97668780616e-06	0	0	0	0	9.97668780616e-06	0.00415362768996	0.00355502642159	0.00250747420195	0.000359160761022	6.65112520411e-06	0	6.65112520411e-06	0.000219487131736	0.00012969694148	0.000186231505715	3.32556260205e-05	3.99067512246e-05	0	0
0	0	3.32556260205e-06	0	0.00733619110013	3.32556260205e-06	0.00417690662818	0.000379114136634	0.00184901280674	0.000312602884593	0.00992680436713	0.00332223703945	0.0146956611385	3.32556260205e-06	0.00402393074848	0.00040571863745	1.33022504082e-05	1.99533756123e-05	0.00108413340827	0.00189889624577	0.0291618584574	9.97668780616e-06	0	1.66278130103e-05	0.00709675059278	1.33022504082e-05	0.00299965746705	0.000399067512246	0.00671431089355	0.0117359104226	0.000681740333421	0	0.000139673629286	0.00177252486689	0.00816758175064	3.32556260205e-06	9.97668780616e-06	0	0	0.000349184073216	0	6.65112520411e-06	3.99067512246e-05	3.32556260205e-06	0.000379114136634	0.000482206577298	0	0.00151978210914	0	0	0	0	9.97668780616e-06	0	1.99533756123e-05	8.97901902554e-05	3.32556260205e-06	0	3.32556260205e-06	0.000658461395207	0	1.33022504082e-05	1.99533756123e-05	0.000305951759389	3.32556260205e-06	0	0	0	0	6.65112520411e-06	0.000399067512246	4.32323138267e-05	0.00483536802339	0.000641833582196	0.000199533756123	0	2.99300634185e-05	5.65345642349e-05	1.99533756123e-05	2.32789382144e-05	2.32789382144e-05	9.97668780616e-06	0	0
0.00040571863745	0.000332556260205	0.00629196444308	0	6.65112520411e-06	0	0.00085799515133	0.00943129553942	0.00133687616603	2.66045008164e-05	6.3185689439e-05	7.31623772452e-05	9.97668780616e-06	3.65811886226e-05	0.00297970409144	0	0.00540403922834	0.00468571770629	8.97901902554e-05	0.000851344026126	9.97668780616e-06	0.0608644467428	0.00228798707021	0.0401062849808	0.00151313098393	0.000182905943113	0.00605252393574	0.00176587374169	0.00771863079937	0.00171931586526	0.0195543081001	9.97668780616e-06	9.97668780616e-06	0.000665112520411	0.00841034782059	0.000335881822807	0.000262719445562	0.000309277321991	0	1.33022504082e-05	0	2.32789382144e-05	0.000538741141533	3.99067512246e-05	0.00216494125394	9.97668780616e-06	3.32556260205e-06	0	0	0.000123045816276	0	0.00362153767364	2.32789382144e-05	9.97668780616e-06	4.32323138267e-05	0	0.000189557068317	0.00640170800895	0.000266045008164	0.00448618395017	6.65112520411e-06	0.000256068320358	0.000568671204951	0.00548717829339	0.000379114136634	0.000635182456992	0	0	8.97901902554e-05	8.97901902554e-05	0.00462585757946	0.00128034160179	0.00406383749971	0.00108745897087	0.000279347258572	0.000229463819542	6.65112520411e-06	0.000172929255307	3.65811886226e-05	5.32090016329e-05	4.32323138267e-05	3.32556260205e-06	3.32556260205e-06	0
0	0.00487194921201	0.00077818164888	0	3.32556260205e-06	3.65811886226e-05	6.65112520411e-06	3.32556260205e-06	6.65112520411e-06	0.00578980449017	0	0	0	0.000552043391941	6.65112520411e-06	0.00117392359852	0.0069637280887	6.98368146431e-05	0	4.32323138267e-05	0	0.00228798707021	0.0216228080385	0.00298968077925	0.00545392266737	0.0016262001124	0.00012969694148	0.00933152866136	0.000425672013063	2.32789382144e-05	3.99067512246e-05	0	3.32556260205e-06	1.33022504082e-05	0.000116394691072	6.65112520411e-06	0.00012969694148	0	0	9.97668780616e-06	0	2.66045008164e-05	0.000285998383777	1.33022504082e-05	0.00317258672236	1.33022504082e-05	2.32789382144e-05	2.32789382144e-05	9.97668780616e-06	3.32556260205e-06	0	0.00477883345915	2.66045008164e-05	0	1.99533756123e-05	6.65112520411e-06	9.97668780616e-06	0.00729960991151	0.000109743565868	0.00377783911593	3.99067512246e-05	2.32789382144e-05	0.00215163900353	0.00252742757756	9.97668780616e-06	0.00035583519842	0	0	0	1.99533756123e-05	0.000362486323624	6.65112520411e-05	7.64879398472e-05	4.98834390308e-05	0.00136680622944	9.97668780616e-06	1.66278130103e-05	9.97668780616e-05	4.65578764287e-05	1.99533756123e-05	3.32556260205e-06	9.97668780616e-06	6.65112520411e-06	0
0.00140338741807	0.000588624580563	0.0229596842046	0	2.99300634185e-05	0.000262719445562	0.00141003854327	0.00962085260774	0.00240770732389	5.9860126837e-05	5.9860126837e-05	0.000266045008164	1.33022504082e-05	0.000192882630919	0.00654803276344	3.32556260205e-06	0.00496506496487	0.0145593130718	0.000156301442297	0.00233121938404	1.66278130103e-05	0.0401062849808	0.00298968077925	0.0859691188257	0.000721647084646	0.000322579572399	0.0131259955903	0.0146391265742	0.00362486323624	0.00305951759389	0.0129929730862	7.31623772452e-05	6.65112520411e-05	0.000861320713932	0.013345482722	0.00038909082444	0.000332556260205	0.000349184073216	0	3.32556260205e-05	0	2.99300634185e-05	0.000399067512246	4.65578764287e-05	0.00104090109444	2.66045008164e-05	6.65112520411e-06	1.66278130103e-05	0	0.000189557068317	6.65112520411e-06	0.00878613639462	3.99067512246e-05	9.97668780616e-06	3.32556260205e-05	3.32556260205e-06	0.00128034160179	0.0121516057479	0.00337212047848	0.00456599745262	3.32556260205e-06	0.00027602169597	0.000841367338319	0.00448618395017	0.000475555452094	0.000428997575665	0	0	0.00011306912847	0.000123045816276	0.00819418625146	0.00309277321991	0.0121649079983	0.00612568631298	0.00186231505715	0.00176919930429	1.99533756123e-05	0.000279347258572	0.000256068320358	8.64646276534e-05	6.65112520411e-05	1.66278130103e-05	6.65112520411e-06	0
0.000266045008164	0.00137013179205	0.000219487131736	0	0.0154671916621	3.99067512246e-05	0.00207182550108	0.000512136640716	0.00198203531082	0.0112437271575	0.00239773063608	0.00181243161812	0.00561687523487	1.33022504082e-05	0.00316593559715	0.000991017655412	0.0102793140029	0.000206184881327	0.00051878776592	0.00149317760832	0.00709675059278	0.00151313098393	0.00545392266737	0.000721647084646	0.0606715641119	8.64646276534e-05	0.00206849993848	0.00287328608817	0.01612897862	0.013897526114	0.00740935347737	0	0.000209510443929	0.0080944193734	0.0123045816276	0.000272696133368	0.000133022504082	6.65112520411e-06	0	0.0030794709695	0	0.000731623772452	0.000419020887859	3.32556260205e-05	0.0111373091543	0.00736944672615	3.99067512246e-05	0.00328233028823	0	0.000199533756123	2.66045008164e-05	7.31623772452e-05	4.65578764287e-05	9.97668780616e-06	7.98135024493e-05	0.00290321615159	0	0.000246091632552	1.99533756123e-05	0.0107149627038	9.97668780616e-06	0.00011306912847	0.00025939388296	0.00843695232141	0.000322579572399	7.64879398472e-05	0	0	2.32789382144e-05	7.64879398472e-05	0.0029131928394	0.000967738717197	0.00746921360421	0.00233454494664	0.00152975879694	9.31157528575e-05	0.000123045816276	0.000691717021227	0.000142999191888	0.000196208193521	8.64646276534e-05	0.00011306912847	2.66045008164e-05	0
3.32556260205e-06	0.00269703127027	7.31623772452e-05	0	0	6.65112520411e-06	3.32556260205e-06	8.97901902554e-05	0	0.00142999191888	6.65112520411e-06	0.00025939388296	1.33022504082e-05	0.00930159859794	9.97668780616e-06	0.000638508019594	0.000209510443929	0.000159627004899	0.000162952567501	0.000116394691072	1.33022504082e-05	0.000182905943113	0.0016262001124	0.000322579572399	8.64646276534e-05	0.017741876482	0.00143331748148	0.0118423284259	6.65112520411e-06	5.32090016329e-05	0.000116394691072	0.000731623772452	1.66278130103e-05	9.97668780616e-06	0.000246091632552	0	0.00311605215812	0	0	0	0	2.66045008164e-05	0	6.65112520411e-06	8.31390650513e-05	1.99533756123e-05	0.00076155383587	9.97668780616e-06	0.00132024835302	9.97668780616e-06	0	0.000166278130103	2.32789382144e-05	9.97668780616e-06	0.000216161569133	9.97668780616e-06	0	0.000282672821175	0	1.66278130103e-05	0.00315595890935	0.00526436559905	0.00385765261838	3.32556260205e-06	6.65112520411e-06	0	8.64646276534e-05	0	0	3.32556260205e-05	0.000222812694338	0.000362486323624	2.99300634185e-05	1.99533756123e-05	0.000668438083013	0	0.000139673629286	1.99533756123e-05	0.000475555452094	0.000176254817909	0	0	3.32556260205e-06	0.000212836006531
0.00266710120685	0.00509808746895	0.0185932205081	0	0.000458927639083	0.000106418003266	0.000851344026126	0.00557364292104	0.00248419526373	2.66045008164e-05	0.000552043391941	0.0121848613739	0.00282672821175	0.00408711643792	0.00985031642728	8.97901902554e-05	0.000352509635818	0.0210075789572	0.00789821117988	0.0192550074659	0.00299965746705	0.00605252393574	0.00012969694148	0.0131259955903	0.00206849993848	0.00143331748148	0.105915843313	0.0256700177252	0.00100431990582	0.0108313573949	0.00762884060911	0.00255403207838	0.000482206577298	0.000399067512246	0.0147422190149	5.9860126837e-05	0.00545392266737	0.0017791759921	0	0.00014632475449	0	0.000152975879694	0.00050215995291	8.64646276534e-05	0.00014632475449	0.000136348066684	0.000814762837503	0.000628531331788	0.000139673629286	6.3185689439e-05	1.66278130103e-05	0.00012969694148	0.00228798707021	0.000724972647248	0.0024243351369	6.65112520411e-05	9.97668780616e-05	0.000282672821175	0.000675089208217	0.00154638660995	0.000678414770819	0.00984033973948	0.0111871925933	0.00144329416929	7.31623772452e-05	6.65112520411e-05	7.64879398472e-05	0	2.66045008164e-05	0.000202859318725	0.00753239929365	0.00732953997493	0.00352509635818	0.00131359722781	1.66278130103e-05	6.65112520411e-06	7.31623772452e-05	0.000734949335054	0.00541734147874	0.000482206577298	9.97668780616e-05	4.65578764287e-05	0	7.64879398472e-05
0.00014632475449	0.0179912936771	0.016863927955	0	3.65811886226e-05	9.97668780616e-05	7.98135024493e-05	0.000239440507348	0.000465578764287	0.00314265665894	3.99067512246e-05	0.00100764546842	0.000399067512246	0.00797469911972	0.00137013179205	0.00105752890745	0.00641168469676	0.00839039444498	0.000538741141533	0.00143664304409	0.000399067512246	0.00176587374169	0.00933152866136	0.0146391265742	0.00287328608817	0.0118423284259	0.0256700177252	0.107096418037	0.000269370570766	0.00154638660995	0.00112404015949	0.000661786957809	6.3185689439e-05	0.000292649508981	0.0063152433813	0	0.010655102577	0.000445625388675	0	3.32556260205e-06	0	9.97668780616e-05	6.98368146431e-05	5.32090016329e-05	0.00011306912847	6.65112520411e-05	0.000305951759389	0.000159627004899	0.000349184073216	2.66045008164e-05	3.32556260205e-06	0.0115929112308	0.000455602076481	0.000156301442297	0.000695042583829	3.65811886226e-05	0.000272696133368	0.0148187069547	0.00320584234838	0.000455602076481	0.00186896618235	0.00876285745641	0.0219819687996	0.000302626196787	1.33022504082e-05	2.99300634185e-05	5.65345642349e-05	0	3.32556260205e-06	8.31390650513e-05	0.00960089923213	0.00258063657919	0.00583968792921	0.00263384558083	0.00163617680021	0.000179580380511	8.64646276534e-05	0.000628531331788	0.00137345735465	0.000212836006531	8.97901902554e-05	1.99533756123e-05	0	8.31390650513e-05
0.000103092440664	2.66045008164e-05	0.000458927639083	0	0.00866641614095	4.65578764287e-05	0.00410041868833	0.0135583187286	0.00386097818098	0.00202194206205	0.00486862364941	0.000841367338319	0.00157631667337	1.99533756123e-05	0.00441967269813	0.000349184073216	0.000907878590361	0.000542066704135	0.00037246301143	0.00061522908138	0.00671431089355	0.00771863079937	0.000425672013063	0.00362486323624	0.01612897862	6.65112520411e-06	0.00100431990582	0.000269370570766	0.0544793665468	0.0141203388083	0.0127468814537	0	0.000182905943113	0.00893578671172	0.00953438798009	9.97668780616e-06	9.97668780616e-06	0	0	0.00124376041317	0	0.000179580380511	0.000305951759389	2.99300634185e-05	0.00322579572399	0.00338874829149	3.32556260205e-06	0.000428997575665	0	2.66045008164e-05	9.97668780616e-06	1.99533756123e-05	1.33022504082e-05	3.32556260205e-06	1.66278130103e-05	0.000638508019594	9.97668780616e-06	2.66045008164e-05	1.66278130103e-05	0.00694044915049	0	1.33022504082e-05	5.65345642349e-05	0.00571996767553	3.32556260205e-05	9.97668780616e-06	0	0	0	6.65112520411e-06	0.00193547743439	0.000169603692705	0.00715328515702	0.00251079976455	0.000392416387042	0.000119720253674	0.000119720253674	0.000515462203318	2.32789382144e-05	0.000176254817909	9.97668780616e-05	8.64646276534e-05	2.66045008164e-05	0
0.00491185596323	9.64413154595e-05	0.0022746848198	0	0.00325572578741	0.0012936438522	0.00355502642159	0.0104954755721	0.00684068227242	0.0014532708571	0.00508811078114	0.0101662448745	0.00880941533284	0.000681740333421	0.0299799468575	0.00143331748148	0.00199533756123	0.00168273467664	0.00377783911593	0.00488192589981	0.0117359104226	0.00171931586526	2.32789382144e-05	0.00305951759389	0.013897526114	5.32090016329e-05	0.0108313573949	0.00154638660995	0.0141203388083	0.0804619871567	0.025221066774	0.000339207385409	0.00350846854517	0.0232323803379	0.0381342263577	0.000176254817909	8.64646276534e-05	5.9860126837e-05	0	0.00106418003266	0	0.000562020079747	0.00130362054	0.00024276606995	0.00309609878251	0.000625205769186	7.98135024493e-05	0.0014532708571	6.65112520411e-06	0.000315928447195	4.32323138267e-05	6.65112520411e-05	7.98135024493e-05	4.98834390308e-05	0.000219487131736	0.000302626196787	3.32556260205e-06	8.64646276534e-05	3.65811886226e-05	0.00726967984809	0	7.64879398472e-05	0.000219487131736	0.00497504165267	0.000415695325257	2.32789382144e-05	0	0	6.3185689439e-05	0.000142999191888	0.00723642422207	0.000904553027758	0.0217990628565	0.00741267903998	0.00105752890745	0.000438974263471	0.00175257149128	0.00231791713363	0.000256068320358	0.00142334079368	0.000997668780616	0.000319254009797	0.000176254817909	0
0.0055137827942	0.000199533756123	0.00373460680211	0	0.000219487131736	1.33022504082e-05	8.97901902554e-05	0.013914153927	0.00265712451904	0.0019421285596	4.98834390308e-05	0.000109743565868	0.000581973455359	3.99067512246e-05	0.011047518964	3.99067512246e-05	0.00393414055823	0.00796139686932	0.000475555452094	0.00306284315649	0.000681740333421	0.0195543081001	3.99067512246e-05	0.0129929730862	0.00740935347737	0.000116394691072	0.00762884060911	0.00112404015949	0.0127468814537	0.025221066774	0.0674789907583	9.97668780616e-06	4.65578764287e-05	0.0176487607291	0.0198768876725	0.000319254009797	0.000249417195154	0.00024276606995	0	0.000675089208217	0	5.9860126837e-05	0.000661786957809	4.65578764287e-05	0.00330560922644	0.000256068320358	5.32090016329e-05	0.000116394691072	0	0.00046890432689	3.32556260205e-05	0.000292649508981	7.64879398472e-05	1.33022504082e-05	0.00011306912847	7.64879398472e-05	7.31623772452e-05	0.000299300634185	0.000116394691072	0.00403058187369	9.97668780616e-06	0.000232789382144	0.000588624580563	0.00297970409144	0.000625205769186	0.000123045816276	0	0	7.31623772452e-05	0.000106418003266	0.00614563968859	0.00122713260016	0.0100066178696	0.00374125792731	0.000721647084646	0.000565345642349	7.64879398472e-05	0.00168273467664	0.000206184881327	0.000655135832604	0.000392416387042	0.000232789382144	3.32556260205e-05	0
0	9.64413154595e-05	1.33022504082e-05	0	0	3.32556260205e-06	0	0	3.32556260205e-06	0	0	0.00103092440664	0	0.00455934632741	0.00012969694148	0	6.65112520411e-06	6.3185689439e-05	2.66045008164e-05	8.97901902554e-05	0	9.97668780616e-06	0	7.31623772452e-05	0	0.000731623772452	0.00255403207838	0.000661786957809	0	0.000339207385409	9.97668780616e-06	0.00553706173242	0.000133022504082	3.32556260205e-06	0.000628531331788	0	9.97668780616e-05	0	0	0	0	3.32556260205e-06	6.65112520411e-06	3.32556260205e-06	0	3.32556260205e-06	0.000542066704135	0	0.000219487131736	0	0	9.97668780616e-06	3.32556260205e-06	0.000123045816276	0.00011306912847	0	0	6.65112520411e-06	0	1.66278130103e-05	3.99067512246e-05	0.00142999191888	0.00040571863745	1.33022504082e-05	0	6.65112520411e-06	7.31623772452e-05	0	0	6.65112520411e-06	0.000282672821175	0.000748251585462	8.64646276534e-05	7.98135024493e-05	0	0	0	2.99300634185e-05	0.000685065896023	3.65811886226e-05	0	0	0	2.66045008164e-05
0	3.32556260205e-06	1.33022504082e-05	0	8.31390650513e-05	0.00321581903619	0.00108413340827	8.97901902554e-05	0.00135682954164	6.65112520411e-06	9.31157528575e-05	0.00063185689439	5.65345642349e-05	0.000279347258572	0.00164282792541	0.000465578764287	0	3.32556260205e-06	0	0	0.000139673629286	9.97668780616e-06	3.32556260205e-06	6.65112520411e-05	0.000209510443929	1.66278130103e-05	0.000482206577298	6.3185689439e-05	0.000182905943113	0.00350846854517	4.65578764287e-05	0.000133022504082	0.00776186311319	8.64646276534e-05	0.00295975071583	0	0	0	0	0	0	3.32556260205e-06	6.65112520411e-06	3.32556260205e-06	1.33022504082e-05	0	0	6.65112520411e-06	6.65112520411e-06	0	3.32556260205e-06	0	3.32556260205e-06	0	0	0	0	0	0	3.32556260205e-05	0	0	0	6.65112520411e-06	3.32556260205e-06	0	0	0	3.32556260205e-06	3.32556260205e-06	0.00101429659363	4.65578764287e-05	0.00143996860669	0.000522113328522	0.000585299017961	0.000139673629286	0.000149650317092	3.32556260205e-05	3.32556260205e-06	3.32556260205e-06	3.32556260205e-06	6.65112520411e-06	0	0
0.000399067512246	5.32090016329e-05	0.000206184881327	0	0.00142999191888	3.99067512246e-05	4.32323138267e-05	0.0048652980868	0.000305951759389	0.00182905943113	0.000914529715565	2.99300634185e-05	0.000734949335054	1.99533756123e-05	0.00223810363118	4.32323138267e-05	0.00192882630919	0.000266045008164	2.66045008164e-05	0.00012969694148	0.00177252486689	0.000665112520411	1.33022504082e-05	0.000861320713932	0.0080944193734	9.97668780616e-06	0.000399067512246	0.000292649508981	0.00893578671172	0.0232323803379	0.0176487607291	3.32556260205e-06	8.64646276534e-05	0.0269470337644	0.0152477045304	0.00014632475449	4.98834390308e-05	6.98368146431e-05	0	0.000665112520411	0	3.65811886226e-05	0.000562020079747	2.32789382144e-05	0.00309277321991	0.000249417195154	9.97668780616e-06	8.64646276534e-05	0	0.000219487131736	2.32789382144e-05	1.33022504082e-05	5.9860126837e-05	6.65112520411e-06	5.9860126837e-05	5.65345642349e-05	4.65578764287e-05	2.32789382144e-05	1.99533756123e-05	0.00379446692894	0	3.32556260205e-05	0.000176254817909	0.0024243351369	0.000302626196787	4.98834390308e-05	0	0	4.32323138267e-05	5.9860126837e-05	0.00409044200053	0.000332556260205	0.00996005999315	0.00379779249154	0.000515462203318	0.000282672821175	2.99300634185e-05	0.00102759884403	0.000156301442297	0.000172929255307	0.000166278130103	8.97901902554e-05	2.32789382144e-05	0
