0.035130461264	5.43815189846e-05	0.00405686131625	0	0	0	0.000413299544283	0.00886418759449	0.00306711767073	0	0.00201211620243	0.000543815189846	0	0	0.0221550308343	0	0	0.00451366607572	9.78867341723e-05	0.000793970177175	0	0.00187072425307	0	0.0128992963031	0	0	0.00129428015183	0.000250154987329	0.00560129645541	0.0137476479993	0.0238408579228	0	0	0.00171845599991	0.00381758263272	0	0.000163144556954	0	0	0	0	0	0	0	0	0	0	0	0	0	0	0	0	0	9.78867341723e-05	0	1.08763037969e-05	0	5.43815189846e-05	0	0	9.78867341723e-05	0	0	0	0	0	0	0	0	0	0	0.00375232480994	0.000163144556954	5.43815189846e-05	0	0	0	0	0	2.17526075938e-05	0	0	0
5.43815189846e-05	0.0230903929609	0	0	0	1.08763037969e-05	1.08763037969e-05	0	0	0.00239278683532	0	0.000184897164548	0	1.08763037969e-05	3.26289113908e-05	0	0.00160969296194	0.00566655427819	0	0.00056556779744	0	0	0.00677593726548	0.000119639341766	0.00279521007581	0.000652578227815	0.00385021154411	0.0128666673918	1.08763037969e-05	9.78867341723e-05	0.000108763037969	0	1.08763037969e-05	3.26289113908e-05	0.000674330835409	0	0.0111590876956	0.00215350815179	0	0	0	0	0	0	2.17526075938e-05	0	0	0	0	0	0	0	5.43815189846e-05	0	0.00302361245554	0	2.17526075938e-05	0.000304536506314	0.00118551711386	3.26289113908e-05	6.52578227815e-05	0.00393722197448	0.00492696562	1.08763037969e-05	0	0	0	0	0	0	0.000130515645563	0.000119639341766	0.0010658777721	0.000717836050597	0.00014139194936	6.52578227815e-05	0	0.000554691493643	1.08763037969e-05	5.43815189846e-05	0.000108763037969	0	0	0
0.00405686131625	0	0.0413952122511	0	0	0	0	0.000967991037926	0	0	0	0	0	0	0.00188160055687	0	0	0.0144437314423	0	0	0	0.00147917731638	0.00109850668349	0.0249937461253	0	0	0.00841825913881	0.0137258953917	0	0.00059819670883	0.00499222344279	0	0	0	0	0	0	0	0	0	0	0	0	0	0	0	0	0	0	0	0	0	0	0	0	0	0.000380670632892	0.00164232187333	0.000978867341723	0	0	1.08763037969e-05	0.00146830101258	0	0	0	0	0	0	0	3.26289113908e-05	0	0.00146830101258	0.00146830101258	0.000750464961987	0	0	0.000957114734129	2.17526075938e-05	6.52578227815e-05	8.70104303753e-05	0	0	0
0	0	0	0	0	0	0	0	0	0	0	0	0	0	0	0	0	0	0	0	0	0	0	0	0	0	0	0	0	0	0	0	0	0	0	0	0	0	0	0	0	0	0	0	0	0	0	0	0	0	0	0	0	0	0	0	0	0	0	0	0	0	0	0	0	0	0	0	0	0	0	0	0	0	0	0	0	0	0	0	0	0	0	0
0	0	0	0	0.0224486910368	0.000261031291126	0.00102237255691	0.00059819670883	0.000402423240486	0.0101258388349	0.00410036653144	0	0.00538377037947	1.08763037969e-05	0.00028278389872	0.000967991037926	0	0	0	0	0.00399160349347	0	0	0	0.0109850668349	0	0	0	0.010658777721	0.00028278389872	0	0	0.000478557367064	0	0.00059819670883	0	0	0	0	0.00971253929065	1.08763037969e-05	0.00014139194936	0	7.61341265784e-05	0.00853789848058	0.00293660202517	3.26289113908e-05	0.0123554811133	4.35052151877e-05	7.61341265784e-05	6.52578227815e-05	0	0	0	0	0.0128122858728	0	0	0	0.0102781070881	0	0	0	4.35052151877e-05	0.000369794329095	0	0	0	0	0.000391546936689	0.000250154987329	0	0.000478557367064	1.08763037969e-05	0.00307799397453	0.000456804759471	0	0.000217526075938	1.08763037969e-05	0.00059819670883	0.000391546936689	0.000119639341766	2.17526075938e-05	3.26289113908e-05
0	1.08763037969e-05	0	0	0.000261031291126	0.0077548046072	0.00416562435422	8.70104303753e-05	0.00312149918972	0.00448103716433	1.08763037969e-05	0	9.78867341723e-05	7.61341265784e-05	2.17526075938e-05	0.00652578227815	0	0	0	0	0	1.08763037969e-05	0	0	0.00168582708852	0	0	0	0.000489433670861	0.00172933230371	3.26289113908e-05	0	0.00270819964543	0.000913609518941	0.00239278683532	0	1.08763037969e-05	0	0	0.00107675407589	0	0	0	0	0.00151180622777	0.000293660202517	0	0.0010441251645	0	0	0	0	0	0	0	0.00125077493665	9.78867341723e-05	0	6.52578227815e-05	0.00117464081007	0	1.08763037969e-05	0	0.000304536506314	2.17526075938e-05	0	0	0	0	4.35052151877e-05	0.000261031291126	0	0.00232752901254	0.00059819670883	0.00553603863263	0.00242541574671	0.00028278389872	0.00028278389872	0	5.43815189846e-05	3.26289113908e-05	0	0	0
0.000413299544283	1.08763037969e-05	0	0	0.00102237255691	0.00416562435422	0.0407208814157	0.00368706698716	0.0235145688089	0.00253417878468	0.0112352218222	0.00164232187333	0.00584057513894	0.000957114734129	0.00995181797418	0.00500309974658	0	0	0.000250154987329	0.000206649772141	0.00169670339232	0	0	0	0.00126165124044	4.35052151877e-05	0.00179459012649	1.08763037969e-05	0.00233840531634	0.00573181210098	0	0	0.00838563022742	0.000696083443003	0.00863578521475	0	3.26289113908e-05	0	0	0.0010441251645	0	0	9.78867341723e-05	0	0.00205562141762	0.00149005362018	0	0.00102237255691	3.26289113908e-05	0	0	0	0	0	1.08763037969e-05	0.00187072425307	4.35052151877e-05	0	0	0.00320850962009	1.08763037969e-05	2.17526075938e-05	0	0.000783093873378	0.000380670632892	0	0	0	0	0.000402423240486	0.00309974658212	6.52578227815e-05	0.00622124577184	0.000522062582252	0.00658016379714	0.00577531731616	0.000239278683532	0.00056556779744	3.26289113908e-05	0.000761341265784	0.000728712354393	5.43815189846e-05	0	0
0.00886418759449	0	0.000967991037926	0	0.00059819670883	8.70104303753e-05	0.00368706698716	0.0682488063257	0.013388729974	0.000967991037926	0.0116050161513	0.00014139194936	0.00014139194936	0.00059819670883	0.0140086792904	9.78867341723e-05	0	0	2.17526075938e-05	9.78867341723e-05	3.26289113908e-05	0.0105717672906	0	0.0088315586831	1.08763037969e-05	0	0.000130515645563	0	0.0281478742264	0.00931011605016	0.0169452813156	0	0.00102237255691	0.00386108784791	0.00552516232883	0	0	0	0	0.00103324886071	4.35052151877e-05	0	0	0	0.00139216688601	0.000380670632892	0	0.000891856911347	8.70104303753e-05	0	0.000108763037969	0	0	0	0	0.0017619612151	0	1.08763037969e-05	0	0.00226227118976	0	0	0	0.00056556779744	0	0	0	5.43815189846e-05	0	1.08763037969e-05	0.000511186278455	0	0.0045789238985	0.00123989863285	0.000326289113908	0.0024580446581	0.000804846480972	0.000326289113908	0	0.000130515645563	7.61341265784e-05	0.000152268253157	0.000130515645563	0
0.00306711767073	0	0	0	0.000402423240486	0.00312149918972	0.0235145688089	0.013388729974	0.0459850124534	0.00199036359484	0.0136062560499	0.000130515645563	0.00306711767073	0.000369794329095	0.0170540443536	0.00315412810111	0	0	3.26289113908e-05	0	0.00156618774676	0	0	0	0.000641701924018	2.17526075938e-05	0.000184897164548	0	0.00736325767051	0.00323026222768	0.000206649772141	0	0.0038719641517	0.000435052151877	0.00329552005047	0	0	0	0	0.000445928455674	0	0	0	0	0.000783093873378	0.000293660202517	0	0.000554691493643	1.08763037969e-05	0	0	0	0	0	0	0.000609073012627	0	0	0	0.000859227999956	0	0	0	0.00014139194936	2.17526075938e-05	0	0	0	0	4.35052151877e-05	0.00185984794927	2.17526075938e-05	0.00225139488596	0.000228402379735	0.00436139782256	0.00200123989863	7.61341265784e-05	0.000206649772141	1.08763037969e-05	4.35052151877e-05	1.08763037969e-05	0	0	0
0	0.00239278683532	0	0	0.0101258388349	0.00448103716433	0.00253417878468	0.000967991037926	0.00199036359484	0.0370011855171	0.0074067628857	0	0.00135953797461	0.000119639341766	0.000152268253157	0.00572093579718	0.00110938298729	0	0	0	0.000326289113908	0	0.00504660496177	0	0.0146938864296	0	0	0.00167495078473	0.0112787270374	0.00172933230371	0.000358918025298	0	0.00144654840499	0.00123989863285	0.00287134420239	0	0	0	0	0.009157847797	5.43815189846e-05	0	0	0	0.0145959996955	0.00690645291104	0	0.0143458447081	0	0	0.000435052151877	0	0	0	0	0.0171301784801	0	0.000837475392363	0	0.0208389980749	0	0	0	0.0007069597468	0.000130515645563	0	0	0	0	0.00014139194936	0.000304536506314	0	0.0021100029366	0.00042417584808	0.00759166005025	0.00149005362018	0.000315412810111	1.08763037969e-05	0	0.000163144556954	0.000108763037969	0.000554691493643	0	0
0.00201211620243	0	0	0	0.00410036653144	1.08763037969e-05	0.0112352218222	0.0116050161513	0.0136062560499	0.0074067628857	0.0374471139728	0.00149005362018	0.000315412810111	0.000576444101237	0.0108110459741	1.08763037969e-05	0	0	0.000206649772141	0.000924485822738	0.00128340384804	0	0	0	0.000467681063267	2.17526075938e-05	0.0014139194936	5.43815189846e-05	0.00420912956941	0.00254505508848	0	0	0.00152268253157	0.000228402379735	0.00569918318958	0	0	0	0	0.00170757969612	0	0	0	0	0.00110938298729	0.00551428602504	0	0.00686294769586	1.08763037969e-05	0	0	0	0	0	0	0.00853789848058	0	0	0	0.00871191934133	0	0	0	0	0	0	0	0	0	0	0.00028278389872	2.17526075938e-05	0.00239278683532	0.000543815189846	0.000445928455674	0.000902733215144	0.000380670632892	7.61341265784e-05	1.08763037969e-05	2.17526075938e-05	1.08763037969e-05	0	0	0
0.000543815189846	0.000184897164548	0	0	0	0	0.00164232187333	0.00014139194936	0.000130515645563	0	0.00149005362018	0.0346410275932	0.00155531144296	0.0102889833919	0.00516624430354	0	0	4.35052151877e-05	0.00687382399965	0.00650402967056	0.0010658777721	0	0	0.000402423240486	0	0.00920135301219	0.0109198090121	0.000630825620221	0.000108763037969	0.00754815483506	0.000522062582252	0.000576444101237	0.00456804759471	3.26289113908e-05	0.0151289385815	0	0.000315412810111	5.43815189846e-05	0	8.70104303753e-05	0	0	0	0	0	0.000108763037969	0.00169670339232	2.17526075938e-05	0.00428526369599	1.08763037969e-05	0	0	0	0	0.000239278683532	7.61341265784e-05	0	0	7.61341265784e-05	0.000152268253157	0.000304536506314	0.00324113853148	0.00361093286058	9.78867341723e-05	1.08763037969e-05	0	0.00220788967077	0	0	0.000337165417704	5.43815189846e-05	0.000511186278455	0.0021100029366	0.000271907594923	0	0	7.61341265784e-05	0.000543815189846	0.000957114734129	0.00084835169616	0.000152268253157	0	0	0
0	0	0	0	0.00538377037947	9.78867341723e-05	0.00584057513894	0.00014139194936	0.00306711767073	0.00135953797461	0.000315412810111	0.00155531144296	0.0186093557965	0.000250154987329	0.00165319817713	0.00181634273409	0	0	0.000348041721501	0.000195773468345	0.00630825620221	0	0	1.08763037969e-05	0.00419825326561	4.35052151877e-05	0.00160969296194	1.08763037969e-05	0.00152268253157	0.00233840531634	0	0	0.000587320405034	6.52578227815e-05	0.00269732334164	0	0	0	0	0.00056556779744	0	0.000924485822738	0	0.000337165417704	0.000859227999956	0.00227314749356	1.08763037969e-05	0.00375232480994	5.43815189846e-05	0.000630825620221	2.17526075938e-05	0	0	0	0	0.000967991037926	0	1.08763037969e-05	0	0.000271907594923	1.08763037969e-05	0	0	0	0.00121814602525	0	0	0	0	0.000500309974658	0.000348041721501	4.35052151877e-05	0.000826599088566	6.52578227815e-05	0.00207737402521	0.000358918025298	1.08763037969e-05	5.43815189846e-05	3.26289113908e-05	0.000532938886049	0.000119639341766	4.35052151877e-05	0	0
0	1.08763037969e-05	0	0	1.08763037969e-05	7.61341265784e-05	0.000957114734129	0.00059819670883	0.000369794329095	0.000119639341766	0.000576444101237	0.0102889833919	0.000250154987329	0.0207954928597	0.000641701924018	0.000163144556954	0	0	0	1.08763037969e-05	0.000163144556954	0	0	0	0.000130515645563	0.0107892933665	0.0017728375189	0.00252330248088	0.00098974364552	0.00192510577205	3.26289113908e-05	0.000750464961987	0.00073958865819	0.000652578227815	0.00319763331629	0	3.26289113908e-05	0	0	0.000163144556954	5.43815189846e-05	5.43815189846e-05	0.000130515645563	0.00028278389872	0.000206649772141	0.000174020860751	0.00129428015183	6.52578227815e-05	0.00638439032879	0.000195773468345	0	0	0	0	5.43815189846e-05	0.000119639341766	0.000369794329095	0	0.000195773468345	0.000717836050597	0.000946238430332	0.00417650065802	0.00501397605038	0.000772217569581	0.000543815189846	0	0.00229490010115	0.000445928455674	3.26289113908e-05	0.000957114734129	0.000206649772141	0.000130515645563	0.00419825326561	0.00196861098724	0.000184897164548	0.00162056926574	0.00133778536702	0.000685207139206	0.000250154987329	0.00257768399987	0.00203386881002	5.43815189846e-05	0.000435052151877	9.78867341723e-05
0.0221550308343	3.26289113908e-05	0.00188160055687	0	0.00028278389872	2.17526075938e-05	0.00995181797418	0.0140086792904	0.0170540443536	0.000152268253157	0.0108110459741	0.00516624430354	0.00165319817713	0.000641701924018	0.0603526097691	0.000108763037969	0	0.00289309680998	0.00205562141762	0.000543815189846	0.00117464081007	0.00150092992397	0	0.00750464961987	0.000511186278455	0.00165319817713	0.00358918025298	0.000217526075938	0.0108871801007	0.0307799397453	0.0167060026321	5.43815189846e-05	0.0134322351892	0.00693908182243	0.0144219788347	0	0.000119639341766	0	0	0.000587320405034	0	0	0	0	0.00214263184799	0.00118551711386	0.000315412810111	0.000619949316424	0.0014139194936	0	1.08763037969e-05	0	0	0	7.61341265784e-05	0.00127252754424	3.26289113908e-05	0	3.26289113908e-05	0.00233840531634	7.61341265784e-05	5.43815189846e-05	1.08763037969e-05	0.000522062582252	0	0	1.08763037969e-05	0	0	3.26289113908e-05	0.00144654840499	0.000815722784769	0.00647140075917	0.000467681063267	0.00146830101258	0.00411124283523	3.26289113908e-05	0.000511186278455	0.000902733215144	0.000228402379735	0.00014139194936	2.17526075938e-05	0	0
0	0	0	0	0.000967991037926	0.00652578227815	0.00500309974658	9.78867341723e-05	0.00315412810111	0.00572093579718	1.08763037969e-05	0	0.00181634273409	0.000163144556954	0.000108763037969	0.0116920265817	3.26289113908e-05	0	0	0	0.000119639341766	0	1.08763037969e-05	0	0.00320850962009	0	0	0	0.000837475392363	0.00188160055687	0	0	0.00204474511382	0.00098974364552	0.00270819964543	0	0	0	0	0.00127252754424	0	0	0	0	0.00179459012649	0.000261031291126	0	0.00122902232905	0	0	1.08763037969e-05	0	0	0	0	0.00145742470879	0	0	0	0.00131603275943	0	0	0	0.000304536506314	2.17526075938e-05	0	0	0	0	6.52578227815e-05	0.000326289113908	0	0.00265381812645	0.00088098060755	0.00803758850592	0.00197948729104	0.000337165417704	0.000250154987329	0	8.70104303753e-05	6.52578227815e-05	0	0	0
0	0.00160969296194	0	0	0	0	0	0	0	0.00110938298729	0	0	0	0	0	3.26289113908e-05	0.0252221485051	2.17526075938e-05	0	0	0	0.00107675407589	0.0152050727081	0.00701521594901	0.00909258997422	0	2.17526075938e-05	0.00525325473391	0.00319763331629	0	0	0	0	0	0.000293660202517	0	0	0	0	0	0	0	0	0	0.00147917731638	0	0	0	0	0	0	0.00217526075938	0	0	0	0	7.61341265784e-05	0.00616686425285	0.00343691199983	0.00193598207585	0	2.17526075938e-05	2.17526075938e-05	0.00110938298729	0	0	0	0	0	0	0.00589495665793	0	0.000870104303753	0.000924485822738	0.000174020860751	7.61341265784e-05	0	5.43815189846e-05	0	3.26289113908e-05	3.26289113908e-05	0	0	0
0.00451366607572	0.00566655427819	0.0144437314423	0	0	0	0	0	0	0	0	4.35052151877e-05	0	0	0.00289309680998	0	2.17526075938e-05	0.0415474805042	1.08763037969e-05	0.00392634567069	0	8.70104303753e-05	4.35052151877e-05	0.0201320383281	2.17526075938e-05	0	0.00920135301219	0.0132473380246	0	0.00265381812645	0.00573181210098	0	0	0.000315412810111	0.00556866754402	0	0.00611248273387	0.00098974364552	0	0	0	0	0	0	0	0	0	0	0	0	0	0	8.70104303753e-05	0	0.000619949316424	0	0.00014139194936	0	0.00195773468345	0	0	0.00187072425307	0.00368706698716	0	0	0	0	0	0	0	0	0	0.0031758807087	0.00122902232905	0.0010658777721	0	0	0.00014139194936	2.17526075938e-05	0.000685207139206	0.000804846480972	0	0	0
9.78867341723e-05	0	0	0	0	0	0.000250154987329	2.17526075938e-05	3.26289113908e-05	0	0.000206649772141	0.00687382399965	0.000348041721501	0	0.00205562141762	0	0	1.08763037969e-05	0.00924485822738	0.00146830101258	0.000217526075938	0	0	5.43815189846e-05	0	0	0.00562304906301	0.000119639341766	5.43815189846e-05	0.00300185984795	0.000130515645563	0	0.00187072425307	3.26289113908e-05	0.00452454237952	0	0	0	0	0	0	0	0	0	0	0	0	0	0	0	0	0	0	0	0	0	0	0	0	0	0	0	0	0	0	0	0	0	0	0	0	0	0.00042417584808	0	0	0	0	0	0	0	0	0	0	0
0.000793970177175	0.00056556779744	0	0	0	0	0.000206649772141	9.78867341723e-05	0	0	0.000924485822738	0.00650402967056	0.000195773468345	1.08763037969e-05	0.000543815189846	0	0	0.00392634567069	0.00146830101258	0.0239169920494	0.000250154987329	3.26289113908e-05	0	0.00168582708852	0	0.000500309974658	0.0164558476447	0.00121814602525	3.26289113908e-05	0.00178371382269	0.00139216688601	0	0	0.000315412810111	0.0141718238474	0	0.00293660202517	9.78867341723e-05	0	0	0	0	0	0	3.26289113908e-05	0	1.08763037969e-05	0	0	0	0	0	2.17526075938e-05	0	0.0035456750378	0	0	4.35052151877e-05	9.78867341723e-05	3.26289113908e-05	0.00234928162013	0.00206649772141	0.000163144556954	0	0	0	0	0	0	0	0.00088098060755	0.000380670632892	0.00581882253135	0.00073958865819	0.000119639341766	8.70104303753e-05	0	0.000184897164548	2.17526075938e-05	2.17526075938e-05	0.000108763037969	0	0	0
0	0	0	0	0.00399160349347	0	0.00169670339232	3.26289113908e-05	0.00156618774676	0.000326289113908	0.00128340384804	0.0010658777721	0.00630825620221	0.000163144556954	0.00117464081007	0.000119639341766	0	0	0.000217526075938	0.000250154987329	0.00974516820204	0	0	0	0.00253417878468	7.61341265784e-05	0.00120726972146	2.17526075938e-05	0.000217526075938	0.00132690906322	0	0	0.000315412810111	1.08763037969e-05	0.00216438445559	0	0	0	0	9.78867341723e-05	0	0.00014139194936	0	8.70104303753e-05	2.17526075938e-05	0.000337165417704	1.08763037969e-05	0.000663454531612	6.52578227815e-05	9.78867341723e-05	0	0	0	0	0	0.000304536506314	0	0	0	3.26289113908e-05	3.26289113908e-05	0	0	0	0.000108763037969	0	0	0	0	0	0.000174020860751	7.61341265784e-05	0.000826599088566	3.26289113908e-05	0.000532938886049	9.78867341723e-05	1.08763037969e-05	2.17526075938e-05	6.52578227815e-05	2.17526075938e-05	0	1.08763037969e-05	0	0
0.00187072425307	0	0.00147917731638	0	0	1.08763037969e-05	0	0.0105717672906	0	0	0	0	0	0	0.00150092992397	0	0.00107675407589	8.70104303753e-05	0	3.26289113908e-05	0	0.0390241780233	0.000184897164548	0.0213284317458	0.000119639341766	0	3.26289113908e-05	0	0.0021100029366	0.00134866167082	0.0172389415181	0	0	0.000478557367064	0.00630825620221	0	0	0	0	0	0	0	0	0	0	0	0	0	0	0	0	0	0	0	0	0	8.70104303753e-05	8.70104303753e-05	6.52578227815e-05	2.17526075938e-05	0	0	0	8.70104303753e-05	0	0	0	0	0	0	0.00197948729104	6.52578227815e-05	0.00499222344279	0.00180546643029	0.000467681063267	0.000358918025298	4.35052151877e-05	0	0	0	0	0	0	0
0	0.00677593726548	0.00109850668349	0	0	0	0	0	0	0.00504660496177	0	0	0	0	0	1.08763037969e-05	0.0152050727081	4.35052151877e-05	0	0	0	0.000184897164548	0.0380888158968	0.0046006765061	0.0101693440501	0	2.17526075938e-05	0.0180437879991	0.00128340384804	0	0	0	0	0	0	0	0.00116376450627	1.08763037969e-05	0	8.70104303753e-05	0	0	0	0	0.00155531144296	0	0	0	0	0	0	0.00543815189846	0	0	0	0	0.000326289113908	0.0155748670372	0.00607985382248	0.0024689209619	7.61341265784e-05	3.26289113908e-05	0.00336077787325	0.00263206551885	0	0	0	0	0	0	0.00289309680998	0	4.35052151877e-05	7.61341265784e-05	3.26289113908e-05	0	0	0.000815722784769	7.61341265784e-05	7.61341265784e-05	7.61341265784e-05	0	0	0
0.0128992963031	0.000119639341766	0.0249937461253	0	0	0	0	0.0088315586831	0	0	0	0.000402423240486	1.08763037969e-05	0	0.00750464961987	0	0.00701521594901	0.0201320383281	5.43815189846e-05	0.00168582708852	0	0.0213284317458	0.0046006765061	0.097473434628	4.35052151877e-05	1.08763037969e-05	0.00289309680998	0.0142805868854	0.000630825620221	0.00639526663259	0.0228184853659	0	0	0.000369794329095	0.0106479014172	0	0.00028278389872	0	0	0	0	0	0	0	0	0	2.17526075938e-05	0	0	0	0	0.00228402379735	9.78867341723e-05	0	0.000228402379735	0	0.00160969296194	0.00560129645541	0.00659104010093	7.61341265784e-05	6.52578227815e-05	0.000217526075938	0.0014139194936	0.000261031291126	0	0	0	0	0	0	0.00461155280989	7.61341265784e-05	0.0168908997966	0.0131494512905	0.00549253341744	0.0031867570125	4.35052151877e-05	0.00147917731638	2.17526075938e-05	0.000826599088566	0.0010658777721	0	0	0
0	0.00279521007581	0	0	0.0109850668349	0.00168582708852	0.00126165124044	1.08763037969e-05	0.000641701924018	0.0146938864296	0.000467681063267	0	0.00419825326561	0.000130515645563	0.000511186278455	0.00320850962009	0.00909258997422	2.17526075938e-05	0	0	0.00253417878468	0.000119639341766	0.0101693440501	4.35052151877e-05	0.0463548067825	0	2.17526075938e-05	0.00346954091122	0.0163797135182	0.00309974658212	0.000859227999956	0	0.000630825620221	0.00249067356949	0.00474206845546	0	8.70104303753e-05	0	0	0.00768954678442	0	0	0	0	0.0164667239485	0.000587320405034	0	0.00555779124022	0	0	6.52578227815e-05	0	0	0	0	0.00783093873378	6.52578227815e-05	0.00257768399987	3.26289113908e-05	0.0152920831385	0	1.08763037969e-05	0	0.00201211620243	1.08763037969e-05	0	0	0	0	0	0.0014247957974	0	0.00442665564535	0.00234928162013	0.00514449169594	0.00147917731638	0.000358918025298	0.000369794329095	4.35052151877e-05	0	2.17526075938e-05	6.52578227815e-05	0	0
0	0.000652578227815	0	0	0	0	4.35052151877e-05	0	2.17526075938e-05	0	2.17526075938e-05	0.00920135301219	4.35052151877e-05	0.0107892933665	0.00165319817713	0	0	0	0	0.000500309974658	7.61341265784e-05	0	0	1.08763037969e-05	0	0.0184027060244	0.00444840825294	0.0053076362529	0	0.00167495078473	0	0.00137041427841	0.00166407448093	0	0.00199036359484	0	0.000511186278455	0	0	1.08763037969e-05	0	0	0	0	0	1.08763037969e-05	0.00196861098724	0	0.00612335903766	0	0	0	0	0	0.000804846480972	1.08763037969e-05	0	0	1.08763037969e-05	2.17526075938e-05	0.00343691199983	0.00641701924018	0.00726537093634	2.17526075938e-05	0	0	0.00228402379735	0	0	5.43815189846e-05	0	0.00098974364552	0.000261031291126	0	0	0	7.61341265784e-05	0.000402423240486	0.00149005362018	0.000337165417704	8.70104303753e-05	0	0	0
0.00129428015183	0.00385021154411	0.00841825913881	0	0	0	0.00179459012649	0.000130515645563	0.000184897164548	0	0.0014139194936	0.0109198090121	0.00160969296194	0.0017728375189	0.00358918025298	0	2.17526075938e-05	0.00920135301219	0.00562304906301	0.0164558476447	0.00120726972146	3.26289113908e-05	2.17526075938e-05	0.00289309680998	2.17526075938e-05	0.00444840825294	0.0811045974136	0.028920091796	0.000108763037969	0.00597109078451	0.00187072425307	0.00325201483528	0.00234928162013	0.000337165417704	0.0163797135182	0	0.00833124870844	0.000195773468345	0	0	0	0	0	0	7.61341265784e-05	3.26289113908e-05	0.000152268253157	0	0.000630825620221	1.08763037969e-05	0	0	2.17526075938e-05	0	0.00733062875912	1.08763037969e-05	0	9.78867341723e-05	0.000174020860751	6.52578227815e-05	0.00447016086053	0.00762428896164	0.00440490303775	2.17526075938e-05	6.52578227815e-05	0	8.70104303753e-05	0	0	0.000108763037969	0.00380670632892	0.00292572572137	0.00758078374645	0.00114201189868	0.000119639341766	8.70104303753e-05	4.35052151877e-05	0.000315412810111	0.00234928162013	0.000174020860751	0.000108763037969	0	0	0
0.000250154987329	0.0128666673918	0.0137258953917	0	0	0	1.08763037969e-05	0	0	0.00167495078473	5.43815189846e-05	0.000630825620221	1.08763037969e-05	0.00252330248088	0.000217526075938	0	0.00525325473391	0.0132473380246	0.000119639341766	0.00121814602525	2.17526075938e-05	0	0.0180437879991	0.0142805868854	0.00346954091122	0.0053076362529	0.028920091796	0.0834538790337	0	0.000261031291126	0.000271907594923	0.000293660202517	0	0	0.000967991037926	0	0.0038937167593	0.00116376450627	0	0	0	0	0	0	1.08763037969e-05	0	0	0	0.00056556779744	0	0	0.00403510870866	1.08763037969e-05	3.26289113908e-05	0.00149005362018	0	0.00100061994932	0.00910346627802	0.00582969883515	7.61341265784e-05	0.00276258116442	0.00367619068336	0.00733062875912	8.70104303753e-05	0	0	0	0	0	1.08763037969e-05	0.00165319817713	0.00128340384804	0.00571005949338	0.00537289407568	0.00222964227837	0.000239278683532	0	0.00329552005047	0.000369794329095	0.000532938886049	0.000619949316424	0	0	0
0.00560129645541	1.08763037969e-05	0	0	0.010658777721	0.000489433670861	0.00233840531634	0.0281478742264	0.00736325767051	0.0112787270374	0.00420912956941	0.000108763037969	0.00152268253157	0.00098974364552	0.0108871801007	0.000837475392363	0.00319763331629	0	5.43815189846e-05	3.26289113908e-05	0.000217526075938	0.0021100029366	0.00128340384804	0.000630825620221	0.0163797135182	0	0.000108763037969	0	0.086923419945	0.0237538474925	0.0198927596446	0	0.00134866167082	0.0173912097713	0.0179350249611	0	1.08763037969e-05	0	0	0.0135845034424	5.43815189846e-05	0	0	0	0.0169017761004	0.00252330248088	0	0.00889681650588	8.70104303753e-05	0	0.000315412810111	0	0	0	0	0.0164123424295	0.000174020860751	0.00155531144296	0.000130515645563	0.019653480961	0	1.08763037969e-05	1.08763037969e-05	0.00426351108839	2.17526075938e-05	0	0	5.43815189846e-05	1.08763037969e-05	1.08763037969e-05	0.00196861098724	0.00014139194936	0.0151506911891	0.0067106794427	0.00331727265806	0.00483995518963	0.00162056926574	0.000619949316424	4.35052151877e-05	0.000152268253157	9.78867341723e-05	0.000435052151877	0.00014139194936	0
0.0137476479993	9.78867341723e-05	0.00059819670883	0	0.00028278389872	0.00172933230371	0.00573181210098	0.00931011605016	0.00323026222768	0.00172933230371	0.00254505508848	0.00754815483506	0.00233840531634	0.00192510577205	0.0307799397453	0.00188160055687	0	0.00265381812645	0.00300185984795	0.00178371382269	0.00132690906322	0.00134866167082	0	0.00639526663259	0.00309974658212	0.00167495078473	0.00597109078451	0.000261031291126	0.0237538474925	0.0766561891607	0.0334120052641	5.43815189846e-05	0.0129645541259	0.0293660202517	0.0370881959475	0	0.000239278683532	0	0	0.00133778536702	0	0	1.08763037969e-05	0	0.0100061994932	0.00110938298729	0.000315412810111	0.000674330835409	0.00150092992397	1.08763037969e-05	1.08763037969e-05	0	0	0	0.000130515645563	0.00174020860751	8.70104303753e-05	1.08763037969e-05	0.00014139194936	0.0102346018729	7.61341265784e-05	0.000174020860751	1.08763037969e-05	0.00254505508848	0.000315412810111	0	2.17526075938e-05	6.52578227815e-05	0.000261031291126	0.000946238430332	0.00120726972146	0.000837475392363	0.0238082290115	0.00513361539215	0.00252330248088	0.0117246554931	0.00268644703784	0.00427438739219	0.00112025929108	0.00174020860751	0.0010550014683	7.61341265784e-05	0.000152268253157	0
0.0238408579228	0.000108763037969	0.00499222344279	0	0	3.26289113908e-05	0	0.0169452813156	0.000206649772141	0.000358918025298	0	0.000522062582252	0	3.26289113908e-05	0.0167060026321	0	0	0.00573181210098	0.000130515645563	0.00139216688601	0	0.0172389415181	0	0.0228184853659	0.000859227999956	0	0.00187072425307	0.000271907594923	0.0198927596446	0.0334120052641	0.0776676854138	0	0	0.0188051292649	0.0116920265817	0	0.000261031291126	0	0	0	0	0	0	0	0.00323026222768	0	0	0	0	0	0	0	1.08763037969e-05	0	0.00014139194936	0	5.43815189846e-05	0	9.78867341723e-05	0.00301273615175	0	0.000195773468345	0	0.00117464081007	0	0	0	0	0	6.52578227815e-05	0.000184897164548	0	0.00798320698694	0.00131603275943	0.000348041721501	0.000228402379735	0.00014139194936	0.000935362126535	0.000119639341766	0.000271907594923	0.000228402379735	0	0	0
0	0	0	0	0	0	0	0	0	0	0	0.000576444101237	0	0.000750464961987	5.43815189846e-05	0	0	0	0	0	0	0	0	0	0	0.00137041427841	0.00325201483528	0.000293660202517	0	5.43815189846e-05	0	0.00329552005047	5.43815189846e-05	0	5.43815189846e-05	0	0	0	0	0	0	0	0	0	0	1.08763037969e-05	0	0	0.000130515645563	1.08763037969e-05	0	0	0	0	0	1.08763037969e-05	0	0	0	0	0.000108763037969	0.00110938298729	0.00132690906322	0	1.08763037969e-05	0	8.70104303753e-05	0	0	2.17526075938e-05	7.61341265784e-05	7.61341265784e-05	4.35052151877e-05	0	0	0	0	0	0.00138129058221	2.17526075938e-05	0	0	0	0
0	1.08763037969e-05	0	0	0.000478557367064	0.00270819964543	0.00838563022742	0.00102237255691	0.0038719641517	0.00144654840499	0.00152268253157	0.00456804759471	0.000587320405034	0.00073958865819	0.0134322351892	0.00204474511382	0	0	0.00187072425307	0	0.000315412810111	0	0	0	0.000630825620221	0.00166407448093	0.00234928162013	0	0.00134866167082	0.0129645541259	0	5.43815189846e-05	0.0215568341255	0.000130515645563	0.0143784736195	0	1.08763037969e-05	0	0	0.00126165124044	0	0	0	0	0.00263206551885	0.00239278683532	0.000315412810111	0.00121814602525	0.00152268253157	0	1.08763037969e-05	0	0	0	0	0.00262118921506	5.43815189846e-05	0	5.43815189846e-05	0.00358918025298	7.61341265784e-05	0	1.08763037969e-05	0.000728712354393	2.17526075938e-05	0	1.08763037969e-05	0	0	6.52578227815e-05	0.00154443513916	0.000826599088566	0.00612335903766	0.000445928455674	0.00238191053152	0.00863578521475	4.35052151877e-05	0.000435052151877	0.00088098060755	0.000239278683532	6.52578227815e-05	1.08763037969e-05	0	1.08763037969e-05
0.00171845599991	3.26289113908e-05	0	0	0	0.000913609518941	0.000696083443003	0.00386108784791	0.000435052151877	0.00123989863285	0.000228402379735	3.26289113908e-05	6.52578227815e-05	0.000652578227815	0.00693908182243	0.00098974364552	0	0.000315412810111	3.26289113908e-05	0.000315412810111	1.08763037969e-05	0.000478557367064	0	0.000369794329095	0.00249067356949	0	0.000337165417704	0	0.0173912097713	0.0293660202517	0.0188051292649	0	0.000130515645563	0.0332814896186	0.016064300708	0	4.35052151877e-05	0	0	7.61341265784e-05	0	0	0	0	0.00638439032879	0	0	1.08763037969e-05	0	0	1.08763037969e-05	0	0	0	1.08763037969e-05	8.70104303753e-05	7.61341265784e-05	0	4.35052151877e-05	0.00638439032879	0	4.35052151877e-05	0	0.00174020860751	0.000163144556954	0	1.08763037969e-05	0	0.000217526075938	0.000500309974658	0.000967991037926	7.61341265784e-05	0.0123881100247	0.00542727559466	0.00170757969612	0.00277345746821	0.00237103422773	0.00275170486062	0.000304536506314	0.000761341265784	0.000489433670861	2.17526075938e-05	3.26289113908e-05	0
0.00381758263272	0.000674330835409	0	0	0.00059819670883	0.00239278683532	0.00863578521475	0.00552516232883	0.00329552005047	0.00287134420239	0.00569918318958	0.0151289385815	0.00269732334164	0.00319763331629	0.0144219788347	0.00270819964543	0.000293660202517	0.00556866754402	0.00452454237952	0.0141718238474	0.00216438445559	0.00630825620221	0	0.0106479014172	0.00474206845546	0.00199036359484	0.0163797135182	0.000967991037926	0.0179350249611	0.0370881959475	0.0116920265817	5.43815189846e-05	0.0143784736195	0.016064300708	0.0883047105272	0	0.00189247686066	0.000108763037969	0	0.00154443513916	0	0	0	0	0.0104738805564	0.00305624136693	0.000478557367064	0.00178371382269	0.00190335316446	0	1.08763037969e-05	0	2.17526075938e-05	0	0.0010550014683	0.00306711767073	0.000337165417704	0.000391546936689	0.000435052151877	0.0122358417715	0.00028278389872	0.0014247957974	0.000304536506314	0.00169670339232	0.000315412810111	0	2.17526075938e-05	6.52578227815e-05	0.000261031291126	0.000815722784769	0.00366531437956	0.00133778536702	0.0489868723013	0.0123772337209	0.00426351108839	0.0159229087587	0.003534798734	0.0060037196959	0.00195773468345	0.00132690906322	0.000728712354393	2.17526075938e-05	0.000152268253157	1.08763037969e-05
0	0	0	0	0	0	0	0	0	0	0	0	0	0	0	0	0	0	0	0	0	0	0	0	0	0	0	0	0	0	0	0	0	0	0	0.0189900264294	0	0	0	0.000358918025298	0	0.00120726972146	0.00797233068314	2.17526075938e-05	1.08763037969e-05	0.00586232774654	0	0.000163144556954	0	0.0074067628857	0	0	0.00103324886071	0	0	0.000271907594923	0.00242541574671	0	0.00363268546817	0.0038937167593	0	0	0	0.00255593139228	0.00700433964521	0.00237103422773	0	0	0.000119639341766	0.000663454531612	0	0	0	0	0	0	0	0	0	0.000239278683532	0	1.08763037969e-05	0	0
0.000163144556954	0.0111590876956	0	0	0	1.08763037969e-05	3.26289113908e-05	0	0	0	0	0.000315412810111	0	3.26289113908e-05	0.000119639341766	0	0	0.00611248273387	0	0.00293660202517	0	0	0.00116376450627	0.00028278389872	8.70104303753e-05	0.000511186278455	0.00833124870844	0.0038937167593	1.08763037969e-05	0.000239278683532	0.000261031291126	0	1.08763037969e-05	4.35052151877e-05	0.00189247686066	0	0.0357939157957	0.00251242617709	0	0.00179459012649	0	0	1.08763037969e-05	0	0.00623212207563	0	1.08763037969e-05	0	0.000511186278455	0	0	5.43815189846e-05	8.70104303753e-05	0	0.0103651175185	0.000293660202517	6.52578227815e-05	0.00718923680976	0.00158794035435	0.00633000880981	0.00501397605038	0.0107022829362	0.0165754869865	4.35052151877e-05	0	0	0	0	0	0	0.00287134420239	0.00172933230371	0.00286046789859	0.00230577640495	0.000184897164548	0.000152268253157	0	0.00113113559488	0.000228402379735	0.000152268253157	0.000261031291126	0	0	0
0	0.00215350815179	0	0	0	0	0	0	0	0	0	5.43815189846e-05	0	0	0	0	0	0.00098974364552	0	9.78867341723e-05	0	0	1.08763037969e-05	0	0	0	0.000195773468345	0.00116376450627	0	0	0	0	0	0	0.000108763037969	0	0.00251242617709	0.0354458740742	0	0	0	0	1.08763037969e-05	0	0	0	0	0	0	1.08763037969e-05	0	1.08763037969e-05	0.00366531437956	2.17526075938e-05	0.000543815189846	0	0.00042417584808	1.08763037969e-05	0.0174890965054	0	0	0.0107022829362	0.0187072425307	0	0	0	0	0	0	5.43815189846e-05	5.43815189846e-05	0	0.000337165417704	0.000119639341766	0	0	0	0	0	6.52578227815e-05	2.17526075938e-05	0	0	0
0	0	0	0	0	0	0	0	0	0	0	0	0	0	0	0	0	0	0	0	0	0	0	0	0	0	0	0	0	0	0	0	0	0	0	0	0	0	0	0	0	0	0	0	0	0	0	0	0	0	0	0	0	0	0	0	0	0	0	0	0	0	0	0	0	0	0	0	0	0	0	0	0	0	0	0	0	0	0	0	0	0	0	0
0	0	0	0	0.00971253929065	0.00107675407589	0.0010441251645	0.00103324886071	0.000445928455674	0.009157847797	0.00170757969612	8.70104303753e-05	0.00056556779744	0.000163144556954	0.000587320405034	0.00127252754424	0	0	0	0	9.78867341723e-05	0	8.70104303753e-05	0	0.00768954678442	1.08763037969e-05	0	0	0.0135845034424	0.00133778536702	0	0	0.00126165124044	7.61341265784e-05	0.00154443513916	0.000358918025298	0.00179459012649	0	0	0.0384259813145	3.26289113908e-05	0	0	0	0.0210021426318	0.00661279270853	0.000174020860751	0.0117899133159	3.26289113908e-05	9.78867341723e-05	0.00133778536702	0	0	0.000130515645563	6.52578227815e-05	0.0243411678975	1.08763037969e-05	0.00197948729104	1.08763037969e-05	0.0285720500745	0.00042417584808	0.000815722784769	0.00127252754424	0.0115941398475	0.00404598501245	0	0.000522062582252	1.08763037969e-05	0.000870104303753	0.00228402379735	5.43815189846e-05	0	0.00163144556954	6.52578227815e-05	0.00277345746821	0.00139216688601	2.17526075938e-05	0.00180546643029	0.00014139194936	0.00302361245554	0.00107675407589	0.00157706405055	1.08763037969e-05	4.35052151877e-05
0	0	0	0	1.08763037969e-05	0	0	4.35052151877e-05	0	5.43815189846e-05	0	0	0	5.43815189846e-05	0	0	0	0	0	0	0	0	0	0	0	0	0	0	5.43815189846e-05	0	0	0	0	0	0	0	0	0	0	3.26289113908e-05	0.00179459012649	0.000261031291126	0	3.26289113908e-05	0.000152268253157	1.08763037969e-05	0	4.35052151877e-05	5.43815189846e-05	0	0.000587320405034	0	0	0	0	3.26289113908e-05	0	0	0	0.000108763037969	0	0	0	2.17526075938e-05	1.08763037969e-05	0	0	0.000630825620221	1.08763037969e-05	6.52578227815e-05	0	0	0	0	0	5.43815189846e-05	0	2.17526075938e-05	0	7.61341265784e-05	8.70104303753e-05	0.00102237255691	0.000478557367064	0
0	0	0	0	0.00014139194936	0	0	0	0	0	0	0	0.000924485822738	5.43815189846e-05	0	0	0	0	0	0	0.00014139194936	0	0	0	0	0	0	0	0	0	0	0	0	0	0	0.00120726972146	0	0	0	0	0.000261031291126	0.0336295313401	0.00123989863285	0.00945150799952	0.000130515645563	0.021850494328	0.000108763037969	0.0110394483539	9.78867341723e-05	0.0143893499233	0.00456804759471	0	0	0	0	0.000402423240486	0	0	0	0	0	1.08763037969e-05	0	0	0.0113439848602	0	1.08763037969e-05	0.000500309974658	0	0.000685207139206	0	0	0	0	0	5.43815189846e-05	0	0.00028278389872	1.08763037969e-05	0.000924485822738	0.00014139194936	0.00127252754424	0.000130515645563	7.61341265784e-05
0	0	0	0	0	0	9.78867341723e-05	0	0	0	0	0	0	0.000130515645563	0	0	0	0	0	0	0	0	0	0	0	0	0	0	0	1.08763037969e-05	0	0	0	0	0	0.00797233068314	1.08763037969e-05	1.08763037969e-05	0	0	0	0.00123989863285	0.0633653459208	0.00392634567069	0	0.00827686718945	0	0	2.17526075938e-05	0.0177501277966	0.000174020860751	0	0.00130515645563	0	5.43815189846e-05	0	0.0159881665815	0	0.0147482679486	0.00167495078473	0	1.08763037969e-05	0.000293660202517	0.0246783333152	0.00221876597457	0.0169670339232	0	0	0.000130515645563	0.00332814896186	6.52578227815e-05	1.08763037969e-05	0.000130515645563	0	1.08763037969e-05	0	0	2.17526075938e-05	0	0.00334990156945	0.000130515645563	4.35052151877e-05	0	0
0	0	0	0	7.61341265784e-05	0	0	0	0	0	0	0	0.000337165417704	0.00028278389872	0	0	0	0	0	0	8.70104303753e-05	0	0	0	0	0	0	0	0	0	0	0	0	0	0	2.17526075938e-05	0	0	0	0	3.26289113908e-05	0.00945150799952	0.00392634567069	0.0227532275432	0	0.0106370251134	0.000826599088566	0.00268644703784	0.000696083443003	0.0123446048095	0.000456804759471	0	9.78867341723e-05	0	0	0.000152268253157	0.000500309974658	0	0.000859227999956	0	0	0	4.35052151877e-05	0.000163144556954	0.00616686425285	5.43815189846e-05	0	0.0010658777721	0	0.00157706405055	0	0	0	0	0	0.000348041721501	0	0.00114201189868	5.43815189846e-05	0.00215350815179	0.000696083443003	0.000293660202517	0	0.000348041721501
0	2.17526075938e-05	0	0	0.00853789848058	0.00151180622777	0.00205562141762	0.00139216688601	0.000783093873378	0.0145959996955	0.00110938298729	0	0.000859227999956	0.000206649772141	0.00214263184799	0.00179459012649	0.00147917731638	0	0	3.26289113908e-05	2.17526075938e-05	0	0.00155531144296	0	0.0164667239485	0	7.61341265784e-05	1.08763037969e-05	0.0169017761004	0.0100061994932	0.00323026222768	0	0.00263206551885	0.00638439032879	0.0104738805564	1.08763037969e-05	0.00623212207563	0	0	0.0210021426318	0.000152268253157	0.000130515645563	0	0	0.0616033847057	0.00319763331629	0	0.01274702805	1.08763037969e-05	2.17526075938e-05	0.00365443807576	0	1.08763037969e-05	0	0.000261031291126	0.0215133289103	5.43815189846e-05	0.0146395049107	3.26289113908e-05	0.0518799691113	0.000750464961987	0.000326289113908	0.0045789238985	0.00828774349325	0.000326289113908	0	1.08763037969e-05	1.08763037969e-05	0.000358918025298	0.0010550014683	0.00259943660746	0.000130515645563	0.00875542455652	0.0021208792404	0.00425263478459	0.00605810121488	0.000728712354393	0.00731975245533	0.00145742470879	0.00180546643029	0.0010550014683	0.00417650065802	1.08763037969e-05	0
0	0	0	0	0.00293660202517	0.000293660202517	0.00149005362018	0.000380670632892	0.000293660202517	0.00690645291104	0.00551428602504	0.000108763037969	0.00227314749356	0.000174020860751	0.00118551711386	0.000261031291126	0	0	0	0	0.000337165417704	0	0	0	0.000587320405034	1.08763037969e-05	3.26289113908e-05	0	0.00252330248088	0.00110938298729	0	1.08763037969e-05	0.00239278683532	0	0.00305624136693	0.00586232774654	0	0	0	0.00661279270853	1.08763037969e-05	0.021850494328	0.00827686718945	0.0106370251134	0.00319763331629	0.0719032444014	0.000576444101237	0.021263173923	0.000250154987329	0.0242215285557	0.00233840531634	0	4.35052151877e-05	0.00014139194936	5.43815189846e-05	0.0139325451639	0.000663454531612	0	0.00107675407589	0.0185767268851	0	0.000946238430332	0.000184897164548	0.0115941398475	0.0196317283534	0.00123989863285	0.000652578227815	6.52578227815e-05	0.000413299544283	0.00572093579718	0	0	0.00274082855682	4.35052151877e-05	0.00042417584808	0.00252330248088	1.08763037969e-05	0.00156618774676	0.000239278683532	0.00609073012627	0.00262118921506	0.000489433670861	0.00014139194936	0.000228402379735
0	0	0	0	3.26289113908e-05	0	0	0	0	0	0	0.00169670339232	1.08763037969e-05	0.00129428015183	0.000315412810111	0	0	0	0	1.08763037969e-05	1.08763037969e-05	0	0	2.17526075938e-05	0	0.00196861098724	0.000152268253157	0	0	0.000315412810111	0	0	0.000315412810111	0	0.000478557367064	0	1.08763037969e-05	0	0	0.000174020860751	0	0.000108763037969	0	0.000826599088566	0	0.000576444101237	0.0250916328595	0.000195773468345	0.00805934111352	0.000369794329095	0	0	0	0.00402423240486	0.00129428015183	2.17526075938e-05	2.17526075938e-05	0	2.17526075938e-05	0.000293660202517	0.00155531144296	0.00396985088587	0.000913609518941	0.000315412810111	0.00257768399987	0	0.000489433670861	0.0010550014683	0	0.00727624724014	3.26289113908e-05	0.000130515645563	9.78867341723e-05	2.17526075938e-05	0	0	0	5.43815189846e-05	0.00146830101258	0.00386108784791	0	0	7.61341265784e-05	0.00168582708852
