0.029846643398	8.74657425842e-05	0.00311128141478	0	0.000574774879839	8.74657425842e-05	0.000987113380593	0.0106874807367	0.00456487875582	0.000907977708731	0.00297383524786	0.00129116096196	0.00118287004257	0.000283222404558	0.0187926395495	7.08056011396e-05	0.000395678359309	0.00131198613876	9.99608486676e-05	0.000574774879839	0.00208668271594	0.0066682216132	0.00039984339467	0.0066473964364	0.00207835264521	4.99804243338e-05	0.00127450082051	0.000787191683257	0.0076011895341	0.0149608070173	0.0127033578515	1.24951060835e-05	4.58153889727e-05	0.00228660441327	0.00671403700217	5.4145459695e-05	7.91356718619e-05	7.49706365007e-05	0	0.000262397227752	0	9.57958133065e-05	0.000162436379085	0.000112455954751	0.00117037493648	0.000304047581364	2.08251768058e-05	0.000308212616725	2.49902121669e-05	8.74657425842e-05	4.16503536115e-06	4.99804243338e-05	1.24951060835e-05	1.66601414446e-05	8.3300707223e-06	0.000295717510642	0.00010829091939	0.000187426591252	0.00010829091939	0.0011578798304	2.91552475281e-05	6.66405657784e-05	0.000104125884029	0.000649745516339	5.4145459695e-05	6.66405657784e-05	0	4.16503536115e-06	4.16503536115e-06	9.16307779453e-05	0.00186177080643	0.000583104950561	0.00529792497938	0.00072471615284	0.000129116096196	3.74853182504e-05	3.74853182504e-05	0.000129116096196	4.16503536115e-05	0.000112455954751	3.74853182504e-05	7.91356718619e-05	1.24951060835e-05	4.16503536115e-06
8.74657425842e-05	0.0197839179655	0.00301132056611	0	4.16503536115e-06	0	8.3300707223e-06	4.58153889727e-05	1.24951060835e-05	0.00117870500721	1.66601414446e-05	0.000112455954751	2.49902121669e-05	5.83104950561e-05	9.16307779453e-05	1.24951060835e-05	0.000932967920898	0.000895482602647	4.16503536115e-06	0.000204086732696	2.08251768058e-05	0.000287387439919	0.00439827734137	0.000841337142952	0.000974618274509	0.000766366506452	0.00611843694553	0.0146317692237	0.000262397227752	0.000195756661974	0.000162436379085	0	0	6.66405657784e-05	0.000637250410256	1.24951060835e-05	0.00696393912384	0.00282805901022	0	0	0	8.3300707223e-06	2.49902121669e-05	1.66601414446e-05	5.83104950561e-05	8.3300707223e-06	7.49706365007e-05	0	7.91356718619e-05	1.24951060835e-05	4.16503536115e-06	8.3300707223e-05	0.00150357776538	7.08056011396e-05	0.000349862970337	8.3300707223e-06	6.66405657784e-05	0.000149941273001	0.000458153889727	6.24755304173e-05	0.000170766449807	0.00226994427183	0.00387764792123	5.83104950561e-05	8.3300707223e-06	4.99804243338e-05	0	0	4.16503536115e-06	0.000587269985922	0.00090381267337	0.000678900763867	0.000462318925088	7.49706365007e-05	7.49706365007e-05	4.16503536115e-06	4.16503536115e-06	0.000445658783643	0.000291552475281	0.000420668571476	8.3300707223e-05	1.24951060835e-05	1.24951060835e-05	1.24951060835e-05
0.00311128141478	0.00301132056611	0.0522920189592	0	2.91552475281e-05	4.16503536115e-06	5.83104950561e-05	0.00125784067907	0.000478979066532	0.000274892333836	6.24755304173e-05	0.000220746874141	2.91552475281e-05	6.66405657784e-05	0.00177847009921	1.24951060835e-05	0.000953793097703	0.0129241047256	3.33202828892e-05	0.000466483960449	5.4145459695e-05	0.00758452939265	0.00331953318284	0.0261689171741	0.000583104950561	6.66405657784e-05	0.00971702749756	0.0196714620107	0.00159937357868	0.00267395270186	0.00607262155656	0	0	0.000570609844478	0.00404424933568	3.33202828892e-05	0.00395261855773	0.00432747174024	0	4.16503536115e-06	0	3.33202828892e-05	0.000104125884029	7.49706365007e-05	0.000237407015586	6.66405657784e-05	3.74853182504e-05	3.33202828892e-05	3.33202828892e-05	5.83104950561e-05	8.3300707223e-06	0.00112455954751	0.00149108265929	2.49902121669e-05	0.00021658183878	2.91552475281e-05	0.000974618274509	0.00408173465393	0.00299049538931	0.000154106308363	4.58153889727e-05	0.00127033578515	0.00474814031171	0.000199921697335	5.83104950561e-05	0.000291552475281	0	4.16503536115e-06	8.3300707223e-06	0.00113288961823	0.00763034478163	0.0036235807642	0.0039234633102	0.000708056011396	3.74853182504e-05	3.74853182504e-05	3.33202828892e-05	0.000891317567286	0.000445658783643	0.000728881188201	0.000233241980224	3.74853182504e-05	1.66601414446e-05	0
0	0	0	0	0	0	0	0	0	0	0	0	0	0	0	0	0	0	0	0	0	0	0	0	0	0	0	0	0	0	0	0	0	0	0	0	0	0	0	0	0	0	0	0	0	0	0	0	0	0	0	0	0	0	0	0	0	0	0	0	0	0	0	0	0	0	0	0	0	0	0	0	0	0	0	0	0	0	0	0	0	0	0	0
0.000574774879839	4.16503536115e-06	2.91552475281e-05	0	0.0199880046982	1.24951060835e-05	0.000320707722809	0.00212833306955	0.00043316367756	0.000907977708731	0.00119536514865	0.000158271343724	0.00220746874141	4.58153889727e-05	0.00101626862812	4.58153889727e-05	3.33202828892e-05	2.08251768058e-05	8.3300707223e-06	4.99804243338e-05	0.00548118653527	4.99804243338e-05	1.24951060835e-05	7.91356718619e-05	0.0109415478937	0	7.91356718619e-05	2.08251768058e-05	0.00734712237707	0.00137862670454	0.000383183253226	0	1.24951060835e-05	0.000553949703033	0.000987113380593	8.3300707223e-06	4.16503536115e-06	4.16503536115e-06	0	0.00303214574292	0	9.99608486676e-05	5.4145459695e-05	7.08056011396e-05	0.00133697635093	0.000962123168426	8.3300707223e-06	0.00119953018401	4.16503536115e-06	6.24755304173e-05	1.24951060835e-05	4.16503536115e-06	0	0	0	0.00354028005698	0	4.16503536115e-06	4.16503536115e-06	0.00143277216424	4.16503536115e-06	8.3300707223e-06	8.3300707223e-06	0.000274892333836	3.33202828892e-05	1.66601414446e-05	0	0	0	3.33202828892e-05	0.000249902121669	4.16503536115e-05	0.000658075587062	8.3300707223e-05	0.000220746874141	0	8.3300707223e-06	2.08251768058e-05	8.3300707223e-06	3.74853182504e-05	1.24951060835e-05	6.66405657784e-05	2.49902121669e-05	0
8.74657425842e-05	0	4.16503536115e-06	0	1.24951060835e-05	0.00547285646455	0.00242821561555	5.4145459695e-05	0.000891317567286	3.74853182504e-05	7.08056011396e-05	4.58153889727e-05	6.24755304173e-05	4.99804243338e-05	0.00072471615284	0.000920472814814	4.16503536115e-06	8.3300707223e-06	0	8.3300707223e-06	4.16503536115e-05	1.66601414446e-05	0	1.24951060835e-05	4.58153889727e-05	0	1.66601414446e-05	1.24951060835e-05	4.16503536115e-05	0.00106208401709	3.33202828892e-05	0	0.00161186868477	2.08251768058e-05	0.00134947145701	0	4.16503536115e-06	0	0	8.3300707223e-06	0	0	0	4.16503536115e-06	1.66601414446e-05	0	8.3300707223e-06	4.16503536115e-06	0	8.3300707223e-06	0	0	0	0	0	0	4.16503536115e-06	0	0	1.24951060835e-05	4.16503536115e-06	0	0	1.24951060835e-05	0	4.16503536115e-06	0	0	0	8.3300707223e-06	0.000124951060835	4.99804243338e-05	0.00039984339467	0.000149941273001	0.0013078211034	0.000691395869951	2.08251768058e-05	4.16503536115e-06	1.24951060835e-05	1.24951060835e-05	8.3300707223e-06	8.3300707223e-06	0	4.16503536115e-06
0.000987113380593	8.3300707223e-06	5.83104950561e-05	0	0.000320707722809	0.00242821561555	0.0238948078669	0.00180346031138	0.00872158404625	0.000133281131557	0.0058102243288	0.000287387439919	0.00612260198089	0.00010829091939	0.00469399485202	0.00172848967488	2.49902121669e-05	3.74853182504e-05	0	5.83104950561e-05	0.00247819603988	0.000120786025473	2.49902121669e-05	0.000141611202279	0.000387348288587	8.3300707223e-06	0.000120786025473	2.49902121669e-05	0.00112872458287	0.00243238065091	0.000262397227752	4.16503536115e-06	0.000624755304173	0.000179096520529	0.00165768407374	0	4.16503536115e-06	0	0	5.4145459695e-05	0	1.24951060835e-05	1.24951060835e-05	1.24951060835e-05	0.000154106308363	4.16503536115e-05	8.3300707223e-06	6.24755304173e-05	4.16503536115e-06	8.3300707223e-06	0	0	0	0	0	4.58153889727e-05	4.16503536115e-06	4.16503536115e-06	4.16503536115e-06	0.000162436379085	8.3300707223e-06	4.16503536115e-06	1.24951060835e-05	5.83104950561e-05	4.16503536115e-06	8.3300707223e-06	0	0	0	1.66601414446e-05	0.00032487275817	9.99608486676e-05	0.000953793097703	0.000179096520529	0.00210750789274	0.000212416803419	2.08251768058e-05	1.66601414446e-05	8.3300707223e-06	2.49902121669e-05	8.3300707223e-06	2.49902121669e-05	0	0
0.0106874807367	4.58153889727e-05	0.00125784067907	0	0.00212833306955	5.4145459695e-05	0.00180346031138	0.0561655018451	0.00596016560181	0.0028405541163	0.0127241830283	0.000766366506452	0.00108707422926	0.000220746874141	0.0115163227736	0.000154106308363	0.00061642523345	0.00047064899581	3.33202828892e-05	0.000283222404558	0.0011037343707	0.00432330670487	0.000620590268811	0.00459819903871	0.00774280073638	6.66405657784e-05	0.000533124526227	0.000441493748282	0.0316084533558	0.0119744766633	0.0126866977101	4.16503536115e-06	3.33202828892e-05	0.00673902721434	0.00771781052421	8.3300707223e-05	4.99804243338e-05	3.74853182504e-05	0	0.00142027705815	4.16503536115e-06	0.000495639207977	0.000524794455505	0.000458153889727	0.00471482002882	0.00144943230568	4.58153889727e-05	0.00149941273001	2.91552475281e-05	0.000358193041059	4.16503536115e-06	9.99608486676e-05	1.66601414446e-05	8.3300707223e-06	1.24951060835e-05	0.00175764492241	0.000154106308363	0.000233241980224	0.000124951060835	0.00517297391855	1.66601414446e-05	6.66405657784e-05	9.99608486676e-05	0.0018117903821	0.000166601414446	0.000174931485168	0	4.16503536115e-06	1.66601414446e-05	0.000187426591252	0.00249485618133	0.000437328712921	0.00527293476722	0.00107874415854	0.000453988854365	1.66601414446e-05	2.91552475281e-05	0.000233241980224	6.66405657784e-05	0.000229076944863	6.24755304173e-05	0.000287387439919	3.74853182504e-05	0
0.00456487875582	1.24951060835e-05	0.000478979066532	0	0.00043316367756	0.000891317567286	0.00872158404625	0.00596016560181	0.0319291610786	0.000383183253226	0.00816763434322	0.00072471615284	0.00241988554483	0.000258232192391	0.0187051738069	0.000395678359309	0.000104125884029	0.000183261555891	4.16503536115e-05	0.000174931485168	0.00203253725624	0.0010829091939	9.99608486676e-05	0.00124118053762	0.0010287637342	1.66601414446e-05	0.000308212616725	0.000162436379085	0.00348613459728	0.00615175722842	0.00179929527602	1.24951060835e-05	0.000695560905312	0.000533124526227	0.00310711637942	1.24951060835e-05	1.24951060835e-05	1.24951060835e-05	0	0.000154106308363	0	7.08056011396e-05	7.08056011396e-05	7.49706365007e-05	0.000533124526227	0.000174931485168	8.3300707223e-06	0.000187426591252	2.08251768058e-05	6.24755304173e-05	0	1.66601414446e-05	0	4.16503536115e-06	0	0.000199921697335	3.33202828892e-05	2.91552475281e-05	1.66601414446e-05	0.000608095162728	2.08251768058e-05	2.08251768058e-05	2.91552475281e-05	0.000262397227752	2.91552475281e-05	3.74853182504e-05	0	0	4.16503536115e-06	4.16503536115e-05	0.000845502178313	0.000220746874141	0.00228243937791	0.000445658783643	0.000766366506452	0.000120786025473	2.91552475281e-05	4.99804243338e-05	8.3300707223e-06	4.58153889727e-05	8.3300707223e-06	2.08251768058e-05	0	0
0.000907977708731	0.00117870500721	0.000274892333836	0	0.000907977708731	3.74853182504e-05	0.000133281131557	0.0028405541163	0.000383183253226	0.0244279323931	0.000549784667672	0.000120786025473	0.000791356718619	3.74853182504e-05	0.0010287637342	0.000124951060835	0.00183261555891	0.000154106308363	4.16503536115e-06	7.49706365007e-05	0.000499804243338	0.00132864628021	0.00626004814781	0.000741376294285	0.0109915283181	6.66405657784e-05	0.000474814031171	0.00116620990112	0.00765950002916	0.00225328413038	0.00261147717144	0	1.24951060835e-05	0.00172432463952	0.00255316667639	0.000212416803419	8.3300707223e-05	7.49706365007e-05	0	0.00161186868477	8.3300707223e-06	0.000537289561588	0.00111622947679	0.0005789399152	0.0102209967763	0.00158271343724	7.91356718619e-05	0.0021116729281	1.66601414446e-05	0.000474814031171	4.58153889727e-05	0.00021658183878	1.66601414446e-05	2.08251768058e-05	4.16503536115e-06	0.00239489533266	0.000441493748282	0.00094129799162	0.000183261555891	0.00678900763867	3.33202828892e-05	4.16503536115e-05	0.000149941273001	0.00365690104709	0.000245737086308	0.00047064899581	0	1.24951060835e-05	1.66601414446e-05	0.000299882546003	0.00132864628021	0.000224911909502	0.00122035536082	0.00036235807642	0.000999608486676	8.3300707223e-06	1.24951060835e-05	0.000449823819004	7.91356718619e-05	0.000370688147142	0.00010829091939	0.000487309137255	7.91356718619e-05	8.3300707223e-06
0.00297383524786	1.66601414446e-05	6.24755304173e-05	0	0.00119536514865	7.08056011396e-05	0.0058102243288	0.0127241830283	0.00816763434322	0.000549784667672	0.0345114830025	0.000608095162728	0.00478979066532	0.000233241980224	0.00846335185386	0.000158271343724	5.4145459695e-05	6.66405657784e-05	2.91552475281e-05	0.000208251768058	0.00340699892542	0.000283222404558	7.49706365007e-05	0.000333202828892	0.00183261555891	3.74853182504e-05	0.000316542687447	9.57958133065e-05	0.00805934342383	0.00480645080677	0.000653910551701	0	3.33202828892e-05	0.00180346031138	0.00344031920831	0	2.08251768058e-05	8.3300707223e-06	0	0.000312377652086	4.16503536115e-06	4.99804243338e-05	5.4145459695e-05	3.33202828892e-05	0.000828842036869	0.000370688147142	1.24951060835e-05	0.000383183253226	4.16503536115e-06	2.08251768058e-05	0	1.66601414446e-05	8.3300707223e-06	4.16503536115e-06	0	0.000591435021283	4.16503536115e-06	1.66601414446e-05	0	0.000974618274509	8.3300707223e-06	2.49902121669e-05	1.66601414446e-05	0.000262397227752	1.24951060835e-05	2.08251768058e-05	0	4.16503536115e-06	0	1.66601414446e-05	0.000653910551701	0.000137446166918	0.00246986596916	0.000374853182504	0.000212416803419	8.3300707223e-06	8.3300707223e-06	2.49902121669e-05	4.16503536115e-06	2.08251768058e-05	8.3300707223e-06	3.33202828892e-05	4.16503536115e-06	0
0.00129116096196	0.000112455954751	0.000220746874141	0	0.000158271343724	4.58153889727e-05	0.000287387439919	0.000766366506452	0.00072471615284	0.000120786025473	0.000608095162728	0.0282014544303	0.000741376294285	0.00674735728506	0.00459403400335	8.3300707223e-06	4.99804243338e-05	0.000570609844478	0.00179513024066	0.00584770964705	0.000824677001508	0.00014577623764	7.49706365007e-05	0.000341532899614	0.000287387439919	0.00267395270186	0.00922971836031	0.00132031620948	0.000712221046757	0.00596016560181	0.000370688147142	0.000408173465393	3.33202828892e-05	0.000533124526227	0.0112580905812	8.3300707223e-06	0.000208251768058	4.16503536115e-06	0	3.74853182504e-05	0	3.33202828892e-05	1.66601414446e-05	2.49902121669e-05	0.000137446166918	5.83104950561e-05	0.00106624905245	4.99804243338e-05	0.00133697635093	3.33202828892e-05	0	4.16503536115e-06	2.49902121669e-05	0.000224911909502	4.58153889727e-05	5.83104950561e-05	4.16503536115e-06	4.16503536115e-06	2.08251768058e-05	0.000162436379085	0.000962123168426	0.000670570693145	0.00025406715703	8.3300707223e-05	1.66601414446e-05	4.16503536115e-06	2.08251768058e-05	0	0	0.00010829091939	0.00170349946271	0.00512299349421	0.00960457154281	0.000678900763867	3.74853182504e-05	1.24951060835e-05	0.000716386082118	8.74657425842e-05	0.000695560905312	0.00014577623764	4.16503536115e-05	2.08251768058e-05	4.16503536115e-06	0.000212416803419
0.00118287004257	2.49902121669e-05	2.91552475281e-05	0	0.00220746874141	6.24755304173e-05	0.00612260198089	0.00108707422926	0.00241988554483	0.000791356718619	0.00478979066532	0.000741376294285	0.0307337959299	0.000199921697335	0.00503552775163	0.000491474172616	3.74853182504e-05	4.16503536115e-05	2.49902121669e-05	0.000204086732696	0.0129449299025	8.3300707223e-05	4.16503536115e-05	0.000124951060835	0.00237823519122	1.66601414446e-05	0.000312377652086	6.24755304173e-05	0.00231159462544	0.0034194940315	0.000166601414446	1.24951060835e-05	5.4145459695e-05	0.000333202828892	0.00294051496497	4.16503536115e-06	8.3300707223e-06	0	0	0.000279057369197	4.16503536115e-06	0.000666405657784	1.66601414446e-05	0.00036235807642	0.000270727298475	0.000591435021283	4.58153889727e-05	0.00374853182504	1.66601414446e-05	0.000204086732696	1.24951060835e-05	4.16503536115e-06	8.3300707223e-06	1.66601414446e-05	0	0.00217414845852	1.24951060835e-05	2.08251768058e-05	4.16503536115e-06	0.000237407015586	2.08251768058e-05	5.4145459695e-05	1.24951060835e-05	6.66405657784e-05	4.58153889727e-05	8.3300707223e-06	0	1.24951060835e-05	0	9.99608486676e-05	0.000495639207977	0.000141611202279	0.0020158771148	0.000270727298475	0.0014369371996	2.08251768058e-05	3.33202828892e-05	1.66601414446e-05	3.74853182504e-05	0.000129116096196	2.49902121669e-05	0.000141611202279	1.24951060835e-05	8.3300707223e-06
0.000283222404558	5.83104950561e-05	6.66405657784e-05	0	4.58153889727e-05	4.99804243338e-05	0.00010829091939	0.000220746874141	0.000258232192391	3.74853182504e-05	0.000233241980224	0.00674735728506	0.000199921697335	0.0165102001716	0.00107457912318	8.3300707223e-06	8.3300707223e-06	8.3300707223e-05	0.000104125884029	0.000370688147142	0.000233241980224	8.3300707223e-05	1.24951060835e-05	0.000162436379085	7.91356718619e-05	0.0039776087699	0.00462318925088	0.00112039451215	0.000220746874141	0.00142027705815	0.000116620990112	0.000841337142952	3.74853182504e-05	0.000183261555891	0.00244904079236	0	8.74657425842e-05	4.16503536115e-06	0	2.49902121669e-05	0	2.49902121669e-05	1.24951060835e-05	2.91552475281e-05	4.58153889727e-05	4.16503536115e-06	0.00119953018401	3.33202828892e-05	0.0020908477513	2.49902121669e-05	0	4.16503536115e-06	8.3300707223e-06	0.000120786025473	2.08251768058e-05	2.08251768058e-05	4.16503536115e-06	4.16503536115e-06	1.66601414446e-05	5.83104950561e-05	0.000999608486676	0.000420668571476	0.000166601414446	4.16503536115e-05	0	1.24951060835e-05	4.58153889727e-05	4.16503536115e-06	0	0.000112455954751	0.000558114738394	0.00253234149958	0.00250735128741	0.00104958891101	1.66601414446e-05	2.49902121669e-05	0.00114954975968	8.74657425842e-05	0.000753871400368	0.000287387439919	0.000174931485168	2.08251768058e-05	3.74853182504e-05	0.000341532899614
0.0187926395495	9.16307779453e-05	0.00177847009921	0	0.00101626862812	0.00072471615284	0.00469399485202	0.0115163227736	0.0187051738069	0.0010287637342	0.00846335185386	0.00459403400335	0.00503552775163	0.00107457912318	0.0548368555649	0.000287387439919	0.000383183253226	0.000874657425842	0.000287387439919	0.00149524769465	0.00516464384783	0.0039984339467	0.000391513323948	0.00424000599765	0.00260314710072	0.000191591626613	0.00215332328171	0.000741376294285	0.00806350845919	0.0273517872167	0.00798437278732	2.91552475281e-05	0.000703890976034	0.00244071072163	0.0157729889127	3.33202828892e-05	8.74657425842e-05	5.4145459695e-05	0	0.000299882546003	0	0.000129116096196	0.000208251768058	0.000141611202279	0.00135780152773	0.000387348288587	8.74657425842e-05	0.000428998642198	7.91356718619e-05	0.000104125884029	0	3.74853182504e-05	1.66601414446e-05	4.99804243338e-05	1.24951060835e-05	0.000416503536115	8.3300707223e-05	0.000120786025473	5.83104950561e-05	0.00148691762393	0.000120786025473	0.000149941273001	8.3300707223e-05	0.000712221046757	3.74853182504e-05	6.24755304173e-05	0	4.16503536115e-06	4.16503536115e-06	0.000104125884029	0.00298633035394	0.000982948345231	0.0109123926462	0.00149108265929	0.000749706365007	9.99608486676e-05	0.000137446166918	0.00014577623764	7.49706365007e-05	0.000149941273001	2.08251768058e-05	9.99608486676e-05	8.3300707223e-06	1.24951060835e-05
7.08056011396e-05	1.24951060835e-05	1.24951060835e-05	0	4.58153889727e-05	0.000920472814814	0.00172848967488	0.000154106308363	0.000395678359309	0.000124951060835	0.000158271343724	8.3300707223e-06	0.000491474172616	8.3300707223e-06	0.000287387439919	0.00527293476722	2.49902121669e-05	4.16503536115e-06	0	4.16503536115e-06	7.91356718619e-05	4.58153889727e-05	2.49902121669e-05	0.00010829091939	0.000199921697335	0	4.16503536115e-06	2.08251768058e-05	0.000174931485168	0.000241572050947	9.16307779453e-05	0	9.16307779453e-05	7.49706365007e-05	0.000245737086308	4.16503536115e-06	0	0	0	1.24951060835e-05	0	0	8.3300707223e-06	0	4.16503536115e-05	4.16503536115e-06	4.16503536115e-06	4.16503536115e-06	4.16503536115e-06	0	0	4.16503536115e-06	8.3300707223e-06	0	4.16503536115e-06	8.3300707223e-06	1.24951060835e-05	8.3300707223e-06	8.3300707223e-06	2.08251768058e-05	0	0	8.3300707223e-06	8.3300707223e-06	4.16503536115e-06	8.3300707223e-06	0	4.16503536115e-06	0	2.49902121669e-05	0.000266562263114	8.3300707223e-06	0.00021658183878	2.91552475281e-05	0.00355277516306	2.08251768058e-05	0	1.66601414446e-05	2.49902121669e-05	4.99804243338e-05	5.83104950561e-05	4.16503536115e-06	4.16503536115e-06	0
0.000395678359309	0.000932967920898	0.000953793097703	0	3.33202828892e-05	4.16503536115e-06	2.49902121669e-05	0.00061642523345	0.000104125884029	0.00183261555891	5.4145459695e-05	4.99804243338e-05	3.74853182504e-05	8.3300707223e-06	0.000383183253226	2.49902121669e-05	0.0258023940623	0.000370688147142	0	4.16503536115e-05	3.74853182504e-05	0.00690146359343	0.012028622123	0.0109415478937	0.00849250710139	3.74853182504e-05	0.000387348288587	0.00389847309804	0.00322373736953	0.00107874415854	0.00157021833115	0	8.3300707223e-06	0.000899647638008	0.00187843094788	4.16503536115e-05	9.99608486676e-05	6.66405657784e-05	0	2.49902121669e-05	0	3.74853182504e-05	0.000149941273001	5.83104950561e-05	0.00133281131557	6.24755304173e-05	8.3300707223e-06	3.74853182504e-05	0	5.83104950561e-05	0	0.00137862670454	6.24755304173e-05	4.16503536115e-06	0	4.58153889727e-05	0.000895482602647	0.00281556390414	0.000653910551701	0.00054145459695	1.24951060835e-05	3.74853182504e-05	0.000424833606837	0.00124951060835	5.4145459695e-05	0.000628920339534	0	0	2.49902121669e-05	0.000229076944863	0.0035486101277	0.00131615117412	0.00140361691671	0.000379018217865	3.33202828892e-05	4.16503536115e-06	8.3300707223e-06	0.000262397227752	6.66405657784e-05	0.000158271343724	8.3300707223e-05	4.99804243338e-05	1.66601414446e-05	4.16503536115e-06
0.00131198613876	0.000895482602647	0.0129241047256	0	2.08251768058e-05	8.3300707223e-06	3.74853182504e-05	0.00047064899581	0.000183261555891	0.000154106308363	6.66405657784e-05	0.000570609844478	4.16503536115e-05	8.3300707223e-05	0.000874657425842	4.16503536115e-06	0.000370688147142	0.0303089623231	6.66405657784e-05	0.00330703807675	6.24755304173e-05	0.00445658783643	0.00072471615284	0.0131656767766	0.000249902121669	0.000112455954751	0.0105708597466	0.00675568735579	0.000553949703033	0.00171599456879	0.00333619332428	0	0	0.000379018217865	0.00547285646455	8.3300707223e-06	0.000716386082118	0.000716386082118	0	0	0	8.3300707223e-06	2.49902121669e-05	2.08251768058e-05	5.83104950561e-05	2.49902121669e-05	4.99804243338e-05	2.08251768058e-05	5.4145459695e-05	2.08251768058e-05	0	4.58153889727e-05	0.000320707722809	5.83104950561e-05	0.00014577623764	1.24951060835e-05	6.66405657784e-05	0.000245737086308	0.000349862970337	3.33202828892e-05	7.08056011396e-05	0.000603930127367	0.000816346930785	3.33202828892e-05	1.66601414446e-05	4.58153889727e-05	4.16503536115e-06	0	4.16503536115e-06	0.000266562263114	0.00401092905279	0.0022407890243	0.00292801985889	0.000487309137255	2.08251768058e-05	8.3300707223e-06	2.91552475281e-05	0.000249902121669	9.16307779453e-05	0.000208251768058	9.16307779453e-05	2.08251768058e-05	4.16503536115e-06	0
9.99608486676e-05	4.16503536115e-06	3.33202828892e-05	0	8.3300707223e-06	0	0	3.33202828892e-05	4.16503536115e-05	4.16503536115e-06	2.91552475281e-05	0.00179513024066	2.49902121669e-05	0.000104125884029	0.000287387439919	0	0	6.66405657784e-05	0.00316542687447	0.00197006172582	4.58153889727e-05	1.24951060835e-05	4.16503536115e-06	3.74853182504e-05	8.3300707223e-06	0.000149941273001	0.00122452039618	0.00010829091939	3.74853182504e-05	0.00036235807642	3.74853182504e-05	8.3300707223e-06	0	2.49902121669e-05	0.000708056011396	0	2.08251768058e-05	4.16503536115e-06	0	4.16503536115e-06	0	0	0	0	1.66601414446e-05	0	9.99608486676e-05	4.16503536115e-06	0.00010829091939	0	0	0	8.3300707223e-06	5.4145459695e-05	0	8.3300707223e-06	0	0	4.16503536115e-06	1.24951060835e-05	0.000116620990112	0.000116620990112	4.16503536115e-05	8.3300707223e-06	0	0	8.3300707223e-06	0	0	8.3300707223e-06	0.000124951060835	0.000287387439919	0.000628920339534	5.4145459695e-05	4.16503536115e-06	0	1.66601414446e-05	0	2.91552475281e-05	1.66601414446e-05	0	0	0	4.16503536115e-06
0.000574774879839	0.000204086732696	0.000466483960449	0	4.99804243338e-05	8.3300707223e-06	5.83104950561e-05	0.000283222404558	0.000174931485168	7.49706365007e-05	0.000208251768058	0.00584770964705	0.000204086732696	0.000370688147142	0.00149524769465	4.16503536115e-06	4.16503536115e-05	0.00330703807675	0.00197006172582	0.0180970786442	0.000316542687447	0.000224911909502	7.91356718619e-05	0.00047064899581	0.000141611202279	0.000658075587062	0.0102168317409	0.00167434421518	0.000341532899614	0.00207835264521	0.00036235807642	3.74853182504e-05	4.16503536115e-06	0.000270727298475	0.00579772922272	0	0.000491474172616	1.66601414446e-05	0	8.3300707223e-06	0	1.24951060835e-05	4.16503536115e-06	2.08251768058e-05	8.3300707223e-05	2.91552475281e-05	0.000458153889727	2.08251768058e-05	0.000412338500754	1.66601414446e-05	0	4.16503536115e-06	4.16503536115e-05	0.000299882546003	0.000158271343724	2.49902121669e-05	8.3300707223e-06	1.66601414446e-05	2.08251768058e-05	7.08056011396e-05	0.000637250410256	0.00101626862812	0.000553949703033	4.16503536115e-05	1.24951060835e-05	0	2.91552475281e-05	0	0	0.000112455954751	0.00150774280074	0.00236157504977	0.00431914166951	0.000491474172616	4.16503536115e-06	8.3300707223e-06	5.83104950561e-05	9.16307779453e-05	0.000137446166918	0.000112455954751	1.66601414446e-05	1.24951060835e-05	0	2.08251768058e-05
0.00208668271594	2.08251768058e-05	5.4145459695e-05	0	0.00548118653527	4.16503536115e-05	0.00247819603988	0.0011037343707	0.00203253725624	0.000499804243338	0.00340699892542	0.000824677001508	0.0129449299025	0.000233241980224	0.00516464384783	7.91356718619e-05	3.74853182504e-05	6.24755304173e-05	4.58153889727e-05	0.000316542687447	0.0230368105825	9.16307779453e-05	4.58153889727e-05	0.000154106308363	0.00378185210792	2.49902121669e-05	0.000408173465393	9.16307779453e-05	0.00423167592693	0.00404424933568	0.000212416803419	1.66601414446e-05	4.58153889727e-05	0.000624755304173	0.00364857097637	4.16503536115e-06	1.66601414446e-05	0	0	0.000183261555891	0	3.33202828892e-05	2.91552475281e-05	2.49902121669e-05	0.000453988854365	0.000220746874141	2.08251768058e-05	0.000262397227752	1.24951060835e-05	3.33202828892e-05	4.16503536115e-06	4.16503536115e-06	4.16503536115e-06	2.08251768058e-05	0	0.000404008430032	1.66601414446e-05	1.66601414446e-05	4.16503536115e-06	0.000462318925088	1.66601414446e-05	2.91552475281e-05	1.24951060835e-05	0.00010829091939	4.16503536115e-06	1.24951060835e-05	0	0	0	1.24951060835e-05	0.000524794455505	0.000183261555891	0.00262397227752	0.000270727298475	0.000437328712921	1.66601414446e-05	2.08251768058e-05	4.16503536115e-06	2.49902121669e-05	8.3300707223e-06	0	2.08251768058e-05	4.16503536115e-06	4.16503536115e-06
0.0066682216132	0.000287387439919	0.00758452939265	0	4.99804243338e-05	1.66601414446e-05	0.000120786025473	0.00432330670487	0.0010829091939	0.00132864628021	0.000283222404558	0.00014577623764	8.3300707223e-05	8.3300707223e-05	0.0039984339467	4.58153889727e-05	0.00690146359343	0.00445658783643	1.24951060835e-05	0.000224911909502	9.16307779453e-05	0.0596016560181	0.00523961448433	0.0378893266804	0.00259481703	2.91552475281e-05	0.00147442251785	0.00267811773722	0.00749289861471	0.00825093505044	0.0224412105259	0	8.3300707223e-06	0.00461069414479	0.00725132656376	5.83104950561e-05	0.000133281131557	0.00021658183878	0	7.08056011396e-05	0	7.08056011396e-05	0.000270727298475	9.57958133065e-05	0.00164102393229	9.99608486676e-05	1.24951060835e-05	6.66405657784e-05	1.24951060835e-05	0.000112455954751	0	0.000816346930785	9.57958133065e-05	8.3300707223e-06	1.66601414446e-05	3.74853182504e-05	0.00115371479504	0.0023157596608	0.000591435021283	0.000699725940673	1.24951060835e-05	8.74657425842e-05	0.000312377652086	0.00167017917982	0.000104125884029	0.000749706365007	0	0	3.33202828892e-05	0.000258232192391	0.00627670828925	0.00212833306955	0.00540621589877	0.00140361691671	5.4145459695e-05	3.33202828892e-05	3.74853182504e-05	0.000445658783643	0.00010829091939	0.000316542687447	0.000179096520529	7.49706365007e-05	3.33202828892e-05	0
0.00039984339467	0.00439827734137	0.00331953318284	0	1.24951060835e-05	0	2.49902121669e-05	0.000620590268811	9.99608486676e-05	0.00626004814781	7.49706365007e-05	7.49706365007e-05	4.16503536115e-05	1.24951060835e-05	0.000391513323948	2.49902121669e-05	0.012028622123	0.00072471615284	4.16503536115e-06	7.91356718619e-05	4.58153889727e-05	0.00523961448433	0.0361191866519	0.0114496822078	0.00703474472498	0.000220746874141	0.00124951060835	0.013019900539	0.00284471915167	0.000966288203787	0.00138695677526	0	0	0.000774696577174	0.00147858755321	9.16307779453e-05	0.00115371479504	0.00094129799162	0	4.58153889727e-05	0	9.99608486676e-05	0.000354028005698	0.00014577623764	0.00300715553075	0.000133281131557	2.91552475281e-05	4.58153889727e-05	0	0.000137446166918	4.16503536115e-06	0.00350695977409	0.000174931485168	2.08251768058e-05	8.3300707223e-06	4.16503536115e-05	0.00233241980224	0.0102834723067	0.00271143802011	0.00114954975968	3.33202828892e-05	0.000120786025473	0.00256566178247	0.00269477787866	0.000166601414446	0.00122035536082	0	0	4.16503536115e-05	0.000612260198089	0.00230742959008	0.000899647638008	0.0010287637342	0.000241572050947	0.000162436379085	8.3300707223e-06	4.16503536115e-06	0.000633085374895	0.000233241980224	0.000466483960449	0.000220746874141	0.000129116096196	7.08056011396e-05	8.3300707223e-06
0.0066473964364	0.000841337142952	0.0261689171741	0	7.91356718619e-05	1.24951060835e-05	0.000141611202279	0.00459819903871	0.00124118053762	0.000741376294285	0.000333202828892	0.000341532899614	0.000124951060835	0.000162436379085	0.00424000599765	0.00010829091939	0.0109415478937	0.0131656767766	3.74853182504e-05	0.00047064899581	0.000154106308363	0.0378893266804	0.0114496822078	0.0975867785117	0.0023157596608	7.49706365007e-05	0.00281139886878	0.0193882396062	0.00704307479571	0.00626837821853	0.01378210201	0	0	0.00240739043874	0.00880071971811	3.33202828892e-05	0.000520629420144	0.00103709380493	0	5.4145459695e-05	0	9.57958133065e-05	0.000266562263114	0.000137446166918	0.00087049239048	0.000120786025473	4.99804243338e-05	6.66405657784e-05	2.91552475281e-05	9.57958133065e-05	0	0.00385682274443	0.000266562263114	2.08251768058e-05	5.83104950561e-05	3.33202828892e-05	0.00231159462544	0.00994610444243	0.00426083117446	0.000633085374895	2.91552475281e-05	0.000195756661974	0.00221996384749	0.00118287004257	0.000162436379085	0.0010079385574	0	8.3300707223e-06	2.91552475281e-05	0.000924637850175	0.0160978616708	0.00557698234858	0.0100294051496	0.00240322540338	9.16307779453e-05	6.66405657784e-05	6.66405657784e-05	0.00104542387565	0.000308212616725	0.000837172107591	0.000495639207977	0.000141611202279	7.91356718619e-05	4.16503536115e-06
0.00207835264521	0.000974618274509	0.000583104950561	0	0.0109415478937	4.58153889727e-05	0.000387348288587	0.00774280073638	0.0010287637342	0.0109915283181	0.00183261555891	0.000287387439919	0.00237823519122	7.91356718619e-05	0.00260314710072	0.000199921697335	0.00849250710139	0.000249902121669	8.3300707223e-06	0.000141611202279	0.00378185210792	0.00259481703	0.00703474472498	0.0023157596608	0.0528126483794	5.4145459695e-05	0.00047064899581	0.00167017917982	0.0273642823228	0.00456904379118	0.00486059626646	0	2.91552475281e-05	0.00290719468208	0.00463984939232	0.000179096520529	0.00010829091939	7.08056011396e-05	0	0.00185344073571	4.16503536115e-06	0.00047064899581	0.000816346930785	0.000524794455505	0.0075470440744	0.00134947145701	5.83104950561e-05	0.00172432463952	1.66601414446e-05	0.000391513323948	3.74853182504e-05	0.000241572050947	3.74853182504e-05	1.24951060835e-05	4.16503536115e-06	0.00216165335244	0.000320707722809	0.000791356718619	0.000212416803419	0.00630586353678	3.33202828892e-05	3.33202828892e-05	0.000154106308363	0.00268228277258	0.000212416803419	0.000387348288587	0	8.3300707223e-06	8.3300707223e-06	0.000279057369197	0.00307379609653	0.000645580480978	0.00277807858589	0.000603930127367	0.000999608486676	2.08251768058e-05	1.66601414446e-05	0.000408173465393	5.83104950561e-05	0.000320707722809	0.000116620990112	0.000349862970337	6.24755304173e-05	4.16503536115e-06
4.99804243338e-05	0.000766366506452	6.66405657784e-05	0	0	0	8.3300707223e-06	6.66405657784e-05	1.66601414446e-05	6.66405657784e-05	3.74853182504e-05	0.00267395270186	1.66601414446e-05	0.0039776087699	0.000191591626613	0	3.74853182504e-05	0.000112455954751	0.000149941273001	0.000658075587062	2.49902121669e-05	2.91552475281e-05	0.000220746874141	7.49706365007e-05	5.4145459695e-05	0.0123451648104	0.00384016260298	0.00297383524786	5.83104950561e-05	0.000262397227752	2.49902121669e-05	0.000158271343724	0	4.58153889727e-05	0.000745541329646	4.16503536115e-06	0.000583104950561	4.16503536115e-06	0	4.16503536115e-06	0	8.3300707223e-06	4.16503536115e-06	1.66601414446e-05	1.24951060835e-05	0	0.00142860712887	4.16503536115e-06	0.00199505193799	2.49902121669e-05	0	8.3300707223e-06	1.66601414446e-05	0.00025406715703	7.08056011396e-05	4.16503536115e-06	0	0	8.3300707223e-06	1.24951060835e-05	0.00202837222088	0.000803851824702	0.000395678359309	1.24951060835e-05	1.24951060835e-05	0	2.91552475281e-05	4.16503536115e-06	0	0.000137446166918	0.000233241980224	0.00169100435663	0.000787191683257	6.24755304173e-05	0	0	0.00076220147109	2.08251768058e-05	0.000845502178313	0.000133281131557	1.24951060835e-05	8.3300707223e-06	0	0.000474814031171
0.00127450082051	0.00611843694553	0.00971702749756	0	7.91356718619e-05	1.66601414446e-05	0.000120786025473	0.000533124526227	0.000308212616725	0.000474814031171	0.000316542687447	0.00922971836031	0.000312377652086	0.00462318925088	0.00215332328171	4.16503536115e-06	0.000387348288587	0.0105708597466	0.00122452039618	0.0102168317409	0.000408173465393	0.00147442251785	0.00124951060835	0.00281139886878	0.00047064899581	0.00384016260298	0.0791814872508	0.0268103326197	0.000662240622423	0.0032695527585	0.00144110223496	0.0011037343707	4.16503536115e-06	0.000528959490866	0.0096920372854	1.24951060835e-05	0.00907144701659	0.00125784067907	0	1.66601414446e-05	0	4.16503536115e-05	3.74853182504e-05	9.16307779453e-05	0.00014577623764	6.24755304173e-05	0.0026697876665	7.08056011396e-05	0.00258648695927	0.000120786025473	0	4.58153889727e-05	0.00201171207944	0.00187010087716	0.00257399185319	3.74853182504e-05	8.3300707223e-05	0.000104125884029	0.000341532899614	0.00010829091939	0.00438578223529	0.0109498779645	0.00682649295693	0.000104125884029	7.91356718619e-05	5.4145459695e-05	0.000120786025473	2.08251768058e-05	4.16503536115e-06	0.00135780152773	0.00587269985922	0.00762617974627	0.0075470440744	0.00104958891101	3.33202828892e-05	4.16503536115e-06	0.000137446166918	0.000849667213675	0.00141194698743	0.00115371479504	0.000224911909502	4.16503536115e-05	2.49902121669e-05	0.000170766449807
0.000787191683257	0.0146317692237	0.0196714620107	0	2.08251768058e-05	1.24951060835e-05	2.49902121669e-05	0.000441493748282	0.000162436379085	0.00116620990112	9.57958133065e-05	0.00132031620948	6.24755304173e-05	0.00112039451215	0.000741376294285	2.08251768058e-05	0.00389847309804	0.00675568735579	0.00010829091939	0.00167434421518	9.16307779453e-05	0.00267811773722	0.013019900539	0.0193882396062	0.00167017917982	0.00297383524786	0.0268103326197	0.0850458570393	0.000932967920898	0.00120369521937	0.00141194698743	0.000112455954751	1.66601414446e-05	0.000312377652086	0.00451906336685	4.99804243338e-05	0.00934217431506	0.00456904379118	0	4.16503536115e-06	0	3.33202828892e-05	9.99608486676e-05	8.74657425842e-05	0.000191591626613	7.91356718619e-05	0.000720551117479	2.08251768058e-05	0.000612260198089	0.000116620990112	0	0.00155772322507	0.00249485618133	0.000628920339534	0.000974618274509	1.66601414446e-05	0.000945463026981	0.00551867185352	0.00321124226345	0.000170766449807	0.00157438336651	0.00528959490866	0.00803435321166	0.000174931485168	8.74657425842e-05	0.000270727298475	1.66601414446e-05	4.16503536115e-06	4.16503536115e-06	0.00152440294218	0.00801769307021	0.00525210959041	0.00401925912351	0.00072471615284	7.91356718619e-05	2.91552475281e-05	3.74853182504e-05	0.00107874415854	0.000770531541813	0.00104125884029	0.000295717510642	4.58153889727e-05	3.33202828892e-05	3.33202828892e-05
0.0076011895341	0.000262397227752	0.00159937357868	0	0.00734712237707	4.16503536115e-05	0.00112872458287	0.0316084533558	0.00348613459728	0.00765950002916	0.00805934342383	0.000712221046757	0.00231159462544	0.000220746874141	0.00806350845919	0.000174931485168	0.00322373736953	0.000553949703033	3.74853182504e-05	0.000341532899614	0.00423167592693	0.00749289861471	0.00284471915167	0.00704307479571	0.0273642823228	5.83104950561e-05	0.000662240622423	0.000932967920898	0.0728298083251	0.0103501128725	0.0152398643864	0	2.08251768058e-05	0.00582688447025	0.00860496305614	0.000279057369197	0.000116620990112	9.16307779453e-05	0	0.00228660441327	4.16503536115e-06	0.000791356718619	0.00122452039618	0.000787191683257	0.00997109465459	0.00214082817563	7.91356718619e-05	0.00249485618133	2.08251768058e-05	0.000603930127367	3.74853182504e-05	0.000337367864253	2.91552475281e-05	0	1.66601414446e-05	0.00296550517714	0.000441493748282	0.000658075587062	0.000316542687447	0.00846335185386	2.91552475281e-05	7.91356718619e-05	0.000158271343724	0.00389847309804	0.00036235807642	0.000487309137255	0	1.66601414446e-05	2.49902121669e-05	0.000383183253226	0.0039776087699	0.000824677001508	0.00577690404592	0.00125784067907	0.000720551117479	2.49902121669e-05	3.74853182504e-05	0.000620590268811	0.000112455954751	0.000503969278699	0.000191591626613	0.000533124526227	8.74657425842e-05	4.16503536115e-06
0.0149608070173	0.000195756661974	0.00267395270186	0	0.00137862670454	0.00106208401709	0.00243238065091	0.0119744766633	0.00615175722842	0.00225328413038	0.00480645080677	0.00596016560181	0.0034194940315	0.00142027705815	0.0273517872167	0.000241572050947	0.00107874415854	0.00171599456879	0.00036235807642	0.00207835264521	0.00404424933568	0.00825093505044	0.000966288203787	0.00626837821853	0.00456904379118	0.000262397227752	0.0032695527585	0.00120369521937	0.0103501128725	0.0633793430906	0.0182012045282	4.99804243338e-05	0.0010079385574	0.017322382067	0.0311211442185	6.24755304173e-05	0.000141611202279	0.000104125884029	0	0.000491474172616	4.16503536115e-06	0.000233241980224	0.000420668571476	0.000287387439919	0.00257399185319	0.000524794455505	0.000124951060835	0.000612260198089	8.3300707223e-05	0.00025406715703	8.3300707223e-06	6.24755304173e-05	4.16503536115e-05	6.24755304173e-05	2.91552475281e-05	0.00054145459695	0.000149941273001	0.000179096520529	9.99608486676e-05	0.00240739043874	0.000124951060835	0.000237407015586	0.000162436379085	0.00147025748249	9.57958133065e-05	0.000174931485168	0	1.24951060835e-05	8.3300707223e-06	0.000141611202279	0.00622256282956	0.00170349946271	0.0189675710347	0.00329037793531	0.000570609844478	0.000212416803419	0.000187426591252	0.000304047581364	0.000137446166918	0.000249902121669	0.000112455954751	0.000220746874141	2.49902121669e-05	2.49902121669e-05
