0.0325582431289	1.33636242149e-05	0.000503363178761	0	1.33636242149e-05	4.45454140496e-06	3.56363312397e-05	0.0101919907346	0.00571072208116	1.78181656198e-05	0.000187090739008	1.33636242149e-05	0	0	0.0224375250568	0	4.45454140496e-06	0.000516726802976	0	4.45454140496e-06	4.45454140496e-06	0.00363490578645	4.00908726447e-05	0.00659272127934	0.00408035992695	0	1.33636242149e-05	0.000485545013141	0.00816071985389	0.0166065303577	0.0176889839191	0	3.11817898347e-05	0.00249454318678	0.000997817274712	0	1.78181656198e-05	0.000204908904628	0	0	0	0	0	0	0.000138090783554	0	0	0	0	0	0	0	8.01817452893e-05	0	0	0	1.78181656198e-05	4.45454140496e-06	0.000204908904628	9.79999109092e-05	0	4.45454140496e-06	8.90908280992e-06	5.34544968595e-05	0	0	0	0	0	4.89999554546e-05	0.000231636153058	0	0.000641453962315	0.000200454363223	8.90908280992e-06	1.33636242149e-05	0	6.68181210744e-05	1.33636242149e-05	3.11817898347e-05	1.33636242149e-05	0	0	0
1.33636242149e-05	0.0264287941556	0.00142099870818	0	0	0.000824090159918	0.000596908548265	0	1.78181656198e-05	0.004124905341	0	4.45454140496e-06	4.00908726447e-05	0.00061918125529	1.78181656198e-05	0.000930999153637	0.0012606352176	0.000449908681901	0	8.90908280992e-06	4.45454140496e-06	0.000142545324959	0.00759944763687	0.000561272217025	0.00181299835182	0.00241436144149	0.00203572542207	0.0218272528843	7.57272038844e-05	1.33636242149e-05	1.33636242149e-05	0	9.35453695042e-05	4.45454140496e-06	0.000120272617934	0	0.0142322597889	0.0028687246648	0	0	0	1.78181656198e-05	1.78181656198e-05	0	0.000129181700744	0	8.90908280992e-06	2.22727070248e-05	7.12726624794e-05	8.90908280992e-06	1.78181656198e-05	0.000195999821818	0.00236536148604	8.90908280992e-06	1.33636242149e-05	8.90908280992e-06	0.000133636242149	0.000187090739008	0.00245445231413	0.000187090739008	0.000115818076529	0.0024232705243	0.00795581094926	0.000124727159339	1.78181656198e-05	0	0	4.45454140496e-06	0	0.000498908637356	0.000507817720166	5.34544968595e-05	0.000138090783554	0.000142545324959	0.00129627154884	0	0	0.00154572586752	0.000472181388926	0.000285090649918	0.000182636197603	2.22727070248e-05	4.45454140496e-06	0
0.000503363178761	0.00142099870818	0.0351285135195	0	0	0	4.45454140496e-06	0.000298454274132	0.000102454452314	0	0	4.45454140496e-06	4.45454140496e-06	0	0.000414272350661	0	8.01817452893e-05	0.00847253775224	4.45454140496e-06	8.90908280992e-06	0	0.00104236268876	4.00908726447e-05	0.0153102588089	3.56363312397e-05	8.90908280992e-06	0.00555926767339	0.0230477972293	0.000543454051405	0.000231636153058	0.00057463584124	0	0	0	0.00105572631298	4.45454140496e-06	0.00289990645463	0.00410708717538	0	4.45454140496e-06	0	0	4.45454140496e-06	8.90908280992e-06	2.67272484298e-05	8.90908280992e-06	0	0	0	4.45454140496e-06	0	2.22727070248e-05	0.00297117911711	0	8.46362866943e-05	4.45454140496e-06	0.000124727159339	1.33636242149e-05	0.00272617933984	3.56363312397e-05	0	0.00131408971446	0.00111363535124	7.12726624794e-05	4.45454140496e-06	0	0	4.45454140496e-06	0	0.00151008953628	0.00155018040893	0.000587999465455	0.00158136219876	0.00107799902	0	0	0	0.0006280903381	0.000365272395207	0.000930999153637	0.000164818031984	4.45454140496e-06	4.45454140496e-06	0
0	0	0	0	0	0	0	0	0	0	0	0	0	0	0	0	0	0	0	0	0	0	0	0	0	0	0	0	0	0	0	0	0	0	0	0	0	0	0	0	0	0	0	0	0	0	0	0	0	0	0	0	0	0	0	0	0	0	0	0	0	0	0	0	0	0	0	0	0	0	0	0	0	0	0	0	0	0	0	0	0	0	0	0
1.33636242149e-05	0	0	0	0.0227938883692	2.22727070248e-05	0.000828544701323	0.000383090560827	0.00153236224331	0.00256136130785	0.00404917813711	0.000249454318678	0.00106018085438	0	0.0006280903381	7.12726624794e-05	4.45454140496e-06	4.45454140496e-06	4.00908726447e-05	0.000195999821818	0.0038620873981	4.45454140496e-06	8.90908280992e-06	6.68181210744e-05	0.0145975321841	0	0.000200454363223	1.78181656198e-05	0.0101608089447	0.00173281660653	0	0	0.000111363535124	0.00157690765736	0.00209808900174	0.000195999821818	1.33636242149e-05	3.11817898347e-05	0	0.0072742661143	8.90908280992e-06	0.000133636242149	5.79090382645e-05	0.000231636153058	0.0046683593924	0.000262817942893	0.000374181478017	0.00060136308967	0	0.000383090560827	0.000240545235868	0	5.79090382645e-05	0.00054790859281	0.000209363446033	0.00663726669339	0	8.90908280992e-06	4.00908726447e-05	0.00635663058488	0	0.000307363356942	3.11817898347e-05	0.00104681723017	0.000369726936612	0	0	4.45454140496e-06	0	0.000142545324959	0.000423181433471	1.78181656198e-05	0.00173727114794	0.000525635885786	0.000307363356942	7.57272038844e-05	4.45454140496e-06	0.000178181656198	0.000236090694463	0.00111808989265	4.00908726447e-05	8.90908280992e-05	0	0
4.45454140496e-06	0.000824090159918	0	0	2.22727070248e-05	0.00820526526794	0.00560826762885	2.22727070248e-05	0.000632544879505	0.00100227181612	0.000209363446033	0	0.000338545146777	0.000102454452314	0.000173727114794	0.0040358145129	0	0	0	0	3.11817898347e-05	0	0.000837453784133	0	0.000726090249009	0	0	0.000743908414629	0.000155908949174	1.78181656198e-05	0	0	0.0035903603724	4.45454140496e-06	0.000445454140496	0	1.33636242149e-05	0	0	2.22727070248e-05	0	7.57272038844e-05	0	2.22727070248e-05	0.000138090783554	0	0	8.90908280992e-05	0	2.67272484298e-05	8.46362866943e-05	0	0	0	0	0	0	1.33636242149e-05	0	4.00908726447e-05	0	0	1.33636242149e-05	0	0	0	0	1.33636242149e-05	0	0	0.000596908548265	2.22727070248e-05	0.000138090783554	0.000218272528843	0.00328299701546	0.00115818076529	2.67272484298e-05	0	0	3.11817898347e-05	3.56363312397e-05	8.01817452893e-05	0	0
3.56363312397e-05	0.000596908548265	4.45454140496e-06	0	0.000828544701323	0.00560826762885	0.0456590494009	0.000160363490579	0.0153681678471	0.000913180988017	0.0198093456279	0.000770635663058	0.0116798075638	6.23635796695e-05	0.00908726446612	0.00530981335472	0	2.22727070248e-05	0.000387545102232	0.000258363401488	0.00309145173504	2.67272484298e-05	0.000605817631075	5.34544968595e-05	0.00146554412223	0	0.000904271905207	0.000596908548265	0.00101118089893	0.00165263486124	0	0	0.00772862933761	4.45454140496e-06	0.00253463405942	0	1.78181656198e-05	0	0	3.56363312397e-05	4.45454140496e-06	0.000240545235868	1.78181656198e-05	1.78181656198e-05	0.000614726713885	0	0	0.000440999599091	0	4.45454140496e-06	0.000365272395207	0	0	0	8.90908280992e-06	4.45454140496e-06	0	1.33636242149e-05	0	7.12726624794e-05	0	4.45454140496e-06	8.90908280992e-06	1.33636242149e-05	0	0	0	4.45454140496e-06	0	0	0.000694908459174	0.000240545235868	0.00190208917992	0.000650363045125	0.00489554100405	0.000387545102232	6.23635796695e-05	0.000133636242149	1.33636242149e-05	8.90908280992e-06	4.45454140496e-06	0.000369726936612	4.45454140496e-06	0
0.0101919907346	0	0.000298454274132	0	0.000383090560827	2.22727070248e-05	0.000160363490579	0.0397523274979	0.00902935542786	0.000383090560827	0.00576863111943	4.00908726447e-05	6.68181210744e-05	0	0.0125751703862	9.79999109092e-05	0	4.45454140496e-06	4.45454140496e-06	2.67272484298e-05	8.90908280992e-06	0.00217827074703	0	0.0024277250657	0.00336317876075	0	3.11817898347e-05	0.000133636242149	0.0207982538198	0.00235645240323	0.00688672101207	0	0.000146999866364	0.000935453695042	0.00135863512851	2.22727070248e-05	0	0	0	0.00059245400686	0	0	2.22727070248e-05	1.78181656198e-05	0.00124727159339	3.11817898347e-05	0	0	0	2.67272484298e-05	0	0	0	0	0	0.000120272617934	4.45454140496e-06	0	4.45454140496e-06	0.00173727114794	0	0	0	0.000690453917769	1.78181656198e-05	0	0	0	1.33636242149e-05	1.78181656198e-05	0.000489999554546	1.78181656198e-05	0.00115372622389	0.000543454051405	0.000164818031984	4.45454140496e-06	4.45454140496e-06	1.33636242149e-05	4.45454140496e-06	1.33636242149e-05	4.45454140496e-06	0	0	0
0.00571072208116	1.78181656198e-05	0.000102454452314	0	0.00153236224331	0.000632544879505	0.0153681678471	0.00902935542786	0.0510668626665	9.79999109092e-05	0.0178716201167	0.00053899951	0.00593790369281	0.000463272306116	0.0276671566662	0.00104681723017	0	4.45454140496e-06	8.01817452893e-05	0.000276181567108	0.00385317831529	0.000641453962315	2.22727070248e-05	0.00102008998174	0.00307808811083	4.45454140496e-06	0.000374181478017	7.12726624794e-05	0.00734553877678	0.0033186333467	0.00164372577843	0	0.00640563054034	0.000133636242149	0.0022450888681	0	4.45454140496e-06	4.45454140496e-06	0	2.22727070248e-05	8.90908280992e-06	8.46362866943e-05	0	6.23635796695e-05	0.000298454274132	0	0	0.000204908904628	0	8.46362866943e-05	0.000151454407769	0	8.90908280992e-06	0	1.33636242149e-05	4.45454140496e-06	0	4.45454140496e-06	0	7.57272038844e-05	0	4.45454140496e-06	4.45454140496e-06	4.45454140496e-06	3.11817898347e-05	0	0	5.79090382645e-05	0	0	0.00153681678471	0.000240545235868	0.00230299790637	0.000489999554546	0.0017996347276	0.000703817541984	0.000164818031984	2.67272484298e-05	4.45454140496e-06	0.000124727159339	0.000115818076529	0.000138090783554	8.90908280992e-06	0
1.78181656198e-05	0.004124905341	0	0	0.00256136130785	0.00100227181612	0.000913180988017	0.000383090560827	9.79999109092e-05	0.0247449775046	0	1.33636242149e-05	0.000971090026282	8.90908280992e-06	7.57272038844e-05	0.00202236179785	0.000351908770992	8.90908280992e-06	8.90908280992e-06	4.45454140496e-06	4.89999554546e-05	3.56363312397e-05	0.00685999376364	0.000307363356942	0.0162100761727	0.0006280903381	8.90908280992e-05	0.00277072475389	0.00344336050604	0.000133636242149	3.56363312397e-05	0	0.000200454363223	8.90908280992e-06	5.34544968595e-05	0.000231636153058	0.000369726936612	1.78181656198e-05	0	0.00122054434496	1.33636242149e-05	0.000106908993719	0.000129181700744	4.45454140496e-05	0.0116085349013	4.45454140496e-06	0	0.000360817853802	0	0.000142545324959	0.000267272484298	7.12726624794e-05	5.34544968595e-05	0	1.33636242149e-05	0.0012606352176	0.000102454452314	0.000521181344381	0.00059245400686	0.0093367187848	0	4.89999554546e-05	0.000387545102232	0.00183081651744	0.000120272617934	1.78181656198e-05	0	4.45454140496e-06	1.78181656198e-05	0.000138090783554	0.00136308966992	4.00908726447e-05	0.000240545235868	0.000325181522562	0.00329636063967	0	0	0.00249008864537	0.00117154438951	4.89999554546e-05	8.90908280992e-06	0.000120272617934	0	0
0.000187090739008	0	0	0	0.00404917813711	0.000209363446033	0.0198093456279	0.00576863111943	0.0178716201167	0	0.0463138669874	0.000672635752149	0.00453472315025	4.89999554546e-05	0.00754599314001	0.000173727114794	0	0	0.000129181700744	0.000360817853802	0.00383536014967	0	0	4.45454140496e-06	0.00257472493207	0	0.00064590850372	0	0.0103924450978	0.00208027083612	4.45454140496e-06	0	0.00289099737182	0.000396454185042	0.00213372533298	0.000124727159339	0	0	0	0.000311817898347	0	0.000173727114794	4.45454140496e-06	0.000530090427191	1.78181656198e-05	0.00127399884182	4.45454140496e-05	0.000298454274132	0	0.000405363267852	0	0	4.45454140496e-06	0.000133636242149	0.000280636108513	0.00121608980355	8.90908280992e-06	0	2.22727070248e-05	2.22727070248e-05	0	0.000129181700744	0	0.000494454095951	8.01817452893e-05	0	0	4.45454140496e-06	0	0.000106908993719	0.000454363223306	8.01817452893e-05	0.00142990779099	0.000374181478017	0.000102454452314	7.12726624794e-05	4.00908726447e-05	8.90908280992e-06	0.000227181611653	0.000427635974876	8.90908280992e-06	4.45454140496e-06	4.45454140496e-06	0
1.33636242149e-05	4.45454140496e-06	4.45454140496e-06	0	0.000249454318678	0	0.000770635663058	4.00908726447e-05	0.00053899951	1.33636242149e-05	0.000672635752149	0.0379705109359	0.00106908993719	0.0117733529333	0.00649472136844	0	4.45454140496e-06	0.000146999866364	0.00438772328389	0.00603144906232	0.00208917991893	8.90908280992e-06	4.45454140496e-06	0.000106908993719	0.000173727114794	0.00572408570538	0.0130117154439	0.000146999866364	0.000454363223306	0.00972426388703	0	3.56363312397e-05	8.46362866943e-05	7.57272038844e-05	0.016477348657	0	4.45454140496e-06	0	0	1.33636242149e-05	0	0	4.45454140496e-06	0	5.34544968595e-05	4.45454140496e-06	0.00102899906455	0	0.0043075415386	0	0	0	8.90908280992e-06	0.000204908904628	9.79999109092e-05	0	8.90908280992e-06	0	3.11817898347e-05	9.79999109092e-05	0.00176399839637	0.0014388168738	0.00177290747918	4.00908726447e-05	0	0	0.000106908993719	0	0	0.000302908815537	0.00119381709653	0.00151899861909	0.00437435965967	0.000752817497439	4.45454140496e-06	1.78181656198e-05	0.000102454452314	0.000111363535124	0.00210699808455	8.46362866943e-05	0	0	0	0.000917635529422
0	4.00908726447e-05	4.45454140496e-06	0	0.00106018085438	0.000338545146777	0.0116798075638	6.68181210744e-05	0.00593790369281	0.000971090026282	0.00453472315025	0.00106908993719	0.0322686979375	0.000115818076529	0.00575526749521	0.00344781504744	0	2.67272484298e-05	0.000521181344381	0.000302908815537	0.00758608401265	2.67272484298e-05	4.45454140496e-05	8.01817452893e-05	0.00195108913537	0	0.00120718072074	5.34544968595e-05	0.000525635885786	0.00246781593835	0	0	0.0010735444786	0	0.00423181433471	0.000307363356942	8.90908280992e-06	0	0	1.33636242149e-05	1.33636242149e-05	0.000788453828678	2.67272484298e-05	0.00102454452314	0.000859726491158	0.00165263486124	0.000530090427191	0.00681544834959	4.45454140496e-06	0.00259699763909	0.000476635930331	0	2.67272484298e-05	0.000886453739588	0.00133636242149	0.0053899951	2.22727070248e-05	8.90908280992e-06	0.000200454363223	8.46362866943e-05	0	0.000472181388926	0.000111363535124	3.11817898347e-05	0.0020624526705	0	0	3.11817898347e-05	0	0.0024232705243	0.00112699897546	0.000276181567108	0.00420508708628	0.000846362866943	0.00384872377389	0.000111363535124	8.46362866943e-05	0.00100227181612	0.000432090516281	0.00300681544835	0.000369726936612	0.000525635885786	1.33636242149e-05	0
0	0.00061918125529	0	0	0	0.000102454452314	6.23635796695e-05	0	0.000463272306116	8.90908280992e-06	4.89999554546e-05	0.0117733529333	0.000115818076529	0.0211323444251	0.00302017907256	0	0	4.00908726447e-05	0.000173727114794	1.78181656198e-05	3.56363312397e-05	0	6.23635796695e-05	1.33636242149e-05	4.45454140496e-06	0.0103879905564	0.0027796338367	0.00129181700744	4.45454140496e-06	0.0027796338367	0	0	0.000267272484298	0	0.00465499576819	0	1.33636242149e-05	0	0	0	8.90908280992e-06	0	0	3.11817898347e-05	4.45454140496e-06	0	0.00110027172703	0	0.00519399527819	7.57272038844e-05	0	0	1.33636242149e-05	0.000409817809257	5.79090382645e-05	0	0	0	4.45454140496e-06	4.45454140496e-06	0.00309590627645	0.00222281616108	0.00235645240323	0	2.22727070248e-05	0	8.46362866943e-05	7.57272038844e-05	0	0.000351908770992	0.000111363535124	0.000993362733307	0.00292663370306	0.0006280903381	0	0.000530090427191	0.000516726802976	4.45454140496e-06	0.00225399795091	0.000276181567108	0.000173727114794	2.67272484298e-05	5.79090382645e-05	0.000895362822397
0.0224375250568	1.78181656198e-05	0.000414272350661	0	0.0006280903381	0.000173727114794	0.00908726446612	0.0125751703862	0.0276671566662	7.57272038844e-05	0.00754599314001	0.00649472136844	0.00575526749521	0.00302017907256	0.0625373067843	0.000855271949753	4.45454140496e-06	0.000173727114794	0.00118045347232	0.000694908459174	0.0031404516905	0.00303799723818	3.56363312397e-05	0.00614281259744	0.00417390529645	0.000262817942893	0.00313599714909	0.000472181388926	0.00866408303265	0.02263797942	0.0121252617043	0	0.00414717804802	0.00166599848546	0.00936344603323	0	1.33636242149e-05	0.000129181700744	0	4.45454140496e-06	4.45454140496e-06	6.23635796695e-05	0	5.34544968595e-05	0.000258363401488	0	6.68181210744e-05	0.000182636197603	8.46362866943e-05	7.12726624794e-05	0.000102454452314	0	7.12726624794e-05	0	2.22727070248e-05	3.11817898347e-05	1.78181656198e-05	4.45454140496e-06	0.000138090783554	9.79999109092e-05	8.46362866943e-05	1.33636242149e-05	1.33636242149e-05	3.11817898347e-05	2.67272484298e-05	0	0	4.89999554546e-05	0	6.68181210744e-05	0.00134081696289	0.000334090605372	0.00387990556372	0.000579090382645	0.00253908860083	0.000668181210744	0.000182636197603	0.000218272528843	0.000129181700744	0.000133636242149	0.000111363535124	9.79999109092e-05	4.45454140496e-06	9.79999109092e-05
0	0.000930999153637	0	0	7.12726624794e-05	0.0040358145129	0.00530981335472	9.79999109092e-05	0.00104681723017	0.00202236179785	0.000173727114794	0	0.00344781504744	0	0.000855271949753	0.011131898971	4.45454140496e-06	0	0	0	7.12726624794e-05	0	0.000957726402067	8.90908280992e-06	0.00231636153058	0	0	0.000850817408348	0.000374181478017	0.000285090649918	0	0	0.00114927168248	0	1.33636242149e-05	0	2.22727070248e-05	0	0	2.22727070248e-05	8.90908280992e-06	0.000387545102232	0	4.00908726447e-05	0.00118490801372	0	0	0.000810726535703	0	0	0.000614726713885	0	0	0	0	0	4.45454140496e-06	2.22727070248e-05	4.45454140496e-06	8.46362866943e-05	0	0	1.78181656198e-05	0	0	0	0	0	0	0	0.000423181433471	0	1.78181656198e-05	8.90908280992e-06	0.0076261748853	0.000182636197603	0	8.90908280992e-06	4.45454140496e-06	0	0	0.0006280903381	0	0
4.45454140496e-06	0.0012606352176	8.01817452893e-05	0	4.45454140496e-06	0	0	0	0	0.000351908770992	0	4.45454140496e-06	0	0	4.45454140496e-06	4.45454140496e-06	0.018535346786	5.79090382645e-05	8.90908280992e-06	8.90908280992e-06	8.90908280992e-06	0.00442781415653	0.0100449908682	0.00581317653348	0.00338099692637	4.89999554546e-05	3.11817898347e-05	0.00187536193149	0.000770635663058	1.33636242149e-05	8.90908280992e-06	0	0	0	2.67272484298e-05	0	6.23635796695e-05	4.45454140496e-05	0	0	0	0	1.33636242149e-05	0	4.00908726447e-05	8.90908280992e-06	0	1.33636242149e-05	0	0	0	0.00342554234042	6.68181210744e-05	0	0	1.33636242149e-05	0.00282417925075	0.00443226869794	0.00230299790637	0.00128290792463	0	8.90908280992e-06	5.79090382645e-05	0.00163927123703	0	0	0	0	0	8.01817452893e-05	0.00402690543009	0.000329636063967	0.000271727025703	0.000739453873224	0.000106908993719	0	0	0.000351908770992	4.00908726447e-05	6.68181210744e-05	1.78181656198e-05	0	0	0
0.000516726802976	0.000449908681901	0.00847253775224	0	4.45454140496e-06	0	2.22727070248e-05	4.45454140496e-06	4.45454140496e-06	8.90908280992e-06	0	0.000146999866364	2.67272484298e-05	4.00908726447e-05	0.000173727114794	0	5.79090382645e-05	0.0243217960711	8.90908280992e-06	0.00324736068422	4.45454140496e-05	0.000302908815537	3.11817898347e-05	0.00691790280191	5.79090382645e-05	8.90908280992e-06	0.00602253997951	0.00644572141298	0.000151454407769	0.000587999465455	0.000579090382645	0	0	2.67272484298e-05	0.00676644839414	4.45454140496e-06	0.000904271905207	0.0016125439886	0	4.45454140496e-06	0	0	8.90908280992e-06	8.90908280992e-06	3.56363312397e-05	0	0	0	0	8.90908280992e-06	0	8.90908280992e-06	0.00151454407769	0	0.000138090783554	4.45454140496e-06	9.79999109092e-05	8.90908280992e-06	0.000917635529422	3.11817898347e-05	4.45454140496e-06	0.00160363490579	0.000463272306116	3.56363312397e-05	2.22727070248e-05	0	0	4.45454140496e-06	0	0.000824090159918	0.00264154305314	0.00109581718562	0.00450354136042	0.0013497260457	4.45454140496e-06	4.45454140496e-06	1.33636242149e-05	0.000427635974876	0.000307363356942	0.000579090382645	0.000155908949174	4.45454140496e-06	4.45454140496e-06	0
0	0	4.45454140496e-06	0	4.00908726447e-05	0	0.000387545102232	4.45454140496e-06	8.01817452893e-05	8.90908280992e-06	0.000129181700744	0.00438772328389	0.000521181344381	0.000173727114794	0.00118045347232	0	8.90908280992e-06	8.90908280992e-06	0.00735444785959	0.00168827119248	0.000200454363223	1.33636242149e-05	4.45454140496e-06	9.79999109092e-05	5.34544968595e-05	1.33636242149e-05	0.00506035903604	0.000334090605372	4.45454140496e-06	0.00153681678471	0	4.45454140496e-06	0	0	0.00272172479843	0	0	0	0	4.45454140496e-06	0	0	0	0	2.67272484298e-05	0	0	0	4.45454140496e-06	0	0	4.45454140496e-06	0	4.45454140496e-06	0	0	8.90908280992e-06	4.45454140496e-06	1.78181656198e-05	4.00908726447e-05	0	4.45454140496e-06	8.90908280992e-06	2.67272484298e-05	0	0	0	0	0	4.45454140496e-06	0.000979999109092	0.00103345360595	0.000859726491158	0.00058354492405	0	0	0	0.000169272573389	1.33636242149e-05	8.90908280992e-06	0	0	0	0
4.45454140496e-06	8.90908280992e-06	8.90908280992e-06	0	0.000195999821818	0	0.000258363401488	2.67272484298e-05	0.000276181567108	4.45454140496e-06	0.000360817853802	0.00603144906232	0.000302908815537	1.78181656198e-05	0.000694908459174	0	8.90908280992e-06	0.00324736068422	0.00168827119248	0.01670898481	0.00157245311595	3.56363312397e-05	8.90908280992e-06	0.000227181611653	0.000120272617934	8.01817452893e-05	0.0101162635307	0.00126508975901	0.000396454185042	0.0020669072119	0	0	0	8.90908280992e-05	0.00857499220455	0	0.000178181656198	1.33636242149e-05	0	0	0	0	4.45454140496e-06	0	1.33636242149e-05	4.45454140496e-06	0	0	0	0	0	0	4.45454140496e-06	4.45454140496e-06	2.67272484298e-05	0	2.22727070248e-05	0	6.23635796695e-05	1.78181656198e-05	8.01817452893e-05	0.000155908949174	0.000106908993719	2.22727070248e-05	0	0	0	0	0	3.11817898347e-05	0.00219608891265	0.00195554367678	0.00351017862711	0.000743908414629	4.45454140496e-06	4.45454140496e-06	0	8.90908280992e-05	1.78181656198e-05	8.01817452893e-05	1.33636242149e-05	0	0	0
4.45454140496e-06	4.45454140496e-06	0	0	0.0038620873981	3.11817898347e-05	0.00309145173504	8.90908280992e-06	0.00385317831529	4.89999554546e-05	0.00383536014967	0.00208917991893	0.00758608401265	3.56363312397e-05	0.0031404516905	7.12726624794e-05	8.90908280992e-06	4.45454140496e-05	0.000200454363223	0.00157245311595	0.0224642523052	2.67272484298e-05	4.45454140496e-06	8.90908280992e-05	0.00164372577843	0	0.00175063477215	1.33636242149e-05	0.00250790681099	0.00282863379215	4.45454140496e-06	0	0.000432090516281	0.000102454452314	0.0052964497305	0.000815181077108	1.33636242149e-05	1.78181656198e-05	0	0.00055681767562	8.90908280992e-06	2.67272484298e-05	4.45454140496e-06	0.000489999554546	1.78181656198e-05	0.000338545146777	0.000276181567108	0.00156799857455	0	0.00103790814736	0	0	4.00908726447e-05	0.000365272395207	0.000440999599091	0.00388881464653	3.11817898347e-05	4.45454140496e-06	0.000102454452314	0.000240545235868	4.45454140496e-06	0.000289545191323	3.56363312397e-05	5.34544968595e-05	0.000690453917769	0	0	3.11817898347e-05	0	0.000677090293554	0.00146999866364	0.000231636153058	0.00517617711257	0.000930999153637	0.000414272350661	0.000227181611653	8.46362866943e-05	0.000409817809257	0.000213817987438	0.00200899817364	0.000258363401488	1.33636242149e-05	8.90908280992e-05	0
0.00363490578645	0.000142545324959	0.00104236268876	0	4.45454140496e-06	0	2.67272484298e-05	0.00217827074703	0.000641453962315	3.56363312397e-05	0	8.90908280992e-06	2.67272484298e-05	0	0.00303799723818	0	0.00442781415653	0.000302908815537	1.33636242149e-05	3.56363312397e-05	2.67272484298e-05	0.0382288743374	0.0023297251548	0.0189050737227	0.000102454452314	0	6.68181210744e-05	0.0006280903381	0.00631653971224	0.00148781682926	0.0121029889973	0	0	2.67272484298e-05	0.00814290168827	0	7.57272038844e-05	0.000115818076529	0	0	0	0	0	0	7.12726624794e-05	0	0	0	0	0	0	0.00100227181612	0.000115818076529	0	4.45454140496e-06	0	0.00157245311595	0.00202236179785	0.00130963517306	0.000766181121654	0	2.67272484298e-05	0.000111363535124	0.000641453962315	0	0	0	0	0	6.68181210744e-05	0.00315381531471	0.000414272350661	0.00611608534901	0.00162590761281	9.79999109092e-05	8.90908280992e-06	0	0.000436545057686	0.000102454452314	4.45454140496e-05	1.78181656198e-05	0	0	0
4.00908726447e-05	0.00759944763687	4.00908726447e-05	0	8.90908280992e-06	0.000837453784133	0.000605817631075	0	2.22727070248e-05	0.00685999376364	0	4.45454140496e-06	4.45454140496e-05	6.23635796695e-05	3.56363312397e-05	0.000957726402067	0.0100449908682	3.11817898347e-05	4.45454140496e-06	8.90908280992e-06	4.45454140496e-06	0.0023297251548	0.0354358768765	0.0106864448305	0.00918080983563	0.00103790814736	0.000151454407769	0.00977771838389	0.00326963339124	4.00908726447e-05	4.00908726447e-05	0	0.000102454452314	0	0.00055681767562	4.45454140496e-06	0.000712726624794	8.46362866943e-05	0	0	8.90908280992e-06	1.78181656198e-05	4.45454140496e-06	0	0.00510044990868	0	0	1.78181656198e-05	0	0	2.67272484298e-05	0.00895808276538	0.000111363535124	0	4.45454140496e-06	0	0.00291327007885	0.0165753485679	0.00555481313199	0.00480199563455	0	4.00908726447e-05	0.0018887255557	0.00555926767339	4.45454140496e-06	0	0	0	0	0.000106908993719	0.0015234531605	0.000423181433471	0.000788453828678	0.000298454274132	0.00137199875273	0	0	0.00109581718562	0.000748362956034	7.12726624794e-05	8.90908280992e-06	2.67272484298e-05	0	0
0.00659272127934	0.000561272217025	0.0153102588089	0	6.68181210744e-05	0	5.34544968595e-05	0.0024277250657	0.00102008998174	0.000307363356942	4.45454140496e-06	0.000106908993719	8.01817452893e-05	1.33636242149e-05	0.00614281259744	8.90908280992e-06	0.00581317653348	0.00691790280191	9.79999109092e-05	0.000227181611653	8.90908280992e-05	0.0189050737227	0.0106864448305	0.0851752862043	0.000913180988017	8.90908280992e-06	0.00059245400686	0.0185932558243	0.00430308699719	0.00269499755	0.0076306294267	0	0	8.01817452893e-05	0.0066417212348	8.90908280992e-06	0.0023341796962	0.00221836161967	0	0	4.45454140496e-06	0	1.33636242149e-05	4.45454140496e-06	0.00055681767562	1.33636242149e-05	0	1.33636242149e-05	0	8.90908280992e-06	0	0.00702481179563	0.00163036215422	4.45454140496e-06	4.89999554546e-05	1.78181656198e-05	0.00415608713083	0.0120940799145	0.0129983518197	0.000997817274712	4.45454140496e-06	0.000169272573389	0.00169718027529	0.00102454452314	3.11817898347e-05	0	0	4.45454140496e-06	0	0.000984453650497	0.0125528976792	0.00130518063165	0.00698472092298	0.00482426834157	0.000325181522562	3.11817898347e-05	0	0.00299790636554	0.00133636242149	0.00060136308967	0.000231636153058	4.45454140496e-06	1.78181656198e-05	0
0.00408035992695	0.00181299835182	3.56363312397e-05	0	0.0145975321841	0.000726090249009	0.00146554412223	0.00336317876075	0.00307808811083	0.0162100761727	0.00257472493207	0.000173727114794	0.00195108913537	4.45454140496e-06	0.00417390529645	0.00231636153058	0.00338099692637	5.79090382645e-05	5.34544968595e-05	0.000120272617934	0.00164372577843	0.000102454452314	0.00918080983563	0.000913180988017	0.0643458505947	5.79090382645e-05	0.000244999777273	0.00110472626843	0.0296850639227	0.00890462826852	0.00255245222504	0	0.000516726802976	0.00531872243753	0.00477972292752	0.000155908949174	0.000418726892066	9.35453695042e-05	0	0.00516726802976	2.22727070248e-05	9.35453695042e-05	8.01817452893e-05	8.90908280992e-06	0.0164016214531	2.67272484298e-05	0	0.000351908770992	0	8.01817452893e-05	0.000276181567108	0.000668181210744	0.000173727114794	0	1.33636242149e-05	0.00433426878703	0.00057463584124	0.00288654283042	0.00063699942091	0.0166198939819	0	8.01817452893e-05	0.000391999643637	0.00568399483273	9.79999109092e-05	1.78181656198e-05	0	4.45454140496e-06	8.90908280992e-06	0.000244999777273	0.00365717849347	0.000280636108513	0.0056572675843	0.00261481580471	0.00400017818166	9.35453695042e-05	4.45454140496e-06	0.00263708851174	0.00126508975901	0.000142545324959	4.00908726447e-05	0.000138090783554	0	0
0	0.00241436144149	8.90908280992e-06	0	0	0	0	0	4.45454140496e-06	0.0006280903381	0	0.00572408570538	0	0.0103879905564	0.000262817942893	0	4.89999554546e-05	8.90908280992e-06	1.33636242149e-05	8.01817452893e-05	0	0	0.00103790814736	8.90908280992e-06	5.79090382645e-05	0.0210521626799	0.00726535703149	0.00751481135017	2.22727070248e-05	0.000365272395207	0	5.34544968595e-05	0	0	0.000899817363802	0	0.00333199697091	0	0	0	0	0	0	0	8.90908280992e-06	0	0.00119381709653	0	0.00509599536728	4.45454140496e-06	0	4.45454140496e-06	3.56363312397e-05	0.000503363178761	0.000374181478017	0	0	1.78181656198e-05	1.78181656198e-05	1.78181656198e-05	0.0068243574324	0.00539444964141	0.00531426789612	4.45454140496e-06	4.45454140496e-06	0	7.57272038844e-05	0	0	0.000369726936612	8.90908280992e-06	0.000396454185042	0.000596908548265	8.90908280992e-06	0	0	2.22727070248e-05	0	0.00240099781727	0.000320726981157	0	0	0	0.00114036259967
1.33636242149e-05	0.00203572542207	0.00555926767339	0	0.000200454363223	0	0.000904271905207	3.11817898347e-05	0.000374181478017	8.90908280992e-05	0.00064590850372	0.0130117154439	0.00120718072074	0.0027796338367	0.00313599714909	0	3.11817898347e-05	0.00602253997951	0.00506035903604	0.0101162635307	0.00175063477215	6.68181210744e-05	0.000151454407769	0.00059245400686	0.000244999777273	0.00726535703149	0.072533297697	0.0258675219386	0.000418726892066	0.00447235957058	0	0.000138090783554	0	5.34544968595e-05	0.00950599135819	4.45454140496e-06	0.00899371909662	0.00163927123703	0	1.78181656198e-05	0	0	1.78181656198e-05	0	0.000124727159339	4.45454140496e-06	2.22727070248e-05	4.45454140496e-06	0.000757272038844	8.90908280992e-06	0	1.78181656198e-05	0.00119827163793	0.000298454274132	0.00141654416678	1.33636242149e-05	8.46362866943e-05	4.00908726447e-05	0.0006280903381	0.000164818031984	0.0042229052519	0.0128424428705	0.00692681188472	0.000111363535124	1.33636242149e-05	0	3.56363312397e-05	0	0	0.000699363000579	0.0056528130429	0.00592008552719	0.00428081429017	0.00205799812909	1.33636242149e-05	4.45454140496e-06	0	0.00114481714108	0.000922090070827	0.00114927168248	0.000209363446033	4.45454140496e-06	0	0
0.000485545013141	0.0218272528843	0.0230477972293	0	1.78181656198e-05	0.000743908414629	0.000596908548265	0.000133636242149	7.12726624794e-05	0.00277072475389	0	0.000146999866364	5.34544968595e-05	0.00129181700744	0.000472181388926	0.000850817408348	0.00187536193149	0.00644572141298	0.000334090605372	0.00126508975901	1.33636242149e-05	0.0006280903381	0.00977771838389	0.0185932558243	0.00110472626843	0.00751481135017	0.0258675219386	0.0950109136264	0.000316272439752	0.000307363356942	0.000498908637356	2.22727070248e-05	8.01817452893e-05	4.45454140496e-06	0.00124727159339	4.45454140496e-06	0.0231858880128	0.00596463094124	0	0	0	1.78181656198e-05	4.89999554546e-05	8.90908280992e-06	0.000271727025703	8.90908280992e-06	2.67272484298e-05	3.11817898347e-05	0.000124727159339	2.22727070248e-05	1.78181656198e-05	0.00349236046149	0.00435208695265	1.78181656198e-05	0.000365272395207	2.22727070248e-05	0.00131408971446	0.00714062987215	0.00901153726224	0.000276181567108	0.00354581495835	0.00653035769967	0.016477348657	0.000258363401488	1.78181656198e-05	0	0	8.90908280992e-06	0	0.0012606352176	0.00315381531471	0.000685999376364	0.00142990779099	0.000930999153637	0.00114481714108	0	0	0.00319390618736	0.00108690810281	0.00127845338322	0.000400908726447	2.67272484298e-05	8.90908280992e-06	8.90908280992e-06
0.00816071985389	7.57272038844e-05	0.000543454051405	0	0.0101608089447	0.000155908949174	0.00101118089893	0.0207982538198	0.00734553877678	0.00344336050604	0.0103924450978	0.000454363223306	0.000525635885786	4.45454140496e-06	0.00866408303265	0.000374181478017	0.000770635663058	0.000151454407769	4.45454140496e-06	0.000396454185042	0.00250790681099	0.00631653971224	0.00326963339124	0.00430308699719	0.0296850639227	2.22727070248e-05	0.000418726892066	0.000316272439752	0.0786226557976	0.0127800792908	0.0106196267094	0	0.000195999821818	0.00668181210744	0.00881553744042	4.45454140496e-06	0.000146999866364	6.68181210744e-05	0	0.00433872332843	1.33636242149e-05	5.34544968595e-05	7.12726624794e-05	8.90908280992e-06	0.0100227181612	2.22727070248e-05	0	0.000244999777273	0	4.45454140496e-06	0.000178181656198	0.000432090516281	9.79999109092e-05	0	4.45454140496e-06	0.00223617978529	7.12726624794e-05	0.00252127043521	0.000298454274132	0.0110116263531	0	4.45454140496e-05	0.000115818076529	0.00481090471736	0	0	0	0	0	8.90908280992e-05	0.00516281348835	0.000289545191323	0.010428081429	0.00323399706	0.00131408971446	0.000142545324959	8.90908280992e-06	0.000632544879505	0.000391999643637	0.000102454452314	3.11817898347e-05	7.57272038844e-05	0	0
0.0166065303577	1.33636242149e-05	0.000231636153058	0	0.00173281660653	1.78181656198e-05	0.00165263486124	0.00235645240323	0.0033186333467	0.000133636242149	0.00208027083612	0.00972426388703	0.00246781593835	0.0027796338367	0.02263797942	0.000285090649918	1.33636242149e-05	0.000587999465455	0.00153681678471	0.0020669072119	0.00282863379215	0.00148781682926	4.00908726447e-05	0.00269499755	0.00890462826852	0.000365272395207	0.00447235957058	0.000307363356942	0.0127800792908	0.0526571339481	0.0129404427814	0	0.000249454318678	0.00899371909662	0.0180275290659	8.90908280992e-06	3.11817898347e-05	0.000195999821818	0	4.45454140496e-06	0	8.90908280992e-06	1.78181656198e-05	5.79090382645e-05	0.0011670898481	2.22727070248e-05	9.35453695042e-05	4.89999554546e-05	0.000138090783554	1.78181656198e-05	1.78181656198e-05	4.45454140496e-06	7.57272038844e-05	0	8.90908280992e-06	1.78181656198e-05	2.67272484298e-05	4.45454140496e-06	0.000213817987438	0.00100227181612	0.000106908993719	3.11817898347e-05	1.78181656198e-05	0.000129181700744	8.90908280992e-06	0	0	0	1.33636242149e-05	0.000204908904628	0.00235645240323	0.000222727070248	0.00813844714687	0.00252572497661	0.00150118045347	8.46362866943e-05	1.33636242149e-05	0.000227181611653	0.000173727114794	0.000133636242149	2.22727070248e-05	1.78181656198e-05	0	0.000129181700744
0.0176889839191	1.33636242149e-05	0.00057463584124	0	0	0	0	0.00688672101207	0.00164372577843	3.56363312397e-05	4.45454140496e-06	0	0	0	0.0121252617043	0	8.90908280992e-06	0.000579090382645	0	0	4.45454140496e-06	0.0121029889973	4.00908726447e-05	0.0076306294267	0.00255245222504	0	0	0.000498908637356	0.0106196267094	0.0129404427814	0.0376186021649	0	0	0.00198672546661	0.00450799590182	0	2.67272484298e-05	0.000209363446033	0	0	0	0	0	0	0.000178181656198	0	0	0	0	0	0	0	7.57272038844e-05	0	0	0	3.11817898347e-05	4.45454140496e-06	0.000195999821818	0.000178181656198	0	4.45454140496e-06	8.90908280992e-06	0.000120272617934	0	0	0	0	0	5.34544968595e-05	0.000280636108513	8.90908280992e-06	0.00193327096975	0.000249454318678	0	1.33636242149e-05	0	6.68181210744e-05	1.33636242149e-05	3.56363312397e-05	1.33636242149e-05	0	0	0
0	0	0	0	0	0	0	0	0	0	0	3.56363312397e-05	0	0	0	0	0	0	4.45454140496e-06	0	0	0	0	0	0	5.34544968595e-05	0.000138090783554	2.22727070248e-05	0	0	0	0.000138090783554	0	0	0	0	0	0	0	0	0	0	0	0	0	0	0	0	2.67272484298e-05	0	0	0	0	0	2.67272484298e-05	0	0	0	0	0	2.22727070248e-05	2.22727070248e-05	4.45454140496e-06	0	0	0	0	0	0	0	0	4.45454140496e-06	0	0	0	0	0	0	4.45454140496e-06	0	0	0	0	0
3.11817898347e-05	9.35453695042e-05	0	0	0.000111363535124	0.0035903603724	0.00772862933761	0.000146999866364	0.00640563054034	0.000200454363223	0.00289099737182	8.46362866943e-05	0.0010735444786	0.000267272484298	0.00414717804802	0.00114927168248	0	0	0	0	0.000432090516281	0	0.000102454452314	0	0.000516726802976	0	0	8.01817452893e-05	0.000195999821818	0.000249454318678	0	0	0.0115417167803	4.45454140496e-06	0.00119827163793	0	4.45454140496e-06	0	0	8.90908280992e-06	0	6.68181210744e-05	0	4.45454140496e-05	0.000124727159339	0	0	9.79999109092e-05	0	7.12726624794e-05	7.12726624794e-05	0	0	0	0	0	0	8.90908280992e-06	0	2.22727070248e-05	0	0	4.45454140496e-06	0	1.33636242149e-05	0	0	4.89999554546e-05	0	0	0.000993362733307	8.01817452893e-05	0.000632544879505	0.000391999643637	0.00171945298232	0.00138981691835	9.35453695042e-05	0	0	9.79999109092e-05	9.79999109092e-05	6.68181210744e-05	0	0
0.00249454318678	4.45454140496e-06	0	0	0.00157690765736	4.45454140496e-06	4.45454140496e-06	0.000935453695042	0.000133636242149	8.90908280992e-06	0.000396454185042	7.57272038844e-05	0	0	0.00166599848546	0	0	2.67272484298e-05	0	8.90908280992e-05	0.000102454452314	2.67272484298e-05	0	8.01817452893e-05	0.00531872243753	0	5.34544968595e-05	4.45454140496e-06	0.00668181210744	0.00899371909662	0.00198672546661	0	4.45454140496e-06	0.00965299122455	0.00346117867166	0	4.45454140496e-06	4.45454140496e-06	0	0	0	0	0	0	0.000155908949174	0	0	0	0	0	0	0	0	0	0	0	0	0	0	0.000142545324959	0	0	0	5.34544968595e-05	0	0	0	0	0	0	1.33636242149e-05	0	0.0014343623324	7.12726624794e-05	8.90908280992e-06	0	0	1.33636242149e-05	0	0	0	0	0	0
0.000997817274712	0.000120272617934	0.00105572631298	0	0.00209808900174	0.000445454140496	0.00253463405942	0.00135863512851	0.0022450888681	5.34544968595e-05	0.00213372533298	0.016477348657	0.00423181433471	0.00465499576819	0.00936344603323	1.33636242149e-05	2.67272484298e-05	0.00676644839414	0.00272172479843	0.00857499220455	0.0052964497305	0.00814290168827	0.00055681767562	0.0066417212348	0.00477972292752	0.000899817363802	0.00950599135819	0.00124727159339	0.00881553744042	0.0180275290659	0.00450799590182	0	0.00119827163793	0.00346117867166	0.0603412178716	8.90908280992e-06	0.000146999866364	0.000244999777273	0	0.000169272573389	0	8.90908280992e-06	4.00908726447e-05	4.45454140496e-05	0.000752817497439	8.90908280992e-06	0.000173727114794	1.33636242149e-05	0.000365272395207	8.90908280992e-05	0	4.45454140496e-05	0.000276181567108	0	0.000204908904628	3.56363312397e-05	0.000160363490579	0.000472181388926	0.00063699942091	0.000717181166199	0.000356363312397	0.000240545235868	0.000204908904628	0.000614726713885	4.00908726447e-05	0	0	5.34544968595e-05	0	0.000423181433471	0.00194218005256	0.00057463584124	0.0293331551517	0.00512272261571	0.000151454407769	0.00115818076529	0.000276181567108	0.000498908637356	0.000596908548265	0.000623635796695	0.00055681767562	0	0	0.000222727070248
0	0	4.45454140496e-06	0	0.000195999821818	0	0	2.22727070248e-05	0	0.000231636153058	0.000124727159339	0	0.000307363356942	0	0	0	0	4.45454140496e-06	0	0	0.000815181077108	0	4.45454140496e-06	8.90908280992e-06	0.000155908949174	0	4.45454140496e-06	4.45454140496e-06	4.45454140496e-06	8.90908280992e-06	0	0	0	0	8.90908280992e-06	0.0242861597399	4.45454140496e-06	0	0	0.000463272306116	0	0.000191545280413	0.00621408525992	0.000975544567687	0.000400908726447	0.00147890774645	0.000271727025703	0.000944362777852	4.45454140496e-06	0.0173370751481	0	4.89999554546e-05	3.56363312397e-05	0.000262817942893	0.0014388168738	0.00246336139694	0.00163927123703	0	0.00461935943695	0.00166599848546	4.45454140496e-06	0.000360817853802	0.000133636242149	0.00391999643637	0.00773753842042	0.00658826673794	4.45454140496e-06	0	0.000222727070248	0.00282417925075	1.33636242149e-05	4.45454140496e-06	1.78181656198e-05	2.22727070248e-05	0	0	0	0.000289545191323	0.000271727025703	0.0024232705243	0.00056572675843	4.89999554546e-05	0	0
1.78181656198e-05	0.0142322597889	0.00289990645463	0	1.33636242149e-05	1.33636242149e-05	1.78181656198e-05	0	4.45454140496e-06	0.000369726936612	0	4.45454140496e-06	8.90908280992e-06	1.33636242149e-05	1.33636242149e-05	2.22727070248e-05	6.23635796695e-05	0.000904271905207	0	0.000178181656198	1.33636242149e-05	7.57272038844e-05	0.000712726624794	0.0023341796962	0.000418726892066	0.00333199697091	0.00899371909662	0.0231858880128	0.000146999866364	3.11817898347e-05	2.67272484298e-05	0	4.45454140496e-06	4.45454140496e-06	0.000146999866364	4.45454140496e-06	0.0378101474453	0.00446790502918	0	4.45454140496e-06	8.90908280992e-05	4.45454140496e-06	4.00908726447e-05	4.45454140496e-06	0.00316717893893	4.45454140496e-06	1.78181656198e-05	4.45454140496e-05	0.000819635618513	1.33636242149e-05	0.000169272573389	0.00105127177157	0.00327408793265	1.33636242149e-05	2.22727070248e-05	2.22727070248e-05	0.000400908726447	0.00498908637356	0.00391108735356	0.00320281527017	0.00545235867967	0.00567508574992	0.0199028909974	0.000868635573968	1.78181656198e-05	0	0	0	0	0.00169272573389	0.000472181388926	0.000155908949174	0.000258363401488	0.000236090694463	4.89999554546e-05	0	0	0.00295336095149	0.00155908949174	0.00165263486124	0.000187090739008	0.000244999777273	0	0
0.000204908904628	0.0028687246648	0.00410708717538	0	3.11817898347e-05	0	0	0	4.45454140496e-06	1.78181656198e-05	0	0	0	0	0.000129181700744	0	4.45454140496e-05	0.0016125439886	0	1.33636242149e-05	1.78181656198e-05	0.000115818076529	8.46362866943e-05	0.00221836161967	9.35453695042e-05	0	0.00163927123703	0.00596463094124	6.68181210744e-05	0.000195999821818	0.000209363446033	0	0	4.45454140496e-06	0.000244999777273	0	0.00446790502918	0.0277696111185	0	0	0	0	0	0	6.68181210744e-05	0	0	0	8.90908280992e-06	0	0	8.90908280992e-05	0.00378636019422	0	8.90908280992e-06	0	0.000258363401488	0.000227181611653	0.0104191723462	7.57272038844e-05	3.56363312397e-05	0.00552363134215	0.0112833533788	0.000151454407769	4.45454140496e-06	4.45454140496e-06	0	0	4.45454140496e-06	0.000133636242149	0.00147445320504	0.000320726981157	0.000258363401488	0.000151454407769	0	0	0	0.000342999688182	0.000182636197603	8.90908280992e-05	8.01817452893e-05	4.00908726447e-05	0	0
