0.0194926621043	1.30538503963e-05	7.83231023781e-05	0	0.000140328891761	1.95807755945e-05	0.00189933523267	0.00773114289724	0.00415112442604	0.000372034736296	0.00132822927783	0	0.000205598143742	3.26346259909e-06	0.00605372312131	3.589808859e-05	7.83231023781e-05	6.85327145808e-05	0	6.52692519817e-06	0.000159909667355	0.000492782852462	9.79038779726e-05	0.000388352049291	0.00114547537228	0	1.63173129954e-05	9.46404153735e-05	0.00234642960874	0.00686632530848	0.00454926686313	0	6.52692519817e-06	0.0003557174233	0.0014261331558	0	3.26346259909e-06	0	0	0	0	0	6.52692519817e-06	0	4.89519389863e-05	3.26346259909e-06	0	3.26346259909e-06	0	0	0	3.26346259909e-06	0	0	0	0	3.26346259909e-06	1.30538503963e-05	0	2.61077007927e-05	0	0	3.26346259909e-06	1.63173129954e-05	0	3.26346259909e-06	0	0	0	0	0.000926823378141	0.000104430803171	0.000920296452943	0.000296975096517	0.00057110595484	9.13769527744e-05	3.26346259909e-06	0	0	3.26346259909e-06	3.26346259909e-06	3.26346259909e-06	0	0
1.30538503963e-05	0.0107400554136	0.00151751010858	0	0	0	3.26346259909e-06	1.63173129954e-05	0	7.5059639779e-05	0	0.000404669362287	0	8.48500275763e-05	0	0	7.17961771799e-05	0.000855027200961	2.28442381936e-05	0.000296975096517	0	0.000199071218544	0.00110957728369	0.000841973350564	4.24250137881e-05	0.000476465539467	0.0017720601913	0.0035702280834	3.9161551189e-05	2.61077007927e-05	7.17961771799e-05	1.30538503963e-05	6.52692519817e-06	3.26346259909e-06	0.000881134901753	0	0.00241822578592	0.000293711633918	0	0	0	0	0	0	1.30538503963e-05	0	0.000166436592553	0	0.000104430803171	0	0	4.56884763872e-05	5.22154015854e-05	3.9161551189e-05	0.000133801966563	0	2.93711633918e-05	0.0003557174233	0.000153382742157	9.79038779726e-06	0.000584159805237	0.000476465539467	0.00134781005342	0	0	6.52692519817e-06	0	0	0	6.52692519817e-05	0.000228442381936	0.000489519389863	0.00057110595484	0.000159909667355	1.95807755945e-05	1.63173129954e-05	9.79038779726e-06	4.89519389863e-05	0.000234969307134	0.000114221190968	2.61077007927e-05	0	0	6.52692519817e-06
7.83231023781e-05	0.00151751010858	0.030614542642	0	3.26346259909e-06	0	2.61077007927e-05	0.000261077007927	2.61077007927e-05	7.83231023781e-05	3.26346259909e-06	0.000326346259909	0	6.20057893827e-05	4.24250137881e-05	6.52692519817e-06	0.000593950193034	0.007871471789	5.22154015854e-05	0.00089418875215	0	0.00220610071698	0.00085829066356	0.0109554439451	0.000146855816959	2.61077007927e-05	0.00697401957425	0.0110402939727	0.000440567450877	0.000182753905549	0.000956194541532	6.52692519817e-06	0	3.26346259909e-05	0.00506815741638	0	0.000620057893827	0.000124011578765	0	0	0	0	0	0	1.63173129954e-05	0	1.95807755945e-05	0	3.589808859e-05	0	0	1.63173129954e-05	1.63173129954e-05	6.52692519817e-06	1.30538503963e-05	0	9.79038779726e-06	0.000163173129954	7.5059639779e-05	0	8.15865649772e-05	0.000156646204756	0.000424250137881	6.52692519817e-06	3.26346259909e-06	6.52692519817e-06	0	0	0	1.63173129954e-05	0.00129559465184	0.00164804861254	0.00306439138054	0.000982302242325	0.000140328891761	9.46404153735e-05	1.63173129954e-05	3.589808859e-05	8.48500275763e-05	3.26346259909e-05	1.30538503963e-05	0	0	0
0	0	0	0	0	0	0	0	0	0	0	0	0	0	0	0	0	0	0	0	0	0	0	0	0	0	0	0	0	0	0	0	0	0	0	0	0	0	0	0	0	0	0	0	0	0	0	0	0	0	0	0	0	0	0	0	0	0	0	0	0	0	0	0	0	0	0	0	0	0	0	0	0	0	0	0	0	0	0	0	0	0	0	0
0.000140328891761	0	3.26346259909e-06	0	0.0173453037141	0	0.000828919500168	0.00155993512236	0.000332873185107	5.87423267836e-05	0.00270214703204	0	0.00204292758703	0	9.13769527744e-05	0	0	0	0	0	0.00589707691655	0	0	0	0.00690875032227	0	0	0	0.00423597445361	4.56884763872e-05	1.95807755945e-05	0	0	0	1.30538503963e-05	3.26346259909e-06	0	0	0	0.00243454309892	0	7.17961771799e-05	2.61077007927e-05	6.52692519817e-06	3.26346259909e-06	0.000708171384002	0	0.000561315567043	0	0	0	3.26346259909e-06	0	0	0	0.00136412736642	0	6.52692519817e-06	3.26346259909e-06	0.000130538503963	0	0	0	0.000564579029642	3.26346259909e-06	3.26346259909e-06	0	0	0	3.26346259909e-06	1.95807755945e-05	0	6.52692519817e-06	0	1.63173129954e-05	0	0	0	0	0	0	0	0	0
1.95807755945e-05	0	0	0	0	0.00885051056872	0.00489845736123	2.28442381936e-05	0.00211146030161	3.26346259909e-06	3.26346259909e-06	1.95807755945e-05	0	3.26346259909e-06	0.000711434846601	0.00124337925025	0	0	0	3.26346259909e-06	0	3.26346259909e-06	0	3.26346259909e-06	0	0	6.52692519817e-06	0	3.26346259909e-06	0.00064290213202	0	0	0.00224526226817	0	0.000685327145808	0	0	0	0	0	0	0	0	0	0	0	0	0	0	0	0	0	0	0	0	0	0	0	0	0	0	0	0	0	0	0	0	0	0	0	4.56884763872e-05	0	0.000163173129954	2.93711633918e-05	0.000274130858323	0.000731015622195	0	0	0	0	0	0	0	0
0.00189933523267	3.26346259909e-06	2.61077007927e-05	0	0.000828919500168	0.00489845736123	0.0508806453824	0.00313618755772	0.0227300170026	0.000182753905549	0.0114645441106	6.20057893827e-05	0.00559357489483	6.52692519817e-06	0.0057012691606	0.002865320162	1.30538503963e-05	2.28442381936e-05	6.52692519817e-06	1.63173129954e-05	0.00182753905549	5.22154015854e-05	2.61077007927e-05	7.83231023781e-05	0.00127275041364	0	2.28442381936e-05	2.93711633918e-05	0.00171331786452	0.00267603933125	0.000319819334711	0	0.00157951589796	9.46404153735e-05	0.00154361780937	0	3.26346259909e-06	0	0	0	0	0	0	0	6.52692519817e-06	0	0	3.26346259909e-06	0	0	0	0	0	0	0	0	0	0	0	3.26346259909e-06	0	0	0	3.26346259909e-06	0	0	0	0	0	0	0.000469938614269	4.56884763872e-05	0.000972511854528	0.000202334681143	0.00124337925025	0.000528680941052	0	0	0	0	0	0	0	0
0.00773114289724	1.63173129954e-05	0.000261077007927	0	0.00155993512236	2.28442381936e-05	0.00313618755772	0.050143102835	0.00434693218198	0.00201355642364	0.0100482013426	6.52692519817e-06	0.0010834695829	6.52692519817e-06	0.00336789340226	5.87423267836e-05	0.000558052104444	0.000176226980351	0	2.61077007927e-05	0.000907242602546	0.00183080251809	0.000443830913476	0.0014130793054	0.00828593153908	0	4.89519389863e-05	0.000199071218544	0.0253081524559	0.00300891251636	0.00918664721643	0	1.30538503963e-05	0.000270867395724	0.0021473583902	0	0	0	0	9.79038779726e-06	0	0	2.93711633918e-05	0	0.000228442381936	3.26346259909e-06	0	6.52692519817e-06	0	6.52692519817e-06	0	1.95807755945e-05	0	0	0	0	1.63173129954e-05	5.87423267836e-05	6.52692519817e-06	0.000114221190968	0	0	0	7.5059639779e-05	0	1.95807755945e-05	0	0	0	9.79038779726e-06	0.00122706193726	0.000212125068941	0.00112589459668	0.000336136647706	0.000577632880038	8.81134901753e-05	6.52692519817e-06	9.79038779726e-06	0	6.52692519817e-06	3.26346259909e-06	6.52692519817e-06	0	0
0.00415112442604	0	2.61077007927e-05	0	0.000332873185107	0.00211146030161	0.0227300170026	0.00434693218198	0.0507664241914	0.000137065429162	0.00778335829882	7.17961771799e-05	0.00102472725611	9.79038779726e-06	0.0156091416114	0.000509100165458	1.95807755945e-05	2.61077007927e-05	6.52692519817e-06	2.28442381936e-05	0.00046341168907	9.13769527744e-05	2.61077007927e-05	9.79038779726e-05	0.000939877228537	0	2.28442381936e-05	3.26346259909e-05	0.00149140240778	0.00361265309719	0.000584159805237	0	0.00235621999654	0.000124011578765	0.00169047362633	0	3.26346259909e-06	0	0	0	0	0	0	0	3.26346259909e-06	3.26346259909e-06	0	3.26346259909e-06	0	0	0	3.26346259909e-06	0	0	0	0	0	6.52692519817e-06	0	3.26346259909e-06	0	0	0	6.52692519817e-06	0	0	0	0	0	0	0.000561315567043	4.89519389863e-05	0.00102799071871	0.000248023157531	0.00101493686832	0.000440567450877	0	3.26346259909e-06	3.26346259909e-06	3.26346259909e-06	3.26346259909e-06	0	0	0
0.000372034736296	7.5059639779e-05	7.83231023781e-05	0	5.87423267836e-05	3.26346259909e-06	0.000182753905549	0.00201355642364	0.000137065429162	0.0160464455997	0.000296975096517	0	0.00121400808686	3.26346259909e-06	0.000104430803171	0.000447094376075	0.00042751360048	3.589808859e-05	3.26346259909e-06	6.52692519817e-06	0.000208861606342	0.00032308279731	0.0021604122406	0.0003589808859	0.00775398713543	0	6.52692519817e-06	0.000104430803171	0.00280331437262	0.000365507811098	0.000665746370214	0	0	8.48500275763e-05	0.000469938614269	2.28442381936e-05	1.63173129954e-05	1.63173129954e-05	0	5.87423267836e-05	0	3.26346259909e-06	0.000228442381936	1.95807755945e-05	0.00160562359875	1.95807755945e-05	0	6.52692519817e-05	0	2.61077007927e-05	9.79038779726e-06	8.81134901753e-05	0	0	0	2.28442381936e-05	9.46404153735e-05	0.000401405899688	7.5059639779e-05	0.000933350303339	0	0	2.28442381936e-05	0.000345927035503	2.61077007927e-05	0.000133801966563	0	0	1.30538503963e-05	4.89519389863e-05	0.000316555872111	8.48500275763e-05	0.000234969307134	8.48500275763e-05	0.00078649448638	1.95807755945e-05	0	4.24250137881e-05	1.63173129954e-05	2.93711633918e-05	1.30538503963e-05	3.589808859e-05	0	0
0.00132822927783	0	3.26346259909e-06	0	0.00270214703204	3.26346259909e-06	0.0114645441106	0.0100482013426	0.00778335829882	0.000296975096517	0.0374417063993	0	0.00373992813855	0	0.00253897390209	3.9161551189e-05	6.52692519817e-06	6.52692519817e-06	0	3.26346259909e-06	0.00272499127024	3.9161551189e-05	2.28442381936e-05	1.63173129954e-05	0.0024965488883	0	3.26346259909e-06	3.26346259909e-06	0.00630500974144	0.000417723212683	0.000248023157531	0	3.26346259909e-06	3.26346259909e-05	0.000163173129954	0	0	0	0	0.000538471328849	0	2.28442381936e-05	2.61077007927e-05	6.52692519817e-06	1.95807755945e-05	0.000590686730435	0	0.000153382742157	0	1.30538503963e-05	0	0	0	0	0	0.000378561661494	0	0	0	3.9161551189e-05	0	0	0	4.24250137881e-05	3.26346259909e-06	0	0	0	0	3.26346259909e-06	0.000127275041364	6.52692519817e-06	0.000110957728369	2.61077007927e-05	0.000140328891761	1.95807755945e-05	0	3.26346259909e-06	3.26346259909e-06	0	0	0	0	0
0	0.000404669362287	0.000326346259909	0	0	1.95807755945e-05	6.20057893827e-05	6.52692519817e-06	7.17961771799e-05	0	0	0.0311758582091	0	0.00734931777314	5.87423267836e-05	6.52692519817e-06	0	0.00164478514994	0.00225505265597	0.00567842492241	0	6.85327145808e-05	6.52692519817e-06	0.000199071218544	3.26346259909e-06	0.00140328891761	0.00908221641326	0.00240517193553	9.79038779726e-06	0.000150119279558	5.22154015854e-05	0.00155340819717	1.63173129954e-05	1.63173129954e-05	0.00649102710958	0	0.00028718470872	6.52692519817e-06	0	0	0	0	0	0	0	0	0.000127275041364	0	0.000159909667355	0	0	0	1.63173129954e-05	1.95807755945e-05	3.26346259909e-05	0	0	6.52692519817e-06	9.79038779726e-06	0	0.000505836702858	0.000110957728369	0.000150119279558	0	0	0	0	0	0	1.30538503963e-05	0.000202334681143	0.00272172780764	0.00340052802825	0.000368771273697	3.589808859e-05	5.22154015854e-05	0.000995356092721	0	8.48500275763e-05	2.93711633918e-05	6.52692519817e-06	0	0	9.79038779726e-06
0.000205598143742	0	0	0	0.00204292758703	0	0.00559357489483	0.0010834695829	0.00102472725611	0.00121400808686	0.00373992813855	0	0.0205989759254	0	0.000221915456738	0.000988829167523	0	0	0	0	0.00877871439154	3.26346259909e-06	3.26346259909e-06	6.52692519817e-06	0.00258466237848	0	0	0	0.000956194541532	8.48500275763e-05	1.63173129954e-05	0	0	6.52692519817e-06	4.24250137881e-05	0	0	0	0	3.26346259909e-06	0	3.26346259909e-06	0	0	6.52692519817e-06	6.52692519817e-06	0	6.20057893827e-05	0	0	0	3.26346259909e-06	0	0	0	3.26346259909e-06	0	6.52692519817e-06	0	9.79038779726e-06	0	0	0	3.26346259909e-06	0	3.26346259909e-06	0	0	0	0	2.61077007927e-05	0	3.9161551189e-05	6.52692519817e-06	0.000479729002066	3.26346259909e-06	0	0	0	0	0	0	0	0
3.26346259909e-06	8.48500275763e-05	6.20057893827e-05	0	0	3.26346259909e-06	6.52692519817e-06	6.52692519817e-06	9.79038779726e-06	3.26346259909e-06	0	0.00734931777314	0	0.0146464201447	2.93711633918e-05	3.26346259909e-06	3.26346259909e-06	0.000117484653567	0.00014359235436	0.00032308279731	0	5.22154015854e-05	3.26346259909e-06	7.5059639779e-05	3.26346259909e-06	0.00134128312822	0.00328957029988	0.00172637171492	1.30538503963e-05	7.83231023781e-05	2.28442381936e-05	0.00217999301619	3.26346259909e-06	6.52692519817e-06	0.000900715677348	0	9.46404153735e-05	0	0	0	0	0	0	0	0	0	0.000169700055153	0	0.00103125418131	0	0	3.26346259909e-06	6.52692519817e-06	6.52692519817e-06	9.79038779726e-06	0	3.26346259909e-06	3.26346259909e-06	0	0	0.000261077007927	2.61077007927e-05	4.89519389863e-05	3.26346259909e-06	3.26346259909e-06	0	0	0	0	5.87423267836e-05	0.000293711633918	0.00156972551016	0.00123032539986	0.000544998254048	5.54788641845e-05	0.000189280830747	0.000675536758011	2.93711633918e-05	7.83231023781e-05	5.87423267836e-05	1.95807755945e-05	0	0	5.87423267836e-05
0.00605372312131	0	4.24250137881e-05	0	9.13769527744e-05	0.000711434846601	0.0057012691606	0.00336789340226	0.0156091416114	0.000104430803171	0.00253897390209	5.87423267836e-05	0.000221915456738	2.93711633918e-05	0.0306014887916	0.000166436592553	1.95807755945e-05	4.56884763872e-05	3.26346259909e-06	1.95807755945e-05	0.000127275041364	0.00014359235436	2.61077007927e-05	0.000120748116166	0.000528680941052	0	2.61077007927e-05	3.26346259909e-05	0.000884398364353	0.00938245497237	0.000939877228537	0	0.000806075261974	0.000221915456738	0.00147182163219	0	0	0	0	0	0	0	3.26346259909e-06	0	1.63173129954e-05	3.26346259909e-06	0	0	0	0	0	0	0	0	0	0	3.26346259909e-06	3.26346259909e-06	0	1.63173129954e-05	0	0	0	1.30538503963e-05	0	0	0	0	0	0	0.000554788641845	3.589808859e-05	0.000962721466731	0.000267603933125	0.000776704098583	0.000257813545328	3.26346259909e-06	3.26346259909e-06	3.26346259909e-06	3.26346259909e-06	6.52692519817e-06	0	0	0
3.589808859e-05	0	6.52692519817e-06	0	0	0.00124337925025	0.002865320162	5.87423267836e-05	0.000509100165458	0.000447094376075	3.9161551189e-05	6.52692519817e-06	0.000988829167523	3.26346259909e-06	0.000166436592553	0.00621363278866	3.26346259909e-06	9.79038779726e-06	0	0	1.30538503963e-05	6.52692519817e-06	3.26346259909e-06	6.52692519817e-06	7.5059639779e-05	0	3.26346259909e-06	3.26346259909e-06	2.28442381936e-05	0.000110957728369	1.63173129954e-05	0	4.56884763872e-05	6.52692519817e-06	0.000153382742157	0	0	0	0	0	0	0	0	0	3.26346259909e-06	0	0	0	0	0	0	0	0	0	0	0	0	6.52692519817e-06	0	3.26346259909e-06	0	0	3.26346259909e-06	3.26346259909e-06	0	0	0	0	0	0	0.000127275041364	6.52692519817e-06	0.000124011578765	6.20057893827e-05	0.0010899965081	2.93711633918e-05	0	1.30538503963e-05	6.52692519817e-06	3.26346259909e-06	3.26346259909e-06	3.26346259909e-06	0	0
7.83231023781e-05	7.17961771799e-05	0.000593950193034	0	0	0	1.30538503963e-05	0.000558052104444	1.95807755945e-05	0.00042751360048	6.52692519817e-06	0	0	3.26346259909e-06	1.95807755945e-05	3.26346259909e-06	0.0164250072612	9.46404153735e-05	3.26346259909e-06	3.26346259909e-06	0	0.00344295304204	0.00195807755945	0.00729710237156	0.00406627439846	0	2.28442381936e-05	0.00230074113236	0.00280331437262	0.000166436592553	0.000812602187173	0	0	6.20057893827e-05	0.00102799071871	0	2.28442381936e-05	6.52692519817e-06	0	0	0	0	3.26346259909e-06	0	4.56884763872e-05	0	0	0	0	0	0	0.000127275041364	0	0	0	0	1.30538503963e-05	0.000137065429162	8.15865649772e-05	3.26346259909e-05	0	0	4.24250137881e-05	2.28442381936e-05	0	0	0	0	0	3.26346259909e-06	0.000688590608407	0.000368771273697	0.000691854071006	0.000296975096517	0.000114221190968	4.56884763872e-05	9.79038779726e-06	6.52692519817e-06	6.52692519817e-06	3.26346259909e-06	3.26346259909e-06	0	0	0
6.85327145808e-05	0.000855027200961	0.007871471789	0	0	0	2.28442381936e-05	0.000176226980351	2.61077007927e-05	3.589808859e-05	6.52692519817e-06	0.00164478514994	0	0.000117484653567	4.56884763872e-05	9.79038779726e-06	9.46404153735e-05	0.0283301188227	0.000326346259909	0.00618426162527	0	0.00216367570319	0.000231705844535	0.00654324251117	5.87423267836e-05	0.000110957728369	0.0104593976301	0.00384435894172	0.000202334681143	0.000453621301273	0.000910506065145	2.93711633918e-05	0	3.26346259909e-05	0.0100906263564	0	0.000417723212683	4.56884763872e-05	0	0	0	0	0	0	0	0	2.28442381936e-05	0	2.93711633918e-05	0	0	0	2.28442381936e-05	6.52692519817e-06	1.30538503963e-05	0	6.52692519817e-06	4.89519389863e-05	2.61077007927e-05	0	9.13769527744e-05	0.000130538503963	0.000241496232332	0	0	3.26346259909e-06	0	0	0	1.63173129954e-05	0.00117810999827	0.00181448520509	0.00421639367802	0.00125643310065	0.00010769426577	0.000101167340572	2.28442381936e-05	2.28442381936e-05	6.52692519817e-05	4.24250137881e-05	1.95807755945e-05	0	0	0
0	2.28442381936e-05	5.22154015854e-05	0	0	0	6.52692519817e-06	0	6.52692519817e-06	3.26346259909e-06	0	0.00225505265597	0	0.00014359235436	3.26346259909e-06	0	3.26346259909e-06	0.000326346259909	0.00497025353841	0.00265972201826	0	9.79038779726e-06	0	2.28442381936e-05	0	9.13769527744e-05	0.002140831465	0.000241496232332	0	9.79038779726e-06	6.52692519817e-06	4.24250137881e-05	3.26346259909e-06	0	0.000365507811098	0	2.93711633918e-05	0	0	0	0	0	0	0	0	0	0	0	1.63173129954e-05	0	0	0	0	0	0	0	0	0	0	0	3.589808859e-05	9.79038779726e-06	1.30538503963e-05	0	0	0	0	0	0	0	1.95807755945e-05	0.000114221190968	0.00025128662013	2.61077007927e-05	0	3.26346259909e-06	6.52692519817e-06	0	6.52692519817e-06	0	3.26346259909e-06	0	0	0
6.52692519817e-06	0.000296975096517	0.00089418875215	0	0	3.26346259909e-06	1.63173129954e-05	2.61077007927e-05	2.28442381936e-05	6.52692519817e-06	3.26346259909e-06	0.00567842492241	0	0.00032308279731	1.95807755945e-05	0	3.26346259909e-06	0.00618426162527	0.00265972201826	0.0158930628576	0	0.00017949044295	2.28442381936e-05	0.000489519389863	3.26346259909e-06	0.000218651994139	0.00718288118059	0.00169373708893	2.93711633918e-05	5.54788641845e-05	9.79038779726e-05	9.46404153735e-05	3.26346259909e-06	3.26346259909e-06	0.00469285921749	0	0.000208861606342	1.63173129954e-05	0	0	0	0	0	0	0	0	3.589808859e-05	0	4.56884763872e-05	0	0	0	6.52692519817e-06	6.52692519817e-06	1.95807755945e-05	0	0	3.26346259909e-06	6.52692519817e-06	0	0.000159909667355	8.48500275763e-05	0.000130538503963	0	0	0	0	0	0	9.79038779726e-06	0.000257813545328	0.00075059639779	0.00203966412443	0.000430777063079	3.589808859e-05	1.30538503963e-05	3.26346259909e-05	0	4.24250137881e-05	2.61077007927e-05	9.79038779726e-06	0	0	0
0.000159909667355	0	0	0	0.00589707691655	0	0.00182753905549	0.000907242602546	0.00046341168907	0.000208861606342	0.00272499127024	0	0.00877871439154	0	0.000127275041364	1.30538503963e-05	0	0	0	0	0.0150478260444	3.26346259909e-06	0	0	0.00399447822128	0	0	0	0.00124664271285	6.85327145808e-05	2.61077007927e-05	0	0	3.26346259909e-06	1.30538503963e-05	0	0	0	0	9.79038779726e-06	0	0	3.26346259909e-06	0	0	9.79038779726e-06	0	0	0	0	0	3.26346259909e-06	0	0	0	6.52692519817e-06	0	3.26346259909e-06	0	3.26346259909e-06	0	0	0	0	0	0	0	0	0	0	1.63173129954e-05	0	9.79038779726e-06	3.26346259909e-06	3.26346259909e-05	0	0	0	0	0	0	0	0	0
0.000492782852462	0.000199071218544	0.00220610071698	0	0	3.26346259909e-06	5.22154015854e-05	0.00183080251809	9.13769527744e-05	0.00032308279731	3.9161551189e-05	6.85327145808e-05	3.26346259909e-06	5.22154015854e-05	0.00014359235436	6.52692519817e-06	0.00344295304204	0.00216367570319	9.79038779726e-06	0.00017949044295	3.26346259909e-06	0.0411946883883	0.000946404153735	0.0178870385056	0.00175900634091	9.79038779726e-06	0.000479729002066	0.00156646204756	0.0057339037866	0.00140328891761	0.0134422024456	6.52692519817e-06	0	0.000225178919337	0.00970553776968	0	3.589808859e-05	1.63173129954e-05	0	0	0	0	0	0	3.26346259909e-05	3.26346259909e-06	0	0	3.26346259909e-06	0	0	1.95807755945e-05	3.26346259909e-06	0	0	0	6.52692519817e-06	9.79038779726e-05	2.28442381936e-05	2.28442381936e-05	6.52692519817e-06	9.79038779726e-06	3.9161551189e-05	9.79038779726e-06	0	1.30538503963e-05	0	0	0	1.63173129954e-05	0.00186017368148	0.000890925289551	0.0032112471975	0.00113568498448	0.00028718470872	0.000159909667355	9.79038779726e-06	1.30538503963e-05	9.79038779726e-06	9.79038779726e-06	6.52692519817e-06	0	0	0
9.79038779726e-05	0.00110957728369	0.00085829066356	0	0	0	2.61077007927e-05	0.000443830913476	2.61077007927e-05	0.0021604122406	2.28442381936e-05	6.52692519817e-06	3.26346259909e-06	3.26346259909e-06	2.61077007927e-05	3.26346259909e-06	0.00195807755945	0.000231705844535	0	2.28442381936e-05	0	0.000946404153735	0.0130277426956	0.00234969307134	0.00199397564804	0	0.000124011578765	0.00237580077214	0.00120748116166	0.000130538503963	0.000590686730435	0	0	5.87423267836e-05	0.00115526576008	0	0.000238232769733	0.000130538503963	0	0	0	0	9.79038779726e-06	3.26346259909e-06	0.000228442381936	0	6.52692519817e-06	3.26346259909e-06	0	0	0	0.00021538853154	3.26346259909e-05	0	0	3.26346259909e-06	6.52692519817e-05	0.00123358886245	0.000225178919337	0.000114221190968	3.26346259909e-06	1.30538503963e-05	0.000332873185107	8.81134901753e-05	3.26346259909e-06	2.93711633918e-05	0	0	0	3.26346259909e-05	0.000620057893827	0.000417723212683	0.000819129112371	0.000339400110305	9.46404153735e-05	5.87423267836e-05	3.26346259909e-06	6.52692519817e-05	6.52692519817e-05	4.89519389863e-05	1.95807755945e-05	0	0	3.26346259909e-06
0.000388352049291	0.000841973350564	0.0109554439451	0	0	3.26346259909e-06	7.83231023781e-05	0.0014130793054	9.79038779726e-05	0.0003589808859	1.63173129954e-05	0.000199071218544	6.52692519817e-06	7.5059639779e-05	0.000120748116166	6.52692519817e-06	0.00729710237156	0.00654324251117	2.28442381936e-05	0.000489519389863	0	0.0178870385056	0.00234969307134	0.0539319829125	0.00157951589796	1.30538503963e-05	0.00135760044122	0.00753207167869	0.00363549733538	0.0017720601913	0.00514321705616	3.26346259909e-06	0	0.000186017368148	0.0120095423646	0	0.000218651994139	6.85327145808e-05	0	0	0	0	0	0	6.20057893827e-05	3.26346259909e-06	0	0	3.26346259909e-06	0	0	3.9161551189e-05	3.26346259909e-06	0	3.26346259909e-06	0	6.52692519817e-06	0.000254550082729	4.89519389863e-05	1.95807755945e-05	9.79038779726e-06	4.56884763872e-05	0.000192544293346	1.30538503963e-05	0	1.30538503963e-05	0	0	0	2.28442381936e-05	0.00302196636675	0.00187649099447	0.00526722863493	0.00200702949844	0.000437303988278	0.000283921246121	2.93711633918e-05	4.56884763872e-05	5.54788641845e-05	2.61077007927e-05	1.30538503963e-05	0	0	0
0.00114547537228	4.24250137881e-05	0.000146855816959	0	0.00690875032227	0	0.00127275041364	0.00828593153908	0.000939877228537	0.00775398713543	0.0024965488883	3.26346259909e-06	0.00258466237848	3.26346259909e-06	0.000528680941052	7.5059639779e-05	0.00406627439846	5.87423267836e-05	0	3.26346259909e-06	0.00399447822128	0.00175900634091	0.00199397564804	0.00157951589796	0.042832946613	0	1.63173129954e-05	0.00025128662013	0.0182231751533	0.000861554126159	0.00184711983108	0	3.26346259909e-06	0.000137065429162	0.00111936767149	6.52692519817e-06	6.52692519817e-06	3.26346259909e-06	0	4.89519389863e-05	0	3.26346259909e-06	5.87423267836e-05	0	0.000509100165458	9.79038779726e-06	0	1.95807755945e-05	0	3.26346259909e-06	0	3.589808859e-05	0	0	0	3.26346259909e-06	4.24250137881e-05	0.000186017368148	4.89519389863e-05	0.000411196287485	0	3.26346259909e-06	1.63173129954e-05	0.000117484653567	9.79038779726e-06	5.22154015854e-05	0	0	3.26346259909e-06	1.63173129954e-05	0.000695117533606	0.000241496232332	0.000580896342637	0.000218651994139	0.000414459750084	4.24250137881e-05	3.26346259909e-06	1.63173129954e-05	6.52692519817e-06	1.30538503963e-05	9.79038779726e-06	1.30538503963e-05	0	0
0	0.000476465539467	2.61077007927e-05	0	0	0	0	0	0	0	0	0.00140328891761	0	0.00134128312822	0	0	0	0.000110957728369	9.13769527744e-05	0.000218651994139	0	9.79038779726e-06	0	1.30538503963e-05	0	0.00605698658391	0.00123685232505	0.00169373708893	0	3.26346259909e-06	9.79038779726e-06	8.48500275763e-05	3.26346259909e-06	0	0.000221915456738	0	0.000368771273697	3.26346259909e-06	0	0	0	0	0	0	0	0	0.000218651994139	0	0.00017949044295	0	0	0	3.26346259909e-06	2.93711633918e-05	3.589808859e-05	0	0	0	0	0	0.000633111744223	0.00010769426577	0.000127275041364	0	0	0	0	0	0	1.30538503963e-05	3.26346259909e-06	0.000776704098583	0.000127275041364	6.52692519817e-06	0	0	0.000456884763872	0	9.79038779726e-05	4.24250137881e-05	3.26346259909e-06	0	0	1.95807755945e-05
1.63173129954e-05	0.0017720601913	0.00697401957425	0	0	6.52692519817e-06	2.28442381936e-05	4.89519389863e-05	2.28442381936e-05	6.52692519817e-06	3.26346259909e-06	0.00908221641326	0	0.00328957029988	2.61077007927e-05	3.26346259909e-06	2.28442381936e-05	0.0104593976301	0.002140831465	0.00718288118059	0	0.000479729002066	0.000124011578765	0.00135760044122	1.63173129954e-05	0.00123685232505	0.0493500814234	0.0144832470147	6.85327145808e-05	7.17961771799e-05	0.000244759694932	0.00262382392967	6.52692519817e-06	3.26346259909e-06	0.00482666118405	0	0.00119769077386	5.87423267836e-05	0	0	0	0	0	0	0	0	0.000146855816959	0	0.000195807755945	0	0	0	3.9161551189e-05	3.589808859e-05	8.48500275763e-05	0	6.52692519817e-06	2.28442381936e-05	2.61077007927e-05	0	0.00067880022061	0.000385088586692	0.000646165594619	0	3.26346259909e-06	6.52692519817e-06	0	0	0	3.589808859e-05	0.000525417478453	0.00184059290589	0.00278047013442	0.000662482907615	6.52692519817e-05	4.56884763872e-05	5.22154015854e-05	1.30538503963e-05	0.000218651994139	7.17961771799e-05	1.95807755945e-05	0	0	6.52692519817e-06
9.46404153735e-05	0.0035702280834	0.0110402939727	0	0	0	2.93711633918e-05	0.000199071218544	3.26346259909e-05	0.000104430803171	3.26346259909e-06	0.00240517193553	0	0.00172637171492	3.26346259909e-05	3.26346259909e-06	0.00230074113236	0.00384435894172	0.000241496232332	0.00169373708893	0	0.00156646204756	0.00237580077214	0.00753207167869	0.00025128662013	0.00169373708893	0.0144832470147	0.0607036678056	0.000437303988278	0.000163173129954	0.000646165594619	0.000815865649772	9.79038779726e-06	4.89519389863e-05	0.00414786096344	0	0.00124011578765	0.000159909667355	0	0	0	0	0	0	9.79038779726e-06	0	0.000127275041364	0	0.000110957728369	0	0	3.9161551189e-05	4.89519389863e-05	2.61077007927e-05	5.87423267836e-05	0	9.79038779726e-06	0.000270867395724	7.17961771799e-05	3.26346259909e-06	0.00039487897449	0.000290448171319	0.000737542547394	6.52692519817e-06	0	6.52692519817e-06	0	0	0	4.24250137881e-05	0.00117484653567	0.00186670060668	0.00271520088244	0.000855027200961	9.46404153735e-05	6.52692519817e-05	2.93711633918e-05	2.93711633918e-05	0.000192544293346	7.17961771799e-05	3.9161551189e-05	0	3.26346259909e-06	3.26346259909e-06
0.00234642960874	3.9161551189e-05	0.000440567450877	0	0.00423597445361	3.26346259909e-06	0.00171331786452	0.0253081524559	0.00149140240778	0.00280331437262	0.00630500974144	9.79038779726e-06	0.000956194541532	1.30538503963e-05	0.000884398364353	2.28442381936e-05	0.00280331437262	0.000202334681143	0	2.93711633918e-05	0.00124664271285	0.0057339037866	0.00120748116166	0.00363549733538	0.0182231751533	0	6.85327145808e-05	0.000437303988278	0.0562979932968	0.0017753236539	0.00864491242498	0	6.52692519817e-06	0.000290448171319	0.0028685836246	3.26346259909e-06	6.52692519817e-06	3.26346259909e-06	0	1.63173129954e-05	0	3.26346259909e-06	4.24250137881e-05	0	0.000326346259909	9.79038779726e-06	0	6.52692519817e-06	3.26346259909e-06	3.26346259909e-06	6.52692519817e-06	3.26346259909e-05	0	0	0	0	3.26346259909e-05	0.000186017368148	3.26346259909e-05	0.000159909667355	3.26346259909e-06	9.79038779726e-06	1.63173129954e-05	0.00010769426577	3.26346259909e-06	2.61077007927e-05	0	0	0	1.30538503963e-05	0.00154688127197	0.000443830913476	0.001432660081	0.000544998254048	0.000460148226471	0.000127275041364	9.79038779726e-06	9.79038779726e-06	9.79038779726e-06	1.30538503963e-05	6.52692519817e-06	9.79038779726e-06	0	0
0.00686632530848	2.61077007927e-05	0.000182753905549	0	4.56884763872e-05	0.00064290213202	0.00267603933125	0.00300891251636	0.00361265309719	0.000365507811098	0.000417723212683	0.000150119279558	8.48500275763e-05	7.83231023781e-05	0.00938245497237	0.000110957728369	0.000166436592553	0.000453621301273	9.79038779726e-06	5.54788641845e-05	6.85327145808e-05	0.00140328891761	0.000130538503963	0.0017720601913	0.000861554126159	3.26346259909e-06	7.17961771799e-05	0.000163173129954	0.0017753236539	0.0324094470715	0.00576980187519	0	0.00078649448638	0.00217346609099	0.00482339772145	0	9.79038779726e-06	3.26346259909e-06	0	3.26346259909e-06	0	0	0	0	4.56884763872e-05	0	0	0	0	0	0	3.26346259909e-06	0	0	0	0	9.79038779726e-06	9.79038779726e-06	0	2.61077007927e-05	0	0	6.52692519817e-06	2.28442381936e-05	3.26346259909e-06	3.26346259909e-06	0	0	0	3.26346259909e-06	0.00209840645121	0.000208861606342	0.00273478165803	0.000835446425366	0.00121074462426	0.000404669362287	1.30538503963e-05	9.79038779726e-06	9.79038779726e-06	9.79038779726e-06	1.30538503963e-05	3.26346259909e-06	0	0
0.00454926686313	7.17961771799e-05	0.000956194541532	0	1.95807755945e-05	0	0.000319819334711	0.00918664721643	0.000584159805237	0.000665746370214	0.000248023157531	5.22154015854e-05	1.63173129954e-05	2.28442381936e-05	0.000939877228537	1.63173129954e-05	0.000812602187173	0.000910506065145	6.52692519817e-06	9.79038779726e-05	2.61077007927e-05	0.0134422024456	0.000590686730435	0.00514321705616	0.00184711983108	9.79038779726e-06	0.000244759694932	0.000646165594619	0.00864491242498	0.00576980187519	0.0421704637054	0	0	0.000577632880038	0.00855027200961	0	1.95807755945e-05	3.26346259909e-06	0	3.26346259909e-06	0	3.26346259909e-06	1.30538503963e-05	3.26346259909e-06	9.13769527744e-05	0	0	0	3.26346259909e-06	0	0	1.63173129954e-05	0	0	0	0	1.95807755945e-05	7.83231023781e-05	1.30538503963e-05	4.56884763872e-05	3.26346259909e-06	9.79038779726e-06	1.63173129954e-05	1.95807755945e-05	3.26346259909e-06	1.63173129954e-05	0	0	0	6.52692519817e-06	0.00236601038434	0.000721225234398	0.0028522663116	0.00102799071871	0.00053520786625	0.000159909667355	1.30538503963e-05	1.30538503963e-05	9.79038779726e-06	9.79038779726e-06	9.79038779726e-06	6.52692519817e-06	0	0
0	1.30538503963e-05	6.52692519817e-06	0	0	0	0	0	0	0	0	0.00155340819717	0	0.00217999301619	0	0	0	2.93711633918e-05	4.24250137881e-05	9.46404153735e-05	0	6.52692519817e-06	0	3.26346259909e-06	0	8.48500275763e-05	0.00262382392967	0.000815865649772	0	0	0	0.00363549733538	0	0	5.22154015854e-05	0	9.79038779726e-06	0	0	0	0	0	0	0	0	0	3.26346259909e-06	0	1.30538503963e-05	0	0	0	0	0	0	0	0	0	0	0	2.28442381936e-05	3.26346259909e-06	9.79038779726e-06	0	0	0	0	0	0	0	0	5.87423267836e-05	2.61077007927e-05	3.26346259909e-06	0	0	6.52692519817e-06	0	9.79038779726e-06	0	0	0	0	3.26346259909e-06
6.52692519817e-06	6.52692519817e-06	0	0	0	0.00224526226817	0.00157951589796	1.30538503963e-05	0.00235621999654	0	3.26346259909e-06	1.63173129954e-05	0	3.26346259909e-06	0.000806075261974	4.56884763872e-05	0	0	3.26346259909e-06	3.26346259909e-06	0	0	0	0	3.26346259909e-06	3.26346259909e-06	6.52692519817e-06	9.79038779726e-06	6.52692519817e-06	0.00078649448638	0	0	0.00526396517233	3.26346259909e-06	0.000414459750084	0	3.26346259909e-06	0	0	0	0	0	0	0	0	0	0	0	0	0	0	0	0	0	0	0	0	0	0	0	0	0	3.26346259909e-06	0	0	0	0	0	0	0	2.28442381936e-05	3.26346259909e-06	7.83231023781e-05	1.63173129954e-05	6.20057893827e-05	0.000332873185107	0	0	0	0	0	0	0	0
0.0003557174233	3.26346259909e-06	3.26346259909e-05	0	0	0	9.46404153735e-05	0.000270867395724	0.000124011578765	8.48500275763e-05	3.26346259909e-05	1.63173129954e-05	6.52692519817e-06	6.52692519817e-06	0.000221915456738	6.52692519817e-06	6.20057893827e-05	3.26346259909e-05	0	3.26346259909e-06	3.26346259909e-06	0.000225178919337	5.87423267836e-05	0.000186017368148	0.000137065429162	0	3.26346259909e-06	4.89519389863e-05	0.000290448171319	0.00217346609099	0.000577632880038	0	3.26346259909e-06	0.00354412038261	0.00168721016373	0	0	0	0	0	0	0	0	0	1.63173129954e-05	0	0	0	0	0	0	0	0	0	0	0	3.26346259909e-06	9.79038779726e-06	0	3.26346259909e-06	0	0	0	6.52692519817e-06	0	3.26346259909e-06	0	0	0	0	0.00067880022061	0.000104430803171	0.000848500275763	0.000342663572904	0.000182753905549	6.85327145808e-05	0	3.26346259909e-06	6.52692519817e-06	3.26346259909e-06	3.26346259909e-06	0	0	0
0.0014261331558	0.000881134901753	0.00506815741638	0	1.30538503963e-05	0.000685327145808	0.00154361780937	0.0021473583902	0.00169047362633	0.000469938614269	0.000163173129954	0.00649102710958	4.24250137881e-05	0.000900715677348	0.00147182163219	0.000153382742157	0.00102799071871	0.0100906263564	0.000365507811098	0.00469285921749	1.30538503963e-05	0.00970553776968	0.00115526576008	0.0120095423646	0.00111936767149	0.000221915456738	0.00482666118405	0.00414786096344	0.0028685836246	0.00482339772145	0.00855027200961	5.22154015854e-05	0.000414459750084	0.00168721016373	0.0535599481762	0	0.000339400110305	4.56884763872e-05	0	0	0	0	0	3.26346259909e-06	6.85327145808e-05	0	2.61077007927e-05	0	3.589808859e-05	0	0	1.95807755945e-05	1.30538503963e-05	9.79038779726e-06	1.95807755945e-05	0	1.95807755945e-05	0.000137065429162	3.26346259909e-05	3.589808859e-05	0.000146855816959	9.46404153735e-05	0.00021538853154	1.95807755945e-05	3.26346259909e-06	1.30538503963e-05	0	0	3.26346259909e-06	4.24250137881e-05	0.00783231023781	0.00370076658736	0.0221556475852	0.00661830215095	0.0021538853154	0.00153056395897	0.00021538853154	0.000101167340572	9.13769527744e-05	6.52692519817e-05	4.89519389863e-05	6.52692519817e-06	3.26346259909e-06	0
0	0	0	0	3.26346259909e-06	0	0	0	0	2.28442381936e-05	0	0	0	0	0	0	0	0	0	0	0	0	0	0	6.52692519817e-06	0	0	0	3.26346259909e-06	0	0	0	0	0	0	0.0104496072423	0	5.87423267836e-05	0	4.56884763872e-05	0	0.000401405899688	0.00292732595138	0.000890925289551	8.81134901753e-05	0.000404669362287	3.26346259909e-06	0.000114221190968	0	0.00332546838847	3.589808859e-05	8.48500275763e-05	2.28442381936e-05	0	3.26346259909e-06	7.5059639779e-05	0.000306765484314	6.52692519817e-05	0.000254550082729	0.000704907921403	0	9.79038779726e-06	3.589808859e-05	0.00053520786625	0.00440241104617	0.0021604122406	0	3.26346259909e-06	0.000352453960701	0.000972511854528	3.26346259909e-06	0	0	0	0	0	0	0.000283921246121	9.46404153735e-05	0.000378561661494	0.000130538503963	0.000110957728369	3.589808859e-05	6.52692519817e-06
3.26346259909e-06	0.00241822578592	0.000620057893827	0	0	0	3.26346259909e-06	0	3.26346259909e-06	1.63173129954e-05	0	0.00028718470872	0	9.46404153735e-05	0	0	2.28442381936e-05	0.000417723212683	2.93711633918e-05	0.000208861606342	0	3.589808859e-05	0.000238232769733	0.000218651994139	6.52692519817e-06	0.000368771273697	0.00119769077386	0.00124011578765	6.52692519817e-06	9.79038779726e-06	1.95807755945e-05	9.79038779726e-06	3.26346259909e-06	0	0.000339400110305	0	0.0165881803912	0.00163825822474	0	0	0	3.26346259909e-06	1.30538503963e-05	0	7.17961771799e-05	0	0.000828919500168	0	0.000828919500168	0	0	0.000225178919337	0.000528680941052	0.000241496232332	0.000727752159596	0	0.000156646204756	0.00199071218544	0.000734279084795	4.89519389863e-05	0.003589808859	0.00328957029988	0.00912464142705	4.56884763872e-05	1.63173129954e-05	6.85327145808e-05	0	0	0	0.000482992464665	6.20057893827e-05	0.000388352049291	0.000261077007927	6.20057893827e-05	0	3.26346259909e-06	1.63173129954e-05	0.000274130858323	0.00140981584281	0.000747332935191	0.000228442381936	6.52692519817e-06	3.26346259909e-06	3.26346259909e-05
0	0.000293711633918	0.000124011578765	0	0	0	0	0	0	1.63173129954e-05	0	6.52692519817e-06	0	0	0	0	6.52692519817e-06	4.56884763872e-05	0	1.63173129954e-05	0	1.63173129954e-05	0.000130538503963	6.85327145808e-05	3.26346259909e-06	3.26346259909e-06	5.87423267836e-05	0.000159909667355	3.26346259909e-06	3.26346259909e-06	3.26346259909e-06	0	0	0	4.56884763872e-05	5.87423267836e-05	0.00163825822474	0.029214517187	0	3.26346259909e-06	0	3.26346259909e-06	0.00017949044295	1.63173129954e-05	0.000127275041364	6.52692519817e-06	3.9161551189e-05	0	6.52692519817e-06	4.24250137881e-05	0	0.00159256974835	0.00303828367975	1.63173129954e-05	0.000280657783521	3.26346259909e-06	0.00243454309892	0.00151098318338	0.0136478005894	0.000199071218544	4.56884763872e-05	0.00381498777833	0.0135727409496	0.000447094376075	0.000127275041364	0.00119442731127	0	6.52692519817e-06	1.30538503963e-05	0.00151424664598	3.589808859e-05	5.22154015854e-05	2.61077007927e-05	1.30538503963e-05	3.26346259909e-06	3.26346259909e-06	0	0.00163173129954	0.00319492988451	0.00218978340399	0.0010802061203	3.589808859e-05	3.9161551189e-05	3.589808859e-05
0	0	0	0	0	0	0	0	0	0	0	0	0	0	0	0	0	0	0	0	0	0	0	0	0	0	0	0	0	0	0	0	0	0	0	0	0	0	0	0	0	0	0	0	0	0	0	0	0	0	0	0	0	0	0	0	0	0	0	0	0	0	0	0	0	0	0	0	0	0	0	0	0	0	0	0	0	0	0	0	0	0	0	0
0	0	0	0	0.00243454309892	0	0	9.79038779726e-06	0	5.87423267836e-05	0.000538471328849	0	3.26346259909e-06	0	0	0	0	0	0	0	9.79038779726e-06	0	0	0	4.89519389863e-05	0	0	0	1.63173129954e-05	3.26346259909e-06	3.26346259909e-06	0	0	0	0	4.56884763872e-05	0	3.26346259909e-06	0	0.0173648844897	0	0.00117158307307	0.000724488696997	0.000159909667355	0.000159909667355	0.00638333284381	0	0.0032047202723	0	0.000212125068941	3.26346259909e-05	0	0	0	0	0.00871670860216	1.95807755945e-05	6.52692519817e-06	2.28442381936e-05	0.00629521935364	0	0	0	0.00583180766457	8.48500275763e-05	6.85327145808e-05	0	3.26346259909e-06	9.79038779726e-06	5.22154015854e-05	0	0	0	0	0	0	0	2.61077007927e-05	3.26346259909e-06	1.95807755945e-05	3.26346259909e-06	2.93711633918e-05	3.26346259909e-06	0
0	0	0	0	0	0	0	0	0	0	0	0	0	0	0	0	0	0	0	0	0	0	0	0	0	0	0	0	0	0	0	0	0	0	0	0	0	0	0	0	0.00506163049118	0.00110631382109	6.52692519817e-06	0.000851763738362	0	3.26346259909e-06	6.52692519817e-06	0	0	0.000649429057218	0.000574369417439	0	0	0	0	0	3.26346259909e-06	0	0	0	0	6.52692519817e-06	0	3.26346259909e-06	0.000734279084795	3.26346259909e-06	0	0.00163825822474	0	0.000890925289551	0	0	0	0	0	0	0	1.63173129954e-05	9.79038779726e-06	0.000156646204756	2.93711633918e-05	0.00114221190968	0.00135107351602	3.26346259909e-06
0	0	0	0	7.17961771799e-05	0	0	0	0	3.26346259909e-06	2.28442381936e-05	0	3.26346259909e-06	0	0	0	0	0	0	0	0	0	0	0	3.26346259909e-06	0	0	0	3.26346259909e-06	0	3.26346259909e-06	0	0	0	0	0.000401405899688	3.26346259909e-06	3.26346259909e-06	0	0.00117158307307	0.00110631382109	0.0296877192639	0.00146529470699	0.00485929581004	7.83231023781e-05	0.00808033339534	6.52692519817e-06	0.00610593852289	0	0.00333525877627	0.00276088935883	1.63173129954e-05	6.52692519817e-06	0	0	0.00301870290416	5.87423267836e-05	1.63173129954e-05	7.83231023781e-05	0.00208535260082	0	0	3.26346259909e-06	0.000819129112371	0.00218651994139	0.000225178919337	0	0.000460148226471	8.81134901753e-05	0.00148813894518	3.26346259909e-06	0	0	0	0	0	0	0.000228442381936	2.93711633918e-05	0.000447094376075	7.5059639779e-05	0.0021375680024	0.000280657783521	3.26346259909e-06
6.52692519817e-06	0	0	0	2.61077007927e-05	0	0	2.93711633918e-05	0	0.000228442381936	2.61077007927e-05	0	0	0	3.26346259909e-06	0	3.26346259909e-06	0	0	0	3.26346259909e-06	0	9.79038779726e-06	0	5.87423267836e-05	0	0	0	4.24250137881e-05	0	1.30538503963e-05	0	0	0	0	0.00292732595138	1.30538503963e-05	0.00017949044295	0	0.000724488696997	6.52692519817e-06	0.00146529470699	0.0355913231056	0.00160888706135	0.00101820033092	0.00494088237502	3.26346259909e-06	0.000580896342637	0	0.00445136298515	9.46404153735e-05	0.000505836702858	5.87423267836e-05	0	3.26346259909e-06	0.000538471328849	0.00182753905549	0.000450357838674	0.00121400808686	0.00735258123574	0	1.30538503963e-05	0.00010769426577	0.0106845765494	0.00194176024646	0.00692180417266	0	3.26346259909e-06	0.000401405899688	0.00148813894518	3.26346259909e-06	0	0	0	6.52692519817e-06	3.26346259909e-06	0	0.000731015622195	0.000267603933125	0.000633111744223	0.000225178919337	0.000133801966563	4.24250137881e-05	3.26346259909e-06
0	0	0	0	6.52692519817e-06	0	0	0	0	1.95807755945e-05	6.52692519817e-06	0	0	0	0	0	0	0	0	0	0	0	3.26346259909e-06	0	0	0	0	0	0	0	3.26346259909e-06	0	0	0	3.26346259909e-06	0.000890925289551	0	1.63173129954e-05	0	0.000159909667355	0.000851763738362	0.00485929581004	0.00160888706135	0.0207621490554	4.24250137881e-05	0.00208861606342	1.30538503963e-05	0.000306765484314	0	0.0112948440554	0.000352453960701	1.95807755945e-05	3.26346259909e-06	0	0	0.000186017368148	5.22154015854e-05	1.63173129954e-05	5.87423267836e-05	0.000806075261974	0	9.79038779726e-06	9.79038779726e-06	0.000352453960701	0.00454273993793	0.000398142437089	0	0.000887661826952	0.000159909667355	0.00211472376421	3.26346259909e-06	0	0	0	3.26346259909e-06	0	0	0.000267603933125	2.61077007927e-05	0.000711434846601	0.000120748116166	0.000717961771799	0.000339400110305	0
