0.0223405674218	0	0	0	0	0	0.000371548882495	0.0126326620048	0.00440142522341	0	0.000266753043843	0	0	9.52689442296e-06	0.0160718708915	9.52689442296e-06	0	0.000200064782882	0	0.000238172360574	0.000266753043843	0.00041918335461	0	0.00366785435284	9.52689442296e-06	0	0.000209591677305	0	0.00594478211992	0.00629727721357	0.00520168435493	0	0	7.62151553836e-05	0.000333441304803	0	0	0	0	0	0	0	0	0	0	0	0	0	0	0	0	0	0	0	0	0	0	0	0	0	0	0	0	0	0	0	0	0	0	0	0.000152430310767	9.52689442296e-06	0.00252462702208	0.000914581864604	0	6.66882609607e-05	1.90537888459e-05	0	0	0	0	0	0	0
0	0.0298477602271	1.90537888459e-05	0	0	0	0	0	0	9.52689442296e-06	0	0	0	5.71613665377e-05	0	0	0.000714517081722	0.00167673341844	0	9.52689442296e-06	0	6.66882609607e-05	0.00644018062992	9.52689442296e-06	0.00389649981899	0.000886001181335	0.00893622696873	0.0233408913362	0	0	0	0	0	0	0	0	0.0176438084713	7.62151553836e-05	0	0	0	0	0	0	0	0	0	0	2.85806832689e-05	0	0	0	0.0005811405598	0	9.52689442296e-06	0	0	0.000400129565764	0	0	0.000371548882495	0.00529695329916	0.0111750471581	0	0	0	0	0	0	9.52689442296e-06	2.85806832689e-05	2.85806832689e-05	0	0	0	0	0	9.52689442296e-06	9.52689442296e-06	3.81075776918e-05	2.85806832689e-05	0	0	0
0	1.90537888459e-05	0.0439761446564	0	0	0	0	1.90537888459e-05	0	0	0	0	0	0	0	0	0	0.00995560467199	0	2.85806832689e-05	0	1.90537888459e-05	0.00218165882286	0.018425013814	0	0	0.00846940914201	0.0223500943163	4.76344721148e-05	0	0.000104795838653	0	0	0	9.52689442296e-06	0	0.00363927366957	0	0	0	0	0	0	0	0	0	0	0	0	0	0	0.00155288379094	0.000209591677305	0	8.57420498066e-05	0	0	0.0112607892079	0.00255320770535	0	0	3.81075776918e-05	0.0114989615685	0	0	0	0	0	0	0.000876474286912	0.00093363565345	9.52689442296e-06	0.000238172360574	5.71613665377e-05	0	0	0	2.85806832689e-05	0	0.00067640950403	0.000219118571728	0	0	0
0	0	0	0	0	0	0	0	0	0	0	0	0	0	0	0	0	0	0	0	0	0	0	0	0	0	0	0	0	0	0	0	0	0	0	0	0	0	0	0	0	0	0	0	0	0	0	0	0	0	0	0	0	0	0	0	0	0	0	0	0	0	0	0	0	0	0	0	0	0	0	0	0	0	0	0	0	0	0	0	0	0	0	0
0	0	0	0	0.0223405674218	0	7.62151553836e-05	0.00294381037669	4.76344721148e-05	0.00523979193263	0.00313434826515	0	0.00212449745632	2.85806832689e-05	0	0	0	0	0	0	0.00710706323953	0	0	0	0.0104033687099	0	0	0	0.0122801669112	0	0	0	0	0	0	0.00120991559172	0	0	0	0.00702132118972	7.62151553836e-05	0.000495398509994	0	0.000371548882495	0.00353447783092	0.00562086770954	9.52689442296e-06	0.00374406950822	0	0.000771678448259	0.000114322733075	0	0	1.90537888459e-05	0.000619248137492	0.0134710287141	0	0	0	0.0101937770326	0	2.85806832689e-05	9.52689442296e-06	0.00233408913362	0.00159099136863	0	0	0	0	0.00109559285864	0.00025722614942	0	4.76344721148e-05	3.81075776918e-05	1.90537888459e-05	9.52689442296e-06	0	0.000895528075758	9.52689442296e-06	0.000733570870568	0.000133376521921	0.000171484099613	0	0
0	0	0	0	0	0.00341062820342	0.00108606596422	0.000219118571728	3.81075776918e-05	0.000781205342682	9.52689442296e-05	0	0	0	0	0.00192443267344	0	0	0	0	2.85806832689e-05	0	0	0	0.000628775031915	0	0	0	0.000647828820761	0.000333441304803	0	0	0.000628775031915	0	0.000666882609607	0	0	0	0	7.62151553836e-05	0	0	0	0	7.62151553836e-05	0	0	0	0	0	0	0	0	0	0	6.66882609607e-05	0	0	0	7.62151553836e-05	0	0	0	9.52689442296e-06	0	0	0	0	0	0	0.000123849627498	0	0.000247699254997	6.66882609607e-05	0.00177200236267	0.000457290932302	0	0	0	0	0	0	0	0
0.000371548882495	0	0	0	7.62151553836e-05	0.00108606596422	0.0396128270107	0.0107177562258	0.0213021359297	0.000638301926338	0.0142712878456	0.00273421869939	0.0081740754149	0.00441095211783	0.00275327248823	0.00286759522131	0	0	0.00259131528304	0.00201017472324	0.00450622106206	0	0	0	0.000285806832689	0	0.00134329211364	0	0.00671646056818	0.00175294857382	0	0	0.00120991559172	0.000704990187299	0.0038583922413	9.52689442296e-06	0	0	0	0.000704990187299	1.90537888459e-05	8.57420498066e-05	0	0	0.00041918335461	6.66882609607e-05	0	0.000114322733075	0	0	1.90537888459e-05	0	0	0	0	0.000295333727112	0	0	0	0.000771678448259	0	0	0	2.85806832689e-05	7.62151553836e-05	0	0	0	0	7.62151553836e-05	0.00309624068746	9.52689442296e-06	0.00802164510413	0.00252462702208	0.00148619552998	0.00251510012766	0.000142903416344	0.000238172360574	0	0.000400129565764	9.52689442296e-05	1.90537888459e-05	0	0
0.0126326620048	0	1.90537888459e-05	0	0.00294381037669	0.000219118571728	0.0107177562258	0.075795972029	0.0141569651125	0.0025722614942	0.0155574185927	0.000390602671341	1.90537888459e-05	0.000285806832689	0.0115275422518	0.000390602671341	0	0.000181010994036	0.00025722614942	0.000504925404417	0.000457290932302	0.00473486652821	0	0.0101556694549	0.00334393994246	0	0.00025722614942	1.90537888459e-05	0.0382981155803	0.00235314292247	0.0201017472324	0	0	0.000924108759027	0.0017434216794	0	0	0	0	0.00383933845245	0	0	0	0	0.00201970161767	0.00215307813959	0	0.00143856105787	0	0	0	0	0	0	0	0.00421088733495	0	0	0	0.00819312920374	0	0	0	0.00288664901016	0	0	0	0	0	0	0.00205780919536	1.90537888459e-05	0.00423946801822	0.00137187279691	0.00025722614942	0.000228645466151	3.81075776918e-05	0.000571613665377	0	0	0	0	0	0
0.00440142522341	0	0	0	4.76344721148e-05	3.81075776918e-05	0.0213021359297	0.0141569651125	0.036602328373	0.000181010994036	0.00873616218585	0.00328677857592	0.00376312329707	0.00415372596841	0.0114322733075	0.00138139969133	0	0	0.00221023950613	0.00134329211364	0.00304860621535	0	0	0	0.000114322733075	0	0.000619248137492	0	0.00524931882705	0.00284854143246	0.000276279938266	0	0.00101937770326	0.000809786025951	0.00460149000629	9.52689442296e-06	0	0	0	0.000590667454223	9.52689442296e-06	3.81075776918e-05	0	0	0.000323914410381	6.66882609607e-05	0	5.71613665377e-05	0	0	9.52689442296e-06	0	0	0	0	0.000152430310767	0	0	0	0.00067640950403	0	0	0	2.85806832689e-05	3.81075776918e-05	0	0	0	0	3.81075776918e-05	0.00176247546825	0	0.00635443858011	0.00137187279691	0.00016195720519	0.000638301926338	5.71613665377e-05	0.000104795838653	0	0.000228645466151	6.66882609607e-05	9.52689442296e-06	0	0
0	9.52689442296e-06	0	0	0.00523979193263	0.000781205342682	0.000638301926338	0.0025722614942	0.000181010994036	0.0289808128346	0.00216260503401	0	0.000962216336719	0	0	0.00391555360783	0	9.52689442296e-06	0	9.52689442296e-06	0.00242935807785	0	0.00227692776709	0	0.0177676580988	0	9.52689442296e-06	0	0.0103747880266	0	0	0	0	0	2.85806832689e-05	0.000847893603643	0	0	0	0.00437284454014	0.000114322733075	0.000123849627498	0	0	0.0105653259151	0.00171484099613	0	0.00239125050016	0	7.62151553836e-05	0.000171484099613	0.00189585199017	0	0	3.81075776918e-05	0.00840272088105	0.000238172360574	0.00312482137073	0	0.0123087475945	0	0.000114322733075	5.71613665377e-05	0.00195301335671	0.00157193757979	0	0	0	0.000771678448259	0.00162909894633	0.00124802316941	0	0.000247699254997	0.00025722614942	0.00401082255206	5.71613665377e-05	0	0.000724043976145	0	0.0011622811196	0.000114322733075	0.000228645466151	0	0
0.000266753043843	0	0	0	0.00313434826515	9.52689442296e-05	0.0142712878456	0.0155574185927	0.00873616218585	0.00216260503401	0.0372406302993	0.00139092658575	0.00162909894633	0.000571613665377	0.0020768629842	0.000428710249033	0	0	0.0005811405598	0.000819312920374	0.00586856696454	0	0	0	0.000152430310767	0	0.000428710249033	0	0.00895528075758	0.000152430310767	0	0	0	0	0.0016195720519	0.000590667454223	0	0	0	0.00110511975306	0	2.85806832689e-05	0	0.00016195720519	0.0005811405598	0.0025722614942	9.52689442296e-06	0.00187679820132	0	0.000352495093649	9.52689442296e-06	0	0	1.90537888459e-05	0.000362021988072	0.00411561839072	0	0	0	0.00381075776918	0	0	0	0.000285806832689	0.000714517081722	0	0	0	0	0.000485871615571	0.000200064782882	0	0.00262942286074	0.000171484099613	4.76344721148e-05	0	9.52689442296e-06	0.000400129565764	0	0.000333441304803	1.90537888459e-05	0	0	0
0	0	0	0	0	0	0.00273421869939	0.000390602671341	0.00328677857592	0	0.00139092658575	0.0270277994779	0.00252462702208	0.00641159994665	0.0039441342911	0	0	5.71613665377e-05	0.00450622106206	0.00705942876741	0.00446811348437	9.52689442296e-05	0	0.000104795838653	0	0.000457290932302	0.00429662938475	0	0.000209591677305	0.00376312329707	0.000609721243069	3.81075776918e-05	0.00282948764362	0	0.0132614370368	0	0	0	0	0	0	0	0	0	0	0	0.000209591677305	0	0.000209591677305	0	0	0	0	0	0	0	0	0	0	0	9.52689442296e-05	0	0	0	0	0	0	0	0	0	6.66882609607e-05	0.00395366118553	0.012861307471	0	0	0.000314387515958	0.000409656460187	0	0.000219118571728	0	0	0	0	0.000219118571728
0	0	0	0	0.00212449745632	0	0.0081740754149	1.90537888459e-05	0.00376312329707	0.000962216336719	0.00162909894633	0.00252462702208	0.0220833412724	0.00200064782882	0.0019911209344	0.00201017472324	0	0	0.00214355124517	0.00283901453804	0.0102318846103	0	0	0	0.00242935807785	0	0.00234361602805	0	0.0016195720519	0.000409656460187	0	0	0	0	0.00180058304594	9.52689442296e-06	0	0	0	0.000924108759027	0	0.00025722614942	0	0.000219118571728	0.000457290932302	8.57420498066e-05	0.000104795838653	0.00224834708382	2.85806832689e-05	0.00155288379094	0	0	0	0.000952689442296	0.00041918335461	0.00252462702208	0	0	0	0.000476344721148	0	4.76344721148e-05	0	0	0.00176247546825	0	1.90537888459e-05	0	0	0.00124802316941	0.000342968199226	9.52689442296e-06	0.00741192386106	0.000628775031915	5.71613665377e-05	0	0.000123849627498	0.000104795838653	0	0.00051445229884	4.76344721148e-05	0	0	0
9.52689442296e-06	5.71613665377e-05	0	0	2.85806832689e-05	0	0.00441095211783	0.000285806832689	0.00415372596841	0	0.000571613665377	0.00641159994665	0.00200064782882	0.020520930587	0.00200064782882	0.00025722614942	0	0	0.00261036907189	0.00093363565345	0.00112417354191	0	0	0	9.52689442296e-06	0.00626869653031	0.00245793876112	0.00304860621535	0.000247699254997	0.00237219671132	0	0.000333441304803	0.00276279938266	0	0.00426804870148	0	0	0	0	3.81075776918e-05	0	4.76344721148e-05	0	0	0	9.52689442296e-06	0.00107653906979	5.71613665377e-05	0.00467770516167	0	0	0	0	0	0	5.71613665377e-05	0	0	0	0	0.00181963683478	0.00108606596422	0	9.52689442296e-06	4.76344721148e-05	0	0.000914581864604	0	0	6.66882609607e-05	5.71613665377e-05	0.00287712211573	0.00603052416973	0.000771678448259	0	0.000685936398453	0.00107653906979	9.52689442296e-06	0.00241030428901	0.000314387515958	4.76344721148e-05	0	0	0.000743097764991
0.0160718708915	0	0	0	0	0	0.00275327248823	0.0115275422518	0.0114322733075	0	0.0020768629842	0.0039441342911	0.0019911209344	0.00200064782882	0.0328487319704	9.52689442296e-06	0	0.000200064782882	0.0010384314921	0.000647828820761	0.00342968199226	0.00041918335461	0	0.00362974677515	0	0	0.000285806832689	0	0.00343920888669	0.00634491168569	0.00470628584494	0	0.00145761484671	9.52689442296e-05	0.00463959758398	0	0	0	0	0	0	0	0	0	0	0	0	0	0	0	0	0	0	0	0	0	0	0	0	0	0	0	0	0	0	0	0	0	0	0	0.000142903416344	9.52689442296e-06	0.00503020025532	0.000800259131528	0	7.62151553836e-05	1.90537888459e-05	0	0	0	0	0	0	0
9.52689442296e-06	0	0	0	0	0.00192443267344	0.00286759522131	0.000390602671341	0.00138139969133	0.00391555360783	0.000428710249033	0	0.00201017472324	0.00025722614942	9.52689442296e-06	0.0107082293314	0	0	0	0	8.57420498066e-05	0.000123849627498	0	0	0.00270563801612	0	0	0	0.00362021988072	0	0	0	0	9.52689442296e-06	3.81075776918e-05	9.52689442296e-06	0	0	0	0.000495398509994	9.52689442296e-06	3.81075776918e-05	0	0	0.000552559876531	0	0	3.81075776918e-05	0	0	9.52689442296e-06	0	0	0	0	0.000495398509994	0	0	0	0.000476344721148	0	9.52689442296e-06	0	9.52689442296e-06	3.81075776918e-05	0	0	0	0	3.81075776918e-05	0.00132423832479	0	0.00143856105787	0.000362021988072	0.00539222224339	9.52689442296e-06	2.85806832689e-05	2.85806832689e-05	0	0.000133376521921	4.76344721148e-05	9.52689442296e-06	0	0
0	0.000714517081722	0	0	0	0	0	0	0	0	0	0	0	0	0	0	0.0132709639312	0	0	0	0	0.00178152925709	0.0107749175924	0.00377265019149	0.00335346683688	0.000114322733075	0.000104795838653	0.00221023950613	0.00254368081093	0	0	0	0	0	0	0	0.000171484099613	0	0	0	0	0	0	0	0	0	0	0	0	0	0	0.00541127603224	0	0	0	0	0.00140045348017	0.00717375150049	0.00323914410381	0.00102890459768	0	0	0.000876474286912	0.00109559285864	0	0	0	0	0	0	0.000142903416344	0.000247699254997	0	0	0	0	0	5.71613665377e-05	0	0	0	0	0	0
0.000200064782882	0.00167673341844	0.00995560467199	0	0	0	0	0.000181010994036	0	9.52689442296e-06	0	5.71613665377e-05	0	0	0.000200064782882	0	0	0.0405178819808	0	0.00856467808624	0	9.52689442296e-06	0	0.00756435417183	4.76344721148e-05	0	0.0198826286607	0.0040679839186	0.000133376521921	1.90537888459e-05	0.000333441304803	0	0	0	0.00376312329707	0	0.00604957795858	0	0	0	0	0	0	1.90537888459e-05	4.76344721148e-05	0	0	0	0	0	0	2.85806832689e-05	0.00382981155803	0	0.0015338300021	0	9.52689442296e-06	0	1.90537888459e-05	3.81075776918e-05	0	0.00811691404836	0.000323914410381	1.90537888459e-05	0	0	0	0	0	0.00122896938056	0.00288664901016	0.00173389478498	0.00511594230513	2.85806832689e-05	0	0	0	0.000762151553836	0.000438237143456	0.00175294857382	0.00140045348017	7.62151553836e-05	0	0
0	0	0	0	0	0	0.00259131528304	0.00025722614942	0.00221023950613	0	0.0005811405598	0.00450622106206	0.00214355124517	0.00261036907189	0.0010384314921	0	0	0	0.00941257168988	0.00377265019149	0.00251510012766	0	0	0	0	0	0.00365832745842	0	0.000219118571728	0.000695463292876	9.52689442296e-06	0	0.000962216336719	0	0.00237219671132	0	0	0	0	0	0	0	0	0	0	0	0	0	0	0	0	0	0	0	0	0	0	0	0	0	0	0	0	0	0	0	0	0	0	0	0.000123849627498	9.52689442296e-05	0.00557323323743	3.81075776918e-05	0	0.000152430310767	0	0	0	0	0	0	0	0
0.000238172360574	9.52689442296e-06	2.85806832689e-05	0	0	0	0.00201017472324	0.000504925404417	0.00134329211364	9.52689442296e-06	0.000819312920374	0.00705942876741	0.00283901453804	0.00093363565345	0.000647828820761	0	0	0.00856467808624	0.00377265019149	0.0260941638245	0.00438237143456	0.000114322733075	0	0.000457290932302	9.52689442296e-06	0	0.0148905359831	0.000133376521921	0.000209591677305	0.000142903416344	0.0011622811196	0	3.81075776918e-05	0	0.0107368100147	0	0.000609721243069	0	0	0	0	0	0	9.52689442296e-06	1.90537888459e-05	0	0	0	0	0	0	3.81075776918e-05	0.000552559876531	0	0.000323914410381	0	9.52689442296e-06	0	0	4.76344721148e-05	0	0.00120038869729	4.76344721148e-05	1.90537888459e-05	0	0	0	0	0	0.000362021988072	0.00229598155593	0.000695463292876	0.0144904064173	7.62151553836e-05	0	0	0	0.000266753043843	8.57420498066e-05	0.000590667454223	0.000466817826725	8.57420498066e-05	0	0
0.000266753043843	0	0	0	0.00710706323953	2.85806832689e-05	0.00450622106206	0.000457290932302	0.00304860621535	0.00242935807785	0.00586856696454	0.00446811348437	0.0102318846103	0.00112417354191	0.00342968199226	8.57420498066e-05	0	0	0.00251510012766	0.00438237143456	0.0238172360574	0	0	0	0.00313434826515	0	0.00331535925919	0	0.00465865137283	0.000819312920374	0	0	0	0	0.00388697292457	0	0	0	0	0.000533506087686	0	6.66882609607e-05	0	1.90537888459e-05	0.000133376521921	0.000886001181335	0	0.000733570870568	0	9.52689442296e-06	9.52689442296e-06	0	0	0	0	0.00345826267553	0	0	0	0.00243888497228	0	0	0	6.66882609607e-05	4.76344721148e-05	0	0	0	0	3.81075776918e-05	5.71613665377e-05	0	0.00889811939104	0.000171484099613	0	9.52689442296e-06	9.52689442296e-06	0.000266753043843	0	4.76344721148e-05	1.90537888459e-05	9.52689442296e-06	0	0
0.00041918335461	6.66882609607e-05	1.90537888459e-05	0	0	0	0	0.00473486652821	0	0	0	9.52689442296e-05	0	0	0.00041918335461	0.000123849627498	0.00178152925709	9.52689442296e-06	0	0.000114322733075	0	0.0340491206676	0.0018672713069	0.0174437436884	0.000590667454223	1.90537888459e-05	8.57420498066e-05	8.57420498066e-05	0.0114322733075	0	0.0122515862279	0	0	1.90537888459e-05	0.00209591677305	0	9.52689442296e-06	0	0	0	0	0	0	0	9.52689442296e-06	0	0	0	0	0	0	0.00219118571728	0	0	0	0	0.00121944248614	0.00248651944439	0.00157193757979	0.000647828820761	0	0	9.52689442296e-06	0.000304860621535	0	0	0	0	0	0	0.0051445229884	0.0005811405598	0.00210544366747	0.000666882609607	0	0	9.52689442296e-06	0.000133376521921	0	0	1.90537888459e-05	1.90537888459e-05	0	0
0	0.00644018062992	0.00218165882286	0	0	0	0	0	0	0.00227692776709	0	0	0	0	0	0	0.0107749175924	0	0	0	0	0.0018672713069	0.0346969494884	0.00848846293085	0.0112417354191	0.000400129565764	0.000819312920374	0.0121563172837	0.00184821751805	0	0	0	0	0	0	0	0.00416325286283	0	0	0	0	0	0	0	0.00122896938056	0	0	0	0	0	0	0.0131280605148	0	0	0	0	0.00115275422518	0.0188251433798	0.00549701808205	0.00201970161767	0	0	0.00619248137492	0.000362021988072	0	0	0	0	0	0	0	0	0	0	0	0	0	0	0	0	0	0	0	0
0.00366785435284	9.52689442296e-06	0.018425013814	0	0	0	0	0.0101556694549	0	0	0	0.000104795838653	0	0	0.00362974677515	0	0.00377265019149	0.00756435417183	0	0.000457290932302	0	0.0174437436884	0.00848846293085	0.0788826858221	2.85806832689e-05	0	0.00120991559172	0.00839319398662	0.00553512565974	3.81075776918e-05	0.0124135434331	0	0	0	0.00283901453804	0	9.52689442296e-06	0	0	0	0	0	0	0	4.76344721148e-05	0	0	0	0	0	0	0.0180439380371	9.52689442296e-06	9.52689442296e-06	0	0	0.000276279938266	0.0203685002763	0.0105557990206	9.52689442296e-06	0	9.52689442296e-06	0.00138139969133	0	0	0	0	0	0	9.52689442296e-06	0.00707848255626	0.00145761484671	0.0040679839186	0.000790732237105	0	9.52689442296e-06	0	2.85806832689e-05	0	0.00016195720519	0.000123849627498	1.90537888459e-05	0	0
9.52689442296e-06	0.00389649981899	0	0	0.0104033687099	0.000628775031915	0.000285806832689	0.00334393994246	0.000114322733075	0.0177676580988	0.000152430310767	0	0.00242935807785	9.52689442296e-06	0	0.00270563801612	0.00335346683688	4.76344721148e-05	0	9.52689442296e-06	0.00313434826515	0.000590667454223	0.0112417354191	2.85806832689e-05	0.0624487929425	0.000304860621535	0.000685936398453	0.00313434826515	0.0300859325877	0	0	0	0	0.000104795838653	9.52689442296e-05	0.0032772516815	0.000152430310767	0	0	0.00880285044681	0	2.85806832689e-05	3.81075776918e-05	1.90537888459e-05	0.0224644170493	0.000886001181335	0	0.000752624659414	9.52689442296e-06	0.000533506087686	0	0.00536364156012	0	0	0.000219118571728	0.00899338833527	0.0023245622392	0.00765962311606	0.000619248137492	0.0191966922623	2.85806832689e-05	0.000571613665377	0.000190537888459	0.0102795190824	0.0043156831736	0	0	0	0.00176247546825	0.00424899491264	0.00191490577901	0.00041918335461	0.000400129565764	0.000114322733075	0.00251510012766	0	0	0.00122896938056	0	0.00321056342054	0.00067640950403	9.52689442296e-06	0	0
0	0.000886001181335	0	0	0	0	0	0	0	0	0	0.000457290932302	0	0.00626869653031	0	0	0.000114322733075	0	0	0	0	1.90537888459e-05	0.000400129565764	0	0.000304860621535	0.0118514566622	0.0030295524265	0.00633538479127	0	0	0	0	0	0	0	0	9.52689442296e-06	0	0	0	0	0	0	0	0	0	0.00148619552998	0	0.0047729741059	0	0	0	0	2.85806832689e-05	0	0	0	0	0	0	0.003153402054	0.00134329211364	7.62151553836e-05	0	0	0	0.000543032982108	0	0	0	0	0.00105748528095	6.66882609607e-05	0	0	0	0.000628775031915	0	0.00245793876112	0	0	0	0	0.00104795838653
0.000209591677305	0.00893622696873	0.00846940914201	0	0	0	0.00134329211364	0.00025722614942	0.000619248137492	9.52689442296e-06	0.000428710249033	0.00429662938475	0.00234361602805	0.00245793876112	0.000285806832689	0	0.000104795838653	0.0198826286607	0.00365832745842	0.0148905359831	0.00331535925919	8.57420498066e-05	0.000819312920374	0.00120991559172	0.000685936398453	0.0030295524265	0.0817883886211	0.0283901453804	0.000381075776918	2.85806832689e-05	0.000485871615571	0.000409656460187	0	0	0.0039441342911	0	0.0149095897719	0	0	0	0	0	0	1.90537888459e-05	6.66882609607e-05	0	9.52689442296e-06	0	0.00405845702418	0	0	4.76344721148e-05	0.00216260503401	0.000428710249033	0.0010384314921	0	9.52689442296e-06	0	9.52689442296e-06	5.71613665377e-05	0.00556370634301	0.01279461921	0.0075929348551	2.85806832689e-05	9.52689442296e-06	0	0.00136234590248	0	9.52689442296e-06	0.000724043976145	0.0070975363451	0.00969837852257	0.0104795838653	0.000238172360574	0	0	1.90537888459e-05	0.000457290932302	0.000400129565764	0.00123849627498	0.000762151553836	9.52689442296e-05	0	0
0	0.0233408913362	0.0223500943163	0	0	0	0	1.90537888459e-05	0	0	0	0	0	0.00304860621535	0	0	0.00221023950613	0.0040679839186	0	0.000133376521921	0	8.57420498066e-05	0.0121563172837	0.00839319398662	0.00313434826515	0.00633538479127	0.0283901453804	0.0965931825544	4.76344721148e-05	0	0.000104795838653	0	0	0	9.52689442296e-06	0	0.0324295486157	7.62151553836e-05	0	0	0	0	0	0	9.52689442296e-06	0	0	0	0.00414419907399	0	0	0.00623058895261	0.00319150963169	0.000352495093649	0.000123849627498	0	9.52689442296e-06	0.0220452336947	0.00377265019149	0.000133376521921	0.00578282491473	0.00608768553627	0.0410037535964	0	0	0	0.00108606596422	0	0	0.00102890459768	0.00122896938056	0.000266753043843	0.000219118571728	6.66882609607e-05	0	0	2.85806832689e-05	3.81075776918e-05	9.52689442296e-05	0.000752624659414	0.000295333727112	0	0	0
0.00594478211992	0	4.76344721148e-05	0	0.0122801669112	0.000647828820761	0.00671646056818	0.0382981155803	0.00524931882705	0.0103747880266	0.00895528075758	0.000209591677305	0.0016195720519	0.000247699254997	0.00343920888669	0.00362021988072	0.00254368081093	0.000133376521921	0.000219118571728	0.000209591677305	0.00465865137283	0.0114322733075	0.00184821751805	0.00553512565974	0.0300859325877	0	0.000381075776918	4.76344721148e-05	0.115380218356	0.0108320789589	0.0120610483395	0	0	0.00649734199646	0.00539222224339	0.00296286416554	0	0	0	0.0125945544271	0	3.81075776918e-05	3.81075776918e-05	2.85806832689e-05	0.0195587142503	0.00302002553208	0	0.00177200236267	0	0.000409656460187	0	0.00504925404417	0	9.52689442296e-06	0.000247699254997	0.0138711582798	0.0025722614942	0.00721185907818	0.000847893603643	0.0238743974239	0	0.000504925404417	9.52689442296e-06	0.0120610483395	0.00335346683688	0	0	0	0.00113370043633	0.00297239105996	0.0140521692739	0.000990797019987	0.00853609740297	0.00305813310977	0.00243888497228	6.66882609607e-05	4.76344721148e-05	0.00267705733285	0	0.00305813310977	0.00117180801402	1.90537888459e-05	0	0
0.00629727721357	0	0	0	0	0.000333441304803	0.00175294857382	0.00235314292247	0.00284854143246	0	0.000152430310767	0.00376312329707	0.000409656460187	0.00237219671132	0.00634491168569	0	0	1.90537888459e-05	0.000695463292876	0.000142903416344	0.000819312920374	0	0	3.81075776918e-05	0	0	2.85806832689e-05	0	0.0108320789589	0.0268848960616	0.00397271497437	0	0.00275327248823	0.00571613665377	0.0101270887716	0	0	0	0	0	0	0	0	0	0	0	0	0	0	0	0	0	0	0	0	0	0	0	0	0	0	0	0	0	0	0	0	0	0	0	0	9.52689442296e-06	0.00413467217956	3.81075776918e-05	0	4.76344721148e-05	9.52689442296e-06	0	0	0	0	0	0	0
0.00520168435493	0	0.000104795838653	0	0	0	0	0.0201017472324	0.000276279938266	0	0	0.000609721243069	0	0	0.00470628584494	0	0	0.000333441304803	9.52689442296e-06	0.0011622811196	0	0.0122515862279	0	0.0124135434331	0	0	0.000485871615571	0.000104795838653	0.0120610483395	0.00397271497437	0.0425185298097	0	0	0.000285806832689	0.00715469771164	0	0	0	0	0	0	0	0	0	0	0	0	0	0	0	0	0	0	0	0	0	0	0	0	0	0	0	0	0	0	0	0	0	0	0	0	9.52689442296e-06	0.00845988224758	0.000476344721148	0	0	9.52689442296e-06	0	0	0	0	0	0	0
0	0	0	0	0	0	0	0	0	0	0	3.81075776918e-05	0	0.000333441304803	0	0	0	0	0	0	0	0	0	0	0	0	0.000409656460187	0	0	0	0	0.000428710249033	0	0	0	0	0	0	0	0	0	0	0	0	0	0	0	0	0.000276279938266	0	0	0	0	0	0	0	0	0	0	0	0	3.81075776918e-05	9.52689442296e-06	0	0	0	6.66882609607e-05	0	0	0	0	0.000276279938266	0	0	0	0	0	0	2.85806832689e-05	0	0	0	0	0
0	0	0	0	0	0.000628775031915	0.00120991559172	0	0.00101937770326	0	0	0.00282948764362	0	0.00276279938266	0.00145761484671	0	0	0	0.000962216336719	3.81075776918e-05	0	0	0	0	0	0	0	0	0	0.00275327248823	0	0	0.00436331764571	0	0.00390602671341	0	0	0	0	0	0	0	0	0	0	0	0	0	0	0	0	0	0	0	0	0	0	0	0	0	0	0	0	0	0	0	0	0	0	0	7.62151553836e-05	9.52689442296e-06	0.00239125050016	9.52689442296e-05	0	0.00051445229884	0	0	0	9.52689442296e-06	0	0	0	0
7.62151553836e-05	0	0	0	0	0	0.000704990187299	0.000924108759027	0.000809786025951	0	0	0	0	0	9.52689442296e-05	9.52689442296e-06	0	0	0	0	0	1.90537888459e-05	0	0	0.000104795838653	0	0	0	0.00649734199646	0.00571613665377	0.000285806832689	0	0	0.00765009622163	0.00498256578321	0	0	0	0	0	0	0	0	0	7.62151553836e-05	0	0	0	0	0	0	0	0	0	0	0	0	0	0	0	0	0	0	0	0	0	0	0	0	9.52689442296e-06	2.85806832689e-05	9.52689442296e-06	0.00140045348017	0.000238172360574	0	0	9.52689442296e-06	1.90537888459e-05	0	3.81075776918e-05	2.85806832689e-05	0	0	0
0.000333441304803	0	9.52689442296e-06	0	0	0.000666882609607	0.0038583922413	0.0017434216794	0.00460149000629	2.85806832689e-05	0.0016195720519	0.0132614370368	0.00180058304594	0.00426804870148	0.00463959758398	3.81075776918e-05	0	0.00376312329707	0.00237219671132	0.0107368100147	0.00388697292457	0.00209591677305	0	0.00283901453804	9.52689442296e-05	0	0.0039441342911	9.52689442296e-06	0.00539222224339	0.0101270887716	0.00715469771164	0	0.00390602671341	0.00498256578321	0.0379075129089	0	0	0	0	0	0	0	0	0	0.000181010994036	0	0	0	0	0	0	0	0	0	0	0	0	0	0	0	0	9.52689442296e-06	0	0	0	0	0	0	0	1.90537888459e-05	0.000114322733075	1.90537888459e-05	0.0227692776709	0.000552559876531	1.90537888459e-05	0.000619248137492	1.90537888459e-05	2.85806832689e-05	0	0.000133376521921	5.71613665377e-05	0	0	0
0	0	0	0	0.00120991559172	0	9.52689442296e-06	0	9.52689442296e-06	0.000847893603643	0.000590667454223	0	9.52689442296e-06	0	0	9.52689442296e-06	0	0	0	0	0	0	0	0	0.0032772516815	0	0	0	0.00296286416554	0	0	0	0	0	0	0.0388887830345	0	0	0	0.00130518453594	0.00016195720519	0.0020768629842	0.005811405598	0.00281996074919	0.00498256578321	0.00527789951032	0.000209591677305	0.00299144484881	0	0.0190918964236	9.52689442296e-06	0.000790732237105	0.000104795838653	0.000200064782882	0.00163862584075	0.00472533963379	0.00104795838653	0.000362021988072	0.00460149000629	0.0121372634948	0	0	0	0.0134805556085	0.0212068669855	0.00601147038089	0	0	0.00157193757979	0.00343920888669	0.000133376521921	0	5.71613665377e-05	5.71613665377e-05	0	0	0	9.52689442296e-06	0	0.0014099803746	1.90537888459e-05	0	0	0
0	0.0176438084713	0.00363927366957	0	0	0	0	0	0	0	0	0	0	0	0	0	0.000171484099613	0.00604957795858	0	0.000609721243069	0	9.52689442296e-06	0.00416325286283	9.52689442296e-06	0.000152430310767	9.52689442296e-06	0.0149095897719	0.0324295486157	0	0	0	0	0	0	0	0	0.0578854105139	7.62151553836e-05	0	0	0	0	0	0	0.000381075776918	0	0.000200064782882	0	0.00292475658785	0	0	0.0005811405598	0.00381075776918	0.000123849627498	0.000228645466151	0	0	0.0135948783416	0	0.00595430901435	0.0107939713812	0.0112607892079	0.0428138635368	0	0	0	0	0	0	5.71613665377e-05	0.000114322733075	2.85806832689e-05	2.85806832689e-05	0	0	0	0	6.66882609607e-05	7.62151553836e-05	0.000142903416344	8.57420498066e-05	0	0	6.66882609607e-05
0	7.62151553836e-05	0	0	0	0	0	0	0	0	0	0	0	0	0	0	0	0	0	0	0	0	0	0	0	0	0	7.62151553836e-05	0	0	0	0	0	0	0	0	7.62151553836e-05	0.024417430406	0	0	0	0	0	0	0	0	0	0	0	0	0	0	0.00499209267763	0	0	0	0.000323914410381	0	0.00860278566393	0	0	0.0068879446678	0.00621153516377	0	0	0	0	0	0	0	0	0	0	0	0	0	0	0	0	0	0	0	0	0
0	0	0	0	0	0	0	0	0	0	0	0	0	0	0	0	0	0	0	0	0	0	0	0	0	0	0	0	0	0	0	0	0	0	0	0	0	0	0	0	0	0	0	0	0	0	0	0	0	0	0	0	0	0	0	0	0	0	0	0	0	0	0	0	0	0	0	0	0	0	0	0	0	0	0	0	0	0	0	0	0	0	0	0
0	0	0	0	0.00702132118972	7.62151553836e-05	0.000704990187299	0.00383933845245	0.000590667454223	0.00437284454014	0.00110511975306	0	0.000924108759027	3.81075776918e-05	0	0.000495398509994	0	0	0	0	0.000533506087686	0	0	0	0.00880285044681	0	0	0	0.0125945544271	0	0	0	0	0	0	0.00130518453594	0	0	0	0.0335346683688	0.000323914410381	0.00309624068746	0.000571613665377	0.00222929329497	0.0134615018196	0.00700226740087	0.000142903416344	0.00286759522131	4.76344721148e-05	0.00134329211364	0.000495398509994	0	0	0.000447764037879	0.000562086770954	0.0198540479774	0	0	0	0.0214355124517	0	0.000133376521921	9.52689442296e-06	0.0156431606425	0.00251510012766	0	3.81075776918e-05	9.52689442296e-05	0	0.00202922851209	0.000123849627498	0	3.81075776918e-05	6.66882609607e-05	0.000495398509994	9.52689442296e-06	0	0.000971743231142	9.52689442296e-06	0.00168626031286	0.000276279938266	0.000485871615571	7.62151553836e-05	0
0	0	0	0	7.62151553836e-05	0	1.90537888459e-05	0	9.52689442296e-06	0.000114322733075	0	0	0	0	0	9.52689442296e-06	0	0	0	0	0	0	0	0	0	0	0	0	0	0	0	0	0	0	0	0.00016195720519	0	0	0	0.000323914410381	0.0086313663472	0.00314387515958	0	0.00176247546825	0.000533506087686	0.000171484099613	0	0.000342968199226	0	0.000543032982108	0.00324867099823	0	0	0	0	0.000181010994036	0	0	0	0.0012861307471	0	0	0	0.00107653906979	0.000152430310767	0	0	0.00189585199017	0	0.000200064782882	6.66882609607e-05	0	9.52689442296e-06	0	4.76344721148e-05	0	0	0.00164815273517	0	0.000209591677305	4.76344721148e-05	0.00427757559591	0.00181963683478	0
0	0	0	0	0.000495398509994	0	8.57420498066e-05	0	3.81075776918e-05	0.000123849627498	2.85806832689e-05	0	0.00025722614942	4.76344721148e-05	0	3.81075776918e-05	0	0	0	0	6.66882609607e-05	0	0	0	2.85806832689e-05	0	0	0	3.81075776918e-05	0	0	0	0	0	0	0.0020768629842	0	0	0	0.00309624068746	0.00314387515958	0.0224644170493	0.00277232627708	0.00641159994665	0.000695463292876	0.00713564392279	0.000104795838653	0.00307718689861	0.000104795838653	0.00210544366747	0.003153402054	9.52689442296e-06	0	6.66882609607e-05	0	0.00300097174323	0	0	0	0.00587809385896	0	8.57420498066e-05	9.52689442296e-06	0.00724996665587	0.002658003544	0	2.85806832689e-05	0	0	0.00110511975306	7.62151553836e-05	0	5.71613665377e-05	9.52689442296e-05	4.76344721148e-05	1.90537888459e-05	0	0.00016195720519	9.52689442296e-06	0.000523979193263	0.000228645466151	0.00210544366747	0	0
0	0	0	0	0	0	0	0	0	0	0	0	0	0	0	0	0	0	0	0	0	0	0	0	3.81075776918e-05	0	0	0	3.81075776918e-05	0	0	0	0	0	0	0.005811405598	0	0	0	0.000571613665377	0	0.00277232627708	0.0622868357373	0.00637349236896	3.81075776918e-05	0.00988891641103	0	9.52689442296e-06	0	0.0161195053636	0	0.000200064782882	0	9.52689442296e-06	0.000142903416344	9.52689442296e-06	0.0121658441781	0	0.00122896938056	0.0109654554808	0	6.66882609607e-05	0	0.0323056989882	0.00166720652402	0.0145666215727	0	0	9.52689442296e-06	0.000381075776918	0	0	0	0	0	0	0	0.000142903416344	0	0.000657355715184	0.000181010994036	0	0.000171484099613	0
0	0	0	0	0.000371548882495	0	0	0	0	0	0.00016195720519	0	0.000219118571728	0	0	0	0	1.90537888459e-05	0	9.52689442296e-06	1.90537888459e-05	0	0	0	1.90537888459e-05	0	1.90537888459e-05	0	2.85806832689e-05	0	0	0	0	0	0	0.00281996074919	0	0	0	0.00222929329497	0.00176247546825	0.00641159994665	0.00637349236896	0.0357068002972	4.76344721148e-05	0.00929824895681	0.000295333727112	0.00185774441248	0.000276279938266	0.020520930587	5.71613665377e-05	0.00016195720519	0.0016195720519	0.000104795838653	8.57420498066e-05	0.00372501571938	0.00108606596422	0	0.00426804870148	0.00417277975725	0	6.66882609607e-05	0	0.00644018062992	0.00132423832479	0.000552559876531	9.52689442296e-06	0.00144808795229	0	0.0019911209344	0.000190537888459	0	0	0	0	0	0	0.00165767962959	2.85806832689e-05	0.00165767962959	0.000638301926338	0.000657355715184	0.000523979193263	0
0	0	0	0	0.00353447783092	7.62151553836e-05	0.00041918335461	0.00201970161767	0.000323914410381	0.0105653259151	0.0005811405598	0	0.000457290932302	0	0	0.000552559876531	0	4.76344721148e-05	0	1.90537888459e-05	0.000133376521921	9.52689442296e-06	0.00122896938056	4.76344721148e-05	0.0224644170493	0	6.66882609607e-05	9.52689442296e-06	0.0195587142503	0	0	0	0	7.62151553836e-05	0.000181010994036	0.00498256578321	0.000381075776918	0	0	0.0134615018196	0.000533506087686	0.000695463292876	3.81075776918e-05	4.76344721148e-05	0.0449097803098	0.000209591677305	9.52689442296e-06	0.0012861307471	2.85806832689e-05	0.000600194348646	0.00202922851209	0.0030295524265	0	3.81075776918e-05	0.000466817826725	0.00983175504449	0.000247699254997	0.00694510603433	9.52689442296e-06	0.0287235866852	0.000190537888459	0.00083836670922	0.000400129565764	0.0108701865366	0.00635443858011	0	0	0.000533506087686	0.00250557323324	0.00622106205819	0.00217213192843	0.000104795838653	0.000428710249033	0.000209591677305	0.000485871615571	0	0	0.00202922851209	0.000133376521921	0.00550654497647	0.00166720652402	0.00160051826306	0.000142903416344	0
0	0	0	0	0.00562086770954	0	6.66882609607e-05	0.00215307813959	6.66882609607e-05	0.00171484099613	0.0025722614942	0	8.57420498066e-05	9.52689442296e-06	0	0	0	0	0	0	0.000886001181335	0	0	0	0.000886001181335	0	0	0	0.00302002553208	0	0	0	0	0	0	0.00527789951032	0	0	0	0.00700226740087	0.000171484099613	0.00713564392279	0.00988891641103	0.00929824895681	0.000209591677305	0.0475773107482	0.000190537888459	0.0104224224987	2.85806832689e-05	0.0108606596422	0.000142903416344	2.85806832689e-05	0	0.000485871615571	0.00252462702208	0.0168721300231	7.62151553836e-05	0	0	0.00909818417392	0	3.81075776918e-05	0	0.0094220985843	0.00541127603224	0	0	0	0	0.00387744603014	8.57420498066e-05	0	0	1.90537888459e-05	0	0	0	0.00201970161767	0	0.00261989596631	0.000181010994036	0.000114322733075	0	0
0	0	0	0	9.52689442296e-06	0	0	0	0	0	9.52689442296e-06	0.000209591677305	0.000104795838653	0.00107653906979	0	0	0	0	0	0	0	0	0	0	0	0.00148619552998	9.52689442296e-06	0	0	0	0	0	0	0	0	0.000209591677305	0.000200064782882	0	0	0.000142903416344	0	0.000104795838653	0	0.000295333727112	9.52689442296e-06	0.000190537888459	0.0224929977326	0.000552559876531	0.0107082293314	0.00303907932092	0	0	0	0.00298191795439	0.00200064782882	0.000543032982108	0	9.52689442296e-06	0	1.90537888459e-05	0.00151477621325	0.00171484099613	0	9.52689442296e-06	0.00236266981689	0	0.000142903416344	0.00263894975516	0	0.00830745193682	9.52689442296e-06	0.000619248137492	0	0	0	0	0.000219118571728	9.52689442296e-06	0.00379170398034	0.00216260503401	9.52689442296e-06	0	0	0.00166720652402
0	0	0	0	0.00374406950822	0	0.000114322733075	0.00143856105787	5.71613665377e-05	0.00239125050016	0.00187679820132	0	0.00224834708382	5.71613665377e-05	0	3.81075776918e-05	0	0	0	0	0.000733570870568	0	0	0	0.000752624659414	0	0	0	0.00177200236267	0	0	0	0	0	0	0.00299144484881	0	0	0	0.00286759522131	0.000342968199226	0.00307718689861	9.52689442296e-06	0.00185774441248	0.0012861307471	0.0104224224987	0.000552559876531	0.0284568336414	0.000123849627498	0.00704037497856	0.000990797019987	0	0	0.00381075776918	0.00359163919745	0.0190347350571	0	0	0	0.00445858658994	0	0.000142903416344	9.52689442296e-06	0.000142903416344	0.00880285044681	0	3.81075776918e-05	9.52689442296e-06	0	0.00812644094278	0.000171484099613	0	5.71613665377e-05	0.000114322733075	9.52689442296e-05	1.90537888459e-05	0	0.00248651944439	9.52689442296e-06	0.00479202789475	0.000362021988072	0.000704990187299	0	0
0	2.85806832689e-05	0	0	0	0	0	0	0	0	0	0.000209591677305	2.85806832689e-05	0.00467770516167	0	0	0	0	0	0	0	0	0	0	9.52689442296e-06	0.0047729741059	0.00405845702418	0.00414419907399	0	0	0	0.000276279938266	0	0	0	0	0.00292475658785	0	0	4.76344721148e-05	0	0.000104795838653	0	0.000276279938266	2.85806832689e-05	2.85806832689e-05	0.0107082293314	0.000123849627498	0.0278090048206	0.00307718689861	0	0	0	0.000466817826725	0	7.62151553836e-05	0	0.000962216336719	0	0.000857420498066	0.0104700569708	0.00382981155803	0.00686889087895	1.90537888459e-05	0.00170531410171	0	0.00248651944439	0.00329630547034	0	0.00662119162395	0	0.00166720652402	0	0	0	0	0.000362021988072	0	0.0043156831736	0.00213402435074	9.52689442296e-06	0	0	0.00117180801402
0	0	0	0	0.000771678448259	0	0	0	0	7.62151553836e-05	0.000352495093649	0	0.00155288379094	0	0	0	0	0	0	0	9.52689442296e-06	0	0	0	0.000533506087686	0	0	0	0.000409656460187	0	0	0	0	0	0	0.0190918964236	0	0	0	0.00134329211364	0.000543032982108	0.00210544366747	0.0161195053636	0.020520930587	0.000600194348646	0.0108606596422	0.00303907932092	0.00704037497856	0.00307718689861	0.0599622734981	9.52689442296e-06	0.000609721243069	0.00282948764362	0.003153402054	0.00214355124517	0.00860278566393	0.00187679820132	7.62151553836e-05	0.00912676485719	0.00905054970181	0	0.000133376521921	0	0.0113179505745	0.0128136729989	0.00272469180497	2.85806832689e-05	0.003401101309	0	0.00946973305642	0	0	0	0	0	0	0	0.000428710249033	4.76344721148e-05	0.0033629937313	0.000181010994036	0	9.52689442296e-06	0
0	0	0	0	0.000114322733075	0	1.90537888459e-05	0	9.52689442296e-06	0.000171484099613	9.52689442296e-06	0	0	0	0	9.52689442296e-06	0	0	0	0	9.52689442296e-06	0	0	0	0	0	0	0	0	0	0	0	0	0	0	9.52689442296e-06	0	0	0	0.000495398509994	0.00324867099823	0.003153402054	0	5.71613665377e-05	0.00202922851209	0.000142903416344	0	0.000990797019987	0	9.52689442296e-06	0.00686889087895	0	0	0	0	0.000371548882495	0	0	0	0.00123849627498	0	0	0	0.000438237143456	0	0	0	0.000866947392489	0	0	6.66882609607e-05	0	9.52689442296e-06	0	5.71613665377e-05	0	0	0	0	0	0	0.00445858658994	0.000323914410381	0
0	0	0.00155288379094	0	0	0	0	0	0	0.00189585199017	0	0	0	0	0	0	0.00541127603224	2.85806832689e-05	0	3.81075776918e-05	0	0.00219118571728	0.0131280605148	0.0180439380371	0.00536364156012	0	4.76344721148e-05	0.00623058895261	0.00504925404417	0	0	0	0	0	0	0.000790732237105	0.0005811405598	0	0	0	0	9.52689442296e-06	0.000200064782882	0.00016195720519	0.0030295524265	2.85806832689e-05	0	0	0	0.000609721243069	0	0.0408227426024	0	0	0	0	0.00357258540861	0.0332202808528	0.0135186631862	0.0106510679649	0	9.52689442296e-06	0.00446811348437	0.0038583922413	0.000552559876531	6.66882609607e-05	0	0	0.000238172360574	0.000657355715184	0.000495398509994	0	3.81075776918e-05	0	0	0	0	0.00364880056399	0.000276279938266	0.000647828820761	0.000409656460187	5.71613665377e-05	0	0
0	0.0005811405598	0.000209591677305	0	0	0	0	0	0	0	0	0	0	0	0	0	0	0.00382981155803	0	0.000552559876531	0	0	0	9.52689442296e-06	0	0	0.00216260503401	0.00319150963169	0	0	0	0	0	0	0	0.000104795838653	0.00381075776918	0.00499209267763	0	0	0	0	0	0.0016195720519	0	0	0	0	0	0.00282948764362	0	0	0.0341158089286	0	0.00307718689861	0	0.000762151553836	0	0.00534458777128	0	0	0.00549701808205	0.0120229407618	9.52689442296e-06	0	0.000333441304803	0	0	0	0.00301049863765	0.000114322733075	2.85806832689e-05	2.85806832689e-05	0	0	0	0	0	0	0.000590667454223	0.000133376521921	0	0	0
0	0	0	0	1.90537888459e-05	0	0	0	0	0	1.90537888459e-05	0	0.000952689442296	0	0	0	0	0	0	0	0	0	0	9.52689442296e-06	0	2.85806832689e-05	0.000428710249033	0.000352495093649	9.52689442296e-06	0	0	0	0	0	0	0.000200064782882	0.000123849627498	0	0	0.000447764037879	0	6.66882609607e-05	9.52689442296e-06	0.000104795838653	3.81075776918e-05	0.000485871615571	0.00298191795439	0.00381075776918	0.000466817826725	0.003153402054	0	0	0	0.0146428367281	0.00349637025322	0.0033629937313	0	9.52689442296e-06	0	6.66882609607e-05	0.000333441304803	0.00226740087266	0.000981270125564	4.76344721148e-05	0.00425852180706	0	9.52689442296e-06	0	0	0.00498256578321	2.85806832689e-05	9.52689442296e-06	0	0	0	0	0	0.00422994112379	0.00332488615361	0.00387744603014	0.000371548882495	0	0	0
0	9.52689442296e-06	8.57420498066e-05	0	0.000619248137492	0	0	0	0	3.81075776918e-05	0.000362021988072	0	0.00041918335461	0	0	0	0	0.0015338300021	0	0.000323914410381	0	0	0	0	0.000219118571728	0	0.0010384314921	0.000123849627498	0.000247699254997	0	0	0	0	0	0	0.00163862584075	0.000228645466151	0	0	0.000562086770954	0	0	0.000142903416344	8.57420498066e-05	0.000466817826725	0.00252462702208	0.00200064782882	0.00359163919745	0	0.00214355124517	0	0	0.00307718689861	0.00349637025322	0.0176914429434	0.00393460739668	0	0	0	0.000857420498066	0	0.00539222224339	8.57420498066e-05	0.000819312920374	0.00351542404207	0	0	0	0	0.0117752415068	7.62151553836e-05	0.000104795838653	0	0	0	0	0	0.000181010994036	0	0.00549701808205	6.66882609607e-05	0	0	0
0	0	0	0	0.0134710287141	6.66882609607e-05	0.000295333727112	0.00421088733495	0.000152430310767	0.00840272088105	0.00411561839072	0	0.00252462702208	5.71613665377e-05	0	0.000495398509994	0	0	0	0	0.00345826267553	0	0	0	0.00899338833527	0	0	0	0.0138711582798	0	0	0	0	0	0	0.00472533963379	0	0	0	0.0198540479774	0.000181010994036	0.00300097174323	9.52689442296e-06	0.00372501571938	0.00983175504449	0.0168721300231	0.000543032982108	0.0190347350571	7.62151553836e-05	0.00860278566393	0.000371548882495	0	0	0.0033629937313	0.00393460739668	0.0463578682621	0	0	0	0.0203113389097	0	0.000152430310767	9.52689442296e-06	0.0119562525008	0.00965074405045	0	3.81075776918e-05	0	0	0.00821218299259	0.000152430310767	0	4.76344721148e-05	0.000114322733075	0.000485871615571	1.90537888459e-05	0	0.00329630547034	9.52689442296e-06	0.00503972714974	0.000371548882495	0.000428710249033	0	0
