1632	0	0	0	0	0	0	1177	706	0	13	8	0	0	1025	0	0	0	2	9	1	0	0	1	199	0	0	0	325	448	462	0	0	164	60	0	0	0	0	0	0	0	0	0	0	0	0	0	0	0	0	0	0	0	0	0	0	0	0	0	0	0	0	0	0	0	0	0	0	1	1	0	36	1	0	0	0	0	0	1	1	0	0	0
0	2499	0	0	0	0	0	0	0	0	0	0	0	13	0	0	70	105	0	38	0	0	334	31	146	70	28	2224	0	0	1	0	0	0	10	0	1592	1	0	0	0	0	0	0	0	0	0	0	0	0	0	0	89	0	4	0	0	7	0	0	312	464	1436	0	0	0	0	0	0	6	16	1	2	0	0	0	0	0	0	3	0	0	0	0
0	0	2118	0	0	0	0	0	0	0	0	0	0	0	0	0	0	705	0	0	0	14	0	857	0	0	692	532	0	0	0	0	0	0	0	0	77	0	0	0	0	0	0	0	0	0	0	0	0	0	0	0	57	0	4	0	0	1	1	0	0	18	5	0	0	0	0	0	0	0	0	0	0	0	0	0	0	1	0	0	0	0	0	0
0	0	0	0	0	0	0	0	0	0	0	0	0	0	0	0	0	0	0	0	0	0	0	0	0	0	0	0	0	0	0	0	0	0	0	0	0	0	0	0	0	0	0	0	0	0	0	0	0	0	0	0	0	0	0	0	0	0	0	0	0	0	0	0	0	0	0	0	0	0	0	0	0	0	0	0	0	0	0	0	0	0	0	0
0	0	0	0	1080	0	8	128	23	65	59	46	134	0	12	5	0	0	28	35	348	0	0	0	455	0	9	0	461	26	0	0	6	0	48	0	0	0	0	172	0	11	0	0	117	72	0	29	0	0	0	0	0	0	0	198	0	0	0	325	0	0	0	230	0	0	0	0	0	0	0	0	48	0	1	0	0	0	0	0	0	0	0	0
0	0	0	0	0	349	183	1	33	11	0	0	0	0	0	164	0	0	0	0	0	0	7	10	6	0	0	9	3	5	0	0	70	0	3	0	4	0	0	0	0	0	0	0	4	0	0	1	0	0	1	0	0	0	0	0	0	10	0	3	0	0	0	0	0	0	0	0	0	0	36	0	17	0	205	40	0	0	0	10	10	0	0	0
0	0	0	0	8	183	1549	599	912	5	828	3	98	0	54	164	0	0	3	5	28	0	0	0	4	0	0	0	145	13	0	0	37	0	10	0	0	0	0	1	0	0	0	0	3	1	0	1	0	0	1	0	0	0	0	1	0	0	0	13	0	0	0	10	0	0	0	0	0	0	23	0	36	0	96	22	0	1	0	0	0	0	0	0
1177	0	0	0	128	1	599	7617	2189	144	1730	299	44	0	1730	208	0	1	259	333	183	467	1	444	478	0	21	2	3387	573	1416	0	13	260	656	0	10	0	0	153	0	71	3	0	252	162	0	2	0	0	0	0	6	0	0	92	0	10	1	894	0	0	0	555	0	0	0	0	0	13	199	6	777	271	47	10	0	26	0	25	26	0	0	0
706	0	0	0	23	33	912	2189	3842	0	1113	295	106	0	2265	200	0	0	132	120	294	1	0	1	138	0	51	0	386	740	309	0	86	0	371	0	0	0	0	0	0	0	0	0	0	0	0	0	0	0	0	0	6	0	0	0	0	0	0	5	0	0	0	3	0	0	0	0	0	3	59	0	339	5	14	5	0	12	0	1	1	0	0	0
0	0	0	0	65	11	5	144	0	1520	0	0	67	0	0	281	0	0	0	0	3	0	105	0	1082	0	0	0	724	0	0	0	0	0	8	1	0	0	0	90	0	0	0	0	734	0	1	0	0	1	0	0	4	1	0	11	0	19	2	622	0	1	0	161	25	7	0	0	18	55	45	0	13	6	200	0	0	3	2	126	70	3	3	0
13	0	0	0	59	0	828	1730	1113	0	2889	274	138	0	328	96	0	0	238	287	252	0	0	0	3	0	29	0	599	222	0	0	35	0	339	0	0	0	0	89	0	92	0	0	39	246	0	17	0	0	0	0	0	0	0	207	0	0	0	503	0	0	0	245	0	0	0	0	0	0	0	0	398	0	0	1	0	0	0	0	0	0	0	0
8	0	0	0	46	0	3	299	295	0	274	2106	5	563	363	0	0	0	416	563	131	0	0	0	1	169	456	0	2	463	0	21	10	0	1077	0	0	0	0	0	0	1	0	7	0	0	404	1	389	1	0	0	0	0	0	0	0	0	0	2	76	99	0	1	4	0	182	1	0	9	54	267	911	21	0	48	140	0	239	7	0	0	3	52
0	0	0	0	134	0	98	44	106	67	138	5	956	0	98	90	0	0	2	2	525	1	0	2	129	0	3	0	85	89	0	0	10	0	5	0	0	0	0	1	0	0	0	0	3	8	0	79	0	0	0	0	0	0	0	28	0	0	0	2	0	0	0	0	0	0	0	0	0	0	12	0	6	0	37	1	0	1	0	1	1	0	0	0
0	13	0	0	0	0	0	0	0	0	0	563	0	1809	0	0	0	0	0	0	0	0	2	0	3	959	434	598	0	12	0	154	0	0	48	0	0	0	0	0	0	1	0	12	0	0	484	0	826	2	0	0	0	88	0	0	0	0	0	0	606	699	163	0	7	0	198	2	0	18	1	160	44	2	0	23	162	0	148	16	0	0	5	74
1025	0	0	0	12	0	54	1730	2265	0	328	363	98	0	3104	80	0	0	132	96	228	1	0	1	156	0	42	0	245	927	396	0	44	37	443	0	0	0	0	0	0	0	0	0	0	0	0	0	0	0	0	0	6	0	0	0	0	0	0	0	0	0	0	0	0	0	0	0	0	3	37	0	300	4	0	21	0	5	0	1	1	0	0	0
0	0	0	0	5	164	164	208	200	281	96	0	90	0	80	1003	0	0	0	0	23	0	11	8	285	0	0	8	302	41	0	0	54	0	3	0	4	0	0	1	0	0	0	0	30	0	0	1	0	0	1	0	4	0	0	2	0	15	1	8	0	0	0	0	1	1	0	0	0	7	189	0	21	0	299	12	0	14	0	42	33	5	2	0
0	70	0	0	0	0	0	0	0	0	0	0	0	0	0	0	1764	0	0	0	0	199	1402	357	328	0	0	190	126	0	0	0	0	0	0	0	1	0	0	0	0	0	0	0	0	0	0	0	0	0	0	71	0	0	0	0	36	662	311	2	0	0	0	12	2	2	0	0	1	2	209	13	0	0	0	0	0	265	0	4	6	0	0	0
0	105	705	0	0	0	0	1	0	0	0	0	0	0	0	0	0	2577	0	385	0	229	2	596	0	0	305	769	0	0	112	0	0	0	269	0	682	1	0	0	0	0	0	0	2	0	0	0	0	0	0	0	378	0	36	0	0	0	0	0	64	253	264	0	0	0	0	0	0	17	18	0	30	0	0	0	0	20	0	2	0	0	0	0
2	0	0	0	28	0	3	259	132	0	238	416	2	0	132	0	0	0	609	384	80	0	0	0	0	0	63	2	0	150	0	0	7	0	432	0	0	0	0	0	0	0	0	0	0	0	0	0	0	0	0	0	0	0	0	0	0	0	0	1	0	0	0	1	0	0	0	0	0	0	54	12	542	8	0	0	0	0	0	0	0	0	0	0
9	38	0	0	35	0	5	333	120	0	287	563	2	0	96	0	0	385	384	2003	88	17	0	25	5	0	472	374	3	68	126	0	0	0	1294	0	136	0	0	0	0	0	0	0	0	0	0	0	0	0	0	0	20	0	0	0	0	0	0	1	87	141	147	1	0	0	0	0	0	6	225	8	952	133	0	0	0	0	0	8	7	0	0	0
1	0	0	0	348	0	28	183	294	3	252	131	525	0	228	23	0	0	80	88	1079	0	0	0	116	0	34	0	116	218	0	0	34	0	138	0	0	0	0	13	0	0	0	0	4	5	0	0	0	0	0	0	0	0	0	19	0	0	0	19	0	0	0	4	0	0	0	0	0	0	0	0	138	0	0	0	0	0	0	0	0	0	0	0
0	0	14	0	0	0	0	467	1	0	0	0	1	0	1	0	199	229	0	17	0	2412	208	1357	1	0	0	1	545	1	827	0	0	0	206	0	0	0	0	0	0	0	0	0	0	0	0	0	0	0	0	2	0	0	0	0	8	76	12	6	0	0	0	11	0	0	0	0	0	6	154	0	67	120	1	0	0	64	0	18	22	0	0	0
0	334	0	0	0	7	0	1	0	105	0	0	0	2	0	11	1402	2	0	0	0	208	3316	601	717	28	0	1272	104	0	1	0	0	0	0	6	395	11	0	0	0	0	0	0	79	0	0	0	0	5	0	69	48	1	0	0	40	1366	585	58	0	1	489	56	36	32	0	0	17	28	160	0	1	3	0	0	0	349	4	52	49	4	1	0
1	31	857	0	0	10	0	444	1	0	0	0	2	0	1	8	357	596	0	25	0	1357	601	5779	4	0	19	981	416	0	445	0	0	0	257	0	523	23	0	0	0	0	0	0	0	0	0	0	0	0	0	3	88	0	0	0	13	994	483	3	0	4	369	5	0	0	0	0	0	88	919	50	94	436	41	0	0	178	0	170	178	0	0	0
199	146	0	0	455	6	4	478	138	1082	3	1	129	3	156	285	328	0	0	5	116	1	717	4	3893	23	3	86	1728	368	42	0	0	150	214	0	0	0	0	105	0	1	0	0	635	2	1	0	0	0	4	0	2	0	0	34	2	85	6	715	0	0	0	389	25	7	0	0	18	53	191	0	202	125	135	0	0	48	1	85	49	4	3	0
0	70	0	0	0	0	0	0	0	0	0	169	0	959	0	0	0	0	0	0	0	0	28	0	23	1252	211	610	0	0	0	53	0	0	0	0	0	0	0	0	0	1	0	6	0	0	128	0	652	2	0	0	0	11	0	0	0	0	0	0	683	510	259	0	4	0	150	0	0	10	0	59	16	0	0	0	83	0	38	10	0	0	3	11
0	28	692	0	9	0	0	21	51	0	29	456	3	434	42	0	0	305	63	472	34	0	0	19	3	211	4174	1566	1	84	3	169	11	0	219	0	51	0	0	0	0	1	0	1	0	0	479	1	259	0	0	0	0	185	0	0	0	0	0	2	343	1044	199	1	0	0	185	0	0	5	672	335	361	91	0	7	0	0	160	6	5	0	0	0
0	2224	532	0	0	9	0	2	0	0	0	0	0	598	0	8	190	769	2	374	0	1	1272	981	86	610	1566	8131	2	2	20	9	0	0	178	0	2655	23	0	0	0	0	0	0	0	0	166	0	351	0	0	32	315	232	16	0	1	923	566	0	1200	1923	2781	0	0	0	11	0	0	40	168	47	132	65	0	0	0	18	5	44	70	0	0	0
325	0	0	0	461	3	145	3387	386	724	599	2	85	0	245	302	126	0	0	3	116	545	104	416	1728	0	1	2	6406	499	632	0	2	239	259	0	3	0	0	356	0	79	3	0	1022	227	1	15	0	0	1	0	0	0	0	266	0	105	9	1843	0	0	1	978	7	4	0	0	4	56	246	0	221	192	149	0	0	101	1	104	71	6	8	0
448	0	0	0	26	5	13	573	740	0	222	463	89	12	927	41	0	0	150	68	218	1	0	0	368	0	84	2	499	2656	303	0	187	493	955	0	0	0	0	0	0	0	0	0	0	0	0	0	0	0	0	0	0	0	0	0	0	0	0	1	0	0	0	0	0	0	0	0	0	0	66	0	499	6	5	119	0	1	0	0	0	0	0	0
462	1	0	0	0	0	0	1416	309	0	0	0	0	0	396	0	0	112	0	126	0	827	1	445	42	0	3	20	632	303	2999	0	0	25	685	0	16	0	0	0	0	0	0	0	0	0	0	0	0	0	0	0	0	0	0	0	0	11	1	0	1	4	4	0	0	0	0	0	0	13	229	0	519	164	0	0	0	0	0	32	32	0	0	0
0	0	0	0	0	0	0	0	0	0	0	21	0	154	0	0	0	0	0	0	0	0	0	0	0	53	169	9	0	0	0	176	0	0	0	0	0	0	0	0	0	0	0	0	0	0	75	0	37	0	0	0	0	0	0	0	0	0	0	0	36	151	12	0	0	0	23	0	0	0	0	0	0	0	0	0	0	0	7	0	0	0	0	0
0	0	0	0	6	70	37	13	86	0	35	10	10	0	44	54	0	0	7	0	34	0	0	0	0	0	11	0	2	187	0	0	311	0	86	0	0	0	0	0	0	0	0	0	0	0	0	0	0	0	0	0	0	0	0	0	0	0	0	1	0	0	0	0	0	0	0	0	0	0	46	0	63	0	56	99	0	1	0	0	0	0	0	0
164	0	0	0	0	0	0	260	0	0	0	0	0	0	37	0	0	0	0	0	0	0	0	0	150	0	0	0	239	493	25	0	0	561	170	0	0	0	0	0	0	0	0	0	0	0	0	0	0	0	0	0	0	0	0	0	0	0	0	0	0	0	0	0	0	0	0	0	0	0	0	0	6	0	0	0	0	0	0	0	0	0	0	0
60	10	0	0	48	3	10	656	371	8	339	1077	5	48	443	3	0	269	432	1294	138	206	0	257	214	0	219	178	259	955	685	0	86	170	3412	0	43	0	0	0	0	1	0	1	6	0	1	1	0	0	0	0	15	0	0	0	0	0	0	9	28	44	48	6	0	0	0	0	0	10	269	6	1739	240	5	103	0	2	0	17	11	0	0	0
0	0	0	0	0	0	0	0	0	1	0	0	0	0	0	0	0	0	0	0	0	0	6	0	0	0	0	0	0	0	0	0	0	0	0	1758	0	80	0	0	0	156	297	547	3	73	0	60	0	1148	1	0	208	0	0	0	35	6	503	230	0	0	0	251	264	592	0	0	41	28	6	0	0	0	0	0	0	0	0	0	0	0	0	0
0	1592	77	0	0	4	0	10	0	0	0	0	0	0	0	4	1	682	0	136	0	0	395	523	0	0	51	2655	3	0	16	0	0	0	43	0	4865	26	0	0	0	0	0	0	214	0	9	0	118	0	0	13	809	0	62	0	1	827	158	213	736	1008	3537	1	0	0	0	0	0	114	79	5	29	33	0	0	0	64	1	89	50	0	0	0
0	1	0	0	0	0	0	0	0	0	0	0	0	0	0	0	0	1	0	0	0	0	11	23	0	0	0	23	0	0	0	0	0	0	0	80	26	2050	0	0	0	12	20	39	0	2	0	0	0	100	0	4	681	0	0	0	2	24	938	20	0	690	450	26	24	4	0	0	0	3	1	0	0	0	0	0	0	0	0	0	0	0	0	0
0	0	0	0	0	0	0	0	0	0	0	0	0	0	0	0	0	0	0	0	0	0	0	0	0	0	0	0	0	0	0	0	0	0	0	0	0	0	0	0	0	0	0	0	0	0	0	0	0	0	0	0	0	0	0	0	0	0	0	0	0	0	0	0	0	0	0	0	0	0	0	0	0	0	0	0	0	0	0	0	0	0	0	0
0	0	0	0	172	0	1	153	0	90	89	0	1	0	0	1	0	0	0	0	13	0	0	0	105	0	0	0	356	0	0	0	0	0	0	0	0	0	0	952	0	9	4	0	321	52	0	151	0	0	29	0	0	0	0	490	0	0	0	566	0	0	0	310	0	0	0	0	0	0	0	0	0	0	0	1	0	0	0	0	0	7	0	0
0	0	0	0	0	0	0	0	0	0	0	0	0	0	0	0	0	0	0	0	0	0	0	0	0	0	0	0	0	0	0	0	0	0	0	0	0	0	0	0	273	75	0	49	20	7	0	3	0	0	91	0	0	0	0	0	0	0	0	12	0	0	0	0	0	0	0	13	0	0	0	0	0	0	0	0	0	31	0	18	0	134	47	0
0	0	0	0	11	0	0	71	0	0	92	1	0	1	0	0	0	0	0	0	0	0	0	0	1	1	1	0	79	0	0	0	0	0	1	156	0	12	0	9	75	3458	249	1448	2	1973	78	1002	3	346	91	0	36	88	42	63	15	0	55	105	0	13	0	259	375	9	0	0	0	385	1	1	1	0	0	1	1	142	1	264	42	99	52	3
0	0	0	0	0	0	0	3	0	0	0	0	0	0	0	0	0	0	0	0	0	0	0	0	0	0	0	0	3	0	0	0	0	0	0	297	0	20	0	4	0	249	2704	474	0	318	6	0	0	334	0	0	56	6	3	0	438	0	175	654	0	0	0	1165	44	450	0	0	0	80	0	0	0	0	0	0	0	9	0	54	32	4	9	0
0	0	0	0	0	0	0	0	0	0	0	7	0	12	0	0	0	0	0	0	0	0	0	0	0	6	1	0	0	0	0	0	0	0	1	547	0	39	0	0	49	1448	474	2896	0	765	198	549	23	873	64	0	154	60	19	0	32	0	291	1	0	0	0	183	330	79	0	135	0	304	1	2	1	0	0	1	12	261	5	303	17	81	170	24
0	0	0	0	117	4	3	252	0	734	39	0	3	0	0	30	0	2	0	0	4	0	79	0	635	0	0	0	1022	0	0	0	0	0	6	3	214	0	0	321	20	2	0	0	2553	0	0	49	30	3	188	10	9	2	2	97	0	501	0	2095	86	41	176	520	51	20	0	0	39	85	205	7	9	5	8	0	0	46	0	145	90	98	5	0
0	0	0	0	72	0	1	162	0	0	246	0	8	0	0	0	0	0	0	0	5	0	0	0	2	0	0	0	227	0	0	0	0	0	0	73	0	2	0	52	7	1973	318	765	0	2921	57	822	1	322	12	0	2	70	39	330	0	0	2	454	0	13	0	598	336	0	0	0	0	363	0	0	0	0	0	0	0	68	0	194	28	2	18	1
0	0	0	0	0	0	0	0	0	1	0	404	0	484	0	0	0	0	0	0	0	0	0	0	1	128	479	166	1	0	0	75	0	0	1	0	9	0	0	0	0	78	6	198	0	57	2512	56	614	185	0	0	0	646	197	0	0	0	0	12	150	447	0	14	235	0	157	59	0	521	16	153	2	0	0	0	71	99	576	555	20	0	45	204
0	0	0	0	29	1	1	2	0	0	17	1	79	0	0	1	0	0	0	0	0	0	0	0	0	0	1	0	15	0	0	0	0	0	1	60	0	0	0	151	3	1002	0	549	49	822	56	1586	2	262	92	0	0	68	38	295	0	0	0	63	0	13	0	6	285	0	0	0	0	254	1	0	1	0	1	1	0	10	0	154	9	2	19	2
0	0	0	0	0	0	0	0	0	0	0	389	0	826	0	0	0	0	0	0	0	0	0	0	0	652	259	351	0	0	0	37	0	0	0	0	118	0	0	0	0	3	0	23	30	1	614	2	1598	4	0	0	0	7	0	0	0	30	0	30	928	460	398	0	19	0	234	6	0	51	0	124	0	0	0	0	37	4	292	57	0	0	10	83
0	0	0	0	0	0	0	0	0	1	0	1	0	2	0	0	0	0	0	0	0	0	5	0	0	2	0	0	0	0	0	0	0	0	0	1148	0	100	0	0	0	346	334	873	3	322	185	262	4	2288	5	0	199	90	69	0	35	5	469	202	0	8	2	208	804	475	0	60	1	389	5	1	0	0	0	0	2	40	2	133	0	0	7	4
0	0	0	0	0	1	1	0	0	0	0	0	0	0	0	1	0	0	0	0	0	0	0	0	4	0	0	0	1	0	0	0	0	0	0	1	0	0	0	29	91	91	0	64	188	12	0	92	0	5	429	0	0	0	0	2	0	0	0	162	0	0	0	8	5	0	0	5	0	0	0	0	0	0	1	0	0	0	0	2	0	202	3	0
0	0	0	0	0	0	0	0	0	0	0	0	0	0	0	0	71	0	0	0	0	2	69	3	0	0	0	32	0	0	0	0	0	0	0	0	13	4	0	0	0	0	0	0	10	0	0	0	0	0	0	943	34	0	0	0	118	673	355	276	0	0	229	244	1	1	0	0	4	12	1	0	0	0	0	0	0	110	0	3	0	0	0	0
0	89	57	0	0	0	0	6	6	4	0	0	0	0	6	4	0	378	0	20	0	0	48	88	2	0	0	315	0	0	0	0	0	0	15	208	809	681	0	0	0	36	56	154	9	2	0	0	0	199	0	34	2901	1	79	0	204	72	784	72	0	258	589	278	44	44	0	0	9	225	121	21	0	0	0	0	0	62	1	7	3	0	0	0
0	0	0	0	0	0	0	0	0	1	0	0	0	88	0	0	0	0	0	0	0	0	1	0	0	11	185	232	0	0	0	0	0	0	0	0	0	0	0	0	0	88	6	60	2	70	646	68	7	90	0	0	1	1271	237	0	0	5	0	10	5	517	2	11	117	0	0	13	0	243	12	7	0	0	0	0	0	345	300	419	67	0	0	34
0	4	4	0	0	0	0	0	0	0	0	0	0	0	0	0	0	36	0	0	0	0	0	0	0	0	0	16	0	0	0	0	0	0	0	0	62	0	0	0	0	42	3	19	2	39	197	38	0	69	0	0	79	237	1215	0	1	0	0	3	0	737	88	3	145	0	0	0	0	577	6	0	0	0	0	0	0	196	30	341	41	0	0	0
0	0	0	0	198	0	1	92	0	11	207	0	28	0	0	2	0	0	0	0	19	0	0	0	34	0	0	0	266	0	0	0	0	0	0	0	0	0	0	490	0	63	0	0	97	330	0	295	0	0	2	0	0	0	0	980	0	0	0	342	0	0	0	155	0	0	0	0	0	0	0	0	0	0	2	0	0	0	0	0	0	0	0	0
0	0	0	0	0	0	0	0	0	0	0	0	0	0	0	0	36	0	0	0	0	8	40	13	2	0	0	1	0	0	0	0	0	0	0	35	1	2	0	0	0	15	438	32	0	0	0	0	0	35	0	118	204	0	1	0	3587	83	1535	72	0	1	0	1647	30	769	0	0	13	558	2	0	0	0	0	0	0	311	0	463	246	53	17	0
0	7	1	0	0	10	0	10	0	19	0	0	0	0	0	15	662	0	0	0	0	76	1366	994	85	0	0	923	105	0	11	0	0	0	0	6	827	24	0	0	0	0	0	0	501	0	0	0	30	5	0	673	72	5	0	0	83	3671	1064	709	86	45	1036	221	50	41	0	0	28	78	260	1	7	34	0	0	0	508	15	167	162	9	2	0
0	0	1	0	0	0	0	1	0	2	0	0	0	0	0	1	311	0	0	0	0	12	585	483	6	0	0	566	9	0	1	0	0	0	0	503	158	938	0	0	0	55	175	291	0	2	0	0	0	469	0	355	784	0	0	0	1535	1064	5796	70	0	0	653	331	51	615	0	0	3	219	34	0	3	27	2	0	0	211	0	270	218	32	13	0
0	0	0	0	325	3	13	894	5	622	503	2	2	0	0	8	2	0	1	1	19	6	58	3	715	0	2	0	1843	1	0	0	1	0	9	230	213	20	0	566	12	105	654	1	2095	454	12	63	30	202	162	276	72	10	3	342	72	709	70	5544	86	41	196	2735	708	126	0	0	265	532	26	0	9	0	7	3	0	123	1	329	190	83	30	0
0	312	0	0	0	0	0	0	0	0	0	76	0	606	0	0	0	64	0	87	0	0	0	0	0	683	343	1200	0	0	1	36	0	0	28	0	736	0	0	0	0	0	0	0	86	0	150	0	928	0	0	0	0	5	0	0	0	86	0	86	2295	1375	1342	0	0	0	46	0	0	3	21	7	25	8	0	0	1	0	4	5	2	0	0	12
0	464	18	0	0	0	0	0	0	1	0	99	0	699	0	0	0	253	0	141	0	0	1	4	0	510	1044	1923	0	0	4	151	0	0	44	0	1008	690	0	0	0	13	0	0	41	13	447	13	460	8	0	0	258	517	737	0	1	45	0	41	1375	5806	2118	0	46	0	131	0	0	353	56	24	36	10	0	0	0	367	435	208	13	0	0	0
0	1436	5	0	0	0	0	0	0	0	0	0	0	163	0	0	0	264	0	147	0	0	489	369	0	259	199	2781	1	0	4	12	0	0	48	0	3537	450	0	0	0	0	0	0	176	0	0	0	398	2	0	229	589	2	88	0	0	1036	653	196	1342	2118	6550	11	5	0	0	0	0	53	43	7	36	11	0	0	0	32	0	42	4	0	0	0
0	0	0	0	230	0	10	555	3	161	245	1	0	0	0	0	12	0	1	1	4	11	56	5	389	0	1	0	978	0	0	0	0	0	6	251	1	26	0	310	0	259	1165	183	520	598	14	6	0	208	8	244	278	11	3	155	1647	221	331	2735	0	0	11	5663	519	262	0	0	48	796	39	0	6	0	0	1	0	340	0	534	177	19	30	0
0	0	0	0	0	0	0	0	0	25	0	4	0	7	0	1	2	0	0	0	0	0	36	0	25	4	0	0	7	0	0	0	0	0	0	264	0	24	0	0	0	375	44	330	51	336	235	285	19	804	5	1	44	117	145	0	30	50	51	708	0	46	5	519	2111	304	0	76	351	944	54	3	0	0	0	0	7	28	4	244	1	0	12	16
0	0	0	0	0	0	0	0	0	7	0	0	0	0	0	1	2	0	0	0	0	0	32	0	7	0	0	0	4	0	0	0	0	0	0	592	0	4	0	0	0	9	450	79	20	0	0	0	0	475	0	1	44	0	0	0	769	41	615	126	0	0	0	262	304	2232	0	0	36	91	36	1	0	0	0	0	0	0	0	7	0	0	0	0
0	0	0	0	0	0	0	0	0	0	0	182	0	198	0	0	0	0	0	0	0	0	0	0	0	150	185	11	0	0	0	23	0	0	0	0	0	0	0	0	0	0	0	0	0	0	157	0	234	0	0	0	0	0	0	0	0	0	0	0	46	131	0	0	0	0	314	0	0	0	2	34	0	0	0	0	0	0	123	0	0	0	0	0
0	0	0	0	0	0	0	0	0	0	0	1	0	2	0	0	0	0	0	0	0	0	0	0	0	0	0	0	0	0	0	0	0	0	0	0	0	0	0	0	13	0	0	135	0	0	59	0	6	60	5	0	0	13	0	0	0	0	0	0	0	0	0	0	76	0	0	164	0	110	0	1	0	0	0	0	2	0	0	27	0	5	41	2
0	0	0	0	0	0	0	0	0	18	0	0	0	0	0	0	1	0	0	0	0	0	17	0	18	0	0	0	4	0	0	0	0	0	0	41	0	0	0	0	0	0	0	0	39	0	0	0	0	1	0	4	9	0	0	0	13	28	3	265	0	0	0	48	351	36	0	0	374	232	39	0	0	0	0	0	0	2	0	1	1	0	0	0
1	6	0	0	0	0	0	13	3	55	0	9	0	18	3	7	2	17	0	6	0	6	28	88	53	10	5	40	56	0	13	0	0	0	10	28	114	3	0	0	0	385	80	304	85	363	521	254	51	389	0	12	225	243	577	0	558	78	219	532	3	353	53	796	944	91	0	110	232	3263	162	9	24	54	0	0	16	110	7	1470	282	0	85	47
1	16	0	0	0	36	23	199	59	45	0	54	12	1	37	189	209	18	54	225	0	154	160	919	191	0	672	168	246	66	229	0	46	0	269	6	79	1	0	0	0	1	0	1	205	0	16	1	0	5	0	1	121	12	6	0	2	260	34	26	21	56	43	39	54	36	2	0	39	162	4208	375	573	268	69	41	0	504	29	256	120	10	8	0
0	1	0	0	0	0	0	6	0	0	0	267	0	160	0	0	13	0	12	8	0	0	0	50	0	59	335	47	0	0	0	0	0	0	6	0	5	0	0	0	0	1	0	2	7	0	153	0	124	1	0	0	21	7	0	0	0	1	0	0	7	24	7	0	3	1	34	1	0	9	375	945	141	59	0	10	131	71	172	36	5	0	2	24
36	2	0	0	48	17	36	777	339	13	398	911	6	44	300	21	0	30	542	952	138	67	1	94	202	16	361	132	221	499	519	0	63	6	1739	0	29	0	0	0	0	1	0	1	9	0	2	1	0	0	0	0	0	0	0	0	0	7	3	9	25	36	36	6	0	0	0	0	0	24	573	141	3010	611	20	84	41	1	0	58	53	0	0	0
1	0	0	0	0	0	0	271	5	6	0	21	0	2	4	0	0	0	8	133	0	120	3	436	125	0	91	65	192	6	164	0	0	0	240	0	33	0	0	0	0	0	0	0	5	0	0	0	0	0	0	0	0	0	0	0	0	34	27	0	8	10	11	0	0	0	0	0	0	54	268	59	611	1146	28	3	0	5	0	121	127	0	0	0
0	0	0	0	1	205	96	47	14	200	0	0	37	0	0	299	0	0	0	0	0	1	0	41	135	0	0	0	149	5	0	0	56	0	5	0	0	0	0	0	0	0	0	0	8	0	0	1	0	0	1	0	0	0	0	2	0	0	2	7	0	0	0	0	0	0	0	0	0	0	69	0	20	28	535	35	0	0	0	1	2	0	0	0
0	0	0	0	0	40	22	10	5	0	1	48	1	23	21	12	0	0	0	0	0	0	0	0	0	0	7	0	0	119	0	0	99	0	103	0	0	0	0	1	0	1	0	1	0	0	0	1	0	0	0	0	0	0	0	0	0	0	0	3	0	0	0	1	0	0	0	0	0	0	41	10	84	3	35	230	3	1	0	0	0	0	0	0
0	0	0	0	0	0	0	0	0	0	0	140	0	162	0	0	0	0	0	0	0	0	0	0	0	83	0	0	0	0	0	0	0	0	0	0	0	0	0	0	0	1	0	12	0	0	71	0	37	2	0	0	0	0	0	0	0	0	0	0	1	0	0	0	7	0	0	2	0	16	0	131	41	0	0	3	217	0	74	14	0	0	5	43
0	0	1	0	0	0	1	26	12	3	0	0	1	0	5	14	265	20	0	0	0	64	349	178	48	0	0	18	101	1	0	0	1	0	2	0	64	0	0	0	31	142	9	261	46	68	99	10	4	40	0	110	62	345	196	0	311	508	211	123	0	367	32	340	28	0	0	0	2	110	504	71	1	5	0	1	0	2874	307	441	140	172	73	4
0	0	0	0	0	0	0	0	0	2	0	239	0	148	0	0	0	0	0	0	0	0	4	0	1	38	160	5	1	0	0	7	0	0	0	0	1	0	0	0	0	1	0	5	0	0	576	0	292	2	0	0	1	300	30	0	0	15	0	1	4	435	0	0	4	0	123	0	0	7	29	172	0	0	0	0	74	307	1142	95	7	0	3	68
1	3	0	0	0	10	0	25	1	126	0	7	1	16	1	42	4	2	0	8	0	18	52	170	85	10	6	44	104	0	32	0	0	0	17	0	89	0	0	0	18	264	54	303	145	194	555	154	57	133	2	3	7	419	341	0	463	167	270	329	5	208	42	534	244	7	0	27	1	1470	256	36	58	121	1	0	14	441	95	3069	1078	87	163	129
1	0	0	0	0	10	0	26	1	70	0	0	1	0	1	33	6	0	0	7	0	22	49	178	49	0	5	70	71	0	32	0	0	0	11	0	50	0	0	0	0	42	32	17	90	28	20	9	0	0	0	0	3	67	41	0	246	162	218	190	2	13	4	177	1	0	0	0	1	282	120	5	53	127	2	0	0	140	7	1078	1313	93	96	0
0	0	0	0	0	0	0	0	0	3	0	0	0	0	0	5	0	0	0	0	0	0	4	0	4	0	0	0	6	0	0	0	0	0	0	0	0	0	0	7	134	99	4	81	98	2	0	2	0	0	202	0	0	0	0	0	53	9	32	83	0	0	0	19	0	0	0	5	0	0	10	0	0	0	0	0	0	172	0	87	93	519	30	0
0	0	0	0	0	0	0	0	0	3	0	3	0	5	0	2	0	0	0	0	0	0	1	0	3	3	0	0	8	0	0	0	0	0	0	0	0	0	0	0	47	52	9	170	5	18	45	19	10	7	3	0	0	0	0	0	17	2	13	30	0	0	0	30	12	0	0	41	0	85	8	2	0	0	0	0	5	73	3	163	96	30	336	13
0	0	0	0	0	0	0	0	0	0	0	52	0	74	0	0	0	0	0	0	0	0	0	0	0	11	0	0	0	0	0	0	0	0	0	0	0	0	0	0	0	3	0	24	0	1	204	2	83	4	0	0	0	34	0	0	0	0	0	0	12	0	0	0	16	0	0	2	0	47	0	24	0	0	0	0	43	4	68	129	0	0	13	239
