0.0474031231926	0	0.006003470214	0	0.000555234239445	0	1.15673799884e-05	0.00537883169462	0.0133834586466	0.00105263157895	0.000231347599769	0.000532099479468	0.00334297281666	1.15673799884e-05	0.0407981492192	0	0.00203585887796	0.00216310005784	0.000289184499711	0.000127241179873	0.00709080393291	0.0114401388086	0.000763447079237	0.0109080393291	0.01001735107	0	0.000508964719491	1.15673799884e-05	0.00289184499711	0.037038750723	0.0335454019665	4.62695199537e-05	0	0.0251937536148	0.00112203585888	0.000520532099479	0	0	0	0.000312319259688	0	1.15673799884e-05	0.000636205899364	0.000404858299595	0.00315789473684	2.31347599769e-05	0	1.15673799884e-05	0	0.000775014459225	1.15673799884e-05	0	0	0	0	1.15673799884e-05	0	0	0	0.00283400809717	0	0	1.15673799884e-05	0.000682475419318	0.000416425679584	0	0	0	0	0	1.15673799884e-05	0	0.000266049739734	4.62695199537e-05	0	0	3.47021399653e-05	0.000138808559861	0	2.31347599769e-05	1.15673799884e-05	2.31347599769e-05	0	0
0	0.0471023713129	0.000925390399075	0	0	4.62695199537e-05	0	0	0	0.00153846153846	0	0	0	0.000485829959514	0	0	0.00313475997687	3.47021399653e-05	0	2.31347599769e-05	0	0.000462695199537	0.00766917293233	0.000925390399075	0.00113360323887	0.00218623481781	0.00777327935223	0.0452631578947	0	0	1.15673799884e-05	1.15673799884e-05	0	1.15673799884e-05	0.000208212839792	0	0.0240601503759	0	0	0	0	0	0	0	0.0010989010989	0	0.000427993059572	0	0.000127241179873	0	0	0.00313475997687	0.000254482359746	0.000289184499711	0.000451127819549	0	1.15673799884e-05	0.00727588201272	0.000393290919607	0.000104106419896	0.000925390399075	0.00237131289763	0.0227414690573	0.00021978021978	0	0	0	0	0	0.000242914979757	0.000485829959514	6.94042799306e-05	0.000451127819549	0.000208212839792	5.78368999422e-05	3.47021399653e-05	0	0.00535569693464	0.00198958935801	0.000624638519375	4.62695199537e-05	2.31347599769e-05	0	0
0.006003470214	0.000925390399075	0.0744476576056	0	0	2.31347599769e-05	0	0	0.000127241179873	0	0	0.000902255639098	2.31347599769e-05	6.94042799306e-05	0.00601503759398	0	0.000127241179873	0.00986697513013	8.0971659919e-05	0.00144592249855	4.62695199537e-05	0.00582995951417	0.000289184499711	0.0243840370156	3.47021399653e-05	0	0.00821283979179	0.0416078658184	0.000127241179873	0.00604973973395	0.006003470214	8.0971659919e-05	0	0.00558704453441	0.0105725853094	0	0.000474262579526	0	0	0	0	0	1.15673799884e-05	0	8.0971659919e-05	0	0	0	0	0	0	0.0141584731058	0	0	0	0	0.00138808559861	0.014008097166	0.0116714864083	3.47021399653e-05	0	0	0.00181607865818	0.000670908039329	0	2.31347599769e-05	0	0	0	0	0.0114517061885	0.000185078079815	0.022001156738	0.0169230769231	0.00835164835165	0.00418739155581	0	0.00617698091382	0.000161943319838	0	0	4.62695199537e-05	0	0
0	0	0	0	0	0	0	0	0	0	0	0	0	0	0	0	0	0	0	0	0	0	0	0	0	0	0	0	0	0	0	0	0	0	0	0	0	0	0	0	0	0	0	0	0	0	0	0	0	0	0	0	0	0	0	0	0	0	0	0	0	0	0	0	0	0	0	0	0	0	0	0	0	0	0	0	0	0	0	0	0	0	0	0
0.000555234239445	0	0	0	0.0297975708502	1.15673799884e-05	0.0015037593985	0.00124927703875	0.00161943319838	0.00155002891845	0.0010989010989	0.00337767495662	0.0096009253904	0.00153846153846	0.0037015615963	0.00173510699826	0	0	0.000196645459803	0	0.0128282244072	0	0	0	0.0130595720069	0	0.00114517061885	2.31347599769e-05	0.00459224985541	0.00875650665124	0.000127241179873	0.00080971659919	2.31347599769e-05	0.00157316367843	0.0086986697513	0	0	0	0	0.00477732793522	0	0.000786581839213	0.00015037593985	0.000832851359167	0.00371312897629	0.0102602660497	0.00183921341816	0.00107576633892	0	0.000902255639098	0.000104106419896	5.78368999422e-05	1.15673799884e-05	0.000485829959514	0.000242914979757	0.00474262579526	0	0.000185078079815	0	0.00292654713707	0	0	0	0.00240601503759	0.00108733371891	0	0	0	0	0.00124927703875	0.00429149797571	2.31347599769e-05	0.00426836321573	0.00149219201851	0.000694042799306	0.000231347599769	6.94042799306e-05	0.0012030075188	0.000358588779641	0.00241758241758	0.000196645459803	0.00212839791787	1.15673799884e-05	0.000393290919607
0	4.62695199537e-05	2.31347599769e-05	0	1.15673799884e-05	0.0065008675535	0.0021978021978	0.000196645459803	0.000127241179873	0.000416425679584	3.47021399653e-05	0	3.47021399653e-05	0	4.62695199537e-05	0.000266049739734	1.15673799884e-05	1.15673799884e-05	0	1.15673799884e-05	3.47021399653e-05	4.62695199537e-05	0.000289184499711	0.000161943319838	0.000555234239445	0	4.62695199537e-05	5.78368999422e-05	0.000520532099479	0.00100636205899	0.000555234239445	0	0.0018045112782	0.000994794679005	0.00348178137652	0	3.47021399653e-05	0	0	0.000104106419896	0	1.15673799884e-05	4.62695199537e-05	0	0.00121457489879	6.94042799306e-05	0	0	0	0	1.15673799884e-05	0	0	0	0	1.15673799884e-05	0.000520532099479	0.000254482359746	0.000104106419896	0.000543666859456	0	0	1.15673799884e-05	0.000983227299017	0	0	0	0	0	1.15673799884e-05	0.00124927703875	0	0.00281087333719	0.00183921341816	0.00425679583574	0.0018970503181	0	0.0017004048583	0	1.15673799884e-05	0	6.94042799306e-05	0	1.15673799884e-05
1.15673799884e-05	0	0	0	0.0015037593985	0.0021978021978	0.0234008097166	0.00385193753615	0.00454598033545	0	0.00552920763447	6.94042799306e-05	0.00587622903412	6.94042799306e-05	0.00165413533835	0.0012030075188	0	0	0	0	0.00705610179294	0	0	0	0.00252168883748	0	0	0	0.00364372469636	0.00270676691729	1.15673799884e-05	0	0.00201272411799	1.15673799884e-05	0.00402544823597	0	0	0	0	0	0	0	0	0	0	0	0	0	0	0	0	0	0	0	0	0	0	0	0	0	0	0	0	0	0	0	0	0	0	0	0.00158473105842	0	0.00142278773858	4.62695199537e-05	0.00231347599769	0.000347021399653	5.78368999422e-05	0	0	0	0	0	0	0
0.00537883169462	0	0	0	0.00124927703875	0.000196645459803	0.00385193753615	0.0325274725275	0.0111625216888	0	0.00116830537883	0.000127241179873	0.000127241179873	4.62695199537e-05	0.00830537883169	4.62695199537e-05	0	0	2.31347599769e-05	0	0.00158473105842	0.00096009253904	0	0.00104106419896	0.0068016194332	0	5.78368999422e-05	0	0.0187969924812	0.00711393869289	0.00898785425101	6.94042799306e-05	0	0.00468478889532	0.00466165413534	0	0	0	0	6.94042799306e-05	0	0	4.62695199537e-05	0	6.94042799306e-05	6.94042799306e-05	0	0	0	0	0	0	0	0	0	1.15673799884e-05	0	0	0	6.94042799306e-05	0	0	0	5.78368999422e-05	0	0	0	0	0	0	0.000543666859456	1.15673799884e-05	0.00141122035859	0.000670908039329	0.000497397339503	0.000289184499711	1.15673799884e-05	0	0	0	0	0	0	0
0.0133834586466	0	0.000127241179873	0	0.00161943319838	0.000127241179873	0.00454598033545	0.0111625216888	0.0384499710816	9.25390399075e-05	0.00192018507808	0.000427993059572	0.00939271255061	0.00015037593985	0.0268478889532	6.94042799306e-05	0.000347021399653	0	1.15673799884e-05	0	0.0148293811452	4.62695199537e-05	6.94042799306e-05	0.000185078079815	0.00991324465009	0	2.31347599769e-05	1.15673799884e-05	0.008004626952	0.0126084441874	0.00500867553499	0	0.000682475419318	0.00375939849624	0.00527472527473	0	0	0	0	0.000138808559861	0	2.31347599769e-05	0	1.15673799884e-05	0.000347021399653	0	0	2.31347599769e-05	0	0	2.31347599769e-05	0	0	0	0	1.15673799884e-05	0	0	0	0.000231347599769	0	0	0	1.15673799884e-05	0	0	0	0	0	0	0.00251012145749	5.78368999422e-05	0.00337767495662	0.000983227299017	0.000254482359746	5.78368999422e-05	0.000543666859456	1.15673799884e-05	0	0	0	4.62695199537e-05	0	0
0.00105263157895	0.00153846153846	0	0	0.00155002891845	0.000416425679584	0	0	9.25390399075e-05	0.0179063042221	0	0	0.00240601503759	0	0.00108733371891	0.0010989010989	0.000254482359746	6.94042799306e-05	0	0	0.000705610179294	0.00363215731637	0.00830537883169	0.000266049739734	0.0051012145749	0	9.25390399075e-05	0.00163100057837	0.00080971659919	0.00343551185656	0.00330827067669	0	0	0.00456911509543	0.00558704453441	0.000242914979757	9.25390399075e-05	0	0	3.47021399653e-05	0	0	0.000115673799884	3.47021399653e-05	0.00817813765182	3.47021399653e-05	2.31347599769e-05	0	0	0.000104106419896	0	5.78368999422e-05	4.62695199537e-05	1.15673799884e-05	2.31347599769e-05	0	6.94042799306e-05	0.00166570271833	6.94042799306e-05	0.0046038172354	0	0	5.78368999422e-05	0.00166570271833	0.000127241179873	0	0	0	0	0	0.000393290919607	0	0.00319259687681	0.00175824175824	0.00165413533835	0.000323886639676	0	0.00530942741469	4.62695199537e-05	4.62695199537e-05	4.62695199537e-05	0	0	0
0.000231347599769	0	0	0	0.0010989010989	3.47021399653e-05	0.00552920763447	0.00116830537883	0.00192018507808	0	0.0182417582418	2.31347599769e-05	0.00481203007519	2.31347599769e-05	0.0012030075188	2.31347599769e-05	0	0	0	0	0.00533256217467	0	0	0	0.00037015615963	0	0	0	0.0010989010989	0.000902255639098	0	0	6.94042799306e-05	0	0.000832851359167	0	0	0	0	0	0	0.00112203585888	0.000347021399653	0.00194331983806	6.94042799306e-05	0.0041989589358	0.000728744939271	0.00223250433777	0	0.000682475419318	0	2.31347599769e-05	0	0.000104106419896	3.47021399653e-05	6.94042799306e-05	0	3.47021399653e-05	0	0	0	0	0	4.62695199537e-05	0.000323886639676	0	0	0	0	0.000451127819549	0.000427993059572	1.15673799884e-05	0.000474262579526	8.0971659919e-05	3.47021399653e-05	0	3.47021399653e-05	0.000266049739734	0.000138808559861	0.000855986119144	0	0.00037015615963	2.31347599769e-05	0.000127241179873
0.000532099479468	0	0.000902255639098	0	0.00337767495662	0	6.94042799306e-05	0.000127241179873	0.000427993059572	0	2.31347599769e-05	0.0348293811452	0.00690572585309	0.00829381145171	0.0105031810295	0	0	0	0.00621168305379	0.00591093117409	0.00786581839213	0	0	0.00074031231926	0.00371312897629	0.00124927703875	0.015026026605	0.00058993637941	0.000613071139387	0.0157316367843	0.000231347599769	0.00384037015616	0.00100636205899	0.00136495083864	0.0236668594563	0	0	0	0	3.47021399653e-05	0	0	0	0	9.25390399075e-05	1.15673799884e-05	0.000208212839792	0	6.94042799306e-05	0	0	0	0	0	0	0	0	0	0	9.25390399075e-05	0.000127241179873	0	0	4.62695199537e-05	0	0	0	0	0	0	0.00182764603817	0.00113360323887	0.00447657605552	0.000393290919607	0.000115673799884	0	0.000173510699826	4.62695199537e-05	0.00021978021978	0	0	1.15673799884e-05	0	0.000161943319838
0.00334297281666	0	2.31347599769e-05	0	0.0096009253904	3.47021399653e-05	0.00587622903412	0.000127241179873	0.00939271255061	0.00240601503759	0.00481203007519	0.00690572585309	0.0398380566802	0.00246385193754	0.0142047426258	0.00202429149798	0	0	0.00116830537883	0.000161943319838	0.028999421631	0	0	0	0.015951417004	0	0.00337767495662	8.0971659919e-05	0.00117987275882	0.017004048583	0.000104106419896	0.0013996529786	8.0971659919e-05	0.000289184499711	0.0147484094853	0	0	0	0	0.000474262579526	0	0.00202429149798	0	0.000393290919607	0.000393290919607	0.00186234817814	0.000242914979757	0.00238288027762	0	0	8.0971659919e-05	0	0	0	0	0.00233661075766	0	0	0	0.000173510699826	0	0	0	3.47021399653e-05	0	0	0	0	0	0.000427993059572	0.00296124927704	6.94042799306e-05	0.00496240601504	0.00096009253904	0.00104106419896	0	0.000347021399653	0.000266049739734	0.00015037593985	0.00136495083864	3.47021399653e-05	0.00164256795836	0.000185078079815	0.00021978021978
1.15673799884e-05	0.000485829959514	6.94042799306e-05	0	0.00153846153846	0	6.94042799306e-05	4.62695199537e-05	0.00015037593985	0	2.31347599769e-05	0.00829381145171	0.00246385193754	0.031012145749	0.00284557547715	0	0	0	0	0	0.00270676691729	0	0	0	0.000659340659341	0.0135338345865	0.00161943319838	0.0122498554078	0.000185078079815	0.00451127819549	0.00015037593985	0.00939271255061	0.000763447079237	0.000416425679584	0.00578368999422	0	0	0	0	3.47021399653e-05	0	0	0	0	6.94042799306e-05	1.15673799884e-05	0.00594563331405	0	0.00281087333719	0	0	0	0	1.15673799884e-05	0	0	0	0	0	6.94042799306e-05	0.00321573163678	0.00644303065356	6.94042799306e-05	3.47021399653e-05	0	0	1.15673799884e-05	0	0	0	0.00237131289763	0.00247541931752	0.00151532677848	0.000127241179873	0.000115673799884	0	0.000104106419896	4.62695199537e-05	0.0101445922499	0	0	1.15673799884e-05	0	0.00058993637941
0.0407981492192	0	0.00601503759398	0	0.0037015615963	4.62695199537e-05	0.00165413533835	0.00830537883169	0.0268478889532	0.00108733371891	0.0012030075188	0.0105031810295	0.0142047426258	0.00284557547715	0.0775592828224	0.000451127819549	0.00203585887796	0.00216310005784	0.00207056101793	0.000138808559861	0.0195257374205	0.0114285714286	0.000775014459225	0.0109080393291	0.0176865240023	0	0.00289184499711	4.62695199537e-05	0.00942741469057	0.0593753614806	0.0358935801041	0.00112203585888	0.0015962984384	0.0295315211105	0.0182533256217	0.000775014459225	0	0	0	0.000404858299595	0	3.47021399653e-05	0.000925390399075	0.000543666859456	0.00403701561596	3.47021399653e-05	1.15673799884e-05	3.47021399653e-05	0	0.00111046847889	3.47021399653e-05	0	0	0	0	1.15673799884e-05	0	0	0	0.00363215731637	0	0	1.15673799884e-05	0.000983227299017	0.000636205899364	0	0	0	0	0	0.00294968189705	0.000104106419896	0.00422209369578	0.000925390399075	0.000404858299595	0	0.000462695199537	0.00015037593985	0	4.62695199537e-05	2.31347599769e-05	6.94042799306e-05	0	0
0	0	0	0	0.00173510699826	0.000266049739734	0.0012030075188	4.62695199537e-05	6.94042799306e-05	0.0010989010989	2.31347599769e-05	0	0.00202429149798	0	0.000451127819549	0.0043956043956	0	0	0	0	0.00126084441874	0	0	0	0.00160786581839	0	0	0	0.000994794679005	0.000983227299017	4.62695199537e-05	0	2.31347599769e-05	0.000196645459803	0.000936957779063	0	0	0	0	2.31347599769e-05	0	8.0971659919e-05	0	0	0.000196645459803	2.31347599769e-05	0	0.000173510699826	0	0	0	0	0	0	0	0	3.47021399653e-05	0	0	4.62695199537e-05	0	0	0	4.62695199537e-05	0	0	0	0	0	0	0.000717177559283	2.31347599769e-05	0.000497397339503	0.000231347599769	0.00181607865818	5.78368999422e-05	0	5.78368999422e-05	0	0	0	0	0	0
0.00203585887796	0.00313475997687	0.000127241179873	0	0	1.15673799884e-05	0	0	0.000347021399653	0.000254482359746	0	0	0	0	0.00203585887796	0	0.0227414690573	1.15673799884e-05	0	0	0	0.000844418739156	0.00879120879121	0.0121226142279	0.00511278195489	3.47021399653e-05	0	0.00645459803355	0.00146905725853	0.00203585887796	0.00204742625795	0	0	0.00193175245807	9.25390399075e-05	0	0	0	0	0	0	0	0	0	0.000104106419896	0	0	0	0	0	0	0.00440717177559	0	0	0	0	0.00121457489879	0.00471949103528	0.00107576633892	0.000404858299595	0	0	2.31347599769e-05	0.000323886639676	0	0	0	0	0	0	0.00142278773858	0	0.00345864661654	0.000994794679005	0.000682475419318	0.000381723539618	0	0.000185078079815	0	0	0	0	0	0
0.00216310005784	3.47021399653e-05	0.00986697513013	0	0	1.15673799884e-05	0	0	0	6.94042799306e-05	0	0	0	0	0.00216310005784	0	1.15673799884e-05	0.0304916136495	0	0.00624638519375	0	0.00475419317525	0.000115673799884	0.0142163100058	0	0	0.0112203585888	0.00368999421631	0.000508964719491	0.00217466743783	0.00224407171776	0	0	0.00216310005784	0.00991324465009	0	0.000115673799884	0	0	0	0	0	1.15673799884e-05	0	0	0	0	0	0	0	0	0.000115673799884	0	0	0	0	1.15673799884e-05	9.25390399075e-05	0.000208212839792	0	0	0	0.000138808559861	1.15673799884e-05	0	1.15673799884e-05	0	0	0	0	0.000104106419896	0	0.00168883747831	0.00152689415847	6.94042799306e-05	9.25390399075e-05	0	0.000277617119722	0	1.15673799884e-05	0	0	0	0
0.000289184499711	0	8.0971659919e-05	0	0.000196645459803	0	0	2.31347599769e-05	1.15673799884e-05	0	0	0.00621168305379	0.00116830537883	0	0.00207056101793	0	0	0	0.00682475419318	0.00231347599769	0.00131868131868	0	0	6.94042799306e-05	0.000983227299017	0	0.00412955465587	0	9.25390399075e-05	0.00347021399653	0	0	0	0.000196645459803	0.00453441295547	0	0	0	0	0	0	0	0	0	0	0	0	0	0	0	0	0	0	0	0	0	0	0	0	0	0	0	0	0	0	0	0	0	0	0	0	0	0.000474262579526	0	0	0	0	0	0	0	0	0	0	0
0.000127241179873	2.31347599769e-05	0.00144592249855	0	0	1.15673799884e-05	0	0	0	0	0	0.00591093117409	0.000161943319838	0	0.000138808559861	0	0	0.00624638519375	0.00231347599769	0.0206709080393	0.000173510699826	0	0	0.00205899363794	0.000185078079815	0	0.015049161365	0.00515905147484	2.31347599769e-05	0.000335454019665	0	0	0	3.47021399653e-05	0.0119259687681	0	4.62695199537e-05	0	0	0	0	0	0	0	3.47021399653e-05	0	0	0	0	0	0	0	0	0	0	0	0	1.15673799884e-05	0	0	0	0	1.15673799884e-05	1.15673799884e-05	0	0	0	0	0	0	0.00262579525737	0.000983227299017	0.00235974551764	0.00112203585888	2.31347599769e-05	0	0	0.000127241179873	4.62695199537e-05	0	0	0	0	0
0.00709080393291	0	4.62695199537e-05	0	0.0128282244072	3.47021399653e-05	0.00705610179294	0.00158473105842	0.0148293811452	0.000705610179294	0.00533256217467	0.00786581839213	0.028999421631	0.00270676691729	0.0195257374205	0.00126084441874	0	0	0.00131868131868	0.000173510699826	0.0457836899942	0	0	0	0.0179410063621	0	0.00379410063621	0.000161943319838	0.00406015037594	0.0216657027183	0.000127241179873	0.0017004048583	0.000127241179873	0.00312319259688	0.0193522267206	0	0	0	0	0.000312319259688	0	2.31347599769e-05	0	3.47021399653e-05	0.000323886639676	0.000832851359167	0.000266049739734	5.78368999422e-05	0	5.78368999422e-05	2.31347599769e-05	0	1.15673799884e-05	6.94042799306e-05	0.000115673799884	0.000879120879121	0	0	0	0.000312319259688	0	0	1.15673799884e-05	3.47021399653e-05	2.31347599769e-05	0	0	0	0	0.000266049739734	0.0035974551764	0.000127241179873	0.00854829381145	0.00271833429728	0.000682475419318	1.15673799884e-05	0.000485829959514	0.000127241179873	6.94042799306e-05	0.000416425679584	3.47021399653e-05	0.000474262579526	2.31347599769e-05	9.25390399075e-05
0.0114401388086	0.000462695199537	0.00582995951417	0	0	4.62695199537e-05	0	0.00096009253904	4.62695199537e-05	0.00363215731637	0	0	0	0	0.0114285714286	0	0.000844418739156	0.00475419317525	0	0	0	0.0532215153268	0.00381723539618	0.0335801041064	0.000347021399653	0	1.15673799884e-05	0.000786581839213	0.00599190283401	0.0195720069404	0.0234586466165	0	0	0.0195141700405	0.0156043956044	0.00194331983806	0	0	0	0	0	0	0.00080971659919	0.000508964719491	0.0091035280509	0	4.62695199537e-05	0	0	0.000902255639098	0	0.00111046847889	0	0	0	0	0.000138808559861	0.00173510699826	8.0971659919e-05	0.00685945633314	0	0	3.47021399653e-05	0.00231347599769	0.00153846153846	0	0	0	0	3.47021399653e-05	0.000485829959514	0	0.0032041642568	0.000844418739156	0.000462695199537	0.000231347599769	0	0.00433776749566	8.0971659919e-05	0.000393290919607	0.00037015615963	0	0	0
0.000763447079237	0.00766917293233	0.000289184499711	0	0	0.000289184499711	0	0	6.94042799306e-05	0.00830537883169	0	0	0	0	0.000775014459225	0	0.00879120879121	0.000115673799884	0	0	0	0.00381723539618	0.0273452862927	0.00561017929439	0.00437246963563	3.47021399653e-05	5.78368999422e-05	0.0129207634471	0.000705610179294	0.00101792943898	0.00193175245807	0	0	0.00158473105842	0.00233661075766	1.15673799884e-05	5.78368999422e-05	0	0	0	0	0	6.94042799306e-05	2.31347599769e-05	0.00482359745518	0	0	0	0	6.94042799306e-05	0	0.00467322151533	1.15673799884e-05	0	0	0	0.000127241179873	0.00712550607287	0.000566801619433	0.00247541931752	0	0	0.000404858299595	0.00148062463852	0	0	0	0	0	0	6.94042799306e-05	0	0.00232504337767	0.00131868131868	0.000647773279352	0.00021978021978	0	0.00255639097744	2.31347599769e-05	2.31347599769e-05	0	0	0	0
0.0109080393291	0.000925390399075	0.0243840370156	0	0	0.000161943319838	0	0.00104106419896	0.000185078079815	0.000266049739734	0	0.00074031231926	0	0	0.0109080393291	0	0.0121226142279	0.0142163100058	6.94042799306e-05	0.00205899363794	0	0.0335801041064	0.00561017929439	0.0964141122036	0.000277617119722	0	0.00207056101793	0.0117408906883	0.00493927125506	0.0125968768074	0.0163794100636	0	0	0.0107807981492	0.02002313476	0.000127241179873	0	0	0	3.47021399653e-05	0	0	2.31347599769e-05	1.15673799884e-05	0.00207056101793	2.31347599769e-05	1.15673799884e-05	1.15673799884e-05	0	8.0971659919e-05	0	0.00904569115095	0	0	0	0	0.00379410063621	0.00995951417004	0.00441873915558	0.00240601503759	0	0	6.94042799306e-05	0.0026951995373	0.000127241179873	1.15673799884e-05	0	0	0	0	0.00461538461538	3.47021399653e-05	0.019016772701	0.00935801041064	0.00641989589358	0.00321573163678	2.31347599769e-05	0.00345864661654	1.15673799884e-05	8.0971659919e-05	5.78368999422e-05	0.000115673799884	0	0
0.01001735107	0.00113360323887	3.47021399653e-05	0	0.0130595720069	0.000555234239445	0.00252168883748	0.0068016194332	0.00991324465009	0.0051012145749	0.00037015615963	0.00371312897629	0.015951417004	0.000659340659341	0.0176865240023	0.00160786581839	0.00511278195489	0	0.000983227299017	0.000185078079815	0.0179410063621	0.000347021399653	0.00437246963563	0.000277617119722	0.0611914401388	3.47021399653e-05	0.00229034123771	0.00130711393869	0.0148640832851	0.0221746674378	0.0137536148062	0.000867553499132	0.000474262579526	0.0112203585888	0.0122151532678	2.31347599769e-05	0	0	0	0.00446500867553	1.15673799884e-05	0.000786581839213	0.000566801619433	8.0971659919e-05	0.00497397339503	0.00352805089647	1.15673799884e-05	0.000902255639098	0	9.25390399075e-05	0.00037015615963	2.31347599769e-05	0	1.15673799884e-05	0	0.000682475419318	0	9.25390399075e-05	0	0.00606130711394	0	0	1.15673799884e-05	0.00308849045691	2.31347599769e-05	0	0	0	0	4.62695199537e-05	0.00816657027183	6.94042799306e-05	0.00840948525159	0.00242914979757	0.00311162521689	0.000462695199537	0.000323886639676	0.000462695199537	1.15673799884e-05	0.000300751879699	0	0.000404858299595	0	1.15673799884e-05
0	0.00218623481781	0	0	0	0	0	0	0	0	0	0.00124927703875	0	0.0135338345865	0	0	3.47021399653e-05	0	0	0	0	0	3.47021399653e-05	0	3.47021399653e-05	0.0167611336032	8.0971659919e-05	0.00905725853094	0	0	0	0.00297281665703	0	0	5.78368999422e-05	0	0.000277617119722	0	0	0	0	0	0	0	0	0	0.00445344129555	0	0.00268363215732	0	0	0	0	0	1.15673799884e-05	0	0	0	0	0	0.0035974551764	0.00434933487565	6.94042799306e-05	0	0	0	0	0	0	0	0	4.62695199537e-05	0	0	0	0	0	0	0.0066975130133	0	0	0	0	0.000462695199537
0.000508964719491	0.00777327935223	0.00821283979179	0	0.00114517061885	4.62695199537e-05	0	5.78368999422e-05	2.31347599769e-05	9.25390399075e-05	0	0.015026026605	0.00337767495662	0.00161943319838	0.00289184499711	0	0	0.0112203585888	0.00412955465587	0.015049161365	0.00379410063621	1.15673799884e-05	5.78368999422e-05	0.00207056101793	0.00229034123771	8.0971659919e-05	0.076992481203	0.0337536148062	0.000300751879699	0.00505494505495	8.0971659919e-05	0.00326200115674	0	0.000694042799306	0.0194331983806	0	0.00906882591093	0	0	0	0	0	0	0	0.00108733371891	0	0.000312319259688	0	0	0	0	3.47021399653e-05	9.25390399075e-05	0.000289184499711	0.000277617119722	0	4.62695199537e-05	0.000427993059572	0.000289184499711	0.000115673799884	3.47021399653e-05	0.00021978021978	0.00357432041643	0.000277617119722	0	0	0	0	0	0.00037015615963	0.0085020242915	0.0063042220937	0.00594563331405	0.00161943319838	9.25390399075e-05	3.47021399653e-05	1.15673799884e-05	0.00652400231348	0.00111046847889	0.000520532099479	6.94042799306e-05	6.94042799306e-05	0	0
1.15673799884e-05	0.0452631578947	0.0416078658184	0	2.31347599769e-05	5.78368999422e-05	0	0	1.15673799884e-05	0.00163100057837	0	0.00058993637941	8.0971659919e-05	0.0122498554078	4.62695199537e-05	0	0.00645459803355	0.00368999421631	0	0.00515905147484	0.000161943319838	0.000786581839213	0.0129207634471	0.0117408906883	0.00130711393869	0.00905725853094	0.0337536148062	0.151937536148	0	0.000173510699826	2.31347599769e-05	0.00414112203586	0	0.000104106419896	0.0108039329092	0	0.0262926547137	0	0	0	0	0	1.15673799884e-05	0	0.00144592249855	1.15673799884e-05	0.00237131289763	0	0.000902255639098	0	0	0.0243377674957	0.000266049739734	0.000323886639676	0.000485829959514	1.15673799884e-05	0.00113360323887	0.0287912087912	0.0122498554078	0.000277617119722	0.0026951995373	0.00818970503181	0.0248814343551	0.000451127819549	0	1.15673799884e-05	0	0	0	0.000416425679584	0.0184152689416	0.00434933487565	0.0202891844997	0.0136957779063	0.0046963562753	0.0015962984384	1.15673799884e-05	0.0105957200694	0.00791208791209	0.000647773279352	8.0971659919e-05	0.000138808559861	0	1.15673799884e-05
0.00289184499711	0	0.000127241179873	0	0.00459224985541	0.000520532099479	0.00364372469636	0.0187969924812	0.008004626952	0.00080971659919	0.0010989010989	0.000613071139387	0.00117987275882	0.000185078079815	0.00942741469057	0.000994794679005	0.00146905725853	0.000508964719491	9.25390399075e-05	2.31347599769e-05	0.00406015037594	0.00599190283401	0.000705610179294	0.00493927125506	0.0148640832851	0	0.000300751879699	0	0.0526547137073	0.0124812030075	0.0180913823019	0.000277617119722	0	0.0113823019086	0.00939271255061	0	0	0	0	0.00484673221515	0	0.000462695199537	0.00142278773858	0	0.00917293233083	0.00558704453441	0	0.00037015615963	0	0	0	0.000277617119722	0	0	0	0.000879120879121	2.31347599769e-05	0.00096009253904	1.15673799884e-05	0.00857142857143	0	0	0	0.00815500289184	0	0	0	0	0	9.25390399075e-05	0.00776171197224	3.47021399653e-05	0.00507807981492	0.00294968189705	0.00151532677848	0.00116830537883	2.31347599769e-05	2.31347599769e-05	0	0.000312319259688	0	0.000312319259688	0	1.15673799884e-05
0.037038750723	0	0.00604973973395	0	0.00875650665124	0.00100636205899	0.00270676691729	0.00711393869289	0.0126084441874	0.00343551185656	0.000902255639098	0.0157316367843	0.017004048583	0.00451127819549	0.0593753614806	0.000983227299017	0.00203585887796	0.00217466743783	0.00347021399653	0.000335454019665	0.0216657027183	0.0195720069404	0.00101792943898	0.0125968768074	0.0221746674378	0	0.00505494505495	0.000173510699826	0.0124812030075	0.112874493927	0.0588085598612	0.00218623481781	0.00366685945633	0.0608675534991	0.0558935801041	0.0035974551764	0	0	0	0.00239444765761	0	0.00015037593985	0.00271833429728	0.00131868131868	0.0198380566802	0.00164256795836	0.000127241179873	0.00165413533835	0	0.0027993059572	4.62695199537e-05	9.25390399075e-05	0	0	0	0.000497397339503	2.31347599769e-05	5.78368999422e-05	5.78368999422e-05	0.0171659919028	0	0	3.47021399653e-05	0.00371312897629	0.0029034123771	0	0	0	0	0.000104106419896	0.00675534991324	0.00015037593985	0.0180798149219	0.00813186813187	0.00363215731637	0.00216310005784	0.00102949681897	0.00524002313476	0.000115673799884	0.000728744939271	0.000566801619433	0.00232504337767	0	2.31347599769e-05
0.0335454019665	1.15673799884e-05	0.006003470214	0	0.000127241179873	0.000555234239445	1.15673799884e-05	0.00898785425101	0.00500867553499	0.00330827067669	0	0.000231347599769	0.000104106419896	0.00015037593985	0.0358935801041	4.62695199537e-05	0.00204742625795	0.00224407171776	0	0	0.000127241179873	0.0234586466165	0.00193175245807	0.0163794100636	0.0137536148062	0	8.0971659919e-05	2.31347599769e-05	0.0180913823019	0.0588085598612	0.0825101214575	9.25390399075e-05	1.15673799884e-05	0.0522845575477	0.0184268363216	0.00270676691729	0	0	0	0.00217466743783	0	3.47021399653e-05	0.00270676691729	0.00126084441874	0.0170618854829	0.000832851359167	5.78368999422e-05	0.00106419895894	0	0.00259109311741	2.31347599769e-05	0.000104106419896	1.15673799884e-05	0	0	0.000115673799884	2.31347599769e-05	0.00015037593985	3.47021399653e-05	0.0155118565645	0	0	1.15673799884e-05	0.00437246963563	0.00211683053788	0	0	0	0	2.31347599769e-05	0.000705610179294	1.15673799884e-05	0.00566801619433	0.00415268941585	0.00198958935801	0.000994794679005	1.15673799884e-05	0.00426836321573	5.78368999422e-05	0.000474262579526	0.000335454019665	0.00194331983806	0	0
4.62695199537e-05	1.15673799884e-05	8.0971659919e-05	0	0.00080971659919	0	0	6.94042799306e-05	0	0	0	0.00384037015616	0.0013996529786	0.00939271255061	0.00112203585888	0	0	0	0	0	0.0017004048583	0	0	0	0.000867553499132	0.00297281665703	0.00326200115674	0.00414112203586	0.000277617119722	0.00218623481781	9.25390399075e-05	0.0127125506073	0	0.000555234239445	0.0034008097166	0	1.15673799884e-05	0	0	0	0	0	0	0	1.15673799884e-05	0	0.00289184499711	0	0.000508964719491	0	0	1.15673799884e-05	0	0	0	0	0	1.15673799884e-05	1.15673799884e-05	1.15673799884e-05	0.000312319259688	0.000902255639098	0	0	0	0	0	0	0	0	0.00227877385772	0.00215153267785	0.00201272411799	0.000277617119722	0	0	1.15673799884e-05	4.62695199537e-05	0.00463851937536	0	0	0	0	1.15673799884e-05
0	0	0	0	2.31347599769e-05	0.0018045112782	0.00201272411799	0	0.000682475419318	0	6.94042799306e-05	0.00100636205899	8.0971659919e-05	0.000763447079237	0.0015962984384	2.31347599769e-05	0	0	0	0	0.000127241179873	0	0	0	0.000474262579526	0	0	0	0	0.00366685945633	1.15673799884e-05	0	0.00610757663389	4.62695199537e-05	0.00475419317525	0	0	0	0	0	0	0	0	0	0	0	0	0	0	0	0	0	0	0	0	0	0	0	0	0	0	0	0	0	0	0	0	0	0	0	0.00121457489879	0	0.00148062463852	9.25390399075e-05	0.00113360323887	0.000532099479468	0.000289184499711	0	0	0	0	0	0	0
0.0251937536148	1.15673799884e-05	0.00558704453441	0	0.00157316367843	0.000994794679005	1.15673799884e-05	0.00468478889532	0.00375939849624	0.00456911509543	0	0.00136495083864	0.000289184499711	0.000416425679584	0.0295315211105	0.000196645459803	0.00193175245807	0.00216310005784	0.000196645459803	3.47021399653e-05	0.00312319259688	0.0195141700405	0.00158473105842	0.0107807981492	0.0112203585888	0	0.000694042799306	0.000104106419896	0.0113823019086	0.0608675534991	0.0522845575477	0.000555234239445	4.62695199537e-05	0.0702602660497	0.0347831116252	0.00385193753615	1.15673799884e-05	0	0	0.00270676691729	1.15673799884e-05	0.000138808559861	0.00304222093696	0.00143435511857	0.0266628108733	0.00174667437825	0.000138808559861	0.00153846153846	0	0.0031000578369	2.31347599769e-05	0.00021978021978	1.15673799884e-05	1.15673799884e-05	1.15673799884e-05	0.000497397339503	3.47021399653e-05	0.000208212839792	0.000115673799884	0.0232041642568	0	0	4.62695199537e-05	0.00454598033545	0.00311162521689	0	0	0	0	0.000115673799884	0.00235974551764	8.0971659919e-05	0.0142972816657	0.0101330248699	0.00301908617698	0.00274146905726	0.000208212839792	0.0102602660497	0.000138808559861	0.000936957779063	0.000763447079237	0.0035049161365	1.15673799884e-05	2.31347599769e-05
0.00112203585888	0.000208212839792	0.0105725853094	0	0.0086986697513	0.00348178137652	0.00402544823597	0.00466165413534	0.00527472527473	0.00558704453441	0.000832851359167	0.0236668594563	0.0147484094853	0.00578368999422	0.0182533256217	0.000936957779063	9.25390399075e-05	0.00991324465009	0.00453441295547	0.0119259687681	0.0193522267206	0.0156043956044	0.00233661075766	0.02002313476	0.0122151532678	5.78368999422e-05	0.0194331983806	0.0108039329092	0.00939271255061	0.0558935801041	0.0184268363216	0.0034008097166	0.00475419317525	0.0347831116252	0.119167148641	0.0032967032967	0.000289184499711	0	0	0.00166570271833	1.15673799884e-05	0.000161943319838	0.0021978021978	0.00096009253904	0.0288606130711	0.00165413533835	0.000231347599769	0.0017004048583	0	0.00220936957779	4.62695199537e-05	0.00074031231926	2.31347599769e-05	6.94042799306e-05	6.94042799306e-05	0.000485829959514	0.00102949681897	0.000844418739156	0.00386350491614	0.0205436668595	0	0	0.000335454019665	0.00406015037594	0.00268363215732	3.47021399653e-05	0	0	0	0.000115673799884	0.0154308849046	0.00122614227877	0.0483169462117	0.0265702718334	0.0120879120879	0.00781954887218	0.00112203585888	0.0198149219202	0.000381723539618	0.000994794679005	0.000775014459225	0.00417582417582	1.15673799884e-05	2.31347599769e-05
0.000520532099479	0	0	0	0	0	0	0	0	0.000242914979757	0	0	0	0	0.000775014459225	0	0	0	0	0	0	0.00194331983806	1.15673799884e-05	0.000127241179873	2.31347599769e-05	0	0	0	0	0.0035974551764	0.00270676691729	0	0	0.00385193753615	0.0032967032967	0.0132446500868	0	0	0	0.000867553499132	0	0.00226720647773	0.00473105841527	0.00172353961828	0.00396761133603	0.00247541931752	0	0	0	0.00637362637363	0	0	0	0	0	0	4.62695199537e-05	0	3.47021399653e-05	0.00574898785425	0	0	1.15673799884e-05	0.00229034123771	0.00813186813187	0.000798149219202	0	0	0.000231347599769	0.000566801619433	0	0	0.000115673799884	8.0971659919e-05	0	0	0	0	0	0.000138808559861	0	0	0	0
0	0.0240601503759	0.000474262579526	0	0	3.47021399653e-05	0	0	0	9.25390399075e-05	0	0	0	0	0	0	0	0.000115673799884	0	4.62695199537e-05	0	0	5.78368999422e-05	0	0	0.000277617119722	0.00906882591093	0.0262926547137	0	0	0	1.15673799884e-05	0	1.15673799884e-05	0.000289184499711	0	0.0372932330827	0	0	0	0	0	0	0	0.00104106419896	0	0.000347021399653	0	8.0971659919e-05	0	0	0.00215153267785	0.000196645459803	0.000312319259688	0.000300751879699	0	4.62695199537e-05	0.00807403123193	0.00037015615963	0.000902255639098	0.00134181607866	0.00105263157895	0.0278542510121	0.00021978021978	0	0	0	0	0	0.00037015615963	0.000335454019665	0	0.000532099479468	0.000277617119722	5.78368999422e-05	2.31347599769e-05	0	0.00535569693464	0.000404858299595	0.000636205899364	6.94042799306e-05	4.62695199537e-05	0	0
0	0	0	0	0	0	0	0	0	0	0	0	0	0	0	0	0	0	0	0	0	0	0	0	0	0	0	0	0	0	0	0	0	0	0	0	0	0.01996529786	0	0	0	0	0.000775014459225	0.000127241179873	0	0.000115673799884	0	0	0	0.000185078079815	0	0	0.00271833429728	0	0.000138808559861	0	0.0010989010989	0	0.00999421631001	0	0	0.00183921341816	0.00645459803355	9.25390399075e-05	0	9.25390399075e-05	0	0	0	0	0	0	0	0	0	0	0	1.15673799884e-05	0	0	0	0	0	0
0	0	0	0	0	0	0	0	0	0	0	0	0	0	0	0	0	0	0	0	0	0	0	0	0	0	0	0	0	0	0	0	0	0	0	0	0	0	0	0	0	0	0	0	0	0	0	0	0	0	0	0	0	0	0	0	0	0	0	0	0	0	0	0	0	0	0	0	0	0	0	0	0	0	0	0	0	0	0	0	0	0	0	0
0.000312319259688	0	0	0	0.00477732793522	0.000104106419896	0	6.94042799306e-05	0.000138808559861	3.47021399653e-05	0	3.47021399653e-05	0.000474262579526	3.47021399653e-05	0.000404858299595	2.31347599769e-05	0	0	0	0	0.000312319259688	0	0	3.47021399653e-05	0.00446500867553	0	0	0	0.00484673221515	0.00239444765761	0.00217466743783	0	0	0.00270676691729	0.00166570271833	0.000867553499132	0	0	0	0.0258877964141	2.31347599769e-05	0.0018045112782	0.00371312897629	0.000867553499132	0.0121341816079	0.0118449971082	5.78368999422e-05	0.00305378831695	0	0.000844418739156	0.000508964719491	4.62695199537e-05	0	1.15673799884e-05	0	0.00685945633314	0	8.0971659919e-05	1.15673799884e-05	0.0198264893002	0	0	0	0.0126547137073	0.000751879699248	0	0	0	0	4.62695199537e-05	0.00675534991324	0	0.00136495083864	0.00106419895894	0.000312319259688	0.000636205899364	2.31347599769e-05	0.00130711393869	3.47021399653e-05	0.000208212839792	0.000196645459803	0.000763447079237	5.78368999422e-05	1.15673799884e-05
0	0	0	0	0	0	0	0	0	0	0	0	0	0	0	0	0	0	0	0	0	0	0	0	1.15673799884e-05	0	0	0	0	0	0	0	0	1.15673799884e-05	1.15673799884e-05	0	0	0	0	2.31347599769e-05	0.00336610757663	0.000925390399075	4.62695199537e-05	8.0971659919e-05	8.0971659919e-05	5.78368999422e-05	0	0.000427993059572	0	0	0.00178137651822	0	0	0	0	0	0	0	0	4.62695199537e-05	0	0	0	0	0	0	0	0.000173510699826	0	0	0	0	1.15673799884e-05	1.15673799884e-05	0	0	0	0.000161943319838	0	0	0	0.0013996529786	0.000659340659341	0
1.15673799884e-05	0	0	0	0.000786581839213	1.15673799884e-05	0	0	2.31347599769e-05	0	0.00112203585888	0	0.00202429149798	0	3.47021399653e-05	8.0971659919e-05	0	0	0	0	2.31347599769e-05	0	0	0	0.000786581839213	0	0	0	0.000462695199537	0.00015037593985	3.47021399653e-05	0	0	0.000138808559861	0.000161943319838	0.00226720647773	0	0	0	0.0018045112782	0.000925390399075	0.0463042220937	0.00768074031232	0.0204858299595	0.00525159051475	0.0292539039907	0.00451127819549	0.00972816657027	0	0.00615384615385	0.00291497975709	2.31347599769e-05	0	0.000115673799884	2.31347599769e-05	0.00746096009254	0	4.62695199537e-05	0	0.00212839791787	0	0	0	0.00124927703875	0.00300751879699	0	0	0.00015037593985	0	0.00436090225564	0.00107576633892	0	0.000358588779641	0.000115673799884	0.000104106419896	6.94042799306e-05	0	0.00385193753615	0.00101792943898	0.00871023713129	0.000786581839213	0.0117177559283	0.00176980913823	0.00127241179873
0.000636205899364	0	1.15673799884e-05	0	0.00015037593985	4.62695199537e-05	0	4.62695199537e-05	0	0.000115673799884	0.000347021399653	0	0	0	0.000925390399075	0	0	1.15673799884e-05	0	0	0	0.00080971659919	6.94042799306e-05	2.31347599769e-05	0.000566801619433	0	0	1.15673799884e-05	0.00142278773858	0.00271833429728	0.00270676691729	0	0	0.00304222093696	0.0021978021978	0.00473105841527	0	0.000775014459225	0	0.00371312897629	4.62695199537e-05	0.00768074031232	0.0927009832273	0.0186003470214	0.00502024291498	0.0244187391556	0.000601503759398	0.000127241179873	0	0.0257952573742	0	0.00015037593985	0	0.00021978021978	8.0971659919e-05	0.000844418739156	0.00452284557548	0.000127241179873	0.0017004048583	0.0242914979757	0	0	0.000358588779641	0.0474493927126	0.002995951417	0.00877964141122	0	0	0	0.000936957779063	0.00145748987854	0	0.000508964719491	0.000335454019665	0.000208212839792	8.0971659919e-05	0	0.00455754771544	6.94042799306e-05	0.00128397917872	0.000381723539618	0.00116830537883	0.000173510699826	3.47021399653e-05
0.000404858299595	0	0	0	0.000832851359167	0	0	0	1.15673799884e-05	3.47021399653e-05	0.00194331983806	0	0.000393290919607	0	0.000543666859456	0	0	0	0	0	3.47021399653e-05	0.000508964719491	2.31347599769e-05	1.15673799884e-05	8.0971659919e-05	0	0	0	0	0.00131868131868	0.00126084441874	0	0	0.00143435511857	0.00096009253904	0.00172353961828	0	0.000127241179873	0	0.000867553499132	8.0971659919e-05	0.0204858299595	0.0186003470214	0.0471949103528	0.00277617119722	0.0276923076923	0.000902255639098	0.0018970503181	0	0.0146558704453	0.000393290919607	0	0	9.25390399075e-05	2.31347599769e-05	0.0013996529786	2.31347599769e-05	3.47021399653e-05	0.000208212839792	0.00418739155581	0	0	4.62695199537e-05	0.00447657605552	0.00168883747831	0.000277617119722	0	0.000312319259688	0	0.000832851359167	0.00015037593985	0	0.000127241179873	1.15673799884e-05	0	0	0	0.00122614227877	4.62695199537e-05	0.00145748987854	0.000416425679584	0.00270676691729	0.000462695199537	3.47021399653e-05
0.00315789473684	0.0010989010989	8.0971659919e-05	0	0.00371312897629	0.00121457489879	0	6.94042799306e-05	0.000347021399653	0.00817813765182	6.94042799306e-05	9.25390399075e-05	0.000393290919607	6.94042799306e-05	0.00403701561596	0.000196645459803	0.000104106419896	0	0	3.47021399653e-05	0.000323886639676	0.0091035280509	0.00482359745518	0.00207056101793	0.00497397339503	0	0.00108733371891	0.00144592249855	0.00917293233083	0.0198380566802	0.0170618854829	1.15673799884e-05	0	0.0266628108733	0.0288606130711	0.00396761133603	0.00104106419896	0	0	0.0121341816079	8.0971659919e-05	0.00525159051475	0.00502024291498	0.00277617119722	0.0774204742626	0.0125159051475	0.00160786581839	0.00703296703297	0	0.00327356853673	0.00211683053788	0.00179294389821	0.000578368999422	0.000994794679005	0.000763447079237	0.0031000578369	0.000196645459803	0.0141122035859	0.000381723539618	0.052006940428	0	2.31347599769e-05	0.00021978021978	0.0241295546559	0.00316946211683	1.15673799884e-05	0	0	0	0.000381723539618	0.0166917293233	0.000104106419896	0.0184268363216	0.0113244650087	0.00366685945633	0.0024985540775	4.62695199537e-05	0.0232967032967	0.00175824175824	0.00231347599769	0.00112203585888	0.0107576633892	8.0971659919e-05	4.62695199537e-05
2.31347599769e-05	0	0	0	0.0102602660497	6.94042799306e-05	0	6.94042799306e-05	0	3.47021399653e-05	0.0041989589358	1.15673799884e-05	0.00186234817814	1.15673799884e-05	3.47021399653e-05	2.31347599769e-05	0	0	0	0	0.000832851359167	0	0	2.31347599769e-05	0.00352805089647	0	0	1.15673799884e-05	0.00558704453441	0.00164256795836	0.000832851359167	0	0	0.00174667437825	0.00165413533835	0.00247541931752	0	0.000115673799884	0	0.0118449971082	5.78368999422e-05	0.0292539039907	0.0244187391556	0.0276923076923	0.0125159051475	0.0900751879699	0.00683632157316	0.00836321573164	0	0.0162637362637	0.000300751879699	0.000185078079815	3.47021399653e-05	0.0012955465587	0.000705610179294	0.0171312897629	0	0.000358588779641	0.000161943319838	0.0129091960671	0	0	3.47021399653e-05	0.0142741469057	0.00505494505495	0.00021978021978	0	0	0	0.00556390977444	0.00799305957201	1.15673799884e-05	0.00196645459803	0.00131868131868	0.000277617119722	0.000728744939271	2.31347599769e-05	0.00617698091382	0.00144592249855	0.011046847889	0.000497397339503	0.0110815500289	0.000647773279352	0.00173510699826
