0.0254710930581	7.8533688771e-05	0.00279667191679	0	0.000196334221927	6.54447406425e-05	0.000894411455447	0.0098734298716	0.0148646820913	0.00026177896257	0.00148777710394	0.000562824769525	6.54447406425e-05	0.000440661253659	0.0129973254916	7.8533688771e-05	0.000209423170056	0.00185863063425	6.54447406425e-05	0.000580276700363	0.000292319841536	0.00154449587916	0.000139615446704	0.00339003756528	0.0013787025362	3.4903861676e-05	0.000946767247961	0.000645721441006	0.00464657658562	0.012329789137	0.0110819760821	1.7451930838e-05	0.000117800533156	0.00338567458257	0.00410992971235	4.3629827095e-06	5.2355792514e-05	3.05408789665e-05	0	5.2355792514e-05	0	1.30889481285e-05	6.9807723352e-05	1.30889481285e-05	0.000362127564888	2.6177896257e-05	8.725965419e-06	4.3629827095e-06	0	1.7451930838e-05	8.725965419e-06	3.4903861676e-05	4.3629827095e-06	0	0	4.3629827095e-06	1.7451930838e-05	7.8533688771e-05	3.92668443855e-05	0.000239964049022	0	1.30889481285e-05	9.16226368995e-05	0.000161430360251	1.7451930838e-05	1.7451930838e-05	0	0	0	4.3629827095e-05	0.000776610922291	0.000296682824246	0.00210295766598	0.00069807723352	0.000109074567737	5.67187752235e-05	4.3629827095e-05	8.28966714805e-05	2.6177896257e-05	3.92668443855e-05	8.725965419e-06	4.3629827095e-06	4.3629827095e-06	4.3629827095e-06
7.8533688771e-05	0.0190880493541	0.00130889481285	0	0	8.725965419e-06	1.30889481285e-05	6.1081757933e-05	8.28966714805e-05	0.000497380028883	1.30889481285e-05	0.000196334221927	8.725965419e-06	0.00025741597986	8.725965419e-05	1.30889481285e-05	0.000401394409274	0.0011954572624	7.41707060615e-05	0.00102530093673	8.725965419e-06	0.000117800533156	0.00195025327115	0.000584639683073	0.000580276700363	0.00123036112408	0.00469456939542	0.0110645241513	0.000165793342961	0.000148341412123	0.000209423170056	7.8533688771e-05	4.3629827095e-06	6.1081757933e-05	0.000842055662933	3.05408789665e-05	0.00984288899263	0.00192407537489	0	1.7451930838e-05	0	8.725965419e-06	4.79928098045e-05	0	9.16226368995e-05	1.7451930838e-05	9.5985619609e-05	2.18149135475e-05	6.1081757933e-05	3.4903861676e-05	0	0.000122163515866	0.000719892147067	4.79928098045e-05	0.000353401599469	1.7451930838e-05	0.000222512118184	0.00184117870341	0.000702440216229	9.16226368995e-05	0.000126526498575	0.0026177896257	0.00866924664378	9.16226368995e-05	5.67187752235e-05	7.8533688771e-05	4.3629827095e-06	4.3629827095e-06	0	0.000445024236369	0.000532283890559	0.000510468977011	0.000379579495726	0.000135252463994	1.30889481285e-05	8.725965419e-06	1.30889481285e-05	0.000445024236369	0.000266141945279	0.000453750201788	0.000148341412123	1.7451930838e-05	8.725965419e-06	0
0.00279667191679	0.00130889481285	0.0416882997893	0	8.725965419e-06	3.05408789665e-05	0.000157067377542	0.00208550573514	0.00228183995707	0.000100348602318	0.000117800533156	0.000493017046173	1.30889481285e-05	0.000274867910698	0.00182372677257	5.2355792514e-05	0.000615180562039	0.0116797047133	0.000148341412123	0.00197206818469	4.79928098045e-05	0.00346420827134	0.000663173371844	0.0219981588213	0.000536646873268	7.41707060615e-05	0.00707675795481	0.0149257638492	0.00207241678701	0.00262215260841	0.00640049563484	1.30889481285e-05	3.4903861676e-05	0.000772247939581	0.00515704556263	2.18149135475e-05	0.0020680538043	0.00100348602318	0	8.725965419e-06	0	8.725965419e-06	0.000104711585028	8.725965419e-06	0.000183245273799	1.30889481285e-05	2.18149135475e-05	4.3629827095e-06	0	4.3629827095e-05	0	0.000780973905	0.000266141945279	8.725965419e-06	3.05408789665e-05	4.3629827095e-06	0.000410120374693	0.00237782557668	0.00117800533156	0.000117800533156	4.3629827095e-06	0.000353401599469	0.00265705647009	0.000239964049022	3.05408789665e-05	0.000135252463994	0	0	4.3629827095e-06	0.000296682824246	0.00476874010148	0.00246072224816	0.0044109755193	0.00245199628274	0.000130889481285	4.3629827095e-05	7.41707060615e-05	0.000471202132626	0.000283593876117	0.000287956858827	0.00017015632567	3.05408789665e-05	1.30889481285e-05	4.3629827095e-06
0	0	0	0	0	0	0	0	0	0	0	0	0	0	0	0	0	0	0	0	0	0	0	0	0	0	0	0	0	0	0	0	0	0	0	0	0	0	0	0	0	0	0	0	0	0	0	0	0	0	0	0	0	0	0	0	0	0	0	0	0	0	0	0	0	0	0	0	0	0	0	0	0	0	0	0	0	0	0	0	0	0	0	0
0.000196334221927	0	8.725965419e-06	0	0.0188742632013	8.725965419e-06	0.000239964049022	0.00107765672925	0.000445024236369	0.000458113184497	0.00119982024511	6.9807723352e-05	0.00178009694548	5.2355792514e-05	0.000401394409274	8.725965419e-05	4.3629827095e-06	4.3629827095e-06	4.3629827095e-06	2.18149135475e-05	0.00425827112447	8.725965419e-06	8.725965419e-06	8.725965419e-06	0.00859943892042	0	2.6177896257e-05	1.30889481285e-05	0.00432807884782	0.000527920907849	4.79928098045e-05	0	4.3629827095e-06	0.000484291080754	0.000475565115335	3.05408789665e-05	4.3629827095e-06	0	0	0.00517886047618	0	0.000375216513017	0.000117800533156	0.000100348602318	0.000449387219078	0.00176264501464	2.18149135475e-05	0.00174083010109	4.3629827095e-06	0.000165793342961	5.67187752235e-05	4.3629827095e-06	8.725965419e-06	4.3629827095e-06	0	0.00489526660006	4.3629827095e-06	4.3629827095e-06	4.3629827095e-06	0.000562824769525	0	8.725965419e-06	1.30889481285e-05	0.00052355792514	0.000143978429413	8.725965419e-06	0	1.7451930838e-05	4.3629827095e-06	0.00017451930838	0.000161430360251	1.7451930838e-05	0.000287956858827	0.000139615446704	0.000100348602318	8.725965419e-06	0	0.000126526498575	1.30889481285e-05	0.000139615446704	8.725965419e-06	6.54447406425e-05	3.05408789665e-05	0
6.54447406425e-05	8.725965419e-06	3.05408789665e-05	0	8.725965419e-06	0.00623033930917	0.00243890733461	0.00017015632567	0.00319806632606	3.92668443855e-05	0.000200697204637	0.000126526498575	7.8533688771e-05	0.000301045806955	0.000510468977011	0.00119982024511	4.3629827095e-06	3.92668443855e-05	0	2.6177896257e-05	9.16226368995e-05	3.05408789665e-05	4.3629827095e-06	5.2355792514e-05	4.79928098045e-05	8.725965419e-06	3.4903861676e-05	3.05408789665e-05	0.000117800533156	0.000493017046173	6.54447406425e-05	0	0.00221203223372	0.000117800533156	0.0011954572624	0	0	0	0	0	0	0	4.3629827095e-06	0	1.30889481285e-05	4.3629827095e-06	0	0	0	4.3629827095e-06	0	0	0	0	0	0	0	0	0	1.30889481285e-05	0	0	0	8.725965419e-06	0	0	0	0	0	0	0.000375216513017	7.8533688771e-05	0.000641358458296	0.000314134755084	0.00103402690215	0.000645721441006	3.4903861676e-05	4.3629827095e-06	0	0	0	0	0	0
0.000894411455447	1.30889481285e-05	0.000157067377542	0	0.000239964049022	0.00243890733461	0.0344370225261	0.00653574809883	0.0185383135327	0.000122163515866	0.0102530093673	0.000859507593771	0.00389178057687	0.00121727217595	0.00397904023106	0.00304972491394	4.79928098045e-05	0.000126526498575	6.1081757933e-05	0.000187608256508	0.0025697968159	0.000100348602318	4.3629827095e-06	0.000248690014441	0.000663173371844	3.92668443855e-05	0.000357764582179	0.000135252463994	0.0027574050724	0.00287084262285	0.000445024236369	0	0.0019284383576	0.000632632492877	0.00324605913587	4.3629827095e-06	2.18149135475e-05	0	0	1.7451930838e-05	0	4.3629827095e-06	4.3629827095e-06	4.3629827095e-06	6.1081757933e-05	8.725965419e-06	8.725965419e-06	0	4.3629827095e-06	0	0	0	0	0	4.3629827095e-06	0	8.725965419e-06	4.3629827095e-06	0	5.67187752235e-05	0	4.3629827095e-06	2.18149135475e-05	3.05408789665e-05	0	4.3629827095e-06	0	0	0	0	0.00104711585028	0.000239964049022	0.00153576991374	0.000658810389134	0.00126962796846	0.000541009855978	0.000104711585028	3.4903861676e-05	8.725965419e-06	4.3629827095e-06	0	4.3629827095e-06	4.3629827095e-06	4.3629827095e-06
0.0098734298716	6.1081757933e-05	0.00208550573514	0	0.00107765672925	0.00017015632567	0.00653574809883	0.0497510918364	0.0134336237625	0.00106456778112	0.0127879023215	0.00100784900589	0.000410120374693	0.000706803198939	0.00903573719137	0.000362127564888	0.000187608256508	0.00140924341517	0.000104711585028	0.000536646873268	0.00095549321338	0.00156194781	0.000187608256508	0.00329405194567	0.00434553077866	5.2355792514e-05	0.00095549321338	0.000567187752235	0.0223079305937	0.00988651881973	0.00972508845947	1.30889481285e-05	0.000244327031732	0.00697640935249	0.00719019550526	5.2355792514e-05	5.2355792514e-05	3.92668443855e-05	0	0.000479928098045	0	3.4903861676e-05	0.000191971239218	1.30889481285e-05	0.00132634674369	0.00017015632567	2.6177896257e-05	3.05408789665e-05	4.3629827095e-06	7.8533688771e-05	2.18149135475e-05	1.30889481285e-05	4.3629827095e-06	8.725965419e-06	4.3629827095e-06	0.000109074567737	1.30889481285e-05	9.16226368995e-05	4.3629827095e-05	0.00117364234886	8.725965419e-06	2.6177896257e-05	7.8533688771e-05	0.000562824769525	7.41707060615e-05	4.3629827095e-05	0	0	0	6.54447406425e-05	0.00176700799735	0.000466839149916	0.00417101147028	0.00159248868897	0.000322860720503	0.00017015632567	6.9807723352e-05	0.000122163515866	2.6177896257e-05	7.41707060615e-05	2.18149135475e-05	1.7451930838e-05	1.30889481285e-05	8.725965419e-06
0.0148646820913	8.28966714805e-05	0.00228183995707	0	0.000445024236369	0.00319806632606	0.0185383135327	0.0134336237625	0.0608505198494	0.000322860720503	0.0100261342664	0.00309771772374	0.0020680538043	0.00308899175833	0.0284640991968	0.00207677976972	0.000270504927989	0.00157503675813	0.000226875100894	0.000833329697514	0.00301918403497	0.00140924341517	0.000148341412123	0.00304536193123	0.00198515713282	0.000139615446704	0.00152268096562	0.000802788818548	0.00702003917958	0.017150885031	0.00836383785411	4.79928098045e-05	0.00464657658562	0.00511341573553	0.0111692357363	1.30889481285e-05	7.8533688771e-05	2.18149135475e-05	0	6.1081757933e-05	0	1.7451930838e-05	0.000104711585028	2.18149135475e-05	0.000427572305531	5.2355792514e-05	2.18149135475e-05	0	3.05408789665e-05	3.05408789665e-05	0	3.05408789665e-05	4.3629827095e-06	0	0	4.3629827095e-06	2.6177896257e-05	8.28966714805e-05	3.4903861676e-05	0.00034903861676	1.7451930838e-05	2.6177896257e-05	0.000117800533156	0.000235601066313	1.7451930838e-05	1.7451930838e-05	0	0	4.3629827095e-06	4.79928098045e-05	0.00290574648453	0.000907500403576	0.00562388471254	0.00219458030288	0.00116927936615	0.00107329374654	0.00026177896257	0.000157067377542	4.79928098045e-05	4.79928098045e-05	8.725965419e-06	8.725965419e-06	8.725965419e-06	1.30889481285e-05
0.00026177896257	0.000497380028883	0.000100348602318	0	0.000458113184497	3.92668443855e-05	0.000122163515866	0.00106456778112	0.000322860720503	0.0161168581289	0.000139615446704	0.000104711585028	0.00177137098006	0.000109074567737	0.000375216513017	0.000754796008743	0.000589002665782	5.67187752235e-05	0	4.3629827095e-05	0.000876959524609	0.000165793342961	0.00181063782444	0.000239964049022	0.00763521974162	4.3629827095e-05	7.41707060615e-05	0.000248690014441	0.00306717684478	0.000990397075056	0.00095985619609	0	4.3629827095e-06	0.000972945144218	0.00135252463994	0.00026177896257	2.6177896257e-05	4.3629827095e-06	0	0.00086823355919	0	0.000104711585028	0.000719892147067	0.000126526498575	0.00482545887671	0.000292319841536	2.18149135475e-05	8.725965419e-05	8.725965419e-06	0.000235601066313	3.92668443855e-05	6.54447406425e-05	1.30889481285e-05	0	4.3629827095e-06	0.000331586685922	3.92668443855e-05	0.000148341412123	4.3629827095e-05	0.00353401599469	4.3629827095e-06	3.92668443855e-05	4.79928098045e-05	0.00176264501464	0.000239964049022	0.000104711585028	0	1.30889481285e-05	7.41707060615e-05	0.000139615446704	0.00078533688771	0.000122163515866	0.000558461786816	0.000244327031732	0.00166665939503	2.6177896257e-05	8.725965419e-06	0.000235601066313	8.28966714805e-05	0.000213786152765	2.18149135475e-05	6.54447406425e-05	5.67187752235e-05	0
0.00148777710394	1.30889481285e-05	0.000117800533156	0	0.00119982024511	0.000200697204637	0.0102530093673	0.0127879023215	0.0100261342664	0.000139615446704	0.037142071806	0.0010122119886	0.00282284981305	0.000746070043324	0.00494325940986	0.000375216513017	4.3629827095e-05	7.41707060615e-05	0.000113437550447	0.000183245273799	0.0057853150728	9.5985619609e-05	3.05408789665e-05	0.000231238083603	0.00141360639788	3.92668443855e-05	0.000427572305531	0.000200697204637	0.00924079737872	0.004821095894	0.000301045806955	1.7451930838e-05	0.000205060187346	0.00246072224816	0.00446333131182	1.30889481285e-05	8.725965419e-06	0	0	6.1081757933e-05	0	5.2355792514e-05	2.18149135475e-05	1.7451930838e-05	0.000130889481285	6.1081757933e-05	8.725965419e-06	9.5985619609e-05	8.725965419e-06	1.7451930838e-05	4.3629827095e-06	0	0	0	0	2.18149135475e-05	0	1.30889481285e-05	4.3629827095e-06	0.000109074567737	4.3629827095e-06	0	8.725965419e-06	5.67187752235e-05	8.725965419e-06	0	4.3629827095e-06	0	0	8.725965419e-06	0.000811514783967	0.000253052997151	0.00233855873229	0.000968582161509	0.000235601066313	0.000157067377542	6.9807723352e-05	4.3629827095e-05	4.3629827095e-06	1.30889481285e-05	0	1.30889481285e-05	0	8.725965419e-06
0.000562824769525	0.000196334221927	0.000493017046173	0	6.9807723352e-05	0.000126526498575	0.000859507593771	0.00100784900589	0.00309771772374	0.000104711585028	0.0010122119886	0.0360426001632	0.000340312651341	0.0135819651747	0.00378706899185	0.000279230893408	0.00017015632567	0.0008725965419	0.00499997818509	0.00383506180165	0.000497380028883	0.000335949668631	8.725965419e-05	0.00107765672925	0.000418846340112	0.00466402851645	0.00945458353149	0.00225566206081	0.000863870576481	0.00609944982788	0.000702440216229	0.00100348602318	0.000418846340112	0.00116491638344	0.0137303065868	0	0.000305408789665	4.3629827095e-05	0	2.18149135475e-05	0	3.4903861676e-05	4.3629827095e-05	2.18149135475e-05	7.41707060615e-05	3.05408789665e-05	0.00116055340073	1.30889481285e-05	0.00161430360251	3.05408789665e-05	8.725965419e-06	2.6177896257e-05	3.92668443855e-05	6.54447406425e-05	0.000126526498575	4.3629827095e-06	2.18149135475e-05	6.1081757933e-05	2.6177896257e-05	7.41707060615e-05	0.000990397075056	0.000951130230671	0.000824603732095	6.1081757933e-05	4.79928098045e-05	8.725965419e-06	6.9807723352e-05	8.725965419e-06	0	0.000157067377542	0.00332459282464	0.00515268257992	0.0065662889778	0.00148777710394	0.000135252463994	4.79928098045e-05	0.000964219178799	0.000418846340112	0.00126962796846	0.000222512118184	3.05408789665e-05	8.725965419e-06	4.3629827095e-06	0.000244327031732
6.54447406425e-05	8.725965419e-06	1.30889481285e-05	0	0.00178009694548	7.8533688771e-05	0.00389178057687	0.000410120374693	0.0020680538043	0.00177137098006	0.00282284981305	0.000340312651341	0.0268105287499	0.000362127564888	0.00136997657078	0.00165793342961	1.7451930838e-05	2.18149135475e-05	3.4903861676e-05	8.28966714805e-05	0.0116142599727	8.725965419e-06	0	3.4903861676e-05	0.00360382371805	1.7451930838e-05	0.000139615446704	5.2355792514e-05	0.000514831959721	0.00125653902034	4.3629827095e-05	4.3629827095e-06	0.000122163515866	0.000157067377542	0.00127835393388	2.18149135475e-05	4.3629827095e-06	8.725965419e-06	0	4.3629827095e-05	8.725965419e-06	0.00175391904922	3.05408789665e-05	0.000327223703212	3.05408789665e-05	0.00245635926545	7.41707060615e-05	0.00518322345889	1.30889481285e-05	0.000362127564888	9.5985619609e-05	8.725965419e-06	1.30889481285e-05	8.725965419e-06	1.30889481285e-05	0.000410120374693	2.18149135475e-05	0	1.7451930838e-05	2.6177896257e-05	8.725965419e-06	5.2355792514e-05	1.7451930838e-05	2.18149135475e-05	0.000314134755084	2.6177896257e-05	0	5.2355792514e-05	0	0.000314134755084	0.000244327031732	6.9807723352e-05	0.000510468977011	0.000187608256508	0.000881322507319	8.28966714805e-05	2.6177896257e-05	7.41707060615e-05	4.79928098045e-05	0.000305408789665	3.4903861676e-05	0.000100348602318	3.92668443855e-05	0
0.000440661253659	0.00025741597986	0.000274867910698	0	5.2355792514e-05	0.000301045806955	0.00121727217595	0.000706803198939	0.00308899175833	0.000109074567737	0.000746070043324	0.0135819651747	0.000362127564888	0.0301656624535	0.00253489295422	0.000340312651341	0.000109074567737	0.000283593876117	0.000780973905	0.000859507593771	0.000445024236369	0.00026177896257	5.2355792514e-05	0.000802788818548	0.000388305461145	0.00924516036143	0.00549735821397	0.00498688923696	0.000702440216229	0.00363872757972	0.00051919494243	0.00253489295422	0.000619543544749	0.000916226368995	0.00798425835838	1.30889481285e-05	0.000466839149916	3.05408789665e-05	0	2.18149135475e-05	0	4.79928098045e-05	2.6177896257e-05	1.7451930838e-05	9.16226368995e-05	3.4903861676e-05	0.00170592623941	1.7451930838e-05	0.00258288576402	3.92668443855e-05	8.725965419e-06	1.7451930838e-05	3.4903861676e-05	0.000104711585028	0.000117800533156	4.3629827095e-06	2.18149135475e-05	2.6177896257e-05	3.05408789665e-05	7.8533688771e-05	0.00150522903478	0.00187608256508	0.00129144288201	4.79928098045e-05	4.3629827095e-05	1.30889481285e-05	0.000143978429413	4.3629827095e-06	0	0.000226875100894	0.00184554168612	0.00274867910698	0.00518322345889	0.00209859468327	0.000222512118184	0.00078533688771	0.00104275286757	0.00025741597986	0.00187608256508	0.000314134755084	3.05408789665e-05	1.30889481285e-05	4.3629827095e-06	0.000353401599469
0.0129973254916	8.725965419e-05	0.00182372677257	0	0.000401394409274	0.000510468977011	0.00397904023106	0.00903573719137	0.0284640991968	0.000375216513017	0.00494325940986	0.00378706899185	0.00136997657078	0.00253489295422	0.0465050327006	0.000689351268101	0.000292319841536	0.00143105832872	0.000283593876117	0.000859507593771	0.00225566206081	0.00125653902034	0.000148341412123	0.00257852278131	0.00216403942391	0.000165793342961	0.00165793342961	0.000807151801257	0.00642231054838	0.0254841820062	0.00890484771009	6.54447406425e-05	0.00187608256508	0.00836383785411	0.0129711475953	1.7451930838e-05	7.41707060615e-05	3.4903861676e-05	0	5.2355792514e-05	0	2.18149135475e-05	9.16226368995e-05	3.05408789665e-05	0.000458113184497	5.2355792514e-05	1.7451930838e-05	0	3.92668443855e-05	2.6177896257e-05	0	3.05408789665e-05	8.725965419e-06	0	0	1.30889481285e-05	8.725965419e-06	5.67187752235e-05	2.6177896257e-05	0.000366490547598	3.05408789665e-05	3.92668443855e-05	0.000126526498575	0.000196334221927	8.725965419e-06	1.7451930838e-05	0	0	4.3629827095e-06	4.79928098045e-05	0.00239091452481	0.000859507593771	0.0050959638047	0.00165793342961	0.000510468977011	0.000331586685922	0.000143978429413	0.000122163515866	3.05408789665e-05	6.9807723352e-05	1.7451930838e-05	8.725965419e-06	8.725965419e-06	0
7.8533688771e-05	1.30889481285e-05	5.2355792514e-05	0	8.725965419e-05	0.00119982024511	0.00304972491394	0.000362127564888	0.00207677976972	0.000754796008743	0.000375216513017	0.000279230893408	0.00165793342961	0.000340312651341	0.000689351268101	0.00867797260919	2.6177896257e-05	2.18149135475e-05	3.4903861676e-05	4.79928098045e-05	0.000541009855978	5.2355792514e-05	2.18149135475e-05	0.000100348602318	0.000632632492877	0	7.8533688771e-05	3.4903861676e-05	0.000331586685922	0.000711166181648	6.9807723352e-05	4.3629827095e-06	0.000331586685922	0.00017451930838	0.0010122119886	4.3629827095e-06	4.3629827095e-06	8.725965419e-06	0	8.725965419e-06	0	0	1.30889481285e-05	8.725965419e-06	8.28966714805e-05	8.725965419e-06	4.3629827095e-06	4.3629827095e-06	0	8.725965419e-06	0	1.30889481285e-05	4.3629827095e-06	0	0	4.3629827095e-06	4.3629827095e-06	0	8.725965419e-06	5.2355792514e-05	4.3629827095e-06	4.3629827095e-06	4.3629827095e-06	3.4903861676e-05	0	4.3629827095e-06	0	0	0	8.725965419e-06	0.00103402690215	0.000117800533156	0.000575913717654	0.000292319841536	0.00413610760861	0.000191971239218	5.67187752235e-05	8.725965419e-06	4.3629827095e-06	1.7451930838e-05	2.6177896257e-05	4.3629827095e-06	0	0
0.000209423170056	0.000401394409274	0.000615180562039	0	4.3629827095e-06	4.3629827095e-06	4.79928098045e-05	0.000187608256508	0.000270504927989	0.000589002665782	4.3629827095e-05	0.00017015632567	1.7451930838e-05	0.000109074567737	0.000292319841536	2.6177896257e-05	0.0245199628274	0.000383942478436	5.2355792514e-05	0.000183245273799	2.6177896257e-05	0.00417537445299	0.00681497899224	0.0111168799438	0.00644412546193	6.1081757933e-05	0.000270504927989	0.00441970148472	0.0023865515421	0.000584639683073	0.00127399095117	0	8.725965419e-06	0.000405757391983	0.00229056592249	0.000109074567737	4.79928098045e-05	6.1081757933e-05	0	3.4903861676e-05	4.3629827095e-06	6.9807723352e-05	0.000471202132626	9.16226368995e-05	0.00232983276687	0.000126526498575	2.18149135475e-05	2.18149135475e-05	8.725965419e-06	0.000130889481285	1.30889481285e-05	0.00145287324226	3.92668443855e-05	0	4.3629827095e-06	2.18149135475e-05	0.000401394409274	0.00298864315601	0.000776610922291	0.000732981095196	0	5.2355792514e-05	0.000191971239218	0.00144851025955	0.000104711585028	0.000362127564888	0	1.30889481285e-05	2.6177896257e-05	0.000157067377542	0.00338567458257	0.000924952334414	0.0023865515421	0.00156631079271	0.000135252463994	3.4903861676e-05	3.4903861676e-05	0.00051919494243	0.000222512118184	0.000218149135475	0.000130889481285	3.4903861676e-05	3.05408789665e-05	8.725965419e-06
0.00185863063425	0.0011954572624	0.0116797047133	0	4.3629827095e-06	3.92668443855e-05	0.000126526498575	0.00140924341517	0.00157503675813	5.67187752235e-05	7.41707060615e-05	0.0008725965419	2.18149135475e-05	0.000283593876117	0.00143105832872	2.18149135475e-05	0.000383942478436	0.036361097901	0.000527920907849	0.00709420988565	2.6177896257e-05	0.00409247778151	0.000226875100894	0.0148603191086	0.000462476167207	0.000122163515866	0.00910990789744	0.00858198698959	0.00150522903478	0.00246072224816	0.00627396913626	5.67187752235e-05	1.7451930838e-05	0.000820240749386	0.0105104253472	2.6177896257e-05	0.00158376272355	0.000719892147067	0	8.725965419e-06	0	1.30889481285e-05	4.3629827095e-05	1.30889481285e-05	0.000100348602318	3.4903861676e-05	3.4903861676e-05	1.7451930838e-05	4.3629827095e-06	3.05408789665e-05	0	0.000117800533156	0.000274867910698	1.7451930838e-05	5.67187752235e-05	8.725965419e-06	0.000117800533156	0.000510468977011	0.000287956858827	6.9807723352e-05	1.30889481285e-05	0.000405757391983	0.00171901518754	7.8533688771e-05	2.6177896257e-05	6.9807723352e-05	0	0	8.725965419e-06	0.000130889481285	0.00312825860271	0.0025261669888	0.00348602318489	0.00142669534601	3.92668443855e-05	3.4903861676e-05	5.67187752235e-05	0.000274867910698	0.000109074567737	0.000148341412123	6.1081757933e-05	1.30889481285e-05	8.725965419e-06	0
6.54447406425e-05	7.41707060615e-05	0.000148341412123	0	4.3629827095e-06	0	6.1081757933e-05	0.000104711585028	0.000226875100894	0	0.000113437550447	0.00499997818509	3.4903861676e-05	0.000780973905	0.000283593876117	3.4903861676e-05	5.2355792514e-05	0.000527920907849	0.0075305081566	0.0027574050724	6.1081757933e-05	5.2355792514e-05	1.30889481285e-05	0.000244327031732	5.2355792514e-05	0.000287956858827	0.00380452092268	0.000741707060615	0.000109074567737	0.000514831959721	0.000104711585028	7.41707060615e-05	1.7451930838e-05	7.8533688771e-05	0.00172337817025	0	0.000109074567737	1.30889481285e-05	0	0	0	0	0	0	0	0	4.3629827095e-05	0	6.1081757933e-05	0	0	8.725965419e-06	4.3629827095e-06	1.30889481285e-05	4.3629827095e-05	0	8.725965419e-06	4.3629827095e-06	1.30889481285e-05	4.3629827095e-06	5.2355792514e-05	0.000213786152765	0.000178882291089	4.3629827095e-06	0	0	4.3629827095e-06	0	0	8.725965419e-06	0.000663173371844	0.000728618112486	0.000680625302682	0.000213786152765	1.30889481285e-05	8.725965419e-06	2.18149135475e-05	7.41707060615e-05	4.3629827095e-05	2.18149135475e-05	8.725965419e-06	4.3629827095e-06	0	4.3629827095e-06
0.000580276700363	0.00102530093673	0.00197206818469	0	2.18149135475e-05	2.6177896257e-05	0.000187608256508	0.000536646873268	0.000833329697514	4.3629827095e-05	0.000183245273799	0.00383506180165	8.28966714805e-05	0.000859507593771	0.000859507593771	4.79928098045e-05	0.000183245273799	0.00709420988565	0.0027574050724	0.0276220435338	7.41707060615e-05	0.000702440216229	9.5985619609e-05	0.00216840240662	0.000248690014441	0.000497380028883	0.0191971239218	0.00640485861755	0.000567187752235	0.0016055776371	0.00158376272355	0.000135252463994	3.4903861676e-05	0.000615180562039	0.0086823355919	1.7451930838e-05	0.00122163515866	0.000314134755084	0	8.725965419e-06	0	1.7451930838e-05	3.05408789665e-05	8.725965419e-06	5.67187752235e-05	1.7451930838e-05	5.67187752235e-05	2.18149135475e-05	4.3629827095e-05	2.18149135475e-05	0	6.9807723352e-05	0.000178882291089	3.05408789665e-05	0.000178882291089	8.725965419e-06	2.6177896257e-05	0.000135252463994	0.000104711585028	5.2355792514e-05	5.67187752235e-05	0.00106020479841	0.00150959201749	4.79928098045e-05	2.18149135475e-05	2.18149135475e-05	4.3629827095e-06	0	0	0.000117800533156	0.00291883543266	0.00294937631162	0.00300173210414	0.000859507593771	5.2355792514e-05	2.6177896257e-05	8.725965419e-05	0.000322860720503	7.8533688771e-05	0.000113437550447	2.18149135475e-05	4.3629827095e-06	8.725965419e-06	0
0.000292319841536	8.725965419e-06	4.79928098045e-05	0	0.00425827112447	9.16226368995e-05	0.0025697968159	0.00095549321338	0.00301918403497	0.000876959524609	0.0057853150728	0.000497380028883	0.0116142599727	0.000445024236369	0.00225566206081	0.000541009855978	2.6177896257e-05	2.6177896257e-05	6.1081757933e-05	7.41707060615e-05	0.0231674381874	1.7451930838e-05	4.3629827095e-06	5.2355792514e-05	0.00393541040397	2.6177896257e-05	0.000196334221927	0.000113437550447	0.00152704394832	0.00226438802623	7.8533688771e-05	8.725965419e-06	0.000157067377542	0.000645721441006	0.00212040959682	8.725965419e-06	1.30889481285e-05	4.3629827095e-06	0	0.000318497737793	0	0.000562824769525	2.18149135475e-05	0.000113437550447	3.05408789665e-05	0.000881322507319	1.30889481285e-05	0.00146159920768	0	0.000139615446704	3.05408789665e-05	0	4.3629827095e-06	0	0	0.000488654063464	4.3629827095e-06	0	0	3.92668443855e-05	0	3.05408789665e-05	1.7451930838e-05	1.7451930838e-05	0.000117800533156	8.725965419e-06	0	8.725965419e-06	0	9.5985619609e-05	0.000401394409274	0.000117800533156	0.000977308126928	0.000322860720503	0.000301045806955	0.000117800533156	2.18149135475e-05	3.05408789665e-05	3.05408789665e-05	9.5985619609e-05	8.725965419e-06	3.05408789665e-05	2.18149135475e-05	0
0.00154449587916	0.000117800533156	0.00346420827134	0	8.725965419e-06	3.05408789665e-05	0.000100348602318	0.00156194781	0.00140924341517	0.000165793342961	9.5985619609e-05	0.000335949668631	8.725965419e-06	0.00026177896257	0.00125653902034	5.2355792514e-05	0.00417537445299	0.00409247778151	5.2355792514e-05	0.000702440216229	1.7451930838e-05	0.0440792143141	0.00103402690215	0.028416106387	0.00147468815581	1.7451930838e-05	0.000881322507319	0.00151831798291	0.00745633745053	0.00230801785333	0.0148123262988	1.30889481285e-05	3.4903861676e-05	0.00148341412123	0.00706366900668	4.79928098045e-05	8.28966714805e-05	6.9807723352e-05	0	3.4903861676e-05	0	1.7451930838e-05	0.000218149135475	2.6177896257e-05	0.00128271691659	2.6177896257e-05	8.725965419e-06	1.30889481285e-05	1.30889481285e-05	4.79928098045e-05	1.30889481285e-05	0.000405757391983	3.4903861676e-05	0	1.7451930838e-05	4.3629827095e-06	0.000109074567737	0.00106456778112	0.000148341412123	0.000392668443855	0	3.92668443855e-05	0.000143978429413	0.000754796008743	5.2355792514e-05	0.000143978429413	0	0	1.30889481285e-05	9.5985619609e-05	0.00299300613872	0.000876959524609	0.00539264662894	0.0024345443519	0.000122163515866	6.54447406425e-05	7.8533688771e-05	0.000209423170056	9.16226368995e-05	0.000109074567737	6.9807723352e-05	2.18149135475e-05	1.7451930838e-05	4.3629827095e-06
0.000139615446704	0.00195025327115	0.000663173371844	0	8.725965419e-06	4.3629827095e-06	4.3629827095e-06	0.000187608256508	0.000148341412123	0.00181063782444	3.05408789665e-05	8.725965419e-05	0	5.2355792514e-05	0.000148341412123	2.18149135475e-05	0.00681497899224	0.000226875100894	1.30889481285e-05	9.5985619609e-05	4.3629827095e-06	0.00103402690215	0.0184597798439	0.00337694861715	0.00467275448187	0.000231238083603	0.000222512118184	0.00456367991414	0.00117364234886	0.000401394409274	0.000894411455447	0	8.725965419e-06	0.000366490547598	0.00107329374654	0.000126526498575	9.16226368995e-05	0.000157067377542	0	4.79928098045e-05	4.3629827095e-06	4.3629827095e-05	0.000292319841536	6.1081757933e-05	0.00190226046134	8.28966714805e-05	1.7451930838e-05	8.725965419e-06	8.725965419e-06	0.000126526498575	8.725965419e-06	0.00219894328559	5.2355792514e-05	4.3629827095e-06	2.6177896257e-05	1.30889481285e-05	0.000423209322821	0.00458985781039	0.00136997657078	0.000593365648492	8.725965419e-06	6.1081757933e-05	0.000663173371844	0.00113873848718	0.000113437550447	0.00025741597986	0	8.725965419e-06	3.4903861676e-05	0.000287956858827	0.00108638269467	0.000414483357402	0.000759158991453	0.000458113184497	4.3629827095e-05	1.7451930838e-05	1.30889481285e-05	0.000440661253659	0.000301045806955	0.000292319841536	0.000187608256508	3.92668443855e-05	3.92668443855e-05	2.18149135475e-05
0.00339003756528	0.000584639683073	0.0219981588213	0	8.725965419e-06	5.2355792514e-05	0.000248690014441	0.00329405194567	0.00304536193123	0.000239964049022	0.000231238083603	0.00107765672925	3.4903861676e-05	0.000802788818548	0.00257852278131	0.000100348602318	0.0111168799438	0.0148603191086	0.000244327031732	0.00216840240662	5.2355792514e-05	0.028416106387	0.00337694861715	0.0813259977051	0.00196770520198	9.5985619609e-05	0.00335949668631	0.0139571816877	0.00609072386246	0.0035820088045	0.0128926139066	4.3629827095e-05	5.67187752235e-05	0.00145287324226	0.0135950541228	9.16226368995e-05	0.000375216513017	0.000418846340112	0	3.05408789665e-05	0	3.92668443855e-05	0.00034467563405	6.54447406425e-05	0.00149214008665	6.9807723352e-05	2.18149135475e-05	3.05408789665e-05	2.18149135475e-05	9.16226368995e-05	2.18149135475e-05	0.00304099894852	0.000130889481285	1.30889481285e-05	2.18149135475e-05	2.6177896257e-05	0.00078533688771	0.00608636087975	0.00213349854495	0.000623906527458	8.725965419e-06	0.000200697204637	0.00116491638344	0.00125217603763	8.725965419e-05	0.000423209322821	0	0	8.725965419e-06	0.000362127564888	0.0102006535748	0.00370853530307	0.0129362437337	0.00775302027478	0.000484291080754	0.000139615446704	0.00026177896257	0.000942404265252	0.000479928098045	0.000401394409274	0.000362127564888	0.000109074567737	3.92668443855e-05	8.725965419e-06
0.0013787025362	0.000580276700363	0.000536646873268	0	0.00859943892042	4.79928098045e-05	0.000663173371844	0.00434553077866	0.00198515713282	0.00763521974162	0.00141360639788	0.000418846340112	0.00360382371805	0.000388305461145	0.00216403942391	0.000632632492877	0.00644412546193	0.000462476167207	5.2355792514e-05	0.000248690014441	0.00393541040397	0.00147468815581	0.00467275448187	0.00196770520198	0.0527571869233	7.41707060615e-05	0.00034903861676	0.000645721441006	0.0201308022216	0.0047294732571	0.00628705808439	8.725965419e-06	6.9807723352e-05	0.00441533850201	0.00687606075017	0.000445024236369	9.5985619609e-05	5.2355792514e-05	0	0.00256543383319	1.30889481285e-05	0.000205060187346	0.00143105832872	0.000270504927989	0.00695023145623	0.000532283890559	5.67187752235e-05	0.000165793342961	4.3629827095e-06	0.00043193528824	6.1081757933e-05	0.000196334221927	2.18149135475e-05	1.30889481285e-05	4.3629827095e-06	0.000327223703212	9.5985619609e-05	0.000536646873268	0.000157067377542	0.00650084423715	0	7.41707060615e-05	0.000135252463994	0.00329841492838	0.000506105994302	0.000314134755084	0	2.6177896257e-05	0.000130889481285	0.000318497737793	0.0033071408938	0.000667536354553	0.00317188842981	0.00158376272355	0.00106456778112	6.9807723352e-05	7.41707060615e-05	0.000584639683073	0.000117800533156	0.000397031426564	8.28966714805e-05	9.16226368995e-05	0.000104711585028	0
3.4903861676e-05	0.00123036112408	7.41707060615e-05	0	0	8.725965419e-06	3.92668443855e-05	5.2355792514e-05	0.000139615446704	4.3629827095e-05	3.92668443855e-05	0.00466402851645	1.7451930838e-05	0.00924516036143	0.000165793342961	0	6.1081757933e-05	0.000122163515866	0.000287956858827	0.000497380028883	2.6177896257e-05	1.7451930838e-05	0.000231238083603	9.5985619609e-05	7.41707060615e-05	0.018368157207	0.00483418484213	0.00607763491433	5.2355792514e-05	0.000253052997151	6.1081757933e-05	0.000650084423715	2.18149135475e-05	6.54447406425e-05	0.000719892147067	8.725965419e-06	0.00205496485617	2.6177896257e-05	0	4.3629827095e-06	0	4.3629827095e-05	2.18149135475e-05	2.6177896257e-05	8.725965419e-06	5.2355792514e-05	0.00213349854495	2.6177896257e-05	0.00262651559112	5.67187752235e-05	8.725965419e-06	8.725965419e-06	4.3629827095e-05	0.00017451930838	0.000379579495726	4.3629827095e-06	1.30889481285e-05	3.05408789665e-05	1.7451930838e-05	2.18149135475e-05	0.00233855873229	0.00336385966902	0.00272250121073	2.6177896257e-05	8.725965419e-05	0	0.000183245273799	1.30889481285e-05	0	0.00034467563405	0.000322860720503	0.000580276700363	0.00043193528824	0.000100348602318	2.18149135475e-05	0	0.000244327031732	0.000187608256508	0.0022033062683	0.000497380028883	8.725965419e-05	2.6177896257e-05	1.30889481285e-05	0.000497380028883
0.000946767247961	0.00469456939542	0.00707675795481	0	2.6177896257e-05	3.4903861676e-05	0.000357764582179	0.00095549321338	0.00152268096562	7.41707060615e-05	0.000427572305531	0.00945458353149	0.000139615446704	0.00549735821397	0.00165793342961	7.8533688771e-05	0.000270504927989	0.00910990789744	0.00380452092268	0.0191971239218	0.000196334221927	0.000881322507319	0.000222512118184	0.00335949668631	0.00034903861676	0.00483418484213	0.068455198712	0.0240618496429	0.000907500403576	0.00286211665743	0.00213786152765	0.00184990466883	8.28966714805e-05	0.000890048472738	0.0102224684884	3.92668443855e-05	0.00593365648492	0.000881322507319	0	2.6177896257e-05	0	4.3629827095e-05	8.725965419e-05	3.4903861676e-05	7.8533688771e-05	4.79928098045e-05	0.000689351268101	3.05408789665e-05	0.000903137420866	7.41707060615e-05	4.3629827095e-06	9.5985619609e-05	0.000571550734944	0.000335949668631	0.00102093795402	8.725965419e-06	7.8533688771e-05	0.00025741597986	0.000248690014441	7.8533688771e-05	0.00086823355919	0.00588566367511	0.00746506341595	9.5985619609e-05	7.41707060615e-05	5.67187752235e-05	9.5985619609e-05	8.725965419e-06	0	0.000484291080754	0.00504360801218	0.00636122879045	0.00474256220523	0.00145287324226	8.28966714805e-05	4.3629827095e-05	0.000187608256508	0.000789699870419	0.000628269510168	0.000532283890559	0.000122163515866	3.4903861676e-05	1.30889481285e-05	3.05408789665e-05
0.000645721441006	0.0110645241513	0.0149257638492	0	1.30889481285e-05	3.05408789665e-05	0.000135252463994	0.000567187752235	0.000802788818548	0.000248690014441	0.000200697204637	0.00225566206081	5.2355792514e-05	0.00498688923696	0.000807151801257	3.4903861676e-05	0.00441970148472	0.00858198698959	0.000741707060615	0.00640485861755	0.000113437550447	0.00151831798291	0.00456367991414	0.0139571816877	0.000645721441006	0.00607763491433	0.0240618496429	0.0852352302128	0.000911863386285	0.00143978429413	0.00161430360251	0.00157939974084	3.05408789665e-05	0.000575913717654	0.0073952556926	7.41707060615e-05	0.00867360962649	0.00268759734905	0	2.18149135475e-05	0	6.1081757933e-05	0.000200697204637	4.3629827095e-05	0.00026177896257	6.9807723352e-05	0.000471202132626	3.4903861676e-05	0.00060645459662	0.000109074567737	4.3629827095e-06	0.00228620293978	0.000885685490028	0.000187608256508	0.000597728631201	1.7451930838e-05	0.000894411455447	0.00681061600953	0.00313262158542	0.00026177896257	0.000711166181648	0.00453750201788	0.0112783103041	0.000405757391983	0.000113437550447	0.000357764582179	6.54447406425e-05	4.3629827095e-06	4.3629827095e-06	0.000933678299833	0.00648339230632	0.00518322345889	0.00508287485657	0.00256107085048	0.000117800533156	6.9807723352e-05	0.000143978429413	0.00125217603763	0.000903137420866	0.000938041282542	0.000414483357402	9.16226368995e-05	4.79928098045e-05	5.2355792514e-05
0.00464657658562	0.000165793342961	0.00207241678701	0	0.00432807884782	0.000117800533156	0.0027574050724	0.0223079305937	0.00702003917958	0.00306717684478	0.00924079737872	0.000863870576481	0.000514831959721	0.000702440216229	0.00642231054838	0.000331586685922	0.0023865515421	0.00150522903478	0.000109074567737	0.000567187752235	0.00152704394832	0.00745633745053	0.00117364234886	0.00609072386246	0.0201308022216	5.2355792514e-05	0.000907500403576	0.000911863386285	0.0638609779189	0.0102181055056	0.0145898141806	1.30889481285e-05	0.000165793342961	0.00882631402132	0.0105933220187	0.000226875100894	7.8533688771e-05	6.54447406425e-05	0	0.0023865515421	4.3629827095e-06	0.000222512118184	0.00095985619609	0.000183245273799	0.00552353611023	0.000789699870419	5.2355792514e-05	0.000296682824246	4.3629827095e-06	0.000287956858827	4.79928098045e-05	0.000143978429413	2.18149135475e-05	1.30889481285e-05	2.18149135475e-05	0.00123472410679	6.9807723352e-05	0.000388305461145	0.000148341412123	0.00396595128294	4.3629827095e-06	5.67187752235e-05	0.000165793342961	0.00249998909254	0.000279230893408	0.000209423170056	0	8.725965419e-06	5.2355792514e-05	0.000266141945279	0.00371726126849	0.000811514783967	0.00580712998634	0.0026177896257	0.000715529164358	0.000161430360251	0.000117800533156	0.000458113184497	0.000117800533156	0.000305408789665	7.41707060615e-05	0.000100348602318	0.000100348602318	4.3629827095e-06
0.012329789137	0.000148341412123	0.00262215260841	0	0.000527920907849	0.000493017046173	0.00287084262285	0.00988651881973	0.017150885031	0.000990397075056	0.004821095894	0.00609944982788	0.00125653902034	0.00363872757972	0.0254841820062	0.000711166181648	0.000584639683073	0.00246072224816	0.000514831959721	0.0016055776371	0.00226438802623	0.00230801785333	0.000401394409274	0.0035820088045	0.0047294732571	0.000253052997151	0.00286211665743	0.00143978429413	0.0102181055056	0.0587213842872	0.0191534940947	8.725965419e-05	0.00208986871785	0.0224344570922	0.026448401185	8.725965419e-05	0.000126526498575	6.1081757933e-05	0	0.000196334221927	0	4.79928098045e-05	0.000239964049022	6.1081757933e-05	0.00127399095117	8.725965419e-05	3.92668443855e-05	2.18149135475e-05	5.2355792514e-05	8.725965419e-05	8.725965419e-06	4.79928098045e-05	1.30889481285e-05	4.3629827095e-06	8.725965419e-06	3.92668443855e-05	1.7451930838e-05	0.000117800533156	5.2355792514e-05	0.000990397075056	3.4903861676e-05	8.725965419e-05	0.000196334221927	0.000558461786816	9.5985619609e-05	3.4903861676e-05	4.3629827095e-06	4.3629827095e-06	1.30889481285e-05	9.16226368995e-05	0.00435861972679	0.00147905113852	0.0108551009812	0.00361691266618	0.000536646873268	0.000497380028883	0.000274867910698	0.000231238083603	6.9807723352e-05	0.000135252463994	3.4903861676e-05	1.7451930838e-05	3.4903861676e-05	0
0.0110819760821	0.000209423170056	0.00640049563484	0	4.79928098045e-05	6.54447406425e-05	0.000445024236369	0.00972508845947	0.00836383785411	0.00095985619609	0.000301045806955	0.000702440216229	4.3629827095e-05	0.00051919494243	0.00890484771009	6.9807723352e-05	0.00127399095117	0.00627396913626	0.000104711585028	0.00158376272355	7.8533688771e-05	0.0148123262988	0.000894411455447	0.0128926139066	0.00628705808439	6.1081757933e-05	0.00213786152765	0.00161430360251	0.0145898141806	0.0191534940947	0.0517929677445	2.18149135475e-05	8.725965419e-05	0.00989960776785	0.0135383353476	7.41707060615e-05	0.000165793342961	8.28966714805e-05	0	0.000113437550447	0	1.7451930838e-05	0.000274867910698	3.92668443855e-05	0.00159248868897	3.92668443855e-05	2.6177896257e-05	2.6177896257e-05	0	7.41707060615e-05	4.3629827095e-06	0.000104711585028	3.05408789665e-05	4.3629827095e-06	8.725965419e-06	1.30889481285e-05	5.2355792514e-05	0.000283593876117	0.000130889481285	0.000885685490028	4.3629827095e-06	6.54447406425e-05	0.000191971239218	0.000763521974162	9.5985619609e-05	9.5985619609e-05	0	0	2.18149135475e-05	0.000117800533156	0.00250871505796	0.000972945144218	0.00558025488545	0.00204187590805	0.000143978429413	7.8533688771e-05	8.28966714805e-05	0.000244327031732	6.54447406425e-05	0.000139615446704	6.54447406425e-05	2.18149135475e-05	3.4903861676e-05	0
