0.00897313622636	7.94786202512e-06	5.96089651884e-05	0	8.34525512637e-05	2.38435860753e-05	0.000441106342394	0.00307184867271	0.000651724686059	5.16611031632e-05	0.00122397075187	7.94786202512e-05	6.75568272135e-05	3.97393101256e-06	0.0041448100461	1.98696550628e-05	2.38435860753e-05	0.000166905102527	4.37132411381e-05	0.00013908758544	0.000206644412653	3.17914481005e-05	3.97393101256e-06	3.97393101256e-05	0.00013908758544	0	3.17914481005e-05	1.58957240502e-05	0.000532506755683	0.00414878397711	0.00354077253219	0	0	0.000290096963917	0.000604037513909	5.96089651884e-05	7.94786202512e-06	0	0	3.97393101256e-06	0	7.94786202512e-06	4.76871721507e-05	0.000115243999364	1.19217930377e-05	0	0	5.56350341758e-05	0	0.000162931171515	0	5.96089651884e-05	0	0	0	9.14004132888e-05	3.97393101256e-06	3.97393101256e-06	0	0.000115243999364	0	7.94786202512e-06	0	1.58957240502e-05	0.00015498330949	2.38435860753e-05	0	3.97393101256e-06	0	0.000274201239866	5.16611031632e-05	2.78175170879e-05	0.000385471308218	3.5765379113e-05	3.97393101256e-06	0	0	1.19217930377e-05	0	0.000242409791766	0	0	7.1530758226e-05	0
7.94786202512e-06	0.023418375457	0.000747099030361	0	3.97393101256e-06	0.000198696550628	0.000162931171515	3.17914481005e-05	0.000123191861389	0.00513034493721	6.35828962009e-05	8.34525512637e-05	0.000369575584168	0.00083849944365	4.37132411381e-05	0.000794786202512	0.000337784136067	0.00052853282467	2.78175170879e-05	0.000377523446193	3.5765379113e-05	0.000119217930377	0.00472897790494	0.000258305515816	0.00283738674297	0.00452233349229	0.00702193609919	0.0163646479097	0.000274201239866	1.19217930377e-05	6.75568272135e-05	7.94786202512e-06	0	0	0.00020267048164	1.58957240502e-05	0.011707200763	0.000329836274042	0	3.5765379113e-05	0	7.94786202512e-06	7.94786202512e-06	4.37132411381e-05	0.000194722619615	2.78175170879e-05	7.94786202512e-06	1.98696550628e-05	0.000242409791766	5.56350341758e-05	7.94786202512e-06	7.1530758226e-05	0.000234461929741	3.17914481005e-05	0.00017087903354	2.38435860753e-05	5.96089651884e-05	0.000258305515816	0.000166905102527	0.000147035447465	0.000532506755683	0.00405340963281	0.00743125099348	4.37132411381e-05	6.35828962009e-05	2.38435860753e-05	0	3.97393101256e-06	0	0.000218566205691	0.00244794150374	0.000894134477825	0.000234461929741	8.34525512637e-05	0.000290096963917	0	3.97393101256e-06	0.000834525512637	0.000500715307582	0.000274201239866	0.000218566205691	1.98696550628e-05	7.1530758226e-05	3.97393101256e-06
5.96089651884e-05	0.000747099030361	0.0434867270704	0	0	5.56350341758e-05	0.000417262756319	0.00535685900493	0.00117628357972	0.000218566205691	0.00183993005881	0.000270227308854	0	2.38435860753e-05	0.000842473374662	7.1530758226e-05	0.00122794468288	0.0100222540137	3.17914481005e-05	0.000266253377841	1.58957240502e-05	0.00197504371324	0.00162931171515	0.0130662851693	0.000759020823399	1.98696550628e-05	0.00935065967255	0.0129033539978	0.00427992370052	0.000337784136067	0.000329836274042	0	0	4.37132411381e-05	0.000476871721507	0.000850421236687	0.00844460340168	0.00207439198856	0	7.94786202512e-06	3.97393101256e-06	0.000115243999364	0.000333810205055	0.000731203306311	7.1530758226e-05	3.97393101256e-06	7.94786202512e-05	3.97393101256e-06	4.37132411381e-05	0.000786838340486	3.97393101256e-06	0.000305992687967	0.00454220314735	3.17914481005e-05	0.000453028135432	7.94786202512e-06	0.000417262756319	0.00348911142903	0.0023088539183	5.56350341758e-05	2.38435860753e-05	0.00307979653473	0.00582975679542	0.000143061516452	5.56350341758e-05	0.000377523446193	1.58957240502e-05	1.98696550628e-05	3.97393101256e-06	0.000385471308218	0.0020584962645	0.00166110316325	0.00112064854554	0.000508663169607	9.93482753139e-05	0	0	0.000723255444285	0.000480845652519	0.000329836274042	0.000147035447465	2.38435860753e-05	2.38435860753e-05	3.97393101256e-06
0	0	0	0	0	0	0	0	0	0	0	0	0	0	0	0	0	0	0	0	0	0	0	0	0	0	0	0	0	0	0	0	0	0	0	0	0	0	0	0	0	0	0	0	0	0	0	0	0	0	0	0	0	0	0	0	0	0	0	0	0	0	0	0	0	0	0	0	0	0	0	0	0	0	0	0	0	0	0	0	0	0	0	0
8.34525512637e-05	3.97393101256e-06	0	0	0.0185026227945	0.000457002066444	0.000925925925926	0.00140677157845	0.000906056270863	0.00317119694802	0.00280559529487	0.000305992687967	0.00214592274678	1.58957240502e-05	0.000309966618979	0.00140279764743	1.19217930377e-05	3.97393101256e-06	0.000158957240502	0.000103322206326	0.00762199968209	7.94786202512e-06	1.19217930377e-05	0	0.00670004768717	0	4.37132411381e-05	3.5765379113e-05	0.00763789540614	0.000290096963917	3.17914481005e-05	0	0	5.56350341758e-05	0.000218566205691	4.76871721507e-05	0	7.94786202512e-06	0	0.00125178826896	0	0.000198696550628	0	6.75568272135e-05	0.00150611985376	0.000111270068352	4.37132411381e-05	0.000810681926562	3.97393101256e-06	7.1530758226e-05	3.17914481005e-05	3.97393101256e-06	3.97393101256e-06	2.38435860753e-05	0	0.000270227308854	0	3.97393101256e-06	7.94786202512e-06	0.000933873787951	0	6.75568272135e-05	1.58957240502e-05	0.000635828962009	0.000135113654427	0	0	0	0	0.000158957240502	0.000222540136703	0.000254331584804	0.00172071212844	0.000206644412653	0.00124384040693	3.5765379113e-05	0	0.000278175170879	3.97393101256e-05	0.000222540136703	6.35828962009e-05	0.000770942616436	0	1.19217930377e-05
2.38435860753e-05	0.000198696550628	5.56350341758e-05	0	0.000457002066444	0.0159314894293	0.00831346367827	0.00127563185503	0.00549594659037	0.00187172150691	0.00498330948975	0.000190748688603	0.00103322206326	2.38435860753e-05	0.000302018756954	0.00309966618979	0	2.78175170879e-05	5.96089651884e-05	0.000190748688603	0.00127960578604	2.38435860753e-05	7.1530758226e-05	1.98696550628e-05	0.0015180416468	7.94786202512e-06	0.000143061516452	0.000222540136703	0.00220950564298	0.000254331584804	1.98696550628e-05	3.97393101256e-06	0.000433158480369	3.97393101256e-06	0.000878238753775	9.53743443014e-05	5.56350341758e-05	0	0	0.000143061516452	0	0.000246383722779	7.1530758226e-05	0.000218566205691	0.000421236687331	7.94786202512e-05	1.98696550628e-05	2.38435860753e-05	7.94786202512e-06	0.000282149101892	0	0	1.19217930377e-05	3.97393101256e-06	0	0.000282149101892	0	7.94786202512e-06	0	0.000468923859482	0	3.97393101256e-05	3.97393101256e-05	0.000135113654427	0.000401367032268	7.94786202512e-06	3.97393101256e-06	0	0	0.000397393101256	0.000592115720871	0.00020267048164	0.00433953266571	0.00032586234303	0.00612780162136	0.00189159116198	1.98696550628e-05	9.93482753139e-05	3.97393101256e-06	0.000337784136067	5.96089651884e-05	7.94786202512e-06	7.94786202512e-06	7.94786202512e-06
0.000441106342394	0.000162931171515	0.000417262756319	0	0.000925925925926	0.00831346367827	0.0520704180575	0.00589731362264	0.0296693689398	0.00325067556827	0.0257153075823	0.00226116674615	0.0134358607535	0.000111270068352	0.0079438880941	0.00460578604355	0.000127165792402	0.000206644412653	0.000604037513909	0.000631855030997	0.00484819583532	0.000270227308854	2.78175170879e-05	0.000230487998728	0.00201478302337	3.5765379113e-05	0.000321888412017	0.000194722619615	0.0059171832777	0.00205452233349	0.000270227308854	3.97393101256e-06	4.37132411381e-05	7.94786202512e-06	0.00356859004928	5.96089651884e-05	0.000123191861389	0	0	0.000604037513909	0	0.00111667461453	2.78175170879e-05	0.000524558893658	0.00137895406136	0.000278175170879	1.58957240502e-05	0.000933873787951	1.58957240502e-05	0.000524558893658	1.98696550628e-05	1.19217930377e-05	0	3.97393101256e-06	3.97393101256e-06	0.000707359720235	7.94786202512e-06	7.94786202512e-05	3.97393101256e-05	0.000850421236687	0	7.1530758226e-05	7.1530758226e-05	0.000615959306946	0.000476871721507	3.5765379113e-05	3.97393101256e-06	1.19217930377e-05	0	0.000480845652519	0.00308774439676	0.00236846288348	0.00622317596567	0.000611985375934	0.00480448259418	0.000695437927198	3.97393101256e-05	0.000592115720871	1.58957240502e-05	0.000397393101256	9.93482753139e-05	0.000413288825306	1.98696550628e-05	3.17914481005e-05
0.00307184867271	3.17914481005e-05	0.00535685900493	0	0.00140677157845	0.00127563185503	0.00589731362264	0.0589572405023	0.00953743443014	0.00520982355746	0.022476553807	0.000774916547449	0.000298044825942	0.000127165792402	0.0103918295978	0.00141869337148	0.000258305515816	0.00521379748848	0.000270227308854	0.000707359720235	0.000484819583532	0.000739151168336	7.1530758226e-05	0.00232077571133	0.00517803210936	1.58957240502e-05	0.00300429184549	0.000135113654427	0.0273287235734	0.00513829279924	0.00953743443014	3.97393101256e-06	3.97393101256e-06	0.000623907168972	0.0027857256398	0.000778890478461	7.94786202512e-05	7.94786202512e-06	0	0.00154585916388	0	0.00017087903354	0.000230487998728	0.000759020823399	0.00144651088857	0.000294070894929	9.53743443014e-05	3.5765379113e-05	3.97393101256e-05	0.00100937847719	7.94786202512e-06	3.5765379113e-05	3.5765379113e-05	0.000166905102527	5.56350341758e-05	0.000735177237323	5.56350341758e-05	0.000246383722779	0.00015498330949	0.00210618343666	3.97393101256e-06	0.000520584962645	8.74264822763e-05	0.00137895406136	0.0017405817835	0.000182800826578	0	7.94786202512e-06	0	0.00185979971388	0.000929899856938	0.000504689238595	0.00297250039739	0.000385471308218	0.00121204895883	3.97393101256e-06	0	0.000540454617708	6.75568272135e-05	0.00159752026705	0.000226514067716	8.74264822763e-05	7.94786202512e-05	5.56350341758e-05
0.000651724686059	0.000123191861389	0.00117628357972	0	0.000906056270863	0.00549594659037	0.0296693689398	0.00953743443014	0.0504172627563	0.0022452710221	0.0260252742012	0.00450246383723	0.00936258146559	0.000536480686695	0.0142743601971	0.000774916547449	0.00032586234303	0.000655698617072	0.00125178826896	0.000798760133524	0.00654903830869	0.00066762041011	2.38435860753e-05	0.000472897790494	0.00162533778414	5.56350341758e-05	0.000468923859482	0.000162931171515	0.00721268478779	0.00331028453346	0.000862343029725	7.94786202512e-06	0.000115243999364	8.34525512637e-05	0.00661659513591	9.53743443014e-05	0.000123191861389	3.97393101256e-06	0	0.00049674137657	0	0.000441106342394	5.16611031632e-05	0.000504689238595	0.000929899856938	0.000274201239866	1.58957240502e-05	0.000894134477825	1.98696550628e-05	0.00054442854872	3.97393101256e-06	1.58957240502e-05	3.97393101256e-06	3.97393101256e-06	5.96089651884e-05	0.000691463996185	2.78175170879e-05	0.000147035447465	0.000135113654427	0.000711333651248	3.97393101256e-06	0.000127165792402	7.94786202512e-05	0.000564298203783	0.000608011444921	4.76871721507e-05	3.97393101256e-06	2.78175170879e-05	0	0.000627881099984	0.0026903512955	0.00324670163726	0.0093983468447	0.000500715307582	0.00328246701637	0.000226514067716	3.97393101256e-05	0.000302018756954	2.78175170879e-05	0.000556350341758	0.000135113654427	0.000119217930377	1.19217930377e-05	2.78175170879e-05
5.16611031632e-05	0.00513034493721	0.000218566205691	0	0.00317119694802	0.00187172150691	0.00325067556827	0.00520982355746	0.0022452710221	0.0504371324114	0.00254331584804	0.000353679860118	0.00384279128914	0.000441106342394	0.000663646479097	0.0043355587347	0.00217771419488	0.000115243999364	0.000151009378477	0.000552376410746	0.000464949928469	5.16611031632e-05	0.00677952630742	0.000174852964553	0.0307939914163	0.00249165474487	0.00204657447147	0.00452233349229	0.0152678429502	0.000468923859482	0.00152598950882	7.94786202512e-06	0	3.97393101256e-06	0.000671594341122	0.00303608329359	0.000166905102527	0.000206644412653	0	0.00604832300111	3.97393101256e-06	0.00114846606263	0.00229295819425	0.00169686854236	0.0177475759021	0.00166507709426	0.000238435860753	0.00110475282149	8.34525512637e-05	0.00371959942775	0.000107296137339	0.000687490065172	4.76871721507e-05	0.00032586234303	7.1530758226e-05	0.0026585598474	0.000631855030997	0.00503894452392	0.000484819583532	0.00921157208711	7.1530758226e-05	0.00123191861389	0.000210618343666	0.00739548561437	0.00578604355428	0.00410507073597	0	8.74264822763e-05	0.000234461929741	0.00470116038786	0.00245191543475	0.000937847718964	0.00200286123033	0.000194722619615	0.00345334604991	8.74264822763e-05	3.97393101256e-06	0.00407725321888	0.000651724686059	0.00336194563662	0.000548402479733	0.0017405817835	0.000298044825942	4.37132411381e-05
0.00122397075187	6.35828962009e-05	0.00183993005881	0	0.00280559529487	0.00498330948975	0.0257153075823	0.022476553807	0.0260252742012	0.00254331584804	0.0747893816563	0.00535685900493	0.0136663487522	0.00052853282467	0.0112978858687	0.000985534891114	0.000385471308218	0.00113257033858	0.0022452710221	0.00200286123033	0.0162494039103	0.000743125099348	5.56350341758e-05	0.000770942616436	0.00253934191702	4.37132411381e-05	0.000997456684152	0.00018677475759	0.0210220950564	0.00576617389922	0.00158957240502	1.58957240502e-05	3.97393101256e-06	0.000143061516452	0.0062033063106	0.000115243999364	7.55046892386e-05	3.97393101256e-06	0	0.00107296137339	3.97393101256e-06	0.00127563185503	7.94786202512e-05	0.00054442854872	0.00162136385312	0.00051263710062	1.98696550628e-05	0.00105309171833	1.98696550628e-05	0.000500715307582	0	2.78175170879e-05	1.58957240502e-05	7.94786202512e-06	7.1530758226e-05	0.00154188523287	3.17914481005e-05	0.00018677475759	0.000166905102527	0.00154585916388	3.97393101256e-06	0.000151009378477	3.17914481005e-05	0.0011087267525	0.000778890478461	7.1530758226e-05	3.97393101256e-06	3.17914481005e-05	0	0.0008543951677	0.0028810999841	0.00279764743284	0.0131934509617	0.000941821649976	0.00389445239231	4.37132411381e-05	7.94786202512e-06	0.00020267048164	4.76871721507e-05	0.0008543951677	0.000321888412017	0.00013908758544	1.58957240502e-05	2.78175170879e-05
7.94786202512e-05	8.34525512637e-05	0.000270227308854	0	0.000305992687967	0.000190748688603	0.00226116674615	0.000774916547449	0.00450246383723	0.000353679860118	0.00535685900493	0.0323954856144	0.00289302177714	0.00452233349229	0.000584167858846	1.19217930377e-05	0.000151009378477	0.000659672548085	0.0078803051979	0.00861945636624	0.00346526784295	0.000409314894293	3.97393101256e-05	0.000401367032268	0.00049674137657	0.00191146081704	0.00567477348593	0.00165712923224	0.00257908122715	0.0017405817835	0.000321888412017	0.000107296137339	7.94786202512e-06	3.97393101256e-06	0.00948179939596	4.37132411381e-05	0.000230487998728	0	0	0.000135113654427	0	1.58957240502e-05	2.78175170879e-05	0.000127165792402	0.000194722619615	5.96089651884e-05	0.000810681926562	0.000309966618979	0.00294070894929	0.00013908758544	0	3.97393101256e-06	3.97393101256e-05	1.98696550628e-05	4.37132411381e-05	0.00020267048164	1.19217930377e-05	2.78175170879e-05	1.58957240502e-05	0.000270227308854	0.00134716261326	0.000405340963281	0.000290096963917	0.000119217930377	0.00017087903354	3.97393101256e-06	0.00105309171833	3.97393101256e-06	0	0.000182800826578	0.00415275790812	0.00763789540614	0.0152678429502	0.0020584962645	4.37132411381e-05	0	0.000508663169607	0.000135113654427	0.000588141789859	0.000123191861389	0	0	7.94786202512e-06	3.97393101256e-06
6.75568272135e-05	0.000369575584168	0	0	0.00214592274678	0.00103322206326	0.0134358607535	0.000298044825942	0.00936258146559	0.00384279128914	0.0136663487522	0.00289302177714	0.0317715784454	0.000190748688603	0.00114449213162	0.00301223970752	1.58957240502e-05	5.16611031632e-05	0.0011087267525	0.000433158480369	0.00987919249722	7.94786202512e-06	0.000401367032268	3.97393101256e-06	0.00269432522651	0.000111270068352	0.00032586234303	0.00035765379113	0.00165712923224	0.000981560960102	5.16611031632e-05	3.97393101256e-06	3.97393101256e-06	0	0.00271419488158	0	7.94786202512e-06	0	0	0.000107296137339	0	0.000278175170879	0	0.000302018756954	0.000727229375298	1.58957240502e-05	0	0.00160149419806	3.97393101256e-06	0.000305992687967	4.37132411381e-05	3.97393101256e-06	0	0	0	5.96089651884e-05	0	1.19217930377e-05	7.94786202512e-06	9.14004132888e-05	0	0	7.94786202512e-06	5.16611031632e-05	5.16611031632e-05	0	0	0	0	4.37132411381e-05	0.000953743443014	0.00183993005881	0.00554760769353	9.93482753139e-05	0.00156175488794	0.00013908758544	3.97393101256e-06	0.000631855030997	0	4.37132411381e-05	3.97393101256e-06	0.000568272134796	0	7.94786202512e-06
3.97393101256e-06	0.00083849944365	2.38435860753e-05	0	1.58957240502e-05	2.38435860753e-05	0.000111270068352	0.000127165792402	0.000536480686695	0.000441106342394	0.00052853282467	0.00452233349229	0.000190748688603	0.0156692099825	3.5765379113e-05	3.97393101256e-06	3.97393101256e-06	1.98696550628e-05	5.96089651884e-05	5.16611031632e-05	0.000270227308854	7.94786202512e-06	0.000540454617708	2.78175170879e-05	0.000103322206326	0.00706962327134	0.00491575266253	0.00300031791448	0.000250357653791	0.000198696550628	3.97393101256e-06	0.000460975997457	0	0	0.00111667461453	3.97393101256e-06	0.000508663169607	0	0	1.98696550628e-05	0	0	3.97393101256e-06	1.58957240502e-05	4.37132411381e-05	1.19217930377e-05	0.000286123032904	1.58957240502e-05	0.00553568590049	1.58957240502e-05	0	0	0	2.38435860753e-05	3.17914481005e-05	4.76871721507e-05	0	7.94786202512e-06	0	4.76871721507e-05	0.00271816881259	0.00134318868224	0.0027539341917	1.98696550628e-05	3.5765379113e-05	3.97393101256e-06	0.00182006040375	0	0	4.76871721507e-05	0.000365601653155	0.00240820219361	0.00123191861389	0.00013908758544	3.97393101256e-06	0	0.000631855030997	7.94786202512e-06	0.00013908758544	2.38435860753e-05	0	3.97393101256e-06	0	7.94786202512e-06
0.0041448100461	4.37132411381e-05	0.000842473374662	0	0.000309966618979	0.000302018756954	0.0079438880941	0.0103918295978	0.0142743601971	0.000663646479097	0.0112978858687	0.000584167858846	0.00114449213162	3.5765379113e-05	0.0303210936258	0.000190748688603	0.000135113654427	0.00123986647592	0.000270227308854	0.000651724686059	0.000965665236052	0.000190748688603	2.38435860753e-05	0.000270227308854	0.000457002066444	0	0.000504689238595	9.14004132888e-05	0.00246383722779	0.00356859004928	0.0035129550151	0	0.000604037513909	7.1530758226e-05	0.00317119694802	1.58957240502e-05	7.1530758226e-05	0	0	9.93482753139e-05	0	0.000147035447465	1.58957240502e-05	0.000166905102527	0.000226514067716	3.17914481005e-05	3.97393101256e-06	0.000127165792402	0	0.000162931171515	0	3.97393101256e-06	1.19217930377e-05	3.97393101256e-06	7.1530758226e-05	0.000162931171515	7.94786202512e-06	3.5765379113e-05	5.56350341758e-05	0.000119217930377	0	0.000127165792402	2.38435860753e-05	0.000119217930377	0.00015498330949	7.94786202512e-06	0	1.58957240502e-05	0	0.000198696550628	0.00106103958035	0.000723255444285	0.00216579240184	0.000305992687967	0.000619933237959	5.56350341758e-05	3.17914481005e-05	0.000127165792402	7.94786202512e-06	0.000194722619615	6.35828962009e-05	8.74264822763e-05	2.38435860753e-05	3.97393101256e-06
1.98696550628e-05	0.000794786202512	7.1530758226e-05	0	0.00140279764743	0.00309966618979	0.00460578604355	0.00141869337148	0.000774916547449	0.0043355587347	0.000985534891114	1.19217930377e-05	0.00301223970752	3.97393101256e-06	0.000190748688603	0.0149062152281	2.38435860753e-05	3.97393101256e-05	3.97393101256e-06	5.96089651884e-05	0.000317914481005	0.000182800826578	0.000556350341758	0.000107296137339	0.00381099984104	5.56350341758e-05	0.00034175806708	0.000687490065172	0.00319901446511	0.00015498330949	7.94786202512e-05	0	1.98696550628e-05	7.94786202512e-06	0.000198696550628	6.35828962009e-05	1.19217930377e-05	0	0	7.1530758226e-05	0	4.76871721507e-05	5.16611031632e-05	0.00017087903354	0.000309966618979	2.38435860753e-05	0	5.56350341758e-05	0	0.000222540136703	1.19217930377e-05	4.37132411381e-05	1.19217930377e-05	0	0	3.5765379113e-05	3.97393101256e-06	1.19217930377e-05	3.17914481005e-05	0.000361627722143	0	3.97393101256e-06	1.19217930377e-05	5.16611031632e-05	0.000242409791766	1.19217930377e-05	0	0	0	0.000282149101892	0.000878238753775	0.000127165792402	0.000321888412017	2.38435860753e-05	0.00274201239866	0.000449054204419	0	9.14004132888e-05	3.97393101256e-06	0.000298044825942	0.000162931171515	8.74264822763e-05	1.19217930377e-05	0
2.38435860753e-05	0.000337784136067	0.00122794468288	0	1.19217930377e-05	0	0.000127165792402	0.000258305515816	0.00032586234303	0.00217771419488	0.000385471308218	0.000151009378477	1.58957240502e-05	3.97393101256e-06	0.000135113654427	2.38435860753e-05	0.0271061834367	0.000643776824034	2.78175170879e-05	0.000123191861389	7.94786202512e-06	0.00651327292958	0.0151645207439	0.00990701001431	0.0106103958035	4.37132411381e-05	0.000766968685424	0.00422826259736	0.00498330948975	4.76871721507e-05	0.00105706564934	0	0	0	0.000278175170879	7.94786202512e-06	0.000707359720235	0.000266253377841	0	7.94786202512e-06	0	7.94786202512e-06	0	3.97393101256e-06	0.000846447305675	3.97393101256e-06	3.97393101256e-06	7.94786202512e-06	1.98696550628e-05	7.94786202512e-06	1.58957240502e-05	0.0026267683993	7.55046892386e-05	3.97393101256e-06	3.97393101256e-06	3.97393101256e-06	0.00320298839612	0.00824193292004	0.00355269432523	0.000858369098712	3.97393101256e-05	0.000369575584168	0.000476871721507	0.0016134159911	4.37132411381e-05	0.00100937847719	0	3.97393101256e-06	3.5765379113e-05	1.98696550628e-05	0.00419647114926	0.00293673501828	0.000385471308218	0.000282149101892	1.98696550628e-05	0	0	0.000294070894929	0.000107296137339	5.16611031632e-05	8.74264822763e-05	2.78175170879e-05	0	7.94786202512e-06
0.000166905102527	0.00052853282467	0.0100222540137	0	3.97393101256e-06	2.78175170879e-05	0.000206644412653	0.00521379748848	0.000655698617072	0.000115243999364	0.00113257033858	0.000659672548085	5.16611031632e-05	1.98696550628e-05	0.00123986647592	3.97393101256e-05	0.000643776824034	0.0310602447942	0.000413288825306	0.00494754411063	4.76871721507e-05	0.00207041805754	0.000743125099348	0.00731600699412	0.000488793514545	9.14004132888e-05	0.00826577650612	0.00359640756636	0.00220950564298	0.000365601653155	0.00158957240502	0	0	5.16611031632e-05	0.00488396121443	1.58957240502e-05	0.0033539977746	7.1530758226e-05	0	3.97393101256e-06	1.19217930377e-05	0	3.97393101256e-06	2.78175170879e-05	0.000182800826578	3.97393101256e-06	4.76871721507e-05	1.98696550628e-05	6.35828962009e-05	3.5765379113e-05	1.98696550628e-05	4.37132411381e-05	0.00203465267843	0	0.00138690192338	3.97393101256e-06	2.78175170879e-05	0.000266253377841	0.000111270068352	3.17914481005e-05	0.000123191861389	0.0034175806708	0.00135113654427	1.19217930377e-05	8.74264822763e-05	2.78175170879e-05	7.94786202512e-06	2.78175170879e-05	0	0.000298044825942	0.00187172150691	0.00381894770307	0.00340565887776	0.000806707995549	5.96089651884e-05	0	3.97393101256e-06	0.000429184549356	0.000218566205691	0.000151009378477	5.16611031632e-05	3.97393101256e-05	7.94786202512e-06	3.97393101256e-06
4.37132411381e-05	2.78175170879e-05	3.17914481005e-05	0	0.000158957240502	5.96089651884e-05	0.000604037513909	0.000270227308854	0.00125178826896	0.000151009378477	0.0022452710221	0.0078803051979	0.0011087267525	5.96089651884e-05	0.000270227308854	3.97393101256e-06	2.78175170879e-05	0.000413288825306	0.0110475282149	0.00622714989668	0.00146240661262	0.000190748688603	1.19217930377e-05	0.000115243999364	0.000206644412653	7.94786202512e-06	0.00163725957717	0.000182800826578	0.000937847718964	0.000453028135432	0.000210618343666	3.97393101256e-06	0	0	0.00251152439994	2.78175170879e-05	6.35828962009e-05	0	0	6.35828962009e-05	0	0	1.58957240502e-05	5.16611031632e-05	9.14004132888e-05	3.17914481005e-05	7.94786202512e-06	0.000119217930377	0.00017087903354	5.96089651884e-05	0	3.97393101256e-06	0	3.97393101256e-06	1.58957240502e-05	7.1530758226e-05	3.97393101256e-06	1.19217930377e-05	3.97393101256e-06	0.000119217930377	4.76871721507e-05	6.35828962009e-05	0.000147035447465	5.56350341758e-05	7.55046892386e-05	3.97393101256e-06	3.5765379113e-05	0	0	7.55046892386e-05	0.00195517405818	0.00162931171515	0.00513034493721	0.000858369098712	3.97393101256e-06	0	3.97393101256e-06	3.17914481005e-05	1.19217930377e-05	3.5765379113e-05	0	0	3.97393101256e-06	0
0.00013908758544	0.000377523446193	0.000266253377841	0	0.000103322206326	0.000190748688603	0.000631855030997	0.000707359720235	0.000798760133524	0.000552376410746	0.00200286123033	0.00861945636624	0.000433158480369	5.16611031632e-05	0.000651724686059	5.96089651884e-05	0.000123191861389	0.00494754411063	0.00622714989668	0.0244237800032	0.000862343029725	0.000910030201876	0.000123191861389	0.000600063582896	0.000449054204419	3.5765379113e-05	0.00248768081386	0.00113257033858	0.00180813861071	0.000933873787951	0.00066762041011	0	0	1.19217930377e-05	0.00734779844222	1.98696550628e-05	0.000747099030361	3.97393101256e-06	0	4.37132411381e-05	0	7.94786202512e-06	1.19217930377e-05	5.56350341758e-05	0.000143061516452	2.38435860753e-05	7.94786202512e-06	3.17914481005e-05	2.38435860753e-05	5.96089651884e-05	0	7.94786202512e-06	6.75568272135e-05	3.97393101256e-06	0.000278175170879	7.1530758226e-05	7.94786202512e-06	9.93482753139e-05	1.19217930377e-05	0.000103322206326	3.97393101256e-05	0.00100540454618	0.000433158480369	5.16611031632e-05	6.75568272135e-05	7.94786202512e-06	1.19217930377e-05	0	3.97393101256e-06	7.1530758226e-05	0.00687092672071	0.00387855666826	0.0102368462883	0.00158559847401	0.000226514067716	7.94786202512e-06	3.97393101256e-06	0.000226514067716	4.76871721507e-05	5.16611031632e-05	3.97393101256e-06	0	7.94786202512e-06	7.94786202512e-06
0.000206644412653	3.5765379113e-05	1.58957240502e-05	0	0.00762199968209	0.00127960578604	0.00484819583532	0.000484819583532	0.00654903830869	0.000464949928469	0.0162494039103	0.00346526784295	0.00987919249722	0.000270227308854	0.000965665236052	0.000317914481005	7.94786202512e-06	4.76871721507e-05	0.00146240661262	0.000862343029725	0.0273446192974	2.78175170879e-05	1.98696550628e-05	1.58957240502e-05	0.00152996343983	2.38435860753e-05	0.000278175170879	9.53743443014e-05	0.00877443967573	0.000993482753139	0.000162931171515	3.97393101256e-06	3.97393101256e-06	0	0.00322285805118	3.97393101256e-06	7.94786202512e-06	0	0	0.000564298203783	0	0.000131139723414	0	7.55046892386e-05	0.000313940549992	3.5765379113e-05	7.94786202512e-06	0.000826577650612	0	3.97393101256e-05	0	0	0	0	0	0.000135113654427	0	0	0	0.000270227308854	0	1.19217930377e-05	0	0.00020267048164	8.74264822763e-05	0	0	3.97393101256e-06	0	9.53743443014e-05	0.0014862501987	0.0016452074392	0.00847639484979	0.000349705929105	0.00286520426005	1.98696550628e-05	3.97393101256e-06	6.75568272135e-05	7.94786202512e-06	0.000115243999364	2.38435860753e-05	0.000166905102527	0	3.97393101256e-06
3.17914481005e-05	0.000119217930377	0.00197504371324	0	7.94786202512e-06	2.38435860753e-05	0.000270227308854	0.000739151168336	0.00066762041011	5.16611031632e-05	0.000743125099348	0.000409314894293	7.94786202512e-06	7.94786202512e-06	0.000190748688603	0.000182800826578	0.00651327292958	0.00207041805754	0.000190748688603	0.000910030201876	2.78175170879e-05	0.0416269273565	0.00288507391512	0.019925290097	0.00266650770943	7.94786202512e-06	0.000802734064537	0.0010451438563	0.0122794468288	0.000472897790494	0.0105666825624	0	3.97393101256e-06	9.53743443014e-05	0.00675965665236	1.19217930377e-05	0.000246383722779	0.000135113654427	0	1.19217930377e-05	0	0	3.97393101256e-06	2.78175170879e-05	5.96089651884e-05	1.58957240502e-05	3.17914481005e-05	0	7.94786202512e-06	3.17914481005e-05	0	0.00118423144174	0.00013908758544	0	9.53743443014e-05	3.97393101256e-06	0.00307582260372	0.00460975997457	0.00317517087903	3.17914481005e-05	0	0.000313940549992	0.000623907168972	9.53743443014e-05	2.78175170879e-05	0.00187966936894	3.97393101256e-06	3.97393101256e-06	9.93482753139e-05	0.000266253377841	0.00778890478461	0.00284533460499	0.00656890796376	0.00222142743602	2.78175170879e-05	6.75568272135e-05	5.96089651884e-05	7.55046892386e-05	0.000103322206326	0.000365601653155	0.000631855030997	1.98696550628e-05	1.19217930377e-05	0.000123191861389
3.97393101256e-06	0.00472897790494	0.00162931171515	0	1.19217930377e-05	7.1530758226e-05	2.78175170879e-05	7.1530758226e-05	2.38435860753e-05	0.00677952630742	5.56350341758e-05	3.97393101256e-05	0.000401367032268	0.000540454617708	2.38435860753e-05	0.000556350341758	0.0151645207439	0.000743125099348	1.19217930377e-05	0.000123191861389	1.98696550628e-05	0.00288507391512	0.0394531870927	0.0143737084724	0.0115283738674	0.00257510729614	0.00210220950564	0.011087267525	0.00158957240502	2.78175170879e-05	0.00051263710062	7.94786202512e-06	0	1.58957240502e-05	0.000425210618344	0.00015498330949	0.00201478302337	0.000472897790494	0	3.5765379113e-05	0	4.76871721507e-05	7.94786202512e-06	0.000174852964553	0.000858369098712	3.97393101256e-06	1.58957240502e-05	1.19217930377e-05	3.17914481005e-05	0.000206644412653	1.58957240502e-05	0.0076577650612	0.000151009378477	1.98696550628e-05	1.58957240502e-05	7.94786202512e-06	0.00355666825624	0.0212287394691	0.00999046256557	0.000770942616436	6.75568272135e-05	0.000472897790494	0.00419647114926	0.00214989667779	0.000131139723414	0.00125973613098	0	3.97393101256e-06	4.76871721507e-05	0.000103322206326	0.00230090605627	0.00106501351137	0.000250357653791	5.56350341758e-05	0.00018677475759	0	0	0.000735177237323	0.000286123032904	0.000103322206326	0.00013908758544	2.78175170879e-05	0	7.94786202512e-06
3.97393101256e-05	0.000258305515816	0.0130662851693	0	0	1.98696550628e-05	0.000230487998728	0.00232077571133	0.000472897790494	0.000174852964553	0.000770942616436	0.000401367032268	3.97393101256e-06	2.78175170879e-05	0.000270227308854	0.000107296137339	0.00990701001431	0.00731600699412	0.000115243999364	0.000600063582896	1.58957240502e-05	0.019925290097	0.0143737084724	0.0677038626609	0.00292878715625	1.58957240502e-05	0.00300031791448	0.00904069305357	0.00553965983151	0.000480845652519	0.00395803528851	0	0	3.97393101256e-06	0.00422031473534	0.000250357653791	0.00203067874742	0.0008861866158	0	3.5765379113e-05	0	3.97393101256e-06	0.000182800826578	0.000262279446829	9.53743443014e-05	2.38435860753e-05	3.17914481005e-05	7.94786202512e-06	1.19217930377e-05	0.000317914481005	3.97393101256e-06	0.00801144492132	0.000309966618979	2.38435860753e-05	7.1530758226e-05	1.58957240502e-05	0.00220553171197	0.0195517405818	0.0134756000636	0.000151009378477	1.19217930377e-05	0.00032586234303	0.00608408838023	0.000385471308218	0.000115243999364	0.000981560960102	0	1.19217930377e-05	7.94786202512e-06	0.000234461929741	0.0118860276586	0.004113018598	0.00378318232395	0.00149419806072	3.97393101256e-05	0	2.38435860753e-05	0.000949769512001	0.000313940549992	0.00052853282467	0.00130344937212	9.14004132888e-05	1.98696550628e-05	1.19217930377e-05
0.00013908758544	0.00283738674297	0.000759020823399	0	0.00670004768717	0.0015180416468	0.00201478302337	0.00517803210936	0.00162533778414	0.0307939914163	0.00253934191702	0.00049674137657	0.00269432522651	0.000103322206326	0.000457002066444	0.00381099984104	0.0106103958035	0.000488793514545	0.000206644412653	0.000449054204419	0.00152996343983	0.00266650770943	0.0115283738674	0.00292878715625	0.0599030360833	0.000953743443014	0.00136305833731	0.00430774121761	0.0231918613893	0.000719281513273	0.00106898744238	0	7.94786202512e-06	1.58957240502e-05	0.00037354951518	0.00116038785567	0.000540454617708	0.000270227308854	0	0.00603640120808	3.97393101256e-06	0.00054442854872	0.001581624543	0.000305992687967	0.0120052455889	0.00169289461135	0.000135113654427	0.000917978063901	5.56350341758e-05	0.000965665236052	7.1530758226e-05	0.000751072961373	9.14004132888e-05	0.000127165792402	2.78175170879e-05	0.00226911460817	0.00223334922906	0.00637815927515	0.000973613098077	0.00821411540296	3.5765379113e-05	0.000727229375298	0.00034175806708	0.00792799237005	0.00208631378159	0.00294468288031	0	3.5765379113e-05	0.000206644412653	0.00168097281831	0.00560721665872	0.0028175170879	0.00239628040057	0.000298044825942	0.00305595294866	7.94786202512e-05	0	0.00195120012717	0.000349705929105	0.0010769353044	0.000333810205055	0.000957717374026	7.55046892386e-05	3.17914481005e-05
0	0.00452233349229	1.98696550628e-05	0	0	7.94786202512e-06	3.5765379113e-05	1.58957240502e-05	5.56350341758e-05	0.00249165474487	4.37132411381e-05	0.00191146081704	0.000111270068352	0.00706962327134	0	5.56350341758e-05	4.37132411381e-05	9.14004132888e-05	7.94786202512e-06	3.5765379113e-05	2.38435860753e-05	7.94786202512e-06	0.00257510729614	1.58957240502e-05	0.000953743443014	0.0163606739787	0.00387855666826	0.00821808933397	1.58957240502e-05	3.97393101256e-06	0	0.000190748688603	0	0	0.000548402479733	0	0.00102130027023	1.19217930377e-05	0	0	0	0	0	0	3.97393101256e-06	0	0.000270227308854	1.19217930377e-05	0.00603242727706	0	0	0	1.58957240502e-05	1.19217930377e-05	3.97393101256e-05	3.97393101256e-06	0	3.97393101256e-06	0	0	0.00580988714036	0.00134318868224	0.00453028135432	3.97393101256e-06	3.97393101256e-06	0	0.00102924813225	0	0	3.97393101256e-06	9.14004132888e-05	0.000524558893658	0.000194722619615	2.38435860753e-05	1.19217930377e-05	0	0.000540454617708	1.19217930377e-05	1.98696550628e-05	3.97393101256e-06	0	0	0	1.19217930377e-05
3.17914481005e-05	0.00702193609919	0.00935065967255	0	4.37132411381e-05	0.000143061516452	0.000321888412017	0.00300429184549	0.000468923859482	0.00204657447147	0.000997456684152	0.00567477348593	0.00032586234303	0.00491575266253	0.000504689238595	0.00034175806708	0.000766968685424	0.00826577650612	0.00163725957717	0.00248768081386	0.000278175170879	0.000802734064537	0.00210220950564	0.00300031791448	0.00136305833731	0.00387855666826	0.064242568749	0.0225798760134	0.00203067874742	0.000369575584168	0.000147035447465	0.000643776824034	0	3.97393101256e-05	0.000735177237323	3.5765379113e-05	0.0157765061199	0.000151009378477	0	0.000115243999364	1.19217930377e-05	7.94786202512e-06	2.38435860753e-05	5.96089651884e-05	0.000313940549992	7.55046892386e-05	0.000552376410746	4.37132411381e-05	0.00353282467016	7.1530758226e-05	1.98696550628e-05	8.34525512637e-05	0.00109680495947	0.000369575584168	0.00193927833413	0.000103322206326	6.75568272135e-05	0.000584167858846	0.000166905102527	0.000254331584804	0.00582975679542	0.0166309012876	0.00985534891114	0.000131139723414	0.000194722619615	0.000103322206326	0.0011087267525	1.19217930377e-05	7.94786202512e-06	0.00052853282467	0.00340963280877	0.00571848672707	0.00314735336195	0.00083849944365	0.000182800826578	3.97393101256e-06	3.5765379113e-05	0.00049674137657	0.000731203306311	0.000405340963281	5.96089651884e-05	4.37132411381e-05	1.19217930377e-05	2.38435860753e-05
1.58957240502e-05	0.0163646479097	0.0129033539978	0	3.5765379113e-05	0.000222540136703	0.000194722619615	0.000135113654427	0.000162931171515	0.00452233349229	0.00018677475759	0.00165712923224	0.00035765379113	0.00300031791448	9.14004132888e-05	0.000687490065172	0.00422826259736	0.00359640756636	0.000182800826578	0.00113257033858	9.53743443014e-05	0.0010451438563	0.011087267525	0.00904069305357	0.00430774121761	0.00821808933397	0.0225798760134	0.08386981402	0.00147830233667	0.000131139723414	0.000250357653791	2.38435860753e-05	0	0	0.00132331902718	0.00018677475759	0.0182403433476	0.00137100619933	0	7.55046892386e-05	0	4.37132411381e-05	6.75568272135e-05	0.000182800826578	0.00020267048164	5.96089651884e-05	0.000135113654427	1.58957240502e-05	0.00294070894929	0.000218566205691	3.97393101256e-06	0.0017405817835	0.000762994754411	0.000131139723414	0.000421236687331	3.5765379113e-05	0.000111270068352	0.00675965665236	0.00154188523287	0.000182800826578	0.00518200604038	0.00925925925926	0.0198537593387	0.00032586234303	8.34525512637e-05	7.94786202512e-05	0.000441106342394	7.94786202512e-06	0	0.000421236687331	0.00934668574154	0.00247575902082	0.00315530122397	0.00114846606263	0.000337784136067	0	6.35828962009e-05	0.00108488316643	0.000663646479097	0.000449054204419	0.000270227308854	7.94786202512e-06	6.35828962009e-05	3.97393101256e-06
0.000532506755683	0.000274201239866	0.00427992370052	0	0.00763789540614	0.00220950564298	0.0059171832777	0.0273287235734	0.00721268478779	0.0152678429502	0.0210220950564	0.00257908122715	0.00165712923224	0.000250357653791	0.00246383722779	0.00319901446511	0.00498330948975	0.00220950564298	0.000937847718964	0.00180813861071	0.00877443967573	0.0122794468288	0.00158957240502	0.00553965983151	0.0231918613893	1.58957240502e-05	0.00203067874742	0.00147830233667	0.0946948020982	0.00394611349547	0.006644412653	3.97393101256e-06	1.98696550628e-05	0.00054442854872	0.00526943252265	0.00187569543793	0.00020267048164	0.000298044825942	0	0.00356859004928	3.97393101256e-06	0.000536480686695	0.0012041010968	0.000679542203147	0.0084803687808	0.00051263710062	0.000242409791766	0.000540454617708	9.93482753139e-05	0.00206644412653	4.37132411381e-05	0.000453028135432	7.55046892386e-05	0.000131139723414	0.000131139723414	0.00110077889048	0.00198696550628	0.00480448259418	0.00112462247655	0.00486011762836	1.98696550628e-05	0.000862343029725	0.000305992687967	0.00462962962963	0.00351692894611	0.00517803210936	7.94786202512e-06	4.37132411381e-05	0.000365601653155	0.00296852646638	0.0110157367668	0.00514226673025	0.0119972977269	0.00339771101574	0.00319106660308	2.38435860753e-05	3.97393101256e-05	0.00207041805754	0.000671594341122	0.00270227308854	0.00087029089175	0.000615959306946	0.00013908758544	0.000286123032904
0.00414878397711	1.19217930377e-05	0.000337784136067	0	0.000290096963917	0.000254331584804	0.00205452233349	0.00513829279924	0.00331028453346	0.000468923859482	0.00576617389922	0.0017405817835	0.000981560960102	0.000198696550628	0.00356859004928	0.00015498330949	4.76871721507e-05	0.000365601653155	0.000453028135432	0.000933873787951	0.000993482753139	0.000472897790494	2.78175170879e-05	0.000480845652519	0.000719281513273	3.97393101256e-06	0.000369575584168	0.000131139723414	0.00394611349547	0.0256596725481	0.00656493403275	1.19217930377e-05	0.000174852964553	0.00357256398029	0.00426800190749	0.00018677475759	1.58957240502e-05	0	0	0.000246383722779	0	0.000278175170879	0.000135113654427	0.00107296137339	0.000246383722779	0.000111270068352	3.5765379113e-05	0.000226514067716	2.78175170879e-05	0.00121204895883	0	7.94786202512e-05	0	3.97393101256e-06	3.97393101256e-06	0.000508663169607	0.000131139723414	1.19217930377e-05	1.98696550628e-05	0.000560324272771	0	6.75568272135e-05	3.97393101256e-05	0.000230487998728	0.00127563185503	0.000385471308218	3.97393101256e-06	3.97393101256e-05	1.19217930377e-05	0.0015498330949	0.00037354951518	0.000417262756319	0.00444285487204	0.000464949928469	3.5765379113e-05	5.16611031632e-05	0	0.000262279446829	3.5765379113e-05	0.000890160546813	0.000178826895565	2.78175170879e-05	0.000115243999364	8.34525512637e-05
0.00354077253219	6.75568272135e-05	0.000329836274042	0	3.17914481005e-05	1.98696550628e-05	0.000270227308854	0.00953743443014	0.000862343029725	0.00152598950882	0.00158957240502	0.000321888412017	5.16611031632e-05	3.97393101256e-06	0.0035129550151	7.94786202512e-05	0.00105706564934	0.00158957240502	0.000210618343666	0.00066762041011	0.000162931171515	0.0105666825624	0.00051263710062	0.00395803528851	0.00106898744238	0	0.000147035447465	0.000250357653791	0.006644412653	0.00656493403275	0.0375854395168	0	0	0.00147432840566	0.00807900174853	0.000210618343666	0.000123191861389	1.19217930377e-05	0	0	0	0.000111270068352	0.000174852964553	0.000774916547449	0.000449054204419	3.97393101256e-06	3.5765379113e-05	0.000147035447465	3.97393101256e-06	0.000925925925926	0	0.00020267048164	2.38435860753e-05	7.94786202512e-06	1.98696550628e-05	0.000210618343666	0.00146638054363	0.000790812271499	0.000576219996821	7.55046892386e-05	0	0.000190748688603	0.000103322206326	6.75568272135e-05	0.00102527420124	0.00211810522969	0	1.98696550628e-05	0.000298044825942	0.00148227626768	0.00051263710062	0.000464949928469	0.00590923541567	0.00101732633921	2.38435860753e-05	7.55046892386e-05	1.19217930377e-05	0.000635828962009	6.75568272135e-05	0.00111270068352	0.000214592274678	0.000111270068352	0.000127165792402	7.55046892386e-05
