0.0229869217707	4.44535327222e-06	0.00630351094001	0	0	4.44535327222e-06	0.000111133831806	0.00620571316803	0.00702810352339	0.000226713016883	0.000115579185078	0.000595677338478	4.88988859945e-05	0	0.0146741111516	0.000151142011256	5.33442392667e-05	0.00405860753754	0.000435644620678	0.00134694204148	4.44535327222e-06	0.000408972501045	8.44617121723e-05	0.00342736737289	0.000524551686122	0	0.0049610142518	0.000324510788872	0.00189372049397	0.00771713328058	0.00822834890689	0	2.66721196333e-05	0.000817945002089	0.00128915244895	4.44535327222e-06	4.44535327222e-06	0.000217822310339	0	0	0	0	0	4.44535327222e-06	2.66721196333e-05	0	4.44535327222e-06	4.44535327222e-06	0	4.44535327222e-06	0	0	0	8.89070654445e-06	4.44535327222e-06	0	2.22267663611e-05	0	4.44535327222e-06	1.77814130889e-05	0	3.11174729056e-05	1.33360598167e-05	0	4.44535327222e-06	2.22267663611e-05	0	0	0	0	0.000382300381411	4.88988859945e-05	0.000826835708634	0.000328956142145	8.00163589e-05	4.44535327222e-06	4.44535327222e-06	3.55628261778e-05	4.44535327222e-06	1.77814130889e-05	2.22267663611e-05	0	4.44535327222e-06	0
4.44535327222e-06	0.0204486250522	0.00113356508442	0	4.44535327222e-06	0	1.33360598167e-05	6.66802990834e-05	8.89070654445e-06	0.00393858299919	1.33360598167e-05	3.11174729056e-05	0.000906852067534	0.000146696657983	8.89070654445e-06	0.00105799407879	0.000333401495417	0.000591231985206	4.44535327222e-06	4.44535327222e-06	2.22267663611e-05	8.89070654445e-06	0.00558336370991	7.11256523556e-05	0.0021604416903	0.00358740009069	0.000769046116095	0.0158921379482	7.55710056278e-05	1.77814130889e-05	7.55710056278e-05	0	0	1.33360598167e-05	4.000817945e-05	4.44535327222e-06	0.00932635116513	0.000266721196333	0	4.44535327222e-06	0	0	4.44535327222e-06	0	0.000124469891622	4.44535327222e-06	1.77814130889e-05	4.44535327222e-06	0	4.44535327222e-06	8.89070654445e-06	1.33360598167e-05	0.000204486250522	4.88988859945e-05	4.000817945e-05	8.89070654445e-06	4.44535327222e-06	0.000715701876828	7.55710056278e-05	8.00163589e-05	0.000137805951439	0.000413417854317	0.00986868426434	8.89070654445e-06	0	0	4.44535327222e-06	0	0	8.89070654445e-05	0.000248939783245	0.000355628261778	5.33442392667e-05	4.44535327222e-05	0.000524551686122	0	4.44535327222e-06	0.000164478071072	5.77895925389e-05	1.33360598167e-05	4.44535327222e-06	1.33360598167e-05	0	2.66721196333e-05
0.00630351094001	0.00113356508442	0.0509393031464	0	0	8.89070654445e-06	0.000497879566489	0.00307618446438	0.00627683882038	0.000124469891622	8.00163589e-05	8.89070654445e-05	0.000195595543978	8.89070654445e-06	0.0051210469696	7.11256523556e-05	0.000497879566489	0.00502324919761	5.33442392667e-05	8.00163589e-05	0.000115579185078	0.00104465801897	0.000706811170284	0.0183815357806	0.000635685517928	0	0.00753487379642	0.0164744792269	0.00207153462486	0.000995759132978	0.00289392498022	0	8.89070654445e-06	0.000173368777617	0.00113356508442	2.66721196333e-05	0.00103576731243	0.00518328191541	0	1.33360598167e-05	0	0	3.55628261778e-05	5.77895925389e-05	0.000182259484161	0	4.44535327222e-06	8.89070654445e-06	4.44535327222e-06	4.44535327222e-05	0	0.000297838669239	0.000337846848689	1.77814130889e-05	0.000275611902878	1.77814130889e-05	0.00107133013861	0.000466762093584	0.00475208264801	0.000164478071072	8.89070654445e-06	0.00225823946229	0.00539221351921	7.55710056278e-05	8.89070654445e-06	0.000266721196333	0	0	0	8.00163589e-05	0.00630351094001	0.00214710563048	0.00210265209776	0.00109800225824	4.44535327222e-05	1.33360598167e-05	4.44535327222e-06	0.000231158370156	0.00192483796687	0.000115579185078	6.66802990834e-05	8.89070654445e-06	4.44535327222e-06	1.77814130889e-05
0	0	0	0	0	0	0	0	0	0	0	0	0	0	0	0	0	0	0	0	0	0	0	0	0	0	0	0	0	0	0	0	0	0	0	0	0	0	0	0	0	0	0	0	0	0	0	0	0	0	0	0	0	0	0	0	0	0	0	0	0	0	0	0	0	0	0	0	0	0	0	0	0	0	0	0	0	0	0	0	0	0	0	0
0	4.44535327222e-06	0	0	0.0166611840643	0	0.000128915244895	6.22349458111e-05	0.000155587364528	0.00129804315549	0.00185815766779	8.89070654445e-05	0.00286280750731	0	0.00020004089725	0.000102243125261	8.89070654445e-06	0	8.00163589e-05	4.88988859945e-05	0.00492545142562	2.66721196333e-05	1.33360598167e-05	2.22267663611e-05	0.00653911466344	0	7.11256523556e-05	8.89070654445e-06	0.00548556593793	0.000457871387039	4.44535327222e-06	0	4.44535327222e-06	2.22267663611e-05	0.000506770273034	4.44535327222e-06	4.44535327222e-06	4.44535327222e-06	0	0.00447647074513	8.89070654445e-06	0.000248939783245	0	9.33524187167e-05	0.00133360598167	0.000742373996461	0.000235603723428	0.00382300381411	4.44535327222e-05	0.000111133831806	5.33442392667e-05	4.44535327222e-05	0	0.00020004089725	9.77977719889e-05	0.00596566409133	0	1.33360598167e-05	2.22267663611e-05	0.00131582456858	0	8.00163589e-05	4.44535327222e-06	0.000182259484161	0.000102243125261	1.77814130889e-05	4.44535327222e-06	0	0	0.000275611902878	6.66802990834e-05	4.44535327222e-06	0.000537887745939	0.000306729375783	0.000142251304711	3.55628261778e-05	4.44535327222e-06	0.000355628261778	7.55710056278e-05	0.000466762093584	0.000191150190706	0.000195595543978	0	1.33360598167e-05
4.44535327222e-06	0	8.89070654445e-06	0	0	0.00433421944042	0.00181814948834	8.89070654445e-06	0.00182259484161	2.22267663611e-05	8.89070654445e-06	0.000111133831806	0.000102243125261	0.000217822310339	5.77895925389e-05	0.00129359780222	0	0	0	0	2.22267663611e-05	0	0	0	1.33360598167e-05	0	4.44535327222e-06	1.33360598167e-05	3.55628261778e-05	6.22349458111e-05	0	0	0.000862398534812	0	0.000426753914134	0	0	0	0	8.89070654445e-06	0	0	0	4.44535327222e-06	1.77814130889e-05	8.89070654445e-06	4.44535327222e-06	1.33360598167e-05	0	0	0	0	0	4.44535327222e-06	0	1.77814130889e-05	0	0	0	1.77814130889e-05	0	0	0	4.44535327222e-06	0	4.44535327222e-06	0	0	0	4.44535327222e-06	0.000191150190706	8.89070654445e-06	0.000173368777617	9.77977719889e-05	0.00117801861714	0.000422308560861	0	0	4.44535327222e-06	4.44535327222e-06	0	8.89070654445e-06	0	0
0.000111133831806	1.33360598167e-05	0.000497879566489	0	0.000128915244895	0.00181814948834	0.03734541284	0.00933524187167	0.0184126532536	0.000137805951439	0.0102154218196	0.00174702383598	0.00756154591605	0.000128915244895	0.00295171457276	0.00192928332015	4.88988859945e-05	4.44535327222e-06	0.000177814130889	0.000142251304711	0.000609013398295	1.33360598167e-05	1.77814130889e-05	0.000351182908506	0.00105354872552	1.77814130889e-05	0.000217822310339	8.44617121723e-05	0.00507214808361	0.0014891933462	3.55628261778e-05	0	0.000706811170284	0.000355628261778	0.00231158370156	8.89070654445e-06	0	0	0	0.000288947962695	0	8.44617121723e-05	1.33360598167e-05	4.88988859945e-05	0.000142251304711	0.000271166549606	9.33524187167e-05	0.00036007361505	2.22267663611e-05	6.66802990834e-05	0	0	0	0.00012002453835	1.33360598167e-05	0.000302284022511	2.22267663611e-05	0	8.89070654445e-06	0.000577895925389	4.44535327222e-06	3.11174729056e-05	8.89070654445e-06	0.000191150190706	5.77895925389e-05	3.11174729056e-05	1.77814130889e-05	0	0	6.66802990834e-05	0.00044008997395	4.44535327222e-06	0.000986868426434	0.000315620082328	0.00163144465091	0.000213376957067	0	0.000164478071072	4.88988859945e-05	0.00020004089725	0.000115579185078	1.77814130889e-05	1.33360598167e-05	0
0.00620571316803	6.66802990834e-05	0.00307618446438	0	6.22349458111e-05	8.89070654445e-06	0.00933524187167	0.059603296674	0.0157943401762	0.00106243943206	0.0121624865528	0.00190705655378	0.000426753914134	0	0.00860620393503	0.000502324919761	4.44535327222e-05	0.000773491469367	0.000746819349734	0.00084017176845	0.000208931603795	0.0028494714475	2.66721196333e-05	0.00826835708634	0.00135583274803	4.44535327222e-06	0.00106688478533	0.000493434213217	0.0265298683286	0.0111356099469	0.0132115899251	0	0.000124469891622	0.00772602398713	0.0053610960463	0.000257830489789	7.55710056278e-05	2.22267663611e-05	0	0.0004800981534	0	0.000786827529184	0.000426753914134	0.000613458751567	0.00337846848689	0.00128470709567	0.000168923424345	0.000533442392667	3.55628261778e-05	0.000511215626306	1.33360598167e-05	3.55628261778e-05	8.89070654445e-06	0.0002400490767	3.11174729056e-05	0.000706811170284	0.000226713016883	4.44535327222e-06	0.00012002453835	0.00530775180704	0	5.77895925389e-05	0.000368964321595	0.00100020448625	0.000306729375783	0.000182259484161	5.77895925389e-05	0	0	0.000217822310339	0.00109355690497	0.000133360598167	0.00349404767197	0.0017603598958	0.000195595543978	8.89070654445e-06	6.22349458111e-05	0.00164478071072	0.000511215626306	0.000875734594628	0.000733483289917	0.000115579185078	1.77814130889e-05	6.66802990834e-05
0.00702810352339	8.89070654445e-06	0.00627683882038	0	0.000155587364528	0.00182259484161	0.0184126532536	0.0157943401762	0.0571450163144	0.000222267663611	0.0102776567654	0.00705922099629	0.00397859117864	0.00160477253127	0.0187727268686	0.00121802679659	3.55628261778e-05	0.00052010633285	0.0016803435369	0.00212487886412	0.00117357326387	0.000404527147772	1.77814130889e-05	0.00371631533558	0.00127581638913	0	0.00264498519697	0.000511215626306	0.00873067382665	0.00809054295545	0.00247161641936	0	0.00204486250522	0.000324510788872	0.00967308872036	4.000817945e-05	0	5.77895925389e-05	0	0.000155587364528	0	8.00163589e-05	1.77814130889e-05	0.000137805951439	8.89070654445e-05	0.000173368777617	0.000217822310339	0.000217822310339	4.000817945e-05	0.000111133831806	4.44535327222e-06	0	0	0.000226713016883	4.44535327222e-06	0.000257830489789	0.000146696657983	0	2.22267663611e-05	0.000715701876828	0	2.22267663611e-05	0	0.000177814130889	4.44535327222e-05	0.000226713016883	3.55628261778e-05	0	4.44535327222e-06	0.000111133831806	0.00266276661006	0.000288947962695	0.00500546778452	0.00223601269593	0.000924633480623	0.000484543506672	4.44535327222e-06	0.000186704837433	6.22349458111e-05	0.000311174729056	0.000191150190706	4.000817945e-05	2.22267663611e-05	1.33360598167e-05
0.000226713016883	0.00393858299919	0.000124469891622	0	0.00129804315549	2.22267663611e-05	0.000137805951439	0.00106243943206	0.000222267663611	0.0284013620562	0.000577895925389	0.000204486250522	0.00299172275221	0.000102243125261	0.000391191087956	0.00721036300755	6.66802990834e-05	4.000817945e-05	9.77977719889e-05	0.00012002453835	0.000960196306801	0.000368964321595	0.00617904104839	0.000226713016883	0.0111222738871	0.0030406216382	0.000137805951439	0.00166700747708	0.00939747681748	0.00204486250522	0.0018403762547	0	8.89070654445e-06	0.00186704837433	0.00297394133912	0.000457871387039	6.66802990834e-05	8.89070654445e-06	0	0.00401859935809	4.44535327222e-06	9.33524187167e-05	0.000177814130889	9.77977719889e-05	0.0101487415205	0.000173368777617	7.55710056278e-05	0.00186704837433	8.89070654445e-06	0.000475652800128	8.89070654445e-05	0.000342292201961	0	8.00163589e-05	5.33442392667e-05	0.0025605234848	8.00163589e-05	0.000497879566489	0.000115579185078	0.0070903384692	3.55628261778e-05	8.89070654445e-05	0.000155587364528	0.00230269299501	0.000444535327222	0.000111133831806	8.89070654445e-06	0	0	9.77977719889e-05	0.00248939783245	0.000435644620678	0.00116023720405	0.000657912284289	0.00571672430808	4.44535327222e-06	3.55628261778e-05	0.000986868426434	0.000146696657983	0.000582341278661	0.000315620082328	0.000871289241356	8.89070654445e-06	2.66721196333e-05
0.000115579185078	1.33360598167e-05	8.00163589e-05	0	0.00185815766779	8.89070654445e-06	0.0102154218196	0.0121624865528	0.0102776567654	0.000577895925389	0.0417507579327	0.00333401495417	0.00466762093584	8.89070654445e-06	0.00382744916739	0.0001600327178	1.77814130889e-05	2.22267663611e-05	0.00159143647146	0.00228046622865	0.00599678156423	6.22349458111e-05	8.89070654445e-06	0.000137805951439	0.00215155098376	0	0.00227157552211	0.000284502609422	0.012753718538	0.00809054295545	6.22349458111e-05	0	5.77895925389e-05	0.00196040079305	0.00744596673098	7.11256523556e-05	1.33360598167e-05	4.44535327222e-06	0	0.00161366323782	0	0.00028005725615	2.22267663611e-05	0.000226713016883	0.00175146918926	0.00313397405692	0.00012002453835	0.00115579185078	1.33360598167e-05	0.000408972501045	0	0	0	9.33524187167e-05	6.66802990834e-05	0.00503658525743	4.44535327222e-06	0	5.33442392667e-05	0.0038896841132	0	6.66802990834e-05	1.77814130889e-05	0.000853507828267	0.000133360598167	5.33442392667e-05	0	0	0	0.000128915244895	0.000733483289917	0.000226713016883	0.00419196813571	0.00254274207171	8.00163589e-05	1.77814130889e-05	0.0001600327178	4.88988859945e-05	8.44617121723e-05	0.000577895925389	0.000769046116095	8.89070654445e-06	4.44535327222e-06	0.000195595543978
0.000595677338478	3.11174729056e-05	8.89070654445e-05	0	8.89070654445e-05	0.000111133831806	0.00174702383598	0.00190705655378	0.00705922099629	0.000204486250522	0.00333401495417	0.0357361949554	0.00422308560861	0.00740595855153	0.00397859117864	0.0001600327178	6.22349458111e-05	0.000297838669239	0.00910408350152	0.0103221102981	0.00337846848689	0.000115579185078	5.77895925389e-05	0.000231158370156	0.000431199267406	0.0021604416903	0.0119091014163	0.00202263573886	0.00225379410902	0.010744418859	0.000506770273034	0.000253385136517	0.000484543506672	0.000106688478533	0.0171012740382	8.89070654445e-06	6.66802990834e-05	0	0	5.33442392667e-05	0	3.55628261778e-05	4.44535327222e-06	2.22267663611e-05	0.000106688478533	7.55710056278e-05	0.000475652800128	0.000155587364528	0.00102243125261	3.55628261778e-05	0	0	0	8.44617121723e-05	0	0.000137805951439	4.44535327222e-06	0	8.89070654445e-06	0.000177814130889	0.000617904104839	0.000800163589	0.000186704837433	2.22267663611e-05	1.77814130889e-05	4.44535327222e-06	0.000235603723428	0	0	3.55628261778e-05	0.00164478071072	0.00273833761569	0.00905073926225	0.000746819349734	0.000133360598167	0	0.00148474799292	0.000164478071072	0.000769046116095	0.000168923424345	7.11256523556e-05	0	0	0.000337846848689
4.88988859945e-05	0.000906852067534	0.000195595543978	0	0.00286280750731	0.000102243125261	0.00756154591605	0.000426753914134	0.00397859117864	0.00299172275221	0.00466762093584	0.00422308560861	0.0395458627097	9.33524187167e-05	0.00148474799292	0.00270277478951	1.77814130889e-05	2.22267663611e-05	0.00260053166425	0.00173368777617	0.0153675862621	0.000266721196333	0.000617904104839	0.000346737555234	0.00320509970927	0.000755710056278	0.0022404580492	0.000457871387039	0.0043208833806	0.00485432577327	2.22267663611e-05	4.44535327222e-06	1.77814130889e-05	1.77814130889e-05	0.00802386265637	7.55710056278e-05	8.89070654445e-06	2.22267663611e-05	0	0.000826835708634	3.55628261778e-05	0.00267610266988	4.88988859945e-05	0.000484543506672	0.00122691750313	0.00196040079305	0.00179147736871	0.00779714963948	0.000689029757195	0.000262275843061	0.000191150190706	8.89070654445e-06	4.44535327222e-06	0.00106243943206	0.000417863207589	0.00580118602025	4.88988859945e-05	4.44535327222e-06	4.000817945e-05	0.00124469891622	1.77814130889e-05	0.000622349458111	3.11174729056e-05	0.000213376957067	0.000444535327222	3.55628261778e-05	0.000124469891622	4.44535327222e-06	0	0.00176480524907	0.000995759132978	0.000244494429972	0.00581896743334	0.00292059709985	0.00170257030326	4.44535327222e-05	6.66802990834e-05	0.000466762093584	0.000466762093584	0.00280501791477	0.00100464983952	0.000724592583373	4.000817945e-05	0.000248939783245
0	0.000146696657983	8.89070654445e-06	0	0	0.000217822310339	0.000128915244895	0	0.00160477253127	0.000102243125261	8.89070654445e-06	0.00740595855153	9.33524187167e-05	0.0199240733661	0.000791272882456	6.22349458111e-05	0.000217822310339	0	0.000142251304711	1.77814130889e-05	1.77814130889e-05	3.11174729056e-05	0.000124469891622	5.33442392667e-05	0.000253385136517	0.00447647074513	0.00243605359318	0.00585008490625	9.77977719889e-05	0.000951305600256	0	0.000373409674867	0.000569005218845	0	0.00190261120051	8.89070654445e-06	0.000377855028139	0	0	0	0	0.000124469891622	0	4.44535327222e-06	0.000106688478533	9.77977719889e-05	0.00238270935391	0.000137805951439	0.00456537781057	8.89070654445e-06	0	4.44535327222e-06	0	0.000368964321595	4.44535327222e-06	0.000124469891622	4.44535327222e-06	0.000111133831806	8.89070654445e-06	8.89070654445e-05	0.00277390044187	0.00352516514487	0.000804608942273	0	8.89070654445e-06	0	0.00111578367133	0	0	0.000133360598167	0.000102243125261	0.0030095041653	0.00153809223219	0.000133360598167	6.22349458111e-05	5.77895925389e-05	0.0008801799479	2.22267663611e-05	0.00240938147355	0.000653466931017	5.77895925389e-05	0	0	0.00108466619842
0.0146741111516	8.89070654445e-06	0.0051210469696	0	0.00020004089725	5.77895925389e-05	0.00295171457276	0.00860620393503	0.0187727268686	0.000391191087956	0.00382744916739	0.00397859117864	0.00148474799292	0.000791272882456	0.0423686620376	0.000586786631934	9.77977719889e-05	0.00288503427367	0.0012491442695	0.0024805071259	0.00113801043769	0.000551223805756	8.00163589e-05	0.00320509970927	0.00107133013861	0	0.00431643802733	0.000546778452484	0.00459204993021	0.0156832063444	0.00555224623701	0	0.00121358144332	0.00104910337224	0.00631240164656	4.44535327222e-06	0	0.000248939783245	0	2.66721196333e-05	0	2.66721196333e-05	2.22267663611e-05	1.77814130889e-05	8.00163589e-05	6.22349458111e-05	1.33360598167e-05	6.66802990834e-05	0	1.77814130889e-05	4.44535327222e-06	0	0	2.66721196333e-05	0	8.44617121723e-05	2.66721196333e-05	0	8.89070654445e-06	0.000262275843061	0	3.55628261778e-05	8.89070654445e-06	7.55710056278e-05	2.22267663611e-05	6.66802990834e-05	0	0	0	8.89070654445e-06	0.00221378592957	0.000342292201961	0.00277834579514	0.0012491442695	0.000444535327222	2.22267663611e-05	1.33360598167e-05	0.000155587364528	1.77814130889e-05	6.22349458111e-05	9.33524187167e-05	2.22267663611e-05	1.33360598167e-05	4.44535327222e-06
0.000151142011256	0.00105799407879	7.11256523556e-05	0	0.000102243125261	0.00129359780222	0.00192928332015	0.000502324919761	0.00121802679659	0.00721036300755	0.0001600327178	0.0001600327178	0.00270277478951	6.22349458111e-05	0.000586786631934	0.0147141193311	2.66721196333e-05	1.33360598167e-05	2.66721196333e-05	3.55628261778e-05	0.000115579185078	9.77977719889e-05	0.00107577549188	0.000168923424345	0.00226713016883	0.00108022084515	4.44535327222e-05	0.000346737555234	0.00352516514487	0.000893516007717	0.000431199267406	0	3.11174729056e-05	0.000702365817011	0.00216488704357	8.89070654445e-06	1.77814130889e-05	0	0	4.88988859945e-05	0	1.33360598167e-05	8.89070654445e-06	2.22267663611e-05	0.000368964321595	1.33360598167e-05	0	0.000346737555234	0	2.22267663611e-05	1.77814130889e-05	8.00163589e-05	0	0	0	0.000195595543978	1.33360598167e-05	7.55710056278e-05	6.22349458111e-05	5.33442392667e-05	1.77814130889e-05	0	2.22267663611e-05	8.89070654445e-06	8.89070654445e-06	4.44535327222e-06	0	0	0	4.44535327222e-06	0.000724592583373	8.00163589e-05	0.00175591454253	0.00140473163402	0.00769935186749	4.44535327222e-06	8.89070654445e-06	1.77814130889e-05	0	3.55628261778e-05	8.89070654445e-06	0.000328956142145	0	4.44535327222e-06
5.33442392667e-05	0.000333401495417	0.000497879566489	0	8.89070654445e-06	0	4.88988859945e-05	4.44535327222e-05	3.55628261778e-05	6.66802990834e-05	1.77814130889e-05	6.22349458111e-05	1.77814130889e-05	0.000217822310339	9.77977719889e-05	2.66721196333e-05	0.0188660792873	2.66721196333e-05	2.66721196333e-05	3.55628261778e-05	8.89070654445e-06	0.0027205562026	0.00961974448109	0.00483209900691	0.00961085377455	8.00163589e-05	0.000742373996461	0.00535220533976	0.00244494429972	0.000284502609422	0.000626794811384	0	0	6.22349458111e-05	0.000555669159028	8.89070654445e-06	7.55710056278e-05	0.00012002453835	0	2.22267663611e-05	0	4.44535327222e-06	3.55628261778e-05	2.22267663611e-05	0.00012002453835	8.89070654445e-06	5.77895925389e-05	4.44535327222e-06	9.33524187167e-05	2.22267663611e-05	0	0.0011691279106	1.33360598167e-05	1.77814130889e-05	4.44535327222e-06	2.22267663611e-05	0.0019692914996	0.00310730193728	0.000395636441228	0.000666802990834	0.000111133831806	0.000115579185078	0.000155587364528	0.001649226064	1.77814130889e-05	6.66802990834e-05	2.22267663611e-05	4.44535327222e-06	4.44535327222e-06	1.77814130889e-05	0.00217377775012	0.000684584403923	0.000657912284289	0.000271166549606	7.11256523556e-05	4.44535327222e-06	1.77814130889e-05	6.66802990834e-05	8.44617121723e-05	8.89070654445e-06	4.44535327222e-06	4.44535327222e-06	0	3.11174729056e-05
0.00405860753754	0.000591231985206	0.00502324919761	0	0	0	4.44535327222e-06	0.000773491469367	0.00052010633285	4.000817945e-05	2.22267663611e-05	0.000297838669239	2.22267663611e-05	0	0.00288503427367	1.33360598167e-05	2.66721196333e-05	0.0267299092259	0.000146696657983	0.00502769455089	1.77814130889e-05	0.00288503427367	7.11256523556e-05	0.00719702694773	0.000124469891622	0	0.00801941730309	0.00414306924971	0.000582341278661	0.00411195177681	0.00790383811802	0	0	0.000337846848689	0.00510771090979	2.22267663611e-05	4.000817945e-05	0.000368964321595	0	0	0	0	4.44535327222e-06	2.22267663611e-05	3.11174729056e-05	0	0	0	0	1.33360598167e-05	0	8.89070654445e-06	1.33360598167e-05	4.44535327222e-06	8.89070654445e-06	0	1.77814130889e-05	8.89070654445e-06	4.44535327222e-06	3.11174729056e-05	4.44535327222e-06	0.000671248344106	0.0001600327178	8.89070654445e-06	4.88988859945e-05	8.44617121723e-05	0	4.44535327222e-06	0	0	0.000711256523556	0.00146696657983	0.00113801043769	0.000311174729056	1.33360598167e-05	0	4.44535327222e-06	9.33524187167e-05	7.11256523556e-05	1.33360598167e-05	8.89070654445e-06	2.66721196333e-05	0	0
0.000435644620678	4.44535327222e-06	5.33442392667e-05	0	8.00163589e-05	0	0.000177814130889	0.000746819349734	0.0016803435369	9.77977719889e-05	0.00159143647146	0.00910408350152	0.00260053166425	0.000142251304711	0.0012491442695	2.66721196333e-05	2.66721196333e-05	0.000146696657983	0.0136383438392	0.00770379722077	0.0027694550886	2.66721196333e-05	1.33360598167e-05	0.000111133831806	0.000182259484161	0.0001600327178	0.00839727233123	0.000106688478533	0.000924633480623	0.00479209082746	0.000364518968322	4.44535327222e-06	0	5.33442392667e-05	0.00649021577745	8.89070654445e-06	1.33360598167e-05	0	0	1.33360598167e-05	0	1.33360598167e-05	4.44535327222e-06	1.77814130889e-05	7.55710056278e-05	4.88988859945e-05	6.66802990834e-05	3.55628261778e-05	0.000217822310339	8.89070654445e-06	0	0	0	0.000124469891622	4.44535327222e-06	7.55710056278e-05	4.44535327222e-06	8.89070654445e-06	0	0.000111133831806	0.000133360598167	0.000431199267406	0.000111133831806	4.44535327222e-06	4.44535327222e-06	4.44535327222e-06	4.88988859945e-05	0	0	1.77814130889e-05	0.00104465801897	0.000466762093584	0.00388079340665	0.000151142011256	4.44535327222e-06	0	4.000817945e-05	6.66802990834e-05	8.44617121723e-05	7.55710056278e-05	3.55628261778e-05	0	0	3.11174729056e-05
0.00134694204148	4.44535327222e-06	8.00163589e-05	0	4.88988859945e-05	0	0.000142251304711	0.00084017176845	0.00212487886412	0.00012002453835	0.00228046622865	0.0103221102981	0.00173368777617	1.77814130889e-05	0.0024805071259	3.55628261778e-05	3.55628261778e-05	0.00502769455089	0.00770379722077	0.0205642042373	0.00202708109213	0.000146696657983	2.66721196333e-05	0.000391191087956	0.000355628261778	7.11256523556e-05	0.00831725597233	0.00156476435182	0.0012802617424	0.00757932732914	0.00249384318572	0	0	0.00036007361505	0.0109889132889	8.89070654445e-06	5.33442392667e-05	0	0	8.89070654445e-06	0	8.89070654445e-06	8.89070654445e-06	3.11174729056e-05	0.000111133831806	4.000817945e-05	6.66802990834e-05	3.11174729056e-05	0.00020004089725	2.22267663611e-05	0	4.44535327222e-06	0	8.44617121723e-05	0	7.55710056278e-05	8.89070654445e-06	4.44535327222e-06	4.44535327222e-06	0.000142251304711	0.000106688478533	0.000417863207589	0.000231158370156	1.33360598167e-05	1.77814130889e-05	1.77814130889e-05	3.11174729056e-05	0	0	8.89070654445e-06	0.0013602781013	0.00126248032931	0.00535665069303	0.000351182908506	1.33360598167e-05	0	4.000817945e-05	8.89070654445e-05	7.11256523556e-05	8.89070654445e-05	4.44535327222e-05	4.44535327222e-06	0	3.55628261778e-05
4.44535327222e-06	2.22267663611e-05	0.000115579185078	0	0.00492545142562	2.22267663611e-05	0.000609013398295	0.000208931603795	0.00117357326387	0.000960196306801	0.00599678156423	0.00337846848689	0.0153675862621	1.77814130889e-05	0.00113801043769	0.000115579185078	8.89070654445e-06	1.77814130889e-05	0.0027694550886	0.00202708109213	0.0241960578607	0.000253385136517	0	0.000311174729056	0.00415195995626	0	0.00273833761569	0.0003200654356	0.00560559047628	0.00597900015114	2.22267663611e-05	0	2.22267663611e-05	0.000177814130889	0.00745485743752	7.55710056278e-05	8.89070654445e-06	8.89070654445e-06	0	0.00105354872552	0	5.77895925389e-05	1.33360598167e-05	0.000266721196333	0.000924633480623	0.000929078833895	9.77977719889e-05	0.000955750953528	8.89070654445e-06	0.000408972501045	4.44535327222e-06	0	4.44535327222e-06	6.66802990834e-05	7.11256523556e-05	0.00255607813153	2.22267663611e-05	0	4.44535327222e-05	0.00135583274803	4.44535327222e-06	5.33442392667e-05	2.22267663611e-05	0.000302284022511	7.55710056278e-05	4.44535327222e-05	0	0	0	0.000115579185078	0.00102687660588	0.000257830489789	0.00613903286894	0.00304951234475	0.000151142011256	6.66802990834e-05	9.33524187167e-05	7.11256523556e-05	9.77977719889e-05	0.000866843888084	0.00120469073677	7.55710056278e-05	1.77814130889e-05	0.00028005725615
0.000408972501045	8.89070654445e-06	0.00104465801897	0	2.66721196333e-05	0	1.33360598167e-05	0.0028494714475	0.000404527147772	0.000368964321595	6.22349458111e-05	0.000115579185078	0.000266721196333	3.11174729056e-05	0.000551223805756	9.77977719889e-05	0.0027205562026	0.00288503427367	2.66721196333e-05	0.000146696657983	0.000253385136517	0.0433199676378	0.00254718742498	0.0237915307129	0.000915742774078	0	0.000533442392667	0.00125358962277	0.00643687153818	0.0019203926136	0.0160655067258	0	0	0.00113801043769	0.00733483289917	0.000493434213217	0	0.000235603723428	0	1.77814130889e-05	0	8.89070654445e-06	0.000208931603795	0.000146696657983	0.000226713016883	6.66802990834e-05	2.66721196333e-05	8.89070654445e-06	4.44535327222e-06	0.000217822310339	0	0.00129359780222	8.44617121723e-05	2.66721196333e-05	2.66721196333e-05	1.33360598167e-05	0.00223156734266	0.00166700747708	0.00060012269175	0.000115579185078	0	3.11174729056e-05	4.000817945e-05	0.000368964321595	0.000622349458111	0.00226713016883	0	1.77814130889e-05	0	5.77895925389e-05	0.00393858299919	0.000791272882456	0.00575228713426	0.00303617628493	0.000248939783245	0	8.89070654445e-06	0.000311174729056	8.00163589e-05	0.000124469891622	9.33524187167e-05	5.77895925389e-05	1.33360598167e-05	4.44535327222e-06
8.44617121723e-05	0.00558336370991	0.000706811170284	0	1.33360598167e-05	0	1.77814130889e-05	2.66721196333e-05	1.77814130889e-05	0.00617904104839	8.89070654445e-06	5.77895925389e-05	0.000617904104839	0.000124469891622	8.00163589e-05	0.00107577549188	0.00961974448109	7.11256523556e-05	1.33360598167e-05	2.66721196333e-05	0	0.00254718742498	0.0312152706776	0.00574339642771	0.0104688069561	0.00320509970927	0.0004000817945	0.010108733341	0.000675693697378	0.000506770273034	0.000964641660073	0	0	0.000333401495417	0.000511215626306	0	0.000128915244895	8.89070654445e-05	0	1.33360598167e-05	1.33360598167e-05	0	3.55628261778e-05	1.33360598167e-05	0.000764600762823	4.44535327222e-06	4.44535327222e-06	0	8.89070654445e-06	8.89070654445e-06	2.22267663611e-05	0.0058411941997	1.33360598167e-05	3.55628261778e-05	4.44535327222e-06	2.22267663611e-05	0.00251162459881	0.00985090285125	0.000693475110467	0.00127581638913	0.000106688478533	0.000155587364528	0.00307173911111	0.00198707291268	1.77814130889e-05	5.33442392667e-05	0	0	4.44535327222e-06	4.88988859945e-05	0.00108022084515	0.000408972501045	0.000177814130889	8.44617121723e-05	0.000786827529184	0	8.89070654445e-06	0.000124469891622	6.22349458111e-05	4.44535327222e-05	4.44535327222e-06	4.000817945e-05	0	0
0.00342736737289	7.11256523556e-05	0.0183815357806	0	2.22267663611e-05	0	0.000351182908506	0.00826835708634	0.00371631533558	0.000226713016883	0.000137805951439	0.000231158370156	0.000346737555234	5.33442392667e-05	0.00320509970927	0.000168923424345	0.00483209900691	0.00719702694773	0.000111133831806	0.000391191087956	0.000311174729056	0.0237915307129	0.00574339642771	0.0874223174516	0.00118246397041	8.89070654445e-06	0.00241382682682	0.0145807587329	0.00642798083164	0.000729037936645	0.0125447869342	0	0	0.000293393315967	0.00612569680913	4.000817945e-05	1.33360598167e-05	0.00145807587329	0	5.33442392667e-05	0	4.44535327222e-06	3.11174729056e-05	8.44617121723e-05	0.000106688478533	2.22267663611e-05	3.11174729056e-05	4.44535327222e-06	1.33360598167e-05	4.88988859945e-05	4.44535327222e-06	0.00729927007299	5.77895925389e-05	2.66721196333e-05	3.55628261778e-05	1.33360598167e-05	0.00533442392667	0.00564115330245	0.0109889132889	0.000306729375783	1.33360598167e-05	0.000222267663611	0.000297838669239	0.000222267663611	5.33442392667e-05	0.00215155098376	0	0	0	4.88988859945e-05	0.0108955608702	0.00460538599002	0.00762822621514	0.00629462023347	0.000275611902878	0	4.44535327222e-06	0.000173368777617	7.11256523556e-05	0.000124469891622	7.55710056278e-05	5.33442392667e-05	1.33360598167e-05	1.77814130889e-05
0.000524551686122	0.0021604416903	0.000635685517928	0	0.00653911466344	1.33360598167e-05	0.00105354872552	0.00135583274803	0.00127581638913	0.0111222738871	0.00215155098376	0.000431199267406	0.00320509970927	0.000253385136517	0.00107133013861	0.00226713016883	0.00961085377455	0.000124469891622	0.000182259484161	0.000355628261778	0.00415195995626	0.000915742774078	0.0104688069561	0.00118246397041	0.0524862860852	0.00117357326387	0.000884625301173	0.00447647074513	0.0255474452555	0.002449389653	0.00280946326805	0	1.33360598167e-05	0.000897961360989	0.00342292201961	0.0001600327178	0.000106688478533	4.44535327222e-05	0	0.00479209082746	0	0.000177814130889	0.000462316740311	0.000168923424345	0.0074104039048	0.00109800225824	9.77977719889e-05	0.00133360598167	0.000106688478533	0.000337846848689	5.77895925389e-05	0.000866843888084	1.33360598167e-05	4.88988859945e-05	1.33360598167e-05	0.0040808343039	0.00171590636308	0.00289392498022	0.000328956142145	0.00852174222285	9.33524187167e-05	5.33442392667e-05	0.000226713016883	0.00515216444251	0.0001600327178	0.000164478071072	2.66721196333e-05	4.44535327222e-06	4.44535327222e-06	7.55710056278e-05	0.00508103879015	0.00115579185078	0.00306729375783	0.00202263573886	0.00202708109213	6.22349458111e-05	4.44535327222e-05	0.000631240164656	0.000146696657983	0.000257830489789	0.000351182908506	0.000182259484161	8.89070654445e-06	6.66802990834e-05
0	0.00358740009069	0	0	0	0	1.77814130889e-05	4.44535327222e-06	0	0.0030406216382	0	0.0021604416903	0.000755710056278	0.00447647074513	0	0.00108022084515	8.00163589e-05	0	0.0001600327178	7.11256523556e-05	0	0	0.00320509970927	8.89070654445e-06	0.00117357326387	0.0117446233452	0.0005601145123	0.00365852574304	2.22267663611e-05	4.44535327222e-06	0	0	0	0	4.44535327222e-06	0	0.000128915244895	0	0	0	0	0	0	0	5.33442392667e-05	0	0.00044008997395	0	0.001649226064	0	0	0	0	0.000102243125261	4.44535327222e-06	0	0	5.33442392667e-05	0	4.44535327222e-05	0.00159588182473	0.0010402126657	0.000324510788872	0	0	0	0.000502324919761	0	0	0	0.000137805951439	0.000373409674867	0.000377855028139	8.89070654445e-06	0.000653466931017	0	0.00104910337224	1.33360598167e-05	0.000195595543978	5.33442392667e-05	2.22267663611e-05	0	0	0.000186704837433
0.0049610142518	0.000769046116095	0.00753487379642	0	7.11256523556e-05	4.44535327222e-06	0.000217822310339	0.00106688478533	0.00264498519697	0.000137805951439	0.00227157552211	0.0119091014163	0.0022404580492	0.00243605359318	0.00431643802733	4.44535327222e-05	0.000742373996461	0.00801941730309	0.00839727233123	0.00831725597233	0.00273833761569	0.000533442392667	0.0004000817945	0.00241382682682	0.000884625301173	0.0005601145123	0.0700320954506	0.0241160415018	0.00144473981347	0.00800608124328	0.00341403131307	0.000142251304711	0	0.000146696657983	0.00849507010322	8.89070654445e-06	0.00583674884643	0.000586786631934	0	8.89070654445e-06	0	2.66721196333e-05	1.77814130889e-05	8.89070654445e-06	0.000115579185078	8.00163589e-05	0.000395636441228	6.66802990834e-05	0.000844617121723	1.77814130889e-05	0	4.88988859945e-05	1.33360598167e-05	0.00230713834828	0.000991313779706	8.44617121723e-05	8.00163589e-05	0.000271166549606	9.77977719889e-05	0.000288947962695	0.00351627443833	0.0170879379784	0.00999315415596	1.77814130889e-05	1.33360598167e-05	3.11174729056e-05	0.000982423073162	0	0	6.66802990834e-05	0.00358295473741	0.00526774362759	0.00802386265637	0.000906852067534	1.33360598167e-05	0	4.88988859945e-05	0.000462316740311	0.00156476435182	0.000275611902878	9.77977719889e-05	1.33360598167e-05	0	0.000177814130889
0.000324510788872	0.0158921379482	0.0164744792269	0	8.89070654445e-06	1.33360598167e-05	8.44617121723e-05	0.000493434213217	0.000511215626306	0.00166700747708	0.000284502609422	0.00202263573886	0.000457871387039	0.00585008490625	0.000546778452484	0.000346737555234	0.00535220533976	0.00414306924971	0.000106688478533	0.00156476435182	0.0003200654356	0.00125358962277	0.010108733341	0.0145807587329	0.00447647074513	0.00365852574304	0.0241160415018	0.108417720956	0.00166700747708	0.000951305600256	0.000711256523556	8.89070654445e-06	8.89070654445e-06	0.000577895925389	0.00470762911529	1.77814130889e-05	0.0194662019791	0.00286725286058	0	4.000817945e-05	0	1.33360598167e-05	4.44535327222e-05	3.55628261778e-05	0.000342292201961	4.88988859945e-05	0.00119135467696	3.55628261778e-05	0.00212043351085	3.55628261778e-05	1.77814130889e-05	0.00427198449461	0.0004800981534	0.00183593090143	0.000595677338478	4.44535327222e-05	0.000426753914134	0.00485432577327	0.00451647892458	0.000457871387039	0.00608568862968	0.0122780657379	0.0283702445833	0.000124469891622	1.33360598167e-05	0.000102243125261	0.00115579185078	0	0	0.0002400490767	0.0138206033233	0.0049298967789	0.00531664251358	0.00175591454253	0.000204486250522	2.66721196333e-05	0.000333401495417	0.000866843888084	0.00199151826596	0.000391191087956	0.000195595543978	5.77895925389e-05	1.33360598167e-05	0.000328956142145
0.00189372049397	7.55710056278e-05	0.00207153462486	0	0.00548556593793	3.55628261778e-05	0.00507214808361	0.0265298683286	0.00873067382665	0.00939747681748	0.012753718538	0.00225379410902	0.0043208833806	9.77977719889e-05	0.00459204993021	0.00352516514487	0.00244494429972	0.000582341278661	0.000924633480623	0.0012802617424	0.00560559047628	0.00643687153818	0.000675693697378	0.00642798083164	0.0255474452555	2.22267663611e-05	0.00144473981347	0.00166700747708	0.0863198698401	0.00843728051068	0.0147007832712	0	0.000124469891622	0.00475652800128	0.0115801452741	0.000569005218845	8.00163589e-05	2.66721196333e-05	0	0.00774380540022	0	0.00100909519279	0.000649021577745	0.000666802990834	0.0128470709567	0.0036007361505	0.000293393315967	0.00283169003441	6.22349458111e-05	0.000995759132978	2.66721196333e-05	0.000133360598167	8.89070654445e-06	0.000293393315967	0.000155587364528	0.00867732958738	0.000235603723428	0.000133360598167	0.000208931603795	0.016296665096	4.000817945e-05	0.000128915244895	0.000391191087956	0.00479209082746	0.000702365817011	0.000222267663611	1.77814130889e-05	8.89070654445e-06	0	0.000413417854317	0.00503658525743	0.000626794811384	0.00843728051068	0.00494323283871	0.00310730193728	3.55628261778e-05	8.44617121723e-05	0.00170701565653	0.0005601145123	0.00108022084515	0.000862398534812	0.000191150190706	4.44535327222e-05	9.77977719889e-05
0.00771713328058	1.77814130889e-05	0.000995759132978	0	0.000457871387039	6.22349458111e-05	0.0014891933462	0.0111356099469	0.00809054295545	0.00204486250522	0.00809054295545	0.010744418859	0.00485432577327	0.000951305600256	0.0156832063444	0.000893516007717	0.000284502609422	0.00411195177681	0.00479209082746	0.00757932732914	0.00597900015114	0.0019203926136	0.000506770273034	0.000729037936645	0.002449389653	4.44535327222e-06	0.00800608124328	0.000951305600256	0.00843728051068	0.0509748659726	0.00916187309405	0	0.000595677338478	0.0115490278012	0.0212176711683	5.77895925389e-05	8.89070654445e-06	1.77814130889e-05	0	5.33442392667e-05	0	6.22349458111e-05	7.55710056278e-05	0.000173368777617	0.000697920463739	0.000182259484161	8.89070654445e-05	0.000226713016883	8.89070654445e-06	0.000213376957067	0	0	4.44535327222e-06	0.000106688478533	4.44535327222e-05	0.000266721196333	6.66802990834e-05	2.22267663611e-05	2.66721196333e-05	0.000475652800128	4.44535327222e-06	8.44617121723e-05	4.000817945e-05	0.000315620082328	6.22349458111e-05	0.000155587364528	4.44535327222e-06	0	0	2.22267663611e-05	0.00207153462486	0.000475652800128	0.0082905838527	0.00282724468113	0.000471207446856	2.66721196333e-05	7.11256523556e-05	0.000248939783245	0.00012002453835	0.000804608942273	0.000911297420806	9.33524187167e-05	3.11174729056e-05	0.000284502609422
0.00822834890689	7.55710056278e-05	0.00289392498022	0	4.44535327222e-06	0	3.55628261778e-05	0.0132115899251	0.00247161641936	0.0018403762547	6.22349458111e-05	0.000506770273034	2.22267663611e-05	0	0.00555224623701	0.000431199267406	0.000626794811384	0.00790383811802	0.000364518968322	0.00249384318572	2.22267663611e-05	0.0160655067258	0.000964641660073	0.0125447869342	0.00280946326805	0	0.00341403131307	0.000711256523556	0.0147007832712	0.00916187309405	0.0546289463624	0	4.44535327222e-06	0.00157810041164	0.00777492287312	0.00113356508442	5.33442392667e-05	0.000124469891622	0	3.11174729056e-05	0	8.89070654445e-06	0.000569005218845	0.000226713016883	0.00213376957067	0.000124469891622	2.66721196333e-05	0	4.44535327222e-06	0.000724592583373	0	0.000271166549606	0.000124469891622	7.11256523556e-05	4.000817945e-05	4.000817945e-05	0.00110689296478	0.000142251304711	0.000506770273034	0.00169812494999	0	6.22349458111e-05	0.0003200654356	0.000715701876828	0.00142695840038	0.00296949598585	0	8.89070654445e-06	1.77814130889e-05	0.0001600327178	0.000591231985206	8.89070654445e-05	0.00232936511465	0.000417863207589	0.000288947962695	0	4.44535327222e-06	0.00182704019488	0.000426753914134	0.000453426033767	0.000302284022511	9.33524187167e-05	4.44535327222e-06	1.77814130889e-05
0	0	0	0	0	0	0	0	0	0	0	0.000253385136517	4.44535327222e-06	0.000373409674867	0	0	0	0	4.44535327222e-06	0	0	0	0	0	0	0	0.000142251304711	8.89070654445e-06	0	0	0	0.000377855028139	0	0	0	0	0	0	0	0	0	8.89070654445e-06	0	0	0	8.89070654445e-06	1.33360598167e-05	8.89070654445e-06	7.55710056278e-05	0	0	0	0	0	0	8.89070654445e-06	0	0	0	0	0	3.11174729056e-05	0	0	0	0	4.44535327222e-06	0	0	8.89070654445e-06	0	0.000102243125261	0	0	0	0	0	0	7.55710056278e-05	1.33360598167e-05	0	0	0	8.89070654445e-06
2.66721196333e-05	0	8.89070654445e-06	0	4.44535327222e-06	0.000862398534812	0.000706811170284	0.000124469891622	0.00204486250522	8.89070654445e-06	5.77895925389e-05	0.000484543506672	1.77814130889e-05	0.000569005218845	0.00121358144332	3.11174729056e-05	0	0	0	0	2.22267663611e-05	0	0	0	1.33360598167e-05	0	0	8.89070654445e-06	0.000124469891622	0.000595677338478	4.44535327222e-06	0	0.00297394133912	4.44535327222e-06	0.000933524187167	0	0	0	0	8.89070654445e-06	0	0	0	0	4.44535327222e-06	0	0	0	0	4.44535327222e-06	0	0	0	4.44535327222e-06	0	4.44535327222e-06	0	0	0	1.33360598167e-05	0	0	0	4.44535327222e-06	0	0	0	0	0	0	0.000177814130889	1.33360598167e-05	0.000297838669239	9.77977719889e-05	8.44617121723e-05	0.000253385136517	0	0	4.44535327222e-06	4.44535327222e-06	4.44535327222e-06	0	0	0
