0.0239543381068	0	0.00273472074076	0	0	0	0	0.00911195333954	0.012936023421	0	0	0	0	0	0.0167033565577	0	0	3.40421668974e-05	0	3.40421668974e-05	0	0.0017928874566	0	0.00278011029662	0	0	3.40421668974e-05	0	0.00239429907178	0.00969067017679	0.0136282141479	0	1.13473889658e-05	0.00187231917936	0.000964528062093	0	0	0	0	0	0	0	0	0	0	0	0	0	0	0	0	0	0	0	0	0	0	0	0	0	0	0	0	0	0	0	0	0	0	0	0	0	0.000453895558632	0.000147516056555	0	2.26947779316e-05	0	0	0	0	0	0	0	0
0	0.0256564464517	0.000317726891042	0	0	0	0	0	0	0.00157728706625	0	0	0	5.6736944829e-05	0	0	0.000272337335179	3.40421668974e-05	0	0	0	0	0.00678573860155	0	0.00300705807594	0.00173615051177	0.00251912035041	0.020232394526	0	0	0	0	0	0	0	0	0.0136395615369	5.6736944829e-05	0	0	0	0	0	0	0	0	0	0	0.000158863445521	0	0	0	0	0	0	0	0	0.00236025690489	0	0	0.000590064226222	0.00021560039035	0.0168962621701	0	0	0	1.13473889658e-05	0	0	0	3.40421668974e-05	0	3.40421668974e-05	3.40421668974e-05	0	0	0	0	0	0	0	0	0	0
0.00273472074076	0.000317726891042	0.0535029389737	0	0	0	0	0.00254181512834	0.00372194358078	0	0	2.26947779316e-05	0	0	0.00295032113111	0	2.26947779316e-05	0.00995166012301	0	0.000124821278624	0	0.0090892585616	0.000306379502077	0.0256450990627	4.53895558632e-05	0	0.00580986315049	0.0206976374736	0.00416449175045	0.00266663640696	0.00996300751197	0	0	0.00127090756417	0.000726232893811	0	2.26947779316e-05	2.26947779316e-05	0	0	0	0	0	0	0	0	0	0	0	0	0	0.000317726891042	0.000930485895196	0	3.40421668974e-05	0	0	0.000306379502077	4.53895558632e-05	4.53895558632e-05	0	3.40421668974e-05	0.00361981708009	5.6736944829e-05	0	0	0	0	0	0	0.000805664616572	0.000329074280008	0.00163402401108	0.0013616866759	0	0	0	5.6736944829e-05	1.13473889658e-05	0	0	0	0	0
0	0	0	0	0	0	0	0	0	0	0	0	0	0	0	0	0	0	0	0	0	0	0	0	0	0	0	0	0	0	0	0	0	0	0	0	0	0	0	0	0	0	0	0	0	0	0	0	0	0	0	0	0	0	0	0	0	0	0	0	0	0	0	0	0	0	0	0	0	0	0	0	0	0	0	0	0	0	0	0	0	0	0	0
0	0	0	0	0.010292081792	0	0	0.00021560039035	0	0.000295032113111	0.000272337335179	0	0.00379002791458	0	0	2.26947779316e-05	0	0	0	0	0.00599142137394	0	0	0	0.00405101786079	0	0	0	0.00297301590904	0	0	0	0	0	0.00105530717382	0	0	0	0	0.00181558223453	0	0.000260989946213	0	0.000124821278624	0.000306379502077	9.07791117264e-05	0	0.000771622449674	0	2.26947779316e-05	0.00013616866759	0	0	0	0	0.00163402401108	0	0	0	0.000272337335179	0	0	0	0.00021560039035	0	0	0	0	0	0	0.00122551800831	0	0.00122551800831	0	0	0	0	0	0	0	0	0	0	0
0	0	0	0	0	0.0048453350884	0.00121417061934	0.00021560039035	0.00013616866759	0	1.13473889658e-05	0	0	2.26947779316e-05	0	0.00145246578762	0	0	0	0	1.13473889658e-05	0	0	0	0.000760275060709	0	0	0	0.00103261239589	0.000124821278624	0	0	0.00152055012142	5.6736944829e-05	0.00070353811588	0	0	0	0	0	0	0	0	0	0	0	0	0	0	0	0	0	0	0	0	0	0	0	0	0	0	0	0	0	0	0	0	0	0	0	0.000771622449674	0	0.000408506002769	0.000204253001384	0.00289358418628	0.000590064226222	0	0	0	0	0	0	0	0
0	0	0	0	0	0.00121417061934	0.0277784081883	0.00710346549259	0.0138324671493	0	0.00797721444296	0.00140707623176	0.00810203572158	2.26947779316e-05	0.00104395978485	0.00291627896421	0	0	0.00116878106348	0.000363116446906	0.00290493157524	1.13473889658e-05	0	0	0.000340421668974	0	0.000930485895196	0	0.00453895558632	0.00237160429385	3.40421668974e-05	0	0.00198579306901	0.000385811224837	0.00453895558632	0	0	0	0	0	0	0	0	0	0	0	0	0	0	0	0	0	0	0	0	0	0	0	0	0	0	0	0	0	0	0	0	0	0	0	0.00150920273245	4.53895558632e-05	0.00539000975875	0.000635453782085	0.00091913850623	0.000283684724145	0	0	0	0	0	0	0	0
0.00911195333954	0	0.00254181512834	0	0.00021560039035	0.00021560039035	0.00710346549259	0.0675623539024	0.0179629167329	0	0.00260989946213	0.00423257608424	0.000794317227606	0	0.00896443728298	0.00103261239589	0	5.6736944829e-05	0.00162267662211	0.00338152191181	0.000680843337948	0.00615028481946	0	0.00543539931462	0.000124821278624	0	0.0021900460704	0	0.0422690238976	0.0132537503121	0.0148196899893	0	0.000964528062093	0.0078637405533	0.0173728525066	0	0	0	0	0.0017588452897	0	4.53895558632e-05	0	1.13473889658e-05	0.0017588452897	4.53895558632e-05	0	0	0	0	0	0	0	0	0	0	6.80843337948e-05	0	3.40421668974e-05	0.00177019267866	0	0	0	0.00166806617797	0	0	0	0	0	0	0.00223543562626	9.07791117264e-05	0.0117445475796	0.0044141343077	7.94317227606e-05	0.00102126500692	0	0	0	1.13473889658e-05	1.13473889658e-05	0	0	0
0.012936023421	0	0.00372194358078	0	0	0.00013616866759	0.0138324671493	0.0179629167329	0.0465129473708	0	0.00296166852007	9.07791117264e-05	0.00180423484556	2.26947779316e-05	0.0154437963825	0.000737580282777	0	3.40421668974e-05	9.07791117264e-05	1.13473889658e-05	0.000907791117264	0.00331343757801	0	0.0043800921408	3.40421668974e-05	0	9.07791117264e-05	1.13473889658e-05	0.00744388716156	0.00626375870912	0.0145360052652	0	0.000397158613803	0.000930485895196	0.0021219617366	0	0	0	0	0	0	0	0	0	0	0	0	0	0	0	0	0	0	0	0	0	0	0	0	0	0	0	0	0	0	0	0	0	0	0	0.00187231917936	2.26947779316e-05	0.00309783718766	0.000556022059324	0.000317726891042	0.000124821278624	0	0	0	0	0	0	0	0
0	0.00157728706625	0	0	0.000295032113111	0	0	0	0	0.0189614869619	0	0	0.000748927671743	0	0	0.000260989946213	0	0	0	0	0.000272337335179	0	0.00401697569389	0	0.012266527472	0.000385811224837	0	0.00113473889658	0.00462973469805	0	0	0	0	0	0	0	4.53895558632e-05	0	0	0.0017928874566	0	0	0	0	0.00911195333954	0	0	5.6736944829e-05	0	0	1.13473889658e-05	0	0	0	0	6.80843337948e-05	0	0.000601411615187	0	0.00889635294919	0	0	4.53895558632e-05	0.000374463835871	0	0	0	0	0	0	9.07791117264e-05	0	1.13473889658e-05	0	0.000510632503461	0	0	1.13473889658e-05	0	0	0	0	0	0
0	0	0	0	0.000272337335179	1.13473889658e-05	0.00797721444296	0.00260989946213	0.00296166852007	0	0.0196082881329	0.0017248031228	0.00533327281393	0	0.000578716837256	0.00133899189796	0	0	0.00099857022899	0.000896443728298	0.00578716837256	0	0	0	0.000442548169666	1.13473889658e-05	0.00113473889658	0	0.00266663640696	0.00430066041804	0	0	0.000329074280008	0	0.00566234709393	0	0	0	0	0	0	0	0	0	0	0	0	0	0	0	0	0	0	0	0	0	0	0	0	0	0	0	0	0	0	0	0	0	0	0	0.00164537140004	0	0.00557156798221	0.000397158613803	0	3.40421668974e-05	0	0	0	0	0	0	0	0
0	0	2.26947779316e-05	0	0	0	0.00140707623176	0.00423257608424	9.07791117264e-05	0	0.0017248031228	0.0280280507455	0.0016907609559	0.00285954201938	0.00217869868143	0	0	4.53895558632e-05	0.00856727866918	0.0101105235685	0.00189501395729	9.07791117264e-05	0	1.13473889658e-05	1.13473889658e-05	0	0.0105871139051	4.53895558632e-05	0.00599142137394	0.0105984612941	1.13473889658e-05	0.000204253001384	0.00515171459047	9.07791117264e-05	0.0198011937453	0	0	0	0	0	0	0	0	0	0	0	3.40421668974e-05	0	3.40421668974e-05	0	0	0	0	0	0	0	0	0	0	0	0	0	0	0	0	0	0	0	0	0	0.00115743367451	0.00091913850623	0.0101445657354	0.000124821278624	0	3.40421668974e-05	0.00021560039035	0	2.26947779316e-05	0	0	0	0	0
0	0	0	0	0.00379002791458	0	0.00810203572158	0.000794317227606	0.00180423484556	0.000748927671743	0.00533327281393	0.0016907609559	0.0205955109729	0	0.000680843337948	0.00275741551869	0	0	0.00144111839866	0.000340421668974	0.00927081678506	0	0	0	0.0026212468511	0	0.00115743367451	0	0.00220139345937	0.00113473889658	0	0	0.000124821278624	0	0.0065360960443	0	0	0	0	0	0	5.6736944829e-05	0	0	0	0.000238295168282	1.13473889658e-05	0.000317726891042	0	0	0	0	0	0	0	0.000181558223453	0	0	0	0	0	0	0	0	0	0	0	0	0	2.26947779316e-05	0.0025531625173	0	0.00672900165672	0	0.000442548169666	0	0	0	0	3.40421668974e-05	0	0	0	0
0	5.6736944829e-05	0	0	0	2.26947779316e-05	2.26947779316e-05	0	2.26947779316e-05	0	0	0.00285954201938	0	0.0144452261535	0	2.26947779316e-05	0	0	0.000726232893811	0	0	0	0	0	0	0.00147516056555	0.00396023874906	0.00140707623176	0	0	0	0.00281415246352	4.53895558632e-05	0	9.07791117264e-05	0	0	0	0	0	0	0	0	0	0	0	0.00196309829108	0	0.0061048952636	0	0	0	0	0	0	0	0	0	0	0	0.00145246578762	0.000408506002769	0.000748927671743	0	0	0	0.00139572884279	0	0	0	0.000124821278624	0.00367655402492	0.000397158613803	0	0	0	0.000487937725529	0	0.00316592152146	0	0	0	0	2.26947779316e-05
0.0167033565577	0	0.00295032113111	0	0	0	0.00104395978485	0.00896443728298	0.0154437963825	0	0.000578716837256	0.00217869868143	0.000680843337948	0	0.0306379502077	0.000170210834487	0	0.000192905612419	0.0012595601752	0.000533327281393	0.000249642557248	0.0017928874566	0	0.00300705807594	0	0	0.00112339150761	0	0.00537866236979	0.0150125956018	0.0116424210789	0	0.00217869868143	0.00238295168282	0.00435739736287	0	0	0	0	0	0	0	0	0	0	0	0	0	0	0	0	0	0	0	0	0	0	0	1.13473889658e-05	0	0	0	0	0	0	0	0	0	0	0	0.000102126500692	1.13473889658e-05	0.00155459228831	0.000385811224837	4.53895558632e-05	0.000102126500692	0	0	0	0	0	0	0	0
0	0	0	0	2.26947779316e-05	0.00145246578762	0.00291627896421	0.00103261239589	0.000737580282777	0.000260989946213	0.00133899189796	0	0.00275741551869	2.26947779316e-05	0.000170210834487	0.00745523455053	0	0	0	0	0.000363116446906	0	0	0	0.00110069672968	0	0	0	0.00240564646075	0.000680843337948	0.000147516056555	0	3.40421668974e-05	0.000714885504845	0.00184962440143	0	0	0	0	0	0	0	0	0	0	0	0	0	0	0	0	0	0	0	0	0	0	0	1.13473889658e-05	0	0	0	0	0	0	0	0	0	0	0	0.00105530717382	0	0.00194040351315	0.000987222840025	0.00307514240973	1.13473889658e-05	0	0	0	7.94317227606e-05	7.94317227606e-05	0	0	0
0	0.000272337335179	2.26947779316e-05	0	0	0	0	0	0	0	0	0	0	0	0	0	0.0222862719288	0	0	0	0	0.00181558223453	0.0137530354265	0.00444817647459	0.00853323650228	0	0	0.00173615051177	0.00428931302907	0	0	0	0	0	0	0	0	0	0	0	0	0	0	0	0.00115743367451	0	0	0	0	0	0	0.0100083970678	0	0	0	0	0.000283684724145	0.0138211197603	0.000329074280008	0.00813607788848	0	0	0	0.00283684724145	0	0	0	0	0	0	0.000260989946213	0.000385811224837	0	0	0	0	0	0	0	0	0	0	0	0
3.40421668974e-05	3.40421668974e-05	0.00995166012301	0	0	0	0	5.6736944829e-05	3.40421668974e-05	0	0	4.53895558632e-05	0	0	0.000192905612419	0	0	0.0195969407439	0	0.00130494973107	0	0.000374463835871	0	0.00646801171051	0	0	0.00352903796836	0.00130494973107	0.000249642557248	0.000419853391735	0.0004312007807	0	0	0.000329074280008	0.00569638926083	0	0	2.26947779316e-05	0	0	0	0	0	0	0	0	0	0	0	0	0	0	0.000975875451059	0	0.000113473889658	0	0	0	0	0	0	0.000260989946213	0.00141842362072	0	0	0	0	0	0	0	6.80843337948e-05	0	0.00346095363457	0.000896443728298	0	0	0	0	2.26947779316e-05	0	0	0	0	0
0	0	0	0	0	0	0.00116878106348	0.00162267662211	9.07791117264e-05	0	0.00099857022899	0.00856727866918	0.00144111839866	0.000726232893811	0.0012595601752	0	0	0	0.0126863808638	0.00291627896421	0.00131629712003	7.94317227606e-05	0	1.13473889658e-05	1.13473889658e-05	0	0.0103942082927	0.000363116446906	0.00257585729524	0.00379002791458	1.13473889658e-05	0.000238295168282	0.00195175090212	7.94317227606e-05	0.00676304382362	0	0	0	0	0	0	0	0	0	0	0	0	0	0	0	0	0	0	0	0	0	0	0	0	0	0	0	0	0	0	0	0	0	0	0	0.00196309829108	0.00285954201938	0.00594603181808	0.000510632503461	0	9.07791117264e-05	2.26947779316e-05	3.40421668974e-05	0	0	0	0	0	0
3.40421668974e-05	0	0.000124821278624	0	0	0	0.000363116446906	0.00338152191181	1.13473889658e-05	0	0.000896443728298	0.0101105235685	0.000340421668974	0	0.000533327281393	0	0	0.00130494973107	0.00291627896421	0.0223089667068	0.00070353811588	7.94317227606e-05	0	1.13473889658e-05	0	0	0.0162381136101	0.00135033928693	0.00470916642081	0.00451626080839	9.07791117264e-05	0	0.000340421668974	0.000147516056555	0.0119261058031	0	0	0	0	0	0	0	0	0	0	0	0	0	0	0	0	3.40421668974e-05	0	0	0	0	0	0	0	0	0	1.13473889658e-05	7.94317227606e-05	0	0	0	0	0	0	0	0.00455030297529	0.00290493157524	0.008294941334	0.000124821278624	0	2.26947779316e-05	0	2.26947779316e-05	0	0	0	0	0	0
0	0	0	0	0.00599142137394	1.13473889658e-05	0.00290493157524	0.000680843337948	0.000907791117264	0.000272337335179	0.00578716837256	0.00189501395729	0.00927081678506	0	0.000249642557248	0.000363116446906	0	0	0.00131629712003	0.00070353811588	0.0179629167329	0	0	0	0.00410775480562	1.13473889658e-05	0.00119147584141	0	0.00194040351315	0.00354038535733	0	0	0.000226947779316	0	0.00921407984023	0	0	0	0	5.6736944829e-05	0	5.6736944829e-05	0	0	2.26947779316e-05	0	0	5.6736944829e-05	0	0	0	0	0	0	0	5.6736944829e-05	0	0	0	0	0	0	0	5.6736944829e-05	0	0	0	0	0	0	0.004312007807	0	0.009622585843	0.000329074280008	0	2.26947779316e-05	0	0	0	0	0	0	0	0
0.0017928874566	0	0.0090892585616	0	0	0	1.13473889658e-05	0.00615028481946	0.00331343757801	0	0	9.07791117264e-05	0	0	0.0017928874566	0	0.00181558223453	0.000374463835871	7.94317227606e-05	7.94317227606e-05	0	0.0443796382452	9.07791117264e-05	0.0285840728048	0.000590064226222	0	0.000102126500692	3.40421668974e-05	0.0153870594376	0.00403967047182	0.0187118444046	0	0	0.00332478496698	0.00455030297529	0	0	0	0	0	0	0	0	0	0	0	0	0	0	0	0	0.000624106393119	0	0	0	0	0	0.000748927671743	2.26947779316e-05	0.000521979892427	0	0	6.80843337948e-05	0.0004312007807	0	0	0	0	0	0	0.00247373079454	0.000363116446906	0.00232621473799	0.00174749790073	0.000102126500692	5.6736944829e-05	0	2.26947779316e-05	0	0	0	0	0	0
0	0.00678573860155	0.000306379502077	0	0	0	0	0	0	0.00401697569389	0	0	0	0	0	0	0.0137530354265	0	0	0	0	9.07791117264e-05	0.0442661643556	0.00821550961124	0.0132083607562	0.000771622449674	0	0.0172253364501	0.00191770873522	0	0	0	0	0	0	0	0.000510632503461	0	0	0.000601411615187	0	0	0	0	0.00542405192565	0	0	0	0	0	0	0.016601230057	0	0	0	0	0.000124821278624	0.0249982978917	0.00419853391735	0.00972471234369	0	0	0.0025531625173	0.00070353811588	0	0	0	0	0	0	0	0	0	0	1.13473889658e-05	0	0	0	0	0	0	0	0	0
0.00278011029662	0	0.0256450990627	0	0	0	0	0.00543539931462	0.0043800921408	0	0	1.13473889658e-05	0	0	0.00300705807594	0	0.00444817647459	0.00646801171051	1.13473889658e-05	1.13473889658e-05	0	0.0285840728048	0.00821550961124	0.0811792206613	0	0	3.40421668974e-05	0.0127658125865	0.0106665456279	0.00266663640696	0.0157047863287	0	0	0.0012936023421	0.0061389374305	0	0	0	0	0	0	0	0	0	0	0	0	0	0	0	0	0.0133104872569	0	0	0	0	0.000669495948982	0.00907791117264	0.00781835099744	0.000624106393119	0	0	0.000124821278624	0.001327644509	0	0	0	0	0	0	0.00327939541112	0.000635453782085	0.00579851576152	0.00449356603046	0	0	0	1.13473889658e-05	0	0	0	0	0	0
0	0.00300705807594	4.53895558632e-05	0	0.00405101786079	0.000760275060709	0.000340421668974	0.000124821278624	3.40421668974e-05	0.012266527472	0.000442548169666	1.13473889658e-05	0.0026212468511	0	0	0.00110069672968	0.00853323650228	0	1.13473889658e-05	0	0.00410775480562	0.000590064226222	0.0132083607562	0	0.053752581531	0.000692190726914	0.000113473889658	0.00325670063318	0.0195061616322	0.00035176905794	0	0	0	0	0.00284819463042	0	2.26947779316e-05	0	0	0.00111204411865	0	2.26947779316e-05	0	1.13473889658e-05	0.0150012482128	0	1.13473889658e-05	2.26947779316e-05	0	3.40421668974e-05	0	0.00432335519597	2.26947779316e-05	1.13473889658e-05	2.26947779316e-05	4.53895558632e-05	0	0.0131970133672	1.13473889658e-05	0.0254521934503	0	0	5.6736944829e-05	0.00465242947598	0.000226947779316	0	0	0	0.000192905612419	0.00013616866759	0.00539000975875	0.000794317227606	0.00196309829108	1.13473889658e-05	0.00178154006763	0	0	0.00123686539727	1.13473889658e-05	0.000158863445521	5.6736944829e-05	0.000102126500692	0	0
0	0.00173615051177	0	0	0	0	0	0	0	0.000385811224837	1.13473889658e-05	0	0	0.00147516056555	0	0	0	0	0	0	1.13473889658e-05	0	0.000771622449674	0	0.000692190726914	0.00453895558632	0.000669495948982	0.00233756212695	0	1.13473889658e-05	0	0.000238295168282	0	0	2.26947779316e-05	0	0.000124821278624	0	0	0	0	0	0	0	0	0	0.000113473889658	0	0.000839706783469	0	0	0	0	0	0	0	0	0	0	0	0.000839706783469	0	0.000226947779316	0	0	0	1.13473889658e-05	0	0	0	0	5.6736944829e-05	7.94317227606e-05	2.26947779316e-05	0	0	0.000260989946213	0	9.07791117264e-05	0	0	0	0	1.13473889658e-05
3.40421668974e-05	0.00251912035041	0.00580986315049	0	0	0	0.000930485895196	0.0021900460704	9.07791117264e-05	0	0.00113473889658	0.0105871139051	0.00115743367451	0.00396023874906	0.00112339150761	0	0	0.00352903796836	0.0103942082927	0.0162381136101	0.00119147584141	0.000102126500692	0	3.40421668974e-05	0.000113473889658	0.000669495948982	0.0870344733677	0.0361868234119	0.00373329096975	0.00465242947598	0.000102126500692	0.00295032113111	0.00153189751038	0.000192905612419	0.0114268206886	0	0.00602546354084	1.13473889658e-05	0	0	0	0	0	0	0	0	0.000192905612419	0	0.00411910219459	0	0	3.40421668974e-05	0.000533327281393	0	0.00127090756417	0	0	0	0	3.40421668974e-05	0.00280280507455	0.00576447359463	0.0183260331798	0	0	0	0.00135033928693	0	0	0	0.00824955177814	0.0105303769603	0.00975875451059	0.00056736944829	0	9.07791117264e-05	0	0.000124821278624	0.00106665456279	0	0	0	0	0
0	0.020232394526	0.0206976374736	0	0	0	0	0	1.13473889658e-05	0.00113473889658	0	4.53895558632e-05	0	0.00140707623176	0	0	0.00173615051177	0.00130494973107	0.000363116446906	0.00135033928693	0	3.40421668974e-05	0.0172253364501	0.0127658125865	0.00325670063318	0.00233756212695	0.0361868234119	0.110478178971	0.000260989946213	0	1.13473889658e-05	2.26947779316e-05	0	0	0.00013616866759	0	0.0168168304473	5.6736944829e-05	0	1.13473889658e-05	0	1.13473889658e-05	0	1.13473889658e-05	0	1.13473889658e-05	0.000226947779316	0	0.00245103601661	0	0	0.0103828609037	0.00070353811588	0	0.000340421668974	0	0	0.0127204230307	0.00329074280008	0.000158863445521	0.00245103601661	0.00217869868143	0.0353130744616	6.80843337948e-05	0	0	0.000975875451059	0	0	0	0.00552617842634	0.00359712230216	0.00162267662211	0.00166806617797	0	0	1.13473889658e-05	0.000226947779316	0.000249642557248	0	0	0	0	0
0.00239429907178	0	0.00416449175045	0	0.00297301590904	0.00103261239589	0.00453895558632	0.0422690238976	0.00744388716156	0.00462973469805	0.00266663640696	0.00599142137394	0.00220139345937	0	0.00537866236979	0.00240564646075	0.00428931302907	0.000249642557248	0.00257585729524	0.00470916642081	0.00194040351315	0.0153870594376	0.00191770873522	0.0106665456279	0.0195061616322	0	0.00373329096975	0.000260989946213	0.12091777682	0.0145473526542	0.0184962440143	0	0.000794317227606	0.0091233007285	0.0259287837869	0	0	0	0	0.0095885436761	0	0.00130494973107	0	0.000113473889658	0.0212082699771	0.000181558223453	0	0.00156593967728	0	2.26947779316e-05	0.000124821278624	0.00479994553253	1.13473889658e-05	0	1.13473889658e-05	0.00165671878901	0.000147516056555	0.00811338311055	9.07791117264e-05	0.0295145587	0	0	0.000102126500692	0.0136282141479	0	0	0	0	0	0	0.0148764269342	0.00242834123868	0.017906179788	0.00723963416018	0.00147516056555	0.00106665456279	0	0.00130494973107	0	4.53895558632e-05	4.53895558632e-05	9.07791117264e-05	0	0
0.00969067017679	0	0.00266663640696	0	0	0.000124821278624	0.00237160429385	0.0132537503121	0.00626375870912	0	0.00430066041804	0.0105984612941	0.00113473889658	0	0.0150125956018	0.000680843337948	0	0.000419853391735	0.00379002791458	0.00451626080839	0.00354038535733	0.00403967047182	0	0.00266663640696	0.00035176905794	1.13473889658e-05	0.00465242947598	0	0.0145473526542	0.0446973651363	0.013945941039	0	0.0065020538774	0.00965662800989	0.0243855388875	0	0	0	0	0	0	0	0	0	0	0	0	0	0	0	0	2.26947779316e-05	0	0	0	0	0	0	1.13473889658e-05	2.26947779316e-05	0	0	2.26947779316e-05	0	0	0	0	0	0	0	0.00300705807594	3.40421668974e-05	0.0125048226403	0.00275741551869	0.000102126500692	0.000612759004153	0	7.94317227606e-05	0	2.26947779316e-05	2.26947779316e-05	0	0	0
0.0136282141479	0	0.00996300751197	0	0	0	3.40421668974e-05	0.0148196899893	0.0145360052652	0	0	1.13473889658e-05	0	0	0.0116424210789	0.000147516056555	0	0.0004312007807	1.13473889658e-05	9.07791117264e-05	0	0.0187118444046	0	0.0157047863287	0	0	0.000102126500692	1.13473889658e-05	0.0184962440143	0.013945941039	0.0520277784082	0	0	0.00734176066087	0.00853323650228	0	0	0	0	0	0	0	0	0	0	0	0	0	0	0	0	2.26947779316e-05	0	0	0	0	3.40421668974e-05	0	6.80843337948e-05	0	0	0	2.26947779316e-05	5.6736944829e-05	0	0	0	0	0	0	0.000817012005538	1.13473889658e-05	0.00543539931462	0.00158863445521	1.13473889658e-05	5.6736944829e-05	0	4.53895558632e-05	0	1.13473889658e-05	1.13473889658e-05	0	0	0
0	0	0	0	0	0	0	0	0	0	0	0.000204253001384	0	0.00281415246352	0	0	0	0	0.000238295168282	0	0	0	0	0	0	0.000238295168282	0.00295032113111	2.26947779316e-05	0	0	0	0.00319996368836	0	0	0	0	0	0	0	0	0	0	0	0	0	0	0.000102126500692	0	0.00189501395729	0	0	0	0	0	0	0	0	0	0	0	0.000510632503461	0	0.000669495948982	0	0	0	0.000306379502077	0	0	0	0	0.000192905612419	0	0	0	0	0	0	0.000238295168282	0	0	0	0	0
1.13473889658e-05	0	0	0	0	0.00152055012142	0.00198579306901	0.000964528062093	0.000397158613803	0	0.000329074280008	0.00515171459047	0.000124821278624	4.53895558632e-05	0.00217869868143	3.40421668974e-05	0	0	0.00195175090212	0.000340421668974	0.000226947779316	0	0	0	0	0	0.00153189751038	0	0.000794317227606	0.0065020538774	0	0	0.010632503461	0.000295032113111	0.00802260399882	0	0	0	0	0	0	0	0	0	0	0	0	0	0	0	0	0	0	0	0	0	0	0	0	0	0	0	0	0	0	0	0	0	0	0	0.000907791117264	0.000181558223453	0.00304110024283	0.000794317227606	0.000442548169666	0.000771622449674	0	0	0	0	0	0	0	0
0.00187231917936	0	0.00127090756417	0	0	5.6736944829e-05	0.000385811224837	0.0078637405533	0.000930485895196	0	0	9.07791117264e-05	0	0	0.00238295168282	0.000714885504845	0	0.000329074280008	7.94317227606e-05	0.000147516056555	0	0.00332478496698	0	0.0012936023421	0	0	0.000192905612419	0	0.0091233007285	0.00965662800989	0.00734176066087	0	0.000295032113111	0.0150125956018	0.0114835576334	0	0	0	0	0	0	0	0	0	0	0	0	0	0	0	0	0	0	0	0	0	0	0	2.26947779316e-05	0	0	0	0	0	0	0	0	0	0	0	0.00263259424007	6.80843337948e-05	0.00591198965118	0.00326804802215	7.94317227606e-05	0.000692190726914	0	3.40421668974e-05	0	2.26947779316e-05	2.26947779316e-05	0	0	0
0.000964528062093	0	0.000726232893811	0	0.00105530717382	0.00070353811588	0.00453895558632	0.0173728525066	0.0021219617366	0	0.00566234709393	0.0198011937453	0.0065360960443	9.07791117264e-05	0.00435739736287	0.00184962440143	0	0.00569638926083	0.00676304382362	0.0119261058031	0.00921407984023	0.00455030297529	0	0.0061389374305	0.00284819463042	2.26947779316e-05	0.0114268206886	0.00013616866759	0.0259287837869	0.0243855388875	0.00853323650228	0	0.00802260399882	0.0114835576334	0.0701382111976	0	0	0	0	0	0	0	0	0	0.000499285114495	0	0	0	0	0	0	0	1.13473889658e-05	0	0	0	0	0	2.26947779316e-05	0.000658148560016	0	0	3.40421668974e-05	0.00035176905794	0	0	0	0	0	0	0.0128452443093	0.000828359394503	0.0367995824161	0.00620702176429	0.000181558223453	0.00155459228831	1.13473889658e-05	0.000408506002769	0	6.80843337948e-05	6.80843337948e-05	0	0	0
0	0	0	0	0	0	0	0	0	0	0	0	0	0	0	0	0	0	0	0	0	0	0	0	0	0	0	0	0	0	0	0	0	0	0	0.0151260694914	0	0	0	0	0	0	0.00706942332569	0.00165671878901	0	0	0	0	0	0.0119828427479	0	0	0	0	0	0	0.00108934934072	0	0.00159998184418	0.000317726891042	0	0	0	0.000363116446906	0.00341556407871	0.00661552776706	0	0	4.53895558632e-05	0.00021560039035	0	0	0	0	0	0	0	0	0	9.07791117264e-05	1.13473889658e-05	0	0	0
0	0.0136395615369	2.26947779316e-05	0	0	0	0	0	0	4.53895558632e-05	0	0	0	0	0	0	0	0	0	0	0	0	0.000510632503461	0	2.26947779316e-05	0.000124821278624	0.00602546354084	0.0168168304473	0	0	0	0	0	0	0	0	0.0323627533305	1.13473889658e-05	0	0	0	0	0	0	0.00556022059324	0	1.13473889658e-05	0	0.000964528062093	0	0	0.000510632503461	2.26947779316e-05	0	1.13473889658e-05	0	0	0.011267957243	0	0.00756870844019	0.00460703992011	0.000113473889658	0.0289812314187	0	0	0	0	0	0	0	0	0	0	0	0	0	0	0	0	0	0	0	0	3.40421668974e-05
0	5.6736944829e-05	2.26947779316e-05	0	0	0	0	0	0	0	0	0	0	0	0	0	0	2.26947779316e-05	0	0	0	0	0	0	0	0	1.13473889658e-05	5.6736944829e-05	0	0	0	0	0	0	0	0	1.13473889658e-05	0.0282549985248	0	0	0	0	0	0	0	0	0	0	0	0	0	0	0.0048112929215	0	9.07791117264e-05	0	0.000851054172435	0	0.0105644191272	0	0	0.00128225495314	0.0148537321562	0	0	0	0	0	0	0	5.6736944829e-05	0	0	0	0	0	0	0	3.40421668974e-05	0	0	0	0	0
0	0	0	0	0	0	0	0	0	0	0	0	0	0	0	0	0	0	0	0	0	0	0	0	0	0	0	0	0	0	0	0	0	0	0	0	0	0	0	0	0	0	0	0	0	0	0	0	0	0	0	0	0	0	0	0	0	0	0	0	0	0	0	0	0	0	0	0	0	0	0	0	0	0	0	0	0	0	0	0	0	0	0	0
0	0	0	0	0.00181558223453	0	0	0.0017588452897	0	0.0017928874566	0	0	0	0	0	0	0	0	0	0	5.6736944829e-05	0	0.000601411615187	0	0.00111204411865	0	0	1.13473889658e-05	0.0095885436761	0	0	0	0	0	0	0	0	0	0	0.0382633955927	0.000102126500692	0.00878287905953	5.6736944829e-05	0.00420988130631	0.0123913487507	0.0107119351837	0.000374463835871	0.00925946939609	0	0.00159998184418	0.00182692962349	0	0	1.13473889658e-05	9.07791117264e-05	0.0130381499217	0	1.13473889658e-05	0	0.0201416154143	0	0	0	0.0214125229785	0.00106665456279	0	0	2.26947779316e-05	0	0.000851054172435	0.000306379502077	0	0	0	0	0	0	0.00128225495314	0	0.000987222840025	0.000113473889658	0.000896443728298	0	0
0	0	0	0	0	0	0	0	0	0	0	0	0	0	0	0	0	0	0	0	0	0	0	0	0	0	0	0	0	0	0	0	0	0	0	0	0	0	0	0.000102126500692	0.00309783718766	0.00106665456279	0	0	0.000465242947598	0	0	0.000453895558632	0	0	0.00183827701246	0	0	0	0	1.13473889658e-05	0	0	0	0.000385811224837	0	0	0	1.13473889658e-05	0	0	0	6.80843337948e-05	0	0	0	0	0	0	0	0	0	7.94317227606e-05	0	3.40421668974e-05	0	0.00174749790073	0.000601411615187	0
0	0	0	0	0.000260989946213	0	0	4.53895558632e-05	0	0	0	0	5.6736944829e-05	0	0	0	0	0	0	0	5.6736944829e-05	0	0	0	2.26947779316e-05	0	0	1.13473889658e-05	0.00130494973107	0	0	0	0	0	0	0	0	0	0	0.00878287905953	0.00106665456279	0.0343031568436	0.002655289018	0.0154551437714	0.00145246578762	0.0138892040941	0.000181558223453	0.00785239316433	0	0.00580986315049	0.00342691146767	0	0	3.40421668974e-05	0.000170210834487	0.00462973469805	0	0	0	0.00559426276014	0	0	0	0.00940698545265	0.00322265846629	0	0	9.07791117264e-05	0	0.000533327281393	0.000226947779316	0	0	0	0	0	0	0.00281415246352	2.26947779316e-05	0.000726232893811	0.000158863445521	0.00410775480562	0.000646801171051	1.13473889658e-05
0	0	0	0	0	0	0	0	0	0	0	0	0	0	0	0	0	0	0	0	0	0	0	0	0	0	0	0	0	0	0	0	0	0	0	0.00706942332569	0	0	0	5.6736944829e-05	0	0.002655289018	0.0571341034428	0.0147969952114	0	0.0025531625173	0	0	0	0.0200848784695	0	0	0	0	0	5.6736944829e-05	0.00587794748428	0	0.00272337335179	0.00553752581531	0	0	0	0.0180650432336	0.002655289018	0.00999704967887	0	0	0.00078296983864	0.000124821278624	0	0	0	0	0	0	0	1.13473889658e-05	0	0.000124821278624	1.13473889658e-05	0	0	0
0	0	0	0	0.000124821278624	0	0	1.13473889658e-05	0	0	0	0	0	0	0	0	0	0	0	0	0	0	0	0	1.13473889658e-05	0	0	1.13473889658e-05	0.000113473889658	0	0	0	0	0	0	0.00165671878901	0	0	0	0.00420988130631	0	0.0154551437714	0.0147969952114	0.042121507841	0.000204253001384	0.0100197444568	0.000329074280008	0.00102126500692	0	0.0207430270295	0.00165671878901	3.40421668974e-05	0	2.26947779316e-05	0.000249642557248	0.000987222840025	0.000453895558632	0	0.000624106393119	0.00686517032431	0	0	0	0.0066041803781	0.00439143952976	0.00263259424007	0	0.000487937725529	0	0.00221274084833	5.6736944829e-05	0	0	0	0	0	0	0.00243968862765	1.13473889658e-05	0.00257585729524	0.00035176905794	0.00232621473799	0.0004312007807	0
0	0	0	0	0.000306379502077	0	0	0.0017588452897	0	0.00911195333954	0	0	0	0	0	0	0.00115743367451	0	0	0	2.26947779316e-05	0	0.00542405192565	0	0.0150012482128	0	0	0	0.0212082699771	0	0	0	0	0	0.000499285114495	0	0.00556022059324	0	0	0.0123913487507	0.000465242947598	0.00145246578762	0	0.000204253001384	0.050098722284	0.000260989946213	0	0.00350634319043	0.000204253001384	2.26947779316e-05	0.00271202596283	0	0	0	1.13473889658e-05	0.000930485895196	0	0.0154891859383	0	0.0460250096453	0.0016907609559	0	0.00479994553253	0.0107346299616	0	0	0	0	0	0	0.000964528062093	0	0	0	1.13473889658e-05	0	0	0.00114608628555	0	0	0	0.00164537140004	0	0
0	0	0	0	9.07791117264e-05	0	0	4.53895558632e-05	0	0	0	0	0.000238295168282	0	0	0	0	0	0	0	0	0	0	0	0	0	0	1.13473889658e-05	0.000181558223453	0	0	0	0	0	0	0	0	0	0	0.0107119351837	0	0.0138892040941	0.0025531625173	0.0100197444568	0.000260989946213	0.0493951841681	0.0052424937022	0.00636588520981	0	0.00770487710778	0.000419853391735	0	0	0.000385811224837	0.00107800195175	0.0103828609037	0	0	0	0.00586660009532	0	0	0	0.0101445657354	0.00948641717541	0	0	4.53895558632e-05	0	0.00748927671743	0.000181558223453	0	0	0	0	0	0	0.00240564646075	0	0.00817012005538	0.000204253001384	0.000113473889658	0.000272337335179	4.53895558632e-05
0	0	0	0	0	0	0	0	0	0	0	3.40421668974e-05	1.13473889658e-05	0.00196309829108	0	0	0	0	0	0	0	0	0	0	1.13473889658e-05	0.000113473889658	0.000192905612419	0.000226947779316	0	0	0	0.000102126500692	0	0	0	0	1.13473889658e-05	0	0	0.000374463835871	0	0.000181558223453	0	0.000329074280008	0	0.0052424937022	0.0364364659692	0.00156593967728	0.0043800921408	0.00240564646075	0	0	0	0.00879422644849	0.00595737920704	0.00325670063318	0.000556022059324	0	0.000204253001384	0.000885096339332	0.000408506002769	0.00322265846629	0.000907791117264	0.000828359394503	0.00683112815741	5.6736944829e-05	0.00112339150761	0.000817012005538	0	0.0123119170279	1.13473889658e-05	0.00105530717382	0	0	0	0	4.53895558632e-05	0.00195175090212	0.00938429067472	0.0151487642693	0.000283684724145	3.40421668974e-05	0	0.00167941356694
0	0	0	0	0.000771622449674	0	0	0	0	5.6736944829e-05	0	0	0.000317726891042	0	0	0	0	0	0	0	5.6736944829e-05	0	0	0	2.26947779316e-05	0	0	0	0.00156593967728	0	0	0	0	0	0	0	0	0	0	0.00925946939609	0.000453895558632	0.00785239316433	0	0.00102126500692	0.00350634319043	0.00636588520981	0.00156593967728	0.0240564646075	0	0.000476590336564	0.00459569253115	0	0	5.6736944829e-05	0	0.0123686539727	0	0	0	0.00354038535733	0	0	0	0.00452760819735	0.00119147584141	0	0	2.26947779316e-05	0	0.00290493157524	0.000260989946213	0	0	0	0	0	0	0.00120282323037	0	0.00318861629939	4.53895558632e-05	0.00142977100969	0.000226947779316	3.40421668974e-05
0	0.000158863445521	0	0	0	0	0	0	0	0	0	3.40421668974e-05	0	0.0061048952636	0	0	0	0	0	0	0	0	0	0	0	0.000839706783469	0.00411910219459	0.00245103601661	0	0	0	0.00189501395729	0	0	0	0	0.000964528062093	0	0	0	0	0	0	0	0.000204253001384	0	0.0043800921408	0	0.0140480675397	0	0	0	0	0.000170210834487	0	0	0	0.000260989946213	0	0.00021560039035	0.00323400585525	0.000453895558632	0.00281415246352	0	0	0	0.00338152191181	0	0	0	0	0.00208791956971	0	0	0	0	4.53895558632e-05	0	0.0043460499739	3.40421668974e-05	0	0	0	0.00147516056555
0	0	0	0	2.26947779316e-05	0	0	0	0	0	0	0	0	0	0	0	0	0	0	0	0	0	0	0	3.40421668974e-05	0	0	0	2.26947779316e-05	0	0	0	0	0	0	0.0119828427479	0	0	0	0.00159998184418	0	0.00580986315049	0.0200848784695	0.0207430270295	2.26947779316e-05	0.00770487710778	0.00240564646075	0.000476590336564	0	0.0518235254068	0.000612759004153	3.40421668974e-05	0	3.40421668974e-05	0.000102126500692	0.000907791117264	0.00159998184418	0	0.00329074280008	0.00574177881669	0	0	0	0.00628645348705	0.016589882668	0.00599142137394	0	0.00124821278624	0.000113473889658	0.00419853391735	3.40421668974e-05	0	0	0	0	0	0	0.0017588452897	4.53895558632e-05	0.00390350180423	0.000272337335179	0.00225813040419	0.000147516056555	4.53895558632e-05
0	0	0	0	0.00013616866759	0	0	0	0	1.13473889658e-05	0	0	0	0	0	0	0	0	0	0	0	0	0	0	0	0	0	0	0.000124821278624	0	0	0	0	0	0	0	0	0	0	0.00182692962349	0.00183827701246	0.00342691146767	0	0.00165671878901	0.00271202596283	0.000419853391735	0	0.00459569253115	0	0.000612759004153	0.00812473049951	0	0	0	0	0.000487937725529	0	0	0	0.00188366656832	0	0	0	0.000521979892427	0.000260989946213	0	0	0	0	0	0	0	0	0	0	0	0	0.000181558223453	0	0	0	0.00241699384972	9.07791117264e-05	0
0	0	0.000317726891042	0	0	0	0	0	0	0	0	0	0	0	0	0	0.0100083970678	0	0	3.40421668974e-05	0	0.000624106393119	0.016601230057	0.0133104872569	0.00432335519597	0	3.40421668974e-05	0.0103828609037	0.00479994553253	2.26947779316e-05	2.26947779316e-05	0	0	0	0	0	0.000510632503461	0	0	0	0	0	0	3.40421668974e-05	0	0	0	0	0	3.40421668974e-05	0	0.0417243492272	1.13473889658e-05	0	5.6736944829e-05	0	0.00152055012142	0.0299117173138	0.00974740712162	0.00765948755191	0	2.26947779316e-05	0.00603681092981	0.00455030297529	5.6736944829e-05	2.26947779316e-05	0	2.26947779316e-05	0	5.6736944829e-05	9.07791117264e-05	0.000124821278624	0.000124821278624	0.000170210834487	0	0	0	0.00181558223453	0.00104395978485	0.000192905612419	0.000181558223453	1.13473889658e-05	1.13473889658e-05	0
0	0	0.000930485895196	0	0	0	0	0	0	0	0	0	0	0	0	0	0	0.000975875451059	0	0	0	0	0	0	2.26947779316e-05	0	0.000533327281393	0.00070353811588	1.13473889658e-05	0	0	0	0	0	1.13473889658e-05	0	2.26947779316e-05	0.0048112929215	0	0	0	0	0	0	0	0	0	0	0	0	0	1.13473889658e-05	0.023886253773	0	0.00338152191181	0	0.000340421668974	0	0.00857862605814	5.6736944829e-05	0	0.000828359394503	0.00532192542496	4.53895558632e-05	0	0	0	0	0	0.00423257608424	0.000476590336564	0.000204253001384	5.6736944829e-05	2.26947779316e-05	0	0	0	0.000760275060709	0.000340421668974	0.0060708530967	0.000113473889658	0	1.13473889658e-05	0
0	0	0	0	0	0	0	0	0	0	0	0	0	0	0	0	0	0	0	0	0	0	0	0	1.13473889658e-05	0	0	0	0	0	0	0	0	0	0	0	0	0	0	1.13473889658e-05	0	3.40421668974e-05	0	2.26947779316e-05	0	0.000385811224837	0.00879422644849	5.6736944829e-05	0.000170210834487	3.40421668974e-05	0	0	0	0.0138778567052	0.00467512425391	0.000226947779316	0.000170210834487	0	9.07791117264e-05	0.000170210834487	0	0.00426661825114	0.000578716837256	0.00013616866759	0.000374463835871	0	0.00056736944829	0	0	0.00078296983864	0	0	0	0	0	0	0	0.0021219617366	0.0056056101491	0.00288223679731	0.000181558223453	2.26947779316e-05	0	0
0	0	3.40421668974e-05	0	0	0	0	0	0	0	0	0	0	0	0	0	0	0.000113473889658	0	0	0	0	0	0	2.26947779316e-05	0	0.00127090756417	0.000340421668974	1.13473889658e-05	0	0	0	0	0	0	0	1.13473889658e-05	9.07791117264e-05	0	9.07791117264e-05	0	0.000170210834487	0	0.000249642557248	1.13473889658e-05	0.00107800195175	0.00595737920704	0	0	0.000102126500692	0	5.6736944829e-05	0.00338152191181	0.00467512425391	0.0278464925221	0.000397158613803	0.000487937725529	0	0.000317726891042	0.000851054172435	0	0.00836302566779	0.00173615051177	0.000476590336564	0.00105530717382	0	0	0	0	0.0065020538774	0.000453895558632	0.000124821278624	0	0	0	0	0	0.00470916642081	0.0052084515353	0.00845380477952	0.000283684724145	1.13473889658e-05	0	0
0	0	0	0	0.00163402401108	0	0	0	0	6.80843337948e-05	0	0	0.000181558223453	0	0	0	0	0	0	0	5.6736944829e-05	0	0	0	4.53895558632e-05	0	0	0	0.00165671878901	0	0	0	0	0	0	0	0	0	0	0.0130381499217	1.13473889658e-05	0.00462973469805	5.6736944829e-05	0.000987222840025	0.000930485895196	0.0103828609037	0.00325670063318	0.0123686539727	0	0.000907791117264	0.000487937725529	0	0	0.000226947779316	0.000397158613803	0.0231600208792	0	0	0	0.00223543562626	0	0	0	0.00465242947598	0.00349499580147	0	0	1.13473889658e-05	0	0.00482264031046	0.000147516056555	0	0	0	0	0	0	0.000839706783469	0	0.00501554592288	3.40421668974e-05	0.000260989946213	3.40421668974e-05	3.40421668974e-05
0	0	0	0	0	0	0	6.80843337948e-05	0	0	0	0	0	0	0	0	0.000283684724145	0	0	0	0	0	0.000124821278624	0.000669495948982	0	0	0	0	0.000147516056555	0	3.40421668974e-05	0	0	0	0	0.00108934934072	0	0.000851054172435	0	0	0	0	0.00587794748428	0.000453895558632	0	0	0.000556022059324	0	0	0.00159998184418	0	0.00152055012142	0.000340421668974	0.000170210834487	0.000487937725529	0	0.0343485463995	0.000204253001384	0.0214692599233	0.000340421668974	0	0	3.40421668974e-05	0.00390350180423	0.000601411615187	0.00910060595057	0	0	1.13473889658e-05	0.00371059619182	0	0	0.000272337335179	0.000272337335179	0	0	0	0.000794317227606	0.000624106393119	0.00449356603046	0.00070353811588	0.000249642557248	0	0
0	0.00236025690489	0.000306379502077	0	0	0	0	0	0	0.000601411615187	0	0	0	0	0	0	0.0138211197603	0	0	0	0	0.000748927671743	0.0249982978917	0.00907791117264	0.0131970133672	0	0	0.0127204230307	0.00811338311055	0	0	0	0	0	0	0	0.011267957243	0	0	1.13473889658e-05	0	0	0	0	0.0154891859383	0	0	0	0.000260989946213	0	0	0.0299117173138	0	0	0	0	0.000204253001384	0.0636701994871	0.00465242947598	0.0279940085786	0.00229217257109	0	0.0177359689535	0.00418718652838	0	0	0	0	0	0	1.13473889658e-05	0	0	0	0	0	0	0	0	0	0	0	0	0
0	0	4.53895558632e-05	0	0	0	0	3.40421668974e-05	0	0	0	0	0	0	1.13473889658e-05	1.13473889658e-05	0.000329074280008	0	0	0	0	2.26947779316e-05	0.00419853391735	0.00781835099744	1.13473889658e-05	0	0	0.00329074280008	9.07791117264e-05	1.13473889658e-05	6.80843337948e-05	0	0	2.26947779316e-05	2.26947779316e-05	0.00159998184418	0	0.0105644191272	0	0	0	0	0.00272337335179	0.000624106393119	0	0	0.000204253001384	0	0	0.00329074280008	0	0.00974740712162	0.00857862605814	9.07791117264e-05	0.000317726891042	0	0.0214692599233	0.00465242947598	0.0642375689354	0.000226947779316	0	0	0.0103147765699	0.000839706783469	0.000397158613803	0.00679708599051	0	2.26947779316e-05	2.26947779316e-05	0.00521979892427	0	0	0.00013616866759	0.000113473889658	1.13473889658e-05	0	0	0.0026212468511	0.00111204411865	0.00515171459047	0.00152055012142	0.000113473889658	1.13473889658e-05	0
0	0	4.53895558632e-05	0	0.000272337335179	0	0	0.00177019267866	0	0.00889635294919	0	0	0	0	0	0	0.00813607788848	0	0	0	0	0.000521979892427	0.00972471234369	0.000624106393119	0.0254521934503	0	3.40421668974e-05	0.000158863445521	0.0295145587	2.26947779316e-05	0	0	0	0	0.000658148560016	0.000317726891042	0.00756870844019	0	0	0.0201416154143	0.000385811224837	0.00559426276014	0.00553752581531	0.00686517032431	0.0460250096453	0.00586660009532	0.000885096339332	0.00354038535733	0.00021560039035	0.00574177881669	0.00188366656832	0.00765948755191	5.6736944829e-05	0.000170210834487	0.000851054172435	0.00223543562626	0.000340421668974	0.0279940085786	0.000226947779316	0.111953339537	0.00189501395729	5.6736944829e-05	0.00888500556022	0.0453555136963	0.0078637405533	2.26947779316e-05	0	3.40421668974e-05	0.00201983523591	0.00318861629939	0.00156593967728	0.000260989946213	0.000170210834487	0.000170210834487	0	0	0	0.0156253546059	0.000442548169666	0.0039488913601	0.000714885504845	0.00140707623176	3.40421668974e-05	0
0	0.000590064226222	0	0	0	0	0	0	0	0	0	0	0	0.00145246578762	0	0	0	0	0	0	0	0	0	0	0	0.000839706783469	0.00280280507455	0.00245103601661	0	0	0	0.000510632503461	0	0	0	0	0.00460703992011	0	0	0	0	0	0	0	0.0016907609559	0	0.000408506002769	0	0.00323400585525	0	0	0	0	0	0	0	0	0.00229217257109	0	0.00189501395729	0.00877153167056	0.000226947779316	0.00619567437533	0	0	0	0.000113473889658	0	0	0	0	0	0	0	0	0	0	0	1.13473889658e-05	0	0	0	0	0.000306379502077
0	0.00021560039035	3.40421668974e-05	0	0	0	0	0	0	0	0	0	0	0.000408506002769	0	0	0	0.000260989946213	0	1.13473889658e-05	0	0	0	0	0	0	0.00576447359463	0.00217869868143	0	0	0	0	0	0	0	0	0.000113473889658	0.00128225495314	0	0	0	0	0	0	0	0	0.00322265846629	0	0.000453895558632	0	0	2.26947779316e-05	0.000828359394503	0.00426661825114	0.00836302566779	0	0	0	0	5.6736944829e-05	0.000226947779316	0.0358123595761	0.0110637042417	5.6736944829e-05	0	0	0.00113473889658	0	0	0	0.0004312007807	0.000147516056555	0	0	0	0	0	0.000249642557248	0.00284819463042	0	0	0	0	0
0	0.0168962621701	0.00361981708009	0	0	0	0	0	0	4.53895558632e-05	0	0	0	0.000748927671743	0	0	0	0.00141842362072	0	7.94317227606e-05	0	6.80843337948e-05	0.0025531625173	0.000124821278624	5.6736944829e-05	0.000226947779316	0.0183260331798	0.0353130744616	0.000102126500692	2.26947779316e-05	2.26947779316e-05	0.000669495948982	0	0	3.40421668974e-05	0	0.0289812314187	0.0148537321562	0	0	0	0	0	0	0.00479994553253	0	0.000907791117264	0	0.00281415246352	0	0	0.00603681092981	0.00532192542496	0.000578716837256	0.00173615051177	0	3.40421668974e-05	0.0177359689535	0.0103147765699	0.00888500556022	0.00619567437533	0.0110637042417	0.112929214988	0.00162267662211	0	0	0.000669495948982	0	0	0	0.00278011029662	0.000340421668974	0.0017248031228	0.00161132923314	0	0	0	0.00669495948982	0.00112339150761	0.000147516056555	0.000363116446906	1.13473889658e-05	0	4.53895558632e-05
