0.014206091542	3.75326064519e-06	3.37793458067e-05	0	0.000116351080001	7.50652129037e-06	0.000773171692908	0.00488674536003	0.0032728432826	0.000364066282583	0.00126484883743	3.75326064519e-06	0.000266481505808	0	0.00461651059358	4.50391277422e-05	8.63249948393e-05	2.25195638711e-05	0	0	0.00021018259613	0.000345299979357	7.50652129037e-05	0.00021018259613	0.000551729314842	0	3.75326064519e-06	1.50130425807e-05	0.00130613470452	0.00789310713683	0.00395968998067	0	7.50652129037e-06	0.000765665171618	0.00131739448646	3.75326064519e-06	3.75326064519e-06	0	0	3.75326064519e-06	0	3.75326064519e-06	1.12597819356e-05	3.75326064519e-06	0.000105091298065	3.75326064519e-06	0	3.75326064519e-06	0	3.75326064519e-06	0	3.75326064519e-06	0	0	0	0	0	1.87663032259e-05	3.75326064519e-06	6.0052170323e-05	0	0	0	2.25195638711e-05	0	3.75326064519e-06	0	0	3.75326064519e-06	3.75326064519e-06	0.000465404320003	9.38315161296e-05	0.000491677144519	0.000165143468388	0.000127610861936	7.50652129037e-06	0	7.50652129037e-06	0	0	0	3.75326064519e-06	0	0
3.75326064519e-06	0.0138795578659	0.00263103571228	0	3.75326064519e-06	3.75326064519e-06	0	3.75326064519e-06	7.50652129037e-06	4.50391277422e-05	0	0.000116351080001	0	8.63249948393e-05	7.50652129037e-06	0	0.000105091298065	0.000945821682587	1.50130425807e-05	0.000360313021938	0	0.000116351080001	0.00152382382195	0.000724379304521	2.25195638711e-05	0.000720626043876	0.00340045414454	0.00700358436392	2.25195638711e-05	1.12597819356e-05	6.38054309682e-05	0	3.75326064519e-06	3.75326064519e-06	0.000540469532907	0	0.0026910878826	0.000330286936776	0	0	0	3.75326064519e-06	3.75326064519e-06	3.75326064519e-06	0	0	0.000150130425807	0	2.25195638711e-05	3.75326064519e-06	0	4.1285867097e-05	0.000240208681292	3.75326064519e-05	0.000138870643872	0	1.87663032259e-05	0.000255221723873	0.000183909771614	0	0.000221442378066	0.000604274963875	0.00110345862968	3.75326064519e-06	3.75326064519e-06	3.75326064519e-06	0	0	0	0.000225195638711	0.000281494548389	0.000382832585809	0.000435378234842	0.000135117383227	3.75326064519e-06	3.75326064519e-06	0	9.00782554845e-05	0.000431624974196	0.000157636947098	4.87923883874e-05	3.75326064519e-06	1.12597819356e-05	0
3.37793458067e-05	0.00263103571228	0.0342672696905	0	3.75326064519e-06	0	0	5.62989096778e-05	1.87663032259e-05	7.13119522585e-05	7.50652129037e-06	0.000105091298065	0	5.25456490326e-05	7.50652129037e-06	3.75326064519e-06	0.000544222793552	0.00868504513296	7.50652129037e-06	0.00060802822452	0	0.00152382382195	0.00161014881678	0.0114474449678	8.25717341941e-05	5.25456490326e-05	0.00831722558973	0.0134479328917	0.000371572803873	0.000116351080001	0.000705613001295	3.75326064519e-06	3.75326064519e-06	4.1285867097e-05	0.00386961172519	0	0.00119353688517	0.000198922814195	0	0	0	0	1.12597819356e-05	0	0	0	1.87663032259e-05	0	3.75326064519e-06	0	0	9.38315161296e-05	0.00010884455871	1.12597819356e-05	5.25456490326e-05	0	3.37793458067e-05	0.000450391277422	0.000206429335485	0	2.62728245163e-05	0.000187663032259	0.000536716272262	1.50130425807e-05	0	2.25195638711e-05	0	0	3.75326064519e-06	8.63249948393e-05	0.00299510199486	0.00295756938841	0.00323531067615	0.00127235535872	5.25456490326e-05	1.87663032259e-05	4.1285867097e-05	8.25717341941e-05	0.000183909771614	0.000123857601291	4.50391277422e-05	1.12597819356e-05	3.75326064519e-06	0
0	0	0	0	0	0	0	0	0	0	0	0	0	0	0	0	0	0	0	0	0	0	0	0	0	0	0	0	0	0	0	0	0	0	0	0	0	0	0	0	0	0	0	0	0	0	0	0	0	0	0	0	0	0	0	0	0	0	0	0	0	0	0	0	0	0	0	0	0	0	0	0	0	0	0	0	0	0	0	0	0	0	0	0
0.000116351080001	3.75326064519e-06	3.75326064519e-06	0	0.0168071011691	0	0.000315273894196	0.00164017490195	0.000165143468388	0.000476664101939	0.0030401411226	0	0.000994614070974	0	0.00010884455871	3.75326064519e-06	7.50652129037e-06	0	0	0	0.00836977123876	4.50391277422e-05	1.12597819356e-05	2.25195638711e-05	0.00806200386586	0	0	3.75326064519e-06	0.0069022463265	0.000281494548389	0.000273988027099	0	0	6.0052170323e-05	0.00010884455871	3.75326064519e-06	0	0	0	5.25456490326e-05	0	3.75326064519e-06	2.25195638711e-05	3.75326064519e-06	0.000105091298065	0	0	0	0	3.75326064519e-06	0	0	0	0	0	7.50652129037e-06	0	7.50652129037e-06	0	9.38315161296e-05	0	0	0	4.1285867097e-05	0	3.75326064519e-06	0	0	0	0	5.62989096778e-05	3.75326064519e-06	3.75326064519e-05	7.50652129037e-06	0.00010884455871	0	0	1.12597819356e-05	0	0	0	1.12597819356e-05	0	0
7.50652129037e-06	3.75326064519e-06	0	0	0	0.00814082233941	0.00281869874453	1.87663032259e-05	0.0016364216413	0	7.50652129037e-06	7.50652129037e-06	1.50130425807e-05	0	0.000829470602586	0.000975847767748	0	0	0	3.75326064519e-06	0	0	0	7.50652129037e-06	0	0	3.75326064519e-06	7.50652129037e-06	7.50652129037e-06	0.00166644772646	7.50652129037e-06	0	0.00153133034324	3.75326064519e-06	0.00222193030195	0	0	0	0	0	0	0	0	0	0	0	0	0	0	0	0	0	0	0	0	0	0	0	0	0	0	0	0	0	0	0	0	0	0	0	2.62728245163e-05	7.50652129037e-06	0.000228948899356	4.87923883874e-05	0.00121980970969	0.00170773359356	0	0	0	0	0	0	0	0
0.000773171692908	0	0	0	0.000315273894196	0.00281869874453	0.0375588792764	0.00206054009421	0.0127535796723	0.000161390207743	0.0101413102633	0	0.00816709516392	0	0.00267607484002	0.00285247809034	1.50130425807e-05	0	0	0	0.0021018259613	6.0052170323e-05	1.12597819356e-05	3.75326064519e-05	0.000420365192261	0	0	3.75326064519e-06	0.00129862818323	0.00208305965808	0.000394092367744	0	0.00039784562839	0.000112597819356	0.00143749882711	3.75326064519e-06	0	0	0	0	0	0	0	3.75326064519e-06	3.37793458067e-05	0	0	0	0	0	0	0	0	0	0	0	0	3.75326064519e-06	0	2.62728245163e-05	0	0	0	1.12597819356e-05	0	0	0	0	0	0	0.000153883686453	7.50652129037e-06	0.000390339107099	8.25717341941e-05	0.00230825529679	0.000330286936776	3.75326064519e-06	0	0	3.75326064519e-06	0	3.75326064519e-06	3.75326064519e-06	0
0.00488674536003	3.75326064519e-06	5.62989096778e-05	0	0.00164017490195	1.87663032259e-05	0.00206054009421	0.0400135117383	0.00363690956518	0.00185035749808	0.0100850113536	3.75326064519e-06	0.000882016251619	0	0.00418863888003	6.0052170323e-05	0.000367819543228	3.00260851615e-05	0	0	0.00180907163098	0.00118227710323	0.000273988027099	0.000581755400004	0.00458273124777	0	3.75326064519e-06	4.87923883874e-05	0.0164918272749	0.00513821382326	0.00894402011748	0	3.75326064519e-06	0.000975847767748	0.00212809878582	2.62728245163e-05	0	0	0	7.50652129037e-06	0	1.87663032259e-05	0.00010133803742	1.12597819356e-05	0.000491677144519	1.87663032259e-05	0	2.62728245163e-05	0	1.12597819356e-05	3.75326064519e-06	2.62728245163e-05	0	0	0	3.37793458067e-05	3.75326064519e-06	8.63249948393e-05	1.50130425807e-05	0.000349053240002	0	0	0	0.000153883686453	1.12597819356e-05	4.1285867097e-05	0	0	0	1.12597819356e-05	0.000908289076135	0.000191416292904	0.000698106480005	0.00029650759097	0.000273988027099	1.87663032259e-05	3.75326064519e-06	2.25195638711e-05	0	1.12597819356e-05	0	2.25195638711e-05	3.75326064519e-06	0
0.0032728432826	7.50652129037e-06	1.87663032259e-05	0	0.000165143468388	0.0016364216413	0.0127535796723	0.00363690956518	0.0387186368157	0.000277741287744	0.00624167245294	3.75326064519e-05	0.00180156510969	0	0.0180456771821	0.000540469532907	4.1285867097e-05	3.75326064519e-06	0	7.50652129037e-06	0.000611781485165	0.000116351080001	3.37793458067e-05	7.88184735489e-05	0.000450391277422	0	1.12597819356e-05	1.50130425807e-05	0.00119729014581	0.00702985718843	0.00118603036388	0	0.000660573873553	0.000326533676131	0.00349428566067	0	0	0	0	0	0	0	7.50652129037e-06	0	8.25717341941e-05	3.75326064519e-06	0	3.75326064519e-06	0	0	3.75326064519e-06	3.75326064519e-06	0	0	0	3.75326064519e-06	0	1.12597819356e-05	3.75326064519e-06	4.1285867097e-05	3.75326064519e-06	0	0	1.87663032259e-05	0	0	0	0	0	0	0.00039784562839	6.0052170323e-05	0.00121230318839	0.000266481505808	0.00117477058194	0.000289001069679	3.75326064519e-06	1.12597819356e-05	0	7.50652129037e-06	0	3.75326064519e-06	0	0
0.000364066282583	4.50391277422e-05	7.13119522585e-05	0	0.000476664101939	0	0.000161390207743	0.00185035749808	0.000277741287744	0.0207217520221	0.000472910841293	0	0.000897029294199	0	0.000225195638711	0.00019516955355	0.00121605644904	2.25195638711e-05	0	3.75326064519e-06	0.000349053240002	0.000784431474844	0.00322029763357	0.000562989096778	0.00933811248522	0	3.75326064519e-06	0.000183909771614	0.00399346932648	0.00100212059226	0.00171524011485	0	0	0.000315273894196	0.000855743427102	7.50652129037e-05	7.50652129037e-06	0	0	4.50391277422e-05	0	3.75326064519e-05	0.00040535214968	2.62728245163e-05	0.00236080094582	0.000142623904517	0	9.38315161296e-05	0	3.37793458067e-05	0	0.000247715202582	3.75326064519e-06	0	3.75326064519e-06	9.75847767748e-05	4.1285867097e-05	0.000964587985813	0.000150130425807	0.00144125208775	0	0	1.50130425807e-05	0.000664327134198	4.87923883874e-05	0.000183909771614	0	0	1.50130425807e-05	0.00010133803742	0.000491677144519	0.000120104340646	0.000243961941937	0.000138870643872	0.00158387599227	0	0	0.000142623904517	1.50130425807e-05	7.50652129037e-05	3.00260851615e-05	7.13119522585e-05	7.50652129037e-06	0
0.00126484883743	0	7.50652129037e-06	0	0.0030401411226	7.50652129037e-06	0.0101413102633	0.0100850113536	0.00624167245294	0.000472910841293	0.0463340026648	0	0.00808452342973	0	0.00334415523486	6.38054309682e-05	4.1285867097e-05	3.75326064519e-06	0	0	0.0087713701278	0.000138870643872	4.1285867097e-05	6.38054309682e-05	0.00254095745679	0	0	7.50652129037e-06	0.00856494079231	0.00153133034324	0.00091954885807	0	3.75326064519e-06	0.000232702160002	0.000623041267101	3.75326064519e-06	0	0	0	0	0	3.75326064519e-06	1.87663032259e-05	7.50652129037e-06	0.000127610861936	7.50652129037e-06	0	3.75326064519e-06	0	0	0	1.12597819356e-05	0	0	0	3.75326064519e-06	0	1.87663032259e-05	0	8.63249948393e-05	0	0	3.75326064519e-06	4.50391277422e-05	0	0	0	0	0	0	0.00020267607484	2.25195638711e-05	0.00020267607484	6.38054309682e-05	0.000206429335485	3.75326064519e-06	0	3.75326064519e-06	0	3.75326064519e-06	0	7.50652129037e-06	3.75326064519e-06	0
3.75326064519e-06	0.000116351080001	0.000105091298065	0	0	7.50652129037e-06	0	3.75326064519e-06	3.75326064519e-05	0	0	0.0235179312027	0	0.00761911910973	3.00260851615e-05	0	0	0.000262728245163	0.00106967928388	0.00303263460131	0	0	0	3.37793458067e-05	0	0.00199673466324	0.00689098654456	0.00161390207743	3.75326064519e-06	0.000120104340646	0	3.00260851615e-05	0	0	0.00348677913938	0	0.000180156510969	0	0	0	0	0	0	0	0	0	0.000360313021938	0	0.000161390207743	0	0	0	0	5.62989096778e-05	4.1285867097e-05	0	0	0	0	0	0.00061553474581	0.000360313021938	0.000176403250324	0	0	0	3.75326064519e-06	0	0	2.25195638711e-05	7.88184735489e-05	0.00227822921163	0.00295381612776	0.000105091298065	0	2.25195638711e-05	0.000889522772909	0	0.000112597819356	5.62989096778e-05	3.75326064519e-06	0	0	3.75326064519e-06
0.000266481505808	0	0	0	0.000994614070974	1.50130425807e-05	0.00816709516392	0.000882016251619	0.00180156510969	0.000897029294199	0.00808452342973	0	0.0326721339163	0	0.000686846698069	0.0015200705613	7.50652129037e-06	0	0	0	0.00910916358587	1.87663032259e-05	7.50652129037e-06	1.12597819356e-05	0.00121230318839	0	0	3.75326064519e-06	0.0011710173213	0.000525456490326	0.000150130425807	0	0	6.38054309682e-05	0.000277741287744	7.50652129037e-06	0	0	0	2.62728245163e-05	0	7.50652129037e-06	7.50652129037e-06	1.12597819356e-05	2.62728245163e-05	6.38054309682e-05	0	0.00132490100775	0	0	0	0	0	0	0	0.000427871713551	0	1.50130425807e-05	0	3.75326064519e-05	0	0	0	2.25195638711e-05	0	0	0	0	0	0	0.000135117383227	1.12597819356e-05	0.00010133803742	4.50391277422e-05	0.00133991405033	0	3.75326064519e-06	0	0	0	0	0	0	0
0	8.63249948393e-05	5.25456490326e-05	0	0	0	0	0	0	0	0	0.00761911910973	0	0.0172762587498	0	0	3.75326064519e-06	5.62989096778e-05	0.000165143468388	0.000356559761293	0	3.75326064519e-06	0	1.12597819356e-05	0	0.00394467693809	0.00437254865164	0.0035055454426	3.75326064519e-06	1.50130425807e-05	0	7.13119522585e-05	0	0	0.000630547788391	0	0.000198922814195	7.50652129037e-06	0	0	0	0	0	0	0	0	0.000476664101939	0	0.000228948899356	0	0	0	3.75326064519e-06	3.00260851615e-05	5.25456490326e-05	0	3.75326064519e-06	0	0	0	0.00081821082065	0.00039784562839	0.000180156510969	0	0	0	7.50652129037e-06	0	0	3.37793458067e-05	9.00782554845e-05	0.00161765533807	0.000990860810329	0.000168896729033	0	3.75326064519e-06	0.000930808640006	3.00260851615e-05	0.000142623904517	0.00010133803742	3.00260851615e-05	0	3.75326064519e-06	2.62728245163e-05
0.00461651059358	7.50652129037e-06	7.50652129037e-06	0	0.00010884455871	0.000829470602586	0.00267607484002	0.00418863888003	0.0180456771821	0.000225195638711	0.00334415523486	3.00260851615e-05	0.000686846698069	0	0.0307354514234	0.000356559761293	2.62728245163e-05	1.12597819356e-05	0	7.50652129037e-06	0.000326533676131	0.000146377165162	2.62728245163e-05	8.25717341941e-05	0.000364066282583	0	2.62728245163e-05	7.50652129037e-06	0.000893276033554	0.0106855330568	0.0014450053484	0	0.000840730384522	0.000349053240002	0.00316024546325	0	0	0	0	0	0	0	7.50652129037e-06	0	6.38054309682e-05	0	0	0	0	0	0	3.75326064519e-06	0	0	0	3.75326064519e-06	0	3.75326064519e-06	0	3.75326064519e-05	0	0	0	1.50130425807e-05	0	0	0	0	0	0	0.000337793458067	6.0052170323e-05	0.00102839341678	0.000225195638711	0.000780678214199	0.000165143468388	3.75326064519e-06	7.50652129037e-06	0	7.50652129037e-06	0	0	0	0
4.50391277422e-05	0	3.75326064519e-06	0	3.75326064519e-06	0.000975847767748	0.00285247809034	6.0052170323e-05	0.000540469532907	0.00019516955355	6.38054309682e-05	0	0.0015200705613	0	0.000356559761293	0.0079906919136	0	0	0	0	2.62728245163e-05	1.12597819356e-05	0	7.50652129037e-06	3.00260851615e-05	0	0	0	2.25195638711e-05	0.000364066282583	4.1285867097e-05	0	3.75326064519e-05	1.87663032259e-05	0.000247715202582	0	0	0	0	0	0	0	0	0	3.75326064519e-06	0	0	0	0	0	0	0	0	0	0	0	0	0	0	3.75326064519e-06	0	0	0	0	0	0	0	0	0	0	0.000236455420647	7.50652129037e-06	8.25717341941e-05	3.37793458067e-05	0.00457522472648	6.38054309682e-05	0	7.50652129037e-06	3.75326064519e-06	0	0	3.75326064519e-06	0	0
8.63249948393e-05	0.000105091298065	0.000544222793552	0	7.50652129037e-06	0	1.50130425807e-05	0.000367819543228	4.1285867097e-05	0.00121605644904	4.1285867097e-05	0	7.50652129037e-06	3.75326064519e-06	2.62728245163e-05	0	0.0168784131214	9.75847767748e-05	0	1.12597819356e-05	1.50130425807e-05	0.00367444217164	0.00491677144519	0.00724003978456	0.00229699551485	0	3.00260851615e-05	0.00224069660518	0.00352431174583	0.000322780415486	0.00123482275227	0	0	0.000138870643872	0.00111471841162	0	3.37793458067e-05	2.62728245163e-05	0	0	0	3.75326064519e-06	2.62728245163e-05	3.75326064519e-06	9.00782554845e-05	3.75326064519e-06	0	3.75326064519e-06	0	3.75326064519e-06	0	0.000180156510969	3.75326064519e-06	0	0	0	2.62728245163e-05	0.000416611931616	0.000157636947098	4.50391277422e-05	0	0	6.0052170323e-05	5.25456490326e-05	3.75326064519e-06	2.62728245163e-05	0	0	0	1.12597819356e-05	0.000863249948393	0.00039784562839	0.000427871713551	0.000243961941937	2.25195638711e-05	0	0	2.25195638711e-05	1.50130425807e-05	3.00260851615e-05	1.12597819356e-05	3.75326064519e-06	3.75326064519e-06	0
2.25195638711e-05	0.000945821682587	0.00868504513296	0	0	0	0	3.00260851615e-05	3.75326064519e-06	2.25195638711e-05	3.75326064519e-06	0.000262728245163	0	5.62989096778e-05	1.12597819356e-05	0	9.75847767748e-05	0.0227184866853	1.87663032259e-05	0.00325032371873	0	0.00149755099743	0.000183909771614	0.00633925722972	1.50130425807e-05	9.00782554845e-05	0.00832097885038	0.00283746504776	0.000153883686453	7.13119522585e-05	0.000517949969036	0	0	1.50130425807e-05	0.00328410306454	0	0.00041285867097	4.50391277422e-05	0	0	0	0	0	0	0	0	3.37793458067e-05	0	1.50130425807e-05	0	0	1.12597819356e-05	4.1285867097e-05	7.50652129037e-06	2.62728245163e-05	0	1.12597819356e-05	7.13119522585e-05	3.75326064519e-05	0	4.1285867097e-05	0.000138870643872	0.000232702160002	3.75326064519e-06	0	3.75326064519e-06	7.50652129037e-06	0	3.75326064519e-06	2.62728245163e-05	0.00130988796517	0.00161765533807	0.00205303357292	0.000656820612907	1.87663032259e-05	7.50652129037e-06	2.62728245163e-05	1.50130425807e-05	9.38315161296e-05	4.50391277422e-05	1.50130425807e-05	7.50652129037e-06	3.75326064519e-06	0
0	1.50130425807e-05	7.50652129037e-06	0	0	0	0	0	0	0	0	0.00106967928388	0	0.000165143468388	0	0	0	1.87663032259e-05	0.0023007487755	0.00091204233678	0	0	0	0	0	9.75847767748e-05	0.00136618687485	0.000157636947098	0	3.75326064519e-06	0	0	0	0	7.13119522585e-05	0	1.50130425807e-05	0	0	0	0	0	0	0	0	0	2.62728245163e-05	0	1.12597819356e-05	0	0	0	0	3.75326064519e-06	7.50652129037e-06	0	0	0	0	0	3.00260851615e-05	2.25195638711e-05	1.50130425807e-05	0	0	0	0	0	0	0	0	4.1285867097e-05	4.87923883874e-05	0	0	0	0	0	1.87663032259e-05	7.50652129037e-06	0	0	0	0
0	0.000360313021938	0.00060802822452	0	0	3.75326064519e-06	0	0	7.50652129037e-06	3.75326064519e-06	0	0.00303263460131	0	0.000356559761293	7.50652129037e-06	0	1.12597819356e-05	0.00325032371873	0.00091204233678	0.0143637284891	0	2.25195638711e-05	3.75326064519e-06	0.000146377165162	0	0.000461651059358	0.00835100493554	0.0014787846942	3.75326064519e-06	1.87663032259e-05	2.62728245163e-05	3.75326064519e-06	3.75326064519e-06	3.75326064519e-06	0.00261602266969	0	0.000315273894196	3.75326064519e-06	0	0	0	0	0	0	0	0	0.000112597819356	0	3.75326064519e-05	0	0	0	1.12597819356e-05	3.37793458067e-05	3.00260851615e-05	0	0	3.75326064519e-06	0	0	0.000168896729033	0.000221442378066	0.000161390207743	0	0	0	7.50652129037e-06	0	0	2.25195638711e-05	0.000165143468388	0.00061553474581	0.00118603036388	0.000183909771614	3.75326064519e-06	7.50652129037e-06	7.50652129037e-06	3.75326064519e-06	7.13119522585e-05	1.50130425807e-05	0	0	0	0
0.00021018259613	0	0	0	0.00836977123876	0	0.0021018259613	0.00180907163098	0.000611781485165	0.000349053240002	0.0087713701278	0	0.00910916358587	0	0.000326533676131	2.62728245163e-05	1.50130425807e-05	0	0	0	0.0243549083266	4.1285867097e-05	3.75326064519e-06	1.50130425807e-05	0.00363315630454	0	0	0	0.00490175840261	0.000367819543228	0.000277741287744	0	0	8.63249948393e-05	0.000146377165162	0	0	0	0	3.37793458067e-05	0	3.75326064519e-06	1.50130425807e-05	3.75326064519e-06	7.50652129037e-05	3.75326064519e-06	0	0	0	0	0	0	0	0	0	3.75326064519e-06	0	3.75326064519e-06	0	7.88184735489e-05	0	0	0	3.75326064519e-05	0	7.50652129037e-06	0	0	0	0	3.75326064519e-05	1.50130425807e-05	6.0052170323e-05	2.25195638711e-05	9.75847767748e-05	0	0	1.12597819356e-05	0	3.75326064519e-06	0	7.50652129037e-06	3.75326064519e-06	0
0.000345299979357	0.000116351080001	0.00152382382195	0	4.50391277422e-05	0	6.0052170323e-05	0.00118227710323	0.000116351080001	0.000784431474844	0.000138870643872	0	1.87663032259e-05	3.75326064519e-06	0.000146377165162	1.12597819356e-05	0.00367444217164	0.00149755099743	0	2.25195638711e-05	4.1285867097e-05	0.0389888715822	0.00163266838066	0.0150468219265	0.00166269446582	0	0.000183909771614	0.000791937996134	0.0105053765459	0.00091954885807	0.013571790493	0	0	0.000360313021938	0.00504813556777	1.50130425807e-05	4.87923883874e-05	1.87663032259e-05	0	0	0	3.75326064519e-06	4.87923883874e-05	3.75326064519e-06	0.00010884455871	7.50652129037e-06	0	0	0	7.50652129037e-06	0	4.87923883874e-05	3.75326064519e-06	0	0	0	1.12597819356e-05	0.000300260851615	7.88184735489e-05	6.75586916133e-05	0	3.75326064519e-06	3.37793458067e-05	6.75586916133e-05	1.12597819356e-05	3.00260851615e-05	0	0	0	3.75326064519e-05	0.00255597049937	0.0010546662413	0.00195544879614	0.000938315161296	8.25717341941e-05	1.87663032259e-05	1.50130425807e-05	3.37793458067e-05	1.50130425807e-05	3.75326064519e-05	1.87663032259e-05	3.75326064519e-06	3.75326064519e-06	0
7.50652129037e-05	0.00152382382195	0.00161014881678	0	1.12597819356e-05	0	1.12597819356e-05	0.000273988027099	3.37793458067e-05	0.00322029763357	4.1285867097e-05	0	7.50652129037e-06	0	2.62728245163e-05	0	0.00491677144519	0.000183909771614	0	3.75326064519e-06	3.75326064519e-06	0.00163266838066	0.0170698294143	0.00373074108131	0.00204177379098	0	0.000123857601291	0.00403475519357	0.00186161728001	0.00029650759097	0.0010546662413	0	0	0.000168896729033	0.00109970536904	3.75326064519e-06	0.000698106480005	0.000183909771614	0	3.75326064519e-06	0	3.75326064519e-06	8.25717341941e-05	3.75326064519e-06	0.000337793458067	1.87663032259e-05	0	0	3.75326064519e-06	7.50652129037e-06	0	0.000649314091617	6.38054309682e-05	0	7.50652129037e-06	7.50652129037e-06	9.75847767748e-05	0.00267232157937	0.000686846698069	0.00020267607484	0	1.50130425807e-05	0.000442884756132	0.000198922814195	7.50652129037e-06	0.000112597819356	0	0	7.50652129037e-06	0.000150130425807	0.000900782554845	0.000439131495487	0.000476664101939	0.000270234766453	4.50391277422e-05	3.75326064519e-06	0	0.000176403250324	0.000165143468388	0.000153883686453	6.0052170323e-05	1.50130425807e-05	1.50130425807e-05	0
0.00021018259613	0.000724379304521	0.0114474449678	0	2.25195638711e-05	7.50652129037e-06	3.75326064519e-05	0.000581755400004	7.88184735489e-05	0.000562989096778	6.38054309682e-05	3.37793458067e-05	1.12597819356e-05	1.12597819356e-05	8.25717341941e-05	7.50652129037e-06	0.00724003978456	0.00633925722972	0	0.000146377165162	1.50130425807e-05	0.0150468219265	0.00373074108131	0.0510968904236	0.000776924953553	0	0.000882016251619	0.00832473211102	0.0035881171768	0.000957081464522	0.00510068121681	0	7.50652129037e-06	0.000251468463227	0.00653442678327	3.75326064519e-06	0.000416611931616	8.63249948393e-05	0	0	0	0	3.75326064519e-05	0	5.62989096778e-05	0	0	3.75326064519e-06	3.75326064519e-06	3.75326064519e-06	0	0.000183909771614	4.50391277422e-05	0	1.50130425807e-05	0	2.25195638711e-05	0.000855743427102	0.000270234766453	4.87923883874e-05	3.75326064519e-06	2.25195638711e-05	0.000251468463227	5.25456490326e-05	7.50652129037e-06	4.50391277422e-05	3.75326064519e-06	0	0	4.1285867097e-05	0.00496181057294	0.00309644003228	0.00418863888003	0.00188413684388	9.75847767748e-05	1.87663032259e-05	2.62728245163e-05	9.75847767748e-05	8.63249948393e-05	6.38054309682e-05	4.1285867097e-05	1.50130425807e-05	7.50652129037e-06	0
0.000551729314842	2.25195638711e-05	8.25717341941e-05	0	0.00806200386586	0	0.000420365192261	0.00458273124777	0.000450391277422	0.00933811248522	0.00254095745679	0	0.00121230318839	0	0.000364066282583	3.00260851615e-05	0.00229699551485	1.50130425807e-05	0	0	0.00363315630454	0.00166269446582	0.00204177379098	0.000776924953553	0.0369583575731	0	0	0.000120104340646	0.0169272055098	0.00139996622065	0.00270610092518	0	0	0.000442884756132	0.00126484883743	3.75326064519e-06	3.75326064519e-06	0	0	1.87663032259e-05	0	7.50652129037e-06	0.000183909771614	7.50652129037e-06	0.00081821082065	3.00260851615e-05	0	2.25195638711e-05	0	1.12597819356e-05	0	7.88184735489e-05	0	0	0	1.87663032259e-05	7.50652129037e-06	0.000289001069679	5.25456490326e-05	0.000562989096778	0	0	0	0.000262728245163	3.75326064519e-06	5.62989096778e-05	0	0	0	3.37793458067e-05	0.000578002139359	0.000150130425807	0.000360313021938	0.000161390207743	0.000484170623229	0	3.75326064519e-06	7.50652129037e-05	1.12597819356e-05	2.62728245163e-05	1.50130425807e-05	3.75326064519e-05	7.50652129037e-06	0
0	0.000720626043876	5.25456490326e-05	0	0	0	0	0	0	0	0	0.00199673466324	0	0.00394467693809	0	0	0	9.00782554845e-05	9.75847767748e-05	0.000461651059358	0	0	0	0	0	0.010535402631	0.0023758139884	0.00317901176647	0	0	0	0	0	0	0.000435378234842	0	0.00051419670839	0	0	0	0	0	0	0	0	0	0.000653067352262	0	0.000375326064519	0	0	0	2.62728245163e-05	9.38315161296e-05	0.00010133803742	0	3.75326064519e-06	0	0	0	0.00151256404001	0.000694353219359	0.000375326064519	0	0	0	2.25195638711e-05	0	0	6.75586916133e-05	1.50130425807e-05	0.000927055379361	0.000472910841293	2.62728245163e-05	0	0	0.000427871713551	3.75326064519e-06	0.000165143468388	9.38315161296e-05	7.50652129037e-06	0	0	1.12597819356e-05
3.75326064519e-06	0.00340045414454	0.00831722558973	0	0	3.75326064519e-06	0	3.75326064519e-06	1.12597819356e-05	3.75326064519e-06	0	0.00689098654456	0	0.00437254865164	2.62728245163e-05	0	3.00260851615e-05	0.00832097885038	0.00136618687485	0.00835100493554	0	0.000183909771614	0.000123857601291	0.000882016251619	0	0.0023758139884	0.0509880458648	0.016544372924	2.25195638711e-05	7.13119522585e-05	8.63249948393e-05	7.13119522585e-05	3.75326064519e-06	1.12597819356e-05	0.00438756169422	0	0.00218064443485	9.00782554845e-05	0	0	0	0	0	0	0	0	0.00049918366581	0	0.000232702160002	0	0	3.75326064519e-06	9.75847767748e-05	0.000120104340646	0.000281494548389	0	1.12597819356e-05	3.75326064519e-05	3.37793458067e-05	0	0.000960834725167	0.00136994013549	0.00108469232646	0	0	3.75326064519e-06	2.62728245163e-05	0	0	0.000198922814195	0.000814457560005	0.00238707377034	0.00291628352131	0.00071687278323	1.50130425807e-05	7.50652129037e-06	7.50652129037e-05	4.1285867097e-05	0.000394092367744	0.000180156510969	4.50391277422e-05	0	0	0
1.50130425807e-05	0.00700358436392	0.0134479328917	0	3.75326064519e-06	7.50652129037e-06	3.75326064519e-06	4.87923883874e-05	1.50130425807e-05	0.000183909771614	7.50652129037e-06	0.00161390207743	3.75326064519e-06	0.0035055454426	7.50652129037e-06	0	0.00224069660518	0.00283746504776	0.000157636947098	0.0014787846942	0	0.000791937996134	0.00403475519357	0.00832473211102	0.000120104340646	0.00317901176647	0.016544372924	0.0620564115075	0.00029650759097	8.25717341941e-05	0.000401598889035	4.50391277422e-05	3.75326064519e-06	3.00260851615e-05	0.00262728245163	0	0.00225195638711	0.000273988027099	0	0	0	0	1.12597819356e-05	0	0	0	0.000289001069679	0	0.000105091298065	0	0	0.000116351080001	0.000168896729033	5.62989096778e-05	0.000165143468388	0	1.87663032259e-05	0.000540469532907	0.000236455420647	0	0.000604274963875	0.00090453581549	0.00118227710323	7.50652129037e-06	0	1.50130425807e-05	1.12597819356e-05	0	3.75326064519e-06	0.000225195638711	0.00150130425807	0.00188413684388	0.00192166945033	0.000656820612907	3.75326064519e-05	3.75326064519e-06	3.37793458067e-05	9.38315161296e-05	0.000386585846454	0.000255221723873	6.0052170323e-05	7.50652129037e-06	0	0
0.00130613470452	2.25195638711e-05	0.000371572803873	0	0.0069022463265	7.50652129037e-06	0.00129862818323	0.0164918272749	0.00119729014581	0.00399346932648	0.00856494079231	3.75326064519e-06	0.0011710173213	3.75326064519e-06	0.000893276033554	2.25195638711e-05	0.00352431174583	0.000153883686453	0	3.75326064519e-06	0.00490175840261	0.0105053765459	0.00186161728001	0.0035881171768	0.0169272055098	0	2.25195638711e-05	0.00029650759097	0.0573423161371	0.00313772589938	0.0109407547807	0	0	0.000867003209038	0.00338544110196	4.87923883874e-05	1.87663032259e-05	7.50652129037e-06	0	1.12597819356e-05	0	1.50130425807e-05	0.000168896729033	2.62728245163e-05	0.000728132565166	2.62728245163e-05	0	2.25195638711e-05	0	3.37793458067e-05	0	0.000112597819356	0	0	0	2.25195638711e-05	2.62728245163e-05	0.000476664101939	9.00782554845e-05	0.000480417362584	0	3.75326064519e-06	2.25195638711e-05	0.000277741287744	2.62728245163e-05	6.0052170323e-05	0	0	0	2.62728245163e-05	0.00174151293937	0.000521703229681	0.00103965319872	0.000517949969036	0.000300260851615	1.12597819356e-05	1.50130425807e-05	8.25717341941e-05	1.50130425807e-05	1.87663032259e-05	7.50652129037e-06	2.62728245163e-05	3.75326064519e-06	0
0.00789310713683	1.12597819356e-05	0.000116351080001	0	0.000281494548389	0.00166644772646	0.00208305965808	0.00513821382326	0.00702985718843	0.00100212059226	0.00153133034324	0.000120104340646	0.000525456490326	1.50130425807e-05	0.0106855330568	0.000364066282583	0.000322780415486	7.13119522585e-05	3.75326064519e-06	1.87663032259e-05	0.000367819543228	0.00091954885807	0.00029650759097	0.000957081464522	0.00139996622065	0	7.13119522585e-05	8.25717341941e-05	0.00313772589938	0.0438643571603	0.0092367744478	0	0.00123106949162	0.00505939534971	0.0124570720814	1.50130425807e-05	1.12597819356e-05	0	0	3.75326064519e-06	0	7.50652129037e-06	4.1285867097e-05	1.12597819356e-05	0.00020267607484	1.50130425807e-05	0	0	0	1.50130425807e-05	0	1.50130425807e-05	0	0	0	3.75326064519e-06	3.75326064519e-06	6.75586916133e-05	1.50130425807e-05	0.000123857601291	3.75326064519e-06	0	3.75326064519e-06	7.13119522585e-05	3.75326064519e-06	3.00260851615e-05	0	0	3.75326064519e-06	1.50130425807e-05	0.00258974984518	0.000394092367744	0.00442884756132	0.00118227710323	0.00109970536904	0.000469157580648	1.87663032259e-05	2.25195638711e-05	3.75326064519e-06	1.12597819356e-05	7.50652129037e-06	1.12597819356e-05	0	0
0.00395968998067	6.38054309682e-05	0.000705613001295	0	0.000273988027099	7.50652129037e-06	0.000394092367744	0.00894402011748	0.00118603036388	0.00171524011485	0.00091954885807	0	0.000150130425807	0	0.0014450053484	4.1285867097e-05	0.00123482275227	0.000517949969036	0	2.62728245163e-05	0.000277741287744	0.013571790493	0.0010546662413	0.00510068121681	0.00270610092518	0	8.63249948393e-05	0.000401598889035	0.0109407547807	0.0092367744478	0.0409218008145	0	7.50652129037e-06	0.00165143468388	0.00679715502843	1.12597819356e-05	4.1285867097e-05	1.12597819356e-05	0	1.12597819356e-05	0	1.87663032259e-05	8.25717341941e-05	7.50652129037e-06	0.000315273894196	1.12597819356e-05	3.75326064519e-06	1.12597819356e-05	0	1.12597819356e-05	0	6.75586916133e-05	7.50652129037e-06	0	0	7.50652129037e-06	1.12597819356e-05	0.000266481505808	7.13119522585e-05	0.000176403250324	0	0	1.12597819356e-05	0.000116351080001	1.50130425807e-05	3.37793458067e-05	0	0	7.50652129037e-06	3.00260851615e-05	0.00261977593034	0.000750652129037	0.00197421509937	0.000942068421942	0.000161390207743	2.62728245163e-05	3.75326064519e-06	4.50391277422e-05	7.50652129037e-06	2.62728245163e-05	1.50130425807e-05	7.50652129037e-06	3.75326064519e-06	0
0	0	3.75326064519e-06	0	0	0	0	0	0	0	0	3.00260851615e-05	0	7.13119522585e-05	0	0	0	0	0	3.75326064519e-06	0	0	0	0	0	0	7.13119522585e-05	4.50391277422e-05	0	0	0	9.38315161296e-05	0	0	0	0	0	0	0	0	0	0	0	0	0	0	0	0	0	0	0	0	0	0	0	0	0	0	0	0	0	0	0	0	0	0	0	0	0	0	0	0	0	0	0	0	0	0	0	0	0	0	0	0
7.50652129037e-06	3.75326064519e-06	3.75326064519e-06	0	0	0.00153133034324	0.00039784562839	3.75326064519e-06	0.000660573873553	0	3.75326064519e-06	0	0	0	0.000840730384522	3.75326064519e-05	0	0	0	3.75326064519e-06	0	0	0	7.50652129037e-06	0	0	3.75326064519e-06	3.75326064519e-06	0	0.00123106949162	7.50652129037e-06	0	0.00283371178712	0	0.000900782554845	0	0	0	0	0	0	0	0	0	0	0	0	0	0	0	0	0	0	0	0	0	0	0	0	0	0	0	0	0	0	0	0	0	0	0	7.50652129037e-06	3.75326064519e-06	9.38315161296e-05	1.87663032259e-05	4.1285867097e-05	0.000187663032259	0	0	0	0	0	0	0	0
0.000765665171618	3.75326064519e-06	4.1285867097e-05	0	6.0052170323e-05	3.75326064519e-06	0.000112597819356	0.000975847767748	0.000326533676131	0.000315273894196	0.000232702160002	0	6.38054309682e-05	0	0.000349053240002	1.87663032259e-05	0.000138870643872	1.50130425807e-05	0	3.75326064519e-06	8.63249948393e-05	0.000360313021938	0.000168896729033	0.000251468463227	0.000442884756132	0	1.12597819356e-05	3.00260851615e-05	0.000867003209038	0.00505939534971	0.00165143468388	0	0	0.0067446093794	0.00341171392647	0	3.75326064519e-06	0	0	0	0	0	2.25195638711e-05	0	6.0052170323e-05	7.50652129037e-06	0	0	0	0	0	3.75326064519e-06	0	0	0	0	0	3.75326064519e-05	3.75326064519e-06	4.1285867097e-05	0	0	3.75326064519e-06	3.00260851615e-05	0	1.50130425807e-05	0	0	3.75326064519e-06	1.12597819356e-05	0.00131739448646	0.000217689117421	0.00100212059226	0.000480417362584	0.000123857601291	7.50652129037e-06	3.75326064519e-06	1.87663032259e-05	7.50652129037e-06	3.75326064519e-06	3.75326064519e-06	7.50652129037e-06	0	0
0.00131739448646	0.000540469532907	0.00386961172519	0	0.00010884455871	0.00222193030195	0.00143749882711	0.00212809878582	0.00349428566067	0.000855743427102	0.000623041267101	0.00348677913938	0.000277741287744	0.000630547788391	0.00316024546325	0.000247715202582	0.00111471841162	0.00328410306454	7.13119522585e-05	0.00261602266969	0.000146377165162	0.00504813556777	0.00109970536904	0.00653442678327	0.00126484883743	0.000435378234842	0.00438756169422	0.00262728245163	0.00338544110196	0.0124570720814	0.00679715502843	0	0.000900782554845	0.00341171392647	0.0519676468932	1.12597819356e-05	0.000364066282583	2.62728245163e-05	0	3.75326064519e-06	0	3.75326064519e-06	4.87923883874e-05	3.75326064519e-06	0.000131364122581	0	7.50652129037e-05	0	3.00260851615e-05	1.12597819356e-05	0	3.37793458067e-05	7.50652129037e-06	1.12597819356e-05	3.00260851615e-05	0	7.50652129037e-06	0.00020267607484	7.50652129037e-05	9.38315161296e-05	0.000120104340646	0.000176403250324	0.00019516955355	5.62989096778e-05	1.12597819356e-05	1.50130425807e-05	7.50652129037e-06	0	1.50130425807e-05	7.13119522585e-05	0.0096271135549	0.00435378234842	0.0210145063524	0.00632049092649	0.00105091298065	0.00114849775743	0.000292754330324	0.000135117383227	0.00010133803742	7.50652129037e-05	2.62728245163e-05	3.75326064519e-06	0	7.50652129037e-06
3.75326064519e-06	0	0	0	3.75326064519e-06	0	3.75326064519e-06	2.62728245163e-05	0	7.50652129037e-05	3.75326064519e-06	0	7.50652129037e-06	0	0	0	0	0	0	0	0	1.50130425807e-05	3.75326064519e-06	3.75326064519e-06	3.75326064519e-06	0	0	0	4.87923883874e-05	1.50130425807e-05	1.12597819356e-05	0	0	0	1.12597819356e-05	0.0150918610543	0	1.50130425807e-05	0	6.0052170323e-05	1.12597819356e-05	0.00217313791356	0.00422617148648	0.00350929870325	0.000251468463227	0.00131364122581	2.25195638711e-05	0.000551729314842	0	0.00796817234973	5.25456490326e-05	9.38315161296e-05	1.87663032259e-05	0	3.75326064519e-06	0.00039784562839	0.000116351080001	0.000135117383227	0.000191416292904	0.00100212059226	0	3.75326064519e-06	1.12597819356e-05	0.000713119522585	0.005765008351	0.000683093437424	0	3.37793458067e-05	0.000439131495487	0.0017527727213	1.12597819356e-05	0	0	0	3.75326064519e-06	0	0	0.000562989096778	5.62989096778e-05	0.000626794527746	0.000243961941937	0.00108469232646	0.000146377165162	3.75326064519e-06
3.75326064519e-06	0.0026910878826	0.00119353688517	0	0	0	0	0	0	7.50652129037e-06	0	0.000180156510969	0	0.000198922814195	0	0	3.37793458067e-05	0.00041285867097	1.50130425807e-05	0.000315273894196	0	4.87923883874e-05	0.000698106480005	0.000416611931616	3.75326064519e-06	0.00051419670839	0.00218064443485	0.00225195638711	1.87663032259e-05	1.12597819356e-05	4.1285867097e-05	0	0	3.75326064519e-06	0.000364066282583	0	0.0234015801227	0.00162891512001	0	0	0	7.50652129037e-06	3.37793458067e-05	7.50652129037e-06	3.00260851615e-05	0	0.000788184735489	0	0.000150130425807	1.12597819356e-05	3.75326064519e-06	0.000251468463227	0.00118227710323	0.000225195638711	0.00133991405033	0	0.000153883686453	0.00249591832905	0.000882016251619	1.50130425807e-05	0.00284121830841	0.00525081164261	0.0105541689343	3.37793458067e-05	7.50652129037e-06	0.000105091298065	1.87663032259e-05	0	0	0.00141873252388	0.000180156510969	0.000300260851615	0.000292754330324	9.00782554845e-05	0	0	1.12597819356e-05	0.000529209750971	0.0023758139884	0.00124232927356	0.000349053240002	4.87923883874e-05	3.75326064519e-05	1.50130425807e-05
0	0.000330286936776	0.000198922814195	0	0	0	0	0	0	0	0	0	0	7.50652129037e-06	0	0	2.62728245163e-05	4.50391277422e-05	0	3.75326064519e-06	0	1.87663032259e-05	0.000183909771614	8.63249948393e-05	0	0	9.00782554845e-05	0.000273988027099	7.50652129037e-06	0	1.12597819356e-05	0	0	0	2.62728245163e-05	1.50130425807e-05	0.00162891512001	0.0198247227279	0	0	0	0	5.62989096778e-05	1.12597819356e-05	7.50652129037e-06	3.75326064519e-06	0.00010133803742	3.75326064519e-06	1.12597819356e-05	1.50130425807e-05	0	0.000394092367744	0.00341922044776	7.50652129037e-06	0.000562989096778	3.75326064519e-06	0.000578002139359	0.000942068421942	0.00507065513165	1.12597819356e-05	2.62728245163e-05	0.00434627582712	0.00582130726068	7.50652129037e-05	3.00260851615e-05	0.000258974984518	0	0	3.75326064519e-06	0.00181657815227	4.50391277422e-05	4.50391277422e-05	4.1285867097e-05	1.50130425807e-05	0	0	0	0.00103965319872	0.00211308574324	0.0016364216413	0.000649314091617	7.88184735489e-05	7.13119522585e-05	2.62728245163e-05
0	0	0	0	0	0	0	0	0	0	0	0	0	0	0	0	0	0	0	0	0	0	0	0	0	0	0	0	0	0	0	0	0	0	0	0	0	0	0	0	0	0	0	0	0	0	0	0	0	0	0	0	0	0	0	0	0	0	0	0	0	0	0	0	0	0	0	0	0	0	0	0	0	0	0	0	0	0	0	0	0	0	0	0
3.75326064519e-06	0	0	0	5.25456490326e-05	0	0	7.50652129037e-06	0	4.50391277422e-05	0	0	2.62728245163e-05	0	0	0	0	0	0	0	3.37793458067e-05	0	3.75326064519e-06	0	1.87663032259e-05	0	0	0	1.12597819356e-05	3.75326064519e-06	1.12597819356e-05	0	0	0	3.75326064519e-06	6.0052170323e-05	0	0	0	0.0131401655188	0	0.000183909771614	0.00030401411226	9.38315161296e-05	0.000273988027099	0.00249591832905	0	0.00128361514065	0	3.75326064519e-05	3.75326064519e-06	1.50130425807e-05	0	0	0	0.00852365492522	3.75326064519e-06	2.62728245163e-05	1.12597819356e-05	0.00212809878582	0	0	0	0.00349428566067	2.25195638711e-05	3.75326064519e-05	0	0	7.50652129037e-06	2.25195638711e-05	3.75326064519e-06	0	3.75326064519e-06	3.75326064519e-06	3.75326064519e-06	0	0	1.50130425807e-05	0	1.50130425807e-05	3.75326064519e-06	2.62728245163e-05	3.75326064519e-06	0
0	0	0	0	0	0	0	0	0	0	0	0	0	0	0	0	0	0	0	0	0	0	0	0	0	0	0	0	0	0	0	0	0	0	0	1.12597819356e-05	0	0	0	0	0.0024583857226	0.000867003209038	0	0.000900782554845	7.50652129037e-06	3.75326064519e-06	0	7.50652129037e-06	0	0.00031152063355	0.000465404320003	0	0	0	0	3.75326064519e-06	0	3.75326064519e-06	0	0	0	0	0	0	9.38315161296e-05	0	0	0.00115225101807	3.75326064519e-06	0.000116351080001	0	0	0	0	0	0	0	3.75326064519e-06	0	2.25195638711e-05	1.12597819356e-05	0.000457897798713	0.000409105410325	0
3.75326064519e-06	3.75326064519e-06	0	0	3.75326064519e-06	0	0	1.87663032259e-05	0	3.75326064519e-05	3.75326064519e-06	0	7.50652129037e-06	0	0	0	3.75326064519e-06	0	0	0	3.75326064519e-06	3.75326064519e-06	3.75326064519e-06	0	7.50652129037e-06	0	0	0	1.50130425807e-05	7.50652129037e-06	1.87663032259e-05	0	0	0	3.75326064519e-06	0.00217313791356	7.50652129037e-06	0	0	0.000183909771614	0.000867003209038	0.0377015031809	0.00155009664646	0.0180644434853	0.000213935856776	0.00946197008651	4.87923883874e-05	0.00623416593165	0	0.00551353988778	0.00141497926323	2.25195638711e-05	1.87663032259e-05	0	7.50652129037e-06	0.00229324225421	3.00260851615e-05	4.1285867097e-05	4.50391277422e-05	0.00108093906581	7.50652129037e-06	1.50130425807e-05	7.50652129037e-06	0.000457897798713	0.00197421509937	0.00019516955355	0	0.00124983579485	7.50652129037e-05	0.00134366731098	3.75326064519e-06	3.75326064519e-06	0	0	0	0	0	0.000258974984518	4.50391277422e-05	0.00071687278323	0.000221442378066	0.00284121830841	0.00119353688517	1.12597819356e-05
1.12597819356e-05	3.75326064519e-06	1.12597819356e-05	0	2.25195638711e-05	0	0	0.00010133803742	7.50652129037e-06	0.00040535214968	1.87663032259e-05	0	7.50652129037e-06	0	7.50652129037e-06	0	2.62728245163e-05	0	0	0	1.50130425807e-05	4.87923883874e-05	8.25717341941e-05	3.75326064519e-05	0.000183909771614	0	0	1.12597819356e-05	0.000168896729033	4.1285867097e-05	8.25717341941e-05	0	0	2.25195638711e-05	4.87923883874e-05	0.00422617148648	3.37793458067e-05	5.62989096778e-05	0	0.00030401411226	0	0.00155009664646	0.0364066282583	0.00199673466324	0.0013624336142	0.00638429635746	2.62728245163e-05	0.000825717341941	0	0.00356935087357	5.25456490326e-05	0.000675586916133	7.13119522585e-05	0	3.75326064519e-06	0.00117852384259	0.00080319777807	0.00081070429936	0.000994614070974	0.00546850076004	0	7.50652129037e-06	4.50391277422e-05	0.0101187906994	0.00121230318839	0.0062716985381	0	1.50130425807e-05	0.000221442378066	0.00153508360388	1.87663032259e-05	3.75326064519e-06	3.75326064519e-06	3.75326064519e-06	1.50130425807e-05	0	0	0.000825717341941	0.000168896729033	0.000638054309682	0.000266481505808	0.000510443447745	7.88184735489e-05	0
