0.0150227062394	0.000159266513139	0.00141187611648	0	1.72180014205e-05	0	0.000241052019887	0.00494156640768	0.0042011923466	0.000198007016336	0.000779114564277	0.000150657512429	5.59585046166e-05	3.4436002841e-05	0.00669349805221	1.29135010654e-05	4.30450035512e-05	0.000792028065342	3.01315024858e-05	0.000180789014915	3.01315024858e-05	0.000990035081678	9.46990078127e-05	0.00174332264382	0.000327142026989	1.29135010654e-05	0.000783419064632	0.000421841034802	0.00110625659127	0.00532466693929	0.00477799539418	4.30450035512e-06	3.01315024858e-05	0.000284097023438	0.00182080365022	5.16540042615e-05	9.90035081678e-05	5.16540042615e-05	0	4.73495039063e-05	4.30450035512e-06	8.60900071024e-06	6.88720056819e-05	0	0.000297010524503	2.15225017756e-05	8.60900071024e-06	8.60900071024e-06	0	3.4436002841e-05	0	1.29135010654e-05	3.4436002841e-05	4.30450035512e-06	3.4436002841e-05	2.15225017756e-05	4.73495039063e-05	0.000129135010654	9.03945074575e-05	0.000142048511719	8.60900071024e-06	4.30450035512e-05	0.000103308008523	9.03945074575e-05	9.03945074575e-05	9.46990078127e-05	0	4.30450035512e-06	2.58270021307e-05	0.000107612508878	0.000451972537288	0.000163571013495	0.00101586208381	0.000318533026279	6.45675053268e-05	4.30450035512e-06	4.30450035512e-06	9.03945074575e-05	2.15225017756e-05	9.46990078127e-05	4.73495039063e-05	8.60900071024e-06	1.29135010654e-05	4.30450035512e-06
0.000159266513139	0.0291974259088	0.0041151023395	0	2.58270021307e-05	4.30450035512e-06	2.58270021307e-05	0.000275488022728	0.000142048511719	0.00109764759056	4.30450035512e-05	0.00035296902912	6.88720056819e-05	0.000335751027699	0.00016787551385	3.87405031961e-05	0.000654284053978	0.00207046467081	0.000137744011364	0.00106321158771	0	0.00034436002841	0.00397735832813	0.00380087381357	0.00107612508878	0.00149366162323	0.00837655769107	0.0152938897617	0.000460581537998	0.00016787551385	0.000292706024148	3.87405031961e-05	4.30450035512e-06	2.58270021307e-05	0.00115360609517	6.88720056819e-05	0.0137657921357	0.00233303919248	0	8.60900071024e-06	0	0	7.31765060371e-05	8.60900071024e-06	0.000111917009233	2.15225017756e-05	0.000154962012784	4.30450035512e-06	0.00017648451456	6.88720056819e-05	0	0.000146353012074	0.00168736413921	0.00019370251598	0.0023976066978	8.60900071024e-06	0.000180789014915	0.000550976045456	0.00155822912855	0.000111917009233	0.000770505563567	0.0042011923466	0.00867356821557	0.000146353012074	5.16540042615e-05	0.000133439511009	3.01315024858e-05	4.30450035512e-06	4.30450035512e-06	0.000835073068894	0.00157544712997	0.000817855067473	0.00106321158771	0.000284097023438	0.000116221509588	0	4.30450035512e-06	0.000839377569249	0.000865204571379	0.000637066052558	0.000279792523083	1.72180014205e-05	4.30450035512e-06	1.72180014205e-05
0.00141187611648	0.0041151023395	0.0299980629748	0	0	8.60900071024e-06	0.000103308008523	0.00204463766868	0.000783419064632	0.000172180014205	0.000120526009943	0.00018509351527	1.29135010654e-05	3.4436002841e-05	0.00101586208381	8.60900071024e-06	0.00052945354368	0.00455846587607	6.88720056819e-05	0.000499322041194	8.60900071024e-06	0.00188537115554	0.000865204571379	0.017441835439	0.000662893054689	3.4436002841e-05	0.00867787271592	0.0106278113768	0.00165292813637	0.000451972537288	0.00173471364311	4.30450035512e-06	1.72180014205e-05	7.74810063922e-05	0.00134730861115	6.88720056819e-05	0.00394292232529	0.00171749564169	0	4.30450035512e-06	0	1.72180014205e-05	8.60900071024e-05	1.72180014205e-05	0.000124830510299	4.30450035512e-06	2.58270021307e-05	0	2.58270021307e-05	6.88720056819e-05	0	0.000180789014915	0.000938381077416	3.01315024858e-05	0.000434754535867	4.30450035512e-06	0.000202311516691	0.000865204571379	0.00145061661968	8.60900071024e-05	6.02630049717e-05	0.000938381077416	0.00360286679724	0.00017648451456	4.73495039063e-05	0.000124830510299	0	4.30450035512e-06	4.30450035512e-06	0.000408927533737	0.00265157221875	0.00140757161612	0.00175623614489	0.000658588554334	0.000103308008523	0	4.30450035512e-06	0.000477799539418	0.000602630049717	0.000378796031251	0.000198007016336	2.58270021307e-05	0	1.29135010654e-05
0	0	0	0	0	0	0	0	0	0	0	0	0	0	0	0	0	0	0	0	0	0	0	0	0	0	0	0	0	0	0	0	0	0	0	0	0	0	0	0	0	0	0	0	0	0	0	0	0	0	0	0	0	0	0	0	0	0	0	0	0	0	0	0	0	0	0	0	0	0	0	0	0	0	0	0	0	0	0	0	0	0	0	0
1.72180014205e-05	2.58270021307e-05	0	0	0.0164948453608	0	0.000215225017756	0.00120956459979	0.000236747519532	0.000606934550072	0.00209198717259	0	0.0012569141037	8.60900071024e-06	0.000124830510299	0.000120526009943	1.29135010654e-05	0	0	0	0.00298732324645	2.15225017756e-05	0.000103308008523	3.4436002841e-05	0.00330585627273	4.30450035512e-06	4.30450035512e-06	2.58270021307e-05	0.0056776359684	0.000172180014205	7.31765060371e-05	0	4.30450035512e-06	3.01315024858e-05	0.000154962012784	0.000288401523793	0	8.60900071024e-06	0	0.00542367044745	0	0.000129135010654	0.000137744011364	8.17855067473e-05	0.000826464068183	0.000822159567828	8.60900071024e-06	0.00293566924219	0	0.000262574521662	3.4436002841e-05	2.15225017756e-05	1.29135010654e-05	0	1.29135010654e-05	0.00455416137572	3.01315024858e-05	4.30450035512e-05	5.59585046166e-05	0.00225555818608	0	1.72180014205e-05	3.01315024858e-05	0.000559585046166	0.000253965520952	4.30450035512e-05	0	1.72180014205e-05	2.15225017756e-05	0.000223834018466	6.02630049717e-05	4.30450035512e-06	0.000116221509588	4.30450035512e-05	0.000116221509588	4.30450035512e-06	0	3.87405031961e-05	1.72180014205e-05	0.000111917009233	6.88720056819e-05	4.73495039063e-05	4.30450035512e-06	8.60900071024e-06
0	4.30450035512e-06	8.60900071024e-06	0	0	0.00107612508878	0.000576803047586	8.60900071024e-06	9.46990078127e-05	4.30450035512e-06	1.29135010654e-05	4.30450035512e-06	2.15225017756e-05	4.30450035512e-06	2.58270021307e-05	0.000340055528055	0	4.30450035512e-06	0	0	0	4.30450035512e-06	4.30450035512e-06	8.60900071024e-06	0	0	0	4.30450035512e-06	4.30450035512e-06	7.31765060371e-05	0	0	0.000318533026279	0	0.000154962012784	0	0	0	0	0	0	0	0	0	0	0	0	0	0	0	0	0	0	0	4.30450035512e-06	0	0	4.30450035512e-06	4.30450035512e-06	0	0	4.30450035512e-06	1.29135010654e-05	0	0	0	0	0	0	8.60900071024e-06	2.58270021307e-05	4.30450035512e-06	3.87405031961e-05	3.01315024858e-05	0.000383100531606	0.00016787551385	0	4.30450035512e-06	0	2.15225017756e-05	2.58270021307e-05	0	0	0
0.000241052019887	2.58270021307e-05	0.000103308008523	0	0.000215225017756	0.000576803047586	0.0466349568474	0.00872952672019	0.0221251318253	0.000477799539418	0.0236704474528	0.000662893054689	0.00973677980328	0.00018509351527	0.00766631513247	0.00134730861115	4.73495039063e-05	6.45675053268e-05	0.000129135010654	0.000159266513139	0.00254395970988	0.000111917009233	6.02630049717e-05	0.000206616017046	0.000688720056819	4.30450035512e-06	0.000146353012074	0.000103308008523	0.00309924025569	0.00476938639347	0.000331446527344	2.15225017756e-05	0.00283236123367	0.000172180014205	0.00464886038353	9.46990078127e-05	2.58270021307e-05	1.72180014205e-05	0	0.000318533026279	4.30450035512e-06	2.15225017756e-05	0.000150657512429	3.01315024858e-05	0.000736069560726	9.46990078127e-05	2.15225017756e-05	5.16540042615e-05	1.72180014205e-05	8.17855067473e-05	0	1.72180014205e-05	0	4.30450035512e-06	8.60900071024e-06	0.000142048511719	3.01315024858e-05	6.88720056819e-05	4.30450035512e-05	0.000615543550782	0	2.15225017756e-05	3.87405031961e-05	0.000262574521662	8.60900071024e-05	7.31765060371e-05	0	4.30450035512e-06	8.60900071024e-06	0.000107612508878	0.000964208079547	0.000228138518821	0.0031078492564	0.00102447108452	0.00136022211222	0.000774810063922	2.58270021307e-05	8.60900071024e-05	1.72180014205e-05	0.000124830510299	8.60900071024e-05	2.58270021307e-05	3.4436002841e-05	3.4436002841e-05
0.00494156640768	0.000275488022728	0.00204463766868	0	0.00120956459979	8.60900071024e-06	0.00872952672019	0.0686869121667	0.0134515636098	0.00279362073047	0.025164109076	0.000628457051848	0.00126982760476	0.00018509351527	0.0115489744528	0.000275488022728	0.000236747519532	0.00104599358629	0.000107612508878	0.00034436002841	0.00131287260831	0.00267739922089	0.00052945354368	0.00415384284269	0.0041624518434	2.58270021307e-05	0.00110625659127	0.000645675053268	0.0290725953985	0.00972817080257	0.00925898026387	1.72180014205e-05	0.000288401523793	0.00205755116975	0.00738652260939	0.000710242558595	0.000172180014205	0.000124830510299	0	0.00276779372834	4.30450035512e-06	0.000146353012074	0.000934076577061	0.000163571013495	0.00530744893786	0.000843682069604	6.45675053268e-05	0.00036157802983	3.4436002841e-05	0.00052084454297	5.16540042615e-05	8.60900071024e-05	8.60900071024e-05	8.60900071024e-06	7.74810063922e-05	0.00118804209801	0.000284097023438	0.000563889546521	0.000348664528765	0.00492865290661	2.15225017756e-05	0.000154962012784	0.000163571013495	0.00183802165164	0.000792028065342	0.000736069560726	4.30450035512e-06	2.58270021307e-05	0.000133439511009	0.00071454705895	0.00250952370704	0.000460581537998	0.00551836945527	0.00173901814347	0.000843682069604	4.30450035512e-05	2.58270021307e-05	0.00034436002841	0.000111917009233	0.000589716548652	0.000253965520952	0.000150657512429	3.4436002841e-05	2.58270021307e-05
0.0042011923466	0.000142048511719	0.000783419064632	0	0.000236747519532	9.46990078127e-05	0.0221251318253	0.0134515636098	0.0523900738222	0.000628457051848	0.0184620020231	0.00136022211222	0.00280222973118	0.000266879022018	0.0237651464606	0.000154962012784	9.03945074575e-05	0.000512235542259	0.000288401523793	0.000417536534447	0.00154101112713	0.000671502055399	0.000163571013495	0.00117512859695	0.00112347459269	3.01315024858e-05	0.000727460560015	0.000378796031251	0.00454124787465	0.00905666874718	0.00204894216904	2.58270021307e-05	0.00207476917117	0.00035296902912	0.00757161612466	0.000189398015625	9.90035081678e-05	3.4436002841e-05	0	0.000426145535157	4.30450035512e-06	4.30450035512e-05	0.000258270021307	6.45675053268e-05	0.00134730861115	0.000142048511719	3.4436002841e-05	5.59585046166e-05	3.87405031961e-05	0.000180789014915	8.60900071024e-06	2.58270021307e-05	1.29135010654e-05	4.30450035512e-06	2.58270021307e-05	0.000180789014915	0.000103308008523	0.000215225017756	0.000124830510299	0.000990035081678	2.15225017756e-05	6.88720056819e-05	0.000124830510299	0.000482104039774	0.000215225017756	0.00019370251598	0	1.72180014205e-05	3.4436002841e-05	0.000271183522373	0.00147644362181	0.000486408540129	0.00501474291372	0.00144631211932	0.000628457051848	0.000271183522373	5.59585046166e-05	0.000163571013495	4.73495039063e-05	0.000241052019887	0.000124830510299	3.87405031961e-05	3.01315024858e-05	3.4436002841e-05
0.000198007016336	0.00109764759056	0.000172180014205	0	0.000606934550072	4.30450035512e-06	0.000477799539418	0.00279362073047	0.000628457051848	0.0192152895853	0.00125260960334	5.59585046166e-05	0.00230290768999	2.58270021307e-05	0.000611239050427	0.000710242558595	0.00019370251598	0.000111917009233	1.29135010654e-05	1.72180014205e-05	0.000469190538708	0.000120526009943	0.00317241676172	0.000271183522373	0.00654714504014	0.000111917009233	0.000322837526634	0.000826464068183	0.00511374642188	0.00071454705895	0.00108473408949	8.60900071024e-06	3.4436002841e-05	0.000142048511719	0.000968512579902	0.000550976045456	7.74810063922e-05	4.30450035512e-05	0	0.00112347459269	8.60900071024e-06	6.88720056819e-05	0.000766201063212	0.000124830510299	0.00629748401954	0.000292706024148	4.30450035512e-05	0.000335751027699	8.60900071024e-06	0.000430450035512	6.45675053268e-05	5.59585046166e-05	1.72180014205e-05	8.60900071024e-06	2.15225017756e-05	0.000585412048296	0.000232443019177	0.000451972537288	0.000292706024148	0.00326281126918	4.30450035512e-06	6.88720056819e-05	0.000120526009943	0.00157975163033	0.000680111056109	0.000869509071734	0	2.58270021307e-05	0.000124830510299	0.000632761552203	0.000792028065342	0.000142048511719	0.000779114564277	0.00035296902912	0.00106321158771	8.60900071024e-06	0	0.000365882530185	9.03945074575e-05	0.000525149043325	0.000253965520952	0.000198007016336	6.02630049717e-05	1.29135010654e-05
0.000779114564277	4.30450035512e-05	0.000120526009943	0	0.00209198717259	1.29135010654e-05	0.0236704474528	0.025164109076	0.0184620020231	0.00125260960334	0.0622732066375	0.00069732905753	0.0101284893356	0.000159266513139	0.00960334029228	0.000236747519532	4.30450035512e-05	0.000116221509588	0.000142048511719	0.00019370251598	0.00555710995846	0.00018509351527	9.90035081678e-05	0.000297010524503	0.00143770311861	1.29135010654e-05	0.000210920517401	0.000107612508878	0.0137055291307	0.00625874351635	0.000606934550072	8.60900071024e-06	0.00035296902912	0.000662893054689	0.00522996793147	0.000215225017756	4.30450035512e-05	1.29135010654e-05	0	0.00218238168005	8.60900071024e-06	6.88720056819e-05	0.000322837526634	5.59585046166e-05	0.0023502571939	0.000628457051848	2.58270021307e-05	0.000396014032671	2.15225017756e-05	0.00018509351527	5.59585046166e-05	1.72180014205e-05	1.72180014205e-05	1.29135010654e-05	3.01315024858e-05	0.00117082409659	6.45675053268e-05	0.000103308008523	7.31765060371e-05	0.00310354475604	8.60900071024e-06	4.73495039063e-05	3.4436002841e-05	0.000731765060371	0.000202311516691	0.00019370251598	0	8.60900071024e-06	1.72180014205e-05	0.000189398015625	0.000990035081678	0.000198007016336	0.00375352430967	0.000912554075286	0.000456277037643	3.87405031961e-05	2.58270021307e-05	9.03945074575e-05	1.29135010654e-05	0.00016787551385	7.31765060371e-05	9.03945074575e-05	4.30450035512e-06	2.15225017756e-05
0.000150657512429	0.00035296902912	0.00018509351527	0	0	4.30450035512e-06	0.000662893054689	0.000628457051848	0.00136022211222	5.59585046166e-05	0.00069732905753	0.0323095796655	0.000142048511719	0.0058412069819	0.00122678260121	8.60900071024e-06	5.16540042615e-05	0.00195854766158	0.00586703398403	0.00682693756322	0.000142048511719	0.00017648451456	0.000120526009943	0.000430450035512	9.90035081678e-05	0.00223403568431	0.00816563717367	0.00156253362891	0.000348664528765	0.00300884574823	0.000223834018466	0.00173901814347	0.000120526009943	3.4436002841e-05	0.00851860620279	2.15225017756e-05	0.000253965520952	4.30450035512e-05	0	3.4436002841e-05	4.30450035512e-06	0	3.01315024858e-05	1.29135010654e-05	9.03945074575e-05	1.29135010654e-05	0.00136883111293	4.30450035512e-06	0.00222973118395	3.01315024858e-05	4.30450035512e-06	1.29135010654e-05	3.87405031961e-05	9.90035081678e-05	0.000111917009233	8.60900071024e-06	1.72180014205e-05	8.60900071024e-05	6.45675053268e-05	8.17855067473e-05	0.00198437466371	0.00116651959624	0.000619848051137	5.59585046166e-05	4.73495039063e-05	2.15225017756e-05	0.000163571013495	1.29135010654e-05	0	0.000249661020597	0.00150227062394	0.00408927533737	0.0079418031552	0.00070593805824	6.45675053268e-05	1.29135010654e-05	0.000693024557175	0.000232443019177	0.000628457051848	0.000215225017756	0.000107612508878	2.58270021307e-05	2.15225017756e-05	0.000297010524503
5.59585046166e-05	6.88720056819e-05	1.29135010654e-05	0	0.0012569141037	2.15225017756e-05	0.00973677980328	0.00126982760476	0.00280222973118	0.00230290768999	0.0101284893356	0.000142048511719	0.0313367625853	2.15225017756e-05	0.00107612508878	0.00249661020597	4.30450035512e-06	1.29135010654e-05	3.4436002841e-05	3.4436002841e-05	0.010279146848	4.30450035512e-06	0.000142048511719	2.58270021307e-05	0.0015539246282	8.60900071024e-06	3.4436002841e-05	7.31765060371e-05	0.00192841615909	0.000951294578482	3.4436002841e-05	4.30450035512e-06	9.46990078127e-05	2.15225017756e-05	0.0008824225728	4.30450035512e-06	8.60900071024e-06	0	0	0.000232443019177	0	4.30450035512e-06	1.72180014205e-05	4.30450035512e-06	0.000262574521662	6.02630049717e-05	1.29135010654e-05	7.74810063922e-05	4.30450035512e-06	1.29135010654e-05	8.60900071024e-06	0	0	0	0	0.000133439511009	4.30450035512e-06	1.72180014205e-05	4.30450035512e-06	0.000279792523083	0	8.60900071024e-06	1.29135010654e-05	6.02630049717e-05	8.60900071024e-06	1.29135010654e-05	0	0	0	1.29135010654e-05	0.000120526009943	7.31765060371e-05	0.000559585046166	0.000124830510299	0.0018509351527	8.60900071024e-06	0	1.72180014205e-05	8.60900071024e-06	3.01315024858e-05	3.01315024858e-05	1.72180014205e-05	8.60900071024e-06	4.30450035512e-06
3.4436002841e-05	0.000335751027699	3.4436002841e-05	0	8.60900071024e-06	4.30450035512e-06	0.00018509351527	0.00018509351527	0.000266879022018	2.58270021307e-05	0.000159266513139	0.0058412069819	2.15225017756e-05	0.0145362976992	0.000223834018466	4.30450035512e-06	1.72180014205e-05	0.000133439511009	0.000348664528765	0.00072315605966	3.87405031961e-05	2.58270021307e-05	4.73495039063e-05	5.16540042615e-05	5.16540042615e-05	0.00273766222586	0.00402901233239	0.00381809181499	0.000107612508878	0.000456277037643	3.87405031961e-05	0.00143770311861	1.72180014205e-05	1.72180014205e-05	0.00105029808665	0	0.000150657512429	1.29135010654e-05	0	1.72180014205e-05	8.60900071024e-06	0	0	1.72180014205e-05	4.30450035512e-05	8.60900071024e-06	0.00118804209801	4.30450035512e-06	0.00205755116975	0	0	4.30450035512e-06	1.72180014205e-05	0.00018509351527	0.000107612508878	4.30450035512e-06	0	2.15225017756e-05	4.30450035512e-06	3.87405031961e-05	0.00190689365732	0.00120956459979	0.000602630049717	1.29135010654e-05	4.30450035512e-06	8.60900071024e-06	0.000206616017046	1.29135010654e-05	0	0.000180789014915	0.000305619525214	0.00136883111293	0.00135161311151	0.000464886038353	3.01315024858e-05	1.29135010654e-05	0.000279792523083	8.60900071024e-05	0.000550976045456	0.00017648451456	8.17855067473e-05	1.72180014205e-05	2.58270021307e-05	0.000198007016336
0.00669349805221	0.00016787551385	0.00101586208381	0	0.000124830510299	2.58270021307e-05	0.00766631513247	0.0115489744528	0.0237651464606	0.000611239050427	0.00960334029228	0.00122678260121	0.00107612508878	0.000223834018466	0.0394120052515	9.46990078127e-05	7.31765060371e-05	0.000585412048296	0.000241052019887	0.000430450035512	0.000680111056109	0.000796332565697	0.000154962012784	0.00143770311861	0.000955599078837	4.30450035512e-05	0.000766201063212	0.000396014032671	0.00360717129759	0.0127068850483	0.00250521920668	1.29135010654e-05	0.00146353012074	0.000615543550782	0.00707229408346	0.000223834018466	0.000120526009943	6.45675053268e-05	0	0.000327142026989	4.30450035512e-06	3.4436002841e-05	0.000275488022728	6.02630049717e-05	0.00123969610227	0.000103308008523	1.72180014205e-05	4.30450035512e-05	1.72180014205e-05	0.000172180014205	0	2.15225017756e-05	3.01315024858e-05	4.30450035512e-06	4.73495039063e-05	0.000137744011364	0.000103308008523	0.00018509351527	0.000129135010654	0.000770505563567	2.15225017756e-05	5.59585046166e-05	0.000103308008523	0.000473495039063	0.000241052019887	0.000223834018466	0	1.29135010654e-05	4.30450035512e-05	0.000279792523083	0.00154962012784	0.000439059036222	0.00448959387039	0.00128704560618	0.000486408540129	6.45675053268e-05	3.4436002841e-05	0.000172180014205	3.87405031961e-05	0.000245356520242	0.000111917009233	3.4436002841e-05	2.58270021307e-05	3.87405031961e-05
1.29135010654e-05	3.87405031961e-05	8.60900071024e-06	0	0.000120526009943	0.000340055528055	0.00134730861115	0.000275488022728	0.000154962012784	0.000710242558595	0.000236747519532	8.60900071024e-06	0.00249661020597	4.30450035512e-06	9.46990078127e-05	0.00573359447302	1.72180014205e-05	4.30450035512e-06	4.30450035512e-06	8.60900071024e-06	0.000258270021307	3.01315024858e-05	8.60900071024e-05	4.30450035512e-05	0.000753287562146	4.30450035512e-06	8.60900071024e-06	6.02630049717e-05	0.000533758044035	0.000124830510299	7.31765060371e-05	0	3.01315024858e-05	3.01315024858e-05	0.000241052019887	8.60900071024e-06	1.72180014205e-05	8.60900071024e-06	0	3.4436002841e-05	0	0	0	0	6.88720056819e-05	4.30450035512e-06	0	1.29135010654e-05	0	8.60900071024e-06	4.30450035512e-06	4.30450035512e-06	1.29135010654e-05	0	1.29135010654e-05	2.15225017756e-05	1.29135010654e-05	8.60900071024e-06	5.16540042615e-05	6.02630049717e-05	0	4.30450035512e-06	3.87405031961e-05	1.72180014205e-05	1.72180014205e-05	8.60900071024e-06	0	0	0	3.4436002841e-05	0.000137744011364	2.58270021307e-05	0.000219529518111	7.74810063922e-05	0.00296580074468	3.4436002841e-05	4.30450035512e-06	2.15225017756e-05	0	6.88720056819e-05	9.46990078127e-05	8.60900071024e-06	8.60900071024e-06	0
4.30450035512e-05	0.000654284053978	0.00052945354368	0	1.29135010654e-05	0	4.73495039063e-05	0.000236747519532	9.03945074575e-05	0.00019370251598	4.30450035512e-05	5.16540042615e-05	4.30450035512e-06	1.72180014205e-05	7.31765060371e-05	1.72180014205e-05	0.0202569786712	0.000223834018466	4.30450035512e-06	6.02630049717e-05	0	0.0030217592493	0.00660310354476	0.00500182941265	0.00981856531003	2.58270021307e-05	0.000378796031251	0.00536340744248	0.00419258334589	0.000142048511719	0.00089103157351	4.30450035512e-06	4.30450035512e-06	3.01315024858e-05	0.000934076577061	3.4436002841e-05	0.000348664528765	0.00019370251598	0	8.60900071024e-06	4.30450035512e-06	4.30450035512e-06	3.87405031961e-05	8.60900071024e-06	0.000111917009233	8.60900071024e-06	2.15225017756e-05	1.29135010654e-05	0	2.15225017756e-05	0	0.000374491530896	9.03945074575e-05	4.30450035512e-06	3.87405031961e-05	1.29135010654e-05	0.000499322041194	0.00232873469212	0.000942685577772	9.46990078127e-05	8.60900071024e-06	9.46990078127e-05	0.00105029808665	0.000228138518821	5.16540042615e-05	0.000340055528055	0	0	1.29135010654e-05	0.000142048511719	0.00191119815767	0.000602630049717	0.000955599078837	0.00037018703054	0.000129135010654	8.60900071024e-06	0	0.000236747519532	7.74810063922e-05	0.000163571013495	7.74810063922e-05	2.58270021307e-05	2.15225017756e-05	4.30450035512e-06
0.000792028065342	0.00207046467081	0.00455846587607	0	0	4.30450035512e-06	6.45675053268e-05	0.00104599358629	0.000512235542259	0.000111917009233	0.000116221509588	0.00195854766158	1.29135010654e-05	0.000133439511009	0.000585412048296	4.30450035512e-06	0.000223834018466	0.0244710845189	0.00207476917117	0.0054193659471	1.29135010654e-05	0.0017648451456	0.000404623033381	0.0112218324258	0.000340055528055	0.000163571013495	0.00900501474291	0.00422271484837	0.00069732905753	0.000563889546521	0.00222973118395	3.87405031961e-05	2.15225017756e-05	5.16540042615e-05	0.00386113681854	3.4436002841e-05	0.00138604911435	0.000460581537998	0	1.29135010654e-05	0	4.30450035512e-06	3.4436002841e-05	0	0.000116221509588	0	9.90035081678e-05	0	0.000107612508878	2.58270021307e-05	0	7.31765060371e-05	0.000301315024858	4.30450035512e-05	0.000645675053268	4.30450035512e-06	6.02630049717e-05	0.000245356520242	0.000275488022728	7.31765060371e-05	0.000206616017046	0.00103308008523	0.00131717710867	5.16540042615e-05	2.58270021307e-05	9.03945074575e-05	0	4.30450035512e-06	0	0.000180789014915	0.00255256871059	0.00159266513139	0.00282375223296	0.000783419064632	0.000103308008523	0	4.30450035512e-06	0.000206616017046	0.000219529518111	0.000142048511719	6.02630049717e-05	8.60900071024e-06	8.60900071024e-06	8.60900071024e-06
3.01315024858e-05	0.000137744011364	6.88720056819e-05	0	0	0	0.000129135010654	0.000107612508878	0.000288401523793	1.29135010654e-05	0.000142048511719	0.00586703398403	3.4436002841e-05	0.000348664528765	0.000241052019887	4.30450035512e-06	4.30450035512e-06	0.00207476917117	0.0095430772873	0.0051309644233	3.01315024858e-05	4.30450035512e-05	2.58270021307e-05	0.000129135010654	3.87405031961e-05	0.000297010524503	0.00259130921378	0.000413232034092	8.17855067473e-05	0.000568194046876	6.02630049717e-05	0.000142048511719	1.72180014205e-05	8.60900071024e-06	0.00171319114134	4.30450035512e-06	8.17855067473e-05	8.60900071024e-06	0	4.30450035512e-06	0	4.30450035512e-06	0	0	3.01315024858e-05	0	0.000180789014915	4.30450035512e-06	0.000284097023438	0	8.60900071024e-06	8.60900071024e-06	2.15225017756e-05	8.17855067473e-05	5.16540042615e-05	0	1.29135010654e-05	3.87405031961e-05	3.4436002841e-05	1.72180014205e-05	0.000404623033381	0.000430450035512	0.000219529518111	1.29135010654e-05	8.60900071024e-06	4.30450035512e-06	3.87405031961e-05	4.30450035512e-06	0	4.30450035512e-05	0.000542367044745	0.00053806254439	0.00170458214063	0.00017648451456	2.15225017756e-05	0	1.72180014205e-05	0.000111917009233	0.000133439511009	6.88720056819e-05	3.87405031961e-05	0	4.30450035512e-06	8.60900071024e-06
0.000180789014915	0.00106321158771	0.000499322041194	0	0	0	0.000159266513139	0.00034436002841	0.000417536534447	1.72180014205e-05	0.00019370251598	0.00682693756322	3.4436002841e-05	0.00072315605966	0.000430450035512	8.60900071024e-06	6.02630049717e-05	0.0054193659471	0.0051309644233	0.0214536297699	3.87405031961e-05	0.000249661020597	0.000154962012784	0.000972817080257	0.000146353012074	0.000847986569959	0.00973677980328	0.00245356520242	0.000241052019887	0.000796332565697	0.000331446527344	0.000189398015625	8.60900071024e-06	3.01315024858e-05	0.00470481888815	1.72180014205e-05	0.000637066052558	6.88720056819e-05	0	8.60900071024e-06	0	4.30450035512e-06	1.29135010654e-05	0	5.16540042615e-05	0	0.000357273529475	4.30450035512e-06	0.000443363536577	1.29135010654e-05	8.60900071024e-06	8.60900071024e-06	0.000111917009233	0.000258270021307	0.000555280545811	0	1.29135010654e-05	7.31765060371e-05	6.88720056819e-05	3.87405031961e-05	0.00115360609517	0.00195424316123	0.00112777909304	3.01315024858e-05	2.15225017756e-05	2.15225017756e-05	5.59585046166e-05	0	4.30450035512e-06	0.000150657512429	0.00228568968857	0.00151087962465	0.00416675634376	0.000667197555044	5.59585046166e-05	4.30450035512e-06	4.30450035512e-06	0.000266879022018	0.000236747519532	0.00017648451456	9.46990078127e-05	4.30450035512e-06	8.60900071024e-06	1.29135010654e-05
3.01315024858e-05	0	8.60900071024e-06	0	0.00298732324645	0	0.00254395970988	0.00131287260831	0.00154101112713	0.000469190538708	0.00555710995846	0.000142048511719	0.010279146848	3.87405031961e-05	0.000680111056109	0.000258270021307	0	1.29135010654e-05	3.01315024858e-05	3.87405031961e-05	0.0175666659492	0	4.30450035512e-06	1.29135010654e-05	0.001054602587	0	1.72180014205e-05	4.30450035512e-06	0.00269461722231	0.000796332565697	2.15225017756e-05	0	4.30450035512e-05	5.16540042615e-05	0.00072315605966	2.15225017756e-05	4.30450035512e-06	0	0	0.000426145535157	0	2.15225017756e-05	3.01315024858e-05	8.60900071024e-06	0.000292706024148	0.000116221509588	1.72180014205e-05	0.000103308008523	8.60900071024e-06	1.72180014205e-05	4.30450035512e-06	0	0	0	4.30450035512e-06	0.000241052019887	4.30450035512e-06	0	0	0.000486408540129	0	8.60900071024e-06	4.30450035512e-06	5.59585046166e-05	8.60900071024e-06	4.30450035512e-06	4.30450035512e-06	0	0	1.29135010654e-05	9.46990078127e-05	3.87405031961e-05	0.000486408540129	0.000124830510299	0.000159266513139	4.30450035512e-06	0	8.60900071024e-06	4.30450035512e-06	1.29135010654e-05	4.30450035512e-06	8.60900071024e-06	4.30450035512e-06	8.60900071024e-06
0.000990035081678	0.00034436002841	0.00188537115554	0	2.15225017756e-05	4.30450035512e-06	0.000111917009233	0.00267739922089	0.000671502055399	0.000120526009943	0.00018509351527	0.00017648451456	4.30450035512e-06	2.58270021307e-05	0.000796332565697	3.01315024858e-05	0.0030217592493	0.0017648451456	4.30450035512e-05	0.000249661020597	0	0.0363428964983	0.00190258915696	0.0172567419237	0.00144631211932	3.01315024858e-05	0.00104599358629	0.00165723263672	0.0079418031552	0.00173040914276	0.0128661515615	8.60900071024e-06	2.15225017756e-05	0.000292706024148	0.0050836149194	5.16540042615e-05	0.000314228525924	0.000142048511719	0	1.29135010654e-05	0	8.60900071024e-06	0.000154962012784	1.72180014205e-05	0.00034436002841	1.29135010654e-05	1.72180014205e-05	8.60900071024e-06	8.60900071024e-06	4.30450035512e-05	0	0.000387405031961	0.000137744011364	4.30450035512e-06	6.88720056819e-05	4.30450035512e-06	0.000878118072445	0.00280653423154	0.00133439511009	0.000172180014205	2.58270021307e-05	0.000133439511009	0.000645675053268	0.000340055528055	8.60900071024e-05	0.000658588554334	0	8.60900071024e-06	2.58270021307e-05	0.00018509351527	0.00325850676883	0.00121386910014	0.00315950326066	0.0010072530831	0.000331446527344	8.60900071024e-06	0	0.000279792523083	7.74810063922e-05	0.000198007016336	0.000154962012784	3.4436002841e-05	1.29135010654e-05	4.30450035512e-06
9.46990078127e-05	0.00397735832813	0.000865204571379	0	0.000103308008523	4.30450035512e-06	6.02630049717e-05	0.00052945354368	0.000163571013495	0.00317241676172	9.90035081678e-05	0.000120526009943	0.000142048511719	4.73495039063e-05	0.000154962012784	8.60900071024e-05	0.00660310354476	0.000404623033381	2.58270021307e-05	0.000154962012784	4.30450035512e-06	0.00190258915696	0.0279448163054	0.00479521339561	0.0076921421346	0.000275488022728	0.001054602587	0.00689150506855	0.00355982179369	0.000292706024148	0.00156253362891	4.30450035512e-06	8.60900071024e-06	0.000116221509588	0.0012569141037	0.000133439511009	0.0022254266836	0.0005466715451	0	3.4436002841e-05	4.30450035512e-06	1.29135010654e-05	0.000232443019177	8.60900071024e-06	0.000847986569959	5.16540042615e-05	1.72180014205e-05	2.15225017756e-05	1.29135010654e-05	0.000107612508878	0	0.00150657512429	0.000249661020597	1.29135010654e-05	0.000107612508878	3.01315024858e-05	0.00166153713708	0.00982717431074	0.00330585627273	0.000443363536577	6.02630049717e-05	0.000210920517401	0.00419688784624	0.00072315605966	0.000159266513139	0.000942685577772	0	0	5.59585046166e-05	0.000443363536577	0.00180789014915	0.000895336073865	0.00106321158771	0.000404623033381	0.000219529518111	0	4.30450035512e-06	0.000490713040484	0.000223834018466	0.000426145535157	0.000301315024858	6.88720056819e-05	3.01315024858e-05	8.60900071024e-06
0.00174332264382	0.00380087381357	0.017441835439	0	3.4436002841e-05	8.60900071024e-06	0.000206616017046	0.00415384284269	0.00117512859695	0.000271183522373	0.000297010524503	0.000430450035512	2.58270021307e-05	5.16540042615e-05	0.00143770311861	4.30450035512e-05	0.00500182941265	0.0112218324258	0.000129135010654	0.000972817080257	1.29135010654e-05	0.0172567419237	0.00479521339561	0.0703312313023	0.00232012569141	8.17855067473e-05	0.00753718012182	0.0132621655941	0.00640509652842	0.00150657512429	0.00620708951208	8.60900071024e-06	3.4436002841e-05	0.000163571013495	0.00677958805932	0.000133439511009	0.00507931041904	0.00207907367152	0	3.01315024858e-05	0	3.01315024858e-05	0.000206616017046	1.72180014205e-05	0.000460581537998	1.72180014205e-05	4.73495039063e-05	4.30450035512e-06	4.30450035512e-05	9.90035081678e-05	0	0.00107612508878	0.000886727073155	2.58270021307e-05	0.000451972537288	1.72180014205e-05	0.000964208079547	0.00609517250285	0.00398166282849	0.000262574521662	0.000107612508878	0.000852291070314	0.00614682650711	0.000477799539418	0.000107612508878	0.000525149043325	0	0	2.58270021307e-05	0.000615543550782	0.00801497966124	0.00366312980221	0.00620278501173	0.00212642317543	0.000632761552203	2.58270021307e-05	1.72180014205e-05	0.000800637066053	0.000533758044035	0.000658588554334	0.000460581537998	9.90035081678e-05	3.4436002841e-05	1.72180014205e-05
0.000327142026989	0.00107612508878	0.000662893054689	0	0.00330585627273	0	0.000688720056819	0.0041624518434	0.00112347459269	0.00654714504014	0.00143770311861	9.90035081678e-05	0.0015539246282	5.16540042615e-05	0.000955599078837	0.000753287562146	0.00981856531003	0.000340055528055	3.87405031961e-05	0.000146353012074	0.001054602587	0.00144631211932	0.0076921421346	0.00232012569141	0.0442244366485	7.31765060371e-05	0.000594021049007	0.00331016077309	0.0174461399393	0.00171319114134	0.00299593224716	0	2.58270021307e-05	0.000555280545811	0.00258700471343	0.000408927533737	0.000301315024858	0.000223834018466	0	0.000693024557175	0	4.73495039063e-05	0.000589716548652	6.02630049717e-05	0.00319824376386	0.000219529518111	2.58270021307e-05	0.000107612508878	4.30450035512e-06	0.000288401523793	2.15225017756e-05	0.000236747519532	8.17855067473e-05	4.30450035512e-06	5.59585046166e-05	0.000314228525924	0.000783419064632	0.00258700471343	0.00116651959624	0.00192841615909	8.60900071024e-06	0.000129135010654	0.00052945354368	0.00124830510299	0.000589716548652	0.00102016658416	0	1.72180014205e-05	0.000120526009943	0.000611239050427	0.00249230570562	0.000774810063922	0.001975765663	0.000770505563567	0.00102877558487	1.72180014205e-05	0	0.000460581537998	0.000120526009943	0.000533758044035	0.000309924025569	0.000163571013495	5.16540042615e-05	8.60900071024e-06
1.29135010654e-05	0.00149366162323	3.4436002841e-05	0	4.30450035512e-06	0	4.30450035512e-06	2.58270021307e-05	3.01315024858e-05	0.000111917009233	1.29135010654e-05	0.00223403568431	8.60900071024e-06	0.00273766222586	4.30450035512e-05	4.30450035512e-06	2.58270021307e-05	0.000163571013495	0.000297010524503	0.000847986569959	0	3.01315024858e-05	0.000275488022728	8.17855067473e-05	7.31765060371e-05	0.00977982480684	0.00305619525214	0.00228138518821	4.30450035512e-05	4.73495039063e-05	1.72180014205e-05	0.000202311516691	0	0	0.000275488022728	0	0.0005466715451	8.60900071024e-06	0	0	0	0	4.30450035512e-06	0	2.58270021307e-05	0	0.000774810063922	0	0.00147213912145	4.30450035512e-06	0	0	8.60900071024e-06	0.000241052019887	0.00017648451456	0	8.60900071024e-06	5.16540042615e-05	2.58270021307e-05	8.60900071024e-06	0.00346081828552	0.0017648451456	0.00111917009233	4.30450035512e-06	8.60900071024e-06	0	0.00019370251598	0	0	0.000116221509588	0.000159266513139	0.00037018703054	0.000404623033381	5.59585046166e-05	4.30450035512e-06	0	0.000275488022728	0.000103308008523	0.000305619525214	0.000189398015625	6.88720056819e-05	8.60900071024e-06	4.30450035512e-06	6.02630049717e-05
0.000783419064632	0.00837655769107	0.00867787271592	0	4.30450035512e-06	0	0.000146353012074	0.00110625659127	0.000727460560015	0.000322837526634	0.000210920517401	0.00816563717367	3.4436002841e-05	0.00402901233239	0.000766201063212	8.60900071024e-06	0.000378796031251	0.00900501474291	0.00259130921378	0.00973677980328	1.72180014205e-05	0.00104599358629	0.001054602587	0.00753718012182	0.000594021049007	0.00305619525214	0.0654025783957	0.0214622387706	0.000822159567828	0.000903945074575	0.00127413210512	0.00254395970988	3.01315024858e-05	6.02630049717e-05	0.00396874932742	5.59585046166e-05	0.00591868798829	0.000770505563567	0	1.72180014205e-05	0	4.30450035512e-06	4.73495039063e-05	4.30450035512e-06	0.000163571013495	1.29135010654e-05	0.00139465811506	0	0.00189828465661	5.16540042615e-05	0	6.88720056819e-05	0.000934076577061	0.000744678561436	0.00359856229688	4.30450035512e-06	0.000103308008523	0.000434754535867	0.000413232034092	0.000111917009233	0.00388265932032	0.00757161612466	0.00658158104298	9.03945074575e-05	6.02630049717e-05	0.000159266513139	0.000253965520952	4.30450035512e-06	4.30450035512e-06	0.00089103157351	0.00457998837785	0.00346942728623	0.00426575985193	0.0010072530831	0.000103308008523	1.72180014205e-05	4.30450035512e-05	0.000865204571379	0.00110195209091	0.000783419064632	0.000318533026279	2.58270021307e-05	8.60900071024e-06	8.17855067473e-05
0.000421841034802	0.0152938897617	0.0106278113768	0	2.58270021307e-05	4.30450035512e-06	0.000103308008523	0.000645675053268	0.000378796031251	0.000826464068183	0.000107612508878	0.00156253362891	7.31765060371e-05	0.00381809181499	0.000396014032671	6.02630049717e-05	0.00536340744248	0.00422271484837	0.000413232034092	0.00245356520242	4.30450035512e-06	0.00165723263672	0.00689150506855	0.0132621655941	0.00331016077309	0.00228138518821	0.0214622387706	0.0703010997998	0.00207476917117	0.000525149043325	0.000843682069604	0.000581107547941	1.72180014205e-05	7.31765060371e-05	0.00331016077309	2.58270021307e-05	0.00875965822267	0.00175623614489	0	1.72180014205e-05	0	1.29135010654e-05	6.02630049717e-05	4.30450035512e-06	0.00018509351527	3.87405031961e-05	0.000516540042615	4.30450035512e-06	0.000649979553623	4.30450035512e-05	0	0.000297010524503	0.00133009060973	0.000400318533026	0.00217377267934	8.60900071024e-06	0.000279792523083	0.00266018121946	0.00199728816478	0.000133439511009	0.00160988313282	0.00423132384908	0.00796763015733	0.00018509351527	3.4436002841e-05	0.000146353012074	0.000129135010654	0	0	0.000860900071024	0.00606073650001	0.0027333577255	0.00372769730754	0.00108903858985	0.000232443019177	8.60900071024e-06	8.60900071024e-06	0.000843682069604	0.000895336073865	0.000710242558595	0.00036157802983	5.59585046166e-05	1.72180014205e-05	3.87405031961e-05
0.00110625659127	0.000460581537998	0.00165292813637	0	0.0056776359684	4.30450035512e-06	0.00309924025569	0.0290725953985	0.00454124787465	0.00511374642188	0.0137055291307	0.000348664528765	0.00192841615909	0.000107612508878	0.00360717129759	0.000533758044035	0.00419258334589	0.00069732905753	8.17855067473e-05	0.000241052019887	0.00269461722231	0.0079418031552	0.00355982179369	0.00640509652842	0.0174461399393	4.30450035512e-05	0.000822159567828	0.00207476917117	0.0852635430342	0.00552267395562	0.00986591481394	1.29135010654e-05	0.000154962012784	0.00176914964595	0.00768353313389	0.00112347459269	0.000327142026989	0.000279792523083	0	0.00631039752061	8.60900071024e-06	0.000232443019177	0.0014290941179	0.000206616017046	0.00834642618858	0.00146353012074	7.74810063922e-05	0.00133009060973	1.72180014205e-05	0.000783419064632	0.000107612508878	0.000413232034092	0.000154962012784	1.29135010654e-05	0.000103308008523	0.00340916428126	0.00141618061683	0.00429589135441	0.00201881066655	0.00702924907991	1.72180014205e-05	0.000210920517401	0.000559585046166	0.00327142026989	0.00123969610227	0.00204033316833	0	5.16540042615e-05	0.000275488022728	0.00132148160902	0.00479090889525	0.00107182058843	0.00594451499042	0.00207046467081	0.00125260960334	2.58270021307e-05	2.58270021307e-05	0.000934076577061	0.000309924025569	0.00116221509588	0.000598325549362	0.000335751027699	0.000111917009233	3.01315024858e-05
0.00532466693929	0.00016787551385	0.000451972537288	0	0.000172180014205	7.31765060371e-05	0.00476938639347	0.00972817080257	0.00905666874718	0.00071454705895	0.00625874351635	0.00300884574823	0.000951294578482	0.000456277037643	0.0127068850483	0.000124830510299	0.000142048511719	0.000563889546521	0.000568194046876	0.000796332565697	0.000796332565697	0.00173040914276	0.000292706024148	0.00150657512429	0.00171319114134	4.73495039063e-05	0.000903945074575	0.000525149043325	0.00552267395562	0.0472935454017	0.0102705378473	6.88720056819e-05	0.00228568968857	0.00550976045456	0.0172868734262	0.000331446527344	6.45675053268e-05	7.31765060371e-05	0	0.000413232034092	4.30450035512e-06	5.16540042615e-05	0.000404623033381	9.90035081678e-05	0.00182941265093	0.000137744011364	4.30450035512e-05	6.45675053268e-05	4.73495039063e-05	0.00018509351527	1.29135010654e-05	6.02630049717e-05	3.87405031961e-05	4.30450035512e-06	4.30450035512e-05	0.000159266513139	0.00019370251598	0.00052945354368	0.000327142026989	0.0010933430902	3.87405031961e-05	7.74810063922e-05	0.000103308008523	0.000753287562146	0.000331446527344	0.000460581537998	0	1.29135010654e-05	7.31765060371e-05	0.000413232034092	0.00284097023438	0.000847986569959	0.0100983578331	0.00253535070917	0.000585412048296	0.000154962012784	5.16540042615e-05	0.000309924025569	6.88720056819e-05	0.000413232034092	0.000210920517401	7.74810063922e-05	6.02630049717e-05	3.87405031961e-05
