0.0163068648082	2.03124873047e-05	0.000414374741016	0	7.31249542969e-05	6.9062456836e-05	0.000320937299414	0.0059799962625	0.00370906018184	0.000308749807031	0.00151937405039	0.000276249827344	0.00012999991875	0.000158437400977	0.00747499532813	1.62499898438e-05	0.000182812385742	0.000552499654688	3.24999796875e-05	0.000166562395899	0.000142187411133	0.000678437075977	7.71874517578e-05	0.000686562070899	0.000873436954102	0	0.000349374781641	0.000207187370508	0.00190937380664	0.00644718347051	0.00531780917637	4.06249746094e-06	3.65624771485e-05	0.000410312243555	0.00176312389805	2.84374822266e-05	3.24999796875e-05	1.62499898438e-05	0	1.21874923828e-05	0	2.43749847656e-05	4.06249746094e-05	2.84374822266e-05	0.000182812385742	1.62499898438e-05	0	8.12499492188e-06	4.06249746094e-06	5.28124669922e-05	4.06249746094e-06	2.43749847656e-05	1.62499898438e-05	8.12499492188e-06	8.12499492188e-06	8.12499492188e-06	6.09374619141e-05	8.12499492188e-05	4.46874720703e-05	0.000186874883203	0	2.03124873047e-05	4.46874720703e-05	0.000276249827344	3.65624771485e-05	4.87499695313e-05	0	0	8.12499492188e-06	3.65624771485e-05	0.000426562233399	0.000101562436523	0.00122281173574	0.000284374822266	0.000105624933984	4.06249746094e-05	4.06249746094e-06	2.84374822266e-05	8.12499492188e-06	4.06249746094e-05	1.62499898438e-05	1.62499898438e-05	8.12499492188e-06	0
2.03124873047e-05	0.0102740560787	0.000280312324805	0	8.12499492188e-06	0	4.06249746094e-06	6.4999959375e-05	8.12499492188e-06	0.000922186923633	2.03124873047e-05	0.000194999878125	2.03124873047e-05	0.000251874842578	1.62499898438e-05	2.84374822266e-05	0.000674374578516	0.000633749603906	1.62499898438e-05	0.000312812304492	0	8.93749441407e-05	0.00398124751172	0.000365624771485	0.000905936933789	0.00125531171543	0.00178749888281	0.00453374716641	0.000146249908594	4.46874720703e-05	6.09374619141e-05	4.87499695313e-05	0	2.03124873047e-05	0.000272187329883	0	0.00176312389805	0.000223437360352	0	4.06249746094e-06	0	4.06249746094e-06	1.21874923828e-05	4.06249746094e-06	4.06249746094e-05	0	8.12499492188e-06	0	6.9062456836e-05	8.12499492188e-06	0	2.03124873047e-05	0.000138124913672	1.21874923828e-05	4.46874720703e-05	4.06249746094e-06	2.84374822266e-05	0.00021531236543	9.74999390625e-05	3.65624771485e-05	0.00017468739082	0.000459062213086	0.0015396865377	4.06249746094e-05	1.21874923828e-05	8.12499492188e-06	0	0	0	7.71874517578e-05	0.000576874639453	0.00043468722832	0.0002599998375	6.09374619141e-05	1.21874923828e-05	0	1.21874923828e-05	8.93749441407e-05	6.4999959375e-05	8.93749441407e-05	3.65624771485e-05	4.06249746094e-06	4.06249746094e-06	0
0.000414374741016	0.000280312324805	0.0406574745891	0	8.12499492188e-06	3.24999796875e-05	0.000227499857813	0.00413562241524	0.00103187435508	0.000134062416211	0.000621562111524	0.000182812385742	3.24999796875e-05	7.31249542969e-05	0.000861249461719	2.43749847656e-05	0.00121062424336	0.00308343557285	3.24999796875e-05	0.000365624771485	4.06249746094e-06	0.00195812377617	0.00116593677129	0.0144462409711	0.000743437035352	1.21874923828e-05	0.00584999634375	0.0133453041592	0.00373749766406	0.000414374741016	0.00150718655801	0	1.21874923828e-05	0.000109687431445	0.00201093624316	4.06249746094e-05	0.0028396857252	0.00258374838516	0	4.06249746094e-06	8.12499492188e-06	1.62499898438e-05	0.000105624933984	5.68749644531e-05	0.000178749888281	1.62499898438e-05	2.84374822266e-05	4.06249746094e-06	3.65624771485e-05	0.00012999991875	0	0.000654062091211	0.00131218667988	1.62499898438e-05	0.000231562355274	4.06249746094e-06	0.0002599998375	0.00394874753203	0.00286812320742	0.000158437400977	3.65624771485e-05	0.00112937429414	0.00525687171446	0.000324999796875	6.9062456836e-05	0.000138124913672	8.12499492188e-06	0	2.03124873047e-05	0.000442812223242	0.00409499744063	0.00277874826328	0.0021734361416	0.00102781185762	0.000101562436523	2.43749847656e-05	0	0.000674374578516	0.000324999796875	0.000515937177539	0.000333124791797	4.87499695313e-05	4.06249746094e-05	1.21874923828e-05
0	0	0	0	0	0	0	0	0	0	0	0	0	0	0	0	0	0	0	0	0	0	0	0	0	0	0	0	0	0	0	0	0	0	0	0	0	0	0	0	0	0	0	0	0	0	0	0	0	0	0	0	0	0	0	0	0	0	0	0	0	0	0	0	0	0	0	0	0	0	0	0	0	0	0	0	0	0	0	0	0	0	0	0
7.31249542969e-05	8.12499492188e-06	8.12499492188e-06	0	0.017476864077	2.03124873047e-05	0.000194999878125	0.00202312373555	0.000308749807031	0.000974999390625	0.0029331231668	6.4999959375e-05	0.000877499451563	4.46874720703e-05	0.000121874923828	4.06249746094e-05	3.65624771485e-05	8.12499492188e-06	4.06249746094e-06	2.43749847656e-05	0.00355874777578	2.03124873047e-05	1.21874923828e-05	2.43749847656e-05	0.00497655938965	0	1.62499898438e-05	1.21874923828e-05	0.00793405754121	0.000223437360352	2.03124873047e-05	0	2.03124873047e-05	1.21874923828e-05	0.000203124873047	4.06249746094e-05	8.12499492188e-06	4.06249746094e-06	0	0.00370906018184	4.06249746094e-06	0.000719062050586	8.12499492188e-05	0.000125937421289	0.000629687106446	0.000678437075977	2.43749847656e-05	0.00149499906563	8.12499492188e-06	0.000154374903516	2.03124873047e-05	0	8.12499492188e-06	2.03124873047e-05	4.06249746094e-06	0.00307531057793	1.21874923828e-05	0	2.03124873047e-05	0.00136093664941	0	1.21874923828e-05	8.12499492188e-06	0.000698749563282	8.53124466797e-05	8.12499492188e-06	0	4.06249746094e-06	4.06249746094e-06	0.000105624933984	5.68749644531e-05	1.21874923828e-05	0.000247812345117	4.87499695313e-05	3.65624771485e-05	1.21874923828e-05	4.06249746094e-06	5.28124669922e-05	8.12499492188e-06	7.31249542969e-05	3.24999796875e-05	2.84374822266e-05	0	0
6.9062456836e-05	0	3.24999796875e-05	0	2.03124873047e-05	0.00757655776465	0.00388374757266	0.000442812223242	0.0030996855627	3.65624771485e-05	0.000499687187696	0.000109687431445	0.000239687350195	0.000223437360352	0.000288437319727	0.00153156154277	8.12499492188e-06	8.12499492188e-06	1.62499898438e-05	2.03124873047e-05	8.53124466797e-05	5.28124669922e-05	4.06249746094e-06	4.46874720703e-05	8.53124466797e-05	8.12499492188e-06	1.21874923828e-05	1.62499898438e-05	0.000190937380664	0.000597187126758	4.06249746094e-05	0	0.00170218643613	1.62499898438e-05	0.000511874680078	0	0	4.06249746094e-06	0	4.06249746094e-06	0	1.21874923828e-05	4.06249746094e-06	0	8.12499492188e-06	4.06249746094e-06	0	4.06249746094e-06	0	0	0	0	4.06249746094e-06	0	0	8.12499492188e-06	0	4.06249746094e-06	4.06249746094e-06	1.62499898438e-05	4.06249746094e-06	0	8.12499492188e-06	2.84374822266e-05	0	4.06249746094e-06	0	0	0	0	0.000280312324805	3.65624771485e-05	0.000637812101367	0.000211249867969	0.00115374927891	0.00127562420273	0	0	0	1.21874923828e-05	1.21874923828e-05	0	0	4.06249746094e-06
0.000320937299414	4.06249746094e-06	0.000227499857813	0	0.000194999878125	0.00388374757266	0.0330565418397	0.00541124661797	0.0156487402195	0.000312812304492	0.0123784297635	0.000235624852734	0.00684124572422	0.000446874720703	0.00161281149199	0.00268124832422	5.28124669922e-05	4.46874720703e-05	1.62499898438e-05	8.12499492188e-05	0.00132843666973	0.000211249867969	2.43749847656e-05	0.0002599998375	0.000694687065821	8.12499492188e-06	0.000101562436523	6.9062456836e-05	0.00197031126856	0.00118218676113	0.000190937380664	0	0.000731249542969	6.09374619141e-05	0.000844999471875	1.21874923828e-05	4.06249746094e-06	1.21874923828e-05	0	5.68749644531e-05	0	2.03124873047e-05	3.24999796875e-05	3.24999796875e-05	0.00012999991875	1.62499898438e-05	0	2.03124873047e-05	0	2.43749847656e-05	4.06249746094e-06	8.12499492188e-06	8.12499492188e-06	0	0	3.65624771485e-05	1.62499898438e-05	1.21874923828e-05	1.21874923828e-05	0.000207187370508	0	4.06249746094e-06	2.43749847656e-05	0.000162499898438	1.21874923828e-05	0	0	0	4.06249746094e-06	2.03124873047e-05	0.000641874598828	8.93749441407e-05	0.00150718655801	0.000442812223242	0.00129187419258	0.000775937015039	4.06249746094e-06	1.62499898438e-05	4.06249746094e-06	2.03124873047e-05	1.21874923828e-05	0	4.06249746094e-06	8.12499492188e-06
0.0059799962625	6.4999959375e-05	0.00413562241524	0	0.00202312373555	0.000442812223242	0.00541124661797	0.0788043257473	0.0144421784736	0.00342468535957	0.0240012349992	0.000893749441407	0.00136093664941	0.00047531220293	0.0103146810533	0.000320937299414	0.00069062456836	0.00119437425352	0.000134062416211	0.000503749685156	0.000970936893164	0.00553718403926	0.000251874842578	0.00573218391739	0.00593124629297	8.12499492188e-06	0.00118624925859	0.000658124588672	0.033174354266	0.00694280816074	0.0132965541897	0	0.000182812385742	0.00133656166465	0.00671530830293	0.000231562355274	8.53124466797e-05	0.000138124913672	0	0.00143406160371	0	0.000775937015039	0.000519999675	0.000402187248633	0.00262843585723	0.000528124669922	2.43749847656e-05	0.000682499573438	1.21874923828e-05	0.000613437116602	2.03124873047e-05	0.000170624893359	6.4999959375e-05	2.03124873047e-05	2.43749847656e-05	0.00153156154277	0.000243749847656	0.000312812304492	0.000369687268945	0.0045134346791	1.62499898438e-05	0.000105624933984	0.000223437360352	0.0026934358166	0.00034531228418	0.000223437360352	0	8.12499492188e-06	8.12499492188e-05	0.000394062253711	0.00281937323789	0.000686562070899	0.0064065584959	0.00221812361367	0.000840936974414	0.000320937299414	2.84374822266e-05	0.000312812304492	5.28124669922e-05	0.000329062294336	0.000134062416211	0.000134062416211	2.43749847656e-05	2.03124873047e-05
0.00370906018184	8.12499492188e-06	0.00103187435508	0	0.000308749807031	0.0030996855627	0.0156487402195	0.0144421784736	0.048676844577	0.000576874639453	0.013934366291	0.000926249421094	0.00258781088262	0.00135281165449	0.0149459281588	0.00128781169512	0.000162499898438	0.000239687350195	0.00012999991875	0.000247812345117	0.00124312422305	0.00103999935	4.06249746094e-05	0.00113749928906	0.0014868740707	2.43749847656e-05	0.00047531220293	0.000268124832422	0.00472062204961	0.00480187199883	0.00180374887266	1.62499898438e-05	0.00180374887266	0.000268124832422	0.00282343573535	6.09374619141e-05	2.84374822266e-05	3.65624771485e-05	0	6.9062456836e-05	0	5.68749644531e-05	6.4999959375e-05	4.46874720703e-05	0.000337187289258	5.68749644531e-05	1.21874923828e-05	4.06249746094e-05	8.12499492188e-06	8.53124466797e-05	0	7.31249542969e-05	1.62499898438e-05	0	0	8.12499492188e-05	5.68749644531e-05	9.74999390625e-05	6.4999959375e-05	0.000483437197852	4.06249746094e-06	3.24999796875e-05	6.09374619141e-05	0.000446874720703	8.53124466797e-05	5.68749644531e-05	4.06249746094e-06	4.06249746094e-06	2.03124873047e-05	8.12499492188e-05	0.00162093648691	0.000284374822266	0.00372124767422	0.000861249461719	0.00160468649707	0.00116593677129	8.12499492188e-06	5.68749644531e-05	1.21874923828e-05	7.31249542969e-05	2.84374822266e-05	4.06249746094e-06	4.06249746094e-06	8.12499492188e-06
0.000308749807031	0.000922186923633	0.000134062416211	0	0.000974999390625	3.65624771485e-05	0.000312812304492	0.00342468535957	0.000576874639453	0.025276859202	0.000934374416016	8.93749441407e-05	0.00147874907578	7.31249542969e-05	0.000324999796875	0.00110093681191	0.00217749863906	4.87499695313e-05	1.62499898438e-05	4.06249746094e-05	0.000341249786719	0.000239687350195	0.00359124775547	0.000308749807031	0.0133818666363	0.000138124913672	0.000186874883203	0.00047531220293	0.00753187029258	0.000584999634375	0.000479374700391	4.06249746094e-06	2.43749847656e-05	0.000142187411133	0.000503749685156	0.000613437116602	0.000109687431445	4.46874720703e-05	0	0.00143812410117	8.12499492188e-06	0.000759687025196	0.00069062456836	0.000524062172461	0.0102009311244	0.000519999675	5.68749644531e-05	0.000808436994727	4.46874720703e-05	0.000930311918555	3.65624771485e-05	0.000357499776563	8.93749441407e-05	1.21874923828e-05	2.84374822266e-05	0.00158437400977	0.000666249583594	0.000966874395704	0.000381874761328	0.00816968239395	1.62499898438e-05	0.000101562436523	0.000203124873047	0.00520812174492	0.00082062448711	0.000593124629297	8.12499492188e-06	1.62499898438e-05	0.000182812385742	0.000857186964258	0.000568749644531	0.000105624933984	0.000471249705469	0.000207187370508	0.00082062448711	1.21874923828e-05	0	0.000719062050586	0.000125937421289	0.000678437075977	0.000251874842578	0.000182812385742	4.06249746094e-05	1.21874923828e-05
0.00151937405039	2.03124873047e-05	0.000621562111524	0	0.0029331231668	0.000499687187696	0.0123784297635	0.0240012349992	0.013934366291	0.000934374416016	0.0545755908903	0.000658124588672	0.00662593335879	0.000479374700391	0.00356281027324	0.000337187289258	0.000150312406055	9.34374416016e-05	8.53124466797e-05	0.00030468730957	0.00481405949121	0.000589062131836	6.4999959375e-05	0.000723124548047	0.00178343638535	2.03124873047e-05	0.000353437279102	0.000166562395899	0.0118137426164	0.00314031053731	0.000617499614063	0	0.000199062375586	0.0002599998375	0.00318093551192	3.65624771485e-05	1.21874923828e-05	2.84374822266e-05	0	0.000881561949024	0	0.000410312243555	0.000109687431445	6.4999959375e-05	0.000694687065821	0.00034531228418	4.06249746094e-06	0.00047531220293	4.06249746094e-06	7.71874517578e-05	4.06249746094e-06	4.06249746094e-05	4.06249746094e-06	8.12499492188e-06	4.06249746094e-06	0.000918124426172	5.28124669922e-05	5.28124669922e-05	5.28124669922e-05	0.0012065617459	0	8.12499492188e-06	3.24999796875e-05	0.000471249705469	6.09374619141e-05	3.65624771485e-05	0	0	4.06249746094e-06	6.09374619141e-05	0.000946561908399	0.000235624852734	0.00368062269961	0.00101562436523	0.000556562152149	0.000243749847656	1.62499898438e-05	0.000101562436523	1.62499898438e-05	6.4999959375e-05	3.24999796875e-05	3.65624771485e-05	0	1.21874923828e-05
0.000276249827344	0.000194999878125	0.000182812385742	0	6.4999959375e-05	0.000109687431445	0.000235624852734	0.000893749441407	0.000926249421094	8.93749441407e-05	0.000658124588672	0.0304606059621	0.000203124873047	0.00849468219082	0.000824686984571	1.21874923828e-05	8.12499492188e-05	0.00103999935	0.00322562298399	0.00642687098321	8.53124466797e-05	0.000194999878125	8.12499492188e-05	0.000540312162305	0.000223437360352	0.00164124897422	0.00879530700293	0.0021734361416	0.000532187167383	0.00120249924844	0.000194999878125	0.00106843683223	0.000162499898438	0.000101562436523	0.00532187167383	8.12499492188e-06	0.000300624812109	3.65624771485e-05	0	4.06249746094e-06	0	1.21874923828e-05	1.62499898438e-05	1.62499898438e-05	4.06249746094e-05	1.62499898438e-05	0.000219374862891	4.06249746094e-06	0.000991249380469	4.06249746094e-05	0	1.21874923828e-05	2.43749847656e-05	4.87499695313e-05	6.4999959375e-05	4.06249746094e-06	4.06249746094e-06	4.87499695313e-05	3.65624771485e-05	4.87499695313e-05	0.000702812060742	0.000426562233399	0.000645937096289	5.28124669922e-05	3.24999796875e-05	4.06249746094e-06	0.000105624933984	0	0	8.12499492188e-05	0.00192562379649	0.00502530935918	0.00905124434297	0.00100343687285	0.000166562395899	8.53124466797e-05	0.000714999553125	0.000105624933984	0.000438749725781	0.000113749928906	5.28124669922e-05	4.06249746094e-06	0	4.06249746094e-05
0.00012999991875	2.03124873047e-05	3.24999796875e-05	0	0.000877499451563	0.000239687350195	0.00684124572422	0.00136093664941	0.00258781088262	0.00147874907578	0.00662593335879	0.000203124873047	0.0258252963592	0.000190937380664	0.000662187086133	0.0013934366291	4.06249746094e-05	2.43749847656e-05	2.03124873047e-05	6.9062456836e-05	0.00955499402813	1.62499898438e-05	4.87499695313e-05	3.24999796875e-05	0.00206781120762	8.12499492188e-06	4.46874720703e-05	2.43749847656e-05	0.00129187419258	0.000532187167383	3.24999796875e-05	4.06249746094e-06	9.74999390625e-05	3.24999796875e-05	0.000548437157227	1.21874923828e-05	4.06249746094e-06	4.06249746094e-06	0	0.000243749847656	4.06249746094e-06	0.000548437157227	3.24999796875e-05	0.000142187411133	0.000255937340039	0.000308749807031	1.21874923828e-05	0.00150312406055	8.12499492188e-06	0.000190937380664	1.62499898438e-05	0	4.06249746094e-06	0	4.06249746094e-06	0.000710937055664	4.06249746094e-06	8.12499492188e-06	1.21874923828e-05	0.000341249786719	4.06249746094e-06	8.12499492188e-06	4.06249746094e-06	0.000121874923828	0.000142187411133	0	0	4.06249746094e-06	8.12499492188e-06	9.34374416016e-05	0.000251874842578	3.24999796875e-05	0.000812499492188	0.000158437400977	0.00069062456836	7.31249542969e-05	8.12499492188e-06	4.06249746094e-05	8.12499492188e-06	7.31249542969e-05	2.84374822266e-05	3.24999796875e-05	8.12499492188e-06	0
0.000158437400977	0.000251874842578	7.31249542969e-05	0	4.46874720703e-05	0.000223437360352	0.000446874720703	0.00047531220293	0.00135281165449	7.31249542969e-05	0.000479374700391	0.00849468219082	0.000190937380664	0.0191181130512	0.000991249380469	5.28124669922e-05	2.43749847656e-05	0.000125937421289	0.000227499857813	0.000593124629297	4.87499695313e-05	8.53124466797e-05	9.74999390625e-05	0.000142187411133	9.74999390625e-05	0.00376187264883	0.00342468535957	0.00352218529863	0.000333124791797	0.00099531187793	8.53124466797e-05	0.00129593669004	0.000341249786719	2.84374822266e-05	0.0022668735832	0	0.000219374862891	1.21874923828e-05	0	0	0	8.12499492188e-06	2.03124873047e-05	4.06249746094e-06	2.84374822266e-05	4.06249746094e-06	0.000203124873047	8.12499492188e-06	0.000970936893164	2.84374822266e-05	0	4.06249746094e-06	1.21874923828e-05	2.03124873047e-05	2.43749847656e-05	4.06249746094e-06	4.06249746094e-06	4.06249746094e-06	1.21874923828e-05	4.06249746094e-05	0.000719062050586	0.000284374822266	0.000450937218164	3.65624771485e-05	2.43749847656e-05	4.06249746094e-06	0.000121874923828	0	4.06249746094e-06	5.28124669922e-05	0.000629687106446	0.00236843601973	0.00388781007012	0.000589062131836	0.000231562355274	0.000495624690235	0.000889686943946	3.65624771485e-05	0.000499687187696	8.12499492188e-05	2.43749847656e-05	0	0	4.87499695313e-05
0.00747499532813	1.62499898438e-05	0.000861249461719	0	0.000121874923828	0.000288437319727	0.00161281149199	0.0103146810533	0.0149459281588	0.000324999796875	0.00356281027324	0.000824686984571	0.000662187086133	0.000991249380469	0.0302331061043	0.000150312406055	0.000207187370508	0.000528124669922	0.00012999991875	0.000264062334961	0.000365624771485	0.000966874395704	7.31249542969e-05	0.00106437433477	0.000914061928711	2.43749847656e-05	0.000515937177539	0.000251874842578	0.00282749823281	0.00690218318614	0.00301031061856	2.03124873047e-05	0.000617499614063	0.000377812263867	0.00264468584707	3.24999796875e-05	2.84374822266e-05	1.21874923828e-05	0	3.24999796875e-05	0	4.46874720703e-05	5.68749644531e-05	2.43749847656e-05	0.000235624852734	3.24999796875e-05	8.12499492188e-06	2.84374822266e-05	8.12499492188e-06	4.87499695313e-05	0	3.65624771485e-05	8.12499492188e-06	0	0	4.06249746094e-05	3.24999796875e-05	0.000105624933984	4.46874720703e-05	0.000239687350195	0	2.84374822266e-05	5.68749644531e-05	0.000296562314649	3.65624771485e-05	4.46874720703e-05	0	0	4.06249746094e-06	3.24999796875e-05	0.000914061928711	0.000268124832422	0.00267718582676	0.000544374659766	0.000507812182617	0.000300624812109	8.12499492188e-06	4.06249746094e-05	0	3.65624771485e-05	1.21874923828e-05	4.06249746094e-06	4.06249746094e-06	0
1.62499898438e-05	2.84374822266e-05	2.43749847656e-05	0	4.06249746094e-05	0.00153156154277	0.00268124832422	0.000320937299414	0.00128781169512	0.00110093681191	0.000337187289258	1.21874923828e-05	0.0013934366291	5.28124669922e-05	0.000150312406055	0.00736124539922	3.65624771485e-05	1.21874923828e-05	4.06249746094e-06	4.06249746094e-06	8.12499492188e-05	4.46874720703e-05	6.9062456836e-05	4.87499695313e-05	0.000609374619141	4.06249746094e-06	1.62499898438e-05	1.62499898438e-05	0.000316874801953	0.00017468739082	3.65624771485e-05	0	0.000125937421289	2.03124873047e-05	0.000134062416211	4.06249746094e-06	0	0	0	6.09374619141e-05	0	2.43749847656e-05	1.21874923828e-05	8.12499492188e-06	0.00017468739082	1.21874923828e-05	4.06249746094e-06	4.87499695313e-05	0	8.12499492188e-06	0	4.06249746094e-06	0	0	0	7.71874517578e-05	4.06249746094e-06	8.12499492188e-06	0	0.000186874883203	4.06249746094e-06	0	0	9.74999390625e-05	8.12499492188e-06	4.06249746094e-06	0	0	0	1.21874923828e-05	0.000426562233399	2.43749847656e-05	0.000178749888281	8.12499492188e-05	0.00242937348164	0.000162499898438	0	4.06249746094e-06	0	2.03124873047e-05	2.03124873047e-05	0	4.06249746094e-06	0
0.000182812385742	0.000674374578516	0.00121062424336	0	3.65624771485e-05	8.12499492188e-06	5.28124669922e-05	0.00069062456836	0.000162499898438	0.00217749863906	0.000150312406055	8.12499492188e-05	4.06249746094e-05	2.43749847656e-05	0.000207187370508	3.65624771485e-05	0.0293799816375	0.000292499817188	8.12499492188e-06	9.34374416016e-05	1.21874923828e-05	0.00461499711563	0.00831186980508	0.00823468235332	0.0109403056623	4.46874720703e-05	0.000300624812109	0.00447280970449	0.00379437262852	0.00043468722832	0.00110906180684	0	4.06249746094e-06	0.000178749888281	0.00127562420273	5.28124669922e-05	0.000182812385742	0.000207187370508	0	2.03124873047e-05	0	3.65624771485e-05	9.34374416016e-05	4.46874720703e-05	0.00161281149199	2.03124873047e-05	1.21874923828e-05	1.62499898438e-05	8.12499492188e-06	9.74999390625e-05	0	0.00325812296367	8.93749441407e-05	0	2.03124873047e-05	1.62499898438e-05	0.00156812401992	0.0064999959375	0.00353031029356	0.000881561949024	1.62499898438e-05	8.93749441407e-05	0.000645937096289	0.00170218643613	0.000113749928906	0.00043468722832	0	4.06249746094e-06	5.68749644531e-05	0.000219374862891	0.00308749807031	0.000970936893164	0.000844999471875	0.000556562152149	6.9062456836e-05	1.62499898438e-05	0	0.000536249664844	0.000142187411133	0.000365624771485	0.000223437360352	8.12499492188e-05	4.46874720703e-05	0
0.000552499654688	0.000633749603906	0.00308343557285	0	8.12499492188e-06	8.12499492188e-06	4.46874720703e-05	0.00119437425352	0.000239687350195	4.87499695313e-05	9.34374416016e-05	0.00103999935	2.43749847656e-05	0.000125937421289	0.000528124669922	1.21874923828e-05	0.000292499817188	0.0291402942873	0.00038999975625	0.00591093380567	0	0.00138531163418	0.000410312243555	0.00774312016055	0.000207187370508	4.87499695313e-05	0.00615468365332	0.00407062245586	0.000714999553125	0.000572812141992	0.00255937340039	1.62499898438e-05	4.06249746094e-06	6.4999959375e-05	0.00523655922715	8.12499492188e-06	0.00186062383711	0.000784062009961	0	4.06249746094e-06	0	0	1.62499898438e-05	2.03124873047e-05	1.21874923828e-05	0	3.24999796875e-05	0	0.000101562436523	3.65624771485e-05	0	7.31249542969e-05	0.000491562192774	3.24999796875e-05	0.000162499898438	4.06249746094e-06	2.84374822266e-05	0.000239687350195	0.000207187370508	1.21874923828e-05	0.000105624933984	0.00114156178652	0.00223031110606	5.28124669922e-05	2.43749847656e-05	4.06249746094e-05	1.21874923828e-05	4.06249746094e-06	0	0.000170624893359	0.00285593571504	0.00353843528848	0.00317687301445	0.000832811979493	4.46874720703e-05	1.21874923828e-05	8.12499492188e-06	0.000190937380664	0.000138124913672	0.000280312324805	0.000158437400977	1.62499898438e-05	4.06249746094e-06	0
3.24999796875e-05	1.62499898438e-05	3.24999796875e-05	0	4.06249746094e-06	1.62499898438e-05	1.62499898438e-05	0.000134062416211	0.00012999991875	1.62499898438e-05	8.53124466797e-05	0.00322562298399	2.03124873047e-05	0.000227499857813	0.00012999991875	4.06249746094e-06	8.12499492188e-06	0.00038999975625	0.00551687155196	0.00328249794844	8.12499492188e-06	4.87499695313e-05	4.06249746094e-06	0.000113749928906	2.03124873047e-05	9.34374416016e-05	0.00211249867969	0.000239687350195	8.93749441407e-05	0.000138124913672	4.46874720703e-05	6.4999959375e-05	2.03124873047e-05	1.21874923828e-05	0.00073531204043	0	6.09374619141e-05	4.06249746094e-06	0	0	0	0	0	0	8.12499492188e-06	4.06249746094e-06	1.21874923828e-05	0	8.12499492188e-05	4.06249746094e-06	0	4.06249746094e-06	4.06249746094e-06	4.06249746094e-06	8.12499492188e-06	0	0	4.06249746094e-06	0	1.21874923828e-05	5.68749644531e-05	6.9062456836e-05	0.00012999991875	0	8.12499492188e-06	0	8.12499492188e-06	0	0	1.62499898438e-05	0.000316874801953	0.000576874639453	0.00134874915703	0.000150312406055	1.62499898438e-05	1.21874923828e-05	2.03124873047e-05	1.21874923828e-05	3.65624771485e-05	3.65624771485e-05	2.03124873047e-05	4.06249746094e-06	0	0
0.000166562395899	0.000312812304492	0.000365624771485	0	2.43749847656e-05	2.03124873047e-05	8.12499492188e-05	0.000503749685156	0.000247812345117	4.06249746094e-05	0.00030468730957	0.00642687098321	6.9062456836e-05	0.000593124629297	0.000264062334961	4.06249746094e-06	9.34374416016e-05	0.00591093380567	0.00328249794844	0.0213118616801	3.24999796875e-05	0.000235624852734	0.000105624933984	0.00107656182715	0.000109687431445	0.000235624852734	0.0085799946375	0.00231156105527	0.000280312324805	0.00043468722832	0.000300624812109	0.000125937421289	2.03124873047e-05	4.06249746094e-05	0.00422905985684	4.06249746094e-06	0.000905936933789	9.34374416016e-05	0	0	0	4.06249746094e-06	0	4.06249746094e-06	4.06249746094e-06	8.12499492188e-06	5.28124669922e-05	0	0.0002599998375	1.62499898438e-05	0	2.43749847656e-05	2.84374822266e-05	6.9062456836e-05	8.53124466797e-05	0	8.12499492188e-06	7.71874517578e-05	5.28124669922e-05	2.43749847656e-05	0.000394062253711	0.000755624527735	0.00120249924844	2.84374822266e-05	1.62499898438e-05	4.06249746094e-06	2.84374822266e-05	0	0	5.28124669922e-05	0.00231562355274	0.00279093575567	0.00550062156211	0.000767812020117	6.9062456836e-05	2.84374822266e-05	4.06249746094e-05	0.000138124913672	8.93749441407e-05	8.93749441407e-05	6.4999959375e-05	4.06249746094e-06	0	4.06249746094e-06
0.000142187411133	0	4.06249746094e-06	0	0.00355874777578	8.53124466797e-05	0.00132843666973	0.000970936893164	0.00124312422305	0.000341249786719	0.00481405949121	8.53124466797e-05	0.00955499402813	4.87499695313e-05	0.000365624771485	8.12499492188e-05	1.21874923828e-05	0	8.12499492188e-06	3.24999796875e-05	0.0160834274479	1.62499898438e-05	0	1.21874923828e-05	0.00164531147168	0	1.62499898438e-05	4.06249746094e-06	0.00222218611113	0.000288437319727	2.43749847656e-05	0	3.65624771485e-05	8.12499492188e-06	0.000284374822266	0	0	0	0	0.000182812385742	0	8.53124466797e-05	8.12499492188e-06	1.21874923828e-05	0.000178749888281	2.84374822266e-05	0	0.000223437360352	4.06249746094e-06	8.12499492188e-06	4.06249746094e-06	0	0	0	0	0.000227499857813	4.06249746094e-06	0	4.06249746094e-06	0.000264062334961	0	0	0	5.28124669922e-05	8.12499492188e-06	0	0	0	4.06249746094e-06	0	6.4999959375e-05	8.12499492188e-06	0.000414374741016	8.93749441407e-05	0.000125937421289	3.24999796875e-05	0	1.62499898438e-05	0	4.06249746094e-06	0	4.06249746094e-06	0	4.06249746094e-06
0.000678437075977	8.93749441407e-05	0.00195812377617	0	2.03124873047e-05	5.28124669922e-05	0.000211249867969	0.00553718403926	0.00103999935	0.000239687350195	0.000589062131836	0.000194999878125	1.62499898438e-05	8.53124466797e-05	0.000966874395704	4.46874720703e-05	0.00461499711563	0.00138531163418	4.87499695313e-05	0.000235624852734	1.62499898438e-05	0.0425587234008	0.00119843675098	0.0156974901891	0.00152343654785	1.21874923828e-05	0.000702812060742	0.000568749644531	0.0158924900672	0.00124718672051	0.0155024903109	8.12499492188e-06	3.24999796875e-05	0.000763749522657	0.00651218342989	2.03124873047e-05	0.000121874923828	0.000134062416211	0	8.12499492188e-06	0	1.21874923828e-05	4.06249746094e-05	2.03124873047e-05	0.000276249827344	8.12499492188e-06	4.06249746094e-06	4.06249746094e-06	1.21874923828e-05	4.06249746094e-05	0	0.000751562030274	2.43749847656e-05	0	0	4.06249746094e-06	0.000788124507422	0.00193374879141	0.00107656182715	0.000231562355274	1.62499898438e-05	5.28124669922e-05	0.000219374862891	0.000536249664844	3.24999796875e-05	0.000194999878125	0	0	2.43749847656e-05	0.000101562436523	0.00394874753203	0.00112124929922	0.00400968499395	0.00186874883203	0.000158437400977	5.68749644531e-05	2.43749847656e-05	0.000203124873047	6.4999959375e-05	0.000170624893359	0.000158437400977	2.84374822266e-05	4.06249746094e-06	8.12499492188e-06
7.71874517578e-05	0.00398124751172	0.00116593677129	0	1.21874923828e-05	4.06249746094e-06	2.43749847656e-05	0.000251874842578	4.06249746094e-05	0.00359124775547	6.4999959375e-05	8.12499492188e-05	4.87499695313e-05	9.74999390625e-05	7.31249542969e-05	6.9062456836e-05	0.00831186980508	0.000410312243555	4.06249746094e-06	0.000105624933984	0	0.00119843675098	0.0232374854766	0.00291281067949	0.005719996425	0.00043468722832	0.000609374619141	0.00555749652656	0.000853124466797	0.000247812345117	0.000540312162305	2.43749847656e-05	4.06249746094e-06	0.000109687431445	0.000511874680078	4.46874720703e-05	0.000645937096289	0.000349374781641	0	2.84374822266e-05	0	2.03124873047e-05	4.87499695313e-05	2.84374822266e-05	0.00116999926875	1.21874923828e-05	4.06249746094e-06	4.06249746094e-06	2.03124873047e-05	6.9062456836e-05	0	0.00211249867969	0.000178749888281	1.21874923828e-05	3.24999796875e-05	1.62499898438e-05	0.000775937015039	0.0075928077545	0.00253906091309	0.000808436994727	5.28124669922e-05	0.000158437400977	0.00203531122793	0.00069062456836	6.4999959375e-05	0.000235624852734	0	4.06249746094e-06	8.12499492188e-06	0.000199062375586	0.00129593669004	0.000621562111524	0.00038999975625	0.00017468739082	4.46874720703e-05	8.12499492188e-06	8.12499492188e-06	0.000402187248633	0.000154374903516	0.000239687350195	0.000150312406055	4.46874720703e-05	1.21874923828e-05	0
0.000686562070899	0.000365624771485	0.0144462409711	0	2.43749847656e-05	4.46874720703e-05	0.0002599998375	0.00573218391739	0.00113749928906	0.000308749807031	0.000723124548047	0.000540312162305	3.24999796875e-05	0.000142187411133	0.00106437433477	4.87499695313e-05	0.00823468235332	0.00774312016055	0.000113749928906	0.00107656182715	1.21874923828e-05	0.0156974901891	0.00291281067949	0.0679655825215	0.00190937380664	2.43749847656e-05	0.00229124856797	0.00706468308457	0.00727999545	0.000954686903321	0.00687780820137	0	3.24999796875e-05	0.000219374862891	0.00713374554141	4.87499695313e-05	0.000633749603906	0.000922186923633	0	2.43749847656e-05	4.06249746094e-06	2.03124873047e-05	0.000117812426367	6.4999959375e-05	0.000316874801953	2.84374822266e-05	2.84374822266e-05	4.06249746094e-06	4.06249746094e-05	0.000109687431445	4.06249746094e-06	0.0028396857252	0.000316874801953	1.21874923828e-05	5.28124669922e-05	2.43749847656e-05	0.00073531204043	0.00721905798809	0.00471249705469	0.000312812304492	2.84374822266e-05	0.000255937340039	0.00231562355274	0.000564687147071	8.93749441407e-05	0.000239687350195	4.06249746094e-06	8.12499492188e-06	2.03124873047e-05	0.000255937340039	0.0100262437336	0.00434280978574	0.00591499630313	0.00366843520723	0.000288437319727	7.71874517578e-05	2.84374822266e-05	0.000816561989649	0.000235624852734	0.000536249664844	0.000398124751172	6.09374619141e-05	3.24999796875e-05	1.21874923828e-05
0.000873436954102	0.000905936933789	0.000743437035352	0	0.00497655938965	8.53124466797e-05	0.000694687065821	0.00593124629297	0.0014868740707	0.0133818666363	0.00178343638535	0.000223437360352	0.00206781120762	9.74999390625e-05	0.000914061928711	0.000609374619141	0.0109403056623	0.000207187370508	2.03124873047e-05	0.000109687431445	0.00164531147168	0.00152343654785	0.005719996425	0.00190937380664	0.0515530927793	8.53124466797e-05	0.000272187329883	0.00115374927891	0.0191303005436	0.00196624877109	0.00232374854766	4.06249746094e-06	3.24999796875e-05	0.000670312081055	0.00240906099434	0.000552499654688	0.000182812385742	0.000138124913672	0	0.000804374497266	8.12499492188e-06	0.000556562152149	0.000637812101367	0.000536249664844	0.0069265581709	0.000398124751172	0.000105624933984	0.000483437197852	4.46874720703e-05	0.000922186923633	2.43749847656e-05	0.000625624608985	0.000134062416211	4.87499695313e-05	8.53124466797e-05	0.000914061928711	0.00140562412148	0.0022668735832	0.00103999935	0.00628062107461	2.84374822266e-05	0.000158437400977	0.000337187289258	0.00531374667891	0.000812499492188	0.000804374497266	8.12499492188e-06	8.12499492188e-06	0.000170624893359	0.000792187004883	0.00257156089277	0.000584999634375	0.00174281141074	0.000723124548047	0.000544374659766	7.71874517578e-05	4.06249746094e-06	0.000771874517578	0.000138124913672	0.000678437075977	0.000272187329883	0.00017468739082	4.06249746094e-05	8.12499492188e-06
0	0.00125531171543	1.21874923828e-05	0	0	8.12499492188e-06	8.12499492188e-06	8.12499492188e-06	2.43749847656e-05	0.000138124913672	2.03124873047e-05	0.00164124897422	8.12499492188e-06	0.00376187264883	2.43749847656e-05	4.06249746094e-06	4.46874720703e-05	4.87499695313e-05	9.34374416016e-05	0.000235624852734	0	1.21874923828e-05	0.00043468722832	2.43749847656e-05	8.53124466797e-05	0.00911624430235	0.00121874923828	0.00242531098418	2.84374822266e-05	2.43749847656e-05	4.06249746094e-06	0.000207187370508	4.06249746094e-06	4.06249746094e-06	0.000121874923828	0	0.000243749847656	8.12499492188e-06	0	0	0	0	0	0	4.06249746094e-06	0	0.000280312324805	0	0.000962811898243	4.06249746094e-06	0	4.06249746094e-06	1.62499898438e-05	1.21874923828e-05	1.62499898438e-05	0	4.06249746094e-06	4.06249746094e-06	0	0	0.00108874931953	0.000255937340039	0.000597187126758	4.06249746094e-06	8.12499492188e-06	4.06249746094e-06	6.4999959375e-05	0	0	4.87499695313e-05	6.09374619141e-05	0.000442812223242	0.000292499817188	3.24999796875e-05	1.21874923828e-05	4.06249746094e-06	0.000438749725781	8.12499492188e-06	0.000751562030274	3.24999796875e-05	0	0	0	5.28124669922e-05
0.000349374781641	0.00178749888281	0.00584999634375	0	1.62499898438e-05	1.21874923828e-05	0.000101562436523	0.00118624925859	0.00047531220293	0.000186874883203	0.000353437279102	0.00879530700293	4.46874720703e-05	0.00342468535957	0.000515937177539	1.62499898438e-05	0.000300624812109	0.00615468365332	0.00211249867969	0.0085799946375	1.62499898438e-05	0.000702812060742	0.000609374619141	0.00229124856797	0.000272187329883	0.00121874923828	0.0674537078414	0.0198737375789	0.000719062050586	0.000471249705469	0.000918124426172	0.00248218594863	2.84374822266e-05	4.46874720703e-05	0.00303468560332	5.68749644531e-05	0.0100221812361	0.00133249916719	0	4.06249746094e-06	0	2.84374822266e-05	4.87499695313e-05	2.84374822266e-05	8.53124466797e-05	1.62499898438e-05	0.000674374578516	1.62499898438e-05	0.00338812288242	0.00021531236543	4.06249746094e-06	8.12499492188e-05	0.000792187004883	0.000414374741016	0.000930311918555	2.03124873047e-05	6.09374619141e-05	0.000312812304492	0.000284374822266	8.53124466797e-05	0.00460280962324	0.00772280767325	0.0131706167684	6.09374619141e-05	0.000219374862891	2.84374822266e-05	0.000320937299414	1.21874923828e-05	4.06249746094e-06	0.00064999959375	0.00439562225274	0.00702405810996	0.00494812190742	0.00102374936016	9.34374416016e-05	4.46874720703e-05	8.53124466797e-05	0.000479374700391	0.00086531195918	0.000670312081055	0.000312812304492	8.12499492188e-06	2.84374822266e-05	6.9062456836e-05
0.000207187370508	0.00453374716641	0.0133453041592	0	1.21874923828e-05	1.62499898438e-05	6.9062456836e-05	0.000658124588672	0.000268124832422	0.00047531220293	0.000166562395899	0.0021734361416	2.43749847656e-05	0.00352218529863	0.000251874842578	1.62499898438e-05	0.00447280970449	0.00407062245586	0.000239687350195	0.00231156105527	4.06249746094e-06	0.000568749644531	0.00555749652656	0.00706468308457	0.00115374927891	0.00242531098418	0.0198737375789	0.0758265151084	0.000658124588672	0.000243749847656	0.000515937177539	0.00102374936016	2.03124873047e-05	6.4999959375e-05	0.00221812361367	6.9062456836e-05	0.0107534307791	0.00330281043574	0	1.62499898438e-05	1.21874923828e-05	4.06249746094e-05	0.000101562436523	8.12499492188e-05	0.000223437360352	2.03124873047e-05	0.000385937258789	1.62499898438e-05	0.00214906115684	0.000219374862891	0	0.00109687431445	0.00194187378633	0.000223437360352	0.000621562111524	1.62499898438e-05	0.000251874842578	0.00589062131836	0.00378218513613	0.000178749888281	0.00323781047637	0.00486280946074	0.0166806145746	0.000251874842578	0.000150312406055	0.000158437400977	0.000162499898438	8.12499492188e-06	1.62499898438e-05	0.000873436954102	0.00489124694297	0.00410718493301	0.00282343573535	0.000983124385547	7.31249542969e-05	2.84374822266e-05	6.09374619141e-05	0.000999374375391	0.000861249461719	0.000979061888086	0.000467187208008	5.68749644531e-05	3.65624771485e-05	5.28124669922e-05
0.00190937380664	0.000146249908594	0.00373749766406	0	0.00793405754121	0.000190937380664	0.00197031126856	0.033174354266	0.00472062204961	0.00753187029258	0.0118137426164	0.000532187167383	0.00129187419258	0.000333124791797	0.00282749823281	0.000316874801953	0.00379437262852	0.000714999553125	8.93749441407e-05	0.000280312324805	0.00222218611113	0.0158924900672	0.000853124466797	0.00727999545	0.0191303005436	2.84374822266e-05	0.000719062050586	0.000658124588672	0.0793202629248	0.00374968515645	0.0100018687488	4.06249746094e-06	0.000101562436523	0.00101562436523	0.00594749628281	0.000519999675	0.000146249908594	0.000146249908594	0	0.00208406119746	0	0.00117406176621	0.000853124466797	0.000568749644531	0.00593937128789	0.000808436994727	7.31249542969e-05	0.00108062432461	3.24999796875e-05	0.000970936893164	4.06249746094e-05	0.000564687147071	6.09374619141e-05	3.65624771485e-05	4.06249746094e-05	0.00225062359336	0.000958749400782	0.0015396865377	0.000889686943946	0.0077796826377	2.84374822266e-05	0.000142187411133	0.000320937299414	0.00500499687188	0.000767812020117	0.000670312081055	1.21874923828e-05	1.62499898438e-05	0.000223437360352	0.000832811979493	0.00436312227305	0.00095062440586	0.0048262469836	0.00210437368477	0.0007799995125	0.000186874883203	2.03124873047e-05	0.000804374497266	0.000117812426367	0.000617499614063	0.000292499817188	0.000219374862891	4.87499695313e-05	1.62499898438e-05
0.00644718347051	4.46874720703e-05	0.000414374741016	0	0.000223437360352	0.000597187126758	0.00118218676113	0.00694280816074	0.00480187199883	0.000584999634375	0.00314031053731	0.00120249924844	0.000532187167383	0.00099531187793	0.00690218318614	0.00017468739082	0.00043468722832	0.000572812141992	0.000138124913672	0.00043468722832	0.000288437319727	0.00124718672051	0.000247812345117	0.000954686903321	0.00196624877109	2.43749847656e-05	0.000471249705469	0.000243749847656	0.00374968515645	0.0331337292914	0.00591093380567	4.06249746094e-06	0.00126749920781	0.00582562135899	0.00845811971368	5.28124669922e-05	3.65624771485e-05	1.21874923828e-05	0	3.24999796875e-05	0	2.84374822266e-05	6.4999959375e-05	4.46874720703e-05	0.000406249746094	2.03124873047e-05	1.62499898438e-05	8.12499492188e-06	4.06249746094e-06	9.74999390625e-05	8.12499492188e-06	4.87499695313e-05	1.62499898438e-05	8.12499492188e-06	0	2.84374822266e-05	0.000105624933984	0.000121874923828	0.000105624933984	0.000394062253711	8.12499492188e-06	2.43749847656e-05	6.4999959375e-05	0.000528124669922	5.28124669922e-05	6.09374619141e-05	0	0	4.06249746094e-06	6.9062456836e-05	0.00156406152246	0.000446874720703	0.00486280946074	0.00099531187793	0.000633749603906	0.000402187248633	3.24999796875e-05	4.87499695313e-05	1.21874923828e-05	0.000109687431445	6.09374619141e-05	3.24999796875e-05	1.21874923828e-05	8.12499492188e-06
