0.0221323577206	7.42852367378e-05	0.00260926894041	0	0.000389997492873	4.64282729611e-06	0.00135106274317	0.00754923718348	0.00734495278245	0.000510711002572	0.0020289155284	0.000343569219912	0.000928565459222	0.000157856128068	0.00850101677918	9.74993732183e-05	8.357089133e-05	0.00162034672634	3.24997910728e-05	0.000301783774247	0.000589639066606	0.00194998746437	0.000143927646179	0.00487032583362	0.00115606399673	3.71426183689e-05	0.00123963488806	0.000362140529097	0.0035796198453	0.00856601636132	0.00602174700305	4.64282729611e-06	6.96424094417e-05	0.000529282311757	0.0029806951241	9.74993732183e-05	9.74993732183e-05	1.85713091844e-05	0	5.57139275533e-05	0	1.85713091844e-05	0.000190355919141	6.49995821455e-05	0.000640710166863	8.357089133e-05	4.64282729611e-06	6.96424094417e-05	4.64282729611e-06	9.74993732183e-05	0	2.78569637767e-05	1.39284818883e-05	4.64282729611e-06	9.28565459222e-06	4.64282729611e-06	0.000139284818883	9.74993732183e-05	5.10711002572e-05	0.000594281893902	4.64282729611e-06	7.89280640339e-05	0.000143927646179	0.00041785445665	2.32141364806e-05	3.71426183689e-05	0	0	1.39284818883e-05	5.57139275533e-05	0.000663924303344	0.000246069846694	0.00161106107175	0.000543210793645	0.000171784609956	0.000185713091844	1.85713091844e-05	0.000111427855107	4.64282729611e-05	5.10711002572e-05	5.57139275533e-05	0	0	0
7.42852367378e-05	0.0188498788222	0.00391390341062	0	4.64282729611e-06	0	1.85713091844e-05	5.10711002572e-05	8.357089133e-05	0.000905351322741	1.85713091844e-05	0.000241427019398	3.71426183689e-05	0.000389997492873	0.000102142200514	2.78569637767e-05	0.00016714178266	0.00115142116944	1.85713091844e-05	0.0003574977018	1.39284818883e-05	7.42852367378e-05	0.00222391427484	0.000580353412014	0.000538567966349	0.00122570640617	0.00446175703156	0.00932279721059	0.000129999164291	0.000111427855107	8.357089133e-05	6.03567548494e-05	0	1.39284818883e-05	0.000496782520684	4.64282729611e-05	0.00878887207154	0.000705709749009	0	0	0	4.64282729611e-06	4.64282729611e-05	3.24997910728e-05	4.64282729611e-05	2.32141364806e-05	0.000125356336995	0	4.64282729611e-05	0.000102142200514	0	3.71426183689e-05	0.000738209540082	0.000102142200514	0.00052463948446	0	6.03567548494e-05	0.000854280222484	0.000297140946951	5.57139275533e-05	0.000208927228325	0.00280426768685	0.00565032081937	5.57139275533e-05	0.000102142200514	4.64282729611e-05	0	0	9.28565459222e-06	0.000478211211499	0.000566424930125	0.00050142534798	0.000566424930125	0.000218212882917	1.39284818883e-05	3.24997910728e-05	1.39284818883e-05	0.000436425765834	0.000464282729611	0.000427140111242	0.000106785027811	0	0	4.64282729611e-06
0.00260926894041	0.00391390341062	0.059284261744	0	3.24997910728e-05	1.39284818883e-05	0.000287855292359	0.00233998495724	0.00197320160085	0.000389997492873	0.000278569637767	0.000742852367378	0.000134641991587	0.000283212465063	0.00117927813321	6.03567548494e-05	0.000705709749009	0.0158134697706	8.357089133e-05	0.00127213467913	4.1785445665e-05	0.00292962402385	0.00306890884273	0.0225037839042	0.000654638648752	0.000143927646179	0.0159156119711	0.020744152359	0.00184320243656	0.00192213050059	0.00368640487311	2.78569637767e-05	1.39284818883e-05	0.000139284818883	0.00526960898109	0.000139284818883	0.00651852952374	0.00139284818883	0	4.64282729611e-06	0	2.32141364806e-05	0.000222855710213	8.357089133e-05	0.000241427019398	3.24997910728e-05	0.000106785027811	1.85713091844e-05	2.32141364806e-05	0.000199641573733	0	0.000951779595703	0.0014299908072	6.49995821455e-05	0.000320355083432	9.28565459222e-06	0.000278569637767	0.00468925556907	0.00188963070952	0.000287855292359	4.1785445665e-05	0.00158320410797	0.00793459184905	0.000329640738024	0.000134641991587	0.000208927228325	9.28565459222e-06	0	9.28565459222e-06	0.000710352576305	0.00766530786588	0.00486104017903	0.00630960229541	0.0039417603744	0.000259998328582	0.000194998746437	4.64282729611e-05	0.00109106441459	0.000519996657164	0.000705709749009	0.000352854874504	4.64282729611e-06	9.28565459222e-06	9.28565459222e-06
0	0	0	0	0	0	0	0	0	0	0	0	0	0	0	0	0	0	0	0	0	0	0	0	0	0	0	0	0	0	0	0	0	0	0	0	0	0	0	0	0	0	0	0	0	0	0	0	0	0	0	0	0	0	0	0	0	0	0	0	0	0	0	0	0	0	0	0	0	0	0	0	0	0	0	0	0	0	0	0	0	0	0	0
0.000389997492873	4.64282729611e-06	3.24997910728e-05	0	0.0202659411475	1.39284818883e-05	0.00168998913578	0.000552496448237	0.000840351740596	0.00199641573733	0.00312462277028	6.96424094417e-05	0.00635603056837	6.03567548494e-05	0.000696424094417	0.000376069010985	4.64282729611e-06	1.85713091844e-05	4.64282729611e-06	2.78569637767e-05	0.0134224137131	4.64282729611e-05	3.24997910728e-05	5.10711002572e-05	0.00535782269971	4.64282729611e-06	0.000106785027811	5.57139275533e-05	0.00728923885489	0.000933208286518	5.57139275533e-05	0	1.85713091844e-05	0.000134641991587	0.000714995403601	5.10711002572e-05	0	0	0	0.0029853379514	0	4.1785445665e-05	0.000473568384203	6.96424094417e-05	0.00144391928909	0.000933208286518	0	0.000222855710213	0	5.10711002572e-05	1.39284818883e-05	4.64282729611e-06	0	0	0	0.000246069846694	4.64282729611e-06	1.39284818883e-05	4.64282729611e-06	0.00186177374574	0	0	4.64282729611e-06	0.00109106441459	1.85713091844e-05	4.64282729611e-06	0	0	4.64282729611e-06	9.28565459222e-06	0.000190355919141	6.49995821455e-05	0.000445711420427	7.42852367378e-05	0.000719638230897	5.57139275533e-05	4.64282729611e-06	9.28565459222e-06	4.64282729611e-06	2.32141364806e-05	4.64282729611e-06	3.24997910728e-05	4.64282729611e-06	0
4.64282729611e-06	0	1.39284818883e-05	0	1.39284818883e-05	0.00418783022109	0.000728923885489	3.24997910728e-05	0.00112356420566	1.85713091844e-05	8.82137186261e-05	8.357089133e-05	0.000111427855107	0.000264641155878	0.000287855292359	0.000575710584718	0	4.64282729611e-06	0	9.28565459222e-06	4.64282729611e-05	4.64282729611e-06	0	0	2.78569637767e-05	2.78569637767e-05	4.1785445665e-05	4.64282729611e-06	4.64282729611e-05	0.000371426183689	0	9.28565459222e-06	0.0020289155284	0	0.00136963405235	0	0	0	0	4.64282729611e-06	0	0	0	0	0	4.64282729611e-06	0	4.64282729611e-06	0	0	0	0	0	4.64282729611e-06	0	0	0	0	0	4.64282729611e-06	4.64282729611e-06	0	0	4.64282729611e-06	0	0	0	0	0	0	6.96424094417e-05	2.32141364806e-05	0.000176427437252	8.82137186261e-05	0.00112356420566	0.00144856211639	2.32141364806e-05	0	4.64282729611e-06	0	0	0	0	0
0.00135106274317	1.85713091844e-05	0.000287855292359	0	0.00168998913578	0.000728923885489	0.0474729091027	0.00457782771396	0.0200987993649	0.00123499206077	0.0210645074425	0.000886780013557	0.0186130946301	0.00105856462351	0.00651852952374	0.00292033836925	4.64282729611e-05	0.000185713091844	0.000125356336995	0.000352854874504	0.00526032332649	0.000311069428839	4.1785445665e-05	0.000654638648752	0.00228891385698	0.000129999164291	0.000988922214071	0.000241427019398	0.00602174700305	0.00563174951018	0.000227498537509	3.24997910728e-05	0.00120249226969	0.000213570055621	0.0057292488834	0.000148570473476	5.57139275533e-05	1.85713091844e-05	0	0.000362140529097	0	7.89280640339e-05	0.000826423258708	0.000176427437252	0.00138820536154	0.000705709749009	5.10711002572e-05	0.0014346336345	2.32141364806e-05	0.000194998746437	9.28565459222e-06	9.28565459222e-06	9.28565459222e-06	0	4.64282729611e-06	9.28565459222e-05	4.64282729611e-05	4.64282729611e-05	3.71426183689e-05	0.00177820285441	9.28565459222e-06	6.96424094417e-05	5.57139275533e-05	0.000928565459222	8.82137186261e-05	4.64282729611e-05	0	0	2.32141364806e-05	0.000106785027811	0.00188963070952	0.000301783774247	0.00321283648891	0.000649995821455	0.00231677082076	0.00105392179622	9.28565459222e-05	8.357089133e-05	4.64282729611e-05	0.000139284818883	5.10711002572e-05	2.78569637767e-05	1.85713091844e-05	1.39284818883e-05
0.00754923718348	5.10711002572e-05	0.00233998495724	0	0.000552496448237	3.24997910728e-05	0.00457782771396	0.0427093682969	0.00725209623652	0.0011885637878	0.00701995487172	0.000269283983174	0.000784637813043	0.000278569637767	0.00435032917646	0.000297140946951	0.000143927646179	0.00146713342557	3.71426183689e-05	0.000190355919141	0.000473568384203	0.00443390006779	0.000199641573733	0.00686674157095	0.00248391260342	3.71426183689e-05	0.00091927980463	0.000329640738024	0.0215195045175	0.00645352994159	0.00834316065111	4.64282729611e-06	0.000106785027811	0.00172248892686	0.00426211545783	0.000241427019398	6.03567548494e-05	4.64282729611e-05	0	0.000116070682403	0	6.49995821455e-05	0.000640710166863	0.000222855710213	0.00154141866231	0.000459639902315	1.39284818883e-05	5.10711002572e-05	0	0.000278569637767	4.64282729611e-06	4.1785445665e-05	1.85713091844e-05	4.64282729611e-06	1.39284818883e-05	6.03567548494e-05	0.000157856128068	0.000171784609956	0.000111427855107	0.00169927479038	4.64282729611e-06	7.89280640339e-05	0.000129999164291	0.000961065250295	0.000143927646179	0.000106785027811	0	0	2.78569637767e-05	0.000120713509699	0.00170856044497	0.000301783774247	0.00323140779809	0.00101677917785	0.000645352994159	0.000348212047208	2.32141364806e-05	0.000176427437252	4.64282729611e-05	0.000148570473476	6.49995821455e-05	1.85713091844e-05	1.39284818883e-05	4.64282729611e-06
0.00734495278245	8.357089133e-05	0.00197320160085	0	0.000840351740596	0.00112356420566	0.0200987993649	0.00725209623652	0.0523339492818	0.000956422422999	0.0103395763884	0.00197320160085	0.00796244881283	0.00233998495724	0.0205537964399	0.00134641991587	7.42852367378e-05	0.00103070765974	0.00025071267399	0.000622138857679	0.00269283983174	0.00152284735312	0.000111427855107	0.00359354832719	0.00187570222763	0.000259998328582	0.00205212966488	0.000571067757422	0.00542282228186	0.0115699256219	0.00207534380136	5.57139275533e-05	0.00291569554196	0.000246069846694	0.00945743920218	0.000190355919141	0.000157856128068	2.78569637767e-05	0	0.000190355919141	0	5.57139275533e-05	0.000510711002572	0.000162498955364	0.00116534965132	0.000450354247723	0.000116070682403	0.000807851949523	5.57139275533e-05	0.000204284401029	0	2.32141364806e-05	4.64282729611e-06	4.64282729611e-06	2.32141364806e-05	8.357089133e-05	0.000125356336995	0.000116070682403	8.82137186261e-05	0.00136034839776	3.24997910728e-05	0.000176427437252	0.000148570473476	0.00075213802197	0.000116070682403	4.64282729611e-05	4.64282729611e-06	0	1.39284818883e-05	0.000134641991587	0.00297605229681	0.000728923885489	0.00526496615379	0.00128142033373	0.00245605563964	0.00224712841132	0.00016714178266	0.000134641991587	0.000120713509699	0.000153213300772	0.000106785027811	1.39284818883e-05	0	3.24997910728e-05
0.000510711002572	0.000905351322741	0.000389997492873	0	0.00199641573733	1.85713091844e-05	0.00123499206077	0.0011885637878	0.000956422422999	0.0249319825801	0.00104927896892	6.03567548494e-05	0.00351926309045	0.000134641991587	0.000649995821455	0.00220998579295	0.00041785445665	0.000120713509699	1.39284818883e-05	3.24997910728e-05	0.00230284233887	0.000185713091844	0.0039417603744	0.000338926392616	0.0104231472798	7.89280640339e-05	0.000273926810471	0.000831066086004	0.00574317736529	0.00168534630849	0.000933208286518	4.64282729611e-06	4.64282729611e-05	0.000487496866092	0.00133249143398	0.000682495612528	0.00016714178266	6.49995821455e-05	0	0.000519996657164	9.28565459222e-06	0.000176427437252	0.00136499122506	0.000478211211499	0.00770245048425	0.00157856128068	1.85713091844e-05	0.000297140946951	0	0.00069178126712	5.57139275533e-05	5.10711002572e-05	3.71426183689e-05	4.64282729611e-06	1.39284818883e-05	0.000246069846694	0.000376069010985	0.000315712256135	0.000199641573733	0.00584067673851	0	2.78569637767e-05	0.000218212882917	0.00306890884273	0.000380711838281	0.000204284401029	0	0	9.74993732183e-05	0.000343569219912	0.00091927980463	9.28565459222e-05	0.00113284986025	0.000315712256135	0.00284605313252	0.000194998746437	1.39284818883e-05	0.000408568802058	6.96424094417e-05	0.000459639902315	0.000176427437252	0.000106785027811	3.71426183689e-05	4.64282729611e-06
0.0020289155284	1.85713091844e-05	0.000278569637767	0	0.00312462277028	8.82137186261e-05	0.0210645074425	0.00701995487172	0.0103395763884	0.00104927896892	0.0403693833397	0.00050142534798	0.0162452527091	0.00050142534798	0.00526960898109	0.000255355501286	2.32141364806e-05	0.000157856128068	5.57139275533e-05	0.000199641573733	0.00966172360321	0.000343569219912	3.71426183689e-05	0.000645352994159	0.00180141699089	6.49995821455e-05	0.000561782102829	0.000204284401029	0.00760030828373	0.00431318655809	0.000283212465063	2.32141364806e-05	0.000181070264548	0.000222855710213	0.00375604728255	7.89280640339e-05	2.32141364806e-05	0	0	0.000826423258708	0	5.10711002572e-05	0.00044106859313	8.357089133e-05	0.000956422422999	0.000789280640339	2.32141364806e-05	0.00106785027811	9.28565459222e-06	7.89280640339e-05	1.39284818883e-05	4.64282729611e-06	4.64282729611e-06	4.64282729611e-06	4.64282729611e-06	9.74993732183e-05	4.1785445665e-05	4.1785445665e-05	1.85713091844e-05	0.00146249059827	4.64282729611e-06	3.24997910728e-05	1.39284818883e-05	0.000812494776819	6.49995821455e-05	1.39284818883e-05	0	0	1.39284818883e-05	5.10711002572e-05	0.000970350904887	0.000204284401029	0.00210320076514	0.000371426183689	0.000557139275533	0.000352854874504	6.49995821455e-05	5.57139275533e-05	2.78569637767e-05	5.10711002572e-05	1.39284818883e-05	2.78569637767e-05	9.28565459222e-06	9.28565459222e-06
0.000343569219912	0.000241427019398	0.000742852367378	0	6.96424094417e-05	8.357089133e-05	0.000886780013557	0.000269283983174	0.00197320160085	6.03567548494e-05	0.00050142534798	0.0284466028433	0.000622138857679	0.00772102179343	0.00264641155878	9.74993732183e-05	1.85713091844e-05	0.00109570724188	0.00294819533303	0.00511175285302	0.000236784192102	0.000287855292359	6.96424094417e-05	0.000566424930125	0.000139284818883	0.00448961399534	0.0108595730456	0.00165284651742	0.000389997492873	0.00451747095912	0.000190355919141	0.000399283147465	0.000464282729611	3.71426183689e-05	0.0109385011096	2.32141364806e-05	0.000324997910728	2.78569637767e-05	0	1.85713091844e-05	0	2.32141364806e-05	5.57139275533e-05	5.10711002572e-05	9.74993732183e-05	4.1785445665e-05	0.00220070013836	6.49995821455e-05	0.00094249394111	6.96424094417e-05	0	1.39284818883e-05	1.85713091844e-05	0.000208927228325	0.000106785027811	0	4.64282729611e-06	3.71426183689e-05	2.78569637767e-05	0.000106785027811	0.000454997075019	0.000849637395188	0.000348212047208	6.03567548494e-05	7.42852367378e-05	0	9.74993732183e-05	0	4.64282729611e-06	0.000283212465063	0.0015507043169	0.00409033084787	0.00743316650107	0.00127677750643	0.000143927646179	0.000181070264548	0.000733566712785	0.000246069846694	0.00193605898248	0.000222855710213	7.42852367378e-05	4.64282729611e-06	0	0.000153213300772
0.000928565459222	3.71426183689e-05	0.000134641991587	0	0.00635603056837	0.000111427855107	0.0186130946301	0.000784637813043	0.00796244881283	0.00351926309045	0.0162452527091	0.000622138857679	0.0459454189223	0.000580353412014	0.0041831873938	0.00305033753354	1.39284818883e-05	0.000148570473476	8.357089133e-05	0.000255355501286	0.0164913225558	8.82137186261e-05	6.03567548494e-05	0.000171784609956	0.00376069010985	7.42852367378e-05	0.000719638230897	0.000208927228325	0.00331497868942	0.00410425932976	0.000102142200514	1.85713091844e-05	0.000283212465063	0.000120713509699	0.00419247304839	7.42852367378e-05	1.85713091844e-05	4.64282729611e-06	0	0.00203820118299	0	0.000106785027811	0.00058499623931	0.000134641991587	0.00141606232531	0.00101677917785	5.10711002572e-05	0.00372819031878	1.39284818883e-05	0.000139284818883	4.64282729611e-06	1.39284818883e-05	4.64282729611e-06	0	0	0.000194998746437	9.28565459222e-06	2.78569637767e-05	1.39284818883e-05	0.0016714178266	4.64282729611e-06	3.24997910728e-05	2.78569637767e-05	0.000900708495445	4.64282729611e-05	2.78569637767e-05	0	0	1.39284818883e-05	4.64282729611e-05	0.00104463614162	0.000236784192102	0.00220998579295	0.000352854874504	0.00248391260342	0.000450354247723	6.49995821455e-05	3.24997910728e-05	3.24997910728e-05	6.49995821455e-05	1.39284818883e-05	5.57139275533e-05	4.64282729611e-06	1.39284818883e-05
0.000157856128068	0.000389997492873	0.000283212465063	0	6.03567548494e-05	0.000264641155878	0.00105856462351	0.000278569637767	0.00233998495724	0.000134641991587	0.00050142534798	0.00772102179343	0.000580353412014	0.0267055426072	0.0021496290381	8.82137186261e-05	2.32141364806e-05	0.000199641573733	0.000468925556907	0.000311069428839	0.000194998746437	0.000139284818883	6.49995821455e-05	0.000255355501286	0.000241427019398	0.00975458014913	0.008357089133	0.00361676246367	0.000487496866092	0.00430390090349	0.000106785027811	0.00253034087638	0.00108177875999	0.000125356336995	0.00643031580511	4.64282729611e-05	0.000283212465063	1.39284818883e-05	0	1.85713091844e-05	4.64282729611e-06	6.03567548494e-05	8.357089133e-05	9.28565459222e-05	0.000116070682403	7.89280640339e-05	0.00361211963637	6.03567548494e-05	0.00171320327226	0.000129999164291	4.64282729611e-06	0	1.85713091844e-05	0.000454997075019	8.357089133e-05	9.28565459222e-06	1.85713091844e-05	2.78569637767e-05	3.71426183689e-05	0.000148570473476	0.00110499289647	0.0014346336345	0.000431782938538	7.89280640339e-05	0.000106785027811	9.28565459222e-06	0.000176427437252	4.64282729611e-06	0	0.000399283147465	0.000849637395188	0.00225177123861	0.00485175452444	0.00134177708858	0.000208927228325	0.00125820619725	0.00123963488806	0.000125356336995	0.00234927061183	0.00050142534798	0.000306426601543	4.64282729611e-06	2.32141364806e-05	0.000301783774247
0.00850101677918	0.000102142200514	0.00117927813321	0	0.000696424094417	0.000287855292359	0.00651852952374	0.00435032917646	0.0205537964399	0.000649995821455	0.00526960898109	0.00264641155878	0.0041831873938	0.0021496290381	0.0392876045797	0.000571067757422	9.28565459222e-05	0.000872851531669	0.000362140529097	0.0008357089133	0.00169927479038	0.000812494776819	0.000111427855107	0.00189427353681	0.00152284735312	0.000315712256135	0.00244212715775	0.000561782102829	0.00402068843843	0.0173177458145	0.00213105772891	5.57139275533e-05	0.00170391761767	0.000315712256135	0.0102560054971	0.000176427437252	8.357089133e-05	1.85713091844e-05	0	0.000148570473476	0	4.1785445665e-05	0.0003574977018	0.000134641991587	0.000900708495445	0.000259998328582	0.000106785027811	0.000399283147465	6.96424094417e-05	0.000171784609956	0	4.64282729611e-06	4.64282729611e-06	2.32141364806e-05	2.78569637767e-05	5.10711002572e-05	6.49995821455e-05	6.03567548494e-05	5.57139275533e-05	0.000896065668149	2.32141364806e-05	0.000148570473476	0.000116070682403	0.000492139693388	7.89280640339e-05	3.24997910728e-05	4.64282729611e-06	0	9.28565459222e-06	0.000106785027811	0.00225177123861	0.000719638230897	0.00526496615379	0.000900708495445	0.00115606399673	0.00118392096051	0.000162498955364	0.000143927646179	0.000134641991587	0.000129999164291	9.74993732183e-05	4.64282729611e-06	4.64282729611e-06	2.78569637767e-05
9.74993732183e-05	2.78569637767e-05	6.03567548494e-05	0	0.000376069010985	0.000575710584718	0.00292033836925	0.000297140946951	0.00134641991587	0.00220998579295	0.000255355501286	9.74993732183e-05	0.00305033753354	8.82137186261e-05	0.000571067757422	0.00864494442536	3.71426183689e-05	3.24997910728e-05	2.78569637767e-05	4.64282729611e-05	0.000436425765834	4.64282729611e-05	7.89280640339e-05	0.000111427855107	0.00106320745081	0	9.74993732183e-05	3.24997910728e-05	0.000747495194674	0.000515353829868	6.96424094417e-05	0	0.000143927646179	6.49995821455e-05	0.000515353829868	2.78569637767e-05	1.85713091844e-05	4.64282729611e-06	0	4.64282729611e-05	0	9.28565459222e-06	0.000111427855107	4.64282729611e-05	0.000297140946951	7.89280640339e-05	0	5.57139275533e-05	0	6.49995821455e-05	0	4.64282729611e-06	0	0	0	2.32141364806e-05	4.64282729611e-06	1.39284818883e-05	2.32141364806e-05	0.000292498119655	4.64282729611e-06	9.28565459222e-06	2.32141364806e-05	0.00016714178266	2.78569637767e-05	9.28565459222e-06	0	0	1.39284818883e-05	2.32141364806e-05	0.000311069428839	5.57139275533e-05	0.000454997075019	0.000218212882917	0.00351462026316	0.000148570473476	1.39284818883e-05	1.85713091844e-05	1.39284818883e-05	2.78569637767e-05	9.28565459222e-06	4.64282729611e-06	4.64282729611e-06	4.64282729611e-06
8.357089133e-05	0.00016714178266	0.000705709749009	0	4.64282729611e-06	0	4.64282729611e-05	0.000143927646179	7.42852367378e-05	0.00041785445665	2.32141364806e-05	1.85713091844e-05	1.39284818883e-05	2.32141364806e-05	9.28565459222e-05	3.71426183689e-05	0.0185713091844	0.000208927228325	4.64282729611e-06	2.32141364806e-05	9.28565459222e-06	0.00268819700445	0.00630031664082	0.00610996072168	0.00565032081937	9.28565459222e-06	0.000153213300772	0.00172713175415	0.00172248892686	0.000376069010985	0.000849637395188	0	0	0.000162498955364	0.0013139201248	7.89280640339e-05	0.000111427855107	7.89280640339e-05	0	4.64282729611e-06	4.64282729611e-06	4.64282729611e-06	6.96424094417e-05	1.85713091844e-05	0.00075213802197	2.32141364806e-05	4.64282729611e-06	0	4.64282729611e-06	5.10711002572e-05	4.64282729611e-06	0.00317105104324	5.10711002572e-05	0	9.28565459222e-06	0	0.00101213635055	0.00363997660015	0.00162498955364	0.000612853203087	0	5.10711002572e-05	0.000854280222484	0.000756780849266	2.32141364806e-05	0.000213570055621	0	0	1.39284818883e-05	7.89280640339e-05	0.00168998913578	0.000399283147465	0.000956422422999	0.000649995821455	0.000287855292359	0.000139284818883	4.64282729611e-06	0.000408568802058	0.000143927646179	0.000116070682403	8.357089133e-05	1.85713091844e-05	0	0
0.00162034672634	0.00115142116944	0.0158134697706	0	1.85713091844e-05	4.64282729611e-06	0.000185713091844	0.00146713342557	0.00103070765974	0.000120713509699	0.000157856128068	0.00109570724188	0.000148570473476	0.000199641573733	0.000872851531669	3.24997910728e-05	0.000208927228325	0.0324394343179	0.000157856128068	0.00463818446881	6.03567548494e-05	0.00311069428839	0.000297140946951	0.0114909975579	0.000311069428839	9.74993732183e-05	0.0156509708152	0.00492603976117	0.00108642158729	0.00179677416359	0.00460104185045	1.39284818883e-05	1.39284818883e-05	0.000102142200514	0.00642103015052	3.24997910728e-05	0.00166213217201	0.000208927228325	0	4.64282729611e-06	0	0	5.57139275533e-05	9.28565459222e-06	9.74993732183e-05	4.64282729611e-06	0.000102142200514	1.85713091844e-05	2.32141364806e-05	5.57139275533e-05	0	6.49995821455e-05	0.000338926392616	4.64282729611e-05	0.000292498119655	0	5.10711002572e-05	0.000255355501286	0.000162498955364	8.82137186261e-05	1.39284818883e-05	0.00114677834214	0.00154141866231	6.96424094417e-05	7.42852367378e-05	4.64282729611e-05	1.39284818883e-05	0	1.85713091844e-05	0.000222855710213	0.00270676831363	0.00217748600188	0.00432247221268	0.0016714178266	0.000111427855107	7.89280640339e-05	2.78569637767e-05	0.000422497283946	0.000153213300772	0.000176427437252	0.000116070682403	0	9.28565459222e-06	4.64282729611e-06
3.24997910728e-05	1.85713091844e-05	8.357089133e-05	0	4.64282729611e-06	0	0.000125356336995	3.71426183689e-05	0.00025071267399	1.39284818883e-05	5.57139275533e-05	0.00294819533303	8.357089133e-05	0.000468925556907	0.000362140529097	2.78569637767e-05	4.64282729611e-06	0.000157856128068	0.00530210877216	0.00162498955364	1.85713091844e-05	3.24997910728e-05	1.39284818883e-05	8.82137186261e-05	2.78569637767e-05	0.000157856128068	0.00227962820239	0.000157856128068	5.57139275533e-05	0.000557139275533	1.39284818883e-05	7.42852367378e-05	4.1785445665e-05	0	0.00123499206077	4.64282729611e-06	8.357089133e-05	0	0	4.64282729611e-06	0	4.64282729611e-06	4.64282729611e-06	4.64282729611e-06	9.28565459222e-06	4.64282729611e-06	0.000116070682403	4.64282729611e-06	5.10711002572e-05	9.28565459222e-06	4.64282729611e-06	9.28565459222e-06	4.64282729611e-06	7.89280640339e-05	2.78569637767e-05	0	0	1.85713091844e-05	9.28565459222e-06	9.28565459222e-06	5.10711002572e-05	0.000222855710213	0.000111427855107	0	9.28565459222e-06	0	4.64282729611e-06	0	4.64282729611e-06	1.39284818883e-05	0.000246069846694	0.000612853203087	0.00112356420566	0.000222855710213	3.24997910728e-05	3.24997910728e-05	2.32141364806e-05	2.78569637767e-05	5.57139275533e-05	1.39284818883e-05	1.85713091844e-05	0	0	0
0.000301783774247	0.0003574977018	0.00127213467913	0	2.78569637767e-05	9.28565459222e-06	0.000352854874504	0.000190355919141	0.000622138857679	3.24997910728e-05	0.000199641573733	0.00511175285302	0.000255355501286	0.000311069428839	0.0008357089133	4.64282729611e-05	2.32141364806e-05	0.00463818446881	0.00162498955364	0.0137474116238	8.82137186261e-05	0.000269283983174	2.78569637767e-05	0.000705709749009	0.000102142200514	0.000246069846694	0.00797637729472	0.00104927896892	0.000194998746437	0.00132320577939	0.000371426183689	4.64282729611e-05	5.10711002572e-05	3.24997910728e-05	0.00487032583362	9.28565459222e-06	0.000557139275533	1.39284818883e-05	0	4.64282729611e-06	0	0	1.39284818883e-05	0	3.71426183689e-05	4.64282729611e-06	0.000171784609956	3.24997910728e-05	6.49995821455e-05	1.39284818883e-05	0	1.39284818883e-05	4.64282729611e-05	0.000129999164291	0.000157856128068	0	1.39284818883e-05	4.1785445665e-05	2.78569637767e-05	2.78569637767e-05	9.74993732183e-05	0.000933208286518	0.000533925139053	3.24997910728e-05	4.1785445665e-05	0	4.64282729611e-06	0	9.28565459222e-06	9.28565459222e-05	0.00109570724188	0.00106785027811	0.00326855041646	0.000631424512271	7.89280640339e-05	5.57139275533e-05	2.78569637767e-05	0.000213570055621	0.000106785027811	9.28565459222e-05	2.32141364806e-05	0	0	0
0.000589639066606	1.39284818883e-05	4.1785445665e-05	0	0.0134224137131	4.64282729611e-05	0.00526032332649	0.000473568384203	0.00269283983174	0.00230284233887	0.00966172360321	0.000236784192102	0.0164913225558	0.000194998746437	0.00169927479038	0.000436425765834	9.28565459222e-06	6.03567548494e-05	1.85713091844e-05	8.82137186261e-05	0.028316603679	3.24997910728e-05	9.28565459222e-06	6.96424094417e-05	0.00387676079225	1.39284818883e-05	0.000278569637767	7.89280640339e-05	0.00588246218417	0.00210320076514	6.49995821455e-05	0	8.82137186261e-05	9.28565459222e-05	0.00181998830008	5.57139275533e-05	9.28565459222e-06	4.64282729611e-06	0	0.00264641155878	0	8.82137186261e-05	0.000594281893902	0.000106785027811	0.00175498871793	0.00143927646179	1.85713091844e-05	0.00173641740875	4.64282729611e-06	8.82137186261e-05	1.39284818883e-05	4.64282729611e-06	0	0	0	0.000227498537509	4.64282729611e-06	9.28565459222e-06	1.39284818883e-05	0.00232605647535	0	9.28565459222e-06	4.64282729611e-06	0.00122106357888	3.71426183689e-05	4.64282729611e-06	0	0	0	3.71426183689e-05	0.000473568384203	0.000106785027811	0.000961065250295	0.000148570473476	0.000807851949523	0.000194998746437	2.78569637767e-05	9.28565459222e-06	9.28565459222e-06	4.64282729611e-05	9.28565459222e-06	5.10711002572e-05	9.28565459222e-06	4.64282729611e-06
0.00194998746437	7.42852367378e-05	0.00292962402385	0	4.64282729611e-05	4.64282729611e-06	0.000311069428839	0.00443390006779	0.00152284735312	0.000185713091844	0.000343569219912	0.000287855292359	8.82137186261e-05	0.000139284818883	0.000812494776819	4.64282729611e-05	0.00268819700445	0.00311069428839	3.24997910728e-05	0.000269283983174	3.24997910728e-05	0.0460939893958	0.00112356420566	0.023330207163	0.00109570724188	1.39284818883e-05	0.00113284986025	0.00128142033373	0.0112217135747	0.00168534630849	0.0146481201192	9.28565459222e-06	9.28565459222e-06	0.000394640320169	0.00971279470346	6.96424094417e-05	0.00016714178266	7.89280640339e-05	0	4.64282729611e-06	0	9.28565459222e-06	6.96424094417e-05	1.85713091844e-05	0.00044106859313	2.78569637767e-05	2.32141364806e-05	9.28565459222e-06	0	2.78569637767e-05	0	0.000543210793645	2.78569637767e-05	0	2.78569637767e-05	0	0.000496782520684	0.00149963321664	0.000552496448237	0.000403925974762	9.28565459222e-06	0.000102142200514	0.000445711420427	0.000413211629354	3.71426183689e-05	0.00016714178266	0	0	2.78569637767e-05	7.89280640339e-05	0.00376069010985	0.000798566294931	0.00606353244872	0.003700333355	0.000849637395188	0.000849637395188	5.10711002572e-05	0.000269283983174	8.82137186261e-05	0.000153213300772	0.000176427437252	1.39284818883e-05	4.64282729611e-06	4.64282729611e-06
0.000143927646179	0.00222391427484	0.00306890884273	0	3.24997910728e-05	0	4.1785445665e-05	0.000199641573733	0.000111427855107	0.0039417603744	3.71426183689e-05	6.96424094417e-05	6.03567548494e-05	6.49995821455e-05	0.000111427855107	7.89280640339e-05	0.00630031664082	0.000297140946951	1.39284818883e-05	2.78569637767e-05	9.28565459222e-06	0.00112356420566	0.0233162786811	0.00454997075019	0.00491211127928	0.000153213300772	0.000362140529097	0.00592889045713	0.00104927896892	0.00044106859313	0.000663924303344	0	9.28565459222e-06	0.000162498955364	0.000882137186261	9.74993732183e-05	0.00164356086282	0.000273926810471	0	4.64282729611e-06	0	4.64282729611e-06	9.74993732183e-05	4.64282729611e-06	0.00121642075158	9.28565459222e-06	2.32141364806e-05	0	9.28565459222e-06	6.49995821455e-05	0	0.00304569470625	0.000171784609956	1.39284818883e-05	5.57139275533e-05	0	0.00113284986025	0.00881672903531	0.00270676831363	0.000886780013557	1.39284818883e-05	9.74993732183e-05	0.00368176204582	0.000937851113814	7.89280640339e-05	0.00033428356532	0	0	2.32141364806e-05	0.000218212882917	0.00116534965132	0.000413211629354	0.000663924303344	0.000468925556907	0.000199641573733	6.96424094417e-05	0	0.000478211211499	0.000269283983174	0.000306426601543	0.000181070264548	1.39284818883e-05	9.28565459222e-06	9.28565459222e-06
0.00487032583362	0.000580353412014	0.0225037839042	0	5.10711002572e-05	0	0.000654638648752	0.00686674157095	0.00359354832719	0.000338926392616	0.000645352994159	0.000566424930125	0.000171784609956	0.000255355501286	0.00189427353681	0.000111427855107	0.00610996072168	0.0114909975579	8.82137186261e-05	0.000705709749009	6.96424094417e-05	0.023330207163	0.00454997075019	0.075794155609	0.00187105940033	6.49995821455e-05	0.0057246060561	0.0096710092578	0.00654638648752	0.00265105438608	0.00902565626364	1.39284818883e-05	2.32141364806e-05	0.000287855292359	0.00952243878432	7.42852367378e-05	0.00124892054265	0.000399283147465	0	4.64282729611e-06	0	1.85713091844e-05	0.000139284818883	4.64282729611e-05	0.000506068175276	4.1785445665e-05	4.1785445665e-05	1.85713091844e-05	1.85713091844e-05	8.82137186261e-05	0	0.00279033920496	0.000232141364806	1.85713091844e-05	7.42852367378e-05	4.64282729611e-06	0.000779994985747	0.00595210459361	0.00275783941389	0.000589639066606	2.32141364806e-05	0.000343569219912	0.00309212297921	0.000617496030383	5.10711002572e-05	0.00033428356532	9.28565459222e-06	0	1.39284818883e-05	0.000259998328582	0.0100285069596	0.00304105187895	0.00904887040012	0.0069270983258	0.00124427771536	0.00109570724188	7.89280640339e-05	0.000872851531669	0.000306426601543	0.0003574977018	0.000324997910728	1.39284818883e-05	9.28565459222e-06	4.64282729611e-06
0.00115606399673	0.000538567966349	0.000654638648752	0	0.00535782269971	2.78569637767e-05	0.00228891385698	0.00248391260342	0.00187570222763	0.0104231472798	0.00180141699089	0.000139284818883	0.00376069010985	0.000241427019398	0.00152284735312	0.00106320745081	0.00565032081937	0.000311069428839	2.78569637767e-05	0.000102142200514	0.00387676079225	0.00109570724188	0.00491211127928	0.00187105940033	0.0427650822245	5.10711002572e-05	0.000380711838281	0.000965708077591	0.0176473865525	0.00354247722693	0.00189427353681	0	4.1785445665e-05	0.00108177875999	0.00374676162796	0.000617496030383	7.89280640339e-05	9.28565459222e-05	0	0.000543210793645	9.28565459222e-06	0.000125356336995	0.00135570557046	0.000362140529097	0.00611460354898	0.00123963488806	9.28565459222e-06	0.000232141364806	0	0.000543210793645	1.39284818883e-05	0.0003574977018	5.10711002572e-05	4.64282729611e-06	9.28565459222e-06	0.000185713091844	0.00106785027811	0.00125356336995	0.000473568384203	0.00503746761628	0	2.78569637767e-05	0.000287855292359	0.00341712088994	0.000343569219912	0.000320355083432	0	0	7.42852367378e-05	0.000273926810471	0.00252105522179	0.0003574977018	0.00270212548634	0.000933208286518	0.00189427353681	0.000311069428839	2.32141364806e-05	0.000431782938538	8.82137186261e-05	0.000394640320169	0.000171784609956	7.89280640339e-05	3.71426183689e-05	0
3.71426183689e-05	0.00122570640617	0.000143927646179	0	4.64282729611e-06	2.78569637767e-05	0.000129999164291	3.71426183689e-05	0.000259998328582	7.89280640339e-05	6.49995821455e-05	0.00448961399534	7.42852367378e-05	0.00975458014913	0.000315712256135	0	9.28565459222e-06	9.74993732183e-05	0.000157856128068	0.000246069846694	1.39284818883e-05	1.39284818883e-05	0.000153213300772	6.49995821455e-05	5.10711002572e-05	0.0173502456056	0.00521389505353	0.00296676664221	3.71426183689e-05	0.000710352576305	1.39284818883e-05	0.00114213551484	8.357089133e-05	0	0.00139749101613	2.78569637767e-05	0.000849637395188	9.28565459222e-06	0	0	4.64282729611e-06	2.78569637767e-05	2.78569637767e-05	6.49995821455e-05	1.39284818883e-05	2.78569637767e-05	0.00467068425989	4.64282729611e-06	0.00236319909372	7.89280640339e-05	0	4.64282729611e-06	2.78569637767e-05	0.000478211211499	0.000120713509699	4.64282729611e-06	4.64282729611e-06	1.39284818883e-05	2.78569637767e-05	1.85713091844e-05	0.00213105772891	0.00200570139192	0.000812494776819	2.78569637767e-05	6.96424094417e-05	0	0.000199641573733	4.64282729611e-06	0	0.000519996657164	0.000162498955364	0.00145784777098	0.00109570724188	9.28565459222e-05	9.28565459222e-06	3.71426183689e-05	0.000547853620941	5.10711002572e-05	0.00344962068101	0.00033428356532	3.71426183689e-05	4.64282729611e-06	4.64282729611e-06	0.000348212047208
0.00123963488806	0.00446175703156	0.0159156119711	0	0.000106785027811	4.1785445665e-05	0.000988922214071	0.00091927980463	0.00205212966488	0.000273926810471	0.000561782102829	0.0108595730456	0.000719638230897	0.008357089133	0.00244212715775	9.74993732183e-05	0.000153213300772	0.0156509708152	0.00227962820239	0.00797637729472	0.000278569637767	0.00113284986025	0.000362140529097	0.0057246060561	0.000380711838281	0.00521389505353	0.0812912631276	0.0217562887096	0.00100749352326	0.00372354749148	0.00168534630849	0.0035842626726	0.000218212882917	0.000134641991587	0.0105810034078	0.000125356336995	0.00886315730827	0.00050142534798	0	1.39284818883e-05	0	3.71426183689e-05	0.000102142200514	8.357089133e-05	0.000185713091844	4.64282729611e-05	0.00352854874504	9.28565459222e-05	0.00177356002711	0.000246069846694	4.64282729611e-06	0.000129999164291	0.00120249226969	0.00162498955364	0.00223784275673	1.85713091844e-05	4.1785445665e-05	0.000278569637767	0.000283212465063	0.000194998746437	0.00190355919141	0.0107388595359	0.00778602137558	8.82137186261e-05	0.000287855292359	3.24997910728e-05	0.00025071267399	0	1.39284818883e-05	0.00103999331433	0.00691316984391	0.00742852367378	0.0106506458173	0.00295283816033	0.000194998746437	0.000162498955364	0.000292498119655	0.00149499038935	0.00195463029166	0.000756780849266	0.000311069428839	2.32141364806e-05	0	0.000102142200514
0.000362140529097	0.00932279721059	0.020744152359	0	5.57139275533e-05	4.64282729611e-06	0.000241427019398	0.000329640738024	0.000571067757422	0.000831066086004	0.000204284401029	0.00165284651742	0.000208927228325	0.00361676246367	0.000561782102829	3.24997910728e-05	0.00172713175415	0.00492603976117	0.000157856128068	0.00104927896892	7.89280640339e-05	0.00128142033373	0.00592889045713	0.0096710092578	0.000965708077591	0.00296676664221	0.0217562887096	0.0711745424494	0.000719638230897	0.000863565877077	0.00052463948446	0.000807851949523	4.64282729611e-05	7.42852367378e-05	0.00338462109886	0.000125356336995	0.00963850946672	0.00125356336995	0	1.39284818883e-05	0	1.85713091844e-05	0.000185713091844	4.64282729611e-05	0.000208927228325	3.24997910728e-05	0.000701066921713	1.85713091844e-05	0.000320355083432	0.000185713091844	0	0.00217284317458	0.00150427604394	0.00044106859313	0.00102606483244	4.64282729611e-06	0.000283212465063	0.00539032249078	0.00242819867587	0.000273926810471	0.00058499623931	0.00495389672495	0.0128699172648	0.000343569219912	0.000153213300772	0.000194998746437	6.49995821455e-05	9.28565459222e-06	1.39284818883e-05	0.000970350904887	0.00558067840992	0.00355176288152	0.00449425682263	0.00244212715775	0.000259998328582	0.000185713091844	4.1785445665e-05	0.00172248892686	0.00117463530592	0.000868208704373	0.000371426183689	2.32141364806e-05	9.28565459222e-06	1.39284818883e-05
0.0035796198453	0.000129999164291	0.00184320243656	0	0.00728923885489	4.64282729611e-05	0.00602174700305	0.0215195045175	0.00542282228186	0.00574317736529	0.00760030828373	0.000389997492873	0.00331497868942	0.000487496866092	0.00402068843843	0.000747495194674	0.00172248892686	0.00108642158729	5.57139275533e-05	0.000194998746437	0.00588246218417	0.0112217135747	0.00104927896892	0.00654638648752	0.0176473865525	3.71426183689e-05	0.00100749352326	0.000719638230897	0.0752648732972	0.0093088687287	0.00873315814398	0	0.000125356336995	0.00292498119655	0.00969886622157	0.00102606483244	0.000125356336995	0.000153213300772	0	0.00100285069596	4.64282729611e-06	0.000204284401029	0.00207998662866	0.000557139275533	0.00746102346485	0.00182927395467	5.10711002572e-05	0.000232141364806	9.28565459222e-06	0.000849637395188	3.71426183689e-05	0.000222855710213	5.10711002572e-05	1.39284818883e-05	1.39284818883e-05	0.000241427019398	0.000742852367378	0.000909994150038	0.000478211211499	0.0072845960276	0	8.357089133e-05	0.000362140529097	0.00418783022109	0.00058499623931	0.00041785445665	0	0	0.000153213300772	0.000510711002572	0.00497711086143	0.000622138857679	0.00711745424494	0.00255819784016	0.00181998830008	0.000974993732183	6.96424094417e-05	0.000649995821455	0.000106785027811	0.000761423676562	0.000320355083432	7.89280640339e-05	6.03567548494e-05	9.28565459222e-06
0.00856601636132	0.000111427855107	0.00192213050059	0	0.000933208286518	0.000371426183689	0.00563174951018	0.00645352994159	0.0115699256219	0.00168534630849	0.00431318655809	0.00451747095912	0.00410425932976	0.00430390090349	0.0173177458145	0.000515353829868	0.000376069010985	0.00179677416359	0.000557139275533	0.00132320577939	0.00210320076514	0.00168534630849	0.00044106859313	0.00265105438608	0.00354247722693	0.000710352576305	0.00372354749148	0.000863565877077	0.0093088687287	0.0552032165508	0.0095502957481	8.82137186261e-05	0.00357033419071	0.00646745842348	0.0240591310484	0.000287855292359	0.000134641991587	3.71426183689e-05	0	0.000157856128068	0	6.49995821455e-05	0.00058499623931	0.000208927228325	0.00197320160085	0.000269283983174	0.000227498537509	0.000366783356393	0.000148570473476	0.000343569219912	4.64282729611e-06	1.85713091844e-05	2.78569637767e-05	3.24997910728e-05	6.03567548494e-05	2.32141364806e-05	0.000181070264548	0.000134641991587	9.28565459222e-05	0.00164820369012	6.03567548494e-05	0.000264641155878	0.000171784609956	0.00094249394111	0.000120713509699	6.96424094417e-05	0	0	1.39284818883e-05	0.000143927646179	0.00356569136341	0.00124892054265	0.0110917144104	0.00216820034728	0.0015553471442	0.00235855626642	0.000329640738024	0.000264641155878	0.000264641155878	0.000227498537509	0.000134641991587	2.78569637767e-05	2.78569637767e-05	3.71426183689e-05
