0.0242445002664	2.07602399884e-05	0.00254312939858	0	2.07602399884e-05	1.03801199942e-05	0.00122139411932	0.00644259447639	0.00725224383594	0.000871930079512	0.00102417183943	0.000837329679531	0.000169541959905	0.000522466039707	0.0165355311507	1.03801199942e-05	4.84405599729e-05	0.0016123786391	5.88206799671e-05	0.00010726123994	0.000290643359837	0.00225940611873	0.000186842159895	0.00423854899763	0.000923830679483	1.73001999903e-05	0.0023216868387	0.000370224279793	0.00359844159798	0.00986803407447	0.0110444476738	7.26608399593e-05	2.76803199845e-05	0.00023182267987	0.00207948403884	0	2.76803199845e-05	6.92007999612e-06	0	6.92007999612e-06	0	3.46003999806e-06	2.76803199845e-05	5.19005999709e-05	0.000989571439446	0	1.38401599922e-05	1.03801199942e-05	3.46003999806e-06	5.5360639969e-05	1.03801199942e-05	6.92007999612e-06	0	0	2.07602399884e-05	6.92007999612e-06	6.92007999612e-06	0.00055360639969	7.95809199554e-05	0.00010726123994	0	1.73001999903e-05	2.76803199845e-05	6.57407599632e-05	2.07602399884e-05	1.38401599922e-05	0	0	0	4.15204799767e-05	0.000335623879812	6.22807199651e-05	0.00138401599922	0.000671247759624	2.76803199845e-05	7.61208799574e-05	6.92007999612e-06	0.00131135515927	0.00046364535974	7.61208799574e-05	0	8.30409599535e-05	0	0
2.07602399884e-05	0.0257565377456	0.00167465935906	0	6.92007999612e-06	0	6.92007999612e-06	5.5360639969e-05	2.07602399884e-05	0.00216944507879	3.11403599826e-05	0.000242202799864	0	0.000709308199603	3.46003999806e-05	0	0.000764668839572	0.00385102451784	3.46003999806e-06	0.00307597555828	3.11403599826e-05	0.000211062439882	0.00562256499685	0.000494785719723	0.00293411391836	0.00443923131751	0.00969503207457	0.0184835336696	0.000117641359934	9.68811199457e-05	6.92007999612e-05	3.46003999806e-06	0	4.15204799767e-05	0.000885770239504	3.46003999806e-05	0.0147190101518	0.000736988519587	0	8.30409599535e-05	6.92007999612e-06	1.38401599922e-05	3.80604399787e-05	2.42202799864e-05	0.000211062439882	7.95809199554e-05	0.000155701799913	4.15204799767e-05	0.000131481519926	4.84405599729e-05	1.38401599922e-05	0.000155701799913	0.00153279771914	2.42202799864e-05	0.000602046959663	7.26608399593e-05	0.000114181319936	0.000806189319549	0.000294103399835	0.000290643359837	0.000390984519781	0.00278533219844	0.00860511947518	9.68811199457e-05	2.07602399884e-05	6.92007999612e-05	3.46003999806e-06	0	0	0.000736988519587	0.000709308199603	0.000781969039562	0.0010691523594	6.57407599632e-05	0	0	0	0.00192378223892	0.00139093607922	0.000916910599487	0.000110721279938	6.92007999612e-06	3.11403599826e-05	5.19005999709e-05
0.00254312939858	0.00167465935906	0.0521704830908	0	6.92007999612e-06	1.03801199942e-05	6.92007999612e-06	0.00152587763915	0.000512085919713	0.00010726123994	4.49805199748e-05	0.000235282719868	3.46003999806e-06	0.000121101399932	0.0025085289986	1.38401599922e-05	0.000986111399448	0.0168123343506	3.46003999806e-05	0.000681627879618	4.84405599729e-05	0.00283723279841	0.00080272927955	0.0208675012283	0.000806189319549	7.26608399593e-05	0.0136048772724	0.0297113634634	0.00240472779865	0.00164697903908	0.0039271453978	6.92007999612e-06	1.73001999903e-05	0.000159161839911	0.00284069283841	0	0.00735950507588	0.00301023479831	0	1.73001999903e-05	0	6.92007999612e-06	0.000103801199942	5.88206799671e-05	0.000349464039804	4.49805199748e-05	1.38401599922e-05	3.46003999806e-06	3.46003999806e-06	2.42202799864e-05	0	0.00103455195942	0.000290643359837	3.46003999806e-06	0.000200682319888	2.07602399884e-05	0.000301023479831	0.00354654099801	0.00238742759866	0.000204142359886	1.03801199942e-05	0.000494785719723	0.00366072231795	0.000470565439736	1.38401599922e-05	6.22807199651e-05	3.46003999806e-06	0	0	0.000307943559828	0.00596856899666	0.00146705695918	0.0033977592781	0.00167465935906	0	3.46003999806e-06	4.15204799767e-05	0.00223864587875	0.00113489311936	0.000543226279696	0.000176462039901	2.07602399884e-05	1.73001999903e-05	0
0	0	0	0	0	0	0	0	0	0	0	0	0	0	0	0	0	0	0	0	0	0	0	0	0	0	0	0	0	0	0	0	0	0	0	0	0	0	0	0	0	0	0	0	0	0	0	0	0	0	0	0	0	0	0	0	0	0	0	0	0	0	0	0	0	0	0	0	0	0	0	0	0	0	0	0	0	0	0	0	0	0	0	0
2.07602399884e-05	6.92007999612e-06	6.92007999612e-06	0	0.0159750046711	0	0.000390984519781	0.000283723279841	3.80604399787e-05	0.00193416235892	0.000937670839475	2.76803199845e-05	0.00308289563827	5.5360639969e-05	0.000148781719917	4.84405599729e-05	6.92007999612e-06	0	1.03801199942e-05	0	0.00492363691724	0	3.46003999806e-06	1.73001999903e-05	0.00705502155605	3.46003999806e-06	4.15204799767e-05	7.61208799574e-05	0.0048129156373	0.000723148359595	1.38401599922e-05	6.92007999612e-06	3.11403599826e-05	5.5360639969e-05	0.000460185319742	0	1.38401599922e-05	0	0	0.00243240811864	0	3.46003999806e-06	1.03801199942e-05	0	0.0008926903195	0.000401364639775	1.38401599922e-05	0.000685087919616	3.46003999806e-06	3.46003999806e-06	0	0	0	0	0	0.00141861639921	0	0	0	0.000861549959518	3.46003999806e-06	6.92007999612e-06	3.46003999806e-06	0.000685087919616	2.42202799864e-05	0	0	0	3.46003999806e-06	4.49805199748e-05	0.000134941559924	3.11403599826e-05	0.000359844159798	7.26608399593e-05	4.49805199748e-05	0	0	2.07602399884e-05	6.92007999612e-06	5.19005999709e-05	0	3.46003999806e-06	0	0
1.03801199942e-05	0	1.03801199942e-05	0	0	0.00451535219747	0.00103109191942	4.49805199748e-05	0.000830409599535	6.92007999612e-06	5.5360639969e-05	2.07602399884e-05	4.84405599729e-05	0	0.00019722227989	0.000373684319791	3.46003999806e-06	0	0	0	3.80604399787e-05	3.46003999806e-06	1.03801199942e-05	6.92007999612e-06	6.92007999612e-06	0	6.92007999612e-06	2.07602399884e-05	4.84405599729e-05	0.000394444559779	1.73001999903e-05	0	0.00276803199845	6.92007999612e-06	0.00151895755915	0	0	0	0	0	0	0	0	1.38401599922e-05	2.07602399884e-05	0	0	0	0	1.38401599922e-05	0	6.92007999612e-06	0	0	0	3.46003999806e-06	0	1.38401599922e-05	0	1.03801199942e-05	0	3.46003999806e-06	3.46003999806e-06	1.38401599922e-05	0	0	0	0	0	6.92007999612e-06	0.000730068439591	3.80604399787e-05	0.000726608399593	0.000121101399932	0.000494785719723	0.00135633567924	3.46003999806e-06	4.15204799767e-05	1.73001999903e-05	1.03801199942e-05	0	2.07602399884e-05	0	0
0.00122139411932	6.92007999612e-06	6.92007999612e-06	0	0.000390984519781	0.00103109191942	0.0347249614206	0.00835945663532	0.0153487374314	9.68811199457e-05	0.0121343602732	0.000114181319936	0.00680589867619	2.42202799864e-05	0.00478869535732	8.65009999516e-05	3.46003999806e-06	0	0	0	0.00258810991855	4.84405599729e-05	6.92007999612e-06	0.000103801199942	0.000705848159605	0	2.42202799864e-05	2.42202799864e-05	0.00449459195748	0.00189264187894	0.000532846159702	0	0.00153971779914	0.000117641359934	0.00087539011951	3.46003999806e-06	3.46003999806e-06	0	0	0.000173001999903	0	1.03801199942e-05	0.00012456143993	1.73001999903e-05	0.000692007999612	2.76803199845e-05	0	6.92007999612e-05	0	5.19005999709e-05	0	3.46003999806e-06	0	0	6.92007999612e-06	8.65009999516e-05	6.92007999612e-06	4.15204799767e-05	2.07602399884e-05	0.000418664839766	0	3.46003999806e-06	6.92007999612e-06	0.000342543959808	2.07602399884e-05	0	0	0	0	3.46003999806e-05	0.000301023479831	1.38401599922e-05	0.000695468039611	0.000169541959905	3.11403599826e-05	0.00024912287986	3.46003999806e-06	0.000318323679822	3.46003999806e-06	4.15204799767e-05	0	2.42202799864e-05	0	0
0.00644259447639	5.5360639969e-05	0.00152587763915	0	0.000283723279841	4.49805199748e-05	0.00835945663532	0.0570387593681	0.00961545115462	0.000110721279938	0.012546105033	0.000733528479589	0.000121101399932	0.000190302199893	0.010677683434	0.000235282719868	6.92007999612e-05	0.001778460559	7.61208799574e-05	6.22807199651e-05	0.000145321679919	0.00348080023805	3.11403599826e-05	0.00489249655726	0.00290643359837	3.11403599826e-05	0.000941130879473	0.000543226279696	0.0297736441833	0.0129889901527	0.0189610191894	1.38401599922e-05	6.57407599632e-05	0.00646681475638	0.00617963143654	0.00021452247988	5.5360639969e-05	6.92007999612e-06	0	0.000539766239698	0	0.00010726123994	0.000968811199457	0.000169541959905	0.00458109295743	0.00012456143993	7.61208799574e-05	0.000179922079899	1.03801199942e-05	0.000373684319791	4.49805199748e-05	2.42202799864e-05	3.46003999806e-06	1.03801199942e-05	2.42202799864e-05	0.000190302199893	2.07602399884e-05	0.000186842159895	0.000128021479928	0.00316247655823	0	5.19005999709e-05	0.00010726123994	0.00173694007903	0.000633187319645	3.80604399787e-05	0	0	6.57407599632e-05	0.00055360639969	0.000951510999467	0.000100341159944	0.00443923131751	0.00141861639921	0.000134941559924	4.49805199748e-05	3.46003999806e-06	0.0014255364792	0.000110721279938	0.000525926079705	4.15204799767e-05	0.000141861639921	3.46003999806e-06	3.46003999806e-06
0.00725224383594	2.07602399884e-05	0.000512085919713	0	3.80604399787e-05	0.000830409599535	0.0153487374314	0.00961545115462	0.0330433819815	0.00021452247988	0.0062453721965	5.5360639969e-05	0.00115565335935	1.73001999903e-05	0.0139197409122	1.03801199942e-05	1.38401599922e-05	7.61208799574e-05	0	0	0.000460185319742	0.000418664839766	3.80604399787e-05	0.000941130879473	0.000525926079705	6.92007999612e-06	0.000456725279744	9.68811199457e-05	0.00353270083802	0.00237012739867	0.00251544907859	0	0.000899610399496	0.000166081919907	0.00100687163944	0	6.92007999612e-06	0	0	0.00012456143993	0	3.46003999806e-05	0.000183382119897	9.34210799477e-05	0.00129405495928	3.11403599826e-05	6.22807199651e-05	0.000148781719917	0	0.000131481519926	3.11403599826e-05	6.92007999612e-06	0	0	3.46003999806e-06	7.95809199554e-05	1.38401599922e-05	0.000259502999855	6.22807199651e-05	0.000366764239795	0	2.42202799864e-05	2.07602399884e-05	0.000370224279793	6.22807199651e-05	1.03801199942e-05	0	0	0	0.000138401599922	0.000709308199603	2.07602399884e-05	0.00112797303937	0.000328703799816	6.92007999612e-06	0.000307943559828	0	0.00128367483928	0.000207602399884	0.000307943559828	3.46003999806e-06	0.000145321679919	0	6.92007999612e-06
0.000871930079512	0.00216944507879	0.00010726123994	0	0.00193416235892	6.92007999612e-06	9.68811199457e-05	0.000110721279938	0.00021452247988	0.0216529303079	2.07602399884e-05	0.00032178371982	0.00247392859861	0.000390984519781	0.00103801199942	0.000352924079802	0.000743908599583	3.11403599826e-05	2.42202799864e-05	0.000152241759915	0.00166773927907	0.000636647359643	0.00514853951712	0.000283723279841	0.010625782834	0.00104839211941	0.000885770239504	0.00224556595874	0.00474371483734	0.00184420131897	0.00240126775866	3.46003999806e-05	3.46003999806e-05	0.000377144359789	0.0025016089186	0.00012456143993	0.000193762239891	0	0	0.000840789719529	0	0.000269883119849	0.000148781719917	0.000422124879764	0.0074944466358	9.68811199457e-05	6.92007999612e-06	0.00021452247988	2.42202799864e-05	0.000525926079705	1.03801199942e-05	0.00158815835911	1.73001999903e-05	1.03801199942e-05	7.61208799574e-05	0.000449805199748	2.42202799864e-05	0.00179922079899	0.000152241759915	0.00586130775672	3.11403599826e-05	0.000134941559924	0.000152241759915	0.00128367483928	0.000252582919859	2.76803199845e-05	0	0	1.73001999903e-05	7.95809199554e-05	0.00179576075899	0.000193762239891	0.00101725175943	0.000525926079705	0.000743908599583	1.03801199942e-05	0	0.00075082867958	9.68811199457e-05	0.000283723279841	6.57407599632e-05	1.03801199942e-05	0	0
0.00102417183943	3.11403599826e-05	4.49805199748e-05	0	0.000937670839475	5.5360639969e-05	0.0121343602732	0.012546105033	0.0062453721965	2.07602399884e-05	0.033877251621	0.000871930079512	0.00258118983855	0.000508625879715	0.00661905651629	6.92007999612e-05	0	3.80604399787e-05	6.22807199651e-05	4.15204799767e-05	0.00334239863813	3.46003999806e-06	0	7.26608399593e-05	0.000470565439736	6.92007999612e-06	0.000390984519781	0.000515545959711	0.00920716643484	0.00584054751673	0.000193762239891	3.80604399787e-05	0.000117641359934	0.00108299251939	0.00423162891763	3.46003999806e-06	2.76803199845e-05	0	0	2.42202799864e-05	0	0	6.92007999612e-05	3.46003999806e-06	0.000183382119897	1.38401599922e-05	0	3.80604399787e-05	1.03801199942e-05	2.76803199845e-05	0	0	0	0	1.38401599922e-05	1.73001999903e-05	0	0	0	0.000159161839911	0	3.46003999806e-06	3.11403599826e-05	0.00012456143993	6.92007999612e-06	0	0	0	0	1.73001999903e-05	0.000235282719868	3.46003999806e-05	0.00324205747818	0.000747368639581	0	3.11403599826e-05	1.03801199942e-05	2.42202799864e-05	3.46003999806e-06	2.07602399884e-05	0	0	0	0
0.000837329679531	0.000242202799864	0.000235282719868	0	2.76803199845e-05	2.07602399884e-05	0.000114181319936	0.000733528479589	5.5360639969e-05	0.00032178371982	0.000871930079512	0.0247496661061	0.000650487519636	0.005352681877	0.00326973779817	1.03801199942e-05	1.38401599922e-05	0.000951510999467	0.00220750551876	0.00459839315742	0.00119025375933	0.000384064439785	0.000128021479928	0.000636647359643	0.000373684319791	0.000380604399787	0.00685433923616	0.00301369483831	0.000799269239552	0.00492709695724	0.000563986519684	0.000584746759673	0.000245662839862	0.000114181319936	0.0115669137135	0	8.30409599535e-05	1.73001999903e-05	0	3.46003999806e-06	0	6.57407599632e-05	1.38401599922e-05	2.07602399884e-05	0.000117641359934	8.30409599535e-05	0.000335623879812	4.15204799767e-05	0.000370224279793	1.73001999903e-05	0	5.19005999709e-05	3.46003999806e-06	1.03801199942e-05	3.11403599826e-05	1.73001999903e-05	3.46003999806e-06	0.000103801199942	5.5360639969e-05	6.22807199651e-05	0.000141861639921	0.000584746759673	0.000193762239891	5.19005999709e-05	3.46003999806e-06	0	0.00012456143993	0	0	8.65009999516e-05	0.00137017583923	0.0030379151183	0.00417280823766	0.00157085815912	2.07602399884e-05	4.15204799767e-05	0.000384064439785	0.000138401599922	0.000491325679725	0.000166081919907	2.42202799864e-05	1.03801199942e-05	0	2.42202799864e-05
0.000169541959905	0	3.46003999806e-06	0	0.00308289563827	4.84405599729e-05	0.00680589867619	0.000121101399932	0.00115565335935	0.00247392859861	0.00258118983855	0.000650487519636	0.0258707190655	0.00023182267987	0.00344619983807	0.000477485519733	0	0	0	0	0.0144698872719	3.46003999806e-06	6.92007999612e-05	1.73001999903e-05	0.000993031479444	3.46003999806e-06	7.61208799574e-05	3.46003999806e-05	0.00111759291937	0.00431466987758	2.76803199845e-05	1.73001999903e-05	0.000664327679628	2.07602399884e-05	0.00237012739867	6.92007999612e-06	3.46003999806e-06	0	0	1.03801199942e-05	0	3.46003999806e-06	3.46003999806e-06	3.46003999806e-06	8.99610399496e-05	1.03801199942e-05	0	0.000868470039514	3.46003999806e-06	3.46003999806e-06	0	2.76803199845e-05	0	0	3.46003999806e-06	3.46003999806e-06	0	5.5360639969e-05	0	5.5360639969e-05	0	0	3.46003999806e-06	3.80604399787e-05	3.46003999806e-06	3.46003999806e-06	0	0	0	0	0.000256042959857	3.46003999806e-05	0.00162621879909	0.00032178371982	0.000519005999709	2.07602399884e-05	2.76803199845e-05	2.42202799864e-05	1.03801199942e-05	1.03801199942e-05	3.46003999806e-06	0	0	3.46003999806e-06
0.000522466039707	0.000709308199603	0.000121101399932	0	5.5360639969e-05	0	2.42202799864e-05	0.000190302199893	1.73001999903e-05	0.000390984519781	0.000508625879715	0.005352681877	0.00023182267987	0.0229296850672	0.00102417183943	1.38401599922e-05	5.5360639969e-05	6.22807199651e-05	0.000301023479831	0.000186842159895	0.000795809199554	0.000193762239891	0.000470565439736	0.000176462039901	0.000318323679822	0.00490979675725	0.00293411391836	0.00834215643533	0.00032178371982	0.00256388963856	0.000121101399932	0.00117987363934	0	0.000228362639872	0.0030309950383	0	0.000166081919907	0	0	3.46003999806e-06	0	7.95809199554e-05	1.38401599922e-05	6.92007999612e-06	0.000193762239891	7.95809199554e-05	0.00184766135897	3.80604399787e-05	0.00401018635775	1.73001999903e-05	0	6.57407599632e-05	3.46003999806e-05	6.92007999612e-06	0.000283723279841	1.03801199942e-05	4.84405599729e-05	0.00019722227989	1.03801199942e-05	0.000134941559924	0.00313479623824	0.00105531219941	0.000173001999903	0.000162621879909	3.46003999806e-06	2.76803199845e-05	2.07602399884e-05	0	0	0.00010726123994	0.000965351159459	0.00294449403835	0.00281301251842	0.000692007999612	3.46003999806e-06	3.80604399787e-05	0.000636647359643	6.92007999612e-05	0.00199298303888	9.68811199457e-05	0	0	0	0.00102071179943
0.0165355311507	3.46003999806e-05	0.0025085289986	0	0.000148781719917	0.00019722227989	0.00478869535732	0.010677683434	0.0139197409122	0.00103801199942	0.00661905651629	0.00326973779817	0.00344619983807	0.00102417183943	0.0495962133322	4.84405599729e-05	7.61208799574e-05	0.00163313887909	0.000224902599874	0.000148781719917	0.00389600503782	0.00219020531877	0.00044634515975	0.00401364639775	0.00115911339935	3.11403599826e-05	0.00302061491831	0.000636647359643	0.00661905651629	0.0259849003854	0.0112658902337	0.000114181319936	0.00133903547925	0.0012456143993	0.0101344571543	0	5.19005999709e-05	1.03801199942e-05	0	5.88206799671e-05	0	1.03801199942e-05	5.5360639969e-05	7.26608399593e-05	0.00210370431882	1.38401599922e-05	1.73001999903e-05	7.61208799574e-05	1.03801199942e-05	0.000110721279938	1.03801199942e-05	7.61208799574e-05	0	6.92007999612e-06	2.76803199845e-05	3.46003999806e-05	4.84405599729e-05	0.00090999051949	8.65009999516e-05	0.000546686319694	3.46003999806e-06	2.76803199845e-05	5.5360639969e-05	0.000477485519733	5.19005999709e-05	3.11403599826e-05	0	0	3.46003999806e-06	6.92007999612e-05	0.00256388963856	0.000349464039804	0.00490633671725	0.00103455195942	0.00010726123994	0.000166081919907	5.19005999709e-05	0.00202412339887	0.000567446559682	0.000166081919907	1.03801199942e-05	0.000138401599922	6.92007999612e-06	0
1.03801199942e-05	0	1.38401599922e-05	0	4.84405599729e-05	0.000373684319791	8.65009999516e-05	0.000235282719868	1.03801199942e-05	0.000352924079802	6.92007999612e-05	1.03801199942e-05	0.000477485519733	1.38401599922e-05	4.84405599729e-05	0.00456379275744	3.46003999806e-06	0	3.46003999806e-06	0	6.22807199651e-05	0	3.46003999806e-06	3.11403599826e-05	0.00046364535974	0	2.07602399884e-05	4.49805199748e-05	0.000418664839766	0.000276803199845	0.000166081919907	6.92007999612e-06	3.46003999806e-05	0.000141861639921	0.000456725279744	0	0	0	0	6.92007999612e-06	0	3.46003999806e-06	1.03801199942e-05	3.46003999806e-06	6.92007999612e-05	6.92007999612e-06	0	0	0	1.03801199942e-05	0	3.46003999806e-06	0	0	0	0	3.46003999806e-06	0	0	5.5360639969e-05	0	3.46003999806e-06	3.46003999806e-06	2.76803199845e-05	1.38401599922e-05	0	0	0	0	3.46003999806e-06	0.000183382119897	6.57407599632e-05	0.000487865639727	0.000522466039707	0.00334585867813	1.03801199942e-05	0	3.80604399787e-05	0	3.46003999806e-06	0	0	0	0
4.84405599729e-05	0.000764668839572	0.000986111399448	0	6.92007999612e-06	3.46003999806e-06	3.46003999806e-06	6.92007999612e-05	1.38401599922e-05	0.000743908599583	0	1.38401599922e-05	0	5.5360639969e-05	7.61208799574e-05	3.46003999806e-06	0.016134166511	0.0005363061997	6.92007999612e-06	4.15204799767e-05	1.38401599922e-05	0.00282339263842	0.00603430975662	0.00492709695724	0.00365726227795	0.000148781719917	0.000287183319839	0.00454995259745	0.00153625775914	0.000169541959905	0.00042904495976	3.46003999806e-06	1.38401599922e-05	5.5360639969e-05	0.000823489519539	1.03801199942e-05	7.26608399593e-05	6.92007999612e-06	0	6.92007999612e-06	0	1.38401599922e-05	2.42202799864e-05	2.76803199845e-05	0.00144283667919	3.46003999806e-06	0	0	0	1.38401599922e-05	3.46003999806e-06	0.00242202799864	3.46003999806e-06	0	0	0	0.000301023479831	0.00427660943761	0.000588206799671	0.00136325575924	0	3.46003999806e-05	0.000100341159944	0.00100687163944	1.73001999903e-05	9.68811199457e-05	3.46003999806e-06	0	6.92007999612e-06	3.11403599826e-05	0.00227670631873	0.000470565439736	0.000591666839669	0.000422124879764	2.07602399884e-05	3.80604399787e-05	3.46003999806e-06	0.00108645255939	0.00115219331935	6.92007999612e-05	6.92007999612e-05	2.76803199845e-05	0	0
0.0016123786391	0.00385102451784	0.0168123343506	0	0	0	0	0.001778460559	7.61208799574e-05	3.11403599826e-05	3.80604399787e-05	0.000951510999467	0	6.22807199651e-05	0.00163313887909	0	0.0005363061997	0.0408942127371	8.65009999516e-05	0.00743908599583	0.00010726123994	0.00526964091705	0.000408284719771	0.0168261745106	0.000415204799767	2.42202799864e-05	0.0138782204322	0.0147985910717	0.00175078023902	0.00067816783962	0.00777124983565	6.92007999612e-06	0	5.19005999709e-05	0.00542534271696	4.84405599729e-05	0.00487865639727	0.00127675475929	0	1.73001999903e-05	6.92007999612e-06	1.73001999903e-05	7.26608399593e-05	3.11403599826e-05	0.000110721279938	5.88206799671e-05	3.46003999806e-06	2.42202799864e-05	6.92007999612e-06	2.76803199845e-05	1.38401599922e-05	7.26608399593e-05	0.00132173527926	0	0.000311403599826	2.42202799864e-05	4.15204799767e-05	0.000273343159847	0.000304483519829	8.65009999516e-05	6.92007999612e-06	0.00163313887909	0.00207256395884	8.99610399496e-05	6.92007999612e-06	2.76803199845e-05	3.46003999806e-06	0	0	0.000238742759866	0.00138055595923	0.000563986519684	0.00274035167847	0.00114873327936	0	4.15204799767e-05	3.80604399787e-05	0.000954971039465	0.000730068439591	0.000346003999806	0.000121101399932	3.46003999806e-05	2.76803199845e-05	0
5.88206799671e-05	3.46003999806e-06	3.46003999806e-05	0	1.03801199942e-05	0	0	7.61208799574e-05	0	2.42202799864e-05	6.22807199651e-05	0.00220750551876	0	0.000301023479831	0.000224902599874	3.46003999806e-06	6.92007999612e-06	8.65009999516e-05	0.00879196163508	0.00138401599922	1.03801199942e-05	4.49805199748e-05	2.76803199845e-05	7.26608399593e-05	3.80604399787e-05	0.00170233967905	0.00647027479638	0.00109337263939	7.26608399593e-05	0.000349464039804	3.80604399787e-05	3.46003999806e-06	0	2.76803199845e-05	0.000650487519636	1.38401599922e-05	5.88206799671e-05	1.38401599922e-05	0	1.38401599922e-05	0	3.80604399787e-05	1.38401599922e-05	5.5360639969e-05	2.42202799864e-05	9.68811199457e-05	0.000539766239698	5.19005999709e-05	0.000190302199893	0.000159161839911	0	1.38401599922e-05	1.03801199942e-05	0.000179922079899	6.57407599632e-05	5.5360639969e-05	1.73001999903e-05	6.57407599632e-05	1.38401599922e-05	3.11403599826e-05	0.000415204799767	0.00219712539877	0.000775048959566	3.46003999806e-05	7.26608399593e-05	0	0.000418664839766	0	0	0.000221442559876	0.000190302199893	0.000567446559682	0.000390984519781	0.000259502999855	0	0	0	5.88206799671e-05	0.00101033167943	0.000366764239795	3.11403599826e-05	0	0	0
0.00010726123994	0.00307597555828	0.000681627879618	0	0	0	0	6.22807199651e-05	0	0.000152241759915	4.15204799767e-05	0.00459839315742	0	0.000186842159895	0.000148781719917	0	4.15204799767e-05	0.00743908599583	0.00138401599922	0.0204038558686	6.57407599632e-05	8.30409599535e-05	0.000266423079851	0.000605506999661	0.000169541959905	1.73001999903e-05	0.0131965925526	0.00423854899763	0.000100341159944	0.000262963039853	0.000771588919568	0	0	5.88206799671e-05	0.00420394859765	6.22807199651e-05	0.00270921131848	0.00046364535974	0	1.73001999903e-05	3.46003999806e-06	5.19005999709e-05	8.30409599535e-05	3.11403599826e-05	4.15204799767e-05	8.65009999516e-05	0.000266423079851	2.76803199845e-05	8.30409599535e-05	4.49805199748e-05	3.46003999806e-06	4.49805199748e-05	0.00115911339935	5.5360639969e-05	0.000743908599583	3.46003999806e-05	0	0.000141861639921	8.65009999516e-05	5.88206799671e-05	1.73001999903e-05	0.00148435715917	0.00131481519926	4.84405599729e-05	1.03801199942e-05	2.07602399884e-05	4.84405599729e-05	0	0	0.000370224279793	0.00138747603922	0.00155009791913	0.0010656923194	0.000190302199893	1.03801199942e-05	3.11403599826e-05	5.5360639969e-05	0.000709308199603	0.00114181319936	0.000259502999855	5.19005999709e-05	3.46003999806e-06	2.07602399884e-05	0
0.000290643359837	3.11403599826e-05	4.84405599729e-05	0	0.00492363691724	3.80604399787e-05	0.00258810991855	0.000145321679919	0.000460185319742	0.00166773927907	0.00334239863813	0.00119025375933	0.0144698872719	0.000795809199554	0.00389600503782	6.22807199651e-05	1.38401599922e-05	0.00010726123994	1.03801199942e-05	6.57407599632e-05	0.023261848907	2.42202799864e-05	5.5360639969e-05	0.00010726123994	0.00113143307937	2.07602399884e-05	0.0005363061997	0.000816569439543	0.00223518583875	0.00737680527587	6.57407599632e-05	5.19005999709e-05	0.000346003999806	0.000359844159798	0.00557066439688	6.92007999612e-06	2.07602399884e-05	0	0	6.92007999612e-06	0	0	3.46003999806e-06	0	7.26608399593e-05	0	0	0.000418664839766	3.11403599826e-05	0	0	3.46003999806e-05	3.46003999806e-06	0	6.92007999612e-06	0	0	4.84405599729e-05	3.46003999806e-06	5.19005999709e-05	0	2.42202799864e-05	4.49805199748e-05	5.19005999709e-05	3.46003999806e-06	3.46003999806e-06	0	0	0	0	0.000442885119752	0.000128021479928	0.00434581023757	0.000809649359547	5.5360639969e-05	2.07602399884e-05	4.15204799767e-05	2.76803199845e-05	2.07602399884e-05	1.03801199942e-05	3.46003999806e-06	0	0	3.46003999806e-06
0.00225940611873	0.000211062439882	0.00283723279841	0	0	3.46003999806e-06	4.84405599729e-05	0.00348080023805	0.000418664839766	0.000636647359643	3.46003999806e-06	0.000384064439785	3.46003999806e-06	0.000193762239891	0.00219020531877	0	0.00282339263842	0.00526964091705	4.49805199748e-05	8.30409599535e-05	2.42202799864e-05	0.0480218951331	0.000871930079512	0.0318669683822	0.0014324565592	0.000179922079899	0.00155701799913	0.00221442559876	0.00874006103511	0.00108299251939	0.0183105316697	3.46003999806e-05	3.46003999806e-06	0.000882310199506	0.0111205685538	3.46003999806e-06	3.11403599826e-05	0	0	6.92007999612e-06	0	0.000103801199942	6.22807199651e-05	0.000152241759915	0.000667787719626	5.88206799671e-05	3.46003999806e-06	3.46003999806e-06	3.46003999806e-06	1.73001999903e-05	3.46003999806e-06	0.000826949559537	0	0	6.92007999612e-06	3.46003999806e-06	0.000245662839862	0.00235628723868	0.000235282719868	0.000771588919568	6.92007999612e-06	4.15204799767e-05	9.68811199457e-05	0.000290643359837	0	0.000159161839911	0	0	0	3.46003999806e-06	0.000906530479492	0.00032178371982	0.00665365691627	0.00216944507879	7.26608399593e-05	0.000183382119897	6.92007999612e-06	0.00115565335935	0.00126637463929	3.11403599826e-05	3.80604399787e-05	2.07602399884e-05	0	0
0.000186842159895	0.00562256499685	0.00080272927955	0	3.46003999806e-06	1.03801199942e-05	6.92007999612e-06	3.11403599826e-05	3.80604399787e-05	0.00514853951712	0	0.000128021479928	6.92007999612e-05	0.000470565439736	0.00044634515975	3.46003999806e-06	0.00603430975662	0.000408284719771	2.76803199845e-05	0.000266423079851	5.5360639969e-05	0.000871930079512	0.0201789532687	0.00183382119897	0.00667441715626	0.00190302199893	0.00162621879909	0.00810687371546	0.000584746759673	0.000830409599535	0.000640107399642	1.03801199942e-05	3.11403599826e-05	0.000183382119897	0.00146359691918	3.80604399787e-05	0.000664327679628	2.07602399884e-05	0	1.03801199942e-05	0	2.42202799864e-05	1.38401599922e-05	4.49805199748e-05	0.0033977592781	0	0	1.38401599922e-05	3.46003999806e-05	1.38401599922e-05	6.92007999612e-06	0.00472641463735	3.11403599826e-05	0	4.15204799767e-05	0	0.000311403599826	0.00744946611583	0.000878850159508	0.00312095607825	2.07602399884e-05	0.000176462039901	0.000788889119558	0.00201028323887	4.49805199748e-05	0.00010726123994	6.92007999612e-06	0	1.38401599922e-05	2.07602399884e-05	0.00237012739867	0.000546686319694	0.000757748759576	0.000273343159847	1.38401599922e-05	1.38401599922e-05	3.46003999806e-06	0.000840789719529	0.000820029479541	7.95809199554e-05	7.61208799574e-05	4.49805199748e-05	3.46003999806e-06	0
0.00423854899763	0.000494785719723	0.0208675012283	0	1.73001999903e-05	6.92007999612e-06	0.000103801199942	0.00489249655726	0.000941130879473	0.000283723279841	7.26608399593e-05	0.000636647359643	1.73001999903e-05	0.000176462039901	0.00401364639775	3.11403599826e-05	0.00492709695724	0.0168261745106	7.26608399593e-05	0.000605506999661	0.00010726123994	0.0318669683822	0.00183382119897	0.0845010968327	0.000840789719529	0.000235282719868	0.00725916391593	0.0174524417502	0.0085635989952	0.0024946888386	0.0173036600303	2.76803199845e-05	2.07602399884e-05	0.000217982519878	0.012514964673	0	0.000525926079705	0.000314863639824	0	2.07602399884e-05	0	0.000138401599922	9.68811199457e-05	0.000217982519878	0.000266423079851	8.30409599535e-05	2.76803199845e-05	3.46003999806e-06	3.46003999806e-06	4.49805199748e-05	6.92007999612e-06	0.00374030323791	6.92007999612e-06	3.46003999806e-06	5.88206799671e-05	2.07602399884e-05	0.000778508999564	0.00951857003467	0.00456725279744	0.000692007999612	1.38401599922e-05	0.000193762239891	0.000736988519587	0.000397904599777	1.03801199942e-05	0.000328703799816	3.46003999806e-06	0	0	7.61208799574e-05	0.00485443611728	0.000903070439494	0.0149992733916	0.00934210799477	0.000390984519781	0.000404824679773	2.42202799864e-05	0.00234244707869	0.00221096555876	0.000238742759866	0.000224902599874	0.000117641359934	0	0
0.000923830679483	0.00293411391836	0.000806189319549	0	0.00705502155605	6.92007999612e-06	0.000705848159605	0.00290643359837	0.000525926079705	0.010625782834	0.000470565439736	0.000373684319791	0.000993031479444	0.000318323679822	0.00115911339935	0.00046364535974	0.00365726227795	0.000415204799767	3.80604399787e-05	0.000169541959905	0.00113143307937	0.0014324565592	0.00667441715626	0.000840789719529	0.0466724795339	0.00087539011951	0.00109337263939	0.00452227227747	0.0204384562686	0.00239780771866	0.00366072231795	2.07602399884e-05	1.38401599922e-05	0.000709308199603	0.00409668735771	0.000415204799767	0.000145321679919	1.38401599922e-05	0	0.00175770031902	0	0.000311403599826	0.00114527323936	0.000529386119704	0.0120720795532	0.000190302199893	1.73001999903e-05	0.000145321679919	3.46003999806e-06	0.000595126879667	3.46003999806e-06	0.000650487519636	2.76803199845e-05	1.38401599922e-05	0.000117641359934	0.000352924079802	9.34210799477e-05	0.00128713487928	0.000269883119849	0.00868470039514	2.76803199845e-05	0.000173001999903	0.000276803199845	0.00434235019757	0.000709308199603	9.34210799477e-05	3.46003999806e-06	0	8.30409599535e-05	0.000159161839911	0.00226632619873	0.00024912287986	0.00198952299889	0.00158469831911	0.000830409599535	5.19005999709e-05	3.46003999806e-06	0.00221442559876	0.0003563841198	0.000494785719723	0.000155701799913	4.15204799767e-05	0	0
1.73001999903e-05	0.00443923131751	7.26608399593e-05	0	3.46003999806e-06	0	0	3.11403599826e-05	6.92007999612e-06	0.00104839211941	6.92007999612e-06	0.000380604399787	3.46003999806e-06	0.00490979675725	3.11403599826e-05	0	0.000148781719917	2.42202799864e-05	0.00170233967905	1.73001999903e-05	2.07602399884e-05	0.000179922079899	0.00190302199893	0.000235282719868	0.00087539011951	0.019573446269	0.00668825731625	0.0105773422741	8.65009999516e-05	7.26608399593e-05	4.49805199748e-05	0	0	1.73001999903e-05	0.000719688319597	0	0.00161929871909	0	0	4.15204799767e-05	0	1.73001999903e-05	2.42202799864e-05	4.15204799767e-05	5.5360639969e-05	0.000138401599922	0.00105531219941	9.34210799477e-05	0.00220404547877	8.65009999516e-05	0	1.38401599922e-05	3.11403599826e-05	6.92007999612e-05	0.000169541959905	0.000121101399932	1.73001999903e-05	4.84405599729e-05	3.11403599826e-05	0.000141861639921	0.00519698007709	0.00395828575778	0.00276803199845	6.92007999612e-05	5.5360639969e-05	3.46003999806e-06	0.000546686319694	0	6.92007999612e-06	0.000200682319888	0.000301023479831	0.000574366639678	0.000806189319549	7.95809199554e-05	0	0	0.000283723279841	0.000287183319839	0.000705848159605	0.000664327679628	0.000121101399932	0	0	0.000730068439591
0.0023216868387	0.00969503207457	0.0136048772724	0	4.15204799767e-05	6.92007999612e-06	2.42202799864e-05	0.000941130879473	0.000456725279744	0.000885770239504	0.000390984519781	0.00685433923616	7.61208799574e-05	0.00293411391836	0.00302061491831	2.07602399884e-05	0.000287183319839	0.0138782204322	0.00647027479638	0.0131965925526	0.0005363061997	0.00155701799913	0.00162621879909	0.00725916391593	0.00109337263939	0.00668825731625	0.0829025583536	0.0311991806625	0.00146013687918	0.00341505947809	0.00389600503782	0.000349464039804	1.38401599922e-05	0.000290643359837	0.00942514895472	0.000173001999903	0.0117502958334	0.00104493207941	0	0.00010726123994	6.92007999612e-06	6.22807199651e-05	0.000366764239795	0.000235282719868	0.000453265239746	0.000387524479783	0.00113143307937	0.000200682319888	0.000373684319791	0.000522466039707	1.73001999903e-05	0.000262963039853	0.00293411391836	0.000494785719723	0.0064356743964	0.000314863639824	0.000217982519878	0.000719688319597	0.000397904599777	0.000615887119655	0.00277841211844	0.00918294615486	0.00953587023466	0.000408284719771	0.000221442559876	5.5360639969e-05	0.000653947559634	3.46003999806e-06	6.92007999612e-06	0.00138401599922	0.00623153203651	0.00700312095608	0.00551876379691	0.00191340211893	5.5360639969e-05	4.84405599729e-05	0.00010726123994	0.00237358743867	0.00322475727819	0.0021348446788	0.000522466039707	2.07602399884e-05	3.11403599826e-05	2.76803199845e-05
0.000370224279793	0.0184835336696	0.0297113634634	0	7.61208799574e-05	2.07602399884e-05	2.42202799864e-05	0.000543226279696	9.68811199457e-05	0.00224556595874	0.000515545959711	0.00301369483831	3.46003999806e-05	0.00834215643533	0.000636647359643	4.49805199748e-05	0.00454995259745	0.0147985910717	0.00109337263939	0.00423854899763	0.000816569439543	0.00221442559876	0.00810687371546	0.0174524417502	0.00452227227747	0.0105773422741	0.0311991806625	0.113928737016	0.0019653027189	0.00259156995855	0.00102071179943	0.000346003999806	4.49805199748e-05	0.000501705799719	0.00880580179507	2.42202799864e-05	0.0152483962715	0.00135633567924	0	0.000103801199942	0	0.000117641359934	7.95809199554e-05	0.000110721279938	0.000885770239504	0.000276803199845	0.00147051699918	0.000117641359934	0.00212792459881	7.95809199554e-05	0	0.00353616087802	0.000920370639485	3.11403599826e-05	0.00155701799913	0.000173001999903	0.000525926079705	0.00969849211457	0.00533538167701	0.000865009999516	0.00350848055804	0.0051831399171	0.00963275135461	0.000820029479541	3.80604399787e-05	0.000148781719917	0.000332163839814	0	3.46003999806e-06	0.00118679371934	0.0139405011522	0.00674707799622	0.0103628197942	0.00480599555731	3.80604399787e-05	4.15204799767e-05	0.000121101399932	0.00369532271793	0.00319707695821	0.00208294407883	0.000581286719674	0.000190302199893	2.07602399884e-05	0.000370224279793
0.00359844159798	0.000117641359934	0.00240472779865	0	0.0048129156373	4.84405599729e-05	0.00449459195748	0.0297736441833	0.00353270083802	0.00474371483734	0.00920716643484	0.000799269239552	0.00111759291937	0.00032178371982	0.00661905651629	0.000418664839766	0.00153625775914	0.00175078023902	7.26608399593e-05	0.000100341159944	0.00223518583875	0.00874006103511	0.000584746759673	0.0085635989952	0.0204384562686	8.65009999516e-05	0.00146013687918	0.0019653027189	0.0764565038372	0.0104285605542	0.0173832409503	4.15204799767e-05	9.68811199457e-05	0.00402402651775	0.0124007833531	0.000442885119752	0.000110721279938	1.38401599922e-05	0	0.00306905547828	0	0.000394444559779	0.00180960091899	0.000605506999661	0.016096106071	0.00055360639969	2.76803199845e-05	0.000294103399835	1.38401599922e-05	0.000878850159508	2.76803199845e-05	0.0005363061997	3.46003999806e-06	2.42202799864e-05	0.000131481519926	0.00106223227941	6.57407599632e-05	0.000775048959566	0.000301023479831	0.0116949351935	2.76803199845e-05	0.000138401599922	0.00032178371982	0.00615541115655	0.00110375275938	0.000117641359934	0	0	9.34210799477e-05	0.000816569439543	0.00283723279841	0.000280263239843	0.00914834575488	0.00414512791768	0.000408284719771	0.000512085919713	6.92007999612e-06	0.00312787615825	0.000346003999806	0.000820029479541	0.000162621879909	0.000114181319936	3.46003999806e-06	0
0.00986803407447	9.68811199457e-05	0.00164697903908	0	0.000723148359595	0.000394444559779	0.00189264187894	0.0129889901527	0.00237012739867	0.00184420131897	0.00584054751673	0.00492709695724	0.00431466987758	0.00256388963856	0.0259849003854	0.000276803199845	0.000169541959905	0.00067816783962	0.000349464039804	0.000262963039853	0.00737680527587	0.00108299251939	0.000830409599535	0.0024946888386	0.00239780771866	7.26608399593e-05	0.00341505947809	0.00259156995855	0.0104285605542	0.0644501650439	0.0200786121088	0.000200682319888	0.00332163839814	0.0110098472738	0.0289605347838	2.42202799864e-05	9.68811199457e-05	3.46003999806e-06	0	0.000401364639775	0	2.76803199845e-05	0.000190302199893	0.000173001999903	0.00349118035804	7.95809199554e-05	2.42202799864e-05	0.000117641359934	7.61208799574e-05	0.000359844159798	1.03801199942e-05	0.000304483519829	3.46003999806e-06	2.07602399884e-05	6.92007999612e-05	0.000252582919859	0.000138401599922	0.00109337263939	0.000148781719917	0.00176462039901	3.46003999806e-06	7.26608399593e-05	0.000138401599922	0.0012525344793	0.000134941559924	0.00010726123994	0	0	3.46003999806e-06	0.000193762239891	0.00867086023514	0.00115565335935	0.016096106071	0.00305521531829	0.000159161839911	0.000370224279793	8.30409599535e-05	0.00200336315888	0.000390984519781	0.000480945559731	5.88206799671e-05	0.000346003999806	1.38401599922e-05	6.92007999612e-06
0.0110444476738	6.92007999612e-05	0.0039271453978	0	1.38401599922e-05	1.73001999903e-05	0.000532846159702	0.0189610191894	0.00251544907859	0.00240126775866	0.000193762239891	0.000563986519684	2.76803199845e-05	0.000121101399932	0.0112658902337	0.000166081919907	0.00042904495976	0.00777124983565	3.80604399787e-05	0.000771588919568	6.57407599632e-05	0.0183105316697	0.000640107399642	0.0173036600303	0.00366072231795	4.49805199748e-05	0.00389600503782	0.00102071179943	0.0173832409503	0.0200786121088	0.0666715107227	1.38401599922e-05	4.15204799767e-05	0.0102417183943	0.0180544887099	1.03801199942e-05	4.15204799767e-05	3.46003999806e-06	0	0.000166081919907	0	4.84405599729e-05	0.000567446559682	0.000245662839862	0.00484405599729	9.34210799477e-05	2.07602399884e-05	2.76803199845e-05	3.46003999806e-06	0.000273343159847	3.46003999806e-06	0.000387524479783	0	6.92007999612e-06	3.11403599826e-05	3.46003999806e-05	3.80604399787e-05	0.000747368639581	0.000128021479928	0.00229400651872	0	3.46003999806e-05	6.57407599632e-05	0.00113143307937	0.000148781719917	3.46003999806e-05	0	3.46003999806e-06	6.92007999612e-06	0.000145321679919	0.00330433819815	0.00033908391981	0.0064218342364	0.00184766135897	0.000173001999903	0.000103801199942	4.84405599729e-05	0.00283031271842	0.000366764239795	0.000145321679919	1.38401599922e-05	0.00023182267987	3.46003999806e-06	0
7.26608399593e-05	3.46003999806e-06	6.92007999612e-06	0	6.92007999612e-06	0	0	1.38401599922e-05	0	3.46003999806e-05	3.80604399787e-05	0.000584746759673	1.73001999903e-05	0.00117987363934	0.000114181319936	6.92007999612e-06	3.46003999806e-06	6.92007999612e-06	3.46003999806e-06	0	5.19005999709e-05	3.46003999806e-05	1.03801199942e-05	2.76803199845e-05	2.07602399884e-05	0	0.000349464039804	0.000346003999806	4.15204799767e-05	0.000200682319888	1.38401599922e-05	0.00129059491928	0	3.46003999806e-06	0.00021452247988	0	3.46003999806e-06	0	0	0	0	0	0	0	1.73001999903e-05	0	3.46003999806e-06	0	2.07602399884e-05	6.92007999612e-06	0	6.92007999612e-06	0	0	2.42202799864e-05	0	0	1.03801199942e-05	3.46003999806e-06	1.73001999903e-05	0	1.38401599922e-05	3.46003999806e-06	6.92007999612e-06	0	0	0	0	0	0	4.84405599729e-05	0.000245662839862	0.000173001999903	0.000117641359934	0	3.46003999806e-06	3.46003999806e-06	3.46003999806e-06	3.46003999806e-06	0	0	0	0	0
2.76803199845e-05	0	1.73001999903e-05	0	3.11403599826e-05	0.00276803199845	0.00153971779914	6.57407599632e-05	0.000899610399496	3.46003999806e-05	0.000117641359934	0.000245662839862	0.000664327679628	0	0.00133903547925	3.46003999806e-05	1.38401599922e-05	0	0	0	0.000346003999806	3.46003999806e-06	3.11403599826e-05	2.07602399884e-05	1.38401599922e-05	0	1.38401599922e-05	4.49805199748e-05	9.68811199457e-05	0.00332163839814	4.15204799767e-05	0	0.00745984623582	1.73001999903e-05	0.00278187215844	1.03801199942e-05	0	0	0	1.03801199942e-05	0	0	0	2.76803199845e-05	7.61208799574e-05	0	0	0	0	2.42202799864e-05	0	1.38401599922e-05	0	0	0	0	0	4.49805199748e-05	6.92007999612e-06	3.80604399787e-05	0	3.46003999806e-06	3.46003999806e-06	3.80604399787e-05	6.92007999612e-06	6.92007999612e-06	0	0	0	6.92007999612e-06	0.00116949351935	6.22807199651e-05	0.00139785615922	0.00024912287986	3.46003999806e-06	0.00132519531926	1.03801199942e-05	4.84405599729e-05	1.73001999903e-05	1.73001999903e-05	0	3.80604399787e-05	0	0
