0.01107798001	0	3.81670284583e-05	0	0.000124042842489	9.54175711457e-06	0.000543880155531	0.00195128932993	0.00304859139811	0.000186064263734	0.000262398320651	4.77087855729e-06	0.000314877984781	0	0.00350659573961	2.38543927864e-05	5.72505426874e-05	4.77087855729e-06	0	4.77087855729e-06	0.000190835142291	0.000257627442093	3.81670284583e-05	0.000219460413635	0.000601130698218	4.77087855729e-06	9.54175711457e-06	4.77087855729e-06	0.000849216383197	0.00631664320985	0.00266215023497	0	1.43126356719e-05	0.00172228715918	0.00109253118962	0	0	4.77087855729e-06	0	0	0	0	9.54175711457e-06	0	4.77087855729e-05	0	0	4.77087855729e-06	0	0	0	4.77087855729e-06	0	0	0	0	0	1.43126356719e-05	9.54175711457e-06	2.86252713437e-05	0	0	0	1.43126356719e-05	4.77087855729e-06	9.54175711457e-06	0	0	4.77087855729e-06	0	0.000257627442093	2.86252713437e-05	0.000410295555927	0.000119271963932	5.24796641301e-05	9.54175711457e-06	0	4.77087855729e-06	0	0	0	0	0	0
0	0.0182915483886	0.00384532811717	0	0	0	0	1.43126356719e-05	0	3.81670284583e-05	0	0.000500942248515	0	0.000343503256125	4.77087855729e-06	0	6.20214212447e-05	0.00142649268863	8.11049354739e-05	0.000901696047327	0	0.000186064263734	0.00187495527301	0.0010495932826	2.38543927864e-05	0.00289115240572	0.00671739700866	0.0105293289759	5.24796641301e-05	9.54175711457e-06	8.11049354739e-05	3.3396149901e-05	0	9.54175711457e-06	0.00115455261086	9.54175711457e-06	0.00281004747024	0.000233773049307	0	0	0	4.77087855729e-06	0	0	4.77087855729e-06	0	0.000238543927864	0	0.000100188449703	4.77087855729e-06	0	0.000109730206818	0.000171751628062	3.81670284583e-05	0.000219460413635	0	2.86252713437e-05	0.000567734548317	0.000143126356719	0	0.000462775220057	0.000916008682999	0.00130244984614	9.54175711457e-06	4.77087855729e-06	1.90835142291e-05	4.77087855729e-06	0	0	0.000238543927864	0.000376899406026	0.000811049354739	0.00077288232628	0.00033396149901	4.77087855729e-06	4.77087855729e-06	9.54175711457e-06	5.72505426874e-05	0.000381670284583	0.000162209870948	5.72505426874e-05	0	4.77087855729e-06	9.54175711457e-06
3.81670284583e-05	0.00384532811717	0.0504568116219	0	4.77087855729e-06	0	4.77087855729e-06	0.000181293385177	5.72505426874e-05	0.000224231292192	0	0.000286252713437	4.77087855729e-06	6.6792299802e-05	3.81670284583e-05	2.38543927864e-05	0.00141218005296	0.00855895613177	4.77087855729e-05	0.000997113618473	9.54175711457e-06	0.00346842871115	0.00258104529949	0.0239068724506	0.000329190620453	0.000138355478161	0.0104052861334	0.0150807471196	0.000849216383197	0.000267169199208	0.00145988883853	1.43126356719e-05	0	0.000171751628062	0.00689869039384	0	0.00123088666778	0.000195606020849	0	0	0	0	0	0	5.72505426874e-05	0	1.90835142291e-05	0	0	0	4.77087855729e-06	0.000138355478161	0.000114501085375	0	2.86252713437e-05	0	7.15631783593e-05	0.000997113618473	0.000219460413635	3.3396149901e-05	3.3396149901e-05	0.000147897235276	0.000620214212447	2.86252713437e-05	0	4.77087855729e-05	0	0	0	0.000152668113833	0.00370220176045	0.00291023591994	0.00518117411321	0.00250948212113	0.000166980749505	4.77087855729e-05	4.77087855729e-05	0.00015743899239	0.000195606020849	9.06466925884e-05	1.43126356719e-05	9.54175711457e-06	0	0
0	0	0	0	0	0	0	0	0	0	0	0	0	0	0	0	0	0	0	0	0	0	0	0	0	0	0	0	0	0	0	0	0	0	0	0	0	0	0	0	0	0	0	0	0	0	0	0	0	0	0	0	0	0	0	0	0	0	0	0	0	0	0	0	0	0	0	0	0	0	0	0	0	0	0	0	0	0	0	0	0	0	0	0
0.000124042842489	0	4.77087855729e-06	0	0.0153956251044	0	0.00118794876076	0.00156484816679	0.000376899406026	0.000314877984781	0.00153622289545	0	0.00290069416283	0	0.000128813721047	1.43126356719e-05	4.77087855729e-06	4.77087855729e-06	0	0	0.0100283867274	3.81670284583e-05	9.54175711457e-06	3.3396149901e-05	0.00784809522674	0	0	0	0.00372128527468	0.000429379070156	0.000262398320651	0	4.77087855729e-06	0.000224231292192	0.000209918656521	0	0	0	0	0.000605901576775	0	0	1.43126356719e-05	0	3.3396149901e-05	0	0	4.77087855729e-05	0	0	0	0	0	0	0	0	0	4.77087855729e-06	0	2.86252713437e-05	0	0	0	2.86252713437e-05	0	9.54175711457e-06	0	0	0	0	6.20214212447e-05	0	7.15631783593e-05	1.90835142291e-05	6.20214212447e-05	4.77087855729e-06	0	0	0	0	0	0	0	0
9.54175711457e-06	0	0	0	0	0.00466114835047	0.000834903747525	1.43126356719e-05	0.00210395744376	0	0	4.77087855729e-06	4.77087855729e-06	4.77087855729e-06	0.000978030104244	0.000319648863338	0	0	0	0	0	4.77087855729e-06	4.77087855729e-06	9.54175711457e-06	1.43126356719e-05	4.77087855729e-06	0	0	3.3396149901e-05	0.00066792299802	1.43126356719e-05	0	0.00216597886501	2.38543927864e-05	0.00110207294673	0	0	0	0	0	0	0	0	0	0	0	0	0	0	0	0	0	0	0	0	0	4.77087855729e-06	0	0	0	0	0	0	4.77087855729e-06	0	0	0	0	0	4.77087855729e-06	4.29379070156e-05	2.38543927864e-05	0.000243314806422	6.20214212447e-05	0.000710860905036	0.00104482240405	4.77087855729e-06	4.77087855729e-06	0	0	0	0	0	0
0.000543880155531	0	4.77087855729e-06	0	0.00118794876076	0.000834903747525	0.0330860427948	0.00260489969228	0.0116791107082	0.000171751628062	0.0105293289759	1.43126356719e-05	0.00944156866487	0	0.00315832160492	0.000252856563536	1.43126356719e-05	9.54175711457e-06	0	0	0.00322988478328	6.20214212447e-05	2.86252713437e-05	9.54175711457e-05	0.00153145201689	0	0	0	0.00144557620286	0.00218506237924	0.000395982920255	0	0.000529567519859	0.000415066434484	0.00128813721047	0	0	0	0	5.24796641301e-05	0	0	4.77087855729e-06	0	2.86252713437e-05	0	0	0.000190835142291	0	0	0	0	0	0	0	0	0	9.54175711457e-06	0	2.86252713437e-05	0	0	0	4.77087855729e-06	0	0	0	0	0	0	0.000152668113833	1.90835142291e-05	0.000458004341499	6.20214212447e-05	0.000114501085375	0.000181293385177	0	0	0	0	0	4.77087855729e-06	0	0
0.00195128932993	1.43126356719e-05	0.000181293385177	0	0.00156484816679	1.43126356719e-05	0.00260489969228	0.0318217599771	0.00264306672074	0.00103050976837	0.00416497698051	0	0.00175091243052	0	0.00183678824456	3.3396149901e-05	0.000329190620453	9.54175711457e-06	0	0	0.00161732783092	0.00110207294673	0.000295794470552	0.0010161971327	0.00524319553446	0	1.43126356719e-05	6.6792299802e-05	0.0130531237327	0.00421745664464	0.00734238209966	0	4.77087855729e-06	0.00163164046659	0.00181293385177	4.77087855729e-06	0	0	0	3.81670284583e-05	0	0	7.15631783593e-05	4.77087855729e-06	0.000238543927864	9.54175711457e-06	0	3.81670284583e-05	0	4.77087855729e-06	0	4.77087855729e-06	0	0	0	4.77087855729e-06	1.43126356719e-05	2.86252713437e-05	9.54175711457e-06	0.000162209870948	0	0	0	8.58758140312e-05	4.77087855729e-06	2.86252713437e-05	0	0	0	0	0.000534338398416	6.20214212447e-05	0.000729944419265	0.000200376899406	0.000128813721047	1.43126356719e-05	4.77087855729e-06	1.90835142291e-05	0	0	0	0	0	0
0.00304859139811	0	5.72505426874e-05	0	0.000376899406026	0.00210395744376	0.0116791107082	0.00264306672074	0.0355716705231	0.000143126356719	0.00259058705661	8.11049354739e-05	0.00177953770187	0	0.0152763531404	0.000119271963932	2.38543927864e-05	1.43126356719e-05	0	9.54175711457e-06	0.000758569690609	0.000133584599604	2.86252713437e-05	0.000133584599604	0.000901696047327	1.43126356719e-05	1.90835142291e-05	1.90835142291e-05	0.00100188449703	0.00705135850767	0.00119271963932	0	0.00259058705661	0.000925550440114	0.00391689129553	0	0	0	0	0	0	0	1.43126356719e-05	0	1.43126356719e-05	4.77087855729e-06	4.77087855729e-06	9.54175711457e-06	0	4.77087855729e-06	0	0	0	0	4.77087855729e-06	0	0	9.54175711457e-06	0	1.90835142291e-05	4.77087855729e-06	4.77087855729e-06	0	4.77087855729e-06	4.77087855729e-06	0	0	0	4.77087855729e-06	0	0.00043892082727	4.29379070156e-05	0.0014408053243	0.000224231292192	0.00017652250662	0.000691777390807	0	0	0	0	0	0	0	0
0.000186064263734	3.81670284583e-05	0.000224231292192	0	0.000314877984781	0	0.000171751628062	0.00103050976837	0.000143126356719	0.0172181007132	6.6792299802e-05	0	0.00104005152549	0	9.06466925884e-05	0.000314877984781	0.000939863075785	1.90835142291e-05	0	0	0.000367357648911	0.000749027933494	0.00293409031273	0.000987571861358	0.00684621072971	0	9.54175711457e-06	0.000243314806422	0.00309630018368	0.000849216383197	0.00160301519525	0	0	0.000601130698218	0.000839674626082	5.24796641301e-05	4.77087855729e-06	9.54175711457e-06	0	9.54175711457e-06	0	2.38543927864e-05	0.000419837313041	1.90835142291e-05	0.00221368765058	5.72505426874e-05	0	2.38543927864e-05	0	6.6792299802e-05	4.77087855729e-06	0.000119271963932	0	0	0	9.54175711457e-06	0.000100188449703	0.000572505426874	5.24796641301e-05	0.00143603444574	0	0	4.77087855729e-06	0.000653610362348	4.29379070156e-05	0.00015743899239	0	0	1.43126356719e-05	5.24796641301e-05	0.000500942248515	8.58758140312e-05	0.000391212041697	0.00015743899239	0.00143603444574	9.54175711457e-06	0	0.000114501085375	4.77087855729e-05	3.81670284583e-05	1.43126356719e-05	6.20214212447e-05	0	0
0.000262398320651	0	0	0	0.00153622289545	0	0.0105293289759	0.00416497698051	0.00259058705661	6.6792299802e-05	0.0239832065075	0	0.00721833925717	0	0.000715631783593	9.54175711457e-06	4.77087855729e-06	0	0	0	0.00468500274326	3.3396149901e-05	9.54175711457e-06	1.43126356719e-05	0.00155053553112	0	0	0	0.00185110088023	0.000410295555927	0.000190835142291	0	0	0.000143126356719	0.000195606020849	0	0	0	0	0.000376899406026	0	0	4.77087855729e-06	0	2.86252713437e-05	0	0	0.000424608191598	0	0	0	0	0	0	0	0	0	0	0	2.38543927864e-05	0	0	0	1.43126356719e-05	0	4.77087855729e-06	0	0	0	0	6.6792299802e-05	9.54175711457e-06	8.11049354739e-05	1.43126356719e-05	2.38543927864e-05	0	4.77087855729e-06	0	0	4.77087855729e-06	4.77087855729e-06	0	0	0
4.77087855729e-06	0.000500942248515	0.000286252713437	0	0	4.77087855729e-06	1.43126356719e-05	0	8.11049354739e-05	0	0	0.0269936308771	0	0.00779084468405	0.000128813721047	0	1.43126356719e-05	0.000706090026478	0.00250948212113	0.00229956346461	0	2.86252713437e-05	4.77087855729e-06	0.000109730206818	0	0.00324419741895	0.00869254073138	0.00198468547983	9.54175711457e-06	0.000286252713437	3.3396149901e-05	0.00177953770187	2.38543927864e-05	2.86252713437e-05	0.00452756375086	0	0.000200376899406	9.54175711457e-06	0	0	0	0	0	0	0	0	0.000305336227666	0	0.000200376899406	0	0	4.77087855729e-06	0	3.3396149901e-05	6.6792299802e-05	0	4.77087855729e-06	4.77087855729e-06	0	0	0.000520025762744	0.000214689535078	0.00017652250662	0	0	4.77087855729e-06	0	0	0	4.29379070156e-05	0.000195606020849	0.00239498103576	0.0032728226903	0.000348274134682	1.43126356719e-05	3.81670284583e-05	0.000572505426874	0	0.000357815891796	6.6792299802e-05	1.43126356719e-05	0	0	4.29379070156e-05
0.000314877984781	0	4.77087855729e-06	0	0.00290069416283	4.77087855729e-06	0.00944156866487	0.00175091243052	0.00177953770187	0.00104005152549	0.00721833925717	0	0.0306147277021	0	0.000586818062546	0.000605901576775	9.54175711457e-06	0	0	0	0.00977075928532	3.3396149901e-05	2.38543927864e-05	5.24796641301e-05	0.00229479258605	0	0	0	0.00122611578922	0.000629755969562	0.000262398320651	0	4.77087855729e-06	0.000209918656521	0.000314877984781	0	0	0	0	0.000677464755135	0	0	4.77087855729e-06	0	2.38543927864e-05	0	0	0.00266215023497	0	0	0	0	0	0	0	0	0	4.77087855729e-06	0	2.38543927864e-05	0	0	0	9.54175711457e-06	0	0	0	0	0	0	9.54175711457e-05	0	0.000138355478161	1.90835142291e-05	0.000481858734286	1.43126356719e-05	0	0	0	0	0	9.54175711457e-06	0	0
0	0.000343503256125	6.6792299802e-05	0	0	4.77087855729e-06	0	0	0	0	0	0.00779084468405	0	0.0176713341762	9.54175711457e-06	0	4.77087855729e-06	0.000147897235276	0.000233773049307	0.000376899406026	0	0	4.77087855729e-06	2.86252713437e-05	0	0.00401230886668	0.00485675437132	0.00371174351757	4.77087855729e-06	1.43126356719e-05	4.77087855729e-06	0.00315355072637	0	0	0.000644068605234	0	0.000124042842489	4.77087855729e-06	0	0	0	0	0	0	0	0	0.000329190620453	0	0.000395982920255	0	0	0	0	1.90835142291e-05	6.20214212447e-05	0	0	0	0	0	0.000372128527468	0.000133584599604	0.000124042842489	0	0	0	0	0	0	6.20214212447e-05	3.3396149901e-05	0.000944633954343	0.000877841654541	6.6792299802e-05	0	4.77087855729e-06	0.000429379070156	4.77087855729e-06	0.000310107106224	0.000100188449703	4.77087855729e-06	0	0	7.63340569166e-05
0.00350659573961	4.77087855729e-06	3.81670284583e-05	0	0.000128813721047	0.000978030104244	0.00315832160492	0.00183678824456	0.0152763531404	9.06466925884e-05	0.000715631783593	0.000128813721047	0.000586818062546	9.54175711457e-06	0.0285584790439	9.06466925884e-05	1.90835142291e-05	1.43126356719e-05	0	4.77087855729e-06	0.000243314806422	0.000124042842489	1.90835142291e-05	0.000119271963932	0.000419837313041	9.54175711457e-06	4.29379070156e-05	2.86252713437e-05	0.000610672455333	0.0109825624389	0.000920779561556	0	0.001832017366	0.00104482240405	0.00456095990077	0	0	0	0	0	0	0	1.43126356719e-05	0	1.90835142291e-05	4.77087855729e-06	0	4.77087855729e-06	0	4.77087855729e-06	0	0	0	0	0	0	0	1.43126356719e-05	0	1.90835142291e-05	0	0	0	4.77087855729e-06	4.77087855729e-06	0	0	0	4.77087855729e-06	0	0.0004914004914	3.3396149901e-05	0.00166026573794	0.00028148183488	0.000109730206818	0.000462775220057	1.43126356719e-05	9.54175711457e-06	0	0	0	0	0	0
2.38543927864e-05	0	2.38543927864e-05	0	1.43126356719e-05	0.000319648863338	0.000252856563536	3.3396149901e-05	0.000119271963932	0.000314877984781	9.54175711457e-06	0	0.000605901576775	0	9.06466925884e-05	0.00402185062379	4.77087855729e-06	1.90835142291e-05	0	0	3.3396149901e-05	1.90835142291e-05	4.77087855729e-06	3.3396149901e-05	8.58758140312e-05	0	1.43126356719e-05	4.77087855729e-06	1.43126356719e-05	0.000152668113833	3.81670284583e-05	0	9.54175711457e-06	4.77087855729e-05	0.000181293385177	4.77087855729e-06	0	0	0	0	0	0	4.77087855729e-06	4.77087855729e-06	1.43126356719e-05	0	0	0	0	4.77087855729e-06	0	4.77087855729e-06	0	0	0	0	0	0	0	2.38543927864e-05	0	0	0	4.77087855729e-06	0	4.77087855729e-06	0	0	0	0	0.000338732377567	1.90835142291e-05	0.00015743899239	0.000124042842489	0.0028816106486	3.3396149901e-05	0	1.43126356719e-05	4.77087855729e-06	4.77087855729e-06	9.54175711457e-06	9.54175711457e-06	4.77087855729e-06	0
5.72505426874e-05	6.20214212447e-05	0.00141218005296	0	4.77087855729e-06	0	1.43126356719e-05	0.000329190620453	2.38543927864e-05	0.000939863075785	4.77087855729e-06	1.43126356719e-05	9.54175711457e-06	4.77087855729e-06	1.90835142291e-05	4.77087855729e-06	0.0163641134515	7.15631783593e-05	0	4.77087855729e-06	4.77087855729e-06	0.00325851005463	0.00333484411154	0.00916485770855	0.00327759356886	4.77087855729e-06	2.38543927864e-05	0.00266215023497	0.00320125951194	0.000305336227666	0.00116409436798	0	0	0.000257627442093	0.00112115646096	9.54175711457e-06	9.54175711457e-06	4.77087855729e-06	0	0	0	4.77087855729e-06	1.43126356719e-05	0	0.000147897235276	0	0	0	0	4.77087855729e-06	4.77087855729e-06	7.15631783593e-05	4.77087855729e-06	0	0	4.77087855729e-06	2.86252713437e-05	0.000138355478161	2.38543927864e-05	0.000114501085375	0	0	9.54175711457e-06	4.77087855729e-05	0	1.43126356719e-05	0	0	0	1.43126356719e-05	0.000610672455333	0.000195606020849	0.000687006512249	0.00033396149901	3.81670284583e-05	1.90835142291e-05	9.54175711457e-06	9.54175711457e-06	9.54175711457e-06	9.54175711457e-06	4.77087855729e-06	4.77087855729e-06	0	0
4.77087855729e-06	0.00142649268863	0.00855895613177	0	4.77087855729e-06	0	9.54175711457e-06	9.54175711457e-06	1.43126356719e-05	1.90835142291e-05	0	0.000706090026478	0	0.000147897235276	1.43126356719e-05	1.90835142291e-05	7.15631783593e-05	0.0253238233821	0.000257627442093	0.00595405643949	0	0.000658381240906	0.000205147777963	0.00496171369958	4.77087855729e-05	0.000243314806422	0.0107964981751	0.00297702821975	7.15631783593e-05	7.63340569166e-05	0.00022900217075	1.43126356719e-05	1.43126356719e-05	5.24796641301e-05	0.00634526848119	0	0.000462775220057	5.72505426874e-05	0	0	0	0	0	0	0	0	1.90835142291e-05	0	1.43126356719e-05	0	0	2.86252713437e-05	1.90835142291e-05	1.43126356719e-05	2.86252713437e-05	0	0	8.11049354739e-05	3.81670284583e-05	0	4.29379070156e-05	0.000147897235276	0.000190835142291	4.77087855729e-06	0	4.77087855729e-06	0	0	0	4.29379070156e-05	0.00131676248181	0.00176045418764	0.00303904964099	0.00114501085375	4.29379070156e-05	1.43126356719e-05	2.38543927864e-05	5.72505426874e-05	8.11049354739e-05	2.38543927864e-05	1.90835142291e-05	0	0	4.77087855729e-06
0	8.11049354739e-05	4.77087855729e-05	0	0	0	0	0	0	0	0	0.00250948212113	0	0.000233773049307	0	0	0	0.000257627442093	0.00442737530116	0.00138355478161	0	0	4.77087855729e-06	1.43126356719e-05	0	0.000152668113833	0.00247131509267	0.000243314806422	0	4.77087855729e-06	0	2.38543927864e-05	0	0	0.000138355478161	0	1.43126356719e-05	0	0	0	0	0	0	0	0	0	1.43126356719e-05	0	9.54175711457e-06	0	0	0	0	0	1.43126356719e-05	0	0	0	0	0	3.81670284583e-05	1.90835142291e-05	9.54175711457e-06	0	0	0	0	0	0	4.77087855729e-06	4.77087855729e-06	0.000133584599604	9.54175711457e-05	1.43126356719e-05	0	0	2.38543927864e-05	0	1.90835142291e-05	4.77087855729e-06	0	0	0	0
4.77087855729e-06	0.000901696047327	0.000997113618473	0	0	0	0	0	9.54175711457e-06	0	0	0.00229956346461	0	0.000376899406026	4.77087855729e-06	0	4.77087855729e-06	0.00595405643949	0.00138355478161	0.0141265714081	0	2.38543927864e-05	1.43126356719e-05	0.000243314806422	0	0.000472316977171	0.00932706757949	0.0014742014742	9.54175711457e-06	3.3396149901e-05	9.54175711457e-06	4.77087855729e-05	4.77087855729e-06	1.43126356719e-05	0.00318217599771	0	0.000257627442093	1.43126356719e-05	0	0	0	0	0	0	0	0	0.000100188449703	0	4.29379070156e-05	0	0	4.77087855729e-06	1.43126356719e-05	2.38543927864e-05	5.72505426874e-05	0	0	0	0	0	0.000109730206818	0.000171751628062	0.000143126356719	0	0	0	0	0	0	1.90835142291e-05	0.000319648863338	0.00110684382529	0.00144557620286	0.000319648863338	9.54175711457e-06	4.77087855729e-06	9.54175711457e-06	9.54175711457e-06	8.11049354739e-05	1.90835142291e-05	4.77087855729e-06	0	0	0
0.000190835142291	0	9.54175711457e-06	0	0.0100283867274	0	0.00322988478328	0.00161732783092	0.000758569690609	0.000367357648911	0.00468500274326	0	0.00977075928532	0	0.000243314806422	3.3396149901e-05	4.77087855729e-06	0	0	0	0.0209441568665	6.20214212447e-05	1.43126356719e-05	5.72505426874e-05	0.00559146966914	0	0	0	0.00213258271511	0.000500942248515	0.000314877984781	0	4.77087855729e-06	0.000200376899406	0.000243314806422	0	0	0	0	0.00129767896758	0	0	4.77087855729e-06	0	2.86252713437e-05	2.86252713437e-05	0	0.00056296366976	0	0	0	0	0	0	0	9.54175711457e-06	0	0	0	2.86252713437e-05	0	0	0	3.81670284583e-05	0	4.77087855729e-06	0	0	0	0	6.6792299802e-05	0	8.11049354739e-05	1.90835142291e-05	9.06466925884e-05	4.77087855729e-06	0	0	0	0	0	4.77087855729e-06	0	0
0.000257627442093	0.000186064263734	0.00346842871115	0	3.81670284583e-05	4.77087855729e-06	6.20214212447e-05	0.00110207294673	0.000133584599604	0.000749027933494	3.3396149901e-05	2.86252713437e-05	3.3396149901e-05	0	0.000124042842489	1.90835142291e-05	0.00325851005463	0.000658381240906	0	2.38543927864e-05	6.20214212447e-05	0.0384819064431	0.00140263829584	0.0239498103576	0.00167457837361	0	0.000195606020849	0.000873070775983	0.00591588941104	0.00180339209465	0.0117745282794	0	0	0.00132630423893	0.00541494716252	0	4.77087855729e-05	1.43126356719e-05	0	0	0	0	2.38543927864e-05	0	0.000124042842489	4.77087855729e-06	4.77087855729e-06	0	0	0	0	4.29379070156e-05	4.77087855729e-06	0	0	0	1.90835142291e-05	0.000162209870948	4.29379070156e-05	7.63340569166e-05	0	0	3.81670284583e-05	3.81670284583e-05	0	2.38543927864e-05	0	0	0	1.90835142291e-05	0.00203716514396	0.000782424083395	0.00269077550631	0.00112115646096	0.000133584599604	4.29379070156e-05	9.54175711457e-06	5.24796641301e-05	2.86252713437e-05	4.29379070156e-05	3.3396149901e-05	4.77087855729e-06	0	0
3.81670284583e-05	0.00187495527301	0.00258104529949	0	9.54175711457e-06	4.77087855729e-06	2.86252713437e-05	0.000295794470552	2.86252713437e-05	0.00293409031273	9.54175711457e-06	4.77087855729e-06	2.38543927864e-05	4.77087855729e-06	1.90835142291e-05	4.77087855729e-06	0.00333484411154	0.000205147777963	4.77087855729e-06	1.43126356719e-05	1.43126356719e-05	0.00140263829584	0.0165644903509	0.00423654015887	0.00286252713437	1.43126356719e-05	0.00022900217075	0.00382624460294	0.00166980749505	0.000310107106224	0.00103528064693	0	0	0.000267169199208	0.00129767896758	1.43126356719e-05	0.000195606020849	0.000114501085375	0	0	0	4.77087855729e-06	0.000100188449703	0	0.00066792299802	1.90835142291e-05	0	4.77087855729e-06	0	1.90835142291e-05	0	0.00043892082727	5.24796641301e-05	0	4.77087855729e-06	0	0.000147897235276	0.00216597886501	0.000415066434484	0.000343503256125	0	1.90835142291e-05	0.000243314806422	0.00022900217075	4.77087855729e-06	8.58758140312e-05	0	0	0	0.000119271963932	0.000787194961952	0.000310107106224	0.000877841654541	0.000472316977171	6.6792299802e-05	1.43126356719e-05	4.77087855729e-06	0.000128813721047	0.000171751628062	0.00010495932826	4.29379070156e-05	1.43126356719e-05	0	0
0.000219460413635	0.0010495932826	0.0239068724506	0	3.3396149901e-05	9.54175711457e-06	9.54175711457e-05	0.0010161971327	0.000133584599604	0.000987571861358	1.43126356719e-05	0.000109730206818	5.24796641301e-05	2.86252713437e-05	0.000119271963932	3.3396149901e-05	0.00916485770855	0.00496171369958	1.43126356719e-05	0.000243314806422	5.72505426874e-05	0.0239498103576	0.00423654015887	0.072450561771	0.00231864697884	2.38543927864e-05	0.00193697669426	0.00807232651893	0.00571074163307	0.00128336633191	0.00767157272012	4.77087855729e-06	4.77087855729e-06	0.000853987261754	0.0120894062642	4.77087855729e-06	0.000362586770354	8.11049354739e-05	0	0	0	0	9.54175711457e-06	0	0.000186064263734	4.77087855729e-06	9.54175711457e-06	0	0	4.77087855729e-06	0	0.000166980749505	2.86252713437e-05	0	9.54175711457e-06	0	4.77087855729e-05	0.000758569690609	0.00010495932826	0.00010495932826	9.54175711457e-06	2.38543927864e-05	0.000205147777963	6.20214212447e-05	4.77087855729e-06	1.90835142291e-05	0	0	0	8.11049354739e-05	0.00592543116815	0.00283867274159	0.00778607380549	0.00382624460294	0.000324419741895	9.54175711457e-05	8.11049354739e-05	0.000171751628062	0.000100188449703	9.06466925884e-05	6.20214212447e-05	4.77087855729e-06	4.77087855729e-06	0
0.000601130698218	2.38543927864e-05	0.000329190620453	0	0.00784809522674	1.43126356719e-05	0.00153145201689	0.00524319553446	0.000901696047327	0.00684621072971	0.00155053553112	0	0.00229479258605	0	0.000419837313041	8.58758140312e-05	0.00327759356886	4.77087855729e-05	0	0	0.00559146966914	0.00167457837361	0.00286252713437	0.00231864697884	0.0428949691086	0	1.90835142291e-05	0.000186064263734	0.0161732783092	0.0024236063071	0.00401230886668	0	1.90835142291e-05	0.00139786741728	0.00201808162973	4.77087855729e-06	4.77087855729e-06	1.43126356719e-05	0	9.06466925884e-05	0	0	0.000152668113833	4.77087855729e-06	0.000868299897426	2.86252713437e-05	0	4.29379070156e-05	0	1.90835142291e-05	0	2.86252713437e-05	4.77087855729e-06	0	0	4.77087855729e-06	3.81670284583e-05	0.000200376899406	1.43126356719e-05	0.000644068605234	0	0	0	0.000267169199208	1.43126356719e-05	5.72505426874e-05	0	0	4.77087855729e-06	1.43126356719e-05	0.000782424083395	0.000138355478161	0.000782424083395	0.000248085684979	0.000605901576775	1.43126356719e-05	4.77087855729e-06	4.77087855729e-05	1.90835142291e-05	1.43126356719e-05	9.54175711457e-06	3.81670284583e-05	0	0
4.77087855729e-06	0.00289115240572	0.000138355478161	0	0	4.77087855729e-06	0	0	1.43126356719e-05	0	0	0.00324419741895	0	0.00401230886668	9.54175711457e-06	0	4.77087855729e-06	0.000243314806422	0.000152668113833	0.000472316977171	0	0	1.43126356719e-05	2.38543927864e-05	0	0.0116027766513	0.00326328093318	0.00285298537726	4.77087855729e-06	2.38543927864e-05	4.77087855729e-06	0.000214689535078	4.77087855729e-06	4.77087855729e-06	0.000558192791202	0	0.000381670284583	1.43126356719e-05	0	0	0	0	0	0	0	0	0.000496171369958	0	0.000329190620453	0	0	0	4.77087855729e-06	4.29379070156e-05	8.58758140312e-05	0	4.77087855729e-06	1.43126356719e-05	0	0	0.000868299897426	0.000348274134682	0.000248085684979	0	0	4.77087855729e-06	4.77087855729e-06	0	0	6.6792299802e-05	4.29379070156e-05	0.000811049354739	0.000605901576775	8.58758140312e-05	4.77087855729e-06	0	0.000338732377567	0	0.000572505426874	0.00010495932826	9.54175711457e-06	0	0	0.000100188449703
9.54175711457e-06	0.00671739700866	0.0104052861334	0	0	0	0	1.43126356719e-05	1.90835142291e-05	9.54175711457e-06	0	0.00869254073138	0	0.00485675437132	4.29379070156e-05	1.43126356719e-05	2.38543927864e-05	0.0107964981751	0.00247131509267	0.00932706757949	0	0.000195606020849	0.00022900217075	0.00193697669426	1.90835142291e-05	0.00326328093318	0.0614775410892	0.0204718398893	6.20214212447e-05	9.54175711457e-05	8.58758140312e-05	0.00187972615157	0	4.29379070156e-05	0.00549128121944	0	0.0017652250662	8.11049354739e-05	0	0	0	4.77087855729e-06	0	4.77087855729e-06	0	0	0.000419837313041	0	0.000181293385177	0	4.77087855729e-06	1.90835142291e-05	7.63340569166e-05	4.29379070156e-05	0.000205147777963	0	9.54175711457e-06	0.000119271963932	3.81670284583e-05	0	0.000734715297822	0.000892154290213	0.000901696047327	0	0	4.77087855729e-06	1.43126356719e-05	0	0	0.000119271963932	0.0010829894325	0.00318217599771	0.00330144796164	0.000863529018869	4.77087855729e-05	2.38543927864e-05	0.000119271963932	5.72505426874e-05	0.00043892082727	8.58758140312e-05	2.86252713437e-05	4.77087855729e-06	0	2.86252713437e-05
4.77087855729e-06	0.0105293289759	0.0150807471196	0	0	0	0	6.6792299802e-05	1.90835142291e-05	0.000243314806422	0	0.00198468547983	0	0.00371174351757	2.86252713437e-05	4.77087855729e-06	0.00266215023497	0.00297702821975	0.000243314806422	0.0014742014742	0	0.000873070775983	0.00382624460294	0.00807232651893	0.000186064263734	0.00285298537726	0.0204718398893	0.0581999475203	0.000305336227666	9.54175711457e-05	0.000343503256125	0.000706090026478	4.77087855729e-06	5.24796641301e-05	0.00304382051955	4.77087855729e-06	0.00152191025977	0.000181293385177	0	0	0	0	0	0	3.3396149901e-05	0	0.000109730206818	0	7.63340569166e-05	4.77087855729e-06	4.77087855729e-06	0.000100188449703	0.000100188449703	2.86252713437e-05	7.63340569166e-05	0	5.72505426874e-05	0.000744257054937	0.000181293385177	9.54175711457e-06	0.000252856563536	0.000443691705828	0.000830132868968	2.38543927864e-05	4.77087855729e-06	1.90835142291e-05	9.54175711457e-06	0	0	0.000143126356719	0.00122611578922	0.00165072398082	0.00209441568665	0.000825361990411	4.29379070156e-05	3.81670284583e-05	4.77087855729e-05	7.63340569166e-05	0.000271940077765	9.54175711457e-05	2.86252713437e-05	1.43126356719e-05	4.77087855729e-06	9.54175711457e-06
0.000849216383197	5.24796641301e-05	0.000849216383197	0	0.00372128527468	3.3396149901e-05	0.00144557620286	0.0130531237327	0.00100188449703	0.00309630018368	0.00185110088023	9.54175711457e-06	0.00122611578922	4.77087855729e-06	0.000610672455333	1.43126356719e-05	0.00320125951194	7.15631783593e-05	0	9.54175711457e-06	0.00213258271511	0.00591588941104	0.00166980749505	0.00571074163307	0.0161732783092	4.77087855729e-06	6.20214212447e-05	0.000305336227666	0.0465590038406	0.00355907540374	0.0106819970898	0	1.43126356719e-05	0.0019322058157	0.00328236444741	4.77087855729e-06	9.54175711457e-06	4.77087855729e-06	0	4.29379070156e-05	0	4.77087855729e-06	0.000152668113833	4.77087855729e-06	0.000715631783593	1.43126356719e-05	0	1.43126356719e-05	0	2.38543927864e-05	0	3.81670284583e-05	4.77087855729e-06	0	0	9.54175711457e-06	3.81670284583e-05	0.000186064263734	2.38543927864e-05	0.000419837313041	0	0	4.77087855729e-06	0.000214689535078	1.43126356719e-05	8.11049354739e-05	0	0	0	2.38543927864e-05	0.00128336633191	0.000295794470552	0.00141218005296	0.00051048400563	0.000224231292192	5.24796641301e-05	4.77087855729e-06	4.77087855729e-05	9.54175711457e-06	9.54175711457e-06	1.43126356719e-05	1.43126356719e-05	0	0
0.00631664320985	9.54175711457e-06	0.000267169199208	0	0.000429379070156	0.00066792299802	0.00218506237924	0.00421745664464	0.00705135850767	0.000849216383197	0.000410295555927	0.000286252713437	0.000629755969562	1.43126356719e-05	0.0109825624389	0.000152668113833	0.000305336227666	7.63340569166e-05	4.77087855729e-06	3.3396149901e-05	0.000500942248515	0.00180339209465	0.000310107106224	0.00128336633191	0.0024236063071	2.38543927864e-05	9.54175711457e-05	9.54175711457e-05	0.00355907540374	0.0437775816417	0.0130865198826	0	0.00125474106057	0.0111543140669	0.0137067340951	4.77087855729e-06	9.54175711457e-06	0	0	4.77087855729e-06	0	0	5.24796641301e-05	0	0.000233773049307	9.54175711457e-06	4.77087855729e-06	1.90835142291e-05	0	9.54175711457e-06	0	9.54175711457e-06	0	0	4.77087855729e-06	0	9.54175711457e-06	5.72505426874e-05	0	0.000124042842489	4.77087855729e-06	4.77087855729e-06	0	5.72505426874e-05	0	3.3396149901e-05	0	0	0	4.77087855729e-06	0.00278619307746	0.000243314806422	0.00559146966914	0.0011163855824	0.000343503256125	0.0004914004914	2.86252713437e-05	3.81670284583e-05	9.54175711457e-06	9.54175711457e-06	9.54175711457e-06	1.43126356719e-05	0	0
0.00266215023497	8.11049354739e-05	0.00145988883853	0	0.000262398320651	1.43126356719e-05	0.000395982920255	0.00734238209966	0.00119271963932	0.00160301519525	0.000190835142291	3.3396149901e-05	0.000262398320651	4.77087855729e-06	0.000920779561556	3.81670284583e-05	0.00116409436798	0.00022900217075	0	9.54175711457e-06	0.000314877984781	0.0117745282794	0.00103528064693	0.00767157272012	0.00401230886668	4.77087855729e-06	8.58758140312e-05	0.000343503256125	0.0106819970898	0.0130865198826	0.0433148064216	0	4.77087855729e-06	0.00535292574128	0.00788626225519	0	2.86252713437e-05	4.77087855729e-06	0	0	0	0	7.15631783593e-05	4.77087855729e-06	0.000338732377567	1.43126356719e-05	0	1.43126356719e-05	0	4.77087855729e-06	0	3.81670284583e-05	0	0	0	0	2.38543927864e-05	0.000186064263734	2.86252713437e-05	0.000238543927864	0	0	2.38543927864e-05	0.000100188449703	4.77087855729e-06	4.29379070156e-05	0	0	0	3.3396149901e-05	0.00231387610028	0.000548651034088	0.00283390186303	0.000901696047327	0.00017652250662	4.77087855729e-05	1.43126356719e-05	5.24796641301e-05	0	1.90835142291e-05	1.90835142291e-05	1.43126356719e-05	0	0
0	3.3396149901e-05	1.43126356719e-05	0	0	0	0	0	0	0	0	0.00177953770187	0	0.00315355072637	0	0	0	1.43126356719e-05	2.38543927864e-05	4.77087855729e-05	0	0	0	4.77087855729e-06	0	0.000214689535078	0.00187972615157	0.000706090026478	0	0	0	0.00360201331075	0	0	6.6792299802e-05	0	1.43126356719e-05	0	0	0	0	0	0	0	0	0	2.38543927864e-05	0	0	0	0	0	0	4.77087855729e-06	4.77087855729e-06	0	0	0	0	0	2.38543927864e-05	4.77087855729e-06	9.54175711457e-06	0	0	0	0	0	0	0	4.77087855729e-06	8.58758140312e-05	6.20214212447e-05	4.77087855729e-06	0	0	0	0	1.43126356719e-05	0	0	0	0	4.77087855729e-06
1.43126356719e-05	0	0	0	4.77087855729e-06	0.00216597886501	0.000529567519859	4.77087855729e-06	0.00259058705661	0	0	2.38543927864e-05	4.77087855729e-06	0	0.001832017366	9.54175711457e-06	0	1.43126356719e-05	0	4.77087855729e-06	4.77087855729e-06	0	0	4.77087855729e-06	1.90835142291e-05	4.77087855729e-06	0	4.77087855729e-06	1.43126356719e-05	0.00125474106057	4.77087855729e-06	0	0.00475179504306	1.90835142291e-05	0.00143126356719	0	0	0	0	0	0	0	0	0	0	0	0	0	0	0	0	0	0	0	0	0	0	0	0	0	0	0	0	0	0	0	0	0	0	0	5.24796641301e-05	9.54175711457e-06	0.000271940077765	5.24796641301e-05	4.29379070156e-05	0.000500942248515	4.77087855729e-06	0	0	0	0	0	0	0
0.00172228715918	9.54175711457e-06	0.000171751628062	0	0.000224231292192	2.38543927864e-05	0.000415066434484	0.00163164046659	0.000925550440114	0.000601130698218	0.000143126356719	2.86252713437e-05	0.000209918656521	0	0.00104482240405	4.77087855729e-05	0.000257627442093	5.24796641301e-05	0	1.43126356719e-05	0.000200376899406	0.00132630423893	0.000267169199208	0.000853987261754	0.00139786741728	4.77087855729e-06	4.29379070156e-05	5.24796641301e-05	0.0019322058157	0.0111543140669	0.00535292574128	0	1.90835142291e-05	0.0142172181007	0.007953054555	4.77087855729e-06	0	0	0	4.77087855729e-06	0	0	2.86252713437e-05	0	0.000166980749505	4.77087855729e-06	0	9.54175711457e-06	0	4.77087855729e-06	0	1.90835142291e-05	0	0	0	0	1.43126356719e-05	5.24796641301e-05	1.90835142291e-05	8.58758140312e-05	0	0	0	5.24796641301e-05	0	1.90835142291e-05	0	0	0	1.90835142291e-05	0.00244746069989	0.000181293385177	0.00336346938289	0.00077288232628	0.000190835142291	5.24796641301e-05	9.54175711457e-06	2.86252713437e-05	4.77087855729e-06	9.54175711457e-06	4.77087855729e-06	4.77087855729e-06	0	0
0.00109253118962	0.00115455261086	0.00689869039384	0	0.000209918656521	0.00110207294673	0.00128813721047	0.00181293385177	0.00391689129553	0.000839674626082	0.000195606020849	0.00452756375086	0.000314877984781	0.000644068605234	0.00456095990077	0.000181293385177	0.00112115646096	0.00634526848119	0.000138355478161	0.00318217599771	0.000243314806422	0.00541494716252	0.00129767896758	0.0120894062642	0.00201808162973	0.000558192791202	0.00549128121944	0.00304382051955	0.00328236444741	0.0137067340951	0.00788626225519	6.6792299802e-05	0.00143126356719	0.007953054555	0.0575081701295	0	0.000357815891796	3.3396149901e-05	0	4.77087855729e-06	0	0	2.86252713437e-05	4.77087855729e-06	0.000200376899406	4.77087855729e-06	5.24796641301e-05	9.54175711457e-06	3.3396149901e-05	4.77087855729e-06	0	5.72505426874e-05	2.86252713437e-05	9.54175711457e-06	3.3396149901e-05	0	5.24796641301e-05	0.000291023591994	6.20214212447e-05	0.000128813721047	9.06466925884e-05	8.58758140312e-05	0.000171751628062	8.58758140312e-05	4.77087855729e-06	3.81670284583e-05	0	0	0	7.15631783593e-05	0.0110970635242	0.00469454450037	0.0265690226855	0.00845399680351	0.000925550440114	0.00103528064693	0.00022900217075	0.00033396149901	0.000109730206818	0.00010495932826	7.15631783593e-05	2.38543927864e-05	4.77087855729e-06	1.43126356719e-05
0	9.54175711457e-06	0	0	0	0	0	4.77087855729e-06	0	5.24796641301e-05	0	0	0	0	0	4.77087855729e-06	9.54175711457e-06	0	0	0	0	0	1.43126356719e-05	4.77087855729e-06	4.77087855729e-06	0	0	4.77087855729e-06	4.77087855729e-06	4.77087855729e-06	0	0	0	4.77087855729e-06	0	0.0132344171179	9.54175711457e-06	1.90835142291e-05	0	1.90835142291e-05	4.77087855729e-06	0.00129767896758	0.00538632189118	0.00220891677202	0.000262398320651	0.00103528064693	0	0.000329190620453	0	0.00589203501825	0.000233773049307	0.000119271963932	1.90835142291e-05	0	0	0.000138355478161	0.000190835142291	9.06466925884e-05	0.000128813721047	0.000658381240906	0	9.54175711457e-06	1.43126356719e-05	0.000954175711457	0.00443691705828	0.0015743899239	0	2.86252713437e-05	0.000496171369958	0.000687006512249	4.77087855729e-06	9.54175711457e-06	0	0	4.77087855729e-06	0	0	0.00056296366976	0.000152668113833	0.000486629612843	0.000138355478161	0.000920779561556	0.000114501085375	0
0	0.00281004747024	0.00123088666778	0	0	0	0	0	0	4.77087855729e-06	0	0.000200376899406	0	0.000124042842489	0	0	9.54175711457e-06	0.000462775220057	1.43126356719e-05	0.000257627442093	0	4.77087855729e-05	0.000195606020849	0.000362586770354	4.77087855729e-06	0.000381670284583	0.0017652250662	0.00152191025977	9.54175711457e-06	9.54175711457e-06	2.86252713437e-05	1.43126356719e-05	0	0	0.000357815891796	9.54175711457e-06	0.0189976384151	0.00187495527301	0	0	0	1.43126356719e-05	2.38543927864e-05	4.77087855729e-06	1.43126356719e-05	0	0.000682235633692	4.77087855729e-06	0.000295794470552	0	4.77087855729e-06	0.000257627442093	0.000963717468572	0.000124042842489	0.000830132868968	0	0.000171751628062	0.00243791894277	0.000734715297822	2.38543927864e-05	0.00229479258605	0.00390257865986	0.0106342883042	2.38543927864e-05	0	0.000128813721047	1.43126356719e-05	0	0	0.00104482240405	0.000119271963932	0.000477087855729	0.000257627442093	0.00010495932826	9.54175711457e-06	0	0	0.000367357648911	0.00164595310226	0.000815820233296	0.000295794470552	1.43126356719e-05	4.77087855729e-06	1.90835142291e-05
4.77087855729e-06	0.000233773049307	0.000195606020849	0	0	0	0	0	0	9.54175711457e-06	0	9.54175711457e-06	0	4.77087855729e-06	0	0	4.77087855729e-06	5.72505426874e-05	0	1.43126356719e-05	0	1.43126356719e-05	0.000114501085375	8.11049354739e-05	1.43126356719e-05	1.43126356719e-05	8.11049354739e-05	0.000181293385177	4.77087855729e-06	0	4.77087855729e-06	0	0	0	3.3396149901e-05	1.90835142291e-05	0.00187495527301	0.0263495622719	0	0	0	4.77087855729e-06	7.15631783593e-05	1.43126356719e-05	3.81670284583e-05	0	0.000128813721047	0	1.43126356719e-05	1.90835142291e-05	0	0.00107821855395	0.00391689129553	1.90835142291e-05	0.000434149948713	0	0.00100665537559	0.00177476682331	0.00912669068009	0.00010495932826	5.72505426874e-05	0.00378330669593	0.00898356432337	0.000200376899406	1.43126356719e-05	0.000596359819661	0	4.77087855729e-06	0	0.00253333651392	1.90835142291e-05	9.06466925884e-05	1.43126356719e-05	4.77087855729e-06	0	0	0	0.00136447126738	0.00302950788388	0.00187495527301	0.000734715297822	7.15631783593e-05	6.6792299802e-05	3.81670284583e-05
0	0	0	0	0	0	0	0	0	0	0	0	0	0	0	0	0	0	0	0	0	0	0	0	0	0	0	0	0	0	0	0	0	0	0	0	0	0	0	0	0	0	0	0	0	0	0	0	0	0	0	0	0	0	0	0	0	0	0	0	0	0	0	0	0	0	0	0	0	0	0	0	0	0	0	0	0	0	0	0	0	0	0	0
0	0	0	0	0.000605901576775	0	5.24796641301e-05	3.81670284583e-05	0	9.54175711457e-06	0.000376899406026	0	0.000677464755135	0	0	0	0	0	0	0	0.00129767896758	0	0	0	9.06466925884e-05	0	0	0	4.29379070156e-05	4.77087855729e-06	0	0	0	4.77087855729e-06	4.77087855729e-06	1.90835142291e-05	0	0	0	0.0113069821808	0	0.000186064263734	0.00061544333389	5.72505426874e-05	0.000152668113833	0.00329190620453	0	0.000553421912645	0	4.29379070156e-05	1.90835142291e-05	4.77087855729e-06	0	0	0	0.00420791488753	4.77087855729e-06	4.77087855729e-06	0	0.00244268982133	0	0	0	0.00347797046826	0	9.54175711457e-06	0	0	0	4.77087855729e-06	4.77087855729e-06	0	4.77087855729e-06	0	4.77087855729e-06	0	0	1.43126356719e-05	4.77087855729e-06	0	4.77087855729e-06	9.54175711457e-06	0	0
0	0	0	0	0	0	0	0	0	0	0	0	0	0	0	0	0	0	0	0	0	0	0	0	0	0	0	0	0	0	0	0	0	0	0	4.77087855729e-06	0	0	0	0	0.00279573483457	0.00181293385177	9.54175711457e-06	0.000458004341499	0	9.54175711457e-06	9.54175711457e-06	0	0	0.000128813721047	0.000424608191598	0	0	0	4.77087855729e-06	0	0	0	4.77087855729e-06	0	0	4.77087855729e-06	0	1.43126356719e-05	0.000348274134682	9.54175711457e-06	0	0.000357815891796	0	0.000295794470552	0	0	0	0	0	0	0	4.77087855729e-05	1.90835142291e-05	0.00010495932826	3.81670284583e-05	0.000520025762744	0.000663152119463	0
0	4.77087855729e-06	0	0	0	0	0	0	0	2.38543927864e-05	0	0	0	0	0	0	4.77087855729e-06	0	0	0	0	0	4.77087855729e-06	0	0	0	4.77087855729e-06	0	4.77087855729e-06	0	0	0	0	0	0	0.00129767896758	1.43126356719e-05	4.77087855729e-06	0	0.000186064263734	0.00181293385177	0.0344171179123	0.00328713532597	0.0133107511748	0.000162209870948	0.00966579995706	2.86252713437e-05	0.00468500274326	0	0.00500465160659	0.0034398034398	5.24796641301e-05	1.43126356719e-05	4.77087855729e-06	9.54175711457e-06	0.00146943059564	4.77087855729e-05	2.86252713437e-05	7.15631783593e-05	0.000744257054937	0	1.90835142291e-05	9.54175711457e-06	0.0013406168746	0.00360678418931	0.00022900217075	0	0.000725173540708	7.15631783593e-05	0.00166980749505	0	0	0	0	0	0	0	0.000548651034088	0.000147897235276	0.00112115646096	0.000267169199208	0.00268123374919	0.00128813721047	4.77087855729e-06
9.54175711457e-06	0	0	0	1.43126356719e-05	0	4.77087855729e-06	7.15631783593e-05	1.43126356719e-05	0.000419837313041	4.77087855729e-06	0	4.77087855729e-06	0	1.43126356719e-05	4.77087855729e-06	1.43126356719e-05	0	0	0	4.77087855729e-06	2.38543927864e-05	0.000100188449703	9.54175711457e-06	0.000152668113833	0	0	0	0.000152668113833	5.24796641301e-05	7.15631783593e-05	0	0	2.86252713437e-05	2.86252713437e-05	0.00538632189118	2.38543927864e-05	7.15631783593e-05	0	0.00061544333389	9.54175711457e-06	0.00328713532597	0.0507621478495	0.00388826602419	0.001832017366	0.0110636673743	0	0.00114023997519	0	0.00732806946399	0.000324419741895	0.000639297726676	6.6792299802e-05	0	9.54175711457e-06	0.00119271963932	0.00119271963932	0.000515254884187	0.000596359819661	0.00836812098948	0	4.77087855729e-06	6.20214212447e-05	0.0181388802748	0.00133107511748	0.0100188449703	0	9.54175711457e-06	0.000224231292192	0.000868299897426	2.38543927864e-05	0	1.90835142291e-05	0	3.3396149901e-05	0	0	0.00117363612509	0.000467546098614	0.000725173540708	0.000267169199208	0.00129290808902	9.06466925884e-05	4.77087855729e-06
