2133	2	44	0	8	2	16	711	164	33	129	9	4	1	434	6	1	32	3	6	15	66	7	75	137	0	11	12	307	1693	426	0	2	232	152	2	1	1	0	3	0	0	6	0	22	2	0	0	0	1	0	9	0	0	0	2	1	14	2	28	0	0	2	19	4	4	0	0	1	4	32	8	84	22	5	2	0	5	0	3	0	1	0	0
2	3543	559	0	2	0	0	9	4	313	1	24	3	30	11	5	81	150	12	75	0	34	926	87	190	203	888	2277	39	17	15	7	0	5	113	1	1442	204	0	0	0	0	4	1	10	1	8	0	29	3	0	22	102	5	23	0	5	94	82	7	139	383	1047	6	2	5	1	1	1	24	166	157	124	39	2	3	3	36	39	39	24	0	2	1
44	559	7783	0	1	6	16	485	220	55	34	59	4	22	240	31	104	1247	12	182	2	553	187	2257	69	10	1383	2631	388	160	418	8	4	16	538	6	1338	383	0	2	1	1	7	4	13	3	6	2	6	8	1	43	193	2	40	1	26	156	220	18	14	298	1007	23	7	11	0	1	2	47	787	659	717	307	21	12	5	69	87	59	30	0	1	0
0	0	0	0	0	0	0	0	0	0	0	0	0	0	0	0	0	0	0	0	0	0	0	0	0	0	0	0	0	0	0	0	0	0	0	0	0	0	0	0	0	0	0	0	0	0	0	0	0	0	0	0	0	0	0	0	0	0	0	0	0	0	0	0	0	0	0	0	0	0	0	0	0	0	0	0	0	0	0	0	0	0	0	0
8	2	1	0	3113	10	136	407	134	118	975	16	206	6	110	19	1	1	1	4	678	3	2	7	1349	2	10	5	1205	83	2	1	1	2	128	9	1	0	0	305	0	32	5	9	122	58	0	256	0	18	0	1	2	0	0	486	1	2	2	148	1	2	2	43	16	0	0	0	0	18	21	8	129	24	39	3	2	9	3	9	6	8	2	0
2	0	6	0	10	1773	1003	113	997	10	95	30	37	20	460	361	3	7	2	6	25	10	0	21	31	4	13	8	59	176	13	0	424	2	148	0	1	0	0	0	0	0	0	0	4	0	2	0	0	0	0	0	0	0	0	0	0	1	0	7	2	2	0	2	0	0	0	0	1	1	77	17	181	77	297	151	7	1	0	3	2	0	0	0
16	0	16	0	136	1003	7742	1789	3612	36	3428	73	1117	37	1182	600	2	10	11	14	324	40	0	35	177	6	32	17	921	585	44	5	130	8	448	1	2	0	0	3	0	0	1	1	22	2	3	2	1	2	0	0	0	0	1	1	1	0	1	30	5	4	1	6	1	1	0	0	0	3	121	36	404	106	284	26	10	3	0	10	8	1	0	1
711	9	485	0	407	113	1789	15010	4319	248	4918	218	271	90	3447	143	29	223	39	86	310	1197	15	938	1220	11	173	135	6366	2755	2623	22	32	288	2145	13	22	7	0	80	0	5	25	7	313	32	5	18	3	16	0	19	4	0	2	43	16	42	28	488	10	7	19	169	24	10	0	1	5	39	540	142	1747	432	151	24	18	25	7	36	21	13	3	2
164	4	220	0	134	997	3612	4319	11299	94	3078	289	406	143	5672	176	10	105	44	78	429	365	7	352	356	23	130	82	1331	2168	722	20	314	40	1338	4	6	3	0	8	0	0	6	3	61	2	7	1	4	5	0	7	0	0	1	3	2	14	2	78	16	7	8	36	7	5	0	0	1	10	332	116	1190	305	346	44	37	8	3	18	14	1	1	4
33	313	55	0	118	10	36	248	94	4781	93	12	118	4	115	117	89	16	1	8	13	149	879	48	2857	18	78	243	1056	257	201	2	4	86	208	50	31	9	0	179	2	10	97	15	1487	55	6	64	3	47	4	346	8	0	2	126	70	759	75	1228	3	14	30	552	95	88	0	4	34	112	160	35	201	63	320	5	0	87	12	108	46	27	9	3
129	1	34	0	975	95	3428	4918	3078	93	11147	181	1002	65	1386	88	3	25	29	45	1375	67	3	73	703	13	87	35	2642	1108	99	15	23	38	1172	2	5	0	0	52	0	2	5	5	103	31	3	28	2	7	0	5	0	0	1	86	2	4	3	144	8	3	5	39	3	2	0	2	0	6	202	62	947	185	119	11	20	5	1	8	6	5	3	2
9	24	59	0	16	30	73	218	289	12	181	5914	42	1405	309	6	8	186	819	1012	60	45	7	96	62	458	1505	433	124	533	30	354	43	11	1952	1	50	5	0	2	0	1	2	0	6	1	118	3	165	1	0	0	8	12	19	3	1	2	3	13	213	170	121	5	0	0	12	0	0	10	323	903	2118	272	17	5	331	13	19	16	9	0	1	2
4	3	4	0	206	37	1117	271	406	118	1002	42	4531	17	275	181	1	4	7	4	1569	3	8	5	220	3	22	10	183	221	7	3	14	3	218	22	0	1	0	22	1	172	4	30	21	97	10	658	4	45	14	1	0	1	1	75	2	1	2	29	2	2	1	11	45	1	0	12	0	43	41	16	169	18	211	5	4	7	1	26	7	8	9	2
1	30	22	0	6	20	37	90	143	4	65	1405	17	4207	130	3	3	32	91	95	24	17	6	30	26	950	805	840	62	184	13	775	24	4	513	1	57	4	0	4	0	9	5	12	5	6	262	5	509	14	2	4	11	29	55	1	5	2	11	12	599	506	311	7	10	2	40	10	1	52	112	630	752	152	9	7	257	16	47	102	74	1	19	42
434	11	240	0	110	460	1182	3447	5672	115	1386	309	275	130	9339	77	15	123	33	62	329	350	16	372	322	24	135	92	1008	3548	940	29	293	87	1446	4	7	5	0	11	0	1	5	4	64	3	5	2	2	2	0	12	2	0	0	5	2	20	5	74	16	8	6	44	5	4	0	0	2	13	310	111	1111	251	231	25	33	7	6	16	12	1	1	2
6	5	31	0	19	361	600	143	176	117	88	6	181	3	77	2138	65	20	2	7	22	157	11	134	170	0	22	33	289	107	72	0	52	20	216	2	11	11	0	6	0	0	5	1	21	5	4	3	0	3	0	9	5	0	4	3	6	20	34	28	0	11	25	14	1	6	0	0	1	8	410	43	327	112	519	33	2	20	9	22	32	1	1	1
1	81	104	0	1	3	2	29	10	89	3	8	1	3	15	65	5216	45	4	16	2	970	1569	1963	1020	6	62	1323	932	34	59	1	1	9	177	10	45	38	0	0	0	0	16	1	10	0	5	0	1	8	0	660	29	0	4	0	169	1201	862	69	1	26	177	73	10	53	0	0	4	38	690	208	281	220	36	4	0	63	20	28	15	0	2	2
32	150	1247	0	1	7	10	223	105	16	25	186	4	32	123	20	45	5900	56	1621	8	398	52	1364	34	16	1338	1009	184	143	442	13	1	14	1304	2	253	85	0	1	0	0	3	1	5	2	3	0	7	1	0	7	51	2	15	0	11	19	45	8	14	167	226	10	2	2	0	0	0	14	580	619	909	262	12	9	8	21	26	25	18	0	1	0
3	12	12	0	1	2	11	39	44	1	29	819	7	91	33	2	4	56	1523	541	11	14	2	23	11	23	750	157	28	72	8	38	5	2	278	0	14	4	0	1	0	0	2	0	1	0	6	0	13	0	0	0	5	1	10	0	0	0	4	4	42	56	39	4	0	0	2	0	0	4	129	137	358	77	4	0	2	5	3	5	2	0	0	0
6	75	182	0	4	6	14	86	78	8	45	1012	4	95	62	7	16	1621	541	4385	17	83	15	168	26	56	2394	700	74	106	65	46	6	5	1389	1	164	23	0	0	0	0	1	0	2	0	15	0	18	2	0	2	26	6	34	0	1	4	18	4	63	232	165	4	2	0	4	0	0	9	523	496	1088	197	10	7	7	21	18	14	7	0	0	1
15	0	2	0	678	25	324	310	429	13	1375	60	1569	24	329	22	2	8	11	17	3348	4	0	8	405	4	41	14	201	324	10	5	11	5	340	0	1	0	0	4	0	0	1	0	13	1	3	3	1	1	0	1	0	0	1	4	0	0	0	16	2	1	0	5	0	0	0	1	0	1	53	17	256	31	44	9	4	0	1	1	1	1	1	1
66	34	553	0	3	10	40	1197	365	149	67	45	3	17	350	157	970	398	14	83	4	11053	395	4879	813	3	173	368	4019	351	3360	4	6	68	1657	17	42	27	0	3	1	2	25	5	47	5	6	1	1	7	0	416	14	2	5	2	175	728	287	164	5	21	65	144	23	63	0	2	7	42	932	297	1539	634	69	12	6	58	16	35	30	1	4	2
7	926	187	0	2	0	0	15	7	879	3	7	8	6	16	11	1569	52	2	15	0	395	4622	741	881	55	186	1632	440	48	81	2	0	22	94	8	545	119	0	2	0	1	20	2	56	0	6	2	3	5	1	761	52	1	5	2	193	1810	1063	115	5	40	552	91	8	54	0	0	3	39	164	86	98	43	16	4	1	61	25	36	21	1	2	0
75	87	2257	0	7	21	35	938	352	48	73	96	5	30	372	134	1963	1364	23	168	8	4879	741	14319	274	7	473	1927	1608	311	1395	9	10	42	1714	5	295	115	0	0	1	4	18	5	24	0	9	1	3	8	0	392	53	5	7	0	109	943	881	47	5	74	422	52	7	34	0	1	2	42	1995	622	2234	1388	130	37	15	91	51	66	83	3	3	1
137	190	69	0	1349	31	177	1220	356	2857	703	62	220	26	322	170	1020	34	11	26	405	813	881	274	12039	14	87	263	5368	901	601	3	5	335	934	73	29	28	0	256	0	29	166	24	1409	90	12	76	3	71	3	515	23	0	4	149	123	949	179	1588	8	24	35	731	129	125	0	2	42	171	679	135	873	276	251	20	8	123	23	166	77	35	12	6
0	203	10	0	2	4	6	11	23	18	13	458	3	950	24	0	6	16	23	56	4	3	55	7	14	2369	471	725	11	38	1	117	9	0	136	1	121	1	0	0	0	0	0	1	1	0	237	1	460	4	0	1	5	35	34	1	1	3	3	4	805	491	424	2	3	0	48	1	0	22	27	248	167	10	2	0	266	4	20	28	5	1	1	7
11	888	1383	0	10	13	32	173	130	78	87	1505	22	805	135	22	62	1338	750	2394	41	173	186	473	87	471	13871	4953	147	219	107	650	11	12	1504	5	1990	155	0	1	0	2	7	4	5	1	132	0	244	11	0	8	250	43	373	1	14	23	88	11	909	2244	1976	14	11	8	22	2	1	79	1182	1529	1743	418	15	15	26	88	130	112	41	0	5	9
12	2277	2631	0	5	8	17	135	82	243	35	433	10	840	92	33	1323	1009	157	700	14	368	1632	1927	263	725	4953	15961	272	131	121	393	5	12	973	7	2225	423	0	0	1	3	10	3	13	0	90	2	189	9	0	199	217	26	141	1	43	822	772	29	721	1288	2181	30	9	15	15	4	1	93	1576	1017	1236	511	35	14	28	111	126	110	65	0	3	2
307	39	388	0	1205	59	921	6366	1331	1056	2642	124	183	62	1008	289	932	184	28	74	201	4019	440	1608	5368	11	147	272	17830	1881	1930	9	15	443	2433	65	38	30	0	243	2	24	132	25	991	87	16	62	2	52	2	602	24	1	4	150	188	1037	267	1406	14	31	58	650	102	133	0	5	32	134	1232	252	2193	725	228	21	15	127	25	122	72	26	13	8
1693	17	160	0	83	176	585	2755	2168	257	1108	533	221	184	3548	107	34	143	72	106	324	351	48	311	901	38	219	131	1881	10120	1758	36	155	1273	3133	9	9	5	0	22	1	4	25	6	145	7	7	5	7	11	0	37	6	0	0	9	11	79	18	179	18	15	16	112	22	17	0	0	9	24	475	180	1962	331	106	24	60	19	6	30	21	5	4	2
426	15	418	0	2	13	44	2623	722	201	99	30	7	13	940	72	59	442	8	65	10	3360	81	1395	601	1	107	121	1930	1758	8682	4	5	358	1294	12	18	7	0	4	0	4	26	4	81	6	2	3	0	9	0	103	9	0	3	1	31	173	50	137	2	6	17	102	17	28	0	0	9	27	315	92	762	197	25	8	3	26	2	21	11	4	3	0
0	7	8	0	1	0	5	22	20	2	15	354	3	775	29	0	1	13	38	46	5	4	2	9	3	117	650	393	9	36	4	1163	3	0	122	0	23	2	0	0	0	0	0	0	1	0	35	0	87	1	0	1	5	7	25	0	2	0	3	1	153	173	114	0	1	0	16	0	0	3	38	151	184	45	3	1	7	4	5	6	3	0	0	2
2	0	4	0	1	424	130	32	314	4	23	43	14	24	293	52	1	1	5	6	11	6	0	10	5	9	11	5	15	155	5	3	659	0	135	0	0	0	0	0	0	0	0	0	2	0	2	0	1	0	0	0	0	0	0	0	0	0	0	2	2	1	0	1	0	0	0	0	0	0	20	11	111	35	55	88	10	0	1	1	1	0	0	0
232	5	16	0	2	2	8	288	40	86	38	11	3	4	87	20	9	14	2	5	5	68	22	42	335	0	12	12	443	1273	358	0	0	1445	483	5	2	3	0	4	0	2	12	1	46	1	2	1	0	7	0	18	1	0	0	2	8	45	11	59	2	2	2	43	11	10	0	0	4	10	67	11	224	45	9	0	0	7	1	7	5	1	1	1
152	113	538	0	128	148	448	2145	1338	208	1172	1952	218	513	1446	216	177	1304	278	1389	340	1657	94	1714	934	136	1504	973	2433	3133	1294	122	135	483	12361	8	153	50	0	21	1	5	28	5	134	6	29	3	27	14	0	62	30	1	19	7	24	118	72	183	66	115	132	110	15	14	3	4	3	36	1311	726	7714	1288	161	58	166	44	25	57	42	7	9	7
2	1	6	0	9	0	1	13	4	50	2	1	22	1	4	2	10	2	0	1	0	17	8	5	73	1	5	7	65	9	12	0	0	5	8	6137	18	345	0	175	26	668	1930	1331	82	612	50	498	13	3499	16	85	487	4	30	258	277	88	451	620	5	208	59	644	2517	1434	2	58	123	748	6	2	9	3	2	0	0	96	23	319	95	35	25	5
1	1442	1338	0	1	1	2	22	6	31	5	50	0	57	7	11	45	253	14	164	1	42	545	295	29	121	1990	2225	38	9	18	23	0	2	153	18	8137	854	0	3	1	7	30	10	294	5	78	10	147	17	7	193	557	18	289	1	50	1213	585	145	808	2086	5263	72	19	34	12	4	4	200	170	449	172	53	6	0	7	264	290	249	102	0	5	6
1	204	383	0	0	0	0	7	3	9	0	5	1	4	5	11	38	85	4	23	0	27	119	115	28	1	155	423	30	5	7	2	0	3	50	345	854	6586	0	16	5	59	481	161	19	37	26	19	8	275	1	90	1536	11	87	12	447	133	2389	202	13	1979	1975	509	196	346	1	7	27	433	49	149	63	34	1	0	1	355	321	494	232	11	19	7
0	0	0	0	0	0	0	0	0	0	0	0	0	0	0	0	0	0	0	0	0	0	0	0	0	0	0	0	0	0	0	0	0	0	0	0	0	0	0	0	0	0	0	0	0	0	0	0	0	0	0	0	0	0	0	0	0	0	0	0	0	0	0	0	0	0	0	0	0	0	0	0	0	0	0	0	0	0	0	0	0	0	0	0
3	0	2	0	305	0	3	80	8	179	52	2	22	4	11	6	0	1	1	0	4	3	2	0	256	0	1	0	243	22	4	0	0	4	21	175	3	16	0	4275	8	418	99	156	467	947	26	997	5	258	31	3	7	3	5	2184	14	6	22	1778	3	20	5	1571	259	16	1	20	15	322	12	0	22	5	12	1	0	72	16	182	48	44	19	0
0	0	1	0	0	0	0	0	0	2	0	0	1	0	0	0	0	0	0	0	0	1	0	1	0	0	0	1	2	1	0	0	0	0	1	26	1	5	0	8	998	431	23	247	19	24	6	54	2	70	188	0	6	1	1	13	1	2	4	26	3	7	1	21	30	5	0	311	0	150	0	0	0	0	1	0	0	28	5	78	28	300	214	2
0	0	1	0	32	0	0	5	0	10	2	1	172	9	1	0	0	0	0	0	0	2	1	4	29	0	2	3	24	4	4	0	0	2	5	668	7	59	0	418	431	9603	889	2797	54	3258	109	3330	30	1476	778	13	44	8	12	820	59	10	92	395	23	70	27	651	979	87	3	378	27	1107	4	2	10	9	1	0	1	199	45	668	157	632	255	20
6	4	7	0	5	0	1	25	6	97	5	2	4	5	5	5	16	3	2	1	1	25	20	18	166	0	7	10	132	25	26	0	0	12	28	1930	30	481	0	99	23	889	9703	976	177	984	55	131	13	1556	45	156	278	5	30	77	689	196	716	1158	10	184	91	3039	1050	2312	3	39	149	825	21	7	29	17	2	0	0	314	64	528	201	69	43	10
0	1	4	0	9	0	1	7	3	15	5	0	30	12	4	1	1	1	0	0	0	5	2	5	24	1	4	3	25	6	4	0	0	1	5	1331	10	161	0	156	247	2797	976	6330	32	776	87	668	24	3111	203	25	159	10	11	268	109	17	194	281	20	90	38	349	542	254	2	391	22	673	6	2	11	13	0	0	0	182	42	471	153	328	241	22
22	10	13	0	122	4	22	313	61	1487	103	6	21	5	64	21	10	5	1	2	13	47	56	24	1409	1	5	13	991	145	81	1	2	46	134	82	294	19	0	467	19	54	177	32	4953	118	10	497	9	81	238	256	19	0	2	370	38	1031	45	3168	35	23	65	747	140	91	0	4	55	184	84	10	130	43	35	3	0	124	19	167	74	139	15	6
2	1	3	0	58	0	2	32	2	55	31	1	97	6	3	5	0	2	0	0	1	5	0	0	90	0	1	0	87	7	6	0	0	1	6	612	5	37	0	947	24	3258	984	776	118	7727	75	2933	21	943	75	8	23	10	18	1739	33	10	47	735	15	50	28	1158	897	41	1	89	38	929	2	1	6	3	6	0	2	182	36	536	124	97	64	7
0	8	6	0	0	2	3	5	7	6	3	118	10	262	5	4	5	3	6	15	3	6	6	9	12	237	132	90	16	7	2	35	2	2	29	50	78	26	0	26	6	109	55	87	10	75	6233	91	1993	207	13	16	96	592	515	35	39	29	81	86	572	1692	396	83	270	34	249	65	8	1355	14	120	40	25	1	0	25	391	775	1447	294	19	89	404
0	0	2	0	256	0	2	18	1	64	28	3	658	5	2	3	0	0	0	0	3	1	2	1	76	1	0	2	62	5	3	0	0	1	3	498	10	19	0	997	54	3330	131	668	497	2933	91	8044	30	979	419	2	17	10	15	2703	26	24	30	791	16	57	18	352	994	26	3	124	26	1081	2	3	7	4	4	0	1	194	34	592	117	238	90	4
0	29	6	0	0	0	1	3	4	3	2	165	4	509	2	0	1	7	13	18	1	1	3	3	3	460	244	189	2	7	0	87	1	0	27	13	147	8	0	5	2	30	13	24	9	21	1993	30	4332	63	4	10	21	100	96	11	7	27	20	24	1260	1065	879	19	84	5	292	21	1	348	7	186	30	2	1	0	42	112	342	468	57	7	12	238
1	3	8	0	18	0	2	16	5	47	7	1	45	14	2	3	8	1	0	2	1	7	5	8	71	4	11	9	52	11	9	1	0	7	14	3499	17	275	0	258	70	1476	1556	3111	81	943	207	979	63	8671	113	68	329	18	45	442	211	57	350	628	26	213	61	641	3272	696	9	440	90	1723	7	7	18	14	2	0	1	240	67	808	206	217	174	27
0	0	1	0	0	0	0	0	0	4	0	0	14	2	0	0	0	0	0	0	0	0	1	0	3	0	0	0	2	0	0	0	0	0	0	16	7	1	0	31	188	778	45	203	238	75	13	419	4	113	1412	2	1	0	0	53	8	13	6	112	4	5	3	33	80	8	1	78	2	104	1	0	0	0	0	0	0	16	1	51	7	681	46	0
9	22	43	0	1	0	0	19	7	346	5	0	1	4	12	9	660	7	0	2	1	416	761	392	515	1	8	199	602	37	103	1	0	18	62	85	193	90	0	3	0	13	156	25	256	8	16	2	10	68	2	6185	134	7	19	1	861	2772	2184	1735	24	80	865	1153	71	449	0	2	32	244	67	21	75	36	4	0	0	545	133	262	164	13	12	5
0	102	193	0	2	0	0	4	0	8	0	8	0	11	2	5	29	51	5	26	0	14	52	53	23	5	250	217	24	6	9	5	0	1	30	487	557	1536	0	7	6	44	278	159	19	23	96	17	21	329	1	134	7189	43	958	7	698	121	2265	96	49	2429	1764	170	268	904	4	14	41	1036	25	142	36	17	2	0	1	342	418	644	224	8	11	8
0	5	2	0	0	0	0	0	0	0	0	12	1	29	0	0	0	2	1	6	0	2	1	5	0	35	43	26	1	0	0	7	0	0	1	4	18	11	0	3	1	8	5	10	0	10	592	10	100	18	0	7	43	1323	668	5	9	4	22	6	73	589	140	7	28	4	11	8	0	177	4	17	7	4	0	0	2	77	145	187	38	0	4	8
0	23	40	0	0	0	1	2	1	2	1	19	1	55	0	4	4	15	10	34	1	5	5	7	4	34	373	141	4	0	3	25	0	0	19	30	289	87	0	5	1	12	30	11	2	18	515	15	96	45	0	19	958	668	4226	9	54	15	114	24	150	2327	747	19	64	63	14	4	9	589	12	81	24	12	1	0	1	230	406	504	132	2	3	18
2	0	1	0	486	0	1	43	3	126	86	3	75	1	5	3	0	0	0	0	4	2	2	0	149	1	1	1	150	9	1	0	0	2	7	258	1	12	0	2184	13	820	77	268	370	1739	35	2703	11	442	53	1	7	5	9	4725	13	4	17	843	4	26	5	497	421	11	1	38	14	501	3	2	8	2	9	0	0	114	17	283	67	70	36	0
1	5	26	0	1	0	1	16	2	70	2	1	2	5	2	6	169	11	0	1	0	175	193	109	123	1	14	43	188	11	31	2	0	8	24	277	50	447	0	14	1	59	689	109	38	33	39	26	7	211	8	861	698	9	54	13	8794	532	5172	309	13	203	201	1443	378	2766	2	12	250	1197	35	11	36	30	1	0	0	525	168	925	437	31	34	8
14	94	156	0	2	1	0	42	14	759	4	2	1	2	20	20	1201	19	0	4	0	728	1810	943	949	3	23	822	1037	79	173	0	0	45	118	88	1213	133	0	6	2	10	196	17	1031	10	29	24	27	57	13	2772	121	4	15	4	532	7055	2029	1300	108	101	1405	789	107	339	2	1	44	193	125	46	123	55	9	1	0	280	92	138	86	7	9	5
2	82	220	0	2	0	1	28	2	75	3	3	2	11	5	34	862	45	4	18	0	287	1063	881	179	3	88	772	267	18	50	3	0	11	72	451	585	2389	0	22	4	92	716	194	45	47	81	30	20	350	6	2184	2265	22	114	17	5172	2029	16076	409	36	737	2719	1090	259	1661	5	13	52	1549	142	77	131	130	7	1	1	1625	715	1758	938	76	54	18
28	7	18	0	148	7	30	488	78	1228	144	13	29	12	74	28	69	8	4	4	16	164	115	47	1588	4	11	29	1406	179	137	1	2	59	183	620	145	202	0	1778	26	395	1158	281	3168	735	86	791	24	628	112	1735	96	6	24	843	309	1300	409	12270	33	124	132	4945	1001	518	3	32	300	1235	108	13	178	63	50	3	1	639	109	952	416	165	87	15
0	139	14	0	1	2	5	10	16	3	8	213	2	599	16	0	1	14	42	63	2	5	5	5	8	805	909	721	14	18	2	153	2	2	66	5	808	13	0	3	3	23	10	20	35	15	572	16	1260	26	4	24	49	73	150	4	13	108	36	33	3733	1291	1936	22	21	11	84	12	2	139	28	191	113	54	2	0	58	79	205	245	160	5	30	155
0	383	298	0	2	2	4	7	7	14	3	170	2	506	8	11	26	167	56	232	1	21	40	74	24	491	2244	1288	31	15	6	173	1	2	115	208	2086	1979	0	20	7	70	184	90	23	50	1692	57	1065	213	5	80	2429	589	2327	26	203	101	737	124	1291	15067	5358	184	231	212	276	24	22	1140	97	500	122	50	3	0	10	878	1379	1294	404	11	18	38
2	1047	1007	0	2	0	1	19	8	30	5	121	1	311	6	25	177	226	39	165	0	65	552	422	35	424	1976	2181	58	16	17	114	0	2	132	59	5263	1975	0	5	1	27	91	38	65	28	396	18	879	61	3	865	1764	140	747	5	201	1405	2719	132	1936	5358	17901	158	86	95	131	10	16	803	174	500	175	82	4	0	13	1251	1197	1091	469	3	19	25
19	6	23	0	43	2	6	169	36	552	39	5	11	7	44	14	73	10	4	4	5	144	91	52	731	2	14	30	650	112	102	0	1	43	110	644	72	509	0	1571	21	651	3039	349	747	1158	83	352	19	641	33	1153	170	7	19	497	1443	789	1090	4945	22	184	158	11912	787	1516	2	34	214	1130	77	13	100	39	17	1	0	597	116	885	389	92	66	12
4	2	7	0	16	0	1	24	7	95	3	0	45	10	5	1	10	2	0	2	0	23	8	7	129	3	11	9	102	22	17	1	0	11	15	2517	19	196	0	259	30	979	1050	542	140	897	270	994	84	3272	80	71	268	28	64	421	378	107	259	1001	21	231	86	787	8365	932	9	310	1006	3332	13	5	18	10	1	0	1	329	95	1076	225	140	125	23
4	5	11	0	0	0	1	10	5	88	2	0	1	2	4	6	53	2	0	0	0	63	54	34	125	0	8	15	133	17	28	0	0	10	14	1434	34	346	0	16	5	87	2312	254	91	41	34	26	5	696	8	449	904	4	63	11	2766	339	1661	518	11	212	95	1516	932	7991	2	23	226	1144	20	7	16	11	1	0	0	325	85	594	261	11	22	5
0	1	0	0	0	0	0	0	0	0	0	12	0	40	0	0	0	0	2	4	0	0	0	0	0	48	22	15	0	0	0	16	0	0	3	2	12	1	0	1	0	3	3	2	0	1	249	3	292	9	1	0	4	11	14	1	2	2	5	3	84	276	131	2	9	2	431	1	0	31	1	11	1	0	0	0	4	14	45	44	9	0	1	3
0	1	1	0	0	0	0	1	0	4	2	0	12	10	0	0	0	0	0	0	1	2	0	1	2	1	2	4	5	0	0	0	0	0	4	58	4	7	0	20	311	378	39	391	4	89	65	124	21	440	78	2	14	8	4	38	12	1	13	32	12	24	10	34	310	23	1	1332	9	627	4	1	11	11	0	0	0	57	16	244	89	151	355	13
1	1	2	0	0	1	0	5	1	34	0	0	0	1	2	1	4	0	0	0	0	7	3	2	42	0	1	1	32	9	9	0	0	4	3	123	4	27	0	15	0	27	149	22	55	38	8	26	1	90	2	32	41	0	9	14	250	44	52	300	2	22	16	214	1006	226	0	9	1376	822	5	0	1	0	1	0	0	82	27	91	28	7	6	2
4	24	47	0	18	1	3	39	10	112	6	10	43	52	13	8	38	14	4	9	1	42	39	42	171	22	79	93	134	24	27	3	0	10	36	748	200	433	0	322	150	1107	825	673	184	929	1355	1081	348	1723	104	244	1036	177	589	501	1197	193	1549	1235	139	1140	803	1130	3332	1144	31	627	822	11268	40	38	71	55	7	0	3	913	539	5117	934	215	558	110
32	166	787	0	21	77	121	540	332	160	202	323	41	112	310	410	690	580	129	523	53	932	164	1995	679	27	1182	1576	1232	475	315	38	20	67	1311	6	170	49	0	12	0	4	21	6	84	2	14	2	7	7	1	67	25	4	12	3	35	125	142	108	28	97	174	77	13	20	1	4	5	40	9924	2140	1970	992	455	46	43	131	59	66	80	4	12	5
8	157	659	0	8	17	36	142	116	35	62	903	16	630	111	43	208	619	137	496	17	297	86	622	135	248	1529	1017	252	180	92	151	11	11	726	2	449	149	0	0	0	2	7	2	10	1	120	3	186	7	0	21	142	17	81	2	11	46	77	13	191	500	500	13	5	7	11	1	0	38	2140	6478	1157	509	42	7	230	49	73	48	34	1	4	1
84	124	717	0	129	181	404	1747	1190	201	947	2118	169	752	1111	327	281	909	358	1088	256	1539	98	2234	873	167	1743	1236	2193	1962	762	184	111	224	7714	9	172	63	0	22	0	10	29	11	130	6	40	7	30	18	0	75	36	7	24	8	36	123	131	178	113	122	175	100	18	16	1	11	1	71	1970	1157	12591	3484	298	139	329	77	51	142	150	5	25	25
22	39	307	0	24	77	106	432	305	63	185	272	18	152	251	112	220	262	77	197	31	634	43	1388	276	10	418	511	725	331	197	45	35	45	1288	3	53	34	0	5	0	9	17	13	43	3	25	4	2	14	0	36	17	4	12	2	30	55	130	63	54	50	82	39	10	11	0	11	0	55	992	509	3484	4477	230	110	63	50	30	135	157	2	23	24
5	2	21	0	39	297	284	151	346	320	119	17	211	9	231	519	36	12	4	10	44	69	16	130	251	2	15	35	228	106	25	3	55	9	161	2	6	1	0	12	1	1	2	0	35	6	1	4	1	2	0	4	2	0	1	9	1	9	7	50	2	3	4	17	1	1	0	0	1	7	455	42	298	230	1885	64	2	4	2	12	9	1	0	2
2	3	12	0	3	151	26	24	44	5	11	5	5	7	25	33	4	9	0	7	9	12	4	37	20	0	15	14	21	24	8	1	88	0	58	0	0	0	0	1	0	0	0	0	3	0	0	0	0	0	0	0	0	0	0	0	0	1	1	3	0	0	0	1	0	0	0	0	0	0	46	7	139	110	64	382	4	2	0	0	0	0	0	0
0	3	5	0	2	7	10	18	37	0	20	331	4	257	33	2	0	8	2	7	4	6	1	15	8	266	26	28	15	60	3	7	10	0	166	0	7	1	0	0	0	1	0	0	0	2	25	1	42	1	0	0	1	2	1	0	0	0	1	1	58	10	13	0	1	0	4	0	0	3	43	230	329	63	2	4	665	0	1	6	4	0	1	2
5	36	69	0	9	1	3	25	8	87	5	13	7	16	7	20	63	21	5	21	0	58	61	91	123	4	88	111	127	19	26	4	0	7	44	96	264	355	0	72	28	199	314	182	124	182	391	194	112	240	16	545	342	77	230	114	525	280	1625	639	79	878	1251	597	329	325	14	57	82	913	131	49	77	50	4	2	0	8032	2567	1344	683	110	194	91
0	39	87	0	3	0	0	7	3	12	1	19	1	47	6	9	20	26	3	18	1	16	25	51	23	20	130	126	25	6	2	5	1	1	25	23	290	321	0	16	5	45	64	42	19	36	775	34	342	67	1	133	418	145	406	17	168	92	715	109	205	1379	1197	116	95	85	45	16	27	539	59	73	51	30	2	0	1	2567	5406	1292	788	11	48	225
3	39	59	0	9	3	10	36	18	108	8	16	26	102	16	22	28	25	5	14	1	35	36	66	166	28	112	110	122	30	21	6	1	7	57	319	249	494	0	182	78	668	528	471	167	536	1447	592	468	808	51	262	644	187	504	283	925	138	1758	952	245	1294	1091	885	1076	594	44	244	91	5117	66	48	142	135	12	0	6	1344	1292	9642	2847	157	585	306
0	24	30	0	6	2	8	21	14	46	6	9	7	74	12	32	15	18	2	7	1	30	21	83	77	5	41	65	72	21	11	3	1	5	42	95	102	232	0	48	28	157	201	153	74	124	294	117	57	206	7	164	224	38	132	67	437	86	938	416	160	404	469	389	225	261	9	89	28	934	80	34	150	157	9	0	4	683	788	2847	3875	95	329	122
1	0	0	0	8	0	1	13	1	27	5	0	8	1	1	1	0	0	0	0	1	1	1	3	35	1	0	0	26	5	4	0	0	1	7	35	0	11	0	44	300	632	69	328	139	97	19	238	7	217	681	13	8	0	2	70	31	7	76	165	5	11	3	92	140	11	0	151	7	215	4	1	5	2	1	0	0	110	11	157	95	1738	123	5
0	2	1	0	2	0	0	3	1	9	3	1	9	19	1	1	2	1	0	0	1	4	2	3	12	1	5	3	13	4	3	0	0	1	9	25	5	19	0	19	214	255	43	241	15	64	89	90	12	174	46	12	11	4	3	36	34	9	54	87	30	18	19	66	125	22	1	355	6	558	12	4	25	23	0	0	1	194	48	585	329	123	1244	41
0	1	0	0	0	0	1	2	4	3	2	2	2	42	2	1	2	0	0	1	1	2	0	1	6	7	9	2	8	2	0	2	0	1	7	5	6	7	0	0	2	20	10	22	6	7	404	4	238	27	0	5	8	8	18	0	8	5	18	15	155	38	25	12	23	5	3	13	2	110	5	1	25	24	2	0	2	91	225	306	122	5	41	686
