0.0159582996062	2.34623370834e-05	0.000817271408405	0	7.8207790278e-06	0	6.25662322224e-05	0.00674151152196	0.00358582718425	0.000375397393334	0.000418411677987	0.000633483101252	0	7.8207790278e-06	0.00974860105815	0	7.8207790278e-06	0.00046142596264	0.00030109999257	0.00025026492889	4.69246741668e-05	0.000348024666737	1.95519475695e-05	0.0001407740225	0.000152505191042	0	0.00208814800042	0.000179877917639	0.00111837140098	0.00714819203141	0.0058225699862	0	3.9103895139e-06	0.000242444149862	0.00110272984292	1.56415580556e-05	0	2.34623370834e-05	0	0	0	0	0	0	0.000379307782848	0	3.9103895139e-06	0	0	1.95519475695e-05	0	0	3.9103895139e-06	0	0	0	1.17311685417e-05	0.000109490906389	1.56415580556e-05	0.000136863632986	0	1.56415580556e-05	1.17311685417e-05	0.000508350636807	3.9103895139e-06	5.86558427085e-05	0	0	0	1.95519475695e-05	0.000653035048821	0.00023071298132	0.000754705176183	2.73727265973e-05	0	0	0	5.86558427085e-05	3.9103895139e-06	1.17311685417e-05	3.9103895139e-06	7.8207790278e-06	0	0
2.34623370834e-05	0.0152075048196	2.73727265973e-05	0	0	7.8207790278e-06	3.9103895139e-05	6.64766217363e-05	4.69246741668e-05	0.0031791466748	2.73727265973e-05	0.00023071298132	3.12831161112e-05	0.000414501288473	5.47454531946e-05	8.60285693058e-05	0.00105580516875	0.000203340254723	2.73727265973e-05	0.00016032597007	1.17311685417e-05	2.73727265973e-05	0.00595161284016	8.60285693058e-05	0.00286631551369	0.0030109999257	0.000825092187433	0.00898216471343	0.000195519475695	3.9103895139e-05	1.95519475695e-05	7.03870112502e-05	7.8207790278e-06	3.9103895139e-06	8.21181797919e-05	0	0.0028975986298	9.77597378475e-05	0	0	0	7.8207790278e-06	0	3.9103895139e-06	2.34623370834e-05	3.9103895139e-06	3.51935056251e-05	7.8207790278e-06	9.77597378475e-05	1.17311685417e-05	0	3.9103895139e-06	0	1.17311685417e-05	0.000109490906389	7.8207790278e-06	3.9103895139e-06	0.000637393490766	1.95519475695e-05	3.12831161112e-05	0.000156415580556	0.000312831161112	0.00254566357355	4.30142846529e-05	7.8207790278e-06	0	7.8207790278e-06	0	0	2.73727265973e-05	0.00138036749841	0.00147421684674	0.000215071423264	3.51935056251e-05	0.000136863632986	0	1.17311685417e-05	8.60285693058e-05	3.9103895139e-05	2.73727265973e-05	0	0	3.9103895139e-06	0
0.000817271408405	2.73727265973e-05	0.0471866702642	0	0	0	0.000105580516875	0.0111055062195	0.00287804668223	2.73727265973e-05	0.00101670127361	0.000125132464445	7.8207790278e-06	0	0.00364839341647	1.17311685417e-05	0.000121222074931	0.00236578565591	2.34623370834e-05	0.000183788307153	0	0.0013217116557	7.8207790278e-06	0.0125015152759	0.000164236359584	0	0.00748839591912	0.0120518204818	0.0056270505105	0.000637393490766	0.00166582593292	0	1.56415580556e-05	6.64766217363e-05	0.000801629850349	7.42974007641e-05	0.00122004152834	0.00864196082572	0	0	0	2.73727265973e-05	0.000101670127361	0.000125132464445	3.9103895139e-05	3.51935056251e-05	3.9103895139e-06	3.9103895139e-06	1.56415580556e-05	0.000273727265973	0	5.86558427085e-05	0.00300708953619	5.08350636807e-05	0.000129042853959	3.9103895139e-06	0.000348024666737	0.00300708953619	0.00384391289216	5.08350636807e-05	0	0.00134126360327	0.00570916869029	0.000211161033751	1.56415580556e-05	0.000555275310974	0	0	0	0.000895479198683	0.0027294518807	0.000946314262364	0.000582648037571	3.12831161112e-05	1.56415580556e-05	0	3.9103895139e-06	0.00046142596264	0.000101670127361	0.000297189603056	1.56415580556e-05	0	1.17311685417e-05	0
0	0	0	0	0	0	0	0	0	0	0	0	0	0	0	0	0	0	0	0	0	0	0	0	0	0	0	0	0	0	0	0	0	0	0	0	0	0	0	0	0	0	0	0	0	0	0	0	0	0	0	0	0	0	0	0	0	0	0	0	0	0	0	0	0	0	0	0	0	0	0	0	0	0	0	0	0	0	0	0	0	0	0	0
7.8207790278e-06	0	0	0	0.0186564683708	1.17311685417e-05	0.000653035048821	0.0014898584048	0.000113401295903	0.00257694668966	0.0030657453789	5.86558427085e-05	0.0017166609966	3.9103895139e-06	3.51935056251e-05	3.51935056251e-05	0	0	7.8207790278e-05	4.30142846529e-05	0.00471592975376	0	1.95519475695e-05	3.9103895139e-06	0.00613149075779	0	9.38493483336e-05	0	0.00995585170239	6.25662322224e-05	0	0	0	0	0.000129042853959	3.9103895139e-06	3.9103895139e-06	0	0	0.00559576739439	0	0.00125914542348	5.47454531946e-05	3.9103895139e-06	0.00125132464445	0.000668676606877	0	0.00263951292188	0	1.17311685417e-05	3.9103895139e-06	0	0	0	0	0.00453605183612	0	2.73727265973e-05	0	0.00385955445022	3.9103895139e-06	3.9103895139e-06	3.9103895139e-06	0.00184961424007	3.9103895139e-06	0	0	0	0	1.17311685417e-05	1.56415580556e-05	7.8207790278e-06	0.00030109999257	7.8207790278e-06	8.99389588197e-05	0	0	7.8207790278e-05	0	3.9103895139e-06	0	0	0	0
0	7.8207790278e-06	0	0	1.17311685417e-05	0.00733980111759	0.00410590898959	0.000297189603056	0.00329645836022	5.47454531946e-05	0.000703870112502	0	9.77597378475e-05	0	0.000203340254723	0.00161108047973	0	0	0	0	1.17311685417e-05	0	7.8207790278e-06	0	8.60285693058e-05	7.8207790278e-06	3.9103895139e-06	3.9103895139e-06	0.000101670127361	7.8207790278e-05	0	0	0.0018574350191	1.95519475695e-05	9.77597378475e-05	0	3.9103895139e-06	0	0	0	0	0	0	0	1.17311685417e-05	0	0	0	0	0	0	3.9103895139e-06	0	0	0	0	0	3.9103895139e-06	0	1.17311685417e-05	0	0	3.9103895139e-06	1.17311685417e-05	0	0	0	0	0	0	0.000226802591806	3.9103895139e-06	0.00023071298132	0.000125132464445	0.000895479198683	0.00112228179049	0	0	0	0	0	0	0	0
6.25662322224e-05	3.9103895139e-05	0.000105580516875	0	0.000653035048821	0.00410590898959	0.0308412420961	0.00509914792612	0.011961881523	0.000398859730418	0.0136863632986	0.000218981812778	0.00615495309488	6.25662322224e-05	0.00085246491403	0.00249873889938	0	7.8207790278e-06	6.25662322224e-05	5.47454531946e-05	0.00115747529611	4.69246741668e-05	5.08350636807e-05	6.25662322224e-05	0.00100497010507	3.9103895139e-06	0.000265906486945	3.9103895139e-05	0.00270989993313	0.000234623370834	3.9103895139e-06	0	0.000918941535766	3.9103895139e-06	0.000187698696667	0	3.12831161112e-05	1.56415580556e-05	0	3.51935056251e-05	0	3.9103895139e-06	1.95519475695e-05	3.9103895139e-06	0.000179877917639	0	0	3.9103895139e-05	3.12831161112e-05	3.9103895139e-06	0	1.17311685417e-05	3.9103895139e-06	0	0	2.73727265973e-05	7.8207790278e-06	3.9103895139e-05	7.8207790278e-06	0.000215071423264	0	1.17311685417e-05	3.51935056251e-05	0.000211161033751	0	0	0	0	0	0	0.000617841543196	0.000199429865209	0.00159152853216	0.000132953243473	0.00102843244216	0.000328472719168	0	1.56415580556e-05	0	0	0	3.9103895139e-06	0	0
0.00674151152196	6.64766217363e-05	0.0111055062195	0	0.0014898584048	0.000297189603056	0.00509914792612	0.0874793238154	0.0148790321004	0.00211552072702	0.0239980604468	0.00370313886966	0.000907210367225	3.9103895139e-05	0.0175732904755	0.000191609086181	9.38493483336e-05	0.000918941535766	0.00191609086181	0.00281548045001	0.000418411677987	0.00589686738696	0.000179877917639	0.00493882195606	0.00380871938654	2.34623370834e-05	0.00631527906495	0.00127478698153	0.0370939549289	0.00834477122266	0.0126031854033	0	0.000297189603056	0.00340594926661	0.00740236734981	0.000172057138612	2.73727265973e-05	0.000797719460835	0	0.00176358567077	0	0.000805540239863	0.00102061166313	0.000484888299724	0.00116920646466	0.000379307782848	0.000211161033751	0.000699959722988	3.9103895139e-06	0.000637393490766	0	2.34623370834e-05	0.000367576614307	0.000129042853959	0.000168146749098	0.000997149326044	0.000285458434515	0.000387128561876	0.000445784404585	0.00637393490766	0	0.000254175318403	7.42974007641e-05	0.00532204012842	0.000406680509446	0.000406680509446	0	0	0	0.000477067520696	0.0041645648323	0.000660855827849	0.00908383484079	0.000938493483336	0.000207250644237	3.9103895139e-05	1.17311685417e-05	0.000414501288473	3.12831161112e-05	0.000218981812778	1.95519475695e-05	7.8207790278e-06	3.12831161112e-05	0
0.00358582718425	4.69246741668e-05	0.00287804668223	0	0.000113401295903	0.00329645836022	0.011961881523	0.0148790321004	0.0409652405476	0.000199429865209	0.0107613919423	0.0010127908841	0.000629572711738	5.08350636807e-05	0.0121847737253	0.00103625322118	3.9103895139e-05	6.64766217363e-05	0.000328472719168	6.25662322224e-05	0.00053181297389	0.00148594801528	3.51935056251e-05	0.00121613113882	0.00078207790278	7.8207790278e-06	0.0021389830641	0.000449694794098	0.00457906612078	0.00296016486202	0.000911120756739	0	0.00155242463702	0.000125132464445	0.000977597378475	1.95519475695e-05	3.12831161112e-05	0.000434053236043	0	3.9103895139e-06	0	7.8207790278e-06	7.42974007641e-05	9.77597378475e-05	0.0001407740225	2.34623370834e-05	3.9103895139e-06	3.9103895139e-06	2.34623370834e-05	0.000117311685417	0	1.17311685417e-05	0.000199429865209	0	3.9103895139e-06	3.9103895139e-06	3.12831161112e-05	0.000101670127361	0.000144684412014	0.000258085707917	0	8.99389588197e-05	5.08350636807e-05	0.000559185700488	2.34623370834e-05	0.000117311685417	0	0	0	4.69246741668e-05	0.00150158957334	0.000258085707917	0.00255348435258	0.000273727265973	0.000625662322224	0.000817271408405	0	9.77597378475e-05	3.9103895139e-06	1.17311685417e-05	0	1.56415580556e-05	0	0
0.000375397393334	0.0031791466748	2.73727265973e-05	0	0.00257694668966	5.47454531946e-05	0.000398859730418	0.00211552072702	0.000199429865209	0.0373715925843	0.000226802591806	3.12831161112e-05	0.00104798438973	9.77597378475e-05	0.000305010382084	0.0016306324273	0.000934583093822	2.73727265973e-05	2.34623370834e-05	5.86558427085e-05	0.000445784404585	3.12831161112e-05	0.00506004403099	1.95519475695e-05	0.027568246073	0.00105580516875	0.000340203887709	0.00183788307153	0.0150354476809	0.000805540239863	0.00105189477924	6.25662322224e-05	0	0.000222892202292	8.21181797919e-05	0.00141947139355	5.86558427085e-05	1.17311685417e-05	0	0.00258085707917	0	0.000191609086181	0.000848554524516	9.77597378475e-05	0.0199234345733	0.000191609086181	6.64766217363e-05	0.00184961424007	1.95519475695e-05	0.000664766217363	1.56415580556e-05	0.000281548045001	8.21181797919e-05	3.12831161112e-05	6.25662322224e-05	0.00242835188813	5.86558427085e-05	0.00169319865952	6.64766217363e-05	0.01785874891	1.56415580556e-05	0.000113401295903	0.000203340254723	0.0112932049161	0.00180268956591	0.000539633752918	0	0	0.000958045430905	0.00153678307896	0.000383218172362	0.000125132464445	5.08350636807e-05	1.17311685417e-05	0.00138818827743	0	3.9103895139e-06	0.00167755710146	0.000144684412014	0.00055136492146	0.00023071298132	7.03870112502e-05	5.08350636807e-05	0
0.000418411677987	2.73727265973e-05	0.00101670127361	0	0.0030657453789	0.000703870112502	0.0136863632986	0.0239980604468	0.0107613919423	0.000226802591806	0.0551404025355	0.00421539989598	0.00526338428571	0.000164236359584	0.00326908563362	0.000574827258543	1.95519475695e-05	7.8207790278e-05	0.00328081680216	0.00304228304181	0.00584994271279	0.000829002576947	2.73727265973e-05	0.00111837140098	0.00139991944598	7.8207790278e-06	0.00314395316918	0.000555275310974	0.0141947139355	0.00226020513903	3.12831161112e-05	3.9103895139e-06	0.0001407740225	0.000148594801528	0.00566615440564	0	1.56415580556e-05	3.9103895139e-05	0	0.00211161033751	0	0.00099323893653	3.9103895139e-06	3.9103895139e-06	0.000207250644237	0.000351935056251	3.9103895139e-06	0.00139991944598	7.03870112502e-05	7.8207790278e-06	0	7.8207790278e-06	0	3.9103895139e-06	0	0.00206859605285	2.34623370834e-05	0.000109490906389	4.69246741668e-05	0.00175967528125	1.56415580556e-05	3.9103895139e-05	2.73727265973e-05	0.000492709078751	1.17311685417e-05	7.8207790278e-06	0	0	0	1.17311685417e-05	0.00125914542348	0.000664766217363	0.00986200235405	0.000340203887709	0.000246354539376	4.69246741668e-05	7.8207790278e-06	0.000105580516875	3.9103895139e-06	5.08350636807e-05	3.9103895139e-06	0	0	0
0.000633483101252	0.00023071298132	0.000125132464445	0	5.86558427085e-05	0	0.000218981812778	0.00370313886966	0.0010127908841	3.12831161112e-05	0.00421539989598	0.0327456017894	0.000868106472086	0.00616277387391	0.00273336227022	0	0.000121222074931	0.000649124659307	0.00496228429314	0.0062448920537	0.000950224651878	0.00016032597007	8.21181797919e-05	0.000175967528125	0.000195519475695	0.00163845320632	0.0103508010433	0.00112228179049	0.00145075450966	0.00354281289959	0.000105580516875	0.000981507767989	0.000207250644237	0.000355845445765	0.00829002576947	0	0.000199429865209	1.17311685417e-05	0	0	0	0	1.17311685417e-05	0	7.8207790278e-06	1.17311685417e-05	0.000144684412014	0	0.000582648037571	3.9103895139e-06	0	0	7.8207790278e-06	7.8207790278e-06	3.9103895139e-06	0	0	4.30142846529e-05	1.56415580556e-05	4.69246741668e-05	0.000308920771598	0.000129042853959	0.000375397393334	0.000132953243473	0	1.56415580556e-05	0.000207250644237	0	0	3.9103895139e-06	0.00309311810549	0.00636220373911	0.0111993555678	6.64766217363e-05	3.12831161112e-05	0.000316741550626	0.000883748030141	0.000132953243473	0.000293279213542	0	0	0	0	0
0	3.12831161112e-05	7.8207790278e-06	0	0.0017166609966	9.77597378475e-05	0.00615495309488	0.000907210367225	0.000629572711738	0.00104798438973	0.00526338428571	0.000868106472086	0.0252806682074	5.08350636807e-05	0.000254175318403	0.00130215970813	0	0	0.000625662322224	0.000203340254723	0.00996367248142	3.9103895139e-06	1.17311685417e-05	0	0.00196692592549	3.9103895139e-06	0.000875927251113	1.56415580556e-05	0.00163454281681	0.000215071423264	0	3.9103895139e-06	5.47454531946e-05	0	0.000543544142432	1.17311685417e-05	2.73727265973e-05	0	0	0.000117311685417	0	0.00104407400021	0	0.000222892202292	0.000293279213542	7.42974007641e-05	7.42974007641e-05	0.00209205838994	4.30142846529e-05	0.000535723363404	5.08350636807e-05	0	0	1.95519475695e-05	7.8207790278e-06	0.00107144672681	0	0	3.9103895139e-06	0.000195519475695	0	0.000172057138612	2.73727265973e-05	0.000121222074931	0.000379307782848	0	0	3.12831161112e-05	0	0.000445784404585	0.000179877917639	0.000316741550626	0.00232668176077	3.9103895139e-05	0.00099323893653	2.73727265973e-05	0	7.8207790278e-06	0	1.95519475695e-05	3.9103895139e-06	3.12831161112e-05	0	0
7.8207790278e-06	0.000414501288473	0	0	3.9103895139e-06	0	6.25662322224e-05	3.9103895139e-05	5.08350636807e-05	9.77597378475e-05	0.000164236359584	0.00616277387391	5.08350636807e-05	0.0147030645723	7.03870112502e-05	0	0.000105580516875	1.17311685417e-05	0.000144684412014	0.00030109999257	5.47454531946e-05	3.9103895139e-06	0.000179877917639	3.9103895139e-06	0.000152505191042	0.00499356740925	0.00236578565591	0.00356627523668	3.12831161112e-05	9.77597378475e-05	0	0.000918941535766	1.56415580556e-05	0	0.000195519475695	0	0.000246354539376	0	0	0	0	0	0	0	3.9103895139e-06	0	0.000688228554446	0	0.00150549996285	0	0	0	0	2.34623370834e-05	1.56415580556e-05	0	0	3.9103895139e-05	0	0	0.00110272984292	0.000121222074931	0.000473157131182	3.9103895139e-06	0	0	0.000222892202292	0	0	1.56415580556e-05	0.000281548045001	0.00189262852473	0.000918941535766	3.12831161112e-05	0	4.69246741668e-05	0.000915031146252	3.9103895139e-06	0.00106753633729	7.8207790278e-06	0	0	0	3.51935056251e-05
0.00974860105815	5.47454531946e-05	0.00364839341647	0	3.51935056251e-05	0.000203340254723	0.00085246491403	0.0175732904755	0.0121847737253	0.000305010382084	0.00326908563362	0.00273336227022	0.000254175318403	7.03870112502e-05	0.0377782730938	5.47454531946e-05	2.73727265973e-05	0.000312831161112	0.000430142846529	0.00016032597007	0.000273727265973	0.00168928827	7.8207790278e-06	0.000805540239863	0.00046142596264	0	0.00417238561133	0.000394949340904	0.00398468691466	0.0103468906538	0.00491927000849	3.9103895139e-06	0.000434053236043	0.000930672704308	0.00285458434515	5.86558427085e-05	4.30142846529e-05	0.00048097791021	0	0	0	2.73727265973e-05	5.86558427085e-05	0.000312831161112	0.000328472719168	3.12831161112e-05	2.34623370834e-05	0	1.17311685417e-05	0.000363666224793	0	3.9103895139e-06	0.000164236359584	3.9103895139e-06	2.34623370834e-05	0	0.000152505191042	0.000156415580556	0.00025026492889	0.000308920771598	0	0.000105580516875	6.25662322224e-05	0.00126305581299	5.86558427085e-05	0.000172057138612	0	0	0	0.000121222074931	0.0017166609966	0.00055136492146	0.00382045055508	0.000215071423264	0.000742974007641	0.000246354539376	3.12831161112e-05	0.000152505191042	1.17311685417e-05	2.34623370834e-05	1.17311685417e-05	5.47454531946e-05	3.9103895139e-06	0
0	8.60285693058e-05	1.17311685417e-05	0	3.51935056251e-05	0.00161108047973	0.00249873889938	0.000191609086181	0.00103625322118	0.0016306324273	0.000574827258543	0	0.00130215970813	0	5.47454531946e-05	0.00644432191891	3.9103895139e-06	0	0	0	8.99389588197e-05	3.9103895139e-06	0.000148594801528	3.9103895139e-06	0.0011809376332	1.56415580556e-05	6.25662322224e-05	7.8207790278e-05	8.21181797919e-05	3.9103895139e-06	0	3.9103895139e-06	6.64766217363e-05	0	3.9103895139e-06	0	1.17311685417e-05	0	0	2.34623370834e-05	0	0	0	0	0.000324562329654	0	0	1.95519475695e-05	0	0	0	3.9103895139e-05	0	0	0	2.34623370834e-05	7.8207790278e-06	4.69246741668e-05	3.9103895139e-06	0.000379307782848	0	0	1.56415580556e-05	0.000344114277223	0	0	0	0	0	0	0.000199429865209	3.9103895139e-06	2.34623370834e-05	0	0.00226802591806	5.86558427085e-05	0	0	0	0	0	0	0	0
7.8207790278e-06	0.00105580516875	0.000121222074931	0	0	0	0	9.38493483336e-05	3.9103895139e-05	0.000934583093822	1.95519475695e-05	0.000121222074931	0	0.000105580516875	2.73727265973e-05	3.9103895139e-06	0.0261956993536	7.42974007641e-05	7.8207790278e-06	0.000168146749098	0	0.00470810897473	0.01069882571	0.00750012708766	0.00823919070579	6.64766217363e-05	0.000164236359584	0.0033746661505	0.00220937007535	0.000156415580556	0.000261996097431	1.56415580556e-05	0	0.000113401295903	0.000238533760348	0	0.000308920771598	0.0001407740225	0	0	0	0	0	3.9103895139e-06	0.000105580516875	0	5.08350636807e-05	0	5.86558427085e-05	3.9103895139e-06	0	0.00454778300467	7.8207790278e-06	3.9103895139e-06	1.56415580556e-05	0	0.00314786355869	0.0104798438973	0.00448130638293	0.000234623370834	8.60285693058e-05	0.000175967528125	0.000465336352154	0.00162672203778	2.34623370834e-05	0.00016032597007	3.9103895139e-06	0	1.95519475695e-05	2.34623370834e-05	0.00340203887709	0.00105971555827	0.000121222074931	5.47454531946e-05	3.9103895139e-06	0	0	0.00046142596264	9.77597378475e-05	3.12831161112e-05	3.51935056251e-05	7.8207790278e-06	0	0
0.00046142596264	0.000203340254723	0.00236578565591	0	0	0	7.8207790278e-06	0.000918941535766	6.64766217363e-05	2.73727265973e-05	7.8207790278e-05	0.000649124659307	0	1.17311685417e-05	0.000312831161112	0	7.42974007641e-05	0.0236461253906	0.000469246741668	0.00486452455529	0	0.000375397393334	9.77597378475e-05	0.00469637780619	0.000105580516875	7.8207790278e-06	0.0047550336489	0.00448521677244	0.000457515573126	0.000875927251113	0.00305401421036	2.73727265973e-05	1.95519475695e-05	7.42974007641e-05	0.00428578690723	0	0.000125132464445	0.000379307782848	0	0	0	0	3.9103895139e-06	3.9103895139e-06	1.17311685417e-05	1.17311685417e-05	0	0	1.17311685417e-05	7.8207790278e-06	0	1.17311685417e-05	0.000105580516875	3.9103895139e-06	3.12831161112e-05	0	0	2.34623370834e-05	3.9103895139e-05	1.95519475695e-05	0	0.000297189603056	0.000222892202292	3.9103895139e-05	0	0	0	0	0	3.9103895139e-06	0.00183397268202	0.00281939083952	0.00265906486945	0.0001407740225	7.8207790278e-06	7.8207790278e-06	0	7.42974007641e-05	7.8207790278e-06	1.56415580556e-05	1.56415580556e-05	0	0	0
0.00030109999257	2.73727265973e-05	2.34623370834e-05	0	7.8207790278e-05	0	6.25662322224e-05	0.00191609086181	0.000328472719168	2.34623370834e-05	0.00328081680216	0.00496228429314	0.000625662322224	0.000144684412014	0.000430142846529	0	7.8207790278e-06	0.000469246741668	0.00905646211419	0.00403552197834	0.00107535711632	2.34623370834e-05	2.34623370834e-05	3.12831161112e-05	5.47454531946e-05	0	0.00414892327425	0.00023071298132	0.000633483101252	0.000555275310974	1.95519475695e-05	5.47454531946e-05	0	8.99389588197e-05	0.00278810772341	0	1.56415580556e-05	0	0	3.9103895139e-06	0	0	3.9103895139e-06	3.9103895139e-06	0	0	0	3.9103895139e-06	3.9103895139e-06	3.9103895139e-06	0	0	0	0	7.8207790278e-06	3.9103895139e-06	0	1.17311685417e-05	3.9103895139e-06	1.17311685417e-05	1.95519475695e-05	2.73727265973e-05	3.12831161112e-05	5.08350636807e-05	0	7.8207790278e-06	0	0	0	0	0.000555275310974	0.00055136492146	0.00500529857779	1.56415580556e-05	3.9103895139e-06	0	7.8207790278e-06	1.17311685417e-05	0	0	0	0	0	0
0.00025026492889	0.00016032597007	0.000183788307153	0	4.30142846529e-05	0	5.47454531946e-05	0.00281548045001	6.25662322224e-05	5.86558427085e-05	0.00304228304181	0.0062448920537	0.000203340254723	0.00030109999257	0.00016032597007	0	0.000168146749098	0.00486452455529	0.00403552197834	0.0245924396529	0.00055136492146	0.000207250644237	0.000183788307153	0.000746884397155	0.000148594801528	1.56415580556e-05	0.00848945563468	0.00367967653258	0.00120048958077	0.00071169089153	0.00104407400021	0.00016032597007	1.17311685417e-05	0.000336293498195	0.0083838751178	0	8.99389588197e-05	6.64766217363e-05	0	0	0	0	7.8207790278e-06	0	7.8207790278e-06	0	3.9103895139e-06	0	3.51935056251e-05	0	0	7.8207790278e-06	1.95519475695e-05	0	3.51935056251e-05	0	3.9103895139e-06	0.000211161033751	1.95519475695e-05	1.17311685417e-05	4.69246741668e-05	0.000125132464445	0.00048097791021	2.34623370834e-05	0	3.9103895139e-06	3.9103895139e-06	0	0	0	0.00526338428571	0.00484106221821	0.0080749543462	7.8207790278e-05	3.9103895139e-06	0	7.8207790278e-06	5.47454531946e-05	3.9103895139e-06	1.56415580556e-05	1.56415580556e-05	0	0	0
4.69246741668e-05	1.17311685417e-05	0	0	0.00471592975376	1.17311685417e-05	0.00115747529611	0.000418411677987	0.00053181297389	0.000445784404585	0.00584994271279	0.000950224651878	0.00996367248142	5.47454531946e-05	0.000273727265973	8.99389588197e-05	0	0	0.00107535711632	0.00055136492146	0.0179838813744	0	3.9103895139e-06	0	0.0014898584048	3.9103895139e-06	0.00130215970813	3.9103895139e-06	0.00253784279452	0.00032065194014	0	0	7.8207790278e-06	0	0.00117311685417	0	7.8207790278e-06	0	0	0.000610020764168	0	0.000179877917639	0	3.9103895139e-06	0.000269816876459	3.51935056251e-05	0	0.00048097791021	1.95519475695e-05	3.9103895139e-06	0	0	0	0	0	0.00039103895139	0	0	0	0.000273727265973	7.8207790278e-06	0	7.8207790278e-06	9.77597378475e-05	0	0	0	0	0	0	0.000195519475695	0.000273727265973	0.00266688564848	1.17311685417e-05	0.000508350636807	3.9103895139e-06	0	3.9103895139e-06	0	0	0	0	0	0
0.000348024666737	2.73727265973e-05	0.0013217116557	0	0	0	4.69246741668e-05	0.00589686738696	0.00148594801528	3.12831161112e-05	0.000829002576947	0.00016032597007	3.9103895139e-06	3.9103895139e-06	0.00168928827	3.9103895139e-06	0.00470810897473	0.000375397393334	2.34623370834e-05	0.000207250644237	0	0.0406758717236	0.000218981812778	0.0117468100998	0.000504440247293	2.73727265973e-05	0.000152505191042	0.000355845445765	0.0177492580036	0.000703870112502	0.0105345893504	0	7.8207790278e-06	0.000735153228613	0.00658900633092	7.8207790278e-06	3.12831161112e-05	5.86558427085e-05	0	0	0	3.9103895139e-06	3.9103895139e-06	7.8207790278e-06	2.73727265973e-05	3.9103895139e-06	3.9103895139e-06	0	3.9103895139e-06	1.17311685417e-05	0	0.000383218172362	2.34623370834e-05	0	7.8207790278e-06	0	0.00506786481001	0.00498574663022	0.00309311810549	1.56415580556e-05	0	5.86558427085e-05	7.8207790278e-05	0.000261996097431	2.34623370834e-05	0.00214680384313	0	0	7.8207790278e-06	3.9103895139e-05	0.00345678433029	0.000629572711738	0.00680016736467	0.000891568809169	0.000234623370834	0	2.34623370834e-05	0.00025026492889	8.60285693058e-05	5.86558427085e-05	3.51935056251e-05	0	0	0
1.95519475695e-05	0.00595161284016	7.8207790278e-06	0	1.95519475695e-05	7.8207790278e-06	5.08350636807e-05	0.000179877917639	3.51935056251e-05	0.00506004403099	2.73727265973e-05	8.21181797919e-05	1.17311685417e-05	0.000179877917639	7.8207790278e-06	0.000148594801528	0.01069882571	9.77597378475e-05	2.34623370834e-05	0.000183788307153	3.9103895139e-06	0.000218981812778	0.0269777772564	0.00172057138612	0.00865760238377	0.00158761814264	0.000324562329654	0.00750403747717	0.000492709078751	0.000316741550626	0.000195519475695	6.25662322224e-05	3.9103895139e-06	0.000238533760348	0.000394949340904	0	0.000445784404585	8.21181797919e-05	0	3.9103895139e-06	0	0	2.73727265973e-05	1.17311685417e-05	0.000473157131182	7.8207790278e-06	3.12831161112e-05	0	4.69246741668e-05	1.17311685417e-05	0	0.0043874570346	3.12831161112e-05	1.56415580556e-05	1.95519475695e-05	0	0.000946314262364	0.00942012833898	0.00187307657716	0.000394949340904	3.12831161112e-05	8.99389588197e-05	0.00209205838994	0.00188089735619	1.95519475695e-05	7.42974007641e-05	7.8207790278e-06	0	3.9103895139e-06	2.34623370834e-05	0.00200211943112	0.00109490906389	0.000191609086181	5.47454531946e-05	0.000144684412014	0	3.9103895139e-06	0.000684318164932	8.99389588197e-05	7.42974007641e-05	5.47454531946e-05	1.56415580556e-05	0	0
0.0001407740225	8.60285693058e-05	0.0125015152759	0	3.9103895139e-06	0	6.25662322224e-05	0.00493882195606	0.00121613113882	1.95519475695e-05	0.00111837140098	0.000175967528125	0	3.9103895139e-06	0.000805540239863	3.9103895139e-06	0.00750012708766	0.00469637780619	3.12831161112e-05	0.000746884397155	0	0.0117468100998	0.00172057138612	0.0631410594809	0.000613931153682	0	0.00179877917639	0.00593206089259	0.00478631676501	0.000172057138612	0.00396122457758	0	1.17311685417e-05	6.25662322224e-05	0.0033199206973	7.03870112502e-05	0.000136863632986	0.00246354539376	0	0	0	0.000117311685417	0.000191609086181	0.000234623370834	2.73727265973e-05	0.000109490906389	1.17311685417e-05	3.9103895139e-06	7.8207790278e-06	0.000101670127361	0	0.00412937132668	0.000152505191042	0	1.56415580556e-05	3.9103895139e-06	0.00177531683931	0.0116177672458	0.0144606204224	6.25662322224e-05	0	7.42974007641e-05	0.00166973632244	0.000132953243473	8.21181797919e-05	0.000449694794098	0	0	1.95519475695e-05	0.000148594801528	0.0105150374029	0.00183788307153	0.00332774147633	0.000394949340904	8.21181797919e-05	3.9103895139e-06	3.9103895139e-06	0.000625662322224	9.77597378475e-05	0.000402770119932	0.000340203887709	0	3.9103895139e-06	3.9103895139e-06
0.000152505191042	0.00286631551369	0.000164236359584	0	0.00613149075779	8.60285693058e-05	0.00100497010507	0.00380871938654	0.00078207790278	0.027568246073	0.00139991944598	0.000195519475695	0.00196692592549	0.000152505191042	0.00046142596264	0.0011809376332	0.00823919070579	0.000105580516875	5.47454531946e-05	0.000148594801528	0.0014898584048	0.000504440247293	0.00865760238377	0.000613931153682	0.0614009361472	0.000316741550626	0.000312831161112	0.00318305706431	0.0272202214063	0.00099323893653	0.00094240387285	6.64766217363e-05	3.9103895139e-06	0.000453605183612	0.00030109999257	0.00220545968584	0.000363666224793	0.000207250644237	0	0.00276464538633	0	0.000445784404585	0.000602199985141	9.77597378475e-05	0.0176749606028	0.000175967528125	6.64766217363e-05	0.00168928827	5.08350636807e-05	0.000969776599447	1.56415580556e-05	0.00046142596264	8.60285693058e-05	4.30142846529e-05	5.86558427085e-05	0.0025613051316	0.00139991944598	0.00485670377626	0.000363666224793	0.0166426177712	6.64766217363e-05	0.000308920771598	0.000527902584376	0.0138466892687	0.00199038826257	0.00172839216514	3.9103895139e-06	0	0.000969776599447	0.00154069346848	0.00165018437487	0.000488798689237	0.000277637655487	5.47454531946e-05	0.00106753633729	3.9103895139e-06	0	0.00251047006792	0.000207250644237	0.000512261026321	0.00023071298132	7.03870112502e-05	4.69246741668e-05	0
0	0.0030109999257	0	0	0	7.8207790278e-06	3.9103895139e-06	2.34623370834e-05	7.8207790278e-06	0.00105580516875	7.8207790278e-06	0.00163845320632	3.9103895139e-06	0.00499356740925	0	1.56415580556e-05	6.64766217363e-05	7.8207790278e-06	0	1.56415580556e-05	3.9103895139e-06	2.73727265973e-05	0.00158761814264	0	0.000316741550626	0.0133813529166	0.000961955820419	0.00522819078008	0.000121222074931	3.51935056251e-05	4.69246741668e-05	0.000234623370834	1.56415580556e-05	1.17311685417e-05	0.000207250644237	0	0.000383218172362	0	0	0	0	3.9103895139e-05	0	0.000199429865209	0	0	0.0012943389291	3.9103895139e-06	0.00248309734133	7.42974007641e-05	0	0	0	7.8207790278e-06	1.56415580556e-05	3.9103895139e-06	0	3.9103895139e-06	0	0	0.00215462462216	0.000121222074931	0.000719511670558	3.9103895139e-06	3.9103895139e-06	0	0.000351935056251	0	0	0.000316741550626	1.95519475695e-05	0.000496619468265	0.00032065194014	0.000281548045001	2.73727265973e-05	1.17311685417e-05	0.000340203887709	1.56415580556e-05	0.00172448177563	0.000269816876459	3.9103895139e-06	0	0.000125132464445	0.000125132464445
0.00208814800042	0.000825092187433	0.00748839591912	0	9.38493483336e-05	3.9103895139e-06	0.000265906486945	0.00631527906495	0.0021389830641	0.000340203887709	0.00314395316918	0.0103508010433	0.000875927251113	0.00236578565591	0.00417238561133	6.25662322224e-05	0.000164236359584	0.0047550336489	0.00414892327425	0.00848945563468	0.00130215970813	0.000152505191042	0.000324562329654	0.00179877917639	0.000312831161112	0.000961955820419	0.0743052215431	0.0191139839439	0.000915031146252	0.00131389087667	0.00133344282424	0.00246354539376	2.73727265973e-05	1.17311685417e-05	0.0032925479707	3.9103895139e-06	0.00839560628634	0.00234232331883	0	3.9103895139e-06	0	7.8207790278e-06	1.17311685417e-05	7.8207790278e-06	0.000125132464445	3.9103895139e-05	0.000703870112502	1.17311685417e-05	0.00454387261515	1.95519475695e-05	0	6.25662322224e-05	0.000238533760348	0.00016032597007	0.000512261026321	7.8207790278e-06	7.03870112502e-05	0.000344114277223	0.000207250644237	0.000129042853959	0.00346460510931	0.00961173742516	0.0137606606994	0.000363666224793	7.8207790278e-06	5.08350636807e-05	0.000785988292294	0	0	5.86558427085e-05	0.00640521802377	0.0105893348036	0.00632701023349	0.000101670127361	0.00016032597007	1.95519475695e-05	2.73727265973e-05	0.00048097791021	0.000539633752918	6.64766217363e-05	1.95519475695e-05	0	0	0
0.000179877917639	0.00898216471343	0.0120518204818	0	0	3.9103895139e-06	3.9103895139e-05	0.00127478698153	0.000449694794098	0.00183788307153	0.000555275310974	0.00112228179049	1.56415580556e-05	0.00356627523668	0.000394949340904	7.8207790278e-05	0.0033746661505	0.00448521677244	0.00023071298132	0.00367967653258	3.9103895139e-06	0.000355845445765	0.00750403747717	0.00593206089259	0.00318305706431	0.00522819078008	0.0191139839439	0.0875027861525	0.00102061166313	0.000265906486945	0.000168146749098	0.000868106472086	1.17311685417e-05	1.95519475695e-05	0.00163454281681	0	0.0180268956591	0.00166582593292	0	0	0	1.95519475695e-05	0	1.95519475695e-05	0.000117311685417	1.17311685417e-05	0.000965866209933	1.56415580556e-05	0.00379307782848	4.69246741668e-05	3.9103895139e-06	0.00176358567077	0.000242444149862	8.21181797919e-05	0.000406680509446	1.17311685417e-05	6.64766217363e-05	0.00964302054128	0.0028428531766	0.000449694794098	0.00457124534175	0.00276073499681	0.0296563940734	0.000203340254723	1.56415580556e-05	5.08350636807e-05	0.000316741550626	0	0	0.000125132464445	0.00988937508065	0.00574436219592	0.00137254671938	0.000113401295903	0.000129042853959	3.9103895139e-06	2.73727265973e-05	0.00125132464445	0.000840733745488	0.000113401295903	0.000117311685417	3.9103895139e-06	1.56415580556e-05	3.51935056251e-05
0.00111837140098	0.000195519475695	0.0056270505105	0	0.00995585170239	0.000101670127361	0.00270989993313	0.0370939549289	0.00457906612078	0.0150354476809	0.0141947139355	0.00145075450966	0.00163454281681	3.12831161112e-05	0.00398468691466	8.21181797919e-05	0.00220937007535	0.000457515573126	0.000633483101252	0.00120048958077	0.00253784279452	0.0177492580036	0.000492709078751	0.00478631676501	0.0272202214063	0.000121222074931	0.000915031146252	0.00102061166313	0.107258073977	0.00385173367119	0.00909947639884	0	0.000164236359584	0.00165018437487	0.00818444525259	0.0020255817682	8.21181797919e-05	0.000168146749098	0	0.00816098291551	0	0.00215071423264	0.00201776098917	0.00120439997028	0.0125367087816	0.00107926750584	0.000516171415835	0.00356236484716	4.69246741668e-05	0.00253393240501	1.56415580556e-05	0.00025026492889	0.000101670127361	0.000179877917639	0.000238533760348	0.00735935306516	0.00274118304924	0.0033199206973	0.00130607009764	0.0211591176597	3.9103895139e-06	0.000418411677987	0.000265906486945	0.0173895021683	0.00190827008278	0.00309311810549	0	0	0.000242444149862	0.00166191554341	0.00791071798662	0.000946314262364	0.00805149200912	0.00176749606028	0.000543544142432	2.34623370834e-05	5.08350636807e-05	0.00315568433772	0.000265906486945	0.000829002576947	0.000207250644237	8.60285693058e-05	5.47454531946e-05	1.95519475695e-05
0.00714819203141	3.9103895139e-05	0.000637393490766	0	6.25662322224e-05	7.8207790278e-05	0.000234623370834	0.00834477122266	0.00296016486202	0.000805540239863	0.00226020513903	0.00354281289959	0.000215071423264	9.77597378475e-05	0.0103468906538	3.9103895139e-06	0.000156415580556	0.000875927251113	0.000555275310974	0.00071169089153	0.00032065194014	0.000703870112502	0.000316741550626	0.000172057138612	0.00099323893653	3.51935056251e-05	0.00131389087667	0.000265906486945	0.00385173367119	0.0323428316695	0.00518908688494	3.9103895139e-06	0.00105580516875	0.0066945868478	0.00820790758968	0.000101670127361	6.25662322224e-05	7.42974007641e-05	0	3.9103895139e-06	0	1.17311685417e-05	4.69246741668e-05	0.000242444149862	0.000778167513266	3.9103895139e-06	2.34623370834e-05	0	3.9103895139e-06	0.000344114277223	0	7.8207790278e-06	5.47454531946e-05	1.17311685417e-05	1.95519475695e-05	3.9103895139e-06	0.000168146749098	0.000441874015071	0.000105580516875	0.000520081805349	0	0.000125132464445	9.77597378475e-05	0.00168146749098	6.64766217363e-05	0.000602199985141	0	0	3.9103895139e-06	0.000218981812778	0.00126305581299	0.000660855827849	0.00593988167161	0.000312831161112	0.000586558427085	0.00032065194014	8.21181797919e-05	0.000488798689237	0.000121222074931	0.000113401295903	6.25662322224e-05	3.9103895139e-05	0	3.9103895139e-06
0.0058225699862	1.95519475695e-05	0.00166582593292	0	0	0	3.9103895139e-06	0.0126031854033	0.000911120756739	0.00105189477924	3.12831161112e-05	0.000105580516875	0	0	0.00491927000849	0	0.000261996097431	0.00305401421036	1.95519475695e-05	0.00104407400021	0	0.0105345893504	0.000195519475695	0.00396122457758	0.00094240387285	4.69246741668e-05	0.00133344282424	0.000168146749098	0.00909947639884	0.00518908688494	0.0397178262927	0	0	0.00114574412757	0.00626835439078	7.8207790278e-06	0	2.73727265973e-05	0	0	0	3.9103895139e-06	1.95519475695e-05	3.9103895139e-06	0.000891568809169	0	2.73727265973e-05	0	0	1.17311685417e-05	0	0.000101670127361	1.95519475695e-05	2.34623370834e-05	1.95519475695e-05	0	0.00128651815007	0.00148594801528	0.000316741550626	0.000535723363404	0	7.8207790278e-05	3.51935056251e-05	0.00139600905646	1.95519475695e-05	0.000856375303544	0	0	0	0.000117311685417	0.000766436344724	0.000488798689237	0.00307747654744	0.000297189603056	4.69246741668e-05	0	0	0.000207250644237	1.17311685417e-05	3.12831161112e-05	3.9103895139e-06	0	7.8207790278e-06	0
0	7.03870112502e-05	0	0	0	0	0	0	0	6.25662322224e-05	3.9103895139e-06	0.000981507767989	3.9103895139e-06	0.000918941535766	3.9103895139e-06	3.9103895139e-06	1.56415580556e-05	2.73727265973e-05	5.47454531946e-05	0.00016032597007	0	0	6.25662322224e-05	0	6.64766217363e-05	0.000234623370834	0.00246354539376	0.000868106472086	0	3.9103895139e-06	0	0.00267470642751	0	0	1.56415580556e-05	0	4.69246741668e-05	3.9103895139e-06	0	0	0	0	0	0	0	0	0.000132953243473	0	0.000520081805349	0	0	0	0	0	0	0	0	3.12831161112e-05	3.9103895139e-06	0	0.000281548045001	4.30142846529e-05	0.000222892202292	0	0	0	0.000109490906389	0	0	0	8.99389588197e-05	0.000305010382084	4.69246741668e-05	0	3.9103895139e-06	0	3.9103895139e-06	3.9103895139e-06	7.42974007641e-05	3.9103895139e-06	0	0	0	0
3.9103895139e-06	7.8207790278e-06	1.56415580556e-05	0	0	0.0018574350191	0.000918941535766	0.000297189603056	0.00155242463702	0	0.0001407740225	0.000207250644237	5.47454531946e-05	1.56415580556e-05	0.000434053236043	6.64766217363e-05	0	1.95519475695e-05	0	1.17311685417e-05	7.8207790278e-06	7.8207790278e-06	3.9103895139e-06	1.17311685417e-05	3.9103895139e-06	1.56415580556e-05	2.73727265973e-05	1.17311685417e-05	0.000164236359584	0.00105580516875	0	0	0.0049505531246	1.56415580556e-05	0.000676497385905	3.9103895139e-06	7.8207790278e-06	0	0	0	0	0	0	3.12831161112e-05	0	0	3.9103895139e-06	0	7.8207790278e-06	3.12831161112e-05	0	0	0	0	0	0	0	0	0	3.9103895139e-06	0	0	7.8207790278e-06	5.08350636807e-05	1.56415580556e-05	0	0	0	0	1.17311685417e-05	0.000563096090002	4.69246741668e-05	0.000883748030141	0.000109490906389	0.000359755835279	0.00103234283167	7.8207790278e-06	7.8207790278e-06	3.9103895139e-06	0	0	0	0	0
0.000242444149862	3.9103895139e-06	6.64766217363e-05	0	0	1.95519475695e-05	3.9103895139e-06	0.00340594926661	0.000125132464445	0.000222892202292	0.000148594801528	0.000355845445765	0	0	0.000930672704308	0	0.000113401295903	7.42974007641e-05	8.99389588197e-05	0.000336293498195	0	0.000735153228613	0.000238533760348	6.25662322224e-05	0.000453605183612	1.17311685417e-05	1.17311685417e-05	1.95519475695e-05	0.00165018437487	0.0066945868478	0.00114574412757	0	1.56415580556e-05	0.00879446601676	0.00283894278709	2.73727265973e-05	3.9103895139e-06	7.8207790278e-06	0	0	0	0	0	0	0.000207250644237	0	0	0	0	3.12831161112e-05	0	3.9103895139e-06	7.8207790278e-06	0	0	0	0.000207250644237	0.000269816876459	5.47454531946e-05	0.000105580516875	0	1.56415580556e-05	3.9103895139e-06	0.000261996097431	1.17311685417e-05	0.000500529857779	0	0	0	0.000101670127361	0.000285458434515	8.21181797919e-05	0.0013217116557	0.00023071298132	1.95519475695e-05	3.9103895139e-06	0	0.000297189603056	9.38493483336e-05	8.21181797919e-05	4.30142846529e-05	3.9103895139e-06	0	0
0.00110272984292	8.21181797919e-05	0.000801629850349	0	0.000129042853959	9.77597378475e-05	0.000187698696667	0.00740236734981	0.000977597378475	8.21181797919e-05	0.00566615440564	0.00829002576947	0.000543544142432	0.000195519475695	0.00285458434515	3.9103895139e-06	0.000238533760348	0.00428578690723	0.00278810772341	0.0083838751178	0.00117311685417	0.00658900633092	0.000394949340904	0.0033199206973	0.00030109999257	0.000207250644237	0.0032925479707	0.00163454281681	0.00818444525259	0.00820790758968	0.00626835439078	1.56415580556e-05	0.000676497385905	0.00283894278709	0.0390569704648	3.9103895139e-06	0.00016032597007	0.000156415580556	0	7.8207790278e-06	0	0	1.17311685417e-05	1.95519475695e-05	4.30142846529e-05	0	0	3.9103895139e-06	3.9103895139e-05	2.73727265973e-05	0	2.73727265973e-05	4.69246741668e-05	0	1.56415580556e-05	3.9103895139e-06	0.000559185700488	0.000864196082572	0.000226802591806	4.30142846529e-05	0	0.000183788307153	0.000660855827849	0.000191609086181	3.9103895139e-06	0.000387128561876	0	0	0	6.64766217363e-05	0.00294452330397	0.00131389087667	0.0227037215177	0.00180268956591	0.000211161033751	0.000707780502016	0.000109490906389	8.60285693058e-05	7.8207790278e-06	3.9103895139e-05	2.73727265973e-05	7.8207790278e-06	3.9103895139e-06	1.56415580556e-05
1.56415580556e-05	0	7.42974007641e-05	0	3.9103895139e-06	0	0	0.000172057138612	1.95519475695e-05	0.00141947139355	0	0	1.17311685417e-05	0	5.86558427085e-05	0	0	0	0	0	0	7.8207790278e-06	0	7.03870112502e-05	0.00220545968584	0	3.9103895139e-06	0	0.0020255817682	0.000101670127361	7.8207790278e-06	0	3.9103895139e-06	2.73727265973e-05	3.9103895139e-06	0.0209049423413	0	0.000179877917639	0	0.000136863632986	0	0.00173230255466	0.00385173367119	0.00228757786563	0.00181442073445	0.00166191554341	0.000895479198683	0.000570916869029	5.47454531946e-05	0.013498664602	0	0	0.00401988042029	0.000739063618127	0.000981507767989	0.00100105971556	0.000766436344724	3.12831161112e-05	0.000731242839099	0.00287413629272	0	0.0019982090416	8.99389588197e-05	0.000766436344724	0.00878273484822	0.0048958076714	0	1.56415580556e-05	0.00134126360327	0.00253784279452	4.30142846529e-05	3.9103895139e-06	6.25662322224e-05	0	1.56415580556e-05	0	0	0.00025026492889	5.47454531946e-05	0.000586558427085	3.9103895139e-05	7.8207790278e-06	1.95519475695e-05	7.8207790278e-06
