0.0335706091937	0	0.00252216389507	0	0.000622944094566	2.65890772071e-05	0.000664726930177	0.0104229182652	0.011395318803	7.59687920202e-06	0.0018916229213	0.00116232251791	0.00501394027334	0.000425425235313	0.0228476142001	1.1395318803e-05	0	0.000687517567783	0.000144340704838	0.000429223674914	0.00479742921608	0.000839455151824	1.1395318803e-05	0.00363510669817	0.000117751627631	7.21703524192e-05	0.000771083239005	0.000687517567783	0.00731959311115	0.0249443528598	0.0160332135559	0	0.000216511057258	0.00353634726854	0.00444797277278	0	3.79843960101e-06	0	0	4.55812752121e-05	0	2.65890772071e-05	3.79843960101e-06	1.1395318803e-05	0.000395037718505	0.000410231476909	7.59687920202e-06	0.000235503255263	0	0	3.79843960101e-06	2.65890772071e-05	0	0	3.79843960101e-06	0.000372247080899	4.17828356111e-05	0	1.89921980051e-05	0.000341859564091	1.5193758404e-05	3.79843960101e-06	0.000144340704838	0.000391239278904	7.59687920202e-06	0	0	0	0	3.79843960101e-06	0.000281084530475	7.59687920202e-06	0.00105216776948	0.000284882970076	4.55812752121e-05	2.27906376061e-05	3.79843960101e-06	4.93797148132e-05	7.59687920202e-06	5.69765940152e-05	4.17828356111e-05	8.73641108233e-05	0	0
0	0.0296354257671	0.000250697013667	0	0	0	0	0	0	0.00388580371184	0	0.000170929782046	0	0.00240441226744	0	7.21703524192e-05	0.00165611966604	1.5193758404e-05	0	0.00011395318803	0	3.79843960101e-06	0.00721323680232	2.27906376061e-05	0.00288301565717	0.00731959311115	0.00536719515623	0.0259927221897	6.83719128182e-05	0	0	0.00079007543701	0	0	2.65890772071e-05	0	0.0130286478315	8.35656712223e-05	0	0	0	0	0	0	7.59687920202e-05	0	0.00018612354045	0	0.000679920688581	0	0	0.000463409631323	3.79843960101e-06	0	1.5193758404e-05	0	2.65890772071e-05	0.00260193112669	0.000174728221647	0.00011395318803	0.00045201431252	0.00109015216549	0.0165535997812	4.93797148132e-05	0	0	0	0	0	2.27906376061e-05	0.000421626795712	2.27906376061e-05	0.000102557869227	2.65890772071e-05	0.000208914178056	0	0	0.000197518859253	0.000159534463242	5.31781544142e-05	2.27906376061e-05	0	0	3.03875168081e-05
0.00252216389507	0.000250697013667	0.0508914937744	0	0	3.79843960101e-06	7.59687920202e-06	0.00133705073956	0.000273487651273	2.65890772071e-05	2.65890772071e-05	0.000292479849278	0	7.59687920202e-06	0.00172069313926	3.79843960101e-05	6.83719128182e-05	0.00626362690207	1.1395318803e-05	0.000668525369778	1.89921980051e-05	0.00279565154634	3.41859564091e-05	0.0316941800308	7.21703524192e-05	2.65890772071e-05	0.00777540586327	0.0233642019858	0.000679920688581	0.0026323186435	0.00665106774137	3.79843960101e-06	0	0.000163332902844	0.00227146688141	0	0.000820462953819	0.00241960602584	0	2.27906376061e-05	0	3.79843960101e-06	0	3.79843960101e-06	4.93797148132e-05	2.27906376061e-05	3.79843960101e-05	3.79843960101e-06	0	0	7.59687920202e-06	0.000182325100849	0.000208914178056	7.59687920202e-06	7.97672316212e-05	7.59687920202e-06	0.000159534463242	8.35656712223e-05	0.0033616190469	0.000102557869227	1.1395318803e-05	0.000121550067232	0.00679540844621	0.000148139144439	7.59687920202e-06	3.79843960101e-06	0	0	0	7.59687920202e-05	0.00499494807533	0.000201317298854	0.00756269324561	0.0100620665031	0.0011433303199	0.000148139144439	0	0.00148139144439	0.000471006510525	0.000433022114515	3.79843960101e-05	3.03875168081e-05	0	0
0	0	0	0	0	0	0	0	0	0	0	0	0	0	0	0	0	0	0	0	0	0	0	0	0	0	0	0	0	0	0	0	0	0	0	0	0	0	0	0	0	0	0	0	0	0	0	0	0	0	0	0	0	0	0	0	0	0	0	0	0	0	0	0	0	0	0	0	0	0	0	0	0	0	0	0	0	0	0	0	0	0	0	0
0.000622944094566	0	0	0	0.0217840511118	0.000626742534167	0.000657130050975	0.000136743825636	0.00147759300479	0.000433022114515	0.00159914307203	0.000516587785738	0.00711067893309	0.000793873876611	0.00181185568968	0.00204356050534	0	0	7.97672316212e-05	4.55812752121e-05	0.00968222254298	0	0	0	0.00809447478976	7.59687920202e-06	0.000155736023641	3.79843960101e-06	0.00598634081119	0.00247278418026	0	0	0	4.55812752121e-05	0.00175867753527	0	0	0	0	0.00319828614405	0	6.45734732172e-05	3.79843960101e-06	3.79843960101e-06	0.00403014441667	0.00403394285627	1.1395318803e-05	0.00333502996969	0	3.79843960101e-06	7.59687920202e-06	0	0	3.79843960101e-06	1.5193758404e-05	0.00545076082745	0	0	0	0.00388960215144	0	3.79843960101e-06	7.59687920202e-06	0.0003760455205	1.5193758404e-05	0	0	0	0	0	0.000991392735864	1.89921980051e-05	0.000269689211672	1.5193758404e-05	0.00249557481786	0	2.27906376061e-05	7.59687920202e-06	1.1395318803e-05	3.79843960101e-05	7.59687920202e-06	3.03875168081e-05	0	0
2.65890772071e-05	0	3.79843960101e-06	0	0.000626742534167	0.00793873876611	0.00292479849278	0.000243100134465	0.00130666322275	0.000383642399702	5.69765940152e-05	7.97672316212e-05	0.000387440839303	0.000193720419652	0.000425425235313	0.00286782189876	0	0	0	0	0.000277286090874	0	7.59687920202e-06	3.79843960101e-06	0.00101418337347	0	1.1395318803e-05	3.79843960101e-06	0.000736897282596	0.000398836158106	3.79843960101e-05	0	0.00163332902844	0.000243100134465	0.00117371783671	0	0	3.79843960101e-06	0	0	0	3.79843960101e-06	0	0	1.89921980051e-05	3.79843960101e-06	3.79843960101e-06	0	0	0	0	0	3.79843960101e-06	0	7.59687920202e-06	0	7.97672316212e-05	0	0.000246898574066	7.59687920202e-06	0	0	4.55812752121e-05	4.17828356111e-05	0	0	0	0	0	0	0.00164472434724	0	0.000284882970076	0.000106356308828	0.00330084401328	0.000311472047283	1.5193758404e-05	0.000364650201697	7.59687920202e-06	4.55812752121e-05	3.79843960101e-05	0	0	0
0.000664726930177	0	7.59687920202e-06	0	0.000657130050975	0.00292479849278	0.0318005363397	0.00305014699961	0.0147873253667	3.79843960101e-05	0.00598254237159	0.00015193758404	0.00869842668632	0.000991392735864	0.00555711713628	0.00110534592389	0	0	1.1395318803e-05	1.89921980051e-05	0.0033882081241	0	0	3.03875168081e-05	0.000296278288879	7.59687920202e-06	4.55812752121e-05	3.79843960101e-06	0.00136743825636	0.00354014570814	7.59687920202e-06	0	0.00138263201477	0.000357053322495	0.00322867366086	0	0	0	0	1.5193758404e-05	0	2.27906376061e-05	0	7.59687920202e-06	4.93797148132e-05	4.93797148132e-05	0	0.000132945386035	0	0	7.59687920202e-06	0	0	0	0	3.03875168081e-05	0	0	0	4.17828356111e-05	0	0	7.59687920202e-06	1.5193758404e-05	7.59687920202e-06	0	0	0	0	0	0.00110534592389	1.1395318803e-05	0.000881237987435	0.000102557869227	0.00227146688141	0.000942013021051	4.93797148132e-05	1.5193758404e-05	0	1.5193758404e-05	1.5193758404e-05	5.31781544142e-05	0	0
0.0104229182652	0	0.00133705073956	0	0.000136743825636	0.000243100134465	0.00305014699961	0.0365599811597	0.0111902030646	6.45734732172e-05	0.0030197594828	0.000805269195415	3.79843960101e-05	0.000398836158106	0.010529274574	9.87594296263e-05	0	7.59687920202e-06	3.41859564091e-05	9.49609900253e-05	0.000227906376061	0.000778680118207	0	0.00291340317398	0.000170929782046	3.41859564091e-05	0.000235503255263	1.89921980051e-05	0.0156951524314	0.0118701237532	0.0132679495263	0	9.49609900253e-05	0.00512029658216	0.0048771964477	0	0	0	0	9.11625504243e-05	0	2.65890772071e-05	0	0	0.00015193758404	0.000106356308828	7.59687920202e-06	1.89921980051e-05	0	0	3.79843960101e-06	7.59687920202e-06	0	0	7.59687920202e-06	4.55812752121e-05	3.79843960101e-06	0	0	0.000159534463242	7.59687920202e-06	0	3.41859564091e-05	8.35656712223e-05	0	0	0	0	0	0	0.000174728221647	0	0.00142061641078	0.00026209233247	9.87594296263e-05	6.07750336162e-05	3.03875168081e-05	2.27906376061e-05	7.59687920202e-06	3.79843960101e-05	2.27906376061e-05	4.93797148132e-05	0	0
0.011395318803	0	0.000273487651273	0	0.00147759300479	0.00130666322275	0.0147873253667	0.0111902030646	0.0494214976488	0.000148139144439	0.00472525886366	0.00208534334096	0.00978857885181	0.00267789991871	0.0325868133371	0.000417828356111	0	7.59687920202e-06	5.31781544142e-05	0.000159534463242	0.00776780898407	0.000102557869227	0	0.000611548775763	0.000630540973768	8.73641108233e-05	0.000281084530475	6.45734732172e-05	0.00463789475284	0.0187035165954	0.00348696755373	0	0.002989371966	0.00280704686515	0.0121702004816	7.59687920202e-06	0	3.79843960101e-06	0	0.000273487651273	0	0.000516587785738	6.83719128182e-05	0.000106356308828	0.000972400537859	0.00103697401108	0.000102557869227	0.000520386225339	0	7.59687920202e-06	0.000110154748429	0	0	3.41859564091e-05	3.41859564091e-05	0.000543176862945	3.79843960101e-06	0	3.79843960101e-06	0.00120410535352	2.27906376061e-05	7.59687920202e-06	9.11625504243e-05	0.000364650201697	6.83719128182e-05	0	3.79843960101e-06	2.27906376061e-05	0	7.59687920202e-06	0.00218030433098	8.73641108233e-05	0.00516967629698	0.00128007414554	0.00156875555522	0.00211952929736	0.000478603389727	0.000581161258955	9.11625504243e-05	0.000957206779455	0.000786276997409	0.000744494161798	0	3.79843960101e-06
7.59687920202e-06	0.00388580371184	2.65890772071e-05	0	0.000433022114515	0.000383642399702	3.79843960101e-05	6.45734732172e-05	0.000148139144439	0.0215219587793	1.1395318803e-05	0.000387440839303	0.0022600715626	0.000573564379753	0.000144340704838	0.00191441355891	0.00170549938085	3.79843960101e-06	0	1.89921980051e-05	0.000197518859253	0.000296278288879	0.00992912111705	0.000748292601399	0.00888834866637	0.00195619639452	0.000558370621349	0.00478603389727	0.00258673736829	0.00249177637826	0.00128387258514	3.79843960101e-06	0	0.00431122894715	0.00461510411523	1.1395318803e-05	0.000349456443293	3.79843960101e-06	0	0.000539378423344	0	0	7.59687920202e-06	3.79843960101e-05	0.00728920559434	0.000577362819354	0.00052418466494	0.000216511057258	3.03875168081e-05	3.03875168081e-05	0	0.00189921980051	0	0.000189921980051	0.000284882970076	0.000501394027334	1.5193758404e-05	0.0033616190469	0.00109395060509	0.00627122378127	4.55812752121e-05	3.41859564091e-05	0.000303875168081	0.0033958050033	0	0	0	0	0	1.1395318803e-05	0.00219169964978	3.03875168081e-05	0.0041440976047	0.00222588560619	0.00276906246914	0.000197518859253	0	0.000664726930177	0.000478603389727	0.00178526661248	0.000919222383445	7.21703524192e-05	0	0
0.0018916229213	0	2.65890772071e-05	0	0.00159914307203	5.69765940152e-05	0.00598254237159	0.0030197594828	0.00472525886366	1.1395318803e-05	0.0245227260641	0.001504182082	0.00475184794087	0.000759687920202	0.00282983750275	2.27906376061e-05	0	7.59687920202e-06	5.69765940152e-05	0.000148139144439	0.00650672703653	0	7.59687920202e-06	4.17828356111e-05	3.03875168081e-05	8.73641108233e-05	0.000406433037308	4.55812752121e-05	0.00256014829108	0.00485440581009	1.1395318803e-05	0	2.27906376061e-05	0.00237402475063	0.00444417433318	0	0	0	0	0.000641936292571	0	0	1.1395318803e-05	0	0.00359332386256	0.00385921463463	0	0.00138263201477	0	0	0	0	0	0	0	0.00308433295602	0	3.79843960101e-06	0	0.00328185181527	1.5193758404e-05	0	8.73641108233e-05	0.000307673607682	7.59687920202e-06	0	0	0	0	0	0.000250697013667	1.1395318803e-05	0.00237782319023	0.000319068926485	2.65890772071e-05	3.03875168081e-05	1.89921980051e-05	1.1395318803e-05	0	3.79843960101e-06	3.79843960101e-06	7.59687920202e-06	0	0
0.00116232251791	0.000170929782046	0.000292479849278	0	0.000516587785738	7.97672316212e-05	0.00015193758404	0.000805269195415	0.00208534334096	0.000387440839303	0.001504182082	0.0409395820197	0.00318689082525	0.0123943084181	0.00587238762316	7.21703524192e-05	7.59687920202e-06	0.0011129428031	0.00433401958475	0.00881617831395	0.00368448641298	0.000326665805687	1.1395318803e-05	0.00097619897746	0.00133705073956	0.00177007285407	0.0159154619282	0.000915423943844	0.00118511315552	0.0145062408363	0.00115092719911	0.00133705073956	0.00102178025267	0.00255255141188	0.0207888599363	3.79843960101e-06	6.83719128182e-05	1.1395318803e-05	0	0.000243100134465	0	0.000239301694864	2.65890772071e-05	0.000144340704838	0.00123449287033	0.00172829001846	0.000721703524192	0.000683719128182	0.000284882970076	1.1395318803e-05	1.5193758404e-05	0	0	7.59687920202e-05	0.000178526661248	0.000949609900253	2.65890772071e-05	0	5.31781544142e-05	0.00175867753527	0.000220309496859	0.000926819262647	0.00124968662873	0.000239301694864	6.07750336162e-05	0	7.59687920202e-06	2.65890772071e-05	0	0.000193720419652	0.00620285186845	0.0018612354045	0.0105786542888	0.00510890126336	0.000167131342445	5.31781544142e-05	0.000208914178056	0.000471006510525	0.000539378423344	0.00161813527003	0.00090023018544	0.000550773742147	0	1.1395318803e-05
0.00501394027334	0	0	0	0.00711067893309	0.000387440839303	0.00869842668632	3.79843960101e-05	0.00978857885181	0.0022600715626	0.00475184794087	0.00318689082525	0.0378780397013	0.00269309367712	0.0126867882674	0.0026437139623	0	0	0.000725501963793	0.000433022114515	0.0224525764816	0	0	0	0.00489998708531	1.5193758404e-05	0.00136743825636	3.03875168081e-05	0.00063813785297	0.0111598155478	1.1395318803e-05	1.1395318803e-05	0.00015193758404	0.000246898574066	0.00805649039375	0	0	0	0	0.000106356308828	0	0.000341859564091	1.1395318803e-05	5.69765940152e-05	0.00148139144439	0.00169790250165	1.1395318803e-05	0.00223348248539	0	1.89921980051e-05	7.21703524192e-05	0	0	7.59687920202e-06	7.59687920202e-06	0.00189921980051	0	0	0	0.00118131471591	3.79843960101e-06	3.79843960101e-06	1.5193758404e-05	2.65890772071e-05	3.41859564091e-05	0	0	3.79843960101e-06	0	0	0.00169790250165	2.65890772071e-05	0.00129526790395	5.69765940152e-05	0.00286402345916	1.89921980051e-05	9.11625504243e-05	6.45734732172e-05	1.1395318803e-05	7.21703524192e-05	4.93797148132e-05	0.000155736023641	0	0
0.000425425235313	0.00240441226744	7.59687920202e-06	0	0.000793873876611	0.000193720419652	0.000991392735864	0.000398836158106	0.00267789991871	0.000573564379753	0.000759687920202	0.0123943084181	0.00269309367712	0.0379919928893	0.00423905859473	9.11625504243e-05	0.000254495453268	3.79843960101e-06	0.000288681409677	4.93797148132e-05	0.00256394673068	3.03875168081e-05	0.000368448641298	6.07750336162e-05	0.00106356308828	0.00869082980712	0.00696253978865	0.00931377390168	0.000801470755814	0.00960245531136	0.000581161258955	0.00652192079494	0.000691316007384	0.00195999483412	0.0106166386848	3.79843960101e-06	0.000949609900253	0	0	0.000189921980051	0	0.000341859564091	1.89921980051e-05	0.000155736023641	0.00115852407831	0.00115472563871	0.00380983491981	0.000497595587733	0.00605471272401	1.89921980051e-05	0.00011395318803	1.1395318803e-05	0	7.59687920202e-05	0.000136743825636	0.000691316007384	1.5193758404e-05	0.000110154748429	7.59687920202e-06	0.0015003836424	0.0022486762438	0.00500634339413	0.00275766715033	0.000163332902844	6.07750336162e-05	0	6.83719128182e-05	3.03875168081e-05	0	0.000110154748429	0.00364270357737	0.000828059833021	0.00392758654745	0.000516587785738	0.000429223674914	0.00067612224898	0.000778680118207	0.000296278288879	0.00160294151163	0.00124588818913	0.000721703524192	0.000577362819354	0	0.000615347215364
0.0228476142001	0	0.00172069313926	0	0.00181185568968	0.000425425235313	0.00555711713628	0.010529274574	0.0325868133371	0.000144340704838	0.00282983750275	0.00587238762316	0.0126867882674	0.00423905859473	0.0601217020048	0.000277286090874	0	0.000125348506833	0.000281084530475	0.00022410793646	0.0107267934333	0.000626742534167	3.79843960101e-06	0.00293619381158	0.00107115996749	0.000110154748429	0.000622944094566	0.000269689211672	0.00659409114736	0.0407838459961	0.0108445450609	7.59687920202e-06	0.00309952671443	0.00406433037308	0.0185857649678	7.59687920202e-06	0	3.79843960101e-06	0	0.000303875168081	0	0.00136743825636	9.11625504243e-05	0.000558370621349	0.00121550067232	0.00148139144439	0.000189921980051	0.000820462953819	0	8.73641108233e-05	0.000660928490576	7.59687920202e-06	0	4.93797148132e-05	8.35656712223e-05	0.000702711326187	0	0	7.59687920202e-06	0.00165611966604	2.27906376061e-05	7.59687920202e-06	0.000129146946434	0.00060015345696	0.000189921980051	0	3.79843960101e-06	6.45734732172e-05	0	2.27906376061e-05	0.00231324971702	7.97672316212e-05	0.00609649555962	0.00143201172958	0.00145480236719	0.00158015087402	0.000489998708531	0.000736897282596	0.00015193758404	0.00175108065607	0.00142821328998	0.00137883357517	0	3.79843960101e-06
1.1395318803e-05	7.21703524192e-05	3.79843960101e-05	0	0.00204356050534	0.00286782189876	0.00110534592389	9.87594296263e-05	0.000417828356111	0.00191441355891	2.27906376061e-05	7.21703524192e-05	0.0026437139623	9.11625504243e-05	0.000277286090874	0.0110876451954	2.27906376061e-05	0	0	0	0.00168650718285	0.00011395318803	0.000395037718505	0.00011395318803	0.00209294022016	2.65890772071e-05	1.89921980051e-05	9.87594296263e-05	0.00142821328998	0.000391239278904	0.000110154748429	0	2.65890772071e-05	0.00108255528629	0.00265510928111	6.83719128182e-05	7.59687920202e-06	0	0	3.79843960101e-06	0	7.59687920202e-06	5.31781544142e-05	1.89921980051e-05	0.00107875684669	1.5193758404e-05	3.79843960101e-06	1.1395318803e-05	0	1.89921980051e-05	0	1.1395318803e-05	0	0	7.59687920202e-06	1.1395318803e-05	0.000136743825636	0	5.69765940152e-05	0.000360851762096	0	0	1.5193758404e-05	0.000679920688581	1.1395318803e-05	0	0	0	0	7.59687920202e-06	0.00273867495233	3.79843960101e-06	0.00287541877797	0.00268549679792	0.00722843056073	3.79843960101e-06	0	0.000448215872919	3.79843960101e-06	3.03875168081e-05	2.27906376061e-05	4.17828356111e-05	0	0
0	0.00165611966604	6.83719128182e-05	0	0	0	0	0	0	0.00170549938085	0	7.59687920202e-06	0	0.000254495453268	0	2.27906376061e-05	0.0180425881048	1.89921980051e-05	3.79843960101e-06	4.55812752121e-05	0	0.00213852149537	0.00963664126777	0.00443277901438	0.00063813785297	0.000733098842995	0.000379843960101	0.00373006768819	0.000786276997409	0	0	1.89921980051e-05	0	0	4.55812752121e-05	0	4.55812752121e-05	0	0	0	0	0	0	0	1.5193758404e-05	0	1.5193758404e-05	0	4.55812752121e-05	0	0	0.00663587398297	0	0	3.41859564091e-05	0	0.00251076857627	0.00829579208861	0.00604711584481	0.00102557869227	2.27906376061e-05	0.000144340704838	9.87594296263e-05	0.00140542265237	0	0	0	0	0	7.59687920202e-06	0.000383642399702	0.000254495453268	0.00107115996749	0.000945811460652	0.000501394027334	2.65890772071e-05	0	1.1395318803e-05	1.1395318803e-05	7.59687920202e-06	0	0	0	0
0.000687517567783	1.5193758404e-05	0.00626362690207	0	0	0	0	7.59687920202e-06	7.59687920202e-06	3.79843960101e-06	7.59687920202e-06	0.0011129428031	0	3.79843960101e-06	0.000125348506833	0	1.89921980051e-05	0.0260383034649	0.000573564379753	0.00658269582855	3.79843960101e-06	0.00437200398076	1.1395318803e-05	0.0107723747085	1.5193758404e-05	0	0.00648393639893	0.00542797018985	0.000216511057258	0.00115852407831	0.00386301307423	3.79843960101e-06	0	0.000281084530475	0.00665106774137	0	3.79843960101e-05	0.000227906376061	0	0	0	0	0	0	3.79843960101e-06	0	0	0	0	0	0	0	4.93797148132e-05	0	1.89921980051e-05	0	7.59687920202e-06	0	0.00026209233247	1.1395318803e-05	0	0.000132945386035	0.000607750336162	2.27906376061e-05	0	0	0	0	0	1.5193758404e-05	0.00110154748429	0.000102557869227	0.00133705073956	0.00134844605836	0.000125348506833	3.79843960101e-05	0	0.000163332902844	5.69765940152e-05	5.31781544142e-05	0	0	0	0
0.000144340704838	0	1.1395318803e-05	0	7.97672316212e-05	0	1.1395318803e-05	3.41859564091e-05	5.31781544142e-05	0	5.69765940152e-05	0.00433401958475	0.000725501963793	0.000288681409677	0.000281084530475	0	3.79843960101e-06	0.000573564379753	0.00618006123085	0.0026209233247	0.000748292601399	5.31781544142e-05	0	0.000178526661248	0.000307673607682	0	0.00238542006944	1.5193758404e-05	6.07750336162e-05	0.00104457089028	6.83719128182e-05	4.17828356111e-05	0	6.07750336162e-05	0.00227146688141	0	0	0	0	0	0	1.1395318803e-05	0	1.1395318803e-05	2.65890772071e-05	5.31781544142e-05	1.89921980051e-05	2.65890772071e-05	7.59687920202e-06	0	0	0	0	7.59687920202e-06	1.1395318803e-05	3.03875168081e-05	0	0	0	3.03875168081e-05	0	1.5193758404e-05	7.59687920202e-06	0	0	0	0	0	0	1.1395318803e-05	0.000201317298854	6.07750336162e-05	0.000391239278904	0.000281084530475	1.1395318803e-05	0	3.79843960101e-06	3.41859564091e-05	7.59687920202e-06	4.93797148132e-05	1.5193758404e-05	7.59687920202e-06	0	0
0.000429223674914	0.00011395318803	0.000668525369778	0	4.55812752121e-05	0	1.89921980051e-05	9.49609900253e-05	0.000159534463242	1.89921980051e-05	0.000148139144439	0.00881617831395	0.000433022114515	4.93797148132e-05	0.00022410793646	0	4.55812752121e-05	0.00658269582855	0.0026209233247	0.0238466038152	0.00048620026893	0.00109774904469	1.5193758404e-05	0.00200177766973	9.11625504243e-05	1.89921980051e-05	0.0138491107853	0.00102178025267	0.000174728221647	0.00144340704838	0.00137123669597	3.03875168081e-05	3.79843960101e-06	0.000296278288879	0.0078703668533	0	9.87594296263e-05	4.55812752121e-05	0	3.79843960101e-06	0	7.59687920202e-06	3.79843960101e-06	7.59687920202e-06	3.41859564091e-05	3.41859564091e-05	1.5193758404e-05	1.5193758404e-05	3.79843960101e-06	0	0	7.59687920202e-06	3.79843960101e-05	3.03875168081e-05	0.000330464245288	2.27906376061e-05	1.89921980051e-05	7.59687920202e-06	4.17828356111e-05	3.79843960101e-05	3.79843960101e-06	0.00182704944809	0.000330464245288	1.89921980051e-05	3.79843960101e-06	0	0	0	0	1.1395318803e-05	0.00461130567563	0.000998989615066	0.00550393898187	0.00491518084371	0.000159534463242	0.000110154748429	7.59687920202e-06	7.59687920202e-05	5.69765940152e-05	1.89921980051e-05	0	0	0	0
0.00479742921608	0	1.89921980051e-05	0	0.00968222254298	0.000277286090874	0.0033882081241	0.000227906376061	0.00776780898407	0.000197518859253	0.00650672703653	0.00368448641298	0.0224525764816	0.00256394673068	0.0107267934333	0.00168650718285	0	3.79843960101e-06	0.000748292601399	0.00048620026893	0.0338402984054	0	3.79843960101e-06	3.03875168081e-05	0.0030045657244	4.17828356111e-05	0.0015117789612	5.69765940152e-05	0.00269309367712	0.0122917505489	1.89921980051e-05	1.1395318803e-05	0.000148139144439	0.00128007414554	0.00940493645211	0	0	0	0	0.00104836932988	0	6.45734732172e-05	1.1395318803e-05	2.27906376061e-05	0.00537099359583	0.00575463599553	1.1395318803e-05	0.0033768128053	0	1.5193758404e-05	1.1395318803e-05	0	0	7.59687920202e-06	7.59687920202e-06	0.00581920946875	0	0	0	0.00482781673289	1.89921980051e-05	7.59687920202e-06	4.17828356111e-05	0.000246898574066	2.65890772071e-05	0	0	3.79843960101e-06	0	0	0.00147759300479	3.03875168081e-05	0.00292859693238	0.000292479849278	0.00170929782046	4.17828356111e-05	8.73641108233e-05	6.45734732172e-05	1.1395318803e-05	7.59687920202e-05	4.93797148132e-05	0.000148139144439	0	0
0.000839455151824	3.79843960101e-06	0.00279565154634	0	0	0	0	0.000778680118207	0.000102557869227	0.000296278288879	0	0.000326665805687	0	3.03875168081e-05	0.000626742534167	0.00011395318803	0.00213852149537	0.00437200398076	5.31781544142e-05	0.00109774904469	0	0.0392948576725	0.00222208716659	0.0265093099755	0.000330464245288	0	0.00115472563871	0.00143960860878	0.00706509765788	0.00358952542296	0.00996330707345	0	7.59687920202e-06	0.00268549679792	0.00839834995784	0	0	1.1395318803e-05	0	0	0	0	0	0	0.000805269195415	0	0	0	0	0	0	0.00255255141188	1.89921980051e-05	0	1.1395318803e-05	0	0.000520386225339	0.00220689340819	0.000140542265237	0.00101798181307	0	8.35656712223e-05	0.000182325100849	0.00306154231842	0	0	0	0	0	3.79843960101e-06	0.000482401829329	0.000326665805687	0.00510890126336	0.00195619639452	0.00093821458145	0.0003760455205	0	9.49609900253e-05	3.79843960101e-06	1.1395318803e-05	3.79843960101e-06	0	0	0
1.1395318803e-05	0.00721323680232	3.41859564091e-05	0	0	7.59687920202e-06	0	0	0	0.00992912111705	7.59687920202e-06	1.1395318803e-05	0	0.000368448641298	3.79843960101e-06	0.000395037718505	0.00963664126777	1.1395318803e-05	0	1.5193758404e-05	3.79843960101e-06	0.00222208716659	0.0324120851154	0.00453153844401	0.00785137465529	0.00311851891243	0.000649533171773	0.0149544567092	0.00401495065827	4.17828356111e-05	1.5193758404e-05	3.79843960101e-06	0	9.49609900253e-05	0.000550773742147	6.07750336162e-05	0.000622944094566	1.5193758404e-05	0	1.5193758404e-05	0	0	1.5193758404e-05	1.1395318803e-05	0.00387440839303	1.1395318803e-05	0.000102557869227	3.79843960101e-06	7.97672316212e-05	0	3.79843960101e-06	0.0110154748429	3.79843960101e-06	1.5193758404e-05	6.07750336162e-05	3.79843960101e-06	0.00131805854155	0.0162117402171	0.00556091557588	0.00283743438196	0.000110154748429	3.79843960101e-05	0.00309192983522	0.00506331998815	3.03875168081e-05	0	7.59687920202e-06	1.5193758404e-05	0	2.27906376061e-05	0.000809067635016	0.000132945386035	0.000429223674914	0.000330464245288	0.00067612224898	7.59687920202e-06	3.79843960101e-06	0.000968602098258	0.000170929782046	0.000159534463242	4.55812752121e-05	0.000125348506833	1.5193758404e-05	0
0.00363510669817	2.27906376061e-05	0.0316941800308	0	0	3.79843960101e-06	3.03875168081e-05	0.00291340317398	0.000611548775763	0.000748292601399	4.17828356111e-05	0.00097619897746	0	6.07750336162e-05	0.00293619381158	0.00011395318803	0.00443277901438	0.0107723747085	0.000178526661248	0.00200177766973	3.03875168081e-05	0.0265093099755	0.00453153844401	0.0938290550242	0.000303875168081	1.89921980051e-05	0.00409851632949	0.0181793319304	0.00371487392979	0.00739176346357	0.0140162421277	1.1395318803e-05	3.79843960101e-06	0.00281844218395	0.0128463227306	0	3.03875168081e-05	0.000474804950126	0	3.03875168081e-05	0	3.79843960101e-06	7.59687920202e-06	3.41859564091e-05	0.000110154748429	3.03875168081e-05	0.00018612354045	7.59687920202e-06	0	3.79843960101e-06	1.5193758404e-05	0.00455053064201	3.41859564091e-05	1.5193758404e-05	0.00022410793646	7.59687920202e-06	0.0011319350011	0.00602812364681	0.0097619897746	0.000592556577758	7.59687920202e-06	0.000208914178056	0.00278045778794	0.00167511186405	7.59687920202e-06	7.59687920202e-06	0	1.1395318803e-05	0	5.69765940152e-05	0.00780959181968	0.000664726930177	0.0198012656401	0.0197139015293	0.00482781673289	0.000695114446985	0	0.00222588560619	0.00048620026893	0.00026209233247	0.000182325100849	4.93797148132e-05	7.59687920202e-06	3.79843960101e-06
0.000117751627631	0.00288301565717	7.21703524192e-05	0	0.00809447478976	0.00101418337347	0.000296278288879	0.000170929782046	0.000630540973768	0.00888834866637	3.03875168081e-05	0.00133705073956	0.00489998708531	0.00106356308828	0.00107115996749	0.00209294022016	0.00063813785297	1.5193758404e-05	0.000307673607682	9.11625504243e-05	0.0030045657244	0.000330464245288	0.00785137465529	0.000303875168081	0.0322981319274	0.00145480236719	0.00086224578943	0.00331603777168	0.0115738454643	0.00471006510525	0.00244239666345	0	7.59687920202e-06	0.00444797277278	0.00670804433539	4.17828356111e-05	0.000254495453268	0	0	0.00208534334096	0	4.93797148132e-05	2.27906376061e-05	3.79843960101e-06	0.00644215356332	0.00129146946434	9.87594296263e-05	0.000748292601399	2.27906376061e-05	7.59687920202e-06	3.79843960101e-06	0.000136743825636	0	4.17828356111e-05	7.59687920202e-05	0.00250317169707	3.03875168081e-05	0.00100658649427	1.89921980051e-05	0.00453533688361	3.79843960101e-05	2.27906376061e-05	0.000167131342445	0.0026323186435	1.89921980051e-05	0	0	3.79843960101e-06	0	0	0.00184984008569	6.45734732172e-05	0.00384781931583	0.00158015087402	0.00366549421498	8.73641108233e-05	3.03875168081e-05	0.000417828356111	9.11625504243e-05	0.000349456443293	0.000174728221647	2.65890772071e-05	3.79843960101e-06	0
7.21703524192e-05	0.00731959311115	2.65890772071e-05	0	7.59687920202e-06	0	7.59687920202e-06	3.41859564091e-05	8.73641108233e-05	0.00195619639452	8.73641108233e-05	0.00177007285407	1.5193758404e-05	0.00869082980712	0.000110154748429	2.65890772071e-05	0.000733098842995	0	0	1.89921980051e-05	4.17828356111e-05	0	0.00311851891243	1.89921980051e-05	0.00145480236719	0.0221107169175	0.00671184277499	0.0132641510867	5.31781544142e-05	0.000281084530475	5.69765940152e-05	0.000923020823046	3.79843960101e-06	2.65890772071e-05	0.00033806112449	0	0.00162953058883	0	0	7.59687920202e-06	0	0	0	0	9.87594296263e-05	1.5193758404e-05	0.00107875684669	3.79843960101e-06	0.00467587914885	0	0	7.59687920202e-06	3.79843960101e-06	3.79843960101e-05	2.65890772071e-05	3.79843960101e-06	3.79843960101e-06	8.35656712223e-05	1.5193758404e-05	9.49609900253e-05	0.00490758396451	0.00467967758845	0.00655990519095	1.5193758404e-05	0	0	1.89921980051e-05	0	0	0	0.000505192466935	4.93797148132e-05	0.000573564379753	0.000322867366086	9.87594296263e-05	0	0	9.87594296263e-05	0.000387440839303	2.65890772071e-05	1.89921980051e-05	0	0	0.000341859564091
0.000771083239005	0.00536719515623	0.00777540586327	0	0.000155736023641	1.1395318803e-05	4.55812752121e-05	0.000235503255263	0.000281084530475	0.000558370621349	0.000406433037308	0.0159154619282	0.00136743825636	0.00696253978865	0.000622944094566	1.89921980051e-05	0.000379843960101	0.00648393639893	0.00238542006944	0.0138491107853	0.0015117789612	0.00115472563871	0.000649533171773	0.00409851632949	0.00086224578943	0.00671184277499	0.0931035530604	0.0250848951251	0.000767284799404	0.00387820683263	0.0015193758404	0.00384022243662	7.59687920202e-06	0.000687517567783	0.00801850599774	0	0.00380223804061	0.000964803658657	0	6.45734732172e-05	0	1.5193758404e-05	2.65890772071e-05	1.1395318803e-05	0.000235503255263	0.000379843960101	0.00260193112669	0.000155736023641	0.00326665805687	0	0	3.03875168081e-05	0.00195619639452	0.000516587785738	0.00267789991871	0.000163332902844	0.000132945386035	1.89921980051e-05	0.000391239278904	0.000303875168081	0.00194859951532	0.0178108832891	0.0150949989744	0.000216511057258	1.5193758404e-05	2.27906376061e-05	0.000208914178056	0	0	0.000368448641298	0.0103089650771	0.00603572052601	0.00874400796153	0.00647254108012	9.49609900253e-05	5.31781544142e-05	2.27906376061e-05	0.00117751627631	0.00168650718285	0.000877439547834	6.83719128182e-05	4.17828356111e-05	0	5.31781544142e-05
0.000687517567783	0.0259927221897	0.0233642019858	0	3.79843960101e-06	3.79843960101e-06	3.79843960101e-06	1.89921980051e-05	6.45734732172e-05	0.00478603389727	4.55812752121e-05	0.000915423943844	3.03875168081e-05	0.00931377390168	0.000269689211672	9.87594296263e-05	0.00373006768819	0.00542797018985	1.5193758404e-05	0.00102178025267	5.69765940152e-05	0.00143960860878	0.0149544567092	0.0181793319304	0.00331603777168	0.0132641510867	0.0250848951251	0.10586251168	0.000550773742147	0.000945811460652	0.00202456830734	0.00232084659622	0	0.000178526661248	0.00235883099223	0	0.0140504280841	0.00167511186405	0	1.1395318803e-05	0	3.79843960101e-06	1.1395318803e-05	3.41859564091e-05	0.00018612354045	3.79843960101e-05	0.00106736152788	1.1395318803e-05	0.00328565025488	0	1.89921980051e-05	0.0045049493668	0.000387440839303	0.000170929782046	0.000459611191722	7.59687920202e-06	0.00018612354045	0.00948090524413	0.00351355663094	0.000265890772071	0.00283743438196	0.0075133135308	0.0324044882362	0.000212712617657	0	0	3.03875168081e-05	2.65890772071e-05	0	0.000273487651273	0.00910106128402	0.000687517567783	0.00548494678386	0.00797292472252	0.000577362819354	6.07750336162e-05	0	0.00240061382784	0.00104836932988	0.000698912886586	0.000140542265237	0.00015193758404	2.27906376061e-05	7.21703524192e-05
0.00731959311115	6.83719128182e-05	0.000679920688581	0	0.00598634081119	0.000736897282596	0.00136743825636	0.0156951524314	0.00463789475284	0.00258673736829	0.00256014829108	0.00118511315552	0.00063813785297	0.000801470755814	0.00659409114736	0.00142821328998	0.000786276997409	0.000216511057258	6.07750336162e-05	0.000174728221647	0.00269309367712	0.00706509765788	0.00401495065827	0.00371487392979	0.0115738454643	5.31781544142e-05	0.000767284799404	0.000550773742147	0.0623931688862	0.0186085556054	0.0176665425843	3.79843960101e-06	7.97672316212e-05	0.0134464761876	0.0159496478846	6.83719128182e-05	9.49609900253e-05	0	0	0.00523045133059	0	1.89921980051e-05	1.89921980051e-05	0	0.0119043097096	0.00467967758845	2.27906376061e-05	0.00121929911192	1.1395318803e-05	0	3.79843960101e-06	0.00138263201477	0	1.1395318803e-05	2.27906376061e-05	0.00516587785738	0.000395037718505	0.00207014958255	5.31781544142e-05	0.00837555932023	5.31781544142e-05	0.000178526661248	0.000110154748429	0.0078893590513	3.03875168081e-05	0	0	3.79843960101e-06	0	1.1395318803e-05	0.00249557481786	0.00105976464868	0.00702331482227	0.00324766585887	0.00297417820759	0.000334262684889	4.93797148132e-05	0.000531781544142	3.79843960101e-05	6.07750336162e-05	3.41859564091e-05	5.69765940152e-05	3.79843960101e-06	0
0.0249443528598	0	0.0026323186435	0	0.00247278418026	0.000398836158106	0.00354014570814	0.0118701237532	0.0187035165954	0.00249177637826	0.00485440581009	0.0145062408363	0.0111598155478	0.00960245531136	0.0407838459961	0.000391239278904	0	0.00115852407831	0.00104457089028	0.00144340704838	0.0122917505489	0.00358952542296	4.17828356111e-05	0.00739176346357	0.00471006510525	0.000281084530475	0.00387820683263	0.000945811460652	0.0186085556054	0.0883441082403	0.023238853479	4.55812752121e-05	0.0026209233247	0.0273943464025	0.0504736654182	2.65890772071e-05	3.79843960101e-06	7.59687920202e-06	0	0.00121550067232	0	0.00209294022016	0.000315270486884	0.000926819262647	0.00498355275653	0.00441378681638	0.000961005219056	0.00169030562245	0	0.000140542265237	0.000843253591425	2.65890772071e-05	0	0.000239301694864	0.000417828356111	0.00246898574066	4.17828356111e-05	3.79843960101e-06	2.65890772071e-05	0.00625603002287	6.07750336162e-05	4.17828356111e-05	0.000391239278904	0.00259813268709	0.0003760455205	0	7.59687920202e-06	0.000125348506833	0	0.000227906376061	0.00510510282376	0.000193720419652	0.017203132953	0.00479742921608	0.00208154490135	0.00242340446545	0.000710308205389	0.00161813527003	0.000820462953819	0.0041213069671	0.00251456701587	0.00312991423123	0	3.79843960101e-06
0.0160332135559	0	0.00665106774137	0	0	3.79843960101e-05	7.59687920202e-06	0.0132679495263	0.00348696755373	0.00128387258514	1.1395318803e-05	0.00115092719911	1.1395318803e-05	0.000581161258955	0.0108445450609	0.000110154748429	0	0.00386301307423	6.83719128182e-05	0.00137123669597	1.89921980051e-05	0.00996330707345	1.5193758404e-05	0.0140162421277	0.00244239666345	5.69765940152e-05	0.0015193758404	0.00202456830734	0.0176665425843	0.023238853479	0.0496607993436	3.79843960101e-06	3.79843960101e-05	0.0112775671754	0.0132641510867	0	3.79843960101e-06	3.79843960101e-06	0	4.17828356111e-05	0	3.79843960101e-06	3.79843960101e-06	0	0.000998989615066	9.11625504243e-05	0.000144340704838	1.1395318803e-05	0	0	0	3.79843960101e-05	0	5.31781544142e-05	8.35656712223e-05	7.97672316212e-05	4.93797148132e-05	0	4.55812752121e-05	0.000987594296263	3.79843960101e-06	7.59687920202e-06	0.000284882970076	0.000493797148132	0	0	0	0	0	0	0.000330464245288	1.5193758404e-05	0.00546215614626	0.000995191175465	0.000197518859253	7.59687920202e-05	1.1395318803e-05	0.000136743825636	0.000144340704838	0.000611548775763	0.000345658003692	4.93797148132e-05	0	0
0	0.00079007543701	3.79843960101e-06	0	0	0	0	0	0	3.79843960101e-06	0	0.00133705073956	1.1395318803e-05	0.00652192079494	7.59687920202e-06	0	1.89921980051e-05	3.79843960101e-06	4.17828356111e-05	3.03875168081e-05	1.1395318803e-05	0	3.79843960101e-06	1.1395318803e-05	0	0.000923020823046	0.00384022243662	0.00232084659622	3.79843960101e-06	4.55812752121e-05	3.79843960101e-06	0.00708408985589	0	1.1395318803e-05	9.87594296263e-05	0	0.000246898574066	0	0	0	0	0	0	0	1.1395318803e-05	1.1395318803e-05	0.00125348506833	3.79843960101e-06	0.00158015087402	0	0	0	0	3.79843960101e-06	3.79843960101e-06	0	0	0	0	1.5193758404e-05	0.000448215872919	0.00152697271961	0.000915423943844	0	0	0	2.65890772071e-05	0	0	3.79843960101e-06	0.000482401829329	0.000178526661248	0.000353254882894	0.00026209233247	0	0	0	2.27906376061e-05	0.000387440839303	1.5193758404e-05	7.59687920202e-06	0	0	5.69765940152e-05
0.000216511057258	0	0	0	0	0.00163332902844	0.00138263201477	9.49609900253e-05	0.002989371966	0	2.27906376061e-05	0.00102178025267	0.00015193758404	0.000691316007384	0.00309952671443	2.65890772071e-05	0	0	0	3.79843960101e-06	0.000148139144439	7.59687920202e-06	0	3.79843960101e-06	7.59687920202e-06	3.79843960101e-06	7.59687920202e-06	0	7.97672316212e-05	0.0026209233247	3.79843960101e-05	0	0.0063927738485	1.89921980051e-05	0.00253355921387	0	0	0	0	0	0	7.59687920202e-06	3.79843960101e-06	0	0	7.59687920202e-06	0	0	0	0	0	0	0	0	0	0	0	0	0	0	0	0	3.79843960101e-06	0	3.79843960101e-06	0	0	0	0	0	9.87594296263e-05	0	3.79843960101e-05	7.59687920202e-06	7.59687920202e-05	0.000668525369778	3.03875168081e-05	7.59687920202e-06	0	1.1395318803e-05	1.1395318803e-05	1.1395318803e-05	0	0
0.00353634726854	0	0.000163332902844	0	4.55812752121e-05	0.000243100134465	0.000357053322495	0.00512029658216	0.00280704686515	0.00431122894715	0.00237402475063	0.00255255141188	0.000246898574066	0.00195999483412	0.00406433037308	0.00108255528629	0	0.000281084530475	6.07750336162e-05	0.000296278288879	0.00128007414554	0.00268549679792	9.49609900253e-05	0.00281844218395	0.00444797277278	2.65890772071e-05	0.000687517567783	0.000178526661248	0.0134464761876	0.0273943464025	0.0112775671754	1.1395318803e-05	1.89921980051e-05	0.0369132360426	0.0317663503833	6.07750336162e-05	0	3.79843960101e-06	0	0.000805269195415	0	0.000334262684889	0.000307673607682	0.000254495453268	0.00529882324341	0.00140162421277	0.000512789346137	0.000277286090874	0	0.000148139144439	3.41859564091e-05	1.1395318803e-05	0	0.00018612354045	0.000227906376061	0.000660928490576	4.55812752121e-05	6.45734732172e-05	3.03875168081e-05	0.00498735119613	7.59687920202e-06	1.1395318803e-05	7.97672316212e-05	0.00388960215144	9.49609900253e-05	3.79843960101e-06	3.79843960101e-06	6.83719128182e-05	0	3.79843960101e-05	0.00243859822385	6.83719128182e-05	0.0188326635418	0.00867183760911	0.00407572569189	0.00194480107572	8.73641108233e-05	0.00253355921387	0.00048620026893	0.00176627441447	0.000881237987435	0.00165232122644	0	0
0.00444797277278	2.65890772071e-05	0.00227146688141	0	0.00175867753527	0.00117371783671	0.00322867366086	0.0048771964477	0.0121702004816	0.00461510411523	0.00444417433318	0.0207888599363	0.00805649039375	0.0106166386848	0.0185857649678	0.00265510928111	4.55812752121e-05	0.00665106774137	0.00227146688141	0.0078703668533	0.00940493645211	0.00839834995784	0.000550773742147	0.0128463227306	0.00670804433539	0.00033806112449	0.00801850599774	0.00235883099223	0.0159496478846	0.0504736654182	0.0132641510867	9.87594296263e-05	0.00253355921387	0.0317663503833	0.0939506050914	0.000125348506833	3.79843960101e-05	0.000208914178056	0	0.00126108194754	0	0.00181945256888	0.000550773742147	0.00090023018544	0.00806788571255	0.00427704299074	0.00106736152788	0.00145100392759	3.79843960101e-06	0.000265890772071	0.000664726930177	0.000216511057258	3.41859564091e-05	0.000292479849278	0.000497595587733	0.00206635114295	0.000471006510525	0.000117751627631	0.000341859564091	0.00781718869888	7.21703524192e-05	0.00018612354045	0.000702711326187	0.0059901392508	0.000410231476909	7.59687920202e-06	7.59687920202e-06	0.000102557869227	0	0.000292479849278	0.00954547871734	0.000558370621349	0.0381515273526	0.0161205776667	0.00709168673509	0.00456192596082	0.000919222383445	0.00393898186625	0.000949609900253	0.00473285574286	0.00284882970076	0.00322867366086	0	3.79843960101e-06
0	0	0	0	0	0	0	0	7.59687920202e-06	1.1395318803e-05	0	3.79843960101e-06	0	3.79843960101e-06	7.59687920202e-06	6.83719128182e-05	0	0	0	0	0	0	6.07750336162e-05	0	4.17828356111e-05	0	0	0	6.83719128182e-05	2.65890772071e-05	0	0	0	6.07750336162e-05	0.000125348506833	0.0182818897997	0	0	0	3.79843960101e-06	0	7.59687920202e-06	0.00996330707345	0.00164852278684	0.000235503255263	0.00395037718505	9.11625504243e-05	7.59687920202e-06	0	0.00866803916951	0	0	0	0	0.000201317298854	0	0.00358952542296	0	0.00180046037088	0.00399216002066	0	7.59687920202e-06	3.79843960101e-06	0.00397696626226	0.0056178921699	0.00140542265237	0	7.59687920202e-06	3.79843960101e-05	0.00173588689766	1.5193758404e-05	0	0.000110154748429	0.000102557869227	9.11625504243e-05	1.89921980051e-05	0	0.00033806112449	2.27906376061e-05	0.00067612224898	9.11625504243e-05	9.87594296263e-05	0	0
