0.0189938416856	7.20692152743e-06	0.000248638792697	0	2.16207645823e-05	7.20692152743e-06	0.000263052635751	0.0120247485685	0.00156750543222	0.00189181690095	0.000868434044056	0.000349535694081	0.000129724587494	0	0.00694386889168	6.84657545106e-05	0	0.000295483782625	1.80173038186e-05	0.00037836338019	3.60346076372e-06	0.000172966116658	0.000511691428448	0.000414397987828	0.0026917851905	3.60346076372e-06	3.60346076372e-05	9.72934406204e-05	0.00435298060257	0.00804652788538	0.00437460136715	0	0	0.000212604185059	0.00135129778639	2.5224225346e-05	1.44138430549e-05	2.88276861097e-05	0	0	0	4.32415291646e-05	0.000111707283675	0.000162155734367	0.000472053360047	1.44138430549e-05	0	1.08103822912e-05	7.20692152743e-06	5.40519114558e-05	0	0.000212604185059	7.20692152743e-06	0	0	3.60346076372e-06	0.000670243702051	0.000691864466634	0.00046484643852	0.000111707283675	3.60346076372e-06	1.08103822912e-05	8.64830583292e-05	0.000497277585393	0.000331518390262	0.00059096756525	3.60346076372e-06	0	0.000317104547207	0.000630605633651	6.12588329832e-05	1.80173038186e-05	0.00102698631766	5.40519114558e-05	1.80173038186e-05	0	0	0.000234224949642	5.76553722195e-05	0.00012612112673	3.96380684009e-05	3.60346076372e-06	0	3.60346076372e-06
7.20692152743e-06	0.0131814594737	0.000230621488878	0	1.08103822912e-05	0	3.60346076372e-06	1.80173038186e-05	0	0.00415839372133	0	6.48622937469e-05	0.000699071388161	9.72934406204e-05	7.20692152743e-06	7.20692152743e-06	3.60346076372e-05	0.000263052635751	3.60346076372e-06	0.000227018028114	0	4.68449899283e-05	0.00414758333904	0.000353139154844	0.00357463307761	0.00150624659923	0.00258368136759	0.00912035919297	2.5224225346e-05	9.36899798567e-05	6.84657545106e-05	0	0	7.20692152743e-06	0.000385570301718	0	0.00668802317746	0.000255845714224	0	0	0	0	0	7.20692152743e-06	0	0	0	0	9.72934406204e-05	7.20692152743e-06	0	0.000111707283675	6.84657545106e-05	7.20692152743e-06	2.16207645823e-05	0	7.20692152743e-06	0.000248638792697	3.24311468735e-05	4.32415291646e-05	0.00189181690095	0.00053331219303	0.00727538728195	5.0448450692e-05	7.20692152743e-06	3.60346076372e-06	4.32415291646e-05	0	0	2.5224225346e-05	0.000140534969785	5.76553722195e-05	0.000248638792697	2.5224225346e-05	1.44138430549e-05	0	0	1.80173038186e-05	2.88276861097e-05	1.44138430549e-05	3.60346076372e-06	0	0	0
0.000248638792697	0.000230621488878	0.0362183841361	0	0	0.000144138430549	0.000342328772553	0.00272061287661	0.000551329496849	0.00037836338019	0.000511691428448	0.000144138430549	0.000259449174988	2.16207645823e-05	0.00050448450692	2.5224225346e-05	0.000209000724296	0.00796725174858	1.80173038186e-05	0.000565743339904	0	0.00179452346033	0.000327914929498	0.0124571638602	0.00121796973814	1.44138430549e-05	0.00969691291516	0.0108572272811	0.00263412981828	0.000263052635751	0.0023242321926	0	7.20692152743e-06	2.5224225346e-05	0.00119634897355	3.60346076372e-06	0.00828435629579	0.00548446728238	0	0	0	0	1.80173038186e-05	0.000320708007971	1.44138430549e-05	3.60346076372e-06	3.60346076372e-05	1.44138430549e-05	5.0448450692e-05	0.000227018028114	0	6.48622937469e-05	0.000245035331933	1.44138430549e-05	0.000324311468735	1.08103822912e-05	0.000144138430549	0.000212604185059	0.000158552273604	4.32415291646e-05	0.00043601875241	0.00604660716152	0.00594210679937	0.000133328048258	2.5224225346e-05	0.000129724587494	7.20692152743e-06	0	7.20692152743e-06	0.000115310744439	0.00258728482835	0.00294763090472	0.0014197635409	0.000205397263532	0.000291880321861	0	0	0.000205397263532	0.000172966116658	0.000111707283675	5.0448450692e-05	0	0	1.08103822912e-05
0	0	0	0	0	0	0	0	0	0	0	0	0	0	0	0	0	0	0	0	0	0	0	0	0	0	0	0	0	0	0	0	0	0	0	0	0	0	0	0	0	0	0	0	0	0	0	0	0	0	0	0	0	0	0	0	0	0	0	0	0	0	0	0	0	0	0	0	0	0	0	0	0	0	0	0	0	0	0	0	0	0	0	0
2.16207645823e-05	1.08103822912e-05	0	0	0.0180317176616	0	0.000648622937469	0.000194586881241	4.32415291646e-05	0.00693666197016	0.00366832305746	2.5224225346e-05	0.00312420048214	0	4.32415291646e-05	0.000634209094414	7.20692152743e-06	0	0	0	0.0068826100587	0	4.32415291646e-05	0	0.0115923332769	0	2.88276861097e-05	4.68449899283e-05	0.00633488402262	1.08103822912e-05	0	0	3.60346076372e-06	0	7.20692152743e-06	0.000162155734367	3.24311468735e-05	0	0	0.000619795251359	0	3.24311468735e-05	8.64830583292e-05	0.00043601875241	0.00155669504993	0	3.96380684009e-05	0.000432415291646	7.20692152743e-06	0.000558536418376	0	0.000158552273604	3.60346076372e-06	3.24311468735e-05	1.08103822912e-05	0.00012612112673	1.80173038186e-05	0.000227018028114	1.80173038186e-05	0.00256926752453	1.80173038186e-05	1.44138430549e-05	3.60346076372e-05	0.00148822929542	0.00172605770582	0.00201073110615	0	0	0.00169002309818	0.00193866189088	2.5224225346e-05	0	8.28795975655e-05	1.08103822912e-05	0.00025224225346	0	0	0.000219811106587	2.5224225346e-05	0.00022341456735	6.12588329832e-05	2.5224225346e-05	0	0
7.20692152743e-06	0	0.000144138430549	0	0	0.0070519727146	0.00311699356062	0.00122517665966	0.00210442108601	5.76553722195e-05	0.00147741891312	2.5224225346e-05	2.88276861097e-05	3.60346076372e-06	0.000291880321861	0.00146300507007	3.60346076372e-06	9.00865190929e-05	0	0	0	7.20692152743e-06	2.5224225346e-05	0.000115310744439	0.000158552273604	0	7.92761368018e-05	3.60346076372e-06	0.000670243702051	3.60346076372e-06	0	0	0.0010630209253	0	6.12588329832e-05	3.60346076372e-06	4.68449899283e-05	5.0448450692e-05	0	0	0	0	7.20692152743e-06	3.60346076372e-06	1.44138430549e-05	0	0	1.08103822912e-05	0	7.20692152743e-06	0	0	3.60346076372e-06	0	0	0	3.60346076372e-06	2.16207645823e-05	2.88276861097e-05	1.08103822912e-05	0	2.5224225346e-05	2.16207645823e-05	1.44138430549e-05	1.80173038186e-05	2.16207645823e-05	0	0	1.44138430549e-05	2.88276861097e-05	5.0448450692e-05	1.80173038186e-05	0.000180173038186	0.000212604185059	0.000926089416275	0.00134409086487	7.20692152743e-06	2.5224225346e-05	1.08103822912e-05	7.20692152743e-06	0	0	0	0
0.000263052635751	3.60346076372e-06	0.000342328772553	0	0.000648622937469	0.00311699356062	0.0475476647773	0.00699792080314	0.0204027948442	0.00235666333947	0.0283592362105	0.00431334253417	0.0107383130759	3.60346076372e-05	0.00724655959584	0.00506286237302	0	0.00122878012043	0.000399984144773	0.00304132088458	0.00111346937599	0.000140534969785	0.000172966116658	0.000410794527064	0.00327194237346	1.08103822912e-05	0.00276745786654	0.00143778084472	0.0077762683281	0.00190262728324	0.000129724587494	0	0.00127562511036	7.20692152743e-06	0.00237828410405	1.08103822912e-05	9.36899798567e-05	0.000118914205203	0	0.000129724587494	0	1.44138430549e-05	1.80173038186e-05	8.64830583292e-05	0.000201793802768	0.000259449174988	7.20692152743e-06	0.0061475040629	1.44138430549e-05	1.80173038186e-05	3.60346076372e-06	1.80173038186e-05	3.60346076372e-06	0	0	0.000108103822912	3.60346076372e-05	0.000147741891312	0.000140534969785	0.000302690704152	1.44138430549e-05	5.0448450692e-05	9.36899798567e-05	0.00022341456735	3.60346076372e-05	9.00865190929e-05	3.60346076372e-06	1.08103822912e-05	2.88276861097e-05	0.000263052635751	0.00120355589508	7.92761368018e-05	0.0111130729953	0.00119995243432	0.00154228120687	0.000291880321861	0	0.000136931509021	0.000122517665966	0.00012612112673	2.16207645823e-05	3.96380684009e-05	3.24311468735e-05	0.00050448450692
0.0120247485685	1.80173038186e-05	0.00272061287661	0	0.000194586881241	0.00122517665966	0.00699792080314	0.06181016248	0.0128391307011	0.00335842543178	0.0146949129944	0.00220171452663	0.000756726760381	7.20692152743e-06	0.0164678156902	0.000771140603436	2.5224225346e-05	0.00138372893327	0.000180173038186	0.00157471235374	7.20692152743e-06	0.00470251629665	0.000836002897182	0.00717809384133	0.00518177657823	1.44138430549e-05	0.00117833166974	0.00245756024086	0.0244134466742	0.00570427838896	0.0180209072794	0	0.00015494881284	0.000136931509021	0.00419442832897	7.20692152743e-05	0.000198190342004	0.000490070663866	0	0	0	3.96380684009e-05	0.000158552273604	0.000558536418376	0.000587364104486	1.44138430549e-05	3.60346076372e-05	7.20692152743e-06	2.16207645823e-05	0.000230621488878	3.60346076372e-06	0.000695467927397	3.96380684009e-05	2.16207645823e-05	7.20692152743e-06	3.60346076372e-06	0.00108824515064	0.00144498776625	0.000915279033984	0.00122517665966	1.80173038186e-05	0.00022341456735	0.000342328772553	0.00161435042215	0.000731502535035	0.0016287642652	3.60346076372e-06	0	0.000468449899283	0.00248999138773	0.00242873255475	0.000273863018043	0.00417280756438	0.000623398712123	0.000601777947541	6.84657545106e-05	7.20692152743e-06	0.00157471235374	0.000151345352076	0.000954917102385	0.000122517665966	1.08103822912e-05	2.88276861097e-05	2.16207645823e-05
0.00156750543222	0	0.000551329496849	0	4.32415291646e-05	0.00210442108601	0.0204027948442	0.0128391307011	0.0419947317404	0.000320708007971	0.0190875316654	0.00272061287661	0.00113869360133	0.000122517665966	0.0214333846226	0.000468449899283	1.08103822912e-05	0.000418001448591	0.000414397987828	0.000619795251359	4.32415291646e-05	0.000385570301718	0.000367552997899	0.000886451347874	0.00171885078429	3.60346076372e-05	0.00173686808811	0.00065943331976	0.0081834593944	0.00179452346033	0.000598174486777	2.16207645823e-05	0.000731502535035	7.20692152743e-06	0.00185217883255	7.20692152743e-06	7.56726760381e-05	0.00028106993957	0	0	0	7.20692152743e-06	2.16207645823e-05	0.000108103822912	1.08103822912e-05	0.000118914205203	1.08103822912e-05	0.00118553859126	5.40519114558e-05	2.16207645823e-05	0	9.72934406204e-05	1.80173038186e-05	0	0	0.000205397263532	0.000493674124629	0.000450432595465	0.0004071910663	0.000414397987828	3.60346076372e-05	6.84657545106e-05	0.000158552273604	0.000724295613507	3.24311468735e-05	0.000147741891312	2.88276861097e-05	3.60346076372e-06	7.20692152743e-06	0.000335121851026	0.000976537866967	0.000360346076372	0.00444667058243	0.000342328772553	0.00154228120687	0.000100896901384	1.08103822912e-05	0.000273863018043	5.40519114558e-05	0.000136931509021	1.44138430549e-05	0	3.60346076372e-06	3.60346076372e-05
0.00189181690095	0.00415839372133	0.00037836338019	0	0.00693666197016	5.76553722195e-05	0.00235666333947	0.00335842543178	0.000320708007971	0.0458107966891	0.00141616008014	0.000209000724296	0.00922846301588	2.5224225346e-05	0.000558536418376	0.00322870084429	0.000396380684009	0.000324311468735	0	0.000255845714224	0.00426289408348	0.000115310744439	0.0089582034586	0.000832399436419	0.036052624941	0.000627002172887	0.000796364828782	0.004727740522	0.016943472511	0.00170443694124	0.000753123299617	0	1.08103822912e-05	3.60346076372e-06	0.000353139154844	0.000540519114558	0.000446829134701	0.000111707283675	0	0.0017476784704	1.80173038186e-05	0.000331518390262	0.000634209094414	0.00158191927527	0.00734024957569	1.44138430549e-05	0.000111707283675	0.00015494881284	5.76553722195e-05	0.00141616008014	7.92761368018e-05	0.00420523871126	2.16207645823e-05	0.000118914205203	6.84657545106e-05	0.000497277585393	0.000342328772553	0.00701593810696	0.000810778671836	0.0120067312647	0.000209000724296	0.000133328048258	0.000781950985727	0.00616191790596	0.00448270519006	0.00726818036042	7.20692152743e-06	7.20692152743e-06	0.00436379098486	0.00626281480734	0.00158552273604	8.28795975655e-05	0.000439622213174	0.000118914205203	0.00157471235374	2.88276861097e-05	3.60346076372e-06	0.00278907863112	0.000331518390262	0.000944106720094	0.000381966840954	0.000619795251359	3.60346076372e-06	1.80173038186e-05
0.000868434044056	0	0.000511691428448	0	0.00366832305746	0.00147741891312	0.0283592362105	0.0146949129944	0.0190875316654	0.00141616008014	0.079791431691	0.00398182414391	0.0100824832169	2.5224225346e-05	0.0150084140809	0.000846813279474	1.08103822912e-05	0.00185217883255	0.00037836338019	0.00386651339947	0.00719250768438	0.000457639516992	0.000385570301718	0.0010233828569	0.00314942470749	7.20692152743e-06	0.00234224949642	0.00191343766553	0.0130985798761	0.00274583710195	0.000652226398233	0	0.000432415291646	1.08103822912e-05	0.00363589191059	7.20692152743e-06	7.56726760381e-05	0.000255845714224	0	0.000558536418376	0	1.08103822912e-05	2.16207645823e-05	7.20692152743e-05	2.88276861097e-05	0.00203235187074	7.20692152743e-06	0.0109617276432	1.80173038186e-05	1.80173038186e-05	0	0.000122517665966	1.80173038186e-05	0	0	0.00221252490892	0.000349535694081	0.00037836338019	0.000389173762481	0.00140895315861	1.80173038186e-05	6.12588329832e-05	0.00018377649895	0.00127202164959	3.60346076372e-05	0.000104500362148	1.08103822912e-05	1.08103822912e-05	7.20692152743e-06	0.000335121851026	0.00251521561307	0.000245035331933	0.0131814594737	0.00221252490892	0.00211162800754	0.000162155734367	3.60346076372e-06	0.000230621488878	0.000133328048258	0.000144138430549	2.5224225346e-05	3.60346076372e-06	3.60346076372e-05	0.000580157182959
0.000349535694081	6.48622937469e-05	0.000144138430549	0	2.5224225346e-05	2.5224225346e-05	0.00431334253417	0.00220171452663	0.00272061287661	0.000209000724296	0.00398182414391	0.0329788729095	0.000482863742338	0.00507367275531	0.00524663887197	4.32415291646e-05	3.24311468735e-05	0.00331518390262	0.0030593381884	0.013267942532	7.20692152743e-06	0.00140174623709	9.00865190929e-05	0.000947710180858	0.000634209094414	0.00157471235374	0.00896180691937	0.00276745786654	0.00166119541207	0.00521781118586	0.00109905553293	0.000306294164916	0.000115310744439	0.000425208370119	0.0123022150473	0	0.000205397263532	1.08103822912e-05	0	0	0	0	0	4.32415291646e-05	2.88276861097e-05	6.12588329832e-05	0.000731502535035	0.000648622937469	0.00105221054301	1.08103822912e-05	0	4.68449899283e-05	7.20692152743e-06	1.08103822912e-05	2.5224225346e-05	3.24311468735e-05	5.76553722195e-05	0.000129724587494	3.24311468735e-05	3.60346076372e-06	0.000619795251359	0.000547726036085	0.000356742615608	7.92761368018e-05	2.88276861097e-05	4.68449899283e-05	0.00028106993957	0	0	0.000111707283675	0.00274223364119	0.0030593381884	0.0138805308618	0.00194947227317	0.000194586881241	3.60346076372e-06	0.00139814277632	4.32415291646e-05	1.80173038186e-05	2.5224225346e-05	0	0	0	3.60346076372e-06
0.000129724587494	0.000699071388161	0.000259449174988	0	0.00312420048214	2.88276861097e-05	0.0107383130759	0.000756726760381	0.00113869360133	0.00922846301588	0.0100824832169	0.000482863742338	0.0327194237346	7.20692152743e-06	0.000908072112457	0.00408272104529	5.0448450692e-05	0.000209000724296	3.96380684009e-05	0.000259449174988	0.0071708869198	5.0448450692e-05	0.0013801254725	0.000353139154844	0.00881406502805	1.08103822912e-05	0.000500881046157	0.00130445279647	0.00295123436548	0.000547726036085	3.96380684009e-05	0	4.68449899283e-05	0	0.000266656096515	3.60346076372e-05	0.000147741891312	7.20692152743e-05	0	0.00120355589508	3.60346076372e-06	1.44138430549e-05	2.88276861097e-05	6.12588329832e-05	0.000627002172887	1.44138430549e-05	1.80173038186e-05	0.00354940885226	7.20692152743e-06	5.40519114558e-05	1.80173038186e-05	5.0448450692e-05	0	1.08103822912e-05	1.08103822912e-05	0.00022341456735	6.48622937469e-05	0.000187379959713	7.56726760381e-05	0.00129724587494	2.5224225346e-05	2.16207645823e-05	0.000172966116658	0.000536915653794	0.000104500362148	0.000129724587494	0	1.08103822912e-05	8.64830583292e-05	0.000216207645823	0.000511691428448	3.60346076372e-05	0.0030485278061	0.000846813279474	0.000911675573221	3.60346076372e-06	0	0.000313501086443	0.000100896901384	0.000111707283675	1.08103822912e-05	0.000216207645823	2.88276861097e-05	0.000648622937469
0	9.72934406204e-05	2.16207645823e-05	0	0	3.60346076372e-06	3.60346076372e-05	7.20692152743e-06	0.000122517665966	2.5224225346e-05	2.5224225346e-05	0.00507367275531	7.20692152743e-06	0.0160317969378	0.000194586881241	0	6.84657545106e-05	1.08103822912e-05	0.000180173038186	4.32415291646e-05	3.60346076372e-06	0	4.32415291646e-05	6.84657545106e-05	8.64830583292e-05	0.00226657682038	0.00498718969698	0.00268457826897	3.24311468735e-05	7.56726760381e-05	0	0.000454036056228	2.5224225346e-05	0	0.000479260281574	0	0.00018377649895	0	0	0	0	0	0	3.60346076372e-05	2.5224225346e-05	0	0.00122878012043	1.08103822912e-05	0.00519619042128	1.80173038186e-05	0	0	0	1.80173038186e-05	1.08103822912e-05	3.60346076372e-06	0	3.24311468735e-05	0	3.60346076372e-06	0.00356742615608	0.00191343766553	0.00148462583465	0	2.5224225346e-05	0	0.00221973183045	0	0	6.84657545106e-05	3.60346076372e-05	0.00385930647794	0.000832399436419	1.08103822912e-05	3.60346076372e-06	3.60346076372e-06	0.00103058977842	0	3.60346076372e-06	1.08103822912e-05	0	0	0	2.5224225346e-05
0.00694386889168	7.20692152743e-06	0.00050448450692	0	4.32415291646e-05	0.000291880321861	0.00724655959584	0.0164678156902	0.0214333846226	0.000558536418376	0.0150084140809	0.00524663887197	0.000908072112457	0.000194586881241	0.0482935811553	0.000259449174988	0.000140534969785	0.000753123299617	0.000645019476705	0.0021152314683	3.96380684009e-05	0.00102698631766	0.000389173762481	0.000962124023913	0.00161795388291	9.36899798567e-05	0.00166479887284	0.00129364241417	0.00642497054171	0.0110337968585	0.00208640378219	2.5224225346e-05	0.000875640965583	8.28795975655e-05	0.00620155597436	3.60346076372e-06	2.16207645823e-05	0.000248638792697	0	0	0	7.20692152743e-06	1.80173038186e-05	0.000118914205203	7.20692152743e-06	0.000277466478806	3.24311468735e-05	0.00152426390305	0.000136931509021	4.32415291646e-05	0	0.000273863018043	1.80173038186e-05	0	0	0.000306294164916	0.000868434044056	0.000666640241288	0.000461242977756	0.000500881046157	0.000100896901384	6.12588329832e-05	0.000129724587494	0.00114950398363	4.32415291646e-05	0.000162155734367	6.84657545106e-05	3.60346076372e-06	3.60346076372e-06	0.000392777223245	0.00212604185059	0.000965727484676	0.00630245287574	0.00050448450692	0.00259809521064	6.48622937469e-05	8.28795975655e-05	0.000284673400334	3.60346076372e-05	0.000205397263532	1.80173038186e-05	0	1.08103822912e-05	2.5224225346e-05
6.84657545106e-05	7.20692152743e-06	2.5224225346e-05	0	0.000634209094414	0.00146300507007	0.00506286237302	0.000771140603436	0.000468449899283	0.00322870084429	0.000846813279474	4.32415291646e-05	0.00408272104529	0	0.000259449174988	0.0105617434985	1.80173038186e-05	3.60346076372e-06	0	1.80173038186e-05	0.000389173762481	8.64830583292e-05	7.20692152743e-05	0.000144138430549	0.00306294164916	0	3.60346076372e-05	8.28795975655e-05	0.00241431871169	8.64830583292e-05	2.16207645823e-05	0	0.000273863018043	3.60346076372e-06	2.5224225346e-05	3.24311468735e-05	3.24311468735e-05	3.60346076372e-06	0	0.000111707283675	0	1.44138430549e-05	9.00865190929e-05	8.28795975655e-05	0.000753123299617	1.80173038186e-05	0	3.96380684009e-05	7.20692152743e-06	2.88276861097e-05	3.60346076372e-06	8.64830583292e-05	0	0	3.60346076372e-06	2.16207645823e-05	6.48622937469e-05	0.000255845714224	4.32415291646e-05	0.000558536418376	2.5224225346e-05	3.60346076372e-06	3.96380684009e-05	0.000172966116658	8.64830583292e-05	0.000345932233317	0	0	7.20692152743e-05	0.000219811106587	0.000897261730166	4.32415291646e-05	7.20692152743e-05	0	0.000994555170786	0.000270259557279	0	0.000198190342004	1.44138430549e-05	1.08103822912e-05	0	3.96380684009e-05	0	0
0	3.60346076372e-05	0.000209000724296	0	7.20692152743e-06	3.60346076372e-06	0	2.5224225346e-05	1.08103822912e-05	0.000396380684009	1.08103822912e-05	3.24311468735e-05	5.0448450692e-05	6.84657545106e-05	0.000140534969785	1.80173038186e-05	0.0229396312218	3.96380684009e-05	0	4.68449899283e-05	0	0.00178010961728	0.00968610253287	0.00561779533064	0.0109941587901	1.44138430549e-05	0.000129724587494	0.00285394092486	0.00512412120601	0.000147741891312	0.000100896901384	0	3.96380684009e-05	0	4.68449899283e-05	0	0.000108103822912	0.000115310744439	0	0	0	0	0	0	0	0	0	0	2.5224225346e-05	0	0	0.00450432595465	7.20692152743e-06	0	3.60346076372e-06	0	0.00136931509021	0.00707719693994	0.0050448450692	1.44138430549e-05	2.88276861097e-05	5.40519114558e-05	0.00294042398319	0.000227018028114	1.80173038186e-05	0.000190983420477	1.08103822912e-05	0	7.56726760381e-05	0.00012612112673	0.00381966840954	0.00153147082458	0.000172966116658	9.00865190929e-05	0.000176569577422	7.20692152743e-06	0	3.96380684009e-05	6.12588329832e-05	1.08103822912e-05	7.20692152743e-06	0	0	0
0.000295483782625	0.000263052635751	0.00796725174858	0	0	9.00865190929e-05	0.00122878012043	0.00138372893327	0.000418001448591	0.000324311468735	0.00185217883255	0.00331518390262	0.000209000724296	1.08103822912e-05	0.000753123299617	3.60346076372e-06	3.96380684009e-05	0.031980714278	0.000216207645823	0.0125724746046	0	0.00175848885269	0.000158552273604	0.0106193988707	0.000569346800667	6.12588329832e-05	0.00815463170829	0.00518538003899	0.0004071910663	0.00210442108601	0.0016287642652	3.60346076372e-06	7.20692152743e-06	0.000302690704152	0.011545488287	0	0.000781950985727	0.000230621488878	0	0	0	0	0	5.0448450692e-05	0	4.68449899283e-05	1.44138430549e-05	0.000727899074271	4.32415291646e-05	5.40519114558e-05	0	7.20692152743e-06	2.5224225346e-05	7.20692152743e-06	0.000151345352076	7.20692152743e-06	8.28795975655e-05	8.64830583292e-05	5.40519114558e-05	3.60346076372e-06	0.000216207645823	0.00165038502978	0.000508087967684	6.12588329832e-05	0	3.60346076372e-05	1.08103822912e-05	0	0	2.5224225346e-05	0.00248999138773	0.00137652201174	0.00710962808681	0.000832399436419	6.48622937469e-05	3.60346076372e-06	0	2.88276861097e-05	1.08103822912e-05	1.80173038186e-05	1.44138430549e-05	0	0	0
1.80173038186e-05	3.60346076372e-06	1.80173038186e-05	0	0	0	0.000399984144773	0.000180173038186	0.000414397987828	0	0.00037836338019	0.0030593381884	3.96380684009e-05	0.000180173038186	0.000645019476705	0	0	0.000216207645823	0.00665559203059	0.00229540450649	0	1.80173038186e-05	0	5.40519114558e-05	2.88276861097e-05	2.16207645823e-05	0.00380885802725	9.72934406204e-05	0.000169362655895	0.000580157182959	2.5224225346e-05	8.64830583292e-05	0	3.60346076372e-06	0.000926089416275	0	7.20692152743e-06	0	0	0	0	0	0	0	0	7.20692152743e-06	4.32415291646e-05	5.40519114558e-05	0.000922485955512	0	0	0	0	1.44138430549e-05	0	0	3.60346076372e-06	3.60346076372e-06	0	0	0.000551329496849	0.00120355589508	0.000850416740237	3.60346076372e-06	3.60346076372e-06	3.60346076372e-06	0.000266656096515	0	0	1.08103822912e-05	0.000234224949642	0.0010630209253	0.0013801254725	5.40519114558e-05	2.5224225346e-05	0	0	7.20692152743e-06	1.08103822912e-05	3.60346076372e-06	0	0	0	3.60346076372e-06
0.00037836338019	0.000227018028114	0.000565743339904	0	0	0	0.00304132088458	0.00157471235374	0.000619795251359	0.000255845714224	0.00386651339947	0.013267942532	0.000259449174988	4.32415291646e-05	0.0021152314683	1.80173038186e-05	4.68449899283e-05	0.0125724746046	0.00229540450649	0.0287051684438	3.60346076372e-06	0.00216207645823	0.000216207645823	0.00230261142802	0.000454036056228	4.68449899283e-05	0.00416920410362	0.00160714350062	0.00071708869198	0.0039926345262	0.00164678156902	3.60346076372e-06	3.60346076372e-05	0.000547726036085	0.0137688235782	0	0.000151345352076	1.80173038186e-05	0	0	0	0	0	7.20692152743e-06	0	9.36899798567e-05	1.80173038186e-05	0.0012612112673	7.92761368018e-05	1.44138430549e-05	0	4.32415291646e-05	1.08103822912e-05	1.80173038186e-05	7.56726760381e-05	3.24311468735e-05	5.0448450692e-05	0.000100896901384	2.88276861097e-05	3.60346076372e-06	7.56726760381e-05	0.000792761368018	0.000248638792697	5.76553722195e-05	1.08103822912e-05	3.24311468735e-05	6.84657545106e-05	0	0	3.24311468735e-05	0.00340527042171	0.00109545207217	0.011545488287	0.00145219468778	0.000165759195131	3.60346076372e-06	0	1.44138430549e-05	1.44138430549e-05	7.20692152743e-06	0	0	0	0
3.60346076372e-06	0	0	0	0.0068826100587	0	0.00111346937599	7.20692152743e-06	4.32415291646e-05	0.00426289408348	0.00719250768438	7.20692152743e-06	0.0071708869198	3.60346076372e-06	3.96380684009e-05	0.000389173762481	0	0	0	3.60346076372e-06	0.018849703255	0	0	0	0.00508087967684	0	1.08103822912e-05	0	0.00254764675995	1.44138430549e-05	0	0	0	0	1.80173038186e-05	3.24311468735e-05	0	0	0	0.00196388611623	0	1.44138430549e-05	2.16207645823e-05	7.20692152743e-05	0.00096933094544	2.88276861097e-05	1.44138430549e-05	0.00158552273604	0	3.60346076372e-05	0	0	0	7.20692152743e-06	1.08103822912e-05	0.0008143821326	0	3.60346076372e-06	0	0.00349896040157	0	1.08103822912e-05	0	0.00210081762525	6.12588329832e-05	7.20692152743e-05	0	0	5.0448450692e-05	5.76553722195e-05	0.000144138430549	0	0.000363949537135	4.68449899283e-05	0.000893658269402	0	0	2.5224225346e-05	3.60346076372e-06	1.08103822912e-05	3.60346076372e-06	2.88276861097e-05	0	3.60346076372e-05
0.000172966116658	4.68449899283e-05	0.00179452346033	0	0	7.20692152743e-06	0.000140534969785	0.00470251629665	0.000385570301718	0.000115310744439	0.000457639516992	0.00140174623709	5.0448450692e-05	0	0.00102698631766	8.64830583292e-05	0.00178010961728	0.00175848885269	1.80173038186e-05	0.00216207645823	0	0.0502682776539	0.00307014857069	0.02713045609	0.00212243838983	3.60346076372e-06	0.000345932233317	0.0023242321926	0.00913837649679	0.000324311468735	0.0189145655488	0	8.64830583292e-05	0.00265575058286	0.0114734190717	0	0.00022341456735	0.000929692877039	0	0	0	0	1.80173038186e-05	3.24311468735e-05	3.60346076372e-06	0	3.60346076372e-06	0	0	2.88276861097e-05	0	0.00164678156902	4.32415291646e-05	0	1.08103822912e-05	3.60346076372e-06	0.000807175211073	0.00481782704109	0.00353139154844	0	0	0.000118914205203	0.00107022784682	3.24311468735e-05	2.16207645823e-05	0.000500881046157	0	0	0	0.000115310744439	0.00785194100414	0.00294763090472	0.00594210679937	0.00103058977842	0.000219811106587	1.80173038186e-05	0	7.20692152743e-05	5.76553722195e-05	1.44138430549e-05	0	3.60346076372e-06	0	3.60346076372e-06
0.000511691428448	0.00414758333904	0.000327914929498	0	4.32415291646e-05	2.5224225346e-05	0.000172966116658	0.000836002897182	0.000367552997899	0.0089582034586	0.000385570301718	9.00865190929e-05	0.0013801254725	4.32415291646e-05	0.000389173762481	7.20692152743e-05	0.00968610253287	0.000158552273604	0	0.000216207645823	0	0.00307014857069	0.0408884692859	0.0113545048665	0.0149687760125	0.000641416015942	0.00071708869198	0.00963565408218	0.00491512048171	0.000544122575321	0.000468449899283	0	0	3.60346076372e-05	0.000544122575321	0	0.00296204474778	0.000374759919427	0	0	0	0	1.44138430549e-05	2.16207645823e-05	0.000302690704152	0	7.20692152743e-06	0	6.84657545106e-05	9.72934406204e-05	0	0.00825192514891	3.24311468735e-05	7.20692152743e-06	1.80173038186e-05	0	0.00316383855054	0.0230873731131	0.0104968812047	0.00118553859126	0.00028106993957	7.92761368018e-05	0.010705881929	0.00179091999957	0.000342328772553	0.0010125724746	3.60346076372e-06	0	0.000461242977756	0.000572950261431	0.000410794527064	9.72934406204e-05	0.000374759919427	8.64830583292e-05	4.68449899283e-05	0	3.60346076372e-06	0.000608984869068	0.000205397263532	6.12588329832e-05	2.16207645823e-05	0	0	3.60346076372e-06
0.000414397987828	0.000353139154844	0.0124571638602	0	0	0.000115310744439	0.000410794527064	0.00717809384133	0.000886451347874	0.000832399436419	0.0010233828569	0.000947710180858	0.000353139154844	6.84657545106e-05	0.000962124023913	0.000144138430549	0.00561779533064	0.0106193988707	5.40519114558e-05	0.00230261142802	0	0.02713045609	0.0113545048665	0.0808472456948	0.00470251629665	3.96380684009e-05	0.00368273690052	0.0143669980649	0.00923927339817	0.000738709456562	0.0101905870398	0	9.72934406204e-05	0.000133328048258	0.0115779194338	2.5224225346e-05	0.00295123436548	0.00271340595508	0	0	0	0	5.40519114558e-05	0.000461242977756	1.44138430549e-05	2.16207645823e-05	2.16207645823e-05	0.00012612112673	3.96380684009e-05	0.000457639516992	0	0.00344130502935	0.000147741891312	1.44138430549e-05	0.000122517665966	2.88276861097e-05	0.000608984869068	0.0107779511443	0.00662676434448	8.64830583292e-05	0.000216207645823	0.00178371307804	0.00894378961555	0.000245035331933	0.000104500362148	0.000418001448591	2.16207645823e-05	0	7.20692152743e-06	0.000277466478806	0.0118049374619	0.00493313778553	0.00482863742338	0.00113148667981	0.000443225673937	1.80173038186e-05	7.20692152743e-06	0.000418001448591	0.000263052635751	0.000140534969785	3.24311468735e-05	3.60346076372e-06	0	7.20692152743e-06
0.0026917851905	0.00357463307761	0.00121796973814	0	0.0115923332769	0.000158552273604	0.00327194237346	0.00518177657823	0.00171885078429	0.036052624941	0.00314942470749	0.000634209094414	0.00881406502805	8.64830583292e-05	0.00161795388291	0.00306294164916	0.0109941587901	0.000569346800667	2.88276861097e-05	0.000454036056228	0.00508087967684	0.00212243838983	0.0149687760125	0.00470251629665	0.0763285058971	0.000490070663866	0.00131886663952	0.00722133537049	0.0360418145587	0.00242873255475	0.00111707283675	0	3.24311468735e-05	8.64830583292e-05	0.000702674848925	0.000457639516992	0.000637812555178	0.000367552997899	0	0.00133688394334	0	0.000349535694081	0.000367552997899	0.00197829995928	0.00565382993827	1.80173038186e-05	8.28795975655e-05	6.12588329832e-05	6.12588329832e-05	0.00140895315861	7.20692152743e-06	0.00568265762438	2.16207645823e-05	9.00865190929e-05	4.32415291646e-05	0.000439622213174	0.00315302816825	0.011833765148	0.00488989625636	0.0114481948463	0.000140534969785	0.000165759195131	0.000958520563149	0.00827714937426	0.00446468788625	0.00648622937469	1.80173038186e-05	0	0.00442144635708	0.00620876289589	0.00532591500877	0.00103779669995	0.0019170411263	0.00074591637809	0.00120355589508	4.68449899283e-05	3.60346076372e-06	0.00170083348047	0.000291880321861	0.000958520563149	0.000396380684009	8.28795975655e-05	1.08103822912e-05	2.16207645823e-05
3.60346076372e-06	0.00150624659923	1.44138430549e-05	0	0	0	1.08103822912e-05	1.44138430549e-05	3.60346076372e-05	0.000627002172887	7.20692152743e-06	0.00157471235374	1.08103822912e-05	0.00226657682038	9.36899798567e-05	0	1.44138430549e-05	6.12588329832e-05	2.16207645823e-05	4.68449899283e-05	0	3.60346076372e-06	0.000641416015942	3.96380684009e-05	0.000490070663866	0.0105437261946	0.00243593947627	0.00417641102515	1.44138430549e-05	0.000136931509021	0	3.60346076372e-06	0	0	0.000158552273604	3.60346076372e-06	0.000313501086443	0	0	0	0	0	0	1.80173038186e-05	4.32415291646e-05	0	0.00109905553293	3.60346076372e-06	0.00371156458663	1.44138430549e-05	0	1.44138430549e-05	7.20692152743e-06	1.44138430549e-05	1.44138430549e-05	0	0	6.12588329832e-05	3.60346076372e-06	0	0.00569346800667	0.000980141327731	0.00347733963699	0	2.88276861097e-05	3.60346076372e-06	0.000374759919427	0	0	0.000108103822912	2.5224225346e-05	0.00209000724296	5.0448450692e-05	1.08103822912e-05	3.60346076372e-06	0	0.00103779669995	2.5224225346e-05	2.16207645823e-05	2.16207645823e-05	3.60346076372e-06	3.60346076372e-06	0	1.44138430549e-05
3.60346076372e-05	0.00258368136759	0.00969691291516	0	2.88276861097e-05	7.92761368018e-05	0.00276745786654	0.00117833166974	0.00173686808811	0.000796364828782	0.00234224949642	0.00896180691937	0.000500881046157	0.00498718969698	0.00166479887284	3.60346076372e-05	0.000129724587494	0.00815463170829	0.00380885802725	0.00416920410362	1.08103822912e-05	0.000345932233317	0.00071708869198	0.00368273690052	0.00131886663952	0.00243593947627	0.0643758265438	0.0209180897334	0.00144498776625	0.000828795975655	0.000162155734367	0.000554932957612	1.80173038186e-05	1.08103822912e-05	0.00238909448634	7.20692152743e-06	0.00958160217072	0.000198190342004	0	3.24311468735e-05	0	7.20692152743e-06	0	1.80173038186e-05	0.000136931509021	5.40519114558e-05	0.000580157182959	0.000627002172887	0.00628803903269	7.56726760381e-05	0	5.0448450692e-05	2.88276861097e-05	0.000172966116658	0.000345932233317	7.92761368018e-05	6.48622937469e-05	0.000306294164916	3.96380684009e-05	0.000111707283675	0.0135526159323	0.0127526476428	0.0171668870784	9.72934406204e-05	0.000162155734367	3.24311468735e-05	0.00301609665923	0	3.60346076372e-06	0.000248638792697	0.00312420048214	0.00657631589378	0.00762131951526	0.00104500362148	0.000299087243389	0	6.48622937469e-05	0.000158552273604	0.00022341456735	0.000104500362148	7.20692152743e-06	0	0	3.24311468735e-05
9.72934406204e-05	0.00912035919297	0.0108572272811	0	4.68449899283e-05	3.60346076372e-06	0.00143778084472	0.00245756024086	0.00065943331976	0.004727740522	0.00191343766553	0.00276745786654	0.00130445279647	0.00268457826897	0.00129364241417	8.28795975655e-05	0.00285394092486	0.00518538003899	9.72934406204e-05	0.00160714350062	0	0.0023242321926	0.00963565408218	0.0143669980649	0.00722133537049	0.00417641102515	0.0209180897334	0.0843137749495	0.00185217883255	0.000428811830882	0.00119274551279	1.44138430549e-05	1.80173038186e-05	2.88276861097e-05	0.00507727621608	3.60346076372e-06	0.0192677047036	0.00314942470749	0	7.20692152743e-06	0	0	2.88276861097e-05	8.28795975655e-05	4.32415291646e-05	1.80173038186e-05	5.40519114558e-05	0.000331518390262	0.00163236772596	7.20692152743e-05	0	0.000699071388161	0.00022341456735	2.5224225346e-05	0.000100896901384	3.96380684009e-05	0.000122517665966	0.00359265038143	0.000760330221144	0.000194586881241	0.00613669368061	0.00403947951613	0.0242296701752	0.000133328048258	5.76553722195e-05	6.48622937469e-05	0.000670243702051	0	0	0.000331518390262	0.00948070526934	0.0013801254725	0.00519979388204	0.000836002897182	0.000861227122528	3.60346076372e-06	2.88276861097e-05	0.000263052635751	0.000227018028114	0.000190983420477	4.68449899283e-05	0	0	5.40519114558e-05
0.00435298060257	2.5224225346e-05	0.00263412981828	0	0.00633488402262	0.000670243702051	0.0077762683281	0.0244134466742	0.0081834593944	0.016943472511	0.0130985798761	0.00166119541207	0.00295123436548	3.24311468735e-05	0.00642497054171	0.00241431871169	0.00512412120601	0.0004071910663	0.000169362655895	0.00071708869198	0.00254764675995	0.00913837649679	0.00491512048171	0.00923927339817	0.0360418145587	1.44138430549e-05	0.00144498776625	0.00185217883255	0.0887820662965	0.00268457826897	0.0128859756911	0	0.00012612112673	0.000627002172887	0.00447549826854	0.000414397987828	0.000180173038186	0.000248638792697	0	0.00015494881284	0	0.000338725311789	0.000479260281574	0.00197829995928	0.00322149392276	5.76553722195e-05	9.72934406204e-05	0.000169362655895	4.68449899283e-05	0.00156390197145	1.44138430549e-05	0.00611507291603	2.88276861097e-05	9.00865190929e-05	3.96380684009e-05	6.48622937469e-05	0.00430973907341	0.0127598545643	0.00345932233317	0.00879244426347	7.92761368018e-05	0.00012612112673	0.000363949537135	0.00874559927354	0.00380525456649	0.00678892007884	1.44138430549e-05	7.20692152743e-06	0.00342328772553	0.00628083211116	0.00551689842925	0.000598174486777	0.00665919549135	0.00212964531136	0.000637812555178	8.64830583292e-05	1.08103822912e-05	0.00275304402348	0.000291880321861	0.00124319396348	0.000443225673937	7.92761368018e-05	3.24311468735e-05	2.88276861097e-05
0.00804652788538	9.36899798567e-05	0.000263052635751	0	1.08103822912e-05	3.60346076372e-06	0.00190262728324	0.00570427838896	0.00179452346033	0.00170443694124	0.00274583710195	0.00521781118586	0.000547726036085	7.56726760381e-05	0.0110337968585	8.64830583292e-05	0.000147741891312	0.00210442108601	0.000580157182959	0.0039926345262	1.44138430549e-05	0.000324311468735	0.000544122575321	0.000738709456562	0.00242873255475	0.000136931509021	0.000828795975655	0.000428811830882	0.00268457826897	0.027314232589	0.00373318535121	1.08103822912e-05	0.000317104547207	0.00119274551279	0.00678892007884	2.16207645823e-05	3.96380684009e-05	2.16207645823e-05	0	0	0	4.32415291646e-05	0.000111707283675	0.000151345352076	0.000500881046157	7.20692152743e-05	5.40519114558e-05	0.000572950261431	0.000190983420477	4.32415291646e-05	0	0.000237828410405	7.20692152743e-06	0	0	1.80173038186e-05	0.000580157182959	0.000702674848925	0.000497277585393	0.000158552273604	0.000133328048258	6.12588329832e-05	0.00012612112673	0.000367552997899	0.000353139154844	0.000598174486777	0.000104500362148	0	0.000324311468735	0.000663036780524	0.0013801254725	0.000724295613507	0.00498358623622	0.000363949537135	0.00146300507007	3.60346076372e-06	6.84657545106e-05	0.000241431871169	8.28795975655e-05	0.000140534969785	4.68449899283e-05	3.60346076372e-06	0	2.5224225346e-05
0.00437460136715	6.84657545106e-05	0.0023242321926	0	0	0	0.000129724587494	0.0180209072794	0.000598174486777	0.000753123299617	0.000652226398233	0.00109905553293	3.96380684009e-05	0	0.00208640378219	2.16207645823e-05	0.000100896901384	0.0016287642652	2.5224225346e-05	0.00164678156902	0	0.0189145655488	0.000468449899283	0.0101905870398	0.00111707283675	0	0.000162155734367	0.00119274551279	0.0128859756911	0.00373318535121	0.0519727145951	0	3.60346076372e-06	0.00317464893284	0.0140102554493	4.32415291646e-05	0.000118914205203	0.00056213987914	0	0	0	0	5.76553722195e-05	0.000133328048258	3.60346076372e-05	0	7.20692152743e-06	0	0	0.000136931509021	0	0.000836002897182	7.56726760381e-05	0	3.60346076372e-05	3.60346076372e-06	0.00268818172973	0.00424848024042	0.00267376788668	0.000317104547207	0	0.000212604185059	0.000144138430549	0.00145219468778	0.000158552273604	0.00153147082458	0	0	1.08103822912e-05	0.000645019476705	0.00145940160931	0.000673847162815	0.00589886527021	0.000324311468735	0.000158552273604	0	0	0.000634209094414	1.80173038186e-05	0.000129724587494	0	3.60346076372e-06	3.60346076372e-06	0
0	0	0	0	0	0	0	0	2.16207645823e-05	0	0	0.000306294164916	0	0.000454036056228	2.5224225346e-05	0	0	3.60346076372e-06	8.64830583292e-05	3.60346076372e-06	0	0	0	0	0	3.60346076372e-06	0.000554932957612	1.44138430549e-05	0	1.08103822912e-05	0	0.000886451347874	0	0	3.60346076372e-06	0	3.60346076372e-06	0	0	0	0	0	0	0	3.60346076372e-06	0	0.000162155734367	0	0.000313501086443	0	0	0	0	3.60346076372e-06	0	0	0	3.60346076372e-06	0	0	0.000100896901384	0.000273863018043	4.32415291646e-05	0	0	0	0.000216207645823	0	0	0	0	0.000468449899283	6.12588329832e-05	3.60346076372e-06	0	0	7.20692152743e-06	0	0	0	0	0	0	0
0	0	7.20692152743e-06	0	3.60346076372e-06	0.0010630209253	0.00127562511036	0.00015494881284	0.000731502535035	1.08103822912e-05	0.000432415291646	0.000115310744439	4.68449899283e-05	2.5224225346e-05	0.000875640965583	0.000273863018043	3.96380684009e-05	7.20692152743e-06	0	3.60346076372e-05	0	8.64830583292e-05	0	9.72934406204e-05	3.24311468735e-05	0	1.80173038186e-05	1.80173038186e-05	0.00012612112673	0.000317104547207	3.60346076372e-06	0	0.00360706422448	0	0.000201793802768	0	0	0	0	0	0	0	0	0	3.60346076372e-06	0	0	1.08103822912e-05	0	0	0	0	0	0	0	3.60346076372e-06	0	0	0	0	0	0	0	0	0	3.60346076372e-06	0	0	0	3.60346076372e-06	0.00037836338019	0.000194586881241	0.000144138430549	3.24311468735e-05	0.00104860708224	0.000508087967684	2.5224225346e-05	0	0	3.60346076372e-06	0	0	0	3.60346076372e-06
0.000212604185059	7.20692152743e-06	2.5224225346e-05	0	0	0	7.20692152743e-06	0.000136931509021	7.20692152743e-06	3.60346076372e-06	1.08103822912e-05	0.000425208370119	0	0	8.28795975655e-05	3.60346076372e-06	0	0.000302690704152	3.60346076372e-06	0.000547726036085	0	0.00265575058286	3.60346076372e-05	0.000133328048258	8.64830583292e-05	0	1.08103822912e-05	2.88276861097e-05	0.000627002172887	0.00119274551279	0.00317464893284	0	0	0.00625560788581	0.00414037641751	0	7.20692152743e-06	0	0	0	0	0	0	0	0	0	0	0	0	0	0	3.60346076372e-06	0	0	0	0	2.88276861097e-05	2.88276861097e-05	2.88276861097e-05	0	0	0	7.20692152743e-06	3.60346076372e-06	0	3.60346076372e-06	0	0	0	0	4.32415291646e-05	7.20692152743e-06	0.000482863742338	2.5224225346e-05	3.60346076372e-06	0	0	0	0	0	0	0	0	0
