0.0217757004991	9.31979477812e-06	1.86395895562e-05	0	0.000302893330289	8.85380503921e-05	0.00250236489792	0.00814550063608	0.00933377447029	0.000410070970237	0.00254430397443	4.65989738906e-06	0.000428710559793	0	0.00643997819168	0.000191055792951	0.000172416203395	2.79593843344e-05	4.65989738906e-06	4.65989738906e-06	0.000382111585903	0.000475309533684	0.000232994869453	0.000391431380681	0.00108575609165	0	9.31979477812e-06	2.32994869453e-05	0.00232994869453	0.00737661756688	0.00275865925432	0	2.32994869453e-05	0.00274001966477	0.00293573535511	1.86395895562e-05	4.65989738906e-06	0	0	4.19390765015e-05	0	1.39796921672e-05	3.72791791125e-05	4.65989738906e-06	0.0002982334329	1.86395895562e-05	0	3.26192817234e-05	0	1.39796921672e-05	0	3.72791791125e-05	4.65989738906e-06	0	0	3.72791791125e-05	4.65989738906e-06	5.12588712797e-05	0	0.000228334972064	0	0	0	3.72791791125e-05	4.65989738906e-06	0	0	0	0	2.32994869453e-05	0.000624426250134	9.78578451702e-05	0.000997218041259	0.000377451688514	0.00101585763081	0.000121157332116	0	3.26192817234e-05	4.65989738906e-06	4.65989738906e-06	4.65989738906e-06	9.31979477812e-06	0	0
9.31979477812e-06	0.0143618037531	0.00294971504727	0	0	9.31979477812e-06	0	1.39796921672e-05	4.65989738906e-06	2.79593843344e-05	0	0.000172416203395	0	0.000102517742559	0	0	0.000181735998173	0.000973918554313	4.19390765015e-05	0.000312213125067	0	0.000130477126894	0.00236256797625	0.00142592860105	2.32994869453e-05	0.000685004916192	0.00284719730472	0.00678481059847	3.26192817234e-05	2.32994869453e-05	6.05786660578e-05	0	4.65989738906e-06	1.39796921672e-05	0.000829461735253	0	0.00219947156764	0.000232994869453	0	0	0	0	0	0	4.65989738906e-06	0	5.12588712797e-05	4.65989738906e-06	6.98984608359e-05	0	0	2.79593843344e-05	0.000144456819061	9.31979477812e-06	0.000125817229505	0	3.26192817234e-05	0.000130477126894	0.000135137024283	4.65989738906e-06	0.000302893330289	0.00054520799452	0.00116963424465	1.39796921672e-05	0	2.79593843344e-05	0	0	0	0.000130477126894	0.00044735014935	0.000838781530031	0.000736263787471	0.000302893330289	4.19390765015e-05	2.79593843344e-05	9.31979477812e-06	6.52385634468e-05	0.000256294356398	0.000125817229505	3.26192817234e-05	0	0	9.31979477812e-06
1.86395895562e-05	0.00294971504727	0.0336537789438	0	0	9.31979477812e-06	9.31979477812e-06	6.98984608359e-05	2.32994869453e-05	8.85380503921e-05	0	0.000237654766842	0	4.65989738906e-05	3.26192817234e-05	4.65989738906e-06	0.00074558358225	0.00750243479639	2.79593843344e-05	0.00074092368486	0	0.00109973578382	0.00210627361985	0.0146087783147	9.31979477812e-05	8.38781530031e-05	0.00663103398463	0.0121996113646	0.00014911671645	0.000125817229505	0.000363471996347	4.65989738906e-06	9.31979477812e-06	5.59187686687e-05	0.00402615134415	0	0.00130011137155	0.000186395895562	0	0	0	0	4.65989738906e-06	0	9.31979477812e-06	0	4.19390765015e-05	0	3.72791791125e-05	0	0	4.19390765015e-05	7.4558358225e-05	4.65989738906e-06	6.52385634468e-05	0	3.72791791125e-05	0.000219015177286	0.000177076100784	9.31979477812e-06	7.4558358225e-05	0.000251634459009	0.000782862761362	2.32994869453e-05	0	2.79593843344e-05	0	0	0	0.000107177639948	0.0021295731068	0.00381179606425	0.00293107545772	0.0012768118846	0.000153776613839	0.000111837537337	2.79593843344e-05	0.000167756306006	0.000177076100784	0.000102517742559	3.26192817234e-05	0	0	0
0	0	0	0	0	0	0	0	0	0	0	0	0	0	0	0	0	0	0	0	0	0	0	0	0	0	0	0	0	0	0	0	0	0	0	0	0	0	0	0	0	0	0	0	0	0	0	0	0	0	0	0	0	0	0	0	0	0	0	0	0	0	0	0	0	0	0	0	0	0	0	0	0	0	0	0	0	0	0	0	0	0	0	0
0.000302893330289	0	0	0	0.0202192947711	0	0.000270274048565	0.00156106562533	0.0005964668658	0.000232994869453	0.0027260399726	0	0.00342036468357	0	6.52385634468e-05	3.72791791125e-05	1.39796921672e-05	0	0	0	0.00411002949715	9.31979477812e-06	1.39796921672e-05	4.65989738906e-06	0.00979044441441	0	0	0	0.0057503133781	9.31979477812e-05	4.65989738906e-05	0	0	5.12588712797e-05	8.38781530031e-05	9.31979477812e-06	0	0	0	0.00293107545772	0	0.000209695382508	6.05786660578e-05	4.65989738906e-06	9.31979477812e-05	0.00188725844257	0	0.00450146087783	0	4.65989738906e-06	0	0	0	0	0	0.00304291299506	0	1.39796921672e-05	0	0.000279593843344	0	0	0	4.19390765015e-05	4.65989738906e-06	0	0	0	0	4.65989738906e-06	3.72791791125e-05	9.31979477812e-06	1.86395895562e-05	9.31979477812e-06	5.59187686687e-05	0	0	4.65989738906e-06	0	0	0	0	0	0
8.85380503921e-05	9.31979477812e-06	9.31979477812e-06	0	0	0.00746981551466	0.0026002227431	3.26192817234e-05	0.00272138007521	0	0	1.39796921672e-05	9.31979477812e-06	4.65989738906e-06	0.00173348182873	0.000712964300526	0	9.31979477812e-06	0	4.65989738906e-06	0	1.39796921672e-05	0	4.65989738906e-06	0	4.65989738906e-06	9.31979477812e-06	4.65989738906e-06	2.32994869453e-05	0.00171950213656	3.72791791125e-05	0	0.00201307567207	3.72791791125e-05	0.00107177639948	0	4.65989738906e-06	0	0	0	0	0	0	0	0	0	4.65989738906e-06	0	4.65989738906e-06	0	0	0	0	0	0	0	0	0	0	0	0	0	4.65989738906e-06	0	0	0	0	0	0	0	6.05786660578e-05	1.39796921672e-05	0.000377451688514	0.000181735998173	0.000652385634468	0.00114633475771	9.31979477812e-06	0	0	0	0	0	0	0
0.00250236489792	0	9.31979477812e-06	0	0.000270274048565	0.0026002227431	0.0327404390555	0.00182667977651	0.0194783710863	0.00019571569034	0.00648191726818	3.26192817234e-05	0.00293573535511	0	0.00462261820995	0.00146786767755	4.65989738906e-06	9.31979477812e-06	0	0	0.00148650726711	6.98984608359e-05	9.31979477812e-06	6.98984608359e-05	0.000708304403137	0	4.65989738906e-06	1.86395895562e-05	0.000852761222198	0.00330386724884	0.000223675074675	0	0.000987898246481	0.0002982334329	0.00184531936607	0	0	0	0	4.65989738906e-06	0	0	0	0	4.19390765015e-05	0	0	9.31979477812e-06	0	0	0	0	0	0	0	4.65989738906e-06	0	9.31979477812e-06	4.65989738906e-06	1.86395895562e-05	0	0	0	0	0	0	0	0	0	0	0.000251634459009	3.72791791125e-05	0.000782862761362	0.000214355279897	0.00158902500967	0.000410070970237	0	0	0	0	0	4.65989738906e-06	0	0
0.00814550063608	1.39796921672e-05	6.98984608359e-05	0	0.00156106562533	3.26192817234e-05	0.00182667977651	0.0402428738519	0.00542412056087	0.00134205044805	0.00657977511335	0	0.000517248610186	0	0.00266546130654	0.000111837537337	0.000503268918018	8.38781530031e-05	4.65989738906e-06	0	0.000633746044912	0.00115565455249	0.000582487173632	0.00131409106371	0.00464591769689	0	1.86395895562e-05	6.98984608359e-05	0.0159135495836	0.00537752158697	0.00688732834103	0	1.39796921672e-05	0.00248838520576	0.00284253740733	3.72791791125e-05	1.39796921672e-05	4.65989738906e-06	0	0.000121157332116	0	2.32994869453e-05	0.000139796921672	9.31979477812e-06	0.00116497434726	6.98984608359e-05	0	0.000125817229505	0	1.86395895562e-05	4.65989738906e-06	7.9218255614e-05	0	0	0	0.000135137024283	1.39796921672e-05	0.000121157332116	9.31979477812e-06	0.000955278964757	0	0	4.65989738906e-06	0.000209695382508	9.31979477812e-06	1.86395895562e-05	0	0	0	2.32994869453e-05	0.000829461735253	0.000153776613839	0.000764223171806	0.000405411072848	0.000712964300526	8.85380503921e-05	0	7.4558358225e-05	1.86395895562e-05	9.31979477812e-06	1.39796921672e-05	2.32994869453e-05	0	0
0.00933377447029	4.65989738906e-06	2.32994869453e-05	0	0.0005964668658	0.00272138007521	0.0194783710863	0.00542412056087	0.0492038565311	0.000293573535511	0.00856955129848	3.26192817234e-05	0.00163562398356	0	0.0169760061883	0.000689664813581	4.65989738906e-05	1.86395895562e-05	4.65989738906e-06	0	0.00116963424465	0.000158436511228	7.4558358225e-05	0.000130477126894	0.00139330931933	0	4.65989738906e-06	1.86395895562e-05	0.00226937002847	0.00853227211937	0.000824801837864	0	0.00143524839583	0.00100653783604	0.00427778580316	4.65989738906e-06	4.65989738906e-06	4.65989738906e-06	0	3.26192817234e-05	0	1.39796921672e-05	2.32994869453e-05	0	0.000186395895562	1.39796921672e-05	0	2.32994869453e-05	4.65989738906e-06	4.65989738906e-06	0	0	0	0	0	2.32994869453e-05	0	2.79593843344e-05	9.31979477812e-06	0.000158436511228	0	0	0	1.86395895562e-05	4.65989738906e-06	4.65989738906e-06	0	0	0	1.39796921672e-05	0.000568507481465	9.31979477812e-05	0.00162164429139	0.00054520799452	0.00205035485119	0.000913339888256	1.39796921672e-05	2.32994869453e-05	4.65989738906e-06	0	0	4.65989738906e-06	0	0
0.000410070970237	2.79593843344e-05	8.85380503921e-05	0	0.000232994869453	0	0.00019571569034	0.00134205044805	0.000293573535511	0.015689874509	0.000121157332116	0	0.00220879136241	4.65989738906e-06	0.000116497434726	0.000307553227678	0.00101585763081	3.72791791125e-05	0	0	0.00020037558773	0.00074558358225	0.00318270991673	0.000964598759535	0.00571769409638	0	0	0.00014911671645	0.00215287259375	0.000787522658751	0.00116497434726	0	0	0.000540548097131	0.00104847691254	4.19390765015e-05	1.39796921672e-05	2.32994869453e-05	0	0.00024697456162	0	4.65989738906e-05	0.000293573535511	1.39796921672e-05	0.00253964407704	9.78578451702e-05	0	0.000214355279897	0	2.79593843344e-05	9.31979477812e-06	0.000405411072848	9.31979477812e-06	0	0	0.00014911671645	0.000107177639948	0.000931979477812	0.00019571569034	0.00163562398356	4.65989738906e-06	4.65989738906e-06	4.19390765015e-05	0.00064306583969	1.86395895562e-05	0.000125817229505	0	0	4.65989738906e-06	0.000125817229505	0.000484629328462	0.000125817229505	0.000274933945955	0.000153776613839	0.000647725737079	0	4.65989738906e-06	0.000139796921672	4.65989738906e-05	7.4558358225e-05	4.65989738906e-05	5.12588712797e-05	0	0
0.00254430397443	0	0	0	0.0027260399726	0	0.00648191726818	0.00657977511335	0.00856955129848	0.000121157332116	0.0309463785607	0	0.00244644612926	0	0.00112769516815	9.31979477812e-05	1.39796921672e-05	0	0	0	0.00394227319114	4.65989738906e-05	1.86395895562e-05	1.86395895562e-05	0.00189191833996	0	0	0	0.0068127699828	0.000754903377028	0.000209695382508	0	0	0.000274933945955	0.000428710559793	0	0	4.65989738906e-06	0	0.00105779670732	0	4.19390765015e-05	3.72791791125e-05	0	8.38781530031e-05	0.000917999785645	0	0.00124419260288	0	0	0	0	0	0	0	0.000698984608359	0	4.65989738906e-06	4.65989738906e-06	0.000111837537337	0	0	0	2.32994869453e-05	0	4.65989738906e-06	0	0	0	0	0.000102517742559	1.86395895562e-05	0.000130477126894	3.72791791125e-05	0.000284253740733	9.31979477812e-06	0	0	0	0	0	0	0	0
4.65989738906e-06	0.000172416203395	0.000237654766842	0	0	1.39796921672e-05	3.26192817234e-05	0	3.26192817234e-05	0	0	0.0266685927576	0	0.00805696258568	6.52385634468e-05	4.65989738906e-06	0	0.000433370457183	0.00257226335876	0.00286117699688	0	3.26192817234e-05	9.31979477812e-06	0.000191055792951	4.65989738906e-06	0.00265614151176	0.0101865356925	0.00182667977651	9.31979477812e-06	0.000172416203395	2.32994869453e-05	0.000452010046739	9.31979477812e-06	2.32994869453e-05	0.00311747135328	0	0.000177076100784	9.31979477812e-06	0	0	0	0	0	0	0	0	0.000274933945955	0	0.000321532919845	0	0	0	0	1.86395895562e-05	6.05786660578e-05	0	0	0	4.65989738906e-06	0	0.000563847584076	0.00024697456162	0.000237654766842	0	0	0	1.39796921672e-05	0	0	5.12588712797e-05	0.000274933945955	0.00267012120393	0.00334580632534	0.000321532919845	3.72791791125e-05	4.65989738906e-05	0.000414730867626	2.79593843344e-05	0.000386771483292	8.85380503921e-05	1.39796921672e-05	0	0	8.85380503921e-05
0.000428710559793	0	0	0	0.00342036468357	9.31979477812e-06	0.00293573535511	0.000517248610186	0.00163562398356	0.00220879136241	0.00244644612926	0	0.0284812928419	0	0.000177076100784	0.00157038542011	4.65989738906e-06	0	0	0	0.00931979477812	9.31979477812e-06	4.65989738906e-06	4.65989738906e-06	0.00450146087783	0	0	0	0.000629086147523	0.000107177639948	3.26192817234e-05	0	0	1.86395895562e-05	5.59187686687e-05	1.39796921672e-05	0	0	0	0.000349492304179	0	0.000573167378854	7.9218255614e-05	2.32994869453e-05	5.59187686687e-05	0.00166358336789	0	0.00618834373267	0	1.86395895562e-05	4.65989738906e-06	0	0	0	0	0.0012348728081	0	0	0	0.000177076100784	0	0	0	4.65989738906e-06	0	0	0	0	0	0	3.72791791125e-05	4.65989738906e-06	1.39796921672e-05	4.65989738906e-06	0.000736263787471	0	0	4.65989738906e-06	0	0	0	1.86395895562e-05	0	0
0	0.000102517742559	4.65989738906e-05	0	0	4.65989738906e-06	0	0	0	4.65989738906e-06	0	0.00805696258568	0	0.018229518586	0	0	0	4.65989738906e-05	0.000284253740733	0.000368131893736	0	9.31979477812e-06	1.39796921672e-05	3.26192817234e-05	0	0.00444554210916	0.00585283112066	0.0024278065397	9.31979477812e-06	1.86395895562e-05	9.31979477812e-06	0.000489289225851	0	9.31979477812e-06	0.000368131893736	4.65989738906e-06	0.000107177639948	9.31979477812e-06	0	0	0	0	0	0	0	0	0.000312213125067	0	0.000489289225851	0	0	0	9.31979477812e-06	2.79593843344e-05	6.52385634468e-05	0	0	0	4.65989738906e-06	0	0.000452010046739	0.000111837537337	0.000125817229505	0	4.65989738906e-06	0	4.65989738906e-06	0	0	9.31979477812e-06	0.000172416203395	0.00115565455249	0.00079218255614	0.000191055792951	9.31979477812e-06	1.39796921672e-05	0.000657045531857	3.26192817234e-05	0.000349492304179	7.9218255614e-05	1.86395895562e-05	0	0	0.000125817229505
0.00643997819168	0	3.26192817234e-05	0	6.52385634468e-05	0.00173348182873	0.00462261820995	0.00266546130654	0.0169760061883	0.000116497434726	0.00112769516815	6.52385634468e-05	0.000177076100784	0	0.0316267235795	0.000163096408617	3.72791791125e-05	3.72791791125e-05	4.65989738906e-06	4.65989738906e-06	8.38781530031e-05	0.00020037558773	4.65989738906e-05	0.000158436511228	0.000274933945955	4.65989738906e-06	1.86395895562e-05	1.39796921672e-05	0.000666365326636	0.0110765760938	0.000489289225851	0	0.001616984394	0.000908679990867	0.00343434437574	0	0	0	0	1.86395895562e-05	0	4.65989738906e-06	9.31979477812e-06	0	6.98984608359e-05	0	0	9.31979477812e-06	4.65989738906e-06	4.65989738906e-06	0	4.65989738906e-06	0	0	0	2.32994869453e-05	0	9.31979477812e-06	0	6.52385634468e-05	0	0	0	4.65989738906e-06	0	0	0	0	0	9.31979477812e-06	0.000377451688514	8.38781530031e-05	0.00127215198721	0.000461329841517	0.000950619067368	0.000801502350918	2.32994869453e-05	2.79593843344e-05	4.65989738906e-06	0	0	0	0	0
0.000191055792951	0	4.65989738906e-06	0	3.72791791125e-05	0.000712964300526	0.00146786767755	0.000111837537337	0.000689664813581	0.000307553227678	9.31979477812e-05	4.65989738906e-06	0.00157038542011	0	0.000163096408617	0.00584817122327	9.31979477812e-06	0	0	0	4.19390765015e-05	4.65989738906e-06	4.65989738906e-06	4.65989738906e-06	0.000125817229505	0	0	4.65989738906e-06	4.65989738906e-05	0.000144456819061	2.32994869453e-05	0	1.39796921672e-05	3.72791791125e-05	0.000130477126894	0	0	0	0	0	0	0	4.65989738906e-06	0	2.32994869453e-05	4.65989738906e-06	4.65989738906e-06	1.39796921672e-05	0	0	0	0	0	0	0	4.65989738906e-06	0	0	0	2.32994869453e-05	0	0	0	4.65989738906e-06	0	0	0	0	0	0	0.000186395895562	1.86395895562e-05	5.12588712797e-05	3.72791791125e-05	0.00295437494466	1.86395895562e-05	0	4.65989738906e-06	4.65989738906e-06	4.65989738906e-06	4.65989738906e-06	0	0	0
0.000172416203395	0.000181735998173	0.00074558358225	0	1.39796921672e-05	0	4.65989738906e-06	0.000503268918018	4.65989738906e-05	0.00101585763081	1.39796921672e-05	0	4.65989738906e-06	0	3.72791791125e-05	9.31979477812e-06	0.0170039655727	0.000242314664231	4.65989738906e-06	4.65989738906e-06	4.65989738906e-06	0.003066212482	0.00551265861126	0.00918465775384	0.00299631402117	0	4.19390765015e-05	0.0033644459149	0.00239052736059	0.000484629328462	0.000964598759535	0	0	0.000279593843344	0.00134671034544	1.39796921672e-05	5.12588712797e-05	1.86395895562e-05	0	1.86395895562e-05	0	4.65989738906e-06	4.65989738906e-05	0	0.000219015177286	4.65989738906e-06	0	9.31979477812e-06	0	0	0	0.000116497434726	9.31979477812e-06	0	0	4.65989738906e-06	2.32994869453e-05	0.000358812098958	7.9218255614e-05	0.000130477126894	0	4.65989738906e-06	4.65989738906e-05	8.85380503921e-05	0	3.26192817234e-05	0	0	0	3.72791791125e-05	0.000806162248307	0.000610446557967	0.000759563274417	0.000484629328462	9.78578451702e-05	6.98984608359e-05	4.65989738906e-06	5.12588712797e-05	1.86395895562e-05	3.26192817234e-05	1.86395895562e-05	2.32994869453e-05	0	4.65989738906e-06
2.79593843344e-05	0.000973918554313	0.00750243479639	0	0	9.31979477812e-06	9.31979477812e-06	8.38781530031e-05	1.86395895562e-05	3.72791791125e-05	0	0.000433370457183	0	4.65989738906e-05	3.72791791125e-05	0	0.000242314664231	0.0289333028887	4.65989738906e-05	0.00280525822821	0	0.0024278065397	0.000591806968411	0.0147625549285	6.52385634468e-05	0.000121157332116	0.00711566331309	0.00269342069088	0.000153776613839	0.000172416203395	0.00074558358225	0	4.65989738906e-06	7.9218255614e-05	0.00599728793972	0	0.000452010046739	7.9218255614e-05	0	0	0	0	9.31979477812e-06	0	3.72791791125e-05	0	9.31979477812e-06	4.65989738906e-06	1.39796921672e-05	0	0	2.32994869453e-05	3.72791791125e-05	4.65989738906e-06	3.26192817234e-05	0	9.31979477812e-06	7.9218255614e-05	6.52385634468e-05	2.32994869453e-05	6.52385634468e-05	0.000102517742559	0.000265614151176	4.65989738906e-06	0	4.65989738906e-06	0	0	0	2.79593843344e-05	0.0019152178269	0.00239518725798	0.00326658806973	0.00128147178199	0.000191055792951	7.9218255614e-05	3.26192817234e-05	8.85380503921e-05	7.9218255614e-05	3.72791791125e-05	9.31979477812e-06	0	0	9.31979477812e-06
4.65989738906e-06	4.19390765015e-05	2.79593843344e-05	0	0	0	0	4.65989738906e-06	4.65989738906e-06	0	0	0.00257226335876	0	0.000284253740733	4.65989738906e-06	0	4.65989738906e-06	4.65989738906e-05	0.00506064856452	0.00136534993499	0	0	0	9.31979477812e-06	0	0.000251634459009	0.00318270991673	0.000270274048565	0	0	0	9.31979477812e-06	0	4.65989738906e-06	0.000135137024283	0	2.32994869453e-05	0	0	0	0	0	0	0	0	0	3.72791791125e-05	0	2.32994869453e-05	0	0	0	9.31979477812e-06	0	0	0	0	0	4.65989738906e-06	0	5.12588712797e-05	9.31979477812e-06	4.65989738906e-06	0	0	0	0	0	0	4.65989738906e-06	9.31979477812e-06	0.000153776613839	0.000135137024283	9.31979477812e-06	0	4.65989738906e-06	0	0	5.12588712797e-05	1.86395895562e-05	0	0	0	9.31979477812e-06
4.65989738906e-06	0.000312213125067	0.00074092368486	0	0	4.65989738906e-06	0	0	0	0	0	0.00286117699688	0	0.000368131893736	4.65989738906e-06	0	4.65989738906e-06	0.00280525822821	0.00136534993499	0.0164028388095	0	1.86395895562e-05	4.65989738906e-06	0.000321532919845	0	0.000503268918018	0.0104847691254	0.00125817229505	0	2.32994869453e-05	9.31979477812e-06	1.39796921672e-05	0	4.65989738906e-06	0.00177542090523	0	0.000186395895562	9.31979477812e-06	0	0	0	0	0	0	0	0	9.31979477812e-05	0	0.000107177639948	0	0	4.65989738906e-06	1.39796921672e-05	1.86395895562e-05	4.19390765015e-05	0	0	4.65989738906e-06	1.39796921672e-05	0	0.000214355279897	0.000111837537337	0.000158436511228	0	0	9.31979477812e-06	0	0	0	2.32994869453e-05	0.000260954253787	0.00094129927259	0.00112769516815	0.000214355279897	4.65989738906e-06	0	2.32994869453e-05	1.39796921672e-05	9.31979477812e-05	1.86395895562e-05	9.31979477812e-06	0	0	1.39796921672e-05
0.000382111585903	0	0	0	0.00411002949715	0	0.00148650726711	0.000633746044912	0.00116963424465	0.00020037558773	0.00394227319114	0	0.00931979477812	0	8.38781530031e-05	4.19390765015e-05	4.65989738906e-06	0	0	0	0.0173208385951	1.39796921672e-05	4.65989738906e-06	4.65989738906e-06	0.00319202971151	0	0	0	0.00125817229505	9.78578451702e-05	3.26192817234e-05	0	0	2.32994869453e-05	3.26192817234e-05	0	0	0	0	0.000358812098958	0	8.85380503921e-05	1.86395895562e-05	9.31979477812e-06	1.86395895562e-05	0.000461329841517	0	0.00142592860105	0	4.65989738906e-06	0	0	0	0	0	0.000498609020629	0	0	0	3.72791791125e-05	0	0	0	9.31979477812e-06	0	0	0	0	0	0	1.39796921672e-05	0	0	0	5.59187686687e-05	0	0	0	0	0	0	0	0	0
0.000475309533684	0.000130477126894	0.00109973578382	0	9.31979477812e-06	1.39796921672e-05	6.98984608359e-05	0.00115565455249	0.000158436511228	0.00074558358225	4.65989738906e-05	3.26192817234e-05	9.31979477812e-06	9.31979477812e-06	0.00020037558773	4.65989738906e-06	0.003066212482	0.0024278065397	0	1.86395895562e-05	1.39796921672e-05	0.0352754232352	0.00166358336789	0.0214401878871	0.0011509946551	0	0.000191055792951	0.000955278964757	0.00557323727732	0.00270274048565	0.00834587622381	0	4.65989738906e-06	0.00178008080262	0.00425448631621	4.65989738906e-06	5.12588712797e-05	9.31979477812e-06	0	1.39796921672e-05	0	0	4.19390765015e-05	0	0.000209695382508	4.65989738906e-06	0	9.31979477812e-06	0	0	0	5.12588712797e-05	4.65989738906e-06	0	0	4.65989738906e-06	2.32994869453e-05	0.000191055792951	5.59187686687e-05	0.000158436511228	0	4.65989738906e-06	2.32994869453e-05	0.000107177639948	0	1.86395895562e-05	0	0	0	4.65989738906e-06	0.00185929905823	0.00107643629687	0.00183599957129	0.00109041598904	0.000228334972064	0.000125817229505	2.32994869453e-05	5.59187686687e-05	1.39796921672e-05	9.31979477812e-06	9.31979477812e-06	0	0	0
0.000232994869453	0.00236256797625	0.00210627361985	0	1.39796921672e-05	0	9.31979477812e-06	0.000582487173632	7.4558358225e-05	0.00318270991673	1.86395895562e-05	9.31979477812e-06	4.65989738906e-06	1.39796921672e-05	4.65989738906e-05	4.65989738906e-06	0.00551265861126	0.000591806968411	0	4.65989738906e-06	4.65989738906e-06	0.00166358336789	0.0201866754894	0.00556857737993	0.00174280162351	0	0.000144456819061	0.00531228302353	0.00146786767755	0.0005964668658	0.00122089311593	0	4.65989738906e-06	0.000424050662404	0.00201307567207	1.39796921672e-05	0.000894700298699	0.000288913638122	0	1.86395895562e-05	0	0	0.000102517742559	4.65989738906e-06	0.00049394912324	0	4.65989738906e-06	1.39796921672e-05	0	9.31979477812e-06	0	0.000386771483292	3.72791791125e-05	0	4.65989738906e-06	4.65989738906e-06	0.000153776613839	0.00211093351724	0.000675685121414	0.000256294356398	1.86395895562e-05	6.05786660578e-05	0.000526568404964	0.000307553227678	0	0.000181735998173	0	0	0	0.000260954253787	0.00137932962716	0.00125351239766	0.00116497434726	0.00079218255614	0.000205035485119	8.38781530031e-05	9.31979477812e-06	0.000284253740733	0.000191055792951	0.000219015177286	8.38781530031e-05	3.72791791125e-05	0	9.31979477812e-06
0.000391431380681	0.00142592860105	0.0146087783147	0	4.65989738906e-06	4.65989738906e-06	6.98984608359e-05	0.00131409106371	0.000130477126894	0.000964598759535	1.86395895562e-05	0.000191055792951	4.65989738906e-06	3.26192817234e-05	0.000158436511228	4.65989738906e-06	0.00918465775384	0.0147625549285	9.31979477812e-06	0.000321532919845	4.65989738906e-06	0.0214401878871	0.00556857737993	0.0685657301826	0.00148184736972	2.32994869453e-05	0.00188259854518	0.00897962226872	0.0032386286854	0.00209229392769	0.00621164321962	0	0	0.00104381701515	0.00883516544966	0	0.000549867891909	0.000130477126894	0	1.39796921672e-05	0	0	6.05786660578e-05	0	0.000288913638122	0	1.86395895562e-05	1.86395895562e-05	0	0	0	0.000158436511228	4.19390765015e-05	0	2.32994869453e-05	9.31979477812e-06	4.65989738906e-05	0.000685004916192	0.000260954253787	0.000214355279897	9.31979477812e-06	6.98984608359e-05	0.000330852714623	0.000111837537337	0	5.59187686687e-05	0	0	0	8.85380503921e-05	0.00526102415225	0.00478105472118	0.00616970414311	0.00342036468357	0.000549867891909	0.000279593843344	6.52385634468e-05	0.000256294356398	0.000111837537337	9.78578451702e-05	4.19390765015e-05	1.39796921672e-05	0	9.31979477812e-06
0.00108575609165	2.32994869453e-05	9.31979477812e-05	0	0.00979044441441	0	0.000708304403137	0.00464591769689	0.00139330931933	0.00571769409638	0.00189191833996	4.65989738906e-06	0.00450146087783	0	0.000274933945955	0.000125817229505	0.00299631402117	6.52385634468e-05	0	0	0.00319202971151	0.0011509946551	0.00174280162351	0.00148184736972	0.0350191288788	0	4.65989738906e-06	0.000153776613839	0.0133692456092	0.00114633475771	0.00137000983238	0	0	0.000680345018803	0.00113235506554	2.79593843344e-05	0	0	0	6.05786660578e-05	0	4.19390765015e-05	0.000130477126894	9.31979477812e-06	0.000964598759535	5.12588712797e-05	0	0.000111837537337	0	2.32994869453e-05	0	8.38781530031e-05	0	0	0	4.19390765015e-05	2.79593843344e-05	0.000153776613839	3.72791791125e-05	0.000698984608359	0	4.65989738906e-06	4.65989738906e-06	0.000177076100784	1.39796921672e-05	4.65989738906e-05	0	0	0	7.4558358225e-05	0.000377451688514	0.000121157332116	0.000321532919845	0.000209695382508	0.000391431380681	1.39796921672e-05	4.65989738906e-06	6.05786660578e-05	9.31979477812e-06	2.79593843344e-05	4.65989738906e-06	2.32994869453e-05	4.65989738906e-06	0
0	0.000685004916192	8.38781530031e-05	0	0	4.65989738906e-06	0	0	0	0	0	0.00265614151176	0	0.00444554210916	4.65989738906e-06	0	0	0.000121157332116	0.000251634459009	0.000503268918018	0	0	0	2.32994869453e-05	0	0.0121902915698	0.00376519709036	0.0041333289841	0	9.31979477812e-06	0	3.26192817234e-05	0	0	0.000256294356398	0	0.00034483240679	1.86395895562e-05	0	0	0	0	0	0	0	0	0.000629086147523	0	0.00074092368486	0	0	0	1.39796921672e-05	4.65989738906e-05	0.000158436511228	0	0	0	4.65989738906e-06	0	0.00123021291071	0.000405411072848	0.000405411072848	0	0	0	2.79593843344e-05	0	0	5.12588712797e-05	2.32994869453e-05	0.000619766352745	0.000302893330289	2.32994869453e-05	0	9.31979477812e-06	0.00020037558773	1.86395895562e-05	0.000698984608359	0.000102517742559	4.65989738906e-06	0	0	0.000251634459009
9.31979477812e-06	0.00284719730472	0.00663103398463	0	0	9.31979477812e-06	4.65989738906e-06	1.86395895562e-05	4.65989738906e-06	0	0	0.0101865356925	0	0.00585283112066	1.86395895562e-05	0	4.19390765015e-05	0.00711566331309	0.00318270991673	0.0104847691254	0	0.000191055792951	0.000144456819061	0.00188259854518	4.65989738906e-06	0.00376519709036	0.063551680592	0.0187700666831	1.86395895562e-05	5.59187686687e-05	9.31979477812e-05	0.000717624197915	9.31979477812e-06	1.39796921672e-05	0.00411934929193	0	0.001616984394	8.38781530031e-05	0	0	0	0	4.65989738906e-06	0	0	0	0.000535888199742	0	0.000498609020629	0	0	9.31979477812e-06	0.000116497434726	6.98984608359e-05	0.000293573535511	0	1.39796921672e-05	1.86395895562e-05	6.05786660578e-05	0	0.00119759362899	0.000750243479639	0.00106711650209	0	0	1.86395895562e-05	1.86395895562e-05	0	0	0.000163096408617	0.000894700298699	0.00341104488879	0.00312679114806	0.000759563274417	3.26192817234e-05	4.65989738906e-05	8.38781530031e-05	9.31979477812e-05	0.000540548097131	0.00019571569034	3.72791791125e-05	0	4.65989738906e-06	6.05786660578e-05
2.32994869453e-05	0.00678481059847	0.0121996113646	0	0	4.65989738906e-06	1.86395895562e-05	6.98984608359e-05	1.86395895562e-05	0.00014911671645	0	0.00182667977651	0	0.0024278065397	1.39796921672e-05	4.65989738906e-06	0.0033644459149	0.00269342069088	0.000270274048565	0.00125817229505	0	0.000955278964757	0.00531228302353	0.00897962226872	0.000153776613839	0.0041333289841	0.0187700666831	0.0569905450682	0.00024697456162	0.000139796921672	0.00039609127807	9.78578451702e-05	9.31979477812e-06	8.38781530031e-05	0.00259090294832	9.31979477812e-06	0.00153776613839	0.000177076100784	0	0	0	0	1.39796921672e-05	0	3.72791791125e-05	0	0.000153776613839	0	0.000153776613839	0	0	8.85380503921e-05	9.78578451702e-05	3.26192817234e-05	0.000153776613839	0	4.19390765015e-05	0.000498609020629	0.000205035485119	2.32994869453e-05	0.000391431380681	0.000442690251961	0.000852761222198	3.72791791125e-05	0	2.79593843344e-05	0	0	0	0.000172416203395	0.00156106562533	0.003066212482	0.00223209084936	0.000964598759535	0.000116497434726	0.000111837537337	2.32994869453e-05	0.00014911671645	0.000293573535511	0.000135137024283	3.72791791125e-05	0	0	1.39796921672e-05
0.00232994869453	3.26192817234e-05	0.00014911671645	0	0.0057503133781	2.32994869453e-05	0.000852761222198	0.0159135495836	0.00226937002847	0.00215287259375	0.0068127699828	9.31979477812e-06	0.000629086147523	9.31979477812e-06	0.000666365326636	4.65989738906e-05	0.00239052736059	0.000153776613839	0	0	0.00125817229505	0.00557323727732	0.00146786767755	0.0032386286854	0.0133692456092	0	1.86395895562e-05	0.00024697456162	0.0473958163441	0.00232994869453	0.00373723770603	0	4.65989738906e-06	0.0012768118846	0.00224141064414	1.39796921672e-05	4.65989738906e-06	4.65989738906e-06	0	0.000969258656924	0	2.32994869453e-05	0.000214355279897	1.86395895562e-05	0.00105313680993	0.000363471996347	0	0.000675685121414	0	4.65989738906e-05	9.31979477812e-06	0.00014911671645	0	0	0	0.000531228302353	4.65989738906e-05	0.000219015177286	5.12588712797e-05	0.000852761222198	0	4.65989738906e-06	1.39796921672e-05	0.000270274048565	1.39796921672e-05	6.05786660578e-05	0	0	0	2.79593843344e-05	0.000857421119587	0.0002982334329	0.000647725737079	0.000382111585903	0.000382111585903	2.79593843344e-05	1.39796921672e-05	6.98984608359e-05	2.32994869453e-05	1.86395895562e-05	1.39796921672e-05	2.32994869453e-05	4.65989738906e-06	0
0.00737661756688	2.32994869453e-05	0.000125817229505	0	9.31979477812e-05	0.00171950213656	0.00330386724884	0.00537752158697	0.00853227211937	0.000787522658751	0.000754903377028	0.000172416203395	0.000107177639948	1.86395895562e-05	0.0110765760938	0.000144456819061	0.000484629328462	0.000172416203395	0	2.32994869453e-05	9.78578451702e-05	0.00270274048565	0.0005964668658	0.00209229392769	0.00114633475771	9.31979477812e-06	5.59187686687e-05	0.000139796921672	0.00232994869453	0.0415849243	0.00911941919039	0	0.00150980675406	0.0112117131181	0.0127494792565	1.39796921672e-05	1.39796921672e-05	4.65989738906e-06	0	6.05786660578e-05	0	9.31979477812e-06	5.59187686687e-05	4.65989738906e-06	0.000507928815407	2.32994869453e-05	4.65989738906e-06	4.19390765015e-05	4.65989738906e-06	9.31979477812e-06	0	6.05786660578e-05	4.65989738906e-06	0	0	3.72791791125e-05	4.65989738906e-06	0.000111837537337	1.86395895562e-05	0.00039609127807	9.31979477812e-06	4.65989738906e-06	4.65989738906e-06	0.000102517742559	0	4.65989738906e-06	0	0	0	3.26192817234e-05	0.00212025331202	0.000382111585903	0.00416594826582	0.00158902500967	0.00193851731385	0.00129079157677	5.59187686687e-05	8.38781530031e-05	1.86395895562e-05	2.32994869453e-05	2.32994869453e-05	9.31979477812e-06	0	0
0.00275865925432	6.05786660578e-05	0.000363471996347	0	4.65989738906e-05	3.72791791125e-05	0.000223675074675	0.00688732834103	0.000824801837864	0.00116497434726	0.000209695382508	2.32994869453e-05	3.26192817234e-05	9.31979477812e-06	0.000489289225851	2.32994869453e-05	0.000964598759535	0.00074558358225	0	9.31979477812e-06	3.26192817234e-05	0.00834587622381	0.00122089311593	0.00621164321962	0.00137000983238	0	9.31979477812e-05	0.00039609127807	0.00373723770603	0.00911941919039	0.0305735867696	0	9.31979477812e-06	0.00477639482379	0.00693392731492	2.32994869453e-05	4.65989738906e-06	4.65989738906e-06	0	4.19390765015e-05	0	9.31979477812e-06	9.78578451702e-05	4.65989738906e-06	0.000605786660578	4.65989738906e-05	0	6.05786660578e-05	0	1.39796921672e-05	0	9.78578451702e-05	0	0	0	4.65989738906e-05	9.31979477812e-06	0.000219015177286	3.26192817234e-05	0.000419390765015	0	0	0	0.000135137024283	0	3.72791791125e-05	0	0	0	3.72791791125e-05	0.00181735998173	0.000526568404964	0.00168688285484	0.000922659683034	0.000489289225851	0.000125817229505	2.32994869453e-05	5.12588712797e-05	3.26192817234e-05	3.26192817234e-05	1.39796921672e-05	4.65989738906e-06	0	0
0	0	4.65989738906e-06	0	0	0	0	0	0	0	0	0.000452010046739	0	0.000489289225851	0	0	0	0	9.31979477812e-06	1.39796921672e-05	0	0	0	0	0	3.26192817234e-05	0.000717624197915	9.78578451702e-05	0	0	0	0.000857421119587	0	0	9.31979477812e-06	0	0	0	0	0	0	0	0	0	0	0	1.86395895562e-05	0	1.39796921672e-05	0	0	0	0	0	0	0	0	0	0	0	1.86395895562e-05	0	4.65989738906e-06	0	0	0	4.65989738906e-06	0	0	0	0	3.26192817234e-05	4.65989738906e-06	0	0	0	0	0	4.65989738906e-06	4.65989738906e-06	0	0	0	0
2.32994869453e-05	4.65989738906e-06	9.31979477812e-06	0	0	0.00201307567207	0.000987898246481	1.39796921672e-05	0.00143524839583	0	0	9.31979477812e-06	0	0	0.001616984394	1.39796921672e-05	0	4.65989738906e-06	0	0	0	4.65989738906e-06	4.65989738906e-06	0	0	0	9.31979477812e-06	9.31979477812e-06	4.65989738906e-06	0.00150980675406	9.31979477812e-06	0	0.00406343052326	9.31979477812e-06	0.000736263787471	0	4.65989738906e-06	0	0	0	0	0	0	0	0	0	0	0	0	0	0	0	0	0	0	0	0	0	0	0	0	0	4.65989738906e-06	0	0	0	0	0	0	0	1.39796921672e-05	4.65989738906e-06	0.000163096408617	7.4558358225e-05	7.4558358225e-05	0.00044735014935	4.65989738906e-06	4.65989738906e-06	0	0	0	0	0	0
0.00274001966477	1.39796921672e-05	5.59187686687e-05	0	5.12588712797e-05	3.72791791125e-05	0.0002982334329	0.00248838520576	0.00100653783604	0.000540548097131	0.000274933945955	2.32994869453e-05	1.86395895562e-05	9.31979477812e-06	0.000908679990867	3.72791791125e-05	0.000279593843344	7.9218255614e-05	4.65989738906e-06	4.65989738906e-06	2.32994869453e-05	0.00178008080262	0.000424050662404	0.00104381701515	0.000680345018803	0	1.39796921672e-05	8.38781530031e-05	0.0012768118846	0.0112117131181	0.00477639482379	0	9.31979477812e-06	0.0137233978108	0.00700382577576	9.31979477812e-06	4.65989738906e-06	0	0	4.19390765015e-05	0	9.31979477812e-06	3.72791791125e-05	0	0.000293573535511	2.32994869453e-05	4.65989738906e-06	4.65989738906e-05	0	4.65989738906e-06	0	3.72791791125e-05	4.65989738906e-06	0	0	1.86395895562e-05	9.31979477812e-06	5.59187686687e-05	2.32994869453e-05	0.000232994869453	0	4.65989738906e-06	0	8.38781530031e-05	0	9.31979477812e-06	0	0	0	1.39796921672e-05	0.00163096408617	0.000270274048565	0.0018732787504	0.000862081016976	0.000736263787471	0.000121157332116	1.86395895562e-05	6.98984608359e-05	1.39796921672e-05	9.31979477812e-06	1.39796921672e-05	4.65989738906e-06	0	0
0.00293573535511	0.000829461735253	0.00402615134415	0	8.38781530031e-05	0.00107177639948	0.00184531936607	0.00284253740733	0.00427778580316	0.00104847691254	0.000428710559793	0.00311747135328	5.59187686687e-05	0.000368131893736	0.00343434437574	0.000130477126894	0.00134671034544	0.00599728793972	0.000135137024283	0.00177542090523	3.26192817234e-05	0.00425448631621	0.00201307567207	0.00883516544966	0.00113235506554	0.000256294356398	0.00411934929193	0.00259090294832	0.00224141064414	0.0127494792565	0.00693392731492	9.31979477812e-06	0.000736263787471	0.00700382577576	0.0493529732475	1.86395895562e-05	0.000340172509401	4.65989738906e-05	0	4.19390765015e-05	0	1.86395895562e-05	6.52385634468e-05	4.65989738906e-06	0.000475309533684	2.79593843344e-05	4.19390765015e-05	6.52385634468e-05	5.12588712797e-05	4.65989738906e-06	0	0.000107177639948	3.26192817234e-05	1.39796921672e-05	2.32994869453e-05	2.79593843344e-05	2.79593843344e-05	0.000335512612012	0.000116497434726	0.000326192817234	0.000130477126894	0.000121157332116	0.000265614151176	0.000158436511228	4.65989738906e-06	4.65989738906e-05	4.65989738906e-06	0	0	8.85380503921e-05	0.00842509447942	0.00461329841517	0.0197859243139	0.00740457695122	0.00287981658644	0.00233460859192	0.000237654766842	0.000419390765015	8.85380503921e-05	0.000111837537337	7.4558358225e-05	9.31979477812e-06	4.65989738906e-06	4.65989738906e-06
1.86395895562e-05	0	0	0	9.31979477812e-06	0	0	3.72791791125e-05	4.65989738906e-06	4.19390765015e-05	0	0	1.39796921672e-05	4.65989738906e-06	0	0	1.39796921672e-05	0	0	0	0	4.65989738906e-06	1.39796921672e-05	0	2.79593843344e-05	0	0	9.31979477812e-06	1.39796921672e-05	1.39796921672e-05	2.32994869453e-05	0	0	9.31979477812e-06	1.86395895562e-05	0.0134904029413	9.31979477812e-06	1.39796921672e-05	0	0.000111837537337	4.65989738906e-06	0.00121623321854	0.00359744078435	0.00183599957129	0.000312213125067	0.000461329841517	1.86395895562e-05	0.00101119773343	0	0.00495813082196	0.0002982334329	0.000163096408617	1.39796921672e-05	0	0	0.00019571569034	9.31979477812e-05	0.000125817229505	0.000144456819061	0.00143990829322	0	1.39796921672e-05	1.39796921672e-05	0.000657045531857	0.0035368621183	0.000363471996347	0	1.39796921672e-05	0.000573167378854	0.0011929337316	4.65989738906e-06	4.65989738906e-06	0	0	4.65989738906e-06	0	4.65989738906e-06	0.000587147071021	8.85380503921e-05	0.000549867891909	0.000181735998173	0.00106245660471	4.19390765015e-05	0
4.65989738906e-06	0.00219947156764	0.00130011137155	0	0	4.65989738906e-06	0	1.39796921672e-05	4.65989738906e-06	1.39796921672e-05	0	0.000177076100784	0	0.000107177639948	0	0	5.12588712797e-05	0.000452010046739	2.32994869453e-05	0.000186395895562	0	5.12588712797e-05	0.000894700298699	0.000549867891909	0	0.00034483240679	0.001616984394	0.00153776613839	4.65989738906e-06	1.39796921672e-05	4.65989738906e-06	0	4.65989738906e-06	4.65989738906e-06	0.000340172509401	9.31979477812e-06	0.0210580763012	0.00238120756581	0	0	0	4.65989738906e-06	1.86395895562e-05	4.65989738906e-06	3.26192817234e-05	0	0.000689664813581	0	0.000507928815407	9.31979477812e-06	0	0.000153776613839	0.00134671034544	9.78578451702e-05	0.00113235506554	0	0.000302893330289	0.00137000983238	0.00149582706189	1.39796921672e-05	0.00345764386268	0.00472047605512	0.0136674790421	8.38781530031e-05	9.31979477812e-06	0.000135137024283	2.32994869453e-05	0	0	0.00117429414204	0.000167756306006	0.000521908507575	0.00034483240679	9.31979477812e-05	4.65989738906e-06	4.65989738906e-06	1.39796921672e-05	0.000512588712797	0.00169620264962	0.00116963424465	0.000382111585903	1.39796921672e-05	1.86395895562e-05	3.72791791125e-05
0	0.000232994869453	0.000186395895562	0	0	0	0	4.65989738906e-06	4.65989738906e-06	2.32994869453e-05	4.65989738906e-06	9.31979477812e-06	0	9.31979477812e-06	0	0	1.86395895562e-05	7.9218255614e-05	0	9.31979477812e-06	0	9.31979477812e-06	0.000288913638122	0.000130477126894	0	1.86395895562e-05	8.38781530031e-05	0.000177076100784	4.65989738906e-06	4.65989738906e-06	4.65989738906e-06	0	0	0	4.65989738906e-05	1.39796921672e-05	0.00238120756581	0.027512034185	0	9.31979477812e-06	0	1.86395895562e-05	0.000205035485119	4.65989738906e-06	2.32994869453e-05	0	0.000135137024283	4.65989738906e-06	1.86395895562e-05	1.39796921672e-05	0	0.000712964300526	0.00282389781777	9.31979477812e-06	0.000405411072848	0	0.0018313396739	0.000973918554313	0.0126982203852	0.000107177639948	0.000102517742559	0.00594602906844	0.0125537635661	0.000452010046739	7.9218255614e-05	0.000885380503921	0	0	0	0.00253498417965	2.32994869453e-05	6.98984608359e-05	2.79593843344e-05	9.31979477812e-06	0	0	4.65989738906e-06	0.00155174583056	0.00162630418878	0.00197579649296	0.000904020093478	4.19390765015e-05	6.98984608359e-05	2.32994869453e-05
0	0	0	0	0	0	0	0	0	0	0	0	0	0	0	0	0	0	0	0	0	0	0	0	0	0	0	0	0	0	0	0	0	0	0	0	0	0	0	0	0	0	0	0	0	0	0	0	0	0	0	0	0	0	0	0	0	0	0	0	0	0	0	0	0	0	0	0	0	0	0	0	0	0	0	0	0	0	0	0	0	0	0	0
4.19390765015e-05	0	0	0	0.00293107545772	0	4.65989738906e-06	0.000121157332116	3.26192817234e-05	0.00024697456162	0.00105779670732	0	0.000349492304179	0	1.86395895562e-05	0	1.86395895562e-05	0	0	0	0.000358812098958	1.39796921672e-05	1.86395895562e-05	1.39796921672e-05	6.05786660578e-05	0	0	0	0.000969258656924	6.05786660578e-05	4.19390765015e-05	0	0	4.19390765015e-05	4.19390765015e-05	0.000111837537337	0	9.31979477812e-06	0	0.019510990368	0	0.00049394912324	0.00084344142742	6.52385634468e-05	0.00199909597991	0.00540548097131	0	0.00559187686687	0	0.000102517742559	1.39796921672e-05	0.000223675074675	0	0	0	0.0081781199178	6.05786660578e-05	0.000121157332116	7.4558358225e-05	0.00965064749274	0	0	1.39796921672e-05	0.00247440551359	2.79593843344e-05	0.000139796921672	0	0	2.32994869453e-05	0.000102517742559	1.86395895562e-05	0	9.31979477812e-06	4.65989738906e-06	1.86395895562e-05	0	0	7.4558358225e-05	9.31979477812e-06	4.65989738906e-05	3.26192817234e-05	4.65989738906e-05	0	0
0	0	0	0	0	0	0	0	0	0	0	0	0	0	0	0	0	0	0	0	0	0	0	0	0	0	0	0	0	0	0	0	0	0	0	4.65989738906e-06	0	0	0	0	0.00139796921672	0.000526568404964	0	0.00034483240679	0	4.65989738906e-06	0	0	0	3.26192817234e-05	0.000358812098958	0	0	0	0	4.65989738906e-06	0	0	0	4.65989738906e-06	0	0	0	0	8.38781530031e-05	0	0	0.000591806968411	0	5.59187686687e-05	0	0	0	0	0	0	0	0	4.65989738906e-06	3.26192817234e-05	4.65989738906e-06	0.000563847584076	0.000340172509401	0
