0.0299729935016	0	0.00173854333699	0	0.000506371845725	8.43953076209e-06	0.000206768503671	0.0136636003038	0.00500042197654	0.000139252257574	0.00313528567812	0.000113933665288	6.32964807157e-05	2.10988269052e-05	0.0217402312431	6.32964807157e-05	8.43953076209e-05	0.00351084479703	1.26592961431e-05	0.000514811376487	0.0015359945987	0.00103806228374	0.000147691788337	0.0018482572369	0.00334205418179	0	0.000379778884294	0.00108025993755	0.00487804878049	0.00906827580387	0.0100810194953	4.21976538104e-06	0	0.000746898472445	0.00648999915605	0	4.21976538104e-06	0	0	4.21976538104e-06	0	0	0	0	4.21976538104e-06	0	0	0	0	0	0	8.43953076209e-06	4.21976538104e-06	0	8.43953076209e-06	0	0	8.43953076209e-06	2.95383576673e-05	8.43953076209e-06	0	0	4.21976538104e-06	0	0	0	0	0	0	0	0.000236306861339	8.43953076209e-05	0.00277238585535	0.00113933665288	0.000548569499536	2.10988269052e-05	0	8.43953076209e-06	0	4.21976538104e-06	8.43953076209e-06	4.21976538104e-06	0	0
0	0.0215081441472	0.00159929107942	0	0	0	0	0	0	0.00124905055279	0	8.43953076209e-06	0	0.00105494134526	0	0	0.000679382226348	0.000223647565195	2.53185922863e-05	0.00020254873829	0	4.21976538104e-06	0.00857456325428	2.95383576673e-05	0.0039412608659	0.00352350409317	0.00800489492784	0.0152333530256	4.21976538104e-06	0	0	4.21976538104e-06	0	8.43953076209e-06	8.01755422399e-05	0	0.00447717106929	0	0	0	8.43953076209e-06	0	1.26592961431e-05	0	2.53185922863e-05	1.26592961431e-05	8.43953076209e-06	0	5.90767153346e-05	0	8.43953076209e-06	0	4.21976538104e-06	3.79778884294e-05	0.000210988269052	0	0	0.000185669676766	0	2.53185922863e-05	9.2834838383e-05	0.000670942695586	0.00345598784708	0	1.26592961431e-05	0	2.95383576673e-05	0	0	1.68790615242e-05	0.000139252257574	4.64174191915e-05	0.000109713899907	1.26592961431e-05	4.21976538104e-06	4.21976538104e-06	1.68790615242e-05	1.68790615242e-05	2.53185922863e-05	1.68790615242e-05	0	8.43953076209e-06	0	0
0.00173854333699	0.00159929107942	0.0484091484513	0	1.68790615242e-05	0	0	0.000843953076209	0.000700481053253	0.000189889442147	1.68790615242e-05	0.000417756772723	4.21976538104e-06	3.79778884294e-05	0.00124483078741	0	0.000291163811292	0.0131909865811	0.000109713899907	0.00155287366022	1.68790615242e-05	0.000860832137733	0.00056544856106	0.0123681323318	0.0006456241033	6.32964807157e-05	0.00719469997468	0.0293737868175	0.000350240526627	6.32964807157e-05	0.000662503164824	0	0	1.26592961431e-05	0.00176808169466	5.90767153346e-05	0.0093045826652	0.00116043547979	0	0	0	4.21976538104e-06	2.95383576673e-05	2.10988269052e-05	2.10988269052e-05	4.21976538104e-06	4.21976538104e-06	0	0	8.43953076209e-05	0	0.00016035108448	0.00281880327454	1.68790615242e-05	0.00118153430669	0	7.59557768588e-05	0.00524094860326	0.00168368638704	5.90767153346e-05	0	0.000865051903114	0.00874335386952	0.000130812726812	2.95383576673e-05	8.01755422399e-05	4.21976538104e-06	0	0	0.000253185922863	0.0055658705376	0.000734239176302	0.00353194362393	0.00147269811798	1.26592961431e-05	2.95383576673e-05	0	0.000919908853068	0.000426196303486	0.000223647565195	8.01755422399e-05	1.26592961431e-05	0	0
0	0	0	0	0	0	0	0	0	0	0	0	0	0	0	0	0	0	0	0	0	0	0	0	0	0	0	0	0	0	0	0	0	0	0	0	0	0	0	0	0	0	0	0	0	0	0	0	0	0	0	0	0	0	0	0	0	0	0	0	0	0	0	0	0	0	0	0	0	0	0	0	0	0	0	0	0	0	0	0	0	0	0	0
0.000506371845725	0	1.68790615242e-05	0	0.0190184825724	4.64174191915e-05	0.000181449911385	0.00101274369145	0.000552789264917	0.00160773061018	0.00363321799308	0.000375559118913	0.0052325090725	0.000101274369145	0.00123639125665	0.000173010380623	0	4.21976538104e-06	0.000388218415056	0.000118153430669	0.0107266435986	4.21976538104e-06	0	8.43953076209e-06	0.00544771710693	0	0.000164570849861	1.68790615242e-05	0.0074141277745	0.00183981770614	0	2.53185922863e-05	5.48569499536e-05	1.68790615242e-05	0.00170900497932	0	0	0	0	0.00449826989619	0	4.21976538104e-06	0	4.21976538104e-06	0.000734239176302	0.000987425099164	0	5.48569499536e-05	0	0	1.68790615242e-05	0	0	0	0	0.000147691788337	0	0	4.21976538104e-06	0.00285256139759	0	0	4.21976538104e-06	0.0030508903705	0	0	0	0	0	3.79778884294e-05	0.000295383576673	8.43953076209e-06	0.00125327031817	7.59557768588e-05	0.000637184572538	8.43953076209e-06	0	8.43953076209e-05	0	4.21976538104e-05	2.53185922863e-05	4.21976538104e-06	0	0
8.43953076209e-06	0	0	0	4.64174191915e-05	0.00203814667904	0.000666722930205	6.75162460967e-05	0.000426196303486	0.000130812726812	0.000371339353532	0	9.7054603764e-05	0	0.000455734661153	0.000751118237826	0	0	0	0	8.43953076209e-05	0	0	8.43953076209e-06	0.000101274369145	0	0	4.21976538104e-06	0.000151911553718	3.37581230484e-05	8.43953076209e-06	0	0.000966326272259	1.68790615242e-05	8.01755422399e-05	0	0	0	0	0	0	0	0	0	4.21976538104e-06	0	0	8.43953076209e-06	0	0	0	0	0	0	0	0	0	0	0	4.21976538104e-06	0	0	0	0	0	0	0	0	0	0	1.26592961431e-05	0	2.95383576673e-05	4.21976538104e-06	0.000877711199257	0.00052325090725	0	0	0	0	0	0	0	0
0.000206768503671	0	0	0	0.000181449911385	0.000666722930205	0.0478605789518	0.00719891974006	0.0195712718373	2.95383576673e-05	0.0245463752215	0.00150645624103	0.0131023715081	0.00145159929108	0.0176681576504	0.0013798632796	1.26592961431e-05	0	0.000130812726812	3.79778884294e-05	0.0033167355895	4.21976538104e-06	0.000101274369145	2.53185922863e-05	0.000194109207528	0	0.000270064984387	4.21976538104e-06	0.00172166427547	0.00788674149717	0	0.000206768503671	0.00477255464596	4.21976538104e-06	0.00444763271162	4.21976538104e-06	0	0	0	0	0	2.10988269052e-05	0	4.21976538104e-06	0.000156131319099	8.43953076209e-06	0	0.000164570849861	0	4.21976538104e-06	0	0	0	4.21976538104e-06	0	8.43953076209e-06	9.7054603764e-05	2.10988269052e-05	4.21976538104e-06	2.95383576673e-05	0	0	0	0.000126592961431	4.21976538104e-06	0	0	0	0	8.43953076209e-06	0.00153177483332	1.26592961431e-05	0.00127436914508	6.75162460967e-05	0.00232509072496	0.00151067600641	0	0.000223647565195	4.21976538104e-05	2.10988269052e-05	4.21976538104e-06	0	0	0
0.0136636003038	0	0.000843953076209	0	0.00101274369145	6.75162460967e-05	0.00719891974006	0.0525782766478	0.00908515486539	8.43953076209e-05	0.0184445944805	0.00194109207528	0.00134610515655	0.00116043547979	0.0207401468478	8.01755422399e-05	2.95383576673e-05	0.00205502574057	0.000244746392101	0.000662503164824	0.004451852477	0.0018482572369	5.90767153346e-05	0.00178918052156	0.00318170309731	0	0.000624525276395	0.000666722930205	0.015039243818	0.00864629926576	0.0130137564351	0.00024052662672	0.000409317241961	0.000544349734155	0.00554055194531	0	4.21976538104e-06	0	0	2.95383576673e-05	0	0	0	0	8.43953076209e-06	0	0	0.000232087095957	0	0	0	4.21976538104e-06	4.21976538104e-06	0	8.43953076209e-06	0	0	4.21976538104e-06	1.26592961431e-05	3.37581230484e-05	0	4.21976538104e-06	0	0	0	0	0	0	0	8.43953076209e-06	0.000244746392101	0.000101274369145	0.00255295805553	0.000333361465103	0.000379778884294	5.06371845725e-05	0	2.95383576673e-05	0	4.21976538104e-06	0	0	0	0
0.00500042197654	0	0.000700481053253	0	0.000552789264917	0.000426196303486	0.0195712718373	0.00908515486539	0.0341800995865	5.06371845725e-05	0.0128365262891	5.90767153346e-05	0.00337159253945	8.01755422399e-05	0.0195543927758	0.000151911553718	1.26592961431e-05	0.000772217064731	2.10988269052e-05	8.43953076209e-05	0.000911469322306	0.000232087095957	9.2834838383e-05	0.000573888091822	0.000624525276395	0	0.000101274369145	0.000502152080344	0.00393704110051	0.00422820491181	0.000286944045911	4.21976538104e-06	0.00243058485948	5.90767153346e-05	0.00219005823276	0	0	0	0	0	0	2.10988269052e-05	0	0	0.000139252257574	8.43953076209e-06	0	9.2834838383e-05	0	4.21976538104e-06	0	0	4.21976538104e-06	4.21976538104e-06	0	8.43953076209e-06	8.43953076209e-05	2.10988269052e-05	8.43953076209e-06	2.95383576673e-05	0	0	0	0.000113933665288	4.21976538104e-06	0	0	0	0	4.21976538104e-06	0.00113089712212	8.43953076209e-06	0.00076799729935	0.000164570849861	0.0011351168875	0.000358680057389	0	0.00020254873829	3.79778884294e-05	2.53185922863e-05	1.26592961431e-05	4.21976538104e-06	0	0
0.000139252257574	0.00124905055279	0.000189889442147	0	0.00160773061018	0.000130812726812	2.95383576673e-05	8.43953076209e-05	5.06371845725e-05	0.0166427546628	1.26592961431e-05	6.75162460967e-05	0.00150645624103	1.68790615242e-05	0.000126592961431	0.00258671617858	1.26592961431e-05	2.95383576673e-05	3.79778884294e-05	8.01755422399e-05	0.00123639125665	2.53185922863e-05	0.00318592286269	0.000164570849861	0.0102413705798	0.000308042872816	0.000421976538104	0.00115199594903	0.00327875770107	0.000886150730019	0.000312262638197	0	0	0.00164992826399	0.00202126761752	4.21976538104e-06	2.10988269052e-05	0	0	0.000911469322306	0	0	2.53185922863e-05	0	0.00449826989619	0.000316482403578	0	3.79778884294e-05	4.21976538104e-06	5.06371845725e-05	2.53185922863e-05	0.000350240526627	0	0	1.26592961431e-05	5.90767153346e-05	0.000215208034433	0.000519031141869	0.00016035108448	0.00428306186176	0	1.68790615242e-05	2.10988269052e-05	0.00191577348299	8.01755422399e-05	8.43953076209e-05	0	0	3.79778884294e-05	6.75162460967e-05	0.000489492784201	4.21976538104e-06	0.00170478521394	8.86150730019e-05	0.00378934931218	8.43953076209e-06	0	0.000641404337919	5.06371845725e-05	5.90767153346e-05	5.06371845725e-05	4.21976538104e-06	0	0
0.00313528567812	0	1.68790615242e-05	0	0.00363321799308	0.000371339353532	0.0245463752215	0.0184445944805	0.0128365262891	1.26592961431e-05	0.0534686471432	0.00307620896278	0.0118744197823	0.00145159929108	0.0192168115453	0.000168790615242	0	2.53185922863e-05	0.000755338003207	0.000421976538104	0.0145244324416	0	4.21976538104e-06	8.43953076209e-06	0.00129968773736	0	0.000578107857203	1.68790615242e-05	0.00605958308718	0.0092834838383	3.37581230484e-05	0.000316482403578	0.00245168368639	4.21976538104e-05	0.00616085745633	0	0	0	0	0.000354460292008	0	0	0	0	0	0.000274284749768	0	0.000164570849861	0	0	0	8.43953076209e-06	0	0	0	8.43953076209e-06	0	8.43953076209e-06	8.43953076209e-06	0.000421976538104	0	0	4.21976538104e-06	0.000658283399443	0	0	0	0	0	1.26592961431e-05	0.000400877711199	2.95383576673e-05	0.00378934931218	0.000215208034433	0.00032492193434	0.000303823107435	0	5.90767153346e-05	0	1.68790615242e-05	4.21976538104e-06	0	0	0
0.000113933665288	8.43953076209e-06	0.000417756772723	0	0.000375559118913	0	0.00150645624103	0.00194109207528	5.90767153346e-05	6.75162460967e-05	0.00307620896278	0.0241370579796	0.00108869946831	0.00403831546966	0.000388218415056	1.26592961431e-05	0.000164570849861	0.000215208034433	0.0041184910119	0.00888682589248	0.00245168368639	0.000156131319099	1.68790615242e-05	0.000637184572538	0.00072579964554	8.43953076209e-05	0.00734239176302	0.00137142374884	0.000860832137733	0.0042957211579	0.000244746392101	0.000957886741497	0.00024052662672	0.000286944045911	0.0105789518103	0	0.000278504515149	4.21976538104e-06	0	5.90767153346e-05	0	1.26592961431e-05	8.43953076209e-06	4.21976538104e-06	0.000101274369145	0.000101274369145	4.21976538104e-06	0.000151911553718	0	4.21976538104e-06	0	6.32964807157e-05	5.06371845725e-05	2.10988269052e-05	4.64174191915e-05	4.21976538104e-06	4.21976538104e-05	5.48569499536e-05	2.95383576673e-05	0.000139252257574	4.21976538104e-06	6.75162460967e-05	0.000139252257574	0.000248966157482	4.21976538104e-06	0	0	0	4.21976538104e-06	2.95383576673e-05	0.00563338678369	0.00181449911385	0.0097054603764	0.00122795172588	5.48569499536e-05	4.21976538104e-06	0.000320702168959	0.000392438180437	1.26592961431e-05	2.95383576673e-05	2.10988269052e-05	4.21976538104e-06	0	0
6.32964807157e-05	0	4.21976538104e-06	0	0.0052325090725	9.7054603764e-05	0.0131023715081	0.00134610515655	0.00337159253945	0.00150645624103	0.0118744197823	0.00108869946831	0.0370115621571	0.00213520128281	0.0071229639632	0.00190733395223	0	4.21976538104e-06	7.17360114778e-05	1.68790615242e-05	0.0122837370242	0	3.79778884294e-05	8.43953076209e-06	0.00167524685627	0	0.000130812726812	0	0.000742678707064	0.00517343235716	0	0.000156131319099	0.000856612372352	1.68790615242e-05	0.00358258080851	4.21976538104e-06	0	0	0	0.00111823782598	0	0	0	4.21976538104e-06	8.43953076209e-06	0.000278504515149	0	0.00300869271668	0	0	0	1.26592961431e-05	0	0	0	2.53185922863e-05	0	1.26592961431e-05	0	0.000227867330576	0	0	0	0.000396657945818	0	0	0	0	0	4.21976538104e-06	0.000227867330576	4.21976538104e-06	0.00139674234113	0.000126592961431	0.00135032492193	0.000156131319099	0	1.68790615242e-05	0	4.21976538104e-06	0	0	0	0
2.10988269052e-05	0.00105494134526	3.79778884294e-05	0	0.000101274369145	0	0.00145159929108	0.00116043547979	8.01755422399e-05	1.68790615242e-05	0.00145159929108	0.00403831546966	0.00213520128281	0.0298759388978	0.000557009030298	0	1.68790615242e-05	0	0.000510591611106	0.00036289982277	0.00154443412946	0	0.000367119588151	8.43953076209e-06	6.32964807157e-05	0.0105325343911	0.0054097392185	0.00725377669002	5.48569499536e-05	0.00244324415562	2.10988269052e-05	0.00346020761246	0.000308042872816	8.43953076209e-06	0.00508481728416	0	0.00292007764368	0	0	3.37581230484e-05	0	8.43953076209e-06	7.59557768588e-05	0	8.43953076209e-06	0.000105494134526	0.00112667735674	0.000497932314963	0.00346864714322	2.95383576673e-05	0	0	0	0.000468393957296	0.000113933665288	4.21976538104e-06	0	0	0	3.37581230484e-05	0.0023377500211	0.00483585112668	0.0017807409908	5.48569499536e-05	8.01755422399e-05	0	0.000713140349397	0	0	0.000236306861339	0.000978985568402	0.00462486285763	0.00359524010465	0.000375559118913	2.53185922863e-05	0.000270064984387	0.00108447970293	0.000299603342054	0.00162882943708	0.000236306861339	4.21976538104e-06	4.21976538104e-06	0	0.000248966157482
0.0217402312431	0	0.00124483078741	0	0.00123639125665	0.000455734661153	0.0176681576504	0.0207401468478	0.0195543927758	0.000126592961431	0.0192168115453	0.000388218415056	0.0071229639632	0.000557009030298	0.0534559878471	0.000590767153346	5.90767153346e-05	0.00286100092835	2.95383576673e-05	0.00044307536501	0.00512701493797	0.0010465018145	3.79778884294e-05	0.00164992826399	0.00274284749768	0	0.000333361465103	0.000755338003207	0.00685289897882	0.0130475145582	0.0080597518778	1.26592961431e-05	0.00510169634568	0.000434635834248	0.00743944636678	0	4.21976538104e-06	0	0	3.37581230484e-05	0	0	0	0	2.10988269052e-05	4.21976538104e-06	0	0.000337581230484	0	0	0	8.43953076209e-06	0	0	8.43953076209e-06	0	1.26592961431e-05	8.43953076209e-06	2.53185922863e-05	1.26592961431e-05	0	0	0	2.10988269052e-05	0	0	0	0	0	4.21976538104e-06	0.000945227445354	8.01755422399e-05	0.00294961600135	0.00117309477593	0.000843953076209	0.000780656595493	0	4.64174191915e-05	0	8.43953076209e-06	4.21976538104e-06	0	0	0
6.32964807157e-05	0	0	0	0.000173010380623	0.000751118237826	0.0013798632796	8.01755422399e-05	0.000151911553718	0.00258671617858	0.000168790615242	1.26592961431e-05	0.00190733395223	0	0.000590767153346	0.00707654654401	0	4.21976538104e-06	8.43953076209e-06	1.26592961431e-05	0.000502152080344	0	0.000316482403578	8.43953076209e-06	0.00136720398346	0	1.26592961431e-05	4.21976538104e-06	0.000426196303486	0.000295383576673	4.64174191915e-05	0	0.000451514895772	0.000113933665288	0.000139252257574	0	0	0	0	1.26592961431e-05	0	0	0	0	9.2834838383e-05	0	0	0	0	0	0	9.7054603764e-05	0	0	0	0	4.21976538104e-05	0.000164570849861	1.68790615242e-05	7.59557768588e-05	0	0	0	6.32964807157e-05	0	0	0	0	0	0	4.21976538104e-06	0	0.000135032492193	4.21976538104e-06	0.00396657945818	0.000210988269052	0	0	0	0	0	0	0	0
8.43953076209e-05	0.000679382226348	0.000291163811292	0	0	0	1.26592961431e-05	2.95383576673e-05	1.26592961431e-05	1.26592961431e-05	0	0.000164570849861	0	1.68790615242e-05	5.90767153346e-05	0	0.0212001012744	0.000346020761246	5.90767153346e-05	0.000261625453625	0	0.00391172250823	0.0101569752722	0.00408895265423	0.0101021183222	1.26592961431e-05	0.000502152080344	0.00210144315976	0.00283146257068	6.32964807157e-05	0.00028272428053	0	0	0	0.00123639125665	0	0.00052325090725	2.53185922863e-05	0	0	0	0	0	0	0.00346864714322	0	4.21976538104e-06	0	2.95383576673e-05	0	0	0.00651531774833	0.000274284749768	0	0.000156131319099	0	0.00121529242974	0.00703856865558	0.000666722930205	0.00141784116803	3.37581230484e-05	9.2834838383e-05	0.00040509747658	0.00270908937463	0	0	0	0	0	3.79778884294e-05	0.00358680057389	0.00140096210651	0.000700481053253	0.000295383576673	0.000164570849861	0.000113933665288	0	0.000198328972909	9.7054603764e-05	8.43953076209e-06	3.37581230484e-05	2.53185922863e-05	0	0
0.00351084479703	0.000223647565195	0.0131909865811	0	4.21976538104e-06	0	0	0.00205502574057	0.000772217064731	2.95383576673e-05	2.53185922863e-05	0.000215208034433	4.21976538104e-06	0	0.00286100092835	4.21976538104e-06	0.000346020761246	0.0361000928348	3.79778884294e-05	0.00699215123639	1.26592961431e-05	0.00412271077728	6.75162460967e-05	0.00933834078825	0.000430416068867	1.68790615242e-05	0.00703012912482	0.0067896024981	0.000751118237826	0.002004388556	0.00531690438012	0	0	1.68790615242e-05	0.00957464764959	0.000135032492193	0.00196641066757	0.000510591611106	0	0	0	0	5.90767153346e-05	7.17360114778e-05	1.68790615242e-05	4.21976538104e-06	4.21976538104e-06	0	0	0.000143472022956	0	0.000113933665288	0.000856612372352	1.68790615242e-05	0.00216895940586	0	7.59557768588e-05	0.00239682673643	0.00114777618364	5.90767153346e-05	0	0.00116043547979	0.00181871887923	0.000185669676766	3.37581230484e-05	8.01755422399e-05	4.21976538104e-06	0	0	0.000177230146004	0.00285678116297	0.00108869946831	0.00452358848848	0.00127014937969	8.43953076209e-06	8.43953076209e-06	0	0.000793315891636	0.000312262638197	0.000164570849861	0.000105494134526	1.26592961431e-05	4.21976538104e-06	4.21976538104e-06
1.26592961431e-05	2.53185922863e-05	0.000109713899907	0	0.000388218415056	0	0.000130812726812	0.000244746392101	2.10988269052e-05	3.79778884294e-05	0.000755338003207	0.0041184910119	7.17360114778e-05	0.000510591611106	2.95383576673e-05	8.43953076209e-06	5.90767153346e-05	3.79778884294e-05	0.00935521984978	0.0041395898388	0.000759557768588	2.53185922863e-05	4.21976538104e-06	0.000118153430669	0.000392438180437	1.26592961431e-05	0.00423664444257	0.00092834838383	0.0006456241033	0.00118575407207	8.01755422399e-05	0.000135032492193	8.43953076209e-06	0.00016035108448	0.00262047430163	0	0.000168790615242	4.21976538104e-06	0	5.48569499536e-05	0	4.21976538104e-06	4.21976538104e-06	4.21976538104e-06	1.68790615242e-05	4.21976538104e-05	1.68790615242e-05	0	4.21976538104e-06	4.21976538104e-06	0	4.21976538104e-06	1.68790615242e-05	9.2834838383e-05	2.10988269052e-05	4.21976538104e-06	4.21976538104e-06	1.68790615242e-05	8.43953076209e-06	8.43953076209e-05	8.43953076209e-06	0.000101274369145	0.000109713899907	0.00016035108448	1.26592961431e-05	0	0	0	4.21976538104e-06	1.68790615242e-05	0.00194531184066	0.00121529242974	0.0039412608659	0.000468393957296	3.79778884294e-05	0	0	0.000135032492193	7.17360114778e-05	1.68790615242e-05	4.21976538104e-06	0	0	0
0.000514811376487	0.00020254873829	0.00155287366022	0	0.000118153430669	0	3.79778884294e-05	0.000662503164824	8.43953076209e-05	8.01755422399e-05	0.000421976538104	0.00888682589248	1.68790615242e-05	0.00036289982277	0.00044307536501	1.26592961431e-05	0.000261625453625	0.00699215123639	0.0041395898388	0.0332686302642	0.000383998649675	0.00167946662166	8.01755422399e-05	0.00224491518272	0.000670942695586	2.53185922863e-05	0.02176133007	0.00395813992742	0.00068782175711	0.00188201535995	0.00210566292514	4.21976538104e-06	8.43953076209e-06	0.000329141699721	0.0121698033589	0	0.00175120263313	8.43953076209e-06	0	8.43953076209e-06	0	4.21976538104e-06	4.21976538104e-06	4.21976538104e-06	0.000135032492193	1.26592961431e-05	1.26592961431e-05	0	0	4.21976538104e-06	0	9.7054603764e-05	0.000223647565195	0.000286944045911	0.00366697611613	0	5.06371845725e-05	0.000113933665288	5.90767153346e-05	7.59557768588e-05	0.000135032492193	0.00283568233606	0.000974765803021	0.000105494134526	8.43953076209e-06	0	0	0	0	8.01755422399e-05	0.00958730694573	0.00281880327454	0.0110684445945	0.00225335471348	4.21976538104e-05	2.10988269052e-05	0	0.000135032492193	0.000400877711199	8.43953076209e-05	1.26592961431e-05	4.21976538104e-06	0	0
0.0015359945987	0	1.68790615242e-05	0	0.0107266435986	8.43953076209e-05	0.0033167355895	0.004451852477	0.000911469322306	0.00123639125665	0.0145244324416	0.00245168368639	0.0122837370242	0.00154443412946	0.00512701493797	0.000502152080344	0	1.26592961431e-05	0.000759557768588	0.000383998649675	0.0288758545025	0	8.43953076209e-06	8.43953076209e-06	0.00405941429657	0	0.000569668326441	2.53185922863e-05	0.00356570174698	0.00589079247194	8.43953076209e-06	0.000219427799814	0.000396657945818	1.68790615242e-05	0.00537598109545	0	0	0	0	0.00263313359777	0	0	0	0	4.21976538104e-05	0.000949447210735	0	0.00114777618364	0	0	0	4.21976538104e-06	0	0	0	0.000126592961431	0	4.21976538104e-06	4.21976538104e-06	0.000983205333783	0	0	4.21976538104e-06	0.00171744451009	0	0	0	0	0	2.53185922863e-05	0.000434635834248	2.10988269052e-05	0.00335049371255	0.000194109207528	0.000894590260782	4.21976538104e-05	0	5.90767153346e-05	0	2.10988269052e-05	1.26592961431e-05	4.21976538104e-06	0	0
0.00103806228374	4.21976538104e-06	0.000860832137733	0	4.21976538104e-06	0	4.21976538104e-06	0.0018482572369	0.000232087095957	2.53185922863e-05	0	0.000156131319099	0	0	0.0010465018145	0	0.00391172250823	0.00412271077728	2.53185922863e-05	0.00167946662166	0	0.0438729006667	0.00472191746139	0.0217908684277	0.00204236644443	0	0.00125327031817	0.000898810026163	0.0133386783695	0.00140518187189	0.0148198160182	0	0	8.43953076209e-06	0.00771373111655	0	0.000257405688244	1.68790615242e-05	0	0	0	0	4.21976538104e-06	8.43953076209e-06	0.000911469322306	0	0	0	0	0	0	0.00567558443751	0.000198328972909	0	9.7054603764e-05	0	0.00129968773736	0.00589079247194	0.00108869946831	0.00142628069879	0	5.06371845725e-05	0.000177230146004	0.000308042872816	0	0	0	0	0	0	0.00372605283146	0.00123639125665	0.00485694995358	0.00197906996371	0.00105916111064	4.64174191915e-05	0	6.32964807157e-05	2.95383576673e-05	4.21976538104e-06	0.000147691788337	0.000113933665288	0	0
0.000147691788337	0.00857456325428	0.00056544856106	0	0	0	0.000101274369145	5.90767153346e-05	9.2834838383e-05	0.00318592286269	4.21976538104e-06	1.68790615242e-05	3.79778884294e-05	0.000367119588151	3.79778884294e-05	0.000316482403578	0.0101569752722	6.75162460967e-05	4.21976538104e-06	8.01755422399e-05	8.43953076209e-06	0.00472191746139	0.0311840661659	0.00676006414043	0.0118997383745	0.00179340028694	0.00283990210144	0.00886572706558	0.00150223647565	0.000396657945818	0.000295383576673	0	0	4.64174191915e-05	0.000430416068867	4.21976538104e-06	8.43953076209e-05	0	0	2.10988269052e-05	0	0	0	0	0.00444763271162	1.68790615242e-05	4.21976538104e-06	1.26592961431e-05	1.68790615242e-05	0	4.21976538104e-06	0.00881087011562	4.21976538104e-06	8.43953076209e-06	2.10988269052e-05	0	0.00148535741413	0.0102540298759	0.000557009030298	0.00311840661659	8.43953076209e-06	5.06371845725e-05	6.32964807157e-05	0.00296227529749	4.21976538104e-06	4.21976538104e-06	8.43953076209e-06	0	0	5.06371845725e-05	0.000367119588151	5.06371845725e-05	6.75162460967e-05	1.26592961431e-05	0.000493712549582	1.26592961431e-05	4.21976538104e-06	8.43953076209e-05	2.10988269052e-05	8.43953076209e-06	4.21976538104e-06	4.21976538104e-06	0	0
0.0018482572369	2.95383576673e-05	0.0123681323318	0	8.43953076209e-06	8.43953076209e-06	2.53185922863e-05	0.00178918052156	0.000573888091822	0.000164570849861	8.43953076209e-06	0.000637184572538	8.43953076209e-06	8.43953076209e-06	0.00164992826399	8.43953076209e-06	0.00408895265423	0.00933834078825	0.000118153430669	0.00224491518272	8.43953076209e-06	0.0217908684277	0.00676006414043	0.0763988522238	0.000662503164824	0	0.00168368638704	0.0164739640476	0.00357836104313	0.00241792556334	0.00608068191409	0	0	8.86150730019e-05	0.00692041522491	0.000139252257574	0.000299603342054	0.000291163811292	0	4.21976538104e-06	0	0	7.59557768588e-05	7.59557768588e-05	5.48569499536e-05	4.21976538104e-06	0	0	0	0.000181449911385	0	0.0104396995527	0.000316482403578	0	0.000177230146004	0	0.000236306861339	0.0126846147354	0.00148957717951	0.00114355641826	0	9.7054603764e-05	0.00126592961431	0.000232087095957	3.37581230484e-05	0.000113933665288	4.21976538104e-06	0	0	8.01755422399e-05	0.0141784116803	0.0010676006414	0.0123639125665	0.00608068191409	0.0018693560638	0.000409317241961	8.43953076209e-06	0.000772217064731	0.000168790615242	0.000189889442147	0.000312262638197	0.000118153430669	4.21976538104e-06	4.21976538104e-06
0.00334205418179	0.0039412608659	0.0006456241033	0	0.00544771710693	0.000101274369145	0.000194109207528	0.00318170309731	0.000624525276395	0.0102413705798	0.00129968773736	0.00072579964554	0.00167524685627	6.32964807157e-05	0.00274284749768	0.00136720398346	0.0101021183222	0.000430416068867	0.000392438180437	0.000670942695586	0.00405941429657	0.00204236644443	0.0118997383745	0.000662503164824	0.056633471179	0.000481053253439	0.00150645624103	0.00381466790446	0.0204911806904	0.00544771710693	0.00422398514643	4.21976538104e-06	2.95383576673e-05	0.00332939488564	0.0107899400793	4.21976538104e-06	0.000447295130391	2.10988269052e-05	0	0.00219005823276	0	1.26592961431e-05	3.79778884294e-05	1.68790615242e-05	0.00816102624694	0.00124905055279	4.21976538104e-06	6.32964807157e-05	0	2.53185922863e-05	1.68790615242e-05	0.00185669676766	0.000198328972909	8.43953076209e-06	0.000168790615242	2.95383576673e-05	0.00127436914508	0.00285678116297	0.00072579964554	0.00747320448983	8.43953076209e-06	0.000139252257574	0.000299603342054	0.00749008355135	5.48569499536e-05	4.64174191915e-05	0	0	1.26592961431e-05	0.000164570849861	0.00492446619968	0.0008903704954	0.00660815258672	0.0010465018145	0.00383998649675	0.000151911553718	4.21976538104e-06	0.00103806228374	0.000118153430669	0.000126592961431	9.2834838383e-05	2.95383576673e-05	0	0
0	0.00352350409317	6.32964807157e-05	0	0	0	0	0	0	0.000308042872816	0	8.43953076209e-05	0	0.0105325343911	0	0	1.26592961431e-05	1.68790615242e-05	1.26592961431e-05	2.53185922863e-05	0	0	0.00179340028694	0	0.000481053253439	0.015714406279	0.00143050046417	0.00638450502152	0	0	0	0.00024052662672	0	0	8.43953076209e-06	0	0.00279348468225	0	0	0	0	0	5.06371845725e-05	0	0	4.21976538104e-05	0.000822854249304	0	0.00278926491687	2.10988269052e-05	0	0	0	0.000337581230484	0.000143472022956	0	0	0	0	0	0.00286522069373	0.00332095535488	0.00181449911385	1.26592961431e-05	5.48569499536e-05	0	0.000493712549582	0	0	0.000219427799814	0	0.000637184572538	0.00012237319605	0	0	0	0.000590767153346	5.48569499536e-05	0.00106338087602	0.000219427799814	0	0	0	0.000265845219006
0.000379778884294	0.00800489492784	0.00719469997468	0	0.000164570849861	0	0.000270064984387	0.000624525276395	0.000101274369145	0.000421976538104	0.000578107857203	0.00734239176302	0.000130812726812	0.0054097392185	0.000333361465103	1.26592961431e-05	0.000502152080344	0.00703012912482	0.00423664444257	0.02176133007	0.000569668326441	0.00125327031817	0.00283990210144	0.00168368638704	0.00150645624103	0.00143050046417	0.072579964554	0.0230483585113	0.000476833488058	0.00116043547979	0.00148957717951	0.00197063043295	0	0.000113933665288	0.00887416659634	0	0.0168453034011	1.26592961431e-05	0	2.95383576673e-05	8.43953076209e-06	0	0.000198328972909	0	0.000135032492193	0.000227867330576	0.000303823107435	1.26592961431e-05	0.000189889442147	0.000101274369145	8.43953076209e-06	0.00016035108448	0.000299603342054	0.0017807409908	0.00873491433876	0	1.26592961431e-05	0.00020254873829	8.01755422399e-05	0.000156131319099	0.00190311418685	0.0147016625876	0.00882352941176	0.000130812726812	0.00020254873829	0	4.64174191915e-05	0	4.21976538104e-06	0.000839733310828	0.00900919908853	0.00588657270656	0.00813570765465	0.00152333530256	2.53185922863e-05	2.53185922863e-05	4.21976538104e-05	0.000548569499536	0.00148113764875	0.000793315891636	2.53185922863e-05	1.68790615242e-05	0	0
0.00108025993755	0.0152333530256	0.0293737868175	0	1.68790615242e-05	4.21976538104e-06	4.21976538104e-06	0.000666722930205	0.000502152080344	0.00115199594903	1.68790615242e-05	0.00137142374884	0	0.00725377669002	0.000755338003207	4.21976538104e-06	0.00210144315976	0.0067896024981	0.00092834838383	0.00395813992742	2.53185922863e-05	0.000898810026163	0.00886572706558	0.0164739640476	0.00381466790446	0.00638450502152	0.0230483585113	0.0914549751034	0.000346020761246	0.000198328972909	0.000569668326441	0.00084817284159	0	3.37581230484e-05	0.00208034433286	8.43953076209e-06	0.0158367794751	0.000253185922863	0	0	0	4.21976538104e-06	0.000168790615242	4.21976538104e-06	3.79778884294e-05	0.000156131319099	0.000316482403578	0	0.00113933665288	9.2834838383e-05	0	0.00461642332686	0.000396657945818	0.00105494134526	0.00222803612119	0	4.21976538104e-06	0.00995864629927	0.000527470672631	5.48569499536e-05	0.00254873829015	0.00699215123639	0.014684783526	5.48569499536e-05	0.000164570849861	2.53185922863e-05	0.000278504515149	0	0	0.000662503164824	0.00904295721158	0.00152755506794	0.00454046755	0.00179762005233	2.53185922863e-05	0.000189889442147	0.000130812726812	0.000692041522491	0.0010465018145	0.000730019410921	0.000126592961431	1.26592961431e-05	0	8.43953076209e-06
0.00487804878049	4.21976538104e-06	0.000350240526627	0	0.0074141277745	0.000151911553718	0.00172166427547	0.015039243818	0.00393704110051	0.00327875770107	0.00605958308718	0.000860832137733	0.000742678707064	5.48569499536e-05	0.00685289897882	0.000426196303486	0.00283146257068	0.000751118237826	0.0006456241033	0.00068782175711	0.00356570174698	0.0133386783695	0.00150223647565	0.00357836104313	0.0204911806904	0	0.000476833488058	0.000346020761246	0.0631614482235	0.00796691703941	0.016212338594	1.26592961431e-05	0.000417756772723	0.00514811376487	0.0140855768419	4.21976538104e-06	0.000210988269052	1.68790615242e-05	0	0.00197906996371	0	8.43953076209e-06	2.10988269052e-05	4.21976538104e-06	0.00257827664782	0.000696261287872	4.21976538104e-06	3.37581230484e-05	4.21976538104e-06	4.64174191915e-05	1.68790615242e-05	0.00177652122542	0.000118153430669	0	6.75162460967e-05	6.75162460967e-05	0.00116043547979	0.00183137817537	0.000751118237826	0.00423242467719	0	5.90767153346e-05	0.000135032492193	0.00358258080851	6.75162460967e-05	5.90767153346e-05	0	0	2.53185922863e-05	6.75162460967e-05	0.0027386277323	0.000586547387965	0.0107604017217	0.00203814667904	0.00328297746645	0.000130812726812	1.68790615242e-05	0.00044307536501	8.01755422399e-05	0.000113933665288	7.17360114778e-05	2.10988269052e-05	0	0
0.00906827580387	0	6.32964807157e-05	0	0.00183981770614	3.37581230484e-05	0.00788674149717	0.00864629926576	0.00422820491181	0.000886150730019	0.0092834838383	0.0042957211579	0.00517343235716	0.00244324415562	0.0130475145582	0.000295383576673	6.32964807157e-05	0.002004388556	0.00118575407207	0.00188201535995	0.00589079247194	0.00140518187189	0.000396657945818	0.00241792556334	0.00544771710693	0	0.00116043547979	0.000198328972909	0.00796691703941	0.0480124905055	0.0105578529834	0.000151911553718	0.00201704785214	0.00441809435395	0.0207274875517	4.21976538104e-06	0	0	0	0.000177230146004	0	9.2834838383e-05	2.10988269052e-05	0.000130812726812	0.000772217064731	0.000168790615242	0	0.000392438180437	0	0.000198328972909	0	1.68790615242e-05	0	4.21976538104e-06	0	4.21976538104e-06	8.86150730019e-05	3.79778884294e-05	3.79778884294e-05	0.000810194953161	0	0	4.21976538104e-06	0.00084817284159	0.000248966157482	1.26592961431e-05	0	0	4.64174191915e-05	0.000219427799814	0.002093003629	0.000139252257574	0.0103257658874	0.00143050046417	0.00207190480209	0.000919908853068	0	0.000409317241961	3.79778884294e-05	0.000185669676766	3.37581230484e-05	0	0	0
0.0100810194953	0	0.000662503164824	0	0	8.43953076209e-06	0	0.0130137564351	0.000286944045911	0.000312262638197	3.37581230484e-05	0.000244746392101	0	2.10988269052e-05	0.0080597518778	4.64174191915e-05	0.00028272428053	0.00531690438012	8.01755422399e-05	0.00210566292514	8.43953076209e-06	0.0148198160182	0.000295383576673	0.00608068191409	0.00422398514643	0	0.00148957717951	0.000569668326441	0.016212338594	0.0105578529834	0.0477128871635	4.21976538104e-06	1.26592961431e-05	0.00259515570934	0.014330323234	0	8.43953076209e-06	0	0	4.21976538104e-06	0	0	0	0	0.000236306861339	1.26592961431e-05	0	0	4.21976538104e-06	0	0	8.43953076209e-06	4.21976538104e-06	0	1.26592961431e-05	0	0.000113933665288	0	2.53185922863e-05	0.000118153430669	0	8.43953076209e-06	0	0.000185669676766	0	0	0	0	0	4.21976538104e-06	0.000751118237826	0.000219427799814	0.00473035699215	0.00123217149127	0.000810194953161	4.21976538104e-05	1.26592961431e-05	5.48569499536e-05	8.43953076209e-06	4.21976538104e-06	4.21976538104e-06	4.21976538104e-06	0	0
4.21976538104e-06	4.21976538104e-06	0	0	2.53185922863e-05	0	0.000206768503671	0.00024052662672	4.21976538104e-06	0	0.000316482403578	0.000957886741497	0.000156131319099	0.00346020761246	1.26592961431e-05	0	0	0	0.000135032492193	4.21976538104e-06	0.000219427799814	0	0	0	4.21976538104e-06	0.00024052662672	0.00197063043295	0.00084817284159	1.26592961431e-05	0.000151911553718	4.21976538104e-06	0.00373449236222	0	0	0.000527470672631	0	0.000181449911385	0	0	1.26592961431e-05	0	0	8.43953076209e-06	0	0	8.43953076209e-06	0.000109713899907	4.64174191915e-05	0.000164570849861	0	0	0	0	4.21976538104e-05	0	0	0	0	0	4.21976538104e-06	5.90767153346e-05	0.000582327622584	6.75162460967e-05	1.26592961431e-05	4.21976538104e-06	0	7.17360114778e-05	0	0	8.43953076209e-06	0.000113933665288	0.000818634483923	0.000561228795679	4.64174191915e-05	0	0	1.68790615242e-05	3.37581230484e-05	0.000223647565195	1.26592961431e-05	4.21976538104e-06	0	0	0
0	0	0	0	5.48569499536e-05	0.000966326272259	0.00477255464596	0.000409317241961	0.00243058485948	0	0.00245168368639	0.00024052662672	0.000856612372352	0.000308042872816	0.00510169634568	0.000451514895772	0	0	8.43953076209e-06	8.43953076209e-06	0.000396657945818	0	0	0	2.95383576673e-05	0	0	0	0.000417756772723	0.00201704785214	1.26592961431e-05	0	0.00801755422399	1.26592961431e-05	0.00207190480209	0	0	0	0	1.26592961431e-05	0	0	0	0	8.43953076209e-06	4.21976538104e-06	0	5.48569499536e-05	0	0	0	0	0	0	0	0	8.43953076209e-06	0	0	4.21976538104e-06	0	0	0	1.26592961431e-05	0	0	0	0	0	0	0.000679382226348	1.26592961431e-05	0.000881930964638	0.00040509747658	0.000759557768588	0.00213520128281	0	1.68790615242e-05	0	0	0	0	0	0
0.000746898472445	8.43953076209e-06	1.26592961431e-05	0	1.68790615242e-05	1.68790615242e-05	4.21976538104e-06	0.000544349734155	5.90767153346e-05	0.00164992826399	4.21976538104e-05	0.000286944045911	1.68790615242e-05	8.43953076209e-06	0.000434635834248	0.000113933665288	0	1.68790615242e-05	0.00016035108448	0.000329141699721	1.68790615242e-05	8.43953076209e-06	4.64174191915e-05	8.86150730019e-05	0.00332939488564	0	0.000113933665288	3.37581230484e-05	0.00514811376487	0.00441809435395	0.00259515570934	0	1.26592961431e-05	0.00847750865052	0.00616507722171	0	2.53185922863e-05	0	0	2.53185922863e-05	0	0	4.21976538104e-06	0	0.0012912482066	2.95383576673e-05	0	0	0	4.21976538104e-05	0	0	0	0	0	0.000118153430669	4.21976538104e-06	8.43953076209e-06	1.68790615242e-05	0.00126170984893	0	0	2.10988269052e-05	0.000421976538104	5.48569499536e-05	6.32964807157e-05	0	0	2.53185922863e-05	8.43953076209e-06	0.000291163811292	1.68790615242e-05	0.00535488226855	0.000489492784201	0.00183559794075	4.64174191915e-05	1.26592961431e-05	0.000248966157482	1.68790615242e-05	4.21976538104e-06	4.21976538104e-06	4.21976538104e-06	0	0
0.00648999915605	8.01755422399e-05	0.00176808169466	0	0.00170900497932	8.01755422399e-05	0.00444763271162	0.00554055194531	0.00219005823276	0.00202126761752	0.00616085745633	0.0105789518103	0.00358258080851	0.00508481728416	0.00743944636678	0.000139252257574	0.00123639125665	0.00957464764959	0.00262047430163	0.0121698033589	0.00537598109545	0.00771373111655	0.000430416068867	0.00692041522491	0.0107899400793	8.43953076209e-06	0.00887416659634	0.00208034433286	0.0140855768419	0.0207274875517	0.014330323234	0.000527470672631	0.00207190480209	0.00616507722171	0.0694953160604	1.26592961431e-05	0.00024052662672	4.21976538104e-05	0	0.000227867330576	0	0.000333361465103	4.64174191915e-05	0.000409317241961	0.00201282808676	0.000295383576673	0	0.000662503164824	4.21976538104e-06	0.00060764621487	0	8.01755422399e-05	6.75162460967e-05	0	0.000206768503671	0.000168790615242	0.000227867330576	0.00020254873829	0.000181449911385	0.0019368723099	0	9.2834838383e-05	0.000189889442147	0.00124483078741	0.000742678707064	6.32964807157e-05	0	0	4.21976538104e-05	0.000936787914592	0.0100092834838	0.000704700818634	0.0353025571778	0.0073466115284	0.00515233353026	0.00163304920246	2.53185922863e-05	0.00223647565195	8.43953076209e-05	0.000658283399443	0.000236306861339	5.06371845725e-05	0	0
0	0	5.90767153346e-05	0	0	0	4.21976538104e-06	0	0	4.21976538104e-06	0	0	4.21976538104e-06	0	0	0	0	0.000135032492193	0	0	0	0	4.21976538104e-06	0.000139252257574	4.21976538104e-06	0	0	8.43953076209e-06	4.21976538104e-06	4.21976538104e-06	0	0	0	0	1.26592961431e-05	0.0209975525361	1.26592961431e-05	0.000261625453625	0	0	0	2.10988269052e-05	0.00616085745633	0.000793315891636	4.21976538104e-06	0.000151911553718	0	8.43953076209e-06	0	0.0128323065238	0	5.48569499536e-05	0.00281880327454	4.21976538104e-06	0.00240104650181	0	0.00132078656427	0.000147691788337	0.00235462908262	0.00166680732551	0	0.00105494134526	3.37581230484e-05	0.00479787323825	0.0123681323318	0.00681492109039	0	0	0.00103384251836	0.00131656679889	2.10988269052e-05	0	1.68790615242e-05	8.43953076209e-06	0	0	0	0.000413537007342	8.86150730019e-05	0.000784876360874	0.000586547387965	0.000261625453625	8.43953076209e-06	4.21976538104e-06
4.21976538104e-06	0.00447717106929	0.0093045826652	0	0	0	0	4.21976538104e-06	0	2.10988269052e-05	0	0.000278504515149	0	0.00292007764368	4.21976538104e-06	0	0.00052325090725	0.00196641066757	0.000168790615242	0.00175120263313	0	0.000257405688244	8.43953076209e-05	0.000299603342054	0.000447295130391	0.00279348468225	0.0168453034011	0.0158367794751	0.000210988269052	0	8.43953076209e-06	0.000181449911385	0	2.53185922863e-05	0.00024052662672	1.26592961431e-05	0.0502869440459	0.000599206684108	0	0	0.00012237319605	0	0.000236306861339	4.21976538104e-06	0.00490758713816	0.000215208034433	0.000358680057389	0	0.00454890708077	0.000126592961431	0.000278504515149	0.000949447210735	0.00253607899401	0.000941007679973	0.00579795763356	2.53185922863e-05	5.06371845725e-05	0.00923284665373	0.00148113764875	0.00498776268039	0.00954510929192	0.0121571440628	0.0309140011815	7.17360114778e-05	0.000248966157482	1.26592961431e-05	5.06371845725e-05	0	0	0.00113933665288	0.00360367963541	0.00121107266436	0.000620305511014	0.000198328972909	0	2.95383576673e-05	8.86150730019e-05	0.00116887501055	0.00113933665288	0.00114777618364	6.32964807157e-05	0.000611865980251	0	7.59557768588e-05
0	0	0.00116043547979	0	0	0	0	0	0	0	0	4.21976538104e-06	0	0	0	0	2.53185922863e-05	0.000510591611106	4.21976538104e-06	8.43953076209e-06	0	1.68790615242e-05	0	0.000291163811292	2.10988269052e-05	0	1.26592961431e-05	0.000253185922863	1.68790615242e-05	0	0	0	0	0	4.21976538104e-05	0.000261625453625	0.000599206684108	0.0187610768841	0	0	0	0	0.000274284749768	9.7054603764e-05	4.21976538104e-06	1.68790615242e-05	4.21976538104e-06	0	0	0.000232087095957	0	0.000540129968774	0.00194531184066	0	0.000552789264917	0	0.000552789264917	0.000481053253439	0.0116592117478	1.68790615242e-05	0	0.0034728669086	0.00874335386952	0.000624525276395	3.37581230484e-05	0.000346020761246	0	0	0	0.000164570849861	0.000168790615242	6.75162460967e-05	8.43953076209e-05	2.53185922863e-05	0	0	0	0.000194109207528	2.95383576673e-05	0.000333361465103	0.000198328972909	4.21976538104e-05	4.21976538104e-06	0
0	0	0	0	0	0	0	0	0	0	0	0	0	0	0	0	0	0	0	0	0	0	0	0	0	0	0	0	0	0	0	0	0	0	0	0	0	0	0	0	0	0	0	0	0	0	0	0	0	0	0	0	0	0	0	0	0	0	0	0	0	0	0	0	0	0	0	0	0	0	0	0	0	0	0	0	0	0	0	0	0	0	0	0
