0.0167645241038	4.4146212255e-05	3.67885102125e-06	0	0.00017658484902	0	0.000161869444935	0.00680587438931	0.00504002589911	0.000934428159397	0.0010742244982	0.000356848549061	7.3577020425e-05	0	0.00872255577138	0.000150832891871	2.20731061275e-05	9.19712755312e-05	0.000180263700041	0.000356848549061	3.67885102125e-06	4.78250632762e-05	6.62193183825e-05	8.09347224675e-05	0.000312702336806	3.67885102125e-06	0.00014715404085	0.000367885102125	0.00142739419624	0.00781755842015	0.00542998410736	0	0	9.93289775737e-05	0.000934428159397	0	2.20731061275e-05	0	0	3.67885102125e-05	0	0	3.67885102125e-06	1.4715404085e-05	0.000397315910295	3.67885102125e-06	0	0	0	1.10365530637e-05	0	0.000143475189829	7.3577020425e-06	0	3.67885102125e-06	3.67885102125e-06	0.000165548295956	0.000136117487786	7.3577020425e-06	0.000544469951145	0	0	3.31096591912e-05	9.56501265525e-05	0.000272234975572	0.000217052210254	0	0	0.000198657955147	0.000121402083701	0.000132438636765	5.51827653187e-05	0.000496644887869	1.83942551062e-05	4.78250632762e-05	7.3577020425e-06	3.67885102125e-06	0.000103007828595	4.4146212255e-05	1.10365530637e-05	3.67885102125e-06	0	0	0
4.4146212255e-05	0.0181367355348	0.000724733651186	0	1.10365530637e-05	0	0.000158190593914	0.000220731061275	0.000154511742892	0.00201968921067	5.15039142975e-05	0.000305344634764	0.00032373888987	0.000813026075696	0.000136117487786	0.000309023485785	0.000467214079699	0.000132438636765	3.31096591912e-05	0.000798310671611	3.67885102125e-06	0.000150832891871	0.00265613043734	0.000150832891871	0.00154879627995	0.00362734710695	0.00551827653187	0.0110402319148	0.000338454293955	7.3577020425e-06	1.83942551062e-05	3.31096591912e-05	0	0	0.00142371534522	3.67885102125e-06	0.0091419447878	0.000537112249102	0	1.10365530637e-05	0	2.20731061275e-05	7.3577020425e-06	2.57519571487e-05	1.4715404085e-05	1.4715404085e-05	0.000194979104126	1.4715404085e-05	0.000404673612337	0.000103007828595	0	0.000180263700041	0.000305344634764	1.10365530637e-05	0.000209694508211	3.67885102125e-06	7.3577020425e-06	0.000154511742892	0.000103007828595	0.000437783271529	0.00438886926835	0.00348755076814	0.010907793278	3.67885102125e-05	0.000154511742892	8.09347224675e-05	9.19712755312e-05	0	0	0.000467214079699	0.00231767614339	0.00044146212255	0.000934428159397	6.98981694037e-05	3.31096591912e-05	1.10365530637e-05	0.000224409912296	0.00123609394314	0.00133174406969	0.00148257696156	5.51827653187e-05	3.67885102125e-06	0	1.10365530637e-05
3.67885102125e-06	0.000724733651186	0.0404342515745	0	0	0	1.83942551062e-05	0.00327049855789	8.46135734887e-05	0.000297986932721	9.56501265525e-05	0.000389958208252	3.67885102125e-05	4.04673612337e-05	2.20731061275e-05	3.31096591912e-05	0.000305344634764	0.00159662134322	0.000154511742892	0.000908676202249	7.3577020425e-06	0.00064747777974	0.00044146212255	0.00949143563482	0.000504002589911	5.51827653187e-05	0.00855700747543	0.0138251221379	0.00549988227677	6.62193183825e-05	0.000967537818588	2.20731061275e-05	1.4715404085e-05	1.83942551062e-05	0.00130231326152	0	0.00827373594679	0.00599652716464	0	0	0	1.83942551062e-05	8.09347224675e-05	0.000110365530637	4.04673612337e-05	4.4146212255e-05	6.62193183825e-05	7.3577020425e-06	4.4146212255e-05	0.00014715404085	0	0.000301665783742	0.00267084584143	1.10365530637e-05	0.000982253222673	1.4715404085e-05	6.62193183825e-05	0.000231767614339	0.00246850903526	0.00026487727353	0.000217052210254	0.00350962387427	0.00357584319265	0.000121402083701	5.886161634e-05	5.15039142975e-05	3.31096591912e-05	0	0	0.0002943080817	0.00373771263759	0.000893960798164	0.00260830537407	0.000364206251104	0.000242804167402	2.20731061275e-05	2.20731061275e-05	0.000555506504209	0.000662193183825	0.000286950379657	9.19712755312e-05	1.10365530637e-05	0	7.3577020425e-06
0	0	0	0	0	0	0	0	0	0	0	0	0	0	0	0	0	0	0	0	0	0	0	0	0	0	0	0	0	0	0	0	0	0	0	0	0	0	0	0	0	0	0	0	0	0	0	0	0	0	0	0	0	0	0	0	0	0	0	0	0	0	0	0	0	0	0	0	0	0	0	0	0	0	0	0	0	0	0	0	0	0	0	0
0.00017658484902	1.10365530637e-05	0	0	0.0232098710931	7.3577020425e-06	0.0010558302431	0.00118459002884	0.000331096591912	0.00350594502325	0.00249793984343	0.000239125316381	0.0064232738831	0	0.000172905997999	0.000309023485785	0	0	0.000125080934722	4.4146212255e-05	0.0102051327329	0	3.67885102125e-06	0	0.0139869915828	3.67885102125e-06	0.000143475189829	7.3577020425e-06	0.0105950909412	0.000132438636765	1.4715404085e-05	0	1.83942551062e-05	0	0.000286950379657	0	1.4715404085e-05	7.3577020425e-06	0	0.00437047501324	0	4.78250632762e-05	9.56501265525e-05	4.78250632762e-05	0.0034102948967	0.00187253516982	7.3577020425e-06	0.00103743598799	3.67885102125e-06	2.20731061275e-05	0.000136117487786	3.67885102125e-06	0	3.67885102125e-06	0	0.00498852198481	1.4715404085e-05	1.83942551062e-05	7.3577020425e-06	0.00669550885867	3.67885102125e-06	1.10365530637e-05	2.20731061275e-05	0.00252001294956	4.4146212255e-05	0	0	0	2.57519571487e-05	3.31096591912e-05	0.000114044381659	3.67885102125e-05	0.000456177526635	0.000169227146977	0.000128759785744	5.886161634e-05	3.67885102125e-06	7.3577020425e-05	1.10365530637e-05	1.10365530637e-05	3.67885102125e-06	0.000231767614339	0	0
0	0	0	0	7.3577020425e-06	0.00579051150745	0.00304240979457	0.000187621402084	0.00173641768203	4.04673612337e-05	0.000290629230679	3.31096591912e-05	0.00011772323268	7.3577020425e-06	8.09347224675e-05	0.00143107304727	0	0	0	0	0.000132438636765	0	2.943080817e-05	0	7.3577020425e-06	0	3.67885102125e-06	0	4.78250632762e-05	7.3577020425e-06	0	0	0.00136117487786	0	0.000250161869445	0	0	0	0	0	0	0	0	3.67885102125e-06	0	0	0	0	0	0	0	3.67885102125e-05	0	0	0	0	0	3.31096591912e-05	0	3.67885102125e-05	0	0	0	7.3577020425e-06	0	3.67885102125e-06	0	0	0	0	0.000327417740891	0	6.98981694037e-05	2.57519571487e-05	0.000551827653187	0.000728412502207	0	3.67885102125e-06	0	0	0	0	0	0
0.000161869444935	0.000158190593914	1.83942551062e-05	0	0.0010558302431	0.00304240979457	0.0484578256519	0.00629083524634	0.0259800459121	0.000710018247101	0.0167829183589	0.00347651421508	0.0101131614574	0.000161869444935	0.00693095532403	0.00290629230679	1.10365530637e-05	7.3577020425e-06	0.0011772323268	5.886161634e-05	0.00639384307493	1.4715404085e-05	0.000272234975572	2.943080817e-05	0.00129127670846	0.000187621402084	0.00122505739008	0.000231767614339	0.00157822708812	0.000452498675614	4.04673612337e-05	0	0.00100800517982	3.67885102125e-06	0.00431897109895	3.67885102125e-06	8.09347224675e-05	1.4715404085e-05	0	1.83942551062e-05	0	0	0.000378921655189	6.25404673612e-05	4.04673612337e-05	1.4715404085e-05	4.78250632762e-05	4.78250632762e-05	1.83942551062e-05	1.4715404085e-05	7.3577020425e-06	0.000132438636765	0	1.83942551062e-05	3.67885102125e-06	5.15039142975e-05	4.78250632762e-05	0.00011772323268	4.78250632762e-05	0.000228088763317	7.3577020425e-06	2.20731061275e-05	8.09347224675e-05	0.00014715404085	3.67885102125e-05	3.67885102125e-05	7.3577020425e-06	0	0	0.000202336806169	0.0021815586556	0.00026487727353	0.00311230796398	0.000345811995997	0.00411295544176	0.00052975454706	6.62193183825e-05	0.000426746718465	0.000128759785744	0.000272234975572	0.000183942551062	1.83942551062e-05	3.67885102125e-06	0
0.00680587438931	0.000220731061275	0.00327049855789	0	0.00118459002884	0.000187621402084	0.00629083524634	0.0690373182648	0.015064894932	0.00274074401083	0.0126037435988	0.00334407557832	0.000779916416505	2.20731061275e-05	0.00896168108776	0.00102272058391	0.000110365530637	0.00284743069045	0.00132070751663	0.00414974395197	0.000272234975572	0.00104479369003	0.000798310671611	0.00382968391312	0.00271131320266	3.67885102125e-06	0.00758579080582	0.002424362823	0.0239677144034	0.00372667608453	0.0139097357113	1.10365530637e-05	0.000183942551062	0.000125080934722	0.0065961798811	2.20731061275e-05	0.000371563953146	0.000342133144976	0	0.000419389016422	0	0.00011772323268	0.000349490847019	0.000687945140974	0.000566543057272	0.000507681440932	9.93289775737e-05	0.00026487727353	1.10365530637e-05	0.000191300253105	3.67885102125e-06	0.000581258461357	0.000566543057272	8.46135734887e-05	0.000595973865442	0.000680587438931	0.000360527400082	0.00070633939608	0.000809347224675	0.002770174819	0.000110365530637	0.000978574371652	0.000456177526635	0.0012471304962	0.000283271528636	0.000286950379657	1.10365530637e-05	0	0.000114044381659	0.000408352463359	0.00151568662075	0.00195346989228	0.00503634704809	0.00105950909412	0.00094178586144	0.000511360291954	7.3577020425e-06	0.0015414385779	0.000537112249102	0.000518717993996	0.000136117487786	7.3577020425e-06	7.3577020425e-06	7.3577020425e-06
0.00504002589911	0.000154511742892	8.46135734887e-05	0	0.000331096591912	0.00173641768203	0.0259800459121	0.015064894932	0.054020248396	0.000599652716464	0.011606774972	0.00267452469245	0.0026487727353	6.62193183825e-05	0.0195273412208	0.000868208841015	7.72558714462e-05	0.000172905997999	0.000445140973571	0.000478250632762	0.00321163694155	0.00014715404085	0.000430425569486	0.00020601565719	0.000584937312379	8.46135734887e-05	0.000595973865442	0.00101168403084	0.00209694508211	0.00160030019424	0.00250161869445	3.67885102125e-06	0.00067690858791	2.943080817e-05	0.00411295544176	1.10365530637e-05	8.09347224675e-05	1.83942551062e-05	0	3.31096591912e-05	0	0	0.000511360291954	0.000231767614339	0.00017658484902	2.943080817e-05	4.04673612337e-05	3.31096591912e-05	1.83942551062e-05	2.943080817e-05	0	0.000518717993996	5.15039142975e-05	2.20731061275e-05	5.886161634e-05	4.78250632762e-05	0.00011772323268	0.000400994761316	7.3577020425e-05	0.000831420330802	1.4715404085e-05	6.62193183825e-05	8.09347224675e-05	0.000489287185826	6.98981694037e-05	0.000183942551062	3.67885102125e-06	0	2.20731061275e-05	0.00026487727353	0.00268924009653	0.000489287185826	0.00223674142092	0.000132438636765	0.0042417152275	0.00041203131438	1.10365530637e-05	0.000636441226676	0.000161869444935	0.000371563953146	0.000250161869445	1.4715404085e-05	3.67885102125e-06	0
0.000934428159397	0.00201968921067	0.000297986932721	0	0.00350594502325	4.04673612337e-05	0.000710018247101	0.00274074401083	0.000599652716464	0.0370055624227	0.000518717993996	0.00113308611454	0.00465006769086	0.000309023485785	0.000776237565484	0.00416078050503	0.000934428159397	0.00035316969804	0.000437783271529	0.00135381717582	0.000540791100124	0.000555506504209	0.00990714580022	0.000209694508211	0.0207523986109	0.00190932368003	0.00103375713697	0.00576843840132	0.0125412031314	0.00338086408853	0.000680587438931	3.67885102125e-06	2.943080817e-05	0.000651156630761	0.00250161869445	0.000154511742892	0.000312702336806	3.67885102125e-05	0	0.002770174819	0	3.67885102125e-06	0.00112204956148	0.00011772323268	0.0105031196657	0.000448819824592	5.15039142975e-05	8.09347224675e-05	2.943080817e-05	0.000194979104126	4.04673612337e-05	0.00234342810054	1.83942551062e-05	4.04673612337e-05	2.20731061275e-05	0.00164076755548	0.000526075696039	0.00276649596798	0.000518717993996	0.0125412031314	4.04673612337e-05	0.000114044381659	0.000393637059274	0.00361631055389	0.000621725822591	0.000651156630761	0	0	0.00032373888987	0.000331096591912	0.0024758667373	0.000128759785744	0.00354273353346	0.000893960798164	0.000978574371652	0.000316381187827	2.57519571487e-05	0.00172170227794	0.000305344634764	0.000342133144976	0.000231767614339	0.000150832891871	0	3.67885102125e-06
0.0010742244982	5.15039142975e-05	9.56501265525e-05	0	0.00249793984343	0.000290629230679	0.0167829183589	0.0126037435988	0.011606774972	0.000518717993996	0.0504554417564	0.00599652716464	0.00437047501324	1.4715404085e-05	0.00480090058273	0.00038260050621	2.943080817e-05	9.93289775737e-05	0.00145314615339	0.00111469185944	0.00632762375655	0.000125080934722	0.000268556124551	0.000114044381659	0.00118459002884	1.10365530637e-05	0.00253104950262	0.000599652716464	0.00840617458355	0.00101904173289	0.000172905997999	0	0.000283271528636	0	0.00725837306492	3.67885102125e-06	0.000136117487786	5.886161634e-05	0	0.000787274118547	0	1.83942551062e-05	4.78250632762e-05	4.04673612337e-05	0.000217052210254	0.000643798928719	1.4715404085e-05	0.000202336806169	7.3577020425e-06	5.51827653187e-05	7.3577020425e-06	5.51827653187e-05	0.00023544646536	3.67885102125e-06	0.000228088763317	0.0012471304962	3.67885102125e-05	4.4146212255e-05	0.000128759785744	0.00148993466361	4.04673612337e-05	0.000261198422509	0.000187621402084	0.000595973865442	7.3577020425e-05	3.67885102125e-06	0	0	1.10365530637e-05	0.000103007828595	0.0013685325799	0.000698981694037	0.005713255636	0.000504002589911	0.000632762375655	0.000375242804167	1.4715404085e-05	0.000290629230679	5.886161634e-05	0.000103007828595	3.31096591912e-05	2.20731061275e-05	3.67885102125e-06	3.67885102125e-06
0.000356848549061	0.000305344634764	0.000389958208252	0	0.000239125316381	3.31096591912e-05	0.00347651421508	0.00334407557832	0.00267452469245	0.00113308611454	0.00599652716464	0.0389700688681	0.00243539937607	0.00332568132321	0.00173273883101	4.78250632762e-05	0.00047089293072	0.00262302077815	0.0112940726352	0.0134204485255	0.00258255341692	0.00122505739008	0.000334775442934	0.000835099181824	0.000577579610336	0.000952822414504	0.0112793572311	0.00263405733121	0.00410191888869	0.00261198422509	0.00187989287186	0.000334775442934	0.000540791100124	0.000621725822591	0.0208259756313	7.3577020425e-06	0.000220731061275	4.04673612337e-05	0	0.000121402083701	0	0	1.83942551062e-05	6.98981694037e-05	0.000687945140974	7.3577020425e-06	0.000728412502207	7.3577020425e-06	0.000849814585909	1.10365530637e-05	0	0.000121402083701	7.3577020425e-06	6.25404673612e-05	1.83942551062e-05	7.3577020425e-06	8.46135734887e-05	0.000165548295956	0.000121402083701	0.00079463182059	0.000522396845017	0.000849814585909	0.000334775442934	4.4146212255e-05	2.57519571487e-05	7.3577020425e-06	0.000231767614339	0	1.83942551062e-05	8.829242451e-05	0.00515039142975	0.00320060038849	0.0175481193714	0.000761522161399	0.00014715404085	0.000209694508211	0.000702660545059	0.00014715404085	0.000430425569486	0.000187621402084	9.19712755312e-05	4.78250632762e-05	3.67885102125e-06	7.3577020425e-06
7.3577020425e-05	0.00032373888987	3.67885102125e-05	0	0.0064232738831	0.00011772323268	0.0101131614574	0.000779916416505	0.0026487727353	0.00465006769086	0.00437047501324	0.00243539937607	0.0311488315969	0.000180263700041	0.00108526105127	0.00419756901525	1.4715404085e-05	0	0.00108526105127	6.62193183825e-05	0.0149250985932	7.3577020425e-06	0.00103743598799	1.4715404085e-05	0.00698245923833	0.000728412502207	0.00139796338807	0.000684266289952	0.00265613043734	0.000125080934722	3.31096591912e-05	0	6.25404673612e-05	3.67885102125e-06	0.00257519571487	3.67885102125e-06	1.10365530637e-05	7.3577020425e-06	0	0.000695302843016	0	0.000180263700041	7.3577020425e-06	3.31096591912e-05	0.00101904173289	0.000220731061275	4.04673612337e-05	0.00165548295956	7.3577020425e-06	3.67885102125e-06	4.78250632762e-05	1.10365530637e-05	0	1.4715404085e-05	3.67885102125e-06	0.00102639943493	3.67885102125e-06	1.83942551062e-05	1.4715404085e-05	0.00103743598799	0	3.67885102125e-05	7.3577020425e-06	0.00020601565719	5.15039142975e-05	3.67885102125e-06	3.67885102125e-06	0	3.67885102125e-06	5.51827653187e-05	0.000191300253105	0.000209694508211	0.00297251162517	0.000257519571487	0.000816704926717	0.000194979104126	6.25404673612e-05	0.000136117487786	1.4715404085e-05	3.31096591912e-05	0	5.51827653187e-05	0	0
0	0.000813026075696	4.04673612337e-05	0	0	7.3577020425e-06	0.000161869444935	2.20731061275e-05	6.62193183825e-05	0.000309023485785	1.4715404085e-05	0.00332568132321	0.000180263700041	0.0156792630526	8.829242451e-05	5.15039142975e-05	7.3577020425e-06	3.67885102125e-06	0.000367885102125	0.000150832891871	8.46135734887e-05	7.3577020425e-06	0.000360527400082	2.57519571487e-05	0.000220731061275	0.00611425039732	0.00643431043616	0.00398787450703	2.57519571487e-05	3.31096591912e-05	0	0.00237285890871	5.886161634e-05	0	0.000261198422509	1.10365530637e-05	0.000110365530637	7.3577020425e-06	0	0	0	7.3577020425e-06	7.3577020425e-06	0	4.4146212255e-05	1.10365530637e-05	0.0031674907293	7.3577020425e-06	0.0063018717994	1.10365530637e-05	0	3.67885102125e-06	3.67885102125e-06	2.57519571487e-05	1.4715404085e-05	3.67885102125e-06	0	4.78250632762e-05	3.67885102125e-06	2.943080817e-05	0.00378185884984	0.00286214609453	0.00128024015539	0	3.31096591912e-05	7.3577020425e-06	0.00250529754547	0	0	4.04673612337e-05	0.000194979104126	0.00239125316381	0.000750485608335	3.67885102125e-06	0	1.83942551062e-05	0.000743127906292	2.57519571487e-05	0.00176952734122	3.31096591912e-05	1.4715404085e-05	0	0	4.4146212255e-05
0.00872255577138	0.000136117487786	2.20731061275e-05	0	0.000172905997999	8.09347224675e-05	0.00693095532403	0.00896168108776	0.0195273412208	0.000776237565484	0.00480090058273	0.00173273883101	0.00108526105127	8.829242451e-05	0.033234740126	0.000213373359232	2.943080817e-05	0.000110365530637	0.000356848549061	0.000327417740891	0.00148257696156	0.00026487727353	0.000217052210254	0.000154511742892	0.000327417740891	2.57519571487e-05	0.000456177526635	0.000544469951145	0.00167019836365	0.00545941491553	0.0036015951498	7.3577020425e-06	0.00113308611454	8.829242451e-05	0.00347651421508	7.3577020425e-06	9.93289775737e-05	1.4715404085e-05	0	4.04673612337e-05	0	0	0.000371563953146	6.62193183825e-05	0.000320060038849	7.3577020425e-06	1.83942551062e-05	1.10365530637e-05	3.67885102125e-06	2.20731061275e-05	0	0.000257519571487	3.67885102125e-05	2.20731061275e-05	3.67885102125e-05	1.4715404085e-05	7.3577020425e-05	0.000217052210254	3.67885102125e-05	0.000632762375655	0	4.04673612337e-05	9.93289775737e-05	0.000213373359232	0.000103007828595	0.000110365530637	0	0	6.98981694037e-05	0.000250161869445	0.00168859261875	0.000275913826594	0.00306080404968	0.000242804167402	0.00213373359232	0.000577579610336	7.3577020425e-06	0.000423067867444	0.00017658484902	0.000327417740891	0.000191300253105	1.10365530637e-05	0	0
0.000150832891871	0.000309023485785	3.31096591912e-05	0	0.000309023485785	0.00143107304727	0.00290629230679	0.00102272058391	0.000868208841015	0.00416078050503	0.00038260050621	4.78250632762e-05	0.00419756901525	5.15039142975e-05	0.000213373359232	0.00979310141856	2.57519571487e-05	7.3577020425e-06	1.10365530637e-05	5.886161634e-05	0.000445140973571	0	0.00116251692271	7.3577020425e-06	0.00140532109012	0.000651156630761	0.000165548295956	0.000717375949144	0.00104111483901	0.000180263700041	4.4146212255e-05	0	6.62193183825e-05	7.3577020425e-06	0.000132438636765	0	7.3577020425e-06	7.3577020425e-06	0	0	0	0	0	3.67885102125e-06	1.4715404085e-05	3.67885102125e-06	0	0	3.67885102125e-06	0	0	1.10365530637e-05	0	0	0	0	3.67885102125e-06	1.4715404085e-05	7.3577020425e-06	1.10365530637e-05	0	7.3577020425e-06	3.67885102125e-06	1.10365530637e-05	0	0	0	0	0	3.67885102125e-06	0.000183942551062	0	0.000154511742892	5.15039142975e-05	0.000309023485785	3.31096591912e-05	3.67885102125e-06	2.943080817e-05	0	3.67885102125e-06	0	0	0	0
2.20731061275e-05	0.000467214079699	0.000305344634764	0	0	0	1.10365530637e-05	0.000110365530637	7.72558714462e-05	0.000934428159397	2.943080817e-05	0.00047089293072	1.4715404085e-05	7.3577020425e-06	2.943080817e-05	2.57519571487e-05	0.0279997351227	8.46135734887e-05	9.19712755312e-05	0.000507681440932	0	0.00267452469245	0.0135234563541	0.00698245923833	0.00747542527518	2.943080817e-05	0.00184678321267	0.0111763494026	0.00303873094355	5.51827653187e-05	0.000228088763317	3.67885102125e-06	0	1.4715404085e-05	0.00061804697157	0	0.00101904173289	0.000496644887869	0	0	0	0	3.67885102125e-06	7.3577020425e-06	3.31096591912e-05	1.83942551062e-05	0	0	0	1.83942551062e-05	0	0.0046059214786	2.57519571487e-05	0	0	1.10365530637e-05	0.000846135734887	0.00804564718347	0.00338822179057	7.3577020425e-05	2.943080817e-05	0.000228088763317	0.00366781446819	2.20731061275e-05	1.83942551062e-05	7.3577020425e-06	0	0	3.67885102125e-06	5.51827653187e-05	0.00573532874213	0.00110365530637	0.000993289775737	0.000217052210254	1.10365530637e-05	1.10365530637e-05	1.10365530637e-05	0.000721054800165	0.000434104420507	8.46135734887e-05	1.10365530637e-05	3.67885102125e-06	0	3.67885102125e-06
9.19712755312e-05	0.000132438636765	0.00159662134322	0	0	0	7.3577020425e-06	0.00284743069045	0.000172905997999	0.00035316969804	9.93289775737e-05	0.00262302077815	0	3.67885102125e-06	0.000110365530637	7.3577020425e-06	8.46135734887e-05	0.0226617222909	0.002251456825	0.0108158220025	0	0.00146418270646	0.000261198422509	0.00680955324033	0.000250161869445	0	0.00548148802166	0.00374874919065	0.000849814585909	0.000301665783742	0.00514671257873	7.3577020425e-06	0	4.04673612337e-05	0.00880716934487	1.10365530637e-05	0.000533433398081	0.000393637059274	0	0	0	0	1.4715404085e-05	1.4715404085e-05	0.000114044381659	7.3577020425e-06	6.98981694037e-05	0	3.67885102125e-06	6.62193183825e-05	0	9.93289775737e-05	0.000798310671611	2.57519571487e-05	0.000651156630761	0	0.000114044381659	4.78250632762e-05	0.000331096591912	0.000231767614339	1.83942551062e-05	0.00260462652304	0.00116987462476	6.98981694037e-05	2.943080817e-05	9.56501265525e-05	0	0	7.3577020425e-06	4.4146212255e-05	0.000415710165401	0.00222570486786	0.00151936547178	7.3577020425e-05	3.67885102125e-06	3.67885102125e-06	0	0.000250161869445	0.000250161869445	0.000143475189829	6.62193183825e-05	0	0	0
0.000180263700041	3.31096591912e-05	0.000154511742892	0	0.000125080934722	0	0.0011772323268	0.00132070751663	0.000445140973571	0.000437783271529	0.00145314615339	0.0112940726352	0.00108526105127	0.000367885102125	0.000356848549061	1.10365530637e-05	9.19712755312e-05	0.002251456825	0.0142739419624	0.00955029725116	0.000938107010419	0.000607010418506	4.78250632762e-05	0.000584937312379	0.000275913826594	0.000106686679616	0.00352801812938	0.00064747777974	0.00160765789629	0.00126920360233	0.00142739419624	3.31096591912e-05	5.15039142975e-05	0.000452498675614	0.00861586909177	0	7.3577020425e-05	3.67885102125e-06	0	4.78250632762e-05	0	0	1.4715404085e-05	1.4715404085e-05	0.00032373888987	3.67885102125e-06	0.000121402083701	3.67885102125e-06	7.3577020425e-05	3.67885102125e-06	0	3.31096591912e-05	0	2.943080817e-05	3.67885102125e-06	3.67885102125e-06	7.72558714462e-05	8.829242451e-05	8.09347224675e-05	0.000305344634764	0.000106686679616	0.000434104420507	0.000309023485785	1.4715404085e-05	7.3577020425e-06	0	2.943080817e-05	0	3.67885102125e-06	1.10365530637e-05	0.00073577020425	0.000290629230679	0.0060075637177	0.000375242804167	2.943080817e-05	5.51827653187e-05	7.3577020425e-06	4.4146212255e-05	4.04673612337e-05	4.4146212255e-05	2.57519571487e-05	2.57519571487e-05	0	0
0.000356848549061	0.000798310671611	0.000908676202249	0	4.4146212255e-05	0	5.886161634e-05	0.00414974395197	0.000478250632762	0.00135381717582	0.00111469185944	0.0134204485255	6.62193183825e-05	0.000150832891871	0.000327417740891	5.886161634e-05	0.000507681440932	0.0108158220025	0.00955029725116	0.0329146800871	5.886161634e-05	0.00299090588028	0.00082406262876	0.00239493201483	0.000813026075696	7.72558714462e-05	0.0117318559068	0.00590823474013	0.00331832362117	0.00164812525752	0.00505106245217	7.3577020425e-06	0	0.000607010418506	0.0199651244923	3.67885102125e-06	0.00119194773088	0.000217052210254	0	5.15039142975e-05	0	0	1.83942551062e-05	2.943080817e-05	0.000537112249102	7.3577020425e-06	0.000161869444935	3.67885102125e-06	4.04673612337e-05	5.15039142975e-05	0	0.000121402083701	0.000297986932721	3.31096591912e-05	2.57519571487e-05	3.67885102125e-06	0.000132438636765	0.000209694508211	0.000231767614339	0.000566543057272	0.000511360291954	0.00303505209253	0.00215948554947	2.943080817e-05	1.83942551062e-05	7.3577020425e-06	2.20731061275e-05	0	1.10365530637e-05	4.78250632762e-05	0.00486344105009	0.00070633939608	0.0123057566661	0.000783595267526	2.57519571487e-05	6.98981694037e-05	3.67885102125e-06	9.56501265525e-05	6.98981694037e-05	0.000478250632762	7.3577020425e-05	4.04673612337e-05	0	0
3.67885102125e-06	3.67885102125e-06	7.3577020425e-06	0	0.0102051327329	0.000132438636765	0.00639384307493	0.000272234975572	0.00321163694155	0.000540791100124	0.00632762375655	0.00258255341692	0.0149250985932	8.46135734887e-05	0.00148257696156	0.000445140973571	0	0	0.000938107010419	5.886161634e-05	0.0241994820178	7.3577020425e-06	1.4715404085e-05	1.10365530637e-05	0.00732091353229	2.20731061275e-05	0.00109261875331	2.57519571487e-05	0.00273706515981	6.98981694037e-05	1.4715404085e-05	0	6.62193183825e-05	3.67885102125e-06	0.0027186709047	3.67885102125e-06	7.3577020425e-06	3.67885102125e-06	0	0.000364206251104	0	3.67885102125e-06	1.4715404085e-05	1.83942551062e-05	0.000423067867444	0.000143475189829	1.4715404085e-05	0.000114044381659	3.67885102125e-06	3.67885102125e-06	4.04673612337e-05	0	0	1.10365530637e-05	0	0.00047089293072	0	0	1.83942551062e-05	0.0005886161634	3.67885102125e-06	3.67885102125e-06	1.4715404085e-05	0.000161869444935	7.3577020425e-06	3.67885102125e-06	0	0	0	7.3577020425e-06	0.000320060038849	0.000169227146977	0.0023544646536	0.000161869444935	0.000695302843016	8.09347224675e-05	1.83942551062e-05	0.000114044381659	1.10365530637e-05	7.3577020425e-06	0	4.04673612337e-05	0	0
4.78250632762e-05	0.000150832891871	0.00064747777974	0	0	0	1.4715404085e-05	0.00104479369003	0.00014715404085	0.000555506504209	0.000125080934722	0.00122505739008	7.3577020425e-06	7.3577020425e-06	0.00026487727353	0	0.00267452469245	0.00146418270646	0.000607010418506	0.00299090588028	7.3577020425e-06	0.0419278650892	0.00455073871329	0.0190270174819	0.00121034198599	1.10365530637e-05	0.00146418270646	0.0028216787333	0.0121070987109	0.00261934192713	0.0108820413209	0	7.3577020425e-06	0.000669550885867	0.00757107540173	0	0.000485608334805	0.000375242804167	0	0	0	0	7.3577020425e-06	0	1.4715404085e-05	3.67885102125e-06	1.83942551062e-05	0	0	1.83942551062e-05	0	0.00210430278415	9.19712755312e-05	1.10365530637e-05	7.3577020425e-06	0	0.00257151686385	0.00414606510095	0.0044661251398	0.000522396845017	2.20731061275e-05	0.000150832891871	0.000897639649185	0.000114044381659	3.67885102125e-05	0.00023544646536	0	0	1.83942551062e-05	3.31096591912e-05	0.00333303902525	0.000522396845017	0.00545941491553	0.000974895520631	0.000378921655189	1.10365530637e-05	7.3577020425e-06	0.000261198422509	0.00035316969804	0.000121402083701	6.25404673612e-05	0	0	3.67885102125e-06
6.62193183825e-05	0.00265613043734	0.00044146212255	0	3.67885102125e-06	2.943080817e-05	0.000272234975572	0.000798310671611	0.000430425569486	0.00990714580022	0.000268556124551	0.000334775442934	0.00103743598799	0.000360527400082	0.000217052210254	0.00116251692271	0.0135234563541	0.000261198422509	4.78250632762e-05	0.00082406262876	1.4715404085e-05	0.00455073871329	0.036350726941	0.00693095532403	0.0106392371535	0.00197554299841	0.00142371534522	0.0130341691683	0.00383704161516	0.000246483018424	0.000544469951145	7.3577020425e-06	7.3577020425e-06	5.886161634e-05	0.00158558479016	7.3577020425e-06	0.0031674907293	0.000239125316381	0	0	0	0	1.10365530637e-05	1.4715404085e-05	9.56501265525e-05	3.67885102125e-06	3.67885102125e-05	0	3.67885102125e-05	2.57519571487e-05	0	0.0104479369003	3.31096591912e-05	1.4715404085e-05	1.83942551062e-05	3.67885102125e-06	0.00196082759433	0.0159073518159	0.00556242274413	0.00222570486786	5.886161634e-05	0.00023544646536	0.00513567602566	0.000198657955147	2.20731061275e-05	0.00014715404085	0	0	3.67885102125e-06	5.51827653187e-05	0.00321899464359	0.000779916416505	0.0015414385779	0.000272234975572	6.62193183825e-05	1.10365530637e-05	1.4715404085e-05	0.000577579610336	0.000662193183825	9.19712755312e-05	4.4146212255e-05	1.4715404085e-05	0	1.10365530637e-05
8.09347224675e-05	0.000150832891871	0.00949143563482	0	0	0	2.943080817e-05	0.00382968391312	0.00020601565719	0.000209694508211	0.000114044381659	0.000835099181824	1.4715404085e-05	2.57519571487e-05	0.000154511742892	7.3577020425e-06	0.00698245923833	0.00680955324033	0.000584937312379	0.00239493201483	1.10365530637e-05	0.0190270174819	0.00693095532403	0.0591853552299	0.000662193183825	0	0.00545573606451	0.00938842780623	0.00592662899523	0.000890281947142	0.00609953499323	3.67885102125e-06	7.3577020425e-06	0.000268556124551	0.00498116428277	3.67885102125e-06	0.00104111483901	0.00110365530637	0	0	0	0	1.4715404085e-05	7.3577020425e-06	3.67885102125e-05	3.67885102125e-06	8.829242451e-05	0	0	2.943080817e-05	0	0.00513567602566	0.000445140973571	2.20731061275e-05	0.000228088763317	0	0.000415710165401	0.00475307551945	0.00683530519748	0.000183942551062	3.67885102125e-05	0.000827741479781	0.00384807816823	9.56501265525e-05	4.78250632762e-05	0.000106686679616	0	0	7.3577020425e-06	7.3577020425e-05	0.00478250632762	0.00229192418624	0.00288789805168	0.000695302843016	0.000389958208252	2.20731061275e-05	7.3577020425e-06	0.000654835481782	0.00109261875331	0.000132438636765	7.72558714462e-05	3.67885102125e-06	0	1.10365530637e-05
0.000312702336806	0.00154879627995	0.000504002589911	0	0.0139869915828	7.3577020425e-06	0.00129127670846	0.00271131320266	0.000584937312379	0.0207523986109	0.00118459002884	0.000577579610336	0.00698245923833	0.000220731061275	0.000327417740891	0.00140532109012	0.00747542527518	0.000250161869445	0.000275913826594	0.000813026075696	0.00732091353229	0.00121034198599	0.0106392371535	0.000662193183825	0.0538289481429	0.000989610924716	0.00138324798399	0.00691991877097	0.0219627405969	0.00117355347578	0.000452498675614	3.67885102125e-06	3.31096591912e-05	0.000261198422509	0.00170698687386	2.57519571487e-05	0.00052975454706	0.000180263700041	0	0.00304976749662	0	2.20731061275e-05	0.00041203131438	0.0002943080817	0.00628347754429	0.00120298428395	3.31096591912e-05	0.000224409912296	2.20731061275e-05	5.51827653187e-05	3.31096591912e-05	0.00193139678616	1.83942551062e-05	3.67885102125e-05	7.3577020425e-06	0.00315277532521	0.000607010418506	0.00295043851904	0.000801989522632	0.00981885337571	3.67885102125e-05	0.000198657955147	0.000419389016422	0.00320427923951	0.000165548295956	0.000103007828595	0	0	7.72558714462e-05	0.000202336806169	0.00238021661075	0.000301665783742	0.00226617222909	0.00044146212255	0.000584937312379	0.000132438636765	2.943080817e-05	0.00085349343693	0.000180263700041	0.000231767614339	0.000121402083701	5.15039142975e-05	3.67885102125e-06	0
3.67885102125e-06	0.00362734710695	5.51827653187e-05	0	3.67885102125e-06	0	0.000187621402084	3.67885102125e-06	8.46135734887e-05	0.00190932368003	1.10365530637e-05	0.000952822414504	0.000728412502207	0.00611425039732	2.57519571487e-05	0.000651156630761	2.943080817e-05	0	0.000106686679616	7.72558714462e-05	2.20731061275e-05	1.10365530637e-05	0.00197554299841	0	0.000989610924716	0.0132070751663	0.00311966566602	0.00541158985226	1.83942551062e-05	3.67885102125e-06	0	0.000614368120549	0	3.67885102125e-06	8.46135734887e-05	1.83942551062e-05	0.000198657955147	3.67885102125e-06	0	0	0	3.67885102125e-06	3.67885102125e-06	0	1.10365530637e-05	7.3577020425e-06	0.00207487197598	3.67885102125e-06	0.00426746718465	2.57519571487e-05	0	3.67885102125e-06	3.31096591912e-05	2.57519571487e-05	3.31096591912e-05	0	3.67885102125e-06	1.10365530637e-05	1.10365530637e-05	3.67885102125e-06	0.00461695803167	0.00227352993113	0.00209694508211	0	4.04673612337e-05	1.4715404085e-05	0.00152672317382	7.3577020425e-06	0	5.51827653187e-05	7.3577020425e-05	0.00076520101242	0.000540791100124	0	0	0	0.00121769968803	7.3577020425e-05	0.000537112249102	1.83942551062e-05	1.4715404085e-05	0	0	5.886161634e-05
0.00014715404085	0.00551827653187	0.00855700747543	0	0.000143475189829	3.67885102125e-06	0.00122505739008	0.00758579080582	0.000595973865442	0.00103375713697	0.00253104950262	0.0112793572311	0.00139796338807	0.00643431043616	0.000456177526635	0.000165548295956	0.00184678321267	0.00548148802166	0.00352801812938	0.0117318559068	0.00109261875331	0.00146418270646	0.00142371534522	0.00545573606451	0.00138324798399	0.00311966566602	0.0784441403261	0.0285552416269	0.00412767084584	0.000316381187827	0.00445508858673	0.00277753252104	6.98981694037e-05	6.62193183825e-05	0.00911619283066	2.943080817e-05	0.00938474895521	0.00109629760433	0	1.10365530637e-05	0	1.10365530637e-05	4.04673612337e-05	4.04673612337e-05	0.000136117487786	4.78250632762e-05	0.00180999470245	1.4715404085e-05	0.0027002766496	0.000231767614339	0	0.000213373359232	0.00097121666961	0.00014715404085	0.0010043263288	1.4715404085e-05	7.3577020425e-05	0.000228088763317	0.000820383777739	0.000408352463359	0.00682426864442	0.0147411560421	0.0156020071811	0.000121402083701	0.00032373888987	0.00014715404085	0.00118826887986	0	2.20731061275e-05	0.000717375949144	0.00795367590794	0.00502898934605	0.00957604920831	0.000949143563482	1.83942551062e-05	8.09347224675e-05	0.000110365530637	0.00140899994114	0.00199393725352	0.00109261875331	9.19712755312e-05	3.67885102125e-06	3.67885102125e-06	2.57519571487e-05
0.000367885102125	0.0110402319148	0.0138251221379	0	7.3577020425e-06	0	0.000231767614339	0.002424362823	0.00101168403084	0.00576843840132	0.000599652716464	0.00263405733121	0.000684266289952	0.00398787450703	0.000544469951145	0.000717375949144	0.0111763494026	0.00374874919065	0.00064747777974	0.00590823474013	2.57519571487e-05	0.0028216787333	0.0130341691683	0.00938842780623	0.00691991877097	0.00541158985226	0.0285552416269	0.0957715286362	0.00292836541291	0.000297986932721	0.000908676202249	0.00201968921067	4.04673612337e-05	4.4146212255e-05	0.00788009888752	1.10365530637e-05	0.0224777797398	0.00467214079699	0	3.67885102125e-06	0	2.943080817e-05	2.20731061275e-05	4.04673612337e-05	0.000125080934722	7.72558714462e-05	0.000886603096121	1.83942551062e-05	0.00171066572488	9.56501265525e-05	0	0.00167019836365	0.000820383777739	2.943080817e-05	0.000231767614339	4.04673612337e-05	6.62193183825e-05	0.00409456118665	0.00304976749662	0.000772558714462	0.00542630525634	0.00712961327918	0.0240854376361	0.000106686679616	0.000121402083701	6.25404673612e-05	0.000658514332804	3.67885102125e-06	1.10365530637e-05	0.000581258461357	0.0138104067338	0.00171802342692	0.00878141738772	0.00112204956148	0.000345811995997	7.3577020425e-05	0.000301665783742	0.00242804167402	0.00236182235564	0.000849814585909	6.98981694037e-05	1.10365530637e-05	0	2.943080817e-05
0.00142739419624	0.000338454293955	0.00549988227677	0	0.0105950909412	4.78250632762e-05	0.00157822708812	0.0239677144034	0.00209694508211	0.0125412031314	0.00840617458355	0.00410191888869	0.00265613043734	2.57519571487e-05	0.00167019836365	0.00104111483901	0.00303873094355	0.000849814585909	0.00160765789629	0.00331832362117	0.00273706515981	0.0121070987109	0.00383704161516	0.00592662899523	0.0219627405969	1.83942551062e-05	0.00412767084584	0.00292836541291	0.0879098240038	0.00232135499441	0.00640855847902	2.20731061275e-05	0.000183942551062	0.000526075696039	0.00856804402849	0.000345811995997	0.000846135734887	0.00020601565719	0	0.00411295544176	0	0.00023544646536	0.00127288245335	0.000831420330802	0.00549252457472	0.00313805992113	0.000106686679616	0.00094178586144	1.10365530637e-05	0.000592295014421	1.83942551062e-05	0.00355009123551	9.93289775737e-05	7.72558714462e-05	4.4146212255e-05	0.00552195538289	0.00277385367002	0.0056433574666	0.00256783801283	0.0148110542115	5.15039142975e-05	0.000331096591912	0.000827741479781	0.00578683265642	0.00139796338807	0.00162973100241	7.3577020425e-06	0	0.000632762375655	0.000562864206251	0.00624668903408	0.000934428159397	0.00984460533286	0.00193139678616	0.0011073341574	0.000533433398081	2.20731061275e-05	0.00253472835364	0.000537112249102	0.00061804697157	0.000228088763317	5.15039142975e-05	0	3.67885102125e-06
0.00781755842015	7.3577020425e-06	6.62193183825e-05	0	0.000132438636765	7.3577020425e-06	0.000452498675614	0.00372667608453	0.00160030019424	0.00338086408853	0.00101904173289	0.00261198422509	0.000125080934722	3.31096591912e-05	0.00545941491553	0.000180263700041	5.51827653187e-05	0.000301665783742	0.00126920360233	0.00164812525752	6.98981694037e-05	0.00261934192713	0.000246483018424	0.000890281947142	0.00117355347578	3.67885102125e-06	0.000316381187827	0.000297986932721	0.00232135499441	0.0254392548119	0.00564703631762	0	0.000220731061275	0.00237653775973	0.0054704514686	7.3577020425e-06	6.98981694037e-05	5.51827653187e-05	0	0.000114044381659	0	0	3.31096591912e-05	0	0.00192403908411	3.67885102125e-06	3.67885102125e-06	0	3.67885102125e-06	1.10365530637e-05	0	0.000165548295956	1.10365530637e-05	0	0	3.67885102125e-06	0.000345811995997	0.000143475189829	0.00011772323268	0.00196818529637	3.67885102125e-06	1.10365530637e-05	0.000231767614339	0.00020601565719	0.000459856377656	0.000434104420507	0	0	0.00044146212255	0.000290629230679	0.000573900759315	0.000103007828595	0.00407616693154	0.000474571781741	0.000268556124551	0.000143475189829	1.83942551062e-05	0.000621725822591	0.000279592677615	9.56501265525e-05	8.829242451e-05	8.09347224675e-05	0	3.67885102125e-06
0.00542998410736	1.83942551062e-05	0.000967537818588	0	1.4715404085e-05	0	4.04673612337e-05	0.0139097357113	0.00250161869445	0.000680587438931	0.000172905997999	0.00187989287186	3.31096591912e-05	0	0.0036015951498	4.4146212255e-05	0.000228088763317	0.00514671257873	0.00142739419624	0.00505106245217	1.4715404085e-05	0.0108820413209	0.000544469951145	0.00609953499323	0.000452498675614	0	0.00445508858673	0.000908676202249	0.00640855847902	0.00564703631762	0.0441830007652	3.67885102125e-06	7.3577020425e-06	0.000687945140974	0.00973791865325	3.67885102125e-06	9.19712755312e-05	0.00032373888987	0	3.67885102125e-06	0	0	1.10365530637e-05	3.67885102125e-06	9.56501265525e-05	3.67885102125e-06	2.20731061275e-05	0	3.67885102125e-06	0.000114044381659	0	0.000893960798164	9.56501265525e-05	7.3577020425e-06	5.886161634e-05	0	0.00122505739008	0.0010558302431	0.00133910177173	0.00100064747778	2.20731061275e-05	0.000261198422509	0.000194979104126	0.000846135734887	0.000183942551062	0.000356848549061	3.67885102125e-06	0	0.000183942551062	0.000165548295956	0.000548148802166	0.000397315910295	0.00364942021308	0.000231767614339	0.000150832891871	1.4715404085e-05	0	0.00073577020425	0.000136117487786	1.83942551062e-05	3.67885102125e-06	3.67885102125e-06	0	0
0	3.31096591912e-05	2.20731061275e-05	0	0	0	0	1.10365530637e-05	3.67885102125e-06	3.67885102125e-06	0	0.000334775442934	0	0.00237285890871	7.3577020425e-06	0	3.67885102125e-06	7.3577020425e-06	3.31096591912e-05	7.3577020425e-06	0	0	7.3577020425e-06	3.67885102125e-06	3.67885102125e-06	0.000614368120549	0.00277753252104	0.00201968921067	2.20731061275e-05	0	3.67885102125e-06	0.00310862911296	0	0	1.10365530637e-05	3.67885102125e-06	1.10365530637e-05	3.67885102125e-06	0	0	0	3.67885102125e-06	3.67885102125e-06	0	0	1.10365530637e-05	0.000515039142975	3.67885102125e-06	0.00120666313497	3.67885102125e-06	0	3.67885102125e-06	0	3.67885102125e-06	0	0	0	3.67885102125e-06	0	0	0.000827741479781	0.00101904173289	0.000408352463359	0	1.4715404085e-05	3.67885102125e-06	0.000566543057272	0	0	1.83942551062e-05	5.51827653187e-05	0.000136117487786	3.67885102125e-05	0	0	0	0	3.67885102125e-06	0.000194979104126	1.4715404085e-05	0	0	0	0
0	0	1.4715404085e-05	0	1.83942551062e-05	0.00136117487786	0.00100800517982	0.000183942551062	0.00067690858791	2.943080817e-05	0.000283271528636	0.000540791100124	6.25404673612e-05	5.886161634e-05	0.00113308611454	6.62193183825e-05	0	0	5.15039142975e-05	0	6.62193183825e-05	7.3577020425e-06	7.3577020425e-06	7.3577020425e-06	3.31096591912e-05	0	6.98981694037e-05	4.04673612337e-05	0.000183942551062	0.000220731061275	7.3577020425e-06	0	0.00471260815822	7.3577020425e-06	0.00121769968803	3.67885102125e-06	3.67885102125e-06	0	0	0	0	0	3.67885102125e-06	3.67885102125e-06	7.3577020425e-06	1.10365530637e-05	0	0	0	1.4715404085e-05	0	3.67885102125e-06	3.67885102125e-06	3.67885102125e-06	0	0	0	3.67885102125e-06	0	1.10365530637e-05	0	3.67885102125e-06	3.67885102125e-06	0	2.20731061275e-05	1.10365530637e-05	0	0	0	3.67885102125e-05	0.000945464712461	2.943080817e-05	0.000927070457355	0.000231767614339	0.00105950909412	0.00168859261875	3.67885102125e-06	7.3577020425e-05	3.67885102125e-06	4.04673612337e-05	1.4715404085e-05	3.67885102125e-06	3.67885102125e-06	0
