0.032110962747	2.4500496135e-05	0.00587093138636	0	3.06256201688e-06	2.14379341182e-05	0.00118827406255	0.019413580625	0.0136559640333	2.4500496135e-05	0.000661513395646	0.000128627604709	4.28758682363e-05	0.000266442895469	0.0206355428697	0	1.22502480675e-05	0.0037914517769	3.06256201688e-06	0.000444071492448	5.81886783207e-05	0.00129852629516	0	0.00399664343203	0.000851392240693	0	0.00456321740515	0.00133527703936	0.00517572980853	0.00839141992625	0.00410383310262	4.28758682363e-05	1.53128100844e-05	0.000183753721013	0.00816172777499	0	4.59384302532e-05	3.06256201688e-05	0	0	0	0	0	0	1.22502480675e-05	0	0	0	0	0	0	0	0	0	0	0	3.06256201688e-06	1.53128100844e-05	2.4500496135e-05	9.18768605064e-06	0	6.12512403376e-06	8.88142984895e-05	0	0	0	0	0	0	0	0.000395070500178	7.96266124389e-05	0.00606081023141	0.00184366233416	0.000165378348912	0.000266442895469	0	1.22502480675e-05	6.12512403376e-06	6.12512403376e-06	1.83753721013e-05	0	0	0
2.4500496135e-05	0.0208958606412	0	0	0	1.83753721013e-05	2.75630581519e-05	6.73763643714e-05	4.28758682363e-05	0.00496747559138	1.83753721013e-05	7.35014884051e-05	9.18768605064e-06	0.00121889968272	2.14379341182e-05	2.4500496135e-05	0.00102289571364	0.000517572980853	6.12512403376e-06	0.000416508434296	6.12512403376e-06	9.80019845402e-05	0.0036107606179	0.000407320748245	0.00387720351337	0.00212848060173	0.00136590265953	0.0143909789173	0.000183753721013	2.4500496135e-05	3.06256201688e-06	4.28758682363e-05	9.18768605064e-06	0	0.000444071492448	0	0.00951844274847	0.000701326701866	0	0	0	0	0	0	0.000238879837317	0	0.000140877852777	6.12512403376e-06	0.0011790863765	0	0	3.06256201688e-05	0	1.22502480675e-05	3.06256201688e-05	0	0	0.000649263147579	0.000174566034962	0.000192941407063	0.00428452426162	0.000535948352954	0.00835160662003	4.59384302532e-05	0	0	0	0	0	0	0.000542073476988	0.000107189670591	0.000260317771435	7.6564050422e-05	2.4500496135e-05	3.67507442026e-05	4.28758682363e-05	3.67507442026e-05	7.6564050422e-05	1.53128100844e-05	0	0	0	0
0.00587093138636	0	0.0320650243167	0	0	0	4.90009922701e-05	0.00688770197597	0.00291862160209	4.90009922701e-05	0.00019600396908	3.06256201688e-06	3.67507442026e-05	1.53128100844e-05	0.00548811113425	0	0	0.00597812105695	3.06256201688e-06	3.36881821857e-05	2.75630581519e-05	0.000851392240693	3.36881821857e-05	0.0138703433745	0.000229692151266	0	0.0108047187956	0.0154935012434	0.00154353125651	0.000437946368414	0.0016139701829	0	3.06256201688e-06	2.75630581519e-05	0.00101064546557	0	0.000563511411106	0.0002358172753	0	0	0	0	6.12512403376e-06	0	8.88142984895e-05	0	1.22502480675e-05	6.12512403376e-06	9.18768605064e-06	3.06256201688e-06	0	3.98133062195e-05	2.75630581519e-05	3.06256201688e-06	9.18768605064e-06	6.12512403376e-06	0	0.000385882814127	7.96266124389e-05	6.43138023545e-05	0	2.75630581519e-05	0.00158334456273	4.90009922701e-05	2.75630581519e-05	0	0	0	0	2.14379341182e-05	0.000906518356997	6.12512403376e-05	0.00143940414793	0.00101370802759	1.83753721013e-05	3.06256201688e-05	0	6.73763643714e-05	6.43138023545e-05	3.98133062195e-05	1.53128100844e-05	0	0	0
0	0	0	0	0	0	0	0	0	0	0	0	0	0	0	0	0	0	0	0	0	0	0	0	0	0	0	0	0	0	0	0	0	0	0	0	0	0	0	0	0	0	0	0	0	0	0	0	0	0	0	0	0	0	0	0	0	0	0	0	0	0	0	0	0	0	0	0	0	0	0	0	0	0	0	0	0	0	0	0	0	0	0	0
3.06256201688e-06	0	0	0	0.0196524604623	7.35014884051e-05	0.00081464149649	0.00192941407063	0.000468571988583	0.00142102877583	0.00223873283434	4.28758682363e-05	0.00384351533119	0	8.57517364727e-05	0.000226629589249	0	4.90009922701e-05	9.18768605064e-06	2.75630581519e-05	0.00805147554238	0	0	0	0.00959194423687	0	5.2063554287e-05	5.2063554287e-05	0.00682951329764	8.26891744558e-05	3.06256201688e-06	0	1.22502480675e-05	0	0.000171503472945	3.06256201688e-06	0	0	0	0.00490316178903	7.96266124389e-05	0.000695201577832	0	0.000107189670591	0.000790141000355	0.0023214220088	2.75630581519e-05	0.00218666928005	6.12512403376e-06	0.000156190662861	0.000192941407063	0	0	0	0	0.00380063946295	0	3.06256201688e-06	0	0.00180384902794	0	0	0	0.00250211316779	0.000223567027232	0	0	0	0	6.12512403376e-05	7.96266124389e-05	3.06256201688e-06	0.000266442895469	4.28758682363e-05	0.000318506449756	3.06256201688e-06	0	1.83753721013e-05	0	5.81886783207e-05	6.12512403376e-06	0.000572699097157	0	0
2.14379341182e-05	1.83753721013e-05	0	0	7.35014884051e-05	0.0103269591209	0.00611593634771	0.000306256201688	0.000777890752288	0.0018497874582	6.12512403376e-05	0.000110252232608	0.000339944383874	4.59384302532e-05	9.18768605064e-06	0.00380370202497	0	3.06256201688e-06	0	0	8.26891744558e-05	0	0	0	0.0019416643187	0	7.04389263883e-05	3.06256201688e-05	0.000486947360684	0.000122502480675	0	3.36881821857e-05	0.00159865737281	0	0.000395070500178	0	0	0	0	9.18768605064e-06	0	0	0	0	3.06256201688e-05	6.12512403376e-06	0	9.18768605064e-06	0	0	0	0	0	0	0	1.22502480675e-05	0	0	0	3.06256201688e-05	0	0	0	1.53128100844e-05	0	0	0	0	0	0	0.000882017860862	3.06256201688e-06	0.000223567027232	0.000101064546557	0.00314525119134	0.000447134054465	0	0	0	0	0	0	0	0
0.00118827406255	2.75630581519e-05	4.90009922701e-05	0	0.00081464149649	0.00611593634771	0.0606754786784	0.0103759601132	0.0309165635604	0.0018865382024	0.0222495130526	0.000888142984895	0.0106424030087	0.000189878845047	0.00272874275704	0.00527066923105	1.83753721013e-05	0.000199066531097	7.04389263883e-05	0.000287880829587	0.0044621528586	5.81886783207e-05	0	8.26891744558e-05	0.00233060969485	0	0.000894268108929	0.000526760666904	0.00491847459911	0.00150984307432	1.83753721013e-05	9.18768605064e-05	0.00205804167534	9.18768605064e-06	0.00256030184611	0	1.83753721013e-05	2.14379341182e-05	0	2.75630581519e-05	0	0	0	0	5.2063554287e-05	9.18768605064e-06	0	2.75630581519e-05	3.06256201688e-06	0	0	0	0	0	0	2.4500496135e-05	3.06256201688e-06	2.4500496135e-05	9.18768605064e-06	5.2063554287e-05	3.06256201688e-06	6.12512403376e-06	2.75630581519e-05	3.98133062195e-05	0	0	0	0	0	0	0.00155578150458	2.75630581519e-05	0.00298293540444	0.000851392240693	0.00272874275704	0.000254192647401	1.53128100844e-05	0	0	3.06256201688e-06	0	0	0	0
0.019413580625	6.73763643714e-05	0.00688770197597	0	0.00192941407063	0.000306256201688	0.0103759601132	0.0736699293161	0.0227487106614	0.00120052431062	0.0116836740944	0.000202129093114	0.000900393232963	0.000591074469258	0.0204027881565	0.00052982322892	4.59384302532e-05	0.00196922737685	6.12512403376e-06	0.000710514387916	0.00127096323701	0.00385270301724	9.18768605064e-06	0.00886917960089	0.00361382317992	0	0.00410995822665	0.00268892945082	0.0374336955323	0.0117449253347	0.00700101677059	1.83753721013e-05	0.00146696720609	0.000419570996313	0.00841285786037	0	0.000107189670591	0.000131690166726	0	0.00202435349316	6.12512403376e-06	1.53128100844e-05	0	1.22502480675e-05	0.00120052431062	0.000707451825899	6.12512403376e-06	0.000122502480675	0	0	6.12512403376e-06	6.12512403376e-06	9.18768605064e-06	0	6.12512403376e-06	0.000594137031275	1.53128100844e-05	0.000104127108574	4.59384302532e-05	0.00398133062195	0	2.75630581519e-05	0.000214379341182	0.00271036738494	6.43138023545e-05	0	0	0	0	6.43138023545e-05	0.00260011515233	0.000125565042692	0.0113498548346	0.00318200193554	0.00120052431062	0.000735014884051	0	0.000113314794625	3.36881821857e-05	4.90009922701e-05	2.14379341182e-05	2.4500496135e-05	6.12512403376e-06	0
0.0136559640333	4.28758682363e-05	0.00291862160209	0	0.000468571988583	0.000777890752288	0.0309165635604	0.0227487106614	0.0737066800603	0.00024500496135	0.0169757812596	0.00705920544891	0.00441621442834	0.00174259778761	0.0241728019992	0.000747265132119	2.75630581519e-05	0.0012158371207	0.000532885790937	0.00111477257414	0.00378226409085	0.000483884798667	3.06256201688e-06	0.00202435349316	0.00116683612843	0	0.00573617865762	0.00200904068307	0.00813110215482	0.00760434148792	0.000615574965393	0.00133527703936	0.00300437333856	0.000122502480675	0.0144277296615	0	0.000101064546557	5.51261163039e-05	0	9.18768605064e-06	0	0	9.18768605064e-06	0	5.51261163039e-05	3.98133062195e-05	0.000113314794625	6.12512403376e-06	7.96266124389e-05	9.18768605064e-06	3.06256201688e-06	0	0	3.06256201688e-06	0	9.18768605064e-06	9.18768605064e-06	3.36881821857e-05	4.59384302532e-05	7.35014884051e-05	3.06256201688e-05	1.53128100844e-05	0.000134752728743	0.000183753721013	0.000251130085384	0	0	0	0	0.000266442895469	0.00204885398929	0.000150065538827	0.00906824613198	0.00241023630729	0.00153740613247	0.000217441903199	6.12512403376e-06	5.51261163039e-05	1.53128100844e-05	0.000217441903199	3.67507442026e-05	3.06256201688e-06	0	0
2.4500496135e-05	0.00496747559138	4.90009922701e-05	0	0.00142102877583	0.0018497874582	0.0018865382024	0.00120052431062	0.00024500496135	0.0309226886844	3.67507442026e-05	0	0.00202435349316	0.000551261163039	3.06256201688e-06	0.00311156300915	0.000104127108574	2.14379341182e-05	0	0	0.000649263147579	3.06256201688e-05	0.00338106846664	0.000125565042692	0.0191410126055	0.000594137031275	0.000107189670591	0.00371795028849	0.00737464933665	0.000287880829587	3.06256201688e-05	0	6.73763643714e-05	0	0.000134752728743	0	9.80019845402e-05	7.35014884051e-05	0	0.00238573581115	3.36881821857e-05	3.06256201688e-06	5.51261163039e-05	3.06256201688e-06	0.00987369994242	0.0012525878649	3.06256201688e-06	0.000655388271613	1.22502480675e-05	3.06256201688e-06	0.000101064546557	1.53128100844e-05	0	0	1.53128100844e-05	0.00132302679129	0.000327694135806	0.00108414695398	4.59384302532e-05	0.0102871458147	1.53128100844e-05	1.83753721013e-05	0.000162315786895	0.00728277247614	6.12512403376e-06	3.06256201688e-06	0	0	0	2.14379341182e-05	0.00179772390391	8.26891744558e-05	0.000686013891781	0.000646200585562	0.00258173978023	3.67507442026e-05	0	0.000358319755975	0.000125565042692	9.18768605064e-06	0	0.000113314794625	2.4500496135e-05	0
0.000661513395646	1.83753721013e-05	0.00019600396908	0	0.00223873283434	6.12512403376e-05	0.0222495130526	0.0116836740944	0.0169757812596	3.67507442026e-05	0.0469368254707	0.000269505457486	0.00309931276108	0.000275630581519	0.00339638127672	0.000134752728743	3.06256201688e-06	0.000545136039005	2.75630581519e-05	0.000217441903199	0.00182528696206	1.83753721013e-05	9.18768605064e-06	0.000101064546557	0.000735014884051	0	0.000505322732785	0.000790141000355	0.00649263147579	0.000511447856819	0	9.18768605064e-06	0.000759515380186	0	0.00227854614056	0	2.4500496135e-05	4.28758682363e-05	0	0.000826891744558	3.06256201688e-06	0.000735014884051	6.12512403376e-06	6.12512403376e-05	0	0.000820766620524	0.000373632566059	0.00302581127268	0.000312381325722	0.000226629589249	3.06256201688e-06	6.12512403376e-06	1.83753721013e-05	3.06256201688e-06	6.12512403376e-06	0.00352500888143	1.53128100844e-05	5.2063554287e-05	4.59384302532e-05	0.000407320748245	3.06256201688e-06	2.14379341182e-05	0.000116377356641	0.000241942399334	0.0012158371207	0	0	9.18768605064e-06	0	0.00112702282221	0.00121889968272	2.75630581519e-05	0.00420183508716	0.000860579926744	0.000450196616481	0.000346069507908	0	0.00104433364776	0.000104127108574	0.00105964645784	2.75630581519e-05	4.59384302532e-05	2.14379341182e-05	0
0.000128627604709	7.35014884051e-05	3.06256201688e-06	0	4.28758682363e-05	0.000110252232608	0.000888142984895	0.000202129093114	0.00705920544891	0	0.000269505457486	0.0295935367691	0.000955519349267	0.00718170792959	0.00287574573385	3.06256201688e-06	0	0.00043182124438	0.00290024622999	0.00461528095944	0.0016139701829	9.80019845402e-05	0	0.000177628596979	1.22502480675e-05	0.000676826205731	0.00900699489165	0.00207947960946	0.000162315786895	0.00676213693327	5.51261163039e-05	0.00319425218361	0.000989207531453	3.06256201688e-06	0.0163112053019	0	0.000153128100844	1.22502480675e-05	0	0	0	0	0	0	0	0	0.000159253224878	0	0.000336881821857	0	0	0	0	3.06256201688e-06	0	0	0	9.18768605064e-06	6.12512403376e-06	0	0.000324631573789	0.000113314794625	0.000162315786895	3.06256201688e-06	0	0	0	0	0	0	0.000113314794625	0.00215604365988	0.00186203770626	0.000214379341182	0	2.75630581519e-05	0.00109945976406	0	0.00019600396908	6.12512403376e-06	0	0	0	6.12512403376e-06
4.28758682363e-05	9.18768605064e-06	3.67507442026e-05	0	0.00384351533119	0.000339944383874	0.0106424030087	0.000900393232963	0.00441621442834	0.00202435349316	0.00309931276108	0.000955519349267	0.0250180691159	1.22502480675e-05	0.00126483811297	0.0022142323382	0	0.000294005953621	0.000107189670591	0.000502260170768	0.013597775355	9.18768605064e-06	3.06256201688e-06	6.73763643714e-05	0.00472553319205	0	0.00110864745011	0.000820766620524	0.00187428795433	0.000704389263883	1.53128100844e-05	9.18768605064e-06	4.90009922701e-05	0	0.00181609927601	0	1.22502480675e-05	6.12512403376e-06	0	0.000260317771435	0	2.14379341182e-05	0	6.12512403376e-06	0.000287880829587	8.88142984895e-05	2.4500496135e-05	0.000241942399334	1.53128100844e-05	6.12512403376e-06	0	3.06256201688e-06	0	0	0	0.000165378348912	0	6.12512403376e-06	6.12512403376e-06	0.00038282025211	6.12512403376e-06	6.12512403376e-06	2.75630581519e-05	0.000177628596979	2.14379341182e-05	0	0	0	0	2.4500496135e-05	0.000192941407063	6.12512403376e-06	0.00127096323701	0.000159253224878	0.000508385294802	6.12512403376e-06	0	0	0	3.06256201688e-05	0	0	0	0
0.000266442895469	0.00121889968272	1.53128100844e-05	0	0	4.59384302532e-05	0.000189878845047	0.000591074469258	0.00174259778761	0.000551261163039	0.000275630581519	0.00718170792959	1.22502480675e-05	0.0222250125565	0.000750327694136	6.12512403376e-06	1.22502480675e-05	5.2063554287e-05	9.18768605064e-06	6.73763643714e-05	3.06256201688e-05	0.000287880829587	0.000609449841359	0.000364444880009	0.000407320748245	0.00185591258223	0.00277161862528	0.00285124523772	0.000983082407419	0.00128321348507	0.000205191655131	0.00401501880413	0.000425696120346	6.12512403376e-06	0.00319731474562	0	0.00166603373718	8.26891744558e-05	0	6.12512403376e-06	0	3.06256201688e-06	0	3.06256201688e-06	0.000162315786895	2.4500496135e-05	0.00140571596575	3.06256201688e-06	0.00504097707979	6.12512403376e-06	0	3.06256201688e-06	0	6.12512403376e-06	0	3.06256201688e-06	0	0.000407320748245	2.4500496135e-05	3.06256201688e-05	0.00331675466428	0.000986144969436	0.0012158371207	2.75630581519e-05	1.22502480675e-05	0	2.4500496135e-05	0	0	0.000165378348912	0.00130465141919	0.00476534649827	0.00338413102865	0.00187735051635	0.000104127108574	0.00215298109787	0.0016507209271	3.06256201688e-05	0.000937143977166	0.000131690166726	0	0	6.12512403376e-06	0.000131690166726
0.0206355428697	2.14379341182e-05	0.00548811113425	0	8.57517364727e-05	9.18768605064e-06	0.00272874275704	0.0204027881565	0.0241728019992	3.06256201688e-06	0.00339638127672	0.00287574573385	0.00126483811297	0.000750327694136	0.0434485673335	6.12512403376e-06	9.18768605064e-06	0.00296762259436	0.000281755705553	0.000557386287072	0.00239798605922	0.00112089769818	0	0.00345150739302	0.00066763851968	0	0.00525535642097	0.00133527703936	0.00539317171173	0.0114601070672	0.00240104862123	0.000630887775477	0.000621700089427	0.000150065538827	0.00896718158543	0	5.81886783207e-05	3.06256201688e-05	0	0	0	0	0	0	3.06256201688e-06	3.06256201688e-06	1.22502480675e-05	0	1.53128100844e-05	3.06256201688e-06	0	0	0	0	0	0	3.06256201688e-06	1.22502480675e-05	2.14379341182e-05	3.06256201688e-06	6.12512403376e-06	6.12512403376e-06	9.49394225233e-05	9.18768605064e-06	3.06256201688e-05	0	0	0	0	3.67507442026e-05	0.000413445872279	8.26891744558e-05	0.00478372187037	0.00136590265953	0.000174566034962	0.000174566034962	0	1.22502480675e-05	6.12512403376e-06	2.75630581519e-05	2.14379341182e-05	0	0	0
0	2.4500496135e-05	0	0	0.000226629589249	0.00380370202497	0.00527066923105	0.00052982322892	0.000747265132119	0.00311156300915	0.000134752728743	3.06256201688e-06	0.0022142323382	6.12512403376e-06	6.12512403376e-06	0.0097603851478	0	6.12512403376e-06	0	3.06256201688e-06	0.000309318763705	0	0	3.36881821857e-05	0.00284512011368	0	6.12512403376e-06	1.53128100844e-05	0.000851392240693	0.000140877852777	0	0	0.000104127108574	0	0.000104127108574	0	0	1.53128100844e-05	0	1.53128100844e-05	0	0	0	0	5.81886783207e-05	1.83753721013e-05	0	1.22502480675e-05	0	0	0	6.12512403376e-06	0	6.12512403376e-06	0	2.14379341182e-05	1.53128100844e-05	0	0.00013781529076	6.43138023545e-05	0	6.12512403376e-06	1.22502480675e-05	6.12512403376e-05	0	0	0	0	0	3.06256201688e-06	0.000113314794625	0	0.000385882814127	0.000113314794625	0.00275018069116	4.59384302532e-05	0	2.75630581519e-05	9.18768605064e-06	9.18768605064e-06	1.22502480675e-05	3.06256201688e-06	0	0
1.22502480675e-05	0.00102289571364	0	0	0	0	1.83753721013e-05	4.59384302532e-05	2.75630581519e-05	0.000104127108574	3.06256201688e-06	0	0	1.22502480675e-05	9.18768605064e-06	0	0.01632345555	3.06256201688e-06	0	3.06256201688e-06	0	0.0018497874582	0.00824441694944	0.00367813698227	0.00359544780782	6.73763643714e-05	3.36881821857e-05	0.00364751136211	0.000290943391604	6.12512403376e-06	3.06256201688e-06	0	0	0	0	0	6.12512403376e-06	1.22502480675e-05	0	0	0	0	1.22502480675e-05	0	9.80019845402e-05	0	0	0	0	0	0	0.00341475664882	0	0	0	0	9.49394225233e-05	0.00437027599809	0.00222342002426	0.000168440910928	0	0	0.000753390256153	0.000101064546557	0	0	0	0	0	0	0.00131077654323	0.000269505457486	8.88142984895e-05	9.18768605064e-05	4.90009922701e-05	2.14379341182e-05	0	5.51261163039e-05	2.14379341182e-05	6.12512403376e-06	6.12512403376e-06	0	0	0
0.0037914517769	0.000517572980853	0.00597812105695	0	4.90009922701e-05	3.06256201688e-06	0.000199066531097	0.00196922737685	0.0012158371207	2.14379341182e-05	0.000545136039005	0.00043182124438	0.000294005953621	5.2063554287e-05	0.00296762259436	6.12512403376e-06	3.06256201688e-06	0.0314616995994	2.75630581519e-05	0.00532273278534	0.00043182124438	0.00256030184611	3.06256201688e-06	0.00554629981257	8.57517364727e-05	0	0.0111599759895	0.00870686381399	0.000998395217503	0.00197535250089	0.00482353517659	3.06256201688e-06	2.14379341182e-05	1.22502480675e-05	0.0120542440984	0	0.000799328686406	0.000248067523367	0	3.06256201688e-06	0	0	0	0	2.4500496135e-05	1.53128100844e-05	8.88142984895e-05	6.12512403376e-06	4.59384302532e-05	6.12512403376e-06	3.06256201688e-06	1.53128100844e-05	3.06256201688e-05	6.12512403376e-06	1.53128100844e-05	9.18768605064e-06	0	6.12512403376e-06	9.18768605064e-05	0.000143940414793	0	6.43138023545e-05	0.00102289571364	0.00018681628303	0.000180691158996	0	0	0	0	0.000189878845047	0.000404258186228	5.51261163039e-05	0.00391395425757	0.00191103869853	0.000143940414793	3.06256201688e-06	0	4.28758682363e-05	2.4500496135e-05	0.000174566034962	1.22502480675e-05	3.06256201688e-06	0	0
3.06256201688e-06	6.12512403376e-06	3.06256201688e-06	0	9.18768605064e-06	0	7.04389263883e-05	6.12512403376e-06	0.000532885790937	0	2.75630581519e-05	0.00290024622999	0.000107189670591	9.18768605064e-06	0.000281755705553	0	0	2.75630581519e-05	0.00414364640884	0.00222954514829	0.000223567027232	0	0	6.12512403376e-06	0	0	0.000759515380186	0.000134752728743	1.22502480675e-05	0.000523698104887	3.06256201688e-06	2.75630581519e-05	0	0	0.00134140216339	0	6.12512403376e-06	3.06256201688e-06	0	0	0	0	0	0	0	0	0	0	0	0	0	0	0	0	0	0	0	0	3.06256201688e-06	0	0	0	6.12512403376e-06	0	0	0	0	0	0	0	3.98133062195e-05	3.06256201688e-06	4.90009922701e-05	1.22502480675e-05	0	0	0	0	0	0	0	0	0	0
0.000444071492448	0.000416508434296	3.36881821857e-05	0	2.75630581519e-05	0	0.000287880829587	0.000710514387916	0.00111477257414	0	0.000217441903199	0.00461528095944	0.000502260170768	6.73763643714e-05	0.000557386287072	3.06256201688e-06	3.06256201688e-06	0.00532273278534	0.00222954514829	0.0147676740454	0.000894268108929	0.000281755705553	0	0.000646200585562	4.59384302532e-05	0	0.00615881221595	0.00328919160613	0.000303193639671	0.00205804167534	0.000707451825899	9.80019845402e-05	1.53128100844e-05	0	0.00873748943416	0	0.000505322732785	0.000174566034962	0	0	0	0	0	0	0	0	0	0	0	0	0	0	6.12512403376e-06	3.06256201688e-06	9.18768605064e-06	0	0	0	4.90009922701e-05	0	0	2.4500496135e-05	0.000535948352954	0	0	0	0	0	0	0	0.000183753721013	6.12512403376e-05	0.00197228993887	0.000297068515637	0	6.12512403376e-06	0	0	0	6.12512403376e-06	0	0	0	0
5.81886783207e-05	6.12512403376e-06	2.75630581519e-05	0	0.00805147554238	8.26891744558e-05	0.0044621528586	0.00127096323701	0.00378226409085	0.000649263147579	0.00182528696206	0.0016139701829	0.013597775355	3.06256201688e-05	0.00239798605922	0.000309318763705	0	0.00043182124438	0.000223567027232	0.000894268108929	0.0222188874325	1.83753721013e-05	3.06256201688e-06	7.96266124389e-05	0.00648956891377	0	0.00179466134189	0.00113621050826	0.00275630581519	0.00240411118325	2.75630581519e-05	2.14379341182e-05	7.04389263883e-05	0	0.00301662358663	0	6.12512403376e-06	6.12512403376e-06	0	0.000407320748245	0	3.06256201688e-06	0	3.06256201688e-06	0.00038282025211	0.000199066531097	5.51261163039e-05	0.000205191655131	3.67507442026e-05	0	0	3.06256201688e-06	0	0	0	0.000254192647401	0	6.12512403376e-06	6.12512403376e-06	0.000581886783207	3.06256201688e-06	0	3.06256201688e-05	0.000367507442026	3.36881821857e-05	0	0	0	0	6.12512403376e-05	0.000189878845047	6.12512403376e-06	0.00163847067903	0.000177628596979	0.000324631573789	9.18768605064e-06	0	9.18768605064e-06	0	6.43138023545e-05	0	0	0	0
0.00129852629516	9.80019845402e-05	0.000851392240693	0	0	0	5.81886783207e-05	0.00385270301724	0.000483884798667	3.06256201688e-05	1.83753721013e-05	9.80019845402e-05	9.18768605064e-06	0.000287880829587	0.00112089769818	0	0.0018497874582	0.00256030184611	0	0.000281755705553	1.83753721013e-05	0.0398959953939	0.0013781529076	0.0209846749397	0.000318506449756	0	0.000774828190271	0.00103208339969	0.00887530472492	0.00216829390795	0.0135150861805	1.22502480675e-05	0	3.67507442026e-05	0.00986144969436	0	0.00013781529076	0.000162315786895	0	0	0	0	0	3.06256201688e-06	3.98133062195e-05	0	0	0	0	3.06256201688e-06	0	0.00158028200071	0	0	0	0	2.14379341182e-05	0.00178547365584	0.000750327694136	0.000101064546557	0	3.06256201688e-06	0.000189878845047	4.59384302532e-05	0	0	0	0	0	0	0.00231529688476	0.000416508434296	0.00444684004851	0.00183141208609	0.00052982322892	0.000661513395646	0	4.90009922701e-05	1.22502480675e-05	2.14379341182e-05	3.36881821857e-05	0	0	0
0	0.0036107606179	3.36881821857e-05	0	0	0	0	9.18768605064e-06	3.06256201688e-06	0.00338106846664	9.18768605064e-06	0	3.06256201688e-06	0.000609449841359	0	0	0.00824441694944	3.06256201688e-06	0	0	3.06256201688e-06	0.0013781529076	0.0228987762002	0.0042263355833	0.00641912998738	0.000823829182541	1.53128100844e-05	0.00521860567676	0.00199679043501	3.06256201688e-06	0	0	3.06256201688e-06	0	2.4500496135e-05	0	0.000101064546557	0.000223567027232	0	0	0	0	3.06256201688e-05	0	0.000787078438338	0	0	6.12512403376e-06	0	0	0	0.00633644081293	0	0	3.06256201688e-06	0	0.00158334456273	0.0106362778846	0.00403645673825	0.0004716345506	0	3.06256201688e-06	0.0019049135745	0.000676826205731	0	0	0	0	0	1.22502480675e-05	0.00052063554287	0.000725827198001	3.06256201688e-05	2.14379341182e-05	1.22502480675e-05	0	0	0.00018681628303	0.000131690166726	9.18768605064e-06	0	0	0	0
0.00399664343203	0.000407320748245	0.0138703433745	0	0	0	8.26891744558e-05	0.00886917960089	0.00202435349316	0.000125565042692	0.000101064546557	0.000177628596979	6.73763643714e-05	0.000364444880009	0.00345150739302	3.36881821857e-05	0.00367813698227	0.00554629981257	6.12512403376e-06	0.000646200585562	7.96266124389e-05	0.0209846749397	0.0042263355833	0.0684605113254	0.000327694135806	3.06256201688e-05	0.00431208731977	0.0148871139641	0.00696120346437	0.00291555904007	0.00684788866975	4.90009922701e-05	2.4500496135e-05	1.53128100844e-05	0.0121461209589	0	0.000493072484718	0.000759515380186	0	0	0	3.06256201688e-06	7.04389263883e-05	6.12512403376e-06	0.000232754713283	3.06256201688e-06	1.53128100844e-05	3.06256201688e-06	0	3.06256201688e-06	0	0.00479290955642	9.18768605064e-06	8.26891744558e-05	6.12512403376e-06	3.06256201688e-06	7.04389263883e-05	0.00696120346437	0.00262461564847	0.000272568019502	6.12512403376e-06	0.000122502480675	0.00135365241146	0.000303193639671	6.12512403376e-06	0	0	0	0	9.18768605064e-06	0.00760740404993	0.000707451825899	0.0104035231713	0.00616187477796	0.000447134054465	0.000545136039005	0	0.0011790863765	0.000735014884051	0.00013781529076	0.000113314794625	0	0	0
0.000851392240693	0.00387720351337	0.000229692151266	0	0.00959194423687	0.0019416643187	0.00233060969485	0.00361382317992	0.00116683612843	0.0191410126055	0.000735014884051	1.22502480675e-05	0.00472553319205	0.000407320748245	0.00066763851968	0.00284512011368	0.00359544780782	8.57517364727e-05	0	4.59384302532e-05	0.00648956891377	0.000318506449756	0.00641912998738	0.000327694135806	0.0522074947018	0.000180691158996	0.000508385294802	0.00531354509929	0.0202465974936	0.00107802182994	0.000511447856819	3.06256201688e-06	0.00033381925984	0.000318506449756	0.00103208339969	0	8.57517364727e-05	0.000150065538827	0	0.0016874716713	3.06256201688e-05	3.06256201688e-06	8.57517364727e-05	3.06256201688e-06	0.00667944775882	0.000915706043047	2.4500496135e-05	0.000367507442026	2.14379341182e-05	0	6.43138023545e-05	0.00124646274087	0	0	1.83753721013e-05	0.000958581911284	0.00158640712474	0.00345150739302	0.00184059977215	0.00793816074776	6.12512403376e-06	2.14379341182e-05	0.000168440910928	0.00661513395646	7.04389263883e-05	0	0	0	0	9.80019845402e-05	0.0028849334199	0.00024500496135	0.00253886391199	0.00202435349316	0.00375776359471	0.000211316779165	0	0.000312381325722	0.000168440910928	7.04389263883e-05	0	7.35014884051e-05	2.14379341182e-05	0
0	0.00212848060173	0	0	0	0	0	0	0	0.000594137031275	0	0.000676826205731	0	0.00185591258223	0	0	6.73763643714e-05	0	0	0	0	0	0.000823829182541	3.06256201688e-05	0.000180691158996	0.00687238916588	0.000373632566059	0.00226323333047	6.12512403376e-06	0	0	6.12512403376e-06	0	0	6.73763643714e-05	0	0.0016507209271	0	0	0	0	0	0	0	0.000101064546557	0	0.000735014884051	0	0.00211316779165	0	0	0	0	6.12512403376e-06	0	0	0	0.00019600396908	6.12512403376e-06	1.22502480675e-05	0.00326162854798	0.000199066531097	0.00111171001213	6.12512403376e-06	0	0	3.06256201688e-06	0	0	1.22502480675e-05	2.14379341182e-05	0.000875892736828	6.43138023545e-05	3.06256201688e-06	0	0	0.000900393232963	6.12512403376e-06	4.90009922701e-05	1.22502480675e-05	0	0	0	3.36881821857e-05
0.00456321740515	0.00136590265953	0.0108047187956	0	5.2063554287e-05	7.04389263883e-05	0.000894268108929	0.00410995822665	0.00573617865762	0.000107189670591	0.000505322732785	0.00900699489165	0.00110864745011	0.00277161862528	0.00525535642097	6.12512403376e-06	3.36881821857e-05	0.0111599759895	0.000759515380186	0.00615881221595	0.00179466134189	0.000774828190271	1.53128100844e-05	0.00431208731977	0.000508385294802	0.000373632566059	0.0646751846725	0.0321691514253	0.00198454018694	0.00480515980449	0.00190185101248	0.00524616873492	0.000217441903199	0.000165378348912	0.0128505102228	0	0.00466428195171	0.000119439918658	0	0	0	0	9.18768605064e-06	3.06256201688e-06	0.000474697112617	6.43138023545e-05	0.000211316779165	4.28758682363e-05	0.00390170400951	6.12512403376e-06	3.06256201688e-06	7.96266124389e-05	0	0.000131690166726	0.000701326701866	3.67507442026e-05	1.83753721013e-05	0.000682951329764	4.90009922701e-05	0.000453259178498	0.00487866129289	0.00449584104078	0.00715108230942	0.000174566034962	7.6564050422e-05	3.06256201688e-06	2.14379341182e-05	0	0	0.000217441903199	0.00573924121963	0.00218054415602	0.00849554703483	0.00473778344011	9.49394225233e-05	3.98133062195e-05	2.14379341182e-05	0.000223567027232	0.000539010914971	0.00090345579498	7.04389263883e-05	3.06256201688e-06	0	1.22502480675e-05
0.00133527703936	0.0143909789173	0.0154935012434	0	5.2063554287e-05	3.06256201688e-05	0.000526760666904	0.00268892945082	0.00200904068307	0.00371795028849	0.000790141000355	0.00207947960946	0.000820766620524	0.00285124523772	0.00133527703936	1.53128100844e-05	0.00364751136211	0.00870686381399	0.000134752728743	0.00328919160613	0.00113621050826	0.00103208339969	0.00521860567676	0.0148871139641	0.00531354509929	0.00226323333047	0.0321691514253	0.117859636658	0.00248067523367	0.00205191655131	0.000731952322035	0.00107802182994	0.000171503472945	0.000107189670591	0.00830260562776	0	0.02213926082	0.00132915191533	0	6.12512403376e-06	0	3.06256201688e-06	7.35014884051e-05	6.12512403376e-06	0.00154659381852	6.43138023545e-05	0.000542073476988	9.18768605064e-05	0.00470409525793	1.53128100844e-05	3.06256201688e-06	0.000493072484718	4.59384302532e-05	0.000180691158996	0.000989207531453	4.90009922701e-05	9.49394225233e-05	0.00482047261457	0.000924893729098	0.00147615489214	0.0100084526712	0.0061863752741	0.0292321544511	0.000747265132119	0.000140877852777	0	3.67507442026e-05	0	0	0.000287880829587	0.0131935171687	0.00188960076442	0.0114999203734	0.0057331160956	0.000171503472945	0.000404258186228	7.04389263883e-05	0.000894268108929	0.00095245678725	0.00109945976406	0.000131690166726	3.06256201688e-06	0	9.18768605064e-06
0.00517572980853	0.000183753721013	0.00154353125651	0	0.00682951329764	0.000486947360684	0.00491847459911	0.0374336955323	0.00813110215482	0.00737464933665	0.00649263147579	0.000162315786895	0.00187428795433	0.000983082407419	0.00539317171173	0.000851392240693	0.000290943391604	0.000998395217503	1.22502480675e-05	0.000303193639671	0.00275630581519	0.00887530472492	0.00199679043501	0.00696120346437	0.0202465974936	6.12512403376e-06	0.00198454018694	0.00248067523367	0.0799420563266	0.00996557680293	0.0095429432446	0.000119439918658	0.00095245678725	0.000817704058507	0.00747877644522	0	0.000171503472945	0.000269505457486	0	0.00371182516446	3.06256201688e-05	1.22502480675e-05	8.57517364727e-05	1.22502480675e-05	0.00657532065024	0.00140877852777	3.36881821857e-05	0.000257255209418	1.83753721013e-05	0	4.28758682363e-05	0.000557386287072	9.18768605064e-06	0	1.83753721013e-05	0.00124952530289	0.00199372787299	0.00351582119538	0.00120052431062	0.0100819541596	0	4.59384302532e-05	0.000388945376144	0.00786772182137	0.00013781529076	0	0	0	0	0.000220504465215	0.004354963188	0.000376695128076	0.0113039164043	0.00498278840147	0.00217135646997	0.00100758290355	0	0.00056963653514	0.000339944383874	0.00013781529076	3.06256201688e-06	6.73763643714e-05	2.75630581519e-05	0
0.00839141992625	2.4500496135e-05	0.000437946368414	0	8.26891744558e-05	0.000122502480675	0.00150984307432	0.0117449253347	0.00760434148792	0.000287880829587	0.000511447856819	0.00676213693327	0.000704389263883	0.00128321348507	0.0114601070672	0.000140877852777	6.12512403376e-06	0.00197535250089	0.000523698104887	0.00205804167534	0.00240411118325	0.00216829390795	3.06256201688e-06	0.00291555904007	0.00107802182994	0	0.00480515980449	0.00205191655131	0.00996557680293	0.0405973220958	0.00587093138636	0.000894268108929	0.000943269101199	0.00227242101653	0.0169788438216	0	5.81886783207e-05	4.28758682363e-05	0	0	0	0	3.06256201688e-06	0	9.18768605064e-05	0	0	0	1.83753721013e-05	0	0	0	0	3.06256201688e-06	0	0	3.06256201688e-06	1.83753721013e-05	1.53128100844e-05	0.000101064546557	2.14379341182e-05	6.12512403376e-06	4.28758682363e-05	8.26891744558e-05	0	0	0	0	0	0	0.000505322732785	7.96266124389e-05	0.00760434148792	0.00228467126459	4.28758682363e-05	0.000254192647401	0	3.06256201688e-06	0	3.06256201688e-06	3.06256201688e-06	0	0	0
0.00410383310262	3.06256201688e-06	0.0016139701829	0	3.06256201688e-06	0	1.83753721013e-05	0.00700101677059	0.000615574965393	3.06256201688e-05	0	5.51261163039e-05	1.53128100844e-05	0.000205191655131	0.00240104862123	0	3.06256201688e-06	0.00482353517659	3.06256201688e-06	0.000707451825899	2.75630581519e-05	0.0135150861805	0	0.00684788866975	0.000511447856819	0	0.00190185101248	0.000731952322035	0.0095429432446	0.00587093138636	0.0378808295868	2.75630581519e-05	0	0.00114846075633	0.010529088214	0	1.83753721013e-05	3.06256201688e-06	0	0	0	0	0	0	9.18768605064e-06	0	0	0	0	0	0	0	0	0	0	0	6.12512403376e-06	9.18768605064e-06	3.06256201688e-06	6.12512403376e-06	0	0	3.98133062195e-05	9.18768605064e-06	0	0	0	0	0	0	0.000208254217148	1.83753721013e-05	0.00281755705553	0.000829954306575	0.000168440910928	0.000199066531097	0	0	0	3.06256201688e-06	3.06256201688e-06	0	0	0
4.28758682363e-05	4.28758682363e-05	0	0	0	3.36881821857e-05	9.18768605064e-05	1.83753721013e-05	0.00133527703936	0	9.18768605064e-06	0.00319425218361	9.18768605064e-06	0.00401501880413	0.000630887775477	0	0	3.06256201688e-06	2.75630581519e-05	9.80019845402e-05	2.14379341182e-05	1.22502480675e-05	0	4.90009922701e-05	3.06256201688e-06	6.12512403376e-06	0.00524616873492	0.00107802182994	0.000119439918658	0.000894268108929	2.75630581519e-05	0.00731952322035	0.000192941407063	0	0.00184059977215	0	0.000232754713283	1.22502480675e-05	0	0	0	0	0	0	3.36881821857e-05	0	4.59384302532e-05	0	0.00153128100844	0	0	6.12512403376e-06	0	0	0	0	0	8.57517364727e-05	9.18768605064e-06	6.12512403376e-06	0.00080545381044	0.000689076453798	0.000545136039005	0	0	0	6.12512403376e-06	0	0	3.06256201688e-06	0.000349132069924	0.000909580919014	0.000535948352954	0.000232754713283	9.18768605064e-06	9.18768605064e-06	0	1.53128100844e-05	0.000257255209418	9.18768605064e-06	0	0	0	3.06256201688e-06
1.53128100844e-05	9.18768605064e-06	3.06256201688e-06	0	1.22502480675e-05	0.00159865737281	0.00205804167534	0.00146696720609	0.00300437333856	6.73763643714e-05	0.000759515380186	0.000989207531453	4.90009922701e-05	0.000425696120346	0.000621700089427	0.000104127108574	0	2.14379341182e-05	0	1.53128100844e-05	7.04389263883e-05	0	3.06256201688e-06	2.4500496135e-05	0.00033381925984	0	0.000217441903199	0.000171503472945	0.00095245678725	0.000943269101199	0	0.000192941407063	0.00727052222808	0	0.00320650243167	0	1.22502480675e-05	2.4500496135e-05	0	0	0	0	0	0	3.36881821857e-05	0	6.12512403376e-06	0	6.12512403376e-06	0	0	0	0	0	0	0	3.06256201688e-06	2.75630581519e-05	9.18768605064e-06	3.67507442026e-05	0	0	1.53128100844e-05	9.18768605064e-06	6.12512403376e-06	0	0	0	0	1.22502480675e-05	0.000799328686406	4.90009922701e-05	0.00274405556713	0.00102289571364	0.000535948352954	0.000309318763705	4.28758682363e-05	0	0	1.22502480675e-05	0	0	0	0
0.000183753721013	0	2.75630581519e-05	0	0	0	9.18768605064e-06	0.000419570996313	0.000122502480675	0	0	3.06256201688e-06	0	6.12512403376e-06	0.000150065538827	0	0	1.22502480675e-05	0	0	0	3.67507442026e-05	0	1.53128100844e-05	0.000318506449756	0	0.000165378348912	0.000107189670591	0.000817704058507	0.00227242101653	0.00114846075633	0	0	0.00293393441217	0.00109639720204	0	0	0	0	0	0	0	0	0	0	0	0	0	0	0	0	0	0	0	0	0	0	0	0	0	0	0	0	0	0	0	0	0	0	0	4.28758682363e-05	0	0.000989207531453	0.00028481826757	0	6.12512403376e-06	0	0	0	0	0	0	0	0
0.00816172777499	0.000444071492448	0.00101064546557	0	0.000171503472945	0.000395070500178	0.00256030184611	0.00841285786037	0.0144277296615	0.000134752728743	0.00227854614056	0.0163112053019	0.00181609927601	0.00319731474562	0.00896718158543	0.000104127108574	0	0.0120542440984	0.00134140216339	0.00873748943416	0.00301662358663	0.00986144969436	2.4500496135e-05	0.0121461209589	0.00103208339969	6.73763643714e-05	0.0128505102228	0.00830260562776	0.00747877644522	0.0169788438216	0.010529088214	0.00184059977215	0.00320650243167	0.00109639720204	0.0655725153434	0	0.000627825213461	0.00042263355833	0	2.14379341182e-05	0	3.06256201688e-06	3.06256201688e-06	3.06256201688e-06	0.000101064546557	2.4500496135e-05	7.35014884051e-05	0	7.35014884051e-05	9.18768605064e-06	6.12512403376e-06	2.4500496135e-05	6.12512403376e-06	1.53128100844e-05	3.67507442026e-05	2.14379341182e-05	1.53128100844e-05	0.000128627604709	0.000165378348912	0.000177628596979	4.90009922701e-05	9.18768605064e-05	0.00075645281817	0.000140877852777	0.000128627604709	0	0	0	0	0.000113314794625	0.00176403572172	0.00071663951195	0.0268188555818	0.00679276255344	0.000643138023545	0.00117296125247	0.000269505457486	5.81886783207e-05	3.67507442026e-05	0.000183753721013	7.35014884051e-05	3.06256201688e-06	0	0
0	0	0	0	3.06256201688e-06	0	0	0	0	0	0	0	0	0	0	0	0	0	0	0	0	0	0	0	0	0	0	0	0	0	0	0	0	0	0	0.00991657581066	0	0.000940206539182	0	6.12512403376e-05	0	0	0.00389557888547	4.59384302532e-05	0	0.000128627604709	0	0	0	0.00569330278938	0	0	9.49394225233e-05	0	0	1.53128100844e-05	0.000104127108574	0	0.00131996422928	5.51261163039e-05	0	3.06256201688e-06	4.28758682363e-05	0.000150065538827	0.00372101285051	0.00256336440813	0	0	3.98133062195e-05	2.4500496135e-05	0	0	0	0	0	0	0	0	0	0	0	0	0	0
4.59384302532e-05	0.00951844274847	0.000563511411106	0	0	0	1.83753721013e-05	0.000107189670591	0.000101064546557	9.80019845402e-05	2.4500496135e-05	0.000153128100844	1.22502480675e-05	0.00166603373718	5.81886783207e-05	0	6.12512403376e-06	0.000799328686406	6.12512403376e-06	0.000505322732785	6.12512403376e-06	0.00013781529076	0.000101064546557	0.000493072484718	8.57517364727e-05	0.0016507209271	0.00466428195171	0.02213926082	0.000171503472945	5.81886783207e-05	1.83753721013e-05	0.000232754713283	1.22502480675e-05	0	0.000627825213461	0	0.0434546924575	0.00109639720204	0	9.18768605064e-06	0	0	3.36881821857e-05	6.12512403376e-06	0.0047898469944	5.51261163039e-05	0.00095245678725	0.000217441903199	0.00830260562776	6.12512403376e-06	3.06256201688e-06	0.0013781529076	6.12512403376e-06	9.80019845402e-05	0.000205191655131	1.53128100844e-05	5.51261163039e-05	0.0105505261482	0.000189878845047	0.00648038122772	0.0164061447244	0.00273793044309	0.032469282503	0.00052063554287	2.4500496135e-05	0	9.18768605064e-06	0	0	0.000257255209418	0.00193860175669	0.000532885790937	0.000539010914971	0.000113314794625	2.75630581519e-05	8.26891744558e-05	0.000128627604709	0.000202129093114	0.000450196616481	0.000306256201688	3.06256201688e-05	0	3.06256201688e-06	3.98133062195e-05
3.06256201688e-05	0.000701326701866	0.0002358172753	0	0	0	2.14379341182e-05	0.000131690166726	5.51261163039e-05	7.35014884051e-05	4.28758682363e-05	1.22502480675e-05	6.12512403376e-06	8.26891744558e-05	3.06256201688e-05	1.53128100844e-05	1.22502480675e-05	0.000248067523367	3.06256201688e-06	0.000174566034962	6.12512403376e-06	0.000162315786895	0.000223567027232	0.000759515380186	0.000150065538827	0	0.000119439918658	0.00132915191533	0.000269505457486	4.28758682363e-05	3.06256201688e-06	1.22502480675e-05	2.4500496135e-05	0	0.00042263355833	0.000940206539182	0.00109639720204	0.0349285198025	0	6.12512403376e-06	0	2.4500496135e-05	0.00141796621382	0.00192022638458	0.00013781529076	0.000413445872279	0.000174566034962	1.22502480675e-05	2.75630581519e-05	0.00345763251706	0	0.000183753721013	0.00325856598596	0.000183753721013	0.000202129093114	2.75630581519e-05	0.00283593242763	0.0032830664821	0.0154322500031	0.000468571988583	0	0.00320343986966	0.0138856561845	0.00165684605113	0.00080545381044	0.00224179539636	0	0	0.000128627604709	0.00153434357046	0.00245617473754	0.000281755705553	0.000502260170768	0.000260317771435	1.22502480675e-05	0.00014700297681	0	0.00296456003234	0.00189878845047	0.00272261763301	0.00111477257414	2.75630581519e-05	1.22502480675e-05	9.18768605064e-06
0	0	0	0	0	0	0	0	0	0	0	0	0	0	0	0	0	0	0	0	0	0	0	0	0	0	0	0	0	0	0	0	0	0	0	0	0	0	0	0	0	0	0	0	0	0	0	0	0	0	0	0	0	0	0	0	0	0	0	0	0	0	0	0	0	0	0	0	0	0	0	0	0	0	0	0	0	0	0	0	0	0	0	0
0	0	0	0	0.00490316178903	9.18768605064e-06	2.75630581519e-05	0.00202435349316	9.18768605064e-06	0.00238573581115	0.000826891744558	0	0.000260317771435	6.12512403376e-06	0	1.53128100844e-05	0	3.06256201688e-06	0	0	0.000407320748245	0	0	0	0.0016874716713	0	0	6.12512403376e-06	0.00371182516446	0	0	0	0	0	2.14379341182e-05	6.12512403376e-05	9.18768605064e-06	6.12512403376e-06	0	0.0197045240166	0.000793203562372	0.00133527703936	2.14379341182e-05	0.000370570004043	0.00352500888143	0.00733177346841	0.000263380333452	0.00497972583945	6.43138023545e-05	0.000658450833629	0.00160478249685	0	0	1.22502480675e-05	1.53128100844e-05	0.0112824784702	0	9.18768605064e-06	9.18768605064e-06	0.0101891438302	3.06256201688e-06	5.2063554287e-05	2.75630581519e-05	0.00783403363918	0.000768703066237	0	0	0.000217441903199	2.75630581519e-05	0.00109945976406	3.06256201688e-06	6.12512403376e-06	5.2063554287e-05	0	6.73763643714e-05	0	0	0.00113314794625	2.4500496135e-05	0.000615574965393	9.18768605064e-05	0.00137509034558	0.000425696120346	3.06256201688e-06
