0.0115676897661	1.04338753152e-05	0.00065037822798	0	0	0	0.000104338753152	0.00335622989305	0.000751239022694	0.000121728545344	0.000532127641075	7.30371272063e-05	7.30371272063e-05	3.4779584384e-06	0.0053351882445	0	3.13016259456e-05	0.000246935049126	3.4779584384e-06	4.17355012608e-05	6.95591687679e-05	0.000577341100774	0	0.00100860794714	5.91252934527e-05	0	0.000977306321189	0.00054256151639	0.00139118337536	0.00789496565516	0.00781845056952	3.4779584384e-06	6.95591687679e-06	0.000236501173811	0.000782540648639	0.000111294670029	1.04338753152e-05	6.95591687679e-06	0	0	0	6.95591687679e-06	0	1.04338753152e-05	4.86914181376e-05	1.04338753152e-05	0	0	3.4779584384e-06	0.00010781671159	0	1.7389792192e-05	3.4779584384e-06	0	0	0	0	2.43457090688e-05	6.95591687679e-06	0.000142596295974	0	3.4779584384e-06	6.95591687679e-06	0.000121728545344	0.000111294670029	0	0	0	0	3.4779584384e-06	0.000351273802278	7.99930440831e-05	0.00137727154161	0.000869489609599	0.000288670550387	6.95591687679e-06	0	1.39118337536e-05	1.39118337536e-05	3.82575428224e-05	1.39118337536e-05	0	3.4779584384e-06	0
1.04338753152e-05	0.0248326232502	0.00356142944092	0	2.43457090688e-05	0	3.4779584384e-06	3.82575428224e-05	0	0.00301538996609	2.78236675072e-05	0.000100860794714	3.4779584384e-05	0.000601686809843	2.08677506304e-05	0.000166942005043	0.000358229719155	0.000799930440831	0	0.000337361968524	3.4779584384e-05	0.000111294670029	0.00452830188679	0.000810364316146	0.00306408138423	0.00135640379097	0.0104512651074	0.0152508477524	0.000146074254413	6.26032518911e-05	0.00010781671159	5.91252934527e-05	0	3.82575428224e-05	0.000417355012608	2.43457090688e-05	0.00954003999652	0.00141900704287	0	3.13016259456e-05	0	6.60812103295e-05	5.91252934527e-05	7.65150856447e-05	3.4779584384e-06	0.000166942005043	3.82575428224e-05	9.04269193983e-05	5.21693765759e-05	6.26032518911e-05	0	0.000149552212851	0.000862533692722	2.08677506304e-05	0.000111294670029	0.00010781671159	6.60812103295e-05	0.00168680984262	0.000490392139814	4.86914181376e-05	0.000497348056691	0.00294235283888	0.00687244587427	5.21693765759e-05	5.91252934527e-05	3.82575428224e-05	0	0	0	4.86914181376e-05	0.0018572298061	0.00186418572298	0.000319972176332	0.000146074254413	0.0004347448048	3.4779584384e-06	6.95591687679e-06	0.00130771237284	0.000490392139814	9.39048778367e-05	4.52134596992e-05	0.000128684462221	1.39118337536e-05	0
0.00065037822798	0.00356142944092	0.0628293191896	0	6.95591687679e-06	0	4.52134596992e-05	0.00655595165638	0.000156508129728	0.000403443178854	0.000747761064255	0.000598208851404	0.000142596295974	3.82575428224e-05	0.00099817407182	4.52134596992e-05	0.000504303973568	0.00652117207199	5.21693765759e-05	0.000313016259456	0.000114772628467	0.00277541083384	0.0012590209547	0.0228919224415	0.00075819493957	2.08677506304e-05	0.0115502999739	0.0254934353534	0.00475784714373	0.00132510216503	0.00516129032258	2.78236675072e-05	3.4779584384e-06	0.000427788887923	0.0022467611512	4.86914181376e-05	0.00540126945483	0.00548474045735	0	4.86914181376e-05	0	5.91252934527e-05	0.000295626467264	7.99930440831e-05	0.000483436222937	0.000292148508825	8.34710025215e-05	5.56473350143e-05	6.95591687679e-06	7.99930440831e-05	0	0.00236501173811	0.000295626467264	2.78236675072e-05	9.04269193983e-05	7.30371272063e-05	0.000410399095731	0.00726545517781	0.00732110251282	0.000486914181376	3.4779584384e-06	0.00047648030606	0.00894183114512	0.000493870098252	9.73828362751e-05	8.34710025215e-05	0	0	0	0.000292148508825	0.0102773671855	0.00358925310843	0.00415616033388	0.00327971480741	5.21693765759e-05	3.4779584384e-06	0.000139118337536	0.00246239457438	0.00114077036779	0.000351273802278	0.000250413007565	0.000111294670029	3.4779584384e-05	0
0	0	0	0	0	0	0	0	0	0	0	0	0	0	0	0	0	0	0	0	0	0	0	0	0	0	0	0	0	0	0	0	0	0	0	0	0	0	0	0	0	0	0	0	0	0	0	0	0	0	0	0	0	0	0	0	0	0	0	0	0	0	0	0	0	0	0	0	0	0	0	0	0	0	0	0	0	0	0	0	0	0	0	0
0	2.43457090688e-05	6.95591687679e-06	0	0.0179393096252	1.04338753152e-05	0.000608642726719	0.000201721589427	3.4779584384e-06	0.00149204417007	0.00133205808191	1.7389792192e-05	0.00595426484654	6.95591687679e-06	1.39118337536e-05	0.000323450134771	0	6.95591687679e-06	0	0	0.0103712720633	0	1.39118337536e-05	1.04338753152e-05	0.00613511868533	0	1.39118337536e-05	3.13016259456e-05	0.00487261977219	9.39048778367e-05	2.78236675072e-05	0	1.39118337536e-05	2.08677506304e-05	8.34710025215e-05	0	0	0	0	0.00212503260586	0	8.34710025215e-05	0	1.39118337536e-05	0.00111990261716	0.000584297017651	0	0.000295626467264	0	1.39118337536e-05	6.95591687679e-06	0	3.4779584384e-06	0	0	0.00101904182245	0	0	3.4779584384e-06	0.00138074950004	0	0	0	0.00243804886532	4.17355012608e-05	0	0	0	0	0	0.000591252934527	3.4779584384e-06	4.86914181376e-05	2.08677506304e-05	0.00129727849752	1.39118337536e-05	0	1.04338753152e-05	3.4779584384e-06	3.4779584384e-06	0	1.39118337536e-05	3.4779584384e-06	0
0	0	0	0	1.04338753152e-05	0.00380140857317	0.00101904182245	2.08677506304e-05	0.000573863142335	2.08677506304e-05	4.52134596992e-05	5.56473350143e-05	9.73828362751e-05	1.7389792192e-05	6.95591687679e-05	0.000326928093209	0	0	0	0	4.86914181376e-05	0	0	0	3.4779584384e-05	0	0	0	2.78236675072e-05	0.000646900269542	0	0	0.00210764281367	0	0.000532127641075	3.4779584384e-06	0	0	0	0	0	6.95591687679e-06	0	1.04338753152e-05	6.95591687679e-06	0	0	0	0	3.4779584384e-06	0	0	0	0	0	0	0	0	0	1.04338753152e-05	0	0	0	3.4779584384e-06	3.4779584384e-06	0	0	0	0	0	0.000222589340057	0	9.73828362751e-05	0	0.00062951047735	0.000552995391705	0	6.95591687679e-06	0	6.95591687679e-06	0	6.95591687679e-06	3.4779584384e-06	0
0.000104338753152	3.4779584384e-06	4.52134596992e-05	0	0.000608642726719	0.00101904182245	0.0288844448309	0.00436483784019	0.0118146248152	0.000100860794714	0.0113868359273	0.00104686548996	0.0096652465003	2.78236675072e-05	0.00240674723937	0.00157203721416	2.08677506304e-05	1.7389792192e-05	4.52134596992e-05	0.00010781671159	0.0015581253804	6.95591687679e-06	0	6.26032518911e-05	0.000382575428224	3.4779584384e-06	0.000379097469785	9.73828362751e-05	0.000866011651161	0.00447961046865	4.17355012608e-05	3.82575428224e-05	0.00106425528215	0.000125206503782	0.00222589340057	0	0	0	0	3.4779584384e-06	0	3.4779584384e-06	2.43457090688e-05	1.04338753152e-05	0.000121728545344	5.91252934527e-05	0	0	1.04338753152e-05	0	0	0	0	0	3.4779584384e-06	0	0	0	0	0.000267802799757	0	0	0	0.000229545256934	0	0	0	0	0	0	0.000166942005043	6.26032518911e-05	0.000594730892966	6.95591687679e-05	0.00109903486653	8.34710025215e-05	6.95591687679e-06	3.4779584384e-06	1.39118337536e-05	3.4779584384e-06	0	0	3.4779584384e-06	0
0.00335622989305	3.82575428224e-05	0.00655595165638	0	0.000201721589427	2.08677506304e-05	0.00436483784019	0.0531605947309	0.00484827406312	0.00238935744718	0.0147848013216	0.000747761064255	0.000615598643596	4.52134596992e-05	0.00732458047126	6.60812103295e-05	5.21693765759e-05	0.00205895139553	0.000104338753152	0.000528649682636	0.000212155464742	0.00293539692201	3.4779584384e-06	0.00830188679245	0.00137031562473	3.4779584384e-06	0.00244500478219	0.000754716981132	0.0206069037475	0.0153238848796	0.0189618294061	4.17355012608e-05	5.21693765759e-05	0.0122528475785	0.00959568733154	1.04338753152e-05	2.78236675072e-05	2.78236675072e-05	0	0.00034779584384	3.4779584384e-06	0.000121728545344	0.000128684462221	9.04269193983e-05	0.00114077036779	0.000813842274585	3.4779584384e-06	1.7389792192e-05	3.4779584384e-06	1.04338753152e-05	0	0	1.04338753152e-05	3.4779584384e-06	3.4779584384e-06	9.73828362751e-05	0	6.60812103295e-05	6.60812103295e-05	0.00310929484393	1.04338753152e-05	2.08677506304e-05	2.43457090688e-05	0.00241718111469	1.04338753152e-05	6.95591687679e-06	0	0	0	1.04338753152e-05	0.00246587253282	0.000121728545344	0.00819407008086	0.00132858012347	0.000333884010086	0.000219111381619	7.65150856447e-05	0.000163464046605	5.91252934527e-05	0.00010781671159	4.17355012608e-05	2.43457090688e-05	3.4779584384e-05	0
0.000751239022694	0	0.000156508129728	0	3.4779584384e-06	0.000573863142335	0.0118146248152	0.00484827406312	0.0233231892879	0.00010781671159	0.00813494478741	0.000250413007565	0.00188505347361	3.13016259456e-05	0.00786714198765	0.000274758716633	2.78236675072e-05	6.95591687679e-06	0	0	0.000299104425702	0.000222589340057	0	0.000361707677593	0.000292148508825	0	3.4779584384e-05	1.39118337536e-05	0.000810364316146	0.00384314407443	0.000306060342579	1.04338753152e-05	0.00056342926702	0.000149552212851	0.000820798191462	6.95591687679e-06	0	0	0	0	0	1.39118337536e-05	2.43457090688e-05	2.43457090688e-05	9.04269193983e-05	5.91252934527e-05	0	0	3.4779584384e-06	6.95591687679e-06	0	0	0	0	0	0	0	0	0	0.000257368924441	0	0	0	0.000191287714112	1.7389792192e-05	3.4779584384e-06	0	0	0	0	8.34710025215e-05	2.08677506304e-05	0.000420832971046	0.000149552212851	0.000358229719155	5.21693765759e-05	1.04338753152e-05	6.95591687679e-06	3.4779584384e-06	3.4779584384e-06	0	3.4779584384e-06	0	0
0.000121728545344	0.00301538996609	0.000403443178854	0	0.00149204417007	2.08677506304e-05	0.000100860794714	0.00238935744718	0.00010781671159	0.0366750717329	0.000907747152422	0.00162768454917	0.00257716720285	0.000344317885401	0.00102599773933	0.000598208851404	0.00194070080863	5.91252934527e-05	0.000118250586905	6.26032518911e-05	0.0015581253804	0.00133901399878	0.00791931136423	0.00266411616381	0.0138109729589	0.000646900269542	0.00117554995218	0.00287279367012	0.00741500739066	0.00532475436919	0.00126597687158	3.4779584384e-05	0.000135640379097	0.000577341100774	0.00560299104426	3.4779584384e-05	8.34710025215e-05	0	0	0.00168333188418	6.95591687679e-06	0.00110251282497	0.000619076602035	0.00138074950004	0.0115850795583	0.00263281453787	0.000236501173811	0.000306060342579	3.82575428224e-05	0.000135640379097	3.13016259456e-05	0.00277888879228	4.86914181376e-05	0.000208677506304	0.000159986088166	0.00221545952526	6.95591687679e-05	0.0039579167029	0.00028171463351	0.0176784627424	6.95591687679e-05	1.7389792192e-05	5.56473350143e-05	0.00793670115642	0.000239979132249	0.000153030171289	0	0	0	0.00010781671159	0.00267455003913	0.000292148508825	0.00285540387792	0.000431266846361	0.00204851752022	2.78236675072e-05	3.13016259456e-05	0.00106425528215	0.000142596295974	0.000692113729241	4.86914181376e-05	0.00062951047735	0.000146074254413	0
0.000532127641075	2.78236675072e-05	0.000747761064255	0	0.00133205808191	4.52134596992e-05	0.0113868359273	0.0147848013216	0.00813494478741	0.000907747152422	0.0489661768542	0.00293887488045	0.00821841578993	6.60812103295e-05	0.00846187288062	0.000253890966003	3.13016259456e-05	0.00010781671159	0.000274758716633	0.000810364316146	0.00316842013738	7.99930440831e-05	3.4779584384e-06	0.000678201895487	0.000987740196505	5.56473350143e-05	0.00229545256934	0.000664290061734	0.00434049213112	0.0170663420572	0.00127293278845	7.65150856447e-05	0.000184331797235	0.00426049908704	0.0120337361969	2.08677506304e-05	6.95591687679e-06	0	0	4.86914181376e-05	1.04338753152e-05	0.000121728545344	0.000146074254413	0.000142596295974	0.000632988435788	0.000532127641075	6.95591687679e-06	1.39118337536e-05	5.56473350143e-05	3.13016259456e-05	0	3.4779584384e-06	0	6.95591687679e-06	6.95591687679e-06	0.000132162420659	6.95591687679e-06	2.08677506304e-05	2.78236675072e-05	0.00151638987914	0	6.95591687679e-06	1.39118337536e-05	0.00110946874185	1.04338753152e-05	3.4779584384e-06	0	0	0	6.95591687679e-06	0.00185027388923	0.000490392139814	0.00879923484914	0.000956438570559	0.000469524389184	0.000121728545344	4.86914181376e-05	8.69489609599e-05	6.95591687679e-05	6.26032518911e-05	3.4779584384e-06	3.13016259456e-05	4.17355012608e-05	0
7.30371272063e-05	0.000100860794714	0.000598208851404	0	1.7389792192e-05	5.56473350143e-05	0.00104686548996	0.000747761064255	0.000250413007565	0.00162768454917	0.00293887488045	0.0292044170072	0.00185375184767	0.00226067298496	0.00284149204417	3.13016259456e-05	1.39118337536e-05	0.00131814624815	0.00398921832884	0.00473002347622	0.000963394487436	0.000299104425702	2.43457090688e-05	0.00115468220155	0.00047648030606	0.000893835318668	0.0154038779237	0.00230588644466	0.000372141552908	0.00955047387184	0.000469524389184	0.00279627858447	9.73828362751e-05	0.000942526736805	0.0130527780193	6.95591687679e-06	1.39118337536e-05	0	0	6.95591687679e-06	0	0.00026084688288	7.30371272063e-05	0.000365185636032	2.08677506304e-05	5.56473350143e-05	0.000205199547865	5.21693765759e-05	0.000744283105817	5.21693765759e-05	0	3.4779584384e-06	1.39118337536e-05	6.60812103295e-05	5.56473350143e-05	0	3.4779584384e-06	3.4779584384e-06	2.43457090688e-05	0.00118250586905	0.000135640379097	6.60812103295e-05	8.69489609599e-05	0.000712981479871	0.000100860794714	0	6.95591687679e-05	0	0	3.82575428224e-05	0.00455264759586	0.00546735066516	0.00621163377098	0.000431266846361	0.000118250586905	1.04338753152e-05	0.000302582384141	0.000146074254413	0.000702547604556	0.000187809755673	1.04338753152e-05	0.000257368924441	2.78236675072e-05	3.4779584384e-06
7.30371272063e-05	3.4779584384e-05	0.000142596295974	0	0.00595426484654	9.73828362751e-05	0.0096652465003	0.000615598643596	0.00188505347361	0.00257716720285	0.00821841578993	0.00185375184767	0.0343309277454	3.82575428224e-05	0.00196156855926	0.00231632031997	3.4779584384e-06	0.00010781671159	0.00010781671159	0.000452134596992	0.0146352491088	3.4779584384e-05	1.04338753152e-05	9.73828362751e-05	0.00383966611599	1.39118337536e-05	0.00127988870533	0.000490392139814	0.00261890270411	0.0064585688201	6.26032518911e-05	4.52134596992e-05	0.000156508129728	3.4779584384e-05	0.00498739240066	0	0	0	0	0.00019476567255	0	1.04338753152e-05	3.4779584384e-06	2.78236675072e-05	0.000410399095731	6.95591687679e-05	0	0.000100860794714	1.7389792192e-05	3.4779584384e-06	0	0	0	0	0	0.000159986088166	0	0	3.4779584384e-06	0.000445178680115	0	3.4779584384e-06	0	0.000319972176332	3.4779584384e-06	0	0	0	0	0	0.00131119033128	0.00019476567255	0.00281366837666	3.82575428224e-05	0.00398226241196	2.78236675072e-05	1.04338753152e-05	2.78236675072e-05	1.7389792192e-05	6.95591687679e-06	3.4779584384e-06	2.78236675072e-05	0	0
3.4779584384e-06	0.000601686809843	3.82575428224e-05	0	6.95591687679e-06	1.7389792192e-05	2.78236675072e-05	4.52134596992e-05	3.13016259456e-05	0.000344317885401	6.60812103295e-05	0.00226067298496	3.82575428224e-05	0.01351882445	0.000128684462221	2.43457090688e-05	3.4779584384e-06	7.30371272063e-05	0.000153030171289	6.26032518911e-05	3.4779584384e-06	3.4779584384e-05	0.000358229719155	9.39048778367e-05	0.000292148508825	0.00600643422311	0.00476132510217	0.00246239457438	7.99930440831e-05	0.000319972176332	6.95591687679e-05	0.00358229719155	3.82575428224e-05	0.000142596295974	0.000695591687679	6.95591687679e-06	0.000177375880358	0	0	0	0	1.7389792192e-05	6.95591687679e-06	2.43457090688e-05	2.78236675072e-05	0	0.000518215807321	1.39118337536e-05	0.00173202330232	3.4779584384e-06	1.39118337536e-05	3.4779584384e-06	3.4779584384e-06	0	2.43457090688e-05	0	3.4779584384e-06	1.39118337536e-05	6.95591687679e-06	2.08677506304e-05	0.000441700721676	0.000163464046605	0.000264324841318	1.04338753152e-05	3.4779584384e-06	3.4779584384e-06	3.4779584384e-06	3.4779584384e-06	0	5.91252934527e-05	0.000730371272063	0.001213807495	0.000344317885401	0.000351273802278	8.69489609599e-05	0.00010781671159	0.000549517433267	3.4779584384e-06	0.00116511607686	7.30371272063e-05	6.95591687679e-06	0	0	0.000393009303539
0.0053351882445	2.08677506304e-05	0.00099817407182	0	1.39118337536e-05	6.95591687679e-05	0.00240674723937	0.00732458047126	0.00786714198765	0.00102599773933	0.00846187288062	0.00284149204417	0.00196156855926	0.000128684462221	0.0352456308147	0.000146074254413	6.26032518911e-05	0.000535605599513	0.000257368924441	0.000201721589427	0.00080340839927	0.000820798191462	6.95591687679e-06	0.00178767063734	0.000695591687679	0.000146074254413	0.00137379358317	0.000639944352665	0.00186766368142	0.0208155812538	0.0051717241979	0.000100860794714	0.000236501173811	0.00230240848622	0.00684462220676	0.000118250586905	6.95591687679e-06	0	0	3.4779584384e-06	0	0.000149552212851	7.30371272063e-05	0.00019476567255	0.000153030171289	0.000111294670029	6.26032518911e-05	1.04338753152e-05	8.69489609599e-05	0.000125206503782	0	1.39118337536e-05	0	5.56473350143e-05	5.21693765759e-05	0	0	2.43457090688e-05	1.04338753152e-05	0.00101556386401	0	0	1.39118337536e-05	0.000619076602035	0.000153030171289	3.4779584384e-06	0	0	0	3.13016259456e-05	0.00093209286149	0.000278236675072	0.00347448047996	0.000977306321189	0.000473002347622	3.82575428224e-05	9.73828362751e-05	0.000104338753152	0.000132162420659	0.00010781671159	1.04338753152e-05	8.34710025215e-05	1.39118337536e-05	0
0	0.000166942005043	4.52134596992e-05	0	0.000323450134771	0.000326928093209	0.00157203721416	6.60812103295e-05	0.000274758716633	0.000598208851404	0.000253890966003	3.13016259456e-05	0.00231632031997	2.43457090688e-05	0.000146074254413	0.00551256412486	0	0	0	0	0.000539083557951	0	9.73828362751e-05	5.56473350143e-05	0.000229545256934	2.43457090688e-05	7.99930440831e-05	0.00019476567255	0.000201721589427	0.000410399095731	3.4779584384e-06	0	0.000250413007565	6.95591687679e-06	0.000135640379097	0	0	0	0	6.95591687679e-06	0	0	0	0	2.43457090688e-05	0	2.43457090688e-05	3.4779584384e-06	0	0	0	6.95591687679e-06	3.4779584384e-06	1.04338753152e-05	1.04338753152e-05	1.04338753152e-05	6.95591687679e-06	6.95591687679e-06	3.13016259456e-05	2.43457090688e-05	0	3.4779584384e-06	0	1.7389792192e-05	0	0	0	0	0	6.95591687679e-06	0.000935570819929	6.95591687679e-06	4.52134596992e-05	3.4779584384e-06	0.00303973567516	0.000114772628467	3.4779584384e-06	0	0	4.86914181376e-05	5.21693765759e-05	1.04338753152e-05	0	0
3.13016259456e-05	0.000358229719155	0.000504303973568	0	0	0	2.08677506304e-05	5.21693765759e-05	2.78236675072e-05	0.00194070080863	3.13016259456e-05	1.39118337536e-05	3.4779584384e-06	3.4779584384e-06	6.26032518911e-05	0	0.0161516389879	2.43457090688e-05	0	1.39118337536e-05	3.4779584384e-06	0.00315798626206	0.00725154334406	0.00664290061734	0.00236848969655	1.04338753152e-05	0.000139118337536	0.00296669854795	0.00243804886532	4.17355012608e-05	5.91252934527e-05	0	0	5.21693765759e-05	0.000118250586905	3.4779584384e-06	3.82575428224e-05	2.08677506304e-05	0	0	0	0	6.95591687679e-06	3.4779584384e-06	0.000719937396748	3.4779584384e-05	3.4779584384e-06	0	0	3.4779584384e-06	0	0.00406921137292	3.4779584384e-06	0	3.4779584384e-06	0	0.000198243630989	0.0051265107382	0.0020380836449	0.00106773324059	3.4779584384e-06	1.7389792192e-05	0.000208677506304	0.000180853838797	0	7.65150856447e-05	0	0	0	0	0.00132858012347	0.000302582384141	0.000159986088166	0.000163464046605	4.86914181376e-05	0	3.4779584384e-06	0.000121728545344	8.34710025215e-05	6.95591687679e-06	6.95591687679e-06	0	0	0
0.000246935049126	0.000799930440831	0.00652117207199	0	6.95591687679e-06	0	1.7389792192e-05	0.00205895139553	6.95591687679e-06	5.91252934527e-05	0.00010781671159	0.00131814624815	0.00010781671159	7.30371272063e-05	0.000535605599513	0	2.43457090688e-05	0.0271350317364	0.000184331797235	0.00527606295105	8.69489609599e-05	0.00164507434136	6.95591687679e-06	0.00796452482393	0.000146074254413	5.21693765759e-05	0.00917137640205	0.00468481001652	0.00148161029476	0.00125554299626	0.0045109120946	0.000142596295974	1.39118337536e-05	0.000361707677593	0.00735936005565	3.4779584384e-06	0.000257368924441	0.00026084688288	0	3.4779584384e-06	0	2.08677506304e-05	2.43457090688e-05	3.13016259456e-05	9.39048778367e-05	1.39118337536e-05	0	6.95591687679e-06	6.95591687679e-06	3.4779584384e-06	0	3.13016259456e-05	0.000747761064255	0	3.13016259456e-05	1.04338753152e-05	7.30371272063e-05	2.43457090688e-05	0.000333884010086	0.00017389792192	6.95591687679e-06	0.000747761064255	0.000333884010086	0.000132162420659	0	1.7389792192e-05	0	0	3.4779584384e-06	9.73828362751e-05	0.0029075732545	0.00140509520911	0.0032066776802	0.00168333188418	6.95591687679e-06	6.95591687679e-06	0.000100860794714	0.00047648030606	0.000490392139814	0.000344317885401	0.000219111381619	1.04338753152e-05	0	0
3.4779584384e-06	0	5.21693765759e-05	0	0	0	4.52134596992e-05	0.000104338753152	0	0.000118250586905	0.000274758716633	0.00398921832884	0.00010781671159	0.000153030171289	0.000257368924441	0	0	0.000184331797235	0.00563777062864	0.00150943396226	6.60812103295e-05	1.7389792192e-05	0	0.000226067298496	6.95591687679e-06	5.21693765759e-05	0.00377358490566	0.000149552212851	4.52134596992e-05	0.000730371272063	2.78236675072e-05	0.000285192591949	0	0.000180853838797	0.00115816015999	0	0	0	0	0	0	1.04338753152e-05	0	2.08677506304e-05	0	3.4779584384e-06	3.4779584384e-05	3.4779584384e-06	3.4779584384e-05	3.4779584384e-06	0	0	6.95591687679e-06	1.39118337536e-05	0	0	0	0	0	7.99930440831e-05	1.04338753152e-05	2.43457090688e-05	0	5.91252934527e-05	3.4779584384e-06	0	3.4779584384e-06	0	0	0	0.000730371272063	0.000838187983654	0.000695591687679	4.17355012608e-05	0	0	6.95591687679e-06	1.04338753152e-05	6.95591687679e-05	6.95591687679e-06	0	2.08677506304e-05	0	0
4.17355012608e-05	0.000337361968524	0.000313016259456	0	0	0	0.00010781671159	0.000528649682636	0	6.26032518911e-05	0.000810364316146	0.00473002347622	0.000452134596992	6.26032518911e-05	0.000201721589427	0	1.39118337536e-05	0.00527606295105	0.00150943396226	0.0161898965307	0.000340839926963	0.000330406051648	3.4779584384e-06	0.00116163811842	0.000142596295974	7.30371272063e-05	0.00982175463003	0.00233023215373	0.000163464046605	0.00181897226328	0.000994696113381	0.000135640379097	0	0.000483436222937	0.00695591687679	6.95591687679e-06	8.69489609599e-05	0	0	3.4779584384e-06	0	2.43457090688e-05	0	1.39118337536e-05	3.4779584384e-05	1.39118337536e-05	6.95591687679e-06	1.04338753152e-05	4.17355012608e-05	6.95591687679e-06	0	3.4779584384e-06	0.000170419963481	0	2.78236675072e-05	1.04338753152e-05	1.39118337536e-05	0	5.91252934527e-05	0.00010781671159	5.91252934527e-05	0.000393009303539	0.000111294670029	7.30371272063e-05	1.04338753152e-05	0	3.4779584384e-06	0	0	2.43457090688e-05	0.00219806973307	0.00162420659073	0.0030884270933	0.0004347448048	6.95591687679e-06	0	1.39118337536e-05	5.21693765759e-05	4.17355012608e-05	3.4779584384e-05	1.04338753152e-05	2.78236675072e-05	0	0
6.95591687679e-05	3.4779584384e-05	0.000114772628467	0	0.0103712720633	4.86914181376e-05	0.0015581253804	0.000212155464742	0.000299104425702	0.0015581253804	0.00316842013738	0.000963394487436	0.0146352491088	3.4779584384e-06	0.00080340839927	0.000539083557951	3.4779584384e-06	8.69489609599e-05	6.60812103295e-05	0.000340839926963	0.0225197808886	1.04338753152e-05	1.04338753152e-05	7.30371272063e-05	0.00577688896618	0	0.000907747152422	0.00034779584384	0.00415963829232	0.00418050604295	5.56473350143e-05	1.7389792192e-05	7.99930440831e-05	1.7389792192e-05	0.00373880532128	0	0	0	0	0.000820798191462	3.4779584384e-06	0.000100860794714	3.4779584384e-06	6.26032518911e-05	0.00111294670029	0.00028171463351	6.95591687679e-06	0.000250413007565	0	2.78236675072e-05	3.4779584384e-06	0	0	3.4779584384e-06	0	0.00062951047735	0	0	3.4779584384e-06	0.00122076341188	0	3.4779584384e-06	0	0.00101904182245	5.21693765759e-05	0	0	0	0	3.4779584384e-06	0.00122771932875	0.000146074254413	0.00269193983132	2.78236675072e-05	0.00242761499	2.08677506304e-05	1.04338753152e-05	4.86914181376e-05	0	2.78236675072e-05	3.4779584384e-06	4.86914181376e-05	1.39118337536e-05	0
0.000577341100774	0.000111294670029	0.00277541083384	0	0	0	6.95591687679e-06	0.00293539692201	0.000222589340057	0.00133901399878	7.99930440831e-05	0.000299104425702	3.4779584384e-05	3.4779584384e-05	0.000820798191462	0	0.00315798626206	0.00164507434136	1.7389792192e-05	0.000330406051648	1.04338753152e-05	0.0458464481349	0.00197200243457	0.0268950526041	0.00171463351013	1.04338753152e-05	0.0011233805756	0.00133901399878	0.0103817059386	0.00127641074689	0.0161272932788	2.43457090688e-05	6.95591687679e-06	0.00132510216503	0.00795061299017	0.000180853838797	3.82575428224e-05	1.39118337536e-05	0	3.4779584384e-06	0	6.95591687679e-06	9.39048778367e-05	2.78236675072e-05	0.00152682375446	6.95591687679e-06	3.4779584384e-06	0	3.4779584384e-06	4.52134596992e-05	0	0.00351969393966	6.95591687679e-06	0	0	0	0.000250413007565	0.00643770106947	0.000469524389184	0.00161725067385	0	6.95591687679e-06	9.04269193983e-05	0.00114772628467	0.000326928093209	0.00158942700635	3.4779584384e-06	0	0	6.60812103295e-05	0.00271628554039	0.000959916528997	0.00760629510477	0.00268498391444	0.000970350404313	5.56473350143e-05	0.000111294670029	6.26032518911e-05	5.91252934527e-05	9.73828362751e-05	3.13016259456e-05	3.4779584384e-06	6.95591687679e-06	0
0	0.00452830188679	0.0012590209547	0	1.39118337536e-05	0	0	3.4779584384e-06	0	0.00791931136423	3.4779584384e-06	2.43457090688e-05	1.04338753152e-05	0.000358229719155	6.95591687679e-06	9.73828362751e-05	0.00725154334406	6.95591687679e-06	0	3.4779584384e-06	1.04338753152e-05	0.00197200243457	0.0257403704026	0.00535605599513	0.00775584731762	0.000639944352665	0.000399965220416	0.00991913746631	0.00204503956178	0.000104338753152	0.000479958264499	3.4779584384e-05	0	0.000118250586905	0.000187809755673	2.08677506304e-05	0.000615598643596	1.7389792192e-05	0	1.04338753152e-05	0	2.08677506304e-05	4.52134596992e-05	1.04338753152e-05	0.0034779584384	8.34710025215e-05	3.4779584384e-05	0	6.95591687679e-06	1.39118337536e-05	0	0.00702199808712	4.86914181376e-05	6.95591687679e-06	1.7389792192e-05	4.52134596992e-05	0.000215633423181	0.0106564646552	0.00312668463612	0.00333188418398	1.04338753152e-05	5.91252934527e-05	0.0011685940353	0.000942526736805	2.43457090688e-05	0.000201721589427	0	0	0	1.7389792192e-05	0.000319972176332	0.000114772628467	0.000121728545344	5.91252934527e-05	0.000236501173811	3.4779584384e-06	3.4779584384e-06	0.000789496565516	0.00026084688288	0.000111294670029	6.60812103295e-05	2.78236675072e-05	2.08677506304e-05	0
0.00100860794714	0.000810364316146	0.0228919224415	0	1.04338753152e-05	0	6.26032518911e-05	0.00830188679245	0.000361707677593	0.00266411616381	0.000678201895487	0.00115468220155	9.73828362751e-05	9.39048778367e-05	0.00178767063734	5.56473350143e-05	0.00664290061734	0.00796452482393	0.000226067298496	0.00116163811842	7.30371272063e-05	0.0268950526041	0.00535605599513	0.0858603599687	0.00133901399878	4.86914181376e-05	0.00497000260847	0.0111329449613	0.00972437179376	0.0018294061386	0.00971045996	0.000149552212851	1.04338753152e-05	0.000775584731762	0.00800973828363	6.26032518911e-05	0.000323450134771	0.000351273802278	0	3.4779584384e-06	0	2.08677506304e-05	0.000180853838797	3.82575428224e-05	0.000657334144857	9.04269193983e-05	3.4779584384e-05	3.4779584384e-06	6.95591687679e-06	3.13016259456e-05	0	0.00979393096252	5.91252934527e-05	3.4779584384e-06	3.13016259456e-05	3.4779584384e-06	0.000636466394227	0.0156264672637	0.00992957134162	0.00163464046605	6.95591687679e-06	9.73828362751e-05	0.00161725067385	0.000521693765759	4.17355012608e-05	0.000319972176332	3.4779584384e-06	0	0	0.000139118337536	0.00873663159725	0.00263281453787	0.013661420746	0.00869837405443	0.00219459177463	0.000142596295974	0.000493870098252	0.00123119728719	0.000201721589427	0.000205199547865	0.000139118337536	2.78236675072e-05	2.43457090688e-05	0
5.91252934527e-05	0.00306408138423	0.00075819493957	0	0.00613511868533	3.4779584384e-05	0.000382575428224	0.00137031562473	0.000292148508825	0.0138109729589	0.000987740196505	0.00047648030606	0.00383966611599	0.000292148508825	0.000695591687679	0.000229545256934	0.00236848969655	0.000146074254413	6.95591687679e-06	0.000142596295974	0.00577688896618	0.00171463351013	0.00775584731762	0.00133901399878	0.0463750978176	0.000469524389184	0.000987740196505	0.00442396313364	0.0155186505521	0.00168333188418	0.00145030866881	4.17355012608e-05	5.91252934527e-05	0.00108860099122	0.00374576123815	0.000146074254413	8.34710025215e-05	5.91252934527e-05	0	0.00159290496479	3.4779584384e-06	0.000292148508825	0.000333884010086	0.000420832971046	0.0110251282497	0.000772106773324	2.43457090688e-05	0.000198243630989	1.04338753152e-05	8.69489609599e-05	2.78236675072e-05	0.000782540648639	5.21693765759e-05	6.95591687679e-06	2.43457090688e-05	0.000918181027737	3.4779584384e-06	0.00176680288671	0.000271280758195	0.0129275715155	3.4779584384e-06	6.26032518911e-05	0.000146074254413	0.00716807234154	3.13016259456e-05	8.69489609599e-05	0	0	0	2.43457090688e-05	0.00452134596992	0.00153377967133	0.00298408834014	0.00161377271542	0.00213894443961	0.000118250586905	5.91252934527e-05	0.000483436222937	0.000132162420659	0.000309538301017	7.99930440831e-05	2.43457090688e-05	5.91252934527e-05	3.4779584384e-06
0	0.00135640379097	2.08677506304e-05	0	0	0	3.4779584384e-06	3.4779584384e-06	0	0.000646900269542	5.56473350143e-05	0.000893835318668	1.39118337536e-05	0.00600643422311	0.000146074254413	2.43457090688e-05	1.04338753152e-05	5.21693765759e-05	5.21693765759e-05	7.30371272063e-05	0	1.04338753152e-05	0.000639944352665	4.86914181376e-05	0.000469524389184	0.0131153812712	0.00598208851404	0.00467437614121	1.39118337536e-05	0.000180853838797	0	0.00216676810712	3.4779584384e-06	1.04338753152e-05	0.000344317885401	0	0.000212155464742	2.08677506304e-05	0	3.4779584384e-06	0	2.08677506304e-05	3.4779584384e-06	3.13016259456e-05	2.43457090688e-05	3.4779584384e-06	0.000848621858969	2.08677506304e-05	0.00359273106686	3.4779584384e-06	1.39118337536e-05	3.4779584384e-06	1.7389792192e-05	2.43457090688e-05	1.7389792192e-05	6.95591687679e-06	6.95591687679e-06	4.86914181376e-05	6.95591687679e-06	6.95591687679e-06	0.00255629945222	0.000229545256934	0.000615598643596	6.95591687679e-06	3.4779584384e-06	0	0.000104338753152	3.4779584384e-06	0	9.04269193983e-05	0.000549517433267	0.000779062690201	0.000104338753152	4.17355012608e-05	8.34710025215e-05	0	7.99930440831e-05	6.95591687679e-06	0.00124858707938	0.000142596295974	3.4779584384e-06	3.4779584384e-06	0	0.000580819059212
0.000977306321189	0.0104512651074	0.0115502999739	0	1.39118337536e-05	0	0.000379097469785	0.00244500478219	3.4779584384e-05	0.00117554995218	0.00229545256934	0.0154038779237	0.00127988870533	0.00476132510217	0.00137379358317	7.99930440831e-05	0.000139118337536	0.00917137640205	0.00377358490566	0.00982175463003	0.000907747152422	0.0011233805756	0.000399965220416	0.00497000260847	0.000987740196505	0.00598208851404	0.100599947831	0.0340874706547	0.00110946874185	0.00705677767151	0.00349882618903	0.00705677767151	2.08677506304e-05	0.00165203025824	0.0130493000609	9.39048778367e-05	0.00644813494479	0.00271628554039	0	7.30371272063e-05	0	0.000219111381619	0.000313016259456	0.00034779584384	0.000163464046605	0.000386053386662	0.000817320233023	7.65150856447e-05	0.00649682636292	0.000128684462221	0	0.000121728545344	0.00494217894096	0.000372141552908	0.00169028780106	0.000142596295974	0.000264324841318	0.000246935049126	0.00188505347361	0.000775584731762	0.00576297713242	0.0139605251717	0.0104095296061	0.000605164768281	0.000111294670029	0.000104338753152	0.00100860794714	0	6.95591687679e-06	0.000504303973568	0.013097991479	0.0107955829928	0.00811059907834	0.00152334579602	0.000184331797235	0	9.04269193983e-05	0.00111990261716	0.00377010694722	0.000984262238066	0.000250413007565	0.000222589340057	2.43457090688e-05	0.000170419963481
0.00054256151639	0.0152508477524	0.0254934353534	0	3.13016259456e-05	0	9.73828362751e-05	0.000754716981132	1.39118337536e-05	0.00287279367012	0.000664290061734	0.00230588644466	0.000490392139814	0.00246239457438	0.000639944352665	0.00019476567255	0.00296669854795	0.00468481001652	0.000149552212851	0.00233023215373	0.00034779584384	0.00133901399878	0.00991913746631	0.0111329449613	0.00442396313364	0.00467437614121	0.0340874706547	0.084403095383	0.0014398747935	0.00265716024694	0.00155464742196	0.00207981914616	1.7389792192e-05	0.000946004695244	0.0057699330493	0	0.00803756195113	0.00099817407182	0	4.86914181376e-05	0	8.34710025215e-05	3.82575428224e-05	8.69489609599e-05	0.000159986088166	0.000215633423181	0.000299104425702	2.78236675072e-05	0.00148856621163	5.21693765759e-05	0	0.00501869402661	0.000584297017651	7.99930440831e-05	0.0004347448048	8.69489609599e-05	0.000313016259456	0.00974871750283	0.00415963829232	0.000556473350143	0.00233371011216	0.0035962090253	0.00941483349274	0.000253890966003	6.26032518911e-05	6.95591687679e-06	0.000153030171289	0	0	0.000264324841318	0.0167741935484	0.00830536475089	0.0055160420833	0.00281019041822	0.000438222763238	2.08677506304e-05	5.91252934527e-05	0.00175636901139	0.000726893313625	0.000372141552908	0.000187809755673	9.73828362751e-05	2.08677506304e-05	9.73828362751e-05
0.00139118337536	0.000146074254413	0.00475784714373	0	0.00487261977219	2.78236675072e-05	0.000866011651161	0.0206069037475	0.000810364316146	0.00741500739066	0.00434049213112	0.000372141552908	0.00261890270411	7.99930440831e-05	0.00186766368142	0.000201721589427	0.00243804886532	0.00148161029476	4.52134596992e-05	0.000163464046605	0.00415963829232	0.0103817059386	0.00204503956178	0.00972437179376	0.0155186505521	1.39118337536e-05	0.00110946874185	0.0014398747935	0.0683314494392	0.00524823928354	0.0167185462134	2.08677506304e-05	2.78236675072e-05	0.00374228327971	0.00644813494479	0.000580819059212	5.91252934527e-05	2.08677506304e-05	0	0.00333884010086	2.08677506304e-05	0.000852099817407	0.000664290061734	0.000779062690201	0.0114250934701	0.00254586557691	8.69489609599e-05	0.000699069646118	0	0.000337361968524	8.34710025215e-05	0.000928614903052	4.52134596992e-05	7.30371272063e-05	5.21693765759e-05	0.00242065907312	2.43457090688e-05	0.00173550126076	0.000393009303539	0.0139953047561	1.39118337536e-05	3.13016259456e-05	9.73828362751e-05	0.00986001217285	0.000438222763238	0.000114772628467	0	0	0	3.4779584384e-05	0.00489000956439	0.00155464742196	0.00596122076341	0.00168333188418	0.0013946613338	0.00019476567255	4.17355012608e-05	0.000539083557951	0.000132162420659	0.000594730892966	7.65150856447e-05	0.000250413007565	0.000177375880358	0
0.00789496565516	6.26032518911e-05	0.00132510216503	0	9.39048778367e-05	0.000646900269542	0.00447961046865	0.0153238848796	0.00384314407443	0.00532475436919	0.0170663420572	0.00955047387184	0.0064585688201	0.000319972176332	0.0208155812538	0.000410399095731	4.17355012608e-05	0.00125554299626	0.000730371272063	0.00181897226328	0.00418050604295	0.00127641074689	0.000104338753152	0.0018294061386	0.00168333188418	0.000180853838797	0.00705677767151	0.00265716024694	0.00524823928354	0.0741605077819	0.0198104512651	0.000264324841318	0.00199634814364	0.0163464046605	0.0363307538475	0.000201721589427	1.7389792192e-05	6.95591687679e-06	0	3.13016259456e-05	3.4779584384e-06	0.000799930440831	0.000358229719155	0.00111294670029	0.00146422050256	0.000288670550387	0.000219111381619	6.26032518911e-05	0.000149552212851	0.000274758716633	0	3.4779584384e-05	1.7389792192e-05	0.00019476567255	0.000142596295974	0	1.04338753152e-05	5.21693765759e-05	4.52134596992e-05	0.00526562907573	3.4779584384e-06	3.13016259456e-05	2.78236675072e-05	0.00305364750891	0.000403443178854	3.13016259456e-05	0	0	3.4779584384e-06	0.000104338753152	0.00502217198504	0.00123119728719	0.0230727762803	0.00319972176332	0.00214590035649	0.000379097469785	9.73828362751e-05	0.000632988435788	0.000278236675072	0.000570385183897	3.4779584384e-05	0.000632988435788	0.000121728545344	0
0.00781845056952	0.00010781671159	0.00516129032258	0	2.78236675072e-05	0	4.17355012608e-05	0.0189618294061	0.000306060342579	0.00126597687158	0.00127293278845	0.000469524389184	6.26032518911e-05	6.95591687679e-05	0.0051717241979	3.4779584384e-06	5.91252934527e-05	0.0045109120946	2.78236675072e-05	0.000994696113381	5.56473350143e-05	0.0161272932788	0.000479958264499	0.00971045996	0.00145030866881	0	0.00349882618903	0.00155464742196	0.0167185462134	0.0198104512651	0.0592331101643	1.04338753152e-05	6.60812103295e-05	0.0118980958178	0.0123502304147	0.00152682375446	2.43457090688e-05	1.39118337536e-05	0	3.4779584384e-06	1.04338753152e-05	0.000215633423181	0.000184331797235	0.000250413007565	0.00352664985653	1.39118337536e-05	0	0	3.4779584384e-06	0.000956438570559	0	0.00071645943831	2.78236675072e-05	0	0	0	0.000215633423181	0.00303625771672	7.30371272063e-05	0.00204156160334	0	2.78236675072e-05	2.08677506304e-05	0.00189896530736	0.00156855925572	0.00180158247109	3.4779584384e-06	0	3.4779584384e-06	6.60812103295e-05	0.00242413703156	0.000552995391705	0.00797495869924	0.00174941309451	0.00056342926702	6.95591687679e-05	5.91252934527e-05	0.000191287714112	6.95591687679e-05	0.000274758716633	4.52134596992e-05	4.86914181376e-05	7.30371272063e-05	0
3.4779584384e-06	5.91252934527e-05	2.78236675072e-05	0	0	0	3.82575428224e-05	4.17355012608e-05	1.04338753152e-05	3.4779584384e-05	7.65150856447e-05	0.00279627858447	4.52134596992e-05	0.00358229719155	0.000100860794714	0	0	0.000142596295974	0.000285192591949	0.000135640379097	1.7389792192e-05	2.43457090688e-05	3.4779584384e-05	0.000149552212851	4.17355012608e-05	0.00216676810712	0.00705677767151	0.00207981914616	2.08677506304e-05	0.000264324841318	1.04338753152e-05	0.00776628119294	6.95591687679e-06	4.52134596992e-05	0.000535605599513	0	2.78236675072e-05	0	0	0	0	6.95591687679e-06	0	6.95591687679e-06	1.04338753152e-05	0	0.000153030171289	3.4779584384e-06	0.00140857316755	0	0	0	6.95591687679e-06	3.4779584384e-06	3.4779584384e-05	0	0	1.39118337536e-05	0	1.7389792192e-05	0.000556473350143	0.000135640379097	0.000177375880358	6.95591687679e-06	1.04338753152e-05	0	5.91252934527e-05	0	0	0	0.000702547604556	0.000841665942092	0.000344317885401	7.30371272063e-05	0	0	3.4779584384e-06	6.95591687679e-06	0.000765150856447	6.95591687679e-06	3.4779584384e-06	6.95591687679e-06	0	1.04338753152e-05
6.95591687679e-06	0	3.4779584384e-06	0	1.39118337536e-05	0.00210764281367	0.00106425528215	5.21693765759e-05	0.00056342926702	0.000135640379097	0.000184331797235	9.73828362751e-05	0.000156508129728	3.82575428224e-05	0.000236501173811	0.000250413007565	0	1.39118337536e-05	0	0	7.99930440831e-05	6.95591687679e-06	0	1.04338753152e-05	5.91252934527e-05	3.4779584384e-06	2.08677506304e-05	1.7389792192e-05	2.78236675072e-05	0.00199634814364	6.60812103295e-05	6.95591687679e-06	0.00535605599513	0	0.00237892357186	6.95591687679e-06	0	0	0	0	0	6.95591687679e-06	0	1.39118337536e-05	2.43457090688e-05	0	6.95591687679e-06	0	6.95591687679e-06	6.95591687679e-06	0	0	0	6.95591687679e-06	0	0	0	0	0	0.000104338753152	0	0	0	4.17355012608e-05	1.39118337536e-05	3.4779584384e-06	0	0	0	0	0.00036866359447	7.65150856447e-05	0.000566907225459	9.39048778367e-05	0.000239979132249	0.000799930440831	1.39118337536e-05	4.86914181376e-05	6.95591687679e-06	1.39118337536e-05	0	3.82575428224e-05	3.4779584384e-06	0
0.000236501173811	3.82575428224e-05	0.000427788887923	0	2.08677506304e-05	0	0.000125206503782	0.0122528475785	0.000149552212851	0.000577341100774	0.00426049908704	0.000942526736805	3.4779584384e-05	0.000142596295974	0.00230240848622	6.95591687679e-06	5.21693765759e-05	0.000361707677593	0.000180853838797	0.000483436222937	1.7389792192e-05	0.00132510216503	0.000118250586905	0.000775584731762	0.00108860099122	1.04338753152e-05	0.00165203025824	0.000946004695244	0.00374228327971	0.0163464046605	0.0118980958178	4.52134596992e-05	0	0.0238379271368	0.0145483001478	0.000299104425702	1.04338753152e-05	0	0	2.78236675072e-05	0	0.000100860794714	0.000239979132249	0.000135640379097	0.00144683071037	2.43457090688e-05	3.4779584384e-06	0	3.4779584384e-06	0.000139118337536	0	1.04338753152e-05	6.95591687679e-06	3.4779584384e-06	3.4779584384e-06	0	3.4779584384e-06	4.52134596992e-05	3.4779584384e-06	0.00109207894966	3.4779584384e-06	1.39118337536e-05	1.04338753152e-05	0.000695591687679	0.000111294670029	6.26032518911e-05	0	0	3.4779584384e-06	0	0.00346404660464	0.000295626467264	0.00959916528997	0.00204851752022	0.000267802799757	9.04269193983e-05	0.000135640379097	0.000104338753152	1.04338753152e-05	6.26032518911e-05	6.95591687679e-06	1.7389792192e-05	1.39118337536e-05	0
