0.0361908199483	0	0	0	1.20315225892e-05	2.40630451784e-05	0.000577513084281	0.0172532033929	0.0126090356735	0.000372977200265	0.00607591890754	0.000457197858389	8.42206581243e-05	0	0.0148468988751	4.81260903567e-05	0	0	0.000938458761956	0.00174457077543	0.00172050773025	0.00253865126632	0	0.000252661974373	0.00425915899657	0	0.00141971966552	0	0.014702520604	0.0113457258016	0.0114660410275	0	0	0.00229802081453	0.00477651446791	9.62521807135e-05	0	0	0	1.20315225892e-05	0	0	0	0	0.000457197858389	0	0	2.40630451784e-05	0	0	0	0	0	0	0	1.20315225892e-05	4.81260903567e-05	0	4.81260903567e-05	9.62521807135e-05	0	0	0	0	0.000276725019551	0	0	0	3.60945677676e-05	2.40630451784e-05	0.000168441316249	2.40630451784e-05	0.00448775792577	0.000914395716778	0.000168441316249	9.62521807135e-05	1.20315225892e-05	3.60945677676e-05	0	1.20315225892e-05	4.81260903567e-05	0	0	0
0	0.0226072309451	0.000276725019551	0	0	0	0	0	0	0.000276725019551	0	0	0	0.000108283703303	0	0	0.00073392287794	0.000625639174638	0	0	0	0	0.00247849365337	0.000156409793659	0.0004451663358	0.000469229380978	0.00513746014558	0.0200926427239	0	0	2.40630451784e-05	0	0	0	2.40630451784e-05	0	0.0148108043073	0.000517355471335	0	0	0	0	0	0	0	0	0	0	0.00103471094267	0	0	0	0	0	0	0	0	0	0	0	0.00430728508693	0.00246646213078	0.0146784575588	0	0	0	0.000324851109908	0	0	0	0.000216567406605	0	7.21891355351e-05	3.60945677676e-05	0	0	0	0	0	0	0	0	0	0
0	0.000276725019551	0.0351681405282	0	0	0	0	0	0	0	0	0	0	0	0	0	0	0.0114660410275	0	1.20315225892e-05	0	6.01576129459e-05	0.000505323948746	0.00838597124466	0	0	0.0122601215184	0.020646092763	4.81260903567e-05	0	0	0	0	0	3.60945677676e-05	0	0.0025627143115	0.00198520122722	0	0	0	0	0	0	0	0	0	0	0	0	0	0.000180472838838	0.00166035011731	0	0.000168441316249	0	1.20315225892e-05	3.60945677676e-05	0.000529386993924	0	0	0.00147987727847	0.00174457077543	0	0	0	0	0	0	0	0.000745954400529	0	0.00058954460687	0.000372977200265	0	0	0	2.40630451784e-05	0	0	0	0	0	0
0	0	0	0	0	0	0	0	0	0	0	0	0	0	0	0	0	0	0	0	0	0	0	0	0	0	0	0	0	0	0	0	0	0	0	0	0	0	0	0	0	0	0	0	0	0	0	0	0	0	0	0	0	0	0	0	0	0	0	0	0	0	0	0	0	0	0	0	0	0	0	0	0	0	0	0	0	0	0	0	0	0	0	0
1.20315225892e-05	0	0	0	0.0314985261385	0	0.00309210130542	0.00169644468507	0.00386211875113	0.000252661974373	0.00251458822114	0.000385008722854	0.00932443000662	6.01576129459e-05	0.00135956205258	0.00117908921374	0	0	9.62521807135e-05	0	0.00699031462432	0	0	0	0.0227034831258	0	8.42206581243e-05	0	0.012211995428	0.00120315225892	0	0	0	1.20315225892e-05	0.00119112073633	0	0	0	0	0.0114901040727	0	0.000240630451784	0	2.40630451784e-05	0.0103350779041	0.0070023461469	0.000168441316249	0.00933646152921	0	3.60945677676e-05	3.60945677676e-05	0	0	0	0	0.0107321181496	0	0	0	0.0103350779041	0	0	0	0.00132346748481	0.000132346748481	0	0	6.01576129459e-05	0	0.00014437827107	2.40630451784e-05	4.81260903567e-05	0.00134753052999	0.000385008722854	0.00252661974373	0.000312819587319	2.40630451784e-05	2.40630451784e-05	3.60945677676e-05	4.81260903567e-05	2.40630451784e-05	0	3.60945677676e-05	0
2.40630451784e-05	0	0	0	0	0.00481260903567	0.000866269626421	4.81260903567e-05	0.000372977200265	0.000132346748481	2.40630451784e-05	0	0	1.20315225892e-05	1.20315225892e-05	0.00261084040185	0	0	0	0	0	0	0	0	0.000806112013475	0	0	0	0.000372977200265	3.60945677676e-05	0	0	0.00113096312338	1.20315225892e-05	0.0008903326716	0	0	0	0	7.21891355351e-05	0	0	0	0	0.000120315225892	0	0	3.60945677676e-05	0	0	0	0	0	0	0	6.01576129459e-05	6.01576129459e-05	0	3.60945677676e-05	7.21891355351e-05	0	0	0	1.20315225892e-05	0	0	0	0	0	0	0.000517355471335	1.20315225892e-05	7.21891355351e-05	0.000469229380978	0.00294772303435	0.00114299464597	8.42206581243e-05	0	0	2.40630451784e-05	6.01576129459e-05	0	0	0
0.000577513084281	0	0	0	0.00309210130542	0.000866269626421	0.027383745413	0.00699031462432	0.0183841665163	0.000866269626421	0.00910786260001	0.000216567406605	0.00707453528244	2.40630451784e-05	0.00406665463514	0.00291162846658	0	0	2.40630451784e-05	0	0.00251458822114	8.42206581243e-05	0	0.000180472838838	0.0034530469831	0	0.000108283703303	0	0.00285147085364	0.00113096312338	0.000168441316249	0	0.000661733742405	0.000433134813211	0.00221380015641	1.20315225892e-05	0	0	0	0.000252661974373	0	8.42206581243e-05	2.40630451784e-05	2.40630451784e-05	0.00169644468507	1.20315225892e-05	9.62521807135e-05	0.00123924682669	0	1.20315225892e-05	9.62521807135e-05	0	0	0	0	0.000348914155086	2.40630451784e-05	0	1.20315225892e-05	0.000409071768032	0	0	0	0	7.21891355351e-05	0	0	6.01576129459e-05	0	3.60945677676e-05	0.00073392287794	6.01576129459e-05	0.00205739036275	0.00172050773025	0.00375383504783	0.000661733742405	0.00014437827107	0.000228598929194	1.20315225892e-05	3.60945677676e-05	3.60945677676e-05	0.000108283703303	3.60945677676e-05	0
0.0172532033929	0	0	0	0.00169644468507	4.81260903567e-05	0.00699031462432	0.0689887505264	0.0164109968116	8.42206581243e-05	0.0102749202912	0.000264693496962	0.000782048968297	0	0.0100703844071	0.000613607652048	0	0	0.000360945677676	0.000962521807135	0	0.00424712747398	0	0.000397040245443	0.00820549840582	0	0.000974553329724	0	0.0390182277567	0.00294772303435	0.0109366540336	0	0	0.00451182097094	0.00570294170727	0.000156409793659	0	0	0	0.00583528845575	0	1.20315225892e-05	7.21891355351e-05	0	0.00804908861216	0.00599169824941	0	0.00294772303435	0	0	0	0	0	0	0	0.00375383504783	3.60945677676e-05	0	3.60945677676e-05	0.0122240269506	0	0	0	0.00626842326896	8.42206581243e-05	0	0	0	3.60945677676e-05	4.81260903567e-05	0.000505323948746	2.40630451784e-05	0.00490886121639	0.00282740780846	0.00113096312338	0.000216567406605	0	0.000216567406605	0	4.81260903567e-05	6.01576129459e-05	0	0	0
0.0126090356735	0	0	0	0.00386211875113	0.000372977200265	0.0183841665163	0.0164109968116	0.0490525175961	0.000770017445708	0.0174577392769	0.00121518378151	0.00804908861216	0.000132346748481	0.0194068459364	0.00216567406605	0	0	0.000685796787583	0.000517355471335	0.00803705708957	0	0	0	0.00928833543885	0	0.000457197858389	0	0.00797689947663	0.00427119051916	0.000180472838838	0	0.000240630451784	0.000421103290621	0.00375383504783	3.60945677676e-05	0	0	0	0.000228598929194	0	6.01576129459e-05	0	2.40630451784e-05	0.00160019250436	1.20315225892e-05	0.000108283703303	0.00105877398785	0	1.20315225892e-05	8.42206581243e-05	0	0	0	0	0.00028875654214	0	0	0	0.00030078806473	0	0	0	0	0.000192504361427	0	0	6.01576129459e-05	1.20315225892e-05	4.81260903567e-05	0.000914395716778	0.000156409793659	0.00395837093184	0.00138362509776	0.00327257414426	0.00126330987186	0.000156409793659	4.81260903567e-05	0	2.40630451784e-05	2.40630451784e-05	8.42206581243e-05	3.60945677676e-05	0
0.000372977200265	0.000276725019551	0	0	0.000252661974373	0.000132346748481	0.000866269626421	8.42206581243e-05	0.000770017445708	0.0220056548156	2.40630451784e-05	1.20315225892e-05	0.00145581423329	0	0.000794080490886	0.00227395776936	0.000216567406605	0	0	0	9.62521807135e-05	0.00028875654214	0.00326054262167	0	0.0122841845636	0	1.20315225892e-05	0	0.00452385249353	0.00341695241533	0.00293569151176	0	0	0.00385008722854	0.00360945677676	0.00229802081453	0	0	0	0.00137159357517	3.60945677676e-05	0	0.00258677735667	0	0.0137520303194	2.40630451784e-05	1.20315225892e-05	0.0014437827107	1.20315225892e-05	0.000276725019551	0.000228598929194	0.00160019250436	2.40630451784e-05	0	0	0.00127534139445	2.40630451784e-05	0.00166035011731	0	0.00590747759129	0	1.20315225892e-05	0	0.00146784575588	0.00117908921374	0.0004451663358	0	0	0.000216567406605	0.000276725019551	0.00113096312338	1.20315225892e-05	0.000348914155086	0.000757985923119	0.00330866871203	2.40630451784e-05	0	0.000914395716778	0	0.000216567406605	0.000180472838838	0.000216567406605	0	0
0.00607591890754	0	0	0	0.00251458822114	2.40630451784e-05	0.00910786260001	0.0102749202912	0.0174577392769	2.40630451784e-05	0.0343139024244	0.000264693496962	0.00370570895747	2.40630451784e-05	0.0077843951152	2.40630451784e-05	0	0	0.000469229380978	0.000649702219816	0.00591950911388	0	0	1.20315225892e-05	0.00210551645311	0	0.000469229380978	0	0.0102628887686	0.00123924682669	0	0	0	2.40630451784e-05	0.00292365998917	0	0	0	0	0.00182879143356	0	6.01576129459e-05	0	0	0.000625639174638	0.00193707513686	7.21891355351e-05	0.0033327317572	0.000132346748481	0	0	0	0	0	0	0.000854238103832	0	0	0	0.000854238103832	0	0.000132346748481	0	0	9.62521807135e-05	0	0	0	0	0.000252661974373	0.00030078806473	2.40630451784e-05	0.00232208385971	0.0004451663358	0.000156409793659	0.000372977200265	0	1.20315225892e-05	4.81260903567e-05	0.000252661974373	0	0	0	0
0.000457197858389	0	0	0	0.000385008722854	0	0.000216567406605	0.000264693496962	0.00121518378151	1.20315225892e-05	0.000264693496962	0.0206220297179	0.000505323948746	0.00306803826024	0.00383805570595	0	0	9.62521807135e-05	0.00464416771942	0.00270709258257	0.000745954400529	0	0	0	0.000830175058654	0.000986584852313	0.00471635685496	0	0.000312819587319	0.00567887866209	0	0.000613607652048	0.00141971966552	0.000240630451784	0.00848222342537	0	0	0	0	0	0	0	0	0	1.20315225892e-05	2.40630451784e-05	0.000324851109908	1.20315225892e-05	0.00058954460687	0	0	0	0	0	0	1.20315225892e-05	0	0	0	2.40630451784e-05	4.81260903567e-05	0	0	0	0	0	0	0	0	4.81260903567e-05	0.000926427239367	0.00380196113818	0.00417493833845	0.000108283703303	1.20315225892e-05	0.000914395716778	0.000625639174638	0.000276725019551	0.000830175058654	4.81260903567e-05	0	0	0	0.000156409793659
8.42206581243e-05	0	0	0	0.00932443000662	0	0.00707453528244	0.000782048968297	0.00804908861216	0.00145581423329	0.00370570895747	0.000505323948746	0.0290922216206	6.01576129459e-05	0.00372977200265	0.00245443060819	2.40630451784e-05	0	0.000216567406605	0	0.011129158395	4.81260903567e-05	0	0.000108283703303	0.0102989833363	0	0.000132346748481	0	0.000914395716778	0.00191301209168	0	0	0	3.60945677676e-05	0.00172050773025	1.20315225892e-05	0	0	0	0.00157612945918	0	0.00394633940925	1.20315225892e-05	0.00030078806473	0.00255068278891	0.00327257414426	0.000673765264994	0.0121157432473	0.000794080490886	0.00185285447873	0.000709859832762	0	0	6.01576129459e-05	6.01576129459e-05	0.00157612945918	0	0	1.20315225892e-05	0.00168441316249	0	0.000782048968297	0	1.20315225892e-05	0.00186488600132	0	0	6.01576129459e-05	1.20315225892e-05	0.00147987727847	0.000360945677676	4.81260903567e-05	0.00208145340793	0.000697828310173	0.00376586657041	0.000637670697227	7.21891355351e-05	0.00030078806473	0.000854238103832	0.00227395776936	0.000637670697227	0.000240630451784	3.60945677676e-05	0
0	0.000108283703303	0	0	6.01576129459e-05	1.20315225892e-05	2.40630451784e-05	0	0.000132346748481	0	2.40630451784e-05	0.00306803826024	6.01576129459e-05	0.0122601215184	0.000276725019551	0	4.81260903567e-05	0	0	0	8.42206581243e-05	0	4.81260903567e-05	2.40630451784e-05	7.21891355351e-05	0.00659327437887	0.0008903326716	0.00265896649221	0	0.000433134813211	0	0.000216567406605	0.000252661974373	0	0.000505323948746	0	0	0	0	0	0	0	0	0	0	0	0.00289959694399	0	0.00449978944835	0	0	0	0	1.20315225892e-05	0	0	0	0	0	0	0.00161222402695	0.000120315225892	0	0	0	0	1.20315225892e-05	0	0	0.000216567406605	0	0.00140768814293	0.000553450039102	1.20315225892e-05	0	0.000120315225892	0.00087830114901	0	0.00399446549961	8.42206581243e-05	0	0	0	0.000745954400529
0.0148468988751	0	0	0	0.00135956205258	1.20315225892e-05	0.00406665463514	0.0100703844071	0.0194068459364	0.000794080490886	0.0077843951152	0.00383805570595	0.00372977200265	0.000276725019551	0.0406665463514	0.000541418516513	0	0	0.00149190880106	0.00058954460687	0.00602779281718	0.00179269686579	0	0.000180472838838	0.00797689947663	0	0.00119112073633	0	0.0115622932082	0.0140046922938	0.00566684713951	0	0.00156409793659	0.00253865126632	0.00510136557781	0.000481260903567	0	0	0	8.42206581243e-05	0	3.60945677676e-05	0	0	0.00187691752391	0	3.60945677676e-05	0.000360945677676	0	0	4.81260903567e-05	0	0	0	0	0.000108283703303	1.20315225892e-05	0	1.20315225892e-05	0.000745954400529	0	0	0	0	0.000505323948746	0	0	0	7.21891355351e-05	0.000108283703303	0.000505323948746	0.000108283703303	0.00255068278891	0.000553450039102	0.000962521807135	0.000902364194189	8.42206581243e-05	0.000240630451784	0	0.000204535884016	0.000204535884016	6.01576129459e-05	0	0
4.81260903567e-05	0	0	0	0.00117908921374	0.00261084040185	0.00291162846658	0.000613607652048	0.00216567406605	0.00227395776936	2.40630451784e-05	0	0.00245443060819	0	0.000541418516513	0.0120555856344	0	0	1.20315225892e-05	0	0.000120315225892	0	0	0	0.00316429044096	0	1.20315225892e-05	0	0.00135956205258	0.000216567406605	1.20315225892e-05	0	2.40630451784e-05	0.000204535884016	0.000433134813211	1.20315225892e-05	0	0	0	0.000914395716778	1.20315225892e-05	9.62521807135e-05	0	0	0.0030078806473	4.81260903567e-05	0	0.00168441316249	0	1.20315225892e-05	0.00028875654214	0	0	0	0	0.00116705769115	1.20315225892e-05	0	1.20315225892e-05	0.00111893160079	0	0	0	2.40630451784e-05	1.20315225892e-05	0	0	0	0	0	0.00073392287794	0	0.000541418516513	0.000481260903567	0.00966131263911	0.000216567406605	0	6.01576129459e-05	0	4.81260903567e-05	4.81260903567e-05	0.000240630451784	0	0
0	0.00073392287794	0	0	0	0	0	0	0	0.000216567406605	0	0	2.40630451784e-05	4.81260903567e-05	0	0	0.0253263550502	0	0	0	0	0.0018889490465	0.0203573362209	0.0109366540336	0.00309210130542	4.81260903567e-05	0	0.00323647957649	0.000637670697227	0	4.81260903567e-05	0	0	0	0	0	1.20315225892e-05	0	0	0	0	0	0	0	0	0	0	0	0	0	0	0.00642483306262	0	0	0	0	0.00014437827107	0.0102267942008	0.00162425554954	0.00409071768032	0	0	1.20315225892e-05	0.00338085784756	0	0	0	0	0	0	0.00193707513686	0.000132346748481	0.000517355471335	0.000601576129459	0	0	0	1.20315225892e-05	0	0	0	0	0	0
0	0.000625639174638	0.0114660410275	0	0	0	0	0	0	0	0	9.62521807135e-05	0	0	0	0	0	0.0466462130783	0	0.00326054262167	0	0.00255068278891	0.000252661974373	0.0198520122722	0	0	0.0167839740119	0.00761595379895	0.00014437827107	1.20315225892e-05	0.000348914155086	0	0	1.20315225892e-05	0.00824159297359	1.20315225892e-05	0.00705047223726	0.00204535884016	0	0	0	0	2.40630451784e-05	0	0	3.60945677676e-05	0	0	0	0	0	0	0.00160019250436	0	0.00172050773025	0	0.00173253925284	0.000240630451784	0.00514949166817	0.000120315225892	0	0.00423509595139	0.00696625157914	0.000240630451784	4.81260903567e-05	0	0	0	0	0.00030078806473	0.00182879143356	0.00125127834928	0.0132346748481	0.00968537568429	0.00102267942008	0	0	0.000649702219816	8.42206581243e-05	0.000601576129459	0.00123924682669	0	0	0
0.000938458761956	0	0	0	9.62521807135e-05	0	2.40630451784e-05	0.000360945677676	0.000685796787583	0	0.000469229380978	0.00464416771942	0.000216567406605	0	0.00149190880106	1.20315225892e-05	0	0	0.0154003489142	0.000770017445708	0.000806112013475	0	0	0.000120315225892	0.000541418516513	0	0.00816940383806	0.000192504361427	0.000469229380978	0.00271912410516	7.21891355351e-05	2.40630451784e-05	0	0.000312819587319	0.0047885459905	0	0	0	0	0	0	0	0	0	0	3.60945677676e-05	0	2.40630451784e-05	1.20315225892e-05	0	0	0	1.20315225892e-05	0	0.000324851109908	2.40630451784e-05	0	0	1.20315225892e-05	4.81260903567e-05	0	0.00149190880106	4.81260903567e-05	0	0	0	0	0	0	0	0.00413884377068	0.00405462311255	0.00383805570595	0.000372977200265	1.20315225892e-05	0.0004451663358	0	0.000541418516513	1.20315225892e-05	0	0	0	0	0
0.00174457077543	0	1.20315225892e-05	0	0	0	0	0.000962521807135	0.000517355471335	0	0.000649702219816	0.00270709258257	0	0	0.00058954460687	0	0	0.00326054262167	0.000770017445708	0.0215364254346	0.000745954400529	0.000252661974373	6.01576129459e-05	0.000264693496962	0.000541418516513	0	0.0165072489924	0.00241833604043	0.000986584852313	0.00191301209168	0.000312819587319	0	0	0.000770017445708	0.00761595379895	0	0.000505323948746	0	0	0	0	0	0	0	0	0	0	0	0	0	0	0	0.000529386993924	0	0.00114299464597	0	0	0.000120315225892	0	0.000108283703303	0	0.00156409793659	0.000457197858389	0.000120315225892	0	0	0	0	0	0	0.00350117307345	0.00249052517596	0.00620826565602	0.00030078806473	0	0	0	0.000794080490886	8.42206581243e-05	0.000108283703303	2.40630451784e-05	0	0	0
0.00172050773025	0	0	0	0.00699031462432	0	0.00251458822114	0	0.00803705708957	9.62521807135e-05	0.00591950911388	0.000745954400529	0.011129158395	8.42206581243e-05	0.00602779281718	0.000120315225892	0	0	0.000806112013475	0.000745954400529	0.0195391926848	0	0	0	0.00660530590146	0	0.000469229380978	0	0.000902364194189	0.00237020995007	0	0	0	0	0.00263490344703	0	0	0	0	0.00257474583409	0	0.000493292426157	0	1.20315225892e-05	0.00113096312338	0.00117908921374	0.000180472838838	0.00494495578415	0.000228598929194	0.000541418516513	0	0	0	0	0	0.00139565662035	0	0	0	0.000204535884016	0	0.000216567406605	0	0	0.000553450039102	0	0	0	0	0.000409071768032	1.20315225892e-05	7.21891355351e-05	0.00259880887926	0.00014437827107	0.00105877398785	0.000577513084281	3.60945677676e-05	3.60945677676e-05	7.21891355351e-05	0.000433134813211	2.40630451784e-05	0	0	0
0.00253865126632	0	6.01576129459e-05	0	0	0	8.42206581243e-05	0.00424712747398	0	0.00028875654214	0	0	4.81260903567e-05	0	0.00179269686579	0	0.0018889490465	0.00255068278891	0	0.000252661974373	0	0.0448896107802	0.0014437827107	0.0243999278109	0.0004451663358	0	0.00107080551044	2.40630451784e-05	0.00788064729592	0.00215364254346	0.0150514347591	0	0	0.00175660229802	0.00718281898574	3.60945677676e-05	1.20315225892e-05	2.40630451784e-05	0	0	0	0	2.40630451784e-05	0	0.000721891355351	0	0	0	0	0	0	0.000757985923119	2.40630451784e-05	0	1.20315225892e-05	0	0.000914395716778	0.00255068278891	0.000914395716778	0.00264693496962	0	2.40630451784e-05	2.40630451784e-05	0.00173253925284	4.81260903567e-05	1.20315225892e-05	0	0	2.40630451784e-05	2.40630451784e-05	0.00238224147266	3.60945677676e-05	0.00717078746315	0.00380196113818	0.000902364194189	0.000132346748481	0	0.000613607652048	0	0.00030078806473	0.000818143536064	1.20315225892e-05	0	0
0	0.00247849365337	0.000505323948746	0	0	0	0	0	0	0.00326054262167	0	0	0	4.81260903567e-05	0	0	0.0203573362209	0.000252661974373	0	6.01576129459e-05	0	0.0014437827107	0.0532996450701	0.0174216447091	0.00554653191361	4.81260903567e-05	0.000120315225892	0.0208626601696	0.00298381760212	2.40630451784e-05	3.60945677676e-05	0	0	3.60945677676e-05	3.60945677676e-05	0	0.00774830054743	0	0	0	0	0	0	0	0.000276725019551	0	0	0	0	0	0	0.0166275642183	0	0	0	0	0.000132346748481	0.0272393671419	0.013764061842	0.00653311676593	0	0	0.0105155507429	0.00385008722854	0	0	0	0	0	0	0.000553450039102	0.000216567406605	0	0	0	0	0	0	0	0	0	0	0	0
0.000252661974373	0.000156409793659	0.00838597124466	0	0	0	0.000180472838838	0.000397040245443	0	0	1.20315225892e-05	0	0.000108283703303	2.40630451784e-05	0.000180472838838	0	0.0109366540336	0.0198520122722	0.000120315225892	0.000264693496962	0	0.0243999278109	0.0174216447091	0.0961799915779	0	2.40630451784e-05	0.0019972327498	0.0144257955844	0.00101064789749	0.000421103290621	0.00329663718944	0	0	0.000204535884016	0.00717078746315	0	0.00238224147266	0.000132346748481	0	0	0	0	0	0	4.81260903567e-05	0	0	0	0	0	0	0.0122841845636	8.42206581243e-05	0	3.60945677676e-05	0	0.00306803826024	0.0222703483126	0.0179029056127	0.00398243397702	0	3.60945677676e-05	0.00554653191361	0.00394633940925	0	0	0	0	0	0	0.00808518317993	0.000336882632497	0.0173013294832	0.0160380196114	0.00197316970463	9.62521807135e-05	0	0.0012272153041	1.20315225892e-05	0.000397040245443	0.00194910665945	0	0	0
0.00425915899657	0.0004451663358	0	0	0.0227034831258	0.000806112013475	0.0034530469831	0.00820549840582	0.00928833543885	0.0122841845636	0.00210551645311	0.000830175058654	0.0102989833363	7.21891355351e-05	0.00797689947663	0.00316429044096	0.00309210130542	0	0.000541418516513	0.000541418516513	0.00660530590146	0.0004451663358	0.00554653191361	0	0.0668712025507	0	0.000697828310173	1.20315225892e-05	0.0326776153522	0.00988991156831	0.00616013956566	0	0	0.00772423750226	0.00688203092101	0.00240630451784	0	0	0	0.0104313300848	0	0	0.00127534139445	2.40630451784e-05	0.0230403657583	0.00855441256091	8.42206581243e-05	0.00624436022379	2.40630451784e-05	0.000312819587319	0	0.000228598929194	3.60945677676e-05	0	0	0.010659929014	0	0.000276725019551	0	0.0189135535102	0	2.40630451784e-05	0	0.0026709980148	0.00117908921374	7.21891355351e-05	0	6.01576129459e-05	0.000228598929194	0.000372977200265	0.00104674246526	9.62521807135e-05	0.00449978944835	0.0021175479757	0.00632858088191	0.000709859832762	3.60945677676e-05	0.00123924682669	0	0.000276725019551	0.000264693496962	1.20315225892e-05	3.60945677676e-05	0
0	0.000469229380978	0	0	0	0	0	0	0	0	0	0.000986584852313	0	0.00659327437887	0	0	4.81260903567e-05	0	0	0	0	0	4.81260903567e-05	2.40630451784e-05	0	0.00796486795404	0.000601576129459	0.00305600673765	0	0	0	0.000120315225892	0	0	0	0	0	0	0	0	0	0	0	0	0	0	0.00257474583409	0	0.00348914155086	0	0	0	0	0	0	0	0	0	0	0	0.00191301209168	0	0	0	0	0	0	0	0	0.000216567406605	0	7.21891355351e-05	1.20315225892e-05	0	0	0	0.000264693496962	0	0.00280334476328	9.62521807135e-05	0	0	0	0.000782048968297
0.00141971966552	0.00513746014558	0.0122601215184	0	8.42206581243e-05	0	0.000108283703303	0.000974553329724	0.000457197858389	1.20315225892e-05	0.000469229380978	0.00471635685496	0.000132346748481	0.0008903326716	0.00119112073633	1.20315225892e-05	0	0.0167839740119	0.00816940383806	0.0165072489924	0.000469229380978	0.00107080551044	0.000120315225892	0.0019972327498	0.000697828310173	0.000601576129459	0.102015280034	0.0409312398484	0.00102267942008	0.00250255669855	0.000553450039102	0.00419900138363	0.00028875654214	0.000938458761956	0.00826565601877	1.20315225892e-05	0.0126090356735	0.000348914155086	0	0	0	0	2.40630451784e-05	0	1.20315225892e-05	4.81260903567e-05	0.000613607652048	1.20315225892e-05	0.00782048968297	0	0	0	0.00166035011731	0.000360945677676	0.00620826565602	0	1.20315225892e-05	0.00030078806473	1.20315225892e-05	0.000204535884016	0.00541418516513	0.0223305059255	0.0136798411839	0.000324851109908	4.81260903567e-05	0	0.00281537628587	0	0	0.00030078806473	0.00914395716778	0.0104072670396	0.00880707453528	0.000854238103832	2.40630451784e-05	0.000336882632497	0	0.00271912410516	0.000854238103832	0.000673765264994	0.000216567406605	0	0	1.20315225892e-05
0	0.0200926427239	0.020646092763	0	0	0	0	0	0	0	0	0	0	0.00265896649221	0	0	0.00323647957649	0.00761595379895	0.000192504361427	0.00241833604043	0	2.40630451784e-05	0.0208626601696	0.0144257955844	1.20315225892e-05	0.00305600673765	0.0409312398484	0.111075016543	2.40630451784e-05	0	0	0.000180472838838	0	0	0	0	0.0317271250677	0.00193707513686	0	0	0	0	0	0	0	0	0.000806112013475	0	0.00865066474162	0	0	0.00735126030199	0.000336882632497	0	0.00187691752391	0	1.20315225892e-05	0.0126330987186	0.0102267942008	0	0.00952896589063	0.0153522228238	0.037105215665	0	0	0	0.00247849365337	0	0	0	0.00234614690489	4.81260903567e-05	0.000240630451784	0.000204535884016	0	0	0	6.01576129459e-05	0.000264693496962	2.40630451784e-05	0	0	0	6.01576129459e-05
0.014702520604	0	4.81260903567e-05	0	0.012211995428	0.000372977200265	0.00285147085364	0.0390182277567	0.00797689947663	0.00452385249353	0.0102628887686	0.000312819587319	0.000914395716778	0	0.0115622932082	0.00135956205258	0.000637670697227	0.00014437827107	0.000469229380978	0.000986584852313	0.000902364194189	0.00788064729592	0.00298381760212	0.00101064789749	0.0326776153522	0	0.00102267942008	2.40630451784e-05	0.0896228117668	0.0100824159297	0.0161583348373	0	0	0.00705047223726	0.00841003428984	0.00210551645311	0	0	0	0.0129940443963	0	0	0.00102267942008	0	0.0214642362991	0.00939661914215	0	0.00632858088191	1.20315225892e-05	0.00030078806473	0	0.00120315225892	3.60945677676e-05	0	0	0.0107441496721	0.000192504361427	0.00220176863382	0.000192504361427	0.0231245864164	0	2.40630451784e-05	0	0.00632858088191	0.000360945677676	3.60945677676e-05	0	0	7.21891355351e-05	0.000120315225892	0.00430728508693	0.000156409793659	0.0055585634362	0.00323647957649	0.00261084040185	0.000385008722854	0	0.000348914155086	0	0.000216567406605	0.000336882632497	0	0	0
0.0113457258016	0	0	0	0.00120315225892	3.60945677676e-05	0.00113096312338	0.00294772303435	0.00427119051916	0.00341695241533	0.00123924682669	0.00567887866209	0.00191301209168	0.000433134813211	0.0140046922938	0.000216567406605	0	1.20315225892e-05	0.00271912410516	0.00191301209168	0.00237020995007	0.00215364254346	2.40630451784e-05	0.000421103290621	0.00988991156831	0	0.00250255669855	0	0.0100824159297	0.0431931660952	0.0183119773807	0	0.00184082295615	0.0163869337665	0.0163508391987	0.00128737291704	0	0	0	1.20315225892e-05	0	1.20315225892e-05	0.000517355471335	0	0.00719485050833	3.60945677676e-05	1.20315225892e-05	8.42206581243e-05	1.20315225892e-05	1.20315225892e-05	1.20315225892e-05	0.000204535884016	2.40630451784e-05	0	0	3.60945677676e-05	2.40630451784e-05	0	1.20315225892e-05	0.00336882632497	0	1.20315225892e-05	0	0.000180472838838	0.00111893160079	0.000108283703303	0	0	0.000240630451784	0.000385008722854	0.000372977200265	9.62521807135e-05	0.00784455272815	0.00194910665945	0.000457197858389	0.00140768814293	8.42206581243e-05	0.00386211875113	0	0.0004451663358	0.000433134813211	6.01576129459e-05	0	0
0.0114660410275	2.40630451784e-05	0	0	0	0	0.000168441316249	0.0109366540336	0.000180472838838	0.00293569151176	0	0	0	0	0.00566684713951	1.20315225892e-05	4.81260903567e-05	0.000348914155086	7.21891355351e-05	0.000312819587319	0	0.0150514347591	3.60945677676e-05	0.00329663718944	0.00616013956566	0	0.000553450039102	0	0.0161583348373	0.0183119773807	0.0489803284606	0	0	0.00981772243277	0.0103591409493	0.00103471094267	3.60945677676e-05	1.20315225892e-05	0	0	0	0	0.000385008722854	0	0.00518558623594	0	1.20315225892e-05	0	1.20315225892e-05	1.20315225892e-05	0	8.42206581243e-05	4.81260903567e-05	0	1.20315225892e-05	0	0.000312819587319	2.40630451784e-05	0.000312819587319	0.00168441316249	0	2.40630451784e-05	3.60945677676e-05	8.42206581243e-05	0.00107080551044	6.01576129459e-05	0	0	0.000252661974373	0.000385008722854	0.000553450039102	6.01576129459e-05	0.00707453528244	0.00383805570595	0.000697828310173	0.000216567406605	1.20315225892e-05	0.00193707513686	0	0.000577513084281	0.000637670697227	2.40630451784e-05	0	0
0	0	0	0	0	0	0	0	0	0	0	0.000613607652048	0	0.000216567406605	0	0	0	0	2.40630451784e-05	0	0	0	0	0	0	0.000120315225892	0.00419900138363	0.000180472838838	0	0	0	0.00427119051916	0	0	0	0	0	0	0	0	0	0	0	0	0	0	0.000336882632497	0	0.00139565662035	0	0	0	0	0.000228598929194	0	0	0	0	0	0	0.000192504361427	0.000565481561692	0	0	0	0	0.000204535884016	0	0	0	0.000228598929194	0.00168441316249	0	0	0	0	0	0	0.000276725019551	0	0	0	0	0
0	0	0	0	0	0.00113096312338	0.000661733742405	0	0.000240630451784	0	0	0.00141971966552	0	0.000252661974373	0.00156409793659	2.40630451784e-05	0	0	0	0	0	0	0	0	0	0	0.00028875654214	0	0	0.00184082295615	0	0	0.0038982133189	0	0.00240630451784	0	0	0	0	0	0	0	0	0	0	0	1.20315225892e-05	0	0	0	0	0	0	0	0	0	0	0	0	0	0	0	0	0	0	0	0	0	0	0	0.000336882632497	4.81260903567e-05	0.000336882632497	0.000457197858389	2.40630451784e-05	0.000697828310173	8.42206581243e-05	1.20315225892e-05	0	0	0	0	0	0
0.00229802081453	0	0	0	1.20315225892e-05	1.20315225892e-05	0.000433134813211	0.00451182097094	0.000421103290621	0.00385008722854	2.40630451784e-05	0.000240630451784	3.60945677676e-05	0	0.00253865126632	0.000204535884016	0	1.20315225892e-05	0.000312819587319	0.000770017445708	0	0.00175660229802	3.60945677676e-05	0.000204535884016	0.00772423750226	0	0.000938458761956	0	0.00705047223726	0.0163869337665	0.00981772243277	0	0	0.0230884918486	0.013354990074	0.0012272153041	1.20315225892e-05	0	0	0	0	0	0.00107080551044	0	0.00818143536064	1.20315225892e-05	1.20315225892e-05	2.40630451784e-05	0	1.20315225892e-05	0	0.00030078806473	3.60945677676e-05	0	4.81260903567e-05	1.20315225892e-05	1.20315225892e-05	2.40630451784e-05	0	0.00342898393792	0	3.60945677676e-05	0	0.000264693496962	0.000854238103832	0.00028875654214	0	0	0.000216567406605	0.000348914155086	0.00301991216989	3.60945677676e-05	0.00517355471335	0.00317632196354	0.000565481561692	0.000204535884016	0	0.00622029717861	4.81260903567e-05	0.000385008722854	0.000385008722854	4.81260903567e-05	0	0
0.00477651446791	2.40630451784e-05	3.60945677676e-05	0	0.00119112073633	0.0008903326716	0.00221380015641	0.00570294170727	0.00375383504783	0.00360945677676	0.00292365998917	0.00848222342537	0.00172050773025	0.000505323948746	0.00510136557781	0.000433134813211	0	0.00824159297359	0.0047885459905	0.00761595379895	0.00263490344703	0.00718281898574	3.60945677676e-05	0.00717078746315	0.00688203092101	0	0.00826565601877	0	0.00841003428984	0.0163508391987	0.0103591409493	0	0.00240630451784	0.013354990074	0.056054863743	0.000252661974373	6.01576129459e-05	0.000216567406605	0	3.60945677676e-05	0	3.60945677676e-05	0.00115502616856	0	0.00605185586236	0.000120315225892	2.40630451784e-05	0.000421103290621	0	1.20315225892e-05	1.20315225892e-05	0.000360945677676	6.01576129459e-05	0	4.81260903567e-05	0.00014437827107	6.01576129459e-05	2.40630451784e-05	6.01576129459e-05	0.00208145340793	0	7.21891355351e-05	0.000240630451784	0.000481260903567	0.000505323948746	0.000336882632497	0	0	0.000108283703303	8.42206581243e-05	0.00542621668772	0.000240630451784	0.0279251639295	0.00847019190279	0.00194910665945	0.00262287192444	0.000276725019551	0.00495698730674	2.40630451784e-05	0.000120315225892	0.000156409793659	7.21891355351e-05	0	0
9.62521807135e-05	0	0	0	0	0	1.20315225892e-05	0.000156409793659	3.60945677676e-05	0.00229802081453	0	0	1.20315225892e-05	0	0.000481260903567	1.20315225892e-05	0	1.20315225892e-05	0	0	0	3.60945677676e-05	0	0	0.00240630451784	0	1.20315225892e-05	0	0.00210551645311	0.00128737291704	0.00103471094267	0	0	0.0012272153041	0.000252661974373	0.0179991577934	0	0	0	0.0012272153041	0	0.0030078806473	0.00650905372075	0.000156409793659	0.00360945677676	0.00571497322986	0.000385008722854	0.000517355471335	3.60945677676e-05	0.00601576129459	8.42206581243e-05	0	0	0.000252661974373	0.000721891355351	0.0004451663358	0	0	0	0.00874691692234	0	0.00014437827107	0	0.00237020995007	0.00646092763039	0.000312819587319	0	0	0.000421103290621	0.00102267942008	9.62521807135e-05	0	4.81260903567e-05	9.62521807135e-05	2.40630451784e-05	0	0	0.000108283703303	1.20315225892e-05	0.000794080490886	0.00014437827107	0	0	0
0	0.0148108043073	0.0025627143115	0	0	0	0	0	0	0	0	0	0	0	0	0	1.20315225892e-05	0.00705047223726	0	0.000505323948746	0	1.20315225892e-05	0.00774830054743	0.00238224147266	0	0	0.0126090356735	0.0317271250677	0	0	3.60945677676e-05	0	0	1.20315225892e-05	6.01576129459e-05	0	0.0529026048246	0.00294772303435	0	7.21891355351e-05	0	0	2.40630451784e-05	0	0.000168441316249	1.20315225892e-05	2.40630451784e-05	1.20315225892e-05	0.00152800336883	0	0	0.00268302953739	0.00030078806473	0	0.000721891355351	0	1.20315225892e-05	0.00629248631414	0.00268302953739	0.00255068278891	0.0100703844071	0.00742344943753	0.0459002586777	2.40630451784e-05	1.20315225892e-05	0	0.000481260903567	0	0	0.000228598929194	0.000360945677676	0	0.000192504361427	0.000156409793659	0	0	0	8.42206581243e-05	2.40630451784e-05	0.000409071768032	0.00014437827107	0	0	0
0	0.000517355471335	0.00198520122722	0	0	0	0	0	0	0	0	0	0	0	0	0	0	0.00204535884016	0	0	0	2.40630451784e-05	0	0.000132346748481	0	0	0.000348914155086	0.00193707513686	0	0	1.20315225892e-05	0	0	0	0.000216567406605	0	0.00294772303435	0.0311255489382	0	0	0	0	0	0	0	0	0	0	0	0	0	3.60945677676e-05	0.00483667208085	0	0	0	0.000264693496962	0	0.0131624857126	0	0	0.0070023461469	0.0173013294832	2.40630451784e-05	0	0	0	0	0	0	4.81260903567e-05	0	0.000397040245443	0.000324851109908	0	0	0	0.000108283703303	0	0	0	0	0	0
0	0	0	0	0	0	0	0	0	0	0	0	0	0	0	0	0	0	0	0	0	0	0	0	0	0	0	0	0	0	0	0	0	0	0	0	0	0	0	0	0	0	0	0	0	0	0	0	0	0	0	0	0	0	0	0	0	0	0	0	0	0	0	0	0	0	0	0	0	0	0	0	0	0	0	0	0	0	0	0	0	0	0	0
1.20315225892e-05	0	0	0	0.0114901040727	7.21891355351e-05	0.000252661974373	0.00583528845575	0.000228598929194	0.00137159357517	0.00182879143356	0	0.00157612945918	0	8.42206581243e-05	0.000914395716778	0	0	0	0	0.00257474583409	0	0	0	0.0104313300848	0	0	0	0.0129940443963	1.20315225892e-05	0	0	0	0	3.60945677676e-05	0.0012272153041	7.21891355351e-05	0	0	0.0347229741924	0.0004451663358	6.01576129459e-05	0.000397040245443	2.40630451784e-05	0.0168922577152	0.0112735366661	2.40630451784e-05	0.0108885279432	2.40630451784e-05	0.000324851109908	0.000721891355351	0	0	6.01576129459e-05	0.000312819587319	0.017337424051	0	0.00030078806473	0	0.0232930277327	0	6.01576129459e-05	0	0.00739938639235	0.0012272153041	0	0	0	1.20315225892e-05	0.000577513084281	3.60945677676e-05	0	9.62521807135e-05	6.01576129459e-05	0.00139565662035	0	0	0.00113096312338	6.01576129459e-05	0.000757985923119	0.000469229380978	0.00028875654214	3.60945677676e-05	0
0	0	0	0	0	0	0	0	0	3.60945677676e-05	0	0	0	0	0	1.20315225892e-05	0	0	0	0	0	0	0	0	0	0	0	0	0	0	0	0	0	0	0	0	0	0	0	0.0004451663358	0.00317632196354	0.000336882632497	0	0.000324851109908	0.00103471094267	0	0	0.00101064789749	0	0	0.00186488600132	0	0	0	0	0.000336882632497	0	0	0	0.000721891355351	0	0	0	0	0	0	0	0.000336882632497	0	0.000120315225892	0	0	0	0	2.40630451784e-05	0	0	0	0	0	0	0.00172050773025	0.000902364194189	0
0	0	0	0	0.000240630451784	0	8.42206581243e-05	1.20315225892e-05	6.01576129459e-05	0	6.01576129459e-05	0	0.00394633940925	0	3.60945677676e-05	9.62521807135e-05	0	0	0	0	0.000493292426157	0	0	0	0	0	0	0	0	1.20315225892e-05	0	0	0	0	3.60945677676e-05	0.0030078806473	0	0	0	6.01576129459e-05	0.000336882632497	0.0294291042531	0.00116705769115	0.00388618179631	0.000252661974373	0.0153642543464	0.00111893160079	0.0095650604584	0.000745954400529	0.00583528845575	0.00339288937015	0	0	0.000577513084281	0.00073392287794	0.000324851109908	0	0	0	0.0013354990074	0	0.000745954400529	0	1.20315225892e-05	0.00442760031282	0	0	0.000204535884016	0	0.0019972327498	8.42206581243e-05	0	3.60945677676e-05	0	0.000240630451784	1.20315225892e-05	0	0.00185285447873	0.00128737291704	0.00395837093184	0.00126330987186	0.00255068278891	7.21891355351e-05	0
0	0	0	0	0	0	2.40630451784e-05	7.21891355351e-05	0	0.00258677735667	0	0	1.20315225892e-05	0	0	0	0	2.40630451784e-05	0	0	0	2.40630451784e-05	0	0	0.00127534139445	0	2.40630451784e-05	0	0.00102267942008	0.000517355471335	0.000385008722854	0	0	0.00107080551044	0.00115502616856	0.00650905372075	2.40630451784e-05	0	0	0.000397040245443	0	0.00116705769115	0.0499548817903	0.00151597184624	0.00279131324069	0.00451182097094	2.40630451784e-05	1.20315225892e-05	0	0.0084581603802	2.40630451784e-05	0.00058954460687	2.40630451784e-05	0.000108283703303	0.00030078806473	0	0.00250255669855	0	0.00058954460687	0.0128256030801	0	1.20315225892e-05	0	0.0179269686579	0.00180472838838	0.0110329062143	0	0	8.42206581243e-05	0.00184082295615	0.00058954460687	0	1.20315225892e-05	0.000108283703303	1.20315225892e-05	0	0	0.0024423990856	7.21891355351e-05	0.00397040245443	0.00174457077543	3.60945677676e-05	0	0
0	0	0	0	2.40630451784e-05	0	2.40630451784e-05	0	2.40630451784e-05	0	0	0	0.00030078806473	0	0	0	0	0	0	0	1.20315225892e-05	0	0	0	2.40630451784e-05	0	0	0	0	0	0	0	0	0	0	0.000156409793659	0	0	0	2.40630451784e-05	0.000324851109908	0.00388618179631	0.00151597184624	0.00963724959394	1.20315225892e-05	0.00125127834928	0.000192504361427	0.000625639174638	1.20315225892e-05	0.00364555134452	0.000409071768032	0	0	0	0	9.62521807135e-05	0	0	0	0.000541418516513	0	1.20315225892e-05	0	0.000120315225892	0.000481260903567	0	0	0.000818143536064	0	0.000228598929194	0	0	0	2.40630451784e-05	3.60945677676e-05	0	0	0.000228598929194	0	0.000204535884016	6.01576129459e-05	0.000276725019551	0.000204535884016	0
0.000457197858389	0	0	0	0.0103350779041	0.000120315225892	0.00169644468507	0.00804908861216	0.00160019250436	0.0137520303194	0.000625639174638	1.20315225892e-05	0.00255068278891	0	0.00187691752391	0.0030078806473	0	0	0	0	0.00113096312338	0.000721891355351	0.000276725019551	4.81260903567e-05	0.0230403657583	0	1.20315225892e-05	0	0.0214642362991	0.00719485050833	0.00518558623594	0	0	0.00818143536064	0.00605185586236	0.00360945677676	0.000168441316249	0	0	0.0168922577152	0.00103471094267	0.000252661974373	0.00279131324069	1.20315225892e-05	0.0533718342056	0.00772423750226	2.40630451784e-05	0.0116946399567	2.40630451784e-05	0.000336882632497	0.0027792817181	0.00262287192444	3.60945677676e-05	0	0	0.0118751127955	2.40630451784e-05	0.00458401010648	0	0.0363111351742	0	2.40630451784e-05	2.40630451784e-05	0.00797689947663	0.00184082295615	0.000481260903567	0	0	0.000397040245443	0.000553450039102	0.00334476327979	2.40630451784e-05	0.00131143596222	0.00139565662035	0.0057871623654	4.81260903567e-05	0	0.00484870360344	1.20315225892e-05	0.000613607652048	0.000625639174638	0.00116705769115	2.40630451784e-05	0
0	0	0	0	0.0070023461469	0	1.20315225892e-05	0.00599169824941	1.20315225892e-05	2.40630451784e-05	0.00193707513686	2.40630451784e-05	0.00327257414426	0	0	4.81260903567e-05	0	3.60945677676e-05	3.60945677676e-05	0	0.00117908921374	0	0	0	0.00855441256091	0	4.81260903567e-05	0	0.00939661914215	3.60945677676e-05	0	0	0	1.20315225892e-05	0.000120315225892	0.00571497322986	1.20315225892e-05	0	0	0.0112735366661	0	0.0153642543464	0.00451182097094	0.00125127834928	0.00772423750226	0.0556698550202	0.00247849365337	0.022667388558	0.00131143596222	0.00540215364254	0.000637670697227	0	1.20315225892e-05	0.00196113818204	0.00460807315166	0.0192384046201	0	0	0	0.0206099981953	0	0.00170847620766	0	0.00407868615773	0.00859050712868	0	0	8.42206581243e-05	0	0.00782048968297	6.01576129459e-05	0	0.000132346748481	1.20315225892e-05	6.01576129459e-05	0	0	0.00326054262167	0.000649702219816	0.00814534079288	0.00139565662035	8.42206581243e-05	3.60945677676e-05	0
0	0	0	0	0.000168441316249	0	9.62521807135e-05	0	0.000108283703303	1.20315225892e-05	7.21891355351e-05	0.000324851109908	0.000673765264994	0.00289959694399	3.60945677676e-05	0	0	0	0	0	0.000180472838838	0	0	0	8.42206581243e-05	0.00257474583409	0.000613607652048	0.000806112013475	0	1.20315225892e-05	1.20315225892e-05	0.000336882632497	1.20315225892e-05	1.20315225892e-05	2.40630451784e-05	0.000385008722854	2.40630451784e-05	0	0	2.40630451784e-05	0	0.00111893160079	2.40630451784e-05	0.000192504361427	2.40630451784e-05	0.00247849365337	0.0285387715815	0.00247849365337	0.0105275822655	0.00394633940925	0	0	0	0.00371774048006	0.00777236359261	0.000709859832762	0	0	0	0.000601576129459	0.000938458761956	0.00135956205258	0	0	0.00588341454611	0	0.000854238103832	0.00014437827107	0	0.0152559706431	0	3.60945677676e-05	2.40630451784e-05	0.000120315225892	7.21891355351e-05	3.60945677676e-05	2.40630451784e-05	0.000385008722854	0.00350117307345	0.00540215364254	0.000132346748481	1.20315225892e-05	4.81260903567e-05	0.00180472838838
2.40630451784e-05	0	0	0	0.00933646152921	3.60945677676e-05	0.00123924682669	0.00294772303435	0.00105877398785	0.0014437827107	0.0033327317572	1.20315225892e-05	0.0121157432473	0	0.000360945677676	0.00168441316249	0	0	2.40630451784e-05	0	0.00494495578415	0	0	0	0.00624436022379	0	1.20315225892e-05	0	0.00632858088191	8.42206581243e-05	0	0	0	2.40630451784e-05	0.000421103290621	0.000517355471335	1.20315225892e-05	0	0	0.0108885279432	0.00101064789749	0.0095650604584	1.20315225892e-05	0.000625639174638	0.0116946399567	0.022667388558	0.00247849365337	0.0492089273898	0.00139565662035	0.00370570895747	0.0047885459905	0	0	0.00150394032365	0.00274318715033	0.0171449196896	0	0.000276725019551	0	0.0122962160861	0	0.00146784575588	0	1.20315225892e-05	0.00494495578415	0	0	1.20315225892e-05	0	0.00577513084281	0.000517355471335	0	0.00058954460687	0.000120315225892	0.00385008722854	1.20315225892e-05	0	0.001552066414	0.00174457077543	0.00743548096012	0.00151597184624	0.00168441316249	2.40630451784e-05	0
