0.0168825510666	0.000289056085259	0.00439449033966	0	0	0	0.000121487340181	0.00472124939256	0.00617490825611	3.35137490155e-05	0.00045243561171	0.000238785461736	1.25676558808e-05	3.77029676425e-05	0.00891046801951	4.18921862694e-06	1.25676558808e-05	0.000909060442046	0.000121487340181	0.00160865995275	8.37843725388e-06	0.000372840457798	6.70274980311e-05	0.00160865995275	0.000268109992124	2.09460931347e-05	0.0045243561171	0.000724734822461	0.000892303567539	0.00503125157096	0.00479246610922	4.18921862694e-06	7.1216716658e-05	6.70274980311e-05	0.00172176885567	0	0.000251353117617	0.000100541247047	0	4.18921862694e-06	0	0	4.18921862694e-06	1.25676558808e-05	3.77029676425e-05	0	8.37843725388e-06	0	4.18921862694e-06	0	0	2.09460931347e-05	4.18921862694e-06	0	0.000196893275466	4.18921862694e-06	8.37843725388e-05	0.000134054996062	2.51353117617e-05	2.09460931347e-05	2.09460931347e-05	7.5405935285e-05	0.000230407024482	1.25676558808e-05	0	7.1216716658e-05	0	0	0	3.77029676425e-05	0.000502706235233	6.28382794041e-05	0.00130703621161	0.000201082494093	2.09460931347e-05	0	4.18921862694e-06	8.37843725388e-05	1.25676558808e-05	5.02706235233e-05	1.25676558808e-05	0	8.37843725388e-06	0
0.000289056085259	0.0344437555507	0.00391691941619	0	4.18921862694e-06	4.18921862694e-06	2.51353117617e-05	0.000117298121554	0.000230407024482	0.00206109556446	2.51353117617e-05	0.00030162374114	0.000465003267591	0.000842032944015	0.000222028587228	1.25676558808e-05	0.000498517016606	0.001089196843	7.5405935285e-05	0.000825276069508	0	0.000125676558808	0.00436516580927	0.00264758617223	0.00261407242321	0.00192704056839	0.0077584328971	0.0224542118404	0.000582301389145	0.000167568745078	0.000201082494093	9.21628097927e-05	0	1.25676558808e-05	0.00100541247047	2.09460931347e-05	0.0193835145869	0.00201920337819	0	0	0	4.18921862694e-06	8.37843725388e-06	4.18921862694e-06	0.00015081187057	1.25676558808e-05	2.51353117617e-05	4.18921862694e-06	0.000485949360725	1.25676558808e-05	0	0.000129865777435	0.000565544514637	2.09460931347e-05	0.00309583256531	4.18921862694e-06	0.000163379526451	0.00065770732443	0.000582301389145	9.21628097927e-05	0.000946763409689	0.00305394037904	0.0172093101195	5.86490607772e-05	2.93245303886e-05	4.60814048964e-05	0.000213650149974	0	0	0.000184325619585	0.00372840457798	0.00176785026057	0.00102216934497	9.63520284197e-05	0.000980277158704	0	2.51353117617e-05	0.00135730683513	0.000347705146036	0.000134054996062	5.44598421502e-05	8.37843725388e-06	1.25676558808e-05	4.18921862694e-06
0.00439449033966	0.00391691941619	0.0342887544615	0	4.18921862694e-06	8.37843725388e-06	8.79735911658e-05	0.00289056085259	0.00221609665365	5.02706235233e-05	8.79735911658e-05	7.95951539119e-05	2.51353117617e-05	3.77029676425e-05	0.00333042880842	2.09460931347e-05	6.28382794041e-05	0.00408029894264	2.51353117617e-05	0.000527841546995	0	0.00116041355966	0.000201082494093	0.0186210767968	0.000280677648005	4.18921862694e-06	0.0104730465674	0.0126430618161	0.00239204383598	0.000146622651943	0.00100541247047	8.37843725388e-06	6.70274980311e-05	1.67568745078e-05	0.000557166077383	1.25676558808e-05	0.00465003267591	0.00409705581715	0	5.02706235233e-05	0	8.37843725388e-06	3.77029676425e-05	4.18921862694e-06	2.09460931347e-05	3.35137490155e-05	1.25676558808e-05	4.18921862694e-06	8.37843725388e-06	8.37843725388e-06	0	8.37843725388e-05	0.00160028151549	5.44598421502e-05	0.000607436700907	1.25676558808e-05	0.000293245303886	0.000310002178394	0.00127352246259	9.63520284197e-05	8.37843725388e-06	0.00158771385961	0.00554652546207	0.000117298121554	6.28382794041e-05	5.86490607772e-05	0	0	0	0.000268109992124	0.00268109992124	0.000653518105803	0.00103054778223	0.00025973155487	6.70274980311e-05	4.18921862694e-06	0	0.000544598421502	0.000883925130285	0.000129865777435	6.70274980311e-05	8.37843725388e-06	2.09460931347e-05	0
0	0	0	0	0	0	0	0	0	0	0	0	0	0	0	0	0	0	0	0	0	0	0	0	0	0	0	0	0	0	0	0	0	0	0	0	0	0	0	0	0	0	0	0	0	0	0	0	0	0	0	0	0	0	0	0	0	0	0	0	0	0	0	0	0	0	0	0	0	0	0	0	0	0	0	0	0	0	0	0	0	0	0	0
0	4.18921862694e-06	4.18921862694e-06	0	0.016631197949	2.93245303886e-05	0.000268109992124	0.000402164988186	0.000192704056839	0.000875546693031	0.00341421318096	0.000113108902927	0.00264758617223	1.25676558808e-05	4.18921862694e-05	0.000444057174456	0	1.67568745078e-05	2.09460931347e-05	2.51353117617e-05	0.00479246610922	4.18921862694e-06	1.25676558808e-05	8.37843725388e-06	0.00322150912412	0	1.67568745078e-05	1.67568745078e-05	0.0059863934179	0.000184325619585	1.25676558808e-05	4.18921862694e-06	2.93245303886e-05	4.18921862694e-06	0.000213650149974	7.1216716658e-05	2.51353117617e-05	0	0	0.00516949578565	2.93245303886e-05	3.35137490155e-05	5.86490607772e-05	6.28382794041e-05	0.00188933760075	0.000364462020544	0	0.00229569180756	1.25676558808e-05	5.86490607772e-05	5.02706235233e-05	0	8.37843725388e-06	0	4.18921862694e-06	0.00469192486217	4.18921862694e-06	2.51353117617e-05	8.37843725388e-06	0.00312096787707	8.37843725388e-06	1.25676558808e-05	1.67568745078e-05	0.000473381704844	9.21628097927e-05	1.25676558808e-05	0	1.25676558808e-05	5.02706235233e-05	1.67568745078e-05	1.25676558808e-05	5.86490607772e-05	0.000192704056839	2.93245303886e-05	0.000230407024482	4.18921862694e-06	0	7.95951539119e-05	1.25676558808e-05	2.51353117617e-05	2.09460931347e-05	4.18921862694e-05	1.25676558808e-05	0
0	4.18921862694e-06	8.37843725388e-06	0	2.93245303886e-05	0.00144109120767	0.000620004356787	0.000222028587228	0.000192704056839	0.000138244214689	0.000138244214689	0	0.000201082494093	0	0.000171757963705	0.000963520284197	0	0	0	0	1.67568745078e-05	0	4.18921862694e-05	1.67568745078e-05	0.000175947182332	0	4.18921862694e-06	1.25676558808e-05	0.000297434522513	0.000117298121554	0	0	0.000213650149974	0	0.000138244214689	0	0	0	0	8.37843725388e-06	0	8.37843725388e-06	0	0	5.44598421502e-05	8.37843725388e-06	4.18921862694e-06	0	0	0	0	2.09460931347e-05	4.18921862694e-06	4.18921862694e-06	8.37843725388e-06	8.37843725388e-06	0	3.77029676425e-05	1.25676558808e-05	3.77029676425e-05	0	4.18921862694e-06	0	2.51353117617e-05	0	0	0	0	0	8.37843725388e-06	8.37843725388e-06	0	1.67568745078e-05	8.37843725388e-06	0.00102216934497	0.000230407024482	0	4.18921862694e-06	0	1.25676558808e-05	0	0	0	0
0.000121487340181	2.51353117617e-05	8.79735911658e-05	0	0.000268109992124	0.000620004356787	0.0515022537996	0.0125592774436	0.0256422072155	0.000540409202875	0.0276572213751	0.00237109774285	0.013464148667	3.35137490155e-05	0.00772910836671	0.00219515056052	5.02706235233e-05	3.35137490155e-05	0.000720545603834	0.00030162374114	0.00291988538298	5.86490607772e-05	0.000100541247047	0.000155001089197	0.00193541900565	0	0.000192704056839	0.000134054996062	0.00640112606197	0.00714261775894	0.000196893275466	2.51353117617e-05	0.00423111081321	5.44598421502e-05	0.00651842418352	7.95951539119e-05	2.51353117617e-05	5.44598421502e-05	0	0.000377029676425	1.25676558808e-05	0.000196893275466	0.000155001089197	8.79735911658e-05	0.0016631197949	0.000209460931347	8.37843725388e-05	5.44598421502e-05	5.02706235233e-05	0.000134054996062	1.25676558808e-05	1.25676558808e-05	2.09460931347e-05	2.93245303886e-05	3.77029676425e-05	0.000196893275466	8.37843725388e-06	0.000142433433316	2.51353117617e-05	0.00139500980277	4.18921862694e-06	7.95951539119e-05	4.18921862694e-05	0.000640950449922	0.000167568745078	2.93245303886e-05	0	1.67568745078e-05	4.18921862694e-06	0.000339326708782	0.000867168255777	0.000800140757746	0.00462070814552	0.000892303567539	0.00164217370176	0.0013991990214	8.37843725388e-06	0.00045243561171	0.00015081187057	0.00025973155487	1.25676558808e-05	5.44598421502e-05	5.44598421502e-05	2.51353117617e-05
0.00472124939256	0.000117298121554	0.00289056085259	0	0.000402164988186	0.000222028587228	0.0125592774436	0.0700102216934	0.0152780803325	0.00265177539085	0.0279295205858	0.00136149605376	0.000829465288134	0.000368651239171	0.0120775173015	0.000888114348912	0.000201082494093	0.00209042009484	0.000314191397021	0.00120649496456	0.000230407024482	0.00191447291251	0.000234596243109	0.00518206344153	0.00356921427015	7.95951539119e-05	0.0023166379007	0.000791762320492	0.0323407678	0.0108668331183	0.00835330194212	0	0.000502706235233	0.00178041791645	0.00897330629891	0.000414732644067	0.000113108902927	0.000100541247047	0	0.00408448816127	0.000180136400958	0.000389597332306	0.000465003267591	0.000155001089197	0.00606598857181	0.000620004356787	0.000125676558808	0.000515273891114	5.86490607772e-05	0.00035608358329	0.000196893275466	0.000142433433316	3.35137490155e-05	3.35137490155e-05	0.000121487340181	0.0014620373008	3.77029676425e-05	0.000364462020544	0.000163379526451	0.00634666621982	9.63520284197e-05	0.000431489518575	0.00025973155487	0.00227474571443	0.000645139668549	0.000393786550933	0	8.37843725388e-06	0.000175947182332	0.000821086850881	0.00186420228899	0.000209460931347	0.00870938552541	0.00174271494881	0.000795951539119	0.000423111081321	2.09460931347e-05	0.0015709569851	0.000364462020544	0.000909060442046	0.000314191397021	0.000578112170518	0.000129865777435	9.21628097927e-05
0.00617490825611	0.000230407024482	0.00221609665365	0	0.000192704056839	0.000192704056839	0.0256422072155	0.0152780803325	0.0575179717479	0.000582301389145	0.0213608257788	0.00515692812977	0.00569733733264	0.000134054996062	0.0267439717144	0.000418921862694	0.000121487340181	0.000385408113679	0.00175947182332	0.00230825946344	0.00285285788495	0.000733113259715	0.000184325619585	0.000632572012668	0.00193122978702	1.25676558808e-05	0.00271880288889	0.000682842636191	0.00726410509912	0.010163044389	0.00201920337819	6.70274980311e-05	0.00288218241534	9.63520284197e-05	0.0105610201585	8.37843725388e-05	0.000175947182332	0.000121487340181	0	0.000330948271528	1.25676558808e-05	0.000284866866632	0.000125676558808	0.000238785461736	0.00162960604588	0.000226217805855	4.18921862694e-05	5.86490607772e-05	3.35137490155e-05	0.000104730465674	1.25676558808e-05	2.09460931347e-05	2.51353117617e-05	2.93245303886e-05	0.000272299210751	0.000163379526451	0.000230407024482	0.000494327797979	5.86490607772e-05	0.00144109120767	8.37843725388e-06	0.00015081187057	0.000222028587228	0.000628382794041	0.000125676558808	0.000289056085259	0	1.25676558808e-05	1.67568745078e-05	0.000477570923471	0.00131122543023	0.00115622434104	0.00888952192637	0.00127352246259	0.000511084672487	0.000808519195	1.67568745078e-05	0.000783383883238	0.000142433433316	0.000418921862694	8.37843725388e-05	4.60814048964e-05	0.000196893275466	8.37843725388e-06
3.35137490155e-05	0.00206109556446	5.02706235233e-05	0	0.000875546693031	0.000138244214689	0.000540409202875	0.00265177539085	0.000582301389145	0.0209837961024	0.00118973809005	2.93245303886e-05	0.00352313286526	0.000163379526451	0.00060324748228	0.000875546693031	3.35137490155e-05	0.000100541247047	2.09460931347e-05	0.000293245303886	0.00138244214689	4.18921862694e-05	0.00277745194966	0.000456624830337	0.00704207651189	0.000418921862694	0.000515273891114	0.0019898788478	0.00706302260502	0.000519463109741	0.000624193575414	4.18921862694e-06	4.18921862694e-06	6.28382794041e-05	0.000490138579352	0.000297434522513	0.000125676558808	4.18921862694e-06	0	0.00166730901352	0.000209460931347	5.02706235233e-05	0.000242974680363	7.95951539119e-05	0.0094843909714	0.000238785461736	2.93245303886e-05	0.00125676558808	5.44598421502e-05	0.000104730465674	0.000268109992124	0.000117298121554	4.60814048964e-05	8.37843725388e-06	5.86490607772e-05	0.00128190089984	0.000171757963705	0.000544598421502	0.000305812959767	0.00511922516212	4.60814048964e-05	7.1216716658e-05	0.000155001089197	0.00207785243896	0.00137825292826	0.00253028805067	0	0	0.00103892621948	0.000724734822461	0.00160447073412	0.000180136400958	0.000628382794041	0.000297434522513	0.00223704274679	4.60814048964e-05	0	0.00076662700873	0.000289056085259	0.000938384972435	0.000364462020544	0.00056135529601	5.86490607772e-05	4.18921862694e-06
0.00045243561171	2.51353117617e-05	8.79735911658e-05	0	0.00341421318096	0.000138244214689	0.0276572213751	0.0279295205858	0.0213608257788	0.00118973809005	0.0682172361211	0.00398394691422	0.0101504767331	0.000599058263653	0.0101085845468	0.000733113259715	4.60814048964e-05	0.000963520284197	0.00132798230474	0.00287380397808	0.00570990498852	0.000121487340181	5.86490607772e-05	0.00020527171272	0.00258474789282	5.02706235233e-05	0.000544598421502	0.000385408113679	0.0190399986595	0.00994101580173	0.000381218895052	8.37843725388e-06	0.000682842636191	0.000418921862694	0.0114826482564	0.000117298121554	4.60814048964e-05	5.44598421502e-05	0	0.00599896107378	0.000251353117617	0.000230407024482	0.000159190307824	0.000171757963705	0.00389178410443	0.000351894364663	3.77029676425e-05	0.00100541247047	2.09460931347e-05	0.000104730465674	0.00030162374114	0	1.67568745078e-05	2.93245303886e-05	6.28382794041e-05	0.00455368064749	2.09460931347e-05	7.95951539119e-05	2.93245303886e-05	0.00714680697756	5.86490607772e-05	0.000372840457798	5.86490607772e-05	0.000687031854818	0.000125676558808	2.09460931347e-05	0	1.67568745078e-05	4.18921862694e-06	0.000347705146036	0.00119811652731	0.000456624830337	0.0100373678302	0.00107662918712	0.000532030765622	0.00056135529601	8.37843725388e-06	0.000540409202875	9.21628097927e-05	0.000360272801917	4.60814048964e-05	0.000318380615648	0.000100541247047	8.37843725388e-06
0.000238785461736	0.00030162374114	7.95951539119e-05	0	0.000113108902927	0	0.00237109774285	0.00136149605376	0.00515692812977	2.93245303886e-05	0.00398394691422	0.0358932251956	0.00201082494093	0.00548787640129	0.00319218459373	4.18921862694e-06	3.35137490155e-05	0.00260569398596	0.00730599728539	0.0083030313186	0.00142014511453	0.00025973155487	4.18921862694e-05	0.00065770732443	6.28382794041e-05	0.00164217370176	0.00704207651189	0.000950952628316	0.000448246393083	0.00890627880088	0.000737302478342	0.00284866866632	0.00041054342544	3.35137490155e-05	0.0146664544129	1.25676558808e-05	0.000230407024482	8.37843725388e-06	0	5.02706235233e-05	4.18921862694e-06	2.93245303886e-05	8.79735911658e-05	5.86490607772e-05	0.000289056085259	2.51353117617e-05	0.00168406588803	0	0.00370326926622	6.70274980311e-05	4.18921862694e-06	0	0	3.35137490155e-05	2.09460931347e-05	2.93245303886e-05	0	0	1.67568745078e-05	4.18921862694e-05	0.00199825728505	0.00120230574593	0.000423111081321	5.02706235233e-05	9.21628097927e-05	4.18921862694e-06	0.000418921862694	8.37843725388e-06	0	0.000594869045026	0.00129446855572	0.00472124939256	0.0126933324396	0.000251353117617	3.35137490155e-05	8.37843725388e-06	0.000733113259715	0.000305812959767	0.000481760142098	0.000330948271528	6.70274980311e-05	7.5405935285e-05	4.60814048964e-05	0.000645139668549
1.25676558808e-05	0.000465003267591	2.51353117617e-05	0	0.00264758617223	0.000201082494093	0.013464148667	0.000829465288134	0.00569733733264	0.00352313286526	0.0101504767331	0.00201082494093	0.0354449788026	5.86490607772e-05	0.0017720394792	0.00375353988974	1.25676558808e-05	6.28382794041e-05	0.00071216716658	0.00041054342544	0.0118010288721	1.67568745078e-05	0.000515273891114	3.77029676425e-05	0.00208204165759	8.79735911658e-05	0.000230407024482	0.000347705146036	0.00310840022119	0.00369489082896	1.67568745078e-05	2.51353117617e-05	0.00071216716658	1.25676558808e-05	0.00335556412018	0	0	0	0	0.000586490607772	3.35137490155e-05	2.09460931347e-05	0	8.37843725388e-06	0.000808519195	9.21628097927e-05	0	0.000758248571476	1.25676558808e-05	0	3.77029676425e-05	8.37843725388e-06	0	0	4.18921862694e-06	0.000779194664611	0	6.28382794041e-05	2.51353117617e-05	0.000485949360725	4.18921862694e-06	1.25676558808e-05	4.18921862694e-06	2.51353117617e-05	0	0	0	0	0	2.09460931347e-05	0.000175947182332	0.000578112170518	0.00241298992912	0.000117298121554	0.00315867084471	3.77029676425e-05	0	2.51353117617e-05	1.25676558808e-05	1.67568745078e-05	8.37843725388e-06	0.000209460931347	8.37843725388e-06	0
3.77029676425e-05	0.000842032944015	3.77029676425e-05	0	1.25676558808e-05	0	3.35137490155e-05	0.000368651239171	0.000134054996062	0.000163379526451	0.000599058263653	0.00548787640129	5.86490607772e-05	0.0182398579017	0.000134054996062	0	7.95951539119e-05	2.51353117617e-05	0.000180136400958	0.000477570923471	0.000146622651943	0	0.000171757963705	1.67568745078e-05	0.000129865777435	0.00402583910049	0.00431908440438	0.00414732644067	0.000142433433316	0.000590679826399	8.37843725388e-06	0.00242974680363	4.18921862694e-06	8.37843725388e-06	0.00128190089984	2.09460931347e-05	0.000435678737202	0	0	3.77029676425e-05	4.18921862694e-06	1.25676558808e-05	7.5405935285e-05	4.18921862694e-05	6.70274980311e-05	3.35137490155e-05	0.00188514838212	1.25676558808e-05	0.0050689545386	5.02706235233e-05	0	4.18921862694e-06	0	0.000251353117617	3.77029676425e-05	2.09460931347e-05	4.18921862694e-06	2.09460931347e-05	4.18921862694e-06	7.95951539119e-05	0.00473381704844	0.00302461584865	0.00258474789282	3.35137490155e-05	0.000117298121554	8.37843725388e-06	0.00161703839	8.37843725388e-06	0	0.000339326708782	0.000573922951891	0.00135730683513	0.00157514620373	0.000146622651943	5.86490607772e-05	0	0.00025973155487	0.000418921862694	0.000703788729326	0.000280677648005	7.1216716658e-05	1.67568745078e-05	3.77029676425e-05	0.000255542336243
0.00891046801951	0.000222028587228	0.00333042880842	0	4.18921862694e-05	0.000171757963705	0.00772910836671	0.0120775173015	0.0267439717144	0.00060324748228	0.0101085845468	0.00319218459373	0.0017720394792	0.000134054996062	0.0432034116996	0.000351894364663	6.70274980311e-05	0.000536219984249	0.00114784590378	0.00236690852422	0.00140757745865	0.000850411381269	0.0001089196843	0.00126933324396	0.000984466377331	8.37843725388e-06	0.00374935067111	0.000674464198938	0.00498517016606	0.0123707626054	0.00290312850847	3.77029676425e-05	0.00158771385961	0.000146622651943	0.0084119510029	0.000209460931347	0.000217839368601	0.000134054996062	0	0.000201082494093	8.37843725388e-06	0.000284866866632	0.000590679826399	0.000234596243109	0.00233339477521	0.000372840457798	0.000104730465674	0.000117298121554	2.09460931347e-05	0.000364462020544	1.25676558808e-05	1.67568745078e-05	2.51353117617e-05	3.35137490155e-05	0.000276488429378	0.000155001089197	8.37843725388e-05	0.000209460931347	5.02706235233e-05	0.00162541682725	1.67568745078e-05	0.000196893275466	0.000217839368601	0.00108081840575	0.000435678737202	0.000138244214689	0	2.09460931347e-05	1.25676558808e-05	0.00097189872145	0.00165893057627	0.000552976858756	0.00709234713541	0.00112689981065	0.000435678737202	0.000418921862694	1.25676558808e-05	0.00100122325184	0.000351894364663	0.000821086850881	0.000121487340181	0.000134054996062	0.000167568745078	2.51353117617e-05
4.18921862694e-06	1.25676558808e-05	2.09460931347e-05	0	0.000444057174456	0.000963520284197	0.00219515056052	0.000888114348912	0.000418921862694	0.000875546693031	0.000733113259715	4.18921862694e-06	0.00375353988974	0	0.000351894364663	0.00885181895873	4.18921862694e-06	0	0	4.18921862694e-06	0.000716356385207	4.18921862694e-05	7.1216716658e-05	6.70274980311e-05	0.00142852355179	0	1.67568745078e-05	5.86490607772e-05	0.00223704274679	0.000372840457798	1.25676558808e-05	0	0.000209460931347	4.18921862694e-06	0.000406354206813	2.51353117617e-05	0	0	0	1.25676558808e-05	0	8.37843725388e-06	3.35137490155e-05	2.09460931347e-05	0.000263920773497	2.51353117617e-05	4.18921862694e-06	2.51353117617e-05	0	3.77029676425e-05	4.18921862694e-06	2.09460931347e-05	4.18921862694e-06	4.18921862694e-06	8.37843725388e-06	3.35137490155e-05	2.51353117617e-05	5.02706235233e-05	3.35137490155e-05	9.63520284197e-05	0	4.18921862694e-06	0	8.79735911658e-05	0.000117298121554	6.28382794041e-05	0	0	4.60814048964e-05	0.000104730465674	0.000117298121554	1.25676558808e-05	0.000351894364663	1.25676558808e-05	0.00433584127888	0.000268109992124	0	7.1216716658e-05	4.60814048964e-05	0.000104730465674	2.93245303886e-05	2.51353117617e-05	0	0
1.25676558808e-05	0.000498517016606	6.28382794041e-05	0	0	0	5.02706235233e-05	0.000201082494093	0.000121487340181	3.35137490155e-05	4.60814048964e-05	3.35137490155e-05	1.25676558808e-05	7.95951539119e-05	6.70274980311e-05	4.18921862694e-06	0.0211890678151	0.000134054996062	8.37843725388e-06	6.28382794041e-05	0	0.00212812306249	0.00917019957438	0.00366556629857	0.0104227759438	3.77029676425e-05	0.000305812959767	0.00720545603834	0.00335137490155	0.000180136400958	0.000770816227357	8.37843725388e-06	4.18921862694e-06	2.09460931347e-05	0.000490138579352	4.18921862694e-06	0.00024716389899	4.60814048964e-05	0	0	0	0	0	4.18921862694e-06	2.09460931347e-05	4.18921862694e-06	4.18921862694e-06	4.18921862694e-06	1.67568745078e-05	4.18921862694e-06	0	0.000360272801917	0	4.18921862694e-06	8.37843725388e-06	4.18921862694e-06	0.00104311543811	0.00348961911624	0.00165893057627	1.25676558808e-05	6.28382794041e-05	5.86490607772e-05	0.00164217370176	6.28382794041e-05	1.67568745078e-05	9.21628097927e-05	1.25676558808e-05	0	1.25676558808e-05	4.18921862694e-05	0.00317542771922	0.000494327797979	0.000389597332306	0.000284866866632	8.37843725388e-06	4.18921862694e-06	0	0.000368651239171	0.000121487340181	3.77029676425e-05	7.95951539119e-05	4.18921862694e-06	4.18921862694e-06	0
0.000909060442046	0.001089196843	0.00408029894264	0	1.67568745078e-05	0	3.35137490155e-05	0.00209042009484	0.000385408113679	0.000100541247047	0.000963520284197	0.00260569398596	6.28382794041e-05	2.51353117617e-05	0.000536219984249	0	0.000134054996062	0.0250431489519	0.00261407242321	0.00553395780619	0.00030162374114	0.00216582603013	0.00050689545386	0.0127100893141	0.00122325183907	0.000138244214689	0.00588166295223	0.00225379962129	0.000804329976373	0.00157514620373	0.00444057174456	4.18921862694e-06	8.37843725388e-06	2.51353117617e-05	0.00540828124738	8.37843725388e-06	0.00101379090772	0.00111014293614	0	2.51353117617e-05	4.18921862694e-06	8.37843725388e-06	2.51353117617e-05	4.18921862694e-06	9.21628097927e-05	3.77029676425e-05	1.25676558808e-05	4.18921862694e-06	8.37843725388e-06	8.37843725388e-06	0	4.18921862694e-06	0.000733113259715	0.000196893275466	0.00128190089984	8.37843725388e-06	0.000377029676425	0.000427300299948	0.000431489518575	4.60814048964e-05	8.37843725388e-05	0.00076662700873	0.00148717261256	7.5405935285e-05	1.25676558808e-05	0.00015081187057	0	4.18921862694e-06	0	0.000121487340181	0.0015542001106	0.00154582167334	0.0037786752015	0.000364462020544	3.35137490155e-05	0	0	0.000217839368601	0.000653518105803	4.18921862694e-05	2.51353117617e-05	4.18921862694e-06	1.25676558808e-05	0
0.000121487340181	7.5405935285e-05	2.51353117617e-05	0	2.09460931347e-05	0	0.000720545603834	0.000314191397021	0.00175947182332	2.09460931347e-05	0.00132798230474	0.00730599728539	0.00071216716658	0.000180136400958	0.00114784590378	0	8.37843725388e-06	0.00261407242321	0.0109841312398	0.00612882685122	0.000548787640129	0.000167568745078	3.35137490155e-05	0.000184325619585	2.51353117617e-05	8.37843725388e-05	0.00218258290464	0.000213650149974	4.60814048964e-05	0.0032801581849	0.000175947182332	7.95951539119e-05	8.37843725388e-06	0	0.00427300299948	8.37843725388e-06	2.51353117617e-05	4.18921862694e-06	0	1.25676558808e-05	0	0	3.35137490155e-05	0	7.95951539119e-05	2.09460931347e-05	0.000222028587228	1.25676558808e-05	0.000339326708782	2.09460931347e-05	0	0	0	6.70274980311e-05	1.25676558808e-05	2.93245303886e-05	0	4.18921862694e-06	8.37843725388e-06	2.51353117617e-05	0.000163379526451	0.00020527171272	0.000104730465674	1.25676558808e-05	5.02706235233e-05	0	8.37843725388e-05	0	0	8.37843725388e-05	0.000720545603834	0.000762437790103	0.00418084018969	3.35137490155e-05	1.67568745078e-05	0	4.18921862694e-06	0.000251353117617	0.000230407024482	4.18921862694e-05	8.37843725388e-06	8.37843725388e-06	4.18921862694e-06	1.25676558808e-05
0.00160865995275	0.000825276069508	0.000527841546995	0	2.51353117617e-05	0	0.00030162374114	0.00120649496456	0.00230825946344	0.000293245303886	0.00287380397808	0.0083030313186	0.00041054342544	0.000477570923471	0.00236690852422	4.18921862694e-06	6.28382794041e-05	0.00553395780619	0.00612882685122	0.0258684250214	0.000879735911658	0.000842032944015	0.000351894364663	0.000825276069508	0.000414732644067	0.000787573101865	0.00932520066357	0.00242974680363	0.000318380615648	0.0040886773799	0.00196893275466	0.000175947182332	0	2.51353117617e-05	0.00796370460982	8.37843725388e-06	0.00025973155487	2.93245303886e-05	0	2.93245303886e-05	0	0	4.18921862694e-06	4.18921862694e-06	0.00015081187057	2.93245303886e-05	0.000142433433316	4.18921862694e-06	0.000590679826399	1.25676558808e-05	0	0	1.25676558808e-05	0.000175947182332	0.000511084672487	1.67568745078e-05	4.18921862694e-06	0.000113108902927	1.25676558808e-05	0.0001089196843	0.00109757528026	0.00306650803492	0.00125676558808	8.37843725388e-06	1.67568745078e-05	8.37843725388e-06	0.000104730465674	4.18921862694e-06	0	7.1216716658e-05	0.00346448380448	0.00172176885567	0.00700018432562	0.000251353117617	0.000238785461736	0	4.18921862694e-06	0.000515273891114	0.000117298121554	8.37843725388e-05	1.25676558808e-05	1.25676558808e-05	4.18921862694e-06	0
8.37843725388e-06	0	0	0	0.00479246610922	1.67568745078e-05	0.00291988538298	0.000230407024482	0.00285285788495	0.00138244214689	0.00570990498852	0.00142014511453	0.0118010288721	0.000146622651943	0.00140757745865	0.000716356385207	0	0.00030162374114	0.000548787640129	0.000879735911658	0.0196641922349	4.18921862694e-06	4.18921862694e-06	4.18921862694e-06	0.00135730683513	0	0.000129865777435	2.93245303886e-05	0.00326340131039	0.00209460931347	4.18921862694e-06	1.67568745078e-05	0.000155001089197	1.25676558808e-05	0.00235434086834	4.18921862694e-06	4.18921862694e-06	0	0	0.001089196843	5.86490607772e-05	2.51353117617e-05	0	4.18921862694e-06	0.000942574191062	0.000100541247047	0	0.000791762320492	4.18921862694e-06	4.18921862694e-06	6.28382794041e-05	0	0	0	0	0.00125257636946	0	8.37843725388e-06	0	0.000992844814585	0	8.37843725388e-06	0	2.93245303886e-05	4.18921862694e-06	0	0	0	0	1.67568745078e-05	7.1216716658e-05	0.00025973155487	0.00200663572231	0.000192704056839	0.000268109992124	4.18921862694e-06	0	3.77029676425e-05	4.18921862694e-06	2.09460931347e-05	8.37843725388e-06	0.000234596243109	4.18921862694e-06	0
0.000372840457798	0.000125676558808	0.00116041355966	0	4.18921862694e-06	0	5.86490607772e-05	0.00191447291251	0.000733113259715	4.18921862694e-05	0.000121487340181	0.00025973155487	1.67568745078e-05	0	0.000850411381269	4.18921862694e-05	0.00212812306249	0.00216582603013	0.000167568745078	0.000842032944015	4.18921862694e-06	0.0335430735459	0.00191447291251	0.0119183269936	0.000695410292072	4.18921862694e-06	0.00110595371751	0.000783383883238	0.0076662700873	0.00186001307036	0.0109254821791	0	0	0.000406354206813	0.0038247566064	6.28382794041e-05	0.000129865777435	0.000284866866632	0	4.18921862694e-06	0	0	8.37843725388e-06	0	4.18921862694e-05	1.67568745078e-05	3.35137490155e-05	4.18921862694e-06	0	1.25676558808e-05	0	0.000666085761684	9.63520284197e-05	2.51353117617e-05	6.28382794041e-05	4.18921862694e-06	0.00388340566717	0.00873452083717	0.00427719221811	5.86490607772e-05	0	0.000234596243109	0.000666085761684	2.51353117617e-05	0.000171757963705	0.00346448380448	0	0	4.18921862694e-05	0.00015081187057	0.00233758399383	0.00100122325184	0.00274812741927	0.000402164988186	0.000125676558808	0	0	0.000339326708782	0.000226217805855	0.000167568745078	0.000117298121554	4.18921862694e-06	0	0
6.70274980311e-05	0.00436516580927	0.000201082494093	0	1.25676558808e-05	4.18921862694e-05	0.000100541247047	0.000234596243109	0.000184325619585	0.00277745194966	5.86490607772e-05	4.18921862694e-05	0.000515273891114	0.000171757963705	0.0001089196843	7.1216716658e-05	0.00917019957438	0.00050689545386	3.35137490155e-05	0.000351894364663	4.18921862694e-06	0.00191447291251	0.0335682088577	0.00477989845334	0.0115915679407	0.000607436700907	0.00161284917137	0.0112019706084	0.00291150694572	0.000125676558808	0.000904871223419	1.25676558808e-05	2.51353117617e-05	2.09460931347e-05	0.00075405935285	1.25676558808e-05	0.0026894783585	9.63520284197e-05	0	1.67568745078e-05	0	0	0	0	0.000460814048964	8.37843725388e-06	8.37843725388e-06	0	7.95951539119e-05	8.37843725388e-06	0	0.00257218023694	4.60814048964e-05	0	0.000142433433316	4.18921862694e-06	0.0025344772693	0.014733481911	0.00411800191028	0.000377029676425	0.000125676558808	0.000155001089197	0.00902357692243	0.000439867955829	2.09460931347e-05	0.0001089196843	1.25676558808e-05	0	0	0.000448246393083	0.00284866866632	0.00105149387536	0.000620004356787	0.000201082494093	0.00108500762438	4.18921862694e-06	0	0.00050689545386	0.000255542336243	3.77029676425e-05	7.1216716658e-05	0	0	0
0.00160865995275	0.00264758617223	0.0186210767968	0	8.37843725388e-06	1.67568745078e-05	0.000155001089197	0.00518206344153	0.000632572012668	0.000456624830337	0.00020527171272	0.00065770732443	3.77029676425e-05	1.67568745078e-05	0.00126933324396	6.70274980311e-05	0.00366556629857	0.0127100893141	0.000184325619585	0.000825276069508	4.18921862694e-06	0.0119183269936	0.00477989845334	0.0727374030196	0.00230407024482	1.67568745078e-05	0.00766208086868	0.0141344236473	0.00652680262078	0.00124000871357	0.00482179063961	4.18921862694e-06	4.18921862694e-06	0.000201082494093	0.00427300299948	5.44598421502e-05	0.00624612497277	0.00534125374935	0	1.25676558808e-05	0	2.51353117617e-05	0.000175947182332	0	0.000645139668549	4.60814048964e-05	1.67568745078e-05	4.18921862694e-06	0	2.51353117617e-05	4.18921862694e-06	0.00106825074987	0.0015709569851	0.00015081187057	0.000720545603834	8.37843725388e-06	0.00146622651943	0.00669018214723	0.00896911708028	0.000284866866632	1.25676558808e-05	0.00145365886355	0.0117633259045	0.000787573101865	0.000113108902927	0.000397975769559	0	0	4.60814048964e-05	0.000465003267591	0.00834073428624	0.0041054342544	0.00415989409655	0.000640950449922	0.000310002178394	4.18921862694e-06	0	0.0009174388793	0.0009174388793	0.00041054342544	0.000326759052901	2.09460931347e-05	1.67568745078e-05	4.18921862694e-06
0.000268109992124	0.00261407242321	0.000280677648005	0	0.00322150912412	0.000175947182332	0.00193541900565	0.00356921427015	0.00193122978702	0.00704207651189	0.00258474789282	6.28382794041e-05	0.00208204165759	0.000129865777435	0.000984466377331	0.00142852355179	0.0104227759438	0.00122325183907	2.51353117617e-05	0.000414732644067	0.00135730683513	0.000695410292072	0.0115915679407	0.00230407024482	0.0486410174774	0.000293245303886	0.00213231228111	0.00879735911658	0.0161913299931	0.00196474353604	0.00306231881629	8.37843725388e-06	0.000155001089197	0.000184325619585	0.0011352782479	0.000113108902927	0.000816897632254	0.000104730465674	0	0.000527841546995	5.44598421502e-05	5.02706235233e-05	0.000201082494093	8.79735911658e-05	0.00402583910049	0.000167568745078	1.67568745078e-05	0.0001089196843	3.77029676425e-05	0.000113108902927	4.18921862694e-05	0.000226217805855	2.51353117617e-05	2.09460931347e-05	0.000393786550933	0.000284866866632	0.00222866430953	0.00425205690635	0.00272718132614	0.00207366322034	8.37843725388e-05	0.000284866866632	0.000909060442046	0.00149136183119	0.000678653417565	0.000900682004792	1.25676558808e-05	2.51353117617e-05	0.000511084672487	0.000402164988186	0.005940312013	0.00162541682725	0.00126514402534	0.000632572012668	0.00145784808218	5.44598421502e-05	0	0.00108081840575	0.000427300299948	0.00075405935285	0.000360272801917	0.00025973155487	5.86490607772e-05	4.18921862694e-06
2.09460931347e-05	0.00192704056839	4.18921862694e-06	0	0	0	0	7.95951539119e-05	1.25676558808e-05	0.000418921862694	5.02706235233e-05	0.00164217370176	8.79735911658e-05	0.00402583910049	8.37843725388e-06	0	3.77029676425e-05	0.000138244214689	8.37843725388e-05	0.000787573101865	0	4.18921862694e-06	0.000607436700907	1.67568745078e-05	0.000293245303886	0.0110260234261	0.00387502722992	0.00304975116041	3.35137490155e-05	2.93245303886e-05	7.95951539119e-05	0.000129865777435	4.18921862694e-06	1.25676558808e-05	0.000217839368601	0	0.000850411381269	0	0	8.37843725388e-06	0	0	0	0	8.37843725388e-06	0	0.000192704056839	0	0.00217001524876	0	0	4.18921862694e-06	0	1.67568745078e-05	5.86490607772e-05	4.18921862694e-06	0	4.18921862694e-06	0	1.67568745078e-05	0.00560517452285	0.0036069172378	0.00325083365451	0	0	0	0.000578112170518	0	0	1.25676558808e-05	0.000720545603834	0.000414732644067	0.000347705146036	0	0.000138244214689	0	0.000234596243109	8.79735911658e-05	0.000146622651943	3.35137490155e-05	1.67568745078e-05	0	0	8.37843725388e-06
0.0045243561171	0.0077584328971	0.0104730465674	0	1.67568745078e-05	4.18921862694e-06	0.000192704056839	0.0023166379007	0.00271880288889	0.000515273891114	0.000544598421502	0.00704207651189	0.000230407024482	0.00431908440438	0.00374935067111	1.67568745078e-05	0.000305812959767	0.00588166295223	0.00218258290464	0.00932520066357	0.000129865777435	0.00110595371751	0.00161284917137	0.00766208086868	0.00213231228111	0.00387502722992	0.0756949913702	0.0243100356921	0.00124000871357	0.00126933324396	0.00234596243109	0.00405516363088	7.95951539119e-05	2.09460931347e-05	0.00401327144461	0.000146622651943	0.00507733297585	0.00129446855572	0	3.77029676425e-05	0	3.35137490155e-05	2.09460931347e-05	7.1216716658e-05	0.00045243561171	0.000146622651943	0.00207366322034	5.44598421502e-05	0.00279001960554	0.000167568745078	4.18921862694e-06	0.000196893275466	0.00219096134189	0.00152906479883	0.00898168473616	0.000129865777435	0.000217839368601	0.000666085761684	0.000699599510699	0.000402164988186	0.00508990063173	0.0116167032525	0.0101839904821	0.000121487340181	0.000322569834275	0.000196893275466	0.000896492786166	0	8.37843725388e-06	0.000816897632254	0.00387083801129	0.00307069725355	0.00427300299948	0.000201082494093	0.000226217805855	4.18921862694e-06	3.77029676425e-05	0.00164217370176	0.00167149823215	0.000397975769559	0.000184325619585	3.77029676425e-05	3.35137490155e-05	2.09460931347e-05
0.000724734822461	0.0224542118404	0.0126430618161	0	1.67568745078e-05	1.25676558808e-05	0.000134054996062	0.000791762320492	0.000682842636191	0.0019898788478	0.000385408113679	0.000950952628316	0.000347705146036	0.00414732644067	0.000674464198938	5.86490607772e-05	0.00720545603834	0.00225379962129	0.000213650149974	0.00242974680363	2.93245303886e-05	0.000783383883238	0.0112019706084	0.0141344236473	0.00879735911658	0.00304975116041	0.0243100356921	0.0860884427837	0.00359434958192	0.000586490607772	0.000578112170518	0.000984466377331	1.25676558808e-05	4.60814048964e-05	0.00306650803492	5.02706235233e-05	0.0169495785646	0.00202339259681	0	5.44598421502e-05	0	8.37843725388e-06	4.60814048964e-05	4.18921862694e-06	0.00101379090772	5.02706235233e-05	0.000201082494093	4.18921862694e-06	0.00214906915562	3.35137490155e-05	4.18921862694e-06	0.000343515927409	0.00114784590378	0.000155001089197	0.00449503158671	1.25676558808e-05	0.000293245303886	0.00506476531997	0.00136568527238	0.000511084672487	0.00326759052901	0.00602409638554	0.0204433868995	0.000330948271528	0.0001089196843	0.00020527171272	0.000984466377331	0	5.44598421502e-05	0.000611625919533	0.0125676558808	0.00222447509091	0.0036069172378	0.000318380615648	0.000620004356787	8.37843725388e-06	3.77029676425e-05	0.00160028151549	0.000582301389145	0.000326759052901	0.000192704056839	2.93245303886e-05	8.37843725388e-06	4.18921862694e-06
0.000892303567539	0.000582301389145	0.00239204383598	0	0.0059863934179	0.000297434522513	0.00640112606197	0.0323407678	0.00726410509912	0.00706302260502	0.0190399986595	0.000448246393083	0.00310840022119	0.000142433433316	0.00498517016606	0.00223704274679	0.00335137490155	0.000804329976373	4.60814048964e-05	0.000318380615648	0.00326340131039	0.0076662700873	0.00291150694572	0.00652680262078	0.0161913299931	3.35137490155e-05	0.00124000871357	0.00359434958192	0.0973239271411	0.00657288402567	0.00969385190274	0	0.000418921862694	0.00133636074199	0.00843289709603	0.00118973809005	0.000737302478342	0.000498517016606	0	0.0122199507348	0.000427300299948	0.000263920773497	0.000590679826399	0.000318380615648	0.0147795633159	0.00116460277829	7.95951539119e-05	0.00286961475946	2.51353117617e-05	0.00050689545386	0.000490138579352	0.000335137490155	0.000134054996062	6.70274980311e-05	0.000272299210751	0.00767883774318	0.00304975116041	0.00795113695394	0.00504800844546	0.0144486150443	7.1216716658e-05	0.000716356385207	0.00111014293614	0.00539990281013	0.00210298775072	0.00345610536723	0	5.02706235233e-05	0.00061581513816	0.00111433215477	0.00556747155521	0.00108081840575	0.00882249442834	0.00255123414381	0.00180136400958	0.000213650149974	1.67568745078e-05	0.00317123850059	0.00123163027632	0.00192285134977	0.000804329976373	0.00108081840575	0.00015081187057	2.93245303886e-05
0.00503125157096	0.000167568745078	0.000146622651943	0	0.000184325619585	0.000117298121554	0.00714261775894	0.0108668331183	0.010163044389	0.000519463109741	0.00994101580173	0.00890627880088	0.00369489082896	0.000590679826399	0.0123707626054	0.000372840457798	0.000180136400958	0.00157514620373	0.0032801581849	0.0040886773799	0.00209460931347	0.00186001307036	0.000125676558808	0.00124000871357	0.00196474353604	2.93245303886e-05	0.00126933324396	0.000586490607772	0.00657288402567	0.0516279303584	0.0106322368752	8.37843725388e-05	0.00282772257319	0.00405935284951	0.0229736749501	0.000163379526451	0.000213650149974	1.67568745078e-05	0	0.000184325619585	8.37843725388e-06	0.000117298121554	0.000695410292072	0.000314191397021	0.00191028369389	0.000222028587228	0.000159190307824	4.60814048964e-05	0.000100541247047	0.000360272801917	8.37843725388e-06	4.18921862694e-06	2.93245303886e-05	1.25676558808e-05	9.21628097927e-05	0.000171757963705	0.000381218895052	0.000611625919533	7.95951539119e-05	0.000821086850881	2.09460931347e-05	0.000171757963705	0.000167568745078	0.000800140757746	0.000682842636191	0.000749870134223	4.18921862694e-06	3.35137490155e-05	9.21628097927e-05	0.00120230574593	0.00310840022119	0.00155001089197	0.0153115940815	0.00126095480671	0.000431489518575	6.28382794041e-05	1.67568745078e-05	0.000825276069508	0.000477570923471	0.000913249660673	0.000226217805855	0.000238785461736	0.000180136400958	6.70274980311e-05
0.00479246610922	0.000201082494093	0.00100541247047	0	1.25676558808e-05	0	0.000196893275466	0.00835330194212	0.00201920337819	0.000624193575414	0.000381218895052	0.000737302478342	1.67568745078e-05	8.37843725388e-06	0.00290312850847	1.25676558808e-05	0.000770816227357	0.00444057174456	0.000175947182332	0.00196893275466	4.18921862694e-06	0.0109254821791	0.000904871223419	0.00482179063961	0.00306231881629	7.95951539119e-05	0.00234596243109	0.000578112170518	0.00969385190274	0.0106322368752	0.0496045377616	4.18921862694e-06	0	0.00152068636158	0.00978601471254	0.000125676558808	0.000155001089197	0.000196893275466	0	0.000117298121554	0	4.18921862694e-06	7.1216716658e-05	2.09460931347e-05	0.00163379526451	0.000188514838212	0.000171757963705	2.93245303886e-05	9.63520284197e-05	0.000155001089197	4.18921862694e-06	6.28382794041e-05	7.5405935285e-05	2.51353117617e-05	0.000129865777435	7.5405935285e-05	0.00253028805067	0.00519882031603	0.00182649932135	0.000691221073445	3.77029676425e-05	0.000351894364663	0.000163379526451	0.000448246393083	0.000791762320492	0.00459976205238	0	0	0.000146622651943	0.000804329976373	0.000406354206813	0.000343515927409	0.00299529131826	0.000222028587228	3.35137490155e-05	4.18921862694e-06	0	0.00136568527238	0.000502706235233	0.000707977947953	0.000134054996062	0.000351894364663	5.44598421502e-05	0.000142433433316
