0.0299836144578	5.78313253012e-05	0.000323855421687	0	0.000408674698795	0	0.0011913253012	0.0148510843373	0.00612626506024	0.000686265060241	0.00650409638554	0.000713253012048	0.000489638554217	0.000169638554217	0.0165937349398	7.32530120482e-05	0.000115662650602	0.000161927710843	9.63855421687e-05	0.000346987951807	0.000443373493976	0.000451084337349	0.000501204819277	0.000570602409639	0.00200096385542	6.1686746988e-05	0.000435662650602	0.000212048192771	0.0033156626506	0.0103595180723	0.00374361445783	1.15662650602e-05	2.69879518072e-05	0.00079421686747	0.00399421686747	0.000119518072289	8.86746987952e-05	4.24096385542e-05	0	8.86746987952e-05	0	5.78313253012e-05	5.39759036145e-05	0.000158072289157	0.00062843373494	2.31325301205e-05	3.0843373494e-05	6.1686746988e-05	7.71084337349e-06	0.000262168674699	5.78313253012e-05	2.69879518072e-05	1.5421686747e-05	1.15662650602e-05	1.92771084337e-05	5.78313253012e-05	2.69879518072e-05	0.000362409638554	8.09638554217e-05	0.000566746987952	1.92771084337e-05	7.32530120482e-05	6.55421686747e-05	0.00030843373494	0.000373975903614	0.000204337349398	0	1.15662650602e-05	0.000185060240964	0.000466506024096	0.00193156626506	0.000493493975904	0.00387469879518	0.00064	0.000385542168675	3.46987951807e-05	2.31325301205e-05	0.000150361445783	1.92771084337e-05	0.000289156626506	9.25301204819e-05	0.000111807228916	9.25301204819e-05	3.85542168675e-06
5.78313253012e-05	0.0145156626506	0.00271421686747	0	0.000235180722892	0	3.85542168675e-06	0.000285301204819	7.71084337349e-06	0.000855903614458	2.69879518072e-05	3.0843373494e-05	7.32530120482e-05	0.000192771084337	6.55421686747e-05	7.71084337349e-06	0.00049734939759	0.000859759036145	1.5421686747e-05	9.25301204819e-05	0.000115662650602	0.000262168674699	0.0049734939759	0.00156915662651	0.00140722891566	0.000223614457831	0.00242120481928	0.00749493975904	0.000370120481928	7.32530120482e-05	0.00048578313253	1.15662650602e-05	0	3.85542168675e-06	0.000381686746988	4.6265060241e-05	0.00528578313253	0.00158843373494	0	3.85542168675e-06	0	0	1.5421686747e-05	3.46987951807e-05	8.48192771084e-05	3.85542168675e-06	3.85542168675e-05	3.85542168675e-06	4.6265060241e-05	3.85542168675e-05	0	3.85542168675e-05	0.00113734939759	5.39759036145e-05	0.00029686746988	3.85542168675e-06	6.93975903614e-05	0.000277590361446	0.000678554216867	6.93975903614e-05	0.000250602409639	0.00121060240964	0.00301879518072	4.6265060241e-05	5.78313253012e-05	8.86746987952e-05	0	0	1.15662650602e-05	0.000266024096386	0.0011913253012	0.000902168674699	0.000389397590361	0.000104096385542	1.15662650602e-05	0	3.85542168675e-06	0.000316144578313	0.000107951807229	0.000293012048193	0.000173493975904	1.5421686747e-05	7.71084337349e-06	0
0.000323855421687	0.00271421686747	0.0368886746988	0	3.85542168675e-05	0	2.69879518072e-05	0.00184289156627	0.00016578313253	0.000262168674699	0.000100240963855	6.93975903614e-05	7.71084337349e-06	4.6265060241e-05	0.000435662650602	7.71084337349e-06	0.000285301204819	0.00475759036145	5.01204819277e-05	0.000312289156627	2.69879518072e-05	0.00158457831325	0.00130698795181	0.0109840963855	0.000508915662651	3.0843373494e-05	0.014006746988	0.0133706024096	0.00141879518072	0.00015421686747	0.00280289156627	3.85542168675e-06	0	3.85542168675e-06	0.00078265060241	8.09638554217e-05	0.00478072289157	0.00166554216867	0	3.85542168675e-06	0	3.85542168675e-06	2.31325301205e-05	6.55421686747e-05	4.24096385542e-05	0	3.0843373494e-05	3.85542168675e-06	1.15662650602e-05	5.78313253012e-05	0	7.32530120482e-05	0.00151518072289	6.55421686747e-05	0.00080578313253	3.85542168675e-06	0.000104096385542	0.000555180722892	0.00104096385542	8.09638554217e-05	6.93975903614e-05	0.00233253012048	0.00288385542169	5.78313253012e-05	0.000107951807229	0.00015421686747	0	3.85542168675e-06	2.69879518072e-05	0.000589879518072	0.00351228915663	0.0026486746988	0.000921445783133	0.000312289156627	2.31325301205e-05	0	0	0.000420240963855	0.000185060240964	0.000427951807229	0.000281445783133	3.85542168675e-05	4.24096385542e-05	0
0	0	0	0	0	0	0	0	0	0	0	0	0	0	0	0	0	0	0	0	0	0	0	0	0	0	0	0	0	0	0	0	0	0	0	0	0	0	0	0	0	0	0	0	0	0	0	0	0	0	0	0	0	0	0	0	0	0	0	0	0	0	0	0	0	0	0	0	0	0	0	0	0	0	0	0	0	0	0	0	0	0	0	0
0.000408674698795	0.000235180722892	3.85542168675e-05	0	0.0164626506024	0	0.000119518072289	0.00260240963855	0.000269879518072	0.00183903614458	0.00163855421687	1.15662650602e-05	0.00127228915663	7.71084337349e-06	0.000400963855422	0.000107951807229	3.0843373494e-05	1.5421686747e-05	0	7.71084337349e-06	0.00443759036145	4.6265060241e-05	0.000767228915663	6.1686746988e-05	0.00770698795181	1.5421686747e-05	0.000104096385542	0.000254457831325	0.0045378313253	0.000289156626506	0.000219759036145	0	0	1.92771084337e-05	0.000181204819277	8.09638554217e-05	3.0843373494e-05	1.92771084337e-05	0	0.00351228915663	0	0.000185060240964	7.32530120482e-05	0.000239036144578	0.000655421686747	0.000327710843373	5.39759036145e-05	0.000751807228916	3.85542168675e-06	0.000223614457831	6.1686746988e-05	2.31325301205e-05	3.85542168675e-06	0	3.85542168675e-06	0.00105638554217	1.92771084337e-05	0.000104096385542	3.85542168675e-05	0.00179277108434	1.15662650602e-05	2.31325301205e-05	3.46987951807e-05	0.00115277108434	0.000358554216867	6.55421686747e-05	0	3.85542168675e-06	0.000111807228916	0.000370120481928	0.000350843373494	6.93975903614e-05	0.000219759036145	4.24096385542e-05	0.000100240963855	3.85542168675e-06	0	0.000100240963855	7.71084337349e-06	0.000131084337349	3.0843373494e-05	7.32530120482e-05	2.69879518072e-05	0
0	0	0	0	0	0.000146506024096	5.78313253012e-05	3.85542168675e-06	3.85542168675e-05	0	3.85542168675e-06	0	0	0	0	4.6265060241e-05	0	0	0	0	0	0	0	0	0	0	0	0	0	3.85542168675e-06	0	0	3.85542168675e-06	0	3.85542168675e-06	0	0	0	0	0	0	0	0	0	0	0	0	0	0	0	0	0	0	0	0	0	0	0	0	0	0	0	0	0	0	0	0	0	0	0	0	0	3.85542168675e-06	0	7.71084337349e-05	1.92771084337e-05	0	0	0	0	0	0	0	0
0.0011913253012	3.85542168675e-06	2.69879518072e-05	0	0.000119518072289	5.78313253012e-05	0.0302342168675	0.00430265060241	0.0128693975904	0.000219759036145	0.0134245783133	0.000169638554217	0.00258313253012	5.78313253012e-05	0.00356240963855	0.00118746987952	1.5421686747e-05	0	1.92771084337e-05	5.78313253012e-05	0.00061686746988	5.39759036145e-05	4.24096385542e-05	0.000131084337349	0.000451084337349	1.92771084337e-05	8.48192771084e-05	4.24096385542e-05	0.00138795180723	0.00173108433735	0.000134939759036	0	0.000435662650602	3.85542168675e-05	0.00144963855422	1.5421686747e-05	1.5421686747e-05	7.71084337349e-06	0	2.31325301205e-05	0	3.85542168675e-06	3.85542168675e-06	3.85542168675e-05	0.000100240963855	7.71084337349e-06	1.5421686747e-05	7.71084337349e-06	0	3.46987951807e-05	7.71084337349e-06	0	0	1.15662650602e-05	7.71084337349e-06	3.85542168675e-06	3.85542168675e-06	4.24096385542e-05	1.15662650602e-05	9.63855421687e-05	0	1.5421686747e-05	1.15662650602e-05	5.01204819277e-05	5.01204819277e-05	2.69879518072e-05	0	3.85542168675e-06	2.69879518072e-05	6.1686746988e-05	0.00102168674699	0.00015421686747	0.00236337349398	0.000489638554217	0.00159614457831	0.000828915662651	7.71084337349e-06	3.85542168675e-06	1.15662650602e-05	5.01204819277e-05	1.5421686747e-05	7.71084337349e-06	2.31325301205e-05	0
0.0148510843373	0.000285301204819	0.00184289156627	0	0.00260240963855	3.85542168675e-06	0.00430265060241	0.0859219277108	0.0106024096386	0.00470361445783	0.0246014457831	0.000562891566265	0.000778795180723	0.00015421686747	0.0188722891566	0.000258313253012	0.000327710843373	0.000686265060241	0.000107951807229	0.000370120481928	0.00179277108434	0.00360481927711	0.00141493975904	0.00332722891566	0.0124028915663	3.85542168675e-05	0.00121445783133	0.00109108433735	0.0323007228916	0.00699373493976	0.0144038554217	3.85542168675e-06	3.85542168675e-05	0.000505060240964	0.0052665060241	0.000466506024096	0.000188915662651	0.000173493975904	0	0.00120289156627	0	0.000277590361446	0.000389397590361	0.000917590361446	0.00344674698795	0.000293012048193	0.00016578313253	0.000539759036145	2.69879518072e-05	0.00102554216867	0.00030843373494	0.000111807228916	0.000119518072289	3.0843373494e-05	6.55421686747e-05	0.000578313253012	0.000158072289157	0.0010178313253	0.000381686746988	0.00419469879518	1.92771084337e-05	0.000138795180723	0.000181204819277	0.00213590361446	0.0015421686747	0.000574457831325	0	1.5421686747e-05	0.00066313253012	0.00193927710843	0.00674313253012	0.00136481927711	0.00602987951807	0.00168481927711	0.000813493975904	5.01204819277e-05	2.69879518072e-05	0.000713253012048	7.71084337349e-05	0.00108722891566	0.000346987951807	0.000508915662651	0.00034313253012	2.31325301205e-05
0.00612626506024	7.71084337349e-06	0.00016578313253	0	0.000269879518072	3.85542168675e-05	0.0128693975904	0.0106024096386	0.035396626506	0.000412530120482	0.0150631325301	0.000678554216867	0.00134554216867	0.000181204819277	0.0158380722892	0.000266024096386	3.85542168675e-05	7.32530120482e-05	9.63855421687e-05	0.000293012048193	0.000528192771084	0.000235180722892	0.000138795180723	0.00032	0.00119518072289	4.24096385542e-05	0.000312289156627	8.09638554217e-05	0.00302265060241	0.00363951807229	0.000682409638554	3.85542168675e-06	0.000104096385542	4.24096385542e-05	0.00364722891566	5.01204819277e-05	2.69879518072e-05	1.15662650602e-05	0	8.09638554217e-05	0	4.24096385542e-05	3.85542168675e-05	0.000138795180723	0.00032	1.15662650602e-05	1.5421686747e-05	1.92771084337e-05	7.71084337349e-06	0.000123373493976	3.85542168675e-05	1.15662650602e-05	1.5421686747e-05	7.71084337349e-06	3.85542168675e-06	1.5421686747e-05	2.31325301205e-05	0.000127228915663	4.24096385542e-05	0.000366265060241	1.15662650602e-05	1.92771084337e-05	2.69879518072e-05	0.000192771084337	0.000200481927711	7.71084337349e-05	0	7.71084337349e-06	6.93975903614e-05	0.000250602409639	0.00169638554217	0.000366265060241	0.00458409638554	0.000778795180723	0.000801927710843	0.000123373493976	1.92771084337e-05	5.39759036145e-05	1.92771084337e-05	0.000119518072289	5.39759036145e-05	4.6265060241e-05	3.46987951807e-05	0
0.000686265060241	0.000855903614458	0.000262168674699	0	0.00183903614458	0	0.000219759036145	0.00470361445783	0.000412530120482	0.0210930120482	0.000979277108434	6.93975903614e-05	0.00221301204819	5.78313253012e-05	0.000666987951807	0.00093686746988	0.000185060240964	0.000111807228916	1.92771084337e-05	8.48192771084e-05	0.00148819277108	0.000273734939759	0.00416385542169	0.000520481927711	0.0114081927711	5.78313253012e-05	0.000451084337349	0.000740240963855	0.00476144578313	0.000690120481928	0.00108337349398	3.85542168675e-06	0	5.39759036145e-05	0.000478072289157	0.000408674698795	0.000127228915663	6.1686746988e-05	0	0.00111036144578	0	0.000181204819277	0.00034313253012	0.000566746987952	0.00568289156627	0.000208192771084	0.000100240963855	0.000416385542169	1.15662650602e-05	0.000763373493976	0.000188915662651	7.71084337349e-05	4.6265060241e-05	1.5421686747e-05	3.0843373494e-05	0.000528192771084	9.25301204819e-05	0.00102554216867	0.00017734939759	0.00390168674699	1.15662650602e-05	5.39759036145e-05	0.000127228915663	0.00183903614458	0.00124144578313	0.00064	0	0	0.000693975903614	0.00141493975904	0.00297638554217	0.00112192771084	0.000686265060241	0.000188915662651	0.00066313253012	1.15662650602e-05	0	0.000385542168675	5.01204819277e-05	0.000717108433735	0.000231325301205	0.000300722891566	0.000188915662651	1.15662650602e-05
0.00650409638554	2.69879518072e-05	0.000100240963855	0	0.00163855421687	3.85542168675e-06	0.0134245783133	0.0246014457831	0.0150631325301	0.000979277108434	0.0605648192771	0.000717108433735	0.00486939759036	0.000192771084337	0.011065060241	8.86746987952e-05	4.24096385542e-05	8.48192771084e-05	0.000127228915663	0.000350843373494	0.00536674698795	0.000115662650602	0.000131084337349	0.000242891566265	0.00213975903614	5.01204819277e-05	0.000385542168675	0.000104096385542	0.0101898795181	0.00349686746988	0.000350843373494	7.71084337349e-06	3.85542168675e-05	0.000173493975904	0.00471518072289	5.39759036145e-05	4.6265060241e-05	1.92771084337e-05	0	0.000454939759036	0	4.24096385542e-05	4.24096385542e-05	0.000123373493976	0.000632289156627	0.000115662650602	1.92771084337e-05	0.000115662650602	7.71084337349e-06	0.000131084337349	3.46987951807e-05	3.85542168675e-06	1.15662650602e-05	7.71084337349e-06	7.71084337349e-06	0.00016578313253	1.92771084337e-05	8.09638554217e-05	3.0843373494e-05	0.000902168674699	1.92771084337e-05	1.92771084337e-05	3.0843373494e-05	0.000404819277108	0.000181204819277	5.39759036145e-05	0	3.85542168675e-06	5.01204819277e-05	0.000258313253012	0.00245975903614	0.000470361445783	0.00472289156627	0.000886746987952	0.000593734939759	2.31325301205e-05	2.31325301205e-05	7.32530120482e-05	2.69879518072e-05	0.000169638554217	5.39759036145e-05	7.32530120482e-05	4.24096385542e-05	3.85542168675e-06
0.000713253012048	3.0843373494e-05	6.93975903614e-05	0	1.15662650602e-05	0	0.000169638554217	0.000562891566265	0.000678554216867	6.93975903614e-05	0.000717108433735	0.0209503614458	5.78313253012e-05	0.00354698795181	0.00165397590361	1.15662650602e-05	1.5421686747e-05	0.000508915662651	0.00220530120482	0.00537060240964	1.15662650602e-05	0.000131084337349	4.24096385542e-05	0.000235180722892	0.000100240963855	0.000998554216867	0.0056134939759	0.000566746987952	0.000200481927711	0.00216674698795	0.000204337349398	0.000200481927711	2.31325301205e-05	1.15662650602e-05	0.00503518072289	1.15662650602e-05	0.000377831325301	3.85542168675e-06	0	0	0	3.85542168675e-06	7.71084337349e-06	3.85542168675e-06	2.69879518072e-05	0	0.000242891566265	3.85542168675e-06	0.00048578313253	3.85542168675e-06	7.71084337349e-06	0	7.71084337349e-06	0.000146506024096	8.86746987952e-05	3.85542168675e-06	7.71084337349e-06	1.5421686747e-05	1.5421686747e-05	1.15662650602e-05	0.000354698795181	0.000393253012048	0.000373975903614	1.15662650602e-05	2.31325301205e-05	1.15662650602e-05	0	0	3.85542168675e-06	4.6265060241e-05	0.00122602409639	0.00340819277108	0.0068086746988	0.000508915662651	3.85542168675e-05	7.71084337349e-06	0.000300722891566	3.85542168675e-05	0.00015421686747	7.71084337349e-06	0	3.85542168675e-06	0	2.31325301205e-05
0.000489638554217	7.32530120482e-05	7.71084337349e-06	0	0.00127228915663	0	0.00258313253012	0.000778795180723	0.00134554216867	0.00221301204819	0.00486939759036	5.78313253012e-05	0.0206303614458	1.92771084337e-05	0.000570602409639	0.00104481927711	7.71084337349e-06	3.85542168675e-06	0	3.0843373494e-05	0.00409831325301	1.92771084337e-05	0.000196626506024	3.46987951807e-05	0.00185831325301	7.71084337349e-06	3.46987951807e-05	5.01204819277e-05	0.00096	0.000285301204819	8.86746987952e-05	0	7.71084337349e-06	7.71084337349e-06	0.000454939759036	1.92771084337e-05	1.15662650602e-05	3.85542168675e-06	0	0.00166554216867	0	0.000512771084337	1.5421686747e-05	0.000300722891566	0.000246746987952	6.55421686747e-05	7.71084337349e-06	0.00293397590361	0	0.000131084337349	0.000134939759036	0	3.85542168675e-06	3.85542168675e-06	3.85542168675e-06	0.00193156626506	7.71084337349e-06	5.78313253012e-05	1.15662650602e-05	0.000505060240964	0	3.85542168675e-06	1.15662650602e-05	0.000115662650602	7.32530120482e-05	2.31325301205e-05	0	3.85542168675e-06	7.71084337349e-06	0.000123373493976	0.000215903614458	6.55421686747e-05	0.000447228915663	5.39759036145e-05	0.000458795180723	3.85542168675e-06	0	4.24096385542e-05	7.71084337349e-06	7.32530120482e-05	1.5421686747e-05	6.1686746988e-05	1.5421686747e-05	3.85542168675e-06
0.000169638554217	0.000192771084337	4.6265060241e-05	0	7.71084337349e-06	0	5.78313253012e-05	0.00015421686747	0.000181204819277	5.78313253012e-05	0.000192771084337	0.00354698795181	1.92771084337e-05	0.0141879518072	0.000439518072289	3.85542168675e-06	2.69879518072e-05	5.39759036145e-05	0.000200481927711	0.00029686746988	2.31325301205e-05	5.01204819277e-05	0.00016578313253	6.93975903614e-05	8.09638554217e-05	0.00493879518072	0.00295325301205	0.00129927710843	6.93975903614e-05	0.000543614457831	6.55421686747e-05	0.00030843373494	1.15662650602e-05	3.85542168675e-06	0.000994698795181	0	0.000809638554217	1.15662650602e-05	0	3.85542168675e-06	0	1.5421686747e-05	7.71084337349e-06	6.55421686747e-05	1.15662650602e-05	3.85542168675e-06	0.000655421686747	1.5421686747e-05	0.00144963855422	4.6265060241e-05	3.85542168675e-06	7.71084337349e-06	1.5421686747e-05	0.000285301204819	0.000196626506024	1.92771084337e-05	1.15662650602e-05	1.5421686747e-05	3.0843373494e-05	1.92771084337e-05	0.000898313253012	0.000902168674699	0.000798072289157	1.5421686747e-05	3.46987951807e-05	7.71084337349e-06	3.46987951807e-05	7.71084337349e-06	1.15662650602e-05	0.000196626506024	0.00029686746988	0.00259084337349	0.0018313253012	0.000435662650602	1.5421686747e-05	0	0.000566746987952	4.6265060241e-05	0.000478072289157	0.000208192771084	0.00014265060241	1.15662650602e-05	5.78313253012e-05	0.000119518072289
0.0165937349398	6.55421686747e-05	0.000435662650602	0	0.000400963855422	0	0.00356240963855	0.0188722891566	0.0158380722892	0.000666987951807	0.011065060241	0.00165397590361	0.000570602409639	0.000439518072289	0.0450428915663	0.000131084337349	0.000131084337349	0.000161927710843	0.000219759036145	0.000547469879518	0.000493493975904	0.000643855421687	0.000350843373494	0.000747951807229	0.00196626506024	7.71084337349e-05	0.000763373493976	0.000312289156627	0.00408674698795	0.0112963855422	0.00266795180723	3.0843373494e-05	0.000107951807229	0.000146506024096	0.00763759036145	8.86746987952e-05	9.63855421687e-05	4.24096385542e-05	0	9.25301204819e-05	0	5.78313253012e-05	5.39759036145e-05	0.000192771084337	0.000532048192771	3.0843373494e-05	3.85542168675e-05	6.55421686747e-05	1.15662650602e-05	0.000258313253012	6.55421686747e-05	1.15662650602e-05	2.69879518072e-05	1.15662650602e-05	1.5421686747e-05	5.78313253012e-05	2.31325301205e-05	0.000258313253012	7.71084337349e-05	0.000539759036145	2.31325301205e-05	6.93975903614e-05	6.1686746988e-05	0.000289156626506	0.000346987951807	0.000134939759036	0	7.71084337349e-06	0.00015421686747	0.000493493975904	0.00280674698795	0.000828915662651	0.00778409638554	0.00113734939759	0.000844337349398	0.000138795180723	4.6265060241e-05	0.000138795180723	2.31325301205e-05	0.000316144578313	0.000104096385542	0.000138795180723	0.000104096385542	0
7.32530120482e-05	7.71084337349e-06	7.71084337349e-06	0	0.000107951807229	4.6265060241e-05	0.00118746987952	0.000258313253012	0.000266024096386	0.00093686746988	8.86746987952e-05	1.15662650602e-05	0.00104481927711	3.85542168675e-06	0.000131084337349	0.00409445783133	7.71084337349e-06	0	7.71084337349e-06	3.85542168675e-06	9.25301204819e-05	1.92771084337e-05	2.69879518072e-05	1.92771084337e-05	0.000601445783133	3.85542168675e-06	2.69879518072e-05	1.15662650602e-05	0.000231325301205	0.000138795180723	5.78313253012e-05	0	3.0843373494e-05	3.85542168675e-06	8.09638554217e-05	0	0	0	0	1.15662650602e-05	0	0	0	3.85542168675e-06	3.85542168675e-05	0	0	3.85542168675e-06	0	7.71084337349e-06	0	1.15662650602e-05	0	0	0	7.71084337349e-06	0	1.15662650602e-05	7.71084337349e-06	3.85542168675e-05	0	0	3.85542168675e-06	1.15662650602e-05	1.5421686747e-05	0	0	0	1.15662650602e-05	1.92771084337e-05	0.000335421686747	4.6265060241e-05	0.000111807228916	2.31325301205e-05	0.00198554216867	8.09638554217e-05	0	3.85542168675e-06	0	3.85542168675e-06	0	3.85542168675e-06	0	0
0.000115662650602	0.00049734939759	0.000285301204819	0	3.0843373494e-05	0	1.5421686747e-05	0.000327710843373	3.85542168675e-05	0.000185060240964	4.24096385542e-05	1.5421686747e-05	7.71084337349e-06	2.69879518072e-05	0.000131084337349	7.71084337349e-06	0.0181204819277	0.000131084337349	0	3.46987951807e-05	1.5421686747e-05	0.0021513253012	0.00577542168675	0.00382843373494	0.00577542168675	1.15662650602e-05	0.000212048192771	0.00432963855422	0.00163469879518	0.000138795180723	0.00103710843373	0	3.85542168675e-06	1.5421686747e-05	0.00030843373494	2.31325301205e-05	9.63855421687e-05	0.000215903614458	0	3.85542168675e-06	0	3.85542168675e-06	3.0843373494e-05	2.69879518072e-05	6.55421686747e-05	0	3.85542168675e-06	1.15662650602e-05	0	3.0843373494e-05	7.71084337349e-06	0.000875180722892	8.48192771084e-05	0	2.31325301205e-05	3.85542168675e-06	0.000312289156627	0.00318072289157	0.00197397590361	0.000111807228916	3.85542168675e-06	5.78313253012e-05	0.00049734939759	0.000104096385542	6.55421686747e-05	0.000134939759036	0	0	5.01204819277e-05	0.000269879518072	0.00283373493976	0.00127228915663	0.000589879518072	0.000281445783133	3.46987951807e-05	0	0	0.000269879518072	5.39759036145e-05	0.000346987951807	0.000269879518072	0.000115662650602	7.32530120482e-05	0
0.000161927710843	0.000859759036145	0.00475759036145	0	1.5421686747e-05	0	0	0.000686265060241	7.32530120482e-05	0.000111807228916	8.48192771084e-05	0.000508915662651	3.85542168675e-06	5.39759036145e-05	0.000161927710843	0	0.000131084337349	0.0231248192771	0.00015421686747	0.00482313253012	1.15662650602e-05	0.000933012048193	0.000427951807229	0.00867469879518	0.000208192771084	5.39759036145e-05	0.00849734939759	0.00389397590361	0.000346987951807	0.000169638554217	0.00185831325301	7.71084337349e-06	0	7.71084337349e-06	0.00224771084337	2.31325301205e-05	0.00249445783133	0.000239036144578	0	7.71084337349e-06	0	3.85542168675e-06	7.71084337349e-06	2.31325301205e-05	1.5421686747e-05	3.85542168675e-06	4.6265060241e-05	3.85542168675e-06	1.15662650602e-05	1.15662650602e-05	3.85542168675e-06	2.31325301205e-05	0.000354698795181	8.48192771084e-05	0.000655421686747	7.71084337349e-06	3.85542168675e-05	5.39759036145e-05	0.000127228915663	1.15662650602e-05	0.000127228915663	0.00158457831325	0.0015113253012	1.92771084337e-05	2.31325301205e-05	4.24096385542e-05	0	0	1.5421686747e-05	0.000246746987952	0.00234024096386	0.00261397590361	0.00216289156627	0.000451084337349	2.31325301205e-05	0	0	0.000146506024096	8.09638554217e-05	0.00016578313253	8.86746987952e-05	7.71084337349e-06	1.92771084337e-05	0
9.63855421687e-05	1.5421686747e-05	5.01204819277e-05	0	0	0	1.92771084337e-05	0.000107951807229	9.63855421687e-05	1.92771084337e-05	0.000127228915663	0.00220530120482	0	0.000200481927711	0.000219759036145	7.71084337349e-06	0	0.00015421686747	0.00511228915663	0.00183518072289	0	3.85542168675e-05	7.71084337349e-06	8.09638554217e-05	1.15662650602e-05	0.000150361445783	0.00223228915663	0.000173493975904	5.39759036145e-05	0.000281445783133	6.55421686747e-05	2.31325301205e-05	0	3.85542168675e-06	0.00061686746988	0	0.000208192771084	1.15662650602e-05	0	0	0	0	0	3.85542168675e-06	0	0	9.25301204819e-05	0	0.000138795180723	3.85542168675e-06	0	0	3.85542168675e-06	7.71084337349e-05	8.09638554217e-05	0	0	7.71084337349e-06	1.15662650602e-05	3.85542168675e-06	0.000192771084337	0.000223614457831	0.000150361445783	3.85542168675e-06	3.85542168675e-06	0	3.85542168675e-06	0	0	1.5421686747e-05	0.000354698795181	0.000825060240964	0.000929156626506	9.63855421687e-05	3.85542168675e-06	0	0	7.71084337349e-06	1.92771084337e-05	0	0	0	0	0
0.000346987951807	9.25301204819e-05	0.000312289156627	0	7.71084337349e-06	0	5.78313253012e-05	0.000370120481928	0.000293012048193	8.48192771084e-05	0.000350843373494	0.00537060240964	3.0843373494e-05	0.00029686746988	0.000547469879518	3.85542168675e-06	3.46987951807e-05	0.00482313253012	0.00183518072289	0.0182322891566	7.71084337349e-06	0.000239036144578	7.32530120482e-05	0.000636144578313	8.09638554217e-05	0.000281445783133	0.00778409638554	0.00153060240964	0.000158072289157	0.000589879518072	0.000466506024096	3.0843373494e-05	0	3.85542168675e-06	0.00327325301205	7.71084337349e-06	0.00114120481928	2.69879518072e-05	0	3.85542168675e-06	0	0	0	1.15662650602e-05	3.85542168675e-06	0	0.000119518072289	3.85542168675e-06	0.000146506024096	7.71084337349e-06	0	0	3.85542168675e-05	0.000188915662651	0.000408674698795	3.85542168675e-06	1.5421686747e-05	2.31325301205e-05	5.01204819277e-05	3.85542168675e-06	0.00046265060241	0.00080578313253	0.000809638554217	0	2.31325301205e-05	7.71084337349e-06	3.85542168675e-06	0	7.71084337349e-06	6.93975903614e-05	0.00176578313253	0.00236722891566	0.00384771084337	0.000478072289157	2.31325301205e-05	0	0	6.55421686747e-05	3.46987951807e-05	6.1686746988e-05	2.31325301205e-05	0	3.85542168675e-06	0
0.000443373493976	0.000115662650602	2.69879518072e-05	0	0.00443759036145	0	0.00061686746988	0.00179277108434	0.000528192771084	0.00148819277108	0.00536674698795	1.15662650602e-05	0.00409831325301	2.31325301205e-05	0.000493493975904	9.25301204819e-05	1.5421686747e-05	1.15662650602e-05	0	7.71084337349e-06	0.0151209638554	1.5421686747e-05	0.000316144578313	1.15662650602e-05	0.00284530120482	1.15662650602e-05	5.78313253012e-05	0.000107951807229	0.00220915662651	0.000300722891566	0.000111807228916	3.85542168675e-06	3.85542168675e-06	2.31325301205e-05	0.000304578313253	1.15662650602e-05	1.15662650602e-05	3.85542168675e-06	0	0.000111807228916	0	1.5421686747e-05	1.92771084337e-05	3.46987951807e-05	0.000242891566265	1.15662650602e-05	1.5421686747e-05	2.69879518072e-05	3.85542168675e-06	5.39759036145e-05	2.31325301205e-05	3.85542168675e-06	0	3.85542168675e-06	0	3.46987951807e-05	7.71084337349e-06	3.46987951807e-05	1.15662650602e-05	0.000204337349398	3.85542168675e-06	3.85542168675e-06	1.15662650602e-05	8.48192771084e-05	0.000100240963855	1.5421686747e-05	0	3.85542168675e-06	1.92771084337e-05	0.000104096385542	0.000246746987952	4.24096385542e-05	0.000281445783133	6.55421686747e-05	6.55421686747e-05	3.85542168675e-06	0	1.92771084337e-05	0	3.46987951807e-05	3.85542168675e-06	1.15662650602e-05	3.85542168675e-06	0
0.000451084337349	0.000262168674699	0.00158457831325	0	4.6265060241e-05	0	5.39759036145e-05	0.00360481927711	0.000235180722892	0.000273734939759	0.000115662650602	0.000131084337349	1.92771084337e-05	5.01204819277e-05	0.000643855421687	1.92771084337e-05	0.0021513253012	0.000933012048193	3.85542168675e-05	0.000239036144578	1.5421686747e-05	0.0375209638554	0.00102554216867	0.0118053012048	0.00163084337349	1.92771084337e-05	0.00105638554217	0.00114891566265	0.00970409638554	0.00032	0.0180857831325	0	0	7.71084337349e-06	0.00306506024096	5.39759036145e-05	0.000227469879518	0.000196626506024	0	7.71084337349e-06	0	1.15662650602e-05	3.85542168675e-05	5.78313253012e-05	0.000161927710843	0	1.15662650602e-05	3.85542168675e-06	3.85542168675e-06	6.1686746988e-05	1.92771084337e-05	0.000239036144578	0.000138795180723	7.71084337349e-06	2.31325301205e-05	0	0.000289156626506	0.00146891566265	0.000728674698795	8.86746987952e-05	1.5421686747e-05	8.86746987952e-05	0.000223614457831	0.000107951807229	0.000173493975904	0.000242891566265	0	0	9.25301204819e-05	0.000393253012048	0.00472674698795	0.0015421686747	0.00303036144578	0.00129542168675	5.01204819277e-05	7.71084337349e-06	3.85542168675e-06	0.000254457831325	5.01204819277e-05	0.000373975903614	0.000223614457831	0.000123373493976	7.71084337349e-05	3.85542168675e-06
0.000501204819277	0.0049734939759	0.00130698795181	0	0.000767228915663	0	4.24096385542e-05	0.00141493975904	0.000138795180723	0.00416385542169	0.000131084337349	4.24096385542e-05	0.000196626506024	0.00016578313253	0.000350843373494	2.69879518072e-05	0.00577542168675	0.000427951807229	7.71084337349e-06	7.32530120482e-05	0.000316144578313	0.00102554216867	0.031938313253	0.00446072289157	0.00866313253012	0.000196626506024	0.00141879518072	0.0106178313253	0.00366265060241	0.00079421686747	0.00227469879518	0	3.85542168675e-06	5.01204819277e-05	0.000520481927711	0.000235180722892	0.00132626506024	0.00127614457831	0	1.5421686747e-05	0	5.01204819277e-05	0.000161927710843	0.000227469879518	0.0016886746988	1.15662650602e-05	8.09638554217e-05	2.31325301205e-05	1.92771084337e-05	0.000285301204819	6.93975903614e-05	0.00226698795181	0.000431807228916	2.31325301205e-05	0.000107951807229	1.92771084337e-05	0.000871325301205	0.0112501204819	0.00515084337349	0.000570602409639	0.000104096385542	0.000335421686747	0.00265638554217	0.000543614457831	0.000636144578313	0.000813493975904	3.85542168675e-06	0	0.000397108433735	0.00143807228916	0.00256	0.0013686746988	0.000705542168675	0.000242891566265	8.48192771084e-05	0	3.85542168675e-06	0.000844337349398	0.00015421686747	0.00113734939759	0.00065156626506	0.000304578313253	0.000262168674699	1.92771084337e-05
0.000570602409639	0.00156915662651	0.0109840963855	0	6.1686746988e-05	0	0.000131084337349	0.00332722891566	0.00032	0.000520481927711	0.000242891566265	0.000235180722892	3.46987951807e-05	6.93975903614e-05	0.000747951807229	1.92771084337e-05	0.00382843373494	0.00867469879518	8.09638554217e-05	0.000636144578313	1.15662650602e-05	0.0118053012048	0.00446072289157	0.0674120481928	0.00161542168675	5.01204819277e-05	0.00512	0.0122756626506	0.00434891566265	0.000377831325301	0.0078265060241	0	0	2.69879518072e-05	0.00382457831325	6.1686746988e-05	0.00218602409639	0.00178506024096	0	1.92771084337e-05	0	2.31325301205e-05	6.93975903614e-05	8.48192771084e-05	0.000134939759036	2.31325301205e-05	3.0843373494e-05	2.69879518072e-05	1.92771084337e-05	5.78313253012e-05	1.5421686747e-05	0.00100240963855	0.000867469879518	3.46987951807e-05	0.000373975903614	1.15662650602e-05	0.000323855421687	0.00490795180723	0.00382843373494	0.000215903614458	3.46987951807e-05	0.000967710843373	0.00271036144578	0.00017734939759	0.000107951807229	0.000188915662651	0	0	5.78313253012e-05	0.000759518072289	0.0143460240964	0.00602602409639	0.00403277108434	0.0019778313253	0.000158072289157	7.71084337349e-06	3.85542168675e-06	0.000709397590361	0.000208192771084	0.000990843373494	0.000759518072289	0.000192771084337	0.000158072289157	7.71084337349e-06
0.00200096385542	0.00140722891566	0.000508915662651	0	0.00770698795181	0	0.000451084337349	0.0124028915663	0.00119518072289	0.0114081927711	0.00213975903614	0.000100240963855	0.00185831325301	8.09638554217e-05	0.00196626506024	0.000601445783133	0.00577542168675	0.000208192771084	1.15662650602e-05	8.09638554217e-05	0.00284530120482	0.00163084337349	0.00866313253012	0.00161542168675	0.0484973493976	6.55421686747e-05	0.000632289156627	0.00213590361446	0.0210428915663	0.00212819277108	0.00366265060241	0	7.71084337349e-06	0.000188915662651	0.00133397590361	0.000439518072289	0.000188915662651	0.00016578313253	0	0.00120674698795	0	0.000258313253012	0.000424096385542	0.00080578313253	0.00416385542169	0.000246746987952	0.00014265060241	0.000597590361446	2.31325301205e-05	0.000890602409639	0.000219759036145	0.00034313253012	9.25301204819e-05	1.5421686747e-05	1.5421686747e-05	0.000566746987952	0.000327710843373	0.00213204819277	0.000786506024096	0.00479228915663	1.15662650602e-05	0.000107951807229	0.000231325301205	0.00230939759036	0.00153060240964	0.000693975903614	3.85542168675e-06	1.15662650602e-05	0.000744096385542	0.00199325301205	0.00422168674699	0.00121060240964	0.00172722891566	0.000512771084337	0.000528192771084	3.85542168675e-06	3.85542168675e-06	0.000643855421687	8.48192771084e-05	0.00103710843373	0.000335421686747	0.000416385542169	0.000250602409639	1.15662650602e-05
6.1686746988e-05	0.000223614457831	3.0843373494e-05	0	1.5421686747e-05	0	1.92771084337e-05	3.85542168675e-05	4.24096385542e-05	5.78313253012e-05	5.01204819277e-05	0.000998554216867	7.71084337349e-06	0.00493879518072	7.71084337349e-05	3.85542168675e-06	1.15662650602e-05	5.39759036145e-05	0.000150361445783	0.000281445783133	1.15662650602e-05	1.92771084337e-05	0.000196626506024	5.01204819277e-05	6.55421686747e-05	0.00908722891566	0.00193156626506	0.00132626506024	1.92771084337e-05	0.000123373493976	2.69879518072e-05	0.000169638554217	3.85542168675e-06	0	0.000285301204819	0	0.00134168674699	3.85542168675e-06	0	3.85542168675e-06	0	7.71084337349e-06	3.85542168675e-06	7.71084337349e-06	1.15662650602e-05	0	0.00081734939759	3.85542168675e-06	0.00195084337349	3.85542168675e-06	3.85542168675e-06	0	3.85542168675e-06	0.000427951807229	0.000246746987952	3.85542168675e-06	3.85542168675e-06	3.0843373494e-05	3.85542168675e-06	1.15662650602e-05	0.00143036144578	0.00104096385542	0.00112192771084	3.85542168675e-06	1.15662650602e-05	3.85542168675e-06	4.24096385542e-05	3.85542168675e-06	3.85542168675e-06	6.93975903614e-05	0.000127228915663	0.000836626506024	0.000574457831325	5.78313253012e-05	3.85542168675e-06	0	0.000466506024096	3.0843373494e-05	0.000293012048193	5.01204819277e-05	1.92771084337e-05	0	0	6.93975903614e-05
0.000435662650602	0.00242120481928	0.014006746988	0	0.000104096385542	0	8.48192771084e-05	0.00121445783133	0.000312289156627	0.000451084337349	0.000385542168675	0.0056134939759	3.46987951807e-05	0.00295325301205	0.000763373493976	2.69879518072e-05	0.000212048192771	0.00849734939759	0.00223228915663	0.00778409638554	5.78313253012e-05	0.00105638554217	0.00141879518072	0.00512	0.000632289156627	0.00193156626506	0.0684607228916	0.0217522891566	0.000690120481928	0.000825060240964	0.00204337349398	0.00107180722892	0	1.92771084337e-05	0.0038978313253	2.69879518072e-05	0.0110110843373	0.000412530120482	0	1.92771084337e-05	0	7.71084337349e-06	2.31325301205e-05	5.01204819277e-05	6.1686746988e-05	7.71084337349e-06	0.00098313253012	1.5421686747e-05	0.00168481927711	4.24096385542e-05	3.85542168675e-06	2.69879518072e-05	0.000682409638554	0.00124144578313	0.00310361445783	1.5421686747e-05	8.86746987952e-05	0.000146506024096	0.000289156626506	7.32530120482e-05	0.00332722891566	0.00758361445783	0.00752578313253	5.78313253012e-05	8.86746987952e-05	0.000100240963855	1.5421686747e-05	3.85542168675e-06	2.69879518072e-05	0.00079421686747	0.00635759036145	0.00798843373494	0.00537060240964	0.000925301204819	8.86746987952e-05	0	7.71084337349e-06	0.000520481927711	0.000493493975904	0.000539759036145	0.000281445783133	2.31325301205e-05	4.24096385542e-05	1.5421686747e-05
0.000212048192771	0.00749493975904	0.0133706024096	0	0.000254457831325	0	4.24096385542e-05	0.00109108433735	8.09638554217e-05	0.000740240963855	0.000104096385542	0.000566746987952	5.01204819277e-05	0.00129927710843	0.000312289156627	1.15662650602e-05	0.00432963855422	0.00389397590361	0.000173493975904	0.00153060240964	0.000107951807229	0.00114891566265	0.0106178313253	0.0122756626506	0.00213590361446	0.00132626506024	0.0217522891566	0.0713214457831	0.00122987951807	0.000215903614458	0.00188530120482	0.000559036144578	0	7.71084337349e-06	0.00172337349398	4.6265060241e-05	0.00800771084337	0.00224	0	7.71084337349e-06	0	1.15662650602e-05	4.24096385542e-05	4.24096385542e-05	0.000104096385542	3.85542168675e-06	0.000293012048193	3.85542168675e-06	0.000478072289157	5.39759036145e-05	3.85542168675e-06	0.00066313253012	0.0014534939759	0.000424096385542	0.00153831325301	3.85542168675e-06	0.000208192771084	0.00353542168675	0.00313445783133	0.000115662650602	0.00125686746988	0.00402506024096	0.00610698795181	0.000111807228916	9.63855421687e-05	0.000115662650602	3.85542168675e-06	0	3.46987951807e-05	0.000705542168675	0.00707084337349	0.0056713253012	0.00227469879518	0.00065156626506	0.000100240963855	0	0	0.000717108433735	0.000323855421687	0.00066313253012	0.000470361445783	9.63855421687e-05	8.48192771084e-05	7.71084337349e-06
0.0033156626506	0.000370120481928	0.00141879518072	0	0.0045378313253	0	0.00138795180723	0.0323007228916	0.00302265060241	0.00476144578313	0.0101898795181	0.000200481927711	0.00096	6.93975903614e-05	0.00408674698795	0.000231325301205	0.00163469879518	0.000346987951807	5.39759036145e-05	0.000158072289157	0.00220915662651	0.00970409638554	0.00366265060241	0.00434891566265	0.0210428915663	1.92771084337e-05	0.000690120481928	0.00122987951807	0.0718187951807	0.00265253012048	0.0106448192771	0	7.71084337349e-06	0.000204337349398	0.00230554216867	0.000435662650602	0.000212048192771	0.000208192771084	0	0.00149975903614	0	0.000316144578313	0.000381686746988	0.000728674698795	0.00353156626506	0.00046265060241	0.00014265060241	0.000670843373494	2.69879518072e-05	0.000798072289157	0.000215903614458	0.000435662650602	0.000134939759036	1.15662650602e-05	4.24096385542e-05	0.000763373493976	0.000539759036145	0.00346602409639	0.000894457831325	0.00408674698795	3.85542168675e-06	0.000150361445783	0.000231325301205	0.00254843373494	0.00149204819277	0.00102554216867	3.85542168675e-06	0	0.000790361445783	0.00217445783133	0.00604530120482	0.00150361445783	0.00328096385542	0.00109108433735	0.000493493975904	1.5421686747e-05	7.71084337349e-06	0.000909879518072	8.09638554217e-05	0.00138024096386	0.000501204819277	0.000551325301205	0.000362409638554	2.31325301205e-05
0.0103595180723	7.32530120482e-05	0.00015421686747	0	0.000289156626506	3.85542168675e-06	0.00173108433735	0.00699373493976	0.00363951807229	0.000690120481928	0.00349686746988	0.00216674698795	0.000285301204819	0.000543614457831	0.0112963855422	0.000138795180723	0.000138795180723	0.000169638554217	0.000281445783133	0.000589879518072	0.000300722891566	0.00032	0.00079421686747	0.000377831325301	0.00212819277108	0.000123373493976	0.000825060240964	0.000215903614458	0.00265253012048	0.0357127710843	0.0035778313253	3.0843373494e-05	0.000258313253012	0.00329638554217	0.00924530120482	9.63855421687e-05	9.25301204819e-05	4.24096385542e-05	0	2.69879518072e-05	0	6.1686746988e-05	0.000107951807229	0.000188915662651	0.000674698795181	0	5.01204819277e-05	5.01204819277e-05	2.31325301205e-05	0.000258313253012	6.1686746988e-05	6.55421686747e-05	2.31325301205e-05	1.5421686747e-05	1.92771084337e-05	3.46987951807e-05	6.1686746988e-05	0.000562891566265	0.000123373493976	0.000443373493976	3.0843373494e-05	7.32530120482e-05	5.39759036145e-05	0.000269879518072	0.000354698795181	0.000277590361446	0	1.15662650602e-05	0.000204337349398	0.000516626506024	0.00230168674699	0.000921445783133	0.00807710843373	0.000921445783133	0.000555180722892	0.000146506024096	5.01204819277e-05	0.000227469879518	5.01204819277e-05	0.000312289156627	0.000146506024096	0.00014265060241	8.09638554217e-05	3.85542168675e-06
0.00374361445783	0.00048578313253	0.00280289156627	0	0.000219759036145	0	0.000134939759036	0.0144038554217	0.000682409638554	0.00108337349398	0.000350843373494	0.000204337349398	8.86746987952e-05	6.55421686747e-05	0.00266795180723	5.78313253012e-05	0.00103710843373	0.00185831325301	6.55421686747e-05	0.000466506024096	0.000111807228916	0.0180857831325	0.00227469879518	0.0078265060241	0.00366265060241	2.69879518072e-05	0.00204337349398	0.00188530120482	0.0106448192771	0.0035778313253	0.0530814457831	7.71084337349e-06	3.85542168675e-06	0.000134939759036	0.00381686746988	0.000200481927711	0.000420240963855	0.000258313253012	0	1.5421686747e-05	0	6.93975903614e-05	0.000158072289157	0.000223614457831	0.00109108433735	7.71084337349e-06	2.69879518072e-05	2.69879518072e-05	7.71084337349e-06	0.000285301204819	0.000123373493976	0.000258313253012	0.000208192771084	2.31325301205e-05	8.09638554217e-05	2.69879518072e-05	0.000327710843373	0.00195084337349	0.000717108433735	0.000489638554217	1.15662650602e-05	0.000223614457831	0.000354698795181	0.000416385542169	0.000570602409639	0.000601445783133	0	3.85542168675e-06	0.000350843373494	0.000944578313253	0.00610313253012	0.00195084337349	0.00418313253012	0.00155759036145	0.000127228915663	1.92771084337e-05	0	0.000532048192771	7.71084337349e-05	0.000666987951807	0.000346987951807	0.000215903614458	0.000134939759036	3.85542168675e-06
1.15662650602e-05	1.15662650602e-05	3.85542168675e-06	0	0	0	0	3.85542168675e-06	3.85542168675e-06	3.85542168675e-06	7.71084337349e-06	0.000200481927711	0	0.00030843373494	3.0843373494e-05	0	0	7.71084337349e-06	2.31325301205e-05	3.0843373494e-05	3.85542168675e-06	0	0	0	0	0.000169638554217	0.00107180722892	0.000559036144578	0	3.0843373494e-05	7.71084337349e-06	0.0011065060241	0	0	5.78313253012e-05	0	9.25301204819e-05	0	0	0	0	0	0	0	0	0	3.85542168675e-05	0	0.00014265060241	0	0	0	0	3.46987951807e-05	2.31325301205e-05	0	0	0	0	0	7.71084337349e-05	9.25301204819e-05	8.09638554217e-05	0	0	0	7.71084337349e-06	0	0	3.85542168675e-06	4.6265060241e-05	0.000150361445783	8.09638554217e-05	1.15662650602e-05	0	0	0	0	1.5421686747e-05	3.85542168675e-06	0	0	0	0
