0.0249815438356	2.88096224139e-05	0.000572591245476	0	0.000266489007328	1.80060140087e-05	0.00154131479914	0.00844121936727	0.00763094873688	0.000482561175433	0.00176458937285	0.00018726254569	0.000288096224139	3.60120280174e-05	0.0143543943677	0	9.00300700434e-05	0.00070583574914	1.08036084052e-05	9.36312728451e-05	0.000612204476295	0.00158452923276	0.000118839692457	0.00226155535949	0.00106955723212	2.16072168104e-05	0.000259286601725	0.000298899832544	0.00504888632803	0.0103858688802	0.0120748329942	0	0.000198066154095	0.000961521148063	0.00236599024074	2.88096224139e-05	4.32144336208e-05	7.20240560347e-06	0	7.56252588365e-05	0	3.24108252156e-05	0.000129643300862	4.68156364226e-05	0.00097592595927	4.68156364226e-05	7.20240560347e-06	2.52084196122e-05	3.60120280174e-06	5.76192448278e-05	2.16072168104e-05	3.96132308191e-05	7.20240560347e-06	0	7.20240560347e-06	4.68156364226e-05	1.08036084052e-05	8.64288672417e-05	4.32144336208e-05	0.0006230080847	0	7.20240560347e-06	1.80060140087e-05	0.000320507049354	7.20240560347e-05	4.68156364226e-05	3.60120280174e-06	0	1.08036084052e-05	4.32144336208e-05	0.000453751553019	0.000115238489656	0.00127122458901	0.000439346741812	2.52084196122e-05	7.20240560347e-05	3.60120280174e-06	0.000144048112069	3.60120280174e-05	0.000122440895259	4.32144336208e-05	3.24108252156e-05	7.20240560347e-06	0
2.88096224139e-05	0.0211858760826	0.00267209247889	0	3.60120280174e-06	0	7.20240560347e-06	7.56252588365e-05	1.08036084052e-05	0.00097592595927	1.08036084052e-05	0.000410537119398	3.60120280174e-06	0.000500567189441	7.92264616382e-05	7.20240560347e-06	0.000460953958622	0.00222194212867	0.000126042098061	0.00158813043557	7.20240560347e-06	0.000122440895259	0.00328069575238	0.000594198462286	0.000907503106037	0.00304301636747	0.00745448979959	0.0127986747574	0.000302501035346	0.000154851720475	0.000198066154095	2.52084196122e-05	3.60120280174e-06	2.16072168104e-05	0.00110917046293	1.80060140087e-05	0.0112213479302	0.00113798008535	0	1.44048112069e-05	3.60120280174e-06	2.16072168104e-05	4.68156364226e-05	5.76192448278e-05	0.000147649314871	2.16072168104e-05	0.000237679384915	7.20240560347e-06	9.36312728451e-05	3.24108252156e-05	7.20240560347e-06	0.000234078182113	0.00114518249095	0.000111637286854	0.00089309829483	1.44048112069e-05	0.000100833678449	0.00105515242091	0.000637412895907	0.000136845706466	0.0004141383222	0.00313664764031	0.00588436537804	0.000162054126078	1.44048112069e-05	7.56252588365e-05	3.60120280174e-06	0	0	0.000741847777158	0.000644615301511	0.000662621315519	0.000896699497632	0.000313304643751	1.80060140087e-05	7.20240560347e-06	7.20240560347e-06	0.000799467021985	0.000756252588365	0.000878693483624	0.00018726254569	2.16072168104e-05	3.60120280174e-05	2.16072168104e-05
0.000572591245476	0.00267209247889	0.0474890613465	0	1.80060140087e-05	3.60120280174e-06	3.96132308191e-05	0.000918306714443	0.000169256531682	0.000219673370906	3.24108252156e-05	0.000489763581036	1.80060140087e-05	0.000122440895259	0.000576192448278	3.60120280174e-06	0.000914705511641	0.0163098474891	7.20240560347e-05	0.00121720654699	2.88096224139e-05	0.00316905846553	0.00126042098061	0.0195149179826	0.000590597259485	0.000129643300862	0.0102886364046	0.0257522012352	0.00195185191854	0.000803068224787	0.00287015863298	2.16072168104e-05	1.80060140087e-05	0.000176458937285	0.00406935916596	1.44048112069e-05	0.00641734339269	0.00127842699462	0	1.44048112069e-05	0	2.52084196122e-05	4.68156364226e-05	5.76192448278e-05	0.000234078182113	1.80060140087e-05	6.12204476295e-05	1.08036084052e-05	1.44048112069e-05	2.52084196122e-05	1.08036084052e-05	0.00123161135819	0.000363721482975	1.80060140087e-05	0.000144048112069	7.20240560347e-06	0.000151250517673	0.00362281001855	0.00191944109333	0.000201667356897	4.32144336208e-05	0.000756252588365	0.00404775194915	0.000252084196122	1.44048112069e-05	7.20240560347e-05	0	0	0	0.000381727496984	0.00517492842609	0.00182220861768	0.00485082017394	0.00305021877307	2.52084196122e-05	4.32144336208e-05	5.76192448278e-05	0.000925509120046	0.000723841763149	0.000651817707114	0.000266489007328	3.24108252156e-05	2.16072168104e-05	1.44048112069e-05
0	0	0	0	0	0	0	0	0	0	0	0	0	0	0	0	0	0	0	0	0	0	0	0	0	0	0	0	0	0	0	0	0	0	0	0	0	0	0	0	0	0	0	0	0	0	0	0	0	0	0	0	0	0	0	0	0	0	0	0	0	0	0	0	0	0	0	0	0	0	0	0	0	0	0	0	0	0	0	0	0	0	0	0
0.000266489007328	3.60120280174e-06	1.80060140087e-05	0	0.017764733421	0	0.000507769595045	0.00117399211337	0.000309703440949	0.00118479572177	0.00134684984785	3.60120280174e-05	0.00220753731746	7.20240560347e-06	0.000648216504312	4.32144336208e-05	7.20240560347e-06	3.60120280174e-06	3.60120280174e-06	1.08036084052e-05	0.00445468786575	1.44048112069e-05	1.08036084052e-05	3.24108252156e-05	0.00695032140735	0	1.08036084052e-05	2.52084196122e-05	0.00644615301511	0.00133244503664	0.000432144336208	0	3.60120280174e-06	0.000381727496984	0.000824675441597	2.88096224139e-05	0	0	0	0.00247762752759	0	0.000144048112069	9.00300700434e-05	0.000115238489656	0.000381727496984	0.000785062210778	0	0.000727442965951	3.60120280174e-06	7.56252588365e-05	1.80060140087e-05	3.60120280174e-06	3.60120280174e-06	0	3.60120280174e-06	0.00198066154095	0	3.60120280174e-06	0	0.000356519077372	0	3.60120280174e-06	3.60120280174e-06	0.000338513063363	8.64288672417e-05	7.20240560347e-06	0	3.60120280174e-06	1.80060140087e-05	3.60120280174e-05	0.000190863748492	3.24108252156e-05	0.000529376811855	0.000158452923276	6.8422853233e-05	1.80060140087e-05	0	5.04168392243e-05	0	2.88096224139e-05	0	1.80060140087e-05	0	0
1.80060140087e-05	0	3.60120280174e-06	0	0	0.0039325134595	0.000950717539658	3.24108252156e-05	0.000993931973279	7.20240560347e-06	1.80060140087e-05	3.96132308191e-05	4.68156364226e-05	7.20240560347e-06	0.000190863748492	0.000313304643751	3.60120280174e-06	3.60120280174e-06	0	0	6.12204476295e-05	3.60120280174e-06	0	2.16072168104e-05	1.08036084052e-05	0	1.80060140087e-05	2.16072168104e-05	4.32144336208e-05	0.000605002070692	3.24108252156e-05	0	0.00210670363902	2.52084196122e-05	0.0010335452041	0	0	0	0	7.20240560347e-06	0	0	3.60120280174e-06	3.60120280174e-06	1.80060140087e-05	0	0	0	0	3.60120280174e-06	0	0	0	0	0	3.60120280174e-06	3.60120280174e-06	0	3.60120280174e-06	1.44048112069e-05	0	0	0	3.60120280174e-06	0	3.60120280174e-06	0	0	0	0	0.000144048112069	1.08036084052e-05	0.000392531105389	7.20240560347e-05	0.000424941930605	0.00106235482651	3.60120280174e-06	0	0	0	0	0	0	0
0.00154131479914	7.20240560347e-06	3.96132308191e-05	0	0.000507769595045	0.000950717539658	0.0337504726579	0.00637773016187	0.0150278192916	0.000158452923276	0.012460161694	0.000122440895259	0.00640653978429	2.88096224139e-05	0.00530817292976	6.12204476295e-05	1.08036084052e-05	4.32144336208e-05	1.08036084052e-05	2.52084196122e-05	0.00274411653492	0.00010443488125	1.44048112069e-05	0.000147649314871	0.000475358769829	7.20240560347e-06	4.68156364226e-05	5.4018042026e-05	0.00356879197652	0.00280173577975	0.000759853791166	3.60120280174e-06	0.00123161135819	0.000277292615734	0.00152330878513	1.44048112069e-05	0	0	0	2.88096224139e-05	0	1.08036084052e-05	4.32144336208e-05	2.16072168104e-05	0.00024848299332	2.52084196122e-05	0	3.24108252156e-05	7.20240560347e-06	1.80060140087e-05	7.20240560347e-06	3.60120280174e-06	0	0	0	2.52084196122e-05	0	7.20240560347e-06	1.08036084052e-05	0.000169256531682	3.60120280174e-06	0	0	9.36312728451e-05	1.80060140087e-05	3.60120280174e-06	0	0	0	1.44048112069e-05	0.000345715468967	6.12204476295e-05	0.000846282658408	0.000230476979311	3.24108252156e-05	0.000291697426941	0	2.16072168104e-05	0	1.44048112069e-05	3.60120280174e-06	1.44048112069e-05	0	0
0.00844121936727	7.56252588365e-05	0.000918306714443	0	0.00117399211337	3.24108252156e-05	0.00637773016187	0.0581162108144	0.0078758305274	0.00121000414138	0.0114626285179	0.000298899832544	0.000637412895907	9.72324756469e-05	0.0108684300556	2.52084196122e-05	0.000136845706466	0.000875092280822	3.60120280174e-05	0.000118839692457	0.000828276644399	0.0029133730666	0.000208869762501	0.0037272448998	0.00383888218665	1.44048112069e-05	0.0004141383222	0.000532978014657	0.030296919171	0.0121396546447	0.0212615013414	7.20240560347e-06	0.00027009021013	0.00535858976898	0.00730684048472	0.000147649314871	5.76192448278e-05	1.44048112069e-05	0	0.000525775609053	3.60120280174e-06	0.000244881790518	0.000713038154744	0.000327709454958	0.00433584817329	0.000288096224139	1.44048112069e-05	0.000115238489656	0	0.000223274573708	8.28276644399e-05	0.000136845706466	7.20240560347e-06	3.60120280174e-06	7.20240560347e-06	0.000244881790518	1.80060140087e-05	0.000205268559699	8.28276644399e-05	0.00322667771036	3.60120280174e-06	5.4018042026e-05	6.8422853233e-05	0.00162414246358	0.000327709454958	9.00300700434e-05	0	3.60120280174e-06	7.92264616382e-05	0.000198066154095	0.00171057133082	0.000241280587716	0.00449069989376	0.00153411239354	0.000147649314871	0.000183661342889	1.08036084052e-05	0.000378126294182	8.28276644399e-05	0.00035291787457	9.00300700434e-05	0.000118839692457	3.60120280174e-05	0
0.00763094873688	1.08036084052e-05	0.000169256531682	0	0.000309703440949	0.000993931973279	0.0150278192916	0.0078758305274	0.0346903865891	0.000252084196122	0.00650377225993	0.000169256531682	0.00171417253363	3.60120280174e-05	0.0158272863136	2.16072168104e-05	4.32144336208e-05	0.000172857734483	2.52084196122e-05	3.96132308191e-05	0.00168536291121	0.000568990042674	4.32144336208e-05	0.000734645371554	0.000641014098709	1.08036084052e-05	9.36312728451e-05	8.28276644399e-05	0.00383528098385	0.00469236725066	0.00326629094117	0	0.00170697012802	0.000439346741812	0.00224715054828	2.16072168104e-05	1.08036084052e-05	3.60120280174e-06	0	6.12204476295e-05	0	2.16072168104e-05	9.72324756469e-05	3.96132308191e-05	0.000529376811855	3.24108252156e-05	3.60120280174e-06	1.80060140087e-05	3.60120280174e-06	4.68156364226e-05	2.16072168104e-05	3.60120280174e-06	3.60120280174e-06	0	0	4.32144336208e-05	7.20240560347e-06	2.88096224139e-05	1.44048112069e-05	0.000363721482975	3.60120280174e-06	7.20240560347e-06	0	0.000183661342889	4.32144336208e-05	2.16072168104e-05	0	0	7.20240560347e-06	1.44048112069e-05	0.00060140086789	7.92264616382e-05	0.00132164142824	0.000306102238148	2.52084196122e-05	0.000504168392243	7.20240560347e-06	6.8422853233e-05	1.08036084052e-05	4.32144336208e-05	7.20240560347e-06	1.80060140087e-05	3.60120280174e-06	3.60120280174e-06
0.000482561175433	0.00097592595927	0.000219673370906	0	0.00118479572177	7.20240560347e-06	0.000158452923276	0.00121000414138	0.000252084196122	0.0180168176171	6.12204476295e-05	4.32144336208e-05	0.00205268559699	4.32144336208e-05	0.000626609287502	0.000158452923276	0.000403334713794	0.000158452923276	7.20240560347e-06	3.96132308191e-05	0.00131083781983	0.000442947944614	0.00375965572501	0.000489763581036	0.00689990456813	0.000201667356897	0.000277292615734	0.000979527162072	0.00378486414462	0.00136845706466	0.00217512649225	0	2.52084196122e-05	0.000803068224787	0.00196625672975	0.000154851720475	0.000144048112069	1.80060140087e-05	0	0.000532978014657	0	0.00016565532888	0.000504168392243	0.000273691412932	0.00487602859355	0.00024848299332	2.16072168104e-05	0.000162054126078	1.08036084052e-05	0.000212470965302	5.04168392243e-05	0.000460953958622	1.80060140087e-05	3.60120280174e-06	1.44048112069e-05	0.000266489007328	5.04168392243e-05	0.00104795001531	9.00300700434e-05	0.00312584403191	1.08036084052e-05	4.68156364226e-05	0.000108036084052	0.00153771359634	0.000230476979311	0.000158452923276	0	0	5.04168392243e-05	0.000115238489656	0.000752651385563	0.000100833678449	0.000882294686425	0.000424941930605	0.000752651385563	5.4018042026e-05	1.08036084052e-05	0.000334911860561	0.000115238489656	0.000252084196122	8.64288672417e-05	3.96132308191e-05	3.96132308191e-05	0
0.00176458937285	1.08036084052e-05	3.24108252156e-05	0	0.00134684984785	1.80060140087e-05	0.012460161694	0.0114626285179	0.00650377225993	6.12204476295e-05	0.0334083583917	0.00016565532888	0.00340313664764	4.68156364226e-05	0.0064281470011	3.60120280174e-06	1.80060140087e-05	3.24108252156e-05	7.20240560347e-06	4.32144336208e-05	0.00389650143148	6.8422853233e-05	2.88096224139e-05	9.36312728451e-05	0.000525775609053	7.20240560347e-06	7.92264616382e-05	8.28276644399e-05	0.00874372040261	0.0039433170679	0.000709436951942	3.60120280174e-06	0.000180060140087	0.000558186434269	0.0022867637791	7.20240560347e-06	0	0	0	2.16072168104e-05	0	0	3.60120280174e-05	7.20240560347e-06	0.000151250517673	1.08036084052e-05	0	1.80060140087e-05	3.60120280174e-06	7.20240560347e-06	0	7.20240560347e-06	0	0	0	7.20240560347e-06	0	1.44048112069e-05	0	9.72324756469e-05	3.60120280174e-06	0	0	6.12204476295e-05	1.44048112069e-05	3.60120280174e-06	0	0	3.60120280174e-06	0	0.000464555161424	7.56252588365e-05	0.00141887390388	0.000349316671768	2.16072168104e-05	5.4018042026e-05	0	2.16072168104e-05	3.60120280174e-06	0	0	3.60120280174e-06	0	0
0.00018726254569	0.000410537119398	0.000489763581036	0	3.60120280174e-05	3.96132308191e-05	0.000122440895259	0.000298899832544	0.000169256531682	4.32144336208e-05	0.00016565532888	0.0249131209824	9.72324756469e-05	0.0066406179664	0.00109476565173	3.60120280174e-06	5.04168392243e-05	0.000781461007977	0.00226515656229	0.00514251760088	0.000169256531682	0.000151250517673	7.56252588365e-05	0.000522174406252	8.28276644399e-05	0.00113798008535	0.00766335956209	0.00343554747286	0.000345715468967	0.00220033491186	0.000392531105389	0.000522174406252	0.000198066154095	0.000176458937285	0.00875092280822	0	0.000302501035346	1.44048112069e-05	0	3.60120280174e-06	0	7.20240560347e-06	7.20240560347e-06	3.60120280174e-06	5.4018042026e-05	7.20240560347e-06	0.00035291787457	7.20240560347e-06	0.000507769595045	3.60120280174e-06	3.60120280174e-06	2.88096224139e-05	3.96132308191e-05	3.60120280174e-05	8.64288672417e-05	0	7.20240560347e-06	4.32144336208e-05	3.96132308191e-05	3.24108252156e-05	0.000432144336208	0.000529376811855	0.000349316671768	1.80060140087e-05	3.60120280174e-06	0	7.20240560347e-06	0	0	6.8422853233e-05	0.00110196805733	0.00280893818535	0.00424941930605	0.000723841763149	1.44048112069e-05	7.20240560347e-06	0.000342114266165	6.12204476295e-05	0.000385328699786	9.00300700434e-05	2.16072168104e-05	0	0	6.12204476295e-05
0.000288096224139	3.60120280174e-06	1.80060140087e-05	0	0.00220753731746	4.68156364226e-05	0.00640653978429	0.000637412895907	0.00171417253363	0.00205268559699	0.00340313664764	9.72324756469e-05	0.0244377622126	1.08036084052e-05	0.00226155535949	0.000468156364226	3.60120280174e-06	2.16072168104e-05	3.60120280174e-06	1.08036084052e-05	0.0120352197634	7.20240560347e-06	3.60120280174e-06	2.88096224139e-05	0.000619406881899	3.60120280174e-06	4.32144336208e-05	3.96132308191e-05	0.00126042098061	0.00174298215604	0.000115238489656	0	0.000162054126078	9.00300700434e-05	0.0010371464069	0	0	0	0	0	0	0	0	0	2.88096224139e-05	1.44048112069e-05	0	0.000759853791166	3.60120280174e-06	0	0	7.20240560347e-06	0	0	0	3.60120280174e-06	0	3.60120280174e-06	3.60120280174e-06	1.80060140087e-05	0	0	3.60120280174e-06	1.08036084052e-05	0	0	0	0	0	3.60120280174e-06	0.000151250517673	2.52084196122e-05	0.000568990042674	0.000129643300862	0.000478959972631	5.76192448278e-05	0	7.20240560347e-06	0	7.20240560347e-06	0	0	0	0
3.60120280174e-05	0.000500567189441	0.000122440895259	0	7.20240560347e-06	7.20240560347e-06	2.88096224139e-05	9.72324756469e-05	3.60120280174e-05	4.32144336208e-05	4.68156364226e-05	0.0066406179664	1.08036084052e-05	0.0212687037471	0.000284495021337	0	2.16072168104e-05	9.00300700434e-05	0.000597799665088	0.000363721482975	2.16072168104e-05	4.32144336208e-05	9.36312728451e-05	0.000118839692457	6.8422853233e-05	0.00459153357221	0.0039433170679	0.0070547562886	9.00300700434e-05	0.000561787637071	9.00300700434e-05	0.00150170156832	5.76192448278e-05	5.04168392243e-05	0.00153051119074	3.60120280174e-06	0.000129643300862	7.20240560347e-06	0	0	0	7.20240560347e-06	3.60120280174e-06	1.08036084052e-05	1.80060140087e-05	3.60120280174e-06	0.000882294686425	7.20240560347e-06	0.0024920323388	1.08036084052e-05	1.08036084052e-05	7.20240560347e-06	3.60120280174e-05	7.20240560347e-05	5.76192448278e-05	0	7.20240560347e-06	2.16072168104e-05	2.52084196122e-05	1.44048112069e-05	0.0014620883375	0.000752651385563	0.000388929902587	1.08036084052e-05	1.44048112069e-05	3.60120280174e-06	6.8422853233e-05	3.60120280174e-06	0	0.000100833678449	0.000262887804527	0.00258206240884	0.00147289194591	0.000241280587716	0	0	0.000507769595045	3.96132308191e-05	0.00101553919009	0.000115238489656	1.80060140087e-05	0	0	0.000381727496984
0.0143543943677	7.92264616382e-05	0.000576192448278	0	0.000648216504312	0.000190863748492	0.00530817292976	0.0108684300556	0.0158272863136	0.000626609287502	0.0064281470011	0.00109476565173	0.00226155535949	0.000284495021337	0.0484145704665	2.16072168104e-05	0.00010443488125	0.000662621315519	9.72324756469e-05	0.00016565532888	0.00307542719268	0.00148369555432	0.000122440895259	0.00203467958298	0.00163854727479	9.36312728451e-05	0.000586996056683	0.000532978014657	0.00707636350541	0.0252336280318	0.0114734321263	2.16072168104e-05	0.00159893404397	0.00245602031078	0.0087149107802	4.32144336208e-05	5.4018042026e-05	3.60120280174e-06	0	0.000133244503664	0	5.4018042026e-05	0.000176458937285	6.8422853233e-05	0.00122801015539	8.28276644399e-05	1.08036084052e-05	5.04168392243e-05	1.80060140087e-05	5.04168392243e-05	1.08036084052e-05	5.4018042026e-05	7.20240560347e-06	0	1.08036084052e-05	9.00300700434e-05	3.24108252156e-05	0.000108036084052	3.60120280174e-05	0.000835479050003	1.08036084052e-05	2.52084196122e-05	4.32144336208e-05	0.00045735275582	6.8422853233e-05	5.76192448278e-05	0	0	1.44048112069e-05	3.60120280174e-05	0.00185461944289	0.00033131065776	0.004559122747	0.000918306714443	7.92264616382e-05	0.000298899832544	1.80060140087e-05	0.000169256531682	2.52084196122e-05	0.000100833678449	2.52084196122e-05	4.32144336208e-05	3.60120280174e-06	3.60120280174e-06
0	7.20240560347e-06	3.60120280174e-06	0	4.32144336208e-05	0.000313304643751	6.12204476295e-05	2.52084196122e-05	2.16072168104e-05	0.000158452923276	3.60120280174e-06	3.60120280174e-06	0.000468156364226	0	2.16072168104e-05	0.00349316671768	1.08036084052e-05	7.20240560347e-06	0	7.20240560347e-06	2.88096224139e-05	1.80060140087e-05	1.80060140087e-05	3.24108252156e-05	0.000122440895259	0	1.80060140087e-05	2.16072168104e-05	0.000108036084052	5.04168392243e-05	3.60120280174e-05	0	2.88096224139e-05	2.52084196122e-05	9.00300700434e-05	0	3.60120280174e-06	0	0	0	0	0	3.60120280174e-06	0	1.80060140087e-05	0	0	0	0	3.60120280174e-06	0	7.20240560347e-06	0	0	0	0	7.20240560347e-06	1.08036084052e-05	0	1.08036084052e-05	0	3.60120280174e-06	7.20240560347e-06	1.44048112069e-05	3.60120280174e-06	0	0	0	0	0	7.56252588365e-05	2.16072168104e-05	0.000122440895259	0.000115238489656	0.00251724075841	3.60120280174e-06	0	1.80060140087e-05	1.44048112069e-05	1.44048112069e-05	1.08036084052e-05	3.60120280174e-06	0	0
9.00300700434e-05	0.000460953958622	0.000914705511641	0	7.20240560347e-06	3.60120280174e-06	1.08036084052e-05	0.000136845706466	4.32144336208e-05	0.000403334713794	1.80060140087e-05	5.04168392243e-05	3.60120280174e-06	2.16072168104e-05	0.00010443488125	1.08036084052e-05	0.0154815708447	0.00045735275582	1.44048112069e-05	9.00300700434e-05	7.20240560347e-06	0.00326629094117	0.00401894232674	0.00596719304248	0.00321587410195	6.8422853233e-05	0.000324108252156	0.00381727496984	0.0024848299332	0.000273691412932	0.00084988386121	0	1.80060140087e-05	0.000115238489656	0.00155571961035	2.52084196122e-05	0.000183661342889	3.96132308191e-05	0	3.60120280174e-06	0	1.44048112069e-05	9.00300700434e-05	4.32144336208e-05	0.000576192448278	1.44048112069e-05	3.60120280174e-06	7.20240560347e-06	3.60120280174e-06	2.52084196122e-05	3.60120280174e-06	0.000795865819184	2.88096224139e-05	3.60120280174e-06	1.08036084052e-05	0	0.000111637286854	0.00190143507932	0.000442947944614	0.00045735275582	3.60120280174e-06	2.16072168104e-05	0.000169256531682	0.000590597259485	2.16072168104e-05	0.000201667356897	0	0	3.60120280174e-06	3.60120280174e-05	0.00160253524677	0.000399733510993	0.00155571961035	0.0010371464069	3.24108252156e-05	7.56252588365e-05	1.44048112069e-05	0.000284495021337	0.000223274573708	0.000129643300862	6.12204476295e-05	1.44048112069e-05	1.80060140087e-05	0
0.00070583574914	0.00222194212867	0.0163098474891	0	3.60120280174e-06	3.60120280174e-06	4.32144336208e-05	0.000875092280822	0.000172857734483	0.000158452923276	3.24108252156e-05	0.000781461007977	2.16072168104e-05	9.00300700434e-05	0.000662621315519	7.20240560347e-06	0.00045735275582	0.0372184309559	0.000108036084052	0.00656499270756	1.80060140087e-05	0.00400093631273	0.000568990042674	0.0166771701748	0.000298899832544	0.000122440895259	0.0105371193979	0.0121504582531	0.0014584871347	0.000993931973279	0.00509210076165	1.44048112069e-05	7.20240560347e-06	0.000176458937285	0.00632371211985	2.52084196122e-05	0.00334191620001	0.000648216504312	0	3.60120280174e-06	0	1.08036084052e-05	2.88096224139e-05	2.52084196122e-05	0.000136845706466	1.08036084052e-05	4.32144336208e-05	7.20240560347e-06	1.44048112069e-05	1.44048112069e-05	0	0.000291697426941	0.000453751553019	1.08036084052e-05	0.000212470965302	3.60120280174e-06	3.60120280174e-05	0.000824675441597	0.000565388839873	0.000108036084052	5.4018042026e-05	0.000997533176081	0.0018762266597	0.00010443488125	1.80060140087e-05	2.88096224139e-05	0	3.60120280174e-06	0	0.00027009021013	0.00251003835281	0.00137205826746	0.00402974593514	0.00202747717738	1.08036084052e-05	3.60120280174e-05	2.88096224139e-05	0.000410537119398	0.000432144336208	0.000302501035346	0.000111637286854	1.44048112069e-05	1.08036084052e-05	7.20240560347e-06
1.08036084052e-05	0.000126042098061	7.20240560347e-05	0	3.60120280174e-06	0	1.08036084052e-05	3.60120280174e-05	2.52084196122e-05	7.20240560347e-06	7.20240560347e-06	0.00226515656229	3.60120280174e-06	0.000597799665088	9.72324756469e-05	0	1.44048112069e-05	0.000108036084052	0.00687109494571	0.00184741703729	7.20240560347e-06	1.08036084052e-05	2.88096224139e-05	5.04168392243e-05	2.52084196122e-05	0.00070583574914	0.00463474800583	0.00104795001531	4.32144336208e-05	0.000219673370906	4.68156364226e-05	5.04168392243e-05	1.80060140087e-05	1.80060140087e-05	0.000673424923925	3.60120280174e-06	0.000151250517673	7.20240560347e-06	0	0	0	3.60120280174e-06	7.20240560347e-06	7.20240560347e-06	7.20240560347e-06	7.20240560347e-06	0.000219673370906	0	0.000158452923276	1.08036084052e-05	0	7.20240560347e-06	1.44048112069e-05	4.68156364226e-05	0.000108036084052	3.60120280174e-06	0	1.08036084052e-05	7.20240560347e-06	7.20240560347e-06	0.000316905846553	0.000478959972631	0.000324108252156	7.20240560347e-06	0	0	7.20240560347e-06	0	0	4.68156364226e-05	0.000169256531682	0.0004141383222	0.000471757567027	0.000108036084052	3.60120280174e-06	0	0	1.80060140087e-05	0.000198066154095	7.20240560347e-05	3.60120280174e-06	0	0	2.52084196122e-05
9.36312728451e-05	0.00158813043557	0.00121720654699	0	1.08036084052e-05	0	2.52084196122e-05	0.000118839692457	3.96132308191e-05	3.96132308191e-05	4.32144336208e-05	0.00514251760088	1.08036084052e-05	0.000363721482975	0.00016565532888	7.20240560347e-06	9.00300700434e-05	0.00656499270756	0.00184741703729	0.0207825413688	1.80060140087e-05	0.000273691412932	0.00016565532888	0.000979527162072	8.64288672417e-05	0.000507769595045	0.0123089111763	0.00443308064894	0.000216072168104	0.00035291787457	0.000579793651079	3.24108252156e-05	1.08036084052e-05	8.64288672417e-05	0.00402974593514	1.08036084052e-05	0.00158813043557	0.00016565532888	0	0	0	1.08036084052e-05	2.52084196122e-05	1.44048112069e-05	3.60120280174e-05	1.80060140087e-05	0.000324108252156	7.20240560347e-06	0.000158452923276	1.80060140087e-05	0	3.60120280174e-05	0.000280893818535	8.64288672417e-05	0.000468156364226	1.08036084052e-05	2.16072168104e-05	0.000100833678449	0.000111637286854	2.52084196122e-05	0.000309703440949	0.00128562940022	0.00127842699462	4.68156364226e-05	1.08036084052e-05	7.20240560347e-06	7.20240560347e-06	0	0	0.000219673370906	0.00109476565173	0.0014512847291	0.00177539298126	0.000522174406252	7.20240560347e-06	7.20240560347e-06	3.60120280174e-06	0.000151250517673	0.000403334713794	0.000194464951294	5.04168392243e-05	3.60120280174e-06	0	1.80060140087e-05
0.000612204476295	7.20240560347e-06	2.88096224139e-05	0	0.00445468786575	6.12204476295e-05	0.00274411653492	0.000828276644399	0.00168536291121	0.00131083781983	0.00389650143148	0.000169256531682	0.0120352197634	2.16072168104e-05	0.00307542719268	2.88096224139e-05	7.20240560347e-06	1.80060140087e-05	7.20240560347e-06	1.80060140087e-05	0.0207501305436	2.88096224139e-05	1.08036084052e-05	3.96132308191e-05	0.00104795001531	7.20240560347e-06	6.8422853233e-05	5.76192448278e-05	0.00284855141617	0.00281974179376	0.000226875776509	0	0.000172857734483	0.000234078182113	0.00176458937285	0	7.20240560347e-06	0	0	1.44048112069e-05	0	0	7.20240560347e-06	0	7.20240560347e-05	7.20240560347e-06	0	0.000277292615734	0	0	0	1.08036084052e-05	0	0	3.60120280174e-06	7.20240560347e-06	0	1.08036084052e-05	0	5.76192448278e-05	0	0	1.08036084052e-05	3.96132308191e-05	0	0	0	0	0	3.60120280174e-06	0.000306102238148	3.96132308191e-05	0.00102634279849	0.000205268559699	2.88096224139e-05	7.92264616382e-05	0	7.20240560347e-06	0	1.08036084052e-05	0	0	0	0
0.00158452923276	0.000122440895259	0.00316905846553	0	1.44048112069e-05	3.60120280174e-06	0.00010443488125	0.0029133730666	0.000568990042674	0.000442947944614	6.8422853233e-05	0.000151250517673	7.20240560347e-06	4.32144336208e-05	0.00148369555432	1.80060140087e-05	0.00326629094117	0.00400093631273	1.08036084052e-05	0.000273691412932	2.88096224139e-05	0.0499594864685	0.000950717539658	0.0326665106145	0.00150890397393	2.52084196122e-05	0.00106235482651	0.00213191205863	0.00889136971749	0.00179339899526	0.0188847074923	7.20240560347e-06	3.96132308191e-05	0.000972324756469	0.0105731314259	5.4018042026e-05	0.000172857734483	3.24108252156e-05	0	1.44048112069e-05	0	2.88096224139e-05	0.000140446909268	4.68156364226e-05	0.0010371464069	2.16072168104e-05	0	7.20240560347e-06	3.60120280174e-06	3.24108252156e-05	0	0.00078866341358	2.52084196122e-05	3.60120280174e-06	1.80060140087e-05	0	0.000158452923276	0.00168536291121	0.000345715468967	0.00060140086789	1.44048112069e-05	6.8422853233e-05	0.000226875776509	0.000756252588365	7.92264616382e-05	0.000183661342889	0	0	1.80060140087e-05	5.04168392243e-05	0.00193744710733	0.000450150350217	0.0058159425248	0.00265048526208	5.76192448278e-05	0.00016565532888	3.96132308191e-05	0.000460953958622	0.000295298629742	0.000169256531682	0.000108036084052	3.60120280174e-05	3.60120280174e-05	0
0.000118839692457	0.00328069575238	0.00126042098061	0	1.08036084052e-05	0	1.44048112069e-05	0.000208869762501	4.32144336208e-05	0.00375965572501	2.88096224139e-05	7.56252588365e-05	3.60120280174e-06	9.36312728451e-05	0.000122440895259	1.80060140087e-05	0.00401894232674	0.000568990042674	2.88096224139e-05	0.00016565532888	1.08036084052e-05	0.000950717539658	0.017073302483	0.00231917460432	0.00391450744549	0.00060140086789	0.000846282658408	0.00532978014657	0.00162054126078	0.000277292615734	0.000677026126726	3.60120280174e-06	1.44048112069e-05	0.000115238489656	0.00118479572177	6.8422853233e-05	0.0010443488125	8.64288672417e-05	0	7.56252588365e-05	0	2.52084196122e-05	0.000162054126078	5.4018042026e-05	0.00167455930281	2.88096224139e-05	2.52084196122e-05	3.60120280174e-05	2.52084196122e-05	3.96132308191e-05	1.08036084052e-05	0.00224715054828	7.92264616382e-05	3.60120280174e-06	2.88096224139e-05	1.44048112069e-05	0.000158452923276	0.00541620901381	0.00107675963772	0.00118119451897	7.56252588365e-05	0.000118839692457	0.000936312728451	0.00107315843492	7.20240560347e-05	0.000252084196122	0	3.60120280174e-06	3.60120280174e-06	9.36312728451e-05	0.00105515242091	0.000345715468967	0.00107315843492	0.000687829735132	5.76192448278e-05	3.24108252156e-05	2.16072168104e-05	0.000554585231467	0.000392531105389	0.000266489007328	0.000122440895259	3.60120280174e-05	1.44048112069e-05	7.20240560347e-06
0.00226155535949	0.000594198462286	0.0195149179826	0	3.24108252156e-05	2.16072168104e-05	0.000147649314871	0.0037272448998	0.000734645371554	0.000489763581036	9.36312728451e-05	0.000522174406252	2.88096224139e-05	0.000118839692457	0.00203467958298	3.24108252156e-05	0.00596719304248	0.0166771701748	5.04168392243e-05	0.000979527162072	3.96132308191e-05	0.0326665106145	0.00231917460432	0.0804544717936	0.00142247510669	0.000115238489656	0.00413418081639	0.0149521940328	0.00942434773214	0.00277652736014	0.015312314313	2.16072168104e-05	8.28276644399e-05	0.000677026126726	0.014584871347	6.8422853233e-05	0.0012496173722	0.000288096224139	0	3.60120280174e-05	0	4.68156364226e-05	0.000208869762501	8.64288672417e-05	0.00105155121811	4.32144336208e-05	2.88096224139e-05	3.24108252156e-05	1.80060140087e-05	4.32144336208e-05	1.44048112069e-05	0.00235518663234	0.000100833678449	1.44048112069e-05	6.48216504312e-05	7.20240560347e-06	0.000313304643751	0.00536219097178	0.00202387597458	0.00084988386121	3.96132308191e-05	0.000252084196122	0.00126042098061	0.0010443488125	6.8422853233e-05	0.00033131065776	3.60120280174e-06	0	1.44048112069e-05	0.000151250517673	0.00666222518321	0.00156292201595	0.0133244503664	0.00790824135261	0.000154851720475	0.000399733510993	0.000111637286854	0.0010407476097	0.000680627329528	0.000475358769829	0.000255685398923	7.56252588365e-05	4.68156364226e-05	0
0.00106955723212	0.000907503106037	0.000590597259485	0	0.00695032140735	1.08036084052e-05	0.000475358769829	0.00383888218665	0.000641014098709	0.00689990456813	0.000525775609053	8.28276644399e-05	0.000619406881899	6.8422853233e-05	0.00163854727479	0.000122440895259	0.00321587410195	0.000298899832544	2.52084196122e-05	8.64288672417e-05	0.00104795001531	0.00150890397393	0.00391450744549	0.00142247510669	0.0392098961053	0.000216072168104	0.000385328699786	0.00178259538686	0.017509048022	0.00359400039613	0.00486882618795	3.60120280174e-06	3.96132308191e-05	0.00181860741488	0.00471757567027	0.000169256531682	0.000133244503664	1.80060140087e-05	0	0.000464555161424	0	0.000162054126078	0.000637412895907	0.000252084196122	0.00464555161424	0.000244881790518	2.16072168104e-05	0.000118839692457	7.20240560347e-06	0.000226875776509	3.60120280174e-05	0.000424941930605	1.44048112069e-05	3.60120280174e-06	2.52084196122e-05	0.000252084196122	6.48216504312e-05	0.000911104308839	0.00016565532888	0.00301780794785	3.60120280174e-06	4.32144336208e-05	0.000147649314871	0.00167455930281	0.000288096224139	0.00018726254569	0	0	7.20240560347e-05	0.000205268559699	0.00194825071574	0.000306102238148	0.00251003835281	0.0012424149666	0.000421340727803	0.000118839692457	7.20240560347e-06	0.000450150350217	0.000172857734483	0.000349316671768	0.000140446909268	8.28276644399e-05	7.92264616382e-05	0
2.16072168104e-05	0.00304301636747	0.000129643300862	0	0	0	7.20240560347e-06	1.44048112069e-05	1.08036084052e-05	0.000201667356897	7.20240560347e-06	0.00113798008535	3.60120280174e-06	0.00459153357221	9.36312728451e-05	0	6.8422853233e-05	0.000122440895259	0.00070583574914	0.000507769595045	7.20240560347e-06	2.52084196122e-05	0.00060140086789	0.000115238489656	0.000216072168104	0.0155247852783	0.00488683220196	0.00738966814916	6.48216504312e-05	0.000190863748492	3.60120280174e-05	0.000129643300862	1.08036084052e-05	1.08036084052e-05	0.000695032140735	3.60120280174e-06	0.00102274159569	2.52084196122e-05	0	0	0	7.20240560347e-06	7.20240560347e-06	1.80060140087e-05	1.08036084052e-05	3.60120280174e-06	0.00143687991789	3.60120280174e-06	0.001253218575	3.24108252156e-05	1.44048112069e-05	1.08036084052e-05	1.80060140087e-05	0.000266489007328	0.000273691412932	3.60120280174e-06	1.80060140087e-05	3.24108252156e-05	2.52084196122e-05	1.44048112069e-05	0.00288456344419	0.00223634693988	0.00158092802996	1.80060140087e-05	2.52084196122e-05	7.20240560347e-06	8.64288672417e-05	0	0	0.000273691412932	0.000226875776509	0.000792264616382	0.000605002070692	0.00016565532888	3.60120280174e-06	3.60120280174e-06	0.000392531105389	9.00300700434e-05	0.00100113437888	0.000338513063363	5.04168392243e-05	7.20240560347e-06	0	0.000313304643751
0.000259286601725	0.00745448979959	0.0102886364046	0	1.08036084052e-05	1.80060140087e-05	4.68156364226e-05	0.0004141383222	9.36312728451e-05	0.000277292615734	7.92264616382e-05	0.00766335956209	4.32144336208e-05	0.0039433170679	0.000586996056683	1.80060140087e-05	0.000324108252156	0.0105371193979	0.00463474800583	0.0123089111763	6.8422853233e-05	0.00106235482651	0.000846282658408	0.00413418081639	0.000385328699786	0.00488683220196	0.0692547310802	0.0277832796154	0.000853485064011	0.00115238489656	0.00137926067306	0.000630210490304	5.4018042026e-05	0.000147649314871	0.0080810990871	3.96132308191e-05	0.00734285251274	0.000514972000648	0	0	0	5.04168392243e-05	6.8422853233e-05	0.000108036084052	0.000133244503664	3.60120280174e-05	0.00149810036552	2.16072168104e-05	0.00078866341358	0.000100833678449	1.80060140087e-05	0.000147649314871	0.000979527162072	0.000500567189441	0.00212110845022	2.88096224139e-05	9.72324756469e-05	0.000432144336208	0.000428543133407	0.000115238489656	0.00184021463169	0.0060068062733	0.00606082431532	0.000122440895259	7.56252588365e-05	6.48216504312e-05	6.48216504312e-05	1.08036084052e-05	3.60120280174e-06	0.00111637286854	0.00379926895583	0.0051893332373	0.00556385832868	0.00172857734483	2.16072168104e-05	1.08036084052e-05	7.20240560347e-05	0.000774258602373	0.00162774366638	0.00113437888255	0.000255685398923	3.96132308191e-05	2.88096224139e-05	0.000108036084052
0.000298899832544	0.0127986747574	0.0257522012352	0	2.52084196122e-05	2.16072168104e-05	5.4018042026e-05	0.000532978014657	8.28276644399e-05	0.000979527162072	8.28276644399e-05	0.00343554747286	3.96132308191e-05	0.0070547562886	0.000532978014657	2.16072168104e-05	0.00381727496984	0.0121504582531	0.00104795001531	0.00443308064894	5.76192448278e-05	0.00213191205863	0.00532978014657	0.0149521940328	0.00178259538686	0.00738966814916	0.0277832796154	0.0938365414048	0.00177539298126	0.00109836685453	0.00168176170841	0.000785062210778	7.20240560347e-05	0.000230476979311	0.00771017519852	3.24108252156e-05	0.00967283072546	0.00127482579181	0	2.88096224139e-05	0	3.24108252156e-05	7.56252588365e-05	0.000108036084052	0.000255685398923	3.96132308191e-05	0.00113077767975	1.08036084052e-05	0.00117039091056	9.36312728451e-05	1.44048112069e-05	0.00203828078578	0.000990330770477	0.000316905846553	0.00110556926013	2.88096224139e-05	0.000216072168104	0.00506689234204	0.00273331292652	0.000262887804527	0.00173217854763	0.00433584817329	0.00692151178494	0.000345715468967	7.20240560347e-05	0.000140446909268	5.76192448278e-05	0	7.20240560347e-06	0.000979527162072	0.00764535354809	0.00470677206187	0.00803428345067	0.00425662171165	5.04168392243e-05	0.000100833678449	9.36312728451e-05	0.00132164142824	0.00199866755496	0.00126762338621	0.000363721482975	5.76192448278e-05	4.68156364226e-05	0.000190863748492
0.00504888632803	0.000302501035346	0.00195185191854	0	0.00644615301511	4.32144336208e-05	0.00356879197652	0.030296919171	0.00383528098385	0.00378486414462	0.00874372040261	0.000345715468967	0.00126042098061	9.00300700434e-05	0.00707636350541	0.000108036084052	0.0024848299332	0.0014584871347	4.32144336208e-05	0.000216072168104	0.00284855141617	0.00889136971749	0.00162054126078	0.00942434773214	0.017509048022	6.48216504312e-05	0.000853485064011	0.00177539298126	0.0756504672561	0.0115958730216	0.0197922105983	1.08036084052e-05	0.00024848299332	0.00501647550282	0.0129103120442	0.000374525091381	0.000136845706466	1.80060140087e-05	0	0.00121360534418	3.60120280174e-06	0.000406935916596	0.00127122458901	0.000572591245476	0.0087041071718	0.000561787637071	5.04168392243e-05	0.000266489007328	7.20240560347e-06	0.000464555161424	0.000133244503664	0.000713038154744	3.24108252156e-05	1.80060140087e-05	2.16072168104e-05	0.000673424923925	0.000115238489656	0.00134684984785	0.00027009021013	0.00579433530799	1.08036084052e-05	7.92264616382e-05	0.000223274573708	0.0033275113888	0.000568990042674	0.000363721482975	0	3.60120280174e-06	0.000154851720475	0.000381727496984	0.00406935916596	0.000630210490304	0.00728523326791	0.00322307650755	0.000388929902587	0.000338513063363	3.60120280174e-05	0.000950717539658	0.000316905846553	0.000734645371554	0.00024848299332	0.000201667356897	0.00010443488125	0
0.0103858688802	0.000154851720475	0.000803068224787	0	0.00133244503664	0.000605002070692	0.00280173577975	0.0121396546447	0.00469236725066	0.00136845706466	0.0039433170679	0.00220033491186	0.00174298215604	0.000561787637071	0.0252336280318	5.04168392243e-05	0.000273691412932	0.000993931973279	0.000219673370906	0.00035291787457	0.00281974179376	0.00179339899526	0.000277292615734	0.00277652736014	0.00359400039613	0.000190863748492	0.00115238489656	0.00109836685453	0.0115958730216	0.0622719988476	0.024812287304	2.88096224139e-05	0.00395412067631	0.0114626285179	0.0240884455408	0.000151250517673	0.000100833678449	1.44048112069e-05	0	0.000295298629742	0	0.000115238489656	0.000475358769829	0.000216072168104	0.00315465365432	0.000172857734483	4.32144336208e-05	7.20240560347e-05	3.96132308191e-05	0.000172857734483	3.60120280174e-05	0.000144048112069	1.80060140087e-05	3.60120280174e-06	1.08036084052e-05	0.000147649314871	3.60120280174e-05	0.000234078182113	8.64288672417e-05	0.0020778940166	1.80060140087e-05	5.76192448278e-05	0.000111637286854	0.00110556926013	0.000212470965302	0.000115238489656	3.60120280174e-06	3.60120280174e-06	5.76192448278e-05	0.000151250517673	0.00567909681834	0.000803068224787	0.0129427228694	0.00333111259161	0.000216072168104	0.000947116336857	3.96132308191e-05	0.00043574553901	0.000111637286854	0.000313304643751	9.72324756469e-05	0.000100833678449	2.88096224139e-05	0
0.0120748329942	0.000198066154095	0.00287015863298	0	0.000432144336208	3.24108252156e-05	0.000759853791166	0.0212615013414	0.00326629094117	0.00217512649225	0.000709436951942	0.000392531105389	0.000115238489656	9.00300700434e-05	0.0114734321263	3.60120280174e-05	0.00084988386121	0.00509210076165	4.68156364226e-05	0.000579793651079	0.000226875776509	0.0188847074923	0.000677026126726	0.015312314313	0.00486882618795	3.60120280174e-05	0.00137926067306	0.00168176170841	0.0197922105983	0.024812287304	0.071692745377	3.60120280174e-06	0.000180060140087	0.0112285503358	0.0198282226264	0.000291697426941	0.000230476979311	3.96132308191e-05	0	0.000252084196122	0	0.000212470965302	0.000813871833192	0.000338513063363	0.00505248753084	0.000198066154095	2.52084196122e-05	7.56252588365e-05	7.20240560347e-06	0.000255685398923	5.4018042026e-05	0.000378126294182	3.24108252156e-05	3.60120280174e-06	2.52084196122e-05	0.000133244503664	5.76192448278e-05	0.000655418909916	0.000201667356897	0.00307542719268	3.60120280174e-06	7.92264616382e-05	0.000223274573708	0.00181500621207	0.000442947944614	0.000216072168104	3.60120280174e-06	0	0.000133244503664	0.000223274573708	0.00325188612997	0.000565388839873	0.00854565424852	0.00340313664764	0.000180060140087	0.00024848299332	3.24108252156e-05	0.00070583574914	0.000223274573708	0.000511370797846	0.000162054126078	0.000144048112069	5.76192448278e-05	0
0	2.52084196122e-05	2.16072168104e-05	0	0	0	3.60120280174e-06	7.20240560347e-06	0	0	3.60120280174e-06	0.000522174406252	0	0.00150170156832	2.16072168104e-05	0	0	1.44048112069e-05	5.04168392243e-05	3.24108252156e-05	0	7.20240560347e-06	3.60120280174e-06	2.16072168104e-05	3.60120280174e-06	0.000129643300862	0.000630210490304	0.000785062210778	1.08036084052e-05	2.88096224139e-05	3.60120280174e-06	0.00167455930281	0	0	0.000111637286854	0	2.16072168104e-05	0	0	0	0	0	0	0	0	0	5.04168392243e-05	0	6.8422853233e-05	0	0	3.60120280174e-06	0	1.08036084052e-05	2.16072168104e-05	0	0	3.60120280174e-06	0	3.60120280174e-06	9.00300700434e-05	6.12204476295e-05	3.96132308191e-05	0	3.60120280174e-06	0	0	3.60120280174e-06	0	7.20240560347e-06	4.68156364226e-05	0.000208869762501	0.000126042098061	2.52084196122e-05	0	0	0	7.20240560347e-06	5.76192448278e-05	1.08036084052e-05	7.20240560347e-06	0	0	1.44048112069e-05
