0.0236951329665	9.42042236741e-05	0.000232739846724	0	7.75799489081e-05	5.541424922e-05	0.000365734044852	0.0124515817997	0.0103901717288	0.000759175214315	0.00123573775761	0.000149618472894	7.75799489081e-05	1.6624274766e-05	0.0112601754415	0.000132994198128	9.42042236741e-05	0.000282612671022	1.1082849844e-05	0.000199491297192	0.000188408447348	0.000426689718994	0.000459938268526	0.000692678115251	0.000914335112131	1.1082849844e-05	0.000188408447348	0.000199491297192	0.00248809978998	0.00958666511507	0.00526989510083	5.541424922e-06	3.8789974454e-05	0.00312536365601	0.00259892828842	3.8789974454e-05	7.20385239861e-05	1.1082849844e-05	0	3.8789974454e-05	0	4.9872824298e-05	9.42042236741e-05	6.0955674142e-05	0.000404524019306	2.2165699688e-05	5.541424922e-06	2.770712461e-05	0	7.20385239861e-05	0	7.20385239861e-05	3.3248549532e-05	5.541424922e-06	0	1.6624274766e-05	0.00011082849844	0.000410065444228	8.86627987521e-05	0.00038789974454	2.770712461e-05	2.2165699688e-05	3.8789974454e-05	0.0002770712461	0.00013853562305	0.000132994198128	0	0	7.20385239861e-05	0.000260446971334	0.000997456485961	0.000343568345164	0.00167351032645	0.000709302390017	0.000105287073518	4.4331399376e-05	0	0.00013853562305	4.4331399376e-05	0.000144077047972	7.20385239861e-05	2.2165699688e-05	1.6624274766e-05	0
9.42042236741e-05	0.0241661540849	0.00362963332391	0	0	0	0	0.000354651195008	9.42042236741e-05	0.000509811092824	1.6624274766e-05	7.75799489081e-05	0	0.000293695520866	6.0955674142e-05	1.6624274766e-05	0.000853379437989	0.00187300162364	1.1082849844e-05	0.000969749361351	5.541424922e-06	0.000570766766966	0.0053142265002	0.00243268554076	0.00100299791088	0.000676053840485	0.00425027291518	0.0118752736079	0.000598473891576	0.000116369923362	0.000653888140797	0	5.541424922e-06	3.8789974454e-05	0.000858920862911	3.8789974454e-05	0.0122243833779	0.00177879739996	0	0	0	2.2165699688e-05	5.541424922e-05	4.4331399376e-05	6.64970990641e-05	5.541424922e-06	0.000121911348284	0	7.20385239861e-05	3.8789974454e-05	0	0.000121911348284	0.00113599210901	8.31213738301e-05	0.000393441169462	0	0.000155159897816	0.000676053840485	0.000881086562599	0.000116369923362	0.00222765281865	0.00507594522856	0.00915997539607	0.000182867022426	5.541424922e-05	3.8789974454e-05	5.541424922e-06	0	1.1082849844e-05	0.000504269667902	0.00104732931026	0.000825672313379	0.000604015316498	0.000216115571958	1.6624274766e-05	5.541424922e-06	1.6624274766e-05	0.000515352517746	0.000459938268526	0.000365734044852	0.000149618472894	1.1082849844e-05	5.541424922e-06	1.1082849844e-05
0.000232739846724	0.00362963332391	0.0338137748741	0	0	0	4.4331399376e-05	0.00338026920242	0.00036019261993	0.000144077047972	6.0955674142e-05	0.000121911348284	0	1.1082849844e-05	0.00030477837071	3.3248549532e-05	0.000243822696568	0.00812372893566	3.8789974454e-05	0.00116924065854	5.541424922e-06	0.00263217683795	0.000969749361351	0.0132107570141	0.000315861220554	2.2165699688e-05	0.00898264979857	0.0103957131537	0.00253243118936	0.000182867022426	0.00434447713885	0	0	6.0955674142e-05	0.00111382640932	6.0955674142e-05	0.00663862705656	0.00158484752769	0	0	0	1.1082849844e-05	2.770712461e-05	2.2165699688e-05	8.31213738301e-05	5.541424922e-06	3.3248549532e-05	0	1.6624274766e-05	6.64970990641e-05	0	0.000105287073518	0.000936500811819	3.3248549532e-05	0.000232739846724	0	0.000132994198128	0.000731468089705	0.000809048038613	8.86627987521e-05	0.000227198421802	0.00212790717005	0.0045328855862	0.000121911348284	0.000105287073518	8.86627987521e-05	5.541424922e-06	0	2.770712461e-05	0.000482103968214	0.00326944070398	0.00182867022426	0.00167905175137	0.000687136690329	3.3248549532e-05	1.6624274766e-05	1.1082849844e-05	0.000398982594384	0.000288154095944	0.000293695520866	0.000182867022426	5.541424922e-06	1.1082849844e-05	0
0	0	0	0	0	0	0	0	0	0	0	0	0	0	0	0	0	0	0	0	0	0	0	0	0	0	0	0	0	0	0	0	0	0	0	0	0	0	0	0	0	0	0	0	0	0	0	0	0	0	0	0	0	0	0	0	0	0	0	0	0	0	0	0	0	0	0	0	0	0	0	0	0	0	0	0	0	0	0	0	0	0	0	0
7.75799489081e-05	0	0	0	0.016341662095	0	0.000393441169462	0.00248255836506	0.000398982594384	0.000548601067278	0.00237727129154	1.1082849844e-05	0.00142414620496	0	0.000171784172582	7.75799489081e-05	5.541424922e-06	0	0	0	0.00467142120925	0	1.1082849844e-05	1.1082849844e-05	0.00754187931885	0	0	0	0.00727034949767	0.000121911348284	5.541424922e-06	0	0	7.20385239861e-05	0.000182867022426	4.9872824298e-05	0	5.541424922e-06	0	0.000842296588145	1.1082849844e-05	0.000232739846724	3.3248549532e-05	8.86627987521e-05	0.000737009514627	0.00113045068409	5.541424922e-06	0.000432231143916	0	6.64970990641e-05	3.8789974454e-05	5.541424922e-06	0	0	0	0.00181758737442	5.541424922e-06	0	0	0.00116369923362	0	5.541424922e-06	0	0.00044331399376	9.97456485961e-05	1.6624274766e-05	0	0	1.1082849844e-05	6.64970990641e-05	4.9872824298e-05	5.541424922e-06	0.000127452773206	4.4331399376e-05	9.97456485961e-05	5.541424922e-06	0	1.6624274766e-05	1.1082849844e-05	3.8789974454e-05	5.541424922e-06	7.20385239861e-05	0	0
5.541424922e-05	0	0	0	0	0.00641697005968	0.00219994569404	0.000282612671022	0.00187854304856	4.4331399376e-05	0.000216115571958	6.0955674142e-05	7.20385239861e-05	1.1082849844e-05	0.000653888140797	0.00164026177691	0	0	0	2.2165699688e-05	8.86627987521e-05	0	0	5.541424922e-06	2.2165699688e-05	0	3.3248549532e-05	1.6624274766e-05	0.000105287073518	0.000969749361351	5.541424922e-06	0	0.00209465862052	5.541424922e-06	0.000698219540173	0	0	0	0	0	0	0	0	0	1.1082849844e-05	5.541424922e-06	0	0	0	0	0	0	0	0	0	0	0	5.541424922e-06	5.541424922e-06	1.6624274766e-05	0	0	0	1.1082849844e-05	5.541424922e-06	0	0	0	0	0	0.000171784172582	4.9872824298e-05	0.000382358319618	3.3248549532e-05	0.00116369923362	0.000870003712755	5.541424922e-06	0	0	0	0	0	0	0
0.000365734044852	0	4.4331399376e-05	0	0.000393441169462	0.00219994569404	0.0311428080617	0.00826226455871	0.0152278356857	0.0002770712461	0.0135321596595	0.000144077047972	0.00323065072953	1.1082849844e-05	0.00280950243546	0.00270975678686	1.6624274766e-05	2.2165699688e-05	5.541424922e-06	4.4331399376e-05	0.0020392443713	4.9872824298e-05	4.9872824298e-05	0.000105287073518	0.000504269667902	5.541424922e-06	7.20385239861e-05	3.3248549532e-05	0.00224981851833	0.00186746019872	0.000243822696568	0	0.000792423763847	0.000160701322738	0.00100299791088	2.770712461e-05	5.541424922e-06	5.541424922e-06	0	4.4331399376e-05	0	5.541424922e-05	1.1082849844e-05	3.8789974454e-05	0.000188408447348	4.9872824298e-05	2.2165699688e-05	2.2165699688e-05	5.541424922e-06	2.770712461e-05	5.541424922e-06	0	1.6624274766e-05	1.1082849844e-05	0	3.8789974454e-05	5.541424922e-06	4.9872824298e-05	2.2165699688e-05	0.000293695520866	0	2.2165699688e-05	1.1082849844e-05	0.00013853562305	5.541424922e-05	2.2165699688e-05	0	0	1.6624274766e-05	8.31213738301e-05	0.00047102111837	0.000155159897816	0.000870003712755	0.00019394987227	0.000781340914003	0.000376816894696	0	1.6624274766e-05	1.6624274766e-05	3.8789974454e-05	2.2165699688e-05	1.1082849844e-05	0	5.541424922e-06
0.0124515817997	0.000354651195008	0.00338026920242	0	0.00248255836506	0.000282612671022	0.00826226455871	0.0842850730637	0.0234291445702	0.00288154095944	0.0252633562194	0.000709302390017	0.00137981480558	0.000127452773206	0.014778980267	0.00131331770652	0.00041560686915	0.00152389185355	3.8789974454e-05	0.000786882338925	0.00214453144482	0.00374600324728	0.00118586493331	0.00821793315933	0.00512027662793	3.3248549532e-05	0.00156268182801	0.00131331770652	0.0314531278573	0.00707085820048	0.0186302705878	1.1082849844e-05	0.000232739846724	0.00299236945788	0.0082345574341	0.000426689718994	0.000365734044852	0.000182867022426	0	0.000687136690329	0	0.0005541424922	0.000382358319618	0.00049872824298	0.00247701694014	0.000565225342044	0.000105287073518	0.000216115571958	5.541424922e-06	0.000531976792512	2.770712461e-05	0.000310319795632	0.000160701322738	3.3248549532e-05	3.8789974454e-05	0.000559683917122	0.00033248549532	0.0013354834062	0.000543059642356	0.00380695892142	7.20385239861e-05	0.000205032722114	0.000393441169462	0.00170675887598	0.000958666511507	0.00049872824298	0	2.770712461e-05	0.000265988396256	0.0011581578087	0.00510919377809	0.00160701322738	0.00779678486526	0.00340797632703	0.000986373636117	0.000354651195008	3.3248549532e-05	0.000487645393136	0.00016624274766	0.000642805290953	0.000260446971334	0.000121911348284	7.20385239861e-05	1.6624274766e-05
0.0103901717288	9.42042236741e-05	0.00036019261993	0	0.000398982594384	0.00187854304856	0.0152278356857	0.0234291445702	0.0573814550674	0.000748092364471	0.01527770851	0.00122465490776	0.00182312879934	4.9872824298e-05	0.0271308164181	0.00229414991771	7.75799489081e-05	0.000254905546412	7.20385239861e-05	0.000615098166342	0.00234402274201	0.000393441169462	0.000326944070398	0.000919876537053	0.00114153353393	3.3248549532e-05	0.000681595265407	0.000371275469774	0.00556359062169	0.0104677516777	0.00324173357937	5.541424922e-06	0.00119694778315	0.000930959386897	0.00679378695438	0.000105287073518	9.42042236741e-05	1.1082849844e-05	0	0.000155159897816	5.541424922e-06	0.000177325597504	9.42042236741e-05	0.000144077047972	0.000720385239861	0.000121911348284	7.75799489081e-05	4.9872824298e-05	2.770712461e-05	0.000132994198128	1.1082849844e-05	7.75799489081e-05	3.8789974454e-05	3.3248549532e-05	1.6624274766e-05	8.31213738301e-05	8.31213738301e-05	0.000299236945788	0.00011082849844	0.000936500811819	4.9872824298e-05	0.000116369923362	8.86627987521e-05	0.00041560686915	0.000293695520866	0.000149618472894	1.1082849844e-05	0	0.000116369923362	0.000365734044852	0.00222765281865	0.000725926664783	0.00499836527965	0.000969749361351	0.00113599210901	0.000537518217434	1.1082849844e-05	0.000149618472894	7.75799489081e-05	0.000199491297192	7.75799489081e-05	3.3248549532e-05	2.2165699688e-05	5.541424922e-06
0.000759175214315	0.000509811092824	0.000144077047972	0	0.000548601067278	4.4331399376e-05	0.0002770712461	0.00288154095944	0.000748092364471	0.0248477493503	0.000587391041732	3.3248549532e-05	0.000914335112131	1.1082849844e-05	0.000504269667902	0.00114707495885	0.000836755163223	8.31213738301e-05	0	6.64970990641e-05	0.000232739846724	0.00109720213456	0.00567441912013	0.00103624646041	0.010517624502	3.8789974454e-05	0.000177325597504	0.000349109770086	0.00805169041167	0.000814589463535	0.00145739475449	0	5.541424922e-06	0.000437772568838	0.000670512415563	0.000487645393136	0.00019394987227	0.000177325597504	0	0.000703760965095	5.541424922e-06	0.00041560686915	0.000543059642356	0.000459938268526	0.00843959015621	0.000349109770086	0.00011082849844	0.000288154095944	2.2165699688e-05	0.000604015316498	7.20385239861e-05	0.000986373636117	0.00022165699688	1.6624274766e-05	6.0955674142e-05	0.000653888140797	0.00144077047972	0.00583512044287	0.000753633789393	0.00570212624474	5.541424922e-05	0.000177325597504	0.000315861220554	0.00350218055071	0.00156822325293	0.0017621731252	0	3.3248549532e-05	0.000809048038613	0.00224427709341	0.00119140635823	0.000531976792512	0.000615098166342	0.000282612671022	0.00126344488222	1.6624274766e-05	0	0.000947583661663	0.000265988396256	0.00124127918253	0.00049872824298	0.000282612671022	0.00016624274766	1.1082849844e-05
0.00123573775761	1.6624274766e-05	6.0955674142e-05	0	0.00237727129154	0.000216115571958	0.0135321596595	0.0252633562194	0.01527770851	0.000587391041732	0.046464847971	0.000393441169462	0.00340797632703	1.6624274766e-05	0.00428352146471	0.000687136690329	3.3248549532e-05	7.20385239861e-05	2.770712461e-05	0.000199491297192	0.0049872824298	9.97456485961e-05	8.31213738301e-05	0.000182867022426	0.00162917892707	5.541424922e-06	0.000216115571958	6.64970990641e-05	0.011509539563	0.00273746391147	0.00030477837071	0	0.000205032722114	0.000515352517746	0.00334147922797	3.8789974454e-05	1.6624274766e-05	5.541424922e-06	0	0.000282612671022	0	0.000144077047972	3.3248549532e-05	6.64970990641e-05	0.000631722441109	0.000271529821178	1.1082849844e-05	0.000121911348284	0	7.20385239861e-05	1.6624274766e-05	1.6624274766e-05	1.1082849844e-05	1.1082849844e-05	5.541424922e-06	0.000398982594384	3.3248549532e-05	9.42042236741e-05	4.4331399376e-05	0.00111936783424	5.541424922e-06	3.3248549532e-05	1.6624274766e-05	0.00036019261993	0.000149618472894	4.9872824298e-05	0	0	4.9872824298e-05	0.000160701322738	0.00102516361057	0.000227198421802	0.00252688976443	0.000520893942668	0.00041560686915	0.00016624274766	0	5.541424922e-05	2.2165699688e-05	7.20385239861e-05	3.3248549532e-05	3.3248549532e-05	1.1082849844e-05	5.541424922e-06
0.000149618472894	7.75799489081e-05	0.000121911348284	0	1.1082849844e-05	6.0955674142e-05	0.000144077047972	0.000709302390017	0.00122465490776	3.3248549532e-05	0.000393441169462	0.0232739846724	6.0955674142e-05	0.00527543652575	0.00106395358502	5.541424922e-05	2.2165699688e-05	0.000936500811819	0.00171784172582	0.00596257321608	0.00011082849844	0.000199491297192	6.0955674142e-05	0.000426689718994	4.9872824298e-05	0.00234402274201	0.00666079275625	0.00207249292083	0.000293695520866	0.00175663170028	0.000343568345164	0.000482103968214	0.00011082849844	4.4331399376e-05	0.00832876165777	5.541424922e-06	0.00011082849844	1.1082849844e-05	0	5.541424922e-06	0	2.2165699688e-05	0	3.3248549532e-05	2.2165699688e-05	0	0.00218886284419	0	0.0011082849844	1.1082849844e-05	0	5.541424922e-06	1.1082849844e-05	0.00041560686915	7.75799489081e-05	5.541424922e-06	1.1082849844e-05	4.9872824298e-05	2.2165699688e-05	3.8789974454e-05	0.0013354834062	0.00113045068409	0.000509811092824	1.6624274766e-05	2.2165699688e-05	2.2165699688e-05	0.00030477837071	0	0	0.000144077047972	0.00170675887598	0.00468804548402	0.00733684659673	0.00154051612832	8.86627987521e-05	2.770712461e-05	0.000930959386897	4.9872824298e-05	0.00121911348284	0.000188408447348	2.770712461e-05	0	2.770712461e-05	0.000271529821178
7.75799489081e-05	0	0	0	0.00142414620496	7.20385239861e-05	0.00323065072953	0.00137981480558	0.00182312879934	0.000914335112131	0.00340797632703	6.0955674142e-05	0.0259837414593	0	0.00060955674142	0.000997456485961	5.541424922e-06	0	5.541424922e-06	3.8789974454e-05	0.010872275697	1.1082849844e-05	1.6624274766e-05	1.6624274766e-05	0.000947583661663	5.541424922e-06	3.3248549532e-05	1.1082849844e-05	0.00135764910589	0.00049872824298	1.6624274766e-05	0	3.3248549532e-05	1.6624274766e-05	0.000371275469774	4.9872824298e-05	0	0	0	7.75799489081e-05	0	0.000681595265407	5.541424922e-06	0.0002770712461	0.000127452773206	0.00109720213456	0	0.0037016718479	0	0.000160701322738	9.42042236741e-05	0	5.541424922e-06	0	0	0.000731468089705	0	0	0	0.000132994198128	0	0	0	4.9872824298e-05	0.00016624274766	0	0	3.3248549532e-05	5.541424922e-06	0.000116369923362	0.000121911348284	4.4331399376e-05	0.00024936412149	5.541424922e-06	0.000781340914003	2.2165699688e-05	5.541424922e-06	1.6624274766e-05	1.1082849844e-05	6.0955674142e-05	0	4.4331399376e-05	1.6624274766e-05	0
1.6624274766e-05	0.000293695520866	1.1082849844e-05	0	0	1.1082849844e-05	1.1082849844e-05	0.000127452773206	4.9872824298e-05	1.1082849844e-05	1.6624274766e-05	0.00527543652575	0	0.0168126832134	4.4331399376e-05	5.541424922e-06	1.6624274766e-05	0.000160701322738	0.000132994198128	0.000559683917122	5.541424922e-06	3.8789974454e-05	6.0955674142e-05	0.00011082849844	1.6624274766e-05	0.00615652308835	0.00418377581611	0.00402307449338	4.9872824298e-05	8.31213738301e-05	7.75799489081e-05	0.000770258064159	1.1082849844e-05	5.541424922e-06	0.000786882338925	5.541424922e-06	0.00013853562305	0	0	0	0	2.770712461e-05	0	1.1082849844e-05	0	1.1082849844e-05	0.00359638477438	1.1082849844e-05	0.0022664427931	1.6624274766e-05	5.541424922e-06	5.541424922e-06	1.1082849844e-05	0.000587391041732	9.42042236741e-05	0	0	2.770712461e-05	5.541424922e-06	1.6624274766e-05	0.00253797261428	0.00205586864606	0.000748092364471	1.6624274766e-05	3.3248549532e-05	0	0.000493186818058	0	0	9.97456485961e-05	0.000437772568838	0.002770712461	0.00117478208346	0.000493186818058	1.1082849844e-05	1.1082849844e-05	0.000886627987521	7.75799489081e-05	0.00169013460121	0.000232739846724	4.4331399376e-05	0	2.2165699688e-05	0.000482103968214
0.0112601754415	6.0955674142e-05	0.00030477837071	0	0.000171784172582	0.000653888140797	0.00280950243546	0.014778980267	0.0271308164181	0.000504269667902	0.00428352146471	0.00106395358502	0.00060955674142	4.4331399376e-05	0.0383466604603	0.000947583661663	5.541424922e-05	0.000216115571958	4.9872824298e-05	0.000437772568838	0.000903252262287	0.00033248549532	0.00024936412149	0.000775799489081	0.000714843814939	2.770712461e-05	0.00049872824298	0.000265988396256	0.00295912090835	0.0132994198128	0.00295912090835	0	0.000958666511507	0.00194504014762	0.00545276212325	7.20385239861e-05	6.0955674142e-05	1.6624274766e-05	0	7.75799489081e-05	5.541424922e-06	7.75799489081e-05	8.31213738301e-05	8.31213738301e-05	0.000465479693448	6.0955674142e-05	4.4331399376e-05	3.3248549532e-05	2.770712461e-05	0.000116369923362	0	4.9872824298e-05	3.3248549532e-05	1.6624274766e-05	5.541424922e-06	3.3248549532e-05	4.9872824298e-05	0.00022165699688	7.20385239861e-05	0.000570766766966	4.9872824298e-05	7.75799489081e-05	8.86627987521e-05	0.00030477837071	0.000216115571958	0.00011082849844	1.1082849844e-05	0	7.75799489081e-05	0.000271529821178	0.00162917892707	0.000515352517746	0.00349663912578	0.00060955674142	0.000565225342044	0.000210574147036	1.1082849844e-05	6.64970990641e-05	3.3248549532e-05	0.000132994198128	4.9872824298e-05	2.2165699688e-05	1.1082849844e-05	0
0.000132994198128	1.6624274766e-05	3.3248549532e-05	0	7.75799489081e-05	0.00164026177691	0.00270975678686	0.00131331770652	0.00229414991771	0.00114707495885	0.000687136690329	5.541424922e-05	0.000997456485961	5.541424922e-06	0.000947583661663	0.011437501039	0.000227198421802	1.6624274766e-05	5.541424922e-06	4.4331399376e-05	0.000265988396256	0.000437772568838	0.000205032722114	0.000753633789393	0.000570766766966	5.541424922e-06	5.541424922e-05	0.000105287073518	0.000919876537053	0.000775799489081	0.000598473891576	0	0.0002770712461	4.4331399376e-05	0.000537518217434	1.6624274766e-05	3.3248549532e-05	2.2165699688e-05	0	3.3248549532e-05	5.541424922e-06	2.2165699688e-05	2.770712461e-05	2.770712461e-05	0.000149618472894	3.8789974454e-05	2.2165699688e-05	1.1082849844e-05	5.541424922e-06	1.1082849844e-05	5.541424922e-06	5.541424922e-06	2.770712461e-05	0	0	3.8789974454e-05	5.541424922e-05	0.000121911348284	0.000121911348284	0.000177325597504	0	5.541424922e-06	4.9872824298e-05	8.86627987521e-05	3.3248549532e-05	2.2165699688e-05	0	0	0	8.86627987521e-05	0.00141860478003	0.000265988396256	0.000565225342044	0.000432231143916	0.00277625388592	0.000149618472894	5.541424922e-06	6.0955674142e-05	1.6624274766e-05	9.97456485961e-05	0.000132994198128	2.770712461e-05	0	0
9.42042236741e-05	0.000853379437989	0.000243822696568	0	5.541424922e-06	0	1.6624274766e-05	0.00041560686915	7.75799489081e-05	0.000836755163223	3.3248549532e-05	2.2165699688e-05	5.541424922e-06	1.6624274766e-05	5.541424922e-05	0.000227198421802	0.019821676946	0.000127452773206	5.541424922e-06	8.31213738301e-05	5.541424922e-06	0.00421148294072	0.00799073473753	0.00722047667337	0.00503161382918	3.8789974454e-05	0.000232739846724	0.00441651566284	0.00341905917688	0.000149618472894	0.000897710837365	0	0	7.75799489081e-05	0.000543059642356	3.8789974454e-05	0.00016624274766	0.000160701322738	0	0	0	0	4.4331399376e-05	4.4331399376e-05	3.3248549532e-05	1.1082849844e-05	5.541424922e-06	0	0	4.9872824298e-05	0	0.00038789974454	8.86627987521e-05	0	1.1082849844e-05	0	0.000537518217434	0.00291478950897	0.00118586493331	0.000144077047972	2.2165699688e-05	9.42042236741e-05	0.000338026920242	0.000343568345164	8.31213738301e-05	0.000398982594384	0	5.541424922e-06	6.0955674142e-05	0.00036019261993	0.00243822696568	0.00102516361057	0.000648346715875	0.000637263866031	3.8789974454e-05	1.1082849844e-05	5.541424922e-06	0.000238281271646	9.42042236741e-05	0.00024936412149	0.000182867022426	2.770712461e-05	3.3248549532e-05	0
0.000282612671022	0.00187300162364	0.00812372893566	0	0	0	2.2165699688e-05	0.00152389185355	0.000254905546412	8.31213738301e-05	7.20385239861e-05	0.000936500811819	0	0.000160701322738	0.000216115571958	1.6624274766e-05	0.000127452773206	0.0299347774287	0.000205032722114	0.00893277697427	3.3248549532e-05	0.00308657368156	0.000459938268526	0.00937609096803	0.000199491297192	0.000121911348284	0.00843404873129	0.00653888140797	0.000903252262287	0.00044331399376	0.00410619586721	2.770712461e-05	1.1082849844e-05	9.97456485961e-05	0.00577970619365	5.541424922e-06	0.00255459688904	0.00033248549532	0	0	0	0	5.541424922e-06	1.1082849844e-05	3.8789974454e-05	0	0.000144077047972	5.541424922e-06	8.86627987521e-05	3.3248549532e-05	0	3.3248549532e-05	0.000365734044852	0.000144077047972	0.000288154095944	0	4.4331399376e-05	0.000216115571958	0.000182867022426	6.0955674142e-05	0.000936500811819	0.00210020004544	0.00212790717005	4.9872824298e-05	4.9872824298e-05	1.1082849844e-05	1.1082849844e-05	0	1.6624274766e-05	0.00016624274766	0.00263771826287	0.00223873566849	0.00320848502984	0.00118586493331	3.3248549532e-05	3.8789974454e-05	1.6624274766e-05	0.000149618472894	0.000227198421802	0.000116369923362	6.64970990641e-05	1.6624274766e-05	0	5.541424922e-06
1.1082849844e-05	1.1082849844e-05	3.8789974454e-05	0	0	0	5.541424922e-06	3.8789974454e-05	7.20385239861e-05	0	2.770712461e-05	0.00171784172582	5.541424922e-06	0.000132994198128	4.9872824298e-05	5.541424922e-06	5.541424922e-06	0.000205032722114	0.00298128660804	0.00203370294638	5.541424922e-06	2.770712461e-05	5.541424922e-06	7.20385239861e-05	1.1082849844e-05	0.000127452773206	0.00114707495885	0.000271529821178	3.3248549532e-05	8.86627987521e-05	5.541424922e-05	2.770712461e-05	1.1082849844e-05	0	0.00060955674142	0	1.6624274766e-05	0	0	0	0	0	0	0	0	0	7.20385239861e-05	0	7.75799489081e-05	0	0	0	0	5.541424922e-05	2.2165699688e-05	0	0	0	0	0	0.000144077047972	0.000160701322738	0.00011082849844	0	0	0	3.3248549532e-05	0	0	5.541424922e-06	0.000227198421802	0.000354651195008	0.000520893942668	0.000132994198128	0	5.541424922e-06	5.541424922e-06	0	7.20385239861e-05	0	0	0	0	0
0.000199491297192	0.000969749361351	0.00116924065854	0	0	2.2165699688e-05	4.4331399376e-05	0.000786882338925	0.000615098166342	6.64970990641e-05	0.000199491297192	0.00596257321608	3.8789974454e-05	0.000559683917122	0.000437772568838	4.4331399376e-05	8.31213738301e-05	0.00893277697427	0.00203370294638	0.0275131747378	8.86627987521e-05	0.000892169412443	0.000227198421802	0.00169567602613	0.000127452773206	0.000698219540173	0.0130777628159	0.00522556370145	0.000426689718994	0.000737009514627	0.00134656625605	4.4331399376e-05	3.8789974454e-05	5.541424922e-05	0.00959774796491	5.541424922e-06	0.000936500811819	7.20385239861e-05	0	0	0	2.770712461e-05	0	1.6624274766e-05	2.770712461e-05	1.1082849844e-05	0.000648346715875	1.1082849844e-05	0.000343568345164	1.6624274766e-05	0	1.1082849844e-05	0.000121911348284	0.000476562543292	0.00038789974454	5.541424922e-06	2.770712461e-05	0.000144077047972	6.64970990641e-05	4.4331399376e-05	0.00248809978998	0.00297574518312	0.0022664427931	3.8789974454e-05	4.9872824298e-05	2.2165699688e-05	8.31213738301e-05	0	1.6624274766e-05	0.000160701322738	0.00357421907469	0.00326944070398	0.00574645764412	0.00176771455012	6.64970990641e-05	4.9872824298e-05	4.4331399376e-05	0.000121911348284	0.000376816894696	0.000149618472894	6.0955674142e-05	1.1082849844e-05	5.541424922e-06	2.770712461e-05
0.000188408447348	5.541424922e-06	5.541424922e-06	0	0.00467142120925	8.86627987521e-05	0.0020392443713	0.00214453144482	0.00234402274201	0.000232739846724	0.0049872824298	0.00011082849844	0.010872275697	5.541424922e-06	0.000903252262287	0.000265988396256	5.541424922e-06	3.3248549532e-05	5.541424922e-06	8.86627987521e-05	0.0199712954189	1.6624274766e-05	1.1082849844e-05	2.770712461e-05	0.00182312879934	0	6.64970990641e-05	2.770712461e-05	0.00386237317064	0.000825672313379	2.770712461e-05	5.541424922e-06	8.31213738301e-05	2.770712461e-05	0.000881086562599	5.541424922e-06	5.541424922e-06	0	0	4.4331399376e-05	0	2.770712461e-05	0	1.1082849844e-05	9.97456485961e-05	3.3248549532e-05	0	2.770712461e-05	0	1.1082849844e-05	5.541424922e-06	0	0	0	0	6.0955674142e-05	5.541424922e-06	5.541424922e-06	0	0.000171784172582	5.541424922e-06	5.541424922e-06	1.1082849844e-05	5.541424922e-05	1.6624274766e-05	5.541424922e-06	0	0	0	5.541424922e-06	0.00019394987227	6.0955674142e-05	0.000626181016187	6.0955674142e-05	0.000160701322738	4.4331399376e-05	5.541424922e-06	1.6624274766e-05	5.541424922e-06	0	5.541424922e-06	5.541424922e-06	0	0
0.000426689718994	0.000570766766966	0.00263217683795	0	0	0	4.9872824298e-05	0.00374600324728	0.000393441169462	0.00109720213456	9.97456485961e-05	0.000199491297192	1.1082849844e-05	3.8789974454e-05	0.00033248549532	0.000437772568838	0.00421148294072	0.00308657368156	2.770712461e-05	0.000892169412443	1.6624274766e-05	0.0406131032534	0.00345784915133	0.0238502928643	0.00131331770652	1.6624274766e-05	0.00154051612832	0.00217223856943	0.00676607982977	0.000543059642356	0.0156600668296	0	5.541424922e-06	0.000199491297192	0.00479887398246	4.9872824298e-05	0.00058184961681	0.000265988396256	0	5.541424922e-06	0	2.2165699688e-05	4.4331399376e-05	4.4331399376e-05	0.000121911348284	5.541424922e-06	5.541424922e-05	1.1082849844e-05	0	9.42042236741e-05	0	0.000398982594384	0.00022165699688	1.1082849844e-05	6.0955674142e-05	5.541424922e-06	0.000842296588145	0.00329160640367	0.00120248920807	0.000293695520866	3.8789974454e-05	0.000254905546412	0.000604015316498	0.000615098166342	0.000260446971334	0.000565225342044	0	5.541424922e-06	0.000177325597504	0.000604015316498	0.00389008029525	0.00186191877379	0.00365734044852	0.00247701694014	9.97456485961e-05	7.20385239861e-05	5.541424922e-06	0.000404524019306	0.000160701322738	0.000398982594384	0.0002770712461	7.75799489081e-05	2.770712461e-05	5.541424922e-06
0.000459938268526	0.0053142265002	0.000969749361351	0	1.1082849844e-05	0	4.9872824298e-05	0.00118586493331	0.000326944070398	0.00567441912013	8.31213738301e-05	6.0955674142e-05	1.6624274766e-05	6.0955674142e-05	0.00024936412149	0.000205032722114	0.00799073473753	0.000459938268526	5.541424922e-06	0.000227198421802	1.1082849844e-05	0.00345784915133	0.0323619215445	0.00804060756183	0.00710410675001	0.000188408447348	0.0005541424922	0.00767487351698	0.00418931724104	0.000670512415563	0.00207803434575	0	2.2165699688e-05	0.000354651195008	0.00104178788534	0.000105287073518	0.00186746019872	0.0010085393358	0	0	5.541424922e-06	4.9872824298e-05	0.000121911348284	0.000105287073518	0.000969749361351	3.3248549532e-05	5.541424922e-05	1.1082849844e-05	1.6624274766e-05	9.97456485961e-05	1.1082849844e-05	0.00178988024981	0.000631722441109	5.541424922e-06	7.75799489081e-05	5.541424922e-06	0.00181758737442	0.0116757823107	0.0049097024809	0.000820130888457	6.64970990641e-05	0.00036019261993	0.00263771826287	0.0014851018791	0.000371275469774	0.00126898630714	0	0	0.000238281271646	0.00113045068409	0.0020891171956	0.00128561058191	0.000908793687209	0.000515352517746	8.86627987521e-05	1.6624274766e-05	5.541424922e-06	0.000836755163223	0.000349109770086	0.000858920862911	0.0005541424922	0.000132994198128	8.86627987521e-05	2.2165699688e-05
0.000692678115251	0.00243268554076	0.0132107570141	0	1.1082849844e-05	5.541424922e-06	0.000105287073518	0.00821793315933	0.000919876537053	0.00103624646041	0.000182867022426	0.000426689718994	1.6624274766e-05	0.00011082849844	0.000775799489081	0.000753633789393	0.00722047667337	0.00937609096803	7.20385239861e-05	0.00169567602613	2.770712461e-05	0.0238502928643	0.00804060756183	0.0755462459617	0.00136319053081	4.9872824298e-05	0.00427243861487	0.0130777628159	0.0086390814534	0.000676053840485	0.0129226029181	0	1.1082849844e-05	0.00022165699688	0.00621193733757	8.86627987521e-05	0.00303115943234	0.00165134462676	0	5.541424922e-06	0	4.9872824298e-05	9.97456485961e-05	0.000116369923362	0.000238281271646	1.6624274766e-05	0.00013853562305	5.541424922e-06	1.1082849844e-05	0.000121911348284	1.1082849844e-05	0.00130223485667	0.00114707495885	2.770712461e-05	0.000144077047972	5.541424922e-06	0.00114153353393	0.0104123374284	0.00621747876249	0.00049872824298	0.000171784172582	0.000975290786273	0.0038789974454	0.000737009514627	0.000243822696568	0.000548601067278	0	1.1082849844e-05	0.00011082849844	0.00109166070963	0.0104622102527	0.00517014945223	0.00600136319053	0.00484320538183	0.000271529821178	0.00016624274766	1.6624274766e-05	0.00107503643487	0.000376816894696	0.000886627987521	0.000775799489081	0.000149618472894	6.0955674142e-05	2.770712461e-05
0.000914335112131	0.00100299791088	0.000315861220554	0	0.00754187931885	2.2165699688e-05	0.000504269667902	0.00512027662793	0.00114153353393	0.010517624502	0.00162917892707	4.9872824298e-05	0.000947583661663	1.6624274766e-05	0.000714843814939	0.000570766766966	0.00503161382918	0.000199491297192	1.1082849844e-05	0.000127452773206	0.00182312879934	0.00131331770652	0.00710410675001	0.00136319053081	0.0432175729667	5.541424922e-05	0.00033248549532	0.00136873195574	0.0196997655977	0.000980832211195	0.00209465862052	0	1.6624274766e-05	0.000698219540173	0.00122465490776	0.000393441169462	0.000171784172582	9.97456485961e-05	0	0.000781340914003	5.541424922e-06	0.000482103968214	0.000476562543292	0.000454396843604	0.00476562543292	0.000504269667902	8.31213738301e-05	0.00024936412149	1.1082849844e-05	0.0005541424922	7.20385239861e-05	0.000354651195008	0.000105287073518	5.541424922e-06	3.3248549532e-05	0.000781340914003	0.000465479693448	0.00180650452457	0.00038789974454	0.00442205708776	5.541424922e-05	0.00011082849844	0.000238281271646	0.00205586864606	0.00108611928471	0.000770258064159	0	4.4331399376e-05	0.000459938268526	0.00150726757879	0.00241606126599	0.000947583661663	0.00104732931026	0.000592932466654	0.000637263866031	1.6624274766e-05	0	0.000487645393136	0.000160701322738	0.000908793687209	0.00033248549532	0.000160701322738	0.000121911348284	1.1082849844e-05
1.1082849844e-05	0.000676053840485	2.2165699688e-05	0	0	0	5.541424922e-06	3.3248549532e-05	3.3248549532e-05	3.8789974454e-05	5.541424922e-06	0.00234402274201	5.541424922e-06	0.00615652308835	2.770712461e-05	5.541424922e-06	3.8789974454e-05	0.000121911348284	0.000127452773206	0.000698219540173	0	1.6624274766e-05	0.000188408447348	4.9872824298e-05	5.541424922e-05	0.0107780714733	0.00310873938124	0.00269867393702	4.9872824298e-05	6.0955674142e-05	1.6624274766e-05	0.000227198421802	0	0	0.000482103968214	5.541424922e-06	7.75799489081e-05	0	0	0	0	2.2165699688e-05	0	5.541424922e-06	1.1082849844e-05	1.1082849844e-05	0.00270421536194	1.1082849844e-05	0.00234402274201	1.1082849844e-05	0	0	0	0.000531976792512	0.000105287073518	0	0	1.6624274766e-05	0	5.541424922e-06	0.00407294731767	0.00287599953452	0.0015349747034	1.1082849844e-05	1.6624274766e-05	5.541424922e-06	0.000559683917122	0	0	9.42042236741e-05	0.000149618472894	0.000687136690329	0.000487645393136	0.000121911348284	0	0	0.000437772568838	6.64970990641e-05	0.000781340914003	0.000171784172582	3.3248549532e-05	0	5.541424922e-06	0.000144077047972
0.000188408447348	0.00425027291518	0.00898264979857	0	0	3.3248549532e-05	7.20385239861e-05	0.00156268182801	0.000681595265407	0.000177325597504	0.000216115571958	0.00666079275625	3.3248549532e-05	0.00418377581611	0.00049872824298	5.541424922e-05	0.000232739846724	0.00843404873129	0.00114707495885	0.0130777628159	6.64970990641e-05	0.00154051612832	0.0005541424922	0.00427243861487	0.00033248549532	0.00310873938124	0.059891720557	0.0190514188819	0.000908793687209	0.000753633789393	0.00227752564294	0.00128561058191	3.8789974454e-05	4.4331399376e-05	0.0068492012036	2.770712461e-05	0.00488753678121	0.000271529821178	0	5.541424922e-06	0	4.9872824298e-05	2.770712461e-05	3.8789974454e-05	0.000105287073518	3.3248549532e-05	0.00277625388592	1.1082849844e-05	0.00182312879934	6.0955674142e-05	5.541424922e-06	2.770712461e-05	0.000437772568838	0.0015349747034	0.00139089765542	0	6.64970990641e-05	0.000293695520866	0.000227198421802	8.86627987521e-05	0.00843959015621	0.00980832211195	0.00797965188769	6.0955674142e-05	0.00011082849844	6.0955674142e-05	0.000382358319618	0	2.770712461e-05	0.000520893942668	0.00495957530519	0.00678824552946	0.00600136319053	0.00207249292083	7.20385239861e-05	4.4331399376e-05	0.000127452773206	0.000299236945788	0.00152389185355	0.000692678115251	0.000171784172582	2.2165699688e-05	1.6624274766e-05	0.000144077047972
0.000199491297192	0.0118752736079	0.0103957131537	0	0	1.6624274766e-05	3.3248549532e-05	0.00131331770652	0.000371275469774	0.000349109770086	6.64970990641e-05	0.00207249292083	1.1082849844e-05	0.00402307449338	0.000265988396256	0.000105287073518	0.00441651566284	0.00653888140797	0.000271529821178	0.00522556370145	2.770712461e-05	0.00217223856943	0.00767487351698	0.0130777628159	0.00136873195574	0.00269867393702	0.0190514188819	0.0697997883176	0.00193395729778	0.00036019261993	0.00168459317629	9.97456485961e-05	1.6624274766e-05	6.64970990641e-05	0.0038789974454	2.2165699688e-05	0.00943704664217	0.00238281271646	0	5.541424922e-06	0	2.2165699688e-05	4.4331399376e-05	5.541424922e-05	8.31213738301e-05	1.6624274766e-05	0.00120248920807	0	0.000881086562599	3.3248549532e-05	5.541424922e-06	0.000482103968214	0.00121357205792	0.000870003712755	0.000737009514627	0	0.000371275469774	0.0037515446722	0.00284829240991	0.000238281271646	0.00502053097934	0.00676607982977	0.0097196593132	0.000260446971334	9.97456485961e-05	0.000121911348284	0.000116369923362	5.541424922e-06	2.2165699688e-05	0.000803506613691	0.00613989881358	0.0043555599887	0.00351326340055	0.0016125546523	7.75799489081e-05	5.541424922e-05	6.64970990641e-05	0.000648346715875	0.000786882338925	0.000753633789393	0.000404524019306	4.9872824298e-05	1.6624274766e-05	6.0955674142e-05
0.00248809978998	0.000598473891576	0.00253243118936	0	0.00727034949767	0.000105287073518	0.00224981851833	0.0314531278573	0.00556359062169	0.00805169041167	0.011509539563	0.000293695520866	0.00135764910589	4.9872824298e-05	0.00295912090835	0.000919876537053	0.00341905917688	0.000903252262287	3.3248549532e-05	0.000426689718994	0.00386237317064	0.00676607982977	0.00418931724104	0.0086390814534	0.0196997655977	4.9872824298e-05	0.000908793687209	0.00193395729778	0.0745044580763	0.00300899373265	0.0116646994608	0	8.86627987521e-05	0.00166796890152	0.00397320166908	0.000953125086585	0.000365734044852	0.000293695520866	0	0.00106949500995	0	0.000870003712755	0.000742550939549	0.000886627987521	0.00604015316498	0.000814589463535	0.000171784172582	0.000421148294072	1.6624274766e-05	0.00111936783424	8.86627987521e-05	0.000592932466654	0.000205032722114	3.3248549532e-05	8.31213738301e-05	0.000980832211195	0.000975290786273	0.00375708609712	0.000947583661663	0.0067993283793	6.64970990641e-05	0.000238281271646	0.000482103968214	0.00326389927906	0.00213344859497	0.0013853562305	0	6.64970990641e-05	0.000836755163223	0.00278179531085	0.00500944812949	0.00175663170028	0.00393441169462	0.00190625017317	0.000759175214315	0.00022165699688	5.541424922e-06	0.00110274355948	0.000282612671022	0.00156822325293	0.000531976792512	0.000254905546412	0.000199491297192	1.6624274766e-05
0.00958666511507	0.000116369923362	0.000182867022426	0	0.000121911348284	0.000969749361351	0.00186746019872	0.00707085820048	0.0104677516777	0.000814589463535	0.00273746391147	0.00175663170028	0.00049872824298	8.31213738301e-05	0.0132994198128	0.000775799489081	0.000149618472894	0.00044331399376	8.86627987521e-05	0.000737009514627	0.000825672313379	0.000543059642356	0.000670512415563	0.000676053840485	0.000980832211195	6.0955674142e-05	0.000753633789393	0.00036019261993	0.00300899373265	0.0360414276927	0.00444976421237	5.541424922e-06	0.00200045439684	0.00706531677556	0.00963653793937	5.541424922e-05	9.97456485961e-05	1.6624274766e-05	0	2.2165699688e-05	5.541424922e-06	4.9872824298e-05	8.31213738301e-05	6.64970990641e-05	0.000454396843604	3.8789974454e-05	4.9872824298e-05	2.2165699688e-05	3.8789974454e-05	8.86627987521e-05	5.541424922e-06	9.97456485961e-05	4.4331399376e-05	0	5.541424922e-06	2.770712461e-05	0.000177325597504	0.00058184961681	0.000132994198128	0.000371275469774	4.9872824298e-05	0.000121911348284	7.20385239861e-05	0.000299236945788	0.000160701322738	0.000205032722114	1.1082849844e-05	5.541424922e-06	7.75799489081e-05	0.000293695520866	0.00159038895262	0.000748092364471	0.00547492782294	0.000753633789393	0.000764716639237	0.000260446971334	3.3248549532e-05	0.000216115571958	8.86627987521e-05	0.00016624274766	8.86627987521e-05	3.8789974454e-05	2.2165699688e-05	0
0.00526989510083	0.000653888140797	0.00434447713885	0	5.541424922e-06	5.541424922e-06	0.000243822696568	0.0186302705878	0.00324173357937	0.00145739475449	0.00030477837071	0.000343568345164	1.6624274766e-05	7.75799489081e-05	0.00295912090835	0.000598473891576	0.000897710837365	0.00410619586721	5.541424922e-05	0.00134656625605	2.770712461e-05	0.0156600668296	0.00207803434575	0.0129226029181	0.00209465862052	1.6624274766e-05	0.00227752564294	0.00168459317629	0.0116646994608	0.00444976421237	0.0481051097479	0	1.6624274766e-05	0.0010584121601	0.00690461545282	0.000105287073518	0.000626181016187	0.000265988396256	0	1.6624274766e-05	0	8.86627987521e-05	0.00011082849844	0.000121911348284	0.000570766766966	1.6624274766e-05	6.0955674142e-05	1.1082849844e-05	5.541424922e-06	0.000127452773206	0	0.000365734044852	0.00019394987227	1.1082849844e-05	4.9872824298e-05	5.541424922e-06	0.000615098166342	0.00231077419248	0.000703760965095	0.000565225342044	0.000116369923362	0.000321402645476	0.000537518217434	0.000742550939549	0.00041560686915	0.000548601067278	5.541424922e-06	1.6624274766e-05	0.000260446971334	0.000714843814939	0.00386237317064	0.00182312879934	0.00497065815504	0.00302007658249	0.000149618472894	0.00013853562305	1.1082849844e-05	0.000382358319618	0.000182867022426	0.000426689718994	0.000260446971334	7.20385239861e-05	6.64970990641e-05	5.541424922e-06
5.541424922e-06	0	0	0	0	0	0	1.1082849844e-05	5.541424922e-06	0	0	0.000482103968214	0	0.000770258064159	0	0	0	2.770712461e-05	2.770712461e-05	4.4331399376e-05	5.541424922e-06	0	0	0	0	0.000227198421802	0.00128561058191	9.97456485961e-05	0	5.541424922e-06	0	0.00135210768097	0	0	7.75799489081e-05	0	0	0	0	0	0	0	0	0	0	0	0.000326944070398	0	0.000160701322738	0	0	0	0	6.64970990641e-05	1.6624274766e-05	0	0	0	0	0	8.86627987521e-05	0.000121911348284	2.2165699688e-05	0	0	0	4.9872824298e-05	0	0	0	4.4331399376e-05	0.000299236945788	0.00013853562305	3.3248549532e-05	0	0	2.2165699688e-05	5.541424922e-06	0.000105287073518	1.1082849844e-05	0	0	0	2.2165699688e-05
3.8789974454e-05	5.541424922e-06	0	0	0	0.00209465862052	0.000792423763847	0.000232739846724	0.00119694778315	5.541424922e-06	0.000205032722114	0.00011082849844	3.3248549532e-05	1.1082849844e-05	0.000958666511507	0.0002770712461	0	1.1082849844e-05	1.1082849844e-05	3.8789974454e-05	8.31213738301e-05	5.541424922e-06	2.2165699688e-05	1.1082849844e-05	1.6624274766e-05	0	3.8789974454e-05	1.6624274766e-05	8.86627987521e-05	0.00200045439684	1.6624274766e-05	0	0.00442205708776	5.541424922e-06	0.00105287073518	0	0	0	0	0	0	0	0	0	5.541424922e-06	5.541424922e-06	0	0	0	0	0	5.541424922e-06	0	0	0	5.541424922e-06	5.541424922e-06	1.1082849844e-05	5.541424922e-06	1.1082849844e-05	0	0	0	1.1082849844e-05	5.541424922e-06	0	0	0	0	0	0.000177325597504	4.4331399376e-05	0.000448855418682	3.3248549532e-05	0.00036019261993	0.000426689718994	0	0	0	0	0	0	0	0
