0.0122076262371	3.34353731388e-05	0.000252622819271	0	3.71504145986e-06	3.71504145986e-06	0.000174606948614	0.00489270960264	0.00262281927066	3.71504145986e-06	0.000115166285256	0	0	0	0.00649017743038	3.71504145986e-06	0	0.000222902487592	0	2.97203316789e-05	3.71504145986e-06	0.000356643980147	0	0.000152316699854	0.000345498855767	0	0.000100306119416	0.000293488275329	0.00146372633519	0.00540167028264	0.00717003001753	0	0	2.97203316789e-05	0.00211385859066	0	2.97203316789e-05	0	0	0	0	0	0	0	1.11451243796e-05	0	3.71504145986e-06	0	0	0	0	0	0	3.71504145986e-06	3.71504145986e-06	0	0	3.71504145986e-06	1.48601658395e-05	3.71504145986e-06	0	0	4.82955389782e-05	1.85752072993e-05	0	0	0	0	0	7.43008291973e-06	0.000367789104526	6.68707462775e-05	0.00138199542307	0.000334353731388	1.85752072993e-05	0	0	7.43008291973e-06	0	1.85752072993e-05	1.85752072993e-05	0	3.71504145986e-06	0
3.34353731388e-05	0.0202729812465	0.000356643980147	0	0	0	1.85752072993e-05	8.1730912117e-05	6.68707462775e-05	0.00206927809314	1.11451243796e-05	0	0.000100306119416	3.71504145986e-05	5.20105804381e-05	1.11451243796e-05	0.000382649270366	0.000126311409635	0	0	0	4.08654560585e-05	0.00334353731388	7.80158706571e-05	0.000449520016643	0.00111822747942	0.000237762653431	0.0168179926888	1.48601658395e-05	3.71504145986e-06	0.000196897197373	0	0	0	0.000115166285256	0	0.0123487978126	2.22902487592e-05	0	0	0	0	0	0	0.000115166285256	0	0	0	0	0	0	3.71504145986e-06	1.11451243796e-05	0	0	0	0	0.000208042321752	1.11451243796e-05	2.6005290219e-05	0.00106993194044	0.00119624335008	0.0132478378459	3.71504145986e-06	0	0	0	0	0	0	0.000185752072993	0.000174606948614	1.11451243796e-05	1.11451243796e-05	1.11451243796e-05	0	0	7.43008291973e-05	7.05857877374e-05	3.71504145986e-06	0	0	0	0
0.000252622819271	0.000356643980147	0.0331753202366	0	3.71504145986e-06	1.11451243796e-05	0.000163461824234	0.000928760364966	0.000378934228906	6.68707462775e-05	9.65910779564e-05	1.85752072993e-05	5.20105804381e-05	0	0.000349213897227	3.71504145986e-06	2.97203316789e-05	0.00731491663447	3.71504145986e-06	9.28760364966e-05	3.71504145986e-06	0.000434659850804	0.000861889618688	0.0087377775136	2.6005290219e-05	3.71504145986e-06	0.00578431955301	0.0190544476476	0.000694712752994	0.000234047611971	0.00155288733022	0	0	1.11451243796e-05	0.00108850714774	1.48601658395e-05	0.00270826522424	0.00305376408001	0	2.97203316789e-05	0	0	2.22902487592e-05	7.43008291973e-06	0	0	0.000148601658395	2.97203316789e-05	0	2.97203316789e-05	0	7.43008291973e-06	0.000750438374892	0.000141171575475	8.91609950367e-05	2.97203316789e-05	6.31557048177e-05	0.000787588789491	0.00182037031533	1.85752072993e-05	0	0.000252622819271	0.00619297411359	8.91609950367e-05	1.11451243796e-05	1.48601658395e-05	7.05857877374e-05	0	0	8.91609950367e-05	0.00318007548964	0.000664992421315	0.00185752072993	0.00196525693227	4.82955389782e-05	3.71504145986e-06	0	0.000865604660148	0.000936190447885	0.000408654560585	8.1730912117e-05	0	1.11451243796e-05	0
0	0	0	0	0	0	0	0	0	0	0	0	0	0	0	0	0	0	0	0	0	0	0	0	0	0	0	0	0	0	0	0	0	0	0	0	0	0	0	0	0	0	0	0	0	0	0	0	0	0	0	0	0	0	0	0	0	0	0	0	0	0	0	0	0	0	0	0	0	0	0	0	0	0	0	0	0	0	0	0	0	0	0	0
3.71504145986e-06	0	3.71504145986e-06	0	0.0237465450114	0.000170891907154	0.00113680268672	0.000312063482628	0.000594406633578	0.00146001129373	0.00163461824234	0.000501530597081	0.00727405117841	5.20105804381e-05	0.000378934228906	0.000917615240586	3.71504145986e-06	0	3.71504145986e-05	0.00178321990073	0.0134893155408	3.71504145986e-05	7.43008291973e-06	5.57256218979e-05	0.0103575355901	0	0.00172749427884	3.71504145986e-06	0.00978541920528	0.00429830296906	0.000182037031533	0	3.71504145986e-06	0.000122596368175	0.0053496597022	2.6005290219e-05	4.82955389782e-05	3.71504145986e-06	0	0.0026191042292	0	1.48601658395e-05	0.000185752072993	3.71504145986e-05	0.00361102029899	0.000364074063067	7.43008291973e-06	0.000248907777811	0	7.80158706571e-05	0	0	0	7.43008291973e-06	3.71504145986e-06	0.000999346152703	3.71504145986e-06	0.000159746782774	1.85752072993e-05	0.00348470888935	7.43008291973e-06	3.71504145986e-06	7.43008291973e-05	0.00309462953607	3.71504145986e-05	3.71504145986e-06	0	0	0	3.34353731388e-05	0.000512675721461	2.97203316789e-05	0.00365188575505	0.000590691592118	0.00100306119416	0.000130026451095	0	0.000137456534015	0	7.05857877374e-05	2.6005290219e-05	5.20105804381e-05	2.97203316789e-05	0
3.71504145986e-06	0	1.11451243796e-05	0	0.000170891907154	0.0108219157726	0.00595521146016	9.65910779564e-05	0.00198754718103	4.45804975184e-05	0.000746723333432	0.000371504145986	0.000148601658395	0.000616696882337	0.000130026451095	0.00388593336702	0	0	1.11451243796e-05	5.20105804381e-05	0.000182037031533	3.71504145986e-06	0	2.97203316789e-05	0.000137456534015	0.000104021160876	0.000118881326716	1.11451243796e-05	0.000720718043213	0.000884179867447	3.71504145986e-05	0	0.00172006419592	1.11451243796e-05	0.00300175349957	0	0	0	0	4.08654560585e-05	0	1.48601658395e-05	2.97203316789e-05	1.48601658395e-05	5.57256218979e-05	3.71504145986e-05	0.000178321990073	7.43008291973e-06	0.000248907777811	7.43008291973e-06	0	0	3.71504145986e-06	3.71504145986e-06	0	5.20105804381e-05	0	0	3.71504145986e-06	0.000163461824234	0.000256337860731	0	3.71504145986e-06	0.000159746782774	0	3.71504145986e-06	0	0	0	7.43008291973e-06	0.000936190447885	0.000445804975184	0.00243335215621	0.000419799684964	0.00291630754599	0.00115537789402	0.000152316699854	2.22902487592e-05	0	1.85752072993e-05	1.11451243796e-05	7.43008291973e-06	0	0
0.000174606948614	1.85752072993e-05	0.000163461824234	0	0.00113680268672	0.00595521146016	0.0488639403216	0.00659419859126	0.0201058043808	5.20105804381e-05	0.0192141944304	0.00124082384759	0.0112194252088	0.000222902487592	0.0032209409457	0.00522706333403	0	5.20105804381e-05	4.08654560585e-05	0.00271569530716	0.00314292507504	0.000252622819271	0	0.00027491306803	0.000568401343359	0	0.00305004903855	0.000130026451095	0.00920587273754	0.00876378280382	0.0031837905311	0	4.45804975184e-05	0.000653847296936	0.00808764525812	3.71504145986e-06	1.85752072993e-05	1.11451243796e-05	0	0.000144886616935	0	2.97203316789e-05	0.000148601658395	3.34353731388e-05	0.000174606948614	0.000137456534015	1.48601658395e-05	2.97203316789e-05	0	4.45804975184e-05	3.71504145986e-06	0	0	7.43008291973e-06	0	0.000226617529052	0	0	7.43008291973e-06	0.000486670431242	3.71504145986e-06	0	4.08654560585e-05	0.000508960680001	1.11451243796e-05	7.43008291973e-06	0	0	0	4.82955389782e-05	0.00167919873986	4.08654560585e-05	0.00769756590484	0.000925045323506	0.00552426665082	0.000520105804381	0	0.000152316699854	1.11451243796e-05	8.91609950367e-05	2.97203316789e-05	2.6005290219e-05	1.11451243796e-05	0
0.00489270960264	8.1730912117e-05	0.000928760364966	0	0.000312063482628	9.65910779564e-05	0.00659419859126	0.0473073379499	0.0130212203168	7.43008291973e-06	0.0126497161708	0.00053125092876	0.000449520016643	0.000122596368175	0.0102683745951	7.80158706571e-05	0	0.000312063482628	3.71504145986e-05	0.000977055903944	0.000449520016643	0.00260424406336	0	0.00227360537344	0.00175349956906	0	0.00130769459387	0.000902755074747	0.022167652391	0.0101643534342	0.0163090320088	0	0	0.00237391149285	0.00771985615359	0	7.43008291973e-05	0	0	3.71504145986e-06	0	3.71504145986e-06	2.6005290219e-05	1.11451243796e-05	1.48601658395e-05	1.48601658395e-05	7.43008291973e-06	3.71504145986e-06	0	1.11451243796e-05	3.71504145986e-06	0	1.11451243796e-05	3.71504145986e-06	3.71504145986e-06	7.43008291973e-06	0	0	3.34353731388e-05	6.31557048177e-05	0	0	8.91609950367e-05	6.68707462775e-05	0	3.71504145986e-06	0	0	0	1.48601658395e-05	0.00105135673314	4.45804975184e-05	0.00643073676702	0.00184266056409	0.000468095223943	4.45804975184e-05	0	2.97203316789e-05	3.71504145986e-06	4.45804975184e-05	2.22902487592e-05	7.43008291973e-06	0	0
0.00262281927066	6.68707462775e-05	0.000378934228906	0	0.000594406633578	0.00198754718103	0.0201058043808	0.0130212203168	0.0547634261598	8.1730912117e-05	0.0137642286088	0.00280114126074	0.00283457663388	0.000349213897227	0.0279705471513	0.00110336731358	0	0.000304633399709	0.000334353731388	0.00589948583826	0.00176835973489	0.00082102416263	0	0.000408654560585	0.00156774749606	0	0.00514904746337	0.000401224477665	0.0101569233513	0.0159561030701	0.00822138675068	0	0.000653847296936	0.000497815555622	0.0114609029037	0	6.68707462775e-05	0	0	7.43008291973e-05	0	7.43008291973e-06	2.6005290219e-05	1.85752072993e-05	0.000115166285256	6.31557048177e-05	3.71504145986e-06	7.43008291973e-06	3.71504145986e-06	1.48601658395e-05	3.71504145986e-06	0	0	0	0	0.000133741492555	3.71504145986e-06	3.71504145986e-06	1.48601658395e-05	0.00026376794365	3.71504145986e-06	0	7.43008291973e-05	0.000226617529052	3.71504145986e-06	0	0	0	0	1.85752072993e-05	0.00164576336672	0.000104021160876	0.00924302315214	0.00132255475971	0.00299060837519	0.000323208607008	0	4.82955389782e-05	0	2.6005290219e-05	7.43008291973e-06	1.11451243796e-05	7.43008291973e-06	0
3.71504145986e-06	0.00206927809314	6.68707462775e-05	0	0.00146001129373	4.45804975184e-05	5.20105804381e-05	7.43008291973e-06	8.1730912117e-05	0.0358612952121	0	3.71504145986e-06	0.00111822747942	3.71504145986e-06	9.65910779564e-05	0.00199497726395	0.00224760008322	0	0	1.11451243796e-05	0.000174606948614	0.00514161738045	0.0115834992719	0.00370018129402	0.0174049692395	0.000360359021607	5.20105804381e-05	0.00233676107825	0.0104058311291	0.000430944809344	0.000118881326716	0	0	8.54459535768e-05	0.000319493565548	7.43008291973e-06	0.000349213897227	7.43008291973e-06	0	0.000237762653431	0	0	0.000144886616935	7.43008291973e-06	0.00953651142747	7.43008291973e-06	0	2.6005290219e-05	0	2.22902487592e-05	7.43008291973e-06	0.00593663625286	0	0	1.85752072993e-05	3.34353731388e-05	0.000854459535768	0.0069136921568	0.00231447082949	0.00958109192499	0.000111451243796	8.54459535768e-05	0.00053125092876	0.00375590691592	7.43008291973e-06	4.82955389782e-05	0	0	0	7.43008291973e-06	0.000482955389782	7.43008291973e-06	7.05857877374e-05	1.48601658395e-05	0.00300175349957	3.71504145986e-06	0	0.000338068772848	0.000130026451095	2.97203316789e-05	7.43008291973e-06	2.6005290219e-05	0	0
0.000115166285256	1.11451243796e-05	9.65910779564e-05	0	0.00163461824234	0.000746723333432	0.0192141944304	0.0126497161708	0.0137642286088	0	0.0569738758285	0.0011107973965	0.00651989776206	0.000308348441169	0.00655704817666	0.00115537789402	0	0.000122596368175	7.05857877374e-05	0.00400109965227	0.01000089161	0.000375219187446	0	0.000241477694891	0.000739293250513	3.71504145986e-06	0.00420914197402	9.65910779564e-05	0.0182594287752	0.0128243231194	0.00201355247125	0	1.11451243796e-05	0.00149716170832	0.0119364282105	0.000152316699854	2.22902487592e-05	3.71504145986e-06	0	0.00204698784438	0	9.65910779564e-05	8.91609950367e-05	0.000122596368175	0.000464380182483	0.00131883971825	3.71504145986e-06	5.20105804381e-05	0	0.000178321990073	0	0	0	0	3.71504145986e-06	0.00240734686599	0	3.71504145986e-06	3.71504145986e-06	0.00208785330044	0	0	2.97203316789e-05	0.00195411180789	4.45804975184e-05	0	0	0	0	2.6005290219e-05	0.000717003001753	5.57256218979e-05	0.0100120367343	0.00159746782774	0.0016940589057	0.000159746782774	3.71504145986e-06	3.34353731388e-05	3.71504145986e-06	3.71504145986e-05	1.11451243796e-05	3.71504145986e-06	1.11451243796e-05	0
0	0	1.85752072993e-05	0	0.000501530597081	0.000371504145986	0.00124082384759	0.00053125092876	0.00280114126074	3.71504145986e-06	0.0011107973965	0.024946503403	0.0016197580765	0.00791675335097	0.00350328409665	9.65910779564e-05	0	4.45804975184e-05	0.00263024935358	0.00676880553987	0.000676137545695	3.71504145986e-06	0	3.34353731388e-05	4.08654560585e-05	0.000557256218979	0.00820652658484	0.000115166285256	0.000832169287009	0.010784765358	5.20105804381e-05	0.000174606948614	0.000850744494309	1.85752072993e-05	0.0130137902339	0	3.71504145986e-06	0	0	3.71504145986e-06	0	7.43008291973e-06	1.85752072993e-05	0	2.97203316789e-05	0	0.00053868101168	1.11451243796e-05	0.00131140963533	3.71504145986e-06	0	0	3.71504145986e-06	3.71504145986e-06	0	1.11451243796e-05	0	0	0	8.1730912117e-05	0.000631557048177	0.000352928938687	9.28760364966e-05	8.91609950367e-05	0	0	0.000438374892264	0	0	3.71504145986e-06	0.00027862810949	0.0021658691711	0.00494843522454	7.05857877374e-05	0.000252622819271	0	0.000148601658395	4.08654560585e-05	0.000189467114453	3.71504145986e-05	7.43008291973e-06	1.85752072993e-05	7.43008291973e-06	7.80158706571e-05
0	0.000100306119416	5.20105804381e-05	0	0.00727405117841	0.000148601658395	0.0112194252088	0.000449520016643	0.00283457663388	0.00111822747942	0.00651989776206	0.0016197580765	0.0471401610842	3.71504145986e-05	0.00213243379796	0.00305004903855	1.11451243796e-05	4.08654560585e-05	7.05857877374e-05	0.00575459922133	0.0174309745297	2.97203316789e-05	0.000148601658395	8.54459535768e-05	0.00149716170832	0	0.0060629476625	0.000133741492555	0.00611124320147	0.0111711296698	0.000100306119416	0	0	2.22902487592e-05	0.0129246292389	7.43008291973e-05	1.48601658395e-05	1.11451243796e-05	0	0.000705857877374	0	0.00319122061402	0.000586976550658	0.00259681398044	0.000739293250513	0.000512675721461	0.00323580111154	0.0071180194371	2.6005290219e-05	0.00139314054745	2.97203316789e-05	0	0	0.00137828038161	0.000234047611971	0.00344012839183	7.43008291973e-06	3.71504145986e-06	1.11451243796e-05	0.00173492436176	1.11451243796e-05	0.00026376794365	7.80158706571e-05	0.00170520403008	0.000193182155913	7.43008291973e-06	2.22902487592e-05	0	0	0.00317636044818	0.00125196897197	2.22902487592e-05	0.00809507534104	0.000330638689928	0.00277142092906	0	0	0.000438374892264	2.6005290219e-05	0.00228846553928	5.57256218979e-05	0.000208042321752	0.000144886616935	0
0	3.71504145986e-05	0	0	5.20105804381e-05	0.000616696882337	0.000222902487592	0.000122596368175	0.000349213897227	3.71504145986e-06	0.000308348441169	0.00791675335097	3.71504145986e-05	0.0238988617113	0.00109593723066	3.71504145986e-06	0	0	0.000423514726424	0.000308348441169	5.57256218979e-05	0	0	3.71504145986e-06	3.71504145986e-05	0.00763069515856	0.00337325764556	0.0043874639641	0.000226617529052	0.00374104675008	3.71504145986e-06	0.000449520016643	0.000925045323506	7.43008291973e-06	0.00458064612001	0	1.85752072993e-05	0	0	1.85752072993e-05	0	2.6005290219e-05	3.71504145986e-06	9.28760364966e-05	2.6005290219e-05	0	0.00159746782774	2.22902487592e-05	0.00797990905579	0.000174606948614	0	0	0	0.000230332570511	0	1.85752072993e-05	0	3.71504145986e-06	0	6.68707462775e-05	0.00467352215651	0.00250393794395	0.0037113264184	6.68707462775e-05	4.82955389782e-05	0	0.00299803845811	6.68707462775e-05	0	4.08654560585e-05	0.000163461824234	0.00292745267037	0.00291630754599	0.000364074063067	1.48601658395e-05	0.000118881326716	0.000709572918834	7.43008291973e-06	0.000468095223943	0.000286058192409	5.57256218979e-05	0	0.000256337860731	0.000252622819271
0.00649017743038	5.20105804381e-05	0.000349213897227	0	0.000378934228906	0.000130026451095	0.0032209409457	0.0102683745951	0.0279705471513	9.65910779564e-05	0.00655704817666	0.00350328409665	0.00213243379796	0.00109593723066	0.0439675156775	0.000100306119416	0	0.000319493565548	0.00054982613606	0.00475153802716	0.0014897316254	0.000661277379856	0	0.00027119802657	0.00128168930365	7.43008291973e-06	0.00440975421286	0.000423514726424	0.00557627723125	0.0215732457574	0.00872663238922	0	0.000739293250513	0.000378934228906	0.0118472672155	0	5.20105804381e-05	0	0	1.85752072993e-05	0	7.43008291973e-06	0	7.43008291973e-06	0.000115166285256	3.71504145986e-06	1.11451243796e-05	1.85752072993e-05	7.43008291973e-06	7.43008291973e-06	0	0	0	3.71504145986e-06	3.71504145986e-06	2.6005290219e-05	0	3.71504145986e-06	1.48601658395e-05	0.000118881326716	7.43008291973e-06	0	7.43008291973e-05	8.1730912117e-05	3.71504145986e-06	0	0	0	0	1.11451243796e-05	0.00113680268672	0.000167176865694	0.00647160222308	0.000776443665111	0.000494100514162	6.31557048177e-05	1.48601658395e-05	5.20105804381e-05	0	2.6005290219e-05	1.48601658395e-05	2.22902487592e-05	3.71504145986e-06	0
3.71504145986e-06	1.11451243796e-05	3.71504145986e-06	0	0.000917615240586	0.00388593336702	0.00522706333403	7.80158706571e-05	0.00110336731358	0.00199497726395	0.00115537789402	9.65910779564e-05	0.00305004903855	3.71504145986e-06	0.000100306119416	0.0118955627545	0	0	3.71504145986e-06	0.000226617529052	0.000939905489345	7.43008291973e-06	2.22902487592e-05	3.71504145986e-06	0.00128540434511	0	0.00026376794365	1.48601658395e-05	0.00123710880613	0.000520105804381	3.34353731388e-05	0	7.43008291973e-06	3.71504145986e-06	0.000475525306862	0	0	0	0	1.85752072993e-05	0	0	0	0	2.97203316789e-05	1.11451243796e-05	0	7.43008291973e-06	0	0	0	0	0	0	0	1.48601658395e-05	0	0	0	2.22902487592e-05	0	0	0	2.22902487592e-05	0	0	0	0	0	3.71504145986e-06	0.000248907777811	0	0.00026005290219	4.45804975184e-05	0.00612610336731	0.000200612238833	0	7.43008291973e-06	0	3.71504145986e-06	0	7.43008291973e-06	0	0
0	0.000382649270366	2.97203316789e-05	0	3.71504145986e-06	0	0	0	0	0.00224760008322	0	0	1.11451243796e-05	0	0	0	0.0201615300027	7.43008291973e-06	0	0	0	0.00192067643475	0.0163313222576	0.00563943293607	0.00289773233869	3.71504145986e-06	2.6005290219e-05	0.00341412310161	0.000869319701608	0	0	0	0	0	0	0	0.000130026451095	0	0	1.48601658395e-05	0	0	0	0	0.000248907777811	0	0	0	0	0	0	0.00625984485987	0	0	0	0	3.71504145986e-05	0.00916500728148	0.00620783427943	0.000609266799417	3.34353731388e-05	3.71504145986e-06	0.000141171575475	0.000378934228906	0	0	0	0	0	0	0.000133741492555	0.000126311409635	0	0	3.71504145986e-06	0	0	1.11451243796e-05	3.71504145986e-06	0	0	0	0	0
0.000222902487592	0.000126311409635	0.00731491663447	0	0	0	5.20105804381e-05	0.000312063482628	0.000304633399709	0	0.000122596368175	4.45804975184e-05	4.08654560585e-05	0	0.000319493565548	0	7.43008291973e-06	0.0270269266205	0	0.00487041935388	1.11451243796e-05	0.00107736202336	0	0.00524192349987	4.45804975184e-05	0	0.0112268552917	0.00560228252147	0.000375219187446	0.000367789104526	0.00288287217285	0	0	1.48601658395e-05	0.00779787202425	1.11451243796e-05	0.000111451243796	0.000159746782774	0	1.11451243796e-05	0	0	0	7.43008291973e-06	0	0	2.22902487592e-05	1.11451243796e-05	0	1.48601658395e-05	0	0	0.000107736202336	1.48601658395e-05	0.000297203316789	1.11451243796e-05	2.22902487592e-05	0	0.000182037031533	3.71504145986e-06	0	0.000189467114453	0.000795018872411	2.97203316789e-05	7.43008291973e-06	0	7.43008291973e-06	0	0	0.000104021160876	0.00228846553928	0.000988201028323	0.00368532112818	0.00143400600351	1.11451243796e-05	0	0	0.000170891907154	0.000144886616935	0.000293488275329	0.000174606948614	1.11451243796e-05	7.43008291973e-06	1.85752072993e-05
0	0	3.71504145986e-06	0	3.71504145986e-05	1.11451243796e-05	4.08654560585e-05	3.71504145986e-05	0.000334353731388	0	7.05857877374e-05	0.00263024935358	7.05857877374e-05	0.000423514726424	0.00054982613606	3.71504145986e-06	0	0	0.00313549499212	0.00139685558891	6.31557048177e-05	0	0	3.71504145986e-06	0	0	0.00080616399679	3.71504145986e-06	8.54459535768e-05	0.00153431212292	3.71504145986e-06	0	5.57256218979e-05	0	0.00188724106161	0	0	0	0	0	0	0	0	0	0	0	0	0	0	0	0	0	0	0	0	0	0	0	0	3.71504145986e-06	0	0	0	3.71504145986e-06	0	0	0	0	0	0	3.71504145986e-06	3.71504145986e-06	0.000182037031533	7.43008291973e-06	1.11451243796e-05	0	0	0	0	0	0	0	0	0
2.97203316789e-05	0	9.28760364966e-05	0	0.00178321990073	5.20105804381e-05	0.00271569530716	0.000977055903944	0.00589948583826	1.11451243796e-05	0.00400109965227	0.00676880553987	0.00575459922133	0.000308348441169	0.00475153802716	0.000226617529052	0	0.00487041935388	0.00139685558891	0.0285129432044	0.00443575950308	0.000371504145986	0	0.000586976550658	0.000401224477665	0	0.0207596516777	0.000241477694891	0.00348470888935	0.0154434273486	0.00116280797694	0	3.34353731388e-05	0.000486670431242	0.0228512200196	7.43008291973e-06	1.85752072993e-05	7.43008291973e-06	0	5.94406633578e-05	0	3.71504145986e-06	4.08654560585e-05	1.48601658395e-05	0.000130026451095	2.97203316789e-05	1.11451243796e-05	1.48601658395e-05	0	2.22902487592e-05	0	0	4.08654560585e-05	1.48601658395e-05	0.000137456534015	0.000100306119416	0	3.71504145986e-06	0.000111451243796	0.000245192736351	0	0.000130026451095	4.82955389782e-05	0.000204327280292	3.71504145986e-06	3.71504145986e-06	0	0	0	6.68707462775e-05	0.00135970517431	0.000769013582192	0.0131958272654	0.000954765655185	0.00027119802657	0	3.71504145986e-06	8.1730912117e-05	4.82955389782e-05	0.000170891907154	0.000115166285256	2.97203316789e-05	7.43008291973e-06	2.22902487592e-05
3.71504145986e-06	0	3.71504145986e-06	0	0.0134893155408	0.000182037031533	0.00314292507504	0.000449520016643	0.00176835973489	0.000174606948614	0.01000089161	0.000676137545695	0.0174309745297	5.57256218979e-05	0.0014897316254	0.000939905489345	0	1.11451243796e-05	6.31557048177e-05	0.00443575950308	0.033647130502	4.08654560585e-05	3.71504145986e-06	4.82955389782e-05	0.00257452373168	0	0.00431687817636	1.48601658395e-05	0.00916500728148	0.00838113353345	8.1730912117e-05	0	1.48601658395e-05	3.71504145986e-05	0.0108962166018	0.000144886616935	3.71504145986e-06	3.71504145986e-06	0	0.00238134157577	0	0.000111451243796	0.000252622819271	0.000137456534015	0.000910185157666	0.00176464469343	1.11451243796e-05	0.000189467114453	0	0.000204327280292	0	0	0	1.11451243796e-05	3.71504145986e-06	0.0031466401165	7.43008291973e-06	3.71504145986e-06	1.11451243796e-05	0.00174606948614	3.71504145986e-06	0	3.71504145986e-06	0.00167919873986	5.57256218979e-05	3.71504145986e-06	0	0	0	1.85752072993e-05	0.000921330282046	5.20105804381e-05	0.008191666419	0.00117766814278	0.000925045323506	0.000178321990073	3.71504145986e-06	0.000148601658395	0	6.31557048177e-05	2.97203316789e-05	5.94406633578e-05	1.48601658395e-05	0
0.000356643980147	4.08654560585e-05	0.000434659850804	0	3.71504145986e-05	3.71504145986e-06	0.000252622819271	0.00260424406336	0.00082102416263	0.00514161738045	0.000375219187446	3.71504145986e-06	2.97203316789e-05	0	0.000661277379856	7.43008291973e-06	0.00192067643475	0.00107736202336	0	0.000371504145986	4.08654560585e-05	0.0436220168217	0.00453978066395	0.0157889262044	0.000308348441169	0	0.000620411923797	0.000676137545695	0.0144663714447	0.000835884328469	0.0141245876304	0	0	2.6005290219e-05	0.00503016613665	3.71504145986e-06	4.08654560585e-05	3.71504145986e-06	0	0	0	0	0.000167176865694	7.43008291973e-06	4.82955389782e-05	3.71504145986e-06	0	0	0	0	0	0.00528650399738	8.1730912117e-05	0	0	0	0.00117023805986	0.00578803459447	0.00278256605344	0.00110708235504	1.85752072993e-05	7.43008291973e-06	0.000111451243796	0.00178321990073	0	0.000115166285256	0	0	0	8.1730912117e-05	0.00404196510833	0.000338068772848	0.00542024548994	0.0036741760038	0.000847029452849	3.71504145986e-06	0	0.000185752072993	5.57256218979e-05	0.000586976550658	0.000468095223943	4.08654560585e-05	7.43008291973e-06	0
0	0.00334353731388	0.000861889618688	0	7.43008291973e-06	0	0	0	0	0.0115834992719	0	0	0.000148601658395	0	0	2.22902487592e-05	0.0163313222576	0	0	0	3.71504145986e-06	0.00453978066395	0.0368792165721	0.0102386542634	0.00595521146016	0.000397509436205	0	0.00972969358338	0.00168291378132	3.71504145986e-06	0	0	0	0	3.71504145986e-06	0	0.00274541563884	3.71504145986e-05	0	5.20105804381e-05	1.11451243796e-05	0	1.11451243796e-05	0	0.00202098255417	0	0	3.71504145986e-06	0	0	2.22902487592e-05	0.0118249769667	5.20105804381e-05	0	0	0	0.000564686301899	0.0186755134187	0.00987829524177	0.00196154189081	0.000104021160876	5.57256218979e-05	0.00326552144322	0.00213986388088	0	7.43008291973e-06	0	0	0	0	3.71504145986e-06	0	3.71504145986e-06	0	2.97203316789e-05	0	0	6.31557048177e-05	3.34353731388e-05	3.71504145986e-06	0	7.43008291973e-06	0	0
0.000152316699854	7.80158706571e-05	0.0087377775136	0	5.57256218979e-05	2.97203316789e-05	0.00027491306803	0.00227360537344	0.000408654560585	0.00370018129402	0.000241477694891	3.34353731388e-05	8.54459535768e-05	3.71504145986e-06	0.00027119802657	3.71504145986e-06	0.00563943293607	0.00524192349987	3.71504145986e-06	0.000586976550658	4.82955389782e-05	0.0157889262044	0.0102386542634	0.0602951228936	0.000304633399709	0	0.00153431212292	0.011245430499	0.00375962195738	0.00112194252088	0.0049149998514	0	0	0.000170891907154	0.00332124706512	3.71504145986e-06	0.000401224477665	0.000338068772848	0	3.71504145986e-06	0	0	0.000118881326716	0	1.48601658395e-05	0	5.20105804381e-05	3.71504145986e-06	0	3.71504145986e-06	0	0.00695455761286	0.000234047611971	5.57256218979e-05	3.71504145986e-06	3.71504145986e-06	0.000965910779564	0.00937304960323	0.0142248937498	0.000196897197373	3.71504145986e-05	2.22902487592e-05	0.00549454631914	0.000241477694891	0	6.68707462775e-05	7.43008291973e-06	0	0	0.000144886616935	0.00981513953696	0.00240363182453	0.00279742621928	0.00508217671709	0.000442089933724	7.43008291973e-06	3.71504145986e-06	0.000222902487592	7.43008291973e-05	0.000579546467739	0.000315778524088	7.43008291973e-06	3.71504145986e-06	0
0.000345498855767	0.000449520016643	2.6005290219e-05	0	0.0103575355901	0.000137456534015	0.000568401343359	0.00175349956906	0.00156774749606	0.0174049692395	0.000739293250513	4.08654560585e-05	0.00149716170832	3.71504145986e-05	0.00128168930365	0.00128540434511	0.00289773233869	4.45804975184e-05	0	0.000401224477665	0.00257452373168	0.000308348441169	0.00595521146016	0.000304633399709	0.0468986833893	3.71504145986e-06	0.000624126965257	0.00223645495884	0.0212611822748	0.00486670431242	0.00215100900526	0	3.71504145986e-06	0.00081359407971	0.0037670520403	2.97203316789e-05	0.000460665141023	2.22902487592e-05	0	0.00234790620263	0	7.43008291973e-06	8.91609950367e-05	3.71504145986e-05	0.0107401848605	8.91609950367e-05	3.71504145986e-06	0.000178321990073	0	6.31557048177e-05	1.85752072993e-05	0.000601836716498	3.71504145986e-06	7.43008291973e-06	1.85752072993e-05	0.00054982613606	0	0.00266368472672	3.71504145986e-05	0.00849629981871	0.000111451243796	5.20105804381e-05	0.000579546467739	0.00691740719826	1.85752072993e-05	3.71504145986e-06	0	0	0	2.97203316789e-05	0.00164576336672	0.000204327280292	0.00217701429548	0.000739293250513	0.00201726751271	9.28760364966e-05	0	0.000397509436205	0.000163461824234	6.31557048177e-05	1.48601658395e-05	3.34353731388e-05	2.6005290219e-05	0
0	0.00111822747942	3.71504145986e-06	0	0	0.000104021160876	0	0	0	0.000360359021607	3.71504145986e-06	0.000557256218979	0	0.00763069515856	7.43008291973e-06	0	3.71504145986e-06	0	0	0	0	0	0.000397509436205	0	3.71504145986e-06	0.0125271198027	0.00026005290219	0.00377819716468	3.71504145986e-06	0.000152316699854	3.71504145986e-06	2.6005290219e-05	0.000122596368175	0	0.000668707462775	0	0.000200612238833	0	0	3.71504145986e-06	0	7.43008291973e-06	0	3.71504145986e-06	0	7.43008291973e-06	0.000133741492555	3.71504145986e-06	0.00403081998395	0	0	0	0	3.71504145986e-05	0	3.71504145986e-06	0	3.71504145986e-06	3.71504145986e-06	0	0.00417570660089	0.000951050613725	0.00241477694891	3.71504145986e-06	0	0	0.000954765655185	0	0	0	7.43008291973e-06	0.000520105804381	0.000427229767884	0	0	0	0.000776443665111	2.22902487592e-05	4.08654560585e-05	3.34353731388e-05	0	0	7.43008291973e-06	0
0.000100306119416	0.000237762653431	0.00578431955301	0	0.00172749427884	0.000118881326716	0.00305004903855	0.00130769459387	0.00514904746337	5.20105804381e-05	0.00420914197402	0.00820652658484	0.0060629476625	0.00337325764556	0.00440975421286	0.00026376794365	2.6005290219e-05	0.0112268552917	0.00080616399679	0.0207596516777	0.00431687817636	0.000620411923797	0	0.00153431212292	0.000624126965257	0.00026005290219	0.0819872499777	0.0229032306001	0.0037299016257	0.016803132523	0.00159003774482	0.000876749784528	0.000330638689928	0.000508960680001	0.0252622819271	0.000208042321752	0.0036556007965	0.00026748298511	0	0.000334353731388	0	2.22902487592e-05	0.000159746782774	4.45804975184e-05	0.000323208607008	2.97203316789e-05	0.000676137545695	0.000326923648468	0.00127797426219	0.000319493565548	0	0	0.000326923648468	0.00138571046453	0.00207670817606	0.000404939519125	2.22902487592e-05	3.34353731388e-05	0.000352928938687	0.000583261509198	0.000326923648468	0.0086820518917	0.0112677207478	0.000977055903944	8.1730912117e-05	2.6005290219e-05	0.000780158706571	0	0	0.000638987131096	0.00876749784528	0.00682081612031	0.0192959253425	0.00233304603679	0.000564686301899	0	3.71504145986e-06	0.00154917228876	0.00108850714774	0.00129654946949	0.000456950099563	0.000107736202336	2.97203316789e-05	7.05857877374e-05
0.000293488275329	0.0168179926888	0.0190544476476	0	3.71504145986e-06	1.11451243796e-05	0.000130026451095	0.000902755074747	0.000401224477665	0.00233676107825	9.65910779564e-05	0.000115166285256	0.000133741492555	0.0043874639641	0.000423514726424	1.48601658395e-05	0.00341412310161	0.00560228252147	3.71504145986e-06	0.000241477694891	1.48601658395e-05	0.000676137545695	0.00972969358338	0.011245430499	0.00223645495884	0.00377819716468	0.0229032306001	0.100945106547	0.000847029452849	0.000215472404672	0.00182780039825	0.000286058192409	3.71504145986e-06	1.85752072993e-05	0.00174606948614	8.91609950367e-05	0.0249725086932	0.00152688204	0	0.000115166285256	0	3.71504145986e-06	2.97203316789e-05	7.43008291973e-06	6.31557048177e-05	3.71504145986e-06	0.000687282670075	0.000122596368175	0.00115537789402	0.000122596368175	0	0.00253365827563	0.000464380182483	0.00117023805986	0.000516390762921	0.000122596368175	6.68707462775e-05	0.00508589175855	0.00281228638512	4.82955389782e-05	0.00322837102862	0.0111005438821	0.0425780901715	0.000230332570511	7.43008291973e-06	2.22902487592e-05	0.00080987903825	0	0	0.000215472404672	0.0053868101168	0.00249279281957	0.00309462953607	0.00249279281957	4.08654560585e-05	0	6.31557048177e-05	0.00129654946949	0.00105878681606	0.000832169287009	0.000412369602045	1.85752072993e-05	3.71504145986e-06	1.85752072993e-05
0.00146372633519	1.48601658395e-05	0.000694712752994	0	0.00978541920528	0.000720718043213	0.00920587273754	0.022167652391	0.0101569233513	0.0104058311291	0.0182594287752	0.000832169287009	0.00611124320147	0.000226617529052	0.00557627723125	0.00123710880613	0.000869319701608	0.000375219187446	8.54459535768e-05	0.00348470888935	0.00916500728148	0.0144663714447	0.00168291378132	0.00375962195738	0.0212611822748	3.71504145986e-06	0.0037299016257	0.000847029452849	0.0930580735281	0.0184154605165	0.01984946652	0	1.11451243796e-05	0.00383020774512	0.0171226260885	4.08654560585e-05	0.000222902487592	2.97203316789e-05	0	0.00296088804351	0	2.6005290219e-05	0.000947335572265	6.31557048177e-05	0.00827711237257	0.00143029096205	1.85752072993e-05	0.000144886616935	0	0.000111451243796	7.43008291973e-06	0.00138942550599	2.97203316789e-05	1.85752072993e-05	2.22902487592e-05	0.00206927809314	3.71504145986e-05	0.00320608077986	0.000219187446132	0.00963310250542	5.20105804381e-05	4.45804975184e-05	0.000438374892264	0.00857803073082	4.08654560585e-05	2.6005290219e-05	0	0	0	8.1730912117e-05	0.00479240348322	0.000352928938687	0.0132218325557	0.00393422890599	0.00247421761227	0.00026376794365	0	0.000676137545695	0.000189467114453	0.000319493565548	0.000204327280292	0.000122596368175	2.6005290219e-05	0
0.00540167028264	3.71504145986e-06	0.000234047611971	0	0.00429830296906	0.000884179867447	0.00876378280382	0.0101643534342	0.0159561030701	0.000430944809344	0.0128243231194	0.010784765358	0.0111711296698	0.00374104675008	0.0215732457574	0.000520105804381	0	0.000367789104526	0.00153431212292	0.0154434273486	0.00838113353345	0.000835884328469	3.71504145986e-06	0.00112194252088	0.00486670431242	0.000152316699854	0.016803132523	0.000215472404672	0.0184154605165	0.0724098730942	0.0143772104497	0	0.00140057063037	0.0054982613606	0.0445582072696	1.11451243796e-05	1.85752072993e-05	0	0	0.00026376794365	0	0.000126311409635	0.000850744494309	0.000159746782774	0.001203673433	0.000230332570511	0.000360359021607	0.000107736202336	0.000382649270366	0.000170891907154	1.11451243796e-05	0	1.48601658395e-05	6.31557048177e-05	3.71504145986e-06	0.000404939519125	0	4.45804975184e-05	3.71504145986e-05	0.00229218058074	0.000404939519125	7.43008291973e-06	7.05857877374e-05	0.00212500371504	1.85752072993e-05	4.82955389782e-05	0	0	0	7.43008291973e-05	0.00277513597052	0.00082473920409	0.0264102297382	0.00345127351621	0.00174235444468	0.000159746782774	0.000133741492555	0.000679852587155	1.85752072993e-05	0.000312063482628	0.000156031741314	0.000237762653431	3.71504145986e-05	0
0.00717003001753	0.000196897197373	0.00155288733022	0	0.000182037031533	3.71504145986e-05	0.0031837905311	0.0163090320088	0.00822138675068	0.000118881326716	0.00201355247125	5.20105804381e-05	0.000100306119416	3.71504145986e-06	0.00872663238922	3.34353731388e-05	0	0.00288287217285	3.71504145986e-06	0.00116280797694	8.1730912117e-05	0.0141245876304	0	0.0049149998514	0.00215100900526	3.71504145986e-06	0.00159003774482	0.00182780039825	0.01984946652	0.0143772104497	0.0536266234731	0	1.11451243796e-05	0.00118138318424	0.0158632270336	3.71504145986e-06	0.000156031741314	0	0	7.43008291973e-06	0	0	0.000100306119416	3.71504145986e-06	0.000144886616935	7.43008291973e-06	3.71504145986e-06	7.43008291973e-06	0	7.43008291973e-06	3.71504145986e-06	0	7.43008291973e-06	3.71504145986e-06	3.71504145986e-06	7.43008291973e-06	0	1.85752072993e-05	4.45804975184e-05	0.000156031741314	0	0	0.000286058192409	0.000289773233869	0	1.85752072993e-05	0	0	0	1.48601658395e-05	0.00195411180789	2.6005290219e-05	0.00893838975243	0.00248907777811	0.000319493565548	3.71504145986e-06	0	2.97203316789e-05	0	2.97203316789e-05	2.22902487592e-05	7.43008291973e-06	0	0
0	0	0	0	0	0	0	0	0	0	0	0.000174606948614	0	0.000449520016643	0	0	0	0	0	0	0	0	0	0	0	2.6005290219e-05	0.000876749784528	0.000286058192409	0	0	0	0.000925045323506	0	0	0	0	3.71504145986e-06	0	0	0	0	0	0	0	0	0	5.57256218979e-05	0	0.000352928938687	0	0	0	0	1.48601658395e-05	0	0	0	0	0	0	4.82955389782e-05	0.000345498855767	8.91609950367e-05	0	0	0	0.000297203316789	0	0	0	1.11451243796e-05	1.85752072993e-05	1.48601658395e-05	0	0	0	0	0	9.65910779564e-05	0	0	0	0	0
0	0	0	0	3.71504145986e-06	0.00172006419592	4.45804975184e-05	0	0.000653847296936	0	1.11451243796e-05	0.000850744494309	0	0.000925045323506	0.000739293250513	7.43008291973e-06	0	0	5.57256218979e-05	3.34353731388e-05	1.48601658395e-05	0	0	0	3.71504145986e-06	0.000122596368175	0.000330638689928	3.71504145986e-06	1.11451243796e-05	0.00140057063037	1.11451243796e-05	0	0.00336582756264	0	0.00237391149285	0	0	0	0	0	0	0	0	0	0	0	0.000182037031533	0	0.000256337860731	0	0	0	3.71504145986e-06	0	0	0	0	0	0	0	0.00026376794365	0	3.71504145986e-06	0	0	0	0	0	0	3.71504145986e-06	2.6005290219e-05	0.000471810265403	0.000939905489345	7.43008291973e-06	5.20105804381e-05	0.000200612238833	0.000159746782774	0	0	3.71504145986e-06	3.71504145986e-06	0	0	0
2.97203316789e-05	0	1.11451243796e-05	0	0.000122596368175	1.11451243796e-05	0.000653847296936	0.00237391149285	0.000497815555622	8.54459535768e-05	0.00149716170832	1.85752072993e-05	2.22902487592e-05	7.43008291973e-06	0.000378934228906	3.71504145986e-06	0	1.48601658395e-05	0	0.000486670431242	3.71504145986e-05	2.6005290219e-05	0	0.000170891907154	0.00081359407971	0	0.000508960680001	1.85752072993e-05	0.00383020774512	0.0054982613606	0.00118138318424	0	0	0.00721832555651	0.00589205575534	0	1.48601658395e-05	0	0	0	0	1.48601658395e-05	0.000111451243796	1.48601658395e-05	5.94406633578e-05	0	0	3.71504145986e-06	0	7.43008291973e-06	3.71504145986e-06	0	3.71504145986e-06	0	0	3.71504145986e-06	0	1.85752072993e-05	3.71504145986e-06	5.94406633578e-05	3.71504145986e-06	0	2.22902487592e-05	0.000668707462775	0	1.85752072993e-05	0	0	0	0	0.00117023805986	7.43008291973e-06	0.00351442922103	0.000468095223943	4.45804975184e-05	3.71504145986e-06	0	8.54459535768e-05	3.71504145986e-06	7.43008291973e-06	7.43008291973e-06	3.34353731388e-05	0	0
0.00211385859066	0.000115166285256	0.00108850714774	0	0.0053496597022	0.00300175349957	0.00808764525812	0.00771985615359	0.0114609029037	0.000319493565548	0.0119364282105	0.0130137902339	0.0129246292389	0.00458064612001	0.0118472672155	0.000475525306862	0	0.00779787202425	0.00188724106161	0.0228512200196	0.0108962166018	0.00503016613665	3.71504145986e-06	0.00332124706512	0.0037670520403	0.000668707462775	0.0252622819271	0.00174606948614	0.0171226260885	0.0445582072696	0.0158632270336	0	0.00237391149285	0.00589205575534	0.0828417095135	1.11451243796e-05	9.65910779564e-05	1.85752072993e-05	0	0.000419799684964	0	0.000100306119416	0.000910185157666	0.000122596368175	0.00123339376467	0.000445804975184	0.000378934228906	0.000107736202336	0.00054982613606	0.000133741492555	0	0	1.85752072993e-05	4.82955389782e-05	0.000118881326716	0.000679852587155	1.11451243796e-05	4.82955389782e-05	0.00027491306803	0.00248164769519	0.000568401343359	0.000107736202336	0.000482955389782	0.00287172704847	2.22902487592e-05	2.22902487592e-05	0	0	0	8.91609950367e-05	0.00561714268731	0.00152688204	0.0439786608019	0.00533851457782	0.00141171575475	0.000783873748031	0.000616696882337	0.000783873748031	5.20105804381e-05	0.000289773233869	0.000133741492555	0.000248907777811	2.22902487592e-05	0
0	0	1.48601658395e-05	0	2.6005290219e-05	0	3.71504145986e-06	0	0	7.43008291973e-06	0.000152316699854	0	7.43008291973e-05	0	0	0	0	1.11451243796e-05	0	7.43008291973e-06	0.000144886616935	3.71504145986e-06	0	3.71504145986e-06	2.97203316789e-05	0	0.000208042321752	8.91609950367e-05	4.08654560585e-05	1.11451243796e-05	3.71504145986e-06	0	0	0	1.11451243796e-05	0.0330192884953	3.34353731388e-05	3.71504145986e-06	0	0.00490013968556	0	0.00275284572176	0.00754153416352	0.00846286444557	3.34353731388e-05	0.00903869587185	0.000687282670075	0.00484441406366	7.43008291973e-06	0.0277402145808	7.43008291973e-06	0	0.00107736202336	0.000126311409635	0.00193182155913	0.00953651142747	0.00112194252088	3.71504145986e-06	0.00125568401343	0.00147487145957	7.43008291973e-06	0.000627842006717	0.000468095223943	0.00664620917169	0.0132998484263	0.00354786459417	0	0	0.000564686301899	0.00442832942016	1.48601658395e-05	1.11451243796e-05	5.57256218979e-05	5.20105804381e-05	0	0	0	0.000241477694891	4.08654560585e-05	0.00430573305198	0.000245192736351	7.80158706571e-05	0.00027491306803	0
2.97203316789e-05	0.0123487978126	0.00270826522424	0	4.82955389782e-05	0	1.85752072993e-05	7.43008291973e-05	6.68707462775e-05	0.000349213897227	2.22902487592e-05	3.71504145986e-06	1.48601658395e-05	1.85752072993e-05	5.20105804381e-05	0	0.000130026451095	0.000111451243796	0	1.85752072993e-05	3.71504145986e-06	4.08654560585e-05	0.00274541563884	0.000401224477665	0.000460665141023	0.000200612238833	0.0036556007965	0.0249725086932	0.000222902487592	1.85752072993e-05	0.000156031741314	3.71504145986e-06	0	1.48601658395e-05	9.65910779564e-05	3.34353731388e-05	0.0399515558594	0.000382649270366	0	3.71504145986e-05	2.97203316789e-05	0	2.22902487592e-05	0	0.00349956905519	3.71504145986e-06	3.71504145986e-05	4.45804975184e-05	7.43008291973e-05	4.08654560585e-05	7.05857877374e-05	0.000664992421315	0.000326923648468	2.22902487592e-05	1.11451243796e-05	4.08654560585e-05	1.85752072993e-05	0.00730377151009	0.000516390762921	0.00155288733022	0.00534594466074	0.0032952417749	0.0328223912979	0.000185752072993	0	1.48601658395e-05	0	0	0	2.22902487592e-05	0.000345498855767	0.000230332570511	2.97203316789e-05	1.85752072993e-05	0	0	0	0.000876749784528	0.000315778524088	0.000122596368175	1.85752072993e-05	8.91609950367e-05	3.71504145986e-06	0
