0.0299755262806	5.73602799182e-05	0.000721783522304	0	0.000712223475651	5.73602799182e-05	0.00109462534177	0.0186325309268	0.0114385958203	0.00139576681134	0.00264335289956	0.000344161679509	0.000138620676469	2.86801399591e-05	0.0159461578173	0.00010994053651	0.000253341236305	0.000640523125753	3.82401866121e-05	0.000172080839754	0.000439762146039	0.00252863233973	0.000583162845835	0.00234699145332	0.00193590944724	1.91200933061e-05	0.000372841819468	0.000434982122713	0.00733255578287	0.00882392306074	0.00621881034779	9.56004665303e-06	1.43400699795e-05	0.000143400699795	0.00249995219977	8.60404198772e-05	6.69203265712e-05	3.34601632856e-05	0	4.78002332651e-05	0	4.78002332651e-06	0.000186420909734	7.64803732242e-05	0.00103726506185	5.73602799182e-05	3.34601632856e-05	2.86801399591e-05	1.43400699795e-05	0.000248561212979	9.56004665303e-06	0.000167300816428	1.43400699795e-05	4.78002332651e-06	1.43400699795e-05	4.78002332651e-05	0.000114720559836	0.000377621842795	0.000114720559836	0.000850844152119	1.43400699795e-05	4.30202099386e-05	0.000133840653142	0.000602282939141	0.000401521959427	0.000282021376264	0	1.43400699795e-05	0.000215101049693	0.000578382822508	0.00135752662473	0.000348941702836	0.00244737194318	0.000903424408711	0.000329821609529	8.12603965507e-05	2.39001166326e-05	0.000258121259632	5.73602799182e-05	0.000406301982754	0.000133840653142	5.25802565917e-05	1.91200933061e-05	0
5.73602799182e-05	0.0111470143974	0.000659643219059	0	0	4.78002332651e-06	4.78002332651e-06	7.64803732242e-05	9.56004665303e-06	0.00093210454867	9.56004665303e-06	0.00010994053651	1.91200933061e-05	7.64803732242e-05	2.86801399591e-05	2.39001166326e-05	0.000583162845835	0.000922544502017	4.30202099386e-05	0.00031548153955	4.78002332651e-06	0.000167300816428	0.00368061796142	0.00083650408214	0.00103248503853	0.000463662262672	0.00177816867746	0.00700273417334	0.000210321026367	4.30202099386e-05	9.08204432038e-05	1.91200933061e-05	0	4.78002332651e-06	0.000564042752529	0	0.00162998795434	0.000200760979714	0	0	0	0	9.56004665303e-06	4.78002332651e-06	1.43400699795e-05	0	1.91200933061e-05	0	3.34601632856e-05	1.43400699795e-05	0	4.78002332651e-05	7.64803732242e-05	9.56004665303e-06	5.73602799182e-05	0	1.91200933061e-05	0.000143400699795	0.000143400699795	2.86801399591e-05	5.25802565917e-05	0.00050668247261	0.00156306762777	3.34601632856e-05	1.43400699795e-05	0	4.78002332651e-06	0	9.56004665303e-06	7.64803732242e-05	0.000463662262672	0.000492342402631	0.000487562379304	0.000124280606489	5.25802565917e-05	9.56004665303e-06	0	6.69203265712e-05	0.000100380489857	6.21403032447e-05	2.86801399591e-05	4.78002332651e-06	4.78002332651e-06	4.78002332651e-06
0.000721783522304	0.000659643219059	0.028283398023	0	9.56004665303e-06	0	4.78002332651e-05	0.00139098678802	0.000449322192692	4.78002332651e-05	6.21403032447e-05	0.000138620676469	4.78002332651e-06	9.56004665303e-06	0.000544922659223	1.91200933061e-05	9.56004665303e-05	0.00510028488939	8.12603965507e-05	0.0006309630791	4.78002332651e-06	0.00101336494522	0.000587942869161	0.00932582551003	8.12603965507e-05	1.91200933061e-05	0.00426856083058	0.0143209498862	0.000363281772815	9.56004665303e-05	0.00153438748781	0	0	0	0.00104682510851	4.78002332651e-05	0.0040916999675	0.00138620676469	0	4.78002332651e-06	0	0	4.78002332651e-05	2.39001166326e-05	1.43400699795e-05	1.43400699795e-05	5.73602799182e-05	0	5.25802565917e-05	5.73602799182e-05	0	0.000262901282958	0.000549702682549	3.34601632856e-05	0.000138620676469	4.78002332651e-06	0.000167300816428	0.000745683638936	0.00119978585495	5.25802565917e-05	0.000133840653142	0.0015678476511	0.00522456549588	7.64803732242e-05	2.86801399591e-05	0.000114720559836	4.78002332651e-06	0	9.56004665303e-06	0.000325041586203	0.00104204508518	0.00225139098679	0.000908204432038	0.000258121259632	2.39001166326e-05	4.78002332651e-06	4.78002332651e-06	0.000382401866121	0.000348941702836	0.000262901282958	0.000119500583163	0	9.56004665303e-06	0
0	0	0	0	0	0	0	0	0	0	0	0	0	0	0	0	0	0	0	0	0	0	0	0	0	0	0	0	0	0	0	0	0	0	0	0	0	0	0	0	0	0	0	0	0	0	0	0	0	0	0	0	0	0	0	0	0	0	0	0	0	0	0	0	0	0	0	0	0	0	0	0	0	0	0	0	0	0	0	0	0	0	0	0
0.000712223475651	0	9.56004665303e-06	0	0.0191678935393	2.86801399591e-05	0.000879524292079	0.00449322192692	0.00121890594826	0.000492342402631	0.00559740731535	0.000157740769775	0.00217013059024	1.91200933061e-05	0.000807823942181	9.08204432038e-05	9.56004665303e-06	0	0	1.43400699795e-05	0.00536318617235	1.91200933061e-05	2.86801399591e-05	2.86801399591e-05	0.00479914341982	4.78002332651e-06	2.39001166326e-05	1.91200933061e-05	0.011448155867	0.000487562379304	4.78002332651e-05	0	9.56004665303e-06	4.78002332651e-06	0.000587942869161	1.91200933061e-05	0	0	0	0.000611842985794	0	5.25802565917e-05	0.000119500583163	8.60404198772e-05	0.000731343568957	0.000234221142999	1.43400699795e-05	0.000167300816428	0	0.000181640886408	0	9.56004665303e-06	0	0	4.78002332651e-06	0.000482782355978	1.43400699795e-05	2.86801399591e-05	1.43400699795e-05	0.00129060629816	0	4.78002332651e-06	4.78002332651e-06	0.000454102216019	0.000234221142999	2.39001166326e-05	0	9.56004665303e-06	5.25802565917e-05	0.000210321026367	0.000344161679509	5.73602799182e-05	0.000659643219059	0.000143400699795	0.000229441119673	3.82401866121e-05	1.43400699795e-05	5.73602799182e-05	0	9.08204432038e-05	1.91200933061e-05	2.39001166326e-05	4.78002332651e-06	0
5.73602799182e-05	4.78002332651e-06	0	0	2.86801399591e-05	0.00548746677884	0.00303531481234	0.000215101049693	0.00111374543508	6.21403032447e-05	0.000143400699795	4.30202099386e-05	0.000133840653142	0	0.00052102254259	0.00132884648477	4.78002332651e-06	0	0	0	9.08204432038e-05	4.78002332651e-06	1.43400699795e-05	1.43400699795e-05	4.30202099386e-05	0	0	9.56004665303e-06	0.000143400699795	0.000100380489857	2.39001166326e-05	0	0.0006309630791	0	0.000229441119673	9.56004665303e-06	0	0	0	0	0	0	9.56004665303e-06	0	3.82401866121e-05	0	4.78002332651e-06	0	4.78002332651e-06	9.56004665303e-06	0	0	0	0	0	0	0	4.78002332651e-06	0	1.91200933061e-05	0	0	0	4.30202099386e-05	1.43400699795e-05	1.43400699795e-05	4.78002332651e-06	9.56004665303e-06	0	1.91200933061e-05	0.000262901282958	0	0.000544922659223	0.000105160513183	0.00094644461865	0.000769583755569	4.78002332651e-06	4.78002332651e-06	0	1.43400699795e-05	9.56004665303e-06	9.56004665303e-06	4.78002332651e-06	0
0.00109462534177	4.78002332651e-06	4.78002332651e-05	0	0.000879524292079	0.00303531481234	0.035529913386	0.00666813254049	0.0176908663314	0.000473222309325	0.00904380413376	0.000401521959427	0.00574080801514	4.78002332651e-05	0.00465574272002	0.00256687252634	1.43400699795e-05	2.39001166326e-05	1.43400699795e-05	1.91200933061e-05	0.00367583793809	0.00021988107302	8.60404198772e-05	0.000234221142999	0.000712223475651	5.25802565917e-05	5.73602799182e-05	6.69203265712e-05	0.00278675359936	0.000956004665303	0.000286801399591	0	0.000635743102426	4.78002332651e-06	0.00122846599491	1.91200933061e-05	9.56004665303e-06	0	0	1.43400699795e-05	0	9.56004665303e-06	7.64803732242e-05	9.56004665303e-06	0.000253341236305	9.56004665303e-06	1.91200933061e-05	9.56004665303e-06	9.56004665303e-06	5.25802565917e-05	0	1.91200933061e-05	4.78002332651e-06	0	4.78002332651e-06	2.39001166326e-05	2.86801399591e-05	3.82401866121e-05	1.91200933061e-05	0.000229441119673	4.78002332651e-06	0	9.56004665303e-06	0.000239001166326	0.000119500583163	5.25802565917e-05	0	4.78002332651e-06	5.73602799182e-05	0.000172080839754	0.00138142674136	0.000157740769775	0.00160608783771	0.000243781189652	0.0023613315233	0.000554482705876	2.86801399591e-05	6.69203265712e-05	9.56004665303e-06	0.000133840653142	4.30202099386e-05	1.91200933061e-05	9.56004665303e-06	0
0.0186325309268	7.64803732242e-05	0.00139098678802	0	0.00449322192692	0.000215101049693	0.00666813254049	0.071528269058	0.0181545285941	0.00243781189652	0.0182596891073	0.000874744268752	0.00105160513183	6.69203265712e-05	0.014932792872	0.000454102216019	0.000291581422917	0.00129060629816	6.69203265712e-05	0.000334601632856	0.00202672989044	0.00552570696545	0.000544922659223	0.00483260358311	0.00723695531634	8.12603965507e-05	0.000693103382345	0.000893864362058	0.0303292480067	0.00504292460947	0.0131259440546	4.78002332651e-06	4.30202099386e-05	0.000129060629816	0.00445020171698	0.000277241352938	0.000119500583163	8.60404198772e-05	0	0.000478002332651	0	0.000157740769775	0.000511462495937	0.00021988107302	0.00212233035697	0.000372841819468	9.56004665303e-05	0.000282021376264	1.91200933061e-05	0.000798263895528	2.86801399591e-05	0.000215101049693	6.21403032447e-05	9.56004665303e-06	2.86801399591e-05	0.000597502915814	0.000191200933061	0.000372841819468	0.000253341236305	0.00327909600199	9.56004665303e-06	0.000100380489857	0.000253341236305	0.00176382860748	0.00103248503853	0.000353721726162	0	2.86801399591e-05	0.000320261562876	0.00128104625151	0.0036949580314	0.000673983289038	0.005606967362	0.00176382860748	0.00126670618153	0.000368061796142	8.12603965507e-05	0.000368061796142	9.56004665303e-05	0.000860404198772	0.000248561212979	0.000124280606489	2.39001166326e-05	4.78002332651e-06
0.0114385958203	9.56004665303e-06	0.000449322192692	0	0.00121890594826	0.00111374543508	0.0176908663314	0.0181545285941	0.0489474388635	0.000865184222099	0.00926368520678	0.000760023708916	0.00276763350605	8.12603965507e-05	0.0212997839429	0.000540142635896	0.000114720559836	0.000320261562876	3.34601632856e-05	6.69203265712e-05	0.00378099845127	0.00190244928395	0.000248561212979	0.00173514846752	0.00154394753446	5.25802565917e-05	0.000272461329611	0.000262901282958	0.00706487447659	0.00276285348272	0.00265291294622	0	0.00061662300912	2.39001166326e-05	0.00256209250301	8.60404198772e-05	3.82401866121e-05	4.78002332651e-06	0	3.82401866121e-05	0	1.91200933061e-05	0.000133840653142	4.78002332651e-05	0.000650083172406	4.78002332651e-05	2.39001166326e-05	4.78002332651e-05	9.56004665303e-06	0.000162520793101	9.56004665303e-06	9.08204432038e-05	9.56004665303e-06	4.78002332651e-06	4.78002332651e-06	7.17003498977e-05	8.12603965507e-05	0.000195980956387	7.64803732242e-05	0.000702663428998	4.78002332651e-06	1.91200933061e-05	5.25802565917e-05	0.000478002332651	0.000291581422917	0.000133840653142	0	1.43400699795e-05	0.000133840653142	0.00041108200608	0.00164432802432	0.000344161679509	0.00281543373932	0.00050668247261	0.00129060629816	0.000348941702836	6.21403032447e-05	0.000157740769775	4.78002332651e-05	0.000282021376264	8.12603965507e-05	4.78002332651e-05	1.43400699795e-05	4.78002332651e-06
0.00139576681134	0.00093210454867	4.78002332651e-05	0	0.000492342402631	6.21403032447e-05	0.000473222309325	0.00243781189652	0.000865184222099	0.0200617579014	0.000401521959427	0.000129060629816	0.00197892965718	2.39001166326e-05	0.000889084338732	0.000846064128793	0.000348941702836	0.000133840653142	4.78002332651e-06	5.73602799182e-05	0.000372841819468	0.000133840653142	0.00387181889448	0.000310701516223	0.00959350681631	5.73602799182e-05	0.000133840653142	0.000578382822508	0.0042542207606	0.00101814496855	0.000865184222099	0	4.78002332651e-06	7.17003498977e-05	0.00053536261257	0.000334601632856	0.000119500583163	5.25802565917e-05	0	0.000133840653142	0	4.30202099386e-05	0.000468442285998	0.000162520793101	0.00658687214394	0.000143400699795	0.000105160513183	8.12603965507e-05	4.30202099386e-05	0.000626183055773	9.56004665303e-06	0.000344161679509	3.34601632856e-05	4.78002332651e-06	2.39001166326e-05	0.000186420909734	0.000186420909734	0.000540142635896	0.000157740769775	0.00276285348272	1.91200933061e-05	5.73602799182e-05	0.000186420909734	0.0015678476511	0.00113286552838	0.000673983289038	4.78002332651e-06	2.39001166326e-05	0.000592722892488	0.0015152673945	0.0012619261582	0.000195980956387	0.000755243685589	0.000262901282958	0.00159652779106	4.78002332651e-05	9.56004665303e-06	0.000501902449284	9.08204432038e-05	0.000893864362058	0.000239001166326	0.000114720559836	3.82401866121e-05	0
0.00264335289956	9.56004665303e-06	6.21403032447e-05	0	0.00559740731535	0.000143400699795	0.00904380413376	0.0182596891073	0.00926368520678	0.000401521959427	0.0453337412287	0.0006309630791	0.00526280568249	5.73602799182e-05	0.00391483910441	0.000253341236305	3.82401866121e-05	1.91200933061e-05	2.39001166326e-05	4.78002332651e-05	0.0109892736277	0.000329821609529	6.21403032447e-05	0.000320261562876	0.00187854916732	2.39001166326e-05	0.000119500583163	6.69203265712e-05	0.0132741247777	0.0014961473012	0.000339381656182	0	4.30202099386e-05	2.39001166326e-05	0.00210321026367	1.91200933061e-05	1.43400699795e-05	4.78002332651e-06	0	0.000372841819468	0	4.78002332651e-05	0.00010994053651	8.60404198772e-05	0.000482782355978	0.000133840653142	1.91200933061e-05	0.000105160513183	9.56004665303e-06	0.000152960746448	1.43400699795e-05	4.78002332651e-06	0	0	0	0.000372841819468	2.86801399591e-05	2.39001166326e-05	2.86801399591e-05	0.00118544578498	1.43400699795e-05	4.78002332651e-06	3.34601632856e-05	0.000458882239345	0.000239001166326	3.82401866121e-05	0	1.43400699795e-05	5.25802565917e-05	0.00021988107302	0.00103726506185	0.000258121259632	0.00240435173324	0.000420642052733	0.000516242519263	0.000162520793101	5.73602799182e-05	4.30202099386e-05	9.56004665303e-06	0.000138620676469	4.78002332651e-05	4.78002332651e-05	1.91200933061e-05	0
0.000344161679509	0.00010994053651	0.000138620676469	0	0.000157740769775	4.30202099386e-05	0.000401521959427	0.000874744268752	0.000760023708916	0.000129060629816	0.0006309630791	0.0341484866446	0.000181640886408	0.00727041547963	0.000783923825548	9.56004665303e-06	6.21403032447e-05	0.00156306762777	0.00420642052733	0.00693581384677	0.000468442285998	0.000329821609529	9.56004665303e-05	0.000540142635896	0.000143400699795	0.00301619471903	0.00934972562666	0.00178294870079	0.000559262729202	0.000564042752529	0.00042542207606	0.000544922659223	1.43400699795e-05	4.78002332651e-06	0.00989942830921	4.78002332651e-06	0.000243781189652	8.60404198772e-05	0	0	0	0	3.82401866121e-05	1.43400699795e-05	7.64803732242e-05	9.56004665303e-06	0.000956004665303	0	0.00227051108009	3.82401866121e-05	4.78002332651e-06	2.86801399591e-05	3.82401866121e-05	0.000210321026367	0.000167300816428	0	3.34601632856e-05	3.82401866121e-05	0.000100380489857	7.17003498977e-05	0.00163954800099	0.000893864362058	0.000760023708916	8.12603965507e-05	6.69203265712e-05	3.34601632856e-05	0.000277241352938	9.56004665303e-06	2.86801399591e-05	0.000138620676469	0.00256209250301	0.00715091489646	0.0116250167301	0.00152004741783	0.000129060629816	3.34601632856e-05	0.00156306762777	0.000162520793101	0.000779143802222	0.000133840653142	5.25802565917e-05	0	0	3.34601632856e-05
0.000138620676469	1.91200933061e-05	4.78002332651e-06	0	0.00217013059024	0.000133840653142	0.00574080801514	0.00105160513183	0.00276763350605	0.00197892965718	0.00526280568249	0.000181640886408	0.0219259669987	1.91200933061e-05	0.000970344735282	0.00127148620485	4.78002332651e-06	1.43400699795e-05	0	9.56004665303e-06	0.0115055161469	3.34601632856e-05	7.17003498977e-05	2.39001166326e-05	0.000936884571997	4.78002332651e-06	3.82401866121e-05	9.56004665303e-06	0.000750463662263	0.000363281772815	4.30202099386e-05	0	1.43400699795e-05	0	0.000564042752529	9.56004665303e-06	9.56004665303e-06	0	0	6.69203265712e-05	0	5.73602799182e-05	4.78002332651e-06	1.91200933061e-05	0.000248561212979	5.73602799182e-05	9.56004665303e-06	0.000511462495937	4.78002332651e-06	4.30202099386e-05	4.78002332651e-06	4.78002332651e-06	0	0	0	9.56004665303e-05	0	9.56004665303e-06	0	0.000224661096346	0	9.56004665303e-06	9.56004665303e-06	7.17003498977e-05	4.30202099386e-05	4.78002332651e-06	0	0	0	1.91200933061e-05	0.000157740769775	9.08204432038e-05	0.000516242519263	5.73602799182e-05	0.00145312709126	4.78002332651e-05	0	2.86801399591e-05	9.56004665303e-06	2.86801399591e-05	4.78002332651e-06	4.78002332651e-06	0	4.78002332651e-06
2.86801399591e-05	7.64803732242e-05	9.56004665303e-06	0	1.91200933061e-05	0	4.78002332651e-05	6.69203265712e-05	8.12603965507e-05	2.39001166326e-05	5.73602799182e-05	0.00727041547963	1.91200933061e-05	0.0122607598325	8.12603965507e-05	0	1.91200933061e-05	6.69203265712e-05	0.000157740769775	0.000172080839754	3.82401866121e-05	9.56004665303e-06	3.34601632856e-05	4.78002332651e-05	2.86801399591e-05	0.00311179518556	0.00341771667846	0.00170646832757	5.25802565917e-05	5.25802565917e-05	2.39001166326e-05	0.00113764555171	0	0	0.000573602799182	4.78002332651e-06	0.000138620676469	1.91200933061e-05	0	0	0	4.78002332651e-06	9.56004665303e-06	0	1.43400699795e-05	9.56004665303e-06	0.000664423242385	4.78002332651e-06	0.00205063000707	9.56004665303e-06	0	4.78002332651e-06	9.56004665303e-06	8.60404198772e-05	9.08204432038e-05	0	1.43400699795e-05	1.91200933061e-05	1.43400699795e-05	0	0.00108506529512	0.000602282939141	0.000487562379304	4.78002332651e-06	1.43400699795e-05	2.39001166326e-05	0.000262901282958	0	4.78002332651e-06	5.73602799182e-05	0.000210321026367	0.00250473222309	0.00126670618153	0.000133840653142	9.56004665303e-06	4.78002332651e-06	0.00074090361561	2.86801399591e-05	0.000530582589243	0.00010994053651	3.34601632856e-05	0	0	4.78002332651e-05
0.0159461578173	2.86801399591e-05	0.000544922659223	0	0.000807823942181	0.00052102254259	0.00465574272002	0.014932792872	0.0212997839429	0.000889084338732	0.00391483910441	0.000783923825548	0.000970344735282	8.12603965507e-05	0.0368970000574	0.000176860863081	0.000148180723122	0.000463662262672	6.21403032447e-05	0.000124280606489	0.00178772872412	0.00195024951722	0.000368061796142	0.00175904858416	0.00136708667138	2.86801399591e-05	0.000325041586203	0.000325041586203	0.00550180684882	0.00901990401713	0.00386703887115	0	0.000229441119673	4.30202099386e-05	0.00319783560544	7.64803732242e-05	3.82401866121e-05	2.86801399591e-05	0	4.78002332651e-05	0	4.78002332651e-06	0.000167300816428	4.30202099386e-05	0.000693103382345	4.78002332651e-05	2.39001166326e-05	2.39001166326e-05	1.43400699795e-05	0.000181640886408	4.78002332651e-06	0.000129060629816	9.56004665303e-06	0	9.56004665303e-06	7.64803732242e-05	0.000100380489857	0.000239001166326	8.60404198772e-05	0.000664423242385	9.56004665303e-06	3.82401866121e-05	8.12603965507e-05	0.000497122425957	0.000358501749489	0.000176860863081	0	9.56004665303e-06	0.000176860863081	0.000420642052733	0.00135752662473	0.000334601632856	0.00289191411254	0.000635743102426	0.000697883405671	0.000262901282958	4.78002332651e-05	0.000143400699795	3.82401866121e-05	0.000291581422917	8.60404198772e-05	4.30202099386e-05	9.56004665303e-06	0
0.00010994053651	2.39001166326e-05	1.91200933061e-05	0	9.08204432038e-05	0.00132884648477	0.00256687252634	0.000454102216019	0.000540142635896	0.000846064128793	0.000253341236305	9.56004665303e-06	0.00127148620485	0	0.000176860863081	0.00755243685589	5.25802565917e-05	1.91200933061e-05	0	1.43400699795e-05	0.000277241352938	0.000167300816428	0.000100380489857	0.000224661096346	0.000420642052733	4.78002332651e-06	1.91200933061e-05	5.25802565917e-05	0.000454102216019	7.17003498977e-05	8.12603965507e-05	0	1.91200933061e-05	4.78002332651e-06	0.000176860863081	9.56004665303e-06	0	9.56004665303e-06	0	4.78002332651e-06	0	4.78002332651e-06	9.56004665303e-06	1.91200933061e-05	6.69203265712e-05	9.56004665303e-06	0	4.78002332651e-06	0	2.86801399591e-05	0	3.34601632856e-05	9.56004665303e-06	0	4.78002332651e-06	1.43400699795e-05	3.34601632856e-05	3.34601632856e-05	7.17003498977e-05	5.25802565917e-05	0	1.43400699795e-05	3.34601632856e-05	5.25802565917e-05	3.82401866121e-05	2.86801399591e-05	0	4.78002332651e-06	4.78002332651e-06	5.25802565917e-05	0.000760023708916	0.00010994053651	0.000387181889448	0.000239001166326	0.00232787136001	4.30202099386e-05	0	5.73602799182e-05	2.86801399591e-05	0.000119500583163	0.000119500583163	3.34601632856e-05	0	0
0.000253341236305	0.000583162845835	9.56004665303e-05	0	9.56004665303e-06	4.78002332651e-06	1.43400699795e-05	0.000291581422917	0.000114720559836	0.000348941702836	3.82401866121e-05	6.21403032447e-05	4.78002332651e-06	1.91200933061e-05	0.000148180723122	5.25802565917e-05	0.022222328445	0.000248561212979	9.56004665303e-06	5.25802565917e-05	0	0.00260989273628	0.00910594443701	0.00940708590658	0.0039482992677	3.82401866121e-05	0.00010994053651	0.00405823980421	0.00357545744823	0.000262901282958	0.00118544578498	0	0	3.82401866121e-05	0.00083650408214	8.60404198772e-05	0.000100380489857	7.17003498977e-05	0	0	0	9.56004665303e-06	0.000152960746448	1.43400699795e-05	0.000224661096346	1.43400699795e-05	1.43400699795e-05	0	4.78002332651e-06	8.60404198772e-05	0	0.00239001166326	2.86801399591e-05	4.78002332651e-06	9.56004665303e-06	4.78002332651e-06	0.000688323359018	0.00402477964092	0.00105638515516	0.000525802565917	0	4.30202099386e-05	0.000745683638936	0.00093210454867	0.000224661096346	0.000454102216019	0	0	0.000143400699795	0.000272461329611	0.00241869180322	0.000683543335691	0.000917764478691	0.000511462495937	0.000119500583163	4.78002332651e-06	4.78002332651e-06	0.000353721726162	0.000176860863081	0.000277241352938	0.000215101049693	4.30202099386e-05	4.78002332651e-06	0
0.000640523125753	0.000922544502017	0.00510028488939	0	0	0	2.39001166326e-05	0.00129060629816	0.000320261562876	0.000133840653142	1.91200933061e-05	0.00156306762777	1.43400699795e-05	6.69203265712e-05	0.000463662262672	1.91200933061e-05	0.000248561212979	0.0321169767308	0.000415862029407	0.00809257949179	9.56004665303e-06	0.0022896311734	0.00053536261257	0.0101049693123	0.000167300816428	7.64803732242e-05	0.00571212787518	0.00755721687922	0.000439762146039	0.000234221142999	0.0028297738093	9.56004665303e-06	0	1.91200933061e-05	0.0091585246936	1.91200933061e-05	0.00216535056691	0.000559262729202	0	0	0	0	2.39001166326e-05	0	3.34601632856e-05	0	5.25802565917e-05	0	7.64803732242e-05	1.91200933061e-05	0	0.000105160513183	0.000157740769775	3.34601632856e-05	0.000124280606489	0	0.000114720559836	0.000262901282958	0.000420642052733	3.34601632856e-05	0.000138620676469	0.00118544578498	0.00260989273628	9.08204432038e-05	3.82401866121e-05	8.12603965507e-05	1.91200933061e-05	0	1.43400699795e-05	0.000157740769775	0.00389093898778	0.00297795453242	0.00535840614902	0.00162520793101	0.000119500583163	5.25802565917e-05	2.86801399591e-05	0.000272461329611	0.000181640886408	0.000114720559836	8.12603965507e-05	0	4.78002332651e-06	0
3.82401866121e-05	4.30202099386e-05	8.12603965507e-05	0	0	0	1.43400699795e-05	6.69203265712e-05	3.34601632856e-05	4.78002332651e-06	2.39001166326e-05	0.00420642052733	0	0.000157740769775	6.21403032447e-05	0	9.56004665303e-06	0.000415862029407	0.00674939293704	0.00249039215311	2.39001166326e-05	3.82401866121e-05	9.56004665303e-06	0.000114720559836	9.56004665303e-06	0.000229441119673	0.00271027322613	0.000487562379304	3.82401866121e-05	2.39001166326e-05	8.60404198772e-05	3.34601632856e-05	0	0	0.00104682510851	4.78002332651e-06	6.21403032447e-05	1.43400699795e-05	0	0	0	0	4.78002332651e-06	0	0	0	0.000100380489857	0	0.000176860863081	9.56004665303e-06	0	0	0	3.82401866121e-05	2.86801399591e-05	0	4.78002332651e-06	0	1.43400699795e-05	4.78002332651e-06	0.000186420909734	0.000320261562876	0.000224661096346	0	9.56004665303e-06	4.78002332651e-06	2.86801399591e-05	0	4.78002332651e-06	1.91200933061e-05	0.000525802565917	0.000826944035487	0.00150570734785	0.000272461329611	4.78002332651e-06	4.78002332651e-06	1.43400699795e-05	3.82401866121e-05	6.21403032447e-05	9.56004665303e-06	0	0	0	4.78002332651e-06
0.000172080839754	0.00031548153955	0.0006309630791	0	1.43400699795e-05	0	1.91200933061e-05	0.000334601632856	6.69203265712e-05	5.73602799182e-05	4.78002332651e-05	0.00693581384677	9.56004665303e-06	0.000172080839754	0.000124280606489	1.43400699795e-05	5.25802565917e-05	0.00809257949179	0.00249039215311	0.0227576910575	3.34601632856e-05	0.000587942869161	0.000157740769775	0.00107072522514	0.000105160513183	0.000320261562876	0.00936406569664	0.00297795453242	0.000215101049693	9.56004665303e-05	0.00074090361561	3.82401866121e-05	0	1.43400699795e-05	0.00866618229097	9.56004665303e-06	0.000994244851915	0.000167300816428	0	0	0	0	1.91200933061e-05	0	1.43400699795e-05	0	0.000114720559836	0	0.000215101049693	4.78002332651e-06	0	6.21403032447e-05	4.78002332651e-05	5.25802565917e-05	0.000152960746448	0	4.30202099386e-05	8.12603965507e-05	0.000119500583163	2.39001166326e-05	0.000454102216019	0.00125714613487	0.001171105715	3.34601632856e-05	4.78002332651e-06	9.56004665303e-06	7.64803732242e-05	0	9.56004665303e-06	6.69203265712e-05	0.00335079635189	0.00302097474236	0.00706965449991	0.00162042790769	7.17003498977e-05	9.56004665303e-06	4.30202099386e-05	0.00020554100304	9.56004665303e-05	2.86801399591e-05	2.39001166326e-05	0	0	4.78002332651e-06
0.000439762146039	4.78002332651e-06	4.78002332651e-06	0	0.00536318617235	9.08204432038e-05	0.00367583793809	0.00202672989044	0.00378099845127	0.000372841819468	0.0109892736277	0.000468442285998	0.0115055161469	3.82401866121e-05	0.00178772872412	0.000277241352938	0	9.56004665303e-06	2.39001166326e-05	3.34601632856e-05	0.0237041356762	4.78002332651e-05	2.86801399591e-05	5.73602799182e-05	0.000769583755569	9.56004665303e-06	6.21403032447e-05	4.78002332651e-06	0.00270549320281	0.000884304315405	4.78002332651e-05	0	2.39001166326e-05	0	0.001405326858	1.43400699795e-05	0	0	0	0.000105160513183	0	4.78002332651e-06	2.86801399591e-05	9.56004665303e-06	0.000167300816428	4.30202099386e-05	1.43400699795e-05	3.34601632856e-05	4.78002332651e-06	3.34601632856e-05	4.78002332651e-06	0	0	0	0	0.000114720559836	1.43400699795e-05	4.78002332651e-06	0	0.000344161679509	4.78002332651e-06	4.78002332651e-06	4.78002332651e-06	0.000105160513183	3.82401866121e-05	4.78002332651e-06	0	0	1.91200933061e-05	5.73602799182e-05	0.00042542207606	0.000191200933061	0.00123802604157	0.000124280606489	0.000382401866121	0.000133840653142	4.30202099386e-05	2.86801399591e-05	9.56004665303e-06	6.21403032447e-05	1.43400699795e-05	9.56004665303e-06	4.78002332651e-06	4.78002332651e-06
0.00252863233973	0.000167300816428	0.00101336494522	0	1.91200933061e-05	4.78002332651e-06	0.00021988107302	0.00552570696545	0.00190244928395	0.000133840653142	0.000329821609529	0.000329821609529	3.34601632856e-05	9.56004665303e-06	0.00195024951722	0.000167300816428	0.00260989273628	0.0022896311734	3.82401866121e-05	0.000587942869161	4.78002332651e-05	0.050214145045	0.00165388807097	0.0246936005048	0.00053536261257	1.43400699795e-05	0.000587942869161	0.00192156937726	0.00766715741573	0.0015678476511	0.0182835892239	4.78002332651e-06	0	0.000243781189652	0.00868052236095	3.34601632856e-05	0.000176860863081	0.000138620676469	0	0	0	9.56004665303e-06	0.000138620676469	1.91200933061e-05	0.000138620676469	9.56004665303e-06	1.91200933061e-05	0	4.78002332651e-06	7.17003498977e-05	0	0.000975124758609	5.73602799182e-05	1.43400699795e-05	3.34601632856e-05	1.43400699795e-05	0.000635743102426	0.00181640886408	0.000592722892488	0.000267681306285	2.39001166326e-05	0.000133840653142	0.000564042752529	0.000736123592283	0.000138620676469	0.000353721726162	0	4.78002332651e-06	9.56004665303e-05	0.000248561212979	0.00460794248676	0.00105160513183	0.00585074855165	0.00272939331944	0.000516242519263	9.08204432038e-05	1.91200933061e-05	0.00031548153955	9.56004665303e-05	0.000344161679509	0.000296361446244	4.30202099386e-05	0	0
0.000583162845835	0.00368061796142	0.000587942869161	0	2.86801399591e-05	1.43400699795e-05	8.60404198772e-05	0.000544922659223	0.000248561212979	0.00387181889448	6.21403032447e-05	9.56004665303e-05	7.17003498977e-05	3.34601632856e-05	0.000368061796142	0.000100380489857	0.00910594443701	0.00053536261257	9.56004665303e-06	0.000157740769775	2.86801399591e-05	0.00165388807097	0.0272939331944	0.00586030859831	0.0056977878052	0.000152960746448	0.000368061796142	0.00734211582953	0.00246649203648	0.000693103382345	0.00146268713791	4.78002332651e-06	4.78002332651e-06	8.12603965507e-05	0.00104204508518	0.000162520793101	0.000965564711956	0.000363281772815	0	4.78002332651e-06	0	1.43400699795e-05	0.000277241352938	3.82401866121e-05	0.000640523125753	3.34601632856e-05	2.39001166326e-05	4.78002332651e-06	1.91200933061e-05	0.000148180723122	0	0.00357545744823	0.000105160513183	4.78002332651e-06	4.78002332651e-05	4.78002332651e-06	0.00115676564502	0.00799219900193	0.00188332919065	0.000960784688629	3.82401866121e-05	0.000148180723122	0.00290147415919	0.00184030898071	0.000391961912774	0.000865184222099	4.78002332651e-06	4.78002332651e-06	0.000224661096346	0.000444542169366	0.00190244928395	0.000693103382345	0.00120934590161	0.000478002332651	0.000224661096346	2.86801399591e-05	4.78002332651e-06	0.000568822775855	0.000239001166326	0.000406301982754	0.000195980956387	2.39001166326e-05	1.91200933061e-05	9.56004665303e-06
0.00234699145332	0.00083650408214	0.00932582551003	0	2.86801399591e-05	1.43400699795e-05	0.000234221142999	0.00483260358311	0.00173514846752	0.000310701516223	0.000320261562876	0.000540142635896	2.39001166326e-05	4.78002332651e-05	0.00175904858416	0.000224661096346	0.00940708590658	0.0101049693123	0.000114720559836	0.00107072522514	5.73602799182e-05	0.0246936005048	0.00586030859831	0.0766906942506	0.000999024875241	5.25802565917e-05	0.00174470851418	0.013541806084	0.00398175943099	0.00149136727787	0.00888606336399	4.78002332651e-06	4.78002332651e-06	0.000138620676469	0.00912028450699	0.000119500583163	0.00110418538842	0.00083650408214	0	0	0	9.56004665303e-06	0.000200760979714	4.78002332651e-05	0.000215101049693	1.91200933061e-05	3.34601632856e-05	0	9.56004665303e-06	0.000138620676469	0	0.00381445861456	0.000286801399591	1.43400699795e-05	0.000119500583163	1.91200933061e-05	0.00113764555171	0.00653429188734	0.00310701516223	0.000387181889448	4.78002332651e-05	0.000482782355978	0.00361847765817	0.00119500583163	0.000258121259632	0.000549702682549	0	4.78002332651e-06	0.000138620676469	0.000501902449284	0.0112904150972	0.0030639949523	0.00940708590658	0.00465574272002	0.000817383988834	0.000181640886408	2.39001166326e-05	0.000951224641976	0.000420642052733	0.000673983289038	0.000578382822508	8.12603965507e-05	9.56004665303e-06	4.78002332651e-06
0.00193590944724	0.00103248503853	8.12603965507e-05	0	0.00479914341982	4.30202099386e-05	0.000712223475651	0.00723695531634	0.00154394753446	0.00959350681631	0.00187854916732	0.000143400699795	0.000936884571997	2.86801399591e-05	0.00136708667138	0.000420642052733	0.0039482992677	0.000167300816428	9.56004665303e-06	0.000105160513183	0.000769583755569	0.00053536261257	0.0056977878052	0.000999024875241	0.0373797824133	6.69203265712e-05	0.000186420909734	0.00101814496855	0.0180637081509	0.00163476797767	0.00163954800099	4.78002332651e-06	0	8.12603965507e-05	0.000769583755569	0.000291581422917	7.64803732242e-05	6.69203265712e-05	0	0.000717003498977	0	0.000176860863081	0.000564042752529	0.000262901282958	0.00329343607197	0.000497122425957	8.12603965507e-05	0.000272461329611	4.30202099386e-05	0.00072656354563	1.43400699795e-05	0.000434982122713	4.78002332651e-05	9.56004665303e-06	1.43400699795e-05	0.000850844152119	0.000286801399591	0.00101814496855	0.000234221142999	0.00380489856791	0	5.25802565917e-05	0.000138620676469	0.00195980956387	0.0011185254584	0.000597502915814	0	3.34601632856e-05	0.00041108200608	0.00127148620485	0.00190722930728	0.000382401866121	0.00114242557504	0.000353721726162	0.00143400699795	0.000105160513183	9.56004665303e-06	0.000473222309325	6.21403032447e-05	0.000783923825548	0.000215101049693	0.000148180723122	4.30202099386e-05	4.78002332651e-06
1.91200933061e-05	0.000463662262672	1.91200933061e-05	0	4.78002332651e-06	0	5.25802565917e-05	8.12603965507e-05	5.25802565917e-05	5.73602799182e-05	2.39001166326e-05	0.00301619471903	4.78002332651e-06	0.00311179518556	2.86801399591e-05	4.78002332651e-06	3.82401866121e-05	7.64803732242e-05	0.000229441119673	0.000320261562876	9.56004665303e-06	1.43400699795e-05	0.000152960746448	5.25802565917e-05	6.69203265712e-05	0.0105973117149	0.00263379285291	0.00438806141374	4.30202099386e-05	2.86801399591e-05	1.91200933061e-05	0.000262901282958	0	0	0.000420642052733	0	0.000248561212979	2.39001166326e-05	0	0	0	0	4.78002332651e-06	0	4.78002332651e-06	4.78002332651e-06	0.000597502915814	0	0.0015152673945	4.78002332651e-06	0	0	9.56004665303e-06	0.000162520793101	8.60404198772e-05	0	0	4.78002332651e-06	9.56004665303e-06	0	0.00186898912067	0.000884304315405	0.000659643219059	9.56004665303e-06	9.56004665303e-06	0	0.000224661096346	0	4.78002332651e-06	5.73602799182e-05	0.000138620676469	0.00109462534177	0.000731343568957	4.78002332651e-05	9.56004665303e-06	0	0.000779143802222	1.43400699795e-05	0.000262901282958	2.39001166326e-05	0	0	0	2.39001166326e-05
0.000372841819468	0.00177816867746	0.00426856083058	0	2.39001166326e-05	0	5.73602799182e-05	0.000693103382345	0.000272461329611	0.000133840653142	0.000119500583163	0.00934972562666	3.82401866121e-05	0.00341771667846	0.000325041586203	1.91200933061e-05	0.00010994053651	0.00571212787518	0.00271027322613	0.00936406569664	6.21403032447e-05	0.000587942869161	0.000368061796142	0.00174470851418	0.000186420909734	0.00263379285291	0.0619538823349	0.0204823999541	0.000320261562876	0.000157740769775	0.000769583755569	0.00171124835089	4.78002332651e-06	4.78002332651e-06	0.00584596852833	3.34601632856e-05	0.00781055811552	0.000846064128793	0	9.56004665303e-06	0	4.78002332651e-06	2.39001166326e-05	9.56004665303e-06	3.82401866121e-05	0	0.00103726506185	4.78002332651e-06	0.00262901282958	3.82401866121e-05	0	7.64803732242e-05	0.00031548153955	0.000760023708916	0.00120456587828	9.56004665303e-06	6.69203265712e-05	0.000143400699795	0.000310701516223	6.69203265712e-05	0.00512896502935	0.0095552666297	0.00899122387717	7.64803732242e-05	1.91200933061e-05	5.25802565917e-05	0.000607062962467	0	4.78002332651e-06	0.000540142635896	0.00347029693505	0.00736601594616	0.00662033230722	0.00122368597159	5.25802565917e-05	1.91200933061e-05	0.000119500583163	0.000434982122713	0.000956004665303	0.000353721726162	9.56004665303e-05	0	0	2.39001166326e-05
0.000434982122713	0.00700273417334	0.0143209498862	0	1.91200933061e-05	9.56004665303e-06	6.69203265712e-05	0.000893864362058	0.000262901282958	0.000578382822508	6.69203265712e-05	0.00178294870079	9.56004665303e-06	0.00170646832757	0.000325041586203	5.25802565917e-05	0.00405823980421	0.00755721687922	0.000487562379304	0.00297795453242	4.78002332651e-06	0.00192156937726	0.00734211582953	0.013541806084	0.00101814496855	0.00438806141374	0.0204823999541	0.0796447486664	0.000893864362058	0.000191200933061	0.00108028527179	0.000463662262672	9.56004665303e-06	1.43400699795e-05	0.0048134834898	7.64803732242e-05	0.0100906292423	0.00244737194318	0	9.56004665303e-06	0	9.56004665303e-06	0.000105160513183	3.34601632856e-05	9.08204432038e-05	1.91200933061e-05	0.000473222309325	4.78002332651e-06	0.00111374543508	0.000105160513183	0	0.00144356704461	0.000774363778895	0.000348941702836	0.000640523125753	1.43400699795e-05	0.000368061796142	0.00408691994417	0.00356111737825	0.000162520793101	0.00263857287624	0.00581728838837	0.0139911282767	0.000258121259632	9.08204432038e-05	0.000210321026367	0.000267681306285	4.78002332651e-06	2.39001166326e-05	0.000688323359018	0.0047226630466	0.0040916999675	0.00484694365309	0.00146268713791	0.000243781189652	3.82401866121e-05	4.78002332651e-05	0.000855624175446	0.000874744268752	0.000578382822508	0.000339381656182	1.91200933061e-05	9.56004665303e-06	1.91200933061e-05
0.00733255578287	0.000210321026367	0.000363281772815	0	0.011448155867	0.000143400699795	0.00278675359936	0.0303292480067	0.00706487447659	0.0042542207606	0.0132741247777	0.000559262729202	0.000750463662263	5.25802565917e-05	0.00550180684882	0.000454102216019	0.00357545744823	0.000439762146039	3.82401866121e-05	0.000215101049693	0.00270549320281	0.00766715741573	0.00246649203648	0.00398175943099	0.0180637081509	4.30202099386e-05	0.000320261562876	0.000893864362058	0.0741238217243	0.00393395919772	0.00955048660637	9.56004665303e-06	2.39001166326e-05	0.000262901282958	0.0031548153955	0.000344161679509	6.69203265712e-05	0.00010994053651	0	0.000860404198772	0	0.000176860863081	0.000783923825548	0.000329821609529	0.00362803770482	0.000463662262672	0.000124280606489	0.000377621842795	1.43400699795e-05	0.000975124758609	1.91200933061e-05	0.000760023708916	5.73602799182e-05	9.56004665303e-06	2.39001166326e-05	0.000893864362058	0.00050668247261	0.00155350758112	0.000348941702836	0.00467964283666	9.56004665303e-06	7.17003498977e-05	0.000229441119673	0.00271505324946	0.00156306762777	0.000965564711956	0	4.30202099386e-05	0.0006309630791	0.00189766926063	0.00503336456282	0.000783923825548	0.00431158104052	0.00144834706793	0.0012619261582	0.000305921492897	7.17003498977e-05	0.000841284105466	0.000148180723122	0.00131450641479	0.000382401866121	0.000229441119673	5.25802565917e-05	0
0.00882392306074	4.30202099386e-05	9.56004665303e-05	0	0.000487562379304	0.000100380489857	0.000956004665303	0.00504292460947	0.00276285348272	0.00101814496855	0.0014961473012	0.000564042752529	0.000363281772815	5.25802565917e-05	0.00901990401713	7.17003498977e-05	0.000262901282958	0.000234221142999	2.39001166326e-05	9.56004665303e-05	0.000884304315405	0.0015678476511	0.000693103382345	0.00149136727787	0.00163476797767	2.86801399591e-05	0.000157740769775	0.000191200933061	0.00393395919772	0.0281065371599	0.00538230626565	4.78002332651e-06	1.43400699795e-05	0.00111374543508	0.0040199996176	6.21403032447e-05	2.39001166326e-05	2.39001166326e-05	0	1.91200933061e-05	0	4.78002332651e-06	0.000210321026367	5.73602799182e-05	0.000702663428998	3.34601632856e-05	1.43400699795e-05	9.56004665303e-06	0	0.000167300816428	4.78002332651e-06	0.000200760979714	4.78002332651e-06	0	4.78002332651e-06	2.86801399591e-05	0.000119500583163	0.00030114146957	8.60404198772e-05	0.000564042752529	0	2.86801399591e-05	7.64803732242e-05	0.000511462495937	0.000329821609529	0.000248561212979	0	4.78002332651e-06	0.000186420909734	0.000401521959427	0.00083650408214	0.000325041586203	0.00181640886408	0.000439762146039	0.000215101049693	7.64803732242e-05	2.39001166326e-05	0.000210321026367	6.21403032447e-05	0.000296361446244	9.56004665303e-05	4.30202099386e-05	4.78002332651e-06	4.78002332651e-06
0.00621881034779	9.08204432038e-05	0.00153438748781	0	4.78002332651e-05	2.39001166326e-05	0.000286801399591	0.0131259440546	0.00265291294622	0.000865184222099	0.000339381656182	0.00042542207606	4.30202099386e-05	2.39001166326e-05	0.00386703887115	8.12603965507e-05	0.00118544578498	0.0028297738093	8.60404198772e-05	0.00074090361561	4.78002332651e-05	0.0182835892239	0.00146268713791	0.00888606336399	0.00163954800099	1.91200933061e-05	0.000769583755569	0.00108028527179	0.00955048660637	0.00538230626565	0.0482638955278	4.78002332651e-06	9.56004665303e-06	0.000511462495937	0.00743771629606	7.64803732242e-05	0.000152960746448	6.21403032447e-05	0	0	0	1.91200933061e-05	0.000172080839754	3.82401866121e-05	0.000559262729202	3.34601632856e-05	2.86801399591e-05	4.78002332651e-06	1.43400699795e-05	0.000200760979714	0	0.000587942869161	1.91200933061e-05	1.43400699795e-05	2.39001166326e-05	9.56004665303e-06	0.000501902449284	0.00106594520181	0.000262901282958	0.000626183055773	2.39001166326e-05	8.60404198772e-05	0.000368061796142	0.000865184222099	0.000320261562876	0.000482782355978	0	0	0.000181640886408	0.000454102216019	0.00293015429915	0.000941664595323	0.00393873922105	0.00168734823426	0.000325041586203	9.56004665303e-05	1.91200933061e-05	0.000334601632856	0.000100380489857	0.000387181889448	0.000224661096346	6.21403032447e-05	1.43400699795e-05	0
