0.0170666486899	0	5.24321004299e-05	0	8.23933006756e-05	3.74515003071e-06	0.00204110676674	0.00571135379683	0.0041833325843	0.000284631402334	0.000906326307432	0	0.000513085554207	3.74515003071e-06	0.00822809461747	5.61772504607e-05	8.61384507063e-05	2.24709001843e-05	0	0	0.000325828052672	0.000408221353347	7.86481506449e-05	0.000490614654023	0.000550537054514	0	3.74515003071e-06	3.37063502764e-05	0.00173774961425	0.00486869503992	0.00282384312316	0	0	0.000812697556664	0.00108983865894	1.87257501536e-05	0	0	0	2.24709001843e-05	0	7.49030006142e-06	2.99612002457e-05	7.49030006142e-06	0.00015729630129	1.12354500921e-05	0	3.74515003071e-06	0	1.12354500921e-05	0	0	0	0	0	0	7.49030006142e-06	7.49030006142e-06	3.74515003071e-06	0.000119844800983	0	0	0	2.6216050215e-05	7.49030006142e-06	3.74515003071e-06	0	0	3.74515003071e-06	3.74515003071e-06	0.000531811304361	0.000108609350891	0.000558027354576	0.000191002651566	0.000228454151873	4.49418003685e-05	3.74515003071e-06	7.49030006142e-06	0	7.49030006142e-06	3.74515003071e-06	0	0	0
0	0.014385121268	0.00188381046545	0	0	0	7.49030006142e-06	1.12354500921e-05	1.12354500921e-05	1.49806001228e-05	0	0.000235944451935	0	7.86481506449e-05	3.74515003071e-06	0	0.000138570551136	0.00114976105943	4.49418003685e-05	0.000606714304975	0	0.000112354500921	0.00134076371099	0.000617949755067	2.6216050215e-05	0.000573007954699	0.00422827438467	0.00668134765479	4.11966503378e-05	1.12354500921e-05	4.49418003685e-05	0	0	0	0.000587988554822	0	0.00370020823034	0.00042320195347	0	0	0	0	3.74515003071e-06	0	3.74515003071e-06	0	0.000123589951013	0	0.000119844800983	0	0	1.87257501536e-05	0.000220963851812	2.24709001843e-05	0.000119844800983	0	2.6216050215e-05	0.000250925052058	0.00020972840172	3.74515003071e-06	0.000516830704238	0.0004756340539	0.00140443126152	0	3.74515003071e-06	1.87257501536e-05	7.49030006142e-06	0	0	0.000288376552365	0.000337063502764	0.00112354500921	0.000621694905098	0.000232199301904	1.12354500921e-05	3.74515003071e-06	7.49030006142e-06	6.74127005528e-05	0.000382005303132	0.000198492951628	5.99224004914e-05	0	0	7.49030006142e-06
5.24321004299e-05	0.00188381046545	0.0316502629095	0	3.74515003071e-06	0	1.12354500921e-05	0.00020972840172	7.49030006142e-06	6.74127005528e-05	3.74515003071e-06	0.000131080251075	0	6.36675505221e-05	1.87257501536e-05	1.49806001228e-05	0.000700343055743	0.00763261576259	3.74515003071e-06	0.000670381855497	0	0.00211226461732	0.00148682456219	0.0129582191063	0.000142315701167	4.86869503992e-05	0.00588363069825	0.0122953275508	0.000456908303747	0.000123589951013	0.000880110257217	0	0	6.36675505221e-05	0.00354665707908	1.12354500921e-05	0.00094752295777	0.000168531751382	0	3.74515003071e-06	0	3.74515003071e-06	7.49030006142e-06	0	3.74515003071e-06	3.74515003071e-06	7.49030006142e-06	0	3.74515003071e-06	0	0	6.36675505221e-05	4.86869503992e-05	0	1.87257501536e-05	0	3.74515003071e-05	0.000509340404177	0.000187257501536	1.12354500921e-05	2.99612002457e-05	5.99224004914e-05	0.000509340404177	3.74515003071e-06	3.74515003071e-06	4.11966503378e-05	0	0	0	0.000108609350891	0.00262909532156	0.00350171527871	0.00349422497865	0.0014269021617	2.24709001843e-05	3.74515003071e-05	7.49030006142e-06	9.36287507678e-05	0.000146060851198	9.36287507678e-05	3.74515003071e-05	0	3.74515003071e-06	0
0	0	0	0	0	0	0	0	0	0	0	0	0	0	0	0	0	0	0	0	0	0	0	0	0	0	0	0	0	0	0	0	0	0	0	0	0	0	0	0	0	0	0	0	0	0	0	0	0	0	0	0	0	0	0	0	0	0	0	0	0	0	0	0	0	0	0	0	0	0	0	0	0	0	0	0	0	0	0	0	0	0	0	0
8.23933006756e-05	0	3.74515003071e-06	0	0.0164374634848	0	0.000411966503378	0.00103366140848	0.000119844800983	7.86481506449e-05	0.00111979985918	0	0.00235944451935	0	4.11966503378e-05	0	0	3.74515003071e-06	0	0	0.00601096579929	3.74515003071e-06	0	1.49806001228e-05	0.00486120473986	0	3.74515003071e-06	0	0.00407472323341	4.49418003685e-05	4.11966503378e-05	0	0	1.87257501536e-05	1.49806001228e-05	2.24709001843e-05	0	0	0	0.00287627522359	0	2.99612002457e-05	2.24709001843e-05	1.12354500921e-05	4.49418003685e-05	0.0013295282609	0	0.0009999550582	0	1.12354500921e-05	0	0	0	0	0	0.00256168262101	0	0	0	0.000149806001228	0	0	0	0.000247179902027	7.49030006142e-06	7.49030006142e-06	0	0	0	3.74515003071e-06	1.87257501536e-05	0	1.12354500921e-05	7.49030006142e-06	2.24709001843e-05	0	0	3.74515003071e-06	0	3.74515003071e-06	0	0	0	0
3.74515003071e-06	0	0	0	0	0.00438557068596	0.00265156622174	3.74515003071e-06	0.000662891555436	0	7.49030006142e-06	0	7.49030006142e-06	7.49030006142e-06	0.00037076985304	0.000647910955313	0	0	0	0	3.74515003071e-06	0	0	0	0	0	0	0	3.74515003071e-06	0.000187257501536	0	0	0.00145311821192	3.74515003071e-06	0.00042320195347	0	0	0	0	0	0	0	0	0	0	0	0	0	0	0	0	0	0	0	0	0	0	0	0	0	0	0	0	0	0	0	0	0	0	0	7.49030006142e-06	0	3.74515003071e-05	1.12354500921e-05	0.000299612002457	0.000569262804668	0	0	0	0	0	0	0	0
0.00204110676674	7.49030006142e-06	1.12354500921e-05	0	0.000411966503378	0.00265156622174	0.0498179857085	0.00374889518074	0.0198118436625	0.000134825401106	0.0111081149911	3.37063502764e-05	0.0104564588857	3.37063502764e-05	0.00756894821207	0.0017564753644	1.12354500921e-05	7.49030006142e-06	0	3.74515003071e-06	0.00329573202703	0.000101119050829	1.87257501536e-05	0.000123589951013	0.000662891555436	0	2.6216050215e-05	2.6216050215e-05	0.0018538492652	0.00300361032463	0.000509340404177	0	0.00255793747098	0.000299612002457	0.00215346126766	3.74515003071e-06	0	0	0	3.74515003071e-06	0	0	7.49030006142e-06	0	7.11578505835e-05	0	0	7.49030006142e-06	0	3.74515003071e-06	0	0	0	0	0	3.74515003071e-06	3.74515003071e-06	0	3.74515003071e-06	4.49418003685e-05	0	0	0	1.49806001228e-05	0	0	0	0	0	3.74515003071e-06	0.00036702470301	5.99224004914e-05	0.00108234835888	0.000220963851812	0.00164412086348	0.00114227075937	0	1.12354500921e-05	3.74515003071e-06	0	0	0	0	0
0.00571135379683	1.12354500921e-05	0.00020972840172	0	0.00103366140848	3.74515003071e-06	0.00374889518074	0.0448294458676	0.00331445777718	0.00117972225967	0.00987221548095	3.74515003071e-06	0.00177520111456	0	0.00274144982248	3.74515003071e-05	0.000310847452549	8.61384507063e-05	0	7.49030006142e-06	0.00274144982248	0.00137447006127	0.000288376552365	0.0015729630129	0.0042320195347	3.74515003071e-06	2.24709001843e-05	8.23933006756e-05	0.0203773613171	0.00232199301904	0.00914940152503	0	0	0.000906326307432	0.00164786601351	4.86869503992e-05	7.49030006142e-06	0	0	0.000164786601351	0	1.87257501536e-05	0.000134825401106	2.24709001843e-05	0.000891345707309	6.36675505221e-05	0	4.86869503992e-05	0	2.99612002457e-05	0	6.74127005528e-05	3.74515003071e-06	0	3.74515003071e-06	7.11578505835e-05	2.99612002457e-05	0.000112354500921	3.74515003071e-05	0.000666636705466	0	7.49030006142e-06	1.12354500921e-05	0.000134825401106	1.12354500921e-05	5.24321004299e-05	0	0	3.74515003071e-06	1.87257501536e-05	0.000958758407862	0.000292121702395	0.000801462106572	0.000250925052058	0.000202238101658	5.24321004299e-05	3.74515003071e-06	2.99612002457e-05	3.74515003071e-06	1.49806001228e-05	1.49806001228e-05	7.49030006142e-06	3.74515003071e-06	0
0.0041833325843	1.12354500921e-05	7.49030006142e-06	0	0.000119844800983	0.000662891555436	0.0198118436625	0.00331445777718	0.0371743592048	0.000127335101044	0.00364028582985	4.11966503378e-05	0.001707788414	2.99612002457e-05	0.0148307941216	0.000471888903869	1.87257501536e-05	1.12354500921e-05	0	3.74515003071e-06	0.000820187856726	0.000119844800983	2.6216050215e-05	0.000138570551136	0.000340808652795	0	2.99612002457e-05	1.87257501536e-05	0.001097328959	0.00368522763022	0.000659146405405	0	0.00164786601351	0.000254670202088	0.00201863586655	3.74515003071e-06	0	0	0	1.12354500921e-05	0	0	3.74515003071e-06	0	6.36675505221e-05	0	0	7.49030006142e-06	0	3.74515003071e-06	0	0	0	0	0	3.74515003071e-06	0	3.74515003071e-06	0	4.49418003685e-05	0	0	0	7.49030006142e-06	0	0	0	0	0	0	0.000340808652795	8.23933006756e-05	0.00101119050829	0.000228454151873	0.000764010606265	0.00073779455605	0	0	0	0	0	0	0	0
0.000284631402334	1.49806001228e-05	6.74127005528e-05	0	7.86481506449e-05	0	0.000134825401106	0.00117972225967	0.000127335101044	0.0128458646053	0.000127335101044	0	0.000453163153716	0	9.73739007985e-05	0.000205983251689	0.000382005303132	3.37063502764e-05	0	0	0.00010486420086	0.000363279552979	0.00221338366815	0.000599224004914	0.00522822944287	0	3.74515003071e-06	9.73739007985e-05	0.00204110676674	0.000277141102273	0.000730304255988	0	0	0.000149806001228	0.000337063502764	0.000112354500921	1.49806001228e-05	7.49030006142e-06	0	0.000329573202703	0	3.74515003071e-05	0.00026590565218	5.24321004299e-05	0.00223585456833	0.000116099650952	0	6.36675505221e-05	0	6.74127005528e-05	0	0.00020972840172	7.49030006142e-06	0	3.74515003071e-06	0.000149806001228	0.00015729630129	0.00084265875691	9.73739007985e-05	0.00141566671161	0	3.74515003071e-06	1.87257501536e-05	0.000299612002457	5.61772504607e-05	0.000217218701781	0	0	1.12354500921e-05	0.00010486420086	0.000441927703624	0.000101119050829	0.000202238101658	7.11578505835e-05	0.000861384507063	1.49806001228e-05	0	7.49030006142e-05	2.6216050215e-05	4.86869503992e-05	1.49806001228e-05	2.6216050215e-05	0	0
0.000906326307432	0	3.74515003071e-06	0	0.00111979985918	7.49030006142e-06	0.0111081149911	0.00987221548095	0.00364028582985	0.000127335101044	0.0334217188741	0	0.00602594639941	0	0.00107860320884	4.49418003685e-05	1.12354500921e-05	3.74515003071e-06	0	0	0.00601845609935	5.99224004914e-05	7.49030006142e-06	8.23933006756e-05	0.000969993857954	3.74515003071e-06	0	0	0.0054754093449	0.00036702470301	0.000340808652795	0	0	0.000149806001228	0.000280886252303	1.12354500921e-05	0	0	0	3.37063502764e-05	0	0	2.24709001843e-05	0	0.000131080251075	4.11966503378e-05	0	5.99224004914e-05	0	3.74515003071e-06	0	3.74515003071e-06	0	0	0	6.74127005528e-05	0	3.74515003071e-06	0	7.11578505835e-05	0	0	0	1.87257501536e-05	0	3.74515003071e-06	0	0	0	0	8.61384507063e-05	7.49030006142e-06	0.000149806001228	5.61772504607e-05	0.00015729630129	1.87257501536e-05	0	3.74515003071e-06	0	0	0	0	0	0
0	0.000235944451935	0.000131080251075	0	0	0	3.37063502764e-05	3.74515003071e-06	4.11966503378e-05	0	0	0.0263209144158	0	0.00639671625245	3.74515003071e-05	3.74515003071e-06	3.74515003071e-06	0.000411966503378	0.00247179902027	0.00296615882432	0	7.49030006142e-06	3.74515003071e-06	0.000101119050829	3.74515003071e-06	0.00287253007355	0.00844531331925	0.0010486420086	7.49030006142e-06	7.11578505835e-05	7.49030006142e-06	3.74515003071e-06	3.74515003071e-06	7.49030006142e-06	0.0024755441703	0	0.000273395952242	7.49030006142e-06	0	0	0	0	0	0	0	0	0.000202238101658	0	0.00026216050215	0	0	0	7.49030006142e-06	1.87257501536e-05	3.74515003071e-05	0	0	0	3.74515003071e-06	0	0.000445672853655	7.11578505835e-05	0.000134825401106	0	0	3.74515003071e-06	1.12354500921e-05	0	0	4.86869503992e-05	0.00026590565218	0.00354665707908	0.00446047368658	0.000352044102887	3.74515003071e-06	1.12354500921e-05	0.000992464758138	3.74515003071e-06	0.00021347355175	3.74515003071e-05	7.49030006142e-06	0	0	1.12354500921e-05
0.000513085554207	0	0	0	0.00235944451935	7.49030006142e-06	0.0104564588857	0.00177520111456	0.001707788414	0.000453163153716	0.00602594639941	0	0.0294593501416	0	0.000644165805282	0.000835168456848	0	0	0	0	0.00938534597696	1.49806001228e-05	3.74515003071e-06	2.99612002457e-05	0.00251674082064	3.74515003071e-06	0	0	0.00144562791185	0.00026590565218	0.000127335101044	0	3.74515003071e-06	8.61384507063e-05	0.000194747801597	7.49030006142e-06	0	0	0	0.000108609350891	0	2.24709001843e-05	7.49030006142e-06	7.49030006142e-06	5.24321004299e-05	0.000153551151259	0	0.00141192156158	0	7.49030006142e-06	0	0	0	0	0	0.000670381855497	0	0	0	4.49418003685e-05	0	0	0	1.12354500921e-05	0	0	0	0	0	0	8.61384507063e-05	3.74515003071e-06	6.74127005528e-05	2.6216050215e-05	0.00111230955912	0	0	3.74515003071e-06	0	0	0	3.74515003071e-06	0	0
3.74515003071e-06	7.86481506449e-05	6.36675505221e-05	0	0	7.49030006142e-06	3.37063502764e-05	0	2.99612002457e-05	0	0	0.00639671625245	0	0.0155685886777	3.37063502764e-05	3.74515003071e-06	3.74515003071e-06	0.000116099650952	0.00026216050215	0.00031459260258	0	7.49030006142e-06	1.12354500921e-05	9.73739007985e-05	1.12354500921e-05	0.0042320195347	0.00455035728731	0.00138570551136	7.49030006142e-06	6.74127005528e-05	1.87257501536e-05	2.24709001843e-05	1.12354500921e-05	7.49030006142e-06	0.000505595254146	0	0.000149806001228	7.49030006142e-06	0	0	0	0	0	0	0	0	0.000288376552365	0	0.000509340404177	0	0	0	3.74515003071e-06	7.49030006142e-06	2.99612002457e-05	0	3.74515003071e-06	0	0	0	0.000295866852426	7.49030006142e-05	0.000108609350891	0	0	0	1.12354500921e-05	0	0	5.99224004914e-05	0.000501850104115	0.00146809881204	0.00159543391308	0.000992464758138	3.37063502764e-05	0.000153551151259	0.000988719608108	2.24709001843e-05	0.000232199301904	4.49418003685e-05	1.87257501536e-05	0	3.74515003071e-06	2.24709001843e-05
0.00822809461747	3.74515003071e-06	1.87257501536e-05	0	4.11966503378e-05	0.00037076985304	0.00756894821207	0.00274144982248	0.0148307941216	9.73739007985e-05	0.00107860320884	3.74515003071e-05	0.000644165805282	3.37063502764e-05	0.0298039039444	0.00026590565218	2.6216050215e-05	7.49030006142e-06	0	7.49030006142e-06	0.000280886252303	0.000164786601351	4.11966503378e-05	0.000191002651566	0.000239689601965	0	1.49806001228e-05	1.87257501536e-05	0.000786481506449	0.00700343055743	0.00110107410903	0	0.00108983865894	0.000460653453777	0.00250550537055	0	3.74515003071e-06	0	0	3.74515003071e-06	0	3.74515003071e-06	3.74515003071e-06	3.74515003071e-06	4.11966503378e-05	7.49030006142e-06	0	3.74515003071e-06	0	0	0	3.74515003071e-06	0	0	0	7.49030006142e-06	0	3.74515003071e-06	3.74515003071e-06	3.37063502764e-05	0	0	0	3.74515003071e-06	0	0	0	0	3.74515003071e-06	3.74515003071e-06	0.00052806615433	9.73739007985e-05	0.00126586071038	0.000299612002457	0.000719068805896	0.000621694905098	7.49030006142e-06	7.49030006142e-06	0	3.74515003071e-06	0	0	0	0
5.61772504607e-05	0	1.49806001228e-05	0	0	0.000647910955313	0.0017564753644	3.74515003071e-05	0.000471888903869	0.000205983251689	4.49418003685e-05	3.74515003071e-06	0.000835168456848	3.74515003071e-06	0.00026590565218	0.00625065540126	0	1.12354500921e-05	0	0	2.6216050215e-05	3.74515003071e-05	1.12354500921e-05	5.61772504607e-05	1.87257501536e-05	0	0	0	2.99612002457e-05	8.23933006756e-05	2.24709001843e-05	0	3.37063502764e-05	1.87257501536e-05	0.000108609350891	0	0	0	0	0	0	0	3.74515003071e-06	3.74515003071e-06	1.49806001228e-05	3.74515003071e-06	0	0	0	3.74515003071e-06	0	0	3.74515003071e-06	0	0	0	3.74515003071e-06	0	0	7.49030006142e-06	0	0	0	0	0	7.49030006142e-06	0	0	0	7.49030006142e-06	0.000299612002457	2.99612002457e-05	0.000108609350891	7.49030006142e-05	0.00262909532156	1.49806001228e-05	3.74515003071e-06	2.99612002457e-05	0	1.87257501536e-05	7.49030006142e-06	0	3.74515003071e-06	0
8.61384507063e-05	0.000138570551136	0.000700343055743	0	0	0	1.12354500921e-05	0.000310847452549	1.87257501536e-05	0.000382005303132	1.12354500921e-05	3.74515003071e-06	0	3.74515003071e-06	2.6216050215e-05	0	0.0127634713047	0.00010486420086	0	1.12354500921e-05	3.74515003071e-06	0.00259538897128	0.0026590565218	0.00614953635043	0.00233322846913	3.74515003071e-06	5.24321004299e-05	0.00185010411517	0.00220214821806	0.000138570551136	0.000587988554822	0	0	8.9883600737e-05	0.000696597905712	3.74515003071e-06	3.37063502764e-05	7.49030006142e-06	0	7.49030006142e-06	0	0	1.87257501536e-05	3.74515003071e-06	0.000123589951013	1.49806001228e-05	0	3.74515003071e-06	0	3.74515003071e-06	0	9.73739007985e-05	0	0	0	1.12354500921e-05	4.11966503378e-05	0.000258415352119	4.86869503992e-05	7.86481506449e-05	0	0	4.49418003685e-05	3.74515003071e-05	0	2.24709001843e-05	0	0	0	1.12354500921e-05	0.000726559105958	0.000378260153102	0.000539301604422	0.00026216050215	2.6216050215e-05	1.12354500921e-05	3.74515003071e-06	2.6216050215e-05	1.12354500921e-05	3.74515003071e-06	1.12354500921e-05	3.74515003071e-06	0	0
2.24709001843e-05	0.00114976105943	0.00763261576259	0	3.74515003071e-06	0	7.49030006142e-06	8.61384507063e-05	1.12354500921e-05	3.37063502764e-05	3.74515003071e-06	0.000411966503378	0	0.000116099650952	7.49030006142e-06	1.12354500921e-05	0.00010486420086	0.0260213024134	8.61384507063e-05	0.00604467214957	0	0.00150929546238	0.000243434751996	0.0073292586101	5.99224004914e-05	0.000123589951013	0.0103965364853	0.00356538282924	0.000172276901413	5.24321004299e-05	0.000554282204545	0	0	3.37063502764e-05	0.00468518268842	0	0.000535556454392	8.61384507063e-05	0	0	0	0	0	0	3.74515003071e-06	0	1.12354500921e-05	0	1.12354500921e-05	0	0	3.74515003071e-06	2.24709001843e-05	0	3.37063502764e-05	0	1.12354500921e-05	9.36287507678e-05	2.6216050215e-05	3.74515003071e-06	5.99224004914e-05	5.61772504607e-05	0.000243434751996	0	0	3.74515003071e-06	0	0	0	4.11966503378e-05	0.00180890746483	0.00282384312316	0.00339685107785	0.00114227075937	3.74515003071e-05	3.37063502764e-05	1.12354500921e-05	4.49418003685e-05	8.61384507063e-05	5.24321004299e-05	2.99612002457e-05	0	0	0
0	4.49418003685e-05	3.74515003071e-06	0	0	0	0	0	0	0	0	0.00247179902027	0	0.00026216050215	0	0	0	8.61384507063e-05	0.00516830704238	0.00202987131664	0	3.74515003071e-06	0	1.87257501536e-05	3.74515003071e-06	0.000172276901413	0.00299612002457	0.000202238101658	3.74515003071e-06	0	0	0	0	0	0.000146060851198	0	3.37063502764e-05	0	0	0	0	0	0	0	0	0	7.49030006142e-06	0	1.12354500921e-05	0	0	0	0	3.74515003071e-06	7.49030006142e-06	0	0	0	0	0	5.61772504607e-05	1.87257501536e-05	2.24709001843e-05	0	0	0	7.49030006142e-06	0	0	7.49030006142e-06	3.37063502764e-05	0.000254670202088	0.000239689601965	4.11966503378e-05	0	0	2.6216050215e-05	3.74515003071e-06	1.87257501536e-05	1.12354500921e-05	0	0	0	0
0	0.000606714304975	0.000670381855497	0	0	0	3.74515003071e-06	7.49030006142e-06	3.74515003071e-06	0	0	0.00296615882432	0	0.00031459260258	7.49030006142e-06	0	1.12354500921e-05	0.00604467214957	0.00202987131664	0.0189392237053	0	7.49030006142e-05	3.37063502764e-05	0.000378260153102	7.49030006142e-06	0.000269650802211	0.0120556379489	0.00173400446422	7.49030006142e-06	1.87257501536e-05	4.49418003685e-05	0	3.74515003071e-06	3.74515003071e-06	0.00223959971836	0	0.000340808652795	3.37063502764e-05	0	0	0	0	0	0	0	0	6.74127005528e-05	0	4.49418003685e-05	0	0	0	1.12354500921e-05	1.49806001228e-05	3.37063502764e-05	0	3.74515003071e-06	1.87257501536e-05	0	3.74515003071e-06	0.000194747801597	7.11578505835e-05	0.000161041451321	0	0	0	3.74515003071e-06	0	0	2.24709001843e-05	0.000479379203931	0.00166284661364	0.00172276901413	0.000382005303132	3.74515003071e-06	1.87257501536e-05	2.6216050215e-05	7.49030006142e-06	5.61772504607e-05	2.24709001843e-05	1.12354500921e-05	0	0	0
0.000325828052672	0	0	0	0.00601096579929	3.74515003071e-06	0.00329573202703	0.00274144982248	0.000820187856726	0.00010486420086	0.00601845609935	0	0.00938534597696	0	0.000280886252303	2.6216050215e-05	3.74515003071e-06	0	0	0	0.020605815469	1.49806001228e-05	3.74515003071e-06	3.37063502764e-05	0.00262535017153	0	0	0	0.00411591988375	0.000127335101044	0.000112354500921	0	3.74515003071e-06	5.99224004914e-05	0.000116099650952	1.12354500921e-05	0	0	0	0.000303357152488	0	1.12354500921e-05	2.24709001843e-05	0	5.99224004914e-05	0.000284631402334	0	0.000284631402334	0	3.74515003071e-06	0	7.49030006142e-06	0	0	0	0.000550537054514	0	3.74515003071e-06	3.74515003071e-06	6.36675505221e-05	0	0	0	4.86869503992e-05	0	3.74515003071e-06	0	0	0	0	6.74127005528e-05	0	5.24321004299e-05	2.6216050215e-05	7.11578505835e-05	1.12354500921e-05	0	1.12354500921e-05	0	3.74515003071e-06	3.74515003071e-06	0	0	0
0.000408221353347	0.000112354500921	0.00211226461732	0	3.74515003071e-06	0	0.000101119050829	0.00137447006127	0.000119844800983	0.000363279552979	5.99224004914e-05	7.49030006142e-06	1.49806001228e-05	7.49030006142e-06	0.000164786601351	3.74515003071e-05	0.00259538897128	0.00150929546238	3.74515003071e-06	7.49030006142e-05	1.49806001228e-05	0.0338449208275	0.000730304255988	0.0192051293575	0.00147933426213	2.24709001843e-05	0.000359534402948	0.000666636705466	0.00522822944287	0.000868874807125	0.0101680823334	0	0	0.00026590565218	0.00549038994502	7.49030006142e-06	4.11966503378e-05	3.74515003071e-06	0	1.12354500921e-05	0	0	2.6216050215e-05	3.74515003071e-06	0.000146060851198	3.74515003071e-06	0	0	0	7.49030006142e-06	0	5.61772504607e-05	3.74515003071e-06	0	0	1.12354500921e-05	1.87257501536e-05	0.00021347355175	2.6216050215e-05	7.86481506449e-05	7.49030006142e-06	3.74515003071e-06	2.6216050215e-05	4.49418003685e-05	3.74515003071e-06	2.24709001843e-05	0	0	0	2.6216050215e-05	0.0021347355175	0.00110856440909	0.00237067996944	0.00107485805881	0.000112354500921	5.24321004299e-05	1.12354500921e-05	4.86869503992e-05	7.49030006142e-06	2.6216050215e-05	1.87257501536e-05	3.74515003071e-06	0	0
7.86481506449e-05	0.00134076371099	0.00148682456219	0	0	0	1.87257501536e-05	0.000288376552365	2.6216050215e-05	0.00221338366815	7.49030006142e-06	3.74515003071e-06	3.74515003071e-06	1.12354500921e-05	4.11966503378e-05	1.12354500921e-05	0.0026590565218	0.000243434751996	0	3.37063502764e-05	3.74515003071e-06	0.000730304255988	0.0134563240603	0.00288751067368	0.0022321094183	0	0.000149806001228	0.00301110062469	0.00112354500921	0.000131080251075	0.000524321004299	0	0	7.11578505835e-05	0.000734049406019	1.87257501536e-05	0.000887600557278	0.000108609350891	0	2.24709001843e-05	0	0	5.61772504607e-05	1.12354500921e-05	0.000389495603194	1.12354500921e-05	0	1.12354500921e-05	0	1.49806001228e-05	3.74515003071e-06	0.000344553802825	2.24709001843e-05	0	0	3.74515003071e-06	0.000131080251075	0.00225832546852	0.0004756340539	0.000217218701781	3.74515003071e-06	3.74515003071e-06	0.000629185205159	7.49030006142e-05	0	0.000142315701167	0	0	0	0.000142315701167	0.000681617305589	0.000569262804668	0.00063293035519	0.000247179902027	4.11966503378e-05	3.74515003071e-06	3.74515003071e-06	8.9883600737e-05	8.9883600737e-05	9.36287507678e-05	5.61772504607e-05	1.12354500921e-05	3.74515003071e-06	0
0.000490614654023	0.000617949755067	0.0129582191063	0	1.49806001228e-05	0	0.000123589951013	0.0015729630129	0.000138570551136	0.000599224004914	8.23933006756e-05	0.000101119050829	2.99612002457e-05	9.73739007985e-05	0.000191002651566	5.61772504607e-05	0.00614953635043	0.0073292586101	1.87257501536e-05	0.000378260153102	3.37063502764e-05	0.0192051293575	0.00288751067368	0.0588849939329	0.00176022051443	4.49418003685e-05	0.00155798241278	0.00702964660764	0.00471139873863	0.00100744535826	0.00609335909997	0	0	0.000337063502764	0.00910820487469	1.49806001228e-05	0.000352044102887	3.37063502764e-05	0	1.87257501536e-05	0	0	2.6216050215e-05	3.74515003071e-06	0.000179767201474	7.49030006142e-06	3.74515003071e-06	0	0	7.49030006142e-06	0	0.000131080251075	1.12354500921e-05	0	0	1.12354500921e-05	5.24321004299e-05	0.000786481506449	0.000198492951628	0.000131080251075	3.74515003071e-06	2.24709001843e-05	0.00021347355175	5.99224004914e-05	3.74515003071e-06	6.74127005528e-05	0	0	0	9.73739007985e-05	0.00558027354576	0.00338936077779	0.00583494374785	0.00286503977349	0.000232199301904	8.9883600737e-05	2.24709001843e-05	0.000142315701167	8.61384507063e-05	9.36287507678e-05	4.11966503378e-05	3.74515003071e-06	0	0
0.000550537054514	2.6216050215e-05	0.000142315701167	0	0.00486120473986	0	0.000662891555436	0.0042320195347	0.000340808652795	0.00522822944287	0.000969993857954	3.74515003071e-06	0.00251674082064	1.12354500921e-05	0.000239689601965	1.87257501536e-05	0.00233322846913	5.99224004914e-05	3.74515003071e-06	7.49030006142e-06	0.00262535017153	0.00147933426213	0.0022321094183	0.00176022051443	0.0323580962653	7.49030006142e-06	1.87257501536e-05	0.000127335101044	0.0138682905637	0.000561772504607	0.00187632016539	0	0	0.000295866852426	0.000913816607493	2.99612002457e-05	7.49030006142e-06	0	0	0.000112354500921	0	7.49030006142e-06	0.000123589951013	3.74515003071e-06	0.00101493565832	3.74515003071e-05	0	1.87257501536e-05	0	1.87257501536e-05	0	9.36287507678e-05	3.74515003071e-06	0	0	2.6216050215e-05	6.36675505221e-05	0.000288376552365	3.74515003071e-05	0.000880110257217	0	0	7.49030006142e-06	0.00020972840172	1.49806001228e-05	0.000101119050829	0	0	0	2.24709001843e-05	0.000595478854883	0.000243434751996	0.000408221353347	0.000176022051443	0.000202238101658	1.12354500921e-05	3.74515003071e-06	5.99224004914e-05	7.49030006142e-06	1.49806001228e-05	7.49030006142e-06	2.99612002457e-05	0	0
0	0.000573007954699	4.86869503992e-05	0	0	0	0	3.74515003071e-06	0	0	3.74515003071e-06	0.00287253007355	3.74515003071e-06	0.0042320195347	0	0	3.74515003071e-06	0.000123589951013	0.000172276901413	0.000269650802211	0	2.24709001843e-05	0	4.49418003685e-05	7.49030006142e-06	0.0111418213414	0.00213848066754	0.00104115170854	1.49806001228e-05	3.74515003071e-06	7.49030006142e-06	0	0	0	0.000247179902027	0	0.000393240753225	1.12354500921e-05	0	0	0	0	3.74515003071e-06	0	0	0	0.000565517654637	0	0.000490614654023	0	0	3.74515003071e-06	1.87257501536e-05	2.99612002457e-05	7.11578505835e-05	0	3.74515003071e-06	3.74515003071e-06	1.49806001228e-05	0	0.000932542357647	0.000131080251075	0.000243434751996	0	0	7.49030006142e-06	3.37063502764e-05	0	0	0.000127335101044	0.000277141102273	0.00155049211271	0.000917561757524	0.000303357152488	0	3.74515003071e-06	0.00116474165955	0.000161041451321	0.000606714304975	0.000153551151259	0.000101119050829	0	1.12354500921e-05	0.000146060851198
3.74515003071e-06	0.00422827438467	0.00588363069825	0	3.74515003071e-06	0	2.6216050215e-05	2.24709001843e-05	2.99612002457e-05	3.74515003071e-06	0	0.00844531331925	0	0.00455035728731	1.49806001228e-05	0	5.24321004299e-05	0.0103965364853	0.00299612002457	0.0120556379489	0	0.000359534402948	0.000149806001228	0.00155798241278	1.87257501536e-05	0.00213848066754	0.0642555390769	0.0194260932093	5.61772504607e-05	5.99224004914e-05	0.000138570551136	2.24709001843e-05	7.49030006142e-06	2.24709001843e-05	0.00395862358246	3.74515003071e-06	0.00216844186778	0.00021347355175	0	0	0	0	0	3.74515003071e-06	0	0	0.00031833775261	0	0.000348298952856	3.74515003071e-06	0	0	7.86481506449e-05	5.99224004914e-05	0.000146060851198	0	1.12354500921e-05	5.99224004914e-05	4.49418003685e-05	3.74515003071e-06	0.00103366140848	0.000483124353962	0.000966248707923	0	3.74515003071e-06	7.49030006142e-06	2.24709001843e-05	0	0	0.000187257501536	0.00160292421314	0.0058049825476	0.00450541548694	0.001097328959	7.49030006142e-06	2.99612002457e-05	0.000161041451321	5.61772504607e-05	0.000359534402948	0.000153551151259	3.74515003071e-05	0	0	3.74515003071e-06
3.37063502764e-05	0.00668134765479	0.0122953275508	0	0	0	2.6216050215e-05	8.23933006756e-05	1.87257501536e-05	9.73739007985e-05	0	0.0010486420086	0	0.00138570551136	1.87257501536e-05	0	0.00185010411517	0.00356538282924	0.000202238101658	0.00173400446422	0	0.000666636705466	0.00301110062469	0.00702964660764	0.000127335101044	0.00104115170854	0.0194260932093	0.0536305484398	0.000198492951628	7.11578505835e-05	0.000198492951628	0	3.74515003071e-06	2.24709001843e-05	0.00210851946729	1.12354500921e-05	0.00183512351505	0.000194747801597	0	3.74515003071e-06	0	0	1.49806001228e-05	3.74515003071e-06	1.12354500921e-05	0	8.23933006756e-05	0	6.36675505221e-05	3.74515003071e-06	0	8.23933006756e-05	8.61384507063e-05	7.49030006142e-06	5.99224004914e-05	0	4.11966503378e-05	0.000617949755067	0.000250925052058	7.49030006142e-06	0.000258415352119	0.000187257501536	0.000823933006756	0	1.12354500921e-05	2.24709001843e-05	0	0	0	0.000179767201474	0.00167408206373	0.0036702470301	0.00233322846913	0.000917561757524	4.11966503378e-05	3.37063502764e-05	2.99612002457e-05	6.74127005528e-05	0.00021347355175	0.000119844800983	3.74515003071e-05	3.74515003071e-06	3.74515003071e-06	3.74515003071e-06
0.00173774961425	4.11966503378e-05	0.000456908303747	0	0.00407472323341	3.74515003071e-06	0.0018538492652	0.0203773613171	0.001097328959	0.00204110676674	0.0054754093449	7.49030006142e-06	0.00144562791185	7.49030006142e-06	0.000786481506449	2.99612002457e-05	0.00220214821806	0.000172276901413	3.74515003071e-06	7.49030006142e-06	0.00411591988375	0.00522822944287	0.00112354500921	0.00471139873863	0.0138682905637	1.49806001228e-05	5.61772504607e-05	0.000198492951628	0.0519040342756	0.00173025931419	0.00893218282324	0	0	0.000749030006142	0.00241187661978	6.74127005528e-05	2.6216050215e-05	3.74515003071e-06	0	0.000146060851198	0	2.24709001843e-05	0.00020972840172	3.37063502764e-05	0.0012321543601	8.61384507063e-05	0	4.11966503378e-05	0	5.24321004299e-05	3.74515003071e-06	0.000168531751382	7.49030006142e-06	0	3.74515003071e-06	8.23933006756e-05	9.36287507678e-05	0.000404476203317	7.11578505835e-05	0.000838913606879	0	1.12354500921e-05	2.24709001843e-05	0.000202238101658	2.24709001843e-05	0.000119844800983	0	0	1.12354500921e-05	6.74127005528e-05	0.00150180516231	0.000587988554822	0.00111230955912	0.000490614654023	0.000194747801597	4.11966503378e-05	3.74515003071e-06	8.9883600737e-05	7.49030006142e-06	2.99612002457e-05	2.24709001843e-05	2.99612002457e-05	3.74515003071e-06	0
0.00486869503992	1.12354500921e-05	0.000123589951013	0	4.49418003685e-05	0.000187257501536	0.00300361032463	0.00232199301904	0.00368522763022	0.000277141102273	0.00036702470301	7.11578505835e-05	0.00026590565218	6.74127005528e-05	0.00700343055743	8.23933006756e-05	0.000138570551136	5.24321004299e-05	0	1.87257501536e-05	0.000127335101044	0.000868874807125	0.000131080251075	0.00100744535826	0.000561772504607	3.74515003071e-06	5.99224004914e-05	7.11578505835e-05	0.00173025931419	0.0309386844037	0.00700343055743	0	0.000636675505221	0.00585741464803	0.00571884409689	7.49030006142e-06	1.12354500921e-05	0	0	3.37063502764e-05	0	3.74515003071e-06	1.87257501536e-05	0	0.000164786601351	1.87257501536e-05	0	7.49030006142e-06	0	3.74515003071e-06	0	1.87257501536e-05	3.74515003071e-06	0	0	1.12354500921e-05	3.74515003071e-06	5.24321004299e-05	1.12354500921e-05	0.000116099650952	3.74515003071e-06	0	3.74515003071e-06	2.6216050215e-05	7.49030006142e-06	1.12354500921e-05	0	0	0	7.49030006142e-06	0.00149431486225	0.000243434751996	0.00223959971836	0.00052806615433	0.000569262804668	0.000483124353962	3.74515003071e-06	7.49030006142e-06	0	3.74515003071e-06	0	0	0	0
0.00282384312316	4.49418003685e-05	0.000880110257217	0	4.11966503378e-05	0	0.000509340404177	0.00914940152503	0.000659146405405	0.000730304255988	0.000340808652795	7.49030006142e-06	0.000127335101044	1.87257501536e-05	0.00110107410903	2.24709001843e-05	0.000587988554822	0.000554282204545	0	4.49418003685e-05	0.000112354500921	0.0101680823334	0.000524321004299	0.00609335909997	0.00187632016539	7.49030006142e-06	0.000138570551136	0.000198492951628	0.00893218282324	0.00700343055743	0.0351332524381	0	0	0.00187257501536	0.00624316510119	4.11966503378e-05	7.49030006142e-06	0	0	4.86869503992e-05	0	1.49806001228e-05	6.74127005528e-05	1.87257501536e-05	0.000441927703624	1.87257501536e-05	0	1.12354500921e-05	0	1.87257501536e-05	3.74515003071e-06	6.36675505221e-05	1.12354500921e-05	0	0	1.12354500921e-05	2.99612002457e-05	0.00020972840172	2.6216050215e-05	0.000284631402334	7.49030006142e-06	3.74515003071e-06	1.12354500921e-05	7.11578505835e-05	1.49806001228e-05	3.37063502764e-05	0	0	7.49030006142e-06	2.6216050215e-05	0.00231824786901	0.000722813955927	0.00199241981634	0.000805207256603	0.000217218701781	6.36675505221e-05	1.12354500921e-05	4.11966503378e-05	1.87257501536e-05	2.24709001843e-05	1.49806001228e-05	3.74515003071e-06	3.74515003071e-06	0
0	0	0	0	0	0	0	0	0	0	0	3.74515003071e-06	0	2.24709001843e-05	0	0	0	0	0	0	0	0	0	0	0	0	2.24709001843e-05	0	0	0	0	3.37063502764e-05	0	0	0	0	0	0	0	0	0	0	0	0	0	0	0	0	0	0	0	0	0	0	0	0	0	0	0	0	0	0	0	0	0	0	0	0	0	0	3.74515003071e-06	3.74515003071e-06	0	0	0	0	0	0	0	0	0	0	0	0
0	0	0	0	0	0.00145311821192	0.00255793747098	0	0.00164786601351	0	0	3.74515003071e-06	3.74515003071e-06	1.12354500921e-05	0.00108983865894	3.37063502764e-05	0	0	0	3.74515003071e-06	3.74515003071e-06	0	0	0	0	0	7.49030006142e-06	3.74515003071e-06	0	0.000636675505221	0	0	0.0046102796878	3.74515003071e-06	0.000872619957155	0	0	0	0	0	0	0	0	0	0	0	0	0	0	0	0	0	0	0	0	0	0	0	0	0	0	0	0	0	0	0	0	0	0	0	7.49030006142e-06	0	8.61384507063e-05	0	3.74515003071e-05	0.000483124353962	0	0	0	0	0	0	0	0
0.000812697556664	0	6.36675505221e-05	0	1.87257501536e-05	3.74515003071e-06	0.000299612002457	0.000906326307432	0.000254670202088	0.000149806001228	0.000149806001228	7.49030006142e-06	8.61384507063e-05	7.49030006142e-06	0.000460653453777	1.87257501536e-05	8.9883600737e-05	3.37063502764e-05	0	3.74515003071e-06	5.99224004914e-05	0.00026590565218	7.11578505835e-05	0.000337063502764	0.000295866852426	0	2.24709001843e-05	2.24709001843e-05	0.000749030006142	0.00585741464803	0.00187257501536	0	3.74515003071e-06	0.007804892664	0.00299612002457	7.49030006142e-06	3.74515003071e-06	0	0	1.87257501536e-05	0	3.74515003071e-06	1.12354500921e-05	3.74515003071e-06	6.36675505221e-05	3.74515003071e-06	0	7.49030006142e-06	0	3.74515003071e-06	0	3.74515003071e-06	0	0	0	7.49030006142e-06	3.74515003071e-06	2.99612002457e-05	3.74515003071e-06	5.61772504607e-05	0	0	3.74515003071e-06	7.49030006142e-06	3.74515003071e-06	1.49806001228e-05	0	0	0	7.49030006142e-06	0.000988719608108	0.000146060851198	0.000943777807739	0.000277141102273	0.000164786601351	5.24321004299e-05	0	3.74515003071e-06	0	7.49030006142e-06	0	0	0	0
0.00108983865894	0.000587988554822	0.00354665707908	0	1.49806001228e-05	0.00042320195347	0.00215346126766	0.00164786601351	0.00201863586655	0.000337063502764	0.000280886252303	0.0024755441703	0.000194747801597	0.000505595254146	0.00250550537055	0.000108609350891	0.000696597905712	0.00468518268842	0.000146060851198	0.00223959971836	0.000116099650952	0.00549038994502	0.000734049406019	0.00910820487469	0.000913816607493	0.000247179902027	0.00395862358246	0.00210851946729	0.00241187661978	0.00571884409689	0.00624316510119	0	0.000872619957155	0.00299612002457	0.042069270295	7.49030006142e-06	0.000340808652795	3.37063502764e-05	0	2.6216050215e-05	0	7.49030006142e-06	1.49806001228e-05	7.49030006142e-06	0.000134825401106	1.49806001228e-05	1.87257501536e-05	7.49030006142e-06	2.6216050215e-05	7.49030006142e-06	3.74515003071e-06	5.24321004299e-05	1.49806001228e-05	0	7.49030006142e-06	1.87257501536e-05	4.11966503378e-05	0.000194747801597	4.49418003685e-05	0.000119844800983	5.24321004299e-05	3.74515003071e-05	0.000138570551136	5.24321004299e-05	0	4.49418003685e-05	0	0	0	6.36675505221e-05	0.0069996854074	0.0040859586835	0.0177932077959	0.004756340539	0.00089509085734	0.000996209908169	0.000108609350891	0.000127335101044	8.61384507063e-05	5.24321004299e-05	3.74515003071e-05	3.74515003071e-06	7.49030006142e-06	7.49030006142e-06
1.87257501536e-05	0	1.12354500921e-05	0	2.24709001843e-05	0	3.74515003071e-06	4.86869503992e-05	3.74515003071e-06	0.000112354500921	1.12354500921e-05	0	7.49030006142e-06	0	0	0	3.74515003071e-06	0	0	0	1.12354500921e-05	7.49030006142e-06	1.87257501536e-05	1.49806001228e-05	2.99612002457e-05	0	3.74515003071e-06	1.12354500921e-05	6.74127005528e-05	7.49030006142e-06	4.11966503378e-05	0	0	7.49030006142e-06	7.49030006142e-06	0.0169355684389	1.49806001228e-05	4.11966503378e-05	0	0.000247179902027	7.49030006142e-06	0.00124713496023	0.00487244018995	0.00352793132893	0.000509340404177	0.00136697976121	1.49806001228e-05	0.000355789252917	0	0.00593980794871	0.000194747801597	0.000250925052058	2.24709001843e-05	0	0	0.000438182553593	0.000606714304975	0.000198492951628	0.000389495603194	0.00144562791185	0	0	3.37063502764e-05	0.00073779455605	0.00704462720777	0.00403727173311	0	1.12354500921e-05	0.00105613230866	0.00214971611763	1.87257501536e-05	0	0	0	3.74515003071e-06	0	0	0.000872619957155	0.000191002651566	0.000928797207616	0.000307102302518	0.000801462106572	7.49030006142e-05	7.49030006142e-06
0	0.00370020823034	0.00094752295777	0	0	0	0	7.49030006142e-06	0	1.49806001228e-05	0	0.000273395952242	0	0.000149806001228	3.74515003071e-06	0	3.37063502764e-05	0.000535556454392	3.37063502764e-05	0.000340808652795	0	4.11966503378e-05	0.000887600557278	0.000352044102887	7.49030006142e-06	0.000393240753225	0.00216844186778	0.00183512351505	2.6216050215e-05	1.12354500921e-05	7.49030006142e-06	0	0	3.74515003071e-06	0.000340808652795	1.49806001228e-05	0.0243959073	0.00229577696883	0	0	0	7.49030006142e-06	2.6216050215e-05	1.12354500921e-05	2.6216050215e-05	3.74515003071e-06	0.000827678156787	0	0.000865129657094	0	3.74515003071e-06	0.000194747801597	0.00122840921007	0.000146060851198	0.00079022665648	0	0.000243434751996	0.00291747187392	0.00126960586041	1.87257501536e-05	0.00365901158	0.00329573202703	0.0120444024988	1.49806001228e-05	1.49806001228e-05	0.000142315701167	5.24321004299e-05	3.74515003071e-06	3.74515003071e-06	0.00188755561548	0.000179767201474	0.000906326307432	0.000355789252917	0.000127335101044	3.74515003071e-06	0	2.24709001843e-05	0.000595478854883	0.00156921786287	0.00132578311087	0.0004756340539	1.12354500921e-05	2.24709001843e-05	2.6216050215e-05
0	0.00042320195347	0.000168531751382	0	0	0	0	0	0	7.49030006142e-06	0	7.49030006142e-06	0	7.49030006142e-06	0	0	7.49030006142e-06	8.61384507063e-05	0	3.37063502764e-05	0	3.74515003071e-06	0.000108609350891	3.37063502764e-05	0	1.12354500921e-05	0.00021347355175	0.000194747801597	3.74515003071e-06	0	0	0	0	0	3.37063502764e-05	4.11966503378e-05	0.00229577696883	0.0238041735952	0	7.49030006142e-06	0	3.74515003071e-06	0.000101119050829	1.12354500921e-05	4.86869503992e-05	3.74515003071e-06	0.000146060851198	0	5.99224004914e-05	1.87257501536e-05	0	0.000295866852426	0.00298862972451	1.87257501536e-05	0.000396985903255	0	0.000846403906941	0.000823933006756	0.0077562057136	6.36675505221e-05	9.73739007985e-05	0.00531062274355	0.00707833355804	5.24321004299e-05	3.37063502764e-05	0.000460653453777	0	3.74515003071e-06	1.87257501536e-05	0.00293994277411	2.99612002457e-05	0.000108609350891	4.49418003685e-05	2.99612002457e-05	0	0	3.74515003071e-06	0.00105613230866	0.00170404326397	0.00207855826704	0.000805207256603	2.6216050215e-05	7.86481506449e-05	2.24709001843e-05
0	0	0	0	0	0	0	0	0	0	0	0	0	0	0	0	0	0	0	0	0	0	0	0	0	0	0	0	0	0	0	0	0	0	0	0	0	0	0	0	0	0	0	0	0	0	0	0	0	0	0	0	0	0	0	0	0	0	0	0	0	0	0	0	0	0	0	0	0	0	0	0	0	0	0	0	0	0	0	0	0	0	0	0
2.24709001843e-05	0	3.74515003071e-06	0	0.00287627522359	0	3.74515003071e-06	0.000164786601351	1.12354500921e-05	0.000329573202703	3.37063502764e-05	0	0.000108609350891	0	3.74515003071e-06	0	7.49030006142e-06	0	0	0	0.000303357152488	1.12354500921e-05	2.24709001843e-05	1.87257501536e-05	0.000112354500921	0	0	3.74515003071e-06	0.000146060851198	3.37063502764e-05	4.86869503992e-05	0	0	1.87257501536e-05	2.6216050215e-05	0.000247179902027	0	7.49030006142e-06	0	0.0202575165161	0	0.000393240753225	0.00105238715863	0.000183512351505	0.0014755891121	0.00564394109628	0	0.00215346126766	0	0.000310847452549	1.87257501536e-05	5.61772504607e-05	0	0	0	0.00958758407862	9.73739007985e-05	0.000116099650952	3.37063502764e-05	0.0074266325109	0	3.74515003071e-06	3.74515003071e-06	0.00531062274355	9.73739007985e-05	0.000220963851812	0	0	1.49806001228e-05	0.000112354500921	3.74515003071e-05	3.74515003071e-06	1.49806001228e-05	0	7.49030006142e-06	0	0	8.23933006756e-05	7.49030006142e-06	5.99224004914e-05	1.87257501536e-05	6.74127005528e-05	3.74515003071e-06	0
0	0	0	0	0	0	0	0	0	0	0	0	0	0	0	0	0	0	0	0	0	0	0	0	0	0	0	0	0	0	0	0	0	0	0	7.49030006142e-06	0	0	0	0	0.00649783530328	0.0024268572199	3.74515003071e-06	0.000827678156787	3.74515003071e-06	3.74515003071e-06	1.87257501536e-05	1.12354500921e-05	3.74515003071e-06	0.000760265456234	0.00147933426213	0	0	0	0	0	3.74515003071e-06	0	0	0	3.74515003071e-06	3.74515003071e-06	3.74515003071e-06	0	0.000426947103501	3.74515003071e-06	0	0.00138570551136	3.74515003071e-06	0.000689107605651	3.74515003071e-06	0	0	0	0	0	0	2.99612002457e-05	7.49030006142e-06	0.000142315701167	2.6216050215e-05	0.00117972225967	0.00182763321499	3.74515003071e-06
