0.0304695034914	3.4720882682e-05	0.000335635199259	0	5.01523860962e-05	1.15736275607e-05	0.00145827707264	0.0187492766483	0.0132826665638	0.000254619806335	0.00246904054628	0.00098761621851	0.000231472551213	5.78681378033e-05	0.0141506886308	0.000258477682188	9.25890204853e-05	0.000493808109255	0.000378071833648	0.00040121908877	0.000304772192431	0.000659696770958	0.000320203695845	0.000929748080707	0.000532386867791	3.85787585356e-05	0.000482234481694	0.000420508468037	0.00285482813163	0.00718722271517	0.00520041665059	1.92893792678e-05	0.000192893792678	0.000420508468037	0.0046680297828	2.31472551213e-05	6.55838895104e-05	5.01523860962e-05	0	0.000100304772192	0	1.15736275607e-05	0.000270051309749	1.92893792678e-05	0.00069441765364	3.08630068284e-05	7.71575170711e-06	1.15736275607e-05	1.15736275607e-05	4.62945102427e-05	0	3.08630068284e-05	2.31472551213e-05	3.85787585356e-06	3.85787585356e-06	5.01523860962e-05	6.17260136569e-05	0.000185178040971	6.55838895104e-05	0.000513097488523	1.54315034142e-05	5.40102619498e-05	9.25890204853e-05	0.00064040739169	5.78681378033e-05	0.000142741406582	0	0	2.70051309749e-05	0.000150457158289	0.00172447050654	0.00029319856487	0.00417036379769	0.00120751514216	0.000636549515837	8.87311446318e-05	7.71575170711e-06	0.000100304772192	3.4720882682e-05	0.00011959415146	5.01523860962e-05	0	0	0
3.4720882682e-05	0.00867250491879	0.000258477682188	0	1.54315034142e-05	0	7.71575170711e-06	0.000123452027314	3.08630068284e-05	0.00074842791559	1.54315034142e-05	4.24366343891e-05	3.85787585356e-06	0.000169746537556	3.08630068284e-05	2.70051309749e-05	0.000941321708267	0.000308630068284	3.08630068284e-05	0.000177462289264	3.85787585356e-06	0.000204467420238	0.00348366189576	0.000682844026079	0.00156243972069	0.000659696770958	0.000787006674125	0.00548589946376	0.000408934840477	3.4720882682e-05	0.000115736275607	3.85787585356e-05	0	0	0.000231472551213	1.15736275607e-05	0.00177462289264	0.000100304772192	0	1.54315034142e-05	0	0	5.40102619498e-05	0	0.000243046178774	0	1.15736275607e-05	0	7.71575170711e-06	7.71575170711e-06	3.85787585356e-06	0.000154315034142	9.64468963389e-05	1.15736275607e-05	5.01523860962e-05	1.15736275607e-05	4.62945102427e-05	0.000790864549979	0.000135025654874	0.000297056440724	8.87311446318e-05	0.00023918830292	0.00122294664558	0.000127309903167	3.85787585356e-06	5.01523860962e-05	0	0	7.71575170711e-06	0.000111878399753	0.000432082095598	0.000196751668531	0.000370356081941	0.000100304772192	4.62945102427e-05	3.85787585356e-06	1.15736275607e-05	0.000100304772192	6.17260136569e-05	9.25890204853e-05	3.4720882682e-05	3.85787585356e-06	0	0
0.000335635199259	0.000258477682188	0.0316307241233	0	0	3.85787585356e-06	8.10153929247e-05	0.00137726167972	0.000297056440724	3.4720882682e-05	5.01523860962e-05	0.000185178040971	1.15736275607e-05	3.08630068284e-05	0.000200609544385	6.55838895104e-05	0.000335635199259	0.00584082404228	9.64468963389e-05	0.000925890204853	1.92893792678e-05	0.00117665213533	0.000312487944138	0.00900042436634	0.00041279271633	2.70051309749e-05	0.00512711700937	0.0117626634775	0.00160487635508	8.87311446318e-05	0.000513097488523	7.71575170711e-06	3.4720882682e-05	1.92893792678e-05	0.00220284711238	3.4720882682e-05	0.00297442228309	0.00150842945874	0	0	0	3.85787585356e-06	0.000142741406582	3.85787585356e-06	0.000111878399753	0	7.71575170711e-06	0	1.15736275607e-05	5.01523860962e-05	3.85787585356e-06	0.00023918830292	0.00074842791559	7.71575170711e-06	7.71575170711e-05	0	0.000111878399753	0.00219127348482	0.00104934223217	7.71575170711e-05	1.54315034142e-05	0.000559391998765	0.00459473014158	0.000254619806335	3.08630068284e-05	0.000104162648046	0	0	3.85787585356e-06	0.000378071833648	0.00325218934455	0.000956753211682	0.00259249257359	0.000756143667297	0.000135025654874	3.08630068284e-05	3.85787585356e-06	0.000432082095598	0.000196751668531	0.000362640330234	0.000154315034142	7.71575170711e-06	3.85787585356e-06	3.85787585356e-06
0	0	0	0	0	0	0	0	0	0	0	0	0	0	0	0	0	0	0	0	0	0	0	0	0	0	0	0	0	0	0	0	0	0	0	0	0	0	0	0	0	0	0	0	0	0	0	0	0	0	0	0	0	0	0	0	0	0	0	0	0	0	0	0	0	0	0	0	0	0	0	0	0	0	0	0	0	0	0	0	0	0	0	0
5.01523860962e-05	1.54315034142e-05	0	0	0.0134794182323	7.71575170711e-06	0.000146599282435	0.000339493075113	0.000154315034142	0.00114578912851	0.000879595694611	5.01523860962e-05	0.00214497897458	3.85787585356e-06	6.55838895104e-05	0.000154315034142	0	0	1.54315034142e-05	7.71575170711e-06	0.00518112727132	0	5.40102619498e-05	0	0.00250376142896	0	1.54315034142e-05	3.85787585356e-06	0.00513483276108	3.85787585356e-05	0	0	7.71575170711e-06	0	9.25890204853e-05	1.15736275607e-05	0	0	0	0.00182863315459	0	6.17260136569e-05	8.48732687782e-05	0	0.000717564908761	0.000312487944138	3.85787585356e-06	0.00034720882682	0	1.15736275607e-05	1.54315034142e-05	0	0	3.85787585356e-06	3.85787585356e-06	0.00121523089387	0	0	0	0.0010300528529	0	0	0	0.000258477682188	2.70051309749e-05	1.15736275607e-05	0	0	3.85787585356e-06	2.31472551213e-05	3.4720882682e-05	7.71575170711e-06	0.000111878399753	5.01523860962e-05	0.000362640330234	1.15736275607e-05	0	7.71575170711e-06	0	1.54315034142e-05	1.15736275607e-05	1.15736275607e-05	0	3.85787585356e-06
1.15736275607e-05	0	3.85787585356e-06	0	7.71575170711e-06	0.00345665676479	0.00210640021604	6.17260136569e-05	0.00106863161143	3.08630068284e-05	7.71575170711e-05	1.54315034142e-05	5.40102619498e-05	0	0.000123452027314	0.000632691639983	3.85787585356e-06	0	3.85787585356e-06	0	3.4720882682e-05	3.85787585356e-06	7.71575170711e-06	3.85787585356e-06	3.08630068284e-05	0	3.85787585356e-06	7.71575170711e-06	4.62945102427e-05	6.17260136569e-05	7.71575170711e-06	0	0.000675128274372	0	9.25890204853e-05	0	0	0	0	0	0	0	0	0	0	0	0	0	0	0	0	0	0	0	0	0	0	0	0	1.15736275607e-05	0	0	0	3.85787585356e-06	0	0	0	0	0	0	7.32996412175e-05	3.85787585356e-06	8.48732687782e-05	3.85787585356e-05	0.000474518729987	0.000775433046565	0	0	0	0	0	0	0	0
0.00145827707264	7.71575170711e-06	8.10153929247e-05	0	0.000146599282435	0.00210640021604	0.0385749006597	0.00609930172447	0.0213996373597	0.000246904054628	0.0131283515296	0.00170518112727	0.00758844180394	0.000165888661703	0.00448285174183	0.00277381273871	2.70051309749e-05	5.78681378033e-05	0.000513097488523	0.000235330427067	0.0019520851819	0.000115736275607	6.9441765364e-05	0.000177462289264	0.000435939971452	5.78681378033e-05	0.000408934840477	0.000177462289264	0.00352609853015	0.00133482504533	0.000312487944138	6.55838895104e-05	0.00301300104163	6.9441765364e-05	0.0035222406543	1.15736275607e-05	1.15736275607e-05	0	0	0.000146599282435	0	1.54315034142e-05	0.000169746537556	1.15736275607e-05	0.000389645461209	7.32996412175e-05	1.92893792678e-05	1.92893792678e-05	2.70051309749e-05	1.92893792678e-05	0	7.71575170711e-06	7.71575170711e-06	7.71575170711e-06	3.85787585356e-06	0.0001080205239	1.54315034142e-05	3.08630068284e-05	7.71575170711e-06	0.000439797847305	1.15736275607e-05	2.70051309749e-05	1.92893792678e-05	0.000331777323406	4.24366343891e-05	3.4720882682e-05	0	0	3.85787585356e-06	7.32996412175e-05	0.00208325296092	0.000266193433895	0.00239574090506	0.00093360595656	0.0042861000733	0.00158558697581	4.24366343891e-05	2.31472551213e-05	2.70051309749e-05	5.40102619498e-05	3.08630068284e-05	0	0	0
0.0187492766483	0.000123452027314	0.00137726167972	0	0.000339493075113	6.17260136569e-05	0.00609930172447	0.0637436827283	0.016596581922	0.00144284556923	0.00976428378535	0.00132325141777	0.000806296053393	0.000100304772192	0.0101037768605	0.000856448439489	0.00022761467536	0.0017360441341	0.000524671116083	0.000902742949732	0.000493808109255	0.00184792253385	0.000551676247058	0.00357239304039	0.00254234018749	6.55838895104e-05	0.00104162648046	0.00117665213533	0.0207090775819	0.00514254851279	0.00964468963389	5.78681378033e-05	0.000354924578527	0.000644265267544	0.00700590255006	0.000131167779021	0.000169746537556	7.32996412175e-05	0	0.00093360595656	0	6.55838895104e-05	0.000891169322171	4.62945102427e-05	0.00309401643455	0.000308630068284	6.9441765364e-05	0.00011959415146	1.15736275607e-05	0.00017360441341	2.31472551213e-05	5.78681378033e-05	5.40102619498e-05	1.15736275607e-05	1.92893792678e-05	0.000671270398519	0.0001080205239	0.000300914316577	0.000111878399753	0.00293584352456	1.92893792678e-05	0.000127309903167	0.000196751668531	0.00219127348482	0.000320203695845	0.000262335558042	0	7.71575170711e-06	0.000104162648046	0.000559391998765	0.00442884147988	0.000713707032908	0.00805138690637	0.00259249257359	0.00146599282435	0.000219898923653	2.70051309749e-05	0.000277767061456	9.64468963389e-05	0.000432082095598	0.000131167779021	3.85787585356e-06	7.71575170711e-06	3.85787585356e-06
0.0132826665638	3.08630068284e-05	0.000297056440724	0	0.000154315034142	0.00106863161143	0.0213996373597	0.016596581922	0.0562478299448	0.000385787585356	0.0106207322248	0.00300914316577	0.00310173218626	0.000312487944138	0.0195247096948	0.00174375988581	8.48732687782e-05	0.00028162493731	0.000794722425832	0.000459087226573	0.00216041047799	0.000405076964623	0.000212183171946	0.000624975888276	0.000709849157054	7.71575170711e-05	0.000775433046565	0.000381929709502	0.00436711546622	0.00380000771575	0.0023340148914	0.000142741406582	0.0043362524594	0.000270051309749	0.00670498823348	3.08630068284e-05	5.78681378033e-05	2.70051309749e-05	0	0.000235330427067	0	2.31472551213e-05	0.000320203695845	2.31472551213e-05	0.000852590563636	0.000100304772192	4.62945102427e-05	4.24366343891e-05	3.08630068284e-05	6.17260136569e-05	0	2.70051309749e-05	1.92893792678e-05	1.15736275607e-05	1.92893792678e-05	0.000169746537556	3.4720882682e-05	0.000123452027314	2.70051309749e-05	0.000844874811929	2.70051309749e-05	8.10153929247e-05	7.32996412175e-05	0.00076000154315	8.10153929247e-05	0.000123452027314	0	3.85787585356e-06	3.08630068284e-05	0.000162030785849	0.00256934531847	0.000459087226573	0.0045021411211	0.00150842945874	0.0031480266965	0.00121908876972	4.62945102427e-05	8.87311446318e-05	7.32996412175e-05	0.000115736275607	4.62945102427e-05	0	0	0
0.000254619806335	0.00074842791559	3.4720882682e-05	0	0.00114578912851	3.08630068284e-05	0.000246904054628	0.00144284556923	0.000385787585356	0.0177848076849	0.000783148798272	2.70051309749e-05	0.00151614521045	7.71575170711e-06	0.000196751668531	0.0010879209907	0.000208325296092	3.08630068284e-05	2.31472551213e-05	1.92893792678e-05	0.000771575170711	0.0001080205239	0.00484934994792	0.000162030785849	0.00857605802245	0.000104162648046	6.17260136569e-05	0.000513097488523	0.00442498360403	0.00022761467536	0.000524671116083	3.85787585356e-06	1.15736275607e-05	3.08630068284e-05	0.000246904054628	0.000104162648046	5.78681378033e-05	2.70051309749e-05	0	0.00180548589946	3.85787585356e-06	5.40102619498e-05	0.000906600825585	3.08630068284e-05	0.0064619420547	0.000474518729987	2.31472551213e-05	0.000189035916824	3.85787585356e-06	0.000138883530728	2.31472551213e-05	6.55838895104e-05	3.4720882682e-05	0	1.15736275607e-05	0.00158558697581	0.000150457158289	0.000432082095598	0.000104162648046	0.00469503491378	1.15736275607e-05	4.62945102427e-05	9.64468963389e-05	0.00257320319432	0.000208325296092	0.000354924578527	0	7.71575170711e-06	7.71575170711e-05	0.000378071833648	0.000389645461209	5.01523860962e-05	0.00023918830292	8.10153929247e-05	0.00137726167972	1.15736275607e-05	3.85787585356e-06	0.00022761467536	5.78681378033e-05	0.000308630068284	0.000162030785849	1.54315034142e-05	1.15736275607e-05	7.71575170711e-06
0.00246904054628	1.54315034142e-05	5.01523860962e-05	0	0.000879595694611	7.71575170711e-05	0.0131283515296	0.00976428378535	0.0106207322248	0.000783148798272	0.0417885112457	0.00148142432777	0.00530072142278	0.000111878399753	0.00329076810308	0.000536244743644	1.54315034142e-05	8.87311446318e-05	0.000601828633155	0.000339493075113	0.00640793179275	6.55838895104e-05	3.08630068284e-05	0.000127309903167	0.000478376605841	5.01523860962e-05	0.000462945102427	0.000138883530728	0.00800123452027	0.00148142432777	0.000208325296092	4.24366343891e-05	0.000389645461209	6.55838895104e-05	0.00366112418502	3.4720882682e-05	7.71575170711e-06	3.85787585356e-06	0	0.000806296053393	0	3.4720882682e-05	0.000142741406582	3.85787585356e-06	0.000883453570464	0.000246904054628	2.70051309749e-05	0.000127309903167	1.92893792678e-05	2.70051309749e-05	3.85787585356e-06	3.85787585356e-06	3.85787585356e-06	7.71575170711e-06	7.71575170711e-06	0.000756143667297	7.71575170711e-06	2.70051309749e-05	7.71575170711e-06	0.00150842945874	2.31472551213e-05	5.01523860962e-05	3.08630068284e-05	0.000543960495351	6.17260136569e-05	2.31472551213e-05	0	0	1.15736275607e-05	6.9441765364e-05	0.000779290922418	0.000196751668531	0.00310559006211	0.000744570039736	0.00139269318313	0.000235330427067	2.31472551213e-05	3.85787585356e-05	3.08630068284e-05	6.17260136569e-05	2.70051309749e-05	3.85787585356e-06	7.71575170711e-06	7.71575170711e-06
0.00098761621851	4.24366343891e-05	0.000185178040971	0	5.01523860962e-05	1.54315034142e-05	0.00170518112727	0.00132325141777	0.00300914316577	2.70051309749e-05	0.00148142432777	0.0387369314455	0.000540102619498	0.00852976351221	0.00185563828556	0.000111878399753	6.9441765364e-05	0.000922032329	0.00871494155318	0.00693646078469	0.000667412522665	0.000266193433895	5.40102619498e-05	0.000513097488523	0.000146599282435	0.00430538945257	0.00736854288029	0.00124995177655	0.00074842791559	0.00109949461826	0.000362640330234	0.0021681262297	0.000381929709502	3.08630068284e-05	0.0132865244396	1.15736275607e-05	0.000393503337063	3.08630068284e-05	0	1.92893792678e-05	0	7.71575170711e-06	4.62945102427e-05	3.85787585356e-06	9.64468963389e-05	1.92893792678e-05	0.00123837814899	1.15736275607e-05	0.00241503028433	4.24366343891e-05	0	3.85787585356e-06	4.24366343891e-05	0.000339493075113	0.000266193433895	2.31472551213e-05	7.71575170711e-06	3.08630068284e-05	2.70051309749e-05	8.10153929247e-05	0.00184020678215	0.00278538636627	0.00130781991436	0.000104162648046	6.9441765364e-05	7.71575170711e-06	0.000104162648046	3.85787585356e-06	0	0.000162030785849	0.002607924077	0.00359168241966	0.00842174298831	0.0013618301763	0.000767717294857	3.4720882682e-05	0.000470660854134	0.000127309903167	0.00111492612168	0.000208325296092	3.4720882682e-05	0	0	0.000135025654874
0.000231472551213	3.85787585356e-06	1.15736275607e-05	0	0.00214497897458	5.40102619498e-05	0.00758844180394	0.000806296053393	0.00310173218626	0.00151614521045	0.00530072142278	0.000540102619498	0.0270205624783	4.62945102427e-05	0.00105705798387	0.00181705952702	7.71575170711e-06	2.31472551213e-05	0.000208325296092	0.000104162648046	0.00993017244705	7.71575170711e-06	1.92893792678e-05	1.54315034142e-05	0.00154315034142	7.71575170711e-06	0.000111878399753	3.08630068284e-05	0.00197137456117	0.000339493075113	4.24366343891e-05	2.31472551213e-05	0.000196751668531	1.54315034142e-05	0.00110721036997	4.62945102427e-05	3.85787585356e-06	0	0	0.000516955364376	0	0.000370356081941	3.08630068284e-05	7.32996412175e-05	0.000447513599012	0.000142741406582	1.92893792678e-05	0.0024420354153	0	8.48732687782e-05	3.85787585356e-05	0	3.85787585356e-06	7.71575170711e-06	1.15736275607e-05	0.00158172909996	3.85787585356e-06	3.85787585356e-06	7.71575170711e-06	0.00069441765364	0	1.54315034142e-05	1.15736275607e-05	0.000150457158289	0.000131167779021	1.15736275607e-05	0	3.85787585356e-06	0	8.10153929247e-05	0.000146599282435	4.62945102427e-05	0.000644265267544	0.000146599282435	0.00244589329115	0.0001080205239	3.85787585356e-06	1.15736275607e-05	1.15736275607e-05	5.78681378033e-05	1.92893792678e-05	7.71575170711e-06	0	0
5.78681378033e-05	0.000169746537556	3.08630068284e-05	0	3.85787585356e-06	0	0.000165888661703	0.000100304772192	0.000312487944138	7.71575170711e-06	0.000111878399753	0.00852976351221	4.62945102427e-05	0.0177230816712	0.000216041047799	1.54315034142e-05	4.62945102427e-05	5.01523860962e-05	0.000532386867791	0.000135025654874	3.85787585356e-05	2.70051309749e-05	6.55838895104e-05	5.01523860962e-05	4.62945102427e-05	0.00638478453763	0.00388102310868	0.00207553720921	4.24366343891e-05	0.000158172909996	3.08630068284e-05	0.00245360904286	5.40102619498e-05	3.85787585356e-06	0.00257320319432	3.85787585356e-06	0.000285482813163	7.71575170711e-06	0	3.85787585356e-06	0	1.15736275607e-05	3.85787585356e-06	3.85787585356e-06	3.85787585356e-06	1.15736275607e-05	0.000864164191196	7.71575170711e-06	0.00192122217507	3.4720882682e-05	3.85787585356e-06	7.71575170711e-06	2.70051309749e-05	0.000208325296092	0.000192893792678	1.15736275607e-05	7.71575170711e-06	2.31472551213e-05	2.70051309749e-05	3.85787585356e-06	0.00212568959531	0.00235716214652	0.00122680452143	3.85787585356e-06	5.78681378033e-05	7.71575170711e-06	0.000127309903167	0	7.71575170711e-06	0.000115736275607	0.000374213957795	0.00133482504533	0.00138883530728	0.000192893792678	5.40102619498e-05	3.85787585356e-06	0.000655838895104	6.9441765364e-05	0.0008140118051	0.000162030785849	3.08630068284e-05	0	0	8.87311446318e-05
0.0141506886308	3.08630068284e-05	0.000200609544385	0	6.55838895104e-05	0.000123452027314	0.00448285174183	0.0101037768605	0.0195247096948	0.000196751668531	0.00329076810308	0.00185563828556	0.00105705798387	0.000216041047799	0.035669920142	0.000362640330234	6.17260136569e-05	0.000219898923653	0.000493808109255	0.000300914316577	0.000875737818757	0.000439797847305	0.000200609544385	0.000470660854134	0.000366498206088	6.17260136569e-05	0.000424366343891	0.000223756799506	0.00190964854751	0.00803595540296	0.00292426989699	8.87311446318e-05	0.00143127194167	0.000246904054628	0.00491493383743	2.31472551213e-05	5.40102619498e-05	2.31472551213e-05	0	9.25890204853e-05	0	1.54315034142e-05	0.000192893792678	7.71575170711e-06	0.000459087226573	3.4720882682e-05	2.31472551213e-05	1.92893792678e-05	3.4720882682e-05	4.62945102427e-05	0	2.31472551213e-05	1.54315034142e-05	0	3.85787585356e-06	5.78681378033e-05	3.85787585356e-05	9.25890204853e-05	4.62945102427e-05	0.000362640330234	1.15736275607e-05	5.78681378033e-05	6.9441765364e-05	0.000474518729987	5.01523860962e-05	9.25890204853e-05	0	3.85787585356e-06	1.15736275607e-05	6.9441765364e-05	0.00121137301802	0.000223756799506	0.00287797538675	0.000895027198025	0.00093360595656	0.000185178040971	1.54315034142e-05	6.55838895104e-05	5.40102619498e-05	6.9441765364e-05	3.85787585356e-05	3.85787585356e-06	0	0
0.000258477682188	2.70051309749e-05	6.55838895104e-05	0	0.000154315034142	0.000632691639983	0.00277381273871	0.000856448439489	0.00174375988581	0.0010879209907	0.000536244743644	0.000111878399753	0.00181705952702	1.54315034142e-05	0.000362640330234	0.00972570502681	0.000115736275607	3.85787585356e-05	4.24366343891e-05	6.9441765364e-05	0.000590255005594	0.00034720882682	0.000177462289264	0.000590255005594	0.000617260136569	7.71575170711e-06	7.32996412175e-05	0.000162030785849	0.000671270398519	0.000169746537556	0.000204467420238	7.71575170711e-06	0.00023918830292	2.31472551213e-05	0.000408934840477	1.54315034142e-05	1.15736275607e-05	7.71575170711e-06	0	3.08630068284e-05	0	7.71575170711e-06	6.17260136569e-05	1.54315034142e-05	0.000212183171946	3.85787585356e-06	3.85787585356e-06	7.71575170711e-06	7.71575170711e-06	1.92893792678e-05	0	1.15736275607e-05	3.85787585356e-06	3.85787585356e-06	7.71575170711e-06	3.4720882682e-05	2.70051309749e-05	5.78681378033e-05	4.24366343891e-05	0.000177462289264	7.71575170711e-06	1.92893792678e-05	1.92893792678e-05	0.000181320165117	1.54315034142e-05	2.70051309749e-05	0	0	3.85787585356e-06	6.17260136569e-05	0.00213726322287	0.000162030785849	0.000609544384862	0.000154315034142	0.00296670653138	0.000165888661703	3.85787585356e-06	4.62945102427e-05	1.15736275607e-05	8.10153929247e-05	5.78681378033e-05	1.54315034142e-05	0	0
9.25890204853e-05	0.000941321708267	0.000335635199259	0	0	3.85787585356e-06	2.70051309749e-05	0.00022761467536	8.48732687782e-05	0.000208325296092	1.54315034142e-05	6.9441765364e-05	7.71575170711e-06	4.62945102427e-05	6.17260136569e-05	0.000115736275607	0.0219744608618	0.000135025654874	3.85787585356e-05	0.0001080205239	0	0.00429767370086	0.00666640947494	0.00720651209444	0.00960611087535	3.85787585356e-05	0.000219898923653	0.00349523552332	0.0040121908877	5.01523860962e-05	0.000497665985109	1.15736275607e-05	3.85787585356e-06	1.92893792678e-05	0.000389645461209	4.24366343891e-05	0.000300914316577	0.000216041047799	0	7.71575170711e-06	0	0	0.000258477682188	0	0.000582539253887	7.71575170711e-06	1.15736275607e-05	3.85787585356e-06	7.71575170711e-06	4.62945102427e-05	3.85787585356e-06	0.00445584661086	0.000131167779021	7.71575170711e-06	3.08630068284e-05	7.71575170711e-06	0.000887311446318	0.00419351105281	0.00121908876972	0.000678986150226	2.31472551213e-05	0.000115736275607	0.00101076347363	0.00098761621851	7.71575170711e-05	0.000482234481694	0	0	7.71575170711e-06	0.000300914316577	0.00155472396898	0.000555534122912	0.000628833764129	0.000289340689017	0.000104162648046	3.85787585356e-06	0	0.000424366343891	0.000158172909996	0.000308630068284	0.000177462289264	1.92893792678e-05	0	3.85787585356e-06
0.000493808109255	0.000308630068284	0.00584082404228	0	0	0	5.78681378033e-05	0.0017360441341	0.00028162493731	3.08630068284e-05	8.87311446318e-05	0.000922032329	2.31472551213e-05	5.01523860962e-05	0.000219898923653	3.85787585356e-05	0.000135025654874	0.0274873654566	0.000393503337063	0.00758072605224	3.4720882682e-05	0.00172447050654	0.000146599282435	0.00881910420123	0.00017360441341	3.85787585356e-05	0.00638478453763	0.00630762702056	0.000891169322171	0.000165888661703	0.00182863315459	3.08630068284e-05	3.85787585356e-06	5.40102619498e-05	0.00805524478222	1.15736275607e-05	0.00130010416265	0.000397361212916	0	0	0	0	3.4720882682e-05	0	5.40102619498e-05	0	1.15736275607e-05	0	1.15736275607e-05	7.71575170711e-06	0	3.85787585356e-05	0.000335635199259	7.71575170711e-06	0.000115736275607	0	2.31472551213e-05	0.000162030785849	0.0001080205239	3.4720882682e-05	4.24366343891e-05	0.000667412522665	0.00148528220362	6.55838895104e-05	2.70051309749e-05	3.4720882682e-05	0	0	1.15736275607e-05	0.000115736275607	0.00239959878091	0.00113035762509	0.00377300258478	0.000883453570464	0.000131167779021	2.70051309749e-05	0	0.000131167779021	7.32996412175e-05	9.64468963389e-05	4.24366343891e-05	0	0	7.71575170711e-06
0.000378071833648	3.08630068284e-05	9.64468963389e-05	0	1.54315034142e-05	3.85787585356e-06	0.000513097488523	0.000524671116083	0.000794722425832	2.31472551213e-05	0.000601828633155	0.00871494155318	0.000208325296092	0.000532386867791	0.000493808109255	4.24366343891e-05	3.85787585356e-05	0.000393503337063	0.0140195208518	0.00458701438988	0.000266193433895	0.000104162648046	3.4720882682e-05	0.000185178040971	4.24366343891e-05	0.000285482813163	0.00493036534084	0.000779290922418	0.000300914316577	0.000223756799506	0.000138883530728	0.000216041047799	6.9441765364e-05	1.15736275607e-05	0.00354924578527	0	0.000231472551213	1.15736275607e-05	0	3.85787585356e-06	0	3.85787585356e-06	1.92893792678e-05	0	3.85787585356e-05	3.85787585356e-06	9.64468963389e-05	0	0.000204467420238	7.71575170711e-06	0	0	3.85787585356e-05	9.64468963389e-05	0.000162030785849	3.85787585356e-06	0	7.71575170711e-06	7.71575170711e-06	3.08630068284e-05	0.000489950233401	0.000952895335828	0.000690559777786	5.01523860962e-05	7.71575170711e-06	3.85787585356e-06	7.71575170711e-06	0	3.85787585356e-06	3.08630068284e-05	0.00112649974924	0.000910458701439	0.00273909185602	0.000470660854134	0.000254619806335	1.15736275607e-05	1.54315034142e-05	3.4720882682e-05	7.32996412175e-05	2.31472551213e-05	3.85787585356e-06	0	0	3.85787585356e-06
0.00040121908877	0.000177462289264	0.000925890204853	0	7.71575170711e-06	0	0.000235330427067	0.000902742949732	0.000459087226573	1.92893792678e-05	0.000339493075113	0.00693646078469	0.000104162648046	0.000135025654874	0.000300914316577	6.9441765364e-05	0.0001080205239	0.00758072605224	0.00458701438988	0.0255468539022	0.000158172909996	0.000682844026079	8.48732687782e-05	0.00162030785849	0.000135025654874	0.000100304772192	0.00950966397901	0.00508468037499	0.00052081324023	0.000185178040971	0.000590255005594	6.9441765364e-05	3.08630068284e-05	3.85787585356e-05	0.00940164345511	1.92893792678e-05	0.0014119825624	0.000150457158289	0	0	0	3.85787585356e-06	5.40102619498e-05	7.71575170711e-06	4.62945102427e-05	0	6.17260136569e-05	0	4.62945102427e-05	2.70051309749e-05	0	1.15736275607e-05	0.000231472551213	5.01523860962e-05	0.000358782454381	0	7.71575170711e-06	5.78681378033e-05	6.55838895104e-05	5.01523860962e-05	0.000331777323406	0.00141584043825	0.00151228733459	6.9441765364e-05	2.31472551213e-05	1.54315034142e-05	3.85787585356e-06	0	0	0.000127309903167	0.00372670807453	0.00149299795533	0.00695960803981	0.00170903900312	0.000243046178774	3.4720882682e-05	7.71575170711e-06	0.000192893792678	0.000123452027314	0.000123452027314	6.9441765364e-05	0	0	3.85787585356e-06
0.000304772192431	3.85787585356e-06	1.92893792678e-05	0	0.00518112727132	3.4720882682e-05	0.0019520851819	0.000493808109255	0.00216041047799	0.000771575170711	0.00640793179275	0.000667412522665	0.00993017244705	3.85787585356e-05	0.000875737818757	0.000590255005594	0	3.4720882682e-05	0.000266193433895	0.000158172909996	0.0198873500251	1.54315034142e-05	7.71575170711e-06	2.70051309749e-05	0.00150071370703	7.71575170711e-06	0.000200609544385	2.31472551213e-05	0.00283553875236	0.000343350950966	5.40102619498e-05	7.71575170711e-06	0.000138883530728	1.92893792678e-05	0.00143512981752	1.92893792678e-05	0	0	0	0.000408934840477	0	3.08630068284e-05	4.24366343891e-05	1.15736275607e-05	0.000497665985109	0.000115736275607	7.71575170711e-06	0.000142741406582	0	3.85787585356e-06	3.85787585356e-06	0	0	7.71575170711e-06	1.92893792678e-05	0.000420508468037	0	3.85787585356e-06	0	0.00074842791559	1.15736275607e-05	1.54315034142e-05	1.54315034142e-05	0.000212183171946	3.08630068284e-05	1.15736275607e-05	0	0	3.85787585356e-06	3.08630068284e-05	0.000181320165117	6.9441765364e-05	0.00113421550095	0.000243046178774	0.00128853053509	0.000131167779021	7.71575170711e-06	3.85787585356e-06	3.85787585356e-06	3.08630068284e-05	1.92893792678e-05	3.85787585356e-06	7.71575170711e-06	3.85787585356e-06
0.000659696770958	0.000204467420238	0.00117665213533	0	0	3.85787585356e-06	0.000115736275607	0.00184792253385	0.000405076964623	0.0001080205239	6.55838895104e-05	0.000266193433895	7.71575170711e-06	2.70051309749e-05	0.000439797847305	0.00034720882682	0.00429767370086	0.00172447050654	0.000104162648046	0.000682844026079	1.54315034142e-05	0.0359245399483	0.00211411596775	0.021997608117	0.00248061417384	1.92893792678e-05	0.000559391998765	0.00205238995409	0.00621118012422	0.000690559777786	0.00931291231048	1.92893792678e-05	7.71575170711e-06	0.000123452027314	0.00589097642838	1.92893792678e-05	0.00017360441341	0.000181320165117	0	3.85787585356e-06	0	3.85787585356e-06	0.000216041047799	3.85787585356e-06	0.000505381736816	3.85787585356e-06	3.85787585356e-06	3.85787585356e-06	3.85787585356e-06	1.92893792678e-05	7.71575170711e-06	0.000613402260715	7.71575170711e-05	7.71575170711e-06	1.15736275607e-05	3.85787585356e-06	0.000439797847305	0.00217969985726	0.000605686509008	0.00029319856487	7.71575170711e-06	9.64468963389e-05	0.000405076964623	0.000513097488523	4.24366343891e-05	0.000358782454381	0	0	1.54315034142e-05	0.000162030785849	0.00425137919062	0.00116122063192	0.00500366498206	0.00130781991436	0.000536244743644	6.17260136569e-05	1.15736275607e-05	0.000169746537556	6.9441765364e-05	0.000146599282435	7.71575170711e-05	1.15736275607e-05	3.85787585356e-06	0
0.000320203695845	0.00348366189576	0.000312487944138	0	5.40102619498e-05	7.71575170711e-06	6.9441765364e-05	0.000551676247058	0.000212183171946	0.00484934994792	3.08630068284e-05	5.40102619498e-05	1.92893792678e-05	6.55838895104e-05	0.000200609544385	0.000177462289264	0.00666640947494	0.000146599282435	3.4720882682e-05	8.48732687782e-05	7.71575170711e-06	0.00211411596775	0.0258091894603	0.00418579530111	0.00908915551098	0.000262335558042	0.000285482813163	0.00542031557424	0.00352609853015	0.000354924578527	0.00128853053509	1.15736275607e-05	3.85787585356e-06	6.55838895104e-05	0.000459087226573	0.000142741406582	0.000802438177539	0.000366498206088	0	5.40102619498e-05	3.85787585356e-06	1.54315034142e-05	0.000937463832414	1.54315034142e-05	0.00384244435014	1.92893792678e-05	1.54315034142e-05	1.15736275607e-05	2.31472551213e-05	0.000111878399753	2.31472551213e-05	0.00257320319432	0.000196751668531	1.15736275607e-05	5.40102619498e-05	4.62945102427e-05	0.0013618301763	0.00894641410439	0.00182091740288	0.00195594305775	4.62945102427e-05	0.000208325296092	0.0015701554724	0.002607924077	0.000185178040971	0.00123837814899	0	3.85787585356e-06	5.78681378033e-05	0.000524671116083	0.00124995177655	0.000397361212916	0.000540102619498	0.00022761467536	0.000177462289264	1.15736275607e-05	1.54315034142e-05	0.000540102619498	0.000196751668531	0.000451371474866	0.000235330427067	2.70051309749e-05	1.54315034142e-05	0
0.000929748080707	0.000682844026079	0.00900042436634	0	0	3.85787585356e-06	0.000177462289264	0.00357239304039	0.000624975888276	0.000162030785849	0.000127309903167	0.000513097488523	1.54315034142e-05	5.01523860962e-05	0.000470660854134	0.000590255005594	0.00720651209444	0.00881910420123	0.000185178040971	0.00162030785849	2.70051309749e-05	0.021997608117	0.00418579530111	0.0659040932063	0.00383858647429	6.17260136569e-05	0.00214497897458	0.0108444890243	0.00707920219127	0.000374213957795	0.00489950233401	2.70051309749e-05	1.92893792678e-05	9.25890204853e-05	0.00720651209444	6.17260136569e-05	0.000825585432661	0.000671270398519	0	1.54315034142e-05	0	1.15736275607e-05	0.000258477682188	1.15736275607e-05	0.000516955364376	3.85787585356e-06	2.31472551213e-05	3.85787585356e-06	1.15736275607e-05	5.78681378033e-05	3.85787585356e-06	0.00229157825701	0.000258477682188	2.31472551213e-05	8.10153929247e-05	7.71575170711e-06	0.00052081324023	0.0067281354886	0.00212568959531	0.000482234481694	2.70051309749e-05	0.000250761930481	0.00241888816018	0.000725280660468	6.17260136569e-05	0.000324061571699	0	3.85787585356e-06	1.92893792678e-05	0.000389645461209	0.00988387793681	0.00278924424212	0.0075922996798	0.00195980093361	0.000887311446318	9.64468963389e-05	1.54315034142e-05	0.000482234481694	0.000162030785849	0.000451371474866	0.00028162493731	1.54315034142e-05	3.85787585356e-06	0
0.000532386867791	0.00156243972069	0.00041279271633	0	0.00250376142896	3.08630068284e-05	0.000435939971452	0.00254234018749	0.000709849157054	0.00857605802245	0.000478376605841	0.000146599282435	0.00154315034142	4.62945102427e-05	0.000366498206088	0.000617260136569	0.00960611087535	0.00017360441341	4.24366343891e-05	0.000135025654874	0.00150071370703	0.00248061417384	0.00908915551098	0.00383858647429	0.0435322711315	0.000127309903167	0.00023918830292	0.00278152849041	0.0165541452876	0.000509239612669	0.00156243972069	3.85787585356e-06	3.4720882682e-05	0.000127309903167	0.000891169322171	0.000320203695845	0.000181320165117	0.000192893792678	0	0.000752285791443	0	8.10153929247e-05	0.00192893792678	9.64468963389e-05	0.00670113035763	0.000327919447552	8.10153929247e-05	0.000104162648046	3.08630068284e-05	0.000339493075113	3.08630068284e-05	0.000563249874619	9.64468963389e-05	1.92893792678e-05	3.85787585356e-05	0.000659696770958	0.000744570039736	0.00248832992554	0.000671270398519	0.00392345974307	1.54315034142e-05	0.000154315034142	0.000393503337063	0.00428995794915	0.000524671116083	0.00101462134948	0	1.54315034142e-05	0.000177462289264	0.000941321708267	0.00167046024459	0.000405076964623	0.00126538327997	0.000451371474866	0.000929748080707	5.78681378033e-05	3.85787585356e-06	0.000536244743644	0.000146599282435	0.000678986150226	0.000266193433895	2.31472551213e-05	1.54315034142e-05	1.54315034142e-05
3.85787585356e-05	0.000659696770958	2.70051309749e-05	0	0	0	5.78681378033e-05	6.55838895104e-05	7.71575170711e-05	0.000104162648046	5.01523860962e-05	0.00430538945257	7.71575170711e-06	0.00638478453763	6.17260136569e-05	7.71575170711e-06	3.85787585356e-05	3.85787585356e-05	0.000285482813163	0.000100304772192	7.71575170711e-06	1.92893792678e-05	0.000262335558042	6.17260136569e-05	0.000127309903167	0.0110682458238	0.00175919138922	0.00140812468655	4.62945102427e-05	3.4720882682e-05	2.31472551213e-05	0.000775433046565	2.31472551213e-05	0	0.00113421550095	7.71575170711e-06	0.000370356081941	1.54315034142e-05	0	7.71575170711e-06	0	1.54315034142e-05	3.85787585356e-06	3.85787585356e-06	1.15736275607e-05	2.31472551213e-05	0.000914316577293	1.54315034142e-05	0.0022761467536	4.24366343891e-05	0	7.71575170711e-06	1.15736275607e-05	0.000162030785849	0.000146599282435	1.54315034142e-05	7.71575170711e-06	4.24366343891e-05	7.71575170711e-06	1.54315034142e-05	0.00277381273871	0.00195594305775	0.00118436788704	1.54315034142e-05	5.78681378033e-05	7.71575170711e-06	0.000104162648046	0	0	0.000123452027314	0.000150457158289	0.000628833764129	0.000451371474866	6.9441765364e-05	1.92893792678e-05	0	0.000455229350719	5.40102619498e-05	0.000875737818757	0.000158172909996	1.92893792678e-05	0	0	0.000150457158289
0.000482234481694	0.000787006674125	0.00512711700937	0	1.54315034142e-05	3.85787585356e-06	0.000408934840477	0.00104162648046	0.000775433046565	6.17260136569e-05	0.000462945102427	0.00736854288029	0.000111878399753	0.00388102310868	0.000424366343891	7.32996412175e-05	0.000219898923653	0.00638478453763	0.00493036534084	0.00950966397901	0.000200609544385	0.000559391998765	0.000285482813163	0.00214497897458	0.00023918830292	0.00175919138922	0.0643802322441	0.0172794259481	0.000570965626326	0.000285482813163	0.000547818371205	0.00341036225454	5.78681378033e-05	2.70051309749e-05	0.00678214575055	7.32996412175e-05	0.00887697233903	0.000925890204853	0	7.71575170711e-06	0	1.15736275607e-05	0.000158172909996	1.54315034142e-05	0.000115736275607	1.54315034142e-05	0.00041279271633	1.15736275607e-05	0.000605686509008	0.000138883530728	3.85787585356e-06	7.32996412175e-05	0.00118822576289	0.000424366343891	0.00179777014776	1.54315034142e-05	6.17260136569e-05	0.000285482813163	0.000289340689017	9.25890204853e-05	0.00343736738552	0.0080320975271	0.01016936075	0.000185178040971	0.000165888661703	8.10153929247e-05	3.4720882682e-05	0	1.92893792678e-05	0.000667412522665	0.00462173527256	0.00296670653138	0.00658153620616	0.00154315034142	0.000304772192431	3.08630068284e-05	2.70051309749e-05	0.000798580301686	0.000713707032908	0.000729138536322	0.000185178040971	1.15736275607e-05	0	7.71575170711e-06
0.000420508468037	0.00548589946376	0.0117626634775	0	3.85787585356e-06	7.71575170711e-06	0.000177462289264	0.00117665213533	0.000381929709502	0.000513097488523	0.000138883530728	0.00124995177655	3.08630068284e-05	0.00207553720921	0.000223756799506	0.000162030785849	0.00349523552332	0.00630762702056	0.000779290922418	0.00508468037499	2.31472551213e-05	0.00205238995409	0.00542031557424	0.0108444890243	0.00278152849041	0.00140812468655	0.0172794259481	0.0786119362679	0.00180162802361	0.000165888661703	0.000779290922418	0.00029319856487	4.62945102427e-05	3.4720882682e-05	0.00548589946376	5.40102619498e-05	0.013514139115	0.00280467574553	0	1.15736275607e-05	0	1.54315034142e-05	0.000266193433895	3.85787585356e-06	0.000262335558042	1.54315034142e-05	0.000104162648046	1.54315034142e-05	9.64468963389e-05	6.55838895104e-05	3.85787585356e-06	0.00223371011921	0.00170132325142	0.000135025654874	0.00086802206705	1.54315034142e-05	0.000366498206088	0.00691717140542	0.00239574090506	0.000277767061456	0.00148528220362	0.00418193742525	0.01749160912	0.000597970757301	0.000104162648046	0.000192893792678	1.92893792678e-05	3.85787585356e-06	1.15736275607e-05	0.000887311446318	0.00722965934956	0.00273137610432	0.00553605184985	0.00163959723776	0.000300914316577	3.4720882682e-05	1.92893792678e-05	0.00109563674241	0.000698275529493	0.00093360595656	0.000378071833648	7.71575170711e-06	1.15736275607e-05	0
0.00285482813163	0.000408934840477	0.00160487635508	0	0.00513483276108	4.62945102427e-05	0.00352609853015	0.0207090775819	0.00436711546622	0.00442498360403	0.00800123452027	0.00074842791559	0.00197137456117	4.24366343891e-05	0.00190964854751	0.000671270398519	0.0040121908877	0.000891169322171	0.000300914316577	0.00052081324023	0.00283553875236	0.00621118012422	0.00352609853015	0.00707920219127	0.0165541452876	4.62945102427e-05	0.000570965626326	0.00180162802361	0.0697002430462	0.00177076501678	0.00733382199761	1.54315034142e-05	0.000181320165117	0.000277767061456	0.00338335712357	0.000366498206088	0.000146599282435	0.00017360441341	0	0.00211025809189	0	9.25890204853e-05	0.00217198410555	8.87311446318e-05	0.00772732533467	0.000594112881447	7.32996412175e-05	0.000262335558042	2.31472551213e-05	0.000351066702674	4.24366343891e-05	0.000327919447552	0.000123452027314	1.15736275607e-05	3.4720882682e-05	0.00178233864434	0.000636549515837	0.00185563828556	0.000605686509008	0.00609158597276	1.15736275607e-05	0.00011959415146	0.000308630068284	0.00502681223718	0.000597970757301	0.0011959415146	0	2.31472551213e-05	0.000131167779021	0.000983758342657	0.00370356081941	0.000644265267544	0.00481848694109	0.0017939122719	0.00130781991436	0.000177462289264	1.54315034142e-05	0.00069441765364	0.000200609544385	0.000698275529493	0.000273909185602	4.24366343891e-05	3.85787585356e-06	7.71575170711e-06
0.00718722271517	3.4720882682e-05	8.87311446318e-05	0	3.85787585356e-05	6.17260136569e-05	0.00133482504533	0.00514254851279	0.00380000771575	0.00022761467536	0.00148142432777	0.00109949461826	0.000339493075113	0.000158172909996	0.00803595540296	0.000169746537556	5.01523860962e-05	0.000165888661703	0.000223756799506	0.000185178040971	0.000343350950966	0.000690559777786	0.000354924578527	0.000374213957795	0.000509239612669	3.4720882682e-05	0.000285482813163	0.000165888661703	0.00177076501678	0.0260097990047	0.0054820415879	3.85787585356e-05	0.000378071833648	0.00202152694726	0.00613788048301	2.70051309749e-05	2.70051309749e-05	2.31472551213e-05	0	5.78681378033e-05	0	3.85787585356e-06	0.000277767061456	1.54315034142e-05	0.000651981019251	3.4720882682e-05	3.85787585356e-06	7.71575170711e-06	1.15736275607e-05	6.17260136569e-05	3.85787585356e-06	3.08630068284e-05	1.15736275607e-05	3.85787585356e-06	7.71575170711e-06	4.24366343891e-05	6.17260136569e-05	0.000146599282435	6.17260136569e-05	0.000385787585356	1.54315034142e-05	4.24366343891e-05	4.62945102427e-05	0.000582539253887	5.40102619498e-05	0.0001080205239	0	3.85787585356e-06	1.15736275607e-05	0.000100304772192	0.000817869680954	0.000150457158289	0.00227228887774	0.000555534122912	0.000297056440724	3.85787585356e-05	1.15736275607e-05	7.71575170711e-05	3.08630068284e-05	7.71575170711e-05	5.01523860962e-05	7.71575170711e-06	0	3.85787585356e-06
0.00520041665059	0.000115736275607	0.000513097488523	0	0	7.71575170711e-06	0.000312487944138	0.00964468963389	0.0023340148914	0.000524671116083	0.000208325296092	0.000362640330234	4.24366343891e-05	3.08630068284e-05	0.00292426989699	0.000204467420238	0.000497665985109	0.00182863315459	0.000138883530728	0.000590255005594	5.40102619498e-05	0.00931291231048	0.00128853053509	0.00489950233401	0.00156243972069	2.31472551213e-05	0.000547818371205	0.000779290922418	0.00733382199761	0.0054820415879	0.0386250530458	1.54315034142e-05	3.08630068284e-05	0.000567107750473	0.00746498977663	0.000154315034142	0.000138883530728	9.64468963389e-05	0	1.54315034142e-05	0	3.85787585356e-06	0.000671270398519	1.15736275607e-05	0.00164345511361	3.85787585356e-06	1.92893792678e-05	7.71575170711e-06	3.85787585356e-06	9.25890204853e-05	1.15736275607e-05	0.000135025654874	6.17260136569e-05	1.54315034142e-05	2.31472551213e-05	3.85787585356e-06	0.000335635199259	0.000841016936075	0.000243046178774	0.000628833764129	7.71575170711e-06	6.17260136569e-05	0.000181320165117	0.00126538327997	0.000196751668531	0.000578681378033	0	7.71575170711e-06	6.9441765364e-05	0.000308630068284	0.00236102002238	0.000590255005594	0.00469503491378	0.00116507850777	0.000408934840477	3.85787585356e-05	3.85787585356e-06	0.000189035916824	7.32996412175e-05	0.000204467420238	0.000111878399753	1.54315034142e-05	7.71575170711e-06	3.85787585356e-06
