0.015052853822	0	7.10878574831e-06	0	0.000152838893589	9.2414214728e-05	0.000220372358197	0.00738958278536	0.00151417136439	0.00131867975631	0.00248096622616	0.000280797037058	9.95230004763e-05	2.48807501191e-05	0.00536002445422	0.000149284500714	1.06631786225e-05	3.55439287415e-06	0.000156393286463	0.000120849357721	0	4.26527144898e-05	2.84351429932e-05	7.10878574831e-05	0.00227836583233	0	4.26527144898e-05	2.48807501191e-05	0.00290393897818	0.00650098456683	0.00252361894065	0	2.48807501191e-05	6.39790717348e-05	0.000383874430409	0	3.55439287415e-06	1.06631786225e-05	0	0	0	3.90983216157e-05	1.06631786225e-05	6.75334646089e-05	0.000337667323045	3.55439287415e-05	0	3.19895358674e-05	1.42175714966e-05	2.13263572449e-05	0	0.000163502072211	0	3.55439287415e-06	0	5.33158931123e-05	7.10878574831e-05	0.000327004144422	6.75334646089e-05	0.000415863966276	0	0	3.55439287415e-06	6.39790717348e-05	0.000177719643708	0.000291460215681	0	0	0.000142175714966	0.000490506216633	0.000184828429456	2.13263572449e-05	0.00046207107364	0.000159947679337	9.2414214728e-05	0	0	0.000167056465085	7.10878574831e-06	9.2414214728e-05	0.000142175714966	0	0	1.42175714966e-05
0	0.0150919521437	0.000287905822806	0	3.55439287415e-05	0	0	6.75334646089e-05	3.55439287415e-06	0.00491927973783	0	1.77719643708e-05	0.000135066929218	0.000138621322092	1.42175714966e-05	0	0.00014573010784	0.000191937215204	0	7.10878574831e-06	0	1.06631786225e-05	0.00383874430409	0.000355439287415	0.00325582387272	0.00225703947509	0.00120493918434	0.00990253854739	3.19895358674e-05	1.06631786225e-05	6.75334646089e-05	0	0	0	0.000284351429932	7.10878574831e-06	0.00762061832218	2.84351429932e-05	0	0	0	0	0	0	4.97615002381e-05	0	3.19895358674e-05	0	6.39790717348e-05	7.10878574831e-06	0	0.000181274036582	0.00014573010784	9.2414214728e-05	9.95230004763e-05	0	5.33158931123e-05	0.000405200787653	5.68702859865e-05	0.000181274036582	0.00130446218481	0.000593583609984	0.00711944892693	7.81966432314e-05	2.13263572449e-05	1.77719643708e-05	1.77719643708e-05	0	3.55439287415e-06	1.06631786225e-05	0.000259470679813	2.84351429932e-05	0.000170610857959	2.48807501191e-05	3.55439287415e-06	0	4.6207107364e-05	0.00014573010784	0.000138621322092	2.13263572449e-05	3.55439287415e-06	0	0	0
7.10878574831e-06	0.000287905822806	0.0419311727364	0	0	1.77719643708e-05	8.88598218538e-05	0.00366457905325	0.000348330501667	0.000341221715919	0.000479843038011	6.39790717348e-05	3.55439287415e-06	3.55439287415e-05	0.000394537609031	0	8.53054289797e-05	0.00886110143526	3.55439287415e-05	0.00041941835915	0	0.0018696106518	0.00010307739335	0.0128029231327	0.000639790717348	3.55439287415e-06	0.0124794733812	0.00877579600628	0.00203666711689	6.04246788606e-05	0.00247030304754	0	0	1.42175714966e-05	0.00103432832638	1.06631786225e-05	0.00975325404668	0.00591450974259	0	0	0	7.10878574831e-06	3.55439287415e-06	7.10878574831e-05	7.10878574831e-06	1.06631786225e-05	5.33158931123e-05	7.10878574831e-06	4.6207107364e-05	4.6207107364e-05	0	3.90983216157e-05	0.00193358972354	1.42175714966e-05	0.00101655636201	7.10878574831e-06	0.000245253108317	0.000255916286939	0.000373211251786	2.48807501191e-05	0.000191937215204	0.00549509138344	0.00876868722054	0.00014573010784	5.68702859865e-05	0.000177719643708	3.55439287415e-06	0	2.13263572449e-05	0.00014573010784	0.00163502072211	0.00481620234448	0.000963240468896	0.000195491608078	3.55439287415e-06	0	1.06631786225e-05	0.000156393286463	0.000131512536344	9.59686076021e-05	2.84351429932e-05	0	0	7.10878574831e-06
0	0	0	0	0	0	0	0	0	0	0	0	0	0	0	0	0	0	0	0	0	0	0	0	0	0	0	0	0	0	0	0	0	0	0	0	0	0	0	0	0	0	0	0	0	0	0	0	0	0	0	0	0	0	0	0	0	0	0	0	0	0	0	0	0	0	0	0	0	0	0	0	0	0	0	0	0	0	0	0	0	0	0	0
0.000152838893589	3.55439287415e-05	0	0	0.0198335122378	4.26527144898e-05	0.000558039681242	0.00135422368505	0.000163502072211	0.0087047081488	0.00494060609507	9.59686076021e-05	0.00552352652643	2.84351429932e-05	0.000142175714966	0.000469179859388	1.06631786225e-05	3.55439287415e-06	4.97615002381e-05	7.10878574831e-05	0.0102757497992	7.10878574831e-06	8.88598218538e-05	1.42175714966e-05	0.011889444164	0	3.55439287415e-05	7.81966432314e-05	0.00576522524188	7.10878574831e-05	2.13263572449e-05	0	3.55439287415e-06	0	3.19895358674e-05	7.81966432314e-05	0	4.6207107364e-05	0	0.00190515458055	0	1.77719643708e-05	0.000458516680766	3.90983216157e-05	0.00282929672783	1.42175714966e-05	1.42175714966e-05	0.000405200787653	1.06631786225e-05	0.000522495752501	0	3.90983216157e-05	6.04246788606e-05	1.06631786225e-05	1.77719643708e-05	0.000717987360579	7.10878574831e-06	4.6207107364e-05	0.000110186179099	0.0044145559497	3.55439287415e-06	2.13263572449e-05	6.75334646089e-05	0.00242409594017	0.00165990147223	0.00163857511498	0	0	0.0012653638632	0.00210775497437	9.59686076021e-05	3.55439287415e-06	0.000238144322568	5.33158931123e-05	0.000142175714966	0	0	0.000309232180051	6.39790717348e-05	0.000298569001429	0.000248807501191	1.77719643708e-05	3.55439287415e-06	1.42175714966e-05
9.2414214728e-05	0	1.77719643708e-05	0	4.26527144898e-05	0.00987765779727	0.00503657470268	0.00122981993446	0.00371078616062	4.97615002381e-05	0.00253428211927	2.48807501191e-05	0.000270133858436	3.55439287415e-05	0.00173809811546	0.00175942447271	1.06631786225e-05	3.55439287415e-06	0	7.10878574831e-06	5.68702859865e-05	2.13263572449e-05	1.77719643708e-05	1.42175714966e-05	0.000124403750595	0	3.55439287415e-05	7.10878574831e-06	0.000604246788606	0.000117294964847	4.6207107364e-05	0	0.00169544540097	0	0.000390983216157	0	3.55439287415e-06	0	0	0	0	1.77719643708e-05	1.06631786225e-05	3.55439287415e-05	3.55439287415e-06	0.000106631786225	1.77719643708e-05	0.000280797037058	0	2.48807501191e-05	0	1.42175714966e-05	0	4.26527144898e-05	1.42175714966e-05	8.88598218538e-05	3.55439287415e-06	2.13263572449e-05	0	2.48807501191e-05	0	2.48807501191e-05	0	3.55439287415e-05	0.000149284500714	1.42175714966e-05	0	0	0	0.000195491608078	0.000582920431361	2.13263572449e-05	0.000117294964847	0.000163502072211	0.00272621933448	0.00147862743565	0	0	5.33158931123e-05	0.00014573010784	3.55439287415e-05	7.10878574831e-06	0	0
0.000220372358197	0	8.88598218538e-05	0	0.000558039681242	0.00503657470268	0.0435057687796	0.0048126479516	0.0196735645584	0.000970349254644	0.0280583773486	0.00826751782528	0.00876868722054	0.00201178636677	0.00356505605278	0.00375699326798	1.06631786225e-05	0.000184828429456	0.00341221715919	0.00423328191312	0.00110186179099	4.97615002381e-05	9.95230004763e-05	7.81966432314e-05	0.00237433443993	3.55439287415e-06	0.00371789494636	0.000575811645613	0.00521429434638	0.000398092001905	5.68702859865e-05	3.55439287415e-06	0.00263025072687	0	0.00211486376012	3.55439287415e-06	7.10878574831e-06	0	0	0.000117294964847	0	0.000120849357721	4.6207107364e-05	0.000220372358197	2.48807501191e-05	0.000305677787177	2.13263572449e-05	0.00505790105992	1.42175714966e-05	0.000110186179099	3.55439287415e-06	3.90983216157e-05	0	3.55439287415e-05	2.48807501191e-05	0.0012511462917	5.68702859865e-05	0.000110186179099	6.04246788606e-05	0.000280797037058	1.06631786225e-05	2.84351429932e-05	2.84351429932e-05	0.000319895358674	0.000245253108317	1.42175714966e-05	0	0	3.55439287415e-06	0.000280797037058	0.000685997824712	0.00012795814347	0.0114131555189	0.000458516680766	0.00154971529313	0.000444299109269	0	8.88598218538e-05	6.04246788606e-05	0.000131512536344	3.19895358674e-05	5.33158931123e-05	0	2.13263572449e-05
0.00738958278536	6.75334646089e-05	0.00366457905325	0	0.00135422368505	0.00122981993446	0.0048126479516	0.0596889195357	0.0111821199821	0.00331269415871	0.0145019229265	0.00312431133638	0.000252361894065	0.000238144322568	0.012738944061	0.000725096146327	6.75334646089e-05	0.00247741183328	0.00132934293493	0.00236367126131	0.00010307739335	0.00398092001905	5.33158931123e-05	0.00366457905325	0.00673202010365	1.06631786225e-05	0.00534225248985	0.00079618400381	0.0243369280093	0.00327715022997	0.0176724413703	7.10878574831e-06	0.000358993680289	1.77719643708e-05	0.00628772099438	6.04246788606e-05	0.000622018752977	0.00010307739335	0	0	0	0.000305677787177	0.000241698715442	0.000657562681718	0.000486951823759	4.97615002381e-05	0.000149284500714	0.000106631786225	8.88598218538e-05	0.000632681931599	0	0.000476288645137	2.84351429932e-05	0.000159947679337	6.75334646089e-05	6.04246788606e-05	0.000223926751072	0.00079618400381	0.000199046000953	0.0026124787625	0.000124403750595	0.000327004144422	0.000632681931599	0.00209709179575	0.00168122782947	0.000792629610936	3.55439287415e-06	0	0.000433635930647	0.00230680097533	0.00262314194113	0.000348330501667	0.00581854113499	0.0011409601126	0.000618464360103	1.77719643708e-05	0	0.000238144322568	0.000195491608078	0.00104143711213	0.000643345110222	3.19895358674e-05	3.55439287415e-06	9.2414214728e-05
0.00151417136439	3.55439287415e-06	0.000348330501667	0	0.000163502072211	0.00371078616062	0.0196735645584	0.0111821199821	0.0431823190281	0.000401646394779	0.0206403594202	0.00620952435115	0.000515386966752	0.00185539308031	0.0190302194482	0.000835282325426	4.26527144898e-05	0.00018838282233	0.00285773187082	0.00215751647461	0.000131512536344	0.000380320037534	0.000181274036582	0.000241698715442	0.00241343276155	3.55439287415e-06	0.00324871508698	0.000497615002381	0.00683154310412	0.000803292789559	0.000387428823283	1.06631786225e-05	0.00296791804992	0	0.00129024461332	1.42175714966e-05	1.06631786225e-05	3.55439287415e-06	0	1.77719643708e-05	0	0.000113740571973	7.46422503572e-05	0.000220372358197	0.000110186179099	0.000220372358197	7.10878574831e-05	0.00144308350691	3.90983216157e-05	0.000110186179099	3.55439287415e-06	6.04246788606e-05	0	6.75334646089e-05	3.19895358674e-05	0.000277242644184	4.6207107364e-05	8.88598218538e-05	3.90983216157e-05	0.000298569001429	1.06631786225e-05	3.55439287415e-05	2.13263572449e-05	0.000312786572925	0.000558039681242	0.000159947679337	0	0	7.10878574831e-05	0.000696661003334	0.001044991505	0.00023103553682	0.00718342799866	0.000373211251786	0.00164212950786	0.000355439287415	0	6.75334646089e-05	8.17510361055e-05	0.000277242644184	8.88598218538e-05	1.06631786225e-05	0	4.6207107364e-05
0.00131867975631	0.00491927973783	0.000341221715919	0	0.0087047081488	4.97615002381e-05	0.000970349254644	0.00331269415871	0.000401646394779	0.0477674858357	0.00122981993446	0.000117294964847	0.00779833796589	0.00010307739335	0.000636236324473	0.00340866276631	0.002626696334	0.000117294964847	4.97615002381e-05	0.00010307739335	0.00496193245232	0.000113740571973	0.0106738418011	0.000373211251786	0.0356932132422	0.00164568390073	0.000270133858436	0.00390627776869	0.0149888747503	0.00107698104087	0.000739313717824	0	0	7.81966432314e-05	0.000280797037058	0.000152838893589	0.000309232180051	0.000213263572449	0	0.00111607936248	3.55439287415e-06	0.000131512536344	0.00139332200667	0.000394537609031	0.009461793831	3.90983216157e-05	6.75334646089e-05	0.000238144322568	5.33158931123e-05	0.00118361282709	1.06631786225e-05	0.00571190934876	0.00018838282233	0.000110186179099	0.000149284500714	0.000255916286939	0.00105210029075	0.00909213697208	0.00402001834067	0.0150919521437	2.13263572449e-05	0.000220372358197	0.000579366038487	0.00552352652643	0.00479487598723	0.0049370517022	0	3.55439287415e-06	0.00343354351643	0.00699504517633	0.00190515458055	5.33158931123e-05	0.000632681931599	0.000270133858436	0.00108764421949	7.10878574831e-06	5.33158931123e-05	0.00141820275679	0.000263025072687	0.00119783039859	0.000892152611412	0.000302123394303	7.10878574831e-06	7.81966432314e-05
0.00248096622616	0	0.000479843038011	0	0.00494060609507	0.00253428211927	0.0280583773486	0.0145019229265	0.0206403594202	0.00122981993446	0.0793127225939	0.00941914111651	0.00955420804572	0.00190160018767	0.00977458040392	0.000824619146804	2.13263572449e-05	0.000458516680766	0.00397025684043	0.00553418970506	0.00626994903001	0.000351884894541	1.06631786225e-05	0.000366102466038	0.0039738112333	3.55439287415e-06	0.00356861044565	0.00056514846699	0.0133076469208	0.00279730719196	0.000362548073164	7.10878574831e-06	0.00149995379289	2.13263572449e-05	0.00371789494636	1.06631786225e-05	2.13263572449e-05	1.77719643708e-05	0	0.00119072161284	0	0.000131512536344	4.26527144898e-05	0.00033411293017	0.000408755180528	0.00195847047366	4.26527144898e-05	0.00938359718776	3.19895358674e-05	0.000216817965323	3.55439287415e-06	5.33158931123e-05	3.55439287415e-06	5.68702859865e-05	2.84351429932e-05	0.00496904123807	5.68702859865e-05	9.95230004763e-05	2.13263572449e-05	0.00122981993446	1.42175714966e-05	4.26527144898e-05	4.97615002381e-05	0.000781966432314	0.000415863966276	3.19895358674e-05	3.55439287415e-06	0	2.13263572449e-05	0.000454962287892	0.00202955833114	0.000252361894065	0.0138763497807	0.00132578854206	0.00178430522282	0.000220372358197	0	0.00012795814347	8.17510361055e-05	0.00018838282233	4.97615002381e-05	7.10878574831e-06	0	6.75334646089e-05
0.000280797037058	1.77719643708e-05	6.39790717348e-05	0	9.59686076021e-05	2.48807501191e-05	0.00826751782528	0.00312431133638	0.00620952435115	0.000117294964847	0.00941914111651	0.0373140163929	0.00105565468362	0.00798672078822	0.00379964598247	2.84351429932e-05	4.6207107364e-05	0.00131512536344	0.00882555750652	0.0140611782101	0.000174165250834	0.000629127538725	3.19895358674e-05	0.000614909967228	0.0013471148993	0.000682443431837	0.00985277704715	0.0017878596157	0.00238855201143	0.0032451606941	0.00131512536344	0.000412309573402	0.000110186179099	7.10878574831e-06	0.0130908289555	3.55439287415e-06	3.55439287415e-05	3.55439287415e-06	0	7.10878574831e-06	0	9.59686076021e-05	4.26527144898e-05	0.000152838893589	2.13263572449e-05	0.000142175714966	0.00027368825131	0.00210775497437	0.000810401575307	6.39790717348e-05	0	2.84351429932e-05	3.55439287415e-06	2.48807501191e-05	1.06631786225e-05	0.000298569001429	1.42175714966e-05	5.33158931123e-05	1.42175714966e-05	0.000131512536344	0.000632681931599	0.000533158931123	0.000604246788606	0.000135066929218	0.000138621322092	3.19895358674e-05	0.000390983216157	0	2.48807501191e-05	0.00012795814347	0.00328425901572	0.00223926751072	0.0203737799546	0.00153905211451	0.00014573010784	0	0.000483397430885	7.10878574831e-06	2.13263572449e-05	3.90983216157e-05	1.06631786225e-05	0	0	0
9.95230004763e-05	0.000135066929218	3.55439287415e-06	0	0.00552352652643	0.000270133858436	0.00876868722054	0.000252361894065	0.000515386966752	0.00779833796589	0.00955420804572	0.00105565468362	0.0286555153514	0.000579366038487	0.000138621322092	0.00311720255063	3.55439287415e-06	1.06631786225e-05	0.000213263572449	0.000351884894541	0.00771303253691	1.77719643708e-05	0.000355439287415	2.84351429932e-05	0.00727228782052	1.06631786225e-05	0.000813955968181	0.000149284500714	0.00297858122854	0.000142175714966	5.33158931123e-05	0	8.17510361055e-05	7.10878574831e-06	0.000110186179099	3.55439287415e-06	2.13263572449e-05	3.55439287415e-06	0	0.0014715186499	0	7.10878574831e-06	0.000355439287415	1.77719643708e-05	0.00219661479623	9.95230004763e-05	0	0.00394537609031	3.55439287415e-06	4.26527144898e-05	3.55439287415e-06	0.000110186179099	3.19895358674e-05	3.55439287415e-06	0	0.000874380647042	0.000163502072211	0.000351884894541	0.000266579465561	0.00231746415395	0	3.55439287415e-06	3.55439287415e-05	0.00106987225512	0.000287905822806	0.000259470679813	0	0	0.000270133858436	0.00033411293017	0.000255916286939	2.48807501191e-05	0.00193714411641	0.000152838893589	0.000614909967228	3.19895358674e-05	3.55439287415e-06	0.000373211251786	3.55439287415e-06	4.97615002381e-05	2.13263572449e-05	0.000177719643708	0	3.55439287415e-06
2.48807501191e-05	0.000138621322092	3.55439287415e-05	0	2.84351429932e-05	3.55439287415e-05	0.00201178636677	0.000238144322568	0.00185539308031	0.00010307739335	0.00190160018767	0.00798672078822	0.000579366038487	0.0265797499129	0.00096679486177	1.06631786225e-05	2.13263572449e-05	4.26527144898e-05	0.000494060609507	0.000184828429456	5.33158931123e-05	1.06631786225e-05	3.55439287415e-05	0.000117294964847	0.0003163409658	0.00286839504944	0.00841324793312	0.00463137391502	0.000508278181004	0.000828173539678	5.33158931123e-05	0.000597138002858	0.000199046000953	0	0.00199046000953	3.55439287415e-06	0.000319895358674	2.13263572449e-05	0	0	0	1.77719643708e-05	7.10878574831e-06	3.19895358674e-05	0.000117294964847	7.10878574831e-06	0.001044991505	0.000238144322568	0.0091170177222	3.19895358674e-05	0	0	3.55439287415e-06	8.53054289797e-05	0.00010307739335	4.6207107364e-05	0	0.000117294964847	3.55439287415e-06	4.6207107364e-05	0.00599270638582	0.005253392668	0.00575456206325	3.55439287415e-05	6.04246788606e-05	1.06631786225e-05	0.00350818576679	0	3.55439287415e-06	2.48807501191e-05	0.00023103553682	0.00681021674688	0.00508633620291	0.00010307739335	0.000227481143946	7.10878574831e-06	0.000806847182433	2.48807501191e-05	8.53054289797e-05	0.000117294964847	0	3.55439287415e-06	0	2.48807501191e-05
0.00536002445422	1.42175714966e-05	0.000394537609031	0	0.000142175714966	0.00173809811546	0.00356505605278	0.012738944061	0.0190302194482	0.000636236324473	0.00977458040392	0.00379964598247	0.000138621322092	0.00096679486177	0.0393186939739	0.000227481143946	0.000174165250834	0.000216817965323	0.00158881361475	0.000988121219015	2.13263572449e-05	0.000682443431837	0.000287905822806	0.000643345110222	0.00170966297247	0	0.00132223414918	0.000202600393827	0.00518585920339	0.00675690085377	0.0018020771872	6.75334646089e-05	0.00110186179099	7.10878574831e-06	0.00278308962046	1.06631786225e-05	1.42175714966e-05	1.42175714966e-05	0	0	0	2.13263572449e-05	3.55439287415e-05	5.33158931123e-05	0.000184828429456	0.000238144322568	4.6207107364e-05	0.000380320037534	3.90983216157e-05	3.90983216157e-05	0	8.17510361055e-05	3.55439287415e-06	4.6207107364e-05	2.13263572449e-05	0.000181274036582	8.17510361055e-05	0.000170610857959	6.39790717348e-05	0.000223926751072	7.10878574831e-06	1.42175714966e-05	4.6207107364e-05	0.00014573010784	0.000465625466514	0.000227481143946	3.55439287415e-06	0	0.000106631786225	0.00065045389597	0.00211130936725	0.000529604538249	0.00374988448223	0.000575811645613	0.00170966297247	7.81966432314e-05	0	8.88598218538e-05	4.26527144898e-05	0.000227481143946	0.000106631786225	3.55439287415e-06	0	4.26527144898e-05
0.000149284500714	0	0	0	0.000469179859388	0.00175942447271	0.00375699326798	0.000725096146327	0.000835282325426	0.00340866276631	0.000824619146804	2.84351429932e-05	0.00311720255063	1.06631786225e-05	0.000227481143946	0.0109155405165	8.53054289797e-05	1.42175714966e-05	1.06631786225e-05	3.55439287415e-06	0.000280797037058	3.19895358674e-05	0.00014573010784	3.19895358674e-05	0.00214685329599	0	5.68702859865e-05	2.13263572449e-05	0.00128669022044	0.000163502072211	8.53054289797e-05	0	0.000465625466514	0	0.000248807501191	0	3.55439287415e-06	7.10878574831e-06	0	0.000149284500714	0	0	9.95230004763e-05	4.26527144898e-05	0.000351884894541	7.10878574831e-06	2.84351429932e-05	0.000124403750595	0	2.48807501191e-05	0	0.000110186179099	0	7.10878574831e-05	5.33158931123e-05	0.000110186179099	0.000131512536344	0.000234589929694	0.00014573010784	0.00132578854206	0	1.77719643708e-05	7.10878574831e-06	0.000490506216633	0.000220372358197	0.000234589929694	0	0	3.19895358674e-05	0.000511832573878	0.000949022897399	2.13263572449e-05	0.000110186179099	4.26527144898e-05	0.00227836583233	0.000330558537296	0	0.00023103553682	5.68702859865e-05	0.000348330501667	0.000131512536344	0.000110186179099	0	3.55439287415e-06
1.06631786225e-05	0.00014573010784	8.53054289797e-05	0	1.06631786225e-05	1.06631786225e-05	1.06631786225e-05	6.75334646089e-05	4.26527144898e-05	0.002626696334	2.13263572449e-05	4.6207107364e-05	3.55439287415e-06	2.13263572449e-05	0.000174165250834	8.53054289797e-05	0.0225846123224	1.77719643708e-05	7.10878574831e-06	3.90983216157e-05	0	0.00243831351167	0.0109546388381	0.00593583609984	0.010901322945	2.13263572449e-05	9.95230004763e-05	0.00326648705135	0.00361837194589	3.55439287415e-06	0.000131512536344	0	0	0	0.000142175714966	0	0.000142175714966	0.000305677787177	0	0	0	0	0	0	5.33158931123e-05	0	0	0	2.48807501191e-05	0	0	0.00402357273354	2.48807501191e-05	0	7.10878574831e-06	0	0.00119072161284	0.0061064469578	0.00485885505897	1.77719643708e-05	7.10878574831e-06	3.90983216157e-05	0.00176653325845	0.000106631786225	1.06631786225e-05	4.26527144898e-05	0	0	3.55439287415e-06	7.10878574831e-06	0.00285417747794	0.000629127538725	0.000454962287892	0.000373211251786	8.17510361055e-05	0	3.55439287415e-06	3.19895358674e-05	1.77719643708e-05	2.84351429932e-05	3.55439287415e-05	0	0	3.19895358674e-05
3.55439287415e-06	0.000191937215204	0.00886110143526	0	3.55439287415e-06	3.55439287415e-06	0.000184828429456	0.00247741183328	0.00018838282233	0.000117294964847	0.000458516680766	0.00131512536344	1.06631786225e-05	4.26527144898e-05	0.000216817965323	1.42175714966e-05	1.77719643708e-05	0.0285417747794	0.000284351429932	0.00665382346041	1.06631786225e-05	0.00172388054396	3.55439287415e-05	0.0100127247265	0.000227481143946	0	0.00976747161817	0.00423328191312	0.0008388367183	0.000700215396208	0.00240987836868	7.10878574831e-06	0	2.48807501191e-05	0.00772369571553	0	0.000636236324473	0.000135066929218	0	0	0	0	3.55439287415e-06	3.55439287415e-06	3.55439287415e-06	0	5.68702859865e-05	7.81966432314e-05	4.97615002381e-05	0	0	2.13263572449e-05	0.000167056465085	3.55439287415e-06	6.04246788606e-05	1.06631786225e-05	0.000117294964847	0.00012795814347	9.59686076021e-05	2.84351429932e-05	2.13263572449e-05	0.001044991505	0.000714432967705	7.81966432314e-05	6.04246788606e-05	3.90983216157e-05	1.42175714966e-05	0	7.10878574831e-06	7.81966432314e-05	0.00223571311784	0.00241343276155	0.00433635930647	0.00088148943279	3.55439287415e-06	0	0	1.42175714966e-05	3.55439287415e-06	2.13263572449e-05	1.06631786225e-05	0	0	0
0.000156393286463	0	3.55439287415e-05	0	4.97615002381e-05	0	0.00341221715919	0.00132934293493	0.00285773187082	4.97615002381e-05	0.00397025684043	0.00882555750652	0.000213263572449	0.000494060609507	0.00158881361475	1.06631786225e-05	7.10878574831e-06	0.000284351429932	0.0104037079426	0.00548442820482	6.04246788606e-05	0.000117294964847	1.42175714966e-05	0.000163502072211	0.000629127538725	7.10878574831e-06	0.00276887204897	0.000156393286463	0.00116584086272	0.000867271861293	0.000152838893589	4.97615002381e-05	1.06631786225e-05	0	0.0030532234789	0	0	0	0	0	0	6.04246788606e-05	1.77719643708e-05	0.00010307739335	0	3.55439287415e-05	1.06631786225e-05	0.000636236324473	1.06631786225e-05	4.97615002381e-05	0	7.10878574831e-06	3.55439287415e-06	3.55439287415e-06	3.55439287415e-06	7.10878574831e-05	7.10878574831e-06	1.42175714966e-05	1.06631786225e-05	4.6207107364e-05	3.55439287415e-06	3.90983216157e-05	2.13263572449e-05	5.68702859865e-05	9.95230004763e-05	1.77719643708e-05	7.10878574831e-06	0	2.13263572449e-05	9.2414214728e-05	0.000344776108793	8.53054289797e-05	0.00660761635305	0.000110186179099	7.10878574831e-06	0	0	0	3.55439287415e-06	2.13263572449e-05	1.06631786225e-05	0	0	0
0.000120849357721	7.10878574831e-06	0.00041941835915	0	7.10878574831e-05	7.10878574831e-06	0.00423328191312	0.00236367126131	0.00215751647461	0.00010307739335	0.00553418970506	0.0140611782101	0.000351884894541	0.000184828429456	0.000988121219015	3.55439287415e-06	3.90983216157e-05	0.00665382346041	0.00548442820482	0.0251615471561	0.000124403750595	0.00092414214728	1.77719643708e-05	0.00121915675583	0.000501169395256	2.13263572449e-05	0.00430792416347	0.00173454372259	0.000977458040392	0.000977458040392	0.00182340354444	1.06631786225e-05	0	1.77719643708e-05	0.0104996765502	3.55439287415e-06	4.26527144898e-05	3.55439287415e-06	0	7.10878574831e-06	0	2.48807501191e-05	2.13263572449e-05	4.6207107364e-05	2.13263572449e-05	0.00010307739335	0.000124403750595	0.00169899979385	0.000159947679337	2.84351429932e-05	0	3.19895358674e-05	3.55439287415e-06	0.000106631786225	7.10878574831e-05	0.000255916286939	1.77719643708e-05	4.26527144898e-05	3.55439287415e-06	8.88598218538e-05	6.39790717348e-05	0.00110541618386	0.00060780118148	8.88598218538e-05	9.2414214728e-05	3.19895358674e-05	7.81966432314e-05	0	2.48807501191e-05	8.53054289797e-05	0.00177719643708	0.00111963375536	0.0110115091241	0.000867271861293	1.42175714966e-05	0	3.55439287415e-06	0	1.77719643708e-05	3.19895358674e-05	7.10878574831e-06	0	0	0
0	0	0	0	0.0102757497992	5.68702859865e-05	0.00110186179099	0.00010307739335	0.000131512536344	0.00496193245232	0.00626994903001	0.000174165250834	0.00771303253691	5.33158931123e-05	2.13263572449e-05	0.000280797037058	0	1.06631786225e-05	6.04246788606e-05	0.000124403750595	0.0182233722658	0	0	0	0.00566214784853	0	4.97615002381e-05	3.55439287415e-06	0.00234945368982	2.13263572449e-05	0	0	0	0	4.26527144898e-05	2.13263572449e-05	0	2.84351429932e-05	0	0.00177719643708	0	3.55439287415e-06	0.000387428823283	3.19895358674e-05	0.00193358972354	5.33158931123e-05	0	0.00129024461332	3.55439287415e-06	0.000131512536344	0	7.10878574831e-06	3.90983216157e-05	0	0	0.000870826254168	3.55439287415e-06	0	3.55439287415e-05	0.00345486987368	0	0	2.84351429932e-05	0.00194069850929	0.000440744716395	0.000412309573402	0	0	0.00037676564466	0.000494060609507	0.000124403750595	0	0.00041941835915	6.04246788606e-05	0.000252361894065	0	0	0.000206154786701	2.84351429932e-05	3.55439287415e-05	3.19895358674e-05	1.77719643708e-05	0	7.10878574831e-06
4.26527144898e-05	1.06631786225e-05	0.0018696106518	0	7.10878574831e-06	2.13263572449e-05	4.97615002381e-05	0.00398092001905	0.000380320037534	0.000113740571973	0.000351884894541	0.000629127538725	1.77719643708e-05	1.06631786225e-05	0.000682443431837	3.19895358674e-05	0.00243831351167	0.00172388054396	0.000117294964847	0.00092414214728	0	0.0475755486205	0.00458516680766	0.0274292498098	0.00202955833114	0	0.00113029693398	0.00135777807793	0.00936582522339	0.000494060609507	0.0189484684121	7.10878574831e-06	1.06631786225e-05	0.00173454372259	0.00994519126188	0	0.000163502072211	0.000451407895017	0	0	0	3.55439287415e-06	0	1.06631786225e-05	4.26527144898e-05	3.55439287415e-06	3.55439287415e-06	3.55439287415e-06	3.90983216157e-05	1.06631786225e-05	0	0.00299635319291	5.68702859865e-05	3.55439287415e-06	1.42175714966e-05	0	0.00152838893589	0.00546665624045	0.00372500373211	6.75334646089e-05	2.13263572449e-05	0.000398092001905	0.00149995379289	0.000284351429932	0.000120849357721	0.000319895358674	0	0	4.97615002381e-05	0.00018838282233	0.00604246788606	0.00202955833114	0.00553774409793	0.00159947679337	0.000177719643708	1.42175714966e-05	0	8.88598218538e-05	3.19895358674e-05	8.53054289797e-05	3.90983216157e-05	0	0	4.97615002381e-05
2.84351429932e-05	0.00383874430409	0.00010307739335	0	8.88598218538e-05	1.77719643708e-05	9.95230004763e-05	5.33158931123e-05	0.000181274036582	0.0106738418011	1.06631786225e-05	3.19895358674e-05	0.000355439287415	3.55439287415e-05	0.000287905822806	0.00014573010784	0.0109546388381	3.55439287415e-05	1.42175714966e-05	1.77719643708e-05	0	0.00458516680766	0.035586581456	0.00885754704239	0.0119783039859	0.000721541753453	7.81966432314e-05	0.00864072907707	0.0030247883359	4.97615002381e-05	0.000156393286463	0	7.10878574831e-06	3.55439287415e-06	0.000252361894065	0	0.00446787184281	0.000181274036582	0	0	0	0	3.55439287415e-06	0	0.00023103553682	0	0	0	2.13263572449e-05	0	0	0.00927696540154	9.95230004763e-05	0	3.19895358674e-05	3.55439287415e-06	0.00249162940478	0.0195065080934	0.00922009511555	0.00120493918434	2.84351429932e-05	0.000117294964847	0.00952221850986	0.00150706257864	1.06631786225e-05	0.000152838893589	0	0	7.10878574831e-06	2.84351429932e-05	0.000593583609984	9.2414214728e-05	5.68702859865e-05	3.19895358674e-05	7.10878574831e-06	0	3.55439287415e-06	0.00014573010784	4.6207107364e-05	1.06631786225e-05	0	0	0	1.42175714966e-05
7.10878574831e-05	0.000355439287415	0.0128029231327	0	1.42175714966e-05	1.42175714966e-05	7.81966432314e-05	0.00366457905325	0.000241698715442	0.000373211251786	0.000366102466038	0.000614909967228	2.84351429932e-05	0.000117294964847	0.000643345110222	3.19895358674e-05	0.00593583609984	0.0100127247265	0.000163502072211	0.00121915675583	0	0.0274292498098	0.00885754704239	0.0737927504603	0.00381386355397	1.06631786225e-05	0.00564793027703	0.0128135863113	0.00877935039916	0.000398092001905	0.00822841950366	7.10878574831e-06	3.55439287415e-06	0.000117294964847	0.0107200489084	0	0.00167411904373	0.000792629610936	0	0	3.55439287415e-06	1.42175714966e-05	7.10878574831e-06	2.48807501191e-05	6.04246788606e-05	3.55439287415e-06	3.19895358674e-05	2.13263572449e-05	3.55439287415e-05	1.42175714966e-05	0	0.00521073995351	0.000263025072687	7.10878574831e-06	7.46422503572e-05	1.06631786225e-05	0.00158881361475	0.00821775632504	0.00626284024426	9.2414214728e-05	0.000124403750595	0.000849499896923	0.00726517903477	0.000259470679813	7.81966432314e-05	0.000184828429456	3.55439287415e-06	0	7.10878574831e-06	0.000191937215204	0.0100660406196	0.0048126479516	0.00508633620291	0.000934805325902	6.04246788606e-05	2.13263572449e-05	3.55439287415e-06	9.95230004763e-05	5.68702859865e-05	5.33158931123e-05	3.55439287415e-05	0	7.10878574831e-06	1.06631786225e-05
0.00227836583233	0.00325582387272	0.000639790717348	0	0.011889444164	0.000124403750595	0.00237433443993	0.00673202010365	0.00241343276155	0.0356932132422	0.0039738112333	0.0013471148993	0.00727228782052	0.0003163409658	0.00170966297247	0.00214685329599	0.010901322945	0.000227481143946	0.000629127538725	0.000501169395256	0.00566214784853	0.00202955833114	0.0119783039859	0.00381386355397	0.0717560833434	0.00046207107364	0.00107342664799	0.00496548684519	0.0321814730826	0.00174520690121	0.00177008765133	0	1.42175714966e-05	0.000263025072687	0.00121204797009	0.000163502072211	0.000295014608555	0.00037676564466	0	0.000845945504048	0	0.000639790717348	0.00134000611356	0.00118716721997	0.00688485899723	8.53054289797e-05	8.53054289797e-05	0.000191937215204	0.000149284500714	0.00152128015014	7.10878574831e-06	0.00375343887511	0.000174165250834	0.000195491608078	0.000113740571973	0.000191937215204	0.00283995990645	0.00879356797065	0.00539201399009	0.0129450988477	2.48807501191e-05	0.00014573010784	0.00105210029075	0.006806662354	0.00508278181004	0.00456028605754	0	0	0.00326293265847	0.00752820410746	0.0053493612756	0.000362548073164	0.00344420669505	0.00125470068458	0.000725096146327	3.55439287415e-06	3.90983216157e-05	0.00102366514776	0.000344776108793	0.00201889515252	0.00126891825607	4.6207107364e-05	7.10878574831e-06	0.000220372358197
0	0.00225703947509	3.55439287415e-06	0	0	0	3.55439287415e-06	1.06631786225e-05	3.55439287415e-06	0.00164568390073	3.55439287415e-06	0.000682443431837	1.06631786225e-05	0.00286839504944	0	0	2.13263572449e-05	0	7.10878574831e-06	2.13263572449e-05	0	0	0.000721541753453	1.06631786225e-05	0.00046207107364	0.00904948425759	0.000849499896923	0.00300701637153	3.55439287415e-06	0	1.06631786225e-05	7.10878574831e-06	0	0	2.13263572449e-05	0	0.000437190323521	0	0	0	0	0	0	0	7.10878574831e-05	0	0.000263025072687	3.55439287415e-06	0.00234234490407	0	0	0	0	0.00012795814347	7.10878574831e-06	3.55439287415e-06	3.55439287415e-06	7.46422503572e-05	3.55439287415e-06	3.55439287415e-06	0.00310298497914	0.000877935039916	0.00185183868743	0	3.55439287415e-06	0	0.000920587754406	0	0	3.55439287415e-06	3.19895358674e-05	0.00135777807793	6.04246788606e-05	3.55439287415e-05	0	0	0.000149284500714	3.55439287415e-06	3.55439287415e-06	7.10878574831e-06	0	0	0	1.77719643708e-05
4.26527144898e-05	0.00120493918434	0.0124794733812	0	3.55439287415e-05	3.55439287415e-05	0.00371789494636	0.00534225248985	0.00324871508698	0.000270133858436	0.00356861044565	0.00985277704715	0.000813955968181	0.00841324793312	0.00132223414918	5.68702859865e-05	9.95230004763e-05	0.00976747161817	0.00276887204897	0.00430792416347	4.97615002381e-05	0.00113029693398	7.81966432314e-05	0.00564793027703	0.00107342664799	0.000849499896923	0.0678889038963	0.0193110164853	0.00304611469315	0.000675334646089	0.00280086158483	0.00100589318339	4.97615002381e-05	3.55439287415e-06	0.00505079227417	7.10878574831e-06	0.00920587754406	0.000476288645137	0	0	0	6.75334646089e-05	2.84351429932e-05	0.00010307739335	0.00014573010784	2.13263572449e-05	0.000668225860341	0.00041941835915	0.00271555615585	3.90983216157e-05	3.55439287415e-06	8.53054289797e-05	0.000177719643708	0.000170610857959	0.000501169395256	6.04246788606e-05	0.000195491608078	0.000536713323997	0.000177719643708	0.000280797037058	0.00848789018348	0.00950089215261	0.014686751356	0.000174165250834	8.17510361055e-05	0.000106631786225	0.00109119861237	0	3.90983216157e-05	0.00012795814347	0.00520007677489	0.00522495752501	0.0111607936248	0.00117294964847	0.00010307739335	0	3.90983216157e-05	8.53054289797e-05	8.53054289797e-05	0.000117294964847	6.04246788606e-05	3.55439287415e-06	0	1.06631786225e-05
2.48807501191e-05	0.00990253854739	0.00877579600628	0	7.81966432314e-05	7.10878574831e-06	0.000575811645613	0.00079618400381	0.000497615002381	0.00390627776869	0.00056514846699	0.0017878596157	0.000149284500714	0.00463137391502	0.000202600393827	2.13263572449e-05	0.00326648705135	0.00423328191312	0.000156393286463	0.00173454372259	3.55439287415e-06	0.00135777807793	0.00864072907707	0.0128135863113	0.00496548684519	0.00300701637153	0.0193110164853	0.0832474355055	0.000973903647518	0.000159947679337	0.000486951823759	1.77719643708e-05	0	3.55439287415e-06	0.0050330203098	3.55439287415e-06	0.0208678405642	0.00161724875774	0	0	0	2.13263572449e-05	7.10878574831e-06	4.26527144898e-05	0.000191937215204	1.06631786225e-05	0.000490506216633	0.00012795814347	0.00255205408364	3.19895358674e-05	0	0.0012511462917	0.000970349254644	8.53054289797e-05	0.000440744716395	2.84351429932e-05	0.000668225860341	0.0046064931649	0.00167056465085	0.00037676564466	0.00658273560293	0.00521784873926	0.0282823040996	0.000412309573402	3.55439287415e-05	0.00010307739335	0.000913478968657	0	3.55439287415e-06	6.39790717348e-05	0.00656140924569	0.00164212950786	0.00331980294446	0.000625573145851	1.06631786225e-05	7.10878574831e-06	4.97615002381e-05	0.000255916286939	0.000280797037058	9.2414214728e-05	5.33158931123e-05	0	0	1.06631786225e-05
0.00290393897818	3.19895358674e-05	0.00203666711689	0	0.00576522524188	0.000604246788606	0.00521429434638	0.0243369280093	0.00683154310412	0.0149888747503	0.0133076469208	0.00238855201143	0.00297858122854	0.000508278181004	0.00518585920339	0.00128669022044	0.00361837194589	0.0008388367183	0.00116584086272	0.000977458040392	0.00234945368982	0.00936582522339	0.0030247883359	0.00877935039916	0.0321814730826	3.55439287415e-06	0.00304611469315	0.000973903647518	0.0802013208124	0.00278664401334	0.0136630862082	2.13263572449e-05	0.000110186179099	0.000486951823759	0.00518941359626	7.81966432314e-05	0.000415863966276	0.000270133858436	0	0.000277242644184	0	0.000618464360103	0.000600692395732	0.00132223414918	0.00398092001905	0.00010307739335	0.000181274036582	0.000280797037058	0.000220372358197	0.00111963375536	7.10878574831e-06	0.00483752870172	0.000216817965323	0.000369656858912	9.2414214728e-05	0.000199046000953	0.0036859054105	0.0103326200852	0.00380320037534	0.0103788271925	8.53054289797e-05	0.000295014608555	0.000600692395732	0.00721897192741	0.00383163551834	0.00300701637153	0	0	0.00185183868743	0.00612777331504	0.00372144933924	0.000174165250834	0.00747133382147	0.00324160630123	0.000956131683147	2.84351429932e-05	7.10878574831e-06	0.000742868110698	0.000351884894541	0.00240276958293	0.00130801657769	4.6207107364e-05	3.55439287415e-06	0.000348330501667
0.00650098456683	1.06631786225e-05	6.04246788606e-05	0	7.10878574831e-05	0.000117294964847	0.000398092001905	0.00327715022997	0.000803292789559	0.00107698104087	0.00279730719196	0.0032451606941	0.000142175714966	0.000828173539678	0.00675690085377	0.000163502072211	3.55439287415e-06	0.000700215396208	0.000867271861293	0.000977458040392	2.13263572449e-05	0.000494060609507	4.97615002381e-05	0.000398092001905	0.00174520690121	0	0.000675334646089	0.000159947679337	0.00278664401334	0.0218559617832	0.00255560847652	5.33158931123e-05	0.000245253108317	0.00151061697152	0.00494060609507	0	5.68702859865e-05	3.19895358674e-05	0	3.55439287415e-06	0	1.77719643708e-05	1.06631786225e-05	5.33158931123e-05	0.000270133858436	8.53054289797e-05	1.77719643708e-05	9.95230004763e-05	2.84351429932e-05	2.84351429932e-05	0	0.000131512536344	3.55439287415e-06	3.55439287415e-06	3.55439287415e-06	0.000131512536344	1.42175714966e-05	0.000202600393827	2.13263572449e-05	0.000337667323045	0	4.6207107364e-05	8.88598218538e-05	3.90983216157e-05	0.00012795814347	0.00014573010784	3.55439287415e-06	0	8.53054289797e-05	0.00027368825131	0.000490506216633	0.000199046000953	0.00298569001429	0.000223926751072	0.000327004144422	1.06631786225e-05	0	8.88598218538e-05	3.55439287415e-06	7.46422503572e-05	6.04246788606e-05	0	0	1.77719643708e-05
0.00252361894065	6.75334646089e-05	0.00247030304754	0	2.13263572449e-05	4.6207107364e-05	5.68702859865e-05	0.0176724413703	0.000387428823283	0.000739313717824	0.000362548073164	0.00131512536344	5.33158931123e-05	5.33158931123e-05	0.0018020771872	8.53054289797e-05	0.000131512536344	0.00240987836868	0.000152838893589	0.00182340354444	0	0.0189484684121	0.000156393286463	0.00822841950366	0.00177008765133	1.06631786225e-05	0.00280086158483	0.000486951823759	0.0136630862082	0.00255560847652	0.0501418202757	3.55439287415e-06	7.10878574831e-06	0.00188738261618	0.0144948141408	0	0.000170610857959	0.000494060609507	0	0	0	7.10878574831e-05	1.77719643708e-05	0.000156393286463	0.00012795814347	3.55439287415e-06	2.48807501191e-05	0	0.000149284500714	4.97615002381e-05	0	0.000494060609507	4.97615002381e-05	1.77719643708e-05	1.06631786225e-05	0	0.00104854589788	0.00277598083471	0.00107342664799	0.000671780253215	1.77719643708e-05	0.000383874430409	0.000312786572925	0.000757085682195	0.000746422503572	0.00109830739811	0	0	0.000323449751548	0.000988121219015	0.00191937215204	0.000241698715442	0.00846300943336	0.0019797968309	0.0003163409658	3.90983216157e-05	0	0.000412309573402	4.97615002381e-05	0.00027368825131	0.000287905822806	3.19895358674e-05	0	0.00018838282233
0	0	0	0	0	0	3.55439287415e-06	7.10878574831e-06	1.06631786225e-05	0	7.10878574831e-06	0.000412309573402	0	0.000597138002858	6.75334646089e-05	0	0	7.10878574831e-06	4.97615002381e-05	1.06631786225e-05	0	7.10878574831e-06	0	7.10878574831e-06	0	7.10878574831e-06	0.00100589318339	1.77719643708e-05	2.13263572449e-05	5.33158931123e-05	3.55439287415e-06	0.00115162329123	0	0	0.000124403750595	0	1.77719643708e-05	0	0	0	0	0	0	0	0	3.55439287415e-06	4.26527144898e-05	3.55439287415e-06	0.00027368825131	0	0	0	0	0	7.10878574831e-06	0	0	0	0	0	3.90983216157e-05	0.000223926751072	0.000213263572449	0	0	0	2.13263572449e-05	0	0	3.55439287415e-06	6.04246788606e-05	0.000344776108793	0.000184828429456	2.48807501191e-05	0	0	0	0	0	0	0	0	0	0
2.48807501191e-05	0	0	0	3.55439287415e-06	0.00169544540097	0.00263025072687	0.000358993680289	0.00296791804992	0	0.00149995379289	0.000110186179099	8.17510361055e-05	0.000199046000953	0.00110186179099	0.000465625466514	0	0	1.06631786225e-05	0	0	1.06631786225e-05	7.10878574831e-06	3.55439287415e-06	1.42175714966e-05	0	4.97615002381e-05	0	0.000110186179099	0.000245253108317	7.10878574831e-06	0	0.00447142623568	0	0.000742868110698	0	0	0	0	0	0	0	0	7.10878574831e-06	0	0	0	1.06631786225e-05	0	3.55439287415e-06	0	3.55439287415e-06	0	0	0	3.55439287415e-06	3.55439287415e-06	7.10878574831e-06	3.55439287415e-06	3.55439287415e-06	0	0	3.55439287415e-06	7.10878574831e-06	2.48807501191e-05	0	0	0	0	2.13263572449e-05	1.77719643708e-05	4.6207107364e-05	8.88598218538e-05	7.10878574831e-06	0.000401646394779	0.000600692395732	0	3.55439287415e-06	7.10878574831e-06	3.55439287415e-06	0	3.55439287415e-06	0	0
