0.020431126067	2.61669135079e-05	0.000104667654032	0	6.80339751205e-05	1.04667654032e-05	0.00113564404624	0.00925785399909	0.0039878376186	0.00059660562798	0.00173224967422	1.04667654032e-05	0.000209335308063	0	0.00620679188407	4.18670616126e-05	0.000314002962095	1.57001481047e-05	0	0	0.000146534715644	0.000800707553341	0.000418670616126	0.00076407387443	0.00121414478677	0	1.04667654032e-05	9.943427133e-05	0.00252249046216	0.00824781113769	0.00469434428331	0	5.23338270158e-06	0.000748373726325	0.00117751110785	5.23338270158e-06	0	5.23338270158e-06	0	5.23338270158e-06	0	0	5.23338270158e-06	0	0.000136067950241	5.23338270158e-06	0	5.23338270158e-06	0	0	0	5.23338270158e-06	1.04667654032e-05	0	0	0	5.23338270158e-06	6.80339751205e-05	5.23338270158e-06	7.85007405237e-05	0	5.23338270158e-06	0	1.57001481047e-05	5.23338270158e-06	1.57001481047e-05	0	0	0	1.04667654032e-05	0.0013240458235	0.000319236344796	0.000800707553341	0.000293069431288	0.000805940936043	2.61669135079e-05	0	2.61669135079e-05	0	0	0	0	0	0
2.61669135079e-05	0.0128950549767	0.00260622458539	0	0	0	5.23338270158e-06	3.6633678911e-05	1.04667654032e-05	2.09335308063e-05	0	0.000214568690765	0	3.6633678911e-05	5.23338270158e-06	0	0.000272135900482	0.000628005924189	1.04667654032e-05	0.00036633678911	0	0.000204101925361	0.00180551703204	0.00101527624411	2.61669135079e-05	0.000983875947896	0.00303012858421	0.00586662200847	3.6633678911e-05	1.57001481047e-05	9.943427133e-05	0	0	5.23338270158e-06	0.000518104887456	5.23338270158e-06	0.00254342399297	0.000382036937215	0	0	0	0	0	0	5.23338270158e-06	0	0.000115134419435	0	9.943427133e-05	0	0	5.23338270158e-06	0.000209335308063	3.14002962095e-05	0.000151768098346	0	3.6633678911e-05	5.75672097173e-05	0.000157001481047	5.23338270158e-06	0.000460537677739	0.000659406220399	0.00121414478677	5.23338270158e-06	5.23338270158e-06	1.57001481047e-05	5.23338270158e-06	0	0	0.000193635159958	0.000392503702618	0.00114087742894	0.000570438714472	0.000177935011854	2.61669135079e-05	0	5.23338270158e-06	5.75672097173e-05	0.000104667654032	0.000157001481047	5.75672097173e-05	0	0	5.23338270158e-06
0.000104667654032	0.00260622458539	0.0351892652854	0	0	0	4.71004443142e-05	0.000261669135079	5.75672097173e-05	2.61669135079e-05	2.61669135079e-05	0.000214568690765	0	2.09335308063e-05	6.80339751205e-05	2.09335308063e-05	0.0010048094787	0.00578288788524	2.09335308063e-05	0.000748373726325	0	0.00217708720386	0.00229222162329	0.0138841643073	0.000120367802136	0.000204101925361	0.00951952313417	0.0121780815466	0.000413437233425	6.28005924189e-05	0.0009943427133	0	0	1.57001481047e-05	0.00339646537332	0	0.000884441676566	0.000235502221571	0	0	0	0	0	0	1.57001481047e-05	0	2.61669135079e-05	0	2.61669135079e-05	0	0	1.57001481047e-05	0.000120367802136	1.04667654032e-05	5.75672097173e-05	0	1.04667654032e-05	7.32673578221e-05	9.42008886284e-05	1.57001481047e-05	0.000130834567539	0.000282602665885	0.000481471208545	5.23338270158e-06	0	1.04667654032e-05	0	0	0	7.32673578221e-05	0.00289406063397	0.00470481104872	0.00325516404038	0.00115134419435	0.000230268838869	4.18670616126e-05	2.09335308063e-05	7.32673578221e-05	2.09335308063e-05	5.23338270158e-05	3.14002962095e-05	0	0	5.23338270158e-06
0	0	0	0	0	0	0	0	0	0	0	0	0	0	0	0	0	0	0	0	0	0	0	0	0	0	0	0	0	0	0	0	0	0	0	0	0	0	0	0	0	0	0	0	0	0	0	0	0	0	0	0	0	0	0	0	0	0	0	0	0	0	0	0	0	0	0	0	0	0	0	0	0	0	0	0	0	0	0	0	0	0	0	0
6.80339751205e-05	0	0	0	0.015590247068	0	0.000293069431288	0.00159094834128	0.000204101925361	2.61669135079e-05	0.00211428661144	0	0.00135544611971	0	9.943427133e-05	5.23338270158e-06	0	0	0	0	0.00719590121467	0	5.23338270158e-06	0	0.00182121718015	0	0	0	0.00173748305692	2.09335308063e-05	2.61669135079e-05	0	0	5.23338270158e-06	1.57001481047e-05	3.14002962095e-05	0	0	0	0.00562065302149	0	0.000104667654032	9.943427133e-05	3.6633678911e-05	3.6633678911e-05	0.0019782186612	0	0.0013240458235	0	1.57001481047e-05	0	0	0	0	0	0.0023183885368	1.04667654032e-05	0	5.23338270158e-06	0.000355870023707	0	0	0	0.00139731318132	0	5.23338270158e-06	0	0	5.23338270158e-06	1.04667654032e-05	1.57001481047e-05	0	5.23338270158e-06	0	3.6633678911e-05	0	0	0	0	0	0	1.04667654032e-05	0	0
1.04667654032e-05	0	0	0	0	0.00471004443142	0.00274229253563	5.23338270158e-06	0.00153861451426	0	5.23338270158e-06	1.04667654032e-05	0	0	0.000340169875602	0.000790240787938	0	0	0	1.04667654032e-05	0	0	0	0	0	5.23338270158e-06	5.23338270158e-06	0	0	0.000277369283184	0	0	0.00134497935431	0	0.000486704591247	0	0	5.23338270158e-06	0	0	0	0	0	0	0	0	0	0	0	0	0	0	0	0	0	0	0	0	5.23338270158e-06	0	0	0	5.23338270158e-06	0	0	0	0	0	0	0	2.61669135079e-05	1.57001481047e-05	0.000151768098346	3.14002962095e-05	0.00016746824645	0.000931542120881	5.23338270158e-06	5.23338270158e-06	0	5.23338270158e-06	0	0	0	0
0.00113564404624	5.23338270158e-06	4.71004443142e-05	0	0.000293069431288	0.00274229253563	0.0444157189883	0.0026533250297	0.0194210832056	0.000188401777257	0.0114297078202	6.80339751205e-05	0.00917411987586	1.04667654032e-05	0.00578812126794	0.00211428661144	2.61669135079e-05	5.23338270158e-06	0	2.09335308063e-05	0.00162234863749	9.943427133e-05	4.71004443142e-05	0.000109901036733	0.000308769579393	1.04667654032e-05	3.6633678911e-05	2.61669135079e-05	0.000460537677739	0.00195728513039	0.00019886854266	0	0.00086350814576	9.943427133e-05	0.00227652147519	0	0	0	0	0	0	0	0	0	2.09335308063e-05	0	0	0	0	0	0	0	5.23338270158e-06	0	0	0	1.04667654032e-05	1.57001481047e-05	5.23338270158e-06	5.23338270158e-06	0	0	0	0	0	5.23338270158e-06	0	0	0	1.04667654032e-05	0.000675106368503	0.000130834567539	0.00148104730455	0.000455304295037	0.00192065145148	0.00076407387443	1.04667654032e-05	1.57001481047e-05	5.23338270158e-06	1.04667654032e-05	1.57001481047e-05	5.23338270158e-06	0	0
0.00925785399909	3.6633678911e-05	0.000261669135079	0	0.00159094834128	5.23338270158e-06	0.0026533250297	0.0554215228097	0.00618585835326	0.00272135900482	0.0122775158179	5.23338270158e-06	0.00122984493487	0	0.00555261904637	0.000120367802136	0.00117227772515	5.23338270158e-05	0	0	0.0020043855747	0.0020043855747	0.0013135790581	0.00195205174769	0.00860368116139	0	1.57001481047e-05	0.000183168394555	0.0209230640409	0.00357963376788	0.00910085251804	0	5.23338270158e-06	0.000345403258304	0.0013345125889	2.61669135079e-05	5.23338270158e-06	1.04667654032e-05	0	1.57001481047e-05	0	5.23338270158e-06	5.75672097173e-05	5.23338270158e-06	0.000580905479875	1.04667654032e-05	0	4.18670616126e-05	0	2.09335308063e-05	0	1.04667654032e-05	5.23338270158e-06	0	5.23338270158e-06	2.09335308063e-05	4.18670616126e-05	0.00016746824645	3.6633678911e-05	0.000382036937215	5.23338270158e-06	5.23338270158e-06	1.04667654032e-05	7.85007405237e-05	1.57001481047e-05	0.000115134419435	0	0	5.23338270158e-06	5.75672097173e-05	0.00172178290882	0.000539038418262	0.000832107849551	0.000361103406409	0.000884441676566	2.09335308063e-05	0	4.18670616126e-05	5.23338270158e-06	2.61669135079e-05	2.09335308063e-05	0	0	0
0.0039878376186	1.04667654032e-05	5.75672097173e-05	0	0.000204101925361	0.00153861451426	0.0194210832056	0.00618585835326	0.0504498092432	0.000256435752377	0.0103673311318	8.37341232252e-05	0.00140254656402	1.04667654032e-05	0.0197717198466	0.00019886854266	7.32673578221e-05	1.57001481047e-05	0	1.04667654032e-05	0.000586138862577	0.000230268838869	0.000115134419435	0.000214568690765	0.000659406220399	5.23338270158e-06	3.6633678911e-05	5.23338270158e-05	0.00113564404624	0.00442220838283	0.000779774022535	0	0.00134497935431	0.000177935011854	0.0033231980155	0	0	0	0	5.23338270158e-06	0	0	0	0	6.80339751205e-05	0	0	0	0	0	0	0	1.04667654032e-05	0	0	0	5.23338270158e-06	1.04667654032e-05	5.23338270158e-06	5.23338270158e-05	0	5.23338270158e-06	0	1.04667654032e-05	0	1.04667654032e-05	0	0	0	5.23338270158e-06	0.000936775503582	0.000204101925361	0.00214568690765	0.000648939454996	0.00209335308063	0.000779774022535	1.57001481047e-05	2.09335308063e-05	5.23338270158e-06	1.04667654032e-05	5.23338270158e-06	5.23338270158e-06	0	0
0.00059660562798	2.09335308063e-05	2.61669135079e-05	0	2.61669135079e-05	0	0.000188401777257	0.00272135900482	0.000256435752377	0.0150826089459	0.00036633678911	0	0.000947242268985	0	0.000319236344796	0.00039773708532	0.000821641084148	0	0	0	6.28005924189e-05	0.000334936492901	0.00312432947284	0.000408203850723	0.00694469884499	0	5.23338270158e-06	8.37341232252e-05	0.00282602665885	0.000371570171812	0.000549505183666	0	0	4.71004443142e-05	0.000287836048587	7.85007405237e-05	5.23338270158e-06	1.04667654032e-05	0	0.000141301332943	0	3.14002962095e-05	0.000277369283184	2.09335308063e-05	0.00212998675954	5.75672097173e-05	0	9.943427133e-05	0	4.71004443142e-05	5.23338270158e-06	6.28005924189e-05	2.09335308063e-05	0	0	0.000115134419435	0.000125601184838	0.000821641084148	9.943427133e-05	0.0013135790581	0	0	2.09335308063e-05	0.000371570171812	5.23338270158e-05	0.000308769579393	0	0	1.57001481047e-05	0.000188401777257	0.000450070912336	0.000130834567539	0.000193635159958	9.42008886284e-05	0.000711740047414	5.23338270158e-06	0	0.000141301332943	5.23338270158e-06	7.85007405237e-05	1.57001481047e-05	4.18670616126e-05	1.04667654032e-05	0
0.00173224967422	0	2.61669135079e-05	0	0.00211428661144	5.23338270158e-06	0.0114297078202	0.0122775158179	0.0103673311318	0.00036633678911	0.0418408946991	0	0.00584045509496	0	0.00479377855464	3.6633678911e-05	2.61669135079e-05	0	0	0	0.00484087899896	0.000109901036733	6.80339751205e-05	9.943427133e-05	0.00124031170027	0	1.04667654032e-05	1.57001481047e-05	0.00274229253563	0.000544271800964	0.000418670616126	0	0	9.42008886284e-05	0.000319236344796	1.04667654032e-05	0	0	0	1.04667654032e-05	0	0	1.04667654032e-05	5.23338270158e-06	7.32673578221e-05	0.000115134419435	0	0.000277369283184	0	5.23338270158e-06	0	0	0	0	0	4.71004443142e-05	0	5.23338270158e-06	0	5.75672097173e-05	0	0	0	2.09335308063e-05	0	0	0	0	0	0	0.000219802073466	2.61669135079e-05	0.000172701629152	6.28005924189e-05	0.000340169875602	1.04667654032e-05	0	1.04667654032e-05	0	0	0	5.23338270158e-06	0	0
1.04667654032e-05	0.000214568690765	0.000214568690765	0	0	1.04667654032e-05	6.80339751205e-05	5.23338270158e-06	8.37341232252e-05	0	0	0.0247067997341	0	0.00401400453211	5.75672097173e-05	0	1.04667654032e-05	0.000387270319917	0.00122984493487	0.00621202526677	0	2.61669135079e-05	2.09335308063e-05	4.71004443142e-05	5.23338270158e-06	0.00210905322874	0.00652079484616	0.000785007405237	5.23338270158e-06	5.23338270158e-05	5.23338270158e-06	0	1.04667654032e-05	0	0.00348543287925	0	7.32673578221e-05	5.23338270158e-06	0	0	0	0	0	0	0	0	0.000120367802136	0	0.000314002962095	0	0	0	5.23338270158e-06	2.09335308063e-05	1.57001481047e-05	0	0	0	0	0	0.000643706072294	0.000193635159958	0.000272135900482	0	0	0	1.04667654032e-05	0	0	2.09335308063e-05	0.000235502221571	0.00408203850723	0.005296183294	0.000350636641006	4.18670616126e-05	1.57001481047e-05	0.00105714330572	0	4.71004443142e-05	1.57001481047e-05	5.23338270158e-06	0	0	0
0.000209335308063	0	0	0	0.00135544611971	0	0.00917411987586	0.00122984493487	0.00140254656402	0.000947242268985	0.00584045509496	0	0.0275799268373	0	0.000429137381529	0.00117751110785	5.23338270158e-06	0	0	0	0.00641612719213	3.14002962095e-05	3.14002962095e-05	4.18670616126e-05	0.00107807683652	0	0	5.23338270158e-06	0.000434370764231	7.32673578221e-05	4.71004443142e-05	0	0	0	7.32673578221e-05	0	0	0	0	0.000617539158786	0	8.89675059268e-05	4.18670616126e-05	3.14002962095e-05	7.85007405237e-05	0.000601839010681	0	0.00395643732239	0	5.23338270158e-06	0	0	0	0	0	0.00181075041475	0	1.57001481047e-05	0	9.42008886284e-05	0	0	0	2.61669135079e-05	0	1.04667654032e-05	0	0	0	0	8.89675059268e-05	1.57001481047e-05	4.71004443142e-05	1.04667654032e-05	0.000382036937215	0	0	5.23338270158e-06	0	0	0	0	0	0
0	3.6633678911e-05	2.09335308063e-05	0	0	0	1.04667654032e-05	0	1.04667654032e-05	0	0	0.00401400453211	0	0.00857228086518	5.23338270158e-06	0	0	1.57001481047e-05	0.000104667654032	0.00036633678911	0	0	0	5.23338270158e-06	0	0.00140777994672	0.00116181095975	0.000193635159958	0	5.23338270158e-06	0	4.71004443142e-05	0	0	0.000162234863749	0	1.57001481047e-05	0	0	0	0	0	0	0	0	0	0.000293069431288	0	0.00147058053914	0	0	0	0	1.04667654032e-05	2.09335308063e-05	0	0	0	0	0	0.000188401777257	0.000136067950241	8.89675059268e-05	0	0	0	4.18670616126e-05	0	0	1.04667654032e-05	6.80339751205e-05	0.000910608590074	0.000575672097173	6.28005924189e-05	5.23338270158e-06	5.23338270158e-06	0.000549505183666	0	1.04667654032e-05	5.23338270158e-06	0	0	5.23338270158e-06	5.23338270158e-06
0.00620679188407	5.23338270158e-06	6.80339751205e-05	0	9.943427133e-05	0.000340169875602	0.00578812126794	0.00555261904637	0.0197717198466	0.000319236344796	0.00479377855464	5.75672097173e-05	0.000429137381529	5.23338270158e-06	0.0319602681585	0.000104667654032	5.23338270158e-05	5.23338270158e-06	0	2.09335308063e-05	0.000277369283184	0.000235502221571	0.000115134419435	0.000272135900482	0.000612305776084	5.23338270158e-06	3.14002962095e-05	5.23338270158e-05	0.00116181095975	0.00825304452039	0.00113564404624	0	0.000293069431288	0.000512871504755	0.00267949194321	5.23338270158e-06	0	5.23338270158e-06	0	5.23338270158e-06	0	5.23338270158e-06	5.23338270158e-06	5.23338270158e-06	6.28005924189e-05	0	0	0	0	5.23338270158e-06	5.23338270158e-06	0	1.04667654032e-05	0	0	0	0	2.61669135079e-05	0	5.75672097173e-05	0	5.23338270158e-06	0	2.09335308063e-05	5.23338270158e-06	5.23338270158e-06	0	0	0	5.23338270158e-06	0.0009943427133	0.000183168394555	0.00187878438987	0.000518104887456	0.00156478142777	0.000293069431288	5.23338270158e-06	2.09335308063e-05	0	5.23338270158e-06	5.23338270158e-06	5.23338270158e-06	5.23338270158e-06	0
4.18670616126e-05	0	2.09335308063e-05	0	5.23338270158e-06	0.000790240787938	0.00211428661144	0.000120367802136	0.00019886854266	0.00039773708532	3.6633678911e-05	0	0.00117751110785	0	0.000104667654032	0.00609689084734	5.75672097173e-05	0	0	0	1.57001481047e-05	4.71004443142e-05	4.18670616126e-05	0.000125601184838	9.42008886284e-05	0	0	2.09335308063e-05	6.28005924189e-05	7.85007405237e-05	5.23338270158e-05	0	1.57001481047e-05	1.57001481047e-05	0.000251202369676	0	0	0	0	0	0	0	0	0	1.57001481047e-05	0	5.23338270158e-06	0	0	0	5.23338270158e-06	0	0	0	0	0	5.23338270158e-06	5.23338270158e-06	0	1.04667654032e-05	0	5.23338270158e-06	0	0	0	5.23338270158e-06	0	0	0	3.14002962095e-05	0.00106761007112	0.00016746824645	0.000308769579393	0.000162234863749	0.000921075355478	3.14002962095e-05	0	3.14002962095e-05	5.23338270158e-06	3.14002962095e-05	2.61669135079e-05	0	0	0
0.000314002962095	0.000272135900482	0.0010048094787	0	0	0	2.61669135079e-05	0.00117227772515	7.32673578221e-05	0.000821641084148	2.61669135079e-05	1.04667654032e-05	5.23338270158e-06	0	5.23338270158e-05	5.75672097173e-05	0.0255389075837	0.000141301332943	0	2.61669135079e-05	0	0.00534851712101	0.00945672254175	0.0106028333534	0.00624342556298	0	7.32673578221e-05	0.00415530586505	0.00442220838283	0.00029830281399	0.00125077846568	0	5.23338270158e-06	4.71004443142e-05	0.00140777994672	5.23338270158e-06	6.28005924189e-05	3.14002962095e-05	0	0	0	0	1.57001481047e-05	0	0.000115134419435	0	0	5.23338270158e-06	0	0	0	0.000549505183666	5.23338270158e-06	0	0	0	2.61669135079e-05	0.000324469727498	9.42008886284e-05	5.75672097173e-05	0	5.23338270158e-06	0.000115134419435	2.09335308063e-05	5.23338270158e-06	5.75672097173e-05	0	0	5.23338270158e-06	4.71004443142e-05	0.00191018468608	0.00186831762446	0.000853041380357	0.000387270319917	0.000245968986974	2.61669135079e-05	0	8.37341232252e-05	1.57001481047e-05	3.6633678911e-05	2.61669135079e-05	0	1.04667654032e-05	0
1.57001481047e-05	0.000628005924189	0.00578288788524	0	0	0	5.23338270158e-06	5.23338270158e-05	1.57001481047e-05	0	0	0.000387270319917	0	1.57001481047e-05	5.23338270158e-06	0	0.000141301332943	0.0174271643963	2.61669135079e-05	0.0033127312501	0	0.000779774022535	0.000214568690765	0.0056258864042	1.04667654032e-05	0.000172701629152	0.00471527781412	0.00170608276071	7.85007405237e-05	5.23338270158e-06	0.000225035456168	0	0	0	0.00274752591833	0	0.000157001481047	5.23338270158e-06	0	0	0	0	0	0	0	0	2.09335308063e-05	0	2.09335308063e-05	0	0	0	1.04667654032e-05	5.23338270158e-06	5.23338270158e-06	0	5.23338270158e-06	1.04667654032e-05	5.23338270158e-06	0	9.943427133e-05	9.943427133e-05	9.943427133e-05	0	0	0	0	0	0	1.04667654032e-05	0.000968175799792	0.00214045352494	0.00187355100716	0.000460537677739	6.80339751205e-05	1.57001481047e-05	3.14002962095e-05	2.09335308063e-05	5.23338270158e-06	1.04667654032e-05	0	0	0	0
0	1.04667654032e-05	2.09335308063e-05	0	0	0	0	0	0	0	0	0.00122984493487	0	0.000104667654032	0	0	0	2.61669135079e-05	0.00206195278442	0.00105190992302	0	0	0	0	0	9.943427133e-05	0.000512871504755	3.6633678911e-05	0	5.23338270158e-06	0	0	5.23338270158e-06	0	7.85007405237e-05	0	0	0	0	0	0	0	0	0	0	0	5.23338270158e-06	0	1.04667654032e-05	0	0	0	0	0	0	0	0	0	0	0	2.61669135079e-05	5.23338270158e-06	1.57001481047e-05	0	0	0	5.23338270158e-06	0	0	0	1.04667654032e-05	0.000125601184838	0.000130834567539	1.04667654032e-05	0	0	1.04667654032e-05	0	5.23338270158e-06	0	0	0	0	0
0	0.00036633678911	0.000748373726325	0	0	1.04667654032e-05	2.09335308063e-05	0	1.04667654032e-05	0	0	0.00621202526677	0	0.00036633678911	2.09335308063e-05	0	2.61669135079e-05	0.0033127312501	0.00105190992302	0.016239186523	0	4.18670616126e-05	5.23338270158e-05	0.000261669135079	0	0.000790240787938	0.00668826309262	0.00108331021923	0	2.61669135079e-05	0	0	5.23338270158e-06	0	0.00159618172398	0	0.000136067950241	1.04667654032e-05	0	0	0	0	0	0	0	0	7.85007405237e-05	0	0.000177935011854	0	0	0	0	5.23338270158e-06	5.23338270158e-06	0	0	0	0	0	0.000402970468021	0.000146534715644	0.000204101925361	0	0	0	0	0	0	1.04667654032e-05	0.000272135900482	0.00225035456168	0.00202008572281	0.000277369283184	2.09335308063e-05	5.23338270158e-06	8.37341232252e-05	0	1.57001481047e-05	1.04667654032e-05	5.23338270158e-06	0	0	0
0.000146534715644	0	0	0	0.00719590121467	0	0.00162234863749	0.0020043855747	0.000586138862577	6.28005924189e-05	0.00484087899896	0	0.00641612719213	0	0.000277369283184	1.57001481047e-05	0	0	0	0	0.0177778010373	0	1.04667654032e-05	5.23338270158e-06	0.00117227772515	0	0	5.23338270158e-06	0.00114087742894	4.71004443142e-05	2.09335308063e-05	0	0	1.04667654032e-05	2.09335308063e-05	0	0	0	0	0.00183691732825	0	8.89675059268e-05	4.71004443142e-05	2.61669135079e-05	2.61669135079e-05	0.0009943427133	0	0.00272659238752	0	0	0	0	0	0	0	0.00208288631523	5.23338270158e-06	0	0	9.943427133e-05	0	0	0	0.000162234863749	5.23338270158e-06	0	0	0	0	5.23338270158e-06	2.61669135079e-05	0	5.23338270158e-06	0	4.71004443142e-05	0	0	5.23338270158e-06	0	0	0	0	0	0
0.000800707553341	0.000204101925361	0.00217708720386	0	0	0	9.943427133e-05	0.0020043855747	0.000230268838869	0.000334936492901	0.000109901036733	2.61669135079e-05	3.14002962095e-05	0	0.000235502221571	4.71004443142e-05	0.00534851712101	0.000779774022535	0	4.18670616126e-05	0	0.0406005829988	0.00237072236381	0.02369152349	0.00178981688394	1.04667654032e-05	0.000209335308063	0.00139207979862	0.00847807997655	0.000408203850723	0.0096189574055	0	0	6.28005924189e-05	0.00491414635678	1.04667654032e-05	4.71004443142e-05	2.61669135079e-05	0	5.23338270158e-06	0	5.23338270158e-06	1.04667654032e-05	0	4.18670616126e-05	0	0	5.23338270158e-06	0	0	0	0.000188401777257	1.04667654032e-05	0	0	1.04667654032e-05	1.04667654032e-05	7.32673578221e-05	2.09335308063e-05	3.14002962095e-05	0	5.23338270158e-06	1.04667654032e-05	1.04667654032e-05	0	1.04667654032e-05	0	0	0	1.57001481047e-05	0.00276322606643	0.00212998675954	0.00193635159958	0.000805940936043	0.000355870023707	2.61669135079e-05	1.04667654032e-05	6.28005924189e-05	5.23338270158e-06	2.61669135079e-05	4.18670616126e-05	0	5.23338270158e-06	5.23338270158e-06
0.000418670616126	0.00180551703204	0.00229222162329	0	5.23338270158e-06	0	4.71004443142e-05	0.0013135790581	0.000115134419435	0.00312432947284	6.80339751205e-05	2.09335308063e-05	3.14002962095e-05	0	0.000115134419435	4.18670616126e-05	0.00945672254175	0.000214568690765	0	5.23338270158e-05	1.04667654032e-05	0.00237072236381	0.0251987377081	0.00573055405823	0.00490367959138	5.23338270158e-06	0.000219802073466	0.00667779632721	0.00306676226312	0.000371570171812	0.0013188124408	0	0	6.28005924189e-05	0.00150721421805	3.6633678911e-05	0.000633239306891	0.000334936492901	0	5.23338270158e-06	0	0	5.75672097173e-05	0	0.000329703110199	1.04667654032e-05	0	0	0	2.09335308063e-05	0	0.000136067950241	9.943427133e-05	0	2.61669135079e-05	0	0.000125601184838	0.00151768098346	0.00049717135665	0.000219802073466	0	6.28005924189e-05	0.000455304295037	0.000115134419435	3.14002962095e-05	0.000219802073466	0	0	5.23338270158e-06	0.000261669135079	0.001999152192	0.00192065145148	0.00104667654032	0.000460537677739	0.000287836048587	1.57001481047e-05	0	0.000146534715644	4.71004443142e-05	0.000136067950241	7.85007405237e-05	5.23338270158e-06	1.04667654032e-05	1.04667654032e-05
0.00076407387443	0.00101527624411	0.0138841643073	0	0	0	0.000109901036733	0.00195205174769	0.000214568690765	0.000408203850723	9.943427133e-05	4.71004443142e-05	4.18670616126e-05	5.23338270158e-06	0.000272135900482	0.000125601184838	0.0106028333534	0.0056258864042	0	0.000261669135079	5.23338270158e-06	0.02369152349	0.00573055405823	0.0611730103987	0.00234978883301	5.75672097173e-05	0.00144964700834	0.00890721735808	0.00483564561626	0.000476237825843	0.00540085094803	0	0	5.75672097173e-05	0.00736336946112	1.04667654032e-05	0.000334936492901	8.37341232252e-05	0	0	0	0	5.23338270158e-06	0	8.37341232252e-05	0	5.23338270158e-06	0	5.23338270158e-06	0	0	0.000444837529634	5.23338270158e-05	5.23338270158e-06	5.23338270158e-06	0	3.14002962095e-05	0.000245968986974	8.89675059268e-05	2.61669135079e-05	5.23338270158e-06	5.23338270158e-05	0.000157001481047	1.04667654032e-05	0	4.18670616126e-05	0	0	5.23338270158e-06	5.23338270158e-05	0.0059869898106	0.00561541963879	0.00421810645747	0.00181598379745	0.00059660562798	9.42008886284e-05	5.23338270158e-06	0.000136067950241	3.14002962095e-05	5.23338270158e-05	5.75672097173e-05	0	1.04667654032e-05	1.04667654032e-05
0.00121414478677	2.61669135079e-05	0.000120367802136	0	0.00182121718015	0	0.000308769579393	0.00860368116139	0.000659406220399	0.00694469884499	0.00124031170027	5.23338270158e-06	0.00107807683652	0	0.000612305776084	9.42008886284e-05	0.00624342556298	1.04667654032e-05	0	0	0.00117227772515	0.00178981688394	0.00490367959138	0.00234978883301	0.0375652210319	0	2.09335308063e-05	0.000293069431288	0.0150878423286	0.000769307257132	0.00161188187209	0	0	0.000120367802136	0.000816407701446	3.6633678911e-05	0	5.23338270158e-06	0	5.23338270158e-05	0	5.23338270158e-06	9.42008886284e-05	1.57001481047e-05	0.000727440195519	2.09335308063e-05	0	2.09335308063e-05	0	2.09335308063e-05	0	6.28005924189e-05	5.23338270158e-06	0	0	2.61669135079e-05	5.23338270158e-05	0.000319236344796	6.80339751205e-05	0.000481471208545	0	0	1.04667654032e-05	0.00016746824645	2.09335308063e-05	0.000109901036733	0	0	5.23338270158e-06	6.28005924189e-05	0.0010048094787	0.000528571652859	0.000387270319917	0.000136067950241	0.000455304295037	1.04667654032e-05	0	5.75672097173e-05	0	3.14002962095e-05	1.57001481047e-05	1.57001481047e-05	1.04667654032e-05	0
0	0.000983875947896	0.000204101925361	0	0	5.23338270158e-06	1.04667654032e-05	0	5.23338270158e-06	0	0	0.00210905322874	0	0.00140777994672	5.23338270158e-06	0	0	0.000172701629152	9.943427133e-05	0.000790240787938	0	1.04667654032e-05	5.23338270158e-06	5.75672097173e-05	0	0.00770877271942	0.00186831762446	0.0019939188093	0	5.23338270158e-06	0	0	0	0	0.000225035456168	0	0.000104667654032	5.23338270158e-06	0	0	0	0	0	0	0	0	0.000183168394555	0	0.00049717135665	0	0	0	1.57001481047e-05	3.14002962095e-05	3.6633678911e-05	0	0	0	0	0	0.00115134419435	0.000314002962095	0.000345403258304	0	0	0	2.09335308063e-05	0	0	3.6633678911e-05	4.18670616126e-05	0.00187878438987	0.000580905479875	2.61669135079e-05	5.23338270158e-06	0	0.000675106368503	0	3.14002962095e-05	3.14002962095e-05	1.04667654032e-05	0	0	1.04667654032e-05
1.04667654032e-05	0.00303012858421	0.00951952313417	0	0	5.23338270158e-06	3.6633678911e-05	1.57001481047e-05	3.6633678911e-05	5.23338270158e-06	1.04667654032e-05	0.00652079484616	0	0.00116181095975	3.14002962095e-05	0	7.32673578221e-05	0.00471527781412	0.000512871504755	0.00668826309262	0	0.000209335308063	0.000219802073466	0.00144964700834	2.09335308063e-05	0.00186831762446	0.0469015757715	0.0147162721568	1.57001481047e-05	2.61669135079e-05	7.85007405237e-05	0	0	5.23338270158e-06	0.00240735604273	0	0.000921075355478	9.943427133e-05	0	0	0	0	0	0	5.23338270158e-06	0	0.000120367802136	0	0.000277369283184	0	0	0	9.42008886284e-05	3.14002962095e-05	0.000141301332943	0	1.04667654032e-05	0	2.61669135079e-05	0	0.00105190992302	0.000617539158786	0.000716973430116	5.23338270158e-06	0	1.04667654032e-05	5.23338270158e-06	0	0	9.42008886284e-05	0.000900141824671	0.00492461312218	0.00352729994086	0.00069603989931	5.23338270158e-05	1.04667654032e-05	0.000162234863749	2.09335308063e-05	0.000115134419435	4.18670616126e-05	1.04667654032e-05	0	0	5.23338270158e-06
9.943427133e-05	0.00586662200847	0.0121780815466	0	0	0	2.61669135079e-05	0.000183168394555	5.23338270158e-05	8.37341232252e-05	1.57001481047e-05	0.000785007405237	5.23338270158e-06	0.000193635159958	5.23338270158e-05	2.09335308063e-05	0.00415530586505	0.00170608276071	3.6633678911e-05	0.00108331021923	5.23338270158e-06	0.00139207979862	0.00667779632721	0.00890721735808	0.000293069431288	0.0019939188093	0.0147162721568	0.0504655093913	0.000355870023707	4.18670616126e-05	0.000413437233425	0	0	1.04667654032e-05	0.00207241954982	0	0.0013240458235	0.000219802073466	0	0	0	0	0	0	3.14002962095e-05	0	8.37341232252e-05	0	0.000177935011854	5.23338270158e-06	0	5.23338270158e-05	0.000136067950241	1.57001481047e-05	8.37341232252e-05	0	3.6633678911e-05	0.000235502221571	0.000162234863749	1.57001481047e-05	0.000518104887456	0.000387270319917	0.0010100428614	1.04667654032e-05	5.23338270158e-06	1.57001481047e-05	6.80339751205e-05	0	5.23338270158e-06	0.000136067950241	0.00189971792067	0.00383083613755	0.00195205174769	0.000570438714472	0.000125601184838	1.04667654032e-05	2.09335308063e-05	6.28005924189e-05	9.42008886284e-05	9.42008886284e-05	4.18670616126e-05	0	0	1.04667654032e-05
0.00252249046216	3.6633678911e-05	0.000413437233425	0	0.00173748305692	0	0.000460537677739	0.0209230640409	0.00113564404624	0.00282602665885	0.00274229253563	5.23338270158e-06	0.000434370764231	0	0.00116181095975	6.28005924189e-05	0.00442220838283	7.85007405237e-05	0	0	0.00114087742894	0.00847807997655	0.00306676226312	0.00483564561626	0.0150878423286	0	1.57001481047e-05	0.000355870023707	0.0506120441069	0.0013345125889	0.00809080965664	0	0	0.000183168394555	0.00140254656402	2.09335308063e-05	2.09335308063e-05	1.04667654032e-05	0	1.04667654032e-05	0	1.57001481047e-05	6.28005924189e-05	0	0.000444837529634	0	0	2.09335308063e-05	0	0	5.23338270158e-06	1.57001481047e-05	1.04667654032e-05	0	0	1.04667654032e-05	3.6633678911e-05	0.000272135900482	6.80339751205e-05	0.000293069431288	0	0	1.57001481047e-05	5.23338270158e-05	1.57001481047e-05	0.000104667654032	0	0	5.23338270158e-06	5.23338270158e-05	0.00178458350124	0.000858274763059	0.000868741528462	0.000376803554514	0.000518104887456	1.04667654032e-05	0	5.23338270158e-05	5.23338270158e-06	5.75672097173e-05	3.6633678911e-05	1.57001481047e-05	1.04667654032e-05	0
0.00824781113769	1.57001481047e-05	6.28005924189e-05	0	2.09335308063e-05	0.000277369283184	0.00195728513039	0.00357963376788	0.00442220838283	0.000371570171812	0.000544271800964	5.23338270158e-05	7.32673578221e-05	5.23338270158e-06	0.00825304452039	7.85007405237e-05	0.00029830281399	5.23338270158e-06	5.23338270158e-06	2.61669135079e-05	4.71004443142e-05	0.000408203850723	0.000371570171812	0.000476237825843	0.000769307257132	5.23338270158e-06	2.61669135079e-05	4.18670616126e-05	0.0013345125889	0.0297831809547	0.00550028521936	0	0.000287836048587	0.00291499416478	0.00285742695506	0	0	0	0	0	0	0	5.23338270158e-06	0	8.89675059268e-05	0	5.23338270158e-06	0	0	0	0	5.23338270158e-06	0	0	0	0	0	4.18670616126e-05	5.23338270158e-06	4.71004443142e-05	0	0	0	0	0	2.61669135079e-05	0	0	0	2.61669135079e-05	0.0016694490818	0.000303536196691	0.00160141510668	0.000486704591247	0.00119321125596	0.000177935011854	1.04667654032e-05	4.18670616126e-05	0	2.09335308063e-05	1.57001481047e-05	0	5.23338270158e-06	0
0.00469434428331	9.943427133e-05	0.0009943427133	0	2.61669135079e-05	0	0.00019886854266	0.00910085251804	0.000779774022535	0.000549505183666	0.000418670616126	5.23338270158e-06	4.71004443142e-05	0	0.00113564404624	5.23338270158e-05	0.00125077846568	0.000225035456168	0	0	2.09335308063e-05	0.0096189574055	0.0013188124408	0.00540085094803	0.00161188187209	0	7.85007405237e-05	0.000413437233425	0.00809080965664	0.00550028521936	0.0336087837095	0	0	0.000219802073466	0.00367906803921	1.04667654032e-05	1.57001481047e-05	2.09335308063e-05	0	1.04667654032e-05	0	5.23338270158e-06	0	0	8.37341232252e-05	5.23338270158e-06	0	5.23338270158e-06	0	0	0	5.23338270158e-06	5.23338270158e-06	0	0	1.04667654032e-05	1.57001481047e-05	6.80339751205e-05	2.09335308063e-05	8.37341232252e-05	0	0	5.23338270158e-06	1.04667654032e-05	0	3.14002962095e-05	0	0	0	2.09335308063e-05	0.00218232058656	0.00113041066354	0.0013345125889	0.000633239306891	0.000455304295037	2.09335308063e-05	0	5.75672097173e-05	0	1.04667654032e-05	1.04667654032e-05	0	0	0
0	0	0	0	0	0	0	0	0	0	0	0	0	4.71004443142e-05	0	0	0	0	0	0	0	0	0	0	0	0	0	0	0	0	0	0.00039773708532	0	0	0	0	0	0	0	0	0	0	0	0	0	0	2.09335308063e-05	0	0.000361103406409	0	0	0	0	5.23338270158e-06	5.23338270158e-06	0	0	0	0	0	1.57001481047e-05	2.61669135079e-05	5.23338270158e-05	0	0	0	0.000214568690765	0	0	0	0	0	0	0	0	0	0	0	5.23338270158e-06	0	0	0	0	0
5.23338270158e-06	0	0	0	0	0.00134497935431	0.00086350814576	5.23338270158e-06	0.00134497935431	0	0	1.04667654032e-05	0	0	0.000293069431288	1.57001481047e-05	5.23338270158e-06	0	5.23338270158e-06	5.23338270158e-06	0	0	0	0	0	0	0	0	0	0.000287836048587	0	0	0.00260099120268	0	0.000329703110199	0	0	0	0	0	0	0	0	0	0	0	0	0	0	0	0	0	0	0	0	0	0	0	0	0	0	0	0	0	0	0	0	0	0	0	5.23338270158e-06	5.23338270158e-06	8.37341232252e-05	1.57001481047e-05	2.61669135079e-05	0.000345403258304	5.23338270158e-06	0	0	0	0	0	0	0
0.000748373726325	5.23338270158e-06	1.57001481047e-05	0	5.23338270158e-06	0	9.943427133e-05	0.000345403258304	0.000177935011854	4.71004443142e-05	9.42008886284e-05	0	0	0	0.000512871504755	1.57001481047e-05	4.71004443142e-05	0	0	0	1.04667654032e-05	6.28005924189e-05	6.28005924189e-05	5.75672097173e-05	0.000120367802136	0	5.23338270158e-06	1.04667654032e-05	0.000183168394555	0.00291499416478	0.000219802073466	0	0	0.00381513598945	0.000507638122053	0	5.23338270158e-06	0	0	0	0	0	0	0	0	0	0	0	0	0	0	0	0	0	0	0	0	0	0	0	0	0	5.23338270158e-06	0	0	5.23338270158e-06	0	0	0	0	0.000376803554514	8.37341232252e-05	0.000230268838869	7.32673578221e-05	0.000177935011854	5.23338270158e-06	0	5.23338270158e-06	0	0	0	0	5.23338270158e-06	0
0.00117751110785	0.000518104887456	0.00339646537332	0	1.57001481047e-05	0.000486704591247	0.00227652147519	0.0013345125889	0.0033231980155	0.000287836048587	0.000319236344796	0.00348543287925	7.32673578221e-05	0.000162234863749	0.00267949194321	0.000251202369676	0.00140777994672	0.00274752591833	7.85007405237e-05	0.00159618172398	2.09335308063e-05	0.00491414635678	0.00150721421805	0.00736336946112	0.000816407701446	0.000225035456168	0.00240735604273	0.00207241954982	0.00140254656402	0.00285742695506	0.00367906803921	0	0.000329703110199	0.000507638122053	0.0392399034964	5.23338270158e-06	0.000188401777257	3.6633678911e-05	0	5.23338270158e-06	0	5.23338270158e-06	0	0	4.18670616126e-05	0	1.57001481047e-05	1.04667654032e-05	4.71004443142e-05	5.23338270158e-06	5.23338270158e-06	2.61669135079e-05	1.57001481047e-05	0	1.04667654032e-05	1.04667654032e-05	1.57001481047e-05	5.75672097173e-05	3.6633678911e-05	4.71004443142e-05	0.000115134419435	8.89675059268e-05	0.000130834567539	5.23338270158e-06	5.23338270158e-06	1.57001481047e-05	5.23338270158e-06	0	0	8.37341232252e-05	0.00692899869689	0.00489321282597	0.0168200920029	0.00403493806292	0.00192588483418	0.000523338270158	0.000109901036733	0.000183168394555	2.09335308063e-05	0.000120367802136	9.943427133e-05	1.57001481047e-05	1.04667654032e-05	0
5.23338270158e-06	5.23338270158e-06	0	0	3.14002962095e-05	0	0	2.61669135079e-05	0	7.85007405237e-05	1.04667654032e-05	0	0	0	5.23338270158e-06	0	5.23338270158e-06	0	0	0	0	1.04667654032e-05	3.6633678911e-05	1.04667654032e-05	3.6633678911e-05	0	0	0	2.09335308063e-05	0	1.04667654032e-05	0	0	0	5.23338270158e-06	0.0193321156996	5.23338270158e-06	8.37341232252e-05	0	0.000429137381529	5.23338270158e-06	0.00105714330572	0.0059817564279	0.00171654952612	0.000502404739351	0.000429137381529	2.09335308063e-05	0.00147058053914	0	0.00628005924189	7.32673578221e-05	8.89675059268e-05	9.42008886284e-05	0	5.23338270158e-06	0.000690806516608	0.000518104887456	0.00019886854266	0.000523338270158	0.00173748305692	0	3.14002962095e-05	5.75672097173e-05	0.000910608590074	0.00681909766015	0.00330226448469	0	2.09335308063e-05	0.00111471051544	0.00253295722756	1.57001481047e-05	0	5.23338270158e-06	5.23338270158e-06	5.23338270158e-06	0	0	0.000706506664713	5.23338270158e-05	0.00104667654032	0.000293069431288	0.000340169875602	9.943427133e-05	1.04667654032e-05
0	0.00254342399297	0.000884441676566	0	0	0	0	5.23338270158e-06	0	5.23338270158e-06	0	7.32673578221e-05	0	1.57001481047e-05	0	0	6.28005924189e-05	0.000157001481047	0	0.000136067950241	0	4.71004443142e-05	0.000633239306891	0.000334936492901	0	0.000104667654032	0.000921075355478	0.0013240458235	2.09335308063e-05	0	1.57001481047e-05	0	0	5.23338270158e-06	0.000188401777257	5.23338270158e-06	0.0186727094792	0.0029725613745	0	0	0	0	1.57001481047e-05	2.09335308063e-05	3.14002962095e-05	0	0.000382036937215	0	0.000277369283184	2.09335308063e-05	0	0.000125601184838	0.00197298527849	9.943427133e-05	0.00115134419435	0	0.000225035456168	0.00137114626781	0.00155954804507	4.71004443142e-05	0.00227128809248	0.00403493806292	0.00965035770171	7.32673578221e-05	4.18670616126e-05	0.000162234863749	2.09335308063e-05	1.57001481047e-05	2.09335308063e-05	0.00151244760076	0.000104667654032	0.000570438714472	0.00019886854266	6.80339751205e-05	1.04667654032e-05	0	5.23338270158e-06	0.000533805035561	0.000779774022535	0.000978642565195	0.000355870023707	1.04667654032e-05	3.14002962095e-05	4.18670616126e-05
5.23338270158e-06	0.000382036937215	0.000235502221571	0	0	5.23338270158e-06	0	1.04667654032e-05	0	1.04667654032e-05	0	5.23338270158e-06	0	0	5.23338270158e-06	0	3.14002962095e-05	5.23338270158e-06	0	1.04667654032e-05	0	2.61669135079e-05	0.000334936492901	8.37341232252e-05	5.23338270158e-06	5.23338270158e-06	9.943427133e-05	0.000219802073466	1.04667654032e-05	0	2.09335308063e-05	0	0	0	3.6633678911e-05	8.37341232252e-05	0.0029725613745	0.0347496611385	0	5.23338270158e-06	0	1.04667654032e-05	0.000188401777257	5.23338270158e-06	0.000104667654032	1.04667654032e-05	0.00026690251778	2.09335308063e-05	8.37341232252e-05	8.37341232252e-05	0	0.000685573133907	0.0101841627373	3.14002962095e-05	0.00147058053914	5.23338270158e-06	0.00270042547401	0.00121937816947	0.0173905307173	0.000193635159958	0.000141301332943	0.00876591602514	0.0139783651959	0.000439604146932	0.000177935011854	0.00168514922991	5.23338270158e-06	5.23338270158e-06	5.75672097173e-05	0.00476761164114	7.32673578221e-05	0.000115134419435	4.18670616126e-05	1.57001481047e-05	0	5.23338270158e-06	0	0.00215092029035	0.00158048157588	0.00333889816361	0.0016589823164	0.000162234863749	0.000125601184838	0.000104667654032
0	0	0	0	0	0	0	0	0	0	0	0	0	0	0	0	0	0	0	0	0	0	0	0	0	0	0	0	0	0	0	0	0	0	0	0	0	0	0	0	0	0	0	0	0	0	0	0	0	0	0	0	0	0	0	0	0	0	0	0	0	0	0	0	0	0	0	0	0	0	0	0	0	0	0	0	0	0	0	0	0	0	0	0
5.23338270158e-06	0	0	0	0.00562065302149	0	0	1.57001481047e-05	5.23338270158e-06	0.000141301332943	1.04667654032e-05	0	0.000617539158786	0	5.23338270158e-06	0	0	0	0	0	0.00183691732825	5.23338270158e-06	5.23338270158e-06	0	5.23338270158e-05	0	0	0	1.04667654032e-05	0	1.04667654032e-05	0	0	0	5.23338270158e-06	0.000429137381529	0	5.23338270158e-06	0	0.02239364458	0	0.000727440195519	0.00116181095975	0.000256435752377	0.000847807997655	0.00826351128579	0	0.00509731475134	0	0.000324469727498	0	2.09335308063e-05	5.23338270158e-06	0	0	0.0104719987859	6.80339751205e-05	2.61669135079e-05	7.85007405237e-05	0.0076302719789	0	0	5.23338270158e-06	0.00616492482246	0.00019886854266	0.000256435752377	0	5.23338270158e-06	7.85007405237e-05	0.000188401777257	0	0	0	0	2.61669135079e-05	0	0	0.000136067950241	1.04667654032e-05	5.23338270158e-05	2.09335308063e-05	8.37341232252e-05	0	0
0	0	0	0	0	0	0	0	0	0	0	0	0	0	0	0	0	0	0	0	0	0	0	0	0	0	0	0	0	0	0	0	0	0	0	5.23338270158e-06	0	0	0	0	0.00360580068139	0.00120367802136	0	0.00149674745265	0	0	1.04667654032e-05	0	0	0.000319236344796	0.000240735604273	0	0	0	0	0	0	0	5.23338270158e-06	0	0	0	0	5.23338270158e-06	0.000293069431288	5.23338270158e-06	0	0.00150721421805	0	0.000308769579393	0	0	0	0	0	0	0	1.57001481047e-05	1.04667654032e-05	9.42008886284e-05	2.09335308063e-05	0.000753607109027	0.0006646396031	5.23338270158e-06
0	0	0	0	0.000104667654032	0	0	5.23338270158e-06	0	3.14002962095e-05	0	0	8.89675059268e-05	0	5.23338270158e-06	0	0	0	0	0	8.89675059268e-05	5.23338270158e-06	0	0	5.23338270158e-06	0	0	0	1.57001481047e-05	0	5.23338270158e-06	0	0	0	5.23338270158e-06	0.00105714330572	0	1.04667654032e-05	0	0.000727440195519	0.00120367802136	0.0241154274889	0.00110424375003	0.00481471208545	0.000130834567539	0.0049821803319	3.6633678911e-05	0.0109848702906	5.23338270158e-06	0.00271612562212	0.001999152192	1.57001481047e-05	1.57001481047e-05	0	0	0.00285742695506	2.09335308063e-05	5.23338270158e-06	6.80339751205e-05	0.00108331021923	5.23338270158e-06	1.57001481047e-05	1.04667654032e-05	0.000528571652859	0.00143918024293	0.000225035456168	0	0.000533805035561	0.000109901036733	0.000926308738179	0	0	5.23338270158e-06	5.23338270158e-06	0	0	0	0.000188401777257	3.6633678911e-05	0.000476237825843	0.000146534715644	0.00227128809248	0.000219802073466	2.09335308063e-05
5.23338270158e-06	0	0	0	9.943427133e-05	0	0	5.75672097173e-05	0	0.000277369283184	1.04667654032e-05	0	4.18670616126e-05	0	5.23338270158e-06	0	1.57001481047e-05	0	0	0	4.71004443142e-05	1.04667654032e-05	5.75672097173e-05	5.23338270158e-06	9.42008886284e-05	0	0	0	6.28005924189e-05	5.23338270158e-06	0	0	0	0	0	0.0059817564279	1.57001481047e-05	0.000188401777257	0	0.00116181095975	0	0.00110424375003	0.030986858976	0.000858274763059	0.00103620977491	0.00263239149889	1.57001481047e-05	0.00204625263632	0	0.00287836048587	1.57001481047e-05	0.000240735604273	0.000146534715644	0	2.09335308063e-05	0.0016432821683	0.00107284345382	0.000345403258304	0.00104144315761	0.00522291593617	0	2.61669135079e-05	8.89675059268e-05	0.00539038418262	0.00236548898111	0.00877638279054	0	5.23338270158e-06	0.000607072393383	0.00189448453797	0	0	5.23338270158e-06	5.23338270158e-06	2.61669135079e-05	0	0	0.000690806516608	0.000120367802136	0.000832107849551	0.000340169875602	0.000172701629152	5.75672097173e-05	1.04667654032e-05
0	0	0	0	3.6633678911e-05	0	0	5.23338270158e-06	0	2.09335308063e-05	5.23338270158e-06	0	3.14002962095e-05	0	5.23338270158e-06	0	0	0	0	0	2.61669135079e-05	0	0	0	1.57001481047e-05	0	0	0	0	0	0	0	0	0	0	0.00171654952612	2.09335308063e-05	5.23338270158e-06	0	0.000256435752377	0.00149674745265	0.00481471208545	0.000858274763059	0.0214464023111	0.000120367802136	0.000853041380357	0.000151768098346	0.0023236219195	2.61669135079e-05	0.00835771217442	0.000157001481047	0	2.09335308063e-05	0	5.23338270158e-06	0.000758840491729	2.61669135079e-05	2.09335308063e-05	5.75672097173e-05	0.000711740047414	0	5.23338270158e-06	2.61669135079e-05	0.000251202369676	0.00394073717429	0.000277369283184	0	0.0026637917951	0.000157001481047	0.00230268838869	0	5.23338270158e-06	0	0	0	0	0	0.000230268838869	5.75672097173e-05	0.000805940936043	0.000245968986974	0.000926308738179	0.000732673578221	3.6633678911e-05
