0.0205456332091	0.000127519446716	0.00127519446716	0	0.000120018302791	0	0.000753864964407	0.00951520106816	0.00785744826086	0.000131270018678	9.75148710178e-05	0.000221283745771	6.00091513956e-05	5.62585794334e-05	0.00707357872075	3.00045756978e-05	7.50114392445e-06	0.00252413493058	1.12517158867e-05	0.000352553764449	5.25080074711e-05	0.000993901569989	1.50022878489e-05	0.000915139558783	0.000761366108332	0	0.000465070923316	0.00154523564844	0.00170275967085	0.00639097462363	0.00590340026854	3.75057196222e-06	4.12562915845e-05	1.12517158867e-05	0.00488699526678	0	0.000195029742036	0	0	0	0	0	0	0	3.75057196222e-06	3.75057196222e-06	0	0	1.12517158867e-05	0	0	0	3.00045756978e-05	0	3.00045756978e-05	3.75057196222e-06	3.75057196222e-06	7.50114392445e-06	1.50022878489e-05	7.50114392445e-06	1.50022878489e-05	3.75057196222e-05	0.000183778026149	3.75057196222e-06	0	0	3.75057196222e-06	0	0	1.50022878489e-05	0.00013502059064	0	0.00394560170426	0.000483823783127	3.75057196222e-06	0.000105016014942	0	3.00045756978e-05	1.50022878489e-05	1.50022878489e-05	7.50114392445e-06	0	0	0
0.000127519446716	0.0272404041616	0.000978899282141	0	1.50022878489e-05	0	3.75057196222e-05	0.000161274594376	7.12608672823e-05	0.00366805937906	8.25125831689e-05	0.000401311199958	3.75057196222e-06	0.00151523107274	3.00045756978e-05	0	0.000187528598111	0.00115517616437	7.50114392445e-06	6.37597233578e-05	7.50114392445e-06	0.000240036605582	0.00454194264625	0.000348803192487	0.00147022420919	0.00070885810086	0.00318048502397	0.0195404799232	0.000243787177545	0.000123768874753	0.0001687757383	2.25034317733e-05	0	0	0.000577588082183	7.50114392445e-06	0.0165475234973	2.25034317733e-05	0	2.25034317733e-05	0	0	3.75057196222e-06	2.62540037356e-05	0.000300045756978	5.25080074711e-05	4.12562915845e-05	0	0.000123768874753	0.000120018302791	7.50114392445e-06	0.000386308912109	0.000345052620525	3.75057196222e-06	0.000165025166338	6.00091513956e-05	7.12608672823e-05	0.00105766129335	0.000273791753242	0.000330050332676	0.00203281000353	0.00104640957746	0.0147660018153	0.000247537749507	0.000176276882225	7.87620112067e-05	3.75057196222e-05	3.00045756978e-05	4.87574355089e-05	0.000345052620525	0.00105766129335	0.00013502059064	0.00102765671765	0.0005063272149	9.00137270934e-05	5.62585794334e-05	2.25034317733e-05	0.00218283288201	0.00243412120348	0.000348803192487	0.000423814631731	7.50114392445e-06	0	7.50114392445e-06
0.00127519446716	0.000978899282141	0.0352928821645	0	1.50022878489e-05	3.75057196222e-06	0.00074261324852	0.0079324597001	0.00345427677721	0.000375057196222	0.000322549188751	0.000146272306527	1.12517158867e-05	0.000232535461658	0.00142896791761	1.12517158867e-05	0.000120018302791	0.00731361532634	3.375514766e-05	0.000585089226107	1.12517158867e-05	0.00223534088949	0.000772617824218	0.0151148050078	0.000480073211165	0	0.00505577100508	0.0149197752657	0.00425314860516	0.000165025166338	0.00295920127819	1.87528598111e-05	2.62540037356e-05	0	0.00110266815689	0	0.00161649651572	3.375514766e-05	0	3.75057196222e-06	0	0	0	3.75057196222e-06	0.000258789465393	3.75057196222e-06	3.75057196222e-06	0	1.50022878489e-05	2.62540037356e-05	0	0.000146272306527	0.000157524022413	3.75057196222e-06	5.25080074711e-05	3.75057196222e-06	3.00045756978e-05	0.00070885810086	0.000386308912109	0.000157524022413	4.50068635467e-05	0.000176276882225	0.00153398393255	0.000131270018678	4.12562915845e-05	7.50114392445e-06	1.87528598111e-05	3.75057196222e-06	7.50114392445e-06	0.000131270018678	0.00440692205561	0.000491324927051	0.0027304163885	0.00146647363723	5.62585794334e-05	0.000258789465393	1.12517158867e-05	0.000705107528898	0.000528830646674	0.0003375514766	0.000453819207429	0	0	0
0	0	0	0	0	0	0	0	0	0	0	0	0	0	0	0	0	0	0	0	0	0	0	0	0	0	0	0	0	0	0	0	0	0	0	0	0	0	0	0	0	0	0	0	0	0	0	0	0	0	0	0	0	0	0	0	0	0	0	0	0	0	0	0	0	0	0	0	0	0	0	0	0	0	0	0	0	0	0	0	0	0	0	0
0.000120018302791	1.50022878489e-05	1.50022878489e-05	0	0.0197392602372	1.50022878489e-05	0.00345427677721	0.000806372971878	0.00573462453024	0.000300045756978	0.00733611875811	0.00133520361855	0.00450068635467	0.00136145762229	0.00274166810439	6.37597233578e-05	3.75057196222e-06	0.000123768874753	1.50022878489e-05	4.12562915845e-05	0.00799996999542	4.50068635467e-05	3.75057196222e-06	3.75057196222e-05	0.00384433626128	0	0.000480073211165	0.00013502059064	0.00274166810439	0.000341302048562	4.50068635467e-05	1.50022878489e-05	9.37642990556e-05	3.00045756978e-05	0.00124518989146	0	1.50022878489e-05	0	0	0.000798871827954	0	3.75057196222e-06	0	0	0.000142521734565	0.0001687757383	0	0.000896386698972	7.50114392445e-06	0.000213782601847	9.75148710178e-05	0	3.75057196222e-06	0	0	0.00106141186531	0	7.50114392445e-06	0	0.000457569779391	3.75057196222e-06	1.87528598111e-05	1.87528598111e-05	3.75057196222e-05	0.00027004118128	3.75057196222e-06	0	2.25034317733e-05	3.75057196222e-06	1.50022878489e-05	0.0008438786915	0.000183778026149	0.000870132695236	1.87528598111e-05	0.00180777568579	4.87574355089e-05	0	1.12517158867e-05	0	7.50114392445e-06	3.75057196222e-06	0.000108766586905	0	0
0	0	3.75057196222e-06	0	1.50022878489e-05	0.00678853525163	0.00536706847794	0.000258789465393	0.00121893588772	0.000795121255992	0.000311297472865	3.75057196222e-06	0.00129394732697	6.37597233578e-05	3.75057196222e-06	0.00242662005956	7.50114392445e-06	0	0	3.75057196222e-06	5.62585794334e-05	1.12517158867e-05	3.75057196222e-06	2.25034317733e-05	0.000757615536369	0	3.375514766e-05	4.87574355089e-05	0.000480073211165	2.25034317733e-05	0	3.75057196222e-06	0.00220158574183	3.75057196222e-06	1.87528598111e-05	0	3.75057196222e-06	0	0	0	0	0	0	0	7.50114392445e-06	0	0	0	0	0	0	3.75057196222e-06	0	0	3.75057196222e-06	0	0	7.50114392445e-06	0	3.75057196222e-06	0	3.75057196222e-06	3.75057196222e-06	0	0	0	0	0	0	3.75057196222e-06	0.000266290609318	7.50114392445e-06	7.50114392445e-05	5.25080074711e-05	0.00114392444848	0.000570086938258	0	0	0	0	0	0	0	0
0.000753864964407	3.75057196222e-05	0.00074261324852	0	0.00345427677721	0.00536706847794	0.0673677735855	0.0132545213145	0.0411100192779	0.00110266815689	0.0292132050138	0.000401311199958	0.0129994824211	0.000663851237314	0.0115480110717	0.00345052620525	2.25034317733e-05	0.00010126544298	3.00045756978e-05	7.12608672823e-05	0.00457944836588	0.000183778026149	3.375514766e-05	0.000555084650409	0.00118893131203	0	0.000566336366296	0.000832626975614	0.00671352381238	0.00037130662426	0.000318798616789	1.87528598111e-05	0.00446693120701	1.12517158867e-05	0.000795121255992	0	0.000146272306527	7.50114392445e-05	0	0.000881384411123	0	0	3.75057196222e-06	1.12517158867e-05	0.000356304336411	3.00045756978e-05	7.50114392445e-06	8.62631551312e-05	1.12517158867e-05	0.000165025166338	0	3.375514766e-05	1.12517158867e-05	3.375514766e-05	1.12517158867e-05	0.00054008236256	1.12517158867e-05	7.12608672823e-05	0.000138771162602	0.00268540952495	0	8.62631551312e-05	0.000352553764449	0.00167650566711	0.000446318063505	6.00091513956e-05	0	3.00045756978e-05	3.00045756978e-05	0.000577588082183	0.0034655284931	9.00137270934e-05	0.00162024708768	0.000738862676558	0.00868632466451	0.00162399765964	1.50022878489e-05	0.000528830646674	0.000356304336411	0.000153773450451	0.000183778026149	0	0	0
0.00951520106816	0.000161274594376	0.0079324597001	0	0.000806372971878	0.000258789465393	0.0132545213145	0.0741863134128	0.0278329945317	0.00164275051945	0.0178002145327	0.00141771620172	0.000532581218636	0.00156773908021	0.0143684411873	0.000487574355089	0.000165025166338	0.00265540494925	0.000288794041091	0.000626345517691	0.000108766586905	0.00248287863899	0.000266290609318	0.0067810341077	0.0034055193417	0	0.00234410747639	0.00349553306879	0.0336763856488	0.00492075041444	0.00942893791303	0.000108766586905	0.000255038893431	0.000191279170073	0.00535581676206	0	0.000765116680294	0.0001687757383	0	0.00163524937553	0	0	0	3.75057196222e-06	0.000840128119538	0.000161274594376	2.25034317733e-05	1.12517158867e-05	3.00045756978e-05	4.87574355089e-05	0.000172526310262	9.75148710178e-05	0.000150022878489	0	6.37597233578e-05	0.00143271848957	4.87574355089e-05	0.000356304336411	0.000375057196222	0.00219783516986	4.12562915845e-05	0.0001687757383	0.000907638414858	0.000450068635467	8.62631551312e-05	2.25034317733e-05	1.50022878489e-05	7.50114392445e-06	1.12517158867e-05	0.000138771162602	0.008637567229	0.000281292897167	0.00935392647379	0.00282793125952	0.00216032945024	0.00213407544651	2.25034317733e-05	0.000663851237314	0.000525080074711	0.000146272306527	0.000397560627996	0.000232535461658	0	0
0.00785744826086	7.12608672823e-05	0.00345427677721	0	0.00573462453024	0.00121893588772	0.0411100192779	0.0278329945317	0.0798459265038	0.000465070923316	0.0305296557725	0.00468071380886	0.0111654527315	0.0049245009864	0.0321574040041	0.000251288321469	2.25034317733e-05	0.00109516701297	8.62631551312e-05	0.000416313487807	0.00963146879899	0.000450068635467	4.50068635467e-05	0.00181152625775	0.00138771162602	0	0.0015489862204	0.00141396562976	0.0105616106456	0.000633846661616	0.00267415780907	2.62540037356e-05	0.00194654684839	3.375514766e-05	0.0089451141299	0	0.000210032029885	9.00137270934e-05	0	0.000993901569989	0	0	3.75057196222e-06	1.12517158867e-05	0.000356304336411	3.75057196222e-05	1.12517158867e-05	0.0001687757383	4.12562915845e-05	0.000172526310262	0	3.00045756978e-05	1.50022878489e-05	4.50068635467e-05	1.50022878489e-05	0.000581338654145	1.50022878489e-05	7.87620112067e-05	0.000187528598111	0.00291044384269	1.12517158867e-05	0.000131270018678	0.000442567491542	0.00184903197738	0.000461320351354	6.00091513956e-05	1.50022878489e-05	3.00045756978e-05	3.00045756978e-05	0.000603842085918	0.0034655284931	7.12608672823e-05	0.0081612445898	0.00136895876621	0.00984150082888	0.00160524479983	1.50022878489e-05	0.000585089226107	0.000386308912109	0.000187528598111	0.000225034317733	0	0	0
0.000131270018678	0.00366805937906	0.000375057196222	0	0.000300045756978	0.000795121255992	0.00110266815689	0.00164275051945	0.000465070923316	0.028399330898	0.000142521734565	0.000273791753242	0.00259539579786	0.000952645278405	0.000247537749507	0.00221283745771	0.000765116680294	0.000251288321469	1.50022878489e-05	6.751029532e-05	0.000318798616789	0.000120018302791	0.00729861303849	0.000390059484071	0.0161987203048	0.000315048044827	0.00151148050078	0.00514578473217	0.00588464740873	0.00047257206724	0.000146272306527	2.25034317733e-05	0.000232535461658	9.37642990556e-05	0.000243787177545	0	0.00114017387652	3.75057196222e-05	0	0.00108016472512	3.75057196222e-06	0	0	2.25034317733e-05	0.0113379790418	7.50114392445e-06	4.12562915845e-05	0	1.12517158867e-05	0.000210032029885	0.000727610960672	1.87528598111e-05	0.000281292897167	2.62540037356e-05	6.751029532e-05	0.000690105241049	8.62631551312e-05	0.00485699069108	7.87620112067e-05	0.00732111647026	2.62540037356e-05	0.000532581218636	0.00120768417184	0.00166150337927	0.0005063272149	0.000603842085918	7.50114392445e-06	3.00045756978e-05	0.000221283745771	0.00145897249331	0.00616218973393	0.000247537749507	0.00057383751022	0.000262540037356	0.000723860388709	0.000468821495278	1.87528598111e-05	0.00430565661263	0.00353303878842	0.000637597233578	0.000240036605582	0.000825125831689	3.75057196222e-06	7.50114392445e-06
9.75148710178e-05	8.25125831689e-05	0.000322549188751	0	0.00733611875811	0.000311297472865	0.0292132050138	0.0178002145327	0.0305296557725	0.000142521734565	0.0668314417949	0.0049845101378	0.00909513700839	0.00508202500881	0.00929016675043	0.000108766586905	2.62540037356e-05	0.000697606384974	0.000176276882225	0.000198780313998	0.0093726793336	0.00027004118128	6.37597233578e-05	0.000502576642938	0.000468821495278	0	0.00176276882225	0.000832626975614	0.0105316060699	0.000341302048562	0.000318798616789	0.000112517158867	0.000315048044827	0	0.00494325384621	0	0.00020253088596	8.62631551312e-05	0	0.000832626975614	0	0	0	3.75057196222e-06	0.000123768874753	0.000345052620525	1.12517158867e-05	0.00010126544298	3.75057196222e-05	1.87528598111e-05	3.00045756978e-05	4.12562915845e-05	3.00045756978e-05	0	1.50022878489e-05	0.000855130407387	2.25034317733e-05	9.37642990556e-05	0.000157524022413	0.000963896994292	1.87528598111e-05	0.00010126544298	0.000307546900902	0.000116267730829	3.375514766e-05	1.50022878489e-05	3.75057196222e-06	3.75057196222e-06	1.50022878489e-05	5.62585794334e-05	0.00501076414153	0.000465070923316	0.00403186485939	0.000611343229843	0.00534081447421	0.00077636839618	0	0.000210032029885	0.000131270018678	5.25080074711e-05	0.000180027454187	3.375514766e-05	0	0
0.000221283745771	0.000401311199958	0.000146272306527	0	0.00133520361855	3.75057196222e-06	0.000401311199958	0.00141771620172	0.00468071380886	0.000273791753242	0.0049845101378	0.0366205846392	0.00149647821293	0.0198855325437	0.00111391987278	7.50114392445e-06	4.12562915845e-05	0.000551334078447	0.00525455131908	0.00766991966275	0.00252788550254	0.000412562915845	0.000273791753242	0.000611343229843	0.000112517158867	0.000566336366296	0.0118593085446	0.0018565331213	0.000948894706443	0.000645098377503	0.000251288321469	0.00132770247463	0.000352553764449	3.75057196222e-06	0.0156286333666	0	0.000105016014942	7.50114392445e-06	0	7.12608672823e-05	0	0	0	0	1.87528598111e-05	0	3.375514766e-05	5.25080074711e-05	0.00030379632894	1.50022878489e-05	0	4.12562915845e-05	7.50114392445e-05	3.75057196222e-06	1.87528598111e-05	3.75057196222e-06	7.50114392445e-06	4.12562915845e-05	0.00013502059064	0.00023628603362	0.000480073211165	0.000487574355089	0.000618844373767	0.000187528598111	4.50068635467e-05	0	6.751029532e-05	1.12517158867e-05	0	4.87574355089e-05	0.00237036148013	0.000555084650409	0.0146647363723	0.00290669327072	0.00275667039223	0.000386308912109	0.000585089226107	0.000180027454187	7.12608672823e-05	3.75057196222e-05	0.00010126544298	0	0	1.50022878489e-05
6.00091513956e-05	3.75057196222e-06	1.12517158867e-05	0	0.00450068635467	0.00129394732697	0.0129994824211	0.000532581218636	0.0111654527315	0.00259539579786	0.00909513700839	0.00149647821293	0.0322211637275	0.00153023336059	0.00599341399563	0.00339426762581	0	3.75057196222e-06	1.87528598111e-05	3.75057196222e-06	0.0127369423837	7.50114392445e-06	3.75057196222e-06	1.12517158867e-05	0.00292169555857	3.75057196222e-06	6.751029532e-05	2.62540037356e-05	0.00142896791761	0.000232535461658	7.87620112067e-05	0	0.000427565203694	5.25080074711e-05	0.00149272764097	0	0	0	0	1.50022878489e-05	0	0	0	0	1.50022878489e-05	0	0	0.000318798616789	3.75057196222e-06	0	3.75057196222e-06	0	0	0	0	0	0	0	0	1.50022878489e-05	0	3.75057196222e-06	3.75057196222e-06	7.50114392445e-06	0	0	0	0	0	0	8.25125831689e-05	3.75057196222e-06	0.000352553764449	2.25034317733e-05	0.00114767502044	0.000120018302791	0	0	0	0	0	3.75057196222e-06	0	0
5.62585794334e-05	0.00151523107274	0.000232535461658	0	0.00136145762229	6.37597233578e-05	0.000663851237314	0.00156773908021	0.0049245009864	0.000952645278405	0.00508202500881	0.0198855325437	0.00153023336059	0.0418301290947	0.00126019217931	1.12517158867e-05	9.00137270934e-05	0.000682604097125	0.00268540952495	0.00252413493058	0.00253538664646	0.000232535461658	0.000960146422329	0.000686354669087	0.000412562915845	0.00353678936038	0.0122193634529	0.00475947582006	0.0010426590055	0.000615093801805	5.25080074711e-05	0.00404311657528	0.000558835222371	0	0.0116230225109	0	0.000345052620525	3.75057196222e-06	0	9.37642990556e-05	0	0	0	0	3.375514766e-05	0	0.00037130662426	5.25080074711e-05	0.00580963596949	0.000180027454187	0	5.25080074711e-05	3.75057196222e-05	0.000105016014942	2.62540037356e-05	3.75057196222e-06	7.50114392445e-06	0.000123768874753	6.00091513956e-05	0.000311297472865	0.00619219430963	0.00344677563328	0.00248287863899	0.000255038893431	0.000292544613053	0	0.00174401596243	8.25125831689e-05	0	0.000318798616789	0.00378807768185	0.00369431338279	0.0133220316098	0.00274916924831	0.00301545985763	0.000956395850367	0.00190529055681	0.000176276882225	0.000187528598111	0.000348803192487	1.50022878489e-05	0	0	0.000258789465393
0.00707357872075	3.00045756978e-05	0.00142896791761	0	0.00274166810439	3.75057196222e-06	0.0115480110717	0.0143684411873	0.0321574040041	0.000247537749507	0.00929016675043	0.00111391987278	0.00599341399563	0.00126019217931	0.0434166210347	0.000105016014942	1.12517158867e-05	0.00064134780554	1.12517158867e-05	0.00030379632894	0.0047557252481	0.000285043469129	1.12517158867e-05	0.000693855813011	0.00109141644101	0	0.000393810056034	0.000611343229843	0.00657100207782	0.00597091056386	0.00145897249331	1.50022878489e-05	0.000487574355089	0.000225034317733	0.00475947582006	0	6.00091513956e-05	7.50114392445e-06	0	0.000393810056034	0	0	3.75057196222e-06	0	0.000105016014942	3.00045756978e-05	7.50114392445e-06	0.000108766586905	1.87528598111e-05	6.00091513956e-05	0	3.75057196222e-06	7.50114392445e-06	2.25034317733e-05	7.50114392445e-06	0.000153773450451	3.75057196222e-06	1.50022878489e-05	1.87528598111e-05	0.00142521734565	7.50114392445e-06	5.25080074711e-05	0.000146272306527	0.000975148710178	0.00013502059064	1.50022878489e-05	3.75057196222e-06	3.75057196222e-06	3.75057196222e-06	0.000191279170073	0.00070885810086	5.25080074711e-05	0.00457944836588	0.000592590370031	0.00384433626128	0.000813874115803	0	0.000183778026149	0.000127519446716	5.62585794334e-05	2.25034317733e-05	0	0	0
3.00045756978e-05	0	1.12517158867e-05	0	6.37597233578e-05	0.00242662005956	0.00345052620525	0.000487574355089	0.000251288321469	0.00221283745771	0.000108766586905	7.50114392445e-06	0.00339426762581	1.12517158867e-05	0.000105016014942	0.00706982814879	3.00045756978e-05	1.12517158867e-05	7.50114392445e-06	3.75057196222e-06	0.000311297472865	0.000427565203694	3.75057196222e-06	0.000408812343882	0.0022240891736	0	3.00045756978e-05	2.62540037356e-05	0.000881384411123	0.000165025166338	8.62631551312e-05	3.75057196222e-06	0.00070885810086	4.50068635467e-05	2.62540037356e-05	0	0	3.75057196222e-06	0	1.12517158867e-05	0	0	0	0	2.25034317733e-05	7.50114392445e-06	0	0	0	0	3.75057196222e-06	3.75057196222e-06	0	0	0	1.50022878489e-05	0	3.75057196222e-06	7.50114392445e-06	3.00045756978e-05	0	0	7.50114392445e-06	7.50114392445e-06	3.75057196222e-06	3.75057196222e-06	0	0	0	3.00045756978e-05	0.000150022878489	7.50114392445e-06	0.000120018302791	1.87528598111e-05	0.000146272306527	6.37597233578e-05	0	4.87574355089e-05	0	1.12517158867e-05	1.12517158867e-05	3.75057196222e-06	0	0
7.50114392445e-06	0.000187528598111	0.000120018302791	0	3.75057196222e-06	7.50114392445e-06	2.25034317733e-05	0.000165025166338	2.25034317733e-05	0.000765116680294	2.62540037356e-05	4.12562915845e-05	0	9.00137270934e-05	1.12517158867e-05	3.00045756978e-05	0.0171888713029	4.50068635467e-05	0	9.00137270934e-05	0	0.00640222633952	0.00968772737843	0.0054008236256	0.00414438201826	3.75057196222e-06	0.000273791753242	0.00243037063152	0.00140646448583	0	5.62585794334e-05	4.50068635467e-05	1.12517158867e-05	0	0.000180027454187	0.000105016014942	0.0001687757383	3.75057196222e-06	0	3.75057196222e-06	0	0	1.12517158867e-05	7.87620112067e-05	6.00091513956e-05	7.50114392445e-06	1.50022878489e-05	0	7.50114392445e-06	0.00013502059064	3.75057196222e-06	0.00123018760361	0.000176276882225	0	1.50022878489e-05	1.12517158867e-05	0.000225034317733	0.00430190604067	0.000176276882225	0.00110641872886	1.87528598111e-05	0.000251288321469	0.000277542325205	0.00195404799232	6.37597233578e-05	2.25034317733e-05	0	2.62540037356e-05	3.75057196222e-06	7.50114392445e-05	0.00339051705385	0.000502576642938	0.000296295185016	0.000157524022413	3.75057196222e-05	4.12562915845e-05	0	0.00106141186531	0.00115892673633	0.000120018302791	0.000105016014942	3.75057196222e-06	3.75057196222e-06	0
0.00252413493058	0.00115517616437	0.00731361532634	0	0.000123768874753	0	0.00010126544298	0.00265540494925	0.00109516701297	0.000251288321469	0.000697606384974	0.000551334078447	3.75057196222e-06	0.000682604097125	0.00064134780554	1.12517158867e-05	4.50068635467e-05	0.0344677563328	0	0.00424564746124	7.50114392445e-06	0.00338676648189	0.000120018302791	0.00824750774493	0.000206281457922	0	0.00350303421272	0.0119418211277	0.0010726635812	0.0013502059064	0.00548708678073	3.00045756978e-05	2.25034317733e-05	2.25034317733e-05	0.00941018505322	0	0.00215282830632	1.12517158867e-05	0	3.75057196222e-06	0	0	0	1.50022878489e-05	0.000142521734565	3.75057196222e-06	3.75057196222e-06	0	3.75057196222e-06	3.375514766e-05	3.75057196222e-06	0.000138771162602	0.000783869540105	1.12517158867e-05	0.000307546900902	3.75057196222e-06	2.25034317733e-05	0.00027004118128	8.25125831689e-05	6.751029532e-05	7.12608672823e-05	0.000693855813011	0.00181902740168	8.25125831689e-05	8.25125831689e-05	1.12517158867e-05	3.75057196222e-06	2.25034317733e-05	1.12517158867e-05	0.000213782601847	0.00181527682972	0.000427565203694	0.0043581646201	0.00030379632894	0.000266290609318	4.87574355089e-05	0	0.000731361532634	0.000825125831689	0.000176276882225	0.000153773450451	3.75057196222e-06	0	0
1.12517158867e-05	7.50114392445e-06	3.375514766e-05	0	1.50022878489e-05	0	3.00045756978e-05	0.000288794041091	8.62631551312e-05	1.50022878489e-05	0.000176276882225	0.00525455131908	1.87528598111e-05	0.00268540952495	1.12517158867e-05	7.50114392445e-06	0	0	0.00837877776361	0.00166900452319	2.62540037356e-05	1.12517158867e-05	7.50114392445e-06	4.50068635467e-05	2.62540037356e-05	0	0.00597466113582	0.0005063272149	8.62631551312e-05	2.25034317733e-05	0	0.00132770247463	0	0	0.00136520819425	0	7.50114392445e-06	0	0	0	0	0	0	0	0	0	0	0	3.00045756978e-05	3.75057196222e-06	0	7.50114392445e-06	3.75057196222e-06	3.75057196222e-06	1.12517158867e-05	0	0	7.50114392445e-06	7.50114392445e-06	7.50114392445e-06	2.62540037356e-05	5.25080074711e-05	4.87574355089e-05	3.75057196222e-06	3.75057196222e-06	0	3.75057196222e-06	0	0	7.50114392445e-06	0.000165025166338	3.75057196222e-06	0.00158649194002	0.000221283745771	0.000221283745771	0	0	1.50022878489e-05	7.50114392445e-06	3.75057196222e-06	1.50022878489e-05	0	0	0
0.000352553764449	6.37597233578e-05	0.000585089226107	0	4.12562915845e-05	3.75057196222e-06	7.12608672823e-05	0.000626345517691	0.000416313487807	6.751029532e-05	0.000198780313998	0.00766991966275	3.75057196222e-06	0.00252413493058	0.00030379632894	3.75057196222e-06	9.00137270934e-05	0.00424564746124	0.00166900452319	0.018959141269	3.75057196222e-06	0.000397560627996	6.00091513956e-05	0.00043881691958	7.50114392445e-05	1.50022878489e-05	0.00911013929624	0.00439942091169	0.000375057196222	6.751029532e-05	0.000435066347618	0.000498826070976	3.75057196222e-06	3.75057196222e-06	0.00625220346103	0	0.000363805480336	1.12517158867e-05	0	3.75057196222e-06	0	0	3.75057196222e-06	0	4.12562915845e-05	0	3.375514766e-05	0	0.000112517158867	7.50114392445e-06	0	5.62585794334e-05	0.00030379632894	2.25034317733e-05	0.000247537749507	0	1.87528598111e-05	9.37642990556e-05	0.000150022878489	7.87620112067e-05	0.000705107528898	0.000757615536369	0.00070885810086	6.751029532e-05	1.50022878489e-05	1.50022878489e-05	2.62540037356e-05	0	1.50022878489e-05	8.62631551312e-05	0.00173276424655	0.000258789465393	0.0070885810086	0.0019165422727	0.0001687757383	3.75057196222e-05	0	0.000255038893431	0.000198780313998	9.75148710178e-05	0.000142521734565	0	0	3.75057196222e-06
5.25080074711e-05	7.50114392445e-06	1.12517158867e-05	0	0.00799996999542	5.62585794334e-05	0.00457944836588	0.000108766586905	0.00963146879899	0.000318798616789	0.0093726793336	0.00252788550254	0.0127369423837	0.00253538664646	0.0047557252481	0.000311297472865	0	7.50114392445e-06	2.62540037356e-05	3.75057196222e-06	0.0217495668089	3.75057196222e-06	7.50114392445e-06	3.75057196222e-06	0.00186028369326	7.50114392445e-06	0.000258789465393	7.50114392445e-06	0.000855130407387	0.000176276882225	3.75057196222e-06	3.75057196222e-06	9.75148710178e-05	1.50022878489e-05	0.00237411205209	0	0	0	0	5.25080074711e-05	0	0	0	0	0	0	0	0.000258789465393	3.75057196222e-06	3.75057196222e-06	0	0	0	0	0	7.50114392445e-06	0	0	0	4.50068635467e-05	0	3.75057196222e-06	3.75057196222e-06	3.375514766e-05	3.75057196222e-06	0	0	0	0	3.75057196222e-06	6.751029532e-05	0	0.000772617824218	3.75057196222e-06	0.00151148050078	1.87528598111e-05	0	0	0	0	0	0	0	0
0.000993901569989	0.000240036605582	0.00223534088949	0	4.50068635467e-05	1.12517158867e-05	0.000183778026149	0.00248287863899	0.000450068635467	0.000120018302791	0.00027004118128	0.000412562915845	7.50114392445e-06	0.000232535461658	0.000285043469129	0.000427565203694	0.00640222633952	0.00338676648189	1.12517158867e-05	0.000397560627996	3.75057196222e-06	0.0426477537825	0.00277542325205	0.0220833677136	0.00123768874753	0	0.000836377547576	0.00193529513251	0.00786119883282	0.001488977069	0.0142559240284	4.50068635467e-05	1.87528598111e-05	0.000390059484071	0.00882509582711	9.75148710178e-05	0.000330050332676	0.000198780313998	0	1.50022878489e-05	0	0	1.12517158867e-05	7.12608672823e-05	5.62585794334e-05	1.12517158867e-05	1.12517158867e-05	0	1.50022878489e-05	0.000120018302791	3.75057196222e-06	0.000108766586905	0.000142521734565	3.75057196222e-06	3.375514766e-05	1.87528598111e-05	0.000318798616789	0.00210032029885	0.000701356956936	0.000637597233578	3.00045756978e-05	0.000187528598111	0.000570086938258	0.00134270476248	6.00091513956e-05	2.25034317733e-05	1.12517158867e-05	2.62540037356e-05	7.50114392445e-06	0.000105016014942	0.0042493980332	0.00043881691958	0.0085288006421	0.00366805937906	0.00060759265788	0.000832626975614	0	0.000630096089654	0.000645098377503	0.000292544613053	0.000783869540105	3.75057196222e-06	3.75057196222e-06	0
1.50022878489e-05	0.00454194264625	0.000772617824218	0	3.75057196222e-06	3.75057196222e-06	3.375514766e-05	0.000266290609318	4.50068635467e-05	0.00729861303849	6.37597233578e-05	0.000273791753242	3.75057196222e-06	0.000960146422329	1.12517158867e-05	3.75057196222e-06	0.00968772737843	0.000120018302791	7.50114392445e-06	6.00091513956e-05	7.50114392445e-06	0.00277542325205	0.0286843743671	0.00710733386841	0.00695356041796	0.000333800904638	0.000487574355089	0.00846129034678	0.000806372971878	0	3.75057196222e-06	3.75057196222e-05	3.75057196222e-06	0	0.000105016014942	0.000108766586905	0.00257289236609	2.62540037356e-05	0	3.75057196222e-06	0	0	1.12517158867e-05	8.25125831689e-05	4.87574355089e-05	7.50114392445e-06	1.87528598111e-05	0	0.000183778026149	0.000131270018678	0	0.00545708220504	0.000296295185016	0	4.12562915845e-05	1.12517158867e-05	0.000896386698972	0.011915567124	0.000881384411123	0.00150022878489	0.000251288321469	0.000416313487807	0.00298920585389	0.00273791753242	6.00091513956e-05	2.25034317733e-05	3.75057196222e-06	3.00045756978e-05	3.75057196222e-06	8.25125831689e-05	0.00262540037356	0.000431315775656	0.000183778026149	9.75148710178e-05	1.50022878489e-05	4.12562915845e-05	1.87528598111e-05	0.00229535004088	0.00232535461658	0.000150022878489	0.000105016014942	0	3.75057196222e-06	3.75057196222e-06
0.000915139558783	0.000348803192487	0.0151148050078	0	3.75057196222e-05	2.25034317733e-05	0.000555084650409	0.0067810341077	0.00181152625775	0.000390059484071	0.000502576642938	0.000611343229843	1.12517158867e-05	0.000686354669087	0.000693855813011	0.000408812343882	0.0054008236256	0.00824750774493	4.50068635467e-05	0.00043881691958	3.75057196222e-06	0.0220833677136	0.00710733386841	0.0639960093914	0.000750114392445	3.75057196222e-06	0.00230285118481	0.0123018760361	0.00576462910594	0.000258789465393	0.00668351923668	7.12608672823e-05	3.00045756978e-05	6.37597233578e-05	0.00577588082183	0	0.0010426590055	0.000232535461658	0	4.50068635467e-05	0	0	3.75057196222e-06	7.50114392445e-06	0.0001687757383	3.00045756978e-05	7.50114392445e-06	0	4.50068635467e-05	2.62540037356e-05	3.75057196222e-06	0.00350303421272	0.000307546900902	3.75057196222e-06	3.00045756978e-05	5.25080074711e-05	0.000363805480336	0.00477072753595	0.00118518074006	0.000618844373767	3.375514766e-05	0.000210032029885	0.00162399765964	0.00106891300923	5.62585794334e-05	0	1.87528598111e-05	1.12517158867e-05	3.75057196222e-06	0.000176276882225	0.0130857455762	0.00057383751022	0.00823250545708	0.00488699526678	0.000633846661616	0.00106141186531	7.50114392445e-06	0.00121518531576	0.000813874115803	0.000345052620525	0.000896386698972	3.75057196222e-06	0	0
0.000761366108332	0.00147022420919	0.000480073211165	0	0.00384433626128	0.000757615536369	0.00118893131203	0.0034055193417	0.00138771162602	0.0161987203048	0.000468821495278	0.000112517158867	0.00292169555857	0.000412562915845	0.00109141644101	0.0022240891736	0.00414438201826	0.000206281457922	2.62540037356e-05	7.50114392445e-05	0.00186028369326	0.00123768874753	0.00695356041796	0.000750114392445	0.039020950695	0.000247537749507	0.000551334078447	0.00307546900902	0.0135283130677	0.00158649194002	0.000521329502749	5.62585794334e-05	0.000232535461658	0.000206281457922	0.00141396562976	1.12517158867e-05	0.000735112104596	7.12608672823e-05	0	0.000386308912109	3.75057196222e-06	0	7.50114392445e-06	1.12517158867e-05	0.0042193934575	1.12517158867e-05	2.62540037356e-05	3.75057196222e-06	3.75057196222e-06	6.37597233578e-05	0.000465070923316	4.50068635467e-05	0.000187528598111	0	3.75057196222e-06	0.00030379632894	7.50114392445e-06	0.0042493980332	0.000142521734565	0.00403561543135	7.50114392445e-06	0.000292544613053	0.000600091513956	0.00196529970821	5.62585794334e-05	0.000157524022413	3.75057196222e-06	3.75057196222e-06	3.75057196222e-06	0.000412562915845	0.0033455101903	0.000285043469129	0.00210407087081	0.00139521276995	0.000408812343882	0.00129769789893	0	0.00215282830632	0.00193154456055	0.000153773450451	0.000191279170073	0.000502576642938	0	0
0	0.00070885810086	0	0	0	0	0	0	0	0.000315048044827	0	0.000566336366296	3.75057196222e-06	0.00353678936038	0	0	3.75057196222e-06	0	0	1.50022878489e-05	7.50114392445e-06	0	0.000333800904638	3.75057196222e-06	0.000247537749507	0.00460945294157	0.000322549188751	0.00136145762229	0	0	0	0	0	0	1.12517158867e-05	0	7.50114392445e-06	0	0	0	0	0	0	0	0	0	8.25125831689e-05	0	0.000450068635467	9.75148710178e-05	0	0	0	0	0	0	0	0	0	0	0.00111391987278	6.751029532e-05	7.12608672823e-05	0	0.00013502059064	0	6.00091513956e-05	3.75057196222e-05	0	0.000142521734565	0	0.00118518074006	1.12517158867e-05	0	0	0	0.00119268188399	0	7.50114392445e-06	0.000165025166338	3.75057196222e-06	0	0	0.000183778026149
0.000465070923316	0.00318048502397	0.00505577100508	0	0.000480073211165	3.375514766e-05	0.000566336366296	0.00234410747639	0.0015489862204	0.00151148050078	0.00176276882225	0.0118593085446	6.751029532e-05	0.0122193634529	0.000393810056034	3.00045756978e-05	0.000273791753242	0.00350303421272	0.00597466113582	0.00911013929624	0.000258789465393	0.000836377547576	0.000487574355089	0.00230285118481	0.000551334078447	0.000322549188751	0.0631521306999	0.0269178549729	0.00176276882225	0.000198780313998	0.000757615536369	0.00531831104243	3.75057196222e-05	3.75057196222e-06	0.00580213482556	3.75057196222e-06	0.00447443235093	2.25034317733e-05	0	6.37597233578e-05	0	0	7.50114392445e-06	1.12517158867e-05	0.00158649194002	1.87528598111e-05	0.00023628603362	7.50114392445e-06	0.0043094071846	0.0001687757383	0	0.000195029742036	0.00047257206724	0.000390059484071	0.00129769789893	3.375514766e-05	9.37642990556e-05	0.000768867252256	0.000352553764449	0.000975148710178	0.00923015759903	0.00880259239534	0.0100927891503	0.000525080074711	0.000427565203694	7.12608672823e-05	0.00137645991014	3.375514766e-05	3.375514766e-05	0.00091138898682	0.0106853795204	0.00168400681104	0.0121293497258	0.00340926991366	0.00172526310262	9.00137270934e-05	4.87574355089e-05	0.00153023336059	0.00162024708768	0.000596340941994	0.000378807768185	0	0	3.375514766e-05
0.00154523564844	0.0195404799232	0.0149197752657	0	0.00013502059064	4.87574355089e-05	0.000832626975614	0.00349553306879	0.00141396562976	0.00514578473217	0.000832626975614	0.0018565331213	2.62540037356e-05	0.00475947582006	0.000611343229843	2.62540037356e-05	0.00243037063152	0.0119418211277	0.0005063272149	0.00439942091169	7.50114392445e-06	0.00193529513251	0.00846129034678	0.0123018760361	0.00307546900902	0.00136145762229	0.0269178549729	0.0951370083938	0.00279042553989	0.000648848949465	0.00240786719975	0.00064134780554	6.37597233578e-05	3.75057196222e-06	0.00687479840676	1.12517158867e-05	0.0161762168731	8.62631551312e-05	0	7.50114392445e-05	0	0	7.50114392445e-06	6.00091513956e-05	0.00200655599979	6.751029532e-05	0.000146272306527	7.50114392445e-06	0.00357804565196	0.000333800904638	0	0.000840128119538	0.000858880979349	0.000258789465393	0.000900137270934	8.62631551312e-05	0.000153773450451	0.00288418983895	0.00103890843354	0.00141771620172	0.00755365193192	0.0064734872068	0.0182615348841	0.000900137270934	0.000678853525163	0.000112517158867	0.00169150795496	9.37642990556e-05	6.00091513956e-05	0.00125269103538	0.0135583176434	0.00126769332323	0.0120243337109	0.00518704102376	0.000787620112067	0.000468821495278	0.000281292897167	0.00440692205561	0.00414438201826	0.00116267730829	0.00112517158867	0	0	5.25080074711e-05
0.00170275967085	0.000243787177545	0.00425314860516	0	0.00274166810439	0.000480073211165	0.00671352381238	0.0336763856488	0.0105616106456	0.00588464740873	0.0105316060699	0.000948894706443	0.00142896791761	0.0010426590055	0.00657100207782	0.000881384411123	0.00140646448583	0.0010726635812	8.62631551312e-05	0.000375057196222	0.000855130407387	0.00786119883282	0.000806372971878	0.00576462910594	0.0135283130677	0	0.00176276882225	0.00279042553989	0.06890550809	0.0044481783472	0.00573462453024	0.000131270018678	0.000228784889696	0.000637597233578	0.00563710965922	3.75057196222e-06	0.00091138898682	0.000146272306527	0	0.00113267273259	0	0	3.75057196222e-06	7.50114392445e-06	0.0038518374052	7.50114392445e-05	2.62540037356e-05	2.62540037356e-05	1.50022878489e-05	7.50114392445e-05	0.000390059484071	7.50114392445e-05	0.000172526310262	0	6.37597233578e-05	0.000952645278405	4.12562915845e-05	0.00123768874753	0.000330050332676	0.00419313945377	4.12562915845e-05	0.000217533173809	0.000993901569989	0.00064134780554	0.00010126544298	0.000105016014942	3.75057196222e-06	7.50114392445e-06	0	0.000318798616789	0.00848004320659	0.000345052620525	0.00869382580844	0.00343927448936	0.00123393817557	0.00273791753242	2.25034317733e-05	0.00106891300923	0.00105766129335	0.000172526310262	0.000378807768185	0.000453819207429	0	0
0.00639097462363	0.000123768874753	0.000165025166338	0	0.000341302048562	2.25034317733e-05	0.00037130662426	0.00492075041444	0.000633846661616	0.00047257206724	0.000341302048562	0.000645098377503	0.000232535461658	0.000615093801805	0.00597091056386	0.000165025166338	0	0.0013502059064	2.25034317733e-05	6.751029532e-05	0.000176276882225	0.001488977069	0	0.000258789465393	0.00158649194002	0	0.000198780313998	0.000648848949465	0.0044481783472	0.0189703929849	0.00265915552122	3.75057196222e-06	0.000105016014942	0.00145522192134	0.00380683054166	0	0.000138771162602	0	0	1.50022878489e-05	0	0	0	0	7.50114392445e-06	0	0	3.75057196222e-06	1.12517158867e-05	0	0	0	1.50022878489e-05	0	1.87528598111e-05	1.50022878489e-05	0	0	3.75057196222e-06	1.87528598111e-05	1.50022878489e-05	2.62540037356e-05	0.000142521734565	3.75057196222e-06	0	0	3.75057196222e-06	0	0	1.12517158867e-05	9.37642990556e-05	3.00045756978e-05	0.00160899537179	0.000165025166338	3.75057196222e-05	5.25080074711e-05	0	3.75057196222e-06	0	1.12517158867e-05	3.75057196222e-06	0	0	0
0.00590340026854	0.0001687757383	0.00295920127819	0	4.50068635467e-05	0	0.000318798616789	0.00942893791303	0.00267415780907	0.000146272306527	0.000318798616789	0.000251288321469	7.87620112067e-05	5.25080074711e-05	0.00145897249331	8.62631551312e-05	5.62585794334e-05	0.00548708678073	0	0.000435066347618	3.75057196222e-06	0.0142559240284	3.75057196222e-06	0.00668351923668	0.000521329502749	0	0.000757615536369	0.00240786719975	0.00573462453024	0.00265915552122	0.0340889485647	0	7.50114392445e-06	0.000116267730829	0.00864881894489	0	0.00023628603362	3.75057196222e-06	0	0	0	0	0	0	7.50114392445e-06	0	0	0	7.50114392445e-06	0	0	0	3.75057196222e-05	0	7.12608672823e-05	0	3.75057196222e-06	0	1.50022878489e-05	7.50114392445e-06	7.50114392445e-06	6.751029532e-05	0.000206281457922	0	0	0	0	0	0	1.87528598111e-05	0.00030379632894	9.37642990556e-05	0.00461320351354	0.000277542325205	9.75148710178e-05	8.25125831689e-05	0	3.75057196222e-06	0	2.25034317733e-05	1.50022878489e-05	0	0	0
3.75057196222e-06	2.25034317733e-05	1.87528598111e-05	0	1.50022878489e-05	3.75057196222e-06	1.87528598111e-05	0.000108766586905	2.62540037356e-05	2.25034317733e-05	0.000112517158867	0.00132770247463	0	0.00404311657528	1.50022878489e-05	3.75057196222e-06	4.50068635467e-05	3.00045756978e-05	0.00132770247463	0.000498826070976	3.75057196222e-06	4.50068635467e-05	3.75057196222e-05	7.12608672823e-05	5.62585794334e-05	0	0.00531831104243	0.00064134780554	0.000131270018678	3.75057196222e-06	0	0.00543832934523	0	0	0.000243787177545	0	3.375514766e-05	0	0	1.12517158867e-05	0	0	0	0	1.50022878489e-05	0	3.75057196222e-05	0	0.000592590370031	0	0	3.00045756978e-05	1.12517158867e-05	7.50114392445e-05	1.12517158867e-05	0	1.12517158867e-05	7.12608672823e-05	3.375514766e-05	3.375514766e-05	0.00109516701297	0.00127144389519	0.00116642788025	4.50068635467e-05	0	0	0.000138771162602	0	0	1.50022878489e-05	0.000873883267198	0.000390059484071	0.000690105241049	0.000213782601847	0.00010126544298	7.50114392445e-06	0	7.50114392445e-05	4.12562915845e-05	2.25034317733e-05	3.75057196222e-06	0	0	0
4.12562915845e-05	0	2.62540037356e-05	0	9.37642990556e-05	0.00220158574183	0.00446693120701	0.000255038893431	0.00194654684839	0.000232535461658	0.000315048044827	0.000352553764449	0.000427565203694	0.000558835222371	0.000487574355089	0.00070885810086	1.12517158867e-05	2.25034317733e-05	0	3.75057196222e-06	9.75148710178e-05	1.87528598111e-05	3.75057196222e-06	3.00045756978e-05	0.000232535461658	0	3.75057196222e-05	6.37597233578e-05	0.000228784889696	0.000105016014942	7.50114392445e-06	0	0.005262052463	3.75057196222e-06	0.000491324927051	0	1.50022878489e-05	0	0	5.25080074711e-05	0	0	0	0	2.62540037356e-05	0	0	3.75057196222e-06	0	1.12517158867e-05	0	3.75057196222e-06	0	0	3.75057196222e-06	2.62540037356e-05	0	7.50114392445e-06	3.75057196222e-06	0.00020253088596	0	1.12517158867e-05	3.00045756978e-05	0.000146272306527	4.87574355089e-05	7.50114392445e-06	0	3.75057196222e-06	3.75057196222e-06	6.37597233578e-05	0.0005063272149	1.50022878489e-05	0.000210032029885	7.12608672823e-05	0.00125269103538	0.000663851237314	0	4.87574355089e-05	3.00045756978e-05	7.50114392445e-06	0	0	0	0
1.12517158867e-05	0	0	0	3.00045756978e-05	3.75057196222e-06	1.12517158867e-05	0.000191279170073	3.375514766e-05	9.37642990556e-05	0	3.75057196222e-06	5.25080074711e-05	0	0.000225034317733	4.50068635467e-05	0	2.25034317733e-05	0	3.75057196222e-06	1.50022878489e-05	0.000390059484071	0	6.37597233578e-05	0.000206281457922	0	3.75057196222e-06	3.75057196222e-06	0.000637597233578	0.00145522192134	0.000116267730829	0	3.75057196222e-06	0.00195779856428	0.00057383751022	0	0	0	0	0	0	0	0	0	0	0	0	0	0	0	0	0	0	0	0	0	0	0	0	0	0	0	0	0	0	0	0	0	0	0	0	0	0.000131270018678	0	0	0	0	0	0	0	0	0	0	0
