0.0261015997755	3.89808837746e-05	0.00140331181589	0	0.000311847070197	1.94904418873e-05	0.00050675148907	0.00782736146194	0.00460364237378	0.000109146474569	0.000323541335329	0.000113044562946	0.000187108242118	4.67770605295e-05	0.0134834876976	0.000116942651324	0.000167617800231	0.000639286493903	3.89808837746e-06	0.000191006330496	0.000241681479403	0.00244410141267	9.74522094365e-05	0.00392147690772	0.00145788505317	3.89808837746e-06	0.000393706926123	0.000327439423707	0.00514157856987	0.0136978825584	0.0119710294072	0	8.18598559267e-05	0.00479464870428	0.00426061059656	7.40636791717e-05	3.89808837746e-05	2.33885302648e-05	0	0.000144229269966	0	3.11847070197e-05	0.000167617800231	0.000128636916456	0.00100570680138	0.000116942651324	3.89808837746e-06	5.45732372844e-05	3.89808837746e-06	0.000105248386191	0	7.79617675492e-05	1.16942651324e-05	0	3.89808837746e-06	6.23694140394e-05	2.33885302648e-05	0.000183210153741	7.79617675492e-05	0.00100570680138	3.89808837746e-06	1.16942651324e-05	8.57579443041e-05	0.000265070009667	6.62675024168e-05	1.16942651324e-05	0	0	0	1.55923535098e-05	0.000541834284467	0.000218292949138	0.00148906976019	0.000627592228771	0.000163719711853	8.18598559267e-05	1.94904418873e-05	0.000128636916456	2.72866186422e-05	3.89808837746e-05	2.33885302648e-05	4.67770605295e-05	1.16942651324e-05	0
3.89808837746e-05	0.017401066517	0.00168007609069	0	0	7.79617675492e-06	1.16942651324e-05	1.16942651324e-05	3.50827953971e-05	0.000576917079864	0	0.000113044562946	3.89808837746e-06	0.00019880250725	4.67770605295e-05	3.89808837746e-06	0.000374216484236	0.00102909533165	1.94904418873e-05	0.000756229145227	0	0.000124738828079	0.00283391025041	0.000787413852247	0.000456076340163	0.00113824180622	0.00369148969345	0.010895157015	7.79617675492e-05	0.000116942651324	0.000148127358343	2.33885302648e-05	0	7.79617675492e-05	0.000596407521751	7.79617675492e-06	0.00728162908909	0.00193345183522	0	1.94904418873e-05	0	1.55923535098e-05	1.55923535098e-05	1.16942651324e-05	0.000152025446721	1.55923535098e-05	0.000113044562946	1.94904418873e-05	5.84713256619e-05	1.16942651324e-05	0	0.000249477656157	0.000888764150061	5.84713256619e-05	0.000370318395859	7.79617675492e-06	6.62675024168e-05	0.000639286493903	0.000756229145227	0.000152025446721	5.84713256619e-05	0.00145008887642	0.00661115788817	3.89808837746e-05	1.55923535098e-05	4.28789721521e-05	3.89808837746e-06	0	3.89808837746e-06	0.000378114572614	0.000537936196089	0.00049115913556	0.000374216484236	0.000187108242118	8.96560326816e-05	3.89808837746e-06	0	0.000385910749369	0.000541834284467	0.000382012660991	9.3554121059e-05	2.72866186422e-05	7.79617675492e-06	7.79617675492e-06
0.00140331181589	0.00168007609069	0.0457518632862	0	7.79617675492e-06	3.89808837746e-06	6.23694140394e-05	0.000288458539932	0.000436585898275	8.96560326816e-05	3.89808837746e-06	0.000148127358343	1.16942651324e-05	0.000101350297814	0.00104858577354	6.23694140394e-05	0.000265070009667	0.00997131006954	3.89808837746e-05	0.0024557956778	1.16942651324e-05	0.00234275111485	0.000417095456388	0.0196151807154	0.000265070009667	8.18598559267e-05	0.0110315901082	0.0176271556429	0.000787413852247	0.00217123522625	0.00385520940531	1.55923535098e-05	1.55923535098e-05	0.00112264945271	0.00353556615836	3.89808837746e-05	0.00269357906882	0.00166838182555	0	1.16942651324e-05	0	1.55923535098e-05	6.23694140394e-05	3.50827953971e-05	0.00022998721427	2.33885302648e-05	4.67770605295e-05	1.94904418873e-05	7.79617675492e-06	5.45732372844e-05	0	0.00135653475536	0.000756229145227	1.55923535098e-05	0.000194904418873	1.55923535098e-05	0.000397605014501	0.00310287834846	0.00245969376618	0.000237783391025	2.72866186422e-05	0.000471668693673	0.00502463591855	8.18598559267e-05	5.0675148907e-05	8.57579443041e-05	0	0	7.79617675492e-06	0.000561324726354	0.00383571896342	0.00329388467895	0.00367199925157	0.00191006330496	0.000179312065363	1.94904418873e-05	2.72866186422e-05	0.000643184582281	0.000549630461222	0.000452178251785	0.000155923535098	4.28789721521e-05	1.16942651324e-05	0
0	0	0	0	0	0	0	0	0	0	0	0	0	0	0	0	0	0	0	0	0	0	0	0	0	0	0	0	0	0	0	0	0	0	0	0	0	0	0	0	0	0	0	0	0	0	0	0	0	0	0	0	0	0	0	0	0	0	0	0	0	0	0	0	0	0	0	0	0	0	0	0	0	0	0	0	0	0	0	0	0	0	0	0
0.000311847070197	0	7.79617675492e-06	0	0.0198061870459	1.55923535098e-05	0.00168007609069	0.00172685315121	0.00164889138367	0.000576917079864	0.000787413852247	8.57579443041e-05	0.00357454704213	3.11847070197e-05	0.00127857298781	0.00124349019241	7.79617675492e-06	0	3.89808837746e-06	7.79617675492e-06	0.00734399850313	4.28789721521e-05	7.79617675492e-06	3.50827953971e-05	0.0119671313188	0	3.11847070197e-05	3.11847070197e-05	0.00496226650451	0.00137992328562	4.67770605295e-05	0	6.23694140394e-05	0.000343031777216	0.00105248386191	7.40636791717e-05	0	0	0	0.00451788442948	0	0.000686063554433	0.000222191037515	0.000218292949138	0.00127857298781	0.00172295506284	1.55923535098e-05	0.00154364299747	0	0.000175413976986	3.11847070197e-05	7.79617675492e-06	0	0	7.79617675492e-06	0.00274425421773	3.89808837746e-06	1.16942651324e-05	3.89808837746e-06	0.00140720990426	3.89808837746e-06	3.89808837746e-06	7.79617675492e-06	0.00126687872267	9.74522094365e-05	7.79617675492e-06	0	0	3.89808837746e-06	7.79617675492e-05	0.000218292949138	1.94904418873e-05	0.000573018991487	0.000187108242118	0.000354726042349	3.89808837746e-05	3.89808837746e-06	8.96560326816e-05	2.33885302648e-05	8.57579443041e-05	2.72866186422e-05	7.79617675492e-05	1.55923535098e-05	0
1.94904418873e-05	7.79617675492e-06	3.89808837746e-06	0	1.55923535098e-05	0.00479464870428	0.00262341347803	3.89808837746e-05	0.00110315901082	5.0675148907e-05	4.28789721521e-05	3.11847070197e-05	5.0675148907e-05	2.33885302648e-05	0.000343031777216	0.000923846945458	0	3.89808837746e-06	0	0	2.33885302648e-05	0	7.79617675492e-06	3.89808837746e-06	3.89808837746e-05	0	1.16942651324e-05	0	5.84713256619e-05	0.000510649577447	1.16942651324e-05	0	0.00139941372751	7.79617675492e-06	0.000448280163408	3.89808837746e-06	0	0	0	3.89808837746e-06	0	0	0	0	1.16942651324e-05	0	0	0	0	0	0	3.89808837746e-06	0	0	0	0	0	0	0	1.16942651324e-05	0	0	0	0	3.89808837746e-06	0	0	0	0	0	0.000304050893442	1.55923535098e-05	0.000109146474569	2.72866186422e-05	0.00149296784857	0.000518445754202	3.89808837746e-06	3.89808837746e-06	0	3.89808837746e-06	3.89808837746e-06	0	0	0
0.00050675148907	1.16942651324e-05	6.23694140394e-05	0	0.00168007609069	0.00262341347803	0.0376672279914	0.00355115851187	0.0170736270933	0.000288458539932	0.00643964199956	0.000284560451555	0.00718417687966	0.000237783391025	0.00455296722487	0.0038396170518	2.72866186422e-05	2.33885302648e-05	1.55923535098e-05	1.94904418873e-05	0.00277543892475	9.3554121059e-05	2.33885302648e-05	0.000148127358343	0.00239342626376	3.89808837746e-06	8.96560326816e-05	4.28789721521e-05	0.00508700533258	0.00442043222004	0.000327439423707	3.89808837746e-06	0.00191785948171	0.000354726042349	0.00309118408333	1.94904418873e-05	0	0	0	0.000155923535098	0	3.89808837746e-05	6.23694140394e-05	5.84713256619e-05	0.000405401191256	9.74522094365e-05	3.89808837746e-06	7.01655907943e-05	3.89808837746e-06	3.11847070197e-05	3.89808837746e-06	3.89808837746e-06	0	0	0	8.96560326816e-05	0	1.16942651324e-05	3.89808837746e-06	0.000456076340163	2.33885302648e-05	0	3.89808837746e-06	8.96560326816e-05	2.72866186422e-05	3.89808837746e-06	0	3.89808837746e-06	0	1.55923535098e-05	0.000795210029002	0.000136433093211	0.00158652196963	0.000315745158574	0.00127077681105	0.000268968098045	0.000101350297814	1.55923535098e-05	3.89808837746e-06	2.72866186422e-05	2.72866186422e-05	1.16942651324e-05	3.89808837746e-06	0
0.00782736146194	1.16942651324e-05	0.000288458539932	0	0.00172685315121	3.89808837746e-05	0.00355115851187	0.0450463092899	0.00823666074157	0.00045997442854	0.00439704368977	0.000253375744535	0.000553528549599	0.000116942651324	0.00813920853214	0.000226089125893	8.96560326816e-05	0.000109146474569	1.94904418873e-05	4.28789721521e-05	0.000647082670658	0.00151635637883	7.40636791717e-05	0.00155533726261	0.00504802444881	3.89808837746e-06	0.000163719711853	0.000148127358343	0.0231780334924	0.00776109395952	0.00773380734088	7.79617675492e-06	0.000128636916456	0.00373436866561	0.00470499267159	0.00021439486076	7.79617675492e-06	3.89808837746e-06	0	0.00156313343936	0	0.000452178251785	0.000658776935791	0.000526241930957	0.00428789721521	0.00100570680138	1.55923535098e-05	0.000604203698506	3.89808837746e-06	0.000424891633143	1.16942651324e-05	2.33885302648e-05	0	3.89808837746e-06	7.79617675492e-06	0.000838089001154	1.16942651324e-05	0.000105248386191	7.79617675492e-06	0.00475176973212	2.33885302648e-05	7.79617675492e-06	1.94904418873e-05	0.00100180871301	0.000257273832912	1.16942651324e-05	0	0	1.16942651324e-05	5.84713256619e-05	0.00106028003867	0.000152025446721	0.00244799950104	0.000904356503571	0.000354726042349	0.000191006330496	3.11847070197e-05	0.000163719711853	3.11847070197e-05	0.000140331181589	3.89808837746e-05	0.000113044562946	1.16942651324e-05	7.79617675492e-06
0.00460364237378	3.50827953971e-05	0.000436585898275	0	0.00164889138367	0.00110315901082	0.0170736270933	0.00823666074157	0.0466796083201	0.000194904418873	0.00532868681199	0.000619796052016	0.00260392303614	0.000343031777216	0.0204142888328	0.00106028003867	0.000113044562946	0.000187108242118	5.0675148907e-05	9.3554121059e-05	0.00183210153741	0.000877069884928	3.89808837746e-05	0.00137602519724	0.00326659806031	2.72866186422e-05	0.000296254716687	0.000194904418873	0.00830682633237	0.0109848130477	0.0039253749961	1.16942651324e-05	0.00216343904949	0.0024207128824	0.00606152742695	0.000120840739701	1.16942651324e-05	7.79617675492e-06	0	0.000327439423707	3.89808837746e-06	0.000101350297814	0.000194904418873	0.000155923535098	0.00120840739701	0.000171515888608	1.16942651324e-05	9.74522094365e-05	1.16942651324e-05	0.000116942651324	3.89808837746e-06	3.89808837746e-05	0	3.89808837746e-06	0	0.000136433093211	7.79617675492e-06	0.000101350297814	3.11847070197e-05	0.0013487385786	3.11847070197e-05	1.16942651324e-05	4.67770605295e-05	0.000311847070197	0.000105248386191	1.55923535098e-05	0	0	0	2.72866186422e-05	0.00117332460162	0.000249477656157	0.00271696759909	0.000639286493903	0.00045997442854	0.000268968098045	0.000101350297814	7.40636791717e-05	1.55923535098e-05	7.40636791717e-05	3.89808837746e-05	4.28789721521e-05	1.94904418873e-05	1.55923535098e-05
0.000109146474569	0.000576917079864	8.96560326816e-05	0	0.000576917079864	5.0675148907e-05	0.000288458539932	0.00045997442854	0.000194904418873	0.0136082265257	5.45732372844e-05	7.79617675492e-06	0.00196463654224	0	0.000210496772383	0.00130585960645	0.000374216484236	2.72866186422e-05	0	7.79617675492e-06	0.00106807621542	0.000132535004834	0.00221801228677	0.000140331181589	0.0056717185892	3.89808837746e-05	4.67770605295e-05	0.000346929865594	0.00109926092244	0.000514547665825	0.000346929865594	0	1.16942651324e-05	0.000452178251785	0.000725044438208	0.000163719711853	0.000124738828079	7.79617675492e-06	0	0.000557426637977	7.79617675492e-06	0.000171515888608	0.000257273832912	0.000140331181589	0.00324710761842	0.000191006330496	7.79617675492e-06	0.000378114572614	0	0.000167617800231	1.94904418873e-05	7.40636791717e-05	3.89808837746e-06	0	1.16942651324e-05	0.000343031777216	3.11847070197e-05	0.000350827953971	4.28789721521e-05	0.00242461097078	2.33885302648e-05	1.16942651324e-05	0.000101350297814	0.000420993544766	0.000124738828079	3.50827953971e-05	0	0	7.79617675492e-06	3.89808837746e-05	0.00072114634983	3.50827953971e-05	0.000280662363177	0.000128636916456	0.00129416534132	1.94904418873e-05	0	0.000187108242118	3.89808837746e-05	6.23694140394e-05	7.79617675492e-06	5.0675148907e-05	7.79617675492e-06	0
0.000323541335329	0	3.89808837746e-06	0	0.000787413852247	4.28789721521e-05	0.00643964199956	0.00439704368977	0.00532868681199	5.45732372844e-05	0.0197750023389	0.000120840739701	0.00220631802164	5.45732372844e-05	0.0017814263885	0.000346929865594	1.16942651324e-05	7.79617675492e-06	3.89808837746e-06	1.55923535098e-05	0.00105638195029	3.11847070197e-05	7.79617675492e-06	7.40636791717e-05	0.00105248386191	3.89808837746e-06	4.67770605295e-05	1.16942651324e-05	0.00718807496804	0.00175413976986	9.74522094365e-05	0	4.28789721521e-05	0.000284560451555	0.00124738828079	7.79617675492e-06	0	0	0	0.000132535004834	0	4.67770605295e-05	2.33885302648e-05	2.72866186422e-05	0.000265070009667	7.01655907943e-05	0	8.57579443041e-05	0	1.55923535098e-05	7.79617675492e-06	0	0	0	0	0.000101350297814	0	3.89808837746e-06	0	0.000284560451555	3.89808837746e-06	0	0	5.45732372844e-05	1.16942651324e-05	0	0	0	0	0	0.00026117192129	5.45732372844e-05	0.000686063554433	0.000159821623476	0.000105248386191	2.33885302648e-05	1.94904418873e-05	1.55923535098e-05	0	3.89808837746e-06	0	1.16942651324e-05	0	0
0.000113044562946	0.000113044562946	0.000148127358343	0	8.57579443041e-05	3.11847070197e-05	0.000284560451555	0.000253375744535	0.000619796052016	7.79617675492e-06	0.000120840739701	0.0285612935416	0.000253375744535	0.00504022827206	0.00164109520691	6.62675024168e-05	3.11847070197e-05	0.000335235600462	0.0046348270808	0.00359403748402	0.000148127358343	0.000105248386191	1.16942651324e-05	0.000202700595628	0.000179312065363	0.001383821374	0.0110354881966	0.00201920977952	0.000358624130726	0.00344980821405	0.000175413976986	0.000810802382512	0.000343031777216	0.000311847070197	0.0080417563227	1.94904418873e-05	0.000155923535098	5.45732372844e-05	0	1.55923535098e-05	0	3.89808837746e-06	7.79617675492e-06	1.16942651324e-05	8.18598559267e-05	1.94904418873e-05	0.000853681354664	0	0.000880967973306	1.94904418873e-05	0	1.94904418873e-05	3.89808837746e-05	8.96560326816e-05	0.000128636916456	7.79617675492e-06	7.79617675492e-06	2.72866186422e-05	3.11847070197e-05	7.79617675492e-05	0.000510649577447	0.000678267377678	0.000428789721521	3.11847070197e-05	1.55923535098e-05	7.79617675492e-06	7.79617675492e-06	0	3.89808837746e-06	0.000109146474569	0.000323541335329	0.000958929740855	0.00143059843453	0.00019880250725	1.94904418873e-05	1.55923535098e-05	0.000163719711853	5.0675148907e-05	0.00107587239218	0.00019880250725	7.79617675492e-06	7.79617675492e-06	0	0.000272866186422
0.000187108242118	3.89808837746e-06	1.16942651324e-05	0	0.00357454704213	5.0675148907e-05	0.00718417687966	0.000553528549599	0.00260392303614	0.00196463654224	0.00220631802164	0.000253375744535	0.0278323510151	9.74522094365e-05	0.00179701874201	0.0047556678205	7.79617675492e-06	7.79617675492e-06	3.50827953971e-05	3.11847070197e-05	0.00974522094365	1.55923535098e-05	7.79617675492e-06	1.94904418873e-05	0.00397215205663	0	9.3554121059e-05	3.89808837746e-05	0.0019373499236	0.00226089125893	6.23694140394e-05	3.89808837746e-06	0.000155923535098	0.000175413976986	0.00161380858827	4.67770605295e-05	3.89808837746e-06	1.16942651324e-05	0	0.000350827953971	1.55923535098e-05	0.00224140081704	9.74522094365e-05	0.00104468768516	0.000397605014501	0.00240901861727	9.3554121059e-05	0.00525852122119	2.33885302648e-05	0.000619796052016	0.000116942651324	7.79617675492e-06	7.79617675492e-06	3.89808837746e-06	2.33885302648e-05	0.00201920977952	3.89808837746e-06	0	7.79617675492e-06	0.000417095456388	1.16942651324e-05	1.16942651324e-05	3.11847070197e-05	0.000140331181589	0.000272866186422	0	0	7.79617675492e-06	0	0.00019880250725	0.000323541335329	7.40636791717e-05	0.000791311940624	0.000155923535098	0.00111485327595	3.50827953971e-05	3.11847070197e-05	0.000210496772383	6.23694140394e-05	0.000362522219104	7.40636791717e-05	0.000608101786884	7.79617675492e-05	1.16942651324e-05
4.67770605295e-05	0.00019880250725	0.000101350297814	0	3.11847070197e-05	2.33885302648e-05	0.000237783391025	0.000116942651324	0.000343031777216	0	5.45732372844e-05	0.00504022827206	9.74522094365e-05	0.0172607353354	0.000448280163408	3.50827953971e-05	1.94904418873e-05	8.96560326816e-05	0.000393706926123	0.000300152805064	5.84713256619e-05	0.000109146474569	1.16942651324e-05	0.000300152805064	0.000113044562946	0.00394876352637	0.00367589733994	0.00424501824305	0.000187108242118	0.00096672591761	8.96560326816e-05	0.00224140081704	0.000120840739701	0.000187108242118	0.00162940094178	1.94904418873e-05	0.000183210153741	3.50827953971e-05	0	7.79617675492e-06	0	3.89808837746e-06	2.72866186422e-05	1.94904418873e-05	6.23694140394e-05	1.55923535098e-05	0.00146178314155	1.55923535098e-05	0.00170346462095	3.11847070197e-05	0	3.89808837746e-06	3.11847070197e-05	0.000155923535098	0.000163719711853	1.55923535098e-05	1.16942651324e-05	3.89808837746e-05	7.79617675492e-06	3.50827953971e-05	0.00102519724327	0.00076792341036	0.000502853400692	1.16942651324e-05	1.94904418873e-05	3.89808837746e-06	1.16942651324e-05	0	0	0.000257273832912	0.000405401191256	0.000623694140394	0.00160211432314	0.0009511335641	2.33885302648e-05	0.000171515888608	0.000393706926123	4.67770605295e-05	0.00176973212337	0.000339133688839	1.94904418873e-05	1.94904418873e-05	7.79617675492e-06	0.00044438207503
0.0134834876976	4.67770605295e-05	0.00104858577354	0	0.00127857298781	0.000343031777216	0.00455296722487	0.00813920853214	0.0204142888328	0.000210496772383	0.0017814263885	0.00164109520691	0.00179701874201	0.000448280163408	0.0489249072255	0.000619796052016	0.000179312065363	0.000615897963639	0.000128636916456	0.000304050893442	0.00145788505317	0.00185938815605	0.000109146474569	0.00297034334362	0.00351607571647	5.0675148907e-05	0.000732840614962	0.000424891633143	0.00838478809992	0.0288692425235	0.00933981975239	3.50827953971e-05	0.00272476377584	0.00922287710107	0.0138771946238	0.000194904418873	3.11847070197e-05	1.94904418873e-05	0	0.000272866186422	7.79617675492e-06	0.000101350297814	0.000284560451555	0.000226089125893	0.00167617800231	0.000167617800231	2.72866186422e-05	0.000105248386191	1.94904418873e-05	0.00022998721427	0	8.18598559267e-05	1.94904418873e-05	3.89808837746e-06	1.55923535098e-05	0.000120840739701	3.11847070197e-05	0.000202700595628	8.57579443041e-05	0.00174244550472	4.67770605295e-05	2.72866186422e-05	9.74522094365e-05	0.000417095456388	0.000159821623476	3.11847070197e-05	0	3.89808837746e-06	3.89808837746e-06	3.11847070197e-05	0.00182430536065	0.00050675148907	0.00467770605295	0.00132145195996	0.000424891633143	0.000268968098045	0.000136433093211	0.000171515888608	4.67770605295e-05	9.74522094365e-05	7.40636791717e-05	5.45732372844e-05	1.55923535098e-05	1.16942651324e-05
0.000116942651324	3.89808837746e-06	6.23694140394e-05	0	0.00124349019241	0.000923846945458	0.0038396170518	0.000226089125893	0.00106028003867	0.00130585960645	0.000346929865594	6.62675024168e-05	0.0047556678205	3.50827953971e-05	0.000619796052016	0.0121971185331	0.000124738828079	3.89808837746e-05	3.89808837746e-06	1.94904418873e-05	0.00231546449621	0.000424891633143	5.84713256619e-05	0.000795210029002	0.00166838182555	0	3.50827953971e-05	0.000124738828079	0.000791311940624	0.000900458415193	0.000202700595628	0	0.000144229269966	0.000253375744535	0.00105248386191	1.55923535098e-05	0	1.94904418873e-05	0	8.57579443041e-05	0	4.28789721521e-05	2.33885302648e-05	1.94904418873e-05	0.000265070009667	6.62675024168e-05	3.89808837746e-06	7.40636791717e-05	0	1.94904418873e-05	0	6.62675024168e-05	2.33885302648e-05	0	7.79617675492e-06	7.40636791717e-05	4.28789721521e-05	5.45732372844e-05	9.74522094365e-05	0.000241681479403	7.79617675492e-06	1.16942651324e-05	4.67770605295e-05	0.000159821623476	1.94904418873e-05	3.11847070197e-05	0	3.89808837746e-06	0	5.84713256619e-05	0.000643184582281	8.18598559267e-05	0.00172685315121	0.00172295506284	0.00425281441981	0.000113044562946	1.16942651324e-05	9.3554121059e-05	5.45732372844e-05	0.000152025446721	0.000136433093211	3.11847070197e-05	7.79617675492e-06	0
0.000167617800231	0.000374216484236	0.000265070009667	0	7.79617675492e-06	0	2.72866186422e-05	8.96560326816e-05	0.000113044562946	0.000374216484236	1.16942651324e-05	3.11847070197e-05	7.79617675492e-06	1.94904418873e-05	0.000179312065363	0.000124738828079	0.0206169894284	0.000152025446721	7.79617675492e-06	5.84713256619e-05	3.89808837746e-06	0.00308338790657	0.00463092899242	0.00548461034709	0.00708672467022	1.55923535098e-05	0.000113044562946	0.00292746437147	0.00312236879035	0.000608101786884	0.00096672591761	0	0	0.000549630461222	0.00133704431347	0.000179312065363	7.40636791717e-05	0.000113044562946	0	3.50827953971e-05	0	2.33885302648e-05	0.000409299279633	0.000144229269966	0.00198412698413	5.45732372844e-05	1.55923535098e-05	3.11847070197e-05	3.89808837746e-06	0.000155923535098	1.55923535098e-05	0.00575357844513	5.0675148907e-05	0	3.50827953971e-05	2.33885302648e-05	0.000346929865594	0.00367589733994	0.000900458415193	0.00310677643684	7.79617675492e-06	6.23694140394e-05	0.000331337512084	0.00101740106652	0.000105248386191	0.000307948981819	0	3.89808837746e-06	2.72866186422e-05	0.000378114572614	0.00133314622509	0.000366420307481	0.00114993607135	0.000635388405526	0.000202700595628	4.28789721521e-05	3.89808837746e-06	0.00134484049022	0.000728942526585	0.000448280163408	0.000171515888608	8.96560326816e-05	3.50827953971e-05	3.89808837746e-06
0.000639286493903	0.00102909533165	0.00997131006954	0	0	3.89808837746e-06	2.33885302648e-05	0.000109146474569	0.000187108242118	2.72866186422e-05	7.79617675492e-06	0.000335235600462	7.79617675492e-06	8.96560326816e-05	0.000615897963639	3.89808837746e-05	0.000152025446721	0.0313484267315	0.000167617800231	0.0107821124521	7.79617675492e-06	0.00311457261359	0.000124738828079	0.0113980104157	0.000155923535098	0.000179312065363	0.0110043034896	0.00604203698506	0.000284560451555	0.00148517167181	0.00309898026008	1.16942651324e-05	1.16942651324e-05	0.000900458415193	0.00541054666791	3.89808837746e-06	0.000916050768703	0.000588611344996	0	7.79617675492e-06	0	1.16942651324e-05	3.89808837746e-05	1.94904418873e-05	0.000105248386191	1.55923535098e-05	7.01655907943e-05	7.79617675492e-06	3.11847070197e-05	2.33885302648e-05	0	0.000187108242118	0.000292356628309	2.33885302648e-05	0.000241681479403	7.79617675492e-06	5.45732372844e-05	0.000327439423707	0.000362522219104	8.18598559267e-05	2.72866186422e-05	0.000565222814732	0.00153584682072	4.67770605295e-05	1.16942651324e-05	1.16942651324e-05	0	0	0	0.000152025446721	0.00208937537032	0.00189447095145	0.00305220319955	0.00137992328562	0.000116942651324	3.11847070197e-05	7.79617675492e-06	0.000202700595628	0.000343031777216	0.000194904418873	4.67770605295e-05	7.79617675492e-06	0	3.89808837746e-06
3.89808837746e-06	1.94904418873e-05	3.89808837746e-05	0	3.89808837746e-06	0	1.55923535098e-05	1.94904418873e-05	5.0675148907e-05	0	3.89808837746e-06	0.0046348270808	3.50827953971e-05	0.000393706926123	0.000128636916456	3.89808837746e-06	7.79617675492e-06	0.000167617800231	0.00867714472823	0.00418264882901	3.11847070197e-05	2.33885302648e-05	0	4.67770605295e-05	7.79617675492e-06	0.000284560451555	0.00523903077931	0.000666573112546	3.89808837746e-05	0.000288458539932	1.55923535098e-05	0.000105248386191	1.94904418873e-05	3.11847070197e-05	0.000908254591948	0	4.28789721521e-05	1.16942651324e-05	0	0	0	0	3.89808837746e-06	3.89808837746e-06	1.94904418873e-05	0	0.000249477656157	0	0.000183210153741	7.79617675492e-06	0	1.55923535098e-05	3.89808837746e-06	7.01655907943e-05	7.79617675492e-05	0	0	2.33885302648e-05	0	1.55923535098e-05	6.62675024168e-05	0.000304050893442	0.000171515888608	0	7.79617675492e-06	0	0	0	0	3.50827953971e-05	9.74522094365e-05	0.000222191037515	0.00019880250725	4.67770605295e-05	0	0	0	2.33885302648e-05	0.000194904418873	7.01655907943e-05	0	0	0	1.55923535098e-05
0.000191006330496	0.000756229145227	0.0024557956778	0	7.79617675492e-06	0	1.94904418873e-05	4.28789721521e-05	9.3554121059e-05	7.79617675492e-06	1.55923535098e-05	0.00359403748402	3.11847070197e-05	0.000300152805064	0.000304050893442	1.94904418873e-05	5.84713256619e-05	0.0107821124521	0.00418264882901	0.0268071537718	2.33885302648e-05	0.000635388405526	3.89808837746e-05	0.0018165091839	7.01655907943e-05	0.000561324726354	0.0185003274394	0.00498565503477	0.000152025446721	0.00076792341036	0.000701655907943	8.18598559267e-05	1.55923535098e-05	0.000315745158574	0.00481024105779	1.16942651324e-05	0.000701655907943	0.000401503102878	0	7.79617675492e-06	0	0	7.79617675492e-06	3.89808837746e-06	6.23694140394e-05	7.79617675492e-06	0.000428789721521	7.79617675492e-06	0.000179312065363	7.79617675492e-06	0	6.62675024168e-05	0.000241681479403	0.000140331181589	0.000580815168241	1.16942651324e-05	7.79617675492e-06	8.57579443041e-05	9.74522094365e-05	3.89808837746e-05	8.96560326816e-05	0.00136433093211	0.00129806342969	1.55923535098e-05	1.55923535098e-05	1.16942651324e-05	3.89808837746e-06	0	3.89808837746e-06	0.000140331181589	0.00134094240185	0.00183989771416	0.00152415255559	0.000596407521751	2.72866186422e-05	1.94904418873e-05	3.89808837746e-06	8.18598559267e-05	0.000666573112546	0.000191006330496	1.16942651324e-05	3.89808837746e-06	0	7.79617675492e-06
0.000241681479403	0	1.16942651324e-05	0	0.00734399850313	2.33885302648e-05	0.00277543892475	0.000647082670658	0.00183210153741	0.00106807621542	0.00105638195029	0.000148127358343	0.00974522094365	5.84713256619e-05	0.00145788505317	0.00231546449621	3.89808837746e-06	7.79617675492e-06	3.11847070197e-05	2.33885302648e-05	0.0160679202919	1.55923535098e-05	3.89808837746e-06	1.94904418873e-05	0.0064513362647	0	6.62675024168e-05	5.0675148907e-05	0.00295864907849	0.0019022671282	5.84713256619e-05	3.89808837746e-06	0.000113044562946	0.000265070009667	0.00142670034615	1.16942651324e-05	0	0	0	0.000331337512084	0	9.3554121059e-05	5.0675148907e-05	5.0675148907e-05	0.000389808837746	0.000171515888608	3.89808837746e-06	0.000155923535098	3.89808837746e-06	3.50827953971e-05	3.89808837746e-06	3.89808837746e-06	0	0	0	0.000241681479403	0	3.89808837746e-06	0	0.000424891633143	0	0	0	0.000152025446721	1.16942651324e-05	0	0	0	0	3.89808837746e-06	0.000315745158574	5.0675148907e-05	0.000725044438208	0.000171515888608	0.00052234384258	2.72866186422e-05	1.94904418873e-05	1.16942651324e-05	3.89808837746e-06	7.79617675492e-06	3.89808837746e-06	1.16942651324e-05	3.89808837746e-06	0
0.00244410141267	0.000124738828079	0.00234275111485	0	4.28789721521e-05	0	9.3554121059e-05	0.00151635637883	0.000877069884928	0.000132535004834	3.11847070197e-05	0.000105248386191	1.55923535098e-05	0.000109146474569	0.00185938815605	0.000424891633143	0.00308338790657	0.00311457261359	2.33885302648e-05	0.000635388405526	1.55923535098e-05	0.0557933389466	0.000541834284467	0.0337652415256	0.00148127358343	7.79617675492e-06	0.000947235475723	0.0018671843328	0.0116318957183	0.00520394798391	0.0200673589672	7.79617675492e-06	3.11847070197e-05	0.00349658527458	0.00830292824399	0.000124738828079	8.57579443041e-05	7.40636791717e-05	0	3.89808837746e-05	3.89808837746e-06	1.55923535098e-05	0.000218292949138	0.000101350297814	0.0012278978389	3.50827953971e-05	3.89808837746e-06	1.55923535098e-05	7.79617675492e-06	0.000132535004834	3.89808837746e-06	0.000678267377678	5.45732372844e-05	0	1.55923535098e-05	1.16942651324e-05	0.000148127358343	0.00164499329529	0.000350827953971	0.00110315901082	7.79617675492e-06	2.72866186422e-05	0.000218292949138	0.00045997442854	7.79617675492e-05	0.000113044562946	0	0	3.89808837746e-06	0.000101350297814	0.00339913306514	0.00106417812705	0.00746483924284	0.00349658527458	0.000904356503571	0.000343031777216	3.50827953971e-05	0.000436585898275	0.000148127358343	0.000171515888608	8.57579443041e-05	3.89808837746e-05	1.55923535098e-05	3.89808837746e-06
9.74522094365e-05	0.00283391025041	0.000417095456388	0	7.79617675492e-06	7.79617675492e-06	2.33885302648e-05	7.40636791717e-05	3.89808837746e-05	0.00221801228677	7.79617675492e-06	1.16942651324e-05	7.79617675492e-06	1.16942651324e-05	0.000109146474569	5.84713256619e-05	0.00463092899242	0.000124738828079	0	3.89808837746e-05	3.89808837746e-06	0.000541834284467	0.0135107743163	0.00134484049022	0.00452957869461	0.000113044562946	0.000191006330496	0.00268188480369	0.000818598559267	0.000354726042349	0.00052234384258	7.79617675492e-06	3.89808837746e-06	0.000335235600462	0.000857579443041	0.000140331181589	0.000120840739701	4.67770605295e-05	0	3.89808837746e-05	0	7.79617675492e-06	0.000194904418873	5.45732372844e-05	0.00152025446721	1.94904418873e-05	0	3.89808837746e-05	3.89808837746e-06	8.96560326816e-05	7.79617675492e-06	0.000608101786884	2.33885302648e-05	0	1.16942651324e-05	1.94904418873e-05	7.79617675492e-05	0.0017814263885	0.000194904418873	0.00104078959678	1.16942651324e-05	1.55923535098e-05	0.000191006330496	0.000420993544766	9.74522094365e-05	6.23694140394e-05	0	0	7.79617675492e-06	4.28789721521e-05	0.000826394736021	0.000233885302648	0.000518445754202	0.000323541335329	0.00022998721427	1.55923535098e-05	0	0.00019880250725	0.000113044562946	7.01655907943e-05	2.72866186422e-05	1.55923535098e-05	1.16942651324e-05	0
0.00392147690772	0.000787413852247	0.0196151807154	0	3.50827953971e-05	3.89808837746e-06	0.000148127358343	0.00155533726261	0.00137602519724	0.000140331181589	7.40636791717e-05	0.000202700595628	1.94904418873e-05	0.000300152805064	0.00297034334362	0.000795210029002	0.00548461034709	0.0113980104157	4.67770605295e-05	0.0018165091839	1.94904418873e-05	0.0337652415256	0.00134484049022	0.091757102317	0.00143449652291	2.72866186422e-05	0.00387080175882	0.0189836903982	0.00647082670658	0.00601085227804	0.0154247357096	1.16942651324e-05	4.67770605295e-05	0.00302101849253	0.00976081329716	0.000132535004834	0.000647082670658	0.00050675148907	0	4.67770605295e-05	0	4.28789721521e-05	0.000210496772383	0.000124738828079	0.00100960488976	7.40636791717e-05	3.11847070197e-05	7.01655907943e-05	1.16942651324e-05	0.000124738828079	1.16942651324e-05	0.00502463591855	0.00021439486076	7.79617675492e-06	4.67770605295e-05	3.50827953971e-05	0.00114603798297	0.00877459693766	0.00337964262326	0.00162940094178	3.89808837746e-05	0.000128636916456	0.00219462375651	0.000588611344996	9.3554121059e-05	0.000370318395859	0	0	3.89808837746e-06	0.00045997442854	0.00961658402719	0.00467770605295	0.0144736021455	0.00845105560233	0.00191785948171	0.000537936196089	7.01655907943e-05	0.00155143917423	0.000795210029002	0.000678267377678	0.000370318395859	0.000120840739701	4.67770605295e-05	7.79617675492e-06
0.00145788505317	0.000456076340163	0.000265070009667	0	0.0119671313188	3.89808837746e-05	0.00239342626376	0.00504802444881	0.00326659806031	0.0056717185892	0.00105248386191	0.000179312065363	0.00397215205663	0.000113044562946	0.00351607571647	0.00166838182555	0.00708672467022	0.000155923535098	7.79617675492e-06	7.01655907943e-05	0.0064513362647	0.00148127358343	0.00452957869461	0.00143449652291	0.0513923971684	2.33885302648e-05	0.000152025446721	0.000834190912776	0.016987869149	0.00565222814732	0.00293136245985	0	0.000109146474569	0.00382012660991	0.0063811706739	0.000841987089531	8.57579443041e-05	8.18598559267e-05	0	0.00221021611002	7.79617675492e-06	0.000498955312315	0.00145008887642	0.000779617675492	0.00926575607322	0.000880967973306	3.89808837746e-05	0.000838089001154	7.79617675492e-06	0.000783515763869	6.62675024168e-05	0.000362522219104	1.94904418873e-05	0	2.33885302648e-05	0.000896560326816	0.000116942651324	0.00134094240185	0.000191006330496	0.00964387064584	3.50827953971e-05	4.28789721521e-05	0.000136433093211	0.0021439486076	0.000576917079864	0.000159821623476	0	3.89808837746e-06	8.18598559267e-05	0.000265070009667	0.00207768110519	0.000319643246952	0.00267019053856	0.0011421398946	0.00111485327595	0.000136433093211	1.94904418873e-05	0.00098231827112	0.000249477656157	0.000374216484236	8.18598559267e-05	0.000272866186422	3.89808837746e-05	3.89808837746e-06
3.89808837746e-06	0.00113824180622	8.18598559267e-05	0	0	0	3.89808837746e-06	3.89808837746e-06	2.72866186422e-05	3.89808837746e-05	3.89808837746e-06	0.001383821374	0	0.00394876352637	5.0675148907e-05	0	1.55923535098e-05	0.000179312065363	0.000284560451555	0.000561324726354	0	7.79617675492e-06	0.000113044562946	2.72866186422e-05	2.33885302648e-05	0.0138304175632	0.00446331119219	0.00634218979013	1.16942651324e-05	7.79617675492e-05	1.94904418873e-05	0.00047556678205	7.79617675492e-06	7.79617675492e-06	0.000272866186422	0	0.00175803785823	0.000175413976986	0	0	0	7.79617675492e-06	0	1.16942651324e-05	3.89808837746e-06	1.16942651324e-05	0.00138771946238	7.79617675492e-06	0.00173464932797	1.94904418873e-05	0	2.72866186422e-05	0.000144229269966	0.000257273832912	0.000682165466055	1.16942651324e-05	7.79617675492e-06	3.89808837746e-05	4.67770605295e-05	3.89808837746e-06	0.0020231078679	0.0026974771572	0.00259222877101	7.79617675492e-06	2.72866186422e-05	0	3.11847070197e-05	0	0	0.0002767642748	5.84713256619e-05	0.00021439486076	5.45732372844e-05	2.72866186422e-05	7.79617675492e-06	3.89808837746e-06	3.89808837746e-05	5.45732372844e-05	0.00124349019241	0.000397605014501	7.79617675492e-06	1.55923535098e-05	0	0.000374216484236
0.000393706926123	0.00369148969345	0.0110315901082	0	3.11847070197e-05	1.16942651324e-05	8.96560326816e-05	0.000163719711853	0.000296254716687	4.67770605295e-05	4.67770605295e-05	0.0110354881966	9.3554121059e-05	0.00367589733994	0.000732840614962	3.50827953971e-05	0.000113044562946	0.0110043034896	0.00523903077931	0.0185003274394	6.62675024168e-05	0.000947235475723	0.000191006330496	0.00387080175882	0.000152025446721	0.00446331119219	0.0786244425734	0.0259261857985	0.000405401191256	0.00174244550472	0.00116942651324	0.00235054729161	8.18598559267e-05	0.000479464870428	0.00715299217264	3.11847070197e-05	0.00387080175882	0.00206208875168	0	7.79617675492e-06	0	1.94904418873e-05	3.11847070197e-05	3.11847070197e-05	0.000159821623476	2.33885302648e-05	0.00224919699379	1.55923535098e-05	0.00161380858827	5.45732372844e-05	0	0.00019880250725	0.00108756665731	0.000569120903109	0.00254934979886	1.55923535098e-05	3.89808837746e-05	0.000315745158574	0.000397605014501	0.000144229269966	0.000896560326816	0.00665403686032	0.00735959085664	4.28789721521e-05	7.40636791717e-05	2.33885302648e-05	1.16942651324e-05	0	7.79617675492e-06	0.000732840614962	0.00271306951071	0.00441653413166	0.00304050893442	0.00117332460162	7.40636791717e-05	2.33885302648e-05	5.45732372844e-05	0.000370318395859	0.00339523497677	0.000986216359497	8.57579443041e-05	3.50827953971e-05	7.79617675492e-06	0.000191006330496
0.000327439423707	0.010895157015	0.0176271556429	0	3.11847070197e-05	0	4.28789721521e-05	0.000148127358343	0.000194904418873	0.000346929865594	1.16942651324e-05	0.00201920977952	3.89808837746e-05	0.00424501824305	0.000424891633143	0.000124738828079	0.00292746437147	0.00604203698506	0.000666573112546	0.00498565503477	5.0675148907e-05	0.0018671843328	0.00268188480369	0.0189836903982	0.000834190912776	0.00634218979013	0.0259261857985	0.0940335859295	0.000631490317148	0.000955031652478	0.00110315901082	0.000787413852247	1.94904418873e-05	0.000409299279633	0.00431128574547	7.79617675492e-05	0.00893831664952	0.00330168085571	0	3.89808837746e-05	0	4.67770605295e-05	9.3554121059e-05	9.3554121059e-05	0.00044438207503	5.0675148907e-05	0.00137212710887	4.28789721521e-05	0.000955031652478	0.000120840739701	3.89808837746e-06	0.00410078897309	0.00176193594661	0.00044438207503	0.00189057286307	1.55923535098e-05	0.000787413852247	0.00713350173075	0.0038902922007	0.000709452084698	0.000779617675492	0.00544173137493	0.0137485577073	0.000237783391025	8.18598559267e-05	0.00021439486076	1.16942651324e-05	0	0	0.00130975769483	0.0054300371098	0.00433467427574	0.00462703090404	0.00262341347803	0.000417095456388	6.62675024168e-05	3.11847070197e-05	0.00126687872267	0.00248308229644	0.00129806342969	0.000288458539932	0.000101350297814	3.50827953971e-05	6.62675024168e-05
0.00514157856987	7.79617675492e-05	0.000787413852247	0	0.00496226650451	5.84713256619e-05	0.00508700533258	0.0231780334924	0.00830682633237	0.00109926092244	0.00718807496804	0.000358624130726	0.0019373499236	0.000187108242118	0.00838478809992	0.000791311940624	0.00312236879035	0.000284560451555	3.89808837746e-05	0.000152025446721	0.00295864907849	0.0116318957183	0.000818598559267	0.00647082670658	0.016987869149	1.16942651324e-05	0.000405401191256	0.000631490317148	0.0711167243584	0.0117683288116	0.0142358187545	7.79617675492e-06	0.000183210153741	0.00725824055883	0.0115773224811	0.000643184582281	1.94904418873e-05	3.50827953971e-05	0	0.00201531169115	7.79617675492e-06	0.000573018991487	0.00123179592728	0.000822496647644	0.00802616396919	0.00125518445754	4.28789721521e-05	0.000857579443041	1.55923535098e-05	0.000803006205757	5.0675148907e-05	0.000206598684005	1.55923535098e-05	7.79617675492e-06	2.33885302648e-05	0.00113044562946	8.96560326816e-05	0.000853681354664	0.000128636916456	0.00770652072224	3.11847070197e-05	3.11847070197e-05	7.01655907943e-05	0.00185549006767	0.000580815168241	0.000124738828079	0	3.89808837746e-06	5.45732372844e-05	0.000183210153741	0.00290017775283	0.000573018991487	0.00526241930957	0.00218682757975	0.000814700470889	0.000241681479403	3.11847070197e-05	0.000732840614962	0.000179312065363	0.000335235600462	0.000136433093211	0.000257273832912	2.72866186422e-05	7.79617675492e-06
0.0136978825584	0.000116942651324	0.00217123522625	0	0.00137992328562	0.000510649577447	0.00442043222004	0.00776109395952	0.0109848130477	0.000514547665825	0.00175413976986	0.00344980821405	0.00226089125893	0.00096672591761	0.0288692425235	0.000900458415193	0.000608101786884	0.00148517167181	0.000288458539932	0.00076792341036	0.0019022671282	0.00520394798391	0.000354726042349	0.00601085227804	0.00565222814732	7.79617675492e-05	0.00174244550472	0.000955031652478	0.0117683288116	0.0657490566626	0.0203831041257	5.45732372844e-05	0.00360962983753	0.0240161224935	0.0332156110643	0.000397605014501	5.84713256619e-05	3.89808837746e-05	0	0.00044438207503	7.79617675492e-06	0.000124738828079	0.000514547665825	0.000339133688839	0.00337964262326	0.000202700595628	5.45732372844e-05	8.96560326816e-05	3.11847070197e-05	0.000417095456388	3.89808837746e-06	0.000175413976986	3.11847070197e-05	1.16942651324e-05	2.72866186422e-05	0.000109146474569	5.0675148907e-05	0.000518445754202	0.000152025446721	0.0030950821717	0.000101350297814	4.67770605295e-05	0.000175413976986	0.000853681354664	0.000292356628309	8.96560326816e-05	0	7.79617675492e-06	1.55923535098e-05	0.000101350297814	0.00442822839679	0.00113824180622	0.0120801758817	0.00390198646584	0.000912152680326	0.000740636791717	0.000280662363177	0.000428789721521	0.000113044562946	0.000194904418873	0.000140331181589	7.79617675492e-05	4.28789721521e-05	1.94904418873e-05
0.0119710294072	0.000148127358343	0.00385520940531	0	4.67770605295e-05	1.16942651324e-05	0.000327439423707	0.00773380734088	0.0039253749961	0.000346929865594	9.74522094365e-05	0.000175413976986	6.23694140394e-05	8.96560326816e-05	0.00933981975239	0.000202700595628	0.00096672591761	0.00309898026008	1.55923535098e-05	0.000701655907943	5.84713256619e-05	0.0200673589672	0.00052234384258	0.0154247357096	0.00293136245985	1.94904418873e-05	0.00116942651324	0.00110315901082	0.0142358187545	0.0203831041257	0.0548110206755	7.79617675492e-06	5.84713256619e-05	0.0112031059968	0.0122672841239	0.000272866186422	0.000109146474569	8.57579443041e-05	0	0.000175413976986	0	3.89808837746e-05	0.000382012660991	0.000202700595628	0.00260392303614	0.000116942651324	1.16942651324e-05	3.50827953971e-05	3.89808837746e-06	0.000284560451555	1.55923535098e-05	0.000307948981819	4.28789721521e-05	3.89808837746e-06	2.72866186422e-05	2.72866186422e-05	8.18598559267e-05	0.000939439298968	0.000202700595628	0.00214784669598	1.16942651324e-05	3.89808837746e-05	0.0002767642748	0.000678267377678	0.00022998721427	6.62675024168e-05	0	0	7.79617675492e-06	8.96560326816e-05	0.00193345183522	0.000682165466055	0.00491548944398	0.00215174478436	0.000537936196089	0.000272866186422	2.72866186422e-05	0.000397605014501	8.57579443041e-05	0.000179312065363	7.01655907943e-05	6.23694140394e-05	1.55923535098e-05	3.89808837746e-06
