0.0233049009686	2.47836593073e-05	0.000570024164068	0	0.000132179516306	1.65224395382e-05	0.00055350172453	0.00945496602573	0.00373820194552	0.000842644416448	0.00113178710837	0.000247836593073	0.000334579400649	2.47836593073e-05	0.0141473388546	4.95673186146e-05	9.08734174601e-05	0.000747640389103	3.30448790764e-05	0.000144571345959	0.000425452818109	0.00123505235548	0.000326318180879	0.00232966397489	0.00114417893802	2.06530494227e-05	0.000165224395382	0.000185877444805	0.00298230033664	0.0131766455317	0.00804229744522	0	2.06530494227e-05	0.000743509779219	0.0027262025238	0.000115657076767	1.23918296536e-05	3.71754889609e-05	0	7.84815878064e-05	0	4.95673186146e-05	0.000264359032611	0.000119787686652	0.000809599537372	7.02203680373e-05	8.2612197691e-06	9.08734174601e-05	4.13060988455e-06	0.000156963175613	4.13060988455e-06	7.43509779219e-05	3.30448790764e-05	0	0	7.43509779219e-05	0.000107395856998	0.000144571345959	0.000177616225036	0.000627852702452	0	1.23918296536e-05	4.13060988455e-05	0.00059893843326	0.000132179516306	7.84815878064e-05	0	0	1.23918296536e-05	0.000140440736075	0.000718726119912	0.000251967202958	0.00156963175613	0.000346971230302	7.43509779219e-05	6.60897581528e-05	3.30448790764e-05	7.84815878064e-05	2.47836593073e-05	9.08734174601e-05	3.30448790764e-05	6.19591482682e-05	1.23918296536e-05	0
2.47836593073e-05	0.021396559202	0.00172659493174	0	0	0	8.2612197691e-06	5.78285383837e-05	1.23918296536e-05	0.000954170883331	8.2612197691e-06	0.000293273301803	2.06530494227e-05	0.000313926351226	2.06530494227e-05	8.2612197691e-06	0.000475020136723	0.00218509262893	4.543670873e-05	0.00102439125137	1.23918296536e-05	9.50040273446e-05	0.00434953220843	0.0004543670873	0.000821991367025	0.000693942460604	0.0075383630393	0.0104215287387	0.000185877444805	9.50040273446e-05	0.000128048906421	8.2612197691e-06	0	2.47836593073e-05	0.000710464900143	4.13060988455e-06	0.0100291207997	0.00209008860158	0	1.23918296536e-05	0	8.2612197691e-06	1.65224395382e-05	1.23918296536e-05	8.67428075755e-05	1.23918296536e-05	0.000177616225036	1.65224395382e-05	0.00022718354365	2.06530494227e-05	0	9.08734174601e-05	0.000883950515294	0.000140440736075	0.000243705983188	1.23918296536e-05	5.78285383837e-05	0.000586546603606	0.000280881472149	7.43509779219e-05	0.000685681240835	0.0035027571821	0.00614634750821	6.19591482682e-05	2.06530494227e-05	1.65224395382e-05	4.13060988455e-06	0	4.13060988455e-06	0.000243705983188	0.000855036246102	0.000768293438526	0.000570024164068	0.000152832565728	1.65224395382e-05	0	2.89142691918e-05	0.00022718354365	0.00040893037857	0.000285012082034	0.000103265247114	2.06530494227e-05	1.23918296536e-05	1.23918296536e-05
0.000570024164068	0.00172659493174	0.0340362254487	0	8.2612197691e-06	0	1.65224395382e-05	0.000652636361759	0.000218922323881	0.000247836593073	3.71754889609e-05	9.08734174601e-05	1.65224395382e-05	3.30448790764e-05	0.000611330262913	0	0.000673289411182	0.00945496602573	1.23918296536e-05	0.000429583427993	8.2612197691e-06	0.00127635845433	0.00313513290237	0.0121192094013	0.000491542576261	2.06530494227e-05	0.00393647121998	0.0124909642909	0.000888081125178	0.000842644416448	0.00158615419567	0	4.13060988455e-06	0.000161093785497	0.00135070943225	5.36979284991e-05	0.00205291311262	0.00423387513166	0	2.06530494227e-05	0	1.65224395382e-05	0.000144571345959	2.06530494227e-05	0.000144571345959	1.65224395382e-05	3.30448790764e-05	2.89142691918e-05	8.2612197691e-06	3.30448790764e-05	0	0.000648505751874	0.00173485615151	2.89142691918e-05	5.78285383837e-05	8.2612197691e-06	0.000313926351226	0.0034490592536	0.00332927156695	0.000128048906421	2.89142691918e-05	0.00132592577294	0.00348210413268	0.000223052933766	3.71754889609e-05	8.67428075755e-05	0	0	4.13060988455e-06	0.000289142691918	0.00394886304963	0.00222226811789	0.00164398273405	0.00055350172453	6.60897581528e-05	1.65224395382e-05	1.65224395382e-05	0.000652636361759	0.000640244532105	0.000309795741341	0.00018174683492	8.2612197691e-05	2.47836593073e-05	0
0	0	0	0	0	0	0	0	0	0	0	0	0	0	0	0	0	0	0	0	0	0	0	0	0	0	0	0	0	0	0	0	0	0	0	0	0	0	0	0	0	0	0	0	0	0	0	0	0	0	0	0	0	0	0	0	0	0	0	0	0	0	0	0	0	0	0	0	0	0	0	0	0	0	0	0	0	0	0	0	0	0	0	0
0.000132179516306	0	8.2612197691e-06	0	0.0180053284868	0	0.000400669158801	0.00151593382763	0.000413060988455	0.0009624321031	0.00169768066255	5.36979284991e-05	0.00249075776038	4.13060988455e-06	0.000458497697185	7.02203680373e-05	4.13060988455e-06	4.13060988455e-06	0	2.06530494227e-05	0.00544827443772	1.23918296536e-05	4.13060988455e-06	2.89142691918e-05	0.00881885210351	0	2.06530494227e-05	4.13060988455e-06	0.00515087052603	0.000615460872798	4.13060988455e-05	0	0	8.67428075755e-05	0.000359363059956	4.543670873e-05	0	0	0	0.00516326235569	0	0.00046262830707	0.000128048906421	0.000322187570995	0.00055350172453	0.0012020074764	3.71754889609e-05	0.00166050517359	4.13060988455e-06	0.000280881472149	2.06530494227e-05	4.13060988455e-06	0	0	4.13060988455e-06	0.00346558169314	0	1.23918296536e-05	8.2612197691e-06	0.0014704971189	0	4.13060988455e-06	8.2612197691e-06	0.0004543670873	0.000194138664574	1.23918296536e-05	0	8.2612197691e-06	4.13060988455e-06	0.000243705983188	0.000190008054689	3.71754889609e-05	0.000243705983188	4.13060988455e-05	8.2612197691e-05	8.2612197691e-06	8.2612197691e-06	8.2612197691e-05	4.13060988455e-06	0.000165224395382	3.30448790764e-05	7.43509779219e-05	2.47836593073e-05	0
1.65224395382e-05	0	0	0	0	0.00363906730829	0.00178442347013	4.543670873e-05	0.000768293438526	4.95673186146e-05	3.71754889609e-05	4.13060988455e-06	3.30448790764e-05	0	0.000107395856998	0.000937648443793	0	0	0	0	8.2612197691e-06	8.2612197691e-06	0	4.13060988455e-06	1.65224395382e-05	0	0	0	2.06530494227e-05	0.000210661104112	1.23918296536e-05	0	0.000660897581528	8.2612197691e-06	0.000206530494227	0	0	0	0	4.13060988455e-06	0	4.13060988455e-06	0	4.13060988455e-06	8.2612197691e-06	4.13060988455e-06	0	4.13060988455e-06	0	0	0	0	0	0	0	0	0	0	0	8.2612197691e-06	0	0	0	4.13060988455e-06	0	0	0	0	0	4.13060988455e-06	6.60897581528e-05	8.2612197691e-06	8.2612197691e-05	2.89142691918e-05	0.00100786881183	0.00108221978975	4.13060988455e-06	0	0	4.13060988455e-06	0	0	0	0
0.00055350172453	8.2612197691e-06	1.65224395382e-05	0	0.000400669158801	0.00178442347013	0.0323013692972	0.00477911563642	0.0137218860365	0.000536979284991	0.0109048100952	0.00022718354365	0.00722030607819	4.95673186146e-05	0.00367624279725	0.00367211218736	2.06530494227e-05	2.47836593073e-05	4.13060988455e-06	3.71754889609e-05	0.00239988434292	0.000111526466883	4.13060988455e-05	0.000161093785497	0.000722856729796	4.13060988455e-06	4.543670873e-05	4.543670873e-05	0.00185464383816	0.00274272496334	0.000268489642496	0	0.000375885499494	0.000148701955844	0.00155723992648	2.06530494227e-05	1.23918296536e-05	4.13060988455e-06	0	0.000123918296536	0	5.36979284991e-05	8.67428075755e-05	5.36979284991e-05	0.000264359032611	7.43509779219e-05	8.2612197691e-06	5.36979284991e-05	4.13060988455e-06	3.30448790764e-05	0	8.2612197691e-06	0	0	4.13060988455e-06	5.36979284991e-05	0	1.23918296536e-05	8.2612197691e-06	0.000437844647762	0	4.13060988455e-06	1.23918296536e-05	0.000202399884343	6.60897581528e-05	4.13060988455e-06	0	8.2612197691e-06	0	7.84815878064e-05	0.00121852991594	0.000202399884343	0.0017100724922	0.000446105867531	0.00232966397489	0.00132592577294	5.36979284991e-05	3.30448790764e-05	1.65224395382e-05	8.2612197691e-05	2.06530494227e-05	8.2612197691e-06	1.23918296536e-05	4.13060988455e-06
0.00945496602573	5.78285383837e-05	0.000652636361759	0	0.00151593382763	4.543670873e-05	0.00477911563642	0.0652305912968	0.0121233400112	0.00415952415374	0.0151841219356	0.000570024164068	0.00140440736075	9.50040273446e-05	0.0162869947748	0.000355232450071	0.00018174683492	0.000545240504761	9.91346372292e-05	0.000289142691918	0.00156550114624	0.00285012082034	0.000346971230302	0.00275511679299	0.00780272207191	3.30448790764e-05	0.000359363059956	0.00036349366984	0.0264235114315	0.014527354964	0.00838926867552	0	5.36979284991e-05	0.00318883083087	0.0064974493484	0.000260228422727	4.95673186146e-05	6.19591482682e-05	0	0.0015778929759	4.13060988455e-06	0.000313926351226	0.000970693322869	0.000561762944299	0.00335818583614	0.000545240504761	2.89142691918e-05	0.000636113922221	1.23918296536e-05	0.000578285383837	2.47836593073e-05	0.000103265247114	4.543670873e-05	4.13060988455e-06	8.2612197691e-06	0.000743509779219	0.00013631012619	0.00022718354365	0.000264359032611	0.00528305004234	1.23918296536e-05	3.30448790764e-05	0.000115657076767	0.00199921518412	0.000400669158801	0.000103265247114	4.13060988455e-06	1.23918296536e-05	1.65224395382e-05	0.00046262830707	0.0039571242694	0.000603069043144	0.00417191598339	0.00105330552056	0.000396538548917	0.00018174683492	9.91346372292e-05	0.000243705983188	4.13060988455e-05	0.000367624279725	0.000111526466883	0.000103265247114	4.543670873e-05	0
0.00373820194552	1.23918296536e-05	0.000218922323881	0	0.000413060988455	0.000768293438526	0.0137218860365	0.0121233400112	0.0416365476363	0.00123918296536	0.00966149651996	0.000380016109379	0.00300295338607	7.43509779219e-05	0.0190421115678	0.00124331357525	5.36979284991e-05	0.000152832565728	4.95673186146e-05	0.000103265247114	0.00233792519465	0.000793077097833	0.000119787686652	0.000784815878064	0.00139614614098	2.06530494227e-05	0.000198269274458	0.000144571345959	0.00362667547863	0.00724922034738	0.00230488031558	4.13060988455e-06	0.000276750862265	0.0004543670873	0.0032879654681	5.78285383837e-05	1.23918296536e-05	2.47836593073e-05	0	0.000297403911688	0	9.08734174601e-05	0.000433714037878	0.000214791713997	0.000999607592061	0.00018174683492	1.23918296536e-05	0.00013631012619	8.2612197691e-06	0.000214791713997	0	3.71754889609e-05	2.06530494227e-05	0	0	0.000185877444805	4.95673186146e-05	4.543670873e-05	0.000107395856998	0.00140027675086	0	8.2612197691e-06	1.65224395382e-05	0.000809599537372	0.000165224395382	3.30448790764e-05	0	8.2612197691e-06	4.13060988455e-06	0.000243705983188	0.00150767260786	0.00031805696111	0.00229248848592	0.000743509779219	0.00102439125137	0.00105330552056	7.43509779219e-05	9.91346372292e-05	1.65224395382e-05	0.000247836593073	5.78285383837e-05	5.78285383837e-05	3.71754889609e-05	2.06530494227e-05
0.000842644416448	0.000954170883331	0.000247836593073	0	0.0009624321031	4.95673186146e-05	0.000536979284991	0.00415952415374	0.00123918296536	0.0285549061319	0.00118548503687	0.000132179516306	0.00111526466883	3.71754889609e-05	0.00156963175613	0.000929387224024	0.00073524855945	0.000185877444805	2.06530494227e-05	6.19591482682e-05	0.0005080650158	0.000512195625684	0.00385385902228	0.000528718065222	0.0118383279291	4.13060988455e-05	0.000309795741341	0.000681550630951	0.00663375947459	0.00271381069415	0.00205704372251	0	8.2612197691e-06	0.000755901608873	0.00207769677193	0.000396538548917	0.000107395856998	9.08734174601e-05	0	0.002432929222	4.13060988455e-06	0.000681550630951	0.00193725603585	0.000941779053677	0.00916582333382	0.00102852186125	7.43509779219e-05	0.00143745223982	1.65224395382e-05	0.000879819905409	9.08734174601e-05	0.000198269274458	8.67428075755e-05	1.65224395382e-05	2.89142691918e-05	0.00167702761313	0.000190008054689	0.000326318180879	0.000503934405915	0.00757966913815	1.65224395382e-05	3.71754889609e-05	0.000152832565728	0.00488238088354	0.000751770998988	0.000359363059956	4.13060988455e-06	4.95673186146e-05	4.13060988455e-05	0.000838513806564	0.00185464383816	0.000235444763419	0.000830252586794	0.00022718354365	0.00155723992648	6.19591482682e-05	2.06530494227e-05	0.000446105867531	8.67428075755e-05	0.000669158801297	0.000132179516306	0.000351101840187	0.000107395856998	0
0.00113178710837	8.2612197691e-06	3.71754889609e-05	0	0.00169768066255	3.71754889609e-05	0.0109048100952	0.0151841219356	0.00966149651996	0.00118548503687	0.0429376897499	0.000516326235569	0.00740205291311	9.50040273446e-05	0.00560523761333	0.000342840620418	2.06530494227e-05	6.19591482682e-05	5.36979284991e-05	0.000214791713997	0.00756727730849	0.000210661104112	4.543670873e-05	0.000148701955844	0.00233379458477	4.13060988455e-05	0.00018174683492	4.95673186146e-05	0.00848840331275	0.00520869906442	0.000326318180879	0	5.36979284991e-05	0.000404799768686	0.00321774510006	2.89142691918e-05	2.89142691918e-05	1.23918296536e-05	0	0.000503934405915	0	9.50040273446e-05	0.00018174683492	0.000156963175613	0.000545240504761	0.00022718354365	8.2612197691e-06	0.000198269274458	4.13060988455e-06	0.000107395856998	4.13060988455e-06	4.13060988455e-06	8.2612197691e-06	0	0	0.000301534521572	1.23918296536e-05	3.71754889609e-05	2.06530494227e-05	0.00137136248167	4.13060988455e-06	2.06530494227e-05	3.30448790764e-05	0.000483281356492	3.71754889609e-05	2.47836593073e-05	0	4.13060988455e-06	0	9.50040273446e-05	0.00127635845433	0.000268489642496	0.00237097007373	0.000413060988455	0.000305665131457	0.000190008054689	6.60897581528e-05	5.36979284991e-05	1.65224395382e-05	9.50040273446e-05	2.47836593073e-05	1.65224395382e-05	4.13060988455e-06	4.13060988455e-06
0.000247836593073	0.000293273301803	9.08734174601e-05	0	5.36979284991e-05	4.13060988455e-06	0.00022718354365	0.000570024164068	0.000380016109379	0.000132179516306	0.000516326235569	0.0254817323778	0.000326318180879	0.00460563002127	0.000673289411182	4.13060988455e-06	2.47836593073e-05	0.00100373820195	0.00358536937979	0.00723269790785	0.000342840620418	0.000103265247114	5.36979284991e-05	0.000206530494227	0.000161093785497	0.00256923934819	0.0076457588963	0.00120613808629	0.000338710010533	0.00210661104112	0.000169355005267	0.000326318180879	6.19591482682e-05	0.000115657076767	0.00683202874904	0	0.000619591482682	4.13060988455e-05	0	3.30448790764e-05	0	1.65224395382e-05	4.13060988455e-05	1.65224395382e-05	7.84815878064e-05	8.2612197691e-06	0.000375885499494	1.65224395382e-05	0.000681550630951	2.89142691918e-05	0	1.23918296536e-05	3.71754889609e-05	0.000148701955844	0.000111526466883	2.47836593073e-05	0	2.47836593073e-05	2.47836593073e-05	7.43509779219e-05	0.000466758916954	0.000830252586794	0.000660897581528	5.36979284991e-05	4.543670873e-05	4.13060988455e-06	7.02203680373e-05	0	0	0.000107395856998	0.00114417893802	0.00456432392243	0.006976600095	0.00049980379603	2.47836593073e-05	2.06530494227e-05	0.00125157479502	9.08734174601e-05	0.00068981185072	0.000119787686652	2.89142691918e-05	1.23918296536e-05	0	2.06530494227e-05
0.000334579400649	2.06530494227e-05	1.65224395382e-05	0	0.00249075776038	3.30448790764e-05	0.00722030607819	0.00140440736075	0.00300295338607	0.00111526466883	0.00740205291311	0.000326318180879	0.0318676552593	7.02203680373e-05	0.00202399884343	0.00157376236601	8.2612197691e-06	1.65224395382e-05	4.543670873e-05	0.000123918296536	0.0133170862678	2.89142691918e-05	3.71754889609e-05	4.543670873e-05	0.00269315764473	1.23918296536e-05	0.000107395856998	3.71754889609e-05	0.00160267663521	0.00245771288131	7.84815878064e-05	8.2612197691e-06	1.65224395382e-05	7.43509779219e-05	0.00175550920093	1.65224395382e-05	1.23918296536e-05	4.13060988455e-06	0	0.000297403911688	0	0.000921126004255	7.84815878064e-05	0.000458497697185	0.000239575373304	0.000945909663562	5.36979284991e-05	0.00391581817055	1.23918296536e-05	0.000396538548917	8.2612197691e-06	0	4.13060988455e-06	4.13060988455e-06	1.23918296536e-05	0.00224705177719	0	4.13060988455e-06	8.2612197691e-06	0.000326318180879	0	2.06530494227e-05	1.23918296536e-05	0.000165224395382	0.000396538548917	1.23918296536e-05	0	1.23918296536e-05	4.13060988455e-06	0.000346971230302	0.000512195625684	0.000144571345959	0.00140853797063	0.000185877444805	0.0013631012619	0.00018174683492	2.89142691918e-05	8.67428075755e-05	2.89142691918e-05	0.000190008054689	2.06530494227e-05	3.30448790764e-05	0	4.13060988455e-06
2.47836593073e-05	0.000313926351226	3.30448790764e-05	0	4.13060988455e-06	0	4.95673186146e-05	9.50040273446e-05	7.43509779219e-05	3.71754889609e-05	9.50040273446e-05	0.00460563002127	7.02203680373e-05	0.0152626035234	8.67428075755e-05	0	2.47836593073e-05	8.67428075755e-05	0.000280881472149	0.000322187570995	8.2612197691e-05	2.06530494227e-05	7.43509779219e-05	6.60897581528e-05	3.30448790764e-05	0.00726161217704	0.00418430781305	0.00251967202958	7.02203680373e-05	0.000375885499494	2.06530494227e-05	0.000380016109379	2.06530494227e-05	2.47836593073e-05	0.000863297465871	4.13060988455e-06	0.000495673186146	3.30448790764e-05	0	4.13060988455e-06	0	4.13060988455e-06	8.2612197691e-06	1.23918296536e-05	2.06530494227e-05	0	0.000788946487949	4.13060988455e-06	0.0017100724922	1.23918296536e-05	0	4.13060988455e-06	2.89142691918e-05	0.000161093785497	0.000148701955844	0	0	1.23918296536e-05	8.2612197691e-06	2.47836593073e-05	0.00132592577294	0.00139201553109	0.000966562712985	1.23918296536e-05	2.89142691918e-05	0	0.000231314153535	0	0	9.91346372292e-05	0.000202399884343	0.00236683946385	0.00166463578347	0.000152832565728	0	2.06530494227e-05	0.00160267663521	3.71754889609e-05	0.00154071748694	0.000156963175613	2.89142691918e-05	4.13060988455e-06	4.13060988455e-06	5.78285383837e-05
0.0141473388546	2.06530494227e-05	0.000611330262913	0	0.000458497697185	0.000107395856998	0.00367624279725	0.0162869947748	0.0190421115678	0.00156963175613	0.00560523761333	0.000673289411182	0.00202399884343	8.67428075755e-05	0.0454408393399	0.000305665131457	0.000128048906421	0.000590677213491	9.08734174601e-05	0.000276750862265	0.00201986823354	0.00154484809682	0.000371754889609	0.00217683140916	0.00210248043124	3.71754889609e-05	0.000334579400649	0.000247836593073	0.00530783370165	0.0204754331977	0.00677006960078	4.13060988455e-06	0.000214791713997	0.00166876639336	0.00574154773952	0.000144571345959	8.2612197691e-06	4.13060988455e-05	0	0.000346971230302	0	0.00013631012619	0.000532848675107	0.000301534521572	0.00134244821248	0.000148701955844	3.30448790764e-05	0.00022718354365	1.23918296536e-05	0.000351101840187	0	8.2612197691e-05	4.543670873e-05	0	8.2612197691e-06	0.00018174683492	0.000103265247114	0.000144571345959	0.00018174683492	0.00154484809682	8.2612197691e-06	1.23918296536e-05	5.36979284991e-05	0.00104917491068	0.000243705983188	8.67428075755e-05	0	4.13060988455e-06	1.23918296536e-05	0.00031805696111	0.00211900287077	0.000528718065222	0.00361428364898	0.000760032218757	0.000396538548917	0.000301534521572	8.2612197691e-05	0.000152832565728	4.13060988455e-05	0.000247836593073	7.02203680373e-05	9.50040273446e-05	2.89142691918e-05	1.65224395382e-05
4.95673186146e-05	8.2612197691e-06	0	0	7.02203680373e-05	0.000937648443793	0.00367211218736	0.000355232450071	0.00124331357525	0.000929387224024	0.000342840620418	4.13060988455e-06	0.00157376236601	0	0.000305665131457	0.00814969330222	8.2612197691e-06	4.13060988455e-06	0	4.13060988455e-06	0.000173485615151	4.13060988455e-06	5.36979284991e-05	1.23918296536e-05	0.00036349366984	0	1.65224395382e-05	1.65224395382e-05	0.000268489642496	0.000256097812842	3.30448790764e-05	0	8.2612197691e-05	4.13060988455e-05	9.91346372292e-05	4.13060988455e-06	0	0	0	4.13060988455e-05	0	4.13060988455e-06	8.2612197691e-06	0	9.91346372292e-05	8.2612197691e-06	4.13060988455e-06	2.89142691918e-05	0	0	8.2612197691e-06	4.13060988455e-06	0	0	4.13060988455e-06	2.06530494227e-05	0	0	0	8.2612197691e-05	0	0	0	2.47836593073e-05	4.13060988455e-06	0	0	0	0	8.2612197691e-06	9.91346372292e-05	4.13060988455e-06	7.43509779219e-05	3.30448790764e-05	0.00373820194552	0.00013631012619	4.13060988455e-06	0	0	0	0	4.13060988455e-06	0	0
9.08734174601e-05	0.000475020136723	0.000673289411182	0	4.13060988455e-06	0	2.06530494227e-05	0.00018174683492	5.36979284991e-05	0.00073524855945	2.06530494227e-05	2.47836593073e-05	8.2612197691e-06	2.47836593073e-05	0.000128048906421	8.2612197691e-06	0.0245606063735	0.000297403911688	1.23918296536e-05	8.67428075755e-05	4.13060988455e-06	0.00389516512113	0.00867428075755	0.00777793841261	0.00642309837047	2.89142691918e-05	0.000247836593073	0.00464280551023	0.00447345050497	0.000239575373304	0.000446105867531	0	0	7.84815878064e-05	0.000413060988455	3.71754889609e-05	9.08734174601e-05	0.000313926351226	0	8.2612197691e-06	0	1.65224395382e-05	0.000293273301803	5.36979284991e-05	0.0011772238171	4.13060988455e-06	1.23918296536e-05	4.13060988455e-06	8.2612197691e-06	4.543670873e-05	0	0.00131766455317	9.50040273446e-05	1.65224395382e-05	2.06530494227e-05	0	0.0010161300316	0.00374646316529	0.00320122266053	0.000619591482682	4.13060988455e-06	9.91346372292e-05	0.000446105867531	0.000747640389103	4.13060988455e-05	0.000342840620418	0	0	8.2612197691e-06	0.000111526466883	0.002647720936	0.00109874222929	0.000487411966377	0.000223052933766	4.543670873e-05	1.23918296536e-05	1.23918296536e-05	0.000334579400649	0.000144571345959	0.000161093785497	0.000144571345959	7.02203680373e-05	1.65224395382e-05	0
0.000747640389103	0.00218509262893	0.00945496602573	0	4.13060988455e-06	0	2.47836593073e-05	0.000545240504761	0.000152832565728	0.000185877444805	6.19591482682e-05	0.00100373820195	1.65224395382e-05	8.67428075755e-05	0.000590677213491	4.13060988455e-06	0.000297403911688	0.036816125901	0.000198269274458	0.00665854313389	3.30448790764e-05	0.00172246432186	0.0013631012619	0.00963258225077	0.000351101840187	7.43509779219e-05	0.00897581527913	0.00563828249241	0.00064437514199	0.00118961564675	0.00287903508953	0	0	0.000148701955844	0.00638179227163	8.2612197691e-06	0.00272207191392	0.00255684751854	0	1.65224395382e-05	0	1.23918296536e-05	8.2612197691e-05	1.23918296536e-05	0.000115657076767	2.06530494227e-05	3.71754889609e-05	2.47836593073e-05	1.65224395382e-05	2.06530494227e-05	0	0.000115657076767	0.00146223589913	7.43509779219e-05	0.000140440736075	8.2612197691e-06	9.91346372292e-05	0.000987215762407	0.000954170883331	0.000103265247114	9.08734174601e-05	0.0021396559202	0.00255684751854	0.000161093785497	2.89142691918e-05	3.71754889609e-05	0	0	4.13060988455e-06	0.000268489642496	0.00365145913794	0.00280468411161	0.00403147524732	0.000900472954832	6.19591482682e-05	2.06530494227e-05	4.543670873e-05	0.000483281356492	0.000631983312336	0.000276750862265	0.000173485615151	7.02203680373e-05	2.89142691918e-05	4.13060988455e-06
3.30448790764e-05	4.543670873e-05	1.23918296536e-05	0	0	0	4.13060988455e-06	9.91346372292e-05	4.95673186146e-05	2.06530494227e-05	5.36979284991e-05	0.00358536937979	4.543670873e-05	0.000280881472149	9.08734174601e-05	0	1.23918296536e-05	0.000198269274458	0.00659245337574	0.00276750862265	3.71754889609e-05	3.30448790764e-05	1.23918296536e-05	5.78285383837e-05	2.06530494227e-05	0.000239575373304	0.0027014188645	0.000218922323881	3.71754889609e-05	0.00022718354365	2.89142691918e-05	1.23918296536e-05	0	2.06530494227e-05	0.0009624321031	0	0.000132179516306	1.23918296536e-05	0	4.13060988455e-06	0	4.13060988455e-06	1.23918296536e-05	4.13060988455e-06	8.2612197691e-06	0	4.13060988455e-05	4.13060988455e-06	0.000103265247114	1.23918296536e-05	0	0	8.2612197691e-06	3.71754889609e-05	2.06530494227e-05	4.13060988455e-06	0	4.13060988455e-06	0	2.47836593073e-05	0.000119787686652	0.000165224395382	0.000161093785497	1.65224395382e-05	8.2612197691e-06	0	8.2612197691e-06	0	0	2.89142691918e-05	0.000305665131457	0.00116070137756	0.00108635039964	0.000111526466883	0	4.13060988455e-06	4.543670873e-05	2.06530494227e-05	6.19591482682e-05	1.65224395382e-05	4.13060988455e-06	0	0	0
0.000144571345959	0.00102439125137	0.000429583427993	0	2.06530494227e-05	0	3.71754889609e-05	0.000289142691918	0.000103265247114	6.19591482682e-05	0.000214791713997	0.00723269790785	0.000123918296536	0.000322187570995	0.000276750862265	4.13060988455e-06	8.67428075755e-05	0.00665854313389	0.00276750862265	0.0252793324934	0.000148701955844	0.000206530494227	0.00018174683492	0.000574154773952	9.91346372292e-05	0.000293273301803	0.0142836489808	0.00300708399595	0.000276750862265	0.000805468927487	0.000276750862265	1.65224395382e-05	4.13060988455e-06	0.000103265247114	0.00691464094674	8.2612197691e-06	0.00170181127243	0.000231314153535	0	1.23918296536e-05	0	4.13060988455e-06	3.30448790764e-05	8.2612197691e-06	3.71754889609e-05	4.13060988455e-06	0.000107395856998	4.13060988455e-06	0.000152832565728	1.65224395382e-05	0	2.47836593073e-05	0.000202399884343	0.000140440736075	0.000161093785497	8.2612197691e-06	2.06530494227e-05	7.84815878064e-05	8.67428075755e-05	4.95673186146e-05	0.000404799768686	0.0013094033334	0.00117309320721	2.06530494227e-05	2.89142691918e-05	1.65224395382e-05	8.2612197691e-06	0	0	0.000144571345959	0.00286664325988	0.00415539354386	0.00530370309176	0.00073524855945	3.30448790764e-05	1.65224395382e-05	7.02203680373e-05	0.000334579400649	0.000231314153535	0.000123918296536	4.543670873e-05	4.13060988455e-06	0	8.2612197691e-06
0.000425452818109	1.23918296536e-05	8.2612197691e-06	0	0.00544827443772	8.2612197691e-06	0.00239988434292	0.00156550114624	0.00233792519465	0.0005080650158	0.00756727730849	0.000342840620418	0.0133170862678	8.2612197691e-05	0.00201986823354	0.000173485615151	4.13060988455e-06	3.30448790764e-05	3.71754889609e-05	0.000148701955844	0.0237386150065	4.95673186146e-05	2.89142691918e-05	4.95673186146e-05	0.00349036535244	3.71754889609e-05	0.00013631012619	3.30448790764e-05	0.00303599826514	0.0027262025238	8.2612197691e-05	8.2612197691e-06	1.23918296536e-05	8.67428075755e-05	0.00183812139862	1.23918296536e-05	8.2612197691e-06	0	0	0.00171833371197	0	0.000450236477416	0.000107395856998	0.000251967202958	0.000256097812842	0.000561762944299	2.47836593073e-05	0.00124744418513	0	0.00018174683492	4.13060988455e-06	0	0	4.13060988455e-06	4.13060988455e-06	0.00198269274458	4.13060988455e-06	8.2612197691e-06	8.2612197691e-06	0.000623722092567	0	2.89142691918e-05	1.23918296536e-05	0.000285012082034	0.000190008054689	4.13060988455e-06	0	4.13060988455e-06	4.13060988455e-06	0.000169355005267	0.000603069043144	0.000165224395382	0.00137549309155	0.000185877444805	0.000247836593073	9.50040273446e-05	3.71754889609e-05	9.50040273446e-05	1.23918296536e-05	0.000111526466883	2.06530494227e-05	4.543670873e-05	1.23918296536e-05	4.13060988455e-06
0.00123505235548	9.50040273446e-05	0.00127635845433	0	1.23918296536e-05	8.2612197691e-06	0.000111526466883	0.00285012082034	0.000793077097833	0.000512195625684	0.000210661104112	0.000103265247114	2.89142691918e-05	2.06530494227e-05	0.00154484809682	4.13060988455e-06	0.00389516512113	0.00172246432186	3.30448790764e-05	0.000206530494227	4.95673186146e-05	0.046547842789	0.00253206385923	0.0221565914207	0.00210248043124	8.2612197691e-06	0.000322187570995	0.00104504430079	0.0149817220513	0.00310621863318	0.0160763336707	0	1.23918296536e-05	0.00135484004213	0.00532848675107	7.43509779219e-05	5.78285383837e-05	0.000214791713997	0	2.47836593073e-05	0	3.71754889609e-05	0.000475020136723	0.000115657076767	0.00152006443751	3.71754889609e-05	1.65224395382e-05	3.30448790764e-05	4.13060988455e-06	0.000132179516306	1.23918296536e-05	0.000768293438526	0.000128048906421	4.13060988455e-06	1.23918296536e-05	2.47836593073e-05	0.0011772238171	0.00226357421673	0.00191247237655	0.000702203680373	4.13060988455e-06	4.13060988455e-05	0.000218922323881	0.00117309320721	0.000132179516306	0.000561762944299	0	0	1.65224395382e-05	0.000260228422727	0.00641070654082	0.00189181932712	0.00399429975836	0.00157376236601	9.08734174601e-05	7.84815878064e-05	3.30448790764e-05	0.000425452818109	8.67428075755e-05	0.000268489642496	0.000148701955844	6.19591482682e-05	8.2612197691e-06	0
0.000326318180879	0.00434953220843	0.00313513290237	0	4.13060988455e-06	0	4.13060988455e-05	0.000346971230302	0.000119787686652	0.00385385902228	4.543670873e-05	5.36979284991e-05	3.71754889609e-05	7.43509779219e-05	0.000371754889609	5.36979284991e-05	0.00867428075755	0.0013631012619	1.23918296536e-05	0.00018174683492	2.89142691918e-05	0.00253206385923	0.0349573514529	0.00578698444825	0.00750944877011	0.000156963175613	0.000995476982176	0.0102728267829	0.00327557363845	0.000958301493215	0.0014704971189	4.13060988455e-06	0	0.000380016109379	0.00134244821248	7.43509779219e-05	0.000793077097833	0.00250314959004	0	5.36979284991e-05	0	5.36979284991e-05	0.000536979284991	0.000144571345959	0.00297816972676	2.47836593073e-05	3.30448790764e-05	2.47836593073e-05	2.06530494227e-05	0.000132179516306	8.2612197691e-06	0.0026725045953	0.000640244532105	3.30448790764e-05	4.13060988455e-05	1.65224395382e-05	0.00210248043124	0.0117887606105	0.00692703277639	0.00143332162994	3.30448790764e-05	0.000239575373304	0.00292034118838	0.00160680724509	8.67428075755e-05	0.000594807823375	0	4.13060988455e-06	1.65224395382e-05	0.00036349366984	0.00194551725562	0.00100786881183	0.000623722092567	0.000194138664574	0.000119787686652	4.13060988455e-06	1.23918296536e-05	0.000747640389103	0.000351101840187	0.000388277329148	0.000202399884343	9.08734174601e-05	2.89142691918e-05	4.13060988455e-06
0.00232966397489	0.0004543670873	0.0121192094013	0	2.89142691918e-05	4.13060988455e-06	0.000161093785497	0.00275511679299	0.000784815878064	0.000528718065222	0.000148701955844	0.000206530494227	4.543670873e-05	6.60897581528e-05	0.00217683140916	1.23918296536e-05	0.00777793841261	0.00963258225077	5.78285383837e-05	0.000574154773952	4.95673186146e-05	0.0221565914207	0.00578698444825	0.0701294946199	0.00216857018939	1.65224395382e-05	0.00111113405894	0.00952105578389	0.00581176810756	0.00352341023152	0.00989694128338	0	1.23918296536e-05	0.000718726119912	0.00709225717177	6.19591482682e-05	0.000276750862265	0.00161919907474	0	3.30448790764e-05	0	4.13060988455e-05	0.000413060988455	9.50040273446e-05	0.000611330262913	2.06530494227e-05	8.2612197691e-06	2.89142691918e-05	4.13060988455e-06	0.000111526466883	0	0.00209008860158	0.000557632334414	1.23918296536e-05	4.13060988455e-05	4.13060988455e-06	0.00145397467936	0.00683202874904	0.0066296288647	0.000619591482682	4.13060988455e-06	0.000206530494227	0.00162746029451	0.000809599537372	9.91346372292e-05	0.000367624279725	0	0	8.2612197691e-06	0.000289142691918	0.0121935603792	0.00403973646709	0.00751357938	0.00242053739235	0.000256097812842	0.000103265247114	7.43509779219e-05	0.00109048100952	0.000322187570995	0.000470889526839	0.000417191598339	0.000161093785497	2.89142691918e-05	8.2612197691e-06
0.00114417893802	0.000821991367025	0.000491542576261	0	0.00881885210351	1.65224395382e-05	0.000722856729796	0.00780272207191	0.00139614614098	0.0118383279291	0.00233379458477	0.000161093785497	0.00269315764473	3.30448790764e-05	0.00210248043124	0.00036349366984	0.00642309837047	0.000351101840187	2.06530494227e-05	9.91346372292e-05	0.00349036535244	0.00210248043124	0.00750944877011	0.00216857018939	0.0538301080154	1.65224395382e-05	0.000334579400649	0.00201160701378	0.0220202812945	0.00357710816002	0.00319296144076	0	2.06530494227e-05	0.00102439125137	0.00290381874884	0.000326318180879	0.000128048906421	0.00018174683492	0	0.002110741651	4.13060988455e-06	0.00040893037857	0.00175963981082	0.000631983312336	0.00646440446932	0.000528718065222	8.2612197691e-05	0.000673289411182	2.06530494227e-05	0.000652636361759	6.19591482682e-05	0.000611330262913	9.50040273446e-05	2.47836593073e-05	3.71754889609e-05	0.000830252586794	0.00064437514199	0.00163572151428	0.00111526466883	0.00686507362812	4.13060988455e-06	7.02203680373e-05	0.000260228422727	0.00375059377517	0.000702203680373	0.000586546603606	4.13060988455e-06	3.30448790764e-05	4.95673186146e-05	0.000768293438526	0.00268076581507	0.000710464900143	0.0012557054049	0.000392407939032	0.000677420021066	3.71754889609e-05	2.06530494227e-05	0.000421322208224	9.50040273446e-05	0.000623722092567	0.000173485615151	0.000293273301803	6.19591482682e-05	8.2612197691e-06
2.06530494227e-05	0.000693942460604	2.06530494227e-05	0	0	0	4.13060988455e-06	3.30448790764e-05	2.06530494227e-05	4.13060988455e-05	4.13060988455e-05	0.00256923934819	1.23918296536e-05	0.00726161217704	3.71754889609e-05	0	2.89142691918e-05	7.43509779219e-05	0.000239575373304	0.000293273301803	3.71754889609e-05	8.2612197691e-06	0.000156963175613	1.65224395382e-05	1.65224395382e-05	0.0126190131973	0.00398190792871	0.00291207996861	1.65224395382e-05	0.000128048906421	8.2612197691e-06	7.02203680373e-05	0	8.2612197691e-06	0.000346971230302	4.13060988455e-06	0.00115244015779	2.89142691918e-05	0	1.23918296536e-05	0	1.23918296536e-05	0	1.65224395382e-05	2.06530494227e-05	4.13060988455e-06	0.00126809723456	8.2612197691e-06	0.00287077386976	2.06530494227e-05	0	4.13060988455e-06	2.47836593073e-05	0.000297403911688	0.000256097812842	4.13060988455e-06	0	1.23918296536e-05	4.13060988455e-06	2.06530494227e-05	0.0030483900948	0.00225944360685	0.00194138664574	1.23918296536e-05	4.95673186146e-05	0	0.000355232450071	0	4.13060988455e-06	0.000194138664574	7.84815878064e-05	0.000933517833908	0.000433714037878	2.06530494227e-05	0	0	0.000549371114645	5.36979284991e-05	0.0021396559202	0.000276750862265	3.30448790764e-05	8.2612197691e-06	4.13060988455e-06	8.67428075755e-05
0.000165224395382	0.0075383630393	0.00393647121998	0	2.06530494227e-05	0	4.543670873e-05	0.000359363059956	0.000198269274458	0.000309795741341	0.00018174683492	0.0076457588963	0.000107395856998	0.00418430781305	0.000334579400649	1.65224395382e-05	0.000247836593073	0.00897581527913	0.0027014188645	0.0142836489808	0.00013631012619	0.000322187570995	0.000995476982176	0.00111113405894	0.000334579400649	0.00398190792871	0.0664119457238	0.0221896362998	0.000355232450071	0.00100373820195	0.000330448790764	0.000396538548917	8.2612197691e-06	0.000119787686652	0.00640657593094	1.65224395382e-05	0.0145480080134	0.00154071748694	0	2.47836593073e-05	0	1.65224395382e-05	6.60897581528e-05	1.65224395382e-05	9.50040273446e-05	8.2612197691e-06	0.00108221978975	2.47836593073e-05	0.00211487226089	5.36979284991e-05	0	9.50040273446e-05	0.00154071748694	0.000933517833908	0.00122266052583	2.06530494227e-05	6.60897581528e-05	0.000338710010533	0.000322187570995	0.000144571345959	0.00465932794977	0.0105206633759	0.0103430471509	5.78285383837e-05	9.91346372292e-05	2.89142691918e-05	0.00022718354365	0	8.2612197691e-06	0.000702203680373	0.00385385902228	0.00637766166174	0.00573741712964	0.000888081125178	4.543670873e-05	1.65224395382e-05	0.000301534521572	0.000722856729796	0.00164398273405	0.000673289411182	0.000206530494227	4.13060988455e-05	2.06530494227e-05	4.13060988455e-05
0.000185877444805	0.0104215287387	0.0124909642909	0	4.13060988455e-06	0	4.543670873e-05	0.00036349366984	0.000144571345959	0.000681550630951	4.95673186146e-05	0.00120613808629	3.71754889609e-05	0.00251967202958	0.000247836593073	1.65224395382e-05	0.00464280551023	0.00563828249241	0.000218922323881	0.00300708399595	3.30448790764e-05	0.00104504430079	0.0102728267829	0.00952105578389	0.00201160701378	0.00291207996861	0.0221896362998	0.0716371672277	0.00149528077821	0.000532848675107	0.000607199653029	4.543670873e-05	4.13060988455e-06	0.000132179516306	0.00262706788657	3.30448790764e-05	0.00976063115719	0.00479976868585	0	2.89142691918e-05	0	1.23918296536e-05	0.000128048906421	3.30448790764e-05	0.000206530494227	8.2612197691e-06	0.000458497697185	1.65224395382e-05	0.000929387224024	5.36979284991e-05	0	0.00082612197691	0.00206117433239	0.000355232450071	0.000458497697185	1.23918296536e-05	0.000413060988455	0.00472541770792	0.00354406328094	0.000214791713997	0.00228009665627	0.00545240504761	0.00852144819183	0.000231314153535	6.60897581528e-05	9.50040273446e-05	9.50040273446e-05	0	4.13060988455e-06	0.00049980379603	0.00573741712964	0.00356058572048	0.00278816167207	0.000681550630951	7.84815878064e-05	2.06530494227e-05	6.60897581528e-05	0.000912864784485	0.00113591771825	0.000603069043144	0.000289142691918	6.19591482682e-05	3.71754889609e-05	2.06530494227e-05
0.00298230033664	0.000185877444805	0.000888081125178	0	0.00515087052603	2.06530494227e-05	0.00185464383816	0.0264235114315	0.00362667547863	0.00663375947459	0.00848840331275	0.000338710010533	0.00160267663521	7.02203680373e-05	0.00530783370165	0.000268489642496	0.00447345050497	0.00064437514199	3.71754889609e-05	0.000276750862265	0.00303599826514	0.0149817220513	0.00327557363845	0.00581176810756	0.0220202812945	1.65224395382e-05	0.000355232450071	0.00149528077821	0.0724674198145	0.00754662425907	0.0100043371404	0	3.71754889609e-05	0.00195790908528	0.00554327846507	0.000342840620418	0.000111526466883	0.000210661104112	0	0.00216030896962	4.13060988455e-06	0.000433714037878	0.00194964786551	0.000793077097833	0.00672463289205	0.000788946487949	6.60897581528e-05	0.000888081125178	1.65224395382e-05	0.00068981185072	6.60897581528e-05	0.000739379169334	0.000107395856998	8.2612197691e-06	2.47836593073e-05	0.00124331357525	0.00113178710837	0.00197443152481	0.00167289700324	0.00673289411182	8.2612197691e-06	5.36979284991e-05	0.000280881472149	0.00434540159855	0.00064437514199	0.000850905636217	4.13060988455e-06	2.89142691918e-05	5.36979284991e-05	0.000838513806564	0.00612982506867	0.00154071748694	0.00343666742395	0.00121439930606	0.000441975257647	0.000111526466883	7.84815878064e-05	0.000594807823375	0.00013631012619	0.000665028191412	0.000194138664574	0.00022718354365	8.2612197691e-05	4.13060988455e-06
0.0131766455317	9.50040273446e-05	0.000842644416448	0	0.000615460872798	0.000210661104112	0.00274272496334	0.014527354964	0.00724922034738	0.00271381069415	0.00520869906442	0.00210661104112	0.00245771288131	0.000375885499494	0.0204754331977	0.000256097812842	0.000239575373304	0.00118961564675	0.00022718354365	0.000805468927487	0.0027262025238	0.00310621863318	0.000958301493215	0.00352341023152	0.00357710816002	0.000128048906421	0.00100373820195	0.000532848675107	0.00754662425907	0.0586381379211	0.0151593382763	1.23918296536e-05	0.00127222784444	0.00960779859146	0.0194799562155	0.000198269274458	8.67428075755e-05	8.2612197691e-05	0	0.000371754889609	0	0.000194138664574	0.000892211735063	0.000388277329148	0.00223879055743	0.000210661104112	4.95673186146e-05	0.000251967202958	3.30448790764e-05	0.000495673186146	0	0.000161093785497	6.19591482682e-05	4.13060988455e-06	0	0.000210661104112	0.000198269274458	0.000309795741341	0.000384146719263	0.00204878250274	3.71754889609e-05	9.50040273446e-05	0.000115657076767	0.00204465189285	0.000429583427993	0.000235444763419	4.13060988455e-06	2.47836593073e-05	2.47836593073e-05	0.000417191598339	0.00610091079948	0.00147875833867	0.0109708998534	0.00225944360685	0.000656766971643	0.000656766971643	0.000268489642496	0.000322187570995	0.000107395856998	0.000322187570995	9.91346372292e-05	0.000169355005267	4.543670873e-05	2.47836593073e-05
0.00804229744522	0.000128048906421	0.00158615419567	0	4.13060988455e-05	1.23918296536e-05	0.000268489642496	0.00838926867552	0.00230488031558	0.00205704372251	0.000326318180879	0.000169355005267	7.84815878064e-05	2.06530494227e-05	0.00677006960078	3.30448790764e-05	0.000446105867531	0.00287903508953	2.89142691918e-05	0.000276750862265	8.2612197691e-05	0.0160763336707	0.0014704971189	0.00989694128338	0.00319296144076	8.2612197691e-06	0.000330448790764	0.000607199653029	0.0100043371404	0.0151593382763	0.0477415890456	0	1.65224395382e-05	0.00306491253434	0.00946735785539	0.000190008054689	5.78285383837e-05	0.000140440736075	0	7.84815878064e-05	0	6.19591482682e-05	0.000743509779219	0.000243705983188	0.00207769677193	6.19591482682e-05	2.06530494227e-05	0.000107395856998	0	0.000330448790764	4.13060988455e-06	0.000371754889609	9.91346372292e-05	0	8.2612197691e-06	7.02203680373e-05	0.000627852702452	0.000966562712985	0.00102026064148	0.00110287283917	4.13060988455e-06	4.543670873e-05	0.000185877444805	0.00172246432186	0.000285012082034	0.000400669158801	0	8.2612197691e-06	1.65224395382e-05	0.000297403911688	0.00501869100973	0.00134657882236	0.00429170367005	0.00164398273405	0.000161093785497	8.2612197691e-05	5.36979284991e-05	0.000334579400649	4.543670873e-05	0.000280881472149	0.000148701955844	0.000161093785497	3.30448790764e-05	0
