0.0285537595428	0	0	0	0	0	0.000533117243144	0.0116112935557	0.0123469953512	4.26493794515e-05	0.000458480829104	0	0	0	0.0220177421419	0	2.13246897258e-05	0	0	0	0	0.00269757325031	0	0.00283618373353	0.00199385848936	0	0	0	0.00326267752804	0.00582164029513	0.0159935172943	0	0	0.000127948138355	0.000266558621572	0	0	0	0	0	0	0	0	0	6.39740691773e-05	0	0	0	0	0	0	0	0	0	0	0	0	0	0	5.33117243144e-05	0	0	0	5.33117243144e-05	0	0	0	0	0	0	0	0	0.000159935172943	5.33117243144e-05	0	0	0	0	0	0	0	0	0	0
0	0.0282125645072	0.00155670234998	0	0	0	0	0	0	0.000511792553418	0	0	0	3.19870345886e-05	0	0	0	0.000490467863693	0	1.06623448629e-05	0	0	0.00404102870303	8.52987589031e-05	0.00151405297053	0.000426493794515	0.00536315946603	0.0214099884847	0	0	0	0	0	0	2.13246897258e-05	0	0.0184885059922	0	0	0	0	0	0	0	6.39740691773e-05	0	0	0	0	0	0	0.000170597517806	0.000159935172943	0	0.000991598072248	0	0	0.000266558621572	0	8.52987589031e-05	0.00151405297053	0.00124749434896	0.0206422996545	0	0	0	0	0	0	1.06623448629e-05	0.000266558621572	2.13246897258e-05	6.39740691773e-05	3.19870345886e-05	0	0	0	5.33117243144e-05	7.46364140402e-05	2.13246897258e-05	0	0	0	0
0	0.00155670234998	0.0355056083934	0	0	0	0	0	0	0	0	0	0	1.06623448629e-05	0	0	2.13246897258e-05	0.00452083422186	0	0	0	0	0.000959611037659	0.0109822152088	0	0	0.00665330319444	0.0140423081844	0	0	4.26493794515e-05	0	0	0	7.46364140402e-05	0	0.00280419669894	0.000469143173967	0	0	0	0	0	0	0	0	0	0	0	0	0	0	0	0	0	0	0	0.00378513242632	0.000181259862669	0	0	0	0.0102571757581	0	0	0	0	0	0	0	0.000501130208555	0.000191922207532	0.000351857380475	0.000277220966435	0	0	0	6.39740691773e-05	0.000106623448629	1.06623448629e-05	0.000127948138355	0	0	0
0	0	0	0	0	0	0	0	0	0	0	0	0	0	0	0	0	0	0	0	0	0	0	0	0	0	0	0	0	0	0	0	0	0	0	0	0	0	0	0	0	0	0	0	0	0	0	0	0	0	0	0	0	0	0	0	0	0	0	0	0	0	0	0	0	0	0	0	0	0	0	0	0	0	0	0	0	0	0	0	0	0	0	0
0	0	0	0	0.0113234102444	0	0.000789013519853	0	0.000117285793492	0.00124749434896	0.000191922207532	0.000223909242121	0.00480871753316	2.13246897258e-05	0	0.000938286347934	0	0	0.000298545656161	7.46364140402e-05	0.00589627670917	0	0	0	0.00546978291466	0	0.000650403036636	0	0.00538448415576	0.000234571586983	0	0	0	0	0.000863649933893	0	0	0	0	0.00106623448629	0	0	0	0	0.000437156139378	8.52987589031e-05	0	0.000916961658208	0	0	0	0	0	0	0	0.0016953128332	0	0	0	0.000725039450676	0	0	0	0.000970273382522	0	0	0	0	0	0	3.19870345886e-05	3.19870345886e-05	0.000821000554442	0	0.000277220966435	0	0	0	0	0	0	0	0	0
0	0	0	0	0	0.0062054847102	0.00152471531539	1.06623448629e-05	0.000458480829104	0.00173796221265	2.13246897258e-05	0	0	0	0	0.00220710538662	0	0	0	0	1.06623448629e-05	0	0	4.26493794515e-05	0.00125815669382	0	0	6.39740691773e-05	2.13246897258e-05	1.06623448629e-05	0	0	0.00322002814859	0	0.000170597517806	0	0	0	0	0	0	0	0	0	9.59611037659e-05	0	0	2.13246897258e-05	0	0	0	0	0	0	0	5.33117243144e-05	0	0	0	8.52987589031e-05	0	0	0.000234571586983	6.39740691773e-05	0	0	0	0	0	1.06623448629e-05	0.000895636968482	0	0.000511792553418	9.59611037659e-05	0.00303876828592	0.00214313131744	0	1.06623448629e-05	1.06623448629e-05	4.26493794515e-05	6.39740691773e-05	0	0	0
0.000533117243144	0	0	0	0.000789013519853	0.00152471531539	0.0401970401331	0.0111634750714	0.0206742866891	0.000245233931846	0.0192988442018	0.00055444193287	0.00685588774683	0.000117285793492	0.00391308056468	0.00214313131744	0	0	8.52987589031e-05	1.06623448629e-05	0.00445686015268	0	0	0	0.000255896276709	0	0.000821000554442	0	0.00625879643451	0.00152471531539	5.33117243144e-05	0	0.00433957435919	3.19870345886e-05	0.00170597517806	0	0	0	0	2.13246897258e-05	0	0	0	0	0.000127948138355	0	0	2.13246897258e-05	0	0	0	0	0	0	0	5.33117243144e-05	0	0	0	0.000245233931846	0	0	0	0.00014927282808	0	0	0	0	0	0	0.00115153324519	0.00014927282808	0.00377447008146	0.000639740691773	0.00123683200409	0.000127948138355	0	0	0	0	0	0	0	0
0.0116112935557	0	0	0	0	1.06623448629e-05	0.0111634750714	0.0592613127479	0.0167825308142	0.000671727726362	0.01282680087	4.26493794515e-05	1.06623448629e-05	2.13246897258e-05	0.016793193159	0.000341195035612	0	0	2.13246897258e-05	0.000639740691773	0	0.000511792553418	0	1.06623448629e-05	0.00304943063078	0	0.000330532690749	2.13246897258e-05	0.0288629675438	0.00907365547831	0.0130826971468	0	0.000362519725338	0.00400904166844	0.00320936580373	0	0	0	0	0.000170597517806	0	0	0	0	0.000821000554442	0.000565104277733	0	0	0	0	0	0	0	0	0	0.000618416002047	0	0	0	0.00234571586983	0	0	0	0.00179127393696	0	0	0	0	0	0	0.000202584552395	0	0.00485136691261	0.00175928690238	0	4.26493794515e-05	0	0	0	0	0	0	0	0
0.0123469953512	0	0	0	0.000117285793492	0.000458480829104	0.0206742866891	0.0167825308142	0.0460400051179	0	0.0150232439118	0.000874312278756	0.00390241821981	0.00014927282808	0.0196507015823	2.13246897258e-05	2.13246897258e-05	0	0.000746364140402	2.13246897258e-05	0.00446752249755	0.00267624856058	0	0.00274022262976	0.00218578069689	0	0.0023563782147	0	0.00762357657696	0.00625879643451	0.00766622595641	0	0.00383844415064	3.19870345886e-05	0.00330532690749	0	0	0	0	0	0	0	0	0	0	0	0	0	0	0	0	0	0	0	0	0	0	0	0	0	0	0	0	0	0	0	0	0	0	0	0.000127948138355	0.000181259862669	0.00329466456263	5.33117243144e-05	0	0	0	0	0	0	0	0	0	0
4.26493794515e-05	0.000511792553418	0	0	0.00124749434896	0.00173796221265	0.000245233931846	0.000671727726362	0	0.0429585874526	0.000415831449652	0	0.00106623448629	1.06623448629e-05	8.52987589031e-05	0.00270823559517	0.0110675139677	0	1.06623448629e-05	0	0.00055444193287	0.000650403036636	0.0100012794814	0.00560839339788	0.0183712201987	8.52987589031e-05	3.19870345886e-05	0.0027295602849	0.00767688830128	0.000735701795539	0.00047980551883	0	0.000447818484241	0.000469143173967	0.00344393739071	0.000127948138355	0	2.13246897258e-05	0	0.00173796221265	0	0	0	0	0.0146607241865	0.00189789738559	1.06623448629e-05	0.000618416002047	0	2.13246897258e-05	0	0.0079860963023	0	0	2.13246897258e-05	0.00478739284343	0.00586428967459	0.0154284130166	0.00791145988826	0.0146820488762	3.19870345886e-05	0	0.00212180662771	0.00613084829616	0.000575766622596	1.06623448629e-05	0	0	0.00040516910479	0.000170597517806	0.00326267752804	4.26493794515e-05	0.00139676717704	0.000437156139378	0.00340128801126	0.000661065381499	0	0.000543779588007	0	0.000277220966435	0.000202584552395	0.000106623448629	4.26493794515e-05	0
0.000458480829104	0	0	0	0.000191922207532	2.13246897258e-05	0.0192988442018	0.01282680087	0.0150232439118	0.000415831449652	0.0361133620506	0.00108755917601	0.00351857380475	8.52987589031e-05	0.00626945877937	0.000266558621572	0	0	0.000618416002047	0.000821000554442	0.00632277050369	0	0	1.06623448629e-05	0	0	0.00179127393696	2.13246897258e-05	0.00763423892182	0.00437156139378	0	0	0.00265492387086	3.19870345886e-05	0.0037638077366	0	0	0	0	5.33117243144e-05	0	0	0	0	0.000362519725338	0.00040516910479	0	2.13246897258e-05	0	0	0	0	0	0	0	0.000437156139378	0	0	0	0.00040516910479	0	0	0	0	0	0	0	0	0	0	0.000383844415064	0.000159935172943	0.00454215891159	0.000543779588007	0	0	0	3.19870345886e-05	0	0	0	0	0	0
0	0	0	0	0.000223909242121	0	0.00055444193287	4.26493794515e-05	0.000874312278756	0	0.00108755917601	0.0213780014501	0.00462745767049	0.00320936580373	0.000575766622596	0	0	0	0.003188041114	0.00275088497462	0.00445686015268	0	0	0	5.33117243144e-05	0.00014927282808	0.00682390071224	0	0.000223909242121	0.00679191367766	0	1.06623448629e-05	0.00205783255854	1.06623448629e-05	0.0128801125944	0	0	0	0	0	0	0	0	0	0	0	8.52987589031e-05	0	0	1.06623448629e-05	0	0	0	0	0	0	0	0	0	0	0	0	0	0	1.06623448629e-05	0	0	1.06623448629e-05	0	1.06623448629e-05	0.000639740691773	0.00284684607839	0.00712244636841	0.000266558621572	0	0.000138610483217	0.00107689683115	0	7.46364140402e-05	1.06623448629e-05	0	1.06623448629e-05	0	7.46364140402e-05
0	0	0	0	0.00480871753316	0	0.00685588774683	1.06623448629e-05	0.00390241821981	0.00106623448629	0.00351857380475	0.00462745767049	0.0317844500363	0.000127948138355	0.0025269757325	0.00277220966435	0	0	0.00507527615473	0.00259094980168	0.0242141851836	0	0	0	0.00375314539173	0	0.00841259009681	0	0.00261227449141	0.0107583059666	0	0	0.000948948692797	1.06623448629e-05	0.0134132298375	0	0	0	0	2.13246897258e-05	1.06623448629e-05	0.000202584552395	0	3.19870345886e-05	3.19870345886e-05	0.000159935172943	9.59611037659e-05	0.000895636968482	0	0.000138610483217	3.19870345886e-05	0	0	0	0	0.000159935172943	0	0	0	3.19870345886e-05	0	2.13246897258e-05	0	0.000159935172943	0.00014927282808	0	0	1.06623448629e-05	0	0.000138610483217	0.000117285793492	0.000170597517806	0.0104704226554	6.39740691773e-05	0.000810338209579	0	0	0	0	0	0	0	0	0
0	3.19870345886e-05	1.06623448629e-05	0	2.13246897258e-05	0	0.000117285793492	2.13246897258e-05	0.00014927282808	1.06623448629e-05	8.52987589031e-05	0.00320936580373	0.000127948138355	0.0140849575639	4.26493794515e-05	0	0	0	0	0	6.39740691773e-05	0	2.13246897258e-05	1.06623448629e-05	3.19870345886e-05	0.00757026485265	0.00148206593594	0.00374248304687	4.26493794515e-05	0.000575766622596	0	0.000639740691773	0.000671727726362	3.19870345886e-05	0.00122616965923	0	0	0	0	0	0	0	0	0	0	0	0.0014927282808	0	0.00230306649038	0	0	0	0	0	0	0	0	0	0	0	0.00135411779759	7.46364140402e-05	0.000426493794515	0	0	0	1.06623448629e-05	0	0	0	3.19870345886e-05	0.00219644304175	0.00172729986779	0.000234571586983	0	8.52987589031e-05	0.00102358510684	0	0.00233505352497	0	0	0	0	0.000895636968482
0.0220177421419	0	0	0	0	0	0.00391308056468	0.016793193159	0.0196507015823	8.52987589031e-05	0.00626945877937	0.000575766622596	0.0025269757325	4.26493794515e-05	0.0478419413998	0	2.13246897258e-05	0	0	0	0.00403036635817	0.00243101462874	0	0.00221776773148	0.00503262677528	0	0.000362519725338	0	0.00738900498998	0.0173049857125	0.01594020557	0	0.00326267752804	0.00131146841813	0.000789013519853	0	0	0	0	0	0	0	0	0	0.00014927282808	0	0	0	0	0	0	0	0	0	0	0	0	0	0	0.000117285793492	0	0	0	0.000106623448629	0	0	0	0	0	0	0	5.33117243144e-05	0.000607753657184	2.13246897258e-05	0	0.000170597517806	0	0	0	0	0	1.06623448629e-05	1.06623448629e-05	0
0	0	0	0	0.000938286347934	0.00220710538662	0.00214313131744	0.000341195035612	2.13246897258e-05	0.00270823559517	0.000266558621572	0	0.00277220966435	0	0	0.00890305796051	0	0	0	0	0.00182326097155	0	0	0	0.00227107945579	0	0	0	0.00139676717704	0.000245233931846	5.33117243144e-05	0	0.00040516910479	0	6.39740691773e-05	0	0	0	0	2.13246897258e-05	0	0	0	0	0.000447818484241	0	0	0.000127948138355	0	0	0	0	0	0	0	0.000245233931846	0	0	0	0.000437156139378	0	0	0	0.000223909242121	0	0	0	0	0	1.06623448629e-05	0.000138610483217	0	0.000490467863693	0.00040516910479	0.00520322429309	0.000618416002047	0	0	0	3.19870345886e-05	3.19870345886e-05	0	0	0
2.13246897258e-05	0	2.13246897258e-05	0	0	0	0	0	2.13246897258e-05	0.0110675139677	0	0	0	0	2.13246897258e-05	0	0.023638418561	4.26493794515e-05	0	0.000245233931846	0	0.00254830042223	0.011120825692	0.00735701795539	0.00518189960336	0	0.000309208001024	0.00435023670406	0.00108755917601	2.13246897258e-05	2.13246897258e-05	0	0	0	0.00047980551883	0	0	9.59611037659e-05	0	0	0	0	0	0	6.39740691773e-05	0	0	0	0	0	0	0.00567236746705	0	0	0	0	0.00580031560541	0.0129547490084	0.00871113575297	0.000170597517806	0	0	0.00223909242121	8.52987589031e-05	0	0	0	0	0	0	0.00274022262976	0.000362519725338	0.000970273382522	0.000863649933893	0.000181259862669	0	0	0.000287883311298	0.00014927282808	2.13246897258e-05	0.000159935172943	0	0	0
0	0.000490467863693	0.00452083422186	0	0	0	0	0	0	0	0	0	0	0	0	0	4.26493794515e-05	0.0235317951124	0	0.00428626263488	0	0.00323069049345	0	0.00783682347422	4.26493794515e-05	0	0.00510726318932	0.000735701795539	4.26493794515e-05	0.000362519725338	0.00187657269587	0	0	0	0.00859384995948	0	0.00014927282808	0	0	0	0	0	0	0	0	0	0	0	0	0	0	0	0.000469143173967	0	0.000319870345886	0	0	0	0	0	0	0	0.00173796221265	0	0	0	0	0	0	7.46364140402e-05	0.000575766622596	0.000170597517806	0.00460613298077	0.000138610483217	0	0	0	0.000341195035612	0.000106623448629	3.19870345886e-05	7.46364140402e-05	0	0	0
0	0	0	0	0.000298545656161	0	8.52987589031e-05	2.13246897258e-05	0.000746364140402	1.06623448629e-05	0.000618416002047	0.003188041114	0.00507527615473	0	0	0	0	0	0.00953213630742	0.0014927282808	0.00548044525952	0	0	0	0.00040516910479	0	0.00514991256877	0.000458480829104	0.000277220966435	0.00309208001024	0	0	0	0	0.00645071864204	0	0	0	0	0	0	0	0	0	0	1.06623448629e-05	0	2.13246897258e-05	0	0	0	0	0	1.06623448629e-05	1.06623448629e-05	1.06623448629e-05	0	0	0	0.000106623448629	2.13246897258e-05	0.000213246897258	0.000213246897258	7.46364140402e-05	0	0	0	0	0	1.06623448629e-05	0.000373182070201	0.00055444193287	0.00521388663795	2.13246897258e-05	0	0	0	2.13246897258e-05	0	2.13246897258e-05	0	0	0	0
0	1.06623448629e-05	0	0	7.46364140402e-05	0	1.06623448629e-05	0.000639740691773	2.13246897258e-05	0	0.000821000554442	0.00275088497462	0.00259094980168	0	0	0	0.000245233931846	0.00428626263488	0.0014927282808	0.0275834861603	0.00285750842325	0.000106623448629	0	0.000799675864716	2.13246897258e-05	0	0.0168678295731	0.00129014372841	0.00156736469484	0.00240968993901	0	0	1.06623448629e-05	7.46364140402e-05	0.0144261525995	0	0	0	0	0	0	0	0	0	0	0	0	0	0	0	0	0	0	0	0.00040516910479	0	0	1.06623448629e-05	0	0	0	9.59611037659e-05	0.000234571586983	0	0	0	0	0	0	0	0.00751695312833	0.00638674457287	0.0103211498273	0.000181259862669	0	0	0	0.000223909242121	0.000138610483217	0	7.46364140402e-05	0	0	0
0	0	0	0	0.00589627670917	1.06623448629e-05	0.00445686015268	0	0.00446752249755	0.00055444193287	0.00632277050369	0.00445686015268	0.0242141851836	6.39740691773e-05	0.00403036635817	0.00182326097155	0	0	0.00548044525952	0.00285750842325	0.0324135283832	0	0	0	0.00431824966947	0	0.00832729133791	0	0.00346526208044	0.0113127478995	0	0	0.00130080607327	0	0.0136478014245	0	0	0	0	0	0	0.000117285793492	0	0	2.13246897258e-05	0.000191922207532	0.000106623448629	0.000309208001024	0	6.39740691773e-05	0	0	0	0	0	2.13246897258e-05	0	0	0	2.13246897258e-05	0	1.06623448629e-05	0	1.06623448629e-05	7.46364140402e-05	0	0	1.06623448629e-05	0	0.000138610483217	0.000255896276709	0.000138610483217	0.0113767219687	0.000245233931846	0.00055444193287	0	0	1.06623448629e-05	0	0	0	0	0	0
0.00269757325031	0	0	0	0	0	0	0.000511792553418	0.00267624856058	0.000650403036636	0	0	0	0	0.00243101462874	0	0.00254830042223	0.00323069049345	0	0.000106623448629	0	0.0420416257943	0.000170597517806	0.0214206508295	0.001322130763	0	2.13246897258e-05	1.06623448629e-05	0.00938286347934	0.00122616965923	0.0236597432507	0	0	0	0.00593892608863	0	0	9.59611037659e-05	0	0	0	0	0	0	0	0	0	0	0	0	0	0.000746364140402	0	0	0	0	0.000138610483217	0.000831662899305	0.000799675864716	1.06623448629e-05	0	0	9.59611037659e-05	1.06623448629e-05	0	0	0	0	0	0	0.000682390071224	1.06623448629e-05	0.00336930097667	0.000725039450676	0.000159935172943	0	0	2.13246897258e-05	2.13246897258e-05	0	0.000127948138355	0	0	0
0	0.00404102870303	0.000959611037659	0	0	0	0	0	0	0.0100012794814	0	0	0	2.13246897258e-05	0	0	0.011120825692	0	0	0	0	0.000170597517806	0.0294067471318	0.00189789738559	0.00648270567663	0.000341195035612	1.06623448629e-05	0.0144581396341	0.000138610483217	0	0	0	0	0	0.000319870345886	0	0.00382778180577	1.06623448629e-05	0	0	0	0	0	0	0	0	0	0	0	0	0	0.00344393739071	0	0	1.06623448629e-05	0	0.00493666567151	0.0126455410074	0.00481937987802	0.000394506759927	6.39740691773e-05	0	0.00765556361155	1.06623448629e-05	0	0	0	0	0	0	0.001322130763	0	0	0	0	0	0	0.000373182070201	3.19870345886e-05	1.06623448629e-05	0	0	0	0
0.00283618373353	8.52987589031e-05	0.0109822152088	0	0	4.26493794515e-05	0	1.06623448629e-05	0.00274022262976	0.00560839339788	1.06623448629e-05	0	0	1.06623448629e-05	0.00221776773148	0	0.00735701795539	0.00783682347422	0	0.000799675864716	0	0.0214206508295	0.00189789738559	0.0919947114769	2.13246897258e-05	0	0.000938286347934	0.0186804281998	4.26493794515e-05	0.00070371476095	0.0115579818314	0	8.52987589031e-05	1.06623448629e-05	0.00828464195846	0	0	0.00333731394208	0	0	0	0	0	0	3.19870345886e-05	0	0	0	0	0	0	0.00558706870815	3.19870345886e-05	0	3.19870345886e-05	0	0.00106623448629	0.0126455410074	0.00713310871327	0.000138610483217	0	0	0.0119418262464	0.000127948138355	0	0	0	0	0	0.000341195035612	0.00927624003071	0.0019831961445	0.0123043459718	0.00921226596153	0.00250565104278	6.39740691773e-05	0	0.000298545656161	0.000266558621572	0.000746364140402	0.00176994924724	0	0	0
0.00199385848936	0.00151405297053	0	0	0.00546978291466	0.00125815669382	0.000255896276709	0.00304943063078	0.00218578069689	0.0183712201987	0	5.33117243144e-05	0.00375314539173	3.19870345886e-05	0.00503262677528	0.00227107945579	0.00518189960336	4.26493794515e-05	0.00040516910479	2.13246897258e-05	0.00431824966947	0.001322130763	0.00648270567663	2.13246897258e-05	0.0597517806116	0.000127948138355	0.000127948138355	0.00248432635305	0.0243527956668	0.00823133023415	0.0094788245831	0	0.000341195035612	0.0031027423551	0.00729304388621	1.06623448629e-05	0	0.000373182070201	0	0.000383844415064	0	0	0	0	0.0132532946646	0.000213246897258	0	0.000106623448629	0	0	0	0.000735701795539	0	0	0	0.00165266345375	0.00199385848936	0.00286817076812	0.00187657269587	0.0153644389474	0	0	0.000287883311298	0.00870047340811	1.06623448629e-05	0	0	0	0	0	0.00396639228899	1.06623448629e-05	0.00464878236022	0.00211114428285	0.00246300166333	0.000533117243144	0	0.000181259862669	4.26493794515e-05	2.13246897258e-05	8.52987589031e-05	1.06623448629e-05	1.06623448629e-05	0
0	0.000426493794515	0	0	0	0	0	0	0	8.52987589031e-05	0	0.00014927282808	0	0.00757026485265	0	0	0	0	0	0	0	0	0.000341195035612	0	0.000127948138355	0.0117072546594	0.00251631338764	0.00489401629206	0	1.06623448629e-05	0	0.00108755917601	7.46364140402e-05	0	9.59611037659e-05	0	0	0	0	0	0	0	0	0	0	0	0.0014074295219	0	0.00380645711605	0	0	0	0	0	0	0	0	0	0	0	0.00265492387086	0.00062907834691	0.00145007890135	0	0	0	5.33117243144e-05	1.06623448629e-05	0	1.06623448629e-05	0	0.000831662899305	0.000223909242121	0	0	0	0.000394506759927	0	0.00258028745682	0	0	0	0	0.000991598072248
0	0.00536315946603	0.00665330319444	0	0.000650403036636	0	0.000821000554442	0.000330532690749	0.0023563782147	3.19870345886e-05	0.00179127393696	0.00682390071224	0.00841259009681	0.00148206593594	0.000362519725338	0	0.000309208001024	0.00510726318932	0.00514991256877	0.0168678295731	0.00832729133791	2.13246897258e-05	1.06623448629e-05	0.000938286347934	0.000127948138355	0.00251631338764	0.0860984347678	0.017336972747	0.00101292276197	0.00617349767561	0	0.00212180662771	0.000725039450676	3.19870345886e-05	0.0166225956412	0	0.00382778180577	0	0	5.33117243144e-05	0	0	0	0	0.00014927282808	0.000362519725338	0.000213246897258	4.26493794515e-05	0.0033906256664	1.06623448629e-05	0	0.00014927282808	0.00145007890135	2.13246897258e-05	0.00447818484241	0.000373182070201	0	0.000223909242121	0	0.000543779588007	0.00142875421163	0.00759158954237	0.00822066788928	0.000159935172943	1.06623448629e-05	0	0.00159935172943	1.06623448629e-05	0	0.000298545656161	0.0116965923146	0.0132532946646	0.0166652450207	0.000661065381499	0	5.33117243144e-05	0.000799675864716	0.0016100140743	0.00349724911503	0.000117285793492	7.46364140402e-05	1.06623448629e-05	0	4.26493794515e-05
0	0.0214099884847	0.0140423081844	0	0	6.39740691773e-05	0	2.13246897258e-05	0	0.0027295602849	2.13246897258e-05	0	0	0.00374248304687	0	0	0.00435023670406	0.000735701795539	0.000458480829104	0.00129014372841	0	1.06623448629e-05	0.0144581396341	0.0186804281998	0.00248432635305	0.00489401629206	0.017336972747	0.105407941314	5.33117243144e-05	0	4.26493794515e-05	0.000341195035612	0.000117285793492	0	0.000255896276709	0	0.0222523137288	0.000852987589031	0	0	0	0	0	0	9.59611037659e-05	0	3.19870345886e-05	0	0.000916961658208	0	0	0.00265492387086	0.000106623448629	1.06623448629e-05	0.00014927282808	0	1.06623448629e-05	0.0235317951124	0.00218578069689	0.00014927282808	0.00598157546808	0.00852987589031	0.0548364396298	2.13246897258e-05	0	0	0.00040516910479	0	0	0.000106623448629	0.00453149656672	0.00133279310786	0.00237770290442	0.00203650786881	0	8.52987589031e-05	7.46364140402e-05	0.000117285793492	0.000170597517806	0.000191922207532	0.00047980551883	0	0	8.52987589031e-05
0.00326267752804	0	0	0	0.00538448415576	2.13246897258e-05	0.00625879643451	0.0288629675438	0.00762357657696	0.00767688830128	0.00763423892182	0.000223909242121	0.00261227449141	4.26493794515e-05	0.00738900498998	0.00139676717704	0.00108755917601	4.26493794515e-05	0.000277220966435	0.00156736469484	0.00346526208044	0.00938286347934	0.000138610483217	4.26493794515e-05	0.0243527956668	0	0.00101292276197	5.33117243144e-05	0.0863436686996	0.0119844756259	0.021303365036	0	0.000373182070201	0.00573634153623	0.0116859299697	0	0	0.000287883311298	0	0.00265492387086	0	0	0	0	0.010577046104	0.00255896276709	0	0.000437156139378	0	0	0	0.000106623448629	0	0	0	0.00624813408965	0.000117285793492	0.000191922207532	0.000309208001024	0.0206529619994	0	0	0.000202584552395	0.0141809186676	0	0	0	0	0	0	0.00237770290442	2.13246897258e-05	0.0128374632149	0.004510171877	0.000522454898281	5.33117243144e-05	0	5.33117243144e-05	0	2.13246897258e-05	6.39740691773e-05	0	0	0
0.00582164029513	0	0	0	0.000234571586983	1.06623448629e-05	0.00152471531539	0.00907365547831	0.00625879643451	0.000735701795539	0.00437156139378	0.00679191367766	0.0107583059666	0.000575766622596	0.0173049857125	0.000245233931846	2.13246897258e-05	0.000362519725338	0.00309208001024	0.00240968993901	0.0113127478995	0.00122616965923	0	0.00070371476095	0.00823133023415	1.06623448629e-05	0.00617349767561	0	0.0119844756259	0.0503689171323	0.0157589457073	0	0.00306009297565	0.00849788885572	0.0184138695782	1.06623448629e-05	0	3.19870345886e-05	0	0	0	0	0	0	0.00136478014245	0	0	0	0	0	0	2.13246897258e-05	0	0	2.13246897258e-05	0	0	0	0	0.000319870345886	0	0	1.06623448629e-05	0.000415831449652	0.000138610483217	1.06623448629e-05	0	0	8.52987589031e-05	1.06623448629e-05	7.46364140402e-05	0.000181259862669	0.0125389175587	0.00200452083422	1.06623448629e-05	0.000138610483217	1.06623448629e-05	0.000234571586983	0	6.39740691773e-05	0.000106623448629	0.000106623448629	8.52987589031e-05	0
0.0159935172943	0	4.26493794515e-05	0	0	0	5.33117243144e-05	0.0130826971468	0.00766622595641	0.00047980551883	0	0	0	0	0.01594020557	5.33117243144e-05	2.13246897258e-05	0.00187657269587	0	0	0	0.0236597432507	0	0.0115579818314	0.0094788245831	0	0	4.26493794515e-05	0.021303365036	0.0157589457073	0.0671407856016	0	0	0.004510171877	0.00618416002047	1.06623448629e-05	0	4.26493794515e-05	0	0	0	0	0	0	0.00055444193287	0	0	0	0	0	0	2.13246897258e-05	0	0	1.06623448629e-05	0	0	0	1.06623448629e-05	0.000266558621572	0	0	0.000117285793492	0.000319870345886	0.000117285793492	1.06623448629e-05	0	0	6.39740691773e-05	1.06623448629e-05	3.19870345886e-05	0	0.00293214483729	0.000927624003071	6.39740691773e-05	0	0	0	0	2.13246897258e-05	4.26493794515e-05	1.06623448629e-05	1.06623448629e-05	0
0	0	0	0	0	0	0	0	0	0	0	1.06623448629e-05	0	0.000639740691773	0	0	0	0	0	0	0	0	0	0	0	0.00108755917601	0.00212180662771	0.000341195035612	0	0	0	0.00240968993901	0	0	0	0	0	0	0	0	0	0	0	0	0	0	4.26493794515e-05	0	0.00148206593594	0	0	0	0	0	0	0	0	0	0	0	0.000170597517806	0.000117285793492	0.000341195035612	0	0	0	0.000341195035612	0	0	0	0	8.52987589031e-05	0	0	0	0	0	0	0.000415831449652	0	0	0	0	0
0	0	0	0	0	0.00322002814859	0.00433957435919	0.000362519725338	0.00383844415064	0.000447818484241	0.00265492387086	0.00205783255854	0.000948948692797	0.000671727726362	0.00326267752804	0.00040516910479	0	0	0	1.06623448629e-05	0.00130080607327	0	0	8.52987589031e-05	0.000341195035612	7.46364140402e-05	0.000725039450676	0.000117285793492	0.000373182070201	0.00306009297565	0	0	0.0124749434896	0	0.00293214483729	0	0	0	0	0	0	0	0	0	1.06623448629e-05	0	0	1.06623448629e-05	0	0	0	0	0	0	0	1.06623448629e-05	0	0	0	2.13246897258e-05	0	0	2.13246897258e-05	1.06623448629e-05	0	0	0	0	0	0	0.00183392331642	0.000117285793492	0.00380645711605	0.000437156139378	0.00105557214143	0.00240968993901	4.26493794515e-05	1.06623448629e-05	2.13246897258e-05	0	0	0	0	0
0.000127948138355	0	0	0	0	0	3.19870345886e-05	0.00400904166844	3.19870345886e-05	0.000469143173967	3.19870345886e-05	1.06623448629e-05	1.06623448629e-05	3.19870345886e-05	0.00131146841813	0	0	0	0	7.46364140402e-05	0	0	0	1.06623448629e-05	0.0031027423551	0	3.19870345886e-05	0	0.00573634153623	0.00849788885572	0.004510171877	0	0	0.0102465134132	0.00514991256877	1.06623448629e-05	0	0	0	0	0	0	0	0	0.000639740691773	0	0	0	0	0	0	1.06623448629e-05	0	0	2.13246897258e-05	0	0	0	0	0.000138610483217	0	0	1.06623448629e-05	0.000234571586983	0.000117285793492	1.06623448629e-05	0	0	6.39740691773e-05	1.06623448629e-05	9.59611037659e-05	1.06623448629e-05	0.00349724911503	0.000511792553418	0	0	0	3.19870345886e-05	0	5.33117243144e-05	7.46364140402e-05	1.06623448629e-05	1.06623448629e-05	0
0.000266558621572	2.13246897258e-05	7.46364140402e-05	0	0.000863649933893	0.000170597517806	0.00170597517806	0.00320936580373	0.00330532690749	0.00344393739071	0.0037638077366	0.0128801125944	0.0134132298375	0.00122616965923	0.000789013519853	6.39740691773e-05	0.00047980551883	0.00859384995948	0.00645071864204	0.0144261525995	0.0136478014245	0.00593892608863	0.000319870345886	0.00828464195846	0.00729304388621	9.59611037659e-05	0.0166225956412	0.000255896276709	0.0116859299697	0.0184138695782	0.00618416002047	0	0.00293214483729	0.00514991256877	0.0650509660084	0.000117285793492	0	0.000277220966435	0	5.33117243144e-05	0	0	0	0	0.00344393739071	0.000362519725338	0	4.26493794515e-05	0	2.13246897258e-05	0	0.000661065381499	1.06623448629e-05	0	2.13246897258e-05	0.000373182070201	8.52987589031e-05	0.000543779588007	0.000266558621572	0.00165266345375	0	0	0.000426493794515	0.00141809186676	0.000533117243144	1.06623448629e-05	0	0	0.000373182070201	0.000159935172943	0.00363585959824	0.00040516910479	0.0392907408197	0.00308141766537	0.000170597517806	0.000682390071224	7.46364140402e-05	0.000170597517806	0	0.000309208001024	0.000298545656161	4.26493794515e-05	3.19870345886e-05	0
0	0	0	0	0	0	0	0	0	0.000127948138355	0	0	0	0	0	0	0	0	0	0	0	0	0	0	1.06623448629e-05	0	0	0	0	1.06623448629e-05	1.06623448629e-05	0	0	1.06623448629e-05	0.000117285793492	0.0192028830981	0	8.52987589031e-05	0	0	0	6.39740691773e-05	0.00781549878449	0.000138610483217	0.000127948138355	0.000106623448629	0	0	0	0.0109502281742	3.19870345886e-05	0.00199385848936	0	0	0	0	0.00155670234998	2.13246897258e-05	0.00180193628183	0.00319870345886	0	0	0	0.00875378513243	0.00777284940504	0.00523521132768	0	0	0.000415831449652	2.13246897258e-05	7.46364140402e-05	0	2.13246897258e-05	0	0	0	0	0	0	0	0	0	0	0
0	0.0184885059922	0.00280419669894	0	0	0	0	0	0	0	0	0	0	0	0	0	0	0.00014927282808	0	0	0	0	0.00382778180577	0	0	0	0.00382778180577	0.0222523137288	0	0	0	0	0	0	0	0	0.0387362988869	0	0	0	4.26493794515e-05	0	0	0	0.0014927282808	0	6.39740691773e-05	0.000159935172943	0.00188723504073	0	0.000191922207532	0.00389175587495	0	0	7.46364140402e-05	0	4.26493794515e-05	0.00870047340811	0.000191922207532	0.00279353435408	0.00908431782318	0.00141809186676	0.036081375016	0	0	0	0	0	0	0	0	0	0	0	0	0	0	0	0	0	0	4.26493794515e-05	0	0
0	0	0.000469143173967	0	0	0	0	0	0	2.13246897258e-05	0	0	0	0	0	0	9.59611037659e-05	0	0	0	0	9.59611037659e-05	1.06623448629e-05	0.00333731394208	0.000373182070201	0	0	0.000852987589031	0.000287883311298	3.19870345886e-05	4.26493794515e-05	0	0	0	0.000277220966435	8.52987589031e-05	0	0.0364119077067	0	0	0	0	0.00121550731437	0.00124749434896	2.13246897258e-05	0	1.06623448629e-05	0	0	0.000138610483217	0	2.13246897258e-05	0.00378513242632	1.06623448629e-05	0	0	0.00119418262464	4.26493794515e-05	0.014927282808	4.26493794515e-05	0	0.00348658677016	0.0114513583827	4.26493794515e-05	0	0.000501130208555	0	0	0	0.00062907834691	0.000117285793492	0	0.001322130763	0.0019831961445	0.000127948138355	0	0	0.000938286347934	3.19870345886e-05	0.00180193628183	0.000501130208555	2.13246897258e-05	0	0
0	0	0	0	0	0	0	0	0	0	0	0	0	0	0	0	0	0	0	0	0	0	0	0	0	0	0	0	0	0	0	0	0	0	0	0	0	0	0	0	0	0	0	0	0	0	0	0	0	0	0	0	0	0	0	0	0	0	0	0	0	0	0	0	0	0	0	0	0	0	0	0	0	0	0	0	0	0	0	0	0	0	0	0
0	0	0	0	0.00106623448629	0	2.13246897258e-05	0.000170597517806	0	0.00173796221265	5.33117243144e-05	0	2.13246897258e-05	0	0	2.13246897258e-05	0	0	0	0	0	0	0	0	0.000383844415064	0	5.33117243144e-05	0	0.00265492387086	0	0	0	0	0	5.33117243144e-05	0	0	0	0	0.0120271250053	0.000213246897258	0.000298545656161	0	0	0.000757026485265	0.00371049601228	0.000607753657184	0.00621614705506	0	2.13246897258e-05	0.000298545656161	0	0	8.52987589031e-05	4.26493794515e-05	0.0109502281742	0	0	0	0.00374248304687	0	0	0	0.00433957435919	0.000277220966435	0	0	2.13246897258e-05	0	0.0010342474517	2.13246897258e-05	0	5.33117243144e-05	0	2.13246897258e-05	0	0	0.000362519725338	0	0.000511792553418	1.06623448629e-05	0.000138610483217	6.39740691773e-05	0
0	0	0	0	0	0	0	0	0	0	0	0	1.06623448629e-05	0	0	0	0	0	0	0	0	0	0	0	0	0	0	0	0	0	0	0	0	0	0	0	4.26493794515e-05	0	0	0.000213246897258	0.0087324604427	0.00609886126157	0	0.000309208001024	0.00175928690238	0.00238836524929	1.06623448629e-05	0.00269757325031	0	0.00123683200409	0.00398771697872	0	0	0	0	0.000234571586983	0	5.33117243144e-05	0	0.00139676717704	4.26493794515e-05	0	4.26493794515e-05	0.000639740691773	0.000170597517806	0	0	0.000799675864716	0	0.000874312278756	0	0	0	0	0	0	0	0.000661065381499	0	0.000671727726362	4.26493794515e-05	0.00212180662771	0.00213246897258	0
0	0	0	0	0	0	0	0	0	0	0	0	0.000202584552395	0	0	0	0	0	0	0	0.000117285793492	0	0	0	0	0	0	0	0	0	0	0	0	0	0	6.39740691773e-05	0	0	0	0.000298545656161	0.00609886126157	0.0364119077067	0.00942551285879	0.00669595257389	0.000394506759927	0.024416769736	0.0023563782147	0.0120804367296	0	0.00856186292489	0.00578965326055	4.26493794515e-05	0	0.000533117243144	0	0.000693052416087	0	0	0	1.06623448629e-05	0	0.000426493794515	0	0.00845523947627	0.00516057491364	0	0	0.000991598072248	0	0.00427560029002	0	0	0	0	0	0	0	0.000767688830128	0	0.00165266345375	4.26493794515e-05	0.00131146841813	0.0019831961445	2.13246897258e-05
0	0	0	0	0	0	0	0	0	0	0	0	0	0	0	0	0	0	0	0	0	0	0	0	0	0	0	0	0	0	0	0	0	0	0	0.00781549878449	0	0.00121550731437	0	0	0	0.00942551285879	0.060498144752	0.00771953768073	0	0.0140103211498	0	0	0	0.0146287371519	0.00237770290442	0.000447818484241	2.13246897258e-05	0	0	0	0.00858318761462	0	0.0102785004478	0.00342261270099	0	0	0	0.025195120911	0.00319870345886	0.0113020855547	0	0	0.000106623448629	0.000213246897258	0	0	0	0	0	0	0	0	0	0	0	0	0	0
0	0	0	0	0	0	0	0	0	0	0	0	3.19870345886e-05	0	0	0	0	0	0	0	0	0	0	0	0	0	0	0	0	0	0	0	0	0	0	0.000138610483217	0	0.00124749434896	0	0	0.000309208001024	0.00669595257389	0.00771953768073	0.0250778351175	3.19870345886e-05	0.00880709685674	0.000426493794515	0.00269757325031	0	0.011899176867	0.000223909242121	0.000127948138355	0	0	0	0.000426493794515	0.00101292276197	0	0.00285750842325	0.000821000554442	0	0	0	0.00604554953725	0.00155670234998	0.000586428967459	0	0.000191922207532	0	0.00114087090033	0	0	0	0	0	0	0	0.000106623448629	6.39740691773e-05	0.000373182070201	0	0.000138610483217	8.52987589031e-05	0.000159935172943
6.39740691773e-05	6.39740691773e-05	0	0	0.000437156139378	9.59611037659e-05	0.000127948138355	0.000821000554442	0	0.0146607241865	0.000362519725338	0	3.19870345886e-05	0	0.00014927282808	0.000447818484241	6.39740691773e-05	0	0	0	2.13246897258e-05	0	0	3.19870345886e-05	0.0132532946646	0	0.00014927282808	9.59611037659e-05	0.010577046104	0.00136478014245	0.00055444193287	0	1.06623448629e-05	0.000639740691773	0.00344393739071	0.000127948138355	0.0014927282808	2.13246897258e-05	0	0.000757026485265	0.00175928690238	0.000394506759927	0	3.19870345886e-05	0.0340022177677	0.000884974623619	5.33117243144e-05	0.00409434042735	8.52987589031e-05	0.00014927282808	0.00348658677016	0.00126881903868	0	0	2.13246897258e-05	0.00295346952702	1.06623448629e-05	0.00372115835715	2.13246897258e-05	0.0279886552651	0.000991598072248	0	0.00145007890135	0.0125389175587	0.000789013519853	1.06623448629e-05	0	0.000330532690749	0.000426493794515	0.000213246897258	0.00171663752292	0	0.00181259862669	0.000575766622596	0.000511792553418	1.06623448629e-05	0	0.000351857380475	0	0.000319870345886	0.000287883311298	0.00114087090033	0.000181259862669	0
0	0	0	0	8.52987589031e-05	0	0	0.000565104277733	0	0.00189789738559	0.00040516910479	0	0.000159935172943	0	0	0	0	0	1.06623448629e-05	0	0.000191922207532	0	0	0	0.000213246897258	0	0.000362519725338	0	0.00255896276709	0	0	0	0	0	0.000362519725338	0.000106623448629	0	0	0	0.00371049601228	0.00238836524929	0.024416769736	0.0140103211498	0.00880709685674	0.000884974623619	0.0588241566085	0.00652535505608	0.0220284044867	0	0.0140529705293	0.00316671642428	4.26493794515e-05	0	0.00323069049345	0.000916961658208	0.0136584637694	7.46364140402e-05	0	7.46364140402e-05	0.00288949545784	0	0.000842325244168	0	0.0138503859769	0.00653601740095	0	0	0.000586428967459	0	0.011430033693	5.33117243144e-05	0	0.000373182070201	0	0	0	0	0.00102358510684	1.06623448629e-05	0.00868981106325	2.13246897258e-05	0.000213246897258	0.000437156139378	0
0	0	0	0	0	0	0	0	0	1.06623448629e-05	0	8.52987589031e-05	9.59611037659e-05	0.0014927282808	0	0	0	0	0	0	0.000106623448629	0	0	0	0	0.0014074295219	0.000213246897258	3.19870345886e-05	0	0	0	4.26493794515e-05	0	0	0	0	6.39740691773e-05	1.06623448629e-05	0	0.000607753657184	1.06623448629e-05	0.0023563782147	0	0.000426493794515	5.33117243144e-05	0.00652535505608	0.0292468119589	0.00647204333177	0.00373182070201	0.000490467863693	1.06623448629e-05	0	0	0.0068665500917	0.00249498869791	0.00309208001024	0	0	0	9.59611037659e-05	0.00182326097155	0.000575766622596	8.52987589031e-05	0.000789013519853	0.00293214483729	0	0.000330532690749	0.00153537766026	0	0.0158015950868	8.52987589031e-05	0.00047980551883	7.46364140402e-05	0	0	0	0	0.0010342474517	0.00506461380987	0.00973472085981	0.000245233931846	0.00014927282808	0	0.00192988442018
0	0	0	0	0.000916961658208	2.13246897258e-05	2.13246897258e-05	0	0	0.000618416002047	2.13246897258e-05	0	0.000895636968482	0	0	0.000127948138355	0	0	2.13246897258e-05	0	0.000309208001024	0	0	0	0.000106623448629	0	4.26493794515e-05	0	0.000437156139378	0	0	0	1.06623448629e-05	0	4.26493794515e-05	0	0.000159935172943	0	0	0.00621614705506	0.00269757325031	0.0120804367296	0	0.00269757325031	0.00409434042735	0.0220284044867	0.00647204333177	0.0380645711605	1.06623448629e-05	0.00638674457287	0.00444619780782	0	0	0.00277220966435	0.000874312278756	0.0142342303919	0	0.000234571586983	0	0.00368917132256	0.000127948138355	0.000884974623619	0.000159935172943	0.00491534098179	0.00558706870815	0	0	0.000916961658208	0	0.0106410201732	5.33117243144e-05	0	5.33117243144e-05	0	0.000138610483217	1.06623448629e-05	0	0.001322130763	1.06623448629e-05	0.00862583699407	4.26493794515e-05	0.00101292276197	0.000447818484241	0
0	0	0	0	0	0	0	0	0	0	0	0	0	0.00230306649038	0	0	0	0	0	0	0	0	0	0	0	0.00380645711605	0.0033906256664	0.000916961658208	0	0	0	0.00148206593594	0	0	0	0	0.00188723504073	0	0	0	0	0	0	0	8.52987589031e-05	0	0.00373182070201	1.06623448629e-05	0.0131999829402	0	1.06623448629e-05	0.000415831449652	0	0	0	0	0	0.00114087090033	0	0.000831662899305	0.00575766622596	0.000437156139378	0.00287883311298	0	0	0	0.00070371476095	3.19870345886e-05	0	2.13246897258e-05	0	0.000394506759927	0	0	0	0	1.06623448629e-05	0	0.00300678125133	3.19870345886e-05	0	0	0	0.000650403036636
0	0	0	0	0	0	0	0	0	2.13246897258e-05	0	1.06623448629e-05	0.000138610483217	0	0	0	0	0	0	0	6.39740691773e-05	0	0	0	0	0	1.06623448629e-05	0	0	0	0	0	0	0	2.13246897258e-05	0.0109502281742	0	0.000138610483217	0	2.13246897258e-05	0.00123683200409	0.00856186292489	0.0146287371519	0.011899176867	0.00014927282808	0.0140529705293	0.000490467863693	0.00638674457287	0	0.0422868597262	0.00062907834691	0.001322130763	0	4.26493794515e-05	0	0.00150339062567	0.000863649933893	0	0.00188723504073	0.00214313131744	0	2.13246897258e-05	0	0.0102785004478	0.0120804367296	0.0033906256664	0	0.000948948692797	0	0.00100226041711	1.06623448629e-05	0	1.06623448629e-05	0	0	0	0	0.000223909242121	0	7.46364140402e-05	0	0.000202584552395	0	1.06623448629e-05
0	0	0	0	0	0	0	0	0	0	0	0	3.19870345886e-05	0	0	0	0	0	0	0	0	0	0	0	0	0	0	0	0	0	0	0	0	0	0	3.19870345886e-05	0.000191922207532	0	0	0.000298545656161	0.00398771697872	0.00578965326055	0.00237770290442	0.000223909242121	0.00348658677016	0.00316671642428	1.06623448629e-05	0.00444619780782	1.06623448629e-05	0.00062907834691	0.0106836695526	3.19870345886e-05	0	0	0	2.13246897258e-05	0	0.000309208001024	0	0.0029001578027	0.000138610483217	0	0.000191922207532	0.00242035228387	0.000469143173967	0	0	0.000447818484241	0	0.000170597517806	0	0	0	0	0	0	0	0	0	0	0	0.0016953128332	3.19870345886e-05	0
0	0.000170597517806	0	0	0	0	0	0	0	0.0079860963023	0	0	0	0	0	0	0.00567236746705	0	0	0	0	0.000746364140402	0.00344393739071	0.00558706870815	0.000735701795539	0	0.00014927282808	0.00265492387086	0.000106623448629	2.13246897258e-05	2.13246897258e-05	0	0	1.06623448629e-05	0.000661065381499	0.00199385848936	0.00389175587495	2.13246897258e-05	0	0	0	4.26493794515e-05	0.000447818484241	0.000127948138355	0.00126881903868	4.26493794515e-05	0	0	0.000415831449652	0.001322130763	3.19870345886e-05	0.0259414850514	0	0	1.06623448629e-05	0	0.000597091312321	0.0188830127522	0.00404102870303	0.00765556361155	0.00153537766026	0	0.00911630485776	0.00483004222289	0.00174862455751	0.000245233931846	0	0	0.000671727726362	0.000362519725338	0.00062907834691	0	9.59611037659e-05	7.46364140402e-05	0	0	0	0.000927624003071	0.000213246897258	0.000341195035612	0.000181259862669	1.06623448629e-05	1.06623448629e-05	0
0	0.000159935172943	0	0	0	0	0	0	0	0	0	0	0	0	0	0	0	0.000469143173967	0	0	0	0	0	3.19870345886e-05	0	0	0.00145007890135	0.000106623448629	0	0	0	0	0	0	1.06623448629e-05	0	0	0.00378513242632	0	0	0	0	2.13246897258e-05	0	0	0	0	0	0	0	0	0	0.0216658847614	0	0.00438222373864	0	0.000234571586983	0	0.00364652194311	0	0	0.0014927282808	0.00915895423722	0	0	0	0	0	0	0.00378513242632	0.000714377105813	0.00040516910479	1.06623448629e-05	0	0	0	0	0.000117285793492	0.000565104277733	0.00192988442018	1.06623448629e-05	0	0	0
0	0	0	0	0	0	0	0	0	0	0	0	0	0	0	0	0	0	1.06623448629e-05	0	0	0	0	0	0	0	2.13246897258e-05	1.06623448629e-05	0	0	0	0	0	0	0	0	0	1.06623448629e-05	0	8.52987589031e-05	0	0.000533117243144	0	0	0	0.00323069049345	0.0068665500917	0.00277220966435	0	4.26493794515e-05	0	0	0	0.0101398899646	0.0029001578027	0.00139676717704	0	0	0	3.19870345886e-05	1.06623448629e-05	0.00131146841813	0.000383844415064	0.000490467863693	0.000245233931846	0	0	0	0	0.00481937987802	0	0	0	0	0	0	0	0.000682390071224	0.00218578069689	0.00503262677528	0.000159935172943	0	0	0
0	0.000991598072248	0	0	0	0	0	0	0	2.13246897258e-05	0	0	0	0	0	0	0	0.000319870345886	1.06623448629e-05	0.00040516910479	0	0	1.06623448629e-05	3.19870345886e-05	0	0	0.00447818484241	0.00014927282808	0	2.13246897258e-05	1.06623448629e-05	0	0	2.13246897258e-05	2.13246897258e-05	0	7.46364140402e-05	0	0	4.26493794515e-05	0	0	0	0	2.13246897258e-05	0.000916961658208	0.00249498869791	0.000874312278756	0	0	0	1.06623448629e-05	0.00438222373864	0.0029001578027	0.0294493965113	0.000341195035612	0.000127948138355	1.06623448629e-05	0.000447818484241	3.19870345886e-05	1.06623448629e-05	0.00110888386574	0.00298545656161	0.000245233931846	0	0	0	0	0	0.00748496609374	0.000415831449652	0.000277220966435	1.06623448629e-05	0	0	0	0	0.00473408111912	0.00892438265023	0.00687721243656	0.000916961658208	0	0	0
0	0	0	0	0.0016953128332	5.33117243144e-05	5.33117243144e-05	0.000618416002047	0	0.00478739284343	0.000437156139378	0	0.000159935172943	0	0	0.000245233931846	0	0	1.06623448629e-05	0	2.13246897258e-05	0	0	0	0.00165266345375	0	0.000373182070201	0	0.00624813408965	0	0	0	1.06623448629e-05	0	0.000373182070201	0	0	0	0	0.0109502281742	0.000234571586983	0.000693052416087	0	0.000426493794515	0.00295346952702	0.0136584637694	0.00309208001024	0.0142342303919	0	0.00150339062567	2.13246897258e-05	0	0	0.00139676717704	0.000341195035612	0.0263146671216	0	0	0	0.00754894016292	0	8.52987589031e-05	0	0.00776218706018	0.0011195462106	0	0	1.06623448629e-05	0	0.00530984774172	5.33117243144e-05	0	0.000383844415064	0	0.000255896276709	1.06623448629e-05	0	0.00114087090033	0	0.00533117243144	2.13246897258e-05	0.000245233931846	0.000383844415064	0
