0.0292958472866	2.090818172e-05	0	0	1.045409086e-05	0	0.000846781359659	0.013440476149	0.0083772114758	0.00014635727204	0.00860023208082	0.00323379877269	0.000930414086539	3.48469695333e-05	0.0176708982503	7.66633329732e-05	0.0026657931693	5.22704542999e-05	0.00116040408546	0.00276684938094	0.000892082420052	0.00019862772634	4.87857573466e-05	0.000223020605013	0.00408754952626	0	0.000536643330813	8.36327268799e-05	0.00293063013775	0.00917869177507	0.00431753952518	6.96939390666e-06	5.57551512533e-05	0.00040770954354	0.00505629527928	0	2.090818172e-05	3.48469695333e-06	0	3.48469695333e-06	0	3.48469695333e-06	0	6.96939390666e-06	4.181636344e-05	0	1.045409086e-05	1.39387878133e-05	0	3.48469695333e-06	6.96939390666e-06	1.74234847666e-05	1.045409086e-05	6.96939390666e-06	6.96939390666e-06	3.48469695333e-06	6.96939390666e-06	6.62092421133e-05	4.181636344e-05	3.48469695333e-05	6.96939390666e-06	1.74234847666e-05	1.39387878133e-05	3.83316664866e-05	6.96939390666e-06	0	0	0	3.48469695333e-06	8.36327268799e-05	0.00310486498542	0.00028226045322	0.00612609724395	0.00115691938851	0.000414678937446	0	0	0.000212566514153	2.090818172e-05	0.000101056211647	3.83316664866e-05	2.43928786733e-05	1.74234847666e-05	3.48469695333e-06
2.090818172e-05	0.0155173555332	0.000655123027226	0	0.000780572117546	0	3.48469695333e-06	5.92398482066e-05	1.74234847666e-05	0.00279124225962	1.045409086e-05	3.48469695333e-06	0.00038680136182	0.000954806965212	3.136227258e-05	0	0.000404224846586	0.00210127226286	3.48469695333e-06	2.43928786733e-05	0.000379831967913	3.136227258e-05	0.00625154633427	0.00281215044134	0.00372165634616	0.000745725148013	0.00102450090428	0.00880582920106	0.000285745150173	3.48469695333e-06	5.22704542999e-05	3.48469695333e-06	0	0	0.00017771954462	0	0.00623063815255	0.000132418484227	0	3.48469695333e-06	0	1.045409086e-05	0	6.96939390666e-06	0.000174234847666	0	0.000121964393367	6.96939390666e-06	2.78775756266e-05	3.48469695333e-06	1.39387878133e-05	1.39387878133e-05	0.00152978196251	0.000170750150713	9.75715146932e-05	3.48469695333e-06	3.48469695333e-06	0.000268321665406	0.000818903784032	7.66633329732e-05	3.48469695333e-05	0.000554066815579	0.00399694740547	3.136227258e-05	0	3.48469695333e-06	0	0	0	9.06021207866e-05	0.00168659332541	0.000867689541379	0.00016726545376	4.181636344e-05	0	0	0	0.000899051813959	3.83316664866e-05	0.000453010603933	0.000867689541379	4.181636344e-05	6.96939390666e-06	6.96939390666e-06
0	0.000655123027226	0.0232429286787	0	1.39387878133e-05	0	3.48469695333e-06	0.000459979997839	6.96939390666e-06	0.000128933787273	0	0	1.74234847666e-05	3.48469695333e-06	3.48469695333e-06	0	2.090818172e-05	0.0021953590806	0	3.48469695333e-06	1.74234847666e-05	0.000181204241573	0.0002090818172	0.00672198042297	0.000111510302507	3.48469695333e-06	0.00854447692956	0.0118479696413	0.00029271454408	6.96939390666e-06	0.000696939390666	0	0	0	0.0002090818172	0	0.00193052211214	1.045409086e-05	0	1.045409086e-05	0	6.96939390666e-06	0	1.045409086e-05	6.96939390666e-06	0	4.87857573466e-05	1.045409086e-05	6.96939390666e-06	3.48469695333e-06	1.39387878133e-05	4.181636344e-05	0.0011499499946	4.87857573466e-05	0.000390286058773	6.96939390666e-06	5.22704542999e-05	0.000181204241573	0.0002613522715	4.53010603933e-05	0	0.000811934390126	0.00112207241897	1.74234847666e-05	2.090818172e-05	1.39387878133e-05	0	0	0	0.000139387878133	0.00134160832703	0.000128933787273	0.00018817363548	3.136227258e-05	0	0	0	0.000620276057693	6.96939390666e-05	0.000142872575087	0.00038680136182	3.136227258e-05	1.045409086e-05	0
0	0	0	0	0	0	0	0	0	0	0	0	0	0	0	0	0	0	0	0	0	0	0	0	0	0	0	0	0	0	0	0	0	0	0	0	0	0	0	0	0	0	0	0	0	0	0	0	0	0	0	0	0	0	0	0	0	0	0	0	0	0	0	0	0	0	0	0	0	0	0	0	0	0	0	0	0	0	0	0	0	0	0	0
1.045409086e-05	0.000780572117546	1.39387878133e-05	0	0.0167195759821	0	0.000226505301966	0.000951322268259	0.00012544909032	0.00399346270852	0.000278775756266	0	0.00329652331785	4.87857573466e-05	6.96939390666e-06	0.000926929389586	0	0.00039725545268	0	3.48469695333e-06	0.00470782558395	0	0.00102798560123	0.000435587119166	0.00797298662922	2.090818172e-05	2.090818172e-05	0.000470434088699	0.00469737149309	0	0	0	0	0	0.000111510302507	0	5.57551512533e-05	0	0	0.00436980997948	0	6.96939390666e-05	3.48469695333e-06	9.75715146932e-05	0.00170401681018	0.000243928786733	6.27245451599e-05	0.000745725148013	1.39387878133e-05	0.0001045409086	8.01480299266e-05	0	3.48469695333e-06	3.83316664866e-05	2.090818172e-05	0.00166568514369	0	6.96939390666e-05	0	0.0032477375605	1.045409086e-05	1.74234847666e-05	1.74234847666e-05	0.00136600120571	0.00011499499946	0	0	0	1.74234847666e-05	0.000275291059313	9.40868177399e-05	5.22704542999e-05	0.000121964393367	0.000118479696413	0.000683000602853	0	0	0.000111510302507	3.48469695333e-06	0.000195143029386	3.83316664866e-05	5.92398482066e-05	5.92398482066e-05	3.48469695333e-06
0	0	0	0	0	0.000212566514153	6.27245451599e-05	0	4.53010603933e-05	0	0	0	0	0	0	3.48469695333e-05	0	0	0	0	0	0	0	0	0	0	0	0	0	0	0	0	0	0	0	0	0	0	0	0	0	0	0	0	0	0	0	0	0	0	0	0	0	0	0	0	0	0	0	0	0	0	0	0	0	0	0	0	0	0	0	0	0	0	0.00013590318118	3.83316664866e-05	0	0	0	0	0	0	0	0
0.000846781359659	3.48469695333e-06	3.48469695333e-06	0	0.000226505301966	6.27245451599e-05	0.0325749471197	0.00453359073628	0.0139004561468	0.000491342270419	0.0130885217567	0.0001045409086	0.00277381877485	0.000118479696413	0.00234520104959	0.00184688938526	0.000101056211647	6.96939390666e-06	3.48469695333e-05	0.0001045409086	0.000717847572386	3.48469695333e-05	6.96939390666e-06	5.92398482066e-05	0.000522704542999	0	3.83316664866e-05	1.39387878133e-05	0.00208036408114	0.000919959995679	1.74234847666e-05	0	0.000658607724179	6.62092421133e-05	0.00100010802561	0	1.39387878133e-05	0	0	2.78775756266e-05	0	3.48469695333e-06	0	1.74234847666e-05	4.181636344e-05	2.090818172e-05	2.43928786733e-05	6.96939390666e-06	0	1.39387878133e-05	2.78775756266e-05	1.74234847666e-05	2.090818172e-05	6.96939390666e-06	6.96939390666e-06	2.090818172e-05	3.83316664866e-05	2.78775756266e-05	5.22704542999e-05	0.00012544909032	0	1.74234847666e-05	6.96939390666e-06	5.92398482066e-05	1.39387878133e-05	0	0	0	0	0.000170750150713	0.00113601120679	0.000236959392826	0.00263094619976	0.00127888378187	0.00223020605013	0.000993138631699	3.48469695333e-06	0.00021953590806	3.136227258e-05	0.000202112423293	0.000111510302507	3.136227258e-05	3.48469695333e-05	1.39387878133e-05
0.013440476149	5.92398482066e-05	0.000459979997839	0	0.000951322268259	0	0.00453359073628	0.0844411765731	0.0167439688607	0.00274245650227	0.0252466294269	0.000683000602853	0.000784056814499	3.48469695333e-05	0.0188313023358	0.000379831967913	0.00251943589726	0.000543612724719	0.000306653331893	0.00111510302507	0.00128236847883	0.00315713543972	0.0001045409086	0.0021500580202	0.0094156511679	3.48469695333e-06	0.000707393481526	0.000784056814499	0.0328293299973	0.00741195041973	0.014559063871	1.045409086e-05	4.181636344e-05	0.00186431287003	0.00406664134454	0	8.71174238332e-05	6.96939390666e-06	0	0.00453010603933	0	2.090818172e-05	0	4.87857573466e-05	0.00180507302182	0.00159250650767	0.00030316863494	0.00125797560015	6.96939390666e-06	7.66633329732e-05	1.045409086e-05	3.136227258e-05	0.000142872575087	7.66633329732e-05	4.181636344e-05	0.00207687938418	1.74234847666e-05	0.000487857573466	0.000195143029386	0.00585429088159	2.43928786733e-05	0.000243928786733	0.00029271454408	0.00338712543864	0.0001568113629	3.48469695333e-06	0	0	0.000101056211647	0.00106980196467	0.00914384480554	0.000620276057693	0.00558596921619	0.00415724346532	0.000317107422753	0	0	0.000724816966293	0.000236959392826	0.00144266453868	0.000700424087619	0.000421648331353	0.000149841968993	0.00018817363548
0.0083772114758	1.74234847666e-05	6.96939390666e-06	0	0.00012544909032	4.53010603933e-05	0.0139004561468	0.0167439688607	0.048081848562	0.00013590318118	0.0237342709491	0.00331743149957	0.00366241649795	0.00038680136182	0.0180228526426	0.00024044408978	0.00106631726772	2.090818172e-05	0.0011499499946	0.0022476295349	0.00121615923671	0.000205597120246	4.53010603933e-05	0.000195143029386	0.00198976196035	0	0.000902536510912	9.06021207866e-05	0.00650244451491	0.00485069815903	0.000351954392286	3.48469695333e-05	0.00011499499946	0.000529673936906	0.00891037010966	0	2.78775756266e-05	3.48469695333e-06	0	2.78775756266e-05	0	6.96939390666e-05	0	5.22704542999e-05	0.0001568113629	1.39387878133e-05	0.000108025605553	4.53010603933e-05	0	7.31786360199e-05	4.87857573466e-05	6.96939390666e-06	1.74234847666e-05	6.96939390666e-05	2.78775756266e-05	2.78775756266e-05	0	4.87857573466e-05	1.39387878133e-05	0.00024044408978	6.96939390666e-06	5.57551512533e-05	6.96939390666e-06	9.75715146932e-05	0.00016726545376	0	0	0	8.36327268799e-05	0.000519219846046	0.00426875376783	0.00165871574978	0.0110708822207	0.00426178437392	0.000933898783492	6.96939390666e-06	0	0.00040770954354	0.000118479696413	0.000414678937446	8.36327268799e-05	0.000111510302507	0.0001045409086	2.43928786733e-05
0.00014635727204	0.00279124225962	0.000128933787273	0	0.00399346270852	0	0.000491342270419	0.00274245650227	0.00013590318118	0.0255846450313	0.00042861772526	3.83316664866e-05	0.0049726625524	0.0010976795403	0.0001045409086	0.00323728346964	0.00016726545376	0.000853750753566	0.000128933787273	0.000275291059313	0.00165174635588	8.01480299266e-05	0.00502841770365	0.00175628726448	0.0148866253846	0.000937383480446	0.00100010802561	0.00138690938743	0.00590656133589	0.000163780756806	0.000170750150713	1.045409086e-05	0	3.136227258e-05	0.000101056211647	3.48469695333e-06	0.000791026208406	2.090818172e-05	0	0.00221975195927	0	2.090818172e-05	3.48469695333e-06	5.57551512533e-05	0.00657910784789	0.000174234847666	0.00021953590806	0.00037634727096	4.181636344e-05	0.000108025605553	0.0001568113629	1.045409086e-05	0.00030316863494	0.000191658332433	0.00025089818064	0.000554066815579	4.181636344e-05	0.000791026208406	0.000108025605553	0.00523749952085	8.01480299266e-05	0.000501796361279	0.000463464694793	0.00184340468831	0.000379831967913	1.39387878133e-05	0	0	5.92398482066e-05	0.00152629726556	0.00751300663138	0.0035021204381	0.000149841968993	0.00012544909032	0.00169704741627	0	3.48469695333e-06	0.00106980196467	8.01480299266e-05	0.00149493499298	0.000899051813959	0.000756179238872	0.000613306663786	3.83316664866e-05
0.00860023208082	1.045409086e-05	0	0	0.000278775756266	0	0.0130885217567	0.0252466294269	0.0237342709491	0.00042861772526	0.0657213845398	0.00473918785653	0.00758270057044	0.00011499499946	0.0123706741843	0.000351954392286	5.92398482066e-05	0.00102450090428	0.00133115423617	0.00504584118842	0.0072725625416	1.74234847666e-05	3.48469695333e-06	6.96939390666e-05	0.00032407681666	0	0.000947837571306	9.75715146932e-05	0.00858280859605	0.0052862852782	1.74234847666e-05	1.39387878133e-05	4.87857573466e-05	0.000634214845506	0.0135032006942	0	8.01480299266e-05	3.48469695333e-06	0	0.000634214845506	0	4.53010603933e-05	0	5.57551512533e-05	0.000348469695333	0.000257867574546	0.000101056211647	0.0001568113629	0	6.96939390666e-05	3.136227258e-05	3.48469695333e-06	3.83316664866e-05	6.62092421133e-05	2.090818172e-05	0.00032407681666	1.045409086e-05	4.87857573466e-05	1.045409086e-05	0.000860720147472	3.48469695333e-06	5.92398482066e-05	3.83316664866e-05	0.000487857573466	0.000149841968993	3.48469695333e-06	0	0	8.01480299266e-05	0.00042861772526	0.00460328467535	0.00133812363008	0.013064128878	0.0037112022553	0.000989653934746	3.48469695333e-06	0	0.000142872575087	5.22704542999e-05	0.000348469695333	6.62092421133e-05	0.000153326665946	8.71174238332e-05	1.74234847666e-05
0.00323379877269	3.48469695333e-06	0	0	0	0	0.0001045409086	0.000683000602853	0.00331743149957	3.83316664866e-05	0.00473918785653	0.0247099860961	0.000728301663246	0.00205248650551	0.00503190240061	0	7.31786360199e-05	8.36327268799e-05	0.00351605922591	0.00687879178587	0.000780572117546	2.78775756266e-05	6.96939390666e-06	7.66633329732e-05	9.40868177399e-05	0.000317107422753	0.00482978997731	0.000128933787273	0.000383316664866	0.00683000602853	2.43928786733e-05	0.000578459694253	1.74234847666e-05	3.48469695333e-06	0.0110151270695	0	4.181636344e-05	3.48469695333e-06	0	0	0	3.83316664866e-05	0	6.96939390666e-06	1.045409086e-05	0	4.87857573466e-05	0	0.000202112423293	6.96939390666e-06	5.22704542999e-05	0	6.96939390666e-06	5.57551512533e-05	2.78775756266e-05	0	0	0	3.48469695333e-06	0	6.62092421133e-05	5.22704542999e-05	7.31786360199e-05	0	2.43928786733e-05	0	0	0	3.48469695333e-06	4.53010603933e-05	0.00167613923455	0.00420254452572	0.0114646529765	0.000289229847126	2.43928786733e-05	0	0.000519219846046	4.87857573466e-05	8.01480299266e-05	1.74234847666e-05	1.39387878133e-05	4.53010603933e-05	3.48469695333e-06	0
0.000930414086539	0.00038680136182	1.74234847666e-05	0	0.00329652331785	0	0.00277381877485	0.000784056814499	0.00366241649795	0.0049726625524	0.00758270057044	0.000728301663246	0.02941781168	0.00011499499946	0.000310138028846	0.00298986998596	1.39387878133e-05	0.000592398482066	0.000128933787273	0.000933898783492	0.00693106224017	1.045409086e-05	0.000494826967373	0.00028226045322	0.00514689740007	1.045409086e-05	0.000128933787273	0.000184688938526	0.001045409086	0.000655123027226	6.96939390666e-05	3.48469695333e-06	3.48469695333e-06	3.83316664866e-05	0.00307350271284	3.48469695333e-06	4.53010603933e-05	0	0	0.00289229847126	0	0.00207339468723	3.48469695333e-06	0.00189219044566	0.00013590318118	1.74234847666e-05	0.000139387878133	0.00432799361604	1.045409086e-05	0.000954806965212	0.000463464694793	3.48469695333e-06	1.74234847666e-05	7.31786360199e-05	1.74234847666e-05	0.00347075816552	3.48469695333e-06	4.87857573466e-05	1.39387878133e-05	0.000331046210566	1.39387878133e-05	2.78775756266e-05	1.74234847666e-05	0.000111510302507	0.000257867574546	0	0	0	4.53010603933e-05	0.000512250452139	0.00208036408114	0.000557551512533	0.00305259453112	0.00154372075032	0.00133463893313	3.48469695333e-06	0	0.000289229847126	3.83316664866e-05	0.00040770954354	0.000121964393367	0.00018817363548	0.000111510302507	4.87857573466e-05
3.48469695333e-05	0.000954806965212	3.48469695333e-06	0	4.87857573466e-05	0	0.000118479696413	3.48469695333e-05	0.00038680136182	0.0010976795403	0.00011499499946	0.00205248650551	0.00011499499946	0.0174583317362	0.00028226045322	1.045409086e-05	1.045409086e-05	1.045409086e-05	1.045409086e-05	6.96939390666e-06	4.181636344e-05	0	0.00117085817632	1.74234847666e-05	0.000508765755186	0.00903930389694	0.00193052211214	0.000993138631699	4.181636344e-05	0.00027180636236	3.48469695333e-06	0.00021953590806	3.48469695333e-06	6.96939390666e-06	0.000508765755186	0	0.000728301663246	0	0	9.75715146932e-05	0	0.000163780756806	0	0.00029271454408	2.78775756266e-05	3.48469695333e-06	0.000289229847126	0.000142872575087	0.00577414285167	0.00018817363548	0.00012544909032	1.74234847666e-05	6.96939390666e-06	0.000142872575087	3.136227258e-05	0.000111510302507	3.83316664866e-05	1.74234847666e-05	5.22704542999e-05	9.75715146932e-05	0.00154720544728	0.00038680136182	0.0021500580202	5.22704542999e-05	3.48469695333e-05	0	0.000132418484227	1.39387878133e-05	0	0.000581944391206	0.000191658332433	0.00269018604797	0.00142524105391	0.000815419087079	3.48469695333e-06	3.48469695333e-06	0.000683000602853	0.0001045409086	0.000648153633319	0.000522704542999	0.000362408483146	8.01480299266e-05	0.00018817363548	9.75715146932e-05
0.0176708982503	3.136227258e-05	3.48469695333e-06	0	6.96939390666e-06	0	0.00234520104959	0.0188313023358	0.0180228526426	0.0001045409086	0.0123706741843	0.00503190240061	0.000310138028846	0.00028226045322	0.0465416125087	9.75715146932e-05	0.00166220044674	5.22704542999e-05	0.00182249650659	0.00139387878133	0.0004181636344	0.000254382877593	5.22704542999e-05	0.000285745150173	0.00264836968453	0	0.00147054211431	9.40868177399e-05	0.00389937589078	0.0107398360102	0.00321637528792	0.00012544909032	7.31786360199e-05	0.000296199241033	0.00835281859713	0	3.48469695333e-05	3.48469695333e-06	0	3.48469695333e-06	0	1.045409086e-05	0	1.045409086e-05	5.22704542999e-05	0	1.74234847666e-05	1.39387878133e-05	3.48469695333e-06	6.96939390666e-06	6.96939390666e-06	1.74234847666e-05	1.045409086e-05	1.045409086e-05	1.39387878133e-05	3.48469695333e-06	6.96939390666e-06	6.96939390666e-05	4.181636344e-05	2.78775756266e-05	6.96939390666e-06	2.78775756266e-05	1.39387878133e-05	3.48469695333e-05	3.48469695333e-06	0	0	0	0	9.40868177399e-05	0.00422693740439	0.001568113629	0.00981987601448	0.00192703741519	0.000581944391206	0	0	0.00027180636236	3.48469695333e-05	0.00011499499946	3.83316664866e-05	3.136227258e-05	2.78775756266e-05	6.96939390666e-06
7.66633329732e-05	0	0	0	0.000926929389586	3.48469695333e-05	0.00184688938526	0.000379831967913	0.00024044408978	0.00323728346964	0.000351954392286	0	0.00298986998596	1.045409086e-05	9.75715146932e-05	0.00693106224017	0	3.48469695333e-06	6.96939390666e-06	0	0.00014635727204	0	0	1.045409086e-05	0.00285048210782	0	3.48469695333e-06	1.39387878133e-05	0.000414678937446	0.000348469695333	4.181636344e-05	0	5.57551512533e-05	2.78775756266e-05	0.000128933787273	0	0	0	0	3.48469695333e-06	0	6.96939390666e-06	0	1.045409086e-05	3.48469695333e-05	3.48469695333e-06	1.045409086e-05	3.48469695333e-06	0	6.96939390666e-06	6.96939390666e-06	0	0	6.96939390666e-06	0	6.96939390666e-06	0	3.83316664866e-05	0	1.74234847666e-05	0	3.48469695333e-06	3.48469695333e-06	1.045409086e-05	3.48469695333e-06	0	0	0	0	5.57551512533e-05	0.00120918984281	3.136227258e-05	0.000212566514153	5.57551512533e-05	0.00335576316606	7.66633329732e-05	0	6.96939390666e-05	3.48469695333e-06	8.71174238332e-05	4.53010603933e-05	3.136227258e-05	3.83316664866e-05	6.96939390666e-06
0.0026657931693	0.000404224846586	2.090818172e-05	0	0	0	0.000101056211647	0.00251943589726	0.00106631726772	0.00016726545376	5.92398482066e-05	7.31786360199e-05	1.39387878133e-05	1.045409086e-05	0.00166220044674	0	0.021650422171	9.40868177399e-05	0.000121964393367	8.01480299266e-05	1.045409086e-05	0.00311183437932	0.00803919587133	0.00332091619652	0.0101997079824	0	0.00021953590806	0.00426875376783	0.00024044408978	0.000968745753026	0.000491342270419	3.48469695333e-06	3.48469695333e-06	5.92398482066e-05	6.96939390666e-05	3.48469695333e-06	0.00038680136182	3.136227258e-05	0	0	0	0	0	0	0.000132418484227	0	3.48469695333e-06	0	3.48469695333e-06	3.48469695333e-06	1.045409086e-05	0.00221975195927	0.000264836968453	6.96939390666e-06	9.75715146932e-05	0	0.000212566514153	0.00381225846694	0.00289578316822	4.87857573466e-05	3.48469695333e-06	0.000149841968993	0.000749209844966	1.74234847666e-05	2.78775756266e-05	1.39387878133e-05	0	0	2.78775756266e-05	4.53010603933e-05	0.00457889179667	0.00149841968993	0.000132418484227	0.000181204241573	6.96939390666e-06	0	0	0.000327561513613	0	7.31786360199e-05	7.31786360199e-05	2.43928786733e-05	6.96939390666e-06	0
5.22704542999e-05	0.00210127226286	0.0021953590806	0	0.00039725545268	0	6.96939390666e-06	0.000543612724719	2.090818172e-05	0.000853750753566	0.00102450090428	8.36327268799e-05	0.000592398482066	1.045409086e-05	5.22704542999e-05	3.48469695333e-06	9.40868177399e-05	0.028145897292	3.48469695333e-06	0.00495175437068	0.000759663935826	0.000784056814499	0.00159947590158	0.0117329746419	0.00128933787273	1.045409086e-05	0.00813328268907	0.00413981998056	0.00014635727204	1.39387878133e-05	0.00139387878133	0	0	0	0.00404573316282	2.43928786733e-05	0.00433496300994	6.96939390666e-06	0	0	0	3.48469695333e-06	0	1.39387878133e-05	2.43928786733e-05	0	1.74234847666e-05	0	0	3.136227258e-05	6.96939390666e-06	6.96939390666e-06	0.000804964996219	0.000111510302507	0.00212218044458	0	9.06021207866e-05	4.87857573466e-05	0.000216051211106	2.43928786733e-05	6.96939390666e-06	0.00435587119166	0.00314668134886	1.74234847666e-05	4.53010603933e-05	0.000101056211647	0	0	3.136227258e-05	0.000257867574546	0.00208384877809	0.00185734347612	0.00490296861333	0.00116737347937	0	0	0	0.00018817363548	0.00018817363548	5.92398482066e-05	4.87857573466e-05	0	3.48469695333e-06	0
0.00116040408546	3.48469695333e-06	0	0	0	0	3.48469695333e-05	0.000306653331893	0.0011499499946	0.000128933787273	0.00133115423617	0.00351605922591	0.000128933787273	1.045409086e-05	0.00182249650659	6.96939390666e-06	0.000121964393367	3.48469695333e-06	0.00814373677993	0.00182249650659	0.000121964393367	8.01480299266e-05	0	7.31786360199e-05	0.000149841968993	0	0.0029271454408	0.000121964393367	0.000254382877593	0.00211172635372	6.96939390666e-06	4.53010603933e-05	0	0	0.0026657931693	0	6.27245451599e-05	0	0	3.48469695333e-06	0	1.74234847666e-05	0	6.96939390666e-06	2.090818172e-05	0	0	3.48469695333e-06	6.96939390666e-06	1.045409086e-05	6.96939390666e-06	0	3.48469695333e-06	2.78775756266e-05	5.57551512533e-05	3.48469695333e-06	0	1.39387878133e-05	0	3.48469695333e-06	3.83316664866e-05	5.22704542999e-05	1.045409086e-05	0	6.96939390666e-06	0	0	0	0	1.39387878133e-05	0.00195143029386	0.00259261453328	0.00281911983524	8.01480299266e-05	3.136227258e-05	0	0	4.53010603933e-05	3.48469695333e-06	2.43928786733e-05	6.96939390666e-06	1.74234847666e-05	6.96939390666e-06	0
0.00276684938094	2.43928786733e-05	3.48469695333e-06	0	3.48469695333e-06	0	0.0001045409086	0.00111510302507	0.0022476295349	0.000275291059313	0.00504584118842	0.00687879178587	0.000933898783492	6.96939390666e-06	0.00139387878133	0	8.01480299266e-05	0.00495175437068	0.00182249650659	0.0203889618739	0.000961776359119	0.00016726545376	1.74234847666e-05	0.00038680136182	0.0001568113629	0	0.00567308664002	0.000592398482066	0.000512250452139	0.00183295059745	0.000463464694793	6.96939390666e-06	0	6.96939390666e-06	0.00813676738602	0	0.000561036209486	3.48469695333e-06	0	0	0	1.045409086e-05	0	6.96939390666e-06	1.39387878133e-05	0	1.045409086e-05	3.48469695333e-06	1.74234847666e-05	6.96939390666e-06	1.74234847666e-05	0	1.045409086e-05	4.53010603933e-05	0.000930414086539	3.48469695333e-06	0	6.96939390666e-06	6.96939390666e-06	1.045409086e-05	0.000111510302507	0.00102450090428	0.000348469695333	6.96939390666e-06	1.045409086e-05	0	0	0	0	4.53010603933e-05	0.00357878377107	0.00221975195927	0.00958291662166	0.00100359272256	3.48469695333e-06	0	0	4.87857573466e-05	3.48469695333e-06	1.045409086e-05	6.96939390666e-06	1.74234847666e-05	3.48469695333e-06	0
0.000892082420052	0.000379831967913	1.74234847666e-05	0	0.00470782558395	0	0.000717847572386	0.00128236847883	0.00121615923671	0.00165174635588	0.0072725625416	0.000780572117546	0.00693106224017	4.181636344e-05	0.0004181636344	0.00014635727204	1.045409086e-05	0.000759663935826	0.000121964393367	0.000961776359119	0.0173781837063	6.96939390666e-06	0.000536643330813	0.000202112423293	0.00274594119922	1.39387878133e-05	0.000233474695873	0.000149841968993	0.00149145029603	0.000696939390666	0	0	0	3.48469695333e-06	0.00259958392718	0	4.87857573466e-05	0	0	0.0003136227258	0	6.96939390666e-06	0	1.045409086e-05	0.000379831967913	4.181636344e-05	1.045409086e-05	7.31786360199e-05	0	3.136227258e-05	3.48469695333e-06	3.48469695333e-06	1.045409086e-05	3.48469695333e-06	3.48469695333e-06	9.40868177399e-05	6.96939390666e-06	0	6.96939390666e-06	0.00034498499838	0	2.78775756266e-05	2.78775756266e-05	8.71174238332e-05	5.57551512533e-05	0	0	0	2.78775756266e-05	0.00012544909032	0.00106283257077	0.000296199241033	0.00240095620084	0.000599367875973	0.000223020605013	3.48469695333e-06	0	1.045409086e-05	3.48469695333e-06	4.87857573466e-05	1.74234847666e-05	1.74234847666e-05	2.43928786733e-05	0
0.00019862772634	3.136227258e-05	0.000181204241573	0	0	0	3.48469695333e-05	0.00315713543972	0.000205597120246	8.01480299266e-05	1.74234847666e-05	2.78775756266e-05	1.045409086e-05	0	0.000254382877593	0	0.00311183437932	0.000784056814499	8.01480299266e-05	0.00016726545376	6.96939390666e-06	0.0302994400092	0.000195143029386	0.00840160435448	0.0021500580202	0	0.00028226045322	0.000564520906439	0.0062794239099	6.27245451599e-05	0.0130954911506	0	0	3.48469695333e-06	0.00338712543864	0	7.66633329732e-05	1.39387878133e-05	0	0	0	3.48469695333e-06	0	0	1.39387878133e-05	0	0	3.48469695333e-06	3.48469695333e-06	3.48469695333e-06	3.48469695333e-06	4.181636344e-05	6.62092421133e-05	3.48469695333e-06	4.87857573466e-05	0	4.53010603933e-05	0.000195143029386	0.000101056211647	0	3.48469695333e-06	6.62092421133e-05	8.01480299266e-05	0	3.48469695333e-06	0	0	0	0	6.96939390666e-06	0.00380877376999	0.000756179238872	0.00270412483578	0.00175977196143	0	0	0	0.000111510302507	6.96939390666e-06	2.090818172e-05	2.43928786733e-05	1.045409086e-05	0	0
4.87857573466e-05	0.00625154633427	0.0002090818172	0	0.00102798560123	0	6.96939390666e-06	0.0001045409086	4.53010603933e-05	0.00502841770365	3.48469695333e-06	6.96939390666e-06	0.000494826967373	0.00117085817632	5.22704542999e-05	0	0.00803919587133	0.00159947590158	0	1.74234847666e-05	0.000536643330813	0.000195143029386	0.0351118065017	0.00676728148337	0.0093703501075	0.000968745753026	0.000693454693713	0.0155173555332	0.00148099620517	2.78775756266e-05	0.00012544909032	3.48469695333e-06	0	0	8.01480299266e-05	3.48469695333e-06	0.00156114423509	0.00119873575195	0	0	0	0	1.74234847666e-05	5.22704542999e-05	0.000672546511993	1.74234847666e-05	5.22704542999e-05	3.48469695333e-06	3.136227258e-05	3.48469695333e-05	2.43928786733e-05	0.00536991800508	0.000393770755726	7.31786360199e-05	0.000139387878133	0	0.000696939390666	0.0158414323498	0.00968048813635	0.000425133028306	1.045409086e-05	0.0003658931801	0.0052862852782	0.0004181636344	3.48469695333e-05	2.78775756266e-05	0	0	3.48469695333e-05	0.000477403482606	0.00104889378295	0.000320592119706	0.000101056211647	6.27245451599e-05	0	0	3.48469695333e-06	0.0021500580202	2.090818172e-05	0.000916475298726	0.000745725148013	0.000299683937986	0.0002090818172	0
0.000223020605013	0.00281215044134	0.00672198042297	0	0.000435587119166	0	5.92398482066e-05	0.0021500580202	0.000195143029386	0.00175628726448	6.96939390666e-05	7.66633329732e-05	0.00028226045322	1.74234847666e-05	0.000285745150173	1.045409086e-05	0.00332091619652	0.0117329746419	7.31786360199e-05	0.00038680136182	0.000202112423293	0.00840160435448	0.00676728148337	0.0764124347926	0.00232777756482	1.045409086e-05	0.00398649331461	0.0136007722088	0.00238353271608	0.000118479696413	0.00497963194631	0	0	2.78775756266e-05	0.00216051211106	4.53010603933e-05	0.00292017604689	0.00122661332757	0	3.48469695333e-06	0	4.181636344e-05	3.48469695333e-05	6.27245451599e-05	0.000118479696413	1.045409086e-05	0.000233474695873	2.78775756266e-05	6.96939390666e-06	8.01480299266e-05	8.01480299266e-05	0.00190961393042	0.00326167634832	0.000275291059313	0.000982684540839	6.96939390666e-06	0.000247413483686	0.00985820768097	0.00860023208082	0.00035543908924	2.090818172e-05	0.0019340068091	0.00365196240709	0.000372862574006	0.00011499499946	0.000184688938526	0	0	3.48469695333e-05	0.00122661332757	0.0195421805143	0.00529673936906	0.00157856771986	0.0015158431747	2.090818172e-05	0	0	0.00635957193983	0.000233474695873	0.00189219044566	0.00204900180856	0.0003658931801	0.000233474695873	0
0.00408754952626	0.00372165634616	0.000111510302507	0	0.00797298662922	0	0.000522704542999	0.0094156511679	0.00198976196035	0.0148866253846	0.00032407681666	9.40868177399e-05	0.00514689740007	0.000508765755186	0.00264836968453	0.00285048210782	0.0101997079824	0.00128933787273	0.000149841968993	0.0001568113629	0.00274594119922	0.0021500580202	0.0093703501075	0.00232777756482	0.0535876697483	0.00038680136182	0.000857235450519	0.004031794375	0.0207653091449	0.0022476295349	0.00134857772094	1.045409086e-05	3.48469695333e-06	0.00014635727204	0.0002090818172	0	0.000766633329732	1.74234847666e-05	0	0.0026657931693	0	3.48469695333e-05	3.48469695333e-06	7.66633329732e-05	0.00461722346316	0.000446041210026	0.000634214845506	0.000724816966293	3.136227258e-05	0.000170750150713	3.48469695333e-05	0.00027180636236	0.0003136227258	0.000338015604473	0.000317107422753	0.000578459694253	0.00035543908924	0.00210824165676	0.000554066815579	0.00711923587565	3.48469695333e-05	0.000655123027226	0.000480888179559	0.00373907983092	0.000766633329732	6.96939390666e-06	0	0	0.00027180636236	0.00302123225854	0.00981987601448	0.00185734347612	0.000379831967913	0.0003658931801	0.00135554711485	0	0	0.00240792559475	0.000184688938526	0.0028226045322	0.000989653934746	0.000752694541919	0.000878143632239	0.000170750150713
0	0.000745725148013	3.48469695333e-06	0	2.090818172e-05	0	0	3.48469695333e-06	0	0.000937383480446	0	0.000317107422753	1.045409086e-05	0.00903930389694	0	0	0	1.045409086e-05	0	0	1.39387878133e-05	0	0.000968745753026	1.045409086e-05	0.00038680136182	0.0130780676658	0.00227202241357	0.00181552711268	1.74234847666e-05	0	3.48469695333e-06	0.000393770755726	0	0	0	0	0.00132766953922	0	0	0	0	0	0	0	2.78775756266e-05	0	0.000264836968453	0	0.00594837769933	0	0	0	0	0.000268321665406	6.27245451599e-05	0	0	2.78775756266e-05	0	1.74234847666e-05	0.00208036408114	0.000770118026686	0.00312577316714	3.48469695333e-06	0	0	9.06021207866e-05	0	0	0	0.00014635727204	0.000442556513073	0.000132418484227	0	0	0	0.000526189239953	6.96939390666e-06	9.06021207866e-05	0	3.48469695333e-06	0	0	1.74234847666e-05
0.000536643330813	0.00102450090428	0.00854447692956	0	2.090818172e-05	0	3.83316664866e-05	0.000707393481526	0.000902536510912	0.00100010802561	0.000947837571306	0.00482978997731	0.000128933787273	0.00193052211214	0.00147054211431	3.48469695333e-06	0.00021953590806	0.00813328268907	0.0029271454408	0.00567308664002	0.000233474695873	0.00028226045322	0.000693454693713	0.00398649331461	0.000857235450519	0.00227202241357	0.0675891821068	0.0221696420171	0.000620276057693	0.00128585317578	0.000306653331893	0.00170750150713	0	0	0.00266230847234	0	0.0159285497737	3.48469695333e-06	0	3.48469695333e-06	0	1.39387878133e-05	0	6.96939390666e-06	0.000226505301966	0	0.00029271454408	6.96939390666e-06	0.00343591119598	6.96939390666e-06	1.045409086e-05	2.78775756266e-05	0.000627245451599	0.00441511103987	0.00725165435988	6.96939390666e-06	5.57551512533e-05	0.000278775756266	7.66633329732e-05	0.000174234847666	0.00557899982228	0.0119350870652	0.0136216803906	2.43928786733e-05	2.090818172e-05	1.39387878133e-05	3.48469695333e-05	0	3.48469695333e-06	0.000170750150713	0.00929020207758	0.00786844572062	0.00375301861874	0.000742240451059	2.090818172e-05	0	6.96939390666e-06	0.000351954392286	0.000247413483686	0.000108025605553	9.06021207866e-05	3.83316664866e-05	2.78775756266e-05	1.39387878133e-05
8.36327268799e-05	0.00880582920106	0.0118479696413	0	0.000470434088699	0	1.39387878133e-05	0.000784056814499	9.06021207866e-05	0.00138690938743	9.75715146932e-05	0.000128933787273	0.000184688938526	0.000993138631699	9.40868177399e-05	1.39387878133e-05	0.00426875376783	0.00413981998056	0.000121964393367	0.000592398482066	0.000149841968993	0.000564520906439	0.0155173555332	0.0136007722088	0.004031794375	0.00181552711268	0.0221696420171	0.0809286020441	0.000878143632239	1.74234847666e-05	0.00123358272148	0.000338015604473	0	0	0.000557551512533	0	0.0157682537138	0.00113949590374	0	6.96939390666e-06	0	4.53010603933e-05	1.74234847666e-05	9.06021207866e-05	0.000501796361279	1.74234847666e-05	0.000247413483686	1.39387878133e-05	0.00130327666055	6.96939390666e-05	3.83316664866e-05	0.000843296662706	0.00136948590266	0.00158902181072	0.00335576316606	1.045409086e-05	3.83316664866e-05	0.00719938390558	0.00510856573358	0.000289229847126	0.00365196240709	0.00756179238872	0.0147019364461	0.000153326665946	3.136227258e-05	1.74234847666e-05	0	0	3.48469695333e-06	0.000473918785653	0.0115448010064	0.00356832968021	0.000818903784032	0.000372862574006	0	0	0	0.00258216044242	0.00018817363548	0.00128933787273	0.00187128226394	0.000257867574546	0.000184688938526	2.43928786733e-05
0.00293063013775	0.000285745150173	0.00029271454408	0	0.00469737149309	0	0.00208036408114	0.0328293299973	0.00650244451491	0.00590656133589	0.00858280859605	0.000383316664866	0.001045409086	4.181636344e-05	0.00389937589078	0.000414678937446	0.00024044408978	0.00014635727204	0.000254382877593	0.000512250452139	0.00149145029603	0.0062794239099	0.00148099620517	0.00238353271608	0.0207653091449	1.74234847666e-05	0.000620276057693	0.000878143632239	0.067498579986	0.00263094619976	0.00624109224341	6.96939390666e-06	1.045409086e-05	0.000459979997839	0.00126146029711	0	0.000358923786193	0	0	0.00543612724719	0	1.74234847666e-05	0	5.92398482066e-05	0.00411542710188	0.00164826165892	0.000585429088159	0.00133812363008	2.78775756266e-05	0.00012544909032	3.48469695333e-05	0.000195143029386	0.00013590318118	0.000236959392826	0.000212566514153	0.00208036408114	0.000317107422753	0.00265533907844	0.000372862574006	0.00912293662382	5.22704542999e-05	0.000554066815579	0.000170750150713	0.00547097421673	0.000515735149093	1.045409086e-05	0	0	0.000257867574546	0.00238004801912	0.00914036010858	0.00109071014639	0.0019862772634	0.001940976203	0.000372862574006	0	0	0.0025682216546	0.000299683937986	0.00229641529224	0.000648153633319	0.000543612724719	0.000515735149093	0.0002090818172
0.00917869177507	3.48469695333e-06	6.96939390666e-06	0	0	0	0.000919959995679	0.00741195041973	0.00485069815903	0.000163780756806	0.0052862852782	0.00683000602853	0.000655123027226	0.00027180636236	0.0107398360102	0.000348469695333	0.000968745753026	1.39387878133e-05	0.00211172635372	0.00183295059745	0.000696939390666	6.27245451599e-05	2.78775756266e-05	0.000118479696413	0.0022476295349	0	0.00128585317578	1.74234847666e-05	0.00263094619976	0.0339688259011	0.00243231847342	0.000160296059853	0.000128933787273	0.00324425286355	0.0101822844976	0	1.74234847666e-05	3.48469695333e-06	0	1.045409086e-05	0	3.48469695333e-05	0	2.090818172e-05	2.78775756266e-05	0	3.83316664866e-05	1.39387878133e-05	6.96939390666e-06	2.090818172e-05	1.045409086e-05	6.96939390666e-06	6.96939390666e-06	2.090818172e-05	2.43928786733e-05	1.045409086e-05	2.43928786733e-05	0.00027180636236	3.83316664866e-05	1.39387878133e-05	0	2.78775756266e-05	1.74234847666e-05	6.96939390666e-06	1.39387878133e-05	0	0	0	3.48469695333e-06	0.000285745150173	0.000644668936366	0.00151235847774	0.00979896783276	0.000770118026686	0.000379831967913	1.39387878133e-05	0	0.000453010603933	5.92398482066e-05	0.000616791360739	0.000414678937446	0.00035543908924	0.000184688938526	6.96939390666e-06
0.00431753952518	5.22704542999e-05	0.000696939390666	0	0	0	1.74234847666e-05	0.014559063871	0.000351954392286	0.000170750150713	1.74234847666e-05	2.43928786733e-05	6.96939390666e-05	3.48469695333e-06	0.00321637528792	4.181636344e-05	0.000491342270419	0.00139387878133	6.96939390666e-06	0.000463464694793	0	0.0130954911506	0.00012544909032	0.00497963194631	0.00134857772094	3.48469695333e-06	0.000306653331893	0.00123358272148	0.00624109224341	0.00243231847342	0.0437991560064	0	0	6.62092421133e-05	0.00378438089132	0	5.57551512533e-05	3.48469695333e-06	0	0	0	6.96939390666e-06	0	3.48469695333e-06	4.53010603933e-05	0	3.48469695333e-06	0	0	3.48469695333e-06	0	2.43928786733e-05	0.000132418484227	3.48469695333e-06	3.136227258e-05	0	6.96939390666e-06	0.000285745150173	0.000216051211106	3.48469695333e-06	0	3.48469695333e-05	0.000285745150173	0	3.48469695333e-06	3.48469695333e-06	0	0	0	0.00018817363548	0.00480539709864	8.01480299266e-05	0.00516432088483	0.00279124225962	3.48469695333e-06	0	0	0.000526189239953	3.136227258e-05	0.000867689541379	0.000735271057153	0.000449525906979	0.000142872575087	3.48469695333e-06
6.96939390666e-06	3.48469695333e-06	0	0	0	0	0	1.045409086e-05	3.48469695333e-05	1.045409086e-05	1.39387878133e-05	0.000578459694253	3.48469695333e-06	0.00021953590806	0.00012544909032	0	3.48469695333e-06	0	4.53010603933e-05	6.96939390666e-06	0	0	3.48469695333e-06	0	1.045409086e-05	0.000393770755726	0.00170750150713	0.000338015604473	6.96939390666e-06	0.000160296059853	0	0.00174234847666	0	0	0.000153326665946	0	5.57551512533e-05	0	0	0	0	3.48469695333e-06	0	0	0	0	1.045409086e-05	0	0.000425133028306	0	3.48469695333e-06	0	0	0.0002613522715	0	0	0	0	0	0	4.53010603933e-05	0.00021953590806	0.000425133028306	0	0	0	0	0	0	0	6.96939390666e-05	0.0002613522715	0.000170750150713	1.39387878133e-05	0	0	0	3.48469695333e-06	0	0	0	3.48469695333e-06	0	0
5.57551512533e-05	0	0	0	0	0	0.000658607724179	4.181636344e-05	0.00011499499946	0	4.87857573466e-05	1.74234847666e-05	3.48469695333e-06	3.48469695333e-06	7.31786360199e-05	5.57551512533e-05	3.48469695333e-06	0	0	0	0	0	0	0	3.48469695333e-06	0	0	0	1.045409086e-05	0.000128933787273	0	0	0.00136600120571	3.48469695333e-06	0.000634214845506	0	0	0	0	3.48469695333e-06	0	0	0	0	0	0	0	0	0	0	0	0	0	0	0	0	0	0	0	3.48469695333e-06	0	0	0	3.48469695333e-06	0	0	0	0	0	3.48469695333e-06	4.181636344e-05	3.48469695333e-06	6.62092421133e-05	6.96939390666e-06	0.000139387878133	0.000275291059313	0	0	0	3.48469695333e-06	3.48469695333e-06	0	0	0
0.00040770954354	0	0	0	0	0	6.62092421133e-05	0.00186431287003	0.000529673936906	3.136227258e-05	0.000634214845506	3.48469695333e-06	3.83316664866e-05	6.96939390666e-06	0.000296199241033	2.78775756266e-05	5.92398482066e-05	0	0	6.96939390666e-06	3.48469695333e-06	3.48469695333e-06	0	2.78775756266e-05	0.00014635727204	0	0	0	0.000459979997839	0.00324425286355	6.62092421133e-05	0	3.48469695333e-06	0.00329652331785	0.000174234847666	0	0	0	0	0	0	0	0	0	0	0	0	0	0	0	0	0	0	0	0	0	0	6.96939390666e-06	3.48469695333e-06	0	0	0	0	0	0	0	0	0	0	0	3.48469695333e-05	3.48469695333e-06	0.000153326665946	6.96939390666e-05	0	3.48469695333e-06	0	1.045409086e-05	0	0	0	0	0	0
0.00505629527928	0.00017771954462	0.0002090818172	0	0.000111510302507	0	0.00100010802561	0.00406664134454	0.00891037010966	0.000101056211647	0.0135032006942	0.0110151270695	0.00307350271284	0.000508765755186	0.00835281859713	0.000128933787273	6.96939390666e-05	0.00404573316282	0.0026657931693	0.00813676738602	0.00259958392718	0.00338712543864	8.01480299266e-05	0.00216051211106	0.0002090818172	0	0.00266230847234	0.000557551512533	0.00126146029711	0.0101822844976	0.00378438089132	0.000153326665946	0.000634214845506	0.000174234847666	0.0418024246521	2.43928786733e-05	0.000637699542459	3.48469695333e-06	0	0.000139387878133	0	0.000404224846586	0	0.00022998999892	9.40868177399e-05	6.96939390666e-06	0.00043907181612	0.00013590318118	5.22704542999e-05	0.000163780756806	0.000822388480986	1.39387878133e-05	0.000947837571306	0.000202112423293	0.000459979997839	0.0001045409086	0.000160296059853	0.000111510302507	0.000526189239953	0.00035543908924	1.39387878133e-05	0.000599367875973	0.000602852572926	0.000128933787273	0.000491342270419	0.000223020605013	0	0	8.01480299266e-05	0.00179461893096	0.00169007802236	0.00265882377539	0.0274071415379	0.00510159633967	0.000338015604473	0.000268321665406	6.96939390666e-06	0.00133463893313	0.000205597120246	0.00151235847774	0.000797995602312	0.000522704542999	0.000184688938526	8.36327268799e-05
0	0	0	0	0	0	0	0	0	3.48469695333e-06	0	0	3.48469695333e-06	0	0	0	3.48469695333e-06	2.43928786733e-05	0	0	0	0	3.48469695333e-06	4.53010603933e-05	0	0	0	0	0	0	0	0	0	0	2.43928786733e-05	0.0215249730807	1.39387878133e-05	0.00110464893421	0	5.92398482066e-05	0	1.045409086e-05	0.008736135262	0.00496220846154	2.43928786733e-05	0.0001045409086	2.78775756266e-05	9.06021207866e-05	3.48469695333e-06	0.00817161435556	6.96939390666e-06	0.000411194240493	0.00273200241141	1.74234847666e-05	0.00139387878133	4.87857573466e-05	0.00225111423185	4.181636344e-05	0.00206990999028	0.00240095620084	0	0.00283654332001	5.57551512533e-05	0.00328258453004	0.00725862375379	0.0109349790395	0	0	0.00035543908924	0.00137645529657	6.96939390666e-06	1.74234847666e-05	0	0	0	0	0	1.39387878133e-05	0	0.00028226045322	5.92398482066e-05	2.78775756266e-05	2.43928786733e-05	0
