0.0373068577816	0	0.000105200867907	0	0.00261687158919	0.000394503254652	2.63002169768e-05	0.0109540403708	0.00448418699454	0.00387928200408	0.00957327897955	0.00182786507989	0.00303767506082	0.000420803471629	0.0247090538497	0.00024985206128	5.26004339536e-05	0.000499704122559	0.000223551844303	0.001696363995	0.00622000131501	0.000933657702676	0	0.00232756920245	0.00127556052337	0	0.00145966204221	1.31501084884e-05	0.0206851206522	0.0210664737984	0.0081530672628	0	1.31501084884e-05	0.00107830889605	0.0111381418897	0	0	0	0	6.5750542442e-05	0	0	0	0.000394503254652	0.0037346308107	5.26004339536e-05	0	9.20507594188e-05	0	0.00332697744756	1.31501084884e-05	0	0	0	0	0.000157801301861	0	0	0.000170951410349	0.000144651193372	0	1.31501084884e-05	0.000184101518838	7.89006509304e-05	0.00168321388651	0	0	0	0	0.00202511670721	0.00136761128279	0.00040765336314	0.0115852455783	0.00390558222105	2.63002169768e-05	1.31501084884e-05	0.000223551844303	1.31501084884e-05	1.31501084884e-05	0.000315602603721	9.20507594188e-05	5.26004339536e-05	3.94503254652e-05	0.000157801301861
0	0.0131106581629	0.00149911236768	0	0	0	0	0	0	0.00394503254652	0	0	0	0.000263002169768	0	0	0.000973108028141	0	0	0	0	0	0.00516799263594	1.31501084884e-05	0.0047603392728	0.000644355315931	0.00173581432047	0.0122164507857	0	0	0	0	0	0	0	0	0.00564139654152	0	0	0	0	0	0	0	0	0	0	0	0	0	0	0	0	0	0	0	0	0	0	0	0.000170951410349	0.000170951410349	0.00562824643303	0	0	0	0	0	0	0	0	0	0	0	0	0	0	0	0	0	0	0	0	0
0.000105200867907	0.00149911236768	0.0565323163916	0	0	0	0	0.000197251627326	0	0	3.94503254652e-05	6.5750542442e-05	1.31501084884e-05	0	0.000170951410349	0	1.31501084884e-05	0.0110592412387	0	0	0	0.0055493457821	0.000499704122559	0.0238411466895	0	0	0.00586494838582	0.0270103228352	0.00024985206128	0	0.000157801301861	0	0	0	2.63002169768e-05	0	0.00774541389966	0.000341902820698	0	0	0	0	0	0	0	0	9.20507594188e-05	0	0	0	0	3.94503254652e-05	0	5.26004339536e-05	2.63002169768e-05	0	0	0.00391873232954	0.000157801301861	0	0	0.000315602603721	0.0167532382142	0	0	0	0	0	0	0	0.00311657571175	0.000157801301861	0.000933657702676	1.31501084884e-05	0	0	0	0.000486554014071	0.000289302386745	0.000552304556513	0.00040765336314	5.26004339536e-05	0	3.94503254652e-05
0	0	0	0	0	0	0	0	0	0	0	0	0	0	0	0	0	0	0	0	0	0	0	0	0	0	0	0	0	0	0	0	0	0	0	0	0	0	0	0	0	0	0	0	0	0	0	0	0	0	0	0	0	0	0	0	0	0	0	0	0	0	0	0	0	0	0	0	0	0	0	0	0	0	0	0	0	0	0	0	0	0	0	0
0.00261687158919	0	0	0	0.0190150568742	0.000105200867907	0.000131501084884	0.00226181866	0.000368203037675	0.00184101518838	0.00595699914524	0.000315602603721	0.00256427115524	9.20507594188e-05	0.000499704122559	0.000197251627326	0	0	6.5750542442e-05	0	0.00683805641397	0	0	0	0.00966532973897	0	7.89006509304e-05	0	0.0107304885265	0.00218291800907	0	0	1.31501084884e-05	0.000197251627326	0.00222236833454	0	0	0	0	0.00466828851338	0	1.31501084884e-05	0	0.000144651193372	0.00812676704583	0.000526004339536	0	0.00590439871129	0	3.94503254652e-05	5.26004339536e-05	0	0	0	0	0.00640410283385	0	0	0	0.0066802551121	0	0	0	0.00188046551384	1.31501084884e-05	0	0	0	0	0.000775856400815	0.000289302386745	0.000210401735814	0.00247222039582	0.00149911236768	2.63002169768e-05	1.31501084884e-05	6.5750542442e-05	0	0	2.63002169768e-05	0	0.000236701952791	1.31501084884e-05	3.94503254652e-05
0.000394503254652	0	0	0	0.000105200867907	0.00349792885791	0.00105200867907	0.000789006509304	0.000644355315931	5.26004339536e-05	0.000828456834769	2.63002169768e-05	7.89006509304e-05	0	1.31501084884e-05	0.000565454665001	0	0	1.31501084884e-05	0	3.94503254652e-05	0	0	0	1.31501084884e-05	0	2.63002169768e-05	0	0.000591754881978	0.000105200867907	0	0	0.00126241041489	6.5750542442e-05	0.00107830889605	0	0	0	0	0	0	0	0	0	0	0	0	0	0	0	0	0	0	0	0	0	0	0	0	0	0	0	0	0	0	0	0	0	0	0	9.20507594188e-05	3.94503254652e-05	0.000578604773489	0.000184101518838	0.000618055098955	0.00152541258465	0	0	0	0	0	0	0	0
2.63002169768e-05	0	0	0	0.000131501084884	0.00105200867907	0.0122559011112	0.00134131106582	0.000749556183839	0.000512854231047	0.00440528634361	2.63002169768e-05	0.00478663948978	0	0	0.00132816095733	0	0	0	2.63002169768e-05	0.00165691366954	0	0	0	0	0	0	0	0.00117035965547	0.000144651193372	0	0	0.000118350976396	0	0.000263002169768	0	0	0	0	0	0	0.000105200867907	0	7.89006509304e-05	0.000118350976396	0	0	0.000118350976396	0	0	0.000118350976396	0	0	0	0	0	0	0	0	0	0	0	0	0	0	0	0	0	0	0	1.31501084884e-05	0	0.000144651193372	9.20507594188e-05	0.000157801301861	0.000157801301861	0	1.31501084884e-05	0	0	0	7.89006509304e-05	0	0
0.0109540403708	0	0.000197251627326	0	0.00226181866	0.000789006509304	0.00134131106582	0.0735091064501	0.00449733710303	0.00186731540535	0.027168124137	0.000473403905582	0.00110460911303	0.000276152278256	0.0125583536064	0.00176211453744	3.94503254652e-05	0	0.000118350976396	0.000315602603721	0.00439213623512	0.00408968373989	0	0.00406338352291	0.00577289762641	0	0.000276152278256	1.31501084884e-05	0.0540732461043	0.00564139654152	0.0128213557762	0	0	0.00232756920245	0.00305082516931	0	0	0	0	0.00145966204221	0	0	0.000157801301861	0.00128871063186	0.00372148070222	0.000973108028141	0	0.00199881649024	0	0.000670655532908	1.31501084884e-05	0	0	0	0	0.00184101518838	0	0	7.89006509304e-05	0.00337957788152	0	0	0.000118350976396	0.00110460911303	0.000499704122559	0	0	1.31501084884e-05	0	0.000539154448024	0.00209086724965	3.94503254652e-05	0.00383983167861	0.00110460911303	0.000420803471629	1.31501084884e-05	7.89006509304e-05	0	0	0.000460253797094	6.5750542442e-05	0.000144651193372	0.000131501084884	6.5750542442e-05
0.00448418699454	0	0	0	0.000368203037675	0.000644355315931	0.000749556183839	0.00449733710303	0.00969162995595	0	0.0055493457821	0.000999408245118	0.000184101518838	0.000197251627326	0.00377408113617	1.31501084884e-05	0	0	3.94503254652e-05	0.000170951410349	0.00024985206128	0	0	0	0.000118350976396	0	0.000170951410349	0	0.00341902820698	0.00312972582024	0	0	5.26004339536e-05	0.00106515878756	0.0018147149714	0	0	0	0	0	0	0	0	0	0	0	0	0	0	0	0	0	0	0	0	0	0	0	0	0	0	0	0	0	0	0	0	0	0	3.94503254652e-05	1.31501084884e-05	0.000670655532908	0.00174896442896	0.000223551844303	1.31501084884e-05	1.31501084884e-05	1.31501084884e-05	0	0	0	0	0	0	0
0.00387928200408	0.00394503254652	0	0	0.00184101518838	5.26004339536e-05	0.000512854231047	0.00186731540535	0	0.0552699059767	0.000473403905582	1.31501084884e-05	0.00277467289105	0.000341902820698	0.00312972582024	0.00452363732001	0.00218291800907	0	0	0.000131501084884	0.000276152278256	0.000341902820698	0.00808731672036	0.000276152278256	0.0240515484253	0.000631205207443	0.000565454665001	0.0037346308107	0.0216976790059	0.0127161549083	0.0031691761457	0	1.31501084884e-05	0.00376093102768	0.00186731540535	0.000631205207443	0	0	0	0.00291932408442	0.000105200867907	0.00109145900454	0	0.00507594187652	0.0316523111316	0.000276152278256	0	0.00334012755605	0	0.0132421592478	0.00160431323558	0	0	0	0	0.00131501084884	3.94503254652e-05	0.00139391149977	0	0.00353737918338	5.26004339536e-05	7.89006509304e-05	5.26004339536e-05	0.000828456834769	0.0135183115261	0.00466828851338	0	0	0.00178841475442	0.010769938852	0.00595699914524	2.63002169768e-05	0.00364258005129	0.00211716746663	0.00206456703268	1.31501084884e-05	0	0.000315602603721	0.000118350976396	0.00495759090012	0.00216976790059	0.00270892234861	0.00211716746663	0
0.00957327897955	0	3.94503254652e-05	0	0.00595699914524	0.000828456834769	0.00440528634361	0.027168124137	0.0055493457821	0.000473403905582	0.0469590374121	0.00111775922151	0.0066802551121	0.000368203037675	0.00949437832862	0.000591754881978	0	0	9.20507594188e-05	0.000512854231047	0.0121375501348	0.000696955749885	0	0.000710105858373	0.00193306594779	0	0.000381353146163	0	0.0270892234861	0.00640410283385	0	0	0	0.00136761128279	0.00561509632454	0	0	0	0	0.0015911631271	0	0	0.000157801301861	0.00113090933	0.00383983167861	0.00109145900454	0	0.00326122690512	0	0.000604904990466	0	0	0	0	0	0.00337957788152	0	0	0	0.00376093102768	0	0	1.31501084884e-05	0.00151226247617	0.000420803471629	0	0	0	0	0.00155171280163	0.000670655532908	0.000315602603721	0.00568084686699	0.00285357354198	0.000118350976396	1.31501084884e-05	0.000197251627326	0	0	0.000276152278256	0	6.5750542442e-05	0.000105200867907	0.000144651193372
0.00182786507989	0	6.5750542442e-05	0	0.000315602603721	2.63002169768e-05	2.63002169768e-05	0.000473403905582	0.000999408245118	1.31501084884e-05	0.00111775922151	0.0224998356236	0.000591754881978	0.00201196659872	0.000999408245118	0	1.31501084884e-05	0	0.00184101518838	0.00673285554606	0.00117035965547	0.000144651193372	0	0.000789006509304	1.31501084884e-05	0.000184101518838	0.00737721086199	7.89006509304e-05	0.00106515878756	0.0056676967585	0.000157801301861	0.000696955749885	0.000131501084884	2.63002169768e-05	0.0104148859228	0	0	0	0	0	0	0	0	0	1.31501084884e-05	0	0.00118350976396	0	0.0012492603064	0	0	0	0	0	0	0	0	0	0	0	0	0	0	0	1.31501084884e-05	0	0	0	0	5.26004339536e-05	0.00174896442896	0.00664080478664	0.012979157078	0.00157801301861	0	1.31501084884e-05	0.000184101518838	0.000105200867907	0.000959957919653	0	0	0	0	7.89006509304e-05
0.00303767506082	0	1.31501084884e-05	0	0.00256427115524	7.89006509304e-05	0.00478663948978	0.00110460911303	0.000184101518838	0.00277467289105	0.0066802551121	0.000591754881978	0.0194358603458	0.000223551844303	0.00156486291012	0.00144651193372	1.31501084884e-05	0	6.5750542442e-05	0.000302452495233	0.00894207377211	0.000144651193372	0	0.000118350976396	0.00127556052337	0	0.000210401735814	1.31501084884e-05	0.00366888026826	0.00311657571175	1.31501084884e-05	0	0	1.31501084884e-05	0.00299822473535	0	0	0	0	0.000447103688605	0	0.000644355315931	0	0.000460253797094	0.00174896442896	2.63002169768e-05	0	0.00167006377803	0	6.5750542442e-05	0.000946807811164	0	0	0	0	0.000789006509304	0	0	2.63002169768e-05	0.000184101518838	0	0	2.63002169768e-05	7.89006509304e-05	0.000184101518838	0	0	0	0	0.00127556052337	0.00144651193372	0.000118350976396	0.00303767506082	0.00202511670721	0.00024985206128	0	0.000118350976396	5.26004339536e-05	1.31501084884e-05	0.000223551844303	0.000197251627326	0.00110460911303	0.000131501084884	0.000118350976396
0.000420803471629	0.000263002169768	0	0	9.20507594188e-05	0	0	0.000276152278256	0.000197251627326	0.000341902820698	0.000368203037675	0.00201196659872	0.000223551844303	0.0187652048129	0.000263002169768	0	0	0	0	3.94503254652e-05	0.000368203037675	6.5750542442e-05	0.000263002169768	2.63002169768e-05	0.000276152278256	0.00750871194687	0.00411598395687	0.00113090933	0.000381353146163	0.00114405943849	3.94503254652e-05	0.00235386941942	1.31501084884e-05	0.000105200867907	0.00180156486291	0	0	0	0	0	0	0	1.31501084884e-05	0	0.000131501084884	1.31501084884e-05	0.00512854231047	0	0.00783746465908	1.31501084884e-05	1.31501084884e-05	0	0	0.000355052929187	0	1.31501084884e-05	0	0	0	3.94503254652e-05	0.00239331974489	0.00114405943849	0.000118350976396	2.63002169768e-05	2.63002169768e-05	0	0.00228811887698	0	0	0.000565454665001	0	0.00352422907489	0.00234071931093	0.00145966204221	0	0	0.00136761128279	0	0.00184101518838	5.26004339536e-05	2.63002169768e-05	2.63002169768e-05	0	0.000644355315931
0.0247090538497	0	0.000170951410349	0	0.000499704122559	1.31501084884e-05	0	0.0125583536064	0.00377408113617	0.00312972582024	0.00949437832862	0.000999408245118	0.00156486291012	0.000263002169768	0.0348346373858	0.000223551844303	1.31501084884e-05	0.000499704122559	0.000144651193372	0.00120980998093	0.00231441909396	0.001696363995	0	0.00348477874942	0.00105200867907	0	0.00111775922151	1.31501084884e-05	0.0166611874548	0.0160694325728	0.00690380695641	0	5.26004339536e-05	0.00065750542442	0.00652245381024	0	0	0	0	0	0	0	0	0.000355052929187	0.00314287592873	1.31501084884e-05	0	1.31501084884e-05	0	0.00290617397594	1.31501084884e-05	0	0	0	0	2.63002169768e-05	0	0	0.000184101518838	6.5750542442e-05	0	1.31501084884e-05	0.000223551844303	2.63002169768e-05	0.00140706160826	0	0	0	0	0.00132816095733	0.00128871063186	0.000170951410349	0.0069169570649	0.00167006377803	0	0	0.000197251627326	1.31501084884e-05	1.31501084884e-05	0.000315602603721	0.000118350976396	6.5750542442e-05	2.63002169768e-05	0.000131501084884
0.00024985206128	0	0	0	0.000197251627326	0.000565454665001	0.00132816095733	0.00176211453744	1.31501084884e-05	0.00452363732001	0.000591754881978	0	0.00144651193372	0	0.000223551844303	0.0120323492669	9.20507594188e-05	0	0	1.31501084884e-05	0.000223551844303	0.000854757051746	0	0.000184101518838	0.00241961996186	0	1.31501084884e-05	0	0.00376093102768	0.00073640607535	0.000223551844303	0	2.63002169768e-05	0.000276152278256	0.000197251627326	0	0	0	0	9.20507594188e-05	2.63002169768e-05	9.20507594188e-05	1.31501084884e-05	0.000210401735814	0.00191991583931	3.94503254652e-05	0	0.000223551844303	0	0.000210401735814	0.00024985206128	0	0	0	0	5.26004339536e-05	0	0	0	0.000105200867907	0	0	2.63002169768e-05	1.31501084884e-05	0.000802156617792	0.000381353146163	0	0	0.000131501084884	0.00145966204221	0.00578604773489	0	0.00024985206128	0.000157801301861	0.00412913406536	2.63002169768e-05	0	7.89006509304e-05	1.31501084884e-05	0.000907357485699	0.00065750542442	0.000486554014071	0.000486554014071	0
5.26004339536e-05	0.000973108028141	1.31501084884e-05	0	0	0	0	3.94503254652e-05	0	0.00218291800907	0	1.31501084884e-05	1.31501084884e-05	0	1.31501084884e-05	9.20507594188e-05	0.0194621605628	0	1.31501084884e-05	3.94503254652e-05	0	0.00398448287198	0.0139785653232	0.00721940956013	0.00896837398909	1.31501084884e-05	3.94503254652e-05	0.00569399697548	0.00252482082977	0	3.94503254652e-05	0	0	0	1.31501084884e-05	0	0	0	0	0	0	0	0	0	0.00148596225919	0	0	0	0	0	0	0.00414228417384	0	0	0	0	0.000210401735814	0.00536524426327	0.000341902820698	0.000973108028141	0	0	0.000118350976396	0.000723255966862	0.000368203037675	0.00107830889605	0	0	0.000289302386745	0.00105200867907	0.00176211453744	0.00040765336314	0.000144651193372	0.000118350976396	0	0	0	0.000170951410349	0	0.00081530672628	0.00032875271221	7.89006509304e-05	0.000289302386745	0
0.000499704122559	0	0.0110592412387	0	0	0	0	0	0	0	0	0	0	0	0.000499704122559	0	0	0.0203169176146	0	0.00324807679663	0	0.000184101518838	0	0.00560194621606	0	0	0.00739036097048	0.00126241041489	0.00024985206128	0.000433953580117	0.00117035965547	0	0	0	0.00523374317838	0	0	0	0	0	0	0	0	0	0	0	0	0	0	0	0	0	0	0	0	0	0	0	0	0	0	0	0	0	0	0	0	0	0	0	0.000394503254652	0	0.00370833059373	5.26004339536e-05	0	0	0	0	0	0	0	0	0	0
0.000223551844303	0	0	0	6.5750542442e-05	1.31501084884e-05	0	0.000118350976396	3.94503254652e-05	0	9.20507594188e-05	0.00184101518838	6.5750542442e-05	0	0.000144651193372	0	1.31501084884e-05	0	0.00274837267407	0.000486554014071	0.000131501084884	6.5750542442e-05	0	0.000170951410349	1.31501084884e-05	0	0.00139391149977	0	0.000170951410349	0.000749556183839	2.63002169768e-05	0	0	2.63002169768e-05	0.000775856400815	0	0	0	0	0	0	0	0	0	0	0	0	0	0	0	0	0	0	0	0	0	0	0	0	0	0	0	0	0	0	0	0	0	0	0	2.63002169768e-05	0	0.00185416529686	0.000289302386745	0	0	0	0	0	0	0	0	0	0
0.001696363995	0	0	0	0	0	2.63002169768e-05	0.000315602603721	0.000170951410349	0.000131501084884	0.000512854231047	0.00673285554606	0.000302452495233	3.94503254652e-05	0.00120980998093	1.31501084884e-05	3.94503254652e-05	0.00324807679663	0.000486554014071	0.0198040633835	0.000420803471629	0.000420803471629	0	0.00128871063186	3.94503254652e-05	0	0.0107830889605	0	0.00185416529686	0.00115720954698	0.00198566638175	0	0	2.63002169768e-05	0.0126898546913	0	0	0	0	0	0	0	0	0	0.000105200867907	0	0	0	0	1.31501084884e-05	0	0	0	0	0	0	0	0	0	0	0	0	0	0	0.000118350976396	0	0	0	0	0.000118350976396	0.00186731540535	2.63002169768e-05	0.0127687553422	0.00118350976396	1.31501084884e-05	0	3.94503254652e-05	0	0	0	0	0	0	3.94503254652e-05
0.00622000131501	0	0	0	0.00683805641397	3.94503254652e-05	0.00165691366954	0.00439213623512	0.00024985206128	0.000276152278256	0.0121375501348	0.00117035965547	0.00894207377211	0.000368203037675	0.00231441909396	0.000223551844303	0	0	0.000131501084884	0.000420803471629	0.0189361562233	0	0	0	0.00165691366954	0	0.00032875271221	0	0.00928397659281	0.00574659740943	0	0	1.31501084884e-05	9.20507594188e-05	0.00597014925373	0	0	0	0	0.000999408245118	0	0	9.20507594188e-05	0.000341902820698	0.00220921822605	0.000447103688605	0	0.00290617397594	0	0.000170951410349	0	0	0	0	0	0.00301137484384	0	0	0	0.00251167072128	0	0	0	0.00143336182524	3.94503254652e-05	0	0	0	0	0.00172266421198	0.000460253797094	0.000368203037675	0.00599644947071	0.00347162864094	9.20507594188e-05	1.31501084884e-05	0.000184101518838	0	0	0.000144651193372	0	5.26004339536e-05	9.20507594188e-05	0.000144651193372
0.000933657702676	0	0.0055493457821	0	0	0	0	0.00408968373989	0	0.000341902820698	0.000696955749885	0.000144651193372	0.000144651193372	6.5750542442e-05	0.001696363995	0.000854757051746	0.00398448287198	0.000184101518838	6.5750542442e-05	0.000420803471629	0	0.0580445788678	0.00248537050431	0.0304556512591	6.5750542442e-05	0	0.000420803471629	0.00330067723059	0.0191860082846	0.000512854231047	0.016398185285	0	0	0.000473403905582	0.00803471628641	0	0	0	0	0	0	0	0	2.63002169768e-05	0.000381353146163	0	0	0	0	0.000223551844303	0	0.000854757051746	0	0	0	0	3.94503254652e-05	0.000999408245118	0.000197251627326	2.63002169768e-05	0	0	0.00024985206128	6.5750542442e-05	0.000486554014071	0	0	0	0	0.000276152278256	0.0109934906963	0.00102570846209	0.00806101650339	0.00228811887698	0	0	0	0.000144651193372	0	0.000263002169768	0.000197251627326	6.5750542442e-05	0	0
0	0.00516799263594	0.000499704122559	0	0	0	0	0	0	0.00808731672036	0	0	0	0.000263002169768	0	0	0.0139785653232	0	0	0	0	0.00248537050431	0.0318232625419	0.00885002301269	0.0137155631534	0.000644355315931	0.000394503254652	0.0144651193372	0.00153856269314	0	0	0	0	0	0	1.31501084884e-05	0.00285357354198	0	0	0	0	0	0	0	0.00191991583931	0	0	0	0	0	0	0.00749556183839	0	0	0	0	0.000263002169768	0.0117430468801	0.000775856400815	0.00081530672628	5.26004339536e-05	5.26004339536e-05	0.00454993753698	0.000762706292327	0.000263002169768	0.000973108028141	0	0	0.000236701952791	0.000933657702676	0.000618055098955	1.31501084884e-05	0	0	0	0	0	0.000526004339536	0	0.00101255835361	0.000591754881978	0.000197251627326	0.000433953580117	0
0.00232756920245	1.31501084884e-05	0.0238411466895	0	0	0	0	0.00406338352291	0	0.000276152278256	0.000710105858373	0.000789006509304	0.000118350976396	2.63002169768e-05	0.00348477874942	0.000184101518838	0.00721940956013	0.00560194621606	0.000170951410349	0.00128871063186	0	0.0304556512591	0.00885002301269	0.0893286869617	6.5750542442e-05	0	0.00189361562233	0.00928397659281	0.012518903281	0.000696955749885	0.00963902952199	0	0	0.000289302386745	0.00549674534815	0	0	0	0	0	0	0	0	2.63002169768e-05	0.000276152278256	0	0	0	0	0.000157801301861	0	0.00933657702676	0	0	0	0	0	0.0102570846209	0.00360312972582	0	0	1.31501084884e-05	0.00227496876849	1.31501084884e-05	0.000302452495233	0	0	0	0	0.000184101518838	0.0249983562364	0.00339272799001	0.00852127030048	0.00213031757512	0	0	0	0.0018147149714	0.000157801301861	0.00219606811756	0.00114405943849	0.000920507594188	3.94503254652e-05	0
0.00127556052337	0.0047603392728	0	0	0.00966532973897	1.31501084884e-05	0	0.00577289762641	0.000118350976396	0.0240515484253	0.00193306594779	1.31501084884e-05	0.00127556052337	0.000276152278256	0.00105200867907	0.00241961996186	0.00896837398909	0	1.31501084884e-05	3.94503254652e-05	0.00165691366954	6.5750542442e-05	0.0137155631534	6.5750542442e-05	0.0546781510947	0.000631205207443	0.000447103688605	0.00739036097048	0.0270366230521	0.000907357485699	7.89006509304e-05	0	0	0.000197251627326	0.000144651193372	0.000197251627326	0	0	0	0.00543099480571	2.63002169768e-05	0.00024985206128	0	0.001696363995	0.0152804260635	0.000512854231047	0	0.00637780261687	0	0.00188046551384	0.00024985206128	1.31501084884e-05	0	0	0	0.00606220001315	0.000157801301861	0.00164376356105	0	0.00712735880071	5.26004339536e-05	5.26004339536e-05	0	0.00243277007035	0.00243277007035	0.00206456703268	0	0	0.000973108028141	0.002827273325	0.00239331974489	0	0.000578604773489	0.000433953580117	0.00120980998093	0	1.31501084884e-05	1.31501084884e-05	0	0.00138076139128	0.000368203037675	0.00132816095733	0.000644355315931	1.31501084884e-05
0	0.000644355315931	0	0	0	0	0	0	0	0.000631205207443	0	0.000184101518838	0	0.00750871194687	0	0	1.31501084884e-05	0	0	0	0	0	0.000644355315931	0	0.000631205207443	0.00931027680978	0.00163061345256	0.000933657702676	0	0	0	0.000775856400815	0	0	7.89006509304e-05	0	0	0	0	0	0	0	0	0	0	0	0.00285357354198	0	0.00560194621606	0	0	0	0	0	0	0	0	0	0	0	0.00220921822605	0.000118350976396	0.000144651193372	0	0	0	0.00101255835361	0	0	0	0	0.00151226247617	0.000460253797094	0	0	0	0.000512854231047	0	0.00109145900454	0	0	0	0	0.000368203037675
0.00145966204221	0.00173581432047	0.00586494838582	0	7.89006509304e-05	2.63002169768e-05	0	0.000276152278256	0.000170951410349	0.000565454665001	0.000381353146163	0.00737721086199	0.000210401735814	0.00411598395687	0.00111775922151	1.31501084884e-05	3.94503254652e-05	0.00739036097048	0.00139391149977	0.0107830889605	0.00032875271221	0.000420803471629	0.000394503254652	0.00189361562233	0.000447103688605	0.00163061345256	0.0824380301137	0.0167926885397	0.00185416529686	0.00127556052337	0.00180156486291	0.00518114274443	0	6.5750542442e-05	0.00795581563548	0	0.00627260174896	0	0	0	0	0	0	0	0.000144651193372	0	0.0066802551121	0	0.00539154448024	2.63002169768e-05	0	0	0	0.00401078308896	0.000144651193372	0	0	7.89006509304e-05	0	0	0.0116378460122	0.0182392004734	0.00831086856467	0	0.000144651193372	0	0.00577289762641	0	0	0.000118350976396	0.00953382865409	0.00677230587152	0.0122953514366	0.00201196659872	1.31501084884e-05	1.31501084884e-05	2.63002169768e-05	0.000420803471629	0.000841606943257	0	0	0	0	1.31501084884e-05
1.31501084884e-05	0.0122164507857	0.0270103228352	0	0	0	0	1.31501084884e-05	0	0.0037346308107	0	7.89006509304e-05	1.31501084884e-05	0.00113090933	1.31501084884e-05	0	0.00569399697548	0.00126241041489	0	0	0	0.00330067723059	0.0144651193372	0.00928397659281	0.00739036097048	0.000933657702676	0.0167926885397	0.0917088565981	3.94503254652e-05	0	3.94503254652e-05	0	0	0	2.63002169768e-05	0	0.0323755670984	0.000368203037675	0	0	0	0	0	0	0	0	9.20507594188e-05	0	1.31501084884e-05	0	0	0.0024985206128	2.63002169768e-05	0.000144651193372	2.63002169768e-05	0	0	0.00965217963048	0.000184101518838	0	0.00523374317838	0.00562824643303	0.0497994608456	0	0	0	0	0	0	0	0.00263002169768	0.000197251627326	0.000762706292327	1.31501084884e-05	0	0	0	0.000433953580117	0.000276152278256	0.000578604773489	0.00040765336314	3.94503254652e-05	0	3.94503254652e-05
0.0206851206522	0	0.00024985206128	0	0.0107304885265	0.000591754881978	0.00117035965547	0.0540732461043	0.00341902820698	0.0216976790059	0.0270892234861	0.00106515878756	0.00366888026826	0.000381353146163	0.0166611874548	0.00376093102768	0.00252482082977	0.00024985206128	0.000170951410349	0.00185416529686	0.00928397659281	0.0191860082846	0.00153856269314	0.012518903281	0.0270366230521	0	0.00185416529686	3.94503254652e-05	0.125767637583	0.0168978894076	0.0245118022224	0	1.31501084884e-05	0.0036294299428	0.00977053060688	0.000236701952791	0	0	0	0.0049838911171	2.63002169768e-05	0.00032875271221	0.000157801301861	0.0041948846078	0.0217239792228	0.00123611019791	0	0.00526004339536	0	0.00706160825827	0.000105200867907	5.26004339536e-05	0	0	0	0.00543099480571	5.26004339536e-05	0.00105200867907	0.000394503254652	0.00896837398909	0	0	0.000670655532908	0.00311657571175	0.00545729502268	0.00186731540535	0	1.31501084884e-05	0.000973108028141	0.00398448287198	0.00632520218292	0.000184101518838	0.0117298967716	0.00274837267407	0.0014728121507	2.63002169768e-05	9.20507594188e-05	1.31501084884e-05	0	0.00211716746663	0.000618055098955	0.00073640607535	0.000565454665001	9.20507594188e-05
0.0210664737984	0	0	0	0.00218291800907	0.000105200867907	0.000144651193372	0.00564139654152	0.00312972582024	0.0127161549083	0.00640410283385	0.0056676967585	0.00311657571175	0.00114405943849	0.0160694325728	0.00073640607535	0	0.000433953580117	0.000749556183839	0.00115720954698	0.00574659740943	0.000512854231047	0	0.000696955749885	0.000907357485699	0	0.00127556052337	0	0.0168978894076	0.0492340061806	0.00802156617792	0	0.000170951410349	0.00863962127688	0.0165691366954	1.31501084884e-05	0	0	0	6.5750542442e-05	0	1.31501084884e-05	0	0.00103885857058	0.011953448616	5.26004339536e-05	0	6.5750542442e-05	0	0.0102439345125	2.63002169768e-05	0	0	2.63002169768e-05	0	0.000118350976396	0	0	0	0.000197251627326	0	1.31501084884e-05	2.63002169768e-05	7.89006509304e-05	0.00723255966862	1.31501084884e-05	0	0	0	0.00433953580117	0.000946807811164	0.00219606811756	0.0153856269314	0.00552304556513	0.00040765336314	0	0.000381353146163	0.000105200867907	6.5750542442e-05	0.000512854231047	3.94503254652e-05	0.000157801301861	0.00024985206128	0.000184101518838
0.0081530672628	0	0.000157801301861	0	0	0	0	0.0128213557762	0	0.0031691761457	0	0.000157801301861	1.31501084884e-05	3.94503254652e-05	0.00690380695641	0.000223551844303	3.94503254652e-05	0.00117035965547	2.63002169768e-05	0.00198566638175	0	0.016398185285	0	0.00963902952199	7.89006509304e-05	0	0.00180156486291	3.94503254652e-05	0.0245118022224	0.00802156617792	0.0527056348215	0	0	0.000775856400815	0.00842921954106	1.31501084884e-05	0	1.31501084884e-05	0	0	0	0	0	0.000131501084884	0.00309027549477	0	0	0	0	0.00170951410349	0	0	0	0	0	0	0	0	0.000907357485699	0	0	0	0.00174896442896	0	0.00195936616477	0	0	0	0	0.00123611019791	0.00393188243803	0	0.0090604247485	0.00211716746663	0	0	0	0	0	0.00190676573082	0.00142021171675	0.000723255966862	2.63002169768e-05	0
0	0	0	0	0	0	0	0	0	0	0	0.000696955749885	0	0.00235386941942	0	0	0	0	0	0	0	0	0	0	0	0.000775856400815	0.00518114274443	0	0	0	0	0.0054441449142	0	0	0	0	0	0	0	0	0	0	0	0	0	0	0.00219606811756	0	0.00377408113617	0	0	0	0	0.000105200867907	0	0	0	0	0	0	0.00157801301861	0.00178841475442	0.00024985206128	0	0	0	0.00383983167861	0	0	0	0	0.000131501084884	0	0	0	0	0	0	0.000394503254652	0	0	0	0	0
1.31501084884e-05	0	0	0	1.31501084884e-05	0.00126241041489	0.000118350976396	0	5.26004339536e-05	1.31501084884e-05	0	0.000131501084884	0	1.31501084884e-05	5.26004339536e-05	2.63002169768e-05	0	0	0	0	1.31501084884e-05	0	0	0	0	0	0	0	1.31501084884e-05	0.000170951410349	0	0	0.00152541258465	0	0.000946807811164	0	0	0	0	0	0	0	0	0	0	0	0	0	0	0	0	0	0	0	0	0	0	0	0	0	0	0	0	0	0	0	0	0	0	0	5.26004339536e-05	3.94503254652e-05	0.000539154448024	0.000105200867907	0.000526004339536	0.00114405943849	0	0	0	0	0	0	0	0
0.00107830889605	0	0	0	0.000197251627326	6.5750542442e-05	0	0.00232756920245	0.00106515878756	0.00376093102768	0.00136761128279	2.63002169768e-05	1.31501084884e-05	0.000105200867907	0.00065750542442	0.000276152278256	0	0	2.63002169768e-05	2.63002169768e-05	9.20507594188e-05	0.000473403905582	0	0.000289302386745	0.000197251627326	0	6.5750542442e-05	0	0.0036294299428	0.00863962127688	0.000775856400815	0	0	0.010230784404	0.0026037214807	0	0	0	0	1.31501084884e-05	0	0	1.31501084884e-05	0.000420803471629	0.00370833059373	2.63002169768e-05	0	1.31501084884e-05	0	0.00355052929187	1.31501084884e-05	0	0	2.63002169768e-05	0	0	0	0	0	9.20507594188e-05	0	0	1.31501084884e-05	1.31501084884e-05	0.00358997961733	0	0	1.31501084884e-05	0	0.000973108028141	0.000170951410349	0	0.00209086724965	0.000447103688605	0.000276152278256	0	0	6.5750542442e-05	3.94503254652e-05	0.000289302386745	3.94503254652e-05	0.000105200867907	0.000131501084884	0
0.0111381418897	0	2.63002169768e-05	0	0.00222236833454	0.00107830889605	0.000263002169768	0.00305082516931	0.0018147149714	0.00186731540535	0.00561509632454	0.0104148859228	0.00299822473535	0.00180156486291	0.00652245381024	0.000197251627326	1.31501084884e-05	0.00523374317838	0.000775856400815	0.0126898546913	0.00597014925373	0.00803471628641	0	0.00549674534815	0.000144651193372	7.89006509304e-05	0.00795581563548	2.63002169768e-05	0.00977053060688	0.0165691366954	0.00842921954106	0	0.000946807811164	0.0026037214807	0.0507594187652	0	0	0	0	0.000105200867907	0	1.31501084884e-05	2.63002169768e-05	7.89006509304e-05	0.0018147149714	0.000118350976396	1.31501084884e-05	0.000105200867907	0	0.000368203037675	3.94503254652e-05	0	0	0	0	0.000131501084884	0	0	0	0.00032875271221	1.31501084884e-05	0	0	0.000144651193372	0.00120980998093	1.31501084884e-05	0	1.31501084884e-05	0	0.00327437701361	0.00195936616477	0.00240646985338	0.0372148070222	0.00628575185745	0.000394503254652	0.000959957919653	0.000420803471629	1.31501084884e-05	1.31501084884e-05	0.000236701952791	0.000105200867907	0.000118350976396	6.5750542442e-05	0.000210401735814
0	0	0	0	0	0	0	0	0	0.000631205207443	0	0	0	0	0	0	0	0	0	0	0	0	1.31501084884e-05	0	0.000197251627326	0	0	0	0.000236701952791	1.31501084884e-05	1.31501084884e-05	0	0	0	0	0.0265895193635	0	0.00143336182524	0	0	0	0	0.00735091064501	0.0147938720494	0.00160431323558	0	0	0	0	0.0105463870077	0	2.63002169768e-05	0.000618055098955	0	0	0	0.0056676967585	9.20507594188e-05	0.00349792885791	0.000618055098955	0	0.000144651193372	0	0.00360312972582	0.00767966335722	0.0189493063318	0	0	0.00081530672628	9.20507594188e-05	7.89006509304e-05	0	0	0	0	0	0	0	0	0	0	0	0	0
0	0.00564139654152	0.00774541389966	0	0	0	0	0	0	0	0	0	0	0	0	0	0	0	0	0	0	0	0.00285357354198	0	0	0	0.00627260174896	0.0323755670984	0	0	0	0	0	0	0	0	0.0423301992241	2.63002169768e-05	0	0	0	0	0	0	6.5750542442e-05	0	0	0	0.00122296008942	0	0	1.31501084884e-05	0	0	0	0	0	0.00227496876849	0	0.00117035965547	0.00340587809849	0.0035110789664	0.0383062660267	0	0	0	0.000118350976396	0	0	0	0	0	0	0	0	0	0	1.31501084884e-05	0	0	0	0	0	0
0	0	0.000341902820698	0	0	0	0	0	0	0	0	0	0	0	0	0	0	0	0	0	0	0	0	0	0	0	0	0.000368203037675	0	0	1.31501084884e-05	0	0	0	0	0.00143336182524	2.63002169768e-05	0.039042672102	0	0	0	0	0.000894207377211	0.00241961996186	0	0	0	0	0	0.000118350976396	0	1.31501084884e-05	0.00875797225327	0	0.000670655532908	0	0.00420803471629	0	0.0175948451575	0	0	0.0097442303899	0.0067986060885	0.00223551844303	9.20507594188e-05	0.00264317180617	0	0	6.5750542442e-05	0.00457623775396	2.63002169768e-05	0	1.31501084884e-05	0	0	0	0	0.00040765336314	9.20507594188e-05	0.00706160825827	0.000775856400815	1.31501084884e-05	0.00024985206128	0
0	0	0	0	0	0	0	0	0	0	0	0	0	0	0	0	0	0	0	0	0	0	0	0	0	0	0	0	0	0	0	0	0	0	0	0	0	0	0	0	0	0	0	0	0	0	0	0	0	0	0	0	0	0	0	0	0	0	0	0	0	0	0	0	0	0	0	0	0	0	0	0	0	0	0	0	0	0	0	0	0	0	0	0
6.5750542442e-05	0	0	0	0.00466828851338	0	0	0.00145966204221	0	0.00291932408442	0.0015911631271	0	0.000447103688605	0	0	9.20507594188e-05	0	0	0	0	0.000999408245118	0	0	0	0.00543099480571	0	0	0	0.0049838911171	6.5750542442e-05	0	0	0	1.31501084884e-05	0.000105200867907	0	0	0	0	0.0212768755342	0.000696955749885	0.00073640607535	0.00266947202314	0.00127556052337	0.0108093891775	0.00349792885791	0	0.00744296140443	0	0.000157801301861	0.00184101518838	0	0	0	0	0.00639095272536	0	0	0	0.0173186928792	0	0	0	0.0044184364521	0	0	0	0	0	1.31501084884e-05	6.5750542442e-05	0	0.000118350976396	3.94503254652e-05	5.26004339536e-05	0	0	0	0	0	0	0.00114405943849	0	0
0	0	0	0	0	0	0	0	0	0.000105200867907	0	0	0	0	0	2.63002169768e-05	0	0	0	0	0	0	0	0	2.63002169768e-05	0	0	0	2.63002169768e-05	0	0	0	0	0	0	0	0	0	0	0.000696955749885	0.00528634361233	0.00248537050431	0	0.00178841475442	0.00105200867907	3.94503254652e-05	1.31501084884e-05	0	0	0	0.00287987375896	0	0	0	0	0	0	0	0	0.000775856400815	0	0	0	0	0	0	0	0.00120980998093	0	0.000999408245118	2.63002169768e-05	0	0	0	0	0	0	0.00110460911303	0	6.5750542442e-05	0.000263002169768	0.000447103688605	0.00167006377803	1.31501084884e-05
0	0	0	0	1.31501084884e-05	0	0.000105200867907	0	0	0.00109145900454	0	0	0.000644355315931	0	0	9.20507594188e-05	0	0	0	0	0	0	0	0	0.00024985206128	0	0	0	0.00032875271221	1.31501084884e-05	0	0	0	0	1.31501084884e-05	0	0	0	0	0.00073640607535	0.00248537050431	0.0620290617398	0.00393188243803	0.0442764152804	0.0013544611743	0.0230521401802	0.00211716746663	0.0224866855152	0	0.00607535012164	0.00969162995595	0	0	0.0020382668157	0.000933657702676	0.000289302386745	5.26004339536e-05	0	0	0.00712735880071	0	0.000381353146163	0	0.00193306594779	0.00213031757512	0	0	0.00318232625419	0	0.00469458873036	7.89006509304e-05	0	1.31501084884e-05	1.31501084884e-05	1.31501084884e-05	0	0	0.00270892234861	0.000420803471629	0.00251167072128	0.00032875271221	0.00314287592873	0.0018147149714	0.000118350976396
0	0	0	0	0	0	0	0.000157801301861	0	0	0.000157801301861	0	0	1.31501084884e-05	0	1.31501084884e-05	0	0	0	0	9.20507594188e-05	0	0	0	0	0	0	0	0.000157801301861	0	0	0	0	1.31501084884e-05	2.63002169768e-05	0.00735091064501	0	0.000894207377211	0	0.00266947202314	0	0.00393188243803	0.0588335853771	0.0124005523046	0.000105200867907	0.00309027549477	0	0.00174896442896	0	0.00553619567361	0	0	0	0	0	0.000236701952791	0.00355052929187	0	0.00173581432047	0.0181076993885	0	0	0	0.0331908738247	0.000368203037675	0.00807416661187	0	0	0	3.94503254652e-05	1.31501084884e-05	0	2.63002169768e-05	1.31501084884e-05	0	0	0	0	0	1.31501084884e-05	0	0	5.26004339536e-05	0
0.000394503254652	0	0	0	0.000144651193372	0	7.89006509304e-05	0.00128871063186	0	0.00507594187652	0.00113090933	0	0.000460253797094	0	0.000355052929187	0.000210401735814	0	0	0	0	0.000341902820698	2.63002169768e-05	0	2.63002169768e-05	0.001696363995	0	0	0	0.0041948846078	0.00103885857058	0.000131501084884	0	0	0.000420803471629	7.89006509304e-05	0.0147938720494	0	0.00241961996186	0	0.00127556052337	0.00178841475442	0.0442764152804	0.0124005523046	0.0934052205931	0.0058912486028	0.0172134920113	0.00570714708396	0.0169504898415	0	0.0177263462424	0.00712735880071	0	7.89006509304e-05	0.00278782299954	0.000105200867907	0.000223551844303	0.00591754881978	0	0.00364258005129	0.00873167203629	0	0.000933657702676	0.000210401735814	0.0092971267013	0.00430008547571	0.0156223288842	0	0.0101255835361	0	0.00879742257874	0.00024985206128	0	9.20507594188e-05	5.26004339536e-05	1.31501084884e-05	0	0	0.00284042343349	0.000447103688605	0.000604904990466	0.000433953580117	0.00265632191466	0.001696363995	7.89006509304e-05
0.0037346308107	0	0	0	0.00812676704583	0	0.000118350976396	0.00372148070222	0	0.0316523111316	0.00383983167861	1.31501084884e-05	0.00174896442896	0.000131501084884	0.00314287592873	0.00191991583931	0.00148596225919	0	0	0.000105200867907	0.00220921822605	0.000381353146163	0.00191991583931	0.000276152278256	0.0152804260635	0	0.000144651193372	0	0.0217239792228	0.011953448616	0.00309027549477	0	0	0.00370833059373	0.0018147149714	0.00160431323558	6.5750542442e-05	0	0	0.0108093891775	0.00105200867907	0.0013544611743	0.000105200867907	0.0058912486028	0.0581497797357	0.00113090933	0	0.00927082648432	0	0.0146097705306	0.00380038135315	5.26004339536e-05	0	0	0	0.00717995923466	1.31501084884e-05	0.00603589979617	0	0.019817213492	0	0	3.94503254652e-05	0.00349792885791	0.0150831744362	0.00443158656059	0	0	0.00239331974489	0.00892892366362	0.00297192451838	0	0.0037346308107	0.00211716746663	0.000118350976396	0	1.31501084884e-05	2.63002169768e-05	1.31501084884e-05	0.00265632191466	0.000854757051746	0.00261687158919	0.000946807811164	1.31501084884e-05
5.26004339536e-05	0	0	0	0.000526004339536	0	0	0.000973108028141	0	0.000276152278256	0.00109145900454	0	2.63002169768e-05	1.31501084884e-05	1.31501084884e-05	3.94503254652e-05	0	0	0	0	0.000447103688605	0	0	0	0.000512854231047	0	0	0	0.00123611019791	5.26004339536e-05	0	0	0	2.63002169768e-05	0.000118350976396	0	0	0	0	0.00349792885791	3.94503254652e-05	0.0230521401802	0.00309027549477	0.0172134920113	0.00113090933	0.0403971332763	0.00120980998093	0.0173844434217	0	0.00526004339536	0.00372148070222	0	0	0.000959957919653	0.00081530672628	0.00263002169768	0	0	0	0.00673285554606	0	0.000157801301861	0	0.00536524426327	0.00256427115524	0	0	1.31501084884e-05	0	0.00198566638175	0.000170951410349	0	0.000118350976396	7.89006509304e-05	1.31501084884e-05	0	0	2.63002169768e-05	5.26004339536e-05	0.00193306594779	6.5750542442e-05	0.000775856400815	0.00118350976396	2.63002169768e-05
0	0	9.20507594188e-05	0	0	0	0	0	0	0	0	0.00118350976396	0	0.00512854231047	0	0	0	0	0	0	0	0	0	0	0	0.00285357354198	0.0066802551121	9.20507594188e-05	0	0	0	0.00219606811756	0	0	1.31501084884e-05	0	0	0	0	0	1.31501084884e-05	0.00211716746663	0	0.00570714708396	0	0.00120980998093	0.0383062660267	0.00207771714117	0.00865277138536	0.00214346768361	0.000499704122559	0.000105200867907	0.000499704122559	0.00979683082385	0.0055493457821	1.31501084884e-05	0	1.31501084884e-05	5.26004339536e-05	0	0.00134131106582	0.00248537050431	0.000118350976396	0	0.00174896442896	0	0.00299822473535	0.00665395489513	0	0.0156091787757	1.31501084884e-05	0.00134131106582	5.26004339536e-05	0	0	0	0.000394503254652	0.00220921822605	0.00599644947071	0.00414228417384	0.000696955749885	0	0	0.0020382668157
9.20507594188e-05	0	0	0	0.00590439871129	0	0.000118350976396	0.00199881649024	0	0.00334012755605	0.00326122690512	0	0.00167006377803	0	1.31501084884e-05	0.000223551844303	0	0	0	0	0.00290617397594	0	0	0	0.00637780261687	0	0	0	0.00526004339536	6.5750542442e-05	0	0	0	1.31501084884e-05	0.000105200867907	0	0	0	0	0.00744296140443	0	0.0224866855152	0.00174896442896	0.0169504898415	0.00927082648432	0.0173844434217	0.00207771714117	0.0505621671379	0	0.00195936616477	0.00335327766454	0	0	0.00185416529686	0.000894207377211	0.0139259648892	0	0	0	0.00931027680978	0	0.000184101518838	0	0.00472088894733	0.000447103688605	0	0	0.000394503254652	0	0.00314287592873	0.00040765336314	0	0.000105200867907	6.5750542442e-05	0.000144651193372	0	0	2.63002169768e-05	1.31501084884e-05	0.00213031757512	1.31501084884e-05	0.00239331974489	0.000368203037675	2.63002169768e-05
0	0	0	0	0	0	0	0	0	0	0	0.0012492603064	0	0.00783746465908	0	0	0	0	0	0	0	0	0	0	0	0.00560194621606	0.00539154448024	1.31501084884e-05	0	0	0	0.00377408113617	0	0	0	0	0.00122296008942	0	0	0	0	0	0	0	0	0	0.00865277138536	0	0.01922545861	0	0	0	0	0	0	0	0	0.000867907160234	0	0.000867907160234	0.00632520218292	0.00223551844303	0.00199881649024	0	0	0	0.00443158656059	0	0	0.000144651193372	0	0.000920507594188	0	0	0	0	0.000289302386745	0.000118350976396	0.0037346308107	0.000131501084884	0	0	0	0.000749556183839
0.00332697744756	0	0	0	3.94503254652e-05	0	0	0.000670655532908	0	0.0132421592478	0.000604904990466	0	6.5750542442e-05	1.31501084884e-05	0.00290617397594	0.000210401735814	0	0	0	1.31501084884e-05	0.000170951410349	0.000223551844303	0	0.000157801301861	0.00188046551384	0	2.63002169768e-05	0	0.00706160825827	0.0102439345125	0.00170951410349	0	0	0.00355052929187	0.000368203037675	0.0105463870077	0	0.000118350976396	0	0.000157801301861	0	0.00607535012164	0.00553619567361	0.0177263462424	0.0146097705306	0.00526004339536	0.00214346768361	0.00195936616477	0	0.0450654217897	0.00226181866	0	0.000355052929187	0.00132816095733	0.000105200867907	0	0.000920507594188	6.5750542442e-05	0.000696955749885	0.00152541258465	0	3.94503254652e-05	0	0.00257742126373	0.0162535340917	0.00769281346571	0	0.00161746334407	0.000381353146163	0.00235386941942	0.000394503254652	0	0.00073640607535	0.000368203037675	0	0	0	0	0	0	0	0	0	0
1.31501084884e-05	0	0	0	5.26004339536e-05	0	0.000118350976396	1.31501084884e-05	0	0.00160431323558	0	0	0.000946807811164	1.31501084884e-05	1.31501084884e-05	0.00024985206128	0	0	0	0	0	0	0	0	0.00024985206128	0	0	0	0.000105200867907	2.63002169768e-05	0	0	0	1.31501084884e-05	3.94503254652e-05	0	0	0	0	0.00184101518838	0.00287987375896	0.00969162995595	0	0.00712735880071	0.00380038135315	0.00372148070222	0.000499704122559	0.00335327766454	0	0.00226181866	0.0155960286672	0	0	0.000618055098955	0.000315602603721	0.000394503254652	0	0	0	0.00177526464593	0	0.00024985206128	0	1.31501084884e-05	0.00139391149977	0	0	0.00144651193372	0	0.00153856269314	0.000276152278256	0	0.000105200867907	5.26004339536e-05	3.94503254652e-05	0	0	0.00191991583931	0.00040765336314	0.000775856400815	0.000355052929187	0.00387928200408	0.000723255966862	7.89006509304e-05
