0.0227604153023	4.36608772343e-06	0.0053659218121	0	0	3.0562614064e-05	0.000187741772108	0.00723024127001	0.00938708860538	0.000296893965194	0.000427876596897	0.00151503244003	2.61965263406e-05	5.67591404046e-05	0.0110112732385	6.54913158515e-05	2.61965263406e-05	0.00353653105598	0.000523930526812	0.00196037338782	3.92947895109e-05	0.00099110191322	0.00015281307032	0.00427003379352	0.00106969149224	0	0.00375483544215	0.000257599175683	0.00179009596661	0.00999834088667	0.00839598669216	0	0	0.000484635737301	0.00295584138877	8.73217544687e-06	0	0.000423510509173	0	0.000227036561619	0	4.36608772343e-05	0	3.49287017875e-05	0.000222670473895	4.36608772343e-05	4.36608772343e-06	0.000187741772108	0	7.42234912984e-05	0	0	4.36608772343e-06	4.36608772343e-06	0	1.30982631703e-05	1.30982631703e-05	0	2.61965263406e-05	0.000716038386643	0	1.74643508937e-05	8.73217544687e-06	0.000213938298448	2.18304386172e-05	0	0	0	0	2.18304386172e-05	0.000414778333726	0.000109152193086	0.000903780158751	0.000187741772108	6.54913158515e-05	0	4.36608772343e-06	0.000231402649342	1.74643508937e-05	9.16878421921e-05	2.18304386172e-05	4.36608772343e-06	6.11252281281e-05	0
4.36608772343e-06	0.0188789633161	0.00126179935207	0	0	0	8.73217544687e-06	4.36608772343e-06	8.73217544687e-06	0.0032789318803	4.36608772343e-06	4.36608772343e-06	4.36608772343e-06	0.000179009596661	8.73217544687e-06	0	0.000336188754704	8.73217544687e-06	8.73217544687e-06	6.11252281281e-05	0	5.23930526812e-05	0.006204210655	0.000122250456256	0.00128799587841	0.00297767182738	0.00118320977305	0.0162855072084	6.11252281281e-05	4.36608772343e-06	1.74643508937e-05	0	0	1.30982631703e-05	0.000109152193086	0	0.00766685004235	1.30982631703e-05	0	0	0	8.73217544687e-06	3.49287017875e-05	2.61965263406e-05	9.16878421921e-05	1.30982631703e-05	0.000109152193086	4.80269649578e-05	7.85895790218e-05	3.0562614064e-05	0	0.000253233087959	1.30982631703e-05	1.74643508937e-05	0.000222670473895	4.36608772343e-05	4.36608772343e-06	0.000847021018346	2.18304386172e-05	0.000170277421214	0.000200840035278	0.000288161789747	0.00842218321851	0.000122250456256	3.49287017875e-05	3.0562614064e-05	2.18304386172e-05	4.36608772343e-06	0	5.67591404046e-05	0.00029252787747	0.000314358316087	0.000104786105362	1.30982631703e-05	0	0	0	0.000528296614536	8.29556667453e-05	4.36608772343e-05	0	8.73217544687e-06	1.30982631703e-05	0
0.0053659218121	0.00126179935207	0.052681214471	0	0	1.74643508937e-05	0.000187741772108	0.00395567547743	0.00561478881234	0.000257599175683	8.73217544687e-06	0.000183375684384	8.73217544687e-06	0.000117884368533	0.00327456579258	4.36608772343e-05	0.000301260052917	0.00577196797038	0.000135348719426	0.000423510509173	8.73217544687e-06	0.00119630803622	0.00181629249295	0.0176258961395	0.000406046158279	3.92947895109e-05	0.00643997939207	0.0157965053834	0.000702940123473	0.000934342772815	0.00239698216017	0	0	0.000253233087959	0.00218740994944	4.36608772343e-05	0.00148883591369	0.00803796749884	0	0	0	4.36608772343e-06	9.60539299156e-05	6.54913158515e-05	6.54913158515e-05	1.74643508937e-05	2.18304386172e-05	1.74643508937e-05	4.36608772343e-06	6.11252281281e-05	0	0.00275500135349	0.000384215719662	1.74643508937e-05	6.11252281281e-05	1.30982631703e-05	0.00186868554563	0.000519564439089	0.00451890079375	0.00026633135113	2.61965263406e-05	0.000978003650049	0.00897667635938	0.000912512334198	2.18304386172e-05	0.000855753193793	0	0	0	0.000122250456256	0.00512142089959	0.00152376461548	0.00329639623119	0.000331822666981	1.74643508937e-05	0	7.42234912984e-05	0.000510832263642	0.000934342772815	0.000144080894873	0.000148446982597	1.30982631703e-05	8.73217544687e-06	0
0	0	0	0	0	0	0	0	0	0	0	0	0	0	0	0	0	0	0	0	0	0	0	0	0	0	0	0	0	0	0	0	0	0	0	0	0	0	0	0	0	0	0	0	0	0	0	0	0	0	0	0	0	0	0	0	0	0	0	0	0	0	0	0	0	0	0	0	0	0	0	0	0	0	0	0	0	0	0	0	0	0	0	0
0	0	0	0	0.014949484365	8.73217544687e-06	0.000235768737065	0.000213938298448	7.85895790218e-05	0.000602520105834	0.0013229245802	0.000157179158044	0.00285978745885	3.49287017875e-05	8.73217544687e-06	4.80269649578e-05	0	0	7.85895790218e-05	3.0562614064e-05	0.00462368689912	0	0	0	0.00513015307504	0	0.000179009596661	0.000231402649342	0.00573703926859	0.00044534094779	0	0	0	4.36608772343e-06	0.000881949720134	0	0	0	0	0.00471100865359	0	0.0002794296143	8.73217544687e-06	0.00012661654398	0.00172460465076	0.000366751368769	7.85895790218e-05	0.00354526323143	3.49287017875e-05	2.61965263406e-05	4.36608772343e-06	0	0	5.67591404046e-05	2.61965263406e-05	0.00579816449672	0	0	0	0.00196473947555	0	3.49287017875e-05	0	0.000519564439089	3.49287017875e-05	0	1.30982631703e-05	0	0	0.000205206123001	1.30982631703e-05	0	0.000755333176154	5.67591404046e-05	0.000130982631703	0	0	1.74643508937e-05	1.30982631703e-05	0.000209572210725	2.61965263406e-05	1.74643508937e-05	8.73217544687e-06	0
3.0562614064e-05	0	1.74643508937e-05	0	8.73217544687e-06	0.00771924309503	0.00375920152988	0.000672377509409	0.00309555619592	0.000768431439324	0.000344920930151	2.61965263406e-05	0.000130982631703	1.30982631703e-05	0.000427876596897	0.00281176049389	0	8.73217544687e-06	4.36608772343e-06	1.30982631703e-05	2.18304386172e-05	2.18304386172e-05	6.11252281281e-05	6.9857403575e-05	0.000309992228364	0	1.74643508937e-05	2.61965263406e-05	0.000427876596897	0.000270697438853	0.00015281307032	0	0.000707306211196	0.000187741772108	0.000471537474131	0	0	0	0	2.18304386172e-05	4.36608772343e-06	4.36608772343e-06	0	0	0.000117884368533	0	0	3.49287017875e-05	0	0	8.73217544687e-06	1.74643508937e-05	0	0	4.36608772343e-06	2.61965263406e-05	0	1.74643508937e-05	0.000104786105362	0.000109152193086	0	4.36608772343e-06	8.29556667453e-05	8.73217544687e-06	0	0	0	0	0	4.36608772343e-06	0.000392947895109	8.73217544687e-06	0.000261965263406	8.29556667453e-05	0.00212628472131	0.000659279246239	0	1.74643508937e-05	0	0.00013971480715	0.00013971480715	1.30982631703e-05	0	0
0.000187741772108	8.73217544687e-06	0.000187741772108	0	0.000235768737065	0.00375920152988	0.0372208978423	0.0106357896943	0.0196255643168	0.000283795702023	0.0132336118897	0.00176826552799	0.00697700818205	0.00144954112418	0.00141897851012	0.00228346387936	8.73217544687e-06	4.36608772343e-06	0.0010434949659	0.000174643508937	0.00144517503646	0.000196473947555	4.36608772343e-06	0.000436608772343	0.000764065351601	4.36608772343e-06	0.000860119281517	0.000288161789747	0.00499480435561	0.00308682402047	6.9857403575e-05	4.36608772343e-06	0.000798994053389	0.00013971480715	0.00178572987888	0	4.36608772343e-06	4.36608772343e-06	0	0.000270697438853	2.18304386172e-05	3.92947895109e-05	0	3.49287017875e-05	0.000183375684384	0.000375483544215	8.73217544687e-06	0.000174643508937	0	0	4.36608772343e-05	0	0	1.30982631703e-05	0	0.000545760965429	0	0	0	0.000528296614536	0	4.36608772343e-06	4.36608772343e-06	0.000192107859831	0	0	0	0	0	4.80269649578e-05	0.00107405757996	4.80269649578e-05	0.00295584138877	0.00044534094779	0.00308682402047	0.000353653105598	8.73217544687e-06	3.0562614064e-05	8.73217544687e-06	0.000248867000236	0.000183375684384	4.36608772343e-05	1.30982631703e-05	0
0.00723024127001	4.36608772343e-06	0.00395567547743	0	0.000213938298448	0.000672377509409	0.0106357896943	0.0627101179717	0.0162942393839	0.000257599175683	0.0130371379422	0.00248867000236	0.000624350544451	0.000471537474131	0.00796811009527	0.000449707035514	0.00026633135113	0.000480269649578	0.00105659322907	0.00150630026458	0.000668011421685	0.00547070791746	5.23930526812e-05	0.0113125332914	0.00340554842428	0	0.00178136379116	0.000205206123001	0.0282922484479	0.0110811306421	0.0137706406797	0	3.49287017875e-05	0.00643124721662	0.00468044603952	8.73217544687e-06	4.36608772343e-06	0.000288161789747	0	0.00169840812442	0	0.000222670473895	0.000235768737065	9.16878421921e-05	0.00170277421214	0.00144080894873	9.60539299156e-05	0.0010434949659	0.000205206123001	0.000257599175683	0	1.30982631703e-05	0	9.60539299156e-05	0	0.00228782996708	3.0562614064e-05	4.36608772343e-06	1.30982631703e-05	0.00447523991652	0	0.000244500912512	4.80269649578e-05	0.00201713252823	9.60539299156e-05	4.36608772343e-06	0.000174643508937	0	0	0.000650547070792	0.00104786105362	8.29556667453e-05	0.00327456579258	0.00142334459784	0.000327456579258	0	1.30982631703e-05	0.00138404980833	3.49287017875e-05	0.00106095931679	0.000187741772108	7.42234912984e-05	0.00044534094779	0
0.00938708860538	8.73217544687e-06	0.00561478881234	0	7.85895790218e-05	0.00309555619592	0.0196255643168	0.0162942393839	0.0559383159126	0.000275063526576	0.0102996009396	0.00442284686384	0.00241008042334	0.00263711698495	0.0191845894568	0.000676743597132	0.000109152193086	0.00111335236948	0.00181192640523	0.00142771068556	0.00121813847484	0.00156305940499	3.0562614064e-05	0.00442284686384	0.00108715584314	0	0.00254979523049	0.000423510509173	0.00552746705787	0.00864048760468	0.00263711698495	5.23930526812e-05	0.00124433500118	0.000742234912984	0.00518254612772	2.18304386172e-05	4.36608772343e-06	0.000384215719662	0	0.000650547070792	0	0.000222670473895	3.92947895109e-05	0.00013971480715	0.00044534094779	0.000323090491534	3.0562614064e-05	0.000532662702259	8.73217544687e-06	0.000122250456256	7.42234912984e-05	0	0	3.0562614064e-05	0	0.000366751368769	1.30982631703e-05	0	8.73217544687e-06	0.00165038115946	0	3.49287017875e-05	1.74643508937e-05	0.000720404474367	7.42234912984e-05	8.73217544687e-06	4.36608772343e-06	0	0	0.000235768737065	0.0022921960548	0.000104786105362	0.00377229979305	0.00112645063265	0.0019385429492	0.000484635737301	6.54913158515e-05	0.000480269649578	2.18304386172e-05	0.000489001825025	0.000192107859831	4.80269649578e-05	0.000104786105362	0
0.000296893965194	0.0032789318803	0.000257599175683	0	0.000602520105834	0.000768431439324	0.000283795702023	0.000257599175683	0.000275063526576	0.0193461347025	2.61965263406e-05	0.000109152193086	0.000947441035985	5.23930526812e-05	0.000248867000236	0.00208262384408	0.000947441035985	1.30982631703e-05	5.67591404046e-05	0.00012661654398	0.000109152193086	0.000213938298448	0.00517381395227	7.42234912984e-05	0.00757079611244	0.00157615766816	0.00058505575494	0.0031304848977	0.00657532811149	0.00131855849248	0.00125743326435	0	0	0.00109152193086	0.00175953335254	5.67591404046e-05	3.49287017875e-05	0	0	0.00343174495062	3.92947895109e-05	0.000113518280809	0.00013971480715	0.000257599175683	0.00829556667453	0.000144080894873	1.74643508937e-05	0.000244500912512	4.36608772343e-06	0.000144080894873	6.9857403575e-05	0.000122250456256	0	2.61965263406e-05	8.73217544687e-06	0.00218304386172	7.42234912984e-05	0.000855753193793	3.49287017875e-05	0.00692024904164	8.73217544687e-06	3.49287017875e-05	0.00015281307032	0.00210008819497	0.000130982631703	0.000161545245767	0	0	2.18304386172e-05	0.000104786105362	0.00108715584314	0.000148446982597	0.000908146246474	0.000454073123237	0.00203896296684	0	0	0.00144517503646	7.85895790218e-05	0.000379849631939	0.000196473947555	0.000117884368533	6.11252281281e-05	0
0.000427876596897	4.36608772343e-06	8.73217544687e-06	0	0.0013229245802	0.000344920930151	0.0132336118897	0.0130371379422	0.0102996009396	2.61965263406e-05	0.0395916834761	0.0033356910207	0.00433552510937	0.0011177184572	0.00205642731774	4.36608772343e-05	2.61965263406e-05	0.000148446982597	0.00139278198378	0.00140588024695	0.00772360918276	3.49287017875e-05	1.74643508937e-05	7.85895790218e-05	0.00164164898401	8.73217544687e-06	0.00207825775635	0.000768431439324	0.00947004427213	0.00766685004235	0.000323090491534	0	3.49287017875e-05	0.000908146246474	0.00617364804094	0	0	4.36608772343e-06	0	0.000414778333726	0	8.29556667453e-05	4.36608772343e-06	4.36608772343e-05	0.000916878421921	0.0015455950541	8.73217544687e-06	0.000541394877706	0	1.74643508937e-05	0	3.92947895109e-05	0	1.30982631703e-05	4.36608772343e-06	0.00216994559855	4.80269649578e-05	0	0	0.00160672028222	0	1.30982631703e-05	8.73217544687e-06	0.000122250456256	2.18304386172e-05	4.80269649578e-05	0	0	0	5.67591404046e-05	0.00150193417686	0.000183375684384	0.0061474515146	0.00203896296684	0.000401680070556	0	1.74643508937e-05	0.000301260052917	4.36608772343e-05	0.000257599175683	0.000192107859831	4.36608772343e-06	3.92947895109e-05	0
0.00151503244003	4.36608772343e-06	0.000183375684384	0	0.000157179158044	2.61965263406e-05	0.00176826552799	0.00248867000236	0.00442284686384	0.000109152193086	0.0033356910207	0.0355574184197	0.00461495472367	0.00967961648285	0.00509959046097	4.80269649578e-05	8.73217544687e-06	0.00120940629939	0.0105702983784	0.0118539281691	0.00489001825025	0.000205206123001	1.30982631703e-05	0.000729136649814	0.000519564439089	0.000912512334198	0.0153467983479	0.00222233865123	0.00127053152752	0.0130895309949	0.00124433500118	0.00125306717663	0.000157179158044	8.73217544687e-05	0.0165343742086	4.36608772343e-06	2.61965263406e-05	8.73217544687e-06	0	8.73217544687e-05	0	1.30982631703e-05	4.36608772343e-06	1.30982631703e-05	6.11252281281e-05	5.67591404046e-05	0.000218304386172	9.60539299156e-05	0.000681109684856	1.74643508937e-05	0	0	0	8.29556667453e-05	0	0.00012661654398	2.18304386172e-05	4.36608772343e-06	4.36608772343e-06	0.000161545245767	0.000253233087959	0.000829556667453	0.000349287017875	7.42234912984e-05	1.30982631703e-05	1.74643508937e-05	0.000707306211196	0	0	6.11252281281e-05	0.00144517503646	0.00246683956374	0.00975383997415	0.000532662702259	0.000244500912512	4.36608772343e-06	8.73217544687e-05	6.54913158515e-05	0.000528296614536	9.60539299156e-05	1.74643508937e-05	4.36608772343e-06	1.74643508937e-05	2.61965263406e-05
2.61965263406e-05	4.36608772343e-06	8.73217544687e-06	0	0.00285978745885	0.000130982631703	0.00697700818205	0.000624350544451	0.00241008042334	0.000947441035985	0.00433552510937	0.00461495472367	0.0341428059973	0.00145827329963	0.000231402649342	0.00117884368533	0	3.92947895109e-05	0.00260218828317	0.00185122119474	0.0147748408561	4.36608772343e-06	0	3.0562614064e-05	0.00255852740593	3.49287017875e-05	0.00343174495062	0.00150630026458	0.00336188754704	0.00612562107598	3.92947895109e-05	7.42234912984e-05	6.9857403575e-05	1.30982631703e-05	0.00866668413102	0	1.74643508937e-05	0	0	0.000593787930387	3.92947895109e-05	0.00464551733773	2.61965263406e-05	0.00130546022931	0.000537028789982	0.000480269649578	0.000855753193793	0.00811655707786	0.000371117456492	0.000170277421214	0.000192107859831	1.74643508937e-05	0	0.000750967088431	0.000122250456256	0.00416961377588	2.18304386172e-05	4.36608772343e-06	2.61965263406e-05	0.000729136649814	2.18304386172e-05	0.000593787930387	0.000135348719426	0.000113518280809	0.000379849631939	0	0.000205206123001	0	0	0.00212191863359	0.000475903561854	8.29556667453e-05	0.00701193688384	0.000576323579493	0.00182065858067	0	4.36608772343e-06	0.000532662702259	0.000130982631703	0.00262838480951	0.0002794296143	0.00029252787747	6.54913158515e-05	4.36608772343e-06
5.67591404046e-05	0.000179009596661	0.000117884368533	0	3.49287017875e-05	1.30982631703e-05	0.00144954112418	0.000471537474131	0.00263711698495	5.23930526812e-05	0.0011177184572	0.00967961648285	0.00145827329963	0.0237253206891	0.00235768737065	2.61965263406e-05	0	5.23930526812e-05	0.00254106305504	0.000467171386407	0.000781529702495	8.73217544687e-06	0.000157179158044	3.92947895109e-05	3.0562614064e-05	0.00478086605716	0.00471974082903	0.00474593735537	9.60539299156e-05	0.00376793370532	8.73217544687e-06	0.00160672028222	0.000270697438853	1.30982631703e-05	0.00463678516229	0	0.000213938298448	4.36608772343e-06	0	4.80269649578e-05	0	0.000392947895109	8.73217544687e-06	0.000240134824789	0.000117884368533	0.000170277421214	0.00125306717663	0.000467171386407	0.00482889302212	0.000179009596661	0	1.30982631703e-05	4.36608772343e-06	0.000196473947555	4.36608772343e-06	0.000209572210725	0	0.000113518280809	0	0.000135348719426	0.0021044542827	0.00164164898401	0.00128799587841	4.36608772343e-05	3.92947895109e-05	4.36608772343e-06	0.00172897073848	4.36608772343e-06	0	0.000729136649814	7.85895790218e-05	0.00209135601953	0.00160672028222	0.000183375684384	0.000227036561619	1.74643508937e-05	0.000122250456256	3.0562614064e-05	0.0019560073001	0.000668011421685	1.30982631703e-05	2.61965263406e-05	8.73217544687e-06	0.00015281307032
0.0110112732385	8.73217544687e-06	0.00327456579258	0	8.73217544687e-06	0.000427876596897	0.00141897851012	0.00796811009527	0.0191845894568	0.000248867000236	0.00205642731774	0.00509959046097	0.000231402649342	0.00235768737065	0.036862878649	0.000275063526576	5.67591404046e-05	0.00210008819497	0.00141024633467	0.00286415354657	0.000353653105598	0.000951807123709	0.000117884368533	0.00252359870415	0.00107405757996	0	0.00416961377588	0.000436608772343	0.00270260830081	0.0153686287865	0.0042656677058	8.73217544687e-05	0.00130546022931	0.00261528654634	0.0082912005868	1.30982631703e-05	8.73217544687e-06	0.000261965263406	0	0.000261965263406	4.36608772343e-06	3.49287017875e-05	1.30982631703e-05	4.36608772343e-05	0.000192107859831	3.49287017875e-05	8.73217544687e-06	0.000157179158044	8.73217544687e-06	4.80269649578e-05	4.36608772343e-06	8.73217544687e-06	4.36608772343e-06	1.30982631703e-05	0	8.29556667453e-05	3.0562614064e-05	2.18304386172e-05	1.30982631703e-05	0.000794627965665	0	6.54913158515e-05	3.92947895109e-05	0.000323090491534	2.18304386172e-05	1.30982631703e-05	4.36608772343e-06	0	0	8.29556667453e-05	0.00162855072084	0.000170277421214	0.00137968372061	0.000672377509409	0.000331822666981	0	4.36608772343e-06	0.000606886193557	3.0562614064e-05	0.000222670473895	7.85895790218e-05	8.73217544687e-06	4.80269649578e-05	0
6.54913158515e-05	0	4.36608772343e-05	0	4.80269649578e-05	0.00281176049389	0.00228346387936	0.000449707035514	0.000676743597132	0.00208262384408	4.36608772343e-05	4.80269649578e-05	0.00117884368533	2.61965263406e-05	0.000275063526576	0.0110593002035	6.9857403575e-05	8.73217544687e-06	1.74643508937e-05	2.61965263406e-05	0.000183375684384	4.80269649578e-05	0.000117884368533	0.00013971480715	0.00146263938735	0	5.23930526812e-05	5.67591404046e-05	0.00143644286101	0.000825190579729	0.000410412246003	0	0.000183375684384	0.000929976685092	0.000873217544687	4.36608772343e-06	0	0	0	0.000170277421214	3.49287017875e-05	8.29556667453e-05	1.30982631703e-05	5.23930526812e-05	0.00102166452728	5.23930526812e-05	4.36608772343e-06	0.000192107859831	0	0.000109152193086	9.16878421921e-05	1.74643508937e-05	0	8.73217544687e-06	4.36608772343e-06	0.00012661654398	8.73217544687e-06	1.74643508937e-05	0.000170277421214	0.000873217544687	0	8.73217544687e-06	6.9857403575e-05	0.00015281307032	1.74643508937e-05	4.36608772343e-06	0	0	0	2.18304386172e-05	0.000323090491534	3.92947895109e-05	0.000964905386879	0.000458439210961	0.00415651551271	3.92947895109e-05	0	0.000248867000236	4.36608772343e-06	0.000253233087959	0.000253233087959	9.60539299156e-05	2.61965263406e-05	0
2.61965263406e-05	0.000336188754704	0.000301260052917	0	0	0	8.73217544687e-06	0.00026633135113	0.000109152193086	0.000947441035985	2.61965263406e-05	8.73217544687e-06	0	0	5.67591404046e-05	6.9857403575e-05	0.0219264925471	2.61965263406e-05	1.30982631703e-05	8.73217544687e-06	8.73217544687e-06	0.0047503034431	0.0112994350282	0.00602083497062	0.0105484679398	0.000100420017639	0.000261965263406	0.00544887747885	0.0035583614946	0.000122250456256	0.0017333368262	0	0	0.000130982631703	0.00114828107126	0.000117884368533	5.67591404046e-05	8.73217544687e-06	0	0	0	0	0.0002794296143	0.000100420017639	0.00272880482715	2.61965263406e-05	2.18304386172e-05	0	4.36608772343e-06	0.000240134824789	0	0.00212191863359	1.30982631703e-05	3.49287017875e-05	4.36608772343e-06	0	0.000384215719662	0.00319161012583	0.000109152193086	0.0016023541945	1.74643508937e-05	2.61965263406e-05	0.00012661654398	0.00223980300212	0.000275063526576	0.0011177184572	4.36608772343e-06	0	2.61965263406e-05	2.61965263406e-05	0.00140151415922	0.00044534094779	0.00111335236948	0.000209572210725	0.000130982631703	0	2.18304386172e-05	0.000336188754704	0.000100420017639	1.74643508937e-05	0	8.73217544687e-06	0	0
0.00353653105598	8.73217544687e-06	0.00577196797038	0	0	8.73217544687e-06	4.36608772343e-06	0.000480269649578	0.00111335236948	1.30982631703e-05	0.000148446982597	0.00120940629939	3.92947895109e-05	5.23930526812e-05	0.00210008819497	8.73217544687e-06	2.61965263406e-05	0.0254979523049	0.000484635737301	0.00477213388171	5.67591404046e-05	0.00263275089723	4.36608772343e-06	0.00802050314795	0.000170277421214	4.36608772343e-06	0.00860119281517	0.00373737109126	0.00057195749177	0.00399497026694	0.00586365581257	1.30982631703e-05	0	0.00012661654398	0.00632646111126	2.18304386172e-05	4.36608772343e-05	0.000130982631703	0	0	0	4.36608772343e-06	1.30982631703e-05	0	8.73217544687e-06	4.36608772343e-06	4.36608772343e-06	4.36608772343e-06	0	8.73217544687e-06	0	1.74643508937e-05	1.30982631703e-05	8.73217544687e-06	0.000144080894873	4.36608772343e-06	4.80269649578e-05	0	8.29556667453e-05	2.61965263406e-05	0	0.000489001825025	5.67591404046e-05	3.49287017875e-05	2.18304386172e-05	3.0562614064e-05	0	0	0	0	0.00337498581021	0.00134038893109	0.00300823444145	0.000716038386643	0	0	4.36608772343e-06	4.36608772343e-06	1.30982631703e-05	8.73217544687e-06	1.30982631703e-05	0	0	0
0.000523930526812	8.73217544687e-06	0.000135348719426	0	7.85895790218e-05	4.36608772343e-06	0.0010434949659	0.00105659322907	0.00181192640523	5.67591404046e-05	0.00139278198378	0.0105702983784	0.00260218828317	0.00254106305504	0.00141024633467	1.74643508937e-05	1.30982631703e-05	0.000484635737301	0.0155563705586	0.00718221430505	0.00235768737065	0.000109152193086	4.36608772343e-06	0.000532662702259	0.000218304386172	0.000157179158044	0.00988045651813	0.00102603061501	0.00057195749177	0.00509522437325	0.000358019193322	0.000148446982597	4.36608772343e-06	5.23930526812e-05	0.00538338616299	4.36608772343e-06	4.36608772343e-06	8.73217544687e-06	0	3.49287017875e-05	0	4.80269649578e-05	0	4.36608772343e-05	4.36608772343e-05	4.80269649578e-05	0.000174643508937	9.16878421921e-05	5.23930526812e-05	3.92947895109e-05	0	0	0	0.00026633135113	1.30982631703e-05	6.11252281281e-05	8.73217544687e-06	0	4.36608772343e-06	7.42234912984e-05	0.000113518280809	0.000222670473895	8.29556667453e-05	3.0562614064e-05	4.36608772343e-06	1.30982631703e-05	5.23930526812e-05	0	0	9.60539299156e-05	0.00131855849248	0.000934342772815	0.00416524768816	0.000275063526576	0.000174643508937	0	4.36608772343e-06	5.23930526812e-05	0.00015281307032	0.000109152193086	4.36608772343e-06	0	0	0
0.00196037338782	6.11252281281e-05	0.000423510509173	0	3.0562614064e-05	1.30982631703e-05	0.000174643508937	0.00150630026458	0.00142771068556	0.00012661654398	0.00140588024695	0.0118539281691	0.00185122119474	0.000467171386407	0.00286415354657	2.61965263406e-05	8.73217544687e-06	0.00477213388171	0.00718221430505	0.0220749395297	0.00241444651106	0.000379849631939	6.54913158515e-05	0.00107405757996	0.000336188754704	0.00012661654398	0.0112688724142	0.00185122119474	0.00085138710607	0.00667574812913	0.00243191086195	8.29556667453e-05	0	0.000161545245767	0.0112863367651	8.73217544687e-06	2.18304386172e-05	0	0	3.0562614064e-05	0	4.80269649578e-05	8.73217544687e-06	4.80269649578e-05	3.0562614064e-05	6.54913158515e-05	2.61965263406e-05	9.60539299156e-05	5.67591404046e-05	5.23930526812e-05	0	4.36608772343e-06	0	3.0562614064e-05	2.61965263406e-05	8.29556667453e-05	1.74643508937e-05	0	5.23930526812e-05	0.000100420017639	8.73217544687e-06	9.60539299156e-05	5.23930526812e-05	4.36608772343e-05	1.30982631703e-05	2.18304386172e-05	1.74643508937e-05	0	0	0.000109152193086	0.00372863891581	0.000986735825496	0.00677180205905	0.0018075603175	3.0562614064e-05	0	0	4.80269649578e-05	7.42234912984e-05	0.000130982631703	1.30982631703e-05	0	0	0
3.92947895109e-05	0	8.73217544687e-06	0	0.00462368689912	2.18304386172e-05	0.00144517503646	0.000668011421685	0.00121813847484	0.000109152193086	0.00772360918276	0.00489001825025	0.0147748408561	0.000781529702495	0.000353653105598	0.000183375684384	8.73217544687e-06	5.67591404046e-05	0.00235768737065	0.00241444651106	0.02427981383	8.73217544687e-06	8.73217544687e-06	4.80269649578e-05	0.00322653882762	1.30982631703e-05	0.00388581807386	0.00194727512465	0.00485072346074	0.00708616037513	2.61965263406e-05	0	4.36608772343e-06	1.30982631703e-05	0.0102166452728	4.36608772343e-06	0	4.36608772343e-06	0	0.000938708860538	4.36608772343e-06	0.000283795702023	0	5.23930526812e-05	0.000541394877706	0.0005588592286	4.36608772343e-05	0.00124433500118	6.54913158515e-05	1.74643508937e-05	1.74643508937e-05	1.30982631703e-05	0	3.92947895109e-05	8.73217544687e-06	0.00239261607244	3.0562614064e-05	0	4.36608772343e-06	0.000750967088431	0	0.000100420017639	1.30982631703e-05	0.000192107859831	1.30982631703e-05	4.36608772343e-05	4.36608772343e-05	0	0	0.000148446982597	0.000768431439324	0.000113518280809	0.00819951274461	0.00120067412394	0.000227036561619	0	4.36608772343e-06	0.000170277421214	3.92947895109e-05	0.000344920930151	0.000135348719426	8.73217544687e-06	1.74643508937e-05	4.36608772343e-06
0.00099110191322	5.23930526812e-05	0.00119630803622	0	0	2.18304386172e-05	0.000196473947555	0.00547070791746	0.00156305940499	0.000213938298448	3.49287017875e-05	0.000205206123001	4.36608772343e-06	8.73217544687e-06	0.000951807123709	4.80269649578e-05	0.0047503034431	0.00263275089723	0.000109152193086	0.000379849631939	8.73217544687e-06	0.0489875042569	0.00364131716134	0.0249827539535	0.00261528654634	2.18304386172e-05	0.000537028789982	0.00163728289629	0.00997214436032	0.000729136649814	0.0218391707926	0	4.36608772343e-06	0.00012661654398	0.00678490032222	0.000340554842428	4.36608772343e-06	8.73217544687e-05	0	8.73217544687e-06	0	4.36608772343e-06	0.00069857403575	0.000349287017875	0.000619984456728	0.000314358316087	2.61965263406e-05	0	0	0.00043224268462	0	0.00124433500118	3.92947895109e-05	2.61965263406e-05	1.30982631703e-05	1.74643508937e-05	0.00163728289629	0.000947441035985	0.000117884368533	0.000938708860538	0	8.73217544687e-06	5.67591404046e-05	0.00381159458256	0.000598154018111	0.00172460465076	0	0	0	6.54913158515e-05	0.00337935189794	0.00123123673801	0.0046018564605	0.000764065351601	0.000309992228364	0	1.30982631703e-05	0.000484635737301	2.61965263406e-05	6.11252281281e-05	3.49287017875e-05	0	1.30982631703e-05	0
0.00015281307032	0.006204210655	0.00181629249295	0	0	6.11252281281e-05	4.36608772343e-06	5.23930526812e-05	3.0562614064e-05	0.00517381395227	1.74643508937e-05	1.30982631703e-05	0	0.000157179158044	0.000117884368533	0.000117884368533	0.0112994350282	4.36608772343e-06	4.36608772343e-06	6.54913158515e-05	8.73217544687e-06	0.00364131716134	0.0376968014041	0.00808162837608	0.00872780935915	0.00265894742357	0.00106969149224	0.0151372261371	0.00166347942263	0.000881949720134	0.00235768737065	0	0	0.000497734000472	0.00110898628175	0.00012661654398	0.000462805298684	3.49287017875e-05	0	0	0	4.36608772343e-06	0.000209572210725	8.29556667453e-05	0.00554929749649	1.30982631703e-05	1.74643508937e-05	1.30982631703e-05	1.74643508937e-05	0.000231402649342	3.0562614064e-05	0.00844837974485	8.29556667453e-05	4.80269649578e-05	5.67591404046e-05	0	0.00181192640523	0.00865795195557	0.00029252787747	0.00298203791511	4.36608772343e-05	6.54913158515e-05	0.00247557173919	0.00394694330198	0.000257599175683	0.00152376461548	8.73217544687e-06	0	2.61965263406e-05	5.67591404046e-05	0.00100420017639	0.000301260052917	0.000122250456256	5.23930526812e-05	0.000130982631703	0	0	0.000899414071028	0.000148446982597	3.0562614064e-05	1.74643508937e-05	8.73217544687e-06	0	0
0.00427003379352	0.000122250456256	0.0176258961395	0	0	6.9857403575e-05	0.000436608772343	0.0113125332914	0.00442284686384	7.42234912984e-05	7.85895790218e-05	0.000729136649814	3.0562614064e-05	3.92947895109e-05	0.00252359870415	0.00013971480715	0.00602083497062	0.00802050314795	0.000532662702259	0.00107405757996	4.80269649578e-05	0.0249827539535	0.00808162837608	0.0897929601202	0.00123123673801	8.73217544687e-06	0.00302569879234	0.0141155616099	0.00657532811149	0.00101293235184	0.0117491420638	0	4.36608772343e-06	0.00012661654398	0.00674123944498	4.36608772343e-05	3.92947895109e-05	0.000947441035985	0	4.36608772343e-06	0	2.18304386172e-05	4.80269649578e-05	5.23930526812e-05	9.60539299156e-05	3.0562614064e-05	1.30982631703e-05	8.73217544687e-06	0	6.11252281281e-05	0	0.0106532540452	7.85895790218e-05	1.30982631703e-05	1.74643508937e-05	4.36608772343e-06	0.00372863891581	0.00391638068792	0.00926920423685	0.000318724403811	0	6.54913158515e-05	0.00141024633467	0.00242317868651	3.49287017875e-05	0.000943074948262	0	0	0	5.67591404046e-05	0.0137313458902	0.00250613435325	0.00798994053389	0.00174206900165	7.85895790218e-05	0	6.9857403575e-05	0.000283795702023	0.000462805298684	0.000117884368533	0.000196473947555	8.73217544687e-06	1.74643508937e-05	0
0.00106969149224	0.00128799587841	0.000406046158279	0	0.00513015307504	0.000309992228364	0.000764065351601	0.00340554842428	0.00108715584314	0.00757079611244	0.00164164898401	0.000519564439089	0.00255852740593	3.0562614064e-05	0.00107405757996	0.00146263938735	0.0105484679398	0.000170277421214	0.000218304386172	0.000336188754704	0.00322653882762	0.00261528654634	0.00872780935915	0.00123123673801	0.0534190832962	0.000615618369004	0.00100856626411	0.00405609549507	0.0296457356421	0.00482889302212	0.00595534365476	0	1.74643508937e-05	0.00281612658162	0.00680236467311	0.000192107859831	0.000161545245767	1.30982631703e-05	0	0.00630463067264	0	0.00012661654398	0.000615618369004	0.000253233087959	0.0110418358526	0.000384215719662	2.61965263406e-05	0.00105659322907	1.30982631703e-05	0.000366751368769	8.73217544687e-06	9.60539299156e-05	3.92947895109e-05	5.23930526812e-05	1.74643508937e-05	0.00504719740829	6.11252281281e-05	0.00072477056209	4.80269649578e-05	0.0102341096237	2.18304386172e-05	5.67591404046e-05	0.000257599175683	0.00420017638994	0.000309992228364	0.00117011150988	1.30982631703e-05	0	2.61965263406e-05	0.000122250456256	0.00565408360185	0.000746601000707	0.00418707812677	0.00106532540452	0.00130982631703	0	5.67591404046e-05	0.00155432722954	0.000144080894873	0.00026633135113	0.000109152193086	2.18304386172e-05	7.42234912984e-05	0
0	0.00297767182738	3.92947895109e-05	0	0	0	4.36608772343e-06	0	0	0.00157615766816	8.73217544687e-06	0.000912512334198	3.49287017875e-05	0.00478086605716	0	0	0.000100420017639	4.36608772343e-06	0.000157179158044	0.00012661654398	1.30982631703e-05	2.18304386172e-05	0.00265894742357	8.73217544687e-06	0.000615618369004	0.0113649263441	0.00200840035278	0.00637012198849	4.36608772343e-06	1.30982631703e-05	0	6.9857403575e-05	0	0	3.0562614064e-05	0	0.000537028789982	0	0	0	0	8.73217544687e-05	0	5.67591404046e-05	2.18304386172e-05	5.67591404046e-05	0.000384215719662	0.000100420017639	0.00179882814206	6.54913158515e-05	0	7.42234912984e-05	0	0.0002794296143	0	3.49287017875e-05	0	5.67591404046e-05	0	2.18304386172e-05	0.00155869331727	0.000807726228835	0.0011177184572	0	1.74643508937e-05	0	0.000331822666981	4.36608772343e-06	0	0.000174643508937	4.36608772343e-05	0.000183375684384	0.000104786105362	4.36608772343e-06	0	0	4.36608772343e-05	0	0.000248867000236	0.000144080894873	0	0	4.36608772343e-06	5.67591404046e-05
0.00375483544215	0.00118320977305	0.00643997939207	0	0.000179009596661	1.74643508937e-05	0.000860119281517	0.00178136379116	0.00254979523049	0.00058505575494	0.00207825775635	0.0153467983479	0.00343174495062	0.00471974082903	0.00416961377588	5.23930526812e-05	0.000261965263406	0.00860119281517	0.00988045651813	0.0112688724142	0.00388581807386	0.000537028789982	0.00106969149224	0.00302569879234	0.00100856626411	0.00200840035278	0.0818379482881	0.0236772937242	0.00139278198378	0.00925173988596	0.00335752145932	0.000545760965429	0	0.000340554842428	0.0101642522202	2.61965263406e-05	0.00379849631939	0.00136658545744	0	7.85895790218e-05	0	8.73217544687e-05	4.36608772343e-06	7.85895790218e-05	0.000179009596661	0.000109152193086	0.0015281307032	0.000174643508937	0.00183812293157	8.73217544687e-05	0	9.60539299156e-05	0.000174643508937	0.00330949449436	0.00169840812442	0.000165911333491	8.73217544687e-05	0.00015281307032	0.000170277421214	0.000288161789747	0.00239698216017	0.0149713148037	0.00913822160515	8.29556667453e-05	5.67591404046e-05	3.92947895109e-05	0.00230092823025	0	0	0.000261965263406	0.00679363249766	0.00632646111126	0.0101948148342	0.00176826552799	8.73217544687e-05	4.36608772343e-06	8.73217544687e-06	0.000248867000236	0.00186431945791	0.000336188754704	3.49287017875e-05	0	2.18304386172e-05	5.23930526812e-05
0.000257599175683	0.0162855072084	0.0157965053834	0	0.000231402649342	2.61965263406e-05	0.000288161789747	0.000205206123001	0.000423510509173	0.0031304848977	0.000768431439324	0.00222233865123	0.00150630026458	0.00474593735537	0.000436608772343	5.67591404046e-05	0.00544887747885	0.00373737109126	0.00102603061501	0.00185122119474	0.00194727512465	0.00163728289629	0.0151372261371	0.0141155616099	0.00405609549507	0.00637012198849	0.0236772937242	0.104035138274	0.00108278975541	0.00270697438853	0.000467171386407	4.80269649578e-05	0	0.000209572210725	0.00634392546215	0	0.0148446982597	0.00164601507173	0	3.92947895109e-05	4.36608772343e-06	0.000170277421214	3.92947895109e-05	0.000218304386172	0.000301260052917	0.000174643508937	0.000702940123473	0.000240134824789	0.00210882037042	0.000261965263406	0	0.00736558998943	0.00015281307032	0.00115701324671	0.000628716632175	0.000200840035278	0.000130982631703	0.0043791859866	0.00193417686148	0.000523930526812	0.00261092045861	0.00661025681328	0.0247513513042	0.000358019193322	0.00013971480715	6.54913158515e-05	0.000881949720134	4.36608772343e-06	0	0.000659279246239	0.0147573765052	0.0036325849859	0.00781093093722	0.000803360141112	3.92947895109e-05	0	0.000192107859831	0.00106532540452	0.0013229245802	0.00057195749177	0.000231402649342	8.73217544687e-06	3.49287017875e-05	4.80269649578e-05
0.00179009596661	6.11252281281e-05	0.000702940123473	0	0.00573703926859	0.000427876596897	0.00499480435561	0.0282922484479	0.00552746705787	0.00657532811149	0.00947004427213	0.00127053152752	0.00336188754704	9.60539299156e-05	0.00270260830081	0.00143644286101	0.0035583614946	0.00057195749177	0.00057195749177	0.00085138710607	0.00485072346074	0.00997214436032	0.00166347942263	0.00657532811149	0.0296457356421	4.36608772343e-06	0.00139278198378	0.00108278975541	0.0867628952401	0.00938708860538	0.0176084317886	4.36608772343e-06	2.61965263406e-05	0.00650110462019	0.0111160593439	0.000240134824789	3.0562614064e-05	2.18304386172e-05	0	0.0108322636418	0	0.00057195749177	0.00142771068556	0.000462805298684	0.0136658545744	0.00239698216017	0.000165911333491	0.00393384503881	0.000227036561619	0.000532662702259	1.30982631703e-05	4.36608772343e-05	6.9857403575e-05	0.000165911333491	7.85895790218e-05	0.0100987609043	0.00012661654398	7.85895790218e-05	6.54913158515e-05	0.0175342082973	4.36608772343e-06	0.000261965263406	0.000196473947555	0.00736995607716	0.000353653105598	0.000589421842664	0.000179009596661	0	0	0.00102603061501	0.0053659218121	0.000615618369004	0.00716474995416	0.00218740994944	0.00136221936971	0	5.23930526812e-05	0.00432679293392	7.85895790218e-05	0.00176389944027	0.000384215719662	0.00015281307032	0.000580689667217	0
0.00999834088667	4.36608772343e-06	0.000934342772815	0	0.00044534094779	0.000270697438853	0.00308682402047	0.0110811306421	0.00864048760468	0.00131855849248	0.00766685004235	0.0130895309949	0.00612562107598	0.00376793370532	0.0153686287865	0.000825190579729	0.000122250456256	0.00399497026694	0.00509522437325	0.00667574812913	0.00708616037513	0.000729136649814	0.000881949720134	0.00101293235184	0.00482889302212	1.30982631703e-05	0.00925173988596	0.00270697438853	0.00938708860538	0.057448982265	0.0125132074154	9.16878421921e-05	0.000467171386407	0.0122905369415	0.0284974545709	6.11252281281e-05	2.18304386172e-05	4.36608772343e-05	0	0.000619984456728	4.36608772343e-06	0.000200840035278	0.000270697438853	0.000231402649342	0.00181192640523	0.000375483544215	2.18304386172e-05	0.00044534094779	7.85895790218e-05	0.000323090491534	4.36608772343e-06	1.30982631703e-05	0	5.67591404046e-05	0	0.000510832263642	8.29556667453e-05	3.49287017875e-05	5.67591404046e-05	0.00318724403811	0	0.000196473947555	5.23930526812e-05	0.00114391498354	0.000117884368533	7.85895790218e-05	6.54913158515e-05	0	0	0.000296893965194	0.00335752145932	0.000554493140876	0.0159929793309	0.0038945502493	0.00102603061501	4.36608772343e-06	2.61965263406e-05	0.00116137933443	8.73217544687e-05	0.000746601000707	0.00026633135113	3.92947895109e-05	0.000135348719426	0
0.00839598669216	1.74643508937e-05	0.00239698216017	0	0	0.00015281307032	6.9857403575e-05	0.0137706406797	0.00263711698495	0.00125743326435	0.000323090491534	0.00124433500118	3.92947895109e-05	8.73217544687e-06	0.0042656677058	0.000410412246003	0.0017333368262	0.00586365581257	0.000358019193322	0.00243191086195	2.61965263406e-05	0.0218391707926	0.00235768737065	0.0117491420638	0.00595534365476	0	0.00335752145932	0.000467171386407	0.0176084317886	0.0125132074154	0.0565452021062	0	0	0.0029252787747	0.00885879199085	0.000454073123237	8.73217544687e-06	0.000165911333491	0	0.000144080894873	4.36608772343e-06	0.00013971480715	0.00137095154516	0.000685475772579	0.00131855849248	0.000619984456728	9.16878421921e-05	0.000135348719426	8.73217544687e-05	0.000807726228835	4.36608772343e-06	6.54913158515e-05	0	7.42234912984e-05	4.36608772343e-06	9.16878421921e-05	0.000515198351365	2.61965263406e-05	0.000157179158044	0.00282922484479	4.36608772343e-06	0.000104786105362	4.80269649578e-05	0.0026458491604	0.000750967088431	0.00101293235184	7.85895790218e-05	0	0	0.000502100088195	0.00127053152752	0.000244500912512	0.00250176826553	0.000798994053389	0.000344920930151	0	1.30982631703e-05	0.00135785328199	1.30982631703e-05	0.000440974860067	6.9857403575e-05	0.000104786105362	0.000157179158044	0
0	0	0	0	0	0	4.36608772343e-06	0	5.23930526812e-05	0	0	0.00125306717663	7.42234912984e-05	0.00160672028222	8.73217544687e-05	0	0	1.30982631703e-05	0.000148446982597	8.29556667453e-05	0	0	0	0	0	6.9857403575e-05	0.000545760965429	4.80269649578e-05	4.36608772343e-06	9.16878421921e-05	0	0.00192544468603	4.36608772343e-06	0	0.000144080894873	0	1.30982631703e-05	0	0	8.73217544687e-06	0	0.000144080894873	4.36608772343e-06	7.42234912984e-05	0	2.18304386172e-05	3.0562614064e-05	0.000174643508937	0.000388581807386	2.18304386172e-05	0	0	0	4.36608772343e-06	0	6.11252281281e-05	0	4.36608772343e-06	0	0	1.74643508937e-05	0.000209572210725	1.30982631703e-05	4.36608772343e-06	0	0	0.000196473947555	0	0	0.000209572210725	4.36608772343e-06	0.000323090491534	6.11252281281e-05	4.36608772343e-06	0	0	0	0	0.000467171386407	0.000213938298448	0	0	0	8.73217544687e-06
0	0	0	0	0	0.000707306211196	0.000798994053389	3.49287017875e-05	0.00124433500118	0	3.49287017875e-05	0.000157179158044	6.9857403575e-05	0.000270697438853	0.00130546022931	0.000183375684384	0	0	4.36608772343e-06	0	4.36608772343e-06	4.36608772343e-06	0	4.36608772343e-06	1.74643508937e-05	0	0	0	2.61965263406e-05	0.000467171386407	0	4.36608772343e-06	0.00252359870415	0	0.000838288842899	0	0	0	0	4.36608772343e-06	4.36608772343e-06	0	0	0	8.73217544687e-06	0	0	8.73217544687e-06	0	0	4.36608772343e-06	0	0	0	0	4.36608772343e-06	0	0	0	4.36608772343e-06	0	0	0	0	0	0	0	0	0	0	4.80269649578e-05	0	1.30982631703e-05	8.73217544687e-06	0.000104786105362	0.000192107859831	0	0	0	0	0	4.36608772343e-06	0	0
