0.0164342411455	6.73534473178e-06	5.72504302201e-05	0	0.000151545256465	3.36767236589e-06	0.00153565859885	0.00231359091537	0.00185558747361	0.000252575427442	0.000740887920496	0	0.000596078008763	3.36767236589e-06	0.00728427532742	0.000191957324856	0.000121236205172	3.0309051293e-05	0	0	0.000306458185296	0.000532092233811	9.76624986108e-05	0.00037717930498	0.000451268097029	0	0	2.69413789271e-05	0.00143799610024	0.00871890375529	0.00496731673969	0	2.35737065612e-05	0.00243145944817	0.0020239710919	3.36767236589e-06	0	0	0	5.38827578543e-05	0	1.01030170977e-05	3.36767236589e-05	0	0.000141442239367	2.02060341953e-05	0	1.34706894636e-05	0	3.36767236589e-06	0	0	0	0	0	3.0309051293e-05	0	1.34706894636e-05	0	0.000134706894636	0	0	0	3.0309051293e-05	0	3.36767236589e-06	0	0	0	0	0.000495047837786	0.000101030170977	0.000673534473178	0.000229001720881	0.000380546977346	1.68383618295e-05	3.36767236589e-06	0	0	0	0	0	0	0
6.73534473178e-06	0.0173637187185	0.00258974004937	0	0	0	0	3.36767236589e-06	0	6.0618102586e-05	0	0.000212163359051	0	0.000121236205172	6.73534473178e-06	0	0.000154912928831	0.00105071377816	2.69413789271e-05	0.000764461627057	0	0.000121236205172	0.00220919307202	0.000990095675572	1.01030170977e-05	0.00114164093204	0.00473831501881	0.00916006883522	3.0309051293e-05	1.34706894636e-05	4.71474131225e-05	0	0	1.01030170977e-05	0.000781299988887	0	0.00211489824578	0.000437797407566	0	3.36767236589e-06	0	3.36767236589e-06	1.68383618295e-05	0	2.35737065612e-05	3.36767236589e-06	7.40887920496e-05	0	6.0618102586e-05	0	0	9.76624986108e-05	0.000168383618295	1.34706894636e-05	0.000101030170977	3.36767236589e-06	7.40887920496e-05	0.000461371114127	0.000282884478735	3.70443960248e-05	0.000168383618295	0.000353605598419	0.000979992658474	1.68383618295e-05	3.36767236589e-06	3.36767236589e-05	0	0	0	0.000107765515709	0.000501783182518	0.00108439050182	0.000528724561445	0.000292987495833	0	0	1.34706894636e-05	9.09271538791e-05	0.000703843524471	0.000158280601197	6.0618102586e-05	6.73534473178e-06	3.36767236589e-06	0
5.72504302201e-05	0.00258974004937	0.039991109345	0	6.73534473178e-06	3.36767236589e-06	2.02060341953e-05	0.000134706894636	3.36767236589e-05	9.76624986108e-05	2.02060341953e-05	0.00011450086044	3.36767236589e-06	2.02060341953e-05	8.75594815132e-05	3.36767236589e-06	0.00135043661872	0.00795107445587	1.01030170977e-05	0.000932845245352	0	0.00219572238256	0.00266046116905	0.0197311923918	0.000222266376149	2.69413789271e-05	0.00672524171468	0.0154205717634	0.000649960766617	0.000330031891857	0.00103724308869	0	6.73534473178e-06	0.000249207755076	0.00433756200727	0	0.000461371114127	0.000138074567002	0	6.73534473178e-06	0	0	2.69413789271e-05	0	0.000104397843343	3.36767236589e-06	1.01030170977e-05	3.36767236589e-06	1.01030170977e-05	3.36767236589e-06	3.36767236589e-06	0.000121236205172	2.35737065612e-05	3.36767236589e-06	1.68383618295e-05	0	5.05150854884e-05	0.000646593094251	0.000144809911733	6.73534473178e-05	1.34706894636e-05	4.71474131225e-05	0.000289619823467	2.02060341953e-05	0	4.71474131225e-05	0	0	0	3.36767236589e-05	0.00335083400406	0.0038997645997	0.00349901158816	0.00216541333127	4.37797407566e-05	6.73534473178e-05	1.34706894636e-05	0.000117868532806	0.000229001720881	3.0309051293e-05	2.02060341953e-05	0	3.36767236589e-06	0
0	0	0	0	0	0	0	0	0	0	0	0	0	0	0	0	0	0	0	0	0	0	0	0	0	0	0	0	0	0	0	0	0	0	0	0	0	0	0	0	0	0	0	0	0	0	0	0	0	0	0	0	0	0	0	0	0	0	0	0	0	0	0	0	0	0	0	0	0	0	0	0	0	0	0	0	0	0	0	0	0	0	0	0
0.000151545256465	0	6.73534473178e-06	0	0.016760905365	0	0.000505150854884	0.00164005644219	0.000121236205172	0.000175118963026	0.00196335298931	0	0.00246513617183	0	8.41918091473e-05	1.34706894636e-05	3.36767236589e-06	0	0	0	0.00499762579098	6.73534473178e-06	6.73534473178e-06	6.73534473178e-06	0.00732805506818	0	0	0	0.00235737065612	0.000185221980124	0.000141442239367	0	0	8.08241367814e-05	7.07211196837e-05	3.36767236589e-06	0	0	0	0.00342492279611	0	8.41918091473e-05	0.000141442239367	2.35737065612e-05	8.75594815132e-05	0.00269750556508	0	0.000579239646933	0	6.73534473178e-06	0	0	0	0	0	0.00344512883031	0	0	0	0.000229001720881	0	0	0	0.000788035333618	0	0	0	0	0	3.36767236589e-06	2.02060341953e-05	0	2.02060341953e-05	6.73534473178e-06	4.71474131225e-05	0	0	3.36767236589e-06	0	3.36767236589e-06	0	0	0	0
3.36767236589e-06	0	3.36767236589e-06	0	0	0.00349901158816	0.00215531031417	0	0.00103050774396	0	0	0	0	0	0.00062301938769	0.000515253871981	0	0	0	0	0	3.36767236589e-06	0	3.36767236589e-06	0	0	0	0	0	0.000478209475957	3.36767236589e-06	0	0.0013032892056	1.68383618295e-05	0.000229001720881	0	0	0	0	0	0	0	0	0	0	0	0	0	0	0	0	0	0	0	0	0	0	0	0	0	0	0	0	0	0	0	0	0	0	0	1.01030170977e-05	3.36767236589e-06	4.71474131225e-05	1.68383618295e-05	0.000777932316521	0.000161648273563	0	0	0	0	0	0	0	0
0.00153565859885	0	2.02060341953e-05	0	0.000505150854884	0.00215531031417	0.0346870253687	0.00248870987839	0.00729101067215	0.000252575427442	0.00819691453858	1.01030170977e-05	0.00800495721372	0	0.00486628656871	0.00287935987284	2.02060341953e-05	6.73534473178e-06	0	1.01030170977e-05	0.00191957324856	0.000101030170977	1.34706894636e-05	6.0618102586e-05	0.000973257313742	0	3.36767236589e-06	3.36767236589e-06	0.0010170370545	0.00413213399295	0.000579239646933	0	0.00150871721992	0.000697108179739	0.00150534954755	0	0	0	0	2.02060341953e-05	0	0	0	0	4.71474131225e-05	1.34706894636e-05	0	3.36767236589e-06	0	0	0	0	0	0	0	1.34706894636e-05	0	3.36767236589e-06	0	3.0309051293e-05	0	0	0	1.01030170977e-05	0	0	0	0	0	0	0.000239104737978	3.70443960248e-05	0.000572504302201	0.000158280601197	0.00219909005493	0.000222266376149	0	0	0	0	0	0	0	0
0.00231359091537	3.36767236589e-06	0.000134706894636	0	0.00164005644219	0	0.00248870987839	0.0350338956224	0.00105071377816	0.000878962487498	0.00611232534409	0	0.00108775817418	0	0.00120225903462	0.000101030170977	0.00031992887476	8.75594815132e-05	0	1.34706894636e-05	0.00151545256465	0.00109112584655	0.000299722840564	0.000801506023082	0.00341818745138	0	0	7.40887920496e-05	0.0160166497722	0.0037818960669	0.00632112103078	0	3.36767236589e-06	0.00202060341953	0.00206438316029	6.73534473178e-06	3.36767236589e-06	0	0	0.000222266376149	0	2.69413789271e-05	0.000117868532806	1.68383618295e-05	0.000495047837786	7.74564644155e-05	0	7.40887920496e-05	0	1.68383618295e-05	0	6.73534473178e-06	0	0	0	8.08241367814e-05	6.73534473178e-06	2.02060341953e-05	3.36767236589e-06	0.000525356889079	0	0	3.36767236589e-06	0.000117868532806	3.36767236589e-06	4.04120683907e-05	0	0	0	1.01030170977e-05	0.000535459906177	0.00013133922227	0.000602813353494	0.000195324997222	0.00031992887476	6.73534473178e-06	3.36767236589e-06	1.34706894636e-05	1.01030170977e-05	6.73534473178e-06	6.73534473178e-06	1.68383618295e-05	3.36767236589e-06	0
0.00185558747361	0	3.36767236589e-05	0	0.000121236205172	0.00103050774396	0.00729101067215	0.00105071377816	0.0218561936546	6.39857749519e-05	0.00217888402073	2.69413789271e-05	0.00062301938769	6.73534473178e-06	0.0105071377816	0.000363708615516	2.35737065612e-05	1.34706894636e-05	0	3.36767236589e-06	0.000259310772174	6.73534473178e-05	2.02060341953e-05	7.74564644155e-05	0.000195324997222	0	3.36767236589e-06	1.01030170977e-05	0.000383914649712	0.00534449604467	0.000649960766617	0	0.00208458919449	0.000592710336397	0.00161648273563	0	0	0	0	1.68383618295e-05	0	3.36767236589e-06	3.36767236589e-06	0	4.37797407566e-05	3.36767236589e-06	0	3.36767236589e-06	0	3.36767236589e-06	0	0	0	0	0	6.73534473178e-06	0	6.73534473178e-06	0	2.69413789271e-05	0	0	0	1.01030170977e-05	0	0	0	0	0	0	0.00011450086044	3.36767236589e-05	0.00056576895747	0.000144809911733	0.000481577148322	0.000215531031417	0	0	0	0	0	0	0	0
0.000252575427442	6.0618102586e-05	9.76624986108e-05	0	0.000175118963026	0	0.000252575427442	0.000878962487498	6.39857749519e-05	0.0140667674723	0.000138074567002	0	0.00192967626566	0	0.000178486635392	0.000198692669588	0.000488312493054	2.02060341953e-05	0	0	0.000151545256465	0.00037717930498	0.00173098359607	0.000437797407566	0.00345186417504	0	3.36767236589e-06	0.000158280601197	0.00205091247083	0.000555665940372	0.00108102282945	0	3.36767236589e-06	0.000427694390468	0.000750990937594	1.34706894636e-05	3.36767236589e-06	6.73534473178e-06	0	0.000515253871981	0	4.71474131225e-05	0.000313193530028	1.01030170977e-05	0.00199702971297	0.000165015945929	0	0.000124603877538	0	2.35737065612e-05	0	4.37797407566e-05	3.36767236589e-06	0	0	0.000165015945929	6.0618102586e-05	0.000144809911733	5.72504302201e-05	0.00168046851058	0	0	6.73534473178e-06	0.000410856028639	1.34706894636e-05	9.42948262449e-05	0	0	3.36767236589e-06	3.70443960248e-05	0.00049168016542	6.0618102586e-05	0.000161648273563	6.0618102586e-05	0.00105408145052	1.01030170977e-05	3.36767236589e-06	5.05150854884e-05	1.34706894636e-05	2.69413789271e-05	1.01030170977e-05	2.69413789271e-05	3.36767236589e-06	0
0.000740887920496	0	2.02060341953e-05	0	0.00196335298931	0	0.00819691453858	0.00611232534409	0.00217888402073	0.000138074567002	0.0266685974655	0	0.00357310038021	0	0.000875594815132	9.09271538791e-05	1.01030170977e-05	3.36767236589e-06	0	0	0.00378863141163	7.07211196837e-05	1.34706894636e-05	7.07211196837e-05	0.00103724308869	0	0	6.73534473178e-06	0.00428031157705	0.000838550419107	0.00037717930498	0	3.36767236589e-06	0.000279516806369	0.000272781461637	0	0	0	0	0.000158280601197	0	1.01030170977e-05	2.35737065612e-05	0	8.41918091473e-05	0.000919374555888	0	0.000198692669588	0	0	0	0	0	0	0	0.000488312493054	0	0	0	9.09271538791e-05	0	0	0	9.42948262449e-05	0	0	0	0	0	0	7.74564644155e-05	1.01030170977e-05	8.08241367814e-05	2.35737065612e-05	0.000154912928831	3.36767236589e-06	0	0	0	0	0	0	0	0
0	0.000212163359051	0.00011450086044	0	0	0	1.01030170977e-05	0	2.69413789271e-05	0	0	0.0324508909177	0	0.0109853472575	6.0618102586e-05	3.36767236589e-06	6.73534473178e-06	0.000276149134003	0.004206222785	0.00383914649712	0	2.35737065612e-05	1.34706894636e-05	0.000111133188074	0	0.00302753745694	0.0109280968273	0.00149187885809	0	0.000138074567002	6.73534473178e-06	0.000646593094251	1.01030170977e-05	0	0.00332052495277	0	0.000165015945929	3.36767236589e-06	0	0	0	0	0	0	0	0	0.000255943099808	0	0.000299722840564	0	0	0	1.68383618295e-05	2.69413789271e-05	8.08241367814e-05	0	0	0	0	0	0.000461371114127	0.000191957324856	0.000259310772174	0	0	0	0	0	0	4.37797407566e-05	0.000262678444539	0.00236410600086	0.00177139566446	0.000269413789271	6.73534473178e-06	2.35737065612e-05	0.000158280601197	6.73534473178e-06	0.000427694390468	8.41918091473e-05	1.34706894636e-05	0	0	4.04120683907e-05
0.000596078008763	0	3.36767236589e-06	0	0.00246513617183	0	0.00800495721372	0.00108775817418	0.00062301938769	0.00192967626566	0.00357310038021	0	0.0297769590592	0	0.000858756453302	0.00110459653601	3.36767236589e-06	0	0	0	0.00761093954691	3.70443960248e-05	1.01030170977e-05	3.36767236589e-05	0.00514917104745	0	0	3.36767236589e-06	0.000697108179739	0.000953051279547	0.000259310772174	0	0	0.000282884478735	0.000289619823467	0	0	0	0	0.000154912928831	0	0.000154912928831	6.0618102586e-05	3.36767236589e-05	5.05150854884e-05	0.00149861420282	0	0.00397048571939	0	1.01030170977e-05	0	0	0	0	0	0.00193304393802	3.36767236589e-06	0	3.36767236589e-06	7.40887920496e-05	0	0	0	0.000104397843343	0	3.36767236589e-06	0	0	0	3.36767236589e-06	0.000165015945929	1.01030170977e-05	0.000107765515709	2.69413789271e-05	0.00149187885809	0	0	0	0	3.36767236589e-06	3.36767236589e-06	6.73534473178e-06	0	0
3.36767236589e-06	0.000121236205172	2.02060341953e-05	0	0	0	0	0	6.73534473178e-06	0	0	0.0109853472575	0	0.021206232888	3.36767236589e-06	0	0	3.0309051293e-05	0.000559033612738	0.000585974991665	0	0	3.36767236589e-06	1.68383618295e-05	0	0.00516937708164	0.00547583526694	0.00220582539966	0	4.04120683907e-05	3.36767236589e-06	0.000602813353494	1.01030170977e-05	3.36767236589e-06	0.000589342664031	0	0.000141442239367	1.01030170977e-05	0	0	0	0	0	0	0	0	0.000218898703783	0	0.000269413789271	0	0	0	1.68383618295e-05	1.68383618295e-05	6.0618102586e-05	0	0	0	6.73534473178e-06	0	0.000367076287882	0.000148177584099	0.000168383618295	0	3.36767236589e-06	3.36767236589e-06	3.36767236589e-06	0	0	8.08241367814e-05	0.000111133188074	0.00106755213999	0.000683637490276	8.75594815132e-05	0	1.01030170977e-05	0.00036034094315	5.05150854884e-05	0.000410856028639	0.00013133922227	5.05150854884e-05	3.36767236589e-06	3.36767236589e-06	4.71474131225e-05
0.00728427532742	6.73534473178e-06	8.75594815132e-05	0	8.41918091473e-05	0.00062301938769	0.00486628656871	0.00120225903462	0.0105071377816	0.000178486635392	0.000875594815132	6.0618102586e-05	0.000858756453302	3.36767236589e-06	0.0355154727707	0.000727417231032	6.73534473178e-05	4.37797407566e-05	0	2.35737065612e-05	0.000255943099808	0.000326664219491	6.73534473178e-05	0.000252575427442	0.000316561202394	0	2.02060341953e-05	3.36767236589e-05	0.000814976712546	0.0226442289883	0.00282210944262	0	0.00200376505771	0.00329695124621	0.00582270552063	0	0	0	0	4.04120683907e-05	0	0	1.01030170977e-05	0	9.42948262449e-05	1.68383618295e-05	0	3.36767236589e-06	0	0	0	3.36767236589e-06	0	0	0	2.02060341953e-05	3.36767236589e-06	6.73534473178e-06	3.36767236589e-06	8.08241367814e-05	0	0	3.36767236589e-06	3.36767236589e-05	0	3.36767236589e-06	0	0	0	0	0.00079477067835	0.000111133188074	0.00241462108634	0.000616284042958	0.0011753176557	0.000397385339175	6.73534473178e-06	1.34706894636e-05	3.36767236589e-06	3.36767236589e-06	0	6.73534473178e-06	0	3.36767236589e-06
0.000191957324856	0	3.36767236589e-06	0	1.34706894636e-05	0.000515253871981	0.00287935987284	0.000101030170977	0.000363708615516	0.000198692669588	9.09271538791e-05	3.36767236589e-06	0.00110459653601	0	0.000727417231032	0.00626387060056	3.36767236589e-06	0	0	6.73534473178e-06	2.35737065612e-05	1.01030170977e-05	3.36767236589e-06	3.36767236589e-06	7.74564644155e-05	0	3.36767236589e-06	0	4.71474131225e-05	0.000703843524471	9.42948262449e-05	0	2.02060341953e-05	0.000144809911733	0.00024584008271	0	0	0	0	1.34706894636e-05	0	0	0	0	1.34706894636e-05	6.73534473178e-06	0	0	0	0	0	0	0	0	0	3.36767236589e-06	0	3.36767236589e-06	0	2.35737065612e-05	0	0	0	6.73534473178e-06	0	0	0	0	0	0	0.000356973270784	6.73534473178e-06	9.09271538791e-05	3.36767236589e-05	0.00408161890746	1.68383618295e-05	0	0	0	0	0	0	0	0
0.000121236205172	0.000154912928831	0.00135043661872	0	3.36767236589e-06	0	2.02060341953e-05	0.00031992887476	2.35737065612e-05	0.000488312493054	1.01030170977e-05	6.73534473178e-06	3.36767236589e-06	0	6.73534473178e-05	3.36767236589e-06	0.0154576161594	0.000178486635392	0	2.35737065612e-05	3.36767236589e-06	0.00236410600086	0.00454299002159	0.00581260250353	0.00360004175914	0	7.74564644155e-05	0.00353605598419	0.00267729953088	0.000330031891857	0.0010170370545	0	3.36767236589e-06	0.000309825857662	0.00115174394913	0	2.02060341953e-05	1.68383618295e-05	0	3.70443960248e-05	0	1.34706894636e-05	6.0618102586e-05	6.73534473178e-06	0.000340134908955	1.34706894636e-05	0	1.68383618295e-05	0	6.73534473178e-06	0	0.000195324997222	3.36767236589e-06	0	0	1.01030170977e-05	5.05150854884e-05	0.000313193530028	0.000107765515709	0.000323296547126	0	3.36767236589e-06	1.68383618295e-05	0.000117868532806	3.36767236589e-06	4.04120683907e-05	0	0	3.36767236589e-06	1.68383618295e-05	0.000626387060056	0.000441165079932	0.000552298268006	0.00031992887476	1.34706894636e-05	6.73534473178e-06	6.73534473178e-06	3.0309051293e-05	1.01030170977e-05	6.73534473178e-06	1.01030170977e-05	6.73534473178e-06	0	0
3.0309051293e-05	0.00105071377816	0.00795107445587	0	0	0	6.73534473178e-06	8.75594815132e-05	1.34706894636e-05	2.02060341953e-05	3.36767236589e-06	0.000276149134003	0	3.0309051293e-05	4.37797407566e-05	0	0.000178486635392	0.0245200224961	3.70443960248e-05	0.00501446415281	0	0.00147840816863	0.000488312493054	0.0119552368989	2.35737065612e-05	7.74564644155e-05	0.00626387060056	0.00295008099252	0.00018858965249	0.000158280601197	0.000484944820688	0	6.73534473178e-06	0.000111133188074	0.00598098612182	0	0.000239104737978	4.71474131225e-05	0	3.36767236589e-06	0	0	1.01030170977e-05	0	2.69413789271e-05	0	1.01030170977e-05	0	1.01030170977e-05	3.36767236589e-06	0	2.69413789271e-05	1.68383618295e-05	3.36767236589e-06	1.01030170977e-05	0	6.73534473178e-06	0.000134706894636	3.36767236589e-05	3.0309051293e-05	2.35737065612e-05	4.37797407566e-05	9.09271538791e-05	3.36767236589e-06	0	3.36767236589e-06	0	0	0	2.02060341953e-05	0.00193977928275	0.00274128530584	0.00299049306091	0.00165352713165	4.37797407566e-05	6.0618102586e-05	4.71474131225e-05	5.72504302201e-05	0.00011450086044	2.35737065612e-05	1.34706894636e-05	3.36767236589e-06	0	0
0	2.69413789271e-05	1.01030170977e-05	0	0	0	0	0	0	0	0	0.004206222785	0	0.000559033612738	0	0	0	3.70443960248e-05	0.00650297533854	0.00296018400962	0	0	0	6.73534473178e-06	0	0.000289619823467	0.00240115039688	0.000225634048515	0	3.36767236589e-06	0	3.70443960248e-05	0	0	0.000272781461637	0	3.70443960248e-05	0	0	0	0	0	0	0	0	0	5.38827578543e-05	0	2.02060341953e-05	0	0	0	0	3.36767236589e-06	1.01030170977e-05	0	0	0	0	0	7.74564644155e-05	3.70443960248e-05	3.36767236589e-05	0	0	0	0	0	0	6.73534473178e-06	4.04120683907e-05	0.000266046116905	0.000144809911733	1.68383618295e-05	0	6.73534473178e-06	3.36767236589e-06	3.36767236589e-06	4.71474131225e-05	1.68383618295e-05	0	0	0	6.73534473178e-06
0	0.000764461627057	0.000932845245352	0	0	0	1.01030170977e-05	1.34706894636e-05	3.36767236589e-06	0	0	0.00383914649712	0	0.000585974991665	2.35737065612e-05	6.73534473178e-06	2.35737065612e-05	0.00501446415281	0.00296018400962	0.0230079376038	0	7.74564644155e-05	9.09271538791e-05	0.000727417231032	0	0.00060618102586	0.0150534954755	0.00224623746805	6.73534473178e-06	6.0618102586e-05	1.34706894636e-05	2.69413789271e-05	3.36767236589e-06	6.73534473178e-06	0.00366739520646	0	0.00037717930498	2.69413789271e-05	0	0	0	0	0	0	6.73534473178e-06	0	8.08241367814e-05	0	8.08241367814e-05	0	0	3.36767236589e-06	5.72504302201e-05	2.35737065612e-05	5.05150854884e-05	0	6.73534473178e-06	2.69413789271e-05	2.35737065612e-05	3.36767236589e-06	0.000181854307758	0.000165015945929	0.000225634048515	0	0	0	0	0	0	4.71474131225e-05	0.000744255592862	0.00208458919449	0.00142789308314	0.000545562923274	1.01030170977e-05	1.34706894636e-05	4.04120683907e-05	1.68383618295e-05	0.000154912928831	6.73534473178e-05	3.36767236589e-06	0	0	6.73534473178e-06
0.000306458185296	0	0	0	0.00499762579098	0	0.00191957324856	0.00151545256465	0.000259310772174	0.000151545256465	0.00378863141163	0	0.00761093954691	0	0.000255943099808	2.35737065612e-05	3.36767236589e-06	0	0	0	0.0174849549237	3.0309051293e-05	1.01030170977e-05	2.35737065612e-05	0.00336767236589	0	0	3.36767236589e-06	0.001895999542	0.000394017666809	0.00018858965249	0	0	0.000154912928831	0.000127971549904	0	0	0	0	0.00102377239923	0	6.73534473178e-05	9.42948262449e-05	1.34706894636e-05	5.38827578543e-05	0.00200713273007	0	0.00165689480402	0	3.36767236589e-06	0	0	0	0	0	0.00277159435713	3.36767236589e-06	0	0	0.000148177584099	0	0	0	0.000296355168198	0	0	0	0	3.36767236589e-06	3.36767236589e-06	4.37797407566e-05	6.73534473178e-06	2.35737065612e-05	6.73534473178e-06	0.000107765515709	0	0	3.36767236589e-06	0	0	0	6.73534473178e-06	0	0
0.000532092233811	0.000121236205172	0.00219572238256	0	6.73534473178e-06	3.36767236589e-06	0.000101030170977	0.00109112584655	6.73534473178e-05	0.00037717930498	7.07211196837e-05	2.35737065612e-05	3.70443960248e-05	0	0.000326664219491	1.01030170977e-05	0.00236410600086	0.00147840816863	0	7.74564644155e-05	3.0309051293e-05	0.0380075503214	0.0011450086044	0.0214183962471	0.00118205300043	3.36767236589e-06	0.000218898703783	0.00113827325967	0.0059540447429	0.00306121418059	0.012581623959	3.36767236589e-06	3.36767236589e-06	0.00152892325411	0.0062200908598	0	3.36767236589e-05	1.34706894636e-05	0	4.71474131225e-05	0	1.01030170977e-05	4.37797407566e-05	3.36767236589e-06	0.000235737065612	1.01030170977e-05	3.36767236589e-06	1.34706894636e-05	0	6.73534473178e-06	0	1.34706894636e-05	3.36767236589e-06	0	6.73534473178e-06	3.36767236589e-06	2.69413789271e-05	0.000191957324856	3.36767236589e-05	0.000191957324856	3.36767236589e-06	0	1.34706894636e-05	7.07211196837e-05	3.36767236589e-06	3.36767236589e-05	0	0	0	1.68383618295e-05	0.00178149868156	0.000946315934815	0.00213510427997	0.00109786119128	6.39857749519e-05	4.37797407566e-05	1.34706894636e-05	2.69413789271e-05	2.35737065612e-05	1.34706894636e-05	3.36767236589e-06	0	0	0
9.76624986108e-05	0.00220919307202	0.00266046116905	0	6.73534473178e-06	0	1.34706894636e-05	0.000299722840564	2.02060341953e-05	0.00173098359607	1.34706894636e-05	1.34706894636e-05	1.01030170977e-05	3.36767236589e-06	6.73534473178e-05	3.36767236589e-06	0.00454299002159	0.000488312493054	0	9.09271538791e-05	1.01030170977e-05	0.0011450086044	0.0199938708363	0.00379199908399	0.00163668876982	1.01030170977e-05	0.000390649994443	0.0056576895747	0.00161985040799	0.000326664219491	0.00106081679526	0	0	0.000306458185296	0.0014312607555	1.01030170977e-05	0.000286252151101	0.000151545256465	0	8.08241367814e-05	0	2.69413789271e-05	0.00017175129066	1.34706894636e-05	0.000929477572986	3.0309051293e-05	0	3.0309051293e-05	0	6.73534473178e-06	3.36767236589e-06	0.000404120683907	2.02060341953e-05	0	0	3.36767236589e-05	0.000249207755076	0.00212500126288	0.000420959045736	0.00073752024813	0	2.02060341953e-05	0.000296355168198	0.000299722840564	1.34706894636e-05	0.000168383618295	0	0	0	8.41918091473e-05	0.000875594815132	0.000878962487498	0.000784667661253	0.000441165079932	2.35737065612e-05	1.34706894636e-05	1.34706894636e-05	0.000121236205172	0.000158280601197	4.71474131225e-05	2.35737065612e-05	1.34706894636e-05	0	0
0.00037717930498	0.000990095675572	0.0197311923918	0	6.73534473178e-06	3.36767236589e-06	6.0618102586e-05	0.000801506023082	7.74564644155e-05	0.000437797407566	7.07211196837e-05	0.000111133188074	3.36767236589e-05	1.68383618295e-05	0.000252575427442	3.36767236589e-06	0.00581260250353	0.0119552368989	6.73534473178e-06	0.000727417231032	2.35737065612e-05	0.0214183962471	0.00379199908399	0.068165056358	0.00125277412011	4.37797407566e-05	0.00194314695512	0.0104734610579	0.00395701502992	0.00165015945929	0.00625039991109	3.36767236589e-06	0	0.00112817024257	0.00985717701496	0	0.000168383618295	7.40887920496e-05	0	5.05150854884e-05	0	1.01030170977e-05	5.38827578543e-05	0	0.000346870253687	1.01030170977e-05	1.01030170977e-05	6.73534473178e-06	6.73534473178e-06	3.36767236589e-06	3.36767236589e-06	0.000101030170977	1.68383618295e-05	0	1.34706894636e-05	0	5.72504302201e-05	0.00068026981791	0.000124603877538	0.000262678444539	1.34706894636e-05	6.73534473178e-06	0.000104397843343	8.75594815132e-05	0	6.73534473178e-05	0	0	0	5.72504302201e-05	0.00503467018701	0.00410519261402	0.00567452793653	0.00330031891857	9.09271538791e-05	0.00011450086044	4.71474131225e-05	0.00013133922227	7.74564644155e-05	4.71474131225e-05	2.02060341953e-05	1.01030170977e-05	0	0
0.000451268097029	1.01030170977e-05	0.000222266376149	0	0.00732805506818	0	0.000973257313742	0.00341818745138	0.000195324997222	0.00345186417504	0.00103724308869	0	0.00514917104745	0	0.000316561202394	7.74564644155e-05	0.00360004175914	2.35737065612e-05	0	0	0.00336767236589	0.00118205300043	0.00163668876982	0.00125277412011	0.0327371430688	0	6.73534473178e-06	0.000235737065612	0.00975951451635	0.000979992658474	0.00166699782112	0	0	0.000629754732422	0.00106755213999	3.36767236589e-06	3.36767236589e-06	3.36767236589e-06	0	0.000316561202394	0	2.02060341953e-05	0.000154912928831	1.68383618295e-05	0.000525356889079	5.38827578543e-05	0	4.37797407566e-05	0	1.68383618295e-05	0	2.35737065612e-05	0	0	0	3.36767236589e-05	2.69413789271e-05	9.76624986108e-05	3.0309051293e-05	0.00138411334238	0	3.36767236589e-06	6.73534473178e-06	0.000222266376149	3.36767236589e-06	2.02060341953e-05	0	0	3.36767236589e-06	1.68383618295e-05	0.000404120683907	0.000107765515709	0.000333399564223	0.000161648273563	0.000208795686685	1.68383618295e-05	0	3.0309051293e-05	3.36767236589e-06	1.34706894636e-05	0	1.34706894636e-05	0	0
0	0.00114164093204	2.69413789271e-05	0	0	0	0	0	0	0	0	0.00302753745694	0	0.00516937708164	0	0	0	7.74564644155e-05	0.000289619823467	0.00060618102586	0	3.36767236589e-06	1.01030170977e-05	4.37797407566e-05	0	0.0123324162039	0.00342155512375	0.00189263186963	0	0	0	6.39857749519e-05	0	0	0.000289619823467	0	0.00037717930498	2.02060341953e-05	0	0	0	0	0	0	0	0	0.00054893059564	0	0.000616284042958	0	0	0	5.05150854884e-05	7.07211196837e-05	0.000175118963026	0	0	0	1.68383618295e-05	0	0.00104061076106	0.000447900424663	0.000478209475957	0	3.36767236589e-06	3.36767236589e-06	3.36767236589e-06	0	0	0.000104397843343	6.39857749519e-05	0.000559033612738	0.000282884478735	7.07211196837e-05	0	3.36767236589e-06	0.000165015945929	3.70443960248e-05	0.000808241367814	0.000175118963026	3.0309051293e-05	3.36767236589e-06	3.36767236589e-06	6.0618102586e-05
0	0.00473831501881	0.00672524171468	0	0	0	3.36767236589e-06	0	3.36767236589e-06	3.36767236589e-06	0	0.0109280968273	0	0.00547583526694	2.02060341953e-05	3.36767236589e-06	7.74564644155e-05	0.00626387060056	0.00240115039688	0.0150534954755	0	0.000218898703783	0.000390649994443	0.00194314695512	6.73534473178e-06	0.00342155512375	0.0695424343556	0.0219134440849	2.02060341953e-05	5.72504302201e-05	7.74564644155e-05	0.00123256808592	3.36767236589e-06	1.68383618295e-05	0.00443522450588	0	0.00194988229985	0.000178486635392	0	3.36767236589e-06	0	0	0	0	1.34706894636e-05	0	0.000407488356273	0	0.000350237926053	0	0	1.34706894636e-05	0.000151545256465	9.42948262449e-05	0.000212163359051	0	3.36767236589e-05	0.000121236205172	0.000104397843343	1.01030170977e-05	0.000919374555888	0.000713946541569	0.00118205300043	3.36767236589e-06	3.36767236589e-06	1.34706894636e-05	0	0	0	0.000168383618295	0.00137064265292	0.00432072364544	0.00249544522313	0.00114164093204	6.73534473178e-06	2.02060341953e-05	8.08241367814e-05	7.40887920496e-05	0.000889065504595	0.00024584008271	4.37797407566e-05	0	0	1.01030170977e-05
2.69413789271e-05	0.00916006883522	0.0154205717634	0	0	0	3.36767236589e-06	7.40887920496e-05	1.01030170977e-05	0.000158280601197	6.73534473178e-06	0.00149187885809	3.36767236589e-06	0.00220582539966	3.36767236589e-05	0	0.00353605598419	0.00295008099252	0.000225634048515	0.00224623746805	3.36767236589e-06	0.00113827325967	0.0056576895747	0.0104734610579	0.000235737065612	0.00189263186963	0.0219134440849	0.065339579243	0.00050851852725	0.000178486635392	0.000572504302201	0.000212163359051	3.36767236589e-06	0.000134706894636	0.00272781461637	0	0.00137737799765	0.000232369393246	0	0	0	3.36767236589e-06	3.70443960248e-05	0	0.000138074567002	3.36767236589e-06	0.00011450086044	0	0.000117868532806	0	0	0.000151545256465	0.000107765515709	2.35737065612e-05	7.74564644155e-05	0	7.74564644155e-05	0.000791403005984	0.000242472410344	0.000101030170977	0.00030309051293	0.000255943099808	0.000676902145544	3.70443960248e-05	6.73534473178e-06	5.72504302201e-05	0	0	0	0.000117868532806	0.00201050040244	0.00328684822911	0.00208122152212	0.00121909739645	1.34706894636e-05	4.71474131225e-05	2.35737065612e-05	0.000117868532806	0.000555665940372	0.000101030170977	3.0309051293e-05	0	6.73534473178e-06	6.73534473178e-06
0.00143799610024	3.0309051293e-05	0.000649960766617	0	0.00235737065612	0	0.0010170370545	0.0160166497722	0.000383914649712	0.00205091247083	0.00428031157705	0	0.000697108179739	0	0.000814976712546	4.71474131225e-05	0.00267729953088	0.00018858965249	0	6.73534473178e-06	0.001895999542	0.0059540447429	0.00161985040799	0.00395701502992	0.00975951451635	0	2.02060341953e-05	0.00050851852725	0.0472854876895	0.00343165814084	0.0105576528671	0	3.36767236589e-06	0.00241798875871	0.00369096891302	6.73534473178e-06	3.36767236589e-06	3.36767236589e-06	0	0.000326664219491	0	4.71474131225e-05	0.000252575427442	2.02060341953e-05	0.00104397843343	8.75594815132e-05	0	0.000134706894636	0	3.36767236589e-05	0	3.70443960248e-05	0	0	0	0.000121236205172	5.05150854884e-05	0.000195324997222	3.70443960248e-05	0.00100019869267	0	0	1.01030170977e-05	0.000249207755076	1.34706894636e-05	8.08241367814e-05	0	0	0	2.02060341953e-05	0.00118205300043	0.000383914649712	0.00105408145052	0.000461371114127	0.000242472410344	3.36767236589e-05	0	4.04120683907e-05	6.73534473178e-06	1.34706894636e-05	2.02060341953e-05	2.02060341953e-05	1.01030170977e-05	0
0.00871890375529	1.34706894636e-05	0.000330031891857	0	0.000185221980124	0.000478209475957	0.00413213399295	0.0037818960669	0.00534449604467	0.000555665940372	0.000838550419107	0.000138074567002	0.000953051279547	4.04120683907e-05	0.0226442289883	0.000703843524471	0.000330031891857	0.000158280601197	3.36767236589e-06	6.0618102586e-05	0.000394017666809	0.00306121418059	0.000326664219491	0.00165015945929	0.000979992658474	0	5.72504302201e-05	0.000178486635392	0.00343165814084	0.0514984458192	0.0151713640083	0	0.00205764781556	0.0133528209308	0.0150501278032	6.73534473178e-06	3.36767236589e-06	0	0	0.000111133188074	0	1.68383618295e-05	7.74564644155e-05	0	0.000373811632614	3.36767236589e-05	0	3.0309051293e-05	0	3.36767236589e-06	0	1.34706894636e-05	0	0	0	4.04120683907e-05	1.01030170977e-05	5.05150854884e-05	6.73534473178e-06	0.000356973270784	0	0	1.01030170977e-05	8.41918091473e-05	3.36767236589e-06	1.68383618295e-05	0	0	0	1.01030170977e-05	0.00269077022035	0.000478209475957	0.00603823655204	0.00161648273563	0.00133359825689	0.000626387060056	2.35737065612e-05	2.69413789271e-05	6.73534473178e-06	1.01030170977e-05	3.36767236589e-06	3.36767236589e-06	0	3.36767236589e-06
0.00496731673969	4.71474131225e-05	0.00103724308869	0	0.000141442239367	3.36767236589e-06	0.000579239646933	0.00632112103078	0.000649960766617	0.00108102282945	0.00037717930498	6.73534473178e-06	0.000259310772174	3.36767236589e-06	0.00282210944262	9.42948262449e-05	0.0010170370545	0.000484944820688	0	1.34706894636e-05	0.00018858965249	0.012581623959	0.00106081679526	0.00625039991109	0.00166699782112	0	7.74564644155e-05	0.000572504302201	0.0105576528671	0.0151713640083	0.0411394856217	0	1.01030170977e-05	0.00946989469289	0.00932845245352	3.36767236589e-06	1.34706894636e-05	1.01030170977e-05	0	0.00018858965249	0	3.0309051293e-05	0.000154912928831	3.36767236589e-06	0.000700475852105	3.0309051293e-05	0	4.37797407566e-05	0	1.68383618295e-05	0	3.0309051293e-05	6.73534473178e-06	0	0	7.40887920496e-05	4.37797407566e-05	0.000181854307758	2.69413789271e-05	0.000660063783715	0	0	2.02060341953e-05	0.00017175129066	3.36767236589e-06	5.38827578543e-05	0	0	0	2.02060341953e-05	0.00234726763903	0.000670166800812	0.00264362280722	0.00106418446762	0.000306458185296	9.76624986108e-05	6.73534473178e-06	3.36767236589e-05	2.35737065612e-05	2.02060341953e-05	6.73534473178e-06	1.34706894636e-05	3.36767236589e-06	0
0	0	0	0	0	0	0	0	0	0	0	0.000646593094251	0	0.000602813353494	0	0	0	0	3.70443960248e-05	2.69413789271e-05	0	3.36767236589e-06	0	3.36767236589e-06	0	6.39857749519e-05	0.00123256808592	0.000212163359051	0	0	0	0.00132012756743	0	0	1.01030170977e-05	0	0	0	0	0	0	0	0	0	0	0	3.36767236589e-06	0	3.36767236589e-06	0	0	0	0	0	3.36767236589e-06	0	0	0	0	0	6.73534473178e-06	3.36767236589e-06	6.73534473178e-06	0	0	0	0	0	0	3.36767236589e-06	0	1.68383618295e-05	6.73534473178e-06	1.01030170977e-05	0	0	0	3.36767236589e-06	6.73534473178e-06	3.36767236589e-06	0	0	0	0
2.35737065612e-05	0	6.73534473178e-06	0	0	0.0013032892056	0.00150871721992	3.36767236589e-06	0.00208458919449	3.36767236589e-06	3.36767236589e-06	1.01030170977e-05	0	1.01030170977e-05	0.00200376505771	2.02060341953e-05	3.36767236589e-06	6.73534473178e-06	0	3.36767236589e-06	0	3.36767236589e-06	0	0	0	0	3.36767236589e-06	3.36767236589e-06	3.36767236589e-06	0.00205764781556	1.01030170977e-05	0	0.00466422622676	4.37797407566e-05	0.00104061076106	0	0	0	0	0	0	0	0	0	0	0	0	0	0	0	0	0	0	0	0	0	0	0	0	0	0	0	0	0	0	0	0	0	0	0	2.02060341953e-05	6.73534473178e-06	0.000235737065612	5.72504302201e-05	2.02060341953e-05	0.000198692669588	0	0	0	0	0	0	0	0
0.00243145944817	1.01030170977e-05	0.000249207755076	0	8.08241367814e-05	1.68383618295e-05	0.000697108179739	0.00202060341953	0.000592710336397	0.000427694390468	0.000279516806369	0	0.000282884478735	3.36767236589e-06	0.00329695124621	0.000144809911733	0.000309825857662	0.000111133188074	0	6.73534473178e-06	0.000154912928831	0.00152892325411	0.000306458185296	0.00112817024257	0.000629754732422	0	1.68383618295e-05	0.000134706894636	0.00241798875871	0.0133528209308	0.00946989469289	0	4.37797407566e-05	0.0169023476044	0.0103589601975	6.73534473178e-06	0	0	0	8.08241367814e-05	0	3.36767236589e-06	5.05150854884e-05	0	0.000276149134003	1.68383618295e-05	3.36767236589e-06	2.02060341953e-05	0	3.36767236589e-06	0	2.35737065612e-05	0	3.36767236589e-06	0	3.36767236589e-05	6.73534473178e-06	5.72504302201e-05	1.34706894636e-05	0.000276149134003	0	0	1.68383618295e-05	7.07211196837e-05	0	1.34706894636e-05	0	0	3.36767236589e-06	1.01030170977e-05	0.00242135643108	0.000346870253687	0.00344849650267	0.00106081679526	0.000367076287882	0.000117868532806	6.73534473178e-06	3.0309051293e-05	6.73534473178e-06	6.73534473178e-06	0	1.01030170977e-05	0	0
0.0020239710919	0.000781299988887	0.00433756200727	0	7.07211196837e-05	0.000229001720881	0.00150534954755	0.00206438316029	0.00161648273563	0.000750990937594	0.000272781461637	0.00332052495277	0.000289619823467	0.000589342664031	0.00582270552063	0.00024584008271	0.00115174394913	0.00598098612182	0.000272781461637	0.00366739520646	0.000127971549904	0.0062200908598	0.0014312607555	0.00985717701496	0.00106755213999	0.000289619823467	0.00443522450588	0.00272781461637	0.00369096891302	0.0150501278032	0.00932845245352	1.01030170977e-05	0.00104061076106	0.0103589601975	0.0515961083178	6.73534473178e-06	0.000229001720881	4.04120683907e-05	0	0.000138074567002	0	6.73534473178e-06	8.41918091473e-05	1.01030170977e-05	0.000481577148322	3.70443960248e-05	4.04120683907e-05	2.35737065612e-05	5.38827578543e-05	1.34706894636e-05	0	5.72504302201e-05	2.69413789271e-05	6.73534473178e-06	2.69413789271e-05	5.38827578543e-05	5.72504302201e-05	0.000276149134003	7.74564644155e-05	0.000525356889079	8.75594815132e-05	7.07211196837e-05	0.000148177584099	0.000138074567002	6.73534473178e-06	2.69413789271e-05	0	0	3.36767236589e-06	6.39857749519e-05	0.00954061581257	0.00514243570272	0.0200073415258	0.00669830033576	0.000750990937594	0.000942948262449	0.000165015945929	0.000154912928831	0.000141442239367	6.73534473178e-05	3.70443960248e-05	1.34706894636e-05	3.36767236589e-06	3.36767236589e-06
3.36767236589e-06	0	0	0	3.36767236589e-06	0	0	6.73534473178e-06	0	1.34706894636e-05	0	0	0	0	0	0	0	0	0	0	0	0	1.01030170977e-05	0	3.36767236589e-06	0	0	0	6.73534473178e-06	6.73534473178e-06	3.36767236589e-06	0	0	6.73534473178e-06	6.73534473178e-06	0.00876268349605	3.36767236589e-06	1.01030170977e-05	0	0.000144809911733	0	0.000545562923274	0.00232369393246	0.000633122404787	0.000124603877538	0.000333399564223	0	0.000144809911733	0	0.00295008099252	6.73534473178e-06	7.07211196837e-05	6.73534473178e-06	0	0	5.38827578543e-05	0.000208795686685	6.0618102586e-05	0.000141442239367	0.00060618102586	0	3.36767236589e-06	1.68383618295e-05	0.000249207755076	0.00327000986728	0.00149187885809	0	0	9.42948262449e-05	0.000178486635392	1.01030170977e-05	6.73534473178e-06	0	0	3.36767236589e-06	0	0	0.000292987495833	4.37797407566e-05	0.000185221980124	7.74564644155e-05	0.000340134908955	1.34706894636e-05	3.36767236589e-06
0	0.00211489824578	0.000461371114127	0	0	0	0	3.36767236589e-06	0	3.36767236589e-06	0	0.000165015945929	0	0.000141442239367	0	0	2.02060341953e-05	0.000239104737978	3.70443960248e-05	0.00037717930498	0	3.36767236589e-05	0.000286252151101	0.000168383618295	3.36767236589e-06	0.00037717930498	0.00194988229985	0.00137737799765	3.36767236589e-06	3.36767236589e-06	1.34706894636e-05	0	0	0	0.000229001720881	3.36767236589e-06	0.0163567846811	0.00148177584099	0	1.34706894636e-05	0	3.36767236589e-06	3.70443960248e-05	6.73534473178e-06	6.0618102586e-05	0	0.00050851852725	0	0.000330031891857	3.36767236589e-06	0	0.000178486635392	0.00109112584655	0.000117868532806	0.000656696111349	3.36767236589e-06	0.000239104737978	0.00156596765014	0.000835182746741	5.72504302201e-05	0.00207111850502	0.00268740254798	0.00842254858709	1.34706894636e-05	1.34706894636e-05	9.76624986108e-05	6.73534473178e-06	0	3.36767236589e-06	0.000646593094251	9.09271538791e-05	0.000323296547126	0.000151545256465	7.40887920496e-05	0	0	3.36767236589e-06	0.000373811632614	0.0018656904907	0.000804873695448	0.000259310772174	1.68383618295e-05	2.02060341953e-05	0
0	0.000437797407566	0.000138074567002	0	0	0	0	0	0	6.73534473178e-06	0	3.36767236589e-06	0	1.01030170977e-05	0	0	1.68383618295e-05	4.71474131225e-05	0	2.69413789271e-05	0	1.34706894636e-05	0.000151545256465	7.40887920496e-05	3.36767236589e-06	2.02060341953e-05	0.000178486635392	0.000232369393246	3.36767236589e-06	0	1.01030170977e-05	0	0	0	4.04120683907e-05	1.01030170977e-05	0.00148177584099	0.0277664586568	0	1.34706894636e-05	0	2.02060341953e-05	0.000202060341953	2.35737065612e-05	7.40887920496e-05	1.34706894636e-05	0.000151545256465	3.36767236589e-06	2.35737065612e-05	1.68383618295e-05	0	0.000909271538791	0.00415234002714	2.35737065612e-05	0.000471474131225	3.36767236589e-06	0.00220919307202	0.00142115773841	0.0101973119239	0.000181854307758	5.72504302201e-05	0.00620325249797	0.0104195783001	0.000299722840564	8.41918091473e-05	0.00101030170977	0	0	2.69413789271e-05	0.00200039738534	4.04120683907e-05	8.08241367814e-05	3.0309051293e-05	1.68383618295e-05	0	0	3.36767236589e-06	0.00176129264736	0.0024584008271	0.00206438316029	0.000953051279547	8.41918091473e-05	7.07211196837e-05	1.01030170977e-05
0	0	0	0	0	0	0	0	0	0	0	0	0	0	0	0	0	0	0	0	0	0	0	0	0	0	0	0	0	0	0	0	0	0	0	0	0	0	0	0	0	0	0	0	0	0	0	0	0	0	0	0	0	0	0	0	0	0	0	0	0	0	0	0	0	0	0	0	0	0	0	0	0	0	0	0	0	0	0	0	0	0	0	0
5.38827578543e-05	3.36767236589e-06	6.73534473178e-06	0	0.00342492279611	0	2.02060341953e-05	0.000222266376149	1.68383618295e-05	0.000515253871981	0.000158280601197	0	0.000154912928831	0	4.04120683907e-05	1.34706894636e-05	3.70443960248e-05	3.36767236589e-06	0	0	0.00102377239923	4.71474131225e-05	8.08241367814e-05	5.05150854884e-05	0.000316561202394	0	3.36767236589e-06	0	0.000326664219491	0.000111133188074	0.00018858965249	0	0	8.08241367814e-05	0.000138074567002	0.000144809911733	1.34706894636e-05	1.34706894636e-05	0	0.0234693087179	0	0.000774564644155	0.00337440771062	0.000383914649712	0.00333399564223	0.00728090765506	0	0.00249881289549	0	0.000269413789271	2.02060341953e-05	5.72504302201e-05	0	0	0	0.00901525892349	0.000175118963026	0.000134706894636	9.76624986108e-05	0.0143563872958	0	0	2.35737065612e-05	0.00788035333618	7.40887920496e-05	0.000330031891857	0	0	2.02060341953e-05	9.42948262449e-05	0.000161648273563	0	2.35737065612e-05	6.73534473178e-06	8.75594815132e-05	0	0	0.000242472410344	7.07211196837e-05	8.41918091473e-05	4.37797407566e-05	0.000185221980124	3.36767236589e-06	0
0	0	0	0	0	0	0	0	0	0	0	0	0	0	0	0	0	0	0	0	0	0	0	0	0	0	0	0	0	0	0	0	0	0	0	0	0	0	0	0	0.00103050774396	0.000326664219491	0	0.000212163359051	0	3.36767236589e-06	0	0	0	1.68383618295e-05	0.000215531031417	0	0	0	0	0	0	0	0	0	0	0	0	0	1.34706894636e-05	0	0	0.000235737065612	0	1.01030170977e-05	0	0	0	0	0	0	0	0	0	6.73534473178e-06	0	0.000111133188074	0.000367076287882	0
