0.0197590162752	0	0	0	0	0	0.000432904894917	0.010286644884	0.00528762407364	0.000175223409848	0.000659664601779	0.000432904894917	0	0	0.00889516486461	0	0	1.03072594028e-05	0.000175223409848	0.00025768148507	0	0	0	0	0.0025871221101	0	1.03072594028e-05	1.03072594028e-05	0.00297879796741	0.00870963419536	0.00766860099568	0	0	0	0.00276234551995	0	0	0	0	0	0	0	0	8.24580752224e-05	0.000144301631639	0	3.09217782084e-05	0	0	7.21508158196e-05	0	0	0	1.03072594028e-05	0	0	0	0	0	0.00032983230089	0	3.09217782084e-05	0	0	3.09217782084e-05	0	0	0	0	0.000608128304765	0	0	0.00241189870025	0	0	0	0	0.000195837928653	0	0.000618435564168	0.000360754079098	0	0	0
0	0.0142343252353	0.000762737195807	0	0	0	0	0	0	0.00101011142147	0	9.27653346252e-05	0	0.000762737195807	0	0	0.000267988744473	1.03072594028e-05	0	0	0	0	0.00197899380534	0	0.00142240179759	0.000896731568043	0.00578237252497	0.00859625434193	0	0	0	0.000546284748348	0	0	0	0	0.00715323802554	1.03072594028e-05	0	0	0	0	0	0	0	0	0	0	0.00104103319968	0	0	0	7.21508158196e-05	0	0.000628742823571	0	0	0	3.09217782084e-05	0	0.0040610602047	0.00482379740051	0.00718415980375	0	0	0	0.000793658974015	0	0	2.06145188056e-05	0	0	2.06145188056e-05	0	0	0	3.09217782084e-05	0	0	2.06145188056e-05	0	0	0	0
0	0.000762737195807	0.0400230882611	0	0	0	0	3.09217782084e-05	0	1.03072594028e-05	0	1.03072594028e-05	0	0	0	0	6.18435564168e-05	0.00381368597904	0	3.09217782084e-05	0	0.00198930106474	0.000267988744473	0.0136880404869	2.06145188056e-05	0	0.00851379626671	0.0194910275307	2.06145188056e-05	0	3.09217782084e-05	0	0	0	6.18435564168e-05	0	0.00875086323297	0.000556592007751	0	0	0	0	0.000144301631639	0	0	0	0.000278296003876	0	0	1.03072594028e-05	0	7.21508158196e-05	0.000824580752224	0.000267988744473	0.000237066966264	0	0.000834888011627	0.000175223409848	0.00104103319968	7.21508158196e-05	0	0.000371061338501	0.00282418907637	0.000319525041487	1.03072594028e-05	1.03072594028e-05	0	0	1.03072594028e-05	0.000226759706862	0.000267988744473	0	0.000907038827446	4.12290376112e-05	0	0	0	0.0044321215432	0.00321586493367	0.000206145188056	0.000144301631639	0	0	0
0	0	0	0	0	0	0	0	0	0	0	0	0	0	0	0	0	0	0	0	0	0	0	0	0	0	0	0	0	0	0	0	0	0	0	0	0	0	0	0	0	0	0	0	0	0	0	0	0	0	0	0	0	0	0	0	0	0	0	0	0	0	0	0	0	0	0	0	0	0	0	0	0	0	0	0	0	0	0	0	0	0	0	0
0	0	0	0	0.0190684298952	0	0.00142240179759	0.000154608891042	0.000288603263278	0.00163885424504	0.00141209453818	9.27653346252e-05	0.00868901967656	0	0	0.000556592007751	0	0	0	0	0.011616281347	0	0	0	0.0125748564714	1.03072594028e-05	0	0	0.00676156216824	0	0	0	0	0	0.000133994372236	0	0	0	0	0.00168008328266	2.06145188056e-05	1.03072594028e-05	2.06145188056e-05	1.03072594028e-05	0.00243251321906	3.09217782084e-05	0	0.00032983230089	0	0	6.18435564168e-05	0	0	0	0	0.000412290376112	0	3.09217782084e-05	0	0.00361784805038	0	0	0	0.00141209453818	0	0	0	0	0	1.03072594028e-05	5.1536297014e-05	1.03072594028e-05	0.000154608891042	0	0	4.12290376112e-05	1.03072594028e-05	3.09217782084e-05	0	1.03072594028e-05	1.03072594028e-05	7.21508158196e-05	0	0
0	0	0	0	0	0.00463826673126	0.000865809789835	0	0.000371061338501	0	0	0	0	0	0	0.000989496902669	0	0	0	0	0	0	0	0	0	0	0	0	0	0	0	0	0.0022057535122	0	0.00102041868088	0	0	0	0	0	0	0	0	0	0	0	0	0	0	0	0	0	0	0	0	0	0	0	0	0	0	0	0	0	0	0	0	0	0	0	5.1536297014e-05	0	4.12290376112e-05	5.1536297014e-05	0.000103072594028	0.00107195497789	0	0	0	0	0	0	0	0
0.000432904894917	0	0	0	0.00142240179759	0.000865809789835	0.0327667776415	0.00587513785959	0.0193673404179	0.000247374225667	0.0139354147126	0.00356631175337	0.00582360156258	0	0.000453519413723	0.00228821158742	0	0	0.000267988744473	0	0.00190684298952	0	0	0	0.000927653346252	5.1536297014e-05	0.000556592007751	0	0.00209237365877	2.06145188056e-05	0	0	4.12290376112e-05	0	0.00470011028768	0	0	0	0	0	0	0	0	0	0.000247374225667	0	0	0	0	1.03072594028e-05	0	0	0	0	0	0	0	0	0	0	0	0	0	0	4.12290376112e-05	0	0	0	0	3.09217782084e-05	0.00193776476773	0.000113379853431	0.00238097692205	1.03072594028e-05	0.00242220595966	0	0.000175223409848	0.000206145188056	0	3.09217782084e-05	0	0	0	0
0.010286644884	0	3.09217782084e-05	0	0.000154608891042	0	0.00587513785959	0.0895082406539	0.0171306651274	0.000350446819695	0.00888485760521	0.00665848957421	0	0	0.00950329316938	0.0011234912749	0	0.000711200898793	0.00161823972624	0.00401983116709	0	0.00393737309187	0.000113379853431	0.00452488687783	0.00371061338501	0	0.0010925694967	0.000340139560292	0.0406827528628	0.00576175800616	0.0201197703543	0	0.000340139560292	1.03072594028e-05	0.0148321462806	0	0.000175223409848	0.000103072594028	0	0.00188622847071	0	0	2.06145188056e-05	3.09217782084e-05	0.000164916150445	0.00251497129428	3.09217782084e-05	0.000319525041487	0	5.1536297014e-05	0	7.21508158196e-05	0.00025768148507	0	0	0.0025665075913	0.000113379853431	0.000164916150445	0.000463826673126	0.00630804275451	4.12290376112e-05	0.000133994372236	0.00032983230089	0.0040404456859	2.06145188056e-05	0	0	0	0	0.000371061338501	0.00205114462116	1.03072594028e-05	0.0160999391872	0.00223667529041	0.000742122677001	0.00149455261341	1.03072594028e-05	0.000164916150445	0.000103072594028	0.000834888011627	0.000948267865057	0	1.03072594028e-05	0
0.00528762407364	0	0	0	0.000288603263278	0.000371061338501	0.0193673404179	0.0171306651274	0.0436924726085	0	0.0143373978293	0.00415382553933	0.00235005514384	0	0.00766860099568	0.00051536297014	0	1.03072594028e-05	0.000566899267154	0.000267988744473	0.00104103319968	1.03072594028e-05	0.000123687112834	1.03072594028e-05	5.1536297014e-05	7.21508158196e-05	0.00018553066925	1.03072594028e-05	0.00303033426442	0.000113379853431	0.00226759706862	0	0.00032983230089	0	0.00677186942764	0	0	0	0	0	0	0	0	0	0.000247374225667	0	0	0	0	1.03072594028e-05	0	4.12290376112e-05	0	0	0	0	2.06145188056e-05	0.000133994372236	6.18435564168e-05	5.1536297014e-05	0	0	0	3.09217782084e-05	4.12290376112e-05	0	0	0	0	3.09217782084e-05	0.00324678671188	0.000123687112834	0.00506086436677	0.000659664601779	0.00307156330203	0.000639050082973	0.000195837928653	0.000216452447459	5.1536297014e-05	3.09217782084e-05	0	0	0	0
0.000175223409848	0.00101011142147	1.03072594028e-05	0	0.00163885424504	0	0.000247374225667	0.000350446819695	0	0.0284995722487	0.000175223409848	4.12290376112e-05	0.00106164771849	1.03072594028e-05	1.03072594028e-05	0.00313340685845	0	1.03072594028e-05	1.03072594028e-05	3.09217782084e-05	2.06145188056e-05	3.09217782084e-05	0.00747276306703	3.09217782084e-05	0.0188622847071	0.000298910522681	6.18435564168e-05	0.00248404951607	0.0070089363939	0.000494748451334	0.000340139560292	0	1.03072594028e-05	0	0.000319525041487	0	1.03072594028e-05	0	0	0.00127810016595	6.18435564168e-05	1.03072594028e-05	8.24580752224e-05	0	0.009596058504	2.06145188056e-05	7.21508158196e-05	0.000288603263278	0	0	0.000195837928653	0.00286541811398	0	3.09217782084e-05	0	7.21508158196e-05	0	0.00348385367815	0	0.0103691029592	0	5.1536297014e-05	0	0.00113379853431	0	0	0	0	0	0.000195837928653	0.00095857512446	1.03072594028e-05	0.000680279120585	0.000412290376112	0.000123687112834	0.000123687112834	0	0.00115441305311	0.000133994372236	0.000340139560292	0.000494748451334	0.000216452447459	0	0
0.000659664601779	0	0	0	0.00141209453818	0	0.0139354147126	0.00888485760521	0.0143373978293	0.000175223409848	0.0418680876942	0.00687494202167	0.00468980302827	0	0.00202022284295	0.000566899267154	0	0	0.00187592121131	0.000371061338501	0.00393737309187	0	0	0	0.000298910522681	4.12290376112e-05	0.00103072594028	0	0.00505055710737	0	0	0	0.000535977488945	0	0.00787474618374	0	0	0	0	0.000855502530432	2.06145188056e-05	0	0	0	0.00103072594028	0.000453519413723	0	0.00018553066925	0	0	0.000103072594028	0	0	0	0	0.00101011142147	0	0	0	0.0029478761892	0	0	0	0.00156670342923	0	0	0	0	0	0	0.000669971861182	7.21508158196e-05	0.00596790319422	0.00051536297014	0.000525670229543	0.000556592007751	0.000154608891042	0	0	0	0	0.000123687112834	0	0
0.000432904894917	9.27653346252e-05	1.03072594028e-05	0	9.27653346252e-05	0	0.00356631175337	0.00665848957421	0.00415382553933	4.12290376112e-05	0.00687494202167	0.0502891186262	0.00489594821633	0.00465888125006	0.00286541811398	1.03072594028e-05	0	0.00217483173399	0.00837980189447	0.0138220348592	0.00228821158742	0.000164916150445	0	6.18435564168e-05	0.000484441191931	0.00290664715159	0.0131829847762	0.00283449633577	0.00260773662891	0.000731815417599	0.00226759706862	0.000979189643266	0.000845195271029	0	0.0278089858687	0	0	0	0	0	0	0	0	3.09217782084e-05	2.06145188056e-05	0	0.00312309959905	0	0.00526700955483	3.09217782084e-05	0	0	0	0.000195837928653	0	0	0	0	0	8.24580752224e-05	0.00177284861728	0.000319525041487	8.24580752224e-05	0	2.06145188056e-05	0	0.00169039054206	0	0	0.000144301631639	0.00390645131366	0.00440119976499	0.02295426669	0.00120594935013	0	0.000783351714613	0.0010925694967	3.09217782084e-05	0.000381368597904	0.000164916150445	7.21508158196e-05	0	1.03072594028e-05	0
0	0	0	0	0.00868901967656	0	0.00582360156258	0	0.00235005514384	0.00106164771849	0.00468980302827	0.00489594821633	0.0226141271297	0	0.000123687112834	0.00227790432802	0	0	0.00126779290654	9.27653346252e-05	0.0128325379565	0	0	0	0.00683371298405	1.03072594028e-05	0.00141209453818	0	0.00207175913996	0	0	0	1.03072594028e-05	0	0.00487533369752	0	0	0	0	2.06145188056e-05	0	0	0	0	2.06145188056e-05	0.000113379853431	0	0.00032983230089	0	0	0	0	0	0	0	3.09217782084e-05	0	2.06145188056e-05	0	1.03072594028e-05	0	0	0	0	0	0	0	0	0	0	3.09217782084e-05	1.03072594028e-05	0.00242220595966	1.03072594028e-05	1.03072594028e-05	0	3.09217782084e-05	0	0	0	0	0	0	0
0	0.000762737195807	0	0	0	0	0	0	0	1.03072594028e-05	0	0.00465888125006	0	0.0118636555726	0	0	0	0	0	0	0	0	1.03072594028e-05	0	1.03072594028e-05	0.00611220482586	0.00427751265216	0.00108226223729	0	0	0	0.000999804162071	0	0	4.12290376112e-05	0	0	0	0	0	0	0	0	0	0	0	0.00340139560292	0	0.00767890825508	0	0	0	0	1.03072594028e-05	0	0	0	0	0	0	0.0036693843474	0.000628742823571	0.000278296003876	0	0	0	0.00296849070801	0	0	0	0	0.00123687112834	0.000164916150445	0	0	0	0.000371061338501	0	0.000267988744473	0	0	0	0	0
0.00889516486461	0	0	0	0	0	0.000453519413723	0.00950329316938	0.00766860099568	1.03072594028e-05	0.00202022284295	0.00286541811398	0.000123687112834	0	0.0258609138416	0	0	0	0	0	0.000103072594028	0	0	0	0.000597821045362	2.06145188056e-05	0	0	0.000752429936404	0.00485471917872	0.0040404456859	0	0.00102041868088	0	0.00468980302827	0	0	0	0	0	0	0	0	6.18435564168e-05	1.03072594028e-05	0	0	0	0	3.09217782084e-05	0	0	0	0	0	0	0	0	0	6.18435564168e-05	0	0	0	0	0	0	0	0	0	0.000195837928653	0	1.03072594028e-05	0.00240159144085	0	0	0.000608128304765	3.09217782084e-05	7.21508158196e-05	0	0.000206145188056	0.000144301631639	0	0	0
0	0	0	0	0.000556592007751	0.000989496902669	0.00228821158742	0.0011234912749	0.00051536297014	0.00313340685845	0.000566899267154	1.03072594028e-05	0.00227790432802	0	0	0.0116059740875	0	1.03072594028e-05	0	0	0.000525670229543	0.00018553066925	0	0.000360754079098	0.00218513899339	0	0	0	0.00314371411785	1.03072594028e-05	7.21508158196e-05	0	0.000113379853431	0	1.03072594028e-05	0	1.03072594028e-05	0	0	0	0	0	0	3.09217782084e-05	0.00170069780146	0	1.03072594028e-05	0	0	4.12290376112e-05	0	0.000886424308641	0	0	0	0	0.000123687112834	0.000896731568043	9.27653346252e-05	0.00154608891042	0	2.06145188056e-05	0	0.000267988744473	2.06145188056e-05	0	0	0	0	0.000144301631639	0.000278296003876	0	0.000587513785959	0.000453519413723	0.000144301631639	9.27653346252e-05	0	0.000422597635515	2.06145188056e-05	0.00044321215432	0.000690586379987	0	0	0
0	0.000267988744473	6.18435564168e-05	0	0	0	0	0	0	0	0	0	0	0	0	0	0.0218823117121	0	0	0	0	0.000999804162071	0.0146672301302	0.00558653459632	0.00449396509962	0	0	0.0066481823148	0.00309217782084	0	0	0	0	0	0	0	0.000278296003876	0	0	0	0	0	0	0	0	0	0	0	0	0	0	0.00337047382471	0	0	0	0	0	0.00504024984797	0.000505055710737	0.000226759706862	0	0	0.00238097692205	0	0	0	0	0	0	0	3.09217782084e-05	0	0	0	0	0	0	0	0	0	0	0	0	0
1.03072594028e-05	1.03072594028e-05	0.00381368597904	0	0	0	0	0.000711200898793	1.03072594028e-05	1.03072594028e-05	0	0.00217483173399	0	0	0	1.03072594028e-05	0	0.0267473381503	0.000237066966264	0.00731815417599	0	0.0018346921737	0	0.0134509735207	0	0	0.00361784805038	0.00270050196353	0.000546284748348	4.12290376112e-05	0.0021954462528	0	2.06145188056e-05	0	0.00752429936404	0	0.00686463476226	6.18435564168e-05	0	0	0	0	2.06145188056e-05	0	1.03072594028e-05	0	0	0	0	1.03072594028e-05	0	3.09217782084e-05	0.000659664601779	0	0.00169039054206	0	0.00025768148507	0	0.000340139560292	2.06145188056e-05	1.03072594028e-05	0.00191715024892	0.00281388181696	0.000144301631639	1.03072594028e-05	1.03072594028e-05	0	0	0	0.000649357342376	0.000154608891042	4.12290376112e-05	0.00139148001938	0.000164916150445	4.12290376112e-05	2.06145188056e-05	0	0.00310248508024	0.00361784805038	0.000608128304765	0.000401983116709	0	0	0
0.000175223409848	0	0	0	0	0	0.000267988744473	0.00161823972624	0.000566899267154	1.03072594028e-05	0.00187592121131	0.00837980189447	0.00126779290654	0	0	0	0	0.000237066966264	0.00923530442491	0.00540100392707	0.000659664601779	0	0	0	0.000103072594028	0	0.00151516713221	2.06145188056e-05	0.000288603263278	0.000216452447459	0.000731815417599	0	0	0	0.00734907595419	0	0	0	0	0	0	0	0	0	0	0	0	0	0	0	0	0	0	0	0	0	0	0	0	3.09217782084e-05	0	0	0	0	0	0	0	0	0	0	0	0	0.00412290376112	0	0	0	0	0	0	1.03072594028e-05	0	0	0	0
0.00025768148507	0	3.09217782084e-05	0	0	0	0	0.00401983116709	0.000267988744473	3.09217782084e-05	0.000371061338501	0.0138220348592	9.27653346252e-05	0	0	0	0	0.00731815417599	0.00540100392707	0.0292623094445	0.000164916150445	0.000494748451334	0	0.000525670229543	0.000216452447459	0	0.0100495779177	0.00209237365877	0.00174192683907	0.000412290376112	0.00371061338501	0	0	0	0.0151413640627	0	0.0037003061256	0	0	0	0	0	0	0	2.06145188056e-05	0	0	0	0	0	0	0	0	0	0	0	0	0	0	4.12290376112e-05	0.00270050196353	0.00444242880261	0.00319525041487	0	0	0	0	0	0	5.1536297014e-05	0.00288603263278	0.000535977488945	0.0120594935013	0.000948267865057	0	2.06145188056e-05	0	6.18435564168e-05	9.27653346252e-05	5.1536297014e-05	1.03072594028e-05	0	0	0
0	0	0	0	0.011616281347	0	0.00190684298952	0	0.00104103319968	2.06145188056e-05	0.00393737309187	0.00228821158742	0.0128325379565	0	0.000103072594028	0.000525670229543	0	0	0.000659664601779	0.000164916150445	0.019037508117	0	0	0	0.00798812603717	1.03072594028e-05	0.000639050082973	0	0.00277265277935	0	0	0	1.03072594028e-05	0	0.00229851884682	0	0	0	0	1.03072594028e-05	0	0	0	0	1.03072594028e-05	1.03072594028e-05	0	0	0	0	0	0	0	0	0	1.03072594028e-05	0	0	0	1.03072594028e-05	0	0	0	1.03072594028e-05	0	0	0	0	0	0	0.000154608891042	1.03072594028e-05	0.00264896566652	0.000144301631639	1.03072594028e-05	0	2.06145188056e-05	0	0	0	0	0	0	0
0	0	0.00198930106474	0	0	0	0	0.00393737309187	1.03072594028e-05	3.09217782084e-05	0	0.000164916150445	0	0	0	0.00018553066925	0.000999804162071	0.0018346921737	0	0.000494748451334	0	0.0426617466682	0.000267988744473	0.02571661221	0.000783351714613	0	0.000133994372236	0.00188622847071	0.0176769498758	0.000401983116709	0.011822426535	0	1.03072594028e-05	0.000216452447459	0.00493717725394	0	2.06145188056e-05	0.000144301631639	0	0	0	0	0	0	3.09217782084e-05	0	2.06145188056e-05	0	0	0	0	0.000278296003876	0.000103072594028	1.03072594028e-05	0	0	0.000226759706862	0.000360754079098	0.000752429936404	0.000278296003876	0	1.03072594028e-05	9.27653346252e-05	4.12290376112e-05	0	0	0	0	0	0	0.00238097692205	3.09217782084e-05	0.00265927292592	0.00242220595966	0.000216452447459	2.06145188056e-05	0	0.000742122677001	9.27653346252e-05	0.00025768148507	0.000474133932529	0	0	0
0	0.00197899380534	0.000267988744473	0	0	0	0	0.000113379853431	0.000123687112834	0.00747276306703	0	0	0	1.03072594028e-05	0	0	0.0146672301302	0	0	0	0	0.000267988744473	0.0445479751389	0.0126882363248	0.012667621806	0.000298910522681	3.09217782084e-05	0.0146569228708	0.00431874168977	0	0	0	3.09217782084e-05	0	3.09217782084e-05	0	0.00315402137726	0	0	0	0	0	0	0	0	0	0	0	0	0	0	0.0131314484792	0	0	0	0	4.12290376112e-05	0.0164813077851	0.00255620033189	0.00205114462116	0	1.03072594028e-05	0.00610189756646	4.12290376112e-05	0	0	0	0	0	0	0.00104103319968	0.000154608891042	0.000381368597904	0.000381368597904	2.06145188056e-05	0.000123687112834	0	2.06145188056e-05	1.03072594028e-05	0	0	0	0	0
0	0	0.0136880404869	0	0	0	0	0.00452488687783	1.03072594028e-05	3.09217782084e-05	0	6.18435564168e-05	0	0	0	0.000360754079098	0.00558653459632	0.0134509735207	0	0.000525670229543	0	0.02571661221	0.0126882363248	0.0927756418846	0.000154608891042	0	0.00344262464053	0.00990527628609	0.0126985435842	0.000226759706862	0.00408167472351	0	1.03072594028e-05	8.24580752224e-05	0.00430843443037	0	0.00510209340438	0.000422597635515	0	0	0	0	2.06145188056e-05	0	3.09217782084e-05	0	4.12290376112e-05	0	0	1.03072594028e-05	0	0.0127397726219	0.00095857512446	3.09217782084e-05	0.00116472031252	0	0.00171100506086	0.013358208186	0.00694709283749	0.000721508158196	1.03072594028e-05	0.0010925694967	0.00609159030705	0.00025768148507	1.03072594028e-05	1.03072594028e-05	0	0	0	0.000267988744473	0.00525670229543	0.000113379853431	0.00612251208526	0.00763767921747	0.000391675857306	8.24580752224e-05	0	0.00316432863666	0.00318494315546	0.0018553066925	0.00320555767427	0	0	0
0.0025871221101	0.00142240179759	2.06145188056e-05	0	0.0125748564714	0	0.000927653346252	0.00371061338501	5.1536297014e-05	0.0188622847071	0.000298910522681	0.000484441191931	0.00683371298405	1.03072594028e-05	0.000597821045362	0.00218513899339	0.00449396509962	0	0.000103072594028	0.000216452447459	0.00798812603717	0.000783351714613	0.012667621806	0.000154608891042	0.0577721889527	0.000298910522681	0.000123687112834	0.00526700955483	0.0274276172708	0.00644203712675	0.00356631175337	0	0	5.1536297014e-05	0.00198930106474	0	0	0	0	0.00141209453818	7.21508158196e-05	1.03072594028e-05	0.000144301631639	1.03072594028e-05	0.00598851771303	1.03072594028e-05	1.03072594028e-05	0.000247374225667	0	1.03072594028e-05	0.000237066966264	0.00113379853431	0	0	1.03072594028e-05	0.000133994372236	1.03072594028e-05	0.00159762520743	0.000103072594028	0.00827672930045	0	3.09217782084e-05	1.03072594028e-05	0.00175223409848	1.03072594028e-05	0	0	0	0	7.21508158196e-05	0.000463826673126	0	0.00356631175337	0.00188622847071	0.000133994372236	0.000226759706862	0	8.24580752224e-05	2.06145188056e-05	8.24580752224e-05	5.1536297014e-05	0.000247374225667	0	0
0	0.000896731568043	0	0	1.03072594028e-05	0	5.1536297014e-05	0	7.21508158196e-05	0.000298910522681	4.12290376112e-05	0.00290664715159	1.03072594028e-05	0.00611220482586	2.06145188056e-05	0	0	0	0	0	1.03072594028e-05	0	0.000298910522681	0	0.000298910522681	0.00969913109803	0.00215421721518	0.00156670342923	1.03072594028e-05	0	0	0.000247374225667	0	0	7.21508158196e-05	0	1.03072594028e-05	0	0	0	0	0	0	0	1.03072594028e-05	0	0.00166977602325	0	0.00593698141601	0	0	0	0	0	0	0	0	1.03072594028e-05	0	0	0.00397860212948	0.000391675857306	0.00018553066925	0	0	0	0.00154608891042	0	0	0	1.03072594028e-05	0.00127810016595	0.00025768148507	0	0	0	0.000855502530432	0	0	0	0	0	0	1.03072594028e-05
1.03072594028e-05	0.00578237252497	0.00851379626671	0	0	0	0.000556592007751	0.0010925694967	0.00018553066925	6.18435564168e-05	0.00103072594028	0.0131829847762	0.00141209453818	0.00427751265216	0	0	0	0.00361784805038	0.00151516713221	0.0100495779177	0.000639050082973	0.000133994372236	3.09217782084e-05	0.00344262464053	0.000123687112834	0.00215421721518	0.0671517950092	0.0168832909018	0.000752429936404	0.000123687112834	0.000587513785959	0.00438058524619	0	0	0.00462795947186	0	0.010441253775	0	0	0	0	0	0	1.03072594028e-05	0	0	0.00336016656531	0	0.00520516599841	0	0	4.12290376112e-05	0	0.000680279120585	0.000505055710737	0	0	4.12290376112e-05	0	4.12290376112e-05	0.0124408620992	0.0175223409848	0.0124923983962	0	0	0	0.00417444005813	0	0	5.1536297014e-05	0.00659664601779	0.00359723353158	0.00843133819149	0.00123687112834	0	0	1.03072594028e-05	7.21508158196e-05	0.000226759706862	5.1536297014e-05	3.09217782084e-05	0	1.03072594028e-05	0
1.03072594028e-05	0.00859625434193	0.0194910275307	0	0	0	0	0.000340139560292	1.03072594028e-05	0.00248404951607	0	0.00283449633577	0	0.00108226223729	0	0	0.0066481823148	0.00270050196353	2.06145188056e-05	0.00209237365877	0	0.00188622847071	0.0146569228708	0.00990527628609	0.00526700955483	0.00156670342923	0.0168832909018	0.0795101990332	0.000494748451334	0	0.000432904894917	0.000195837928653	0	0	0.00124717838774	0	0.0259846009545	0.000824580752224	0	0	0	0	0.000144301631639	0	1.03072594028e-05	0	0.000783351714613	0	0.000154608891042	3.09217782084e-05	0	0.000639050082973	0.00102041868088	0.000865809789835	0.00170069780146	0	0.000845195271029	0.00290664715159	0.00137086550057	7.21508158196e-05	0.00248404951607	0.00606066852884	0.0205011389522	0.000319525041487	3.09217782084e-05	4.12290376112e-05	9.27653346252e-05	0	0	0.000288603263278	0.00280357455756	0.000742122677001	0.00254589307249	0.000587513785959	2.06145188056e-05	0	0	0.00431874168977	0.00319525041487	0.00025768148507	0.000226759706862	0	0	0
0.00297879796741	0	2.06145188056e-05	0	0.00676156216824	0	0.00209237365877	0.0406827528628	0.00303033426442	0.0070089363939	0.00505055710737	0.00260773662891	0.00207175913996	0	0.000752429936404	0.00314371411785	0.00309217782084	0.000546284748348	0.000288603263278	0.00174192683907	0.00277265277935	0.0176769498758	0.00431874168977	0.0126985435842	0.0274276172708	1.03072594028e-05	0.000752429936404	0.000494748451334	0.118997309805	0.00705016543151	0.0168523691236	0	0.000381368597904	7.21508158196e-05	0.0117915047568	0	9.27653346252e-05	0.00018553066925	0	0.00430843443037	7.21508158196e-05	0.000123687112834	7.21508158196e-05	7.21508158196e-05	0.00565868541214	0.00313340685845	2.06145188056e-05	0.00117502757192	0	0.000216452447459	0.000237066966264	0.00255620033189	0.000206145188056	1.03072594028e-05	2.06145188056e-05	0.00429812717097	0.000401983116709	0.00342201012173	0.00304064152383	0.0208515857719	2.06145188056e-05	0.000103072594028	0.000845195271029	0.0102454158464	0.000226759706862	0	0	3.09217782084e-05	0	0.000453519413723	0.00676156216824	6.18435564168e-05	0.0203877590987	0.00866840515775	0.000876117049238	0.00159762520743	1.03072594028e-05	0.000556592007751	4.12290376112e-05	0.00204083736175	0.00226759706862	0.00025768148507	7.21508158196e-05	0
0.00870963419536	0	0	0	0	0	2.06145188056e-05	0.00576175800616	0.000113379853431	0.000494748451334	0	0.000731815417599	0	0	0.00485471917872	1.03072594028e-05	0	4.12290376112e-05	0.000216452447459	0.000412290376112	0	0.000401983116709	0	0.000226759706862	0.00644203712675	0	0.000123687112834	0	0.00705016543151	0.0235108586978	0.00835918737567	0	0.000505055710737	0.000824580752224	0.00428781991156	0	0	0	0	0	0	0	0	0.000144301631639	0.00044321215432	0	5.1536297014e-05	0	0	0.00018553066925	0	0	0	1.03072594028e-05	0	0	0	0	0	0.000669971861182	0	5.1536297014e-05	0	0	9.27653346252e-05	0	0	0	0	0.000999804162071	0.000133994372236	0	0.00289633989219	0.000247374225667	0	3.09217782084e-05	0	0.000309217782084	0	0.0011131840155	0.000649357342376	0	0	0
0.00766860099568	0	3.09217782084e-05	0	0	0	0	0.0201197703543	0.00226759706862	0.000340139560292	0	0.00226759706862	0	0	0.0040404456859	7.21508158196e-05	0	0.0021954462528	0.000731815417599	0.00371061338501	0	0.011822426535	0	0.00408167472351	0.00356631175337	0	0.000587513785959	0.000432904894917	0.0168523691236	0.00835918737567	0.0559581112978	0	0	0.000237066966264	0.0155742689576	0	0.000340139560292	3.09217782084e-05	0	0	0	0	0	0	0.000340139560292	0	0	0	0	0	0	0	0.000103072594028	0	2.06145188056e-05	0	2.06145188056e-05	0	0.00018553066925	0.000298910522681	4.12290376112e-05	0.000278296003876	0.000391675857306	0	0	0	0	0	0	4.12290376112e-05	0.000133994372236	1.03072594028e-05	0.0095651367258	0.000783351714613	0.000226759706862	2.06145188056e-05	0	0.000175223409848	0.000350446819695	0.000133994372236	0.000319525041487	0	0	0
0	0.000546284748348	0	0	0	0	0	0	0	0	0	0.000979189643266	0	0.000999804162071	0	0	0	0	0	0	0	0	0	0	0	0.000247374225667	0.00438058524619	0.000195837928653	0	0	0	0.00464857399066	0	0	0	0	0	0	0	0	0	0	0	0	0	0	0.000535977488945	0	0.00127810016595	0	0	0	0	0	0	0	0	0	0	0	0.00172131232027	0.00230882610623	0.00070089363939	0	0	0	0.00114410579371	0	0	0	4.12290376112e-05	0.000371061338501	8.24580752224e-05	0	0	0	0	0	0.000195837928653	0	0	0	0	0
0	0	0	0	0	0.0022057535122	4.12290376112e-05	0.000340139560292	0.00032983230089	1.03072594028e-05	0.000535977488945	0.000845195271029	1.03072594028e-05	0	0.00102041868088	0.000113379853431	0	2.06145188056e-05	0	0	1.03072594028e-05	1.03072594028e-05	3.09217782084e-05	1.03072594028e-05	0	0	0	0	0.000381368597904	0.000505055710737	0	0	0.00722538884136	0	0.00225728980921	0	2.06145188056e-05	0	0	0	0	0	0	0	0	0	0	0	0	0	0	1.03072594028e-05	0	0	0	0	0	5.1536297014e-05	0	1.03072594028e-05	0	0	0	0	0	0	0	0	0	0	0.00173161957967	0	0.00154608891042	0.000752429936404	0.00212329543698	0.00324678671188	0	7.21508158196e-05	5.1536297014e-05	0	0	0	0	0
0	0	0	0	0	0	0	1.03072594028e-05	0	0	0	0	0	0	0	0	0	0	0	0	0	0.000216452447459	0	8.24580752224e-05	5.1536297014e-05	0	0	0	7.21508158196e-05	0.000824580752224	0.000237066966264	0	0	0.00128840742535	0.000422597635515	0	0	0	0	0	0	0	0	0	0	0	0	0	0	0	0	0	0	0	0	0	0	0	0	0	0	0	0	0	0	0	0	0	0	0	0	0	0.000195837928653	0	0	0	0	0	0	0	0	0	0	0
0.00276234551995	0	6.18435564168e-05	0	0.000133994372236	0.00102041868088	0.00470011028768	0.0148321462806	0.00677186942764	0.000319525041487	0.00787474618374	0.0278089858687	0.00487533369752	4.12290376112e-05	0.00468980302827	1.03072594028e-05	0	0.00752429936404	0.00734907595419	0.0151413640627	0.00229851884682	0.00493717725394	3.09217782084e-05	0.00430843443037	0.00198930106474	7.21508158196e-05	0.00462795947186	0.00124717838774	0.0117915047568	0.00428781991156	0.0155742689576	0	0.00225728980921	0.000422597635515	0.0701615147548	0	0.000886424308641	0	0	0	0	0	0	4.12290376112e-05	0.000309217782084	0	0	0	0	5.1536297014e-05	0	1.03072594028e-05	2.06145188056e-05	0	0.000175223409848	0	2.06145188056e-05	4.12290376112e-05	2.06145188056e-05	0.000350446819695	0.000216452447459	0.000917346086849	0.000803966233418	1.03072594028e-05	4.12290376112e-05	0	0	0	0	0.00018553066925	0.0014636308352	0.00018553066925	0.0410125851637	0.00187592121131	2.06145188056e-05	0.00169039054206	0.000247374225667	0.000319525041487	0.000505055710737	0.000226759706862	0.000144301631639	0	1.03072594028e-05	0
0	0	0	0	0	0	0	0	0	0	0	0	0	0	0	0	0	0	0	0	0	0	0	0	0	0	0	0	0	0	0	0	0	0	0	0.0109153877076	0	0.00267988744473	0	0	0	0	0.00339108834352	0.000814273492821	0	0	1.03072594028e-05	0	0	0.00586483060019	0	0.000206145188056	0.00196868654593	0	0	0	0.000494748451334	0	0.00264896566652	0.00077304445521	0	1.03072594028e-05	7.21508158196e-05	0.000546284748348	0.00500932806976	0.00262835114771	0	0	5.1536297014e-05	5.1536297014e-05	0	0	0	0	0	0	0	1.03072594028e-05	0	7.21508158196e-05	1.03072594028e-05	0	0	0
0	0.00715323802554	0.00875086323297	0	0	0	0	0.000175223409848	0	1.03072594028e-05	0	0	0	0	0	1.03072594028e-05	0.000278296003876	0.00686463476226	0	0.0037003061256	0	2.06145188056e-05	0.00315402137726	0.00510209340438	0	1.03072594028e-05	0.010441253775	0.0259846009545	9.27653346252e-05	0	0.000340139560292	0	2.06145188056e-05	0	0.000886424308641	0	0.0657912367681	0.000907038827446	0	0	0	0	0.000164916150445	0	0.00199960832414	0	0.000350446819695	0	0.000164916150445	5.1536297014e-05	0	0.00177284861728	0.00233974788444	0.000340139560292	0.00375184242262	0	0.000340139560292	0.00984343272967	0.000649357342376	0.0040713674641	0.0110184603016	0.0168214473454	0.0498562137313	0.00025768148507	5.1536297014e-05	6.18435564168e-05	0	0	1.03072594028e-05	0.000948267865057	0.000597821045362	3.09217782084e-05	0.000587513785959	0.00018553066925	4.12290376112e-05	4.12290376112e-05	0	0.00676156216824	0.00345293189994	0.000824580752224	0.000546284748348	0	0	0
0	1.03072594028e-05	0.000556592007751	0	0	0	0	0.000103072594028	0	0	0	0	0	0	0	0	0	6.18435564168e-05	0	0	0	0.000144301631639	0	0.000422597635515	0	0	0	0.000824580752224	0.00018553066925	0	3.09217782084e-05	0	0	0	0	0.00267988744473	0.000907038827446	0.049413001577	0	0	0	0	0.00298910522681	0.00137086550057	0	0	0.000154608891042	0	0	0.00485471917872	0	0	0.0115750523093	0	0.000123687112834	0	0.00899823745864	3.09217782084e-05	0.036260938579	1.03072594028e-05	0	0.0066481823148	0.0157907214051	0.00044321215432	0.00416413279873	0.00568960719034	0	0	0.000164916150445	0.000948267865057	0	0	0.000319525041487	0.000371061338501	0	0	0	0	0	0.000803966233418	0.000484441191931	0	0	0
0	0	0	0	0	0	0	0	0	0	0	0	0	0	0	0	0	0	0	0	0	0	0	0	0	0	0	0	0	0	0	0	0	0	0	0	0	0	0	0	0	0	0	0	0	0	0	0	0	0	0	0	0	0	0	0	0	0	0	0	0	0	0	0	0	0	0	0	0	0	0	0	0	0	0	0	0	0	0	0	0	0	0	0
0	0	0	0	0.00168008328266	0	0	0.00188622847071	0	0.00127810016595	0.000855502530432	0	2.06145188056e-05	0	0	0	0	0	0	0	1.03072594028e-05	0	0	0	0.00141209453818	0	0	0	0.00430843443037	0	0	0	0	0	0	0	0	0	0	0.0153372019914	0.000680279120585	0.000103072594028	1.03072594028e-05	5.1536297014e-05	0.00354569723456	0.00242220595966	0.000371061338501	0.00224698254981	0	5.1536297014e-05	0.000886424308641	0	0	0.000360754079098	9.27653346252e-05	0.00878178501118	0	0	0	0.00907038827446	0	0.000247374225667	0	0.00489594821633	0.000298910522681	0	0	2.06145188056e-05	0	0.000968882383863	0	0	0	0	0	0	0	0.000948267865057	0	0.00118533483132	0.000360754079098	0.0018553066925	2.06145188056e-05	0
0	0	0	0	2.06145188056e-05	0	0	0	0	6.18435564168e-05	2.06145188056e-05	0	0	0	0	0	0	0	0	0	0	0	0	0	7.21508158196e-05	0	0	0	7.21508158196e-05	0	0	0	0	0	0	0	0	0	0	0.000680279120585	0.00415382553933	0.000216452447459	0	0.00129871468475	0.00155639616982	0	0	7.21508158196e-05	0	0	0.00263865840712	0	0	0	0	2.06145188056e-05	0	0	0	0.00156670342923	0	0	0	0	0	0	0	0.000927653346252	0	0	0	0	0	0	0	0	0	0.0018243849143	0	2.06145188056e-05	0	0.0033086302683	0.000566899267154	0
0	0	0	0	1.03072594028e-05	0	0	0	0	1.03072594028e-05	0	0	0	0	0	0	0	0	0	0	0	0	0	0	1.03072594028e-05	0	0	0	0.000123687112834	0	0	0	0	0	0	0	0	0	0	0.000103072594028	0.000216452447459	0.0240777579649	0.00127810016595	0.00818396396582	0	0.0117811974974	0.0014636308352	0.00630804275451	0	0.00538038940826	0.00202022284295	1.03072594028e-05	0	0.000453519413723	9.27653346252e-05	0.00233974788444	0	1.03072594028e-05	0	0.00204083736175	0	0.000927653346252	0	0.00379307146023	0.0080911986312	0	1.03072594028e-05	0.000288603263278	0.000917346086849	0.0047722611035	0.000133994372236	0	0	0	0	0	0	0.00180377039549	1.03072594028e-05	0.00319525041487	0	0.00128840742535	2.06145188056e-05	0
0	0	0.000144301631639	0	2.06145188056e-05	0	0	2.06145188056e-05	0	8.24580752224e-05	0	0	0	0	0	0	0	2.06145188056e-05	0	0	0	0	0	2.06145188056e-05	0.000144301631639	0	0	0.000144301631639	7.21508158196e-05	0	0	0	0	0	0	0.00339108834352	0.000164916150445	0.00298910522681	0	1.03072594028e-05	0	0.00127810016595	0.0359001844999	0.00565868541214	9.27653346252e-05	0.00247374225667	6.18435564168e-05	0.000237066966264	0	0.00615343386347	0.00044321215432	0.000103072594028	0.00130902194416	0	4.12290376112e-05	0	0.00246343499727	0	0.00342201012173	0.00678217668704	0	3.09217782084e-05	9.27653346252e-05	0.0170585143116	0.0022057535122	0.00428781991156	0	0	0.000340139560292	0.00123687112834	0	0	0	0	0	0	0	0.000144301631639	0	0.000360754079098	0	1.03072594028e-05	0	0
8.24580752224e-05	0	0	0	1.03072594028e-05	0	0	3.09217782084e-05	0	0	0	3.09217782084e-05	0	0	6.18435564168e-05	3.09217782084e-05	0	0	0	0	0	0	0	0	1.03072594028e-05	0	1.03072594028e-05	0	7.21508158196e-05	0.000144301631639	0	0	0	0	4.12290376112e-05	0.000814273492821	0	0.00137086550057	0	5.1536297014e-05	0.00129871468475	0.00818396396582	0.00565868541214	0.0365804636205	0	0.00793658974015	0.000566899267154	0.00044321215432	0.000412290376112	0.0162339335594	0.00108226223729	0.000103072594028	0.00077304445521	1.03072594028e-05	7.21508158196e-05	0.000216452447459	1.03072594028e-05	0	0.00137086550057	0.00202022284295	0	1.03072594028e-05	5.1536297014e-05	0.00674094764943	0.00835918737567	0.000587513785959	0	0.00434966346798	0.00120594935013	0.00501963532916	6.18435564168e-05	0	5.1536297014e-05	1.03072594028e-05	0	0	0	0.00460734495305	2.06145188056e-05	0.00581329430318	0.00149455261341	0.00177284861728	0.00193776476773	2.06145188056e-05
0.000144301631639	0	0	0	0.00243251321906	0	0.000247374225667	0.000164916150445	0.000247374225667	0.009596058504	0.00103072594028	2.06145188056e-05	2.06145188056e-05	0	1.03072594028e-05	0.00170069780146	0	1.03072594028e-05	0	2.06145188056e-05	1.03072594028e-05	3.09217782084e-05	0	3.09217782084e-05	0.00598851771303	1.03072594028e-05	0	1.03072594028e-05	0.00565868541214	0.00044321215432	0.000340139560292	0	0	0	0.000309217782084	0	0.00199960832414	0	0	0.00354569723456	0.00155639616982	0	9.27653346252e-05	0	0.024922953236	0.000412290376112	2.06145188056e-05	0.00095857512446	2.06145188056e-05	1.03072594028e-05	0.00340139560292	0.00104103319968	0	0	0	0.00136055824117	0	0.00568960719034	0	0.0171718941651	0.000639050082973	3.09217782084e-05	0.001484245354	0.00128840742535	4.12290376112e-05	0	0	0	0	6.18435564168e-05	0.000587513785959	9.27653346252e-05	0.000525670229543	0.000298910522681	0.000103072594028	8.24580752224e-05	0	0.00310248508024	2.06145188056e-05	0.000237066966264	0.000484441191931	0.00414351827992	0	0
0	0	0	0	3.09217782084e-05	0	0	0.00251497129428	0	2.06145188056e-05	0.000453519413723	0	0.000113379853431	0	0	0	0	0	0	0	1.03072594028e-05	0	0	0	1.03072594028e-05	0	0	0	0.00313340685845	0	0	0	0	0	0	0	0	0	0	0.00242220595966	0	0.0117811974974	0.00247374225667	0.00793658974015	0.000412290376112	0.0393015801029	0.00581329430318	0.0047928756223	1.03072594028e-05	0.00868901967656	0.000505055710737	2.06145188056e-05	0	0.00348385367815	0.000649357342376	0.00784382440553	0	2.06145188056e-05	0	0.00439089250559	0	0.00248404951607	0	0.00962698028221	0.0099361980643	0	5.1536297014e-05	8.24580752224e-05	0	0.0108432368917	0.000154608891042	0	0	0	0	0	0	0.00393737309187	6.18435564168e-05	0.0112555272679	0.00273142374174	0.000247374225667	0.0011234912749	0
3.09217782084e-05	0	0.000278296003876	0	0	0	0	3.09217782084e-05	0	7.21508158196e-05	0	0.00312309959905	0	0.00340139560292	0	1.03072594028e-05	0	0	0	0	0	2.06145188056e-05	0	4.12290376112e-05	1.03072594028e-05	0.00166977602325	0.00336016656531	0.000783351714613	2.06145188056e-05	5.1536297014e-05	0	0.000535977488945	0	0	0	1.03072594028e-05	0.000350446819695	0.000154608891042	0	0.000371061338501	0	0.0014636308352	6.18435564168e-05	0.000566899267154	2.06145188056e-05	0.00581329430318	0.0371164411095	0.00106164771849	0.0123274822457	0.00276234551995	0	4.12290376112e-05	0	0.00741091951061	0.00214390995578	0.00123687112834	0	0	0.000154608891042	0.00133994372236	0.00170069780146	0.00864779063895	0.000123687112834	0.00210268091817	0.00889516486461	0	0.00340139560292	0.000474133932529	0	0.0155948834764	4.12290376112e-05	0.00158731794803	0	0	0	0	5.1536297014e-05	0.00208206639937	0.00534946763005	0.0108432368917	6.18435564168e-05	0	0	0.00115441305311
0	0	0	0	0.00032983230089	0	0	0.000319525041487	0	0.000288603263278	0.00018553066925	0	0.00032983230089	0	0	0	0	0	0	0	0	0	0	0	0.000247374225667	0	0	0	0.00117502757192	0	0	0	0	0	0	0	0	0	0	0.00224698254981	7.21508158196e-05	0.00630804275451	0.000237066966264	0.00044321215432	0.00095857512446	0.0047928756223	0.00106164771849	0.0149867551717	0	0.00180377039549	0.0018553066925	0	0	0.000298910522681	2.06145188056e-05	0.00630804275451	0	0	0	0.00298910522681	0	0.000742122677001	0	0.00135025098177	0.00395798761067	0	0	4.12290376112e-05	0	0.00250466403488	0.000113379853431	0	0	0	0	0	0	0.00141209453818	0	0.00229851884682	9.27653346252e-05	0.00217483173399	0	0
0	0.00104103319968	0	0	0	0	0	0	0	0	0	0.00526700955483	0	0.00767890825508	0	0	0	0	0	0	0	0	0	0	0	0.00593698141601	0.00520516599841	0.000154608891042	0	0	0	0.00127810016595	0	0	0	0	0.000164916150445	0	0	0	0	0	0	0.000412290376112	2.06145188056e-05	1.03072594028e-05	0.0123274822457	0	0.0236654675888	0.00131932920356	0	0	0	0	0	1.03072594028e-05	0	4.12290376112e-05	0	1.03072594028e-05	0.00894670116163	0.00168008328266	0.00303033426442	0	0.00179346313609	0	0.0055349982993	0.000401983116709	0	0.00288603263278	0	0.00251497129428	1.03072594028e-05	0	0	0	0.000381368597904	0	0.00240159144085	0.00125748564714	0	0	0	0.000948267865057
7.21508158196e-05	0	1.03072594028e-05	0	0	0	1.03072594028e-05	5.1536297014e-05	1.03072594028e-05	0	0	3.09217782084e-05	0	0	3.09217782084e-05	4.12290376112e-05	0	1.03072594028e-05	0	0	0	0	0	1.03072594028e-05	1.03072594028e-05	0	0	3.09217782084e-05	0.000216452447459	0.00018553066925	0	0	0	0	5.1536297014e-05	0.00586483060019	5.1536297014e-05	0.00485471917872	0	5.1536297014e-05	0	0.00538038940826	0.00615343386347	0.0162339335594	1.03072594028e-05	0.00868901967656	0.00276234551995	0.00180377039549	0.00131932920356	0.0429812717097	0.000247374225667	0.000340139560292	0.00351477545635	2.06145188056e-05	3.09217782084e-05	0.000546284748348	0.00025768148507	0	0.0047722611035	0.00322617219308	0	0.000907038827446	0.000133994372236	0.00707077995032	0.0255826178377	0.00585452334079	1.03072594028e-05	0.00122656386893	0.00244282047846	0.00855502530432	0.000154608891042	0	8.24580752224e-05	1.03072594028e-05	0	0	0	0.00207175913996	3.09217782084e-05	0.00484441191931	0.000999804162071	1.03072594028e-05	0	1.03072594028e-05
0	0	0	0	6.18435564168e-05	0	0	0	0	0.000195837928653	0.000103072594028	0	0	0	0	0	0	0	0	0	0	0	0	0	0.000237066966264	0	0	0	0.000237066966264	0	0	0	0	0	0	0	0	0	0	0.000886424308641	0.00263865840712	0.00202022284295	0.00044321215432	0.00108226223729	0.00340139560292	0.000505055710737	0	0.0018553066925	0	0.000247374225667	0.00776136633031	0	0	0	0	0.000309217782084	0	0	0	0.00244282047846	0	0	0	0.000814273492821	0.000463826673126	0	0	0.000494748451334	0	0	0	0	0	0	0	0	0	0.00242220595966	0	0	0	0.00567929993094	8.24580752224e-05	0
0	0	7.21508158196e-05	0	0	0	0	7.21508158196e-05	4.12290376112e-05	0.00286541811398	0	0	0	0	0	0.000886424308641	0.00337047382471	3.09217782084e-05	0	0	0	0.000278296003876	0.0131314484792	0.0127397726219	0.00113379853431	0	4.12290376112e-05	0.000639050082973	0.00255620033189	0	0	0	1.03072594028e-05	0	1.03072594028e-05	0.000206145188056	0.00177284861728	0	0	0	0	1.03072594028e-05	0.000103072594028	0.000103072594028	0.00104103319968	2.06145188056e-05	4.12290376112e-05	0	0	0.000340139560292	0	0.0384666920912	0	4.12290376112e-05	3.09217782084e-05	0	0.00245312773787	0.025129098424	0.00639050082973	0.0134303590018	0	7.21508158196e-05	0.00609159030705	0.00226759706862	0.000278296003876	0.000288603263278	0	0	2.06145188056e-05	3.09217782084e-05	0.000989496902669	9.27653346252e-05	0.00032983230089	0.000319525041487	1.03072594028e-05	7.21508158196e-05	0	0.00279326729816	0.000298910522681	0.000587513785959	0.000865809789835	0	0	0
0	7.21508158196e-05	0.000824580752224	0	0	0	0	0.00025768148507	0	0	0	0	0	0	0	0	0	0.000659664601779	0	0	0	0.000103072594028	0	0.00095857512446	0	0	0	0.00102041868088	0.000206145188056	0	0.000103072594028	0	0	0	2.06145188056e-05	0.00196868654593	0.00233974788444	0.0115750523093	0	0	0	0	0.00130902194416	0.00077304445521	0	0	0	0	0	0.00351477545635	0	0	0.032344180006	0	0.00217483173399	0	0.0029375689298	1.03072594028e-05	0.0137395767839	0	0	0.00610189756646	0.0084828744885	0.000309217782084	0.0029375689298	0.00233974788444	0	0	0.000175223409848	0.00340139560292	0	0	0.000391675857306	0.000505055710737	0.000154608891042	0	0	0.00018553066925	0	0.00105134045909	0.000803966233418	0	0	0
1.03072594028e-05	0	0.000267988744473	0	0	0	0	0	0	3.09217782084e-05	0	0.000195837928653	0	1.03072594028e-05	0	0	0	0	0	0	0	1.03072594028e-05	0	3.09217782084e-05	0	0	0.000680279120585	0.000865809789835	1.03072594028e-05	1.03072594028e-05	0	0	0	0	0	0	0.000340139560292	0	0	0.000360754079098	0	0.000453519413723	0	1.03072594028e-05	0	0.00348385367815	0.00741091951061	0.000298910522681	0	2.06145188056e-05	0	4.12290376112e-05	0	0.00989496902669	0.000360754079098	0.000556592007751	1.03072594028e-05	0	1.03072594028e-05	0.000824580752224	1.03072594028e-05	0.00376214968202	0.000154608891042	0.00145332357579	0.002226368031	0	0	0	0	0.00538038940826	2.06145188056e-05	0	0	0	0	0	0	0.00121625660953	0.00173161957967	0.00529793133304	7.21508158196e-05	0	0	2.06145188056e-05
