0.016390134144	6.0115765789e-05	0.000575393758266	0	0.000171759330826	4.29398327064e-06	0.000287696879133	0.00261503581182	0.00176482712423	0.000197523230449	0.000322048745298	0.000141701447931	0.000274814929321	3.00578828945e-05	0.00812421634805	1.28819498119e-05	0.000180347297367	0.000901736486835	2.14699163532e-05	0.000352106628193	0.000145995431202	0.0031303138043	0.000115937548307	0.00301437625599	0.00123666718194	2.14699163532e-05	0.000425104343793	0.000442280276876	0.00142989642912	0.0128776558287	0.00944676319541	0	8.58796654128e-06	0.00222428333419	0.00335360093437	3.43518661651e-05	3.86458494358e-05	3.00578828945e-05	0	2.57638996238e-05	0	3.00578828945e-05	9.87616152247e-05	4.72338159771e-05	0.000343518661651	3.43518661651e-05	1.28819498119e-05	4.29398327064e-06	0	6.44097490596e-05	4.29398327064e-06	3.86458494358e-05	2.14699163532e-05	4.29398327064e-06	1.28819498119e-05	3.43518661651e-05	3.00578828945e-05	5.15277992477e-05	6.87037323303e-05	0.000395046460899	4.29398327064e-06	4.29398327064e-05	0.000124525514849	0.000188935263908	1.71759330826e-05	8.58796654128e-06	0	0	4.29398327064e-06	2.57638996238e-05	0.000459456209959	0.000176053314096	0.00156300991051	0.000837326737775	0.000244757046427	0.000137407464661	4.29398327064e-06	8.15856821422e-05	4.29398327064e-05	6.0115765789e-05	3.43518661651e-05	5.15277992477e-05	1.28819498119e-05	4.29398327064e-06
6.0115765789e-05	0.0198382027104	0.00222428333419	0	0	8.58796654128e-06	1.71759330826e-05	6.0115765789e-05	2.14699163532e-05	0.000863090637399	4.29398327064e-06	0.000291990862404	2.14699163532e-05	0.000210405180261	8.15856821422e-05	2.14699163532e-05	0.000493808076124	0.0017261812748	5.15277992477e-05	0.00109067175074	0	0.000493808076124	0.0036412978135	0.00167894745882	0.000609745624431	0.00199670222085	0.0034523625496	0.0125384311503	0.000206111196991	0.00020181721372	0.000261932979509	2.57638996238e-05	4.29398327064e-06	0.000103055598495	0.00150289414472	2.14699163532e-05	0.00550488655296	0.000841620721046	0	2.57638996238e-05	0	2.57638996238e-05	9.87616152247e-05	3.00578828945e-05	0.000163171364284	3.86458494358e-05	0.000111643565037	1.28819498119e-05	7.29977156009e-05	3.43518661651e-05	0	0.000287696879133	0.00060545164116	5.15277992477e-05	0.000360694594734	1.28819498119e-05	0.00020181721372	0.000373576544546	0.00149860016145	0.000197523230449	6.0115765789e-05	0.00170041737517	0.00670290788547	0.000137407464661	8.58796654128e-06	7.29977156009e-05	4.29398327064e-06	0	0	0.000261932979509	0.00106061386785	0.000751447072362	0.000755741055633	0.000395046460899	0.000158877381014	3.86458494358e-05	1.71759330826e-05	0.000571099774995	0.000420810360523	0.000596863674619	0.000145995431202	4.29398327064e-05	8.58796654128e-06	4.29398327064e-06
0.000575393758266	0.00222428333419	0.0348370862747	0	8.58796654128e-06	0	4.29398327064e-05	0.000768623005445	0.000291990862404	6.0115765789e-05	2.57638996238e-05	0.000197523230449	1.71759330826e-05	4.29398327064e-05	0.000425104343793	0	0.000223287130073	0.0107435461431	4.72338159771e-05	0.0011121416671	1.28819498119e-05	0.00346095051614	0.00114219954999	0.0162484326961	0.000360694594734	0.000124525514849	0.00843767712681	0.012534137167	0.00073427113928	0.00100049810206	0.00173047525807	8.58796654128e-06	1.28819498119e-05	0.000223287130073	0.00193658645506	3.43518661651e-05	0.00114649353326	0.00155871592724	0	1.71759330826e-05	0	3.00578828945e-05	0.000158877381014	3.00578828945e-05	0.000154583397743	3.00578828945e-05	4.29398327064e-05	8.58796654128e-06	3.43518661651e-05	3.86458494358e-05	0	0.000631215540784	0.000841620721046	1.71759330826e-05	0.000197523230449	1.71759330826e-05	0.000519571975748	0.000644097490596	0.00288985074114	0.000296284845674	1.71759330826e-05	0.00141701447931	0.0052944813727	0.00027052094605	2.57638996238e-05	0.000111643565037	0	0	0	0.000416516377252	0.00226292918363	0.00119802133251	0.00167894745882	0.00133542879717	0.000176053314096	9.87616152247e-05	1.28819498119e-05	0.00080297487161	0.000682743340032	0.000708507239656	0.000223287130073	3.00578828945e-05	1.28819498119e-05	0
0	0	0	0	0	0	0	0	0	0	0	0	0	0	0	0	0	0	0	0	0	0	0	0	0	0	0	0	0	0	0	0	0	0	0	0	0	0	0	0	0	0	0	0	0	0	0	0	0	0	0	0	0	0	0	0	0	0	0	0	0	0	0	0	0	0	0	0	0	0	0	0	0	0	0	0	0	0	0	0	0	0	0	0
0.000171759330826	0	8.58796654128e-06	0	0.0210405180261	1.28819498119e-05	0.00094038233627	0.000588275708078	0.000575393758266	0.000652685457137	0.00105631988458	0.000154583397743	0.00539324298793	6.44097490596e-05	0.00115937548307	0.000407928410711	1.28819498119e-05	1.28819498119e-05	2.14699163532e-05	1.71759330826e-05	0.0103613816321	0.000107349581766	1.28819498119e-05	9.44676319541e-05	0.0132855842394	1.71759330826e-05	5.15277992477e-05	1.71759330826e-05	0.00626062760859	0.00195805637141	0.000313460778757	0	2.14699163532e-05	0.00104773191804	0.00126672506484	5.15277992477e-05	0	0	0	0.00188505865581	0	0.000274814929321	0.000184641280638	0.000141701447931	0.00230586901633	0.00207399391972	1.28819498119e-05	0.00149001219491	4.29398327064e-06	0.000120231531578	4.29398327064e-05	4.29398327064e-06	0	0	0	0.00279538310919	0	1.28819498119e-05	1.71759330826e-05	0.00258497792893	0	8.58796654128e-06	1.71759330826e-05	0.000987616152247	8.58796654128e-05	0	0	0	4.29398327064e-06	4.72338159771e-05	0.000300578828945	5.58217825183e-05	0.000648391473867	0.00020181721372	0.000545335875371	6.0115765789e-05	0	4.29398327064e-05	1.28819498119e-05	6.44097490596e-05	2.14699163532e-05	5.58217825183e-05	8.58796654128e-06	8.58796654128e-06
4.29398327064e-06	8.58796654128e-06	0	0	1.28819498119e-05	0.00384311502722	0.000961852252624	1.71759330826e-05	0.000373576544546	9.01736486835e-05	4.29398327064e-06	8.58796654128e-06	3.00578828945e-05	0	0.000115937548307	0.00066986139022	8.58796654128e-06	8.58796654128e-06	0	4.29398327064e-06	2.57638996238e-05	3.86458494358e-05	3.00578828945e-05	8.15856821422e-05	6.0115765789e-05	0	4.29398327064e-06	2.14699163532e-05	4.72338159771e-05	0.000253345012968	3.43518661651e-05	0	0.000777210971986	4.29398327064e-05	0.000433692310335	0	0	0	0	4.29398327064e-06	0	4.29398327064e-06	8.58796654128e-06	8.58796654128e-06	2.14699163532e-05	4.29398327064e-06	4.29398327064e-06	0	4.29398327064e-06	4.29398327064e-06	0	1.28819498119e-05	8.58796654128e-06	0	4.29398327064e-06	8.58796654128e-06	8.58796654128e-06	1.28819498119e-05	3.43518661651e-05	2.14699163532e-05	0	8.58796654128e-06	2.57638996238e-05	8.58796654128e-06	0	0	4.29398327064e-06	0	0	8.58796654128e-06	0.000218993146803	8.58796654128e-06	0.000227581113344	0.000171759330826	0.00161453770976	0.000154583397743	0	3.00578828945e-05	1.71759330826e-05	6.0115765789e-05	7.29977156009e-05	0	0	0
0.000287696879133	1.71759330826e-05	4.29398327064e-05	0	0.00094038233627	0.000961852252624	0.0385342058707	0.00383023307741	0.0152049947613	0.000158877381014	0.0113532917676	0.000459456209959	0.0106490785112	0.000223287130073	0.00630786142457	0.00129678294773	2.14699163532e-05	6.0115765789e-05	3.86458494358e-05	6.44097490596e-05	0.00227581113344	0.000373576544546	3.43518661651e-05	0.000313460778757	0.00231445698288	5.15277992477e-05	0.000176053314096	0.000137407464661	0.00306590405524	0.00534600917195	0.000944676319541	2.14699163532e-05	0.00144707236221	0.000974734202436	0.00346095051614	3.43518661651e-05	8.58796654128e-06	0	0	0.000137407464661	0	6.0115765789e-05	9.87616152247e-05	6.44097490596e-05	0.000626921557514	0.000330636711839	1.28819498119e-05	7.29977156009e-05	4.29398327064e-06	6.44097490596e-05	8.58796654128e-06	8.58796654128e-06	4.29398327064e-06	4.29398327064e-06	1.28819498119e-05	0.000223287130073	4.29398327064e-06	1.71759330826e-05	2.57638996238e-05	0.000854502670858	8.58796654128e-06	1.28819498119e-05	1.71759330826e-05	0.000296284845674	3.00578828945e-05	4.29398327064e-06	4.29398327064e-06	0	4.29398327064e-06	3.86458494358e-05	0.000480926126312	0.000206111196991	0.00148142422837	0.000352106628193	0.00100479208533	0.000188935263908	2.14699163532e-05	4.72338159771e-05	1.71759330826e-05	3.00578828945e-05	3.43518661651e-05	8.58796654128e-06	1.71759330826e-05	1.71759330826e-05
0.00261503581182	6.0115765789e-05	0.000768623005445	0	0.000588275708078	1.71759330826e-05	0.00383023307741	0.037555177685	0.00700348671442	0.000463750193229	0.00376152934508	0.00026622696278	0.000510984009206	0.000120231531578	0.00408357809038	0.000150289414472	0.000111643565037	0.000583981724807	4.72338159771e-05	0.000180347297367	0.000274814929321	0.00482214321293	0.00020181721372	0.00362841586369	0.0051184280586	3.86458494358e-05	0.000356400611463	0.000407928410711	0.0153209323096	0.00888854537023	0.00961852252624	1.28819498119e-05	6.87037323303e-05	0.005045430343	0.00426392538775	0.000107349581766	5.58217825183e-05	3.43518661651e-05	0	0.000373576544546	0	0.000150289414472	0.000429398327064	0.000180347297367	0.00207828790299	0.000661273423679	2.14699163532e-05	0.000111643565037	4.29398327064e-06	0.000158877381014	3.43518661651e-05	5.58217825183e-05	3.00578828945e-05	4.29398327064e-06	2.14699163532e-05	0.000455162226688	2.57638996238e-05	0.000107349581766	0.000128819498119	0.00242180656464	4.29398327064e-06	5.15277992477e-05	0.000137407464661	0.000858796654128	7.72916988715e-05	2.14699163532e-05	0	0	0	6.44097490596e-05	0.00104343793477	0.00033493069511	0.00242610054791	0.00105202590131	0.000510984009206	0.000210405180261	1.71759330826e-05	0.000197523230449	6.87037323303e-05	0.000145995431202	6.87037323303e-05	8.58796654128e-05	1.28819498119e-05	4.29398327064e-06
0.00176482712423	2.14699163532e-05	0.000291990862404	0	0.000575393758266	0.000373576544546	0.0152049947613	0.00700348671442	0.0381949811924	0.000231875096615	0.0051484859415	0.000347812644922	0.00313890177084	0.000223287130073	0.0147111866852	0.00053674790883	9.87616152247e-05	0.000377870527816	3.86458494358e-05	0.000124525514849	0.00122378523213	0.00168324144209	0.000107349581766	0.00172188729153	0.0021212277357	3.86458494358e-05	0.000300578828945	0.000257638996238	0.00286838082479	0.00908606860068	0.00438415691932	1.71759330826e-05	0.0015501279607	0.00164030160938	0.00467614778173	9.87616152247e-05	1.71759330826e-05	1.28819498119e-05	0	0.000227581113344	4.29398327064e-06	0.00013311348139	0.000287696879133	0.000154583397743	0.00125384311503	0.00053674790883	4.29398327064e-06	0.000111643565037	0	0.000171759330826	1.71759330826e-05	2.57638996238e-05	0	0	0	0.000395046460899	2.14699163532e-05	6.0115765789e-05	6.44097490596e-05	0.00174335720788	0	1.28819498119e-05	5.15277992477e-05	0.000592569691348	8.15856821422e-05	1.28819498119e-05	0	0	4.29398327064e-06	6.0115765789e-05	0.000966146235894	0.000279108912592	0.00203534807028	0.000824444787963	0.000635509524055	0.000390752477628	3.00578828945e-05	0.000128819498119	5.15277992477e-05	0.000141701447931	7.29977156009e-05	6.87037323303e-05	1.28819498119e-05	1.28819498119e-05
0.000197523230449	0.000863090637399	6.0115765789e-05	0	0.000652685457137	9.01736486835e-05	0.000158877381014	0.000463750193229	0.000231875096615	0.0154883976572	7.72916988715e-05	7.72916988715e-05	0.00211263976916	3.86458494358e-05	0.00053245392556	0.000562511808454	0.000708507239656	7.29977156009e-05	8.58796654128e-06	5.58217825183e-05	0.00101767403514	0.000760035038903	0.0044313907353	0.000395046460899	0.00595146081311	0.000111643565037	0.000137407464661	0.000626921557514	0.00215557960186	0.00165747754247	0.00154153999416	4.29398327064e-06	2.57638996238e-05	0.00154583397743	0.00256780199584	0.000206111196991	6.0115765789e-05	2.57638996238e-05	0	0.000279108912592	0	0.000103055598495	0.000760035038903	0.000158877381014	0.00424674945466	0.00020181721372	1.28819498119e-05	9.01736486835e-05	4.29398327064e-06	0.000231875096615	2.14699163532e-05	6.87037323303e-05	4.72338159771e-05	4.29398327064e-06	3.00578828945e-05	0.00020181721372	4.29398327064e-05	0.00134831074698	0.00013311348139	0.00281255904227	0	3.86458494358e-05	9.01736486835e-05	0.00132254684736	0.000158877381014	0.000124525514849	0	0	3.00578828945e-05	6.0115765789e-05	0.00128819498119	0.000158877381014	0.000682743340032	0.000313460778757	0.00144277837894	5.15277992477e-05	8.58796654128e-06	0.000498102059394	5.58217825183e-05	0.000210405180261	0.000124525514849	0.000145995431202	2.57638996238e-05	4.29398327064e-06
0.000322048745298	4.29398327064e-06	2.57638996238e-05	0	0.00105631988458	4.29398327064e-06	0.0113532917676	0.00376152934508	0.0051484859415	7.72916988715e-05	0.0274686109823	0.000347812644922	0.00567664588379	0.000120231531578	0.0029843183731	0.000193229247179	1.28819498119e-05	2.57638996238e-05	4.29398327064e-05	6.44097490596e-05	0.00333642500129	0.000197523230449	3.43518661651e-05	0.000176053314096	0.00270091547723	6.0115765789e-05	0.000145995431202	9.44676319541e-05	0.00351247831538	0.00412651792309	0.000609745624431	8.58796654128e-06	7.29977156009e-05	0.00195805637141	0.00285979285825	2.57638996238e-05	8.58796654128e-06	0	0	0.000180347297367	0	6.44097490596e-05	5.58217825183e-05	6.44097490596e-05	0.000626921557514	0.000313460778757	8.58796654128e-06	7.72916988715e-05	8.58796654128e-06	4.72338159771e-05	4.29398327064e-06	4.29398327064e-06	0	0	4.29398327064e-06	0.000274814929321	0	2.57638996238e-05	8.58796654128e-06	0.000811562838151	8.58796654128e-06	8.58796654128e-06	8.58796654128e-06	0.000261932979509	3.86458494358e-05	0	4.29398327064e-06	0	8.58796654128e-06	2.14699163532e-05	0.00026622696278	0.000111643565037	0.00144707236221	0.000322048745298	0.000180347297367	9.01736486835e-05	2.57638996238e-05	3.43518661651e-05	1.28819498119e-05	3.00578828945e-05	1.28819498119e-05	1.71759330826e-05	0	4.29398327064e-06
0.000141701447931	0.000291990862404	0.000197523230449	0	0.000154583397743	8.58796654128e-06	0.000459456209959	0.00026622696278	0.000347812644922	7.72916988715e-05	0.000347812644922	0.0309596193813	0.000708507239656	0.00783651946892	0.00164888957593	2.14699163532e-05	3.86458494358e-05	0.00163600762611	0.00439274488587	0.00416516377252	0.00033493069511	0.000639803507326	0.000103055598495	0.000897442503564	0.000437986293605	0.00236598478212	0.0120918568901	0.00356400611463	0.000420810360523	0.00348242043249	0.00060115765789	0.00115937548307	9.01736486835e-05	0.000618333590972	0.0111085347211	1.71759330826e-05	0.000236169079885	6.44097490596e-05	0	1.71759330826e-05	4.29398327064e-06	2.14699163532e-05	7.72916988715e-05	1.28819498119e-05	0.000231875096615	8.58796654128e-05	0.000687037323303	2.57638996238e-05	0.000493808076124	3.43518661651e-05	0	3.86458494358e-05	4.72338159771e-05	0.00033493069511	0.000330636711839	3.00578828945e-05	1.28819498119e-05	3.86458494358e-05	7.72916988715e-05	0.00026622696278	0.000274814929321	0.00112502361691	0.000635509524055	9.01736486835e-05	2.57638996238e-05	1.28819498119e-05	0.000103055598495	0	4.29398327064e-06	0.000120231531578	0.000863090637399	0.00183782483983	0.00536318510503	0.000566805791725	6.0115765789e-05	4.72338159771e-05	0.000193229247179	0.000141701447931	0.00136548668006	0.000223287130073	6.0115765789e-05	1.71759330826e-05	8.58796654128e-06	6.0115765789e-05
0.000274814929321	2.14699163532e-05	1.71759330826e-05	0	0.00539324298793	3.00578828945e-05	0.0106490785112	0.000510984009206	0.00313890177084	0.00211263976916	0.00567664588379	0.000708507239656	0.0333170161969	0.000236169079885	0.00523007162364	0.00189364662235	1.71759330826e-05	3.86458494358e-05	8.15856821422e-05	0.00013311348139	0.0139125057969	0.000115937548307	1.71759330826e-05	0.000111643565037	0.00489514092853	8.58796654128e-05	0.000326342728569	0.000163171364284	0.00178629704059	0.00561223613473	0.000407928410711	2.14699163532e-05	0.000145995431202	0.00133542879717	0.00413081190636	1.71759330826e-05	1.71759330826e-05	0	0	0.000197523230449	0	0.000120231531578	7.29977156009e-05	9.01736486835e-05	0.000575393758266	0.000553923841913	1.71759330826e-05	0.00129678294773	4.29398327064e-06	5.58217825183e-05	4.29398327064e-06	0	0	4.29398327064e-06	8.58796654128e-06	0.00053674790883	8.58796654128e-06	0	1.28819498119e-05	0.000682743340032	8.58796654128e-06	2.57638996238e-05	2.14699163532e-05	0.000206111196991	3.00578828945e-05	0	0	0	0	2.14699163532e-05	0.000502396042665	0.00020181721372	0.00200529018739	0.000433692310335	0.0015801858436	0.00013311348139	3.86458494358e-05	2.14699163532e-05	4.29398327064e-06	5.58217825183e-05	4.29398327064e-05	1.28819498119e-05	1.71759330826e-05	8.58796654128e-06
3.00578828945e-05	0.000210405180261	4.29398327064e-05	0	6.44097490596e-05	0	0.000223287130073	0.000120231531578	0.000223287130073	3.86458494358e-05	0.000120231531578	0.00783651946892	0.000236169079885	0.0224532385222	0.000687037323303	2.14699163532e-05	1.71759330826e-05	0.000111643565037	0.000614039607702	0.000304872812216	0.000111643565037	0.000141701447931	5.15277992477e-05	0.000227581113344	0.000176053314096	0.00434551106989	0.00602016454544	0.00477061541368	0.000141701447931	0.00134401676371	0.000150289414472	0.00297573040655	7.29977156009e-05	0.000291990862404	0.00267515157761	3.00578828945e-05	0.000103055598495	1.28819498119e-05	0	1.71759330826e-05	1.28819498119e-05	0.000115937548307	7.29977156009e-05	0.000128819498119	9.87616152247e-05	8.58796654128e-05	0.001301076931	3.00578828945e-05	0.00139125057969	0.000128819498119	8.58796654128e-06	4.29398327064e-06	3.00578828945e-05	0.000442280276876	0.000261932979509	3.86458494358e-05	8.58796654128e-06	1.28819498119e-05	4.72338159771e-05	0.000137407464661	0.000760035038903	0.00126672506484	0.000498102059394	7.72916988715e-05	7.29977156009e-05	1.71759330826e-05	0.000218993146803	4.29398327064e-06	0	0.000442280276876	0.000395046460899	0.00219851943457	0.0025892719122	0.00142560244585	2.14699163532e-05	0.000111643565037	0.000648391473867	0.000124525514849	0.00226292918363	0.00066986139022	0.000373576544546	7.29977156009e-05	0.000141701447931	0.000364988578005
0.00812421634805	8.15856821422e-05	0.000425104343793	0	0.00115937548307	0.000115937548307	0.00630786142457	0.00408357809038	0.0147111866852	0.00053245392556	0.0029843183731	0.00164888957593	0.00523007162364	0.000687037323303	0.0441206781058	0.000313460778757	0.000304872812216	0.000562511808454	0.000184641280638	0.000360694594734	0.00241751258137	0.00226292918363	0.000244757046427	0.00232304494942	0.00364988578005	0.00020181721372	0.000875972587211	0.000558217825183	0.00369282561275	0.0281985881383	0.00844197111008	6.0115765789e-05	0.00241751258137	0.00498531457721	0.0137106885832	0.00013311348139	3.86458494358e-05	3.00578828945e-05	0	0.000210405180261	4.29398327064e-06	0.000227581113344	0.000360694594734	0.000231875096615	0.00136548668006	0.000519571975748	3.86458494358e-05	0.000128819498119	2.14699163532e-05	0.000240463063156	3.43518661651e-05	5.58217825183e-05	2.57638996238e-05	1.28819498119e-05	2.14699163532e-05	0.00033493069511	2.14699163532e-05	0.000103055598495	5.15277992477e-05	0.00193229247179	1.71759330826e-05	7.29977156009e-05	8.15856821422e-05	0.000708507239656	0.000128819498119	1.71759330826e-05	8.58796654128e-06	0	1.71759330826e-05	0.000128819498119	0.00236169079885	0.000785798938527	0.00553065045259	0.0016231256763	0.000635509524055	0.000631215540784	0.000103055598495	0.000236169079885	9.01736486835e-05	0.00027052094605	0.000120231531578	0.000145995431202	3.00578828945e-05	3.43518661651e-05
1.28819498119e-05	2.14699163532e-05	0	0	0.000407928410711	0.00066986139022	0.00129678294773	0.000150289414472	0.00053674790883	0.000562511808454	0.000193229247179	2.14699163532e-05	0.00189364662235	2.14699163532e-05	0.000313460778757	0.00622198175916	8.58796654128e-06	1.71759330826e-05	4.29398327064e-06	8.58796654128e-06	0.00073856512255	2.57638996238e-05	4.29398327064e-05	5.58217825183e-05	0.000644097490596	8.58796654128e-06	2.57638996238e-05	3.43518661651e-05	0.000240463063156	0.000326342728569	9.44676319541e-05	4.29398327064e-06	3.43518661651e-05	0.00013311348139	0.000296284845674	0	0	0	0	1.71759330826e-05	0	1.28819498119e-05	1.71759330826e-05	4.29398327064e-06	0.000115937548307	3.86458494358e-05	0	6.0115765789e-05	0	0	0	4.29398327064e-06	0	0	0	5.58217825183e-05	0	1.28819498119e-05	8.58796654128e-06	9.44676319541e-05	0	4.29398327064e-06	2.14699163532e-05	2.14699163532e-05	0	0	0	0	4.29398327064e-06	4.29398327064e-06	0.000390752477628	2.57638996238e-05	0.000223287130073	0.000145995431202	0.00373147146219	2.14699163532e-05	4.29398327064e-06	1.71759330826e-05	1.28819498119e-05	3.43518661651e-05	3.00578828945e-05	1.28819498119e-05	4.29398327064e-06	0
0.000180347297367	0.000493808076124	0.000223287130073	0	1.28819498119e-05	8.58796654128e-06	2.14699163532e-05	0.000111643565037	9.87616152247e-05	0.000708507239656	1.28819498119e-05	3.86458494358e-05	1.71759330826e-05	1.71759330826e-05	0.000304872812216	8.58796654128e-06	0.0173777502963	0.000227581113344	8.58796654128e-06	0.00013311348139	1.28819498119e-05	0.00281255904227	0.00568523385033	0.00685749128321	0.0069906047646	1.71759330826e-05	0.000206111196991	0.00338365881727	0.00321189948644	0.000841620721046	0.00139554456296	0	8.58796654128e-06	0.000622627574243	0.00250768623005	8.15856821422e-05	7.72916988715e-05	3.86458494358e-05	0	2.14699163532e-05	0	3.86458494358e-05	0.000382164511087	3.43518661651e-05	0.000712801222926	5.15277992477e-05	2.57638996238e-05	2.14699163532e-05	8.58796654128e-06	5.15277992477e-05	8.58796654128e-06	0.000717095206197	2.14699163532e-05	4.29398327064e-06	1.71759330826e-05	1.28819498119e-05	0.000180347297367	0.00186788272273	0.000566805791725	0.000807268854881	0	5.15277992477e-05	0.000227581113344	0.000841620721046	4.29398327064e-05	0.000227581113344	0	0	0	3.00578828945e-05	0.0017691211075	0.000360694594734	0.00156730389378	0.00105631988458	0.000257638996238	0.000145995431202	4.29398327064e-06	0.000360694594734	0.000141701447931	9.01736486835e-05	6.44097490596e-05	3.00578828945e-05	0	0
0.000901736486835	0.0017261812748	0.0107435461431	0	1.28819498119e-05	8.58796654128e-06	6.0115765789e-05	0.000583981724807	0.000377870527816	7.29977156009e-05	2.57638996238e-05	0.00163600762611	3.86458494358e-05	0.000111643565037	0.000562511808454	1.71759330826e-05	0.000227581113344	0.0384225623057	0.000339224678381	0.0111342986208	3.43518661651e-05	0.00606739836142	0.000412222393982	0.0156129231721	0.000472338159771	0.00040363442744	0.0133843458546	0.0100522148366	0.000833032754504	0.00168753542536	0.00355112416482	1.71759330826e-05	1.28819498119e-05	0.000356400611463	0.00791810515106	8.58796654128e-06	0.00106490785112	0.000523865959018	0	1.28819498119e-05	0	1.28819498119e-05	5.58217825183e-05	8.58796654128e-06	8.15856821422e-05	8.58796654128e-06	0.000128819498119	0	2.57638996238e-05	1.28819498119e-05	0	0.000128819498119	0.000528159942289	6.0115765789e-05	0.00039934044417	4.29398327064e-06	9.87616152247e-05	0.00020181721372	0.000575393758266	0.000150289414472	2.57638996238e-05	0.00147283626183	0.00209975781934	0.000107349581766	1.28819498119e-05	3.86458494358e-05	4.29398327064e-06	0	0	0.000180347297367	0.0029843183731	0.00146854227856	0.00313460778757	0.00209975781934	0.000287696879133	0.000124525514849	2.14699163532e-05	0.00040363442744	0.000425104343793	0.000420810360523	0.000158877381014	4.29398327064e-06	8.58796654128e-06	0
2.14699163532e-05	5.15277992477e-05	4.72338159771e-05	0	2.14699163532e-05	0	3.86458494358e-05	4.72338159771e-05	3.86458494358e-05	8.58796654128e-06	4.29398327064e-05	0.00439274488587	8.15856821422e-05	0.000614039607702	0.000184641280638	4.29398327064e-06	8.58796654128e-06	0.000339224678381	0.00929217979767	0.0025892719122	3.86458494358e-05	0.000111643565037	1.28819498119e-05	0.000227581113344	5.58217825183e-05	0.00080297487161	0.00704642654712	0.0010391439515	7.72916988715e-05	0.000412222393982	8.58796654128e-05	0.00013311348139	8.58796654128e-06	9.87616152247e-05	0.00148571821164	0	0.000107349581766	1.71759330826e-05	0	0	0	0	8.58796654128e-06	0	1.28819498119e-05	8.58796654128e-06	0.00039934044417	4.29398327064e-06	0.000227581113344	8.58796654128e-06	0	1.28819498119e-05	1.71759330826e-05	0.000231875096615	0.000240463063156	0	0	2.14699163532e-05	1.28819498119e-05	2.57638996238e-05	0.000120231531578	0.000652685457137	0.000395046460899	4.29398327064e-06	4.29398327064e-06	0	4.72338159771e-05	0	4.29398327064e-06	7.29977156009e-05	0.00039934044417	0.000725683172738	0.000777210971986	0.000111643565037	8.58796654128e-06	8.58796654128e-06	0	2.57638996238e-05	0.000652685457137	0.000128819498119	3.43518661651e-05	0	4.29398327064e-06	8.58796654128e-06
0.000352106628193	0.00109067175074	0.0011121416671	0	1.71759330826e-05	4.29398327064e-06	6.44097490596e-05	0.000180347297367	0.000124525514849	5.58217825183e-05	6.44097490596e-05	0.00416516377252	0.00013311348139	0.000304872812216	0.000360694594734	8.58796654128e-06	0.00013311348139	0.0111342986208	0.0025892719122	0.0244155888769	7.29977156009e-05	0.0017691211075	0.000193229247179	0.00311313787121	0.000304872812216	0.00132684083063	0.0145952491369	0.00608886827777	0.000382164511087	0.00111643565037	0.00137407464661	3.86458494358e-05	4.29398327064e-06	0.000313460778757	0.0092578279315	4.29398327064e-06	0.00110355370055	0.000103055598495	0	1.28819498119e-05	4.29398327064e-06	1.28819498119e-05	2.14699163532e-05	8.58796654128e-06	7.29977156009e-05	1.71759330826e-05	0.000339224678381	4.29398327064e-06	8.58796654128e-05	1.71759330826e-05	4.29398327064e-06	3.86458494358e-05	0.000300578828945	0.000163171364284	0.000717095206197	8.58796654128e-06	3.86458494358e-05	7.72916988715e-05	0.000158877381014	0.000115937548307	8.15856821422e-05	0.00183782483983	0.00143419041239	4.72338159771e-05	0	8.58796654128e-06	1.71759330826e-05	0	0	0.000137407464661	0.00210405180261	0.00163171364284	0.00313890177084	0.00131395888082	0.000107349581766	7.29977156009e-05	1.71759330826e-05	0.000304872812216	0.000622627574243	0.000304872812216	8.58796654128e-05	1.71759330826e-05	1.28819498119e-05	4.29398327064e-06
0.000145995431202	0	1.28819498119e-05	0	0.0103613816321	2.57638996238e-05	0.00227581113344	0.000274814929321	0.00122378523213	0.00101767403514	0.00333642500129	0.00033493069511	0.0139125057969	0.000111643565037	0.00241751258137	0.00073856512255	1.28819498119e-05	3.43518661651e-05	3.86458494358e-05	7.29977156009e-05	0.0223115370743	9.01736486835e-05	4.29398327064e-06	0.000103055598495	0.00788804726817	2.57638996238e-05	0.000163171364284	4.29398327064e-05	0.00231445698288	0.00279538310919	0.000244757046427	8.58796654128e-06	7.72916988715e-05	0.000635509524055	0.00206111196991	2.14699163532e-05	4.29398327064e-06	0	0	0.000386458494358	0	7.72916988715e-05	6.44097490596e-05	3.43518661651e-05	0.0010090860686	0.000635509524055	8.58796654128e-06	0.000811562838151	0	3.00578828945e-05	8.58796654128e-06	4.29398327064e-06	0	0	0	0.000652685457137	4.29398327064e-06	8.58796654128e-06	1.28819498119e-05	0.00117225743289	0	8.58796654128e-06	1.71759330826e-05	0.000420810360523	2.14699163532e-05	0	0	0	0	8.58796654128e-06	0.000300578828945	7.29977156009e-05	0.00104773191804	0.000210405180261	0.000729977156009	8.15856821422e-05	8.58796654128e-06	2.14699163532e-05	1.28819498119e-05	3.43518661651e-05	2.14699163532e-05	2.57638996238e-05	4.29398327064e-06	4.29398327064e-06
0.0031303138043	0.000493808076124	0.00346095051614	0	0.000107349581766	3.86458494358e-05	0.000373576544546	0.00482214321293	0.00168324144209	0.000760035038903	0.000197523230449	0.000639803507326	0.000115937548307	0.000141701447931	0.00226292918363	2.57638996238e-05	0.00281255904227	0.00606739836142	0.000111643565037	0.0017691211075	9.01736486835e-05	0.0607040414971	0.00398052249188	0.0358075264939	0.00306161007197	0.000115937548307	0.00236169079885	0.00329777915185	0.0128089520963	0.00711513027945	0.0181893131344	8.58796654128e-06	4.72338159771e-05	0.00234880884904	0.0136333968843	0.000218993146803	0.000236169079885	0.000163171364284	0	6.0115765789e-05	0	0.000137407464661	0.0011851393827	0.000180347297367	0.00129248896446	0.000167465347555	3.43518661651e-05	1.71759330826e-05	1.71759330826e-05	0.000218993146803	1.28819498119e-05	0.00111643565037	0.000137407464661	1.28819498119e-05	0.000107349581766	6.44097490596e-05	0.000416516377252	0.00338365881727	0.000906030470105	0.00207828790299	2.57638996238e-05	0.000347812644922	0.000729977156009	0.00252486216314	0.000128819498119	0.000553923841913	0	0	1.71759330826e-05	0.000180347297367	0.00393328867591	0.00107349581766	0.00909465656722	0.00519142577421	0.0014041325295	0.000957558269353	2.14699163532e-05	0.00094038233627	0.000304872812216	0.000356400611463	0.000253345012968	0.000150289414472	3.00578828945e-05	0
0.000115937548307	0.0036412978135	0.00114219954999	0	1.28819498119e-05	3.00578828945e-05	3.43518661651e-05	0.00020181721372	0.000107349581766	0.0044313907353	3.43518661651e-05	0.000103055598495	1.71759330826e-05	5.15277992477e-05	0.000244757046427	4.29398327064e-05	0.00568523385033	0.000412222393982	1.28819498119e-05	0.000193229247179	4.29398327064e-06	0.00398052249188	0.031462015424	0.0100994486525	0.00498960856049	0.000287696879133	0.000583981724807	0.00994057127153	0.00291990862404	0.000815856821422	0.00113361158345	0	8.58796654128e-06	0.000880266570481	0.00241751258137	0.000180347297367	0.000575393758266	0.000210405180261	0	5.58217825183e-05	0	0.000111643565037	0.00109067175074	0.000145995431202	0.00255062606276	0.00013311348139	4.29398327064e-05	3.43518661651e-05	8.58796654128e-06	0.000188935263908	8.58796654128e-06	0.00504113635973	0.000137407464661	1.71759330826e-05	6.44097490596e-05	1.28819498119e-05	0.00106490785112	0.0110956527713	0.00493378677797	0.00293279057385	8.58796654128e-06	0.000141701447931	0.00365847374659	0.00283832294189	0.000111643565037	0.000725683172738	0	0	1.71759330826e-05	0.000257638996238	0.00153724601089	0.000472338159771	0.00117225743289	0.000811562838151	0.000330636711839	0.000111643565037	8.58796654128e-06	0.00120231531578	0.000485220109582	0.000377870527816	0.000249051029697	0.000141701447931	2.14699163532e-05	4.29398327064e-06
0.00301437625599	0.00167894745882	0.0162484326961	0	9.44676319541e-05	8.15856821422e-05	0.000313460778757	0.00362841586369	0.00172188729153	0.000395046460899	0.000176053314096	0.000897442503564	0.000111643565037	0.000227581113344	0.00232304494942	5.58217825183e-05	0.00685749128321	0.0156129231721	0.000227581113344	0.00311313787121	0.000103055598495	0.0358075264939	0.0100994486525	0.0989376685388	0.0024132185981	0.000236169079885	0.0051484859415	0.0208301128459	0.00547912265334	0.00549629858642	0.0108938355576	8.58796654128e-06	9.01736486835e-05	0.0012280792154	0.0136978066333	0.000141701447931	0.000760035038903	0.000755741055633	0	5.15277992477e-05	0	0.00013311348139	0.000927500386458	0.000128819498119	0.000618333590972	0.000120231531578	0.000103055598495	2.57638996238e-05	3.00578828945e-05	0.000171759330826	1.28819498119e-05	0.00639374108998	0.000395046460899	3.86458494358e-05	0.000231875096615	3.86458494358e-05	0.00185929475619	0.0105975507119	0.00786657735181	0.00185929475619	3.00578828945e-05	0.000648391473867	0.00454732828361	0.00221569536765	9.87616152247e-05	0.000820150804692	4.29398327064e-06	0	1.71759330826e-05	0.000416516377252	0.00928359183113	0.00328060321877	0.0159392659006	0.0120489170574	0.00276103124302	0.00173906322461	3.86458494358e-05	0.0017991789904	0.000901736486835	0.000880266570481	0.000592569691348	0.000120231531578	6.0115765789e-05	1.28819498119e-05
0.00123666718194	0.000609745624431	0.000360694594734	0	0.0132855842394	6.0115765789e-05	0.00231445698288	0.0051184280586	0.0021212277357	0.00595146081311	0.00270091547723	0.000437986293605	0.00489514092853	0.000176053314096	0.00364988578005	0.000644097490596	0.0069906047646	0.000472338159771	5.58217825183e-05	0.000304872812216	0.00788804726817	0.00306161007197	0.00498960856049	0.0024132185981	0.0590036241219	5.58217825183e-05	0.000493808076124	0.00164888957593	0.0245229384586	0.00973875405781	0.0073856512255	1.28819498119e-05	0.000120231531578	0.00742429707494	0.0113318218512	0.000433692310335	0.000115937548307	5.58217825183e-05	0	0.0020911698528	4.29398327064e-06	0.000549629858642	0.00151577609454	0.000545335875371	0.00874254993903	0.00297143642328	9.87616152247e-05	0.000841620721046	2.57638996238e-05	0.000571099774995	8.15856821422e-05	0.00027052094605	6.87037323303e-05	1.28819498119e-05	4.72338159771e-05	0.00289843870768	7.72916988715e-05	0.00117655141616	0.000330636711839	0.00958417066007	8.58796654128e-06	8.58796654128e-05	0.000197523230449	0.00413510588963	0.000364988578005	0.000184641280638	0	4.29398327064e-06	3.00578828945e-05	0.000240463063156	0.00369282561275	0.000918912419917	0.0043884509026	0.00221140138438	0.00179059102386	0.000390752477628	3.00578828945e-05	0.000923206403188	0.000180347297367	0.000493808076124	0.000214699163532	0.000352106628193	6.0115765789e-05	1.71759330826e-05
2.14699163532e-05	0.00199670222085	0.000124525514849	0	1.71759330826e-05	0	5.15277992477e-05	3.86458494358e-05	3.86458494358e-05	0.000111643565037	6.0115765789e-05	0.00236598478212	8.58796654128e-05	0.00434551106989	0.00020181721372	8.58796654128e-06	1.71759330826e-05	0.00040363442744	0.00080297487161	0.00132684083063	2.57638996238e-05	0.000115937548307	0.000287696879133	0.000236169079885	5.58217825183e-05	0.0215386200855	0.0102196801841	0.0120532110407	5.58217825183e-05	0.000364988578005	0.000124525514849	0.000519571975748	0	6.44097490596e-05	0.00146854227856	4.29398327064e-06	0.00238745469848	3.86458494358e-05	0	8.58796654128e-06	8.58796654128e-06	2.57638996238e-05	1.28819498119e-05	2.57638996238e-05	3.43518661651e-05	3.86458494358e-05	0.00205252400337	1.28819498119e-05	0.00194088043833	3.43518661651e-05	0	4.29398327064e-05	0.000128819498119	0.00112072963364	0.00182064890675	1.71759330826e-05	2.14699163532e-05	9.01736486835e-05	6.0115765789e-05	6.0115765789e-05	0.00174765119115	0.00462032599921	0.00319901753663	2.14699163532e-05	3.00578828945e-05	8.58796654128e-06	0.000240463063156	4.29398327064e-06	0	0.00040363442744	0.000515277992477	0.0011550814998	0.000897442503564	0.000218993146803	3.00578828945e-05	1.71759330826e-05	0.000364988578005	0.000274814929321	0.00208687586953	0.000644097490596	0.000103055598495	1.28819498119e-05	4.29398327064e-06	0.000249051029697
0.000425104343793	0.0034523625496	0.00843767712681	0	5.15277992477e-05	4.29398327064e-06	0.000176053314096	0.000356400611463	0.000300578828945	0.000137407464661	0.000145995431202	0.0120918568901	0.000326342728569	0.00602016454544	0.000875972587211	2.57638996238e-05	0.000206111196991	0.0133843458546	0.00704642654712	0.0145952491369	0.000163171364284	0.00236169079885	0.000583981724807	0.0051484859415	0.000493808076124	0.0102196801841	0.081645797908	0.0296928943165	0.000609745624431	0.0021641675684	0.00164459559266	0.0027782071761	2.57638996238e-05	0.000528159942289	0.0101681523849	3.43518661651e-05	0.00466755981519	0.000858796654128	0	3.00578828945e-05	4.29398327064e-06	7.72916988715e-05	0.000176053314096	7.29977156009e-05	0.000223287130073	0.000128819498119	0.00322048745298	3.43518661651e-05	0.00164459559266	8.58796654128e-05	8.58796654128e-06	0.000184641280638	0.001872176706	0.00176053314096	0.00404063825767	3.00578828945e-05	0.000167465347555	0.000261932979509	0.000609745624431	0.000343518661651	0.00094038233627	0.0115765788976	0.00782793150238	0.000167465347555	6.0115765789e-05	0.000107349581766	0.00026622696278	8.58796654128e-06	4.29398327064e-06	0.00094038233627	0.00468902973154	0.00508837017571	0.00478779134676	0.00175623915769	0.000171759330826	0.000115937548307	5.15277992477e-05	0.00119372734924	0.00532883323887	0.00191082255544	0.000407928410711	3.86458494358e-05	1.71759330826e-05	8.15856821422e-05
0.000442280276876	0.0125384311503	0.012534137167	0	1.71759330826e-05	2.14699163532e-05	0.000137407464661	0.000407928410711	0.000257638996238	0.000626921557514	9.44676319541e-05	0.00356400611463	0.000163171364284	0.00477061541368	0.000558217825183	3.43518661651e-05	0.00338365881727	0.0100522148366	0.0010391439515	0.00608886827777	4.29398327064e-05	0.00329777915185	0.00994057127153	0.0208301128459	0.00164888957593	0.0120532110407	0.0296928943165	0.097670943474	0.00136119269679	0.0014041325295	0.0016531835592	0.000798680888339	4.29398327064e-06	0.000498102059394	0.00750158877381	6.44097490596e-05	0.00657838237062	0.0017261812748	0	5.58217825183e-05	4.29398327064e-06	5.15277992477e-05	0.000279108912592	6.44097490596e-05	0.000369282561275	9.87616152247e-05	0.00182923687329	2.57638996238e-05	0.00109925971728	9.01736486835e-05	1.71759330826e-05	0.00296714244001	0.001507188128	0.00102196801841	0.00244757046427	3.43518661651e-05	0.000888854537023	0.00444856666838	0.00552635646932	0.000717095206197	0.000841620721046	0.00770340598753	0.0124783153845	0.000592569691348	4.29398327064e-05	0.000206111196991	0.000128819498119	4.29398327064e-06	8.58796654128e-06	0.000884560553752	0.00658697033716	0.00437127496951	0.00522577764037	0.0034223046667	0.000549629858642	0.000300578828945	6.0115765789e-05	0.00170041737517	0.00299290633964	0.00164030160938	0.00053245392556	7.72916988715e-05	4.72338159771e-05	4.29398327064e-05
0.00142989642912	0.000206111196991	0.00073427113928	0	0.00626062760859	4.72338159771e-05	0.00306590405524	0.0153209323096	0.00286838082479	0.00215557960186	0.00351247831538	0.000420810360523	0.00178629704059	0.000141701447931	0.00369282561275	0.000240463063156	0.00321189948644	0.000833032754504	7.72916988715e-05	0.000382164511087	0.00231445698288	0.0128089520963	0.00291990862404	0.00547912265334	0.0245229384586	5.58217825183e-05	0.000609745624431	0.00136119269679	0.0643066934611	0.0101338005187	0.0124697274179	1.28819498119e-05	8.58796654128e-05	0.00809415846516	0.0114520533828	0.000455162226688	0.000107349581766	7.29977156009e-05	0	0.00106490785112	0	0.000407928410711	0.00138266261315	0.000429398327064	0.00589993301386	0.00170900534172	9.44676319541e-05	0.00040363442744	2.14699163532e-05	0.000476632143041	4.29398327064e-05	0.000356400611463	5.58217825183e-05	1.71759330826e-05	5.15277992477e-05	0.00154583397743	0.000111643565037	0.00168753542536	0.000407928410711	0.00627350955841	8.58796654128e-06	0.000111643565037	0.000236169079885	0.003173253637	0.000360694594734	0.000253345012968	0	0	3.43518661651e-05	0.000253345012968	0.00357688806444	0.000824444787963	0.00511413407533	0.00254203809622	0.00102196801841	0.000459456209959	3.86458494358e-05	0.000858796654128	0.000167465347555	0.000425104343793	0.000167465347555	0.000364988578005	6.0115765789e-05	1.71759330826e-05
0.0128776558287	0.00020181721372	0.00100049810206	0	0.00195805637141	0.000253345012968	0.00534600917195	0.00888854537023	0.00908606860068	0.00165747754247	0.00412651792309	0.00348242043249	0.00561223613473	0.00134401676371	0.0281985881383	0.000326342728569	0.000841620721046	0.00168753542536	0.000412222393982	0.00111643565037	0.00279538310919	0.00711513027945	0.000815856821422	0.00549629858642	0.00973875405781	0.000364988578005	0.0021641675684	0.0014041325295	0.0101338005187	0.0712243005101	0.0255363185105	0.000103055598495	0.0026622696278	0.0218349049312	0.0342616925164	0.000425104343793	0.000115937548307	6.87037323303e-05	0	0.0004680441765	4.29398327064e-06	0.000541041892101	0.00112931760018	0.000549629858642	0.00377441129489	0.000888854537023	0.000115937548307	0.000141701447931	4.29398327064e-05	0.000691331306573	6.87037323303e-05	0.000124525514849	6.44097490596e-05	2.57638996238e-05	7.29977156009e-05	0.000489514092853	8.58796654128e-05	0.000326342728569	0.000214699163532	0.0048564950791	3.00578828945e-05	0.000193229247179	0.000279108912592	0.00196235035468	0.000364988578005	7.29977156009e-05	8.58796654128e-06	0	1.71759330826e-05	0.000356400611463	0.0057625255492	0.00179488500713	0.0145909551536	0.00504113635973	0.00151577609454	0.00145995431202	0.000176053314096	0.000712801222926	0.000236169079885	0.000631215540784	0.000309166795486	0.00039934044417	0.00013311348139	5.58217825183e-05
