0.0187431011445	1.08929297624e-05	4.35717190496e-05	0	0.000163393946436	0	0.000403038401208	0.00997429268576	0.002200371812	0.00120911520363	0.00177191657468	9.07744146866e-05	0.000177917852786	7.26195317493e-06	0.00692427235229	8.71434380991e-05	4.7202695637e-05	7.26195317493e-05	1.45239063499e-05	7.26195317493e-05	0.000116191250799	0.000403038401208	0.000294109103585	0.000337680822634	0.00207328763144	3.63097658746e-06	4.7202695637e-05	0.000101667344449	0.00291204322315	0.00576599082089	0.00390693080811	0	1.08929297624e-05	0.00019970371231	0.00104935223378	5.08336722245e-05	3.63097658746e-05	3.63097658746e-05	0	1.81548829373e-05	0	2.54168361122e-05	0.000112560274211	8.35124615116e-05	0.00025779933771	3.26787892872e-05	3.63097658746e-06	6.17266019869e-05	7.26195317493e-06	0.000108929297624	0	0.000297740080172	1.81548829373e-05	0	3.63097658746e-06	3.99407424621e-05	0.00019970371231	0.000577325277407	0.000181548829373	0.000450241096845	3.63097658746e-06	2.17858595248e-05	4.35717190496e-05	0.000366728635334	0.000203334688898	0.000305002033347	0	0	0.000141608086911	0.000308633009934	0.000526491605182	6.17266019869e-05	0.000889589263928	0.000261430314297	0.000174286876198	2.54168361122e-05	3.63097658746e-06	0.000108929297624	3.26787892872e-05	0.000130715157149	4.35717190496e-05	7.26195317493e-06	7.26195317493e-06	1.08929297624e-05
1.08929297624e-05	0.0122944867251	0.00127084180561	0	3.99407424621e-05	0	3.63097658746e-06	4.7202695637e-05	2.90478126997e-05	0.00183001220008	7.26195317493e-06	0.000152501016673	0.000101667344449	0.000127084180561	3.63097658746e-05	0	0.000141608086911	0.000475657932958	2.90478126997e-05	0.000312263986522	0	0.000188810782548	0.00288299541045	0.000860541451229	0.00147054551792	0.000871434380991	0.00232382501598	0.00621260094115	0.000145239063499	3.63097658746e-05	8.35124615116e-05	0	0	1.08929297624e-05	0.000635420902806	7.26195317493e-06	0.00628885144949	0.000849648521466	0	3.63097658746e-06	0	0	1.45239063499e-05	1.45239063499e-05	5.08336722245e-05	0	7.62505083367e-05	3.63097658746e-06	0.000236013478185	1.81548829373e-05	7.26195317493e-06	7.98814849242e-05	0.00027232324406	9.07744146866e-05	0.000246906407947	3.63097658746e-06	1.81548829373e-05	0.000301371056759	0.000101667344449	4.35717190496e-05	0.00170292801952	0.00163030848777	0.0053302736304	1.45239063499e-05	2.17858595248e-05	2.90478126997e-05	4.35717190496e-05	0	7.26195317493e-06	7.98814849242e-05	0.000305002033347	0.00028684715041	0.000377621565096	5.08336722245e-05	2.54168361122e-05	0	2.17858595248e-05	0.000163393946436	0.000203334688898	9.07744146866e-05	3.63097658746e-05	1.08929297624e-05	3.63097658746e-06	0
4.35717190496e-05	0.00127084180561	0.0310702666589	0	1.08929297624e-05	0	3.26787892872e-05	0.000671730668681	7.98814849242e-05	0.000221489571835	0.000156131993261	0.000127084180561	2.54168361122e-05	2.54168361122e-05	0.000145239063499	1.81548829373e-05	0.000134346133736	0.00732367977691	2.90478126997e-05	0.000482919886133	0	0.00131804450125	0.000490181839308	0.0103628071806	0.000439348167083	2.90478126997e-05	0.0084274966595	0.0104535815953	0.000827862661942	9.07744146866e-05	0.000983994655202	0	3.63097658746e-06	4.35717190496e-05	0.00240733747749	2.90478126997e-05	0.00728373903445	0.00205150177192	0	0	0	3.63097658746e-06	3.63097658746e-05	2.90478126997e-05	3.63097658746e-05	7.26195317493e-06	2.54168361122e-05	1.45239063499e-05	6.53575785743e-05	3.26787892872e-05	0	0.000119822227386	0.000566432347644	3.26787892872e-05	0.000359466682159	7.26195317493e-06	7.26195317493e-05	0.000406669377796	0.000352204728984	5.08336722245e-05	0.000337680822634	0.0023456108755	0.00534479753675	4.7202695637e-05	2.90478126997e-05	9.80363678615e-05	1.81548829373e-05	0	3.63097658746e-06	0.000148870040086	0.00221852669494	0.00244001626678	0.00183364317667	0.000301371056759	0.000119822227386	3.63097658746e-06	3.63097658746e-06	0.000275954220647	0.000294109103585	0.000134346133736	5.80956253994e-05	1.08929297624e-05	0	7.26195317493e-06
0	0	0	0	0	0	0	0	0	0	0	0	0	0	0	0	0	0	0	0	0	0	0	0	0	0	0	0	0	0	0	0	0	0	0	0	0	0	0	0	0	0	0	0	0	0	0	0	0	0	0	0	0	0	0	0	0	0	0	0	0	0	0	0	0	0	0	0	0	0	0	0	0	0	0	0	0	0	0	0	0	0	0	0
0.000163393946436	3.99407424621e-05	1.08929297624e-05	0	0.0160343926102	1.81548829373e-05	0.000406669377796	0.000976732702028	0.000312263986522	0.00340585603904	0.00354383314936	1.81548829373e-05	0.00171382094928	3.63097658746e-06	0.000384883518271	0.000137977110324	2.17858595248e-05	1.08929297624e-05	0	1.08929297624e-05	0.00586765816534	6.89885551618e-05	0.000134346133736	7.98814849242e-05	0.0095857781909	1.45239063499e-05	1.45239063499e-05	6.89885551618e-05	0.00572241910184	0.000123453203974	0.000141608086911	0	1.08929297624e-05	7.26195317493e-06	0.000137977110324	0.000112560274211	1.45239063499e-05	2.90478126997e-05	0	0.000344942775809	0	4.35717190496e-05	0.000210596642073	0.000188810782548	0.000559170394469	5.08336722245e-05	1.08929297624e-05	0.000156131993261	3.63097658746e-06	0.000188810782548	1.08929297624e-05	0.000123453203974	3.63097658746e-06	0	3.63097658746e-06	0.000196072735723	3.99407424621e-05	0.000265061290885	4.7202695637e-05	0.00118369836751	1.08929297624e-05	3.26787892872e-05	2.90478126997e-05	0.000610004066694	0.000312263986522	0.000319525939697	3.63097658746e-06	0	0.000206965665485	0.000450241096845	0.000188810782548	2.17858595248e-05	0.000308633009934	0.000105298321036	0.000268692267472	2.17858595248e-05	0	0.000163393946436	2.17858595248e-05	0.000170655899611	6.89885551618e-05	5.44646488119e-05	7.26195317493e-06	0
0	0	0	0	1.81548829373e-05	0.00668099692093	0.00230203915645	0.00027232324406	0.00133983036077	6.53575785743e-05	0.000595480160344	7.98814849242e-05	0.000141608086911	1.81548829373e-05	0.000751612153605	0.00139792598617	0	7.26195317493e-06	3.63097658746e-06	1.45239063499e-05	2.90478126997e-05	4.35717190496e-05	7.26195317493e-06	1.81548829373e-05	7.62505083367e-05	3.63097658746e-06	3.99407424621e-05	7.26195317493e-06	0.000134346133736	0.000148870040086	4.7202695637e-05	7.26195317493e-06	0.00105298321036	3.63097658746e-06	0.00022875152501	7.26195317493e-06	0	3.63097658746e-06	0	3.63097658746e-06	0	0	7.26195317493e-06	0	1.81548829373e-05	3.63097658746e-06	0	4.7202695637e-05	3.63097658746e-06	1.08929297624e-05	0	0	0	0	0	1.81548829373e-05	0	1.08929297624e-05	3.63097658746e-06	1.45239063499e-05	0	0	3.63097658746e-06	3.63097658746e-06	1.45239063499e-05	1.45239063499e-05	3.63097658746e-06	0	1.45239063499e-05	7.26195317493e-06	0.000137977110324	2.90478126997e-05	0.000370359611921	9.80363678615e-05	0.00114375762505	0.00125268692267	1.45239063499e-05	0	0	0	0	0	0	0
0.000403038401208	3.63097658746e-06	3.26787892872e-05	0	0.000406669377796	0.00230203915645	0.0402348515657	0.00453145878115	0.0169675535932	0.000980363678615	0.0225665194911	0.001100185906	0.00924446639168	9.80363678615e-05	0.00722927438564	0.00290841224656	1.08929297624e-05	0.000108929297624	0.000148870040086	0.000468395979783	0.00126357985244	0.000225120548423	2.17858595248e-05	0.000239644454773	0.0015649509092	3.26787892872e-05	0.000424824260733	0.000130715157149	0.00334049846047	0.00167388020682	0.000250537384535	1.45239063499e-05	0.000809707779004	2.17858595248e-05	0.0016230465346	3.99407424621e-05	7.26195317493e-06	7.26195317493e-06	0	5.08336722245e-05	0	1.81548829373e-05	5.44646488119e-05	4.35717190496e-05	0.000148870040086	0.000239644454773	3.63097658746e-06	0.00256710044734	1.81548829373e-05	5.80956253994e-05	0	2.90478126997e-05	3.63097658746e-06	0	0	0.000323156916284	1.08929297624e-05	4.35717190496e-05	2.54168361122e-05	0.000246906407947	1.45239063499e-05	1.45239063499e-05	1.81548829373e-05	0.000108929297624	7.62505083367e-05	9.80363678615e-05	3.63097658746e-06	0	6.17266019869e-05	0.000105298321036	0.000875065357579	0.000170655899611	0.0039396095974	0.000718933364318	0.0022875152501	0.00048655086272	3.26787892872e-05	5.44646488119e-05	1.45239063499e-05	3.26787892872e-05	2.17858595248e-05	7.26195317493e-06	0	3.63097658746e-06
0.00997429268576	4.7202695637e-05	0.000671730668681	0	0.000976732702028	0.00027232324406	0.00453145878115	0.0617193400337	0.00967655260559	0.00459318538314	0.0165971939813	0.000508336722245	0.000885958287341	2.17858595248e-05	0.0147453959217	0.000464765003195	0.000275954220647	0.000482919886133	7.26195317493e-05	0.000388514494859	0.000246906407947	0.00547551269389	0.000599111136931	0.00473479347005	0.00884505896706	2.17858595248e-05	0.000344942775809	0.000813338755592	0.0218875268692	0.00366728635334	0.0183001220008	3.63097658746e-06	0.000119822227386	0.000370359611921	0.00529759484111	0.000261430314297	0.000141608086911	0.000101667344449	0	5.44646488119e-05	0	0.000145239063499	0.000566432347644	0.000392145471446	0.00103845930401	7.26195317493e-05	2.54168361122e-05	0.000167024923023	1.81548829373e-05	0.000468395979783	3.63097658746e-06	0.000631789926219	3.99407424621e-05	1.08929297624e-05	2.54168361122e-05	0.000116191250799	0.000330418869459	0.00141608086911	0.000388514494859	0.00195709638064	2.90478126997e-05	5.80956253994e-05	0.000236013478185	0.00119822227386	0.000940422936153	0.00118006739093	0	3.63097658746e-06	0.000660837738918	0.00145965258816	0.00326787892872	0.000479288909545	0.00468759077441	0.00132530645442	0.0011582815314	0.000148870040086	3.26787892872e-05	0.000464765003195	9.80363678615e-05	0.000566432347644	0.00024327543136	6.53575785743e-05	2.90478126997e-05	1.81548829373e-05
0.002200371812	2.90478126997e-05	7.98814849242e-05	0	0.000312263986522	0.00133983036077	0.0169675535932	0.00967655260559	0.0421229593912	0.000911375123453	0.0169820774996	0.00160489165166	0.00188084587231	0.000163393946436	0.0239462905943	0.000399407424621	6.17266019869e-05	0.000185179805961	0.000192441759136	0.000541015511532	0.000482919886133	0.000475657932958	0.000112560274211	0.000570063324232	0.00196435833382	5.44646488119e-05	0.000577325277407	0.000163393946436	0.00406669377796	0.00277769708941	0.00102030442108	2.54168361122e-05	0.00072982629408	3.63097658746e-05	0.00221852669494	4.35717190496e-05	2.17858595248e-05	1.81548829373e-05	0	3.99407424621e-05	0	2.54168361122e-05	0.000108929297624	4.7202695637e-05	0.000181548829373	0.000141608086911	2.54168361122e-05	0.000896851217103	3.99407424621e-05	7.26195317493e-05	0	0.000141608086911	7.26195317493e-06	0	3.63097658746e-06	0.000185179805961	7.62505083367e-05	0.000236013478185	7.98814849242e-05	0.000428455237321	4.7202695637e-05	3.26787892872e-05	3.63097658746e-05	0.000265061290885	0.000141608086911	0.000167024923023	7.26195317493e-06	0	9.4405391274e-05	0.000232382501598	0.00119459129728	0.00022875152501	0.00403401498867	0.000704409457968	0.00215680009295	0.000388514494859	3.63097658746e-05	6.17266019869e-05	1.45239063499e-05	0.000101667344449	3.99407424621e-05	3.63097658746e-06	3.63097658746e-06	0
0.00120911520363	0.00183001220008	0.000221489571835	0	0.00340585603904	6.53575785743e-05	0.000980363678615	0.00459318538314	0.000911375123453	0.0345923139488	0.00223668157788	7.26195317493e-05	0.00622349387091	1.08929297624e-05	0.00132530645442	0.00139792598617	0.000602742113519	0.000152501016673	1.08929297624e-05	7.62505083367e-05	0.00143060477546	0.000432086213908	0.00614724336257	0.000769767036542	0.0254495149015	9.4405391274e-05	0.000305002033347	0.00193894149771	0.0103991169465	0.000566432347644	0.00119096032069	0	1.45239063499e-05	5.44646488119e-05	0.000649944809156	0.000566432347644	0.000326787892872	0.000159762969848	0	0.00044297914367	7.26195317493e-06	0.00024327543136	0.00124179399291	0.000849648521466	0.0050397955034	0.000181548829373	5.08336722245e-05	0.000203334688898	2.54168361122e-05	0.00109292395283	4.7202695637e-05	0.00189900075524	9.4405391274e-05	3.26787892872e-05	3.99407424621e-05	0.00027232324406	0.000693516528205	0.00459318538314	0.000798814849242	0.00680808110149	7.26195317493e-05	0.000145239063499	0.000395776448033	0.00359466682159	0.00187358391913	0.00270144658107	7.26195317493e-06	3.63097658746e-06	0.00144512868181	0.00279948294893	0.0011582815314	0.000156131993261	0.000780659966305	0.000246906407947	0.00116554348458	3.63097658746e-05	7.26195317493e-06	0.00114375762505	0.000177917852786	0.00101667344449	0.000392145471446	0.000352204728984	4.7202695637e-05	2.54168361122e-05
0.00177191657468	7.26195317493e-06	0.000156131993261	0	0.00354383314936	0.000595480160344	0.0225665194911	0.0165971939813	0.0169820774996	0.00223668157788	0.0747581769593	0.00118006739093	0.00920815662581	0.000101667344449	0.0141317608784	0.000359466682159	9.4405391274e-05	0.00019970371231	0.000192441759136	0.000588218207169	0.00675724742927	0.000824231685354	8.71434380991e-05	0.000915006100041	0.00470211468076	3.63097658746e-05	0.000504705745657	0.00024327543136	0.0118224597688	0.00216406204613	0.0012744727822	1.08929297624e-05	0.00028684715041	7.26195317493e-05	0.00256346947075	6.17266019869e-05	2.17858595248e-05	2.17858595248e-05	0	0.000341311799222	0	5.08336722245e-05	0.000174286876198	9.80363678615e-05	0.000421193284146	0.00172471387904	7.26195317493e-06	0.00674272352292	2.17858595248e-05	0.000108929297624	3.63097658746e-06	0.000105298321036	1.45239063499e-05	0	3.63097658746e-06	0.00311537791204	4.35717190496e-05	0.000196072735723	6.53575785743e-05	0.00103119735084	1.45239063499e-05	1.81548829373e-05	3.99407424621e-05	0.000620896996456	0.000181548829373	0.000217858595248	7.26195317493e-06	0	0.000119822227386	0.000283216173822	0.00190989368501	0.00024327543136	0.00557718003834	0.0012744727822	0.00237828966479	0.000297740080172	4.35717190496e-05	0.000159762969848	3.26787892872e-05	0.000134346133736	6.17266019869e-05	6.53575785743e-05	3.63097658746e-06	7.26195317493e-06
9.07744146866e-05	0.000152501016673	0.000127084180561	0	1.81548829373e-05	7.98814849242e-05	0.001100185906	0.000508336722245	0.00160489165166	7.26195317493e-05	0.00118006739093	0.0285176901179	0.00028684715041	0.00543194097484	0.0024037065009	2.17858595248e-05	4.7202695637e-05	0.00184816708302	0.00352204728984	0.00947684889328	7.62505083367e-05	0.000297740080172	4.35717190496e-05	0.000762505083367	0.000196072735723	0.00131441352466	0.00805350607099	0.0015068552838	0.000341311799222	0.00264335095567	0.000181548829373	0.000308633009934	0.000105298321036	2.17858595248e-05	0.00998155463894	7.26195317493e-06	0.000217858595248	2.90478126997e-05	0	7.26195317493e-06	0	7.26195317493e-06	1.08929297624e-05	2.17858595248e-05	1.45239063499e-05	7.26195317493e-06	0.000446610120258	0.000163393946436	0.00125994887585	3.26787892872e-05	0	1.81548829373e-05	7.26195317493e-06	0.000101667344449	4.7202695637e-05	2.54168361122e-05	3.63097658746e-06	4.7202695637e-05	3.63097658746e-06	5.08336722245e-05	0.00130715157149	0.000969470748853	0.000780659966305	1.81548829373e-05	5.08336722245e-05	3.63097658746e-05	0.000268692267472	3.63097658746e-06	1.81548829373e-05	7.26195317493e-05	0.00200066809969	0.0035619880323	0.0104172718294	0.00146328356475	0.000261430314297	3.26787892872e-05	0.000998518561552	4.35717190496e-05	5.44646488119e-05	3.99407424621e-05	2.17858595248e-05	0	3.63097658746e-06	7.26195317493e-06
0.000177917852786	0.000101667344449	2.54168361122e-05	0	0.00171382094928	0.000141608086911	0.00924446639168	0.000885958287341	0.00188084587231	0.00622349387091	0.00920815662581	0.00028684715041	0.0295815662581	1.81548829373e-05	0.0012454249695	0.00217495497589	2.90478126997e-05	2.54168361122e-05	5.08336722245e-05	0.000134346133736	0.00606736187765	3.63097658746e-05	0.000261430314297	7.26195317493e-05	0.00566432347644	7.26195317493e-06	0.000119822227386	0.000112560274211	0.00204423981874	0.000370359611921	6.17266019869e-05	0	5.44646488119e-05	7.26195317493e-06	0.00044297914367	3.63097658746e-05	2.54168361122e-05	1.45239063499e-05	0	0.000450241096845	0	2.90478126997e-05	0.000101667344449	4.7202695637e-05	0.000479288909545	0.000116191250799	7.26195317493e-06	0.00261430314297	3.63097658746e-06	6.89885551618e-05	7.26195317493e-06	3.63097658746e-05	7.26195317493e-06	3.63097658746e-06	0	0.000301371056759	1.81548829373e-05	9.07744146866e-05	4.35717190496e-05	0.000813338755592	7.26195317493e-06	0	3.26787892872e-05	0.000341311799222	8.71434380991e-05	0.000119822227386	3.63097658746e-06	0	6.53575785743e-05	0.000123453203974	0.000246906407947	3.26787892872e-05	0.00106387614013	0.000177917852786	0.000755243130192	3.26787892872e-05	1.08929297624e-05	0.000123453203974	7.26195317493e-06	2.90478126997e-05	1.08929297624e-05	5.80956253994e-05	0	7.26195317493e-06
7.26195317493e-06	0.000127084180561	2.54168361122e-05	0	3.63097658746e-06	1.81548829373e-05	9.80363678615e-05	2.17858595248e-05	0.000163393946436	1.08929297624e-05	0.000101667344449	0.00543194097484	1.81548829373e-05	0.0145820019753	0.000254168361122	0	3.63097658746e-06	9.4405391274e-05	0.000206965665485	0.000334049846047	0	1.08929297624e-05	1.81548829373e-05	3.63097658746e-05	1.08929297624e-05	0.00179370243421	0.00488729448673	0.00233471794574	1.81548829373e-05	0.000217858595248	1.08929297624e-05	0.000559170394469	1.81548829373e-05	3.63097658746e-06	0.000929530006391	3.63097658746e-06	0.000112560274211	7.26195317493e-06	0	0	0	3.63097658746e-06	0	7.26195317493e-06	3.63097658746e-06	0	0.000809707779004	2.54168361122e-05	0.00288662638703	1.08929297624e-05	0	3.63097658746e-06	3.63097658746e-06	0.000137977110324	3.99407424621e-05	3.63097658746e-06	0	1.45239063499e-05	7.26195317493e-06	3.63097658746e-06	0.00202971591239	0.00112560274211	0.000831493638529	3.63097658746e-06	2.17858595248e-05	3.63097658746e-06	0.000479288909545	0	0	5.08336722245e-05	0.000167024923023	0.00312990181839	0.00148143844768	0.000108929297624	2.54168361122e-05	1.45239063499e-05	0.000755243130192	2.54168361122e-05	7.26195317493e-05	3.63097658746e-05	1.08929297624e-05	0	3.63097658746e-06	3.26787892872e-05
0.00692427235229	3.63097658746e-05	0.000145239063499	0	0.000384883518271	0.000751612153605	0.00722927438564	0.0147453959217	0.0239462905943	0.00132530645442	0.0141317608784	0.0024037065009	0.0012454249695	0.000254168361122	0.0481612734561	0.000254168361122	0.000130715157149	0.000250537384535	0.000279585197235	0.000722564340905	0.000548277464707	0.000791552896067	0.000246906407947	0.000893220240516	0.00262519607274	6.89885551618e-05	0.000816969732179	0.000297740080172	0.0048655086272	0.00934976471272	0.00237828966479	3.63097658746e-05	0.00112197176553	0.00021422761866	0.00412478940336	7.26195317493e-05	2.90478126997e-05	3.63097658746e-05	0	3.99407424621e-05	0	2.54168361122e-05	0.000174286876198	8.71434380991e-05	0.000250537384535	0.000152501016673	3.63097658746e-05	0.000882327310754	6.17266019869e-05	0.000134346133736	0	0.000225120548423	2.17858595248e-05	0	7.26195317493e-06	0.000170655899611	0.000127084180561	0.000421193284146	0.000119822227386	0.000591849183756	7.26195317493e-05	6.17266019869e-05	6.17266019869e-05	0.000348573752396	0.000217858595248	0.000344942775809	1.81548829373e-05	0	0.000141608086911	0.000308633009934	0.00183001220008	0.000403038401208	0.00551908441294	0.000911375123453	0.00227662232034	0.000377621565096	9.80363678615e-05	9.07744146866e-05	3.26787892872e-05	0.000119822227386	4.7202695637e-05	1.81548829373e-05	3.63097658746e-06	1.08929297624e-05
8.71434380991e-05	0	1.81548829373e-05	0	0.000137977110324	0.00139792598617	0.00290841224656	0.000464765003195	0.000399407424621	0.00139792598617	0.000359466682159	2.17858595248e-05	0.00217495497589	0	0.000254168361122	0.00763231278685	9.80363678615e-05	1.08929297624e-05	7.26195317493e-06	1.08929297624e-05	0.000119822227386	0.000246906407947	6.17266019869e-05	0.00022875152501	0.00102393539766	0	1.81548829373e-05	2.17858595248e-05	0.000747981177017	7.62505083367e-05	0.000206965665485	0	0.000196072735723	4.35717190496e-05	0.000221489571835	1.81548829373e-05	1.08929297624e-05	7.26195317493e-06	0	7.26195317493e-06	0	1.08929297624e-05	4.35717190496e-05	1.81548829373e-05	0.000101667344449	3.63097658746e-06	3.63097658746e-06	2.90478126997e-05	7.26195317493e-06	3.63097658746e-05	0	5.44646488119e-05	1.08929297624e-05	0	3.63097658746e-06	2.54168361122e-05	3.26787892872e-05	0.000108929297624	4.35717190496e-05	0.000141608086911	3.63097658746e-06	3.63097658746e-06	1.81548829373e-05	7.26195317493e-05	5.80956253994e-05	7.98814849242e-05	0	0	5.08336722245e-05	6.89885551618e-05	0.000711671411143	4.7202695637e-05	0.000221489571835	7.62505083367e-05	0.00072982629408	0.000188810782548	0	3.63097658746e-05	3.63097658746e-06	3.63097658746e-06	7.26195317493e-06	3.63097658746e-06	0	0
4.7202695637e-05	0.000141608086911	0.000134346133736	0	2.17858595248e-05	0	1.08929297624e-05	0.000275954220647	6.17266019869e-05	0.000602742113519	9.4405391274e-05	4.7202695637e-05	2.90478126997e-05	3.63097658746e-06	0.000130715157149	9.80363678615e-05	0.0191570324755	0.000108929297624	3.63097658746e-06	4.7202695637e-05	7.26195317493e-06	0.00290478126997	0.00534479753675	0.00639778074711	0.00843838958926	3.63097658746e-06	6.53575785743e-05	0.00224394353105	0.00412842037995	3.63097658746e-05	0.000624527973044	0	3.63097658746e-06	5.44646488119e-05	0.000885958287341	5.08336722245e-05	0.000127084180561	0.000181548829373	0	3.63097658746e-06	0	1.08929297624e-05	3.99407424621e-05	3.99407424621e-05	2.54168361122e-05	0	3.63097658746e-06	7.26195317493e-06	3.63097658746e-06	7.62505083367e-05	3.63097658746e-06	0.00205150177192	7.62505083367e-05	1.45239063499e-05	3.63097658746e-05	3.63097658746e-06	0.000599111136931	0.00294472201243	0.00171745192587	0.000101667344449	1.45239063499e-05	7.26195317493e-05	0.00183364317667	0.000246906407947	0.000101667344449	0.000344942775809	0	0	9.07744146866e-05	0.000181548829373	0.00224757450764	0.000925899029803	0.000751612153605	0.00028684715041	9.4405391274e-05	1.08929297624e-05	1.08929297624e-05	0.000239644454773	7.98814849242e-05	0.000112560274211	0.000112560274211	1.45239063499e-05	7.26195317493e-06	7.26195317493e-06
7.26195317493e-05	0.000475657932958	0.00732367977691	0	1.08929297624e-05	7.26195317493e-06	0.000108929297624	0.000482919886133	0.000185179805961	0.000152501016673	0.00019970371231	0.00184816708302	2.54168361122e-05	9.4405391274e-05	0.000250537384535	1.08929297624e-05	0.000108929297624	0.0285648928136	0.000330418869459	0.00896851217103	3.63097658746e-06	0.00113286469529	0.000239644454773	0.0104681055017	0.000275954220647	0.000101667344449	0.00902297681985	0.00454235171092	0.000413931330971	0.000962208795678	0.000769767036542	7.26195317493e-06	0	9.4405391274e-05	0.00876154650555	1.08929297624e-05	0.00261067216639	0.000403038401208	0	0	0	0	3.63097658746e-06	1.08929297624e-05	1.45239063499e-05	7.26195317493e-06	7.26195317493e-06	1.81548829373e-05	0.000123453203974	1.45239063499e-05	0	6.53575785743e-05	0.000170655899611	3.26787892872e-05	0.000206965665485	1.08929297624e-05	2.54168361122e-05	0.000130715157149	6.53575785743e-05	2.17858595248e-05	0.000584587230582	0.00168477313658	0.00198614419334	1.45239063499e-05	7.26195317493e-06	3.63097658746e-05	1.81548829373e-05	0	3.63097658746e-06	5.08336722245e-05	0.00299555568466	0.00190989368501	0.00518866554348	0.000795183872654	0.000112560274211	3.63097658746e-06	1.45239063499e-05	0.000112560274211	9.4405391274e-05	3.63097658746e-05	2.54168361122e-05	1.08929297624e-05	0	3.63097658746e-06
1.45239063499e-05	2.90478126997e-05	2.90478126997e-05	0	0	3.63097658746e-06	0.000148870040086	7.26195317493e-05	0.000192441759136	1.08929297624e-05	0.000192441759136	0.00352204728984	5.08336722245e-05	0.000206965665485	0.000279585197235	7.26195317493e-06	3.63097658746e-06	0.000330418869459	0.00572605007843	0.00274138732353	1.81548829373e-05	3.63097658746e-05	0	0.000130715157149	2.54168361122e-05	8.71434380991e-05	0.00266876779179	0.000188810782548	4.35717190496e-05	0.000301371056759	5.08336722245e-05	1.45239063499e-05	0	3.63097658746e-06	0.00111107883576	0	7.98814849242e-05	1.08929297624e-05	0	3.63097658746e-06	0	0	3.63097658746e-06	0	3.63097658746e-06	0	9.07744146866e-05	1.81548829373e-05	0.000359466682159	3.63097658746e-06	0	0	7.26195317493e-06	5.44646488119e-05	1.08929297624e-05	7.26195317493e-06	3.63097658746e-06	0	7.26195317493e-06	1.45239063499e-05	0.000519229652007	0.000355835705571	0.000326787892872	7.26195317493e-06	7.26195317493e-06	7.26195317493e-06	7.98814849242e-05	0	0	1.08929297624e-05	0.000363097658746	0.000439348167083	0.00159036774531	0.00027232324406	4.35717190496e-05	3.63097658746e-06	3.63097658746e-06	1.08929297624e-05	1.45239063499e-05	1.45239063499e-05	0	0	0	0
7.26195317493e-05	0.000312263986522	0.000482919886133	0	1.08929297624e-05	1.45239063499e-05	0.000468395979783	0.000388514494859	0.000541015511532	7.62505083367e-05	0.000588218207169	0.00947684889328	0.000134346133736	0.000334049846047	0.000722564340905	1.08929297624e-05	4.7202695637e-05	0.00896851217103	0.00274138732353	0.0223849706617	2.54168361122e-05	0.000450241096845	6.89885551618e-05	0.00208054958462	0.000134346133736	0.000268692267472	0.00578051472724	0.00208781153779	0.000225120548423	0.00148870040086	0.000315894963109	2.54168361122e-05	2.17858595248e-05	3.99407424621e-05	0.00807892290711	3.63097658746e-06	0.000762505083367	9.07744146866e-05	0	3.63097658746e-06	0	0	7.26195317493e-06	0	1.45239063499e-05	0	7.26195317493e-05	7.98814849242e-05	0.000283216173822	1.08929297624e-05	0	1.08929297624e-05	3.63097658746e-06	4.7202695637e-05	6.89885551618e-05	1.08929297624e-05	3.63097658746e-06	3.99407424621e-05	1.81548829373e-05	2.17858595248e-05	0.00102756637425	0.00102756637425	0.00110744785918	1.08929297624e-05	2.17858595248e-05	2.17858595248e-05	6.53575785743e-05	0	7.26195317493e-06	4.35717190496e-05	0.00249448091559	0.00118006739093	0.00690248649277	0.00138703305641	0.000137977110324	1.08929297624e-05	2.54168361122e-05	5.80956253994e-05	4.7202695637e-05	3.26787892872e-05	1.45239063499e-05	0	0	3.63097658746e-06
0.000116191250799	0	0	0	0.00586765816534	2.90478126997e-05	0.00126357985244	0.000246906407947	0.000482919886133	0.00143060477546	0.00675724742927	7.62505083367e-05	0.00606736187765	0	0.000548277464707	0.000119822227386	7.26195317493e-06	3.63097658746e-06	1.81548829373e-05	2.54168361122e-05	0.0172035670714	1.81548829373e-05	7.26195317493e-06	3.26787892872e-05	0.00226209841399	3.63097658746e-06	3.99407424621e-05	3.63097658746e-06	0.00247269505606	0.000134346133736	1.08929297624e-05	0	1.81548829373e-05	0	0.000167024923023	3.26787892872e-05	3.63097658746e-06	3.63097658746e-06	0	0.000591849183756	0	2.17858595248e-05	7.62505083367e-05	4.7202695637e-05	0.000210596642073	0.000141608086911	3.63097658746e-06	0.00100578051473	3.63097658746e-06	6.53575785743e-05	7.26195317493e-06	0	3.63097658746e-06	0	0	0.000570063324232	3.63097658746e-06	7.26195317493e-06	3.63097658746e-06	0.000533753558357	0	7.26195317493e-06	3.63097658746e-06	0.000250537384535	6.89885551618e-05	5.80956253994e-05	3.63097658746e-06	0	5.80956253994e-05	9.4405391274e-05	0.000141608086911	1.08929297624e-05	0.000403038401208	8.35124615116e-05	0.00045750305002	2.17858595248e-05	0	7.62505083367e-05	3.63097658746e-06	3.26787892872e-05	2.17858595248e-05	4.7202695637e-05	0	3.63097658746e-06
0.000403038401208	0.000188810782548	0.00131804450125	0	6.89885551618e-05	4.35717190496e-05	0.000225120548423	0.00547551269389	0.000475657932958	0.000432086213908	0.000824231685354	0.000297740080172	3.63097658746e-05	1.08929297624e-05	0.000791552896067	0.000246906407947	0.00290478126997	0.00113286469529	3.63097658746e-05	0.000450241096845	1.81548829373e-05	0.0532119618893	0.00274864927671	0.0292148376227	0.00302460349736	1.08929297624e-05	0.00047202695637	0.00224757450764	0.010606082612	0.000613635043281	0.0217894905014	0	1.08929297624e-05	0.0024037065009	0.0112051937489	6.53575785743e-05	0.000392145471446	0.000406669377796	0	7.26195317493e-06	0	1.08929297624e-05	6.53575785743e-05	6.17266019869e-05	6.17266019869e-05	3.63097658746e-06	1.45239063499e-05	1.81548829373e-05	1.08929297624e-05	0.000101667344449	0	0.00108203102306	0.000137977110324	7.26195317493e-06	6.17266019869e-05	1.45239063499e-05	0.000439348167083	0.00275591122988	0.00142697379887	0.000279585197235	1.08929297624e-05	0.000174286876198	0.00112560274211	0.000250537384535	0.000148870040086	0.000359466682159	1.08929297624e-05	3.63097658746e-06	9.07744146866e-05	0.000294109103585	0.00855458084006	0.00203334688898	0.0063433160983	0.00171745192587	0.000399407424621	8.35124615116e-05	1.81548829373e-05	0.000283216173822	0.000119822227386	0.000188810782548	0.000167024923023	1.08929297624e-05	1.08929297624e-05	0
0.000294109103585	0.00288299541045	0.000490181839308	0	0.000134346133736	7.26195317493e-06	2.17858595248e-05	0.000599111136931	0.000112560274211	0.00614724336257	8.71434380991e-05	4.35717190496e-05	0.000261430314297	1.81548829373e-05	0.000246906407947	6.17266019869e-05	0.00534479753675	0.000239644454773	0	6.89885551618e-05	7.26195317493e-06	0.00274864927671	0.0276135769477	0.00666647301458	0.0075887410678	0.000156131993261	0.000428455237321	0.00636510195782	0.00242549236043	0.000145239063499	0.001390664033	0	3.63097658746e-06	6.17266019869e-05	0.000915006100041	0.000123453203974	0.00225120548423	0.00116554348458	0	0	0	1.81548829373e-05	9.4405391274e-05	0.000119822227386	0.000308633009934	7.26195317493e-06	1.45239063499e-05	1.81548829373e-05	2.54168361122e-05	0.000181548829373	7.26195317493e-06	0.0037943705339	0.000348573752396	1.45239063499e-05	0.000116191250799	1.08929297624e-05	0.00160126067507	0.012269069889	0.00464765003195	0.000784290942892	0.000130715157149	0.000323156916284	0.00512330796491	0.000824231685354	0.000297740080172	0.000831493638529	1.08929297624e-05	3.63097658746e-06	0.000246906407947	0.000573694300819	0.000904113170278	0.000319525939697	0.000519229652007	0.000156131993261	9.80363678615e-05	7.26195317493e-06	7.26195317493e-06	0.000671730668681	0.000301371056759	0.000301371056759	0.000192441759136	3.63097658746e-05	7.26195317493e-06	7.26195317493e-06
0.000337680822634	0.000860541451229	0.0103628071806	0	7.98814849242e-05	1.81548829373e-05	0.000239644454773	0.00473479347005	0.000570063324232	0.000769767036542	0.000915006100041	0.000762505083367	7.26195317493e-05	3.63097658746e-05	0.000893220240516	0.00022875152501	0.00639778074711	0.0104681055017	0.000130715157149	0.00208054958462	3.26787892872e-05	0.0292148376227	0.00666647301458	0.0765809272062	0.00422282577122	3.99407424621e-05	0.00277769708941	0.0122799628188	0.00800267239877	0.000671730668681	0.00913190611747	0	1.81548829373e-05	0.000384883518271	0.0153154592459	4.7202695637e-05	0.00375806076802	0.00186632196596	0	7.26195317493e-06	0	1.08929297624e-05	6.89885551618e-05	5.44646488119e-05	0.000112560274211	7.26195317493e-06	1.45239063499e-05	3.26787892872e-05	4.7202695637e-05	0.000105298321036	7.26195317493e-06	0.00174649973857	0.000511967698832	2.54168361122e-05	0.000250537384535	2.17858595248e-05	0.000533753558357	0.00543194097484	0.00263971997909	0.000268692267472	0.000156131993261	0.0010420902806	0.00538110730262	0.000261430314297	0.000156131993261	0.000377621565096	1.08929297624e-05	0	0.000101667344449	0.000363097658746	0.0130606227851	0.00491634229942	0.008282257596	0.00188810782548	0.000628158949631	6.17266019869e-05	2.17858595248e-05	0.00051559867542	0.000308633009934	0.000323156916284	0.000250537384535	2.54168361122e-05	3.63097658746e-06	7.26195317493e-06
0.00207328763144	0.00147054551792	0.000439348167083	0	0.0095857781909	7.62505083367e-05	0.0015649509092	0.00884505896706	0.00196435833382	0.0254495149015	0.00470211468076	0.000196072735723	0.00566432347644	1.08929297624e-05	0.00262519607274	0.00102393539766	0.00843838958926	0.000275954220647	2.54168361122e-05	0.000134346133736	0.00226209841399	0.00302460349736	0.0075887410678	0.00422282577122	0.0643300122001	8.71434380991e-05	0.000381252541684	0.0025198977517	0.0302569279033	0.00122727008656	0.00314805670133	0	3.99407424621e-05	0.00024327543136	0.00206239470168	0.000595480160344	0.000312263986522	0.000305002033347	0	0.000395776448033	3.63097658746e-06	0.000232382501598	0.00125631789926	0.000925899029803	0.00355109510254	0.000196072735723	4.7202695637e-05	0.000232382501598	1.45239063499e-05	0.00113286469529	3.63097658746e-05	0.00216769302272	0.000116191250799	3.26787892872e-05	5.44646488119e-05	0.000261430314297	0.00116191250799	0.00511967698832	0.00162667751118	0.00641230465346	5.44646488119e-05	0.000196072735723	0.000537384534945	0.0037943705339	0.00189536977866	0.00259977923662	0	0	0.00144512868181	0.0029265671295	0.00319162842038	0.000602742113519	0.00230930110963	0.000853279498054	0.00117280543775	9.07744146866e-05	2.17858595248e-05	0.00107476906989	0.00021422761866	0.0011873293441	0.00048655086272	0.00025779933771	6.17266019869e-05	2.54168361122e-05
3.63097658746e-06	0.000871434380991	2.90478126997e-05	0	1.45239063499e-05	3.63097658746e-06	3.26787892872e-05	2.17858595248e-05	5.44646488119e-05	9.4405391274e-05	3.63097658746e-05	0.00131441352466	7.26195317493e-06	0.00179370243421	6.89885551618e-05	0	3.63097658746e-06	0.000101667344449	8.71434380991e-05	0.000268692267472	3.63097658746e-06	1.08929297624e-05	0.000156131993261	3.99407424621e-05	8.71434380991e-05	0.00848196130831	0.00201519200604	0.00212049032708	2.54168361122e-05	8.35124615116e-05	0	5.08336722245e-05	3.63097658746e-06	0	0.000275954220647	3.63097658746e-06	0.000283216173822	2.17858595248e-05	0	7.26195317493e-06	0	7.26195317493e-06	3.63097658746e-06	3.99407424621e-05	0	0	0.000904113170278	1.81548829373e-05	0.00286484052751	1.81548829373e-05	3.63097658746e-06	7.26195317493e-06	1.08929297624e-05	0.000116191250799	5.80956253994e-05	1.45239063499e-05	0	1.45239063499e-05	3.63097658746e-06	7.26195317493e-06	0.0036781792831	0.0011292337187	0.00143423575205	1.08929297624e-05	3.63097658746e-05	7.26195317493e-06	0.000392145471446	3.63097658746e-06	0	0.000148870040086	0.000119822227386	0.00165572532388	0.000305002033347	7.62505083367e-05	1.45239063499e-05	0	0.00071530238773	1.45239063499e-05	9.07744146866e-05	8.35124615116e-05	3.63097658746e-05	3.63097658746e-06	1.08929297624e-05	2.90478126997e-05
4.7202695637e-05	0.00232382501598	0.0084274966595	0	1.45239063499e-05	3.99407424621e-05	0.000424824260733	0.000344942775809	0.000577325277407	0.000305002033347	0.000504705745657	0.00805350607099	0.000119822227386	0.00488729448673	0.000816969732179	1.81548829373e-05	6.53575785743e-05	0.00902297681985	0.00266876779179	0.00578051472724	3.99407424621e-05	0.00047202695637	0.000428455237321	0.00277769708941	0.000381252541684	0.00201519200604	0.0563237088247	0.0175957125428	0.000297740080172	0.000904113170278	0.000344942775809	0.000588218207169	2.54168361122e-05	3.63097658746e-05	0.00449514901528	1.81548829373e-05	0.00764320571661	0.00047202695637	0	3.63097658746e-06	0	1.45239063499e-05	1.08929297624e-05	3.63097658746e-05	1.81548829373e-05	1.81548829373e-05	0.00102393539766	6.53575785743e-05	0.0037653227212	5.44646488119e-05	0	5.80956253994e-05	0.000221489571835	0.000566432347644	0.000795183872654	3.26787892872e-05	3.99407424621e-05	0.000141608086911	9.80363678615e-05	4.7202695637e-05	0.00823142392378	0.00795910067972	0.00908470342183	3.26787892872e-05	7.26195317493e-05	7.26195317493e-05	0.000751612153605	0	7.26195317493e-06	0.000294109103585	0.00259251728345	0.00595117062685	0.00594390867368	0.000889589263928	0.000177917852786	1.45239063499e-05	0.000192441759136	0.000275954220647	0.000490181839308	0.00022875152501	4.7202695637e-05	3.63097658746e-06	3.63097658746e-06	1.45239063499e-05
0.000101667344449	0.00621260094115	0.0104535815953	0	6.89885551618e-05	7.26195317493e-06	0.000130715157149	0.000813338755592	0.000163393946436	0.00193894149771	0.00024327543136	0.0015068552838	0.000112560274211	0.00233471794574	0.000297740080172	2.17858595248e-05	0.00224394353105	0.00454235171092	0.000188810782548	0.00208781153779	3.63097658746e-06	0.00224757450764	0.00636510195782	0.0122799628188	0.0025198977517	0.00212049032708	0.0175957125428	0.0674599140185	0.00100941149131	0.000275954220647	0.00114375762505	2.17858595248e-05	3.63097658746e-06	8.35124615116e-05	0.0056461685935	3.26787892872e-05	0.0118660314878	0.00302097252077	0	0	0	1.81548829373e-05	6.17266019869e-05	5.08336722245e-05	7.98814849242e-05	1.08929297624e-05	0.000261430314297	3.99407424621e-05	0.00109292395283	6.53575785743e-05	3.63097658746e-06	0.00071530238773	0.000820600708767	0.00025779933771	0.000649944809156	2.17858595248e-05	0.000236013478185	0.00250537384535	0.00123816301632	0.000123453203974	0.00314079474816	0.00488003253355	0.0124252018823	0.000177917852786	7.62505083367e-05	0.000188810782548	0.000221489571835	0	2.90478126997e-05	0.000330418869459	0.00522134433277	0.00299192470807	0.00401586010573	0.000766136059955	0.000275954220647	1.08929297624e-05	5.44646488119e-05	0.000497443792482	0.000493812815895	0.000348573752396	0.000159762969848	2.17858595248e-05	1.08929297624e-05	3.63097658746e-06
0.00291204322315	0.000145239063499	0.000827862661942	0	0.00572241910184	0.000134346133736	0.00334049846047	0.0218875268692	0.00406669377796	0.0103991169465	0.0118224597688	0.000341311799222	0.00204423981874	1.81548829373e-05	0.0048655086272	0.000747981177017	0.00412842037995	0.000413931330971	4.35717190496e-05	0.000225120548423	0.00247269505606	0.010606082612	0.00242549236043	0.00800267239877	0.0302569279033	2.54168361122e-05	0.000297740080172	0.00100941149131	0.0718642886191	0.00175376169174	0.0146364666241	0	7.98814849242e-05	0.000602742113519	0.00432449311567	0.000508336722245	0.000203334688898	0.00024327543136	0	0.000210596642073	0	0.000206965665485	0.000940422936153	0.000740719223842	0.00219674083542	0.000127084180561	3.26787892872e-05	0.000250537384535	2.17858595248e-05	0.000933160982978	1.81548829373e-05	0.00212049032708	5.80956253994e-05	2.54168361122e-05	4.7202695637e-05	0.000174286876198	0.00110381688259	0.00476747225934	0.00126357985244	0.00425913553709	4.35717190496e-05	0.000148870040086	0.000381252541684	0.00277406611282	0.0015649509092	0.00215316911637	0	3.63097658746e-06	0.00109292395283	0.00242912333701	0.00475294835299	0.000747981177017	0.00430633823273	0.00148870040086	0.00115465055481	0.000137977110324	3.63097658746e-05	0.000882327310754	0.00021422761866	0.00097310172544	0.000388514494859	0.000130715157149	3.63097658746e-05	1.08929297624e-05
0.00576599082089	3.63097658746e-05	9.07744146866e-05	0	0.000123453203974	0.000148870040086	0.00167388020682	0.00366728635334	0.00277769708941	0.000566432347644	0.00216406204613	0.00264335095567	0.000370359611921	0.000217858595248	0.00934976471272	7.62505083367e-05	3.63097658746e-05	0.000962208795678	0.000301371056759	0.00148870040086	0.000134346133736	0.000613635043281	0.000145239063499	0.000671730668681	0.00122727008656	8.35124615116e-05	0.000904113170278	0.000275954220647	0.00175376169174	0.0230821181665	0.00285394759775	2.90478126997e-05	0.000580956253994	0.00124179399291	0.00458955440655	2.90478126997e-05	6.17266019869e-05	2.90478126997e-05	0	1.81548829373e-05	0	3.63097658746e-06	7.98814849242e-05	2.17858595248e-05	0.000137977110324	2.90478126997e-05	3.99407424621e-05	0.000196072735723	7.62505083367e-05	6.17266019869e-05	0	0.000137977110324	7.26195317493e-06	7.26195317493e-06	7.26195317493e-06	5.08336722245e-05	9.4405391274e-05	0.00028684715041	7.98814849242e-05	0.000232382501598	7.98814849242e-05	8.71434380991e-05	0.000105298321036	0.000167024923023	0.000116191250799	0.000170655899611	3.26787892872e-05	0	8.35124615116e-05	0.000174286876198	0.000711671411143	0.000392145471446	0.00418651600534	0.000493812815895	0.000649944809156	0.000137977110324	7.98814849242e-05	6.17266019869e-05	3.63097658746e-06	6.89885551618e-05	2.17858595248e-05	0	0	3.63097658746e-06
