0.0187999612792	1.01896809101e-05	0.000157940054107	0	0.000229267820478	0	0.00229777304524	0.00384150970312	0.00522221146645	0.000453440800501	0.000911976441458	1.01896809101e-05	0.00133484819923	5.09484045507e-06	0.00525787534963	7.64226068261e-05	0.000208888458658	5.09484045507e-05	0	0	0.000840648675087	0.000534958247782	0.000280216225029	0.000596096333243	0.0013603224015	5.09484045507e-06	1.01896809101e-05	3.56638831855e-05	0.00161506442426	0.00766264004443	0.00318937012487	0	0	0.00104444229329	0.00255251506799	0	0	0	0	1.01896809101e-05	0	5.09484045507e-06	4.58535640956e-05	0	0.000188509096838	5.09484045507e-06	0	1.01896809101e-05	0	0	0	0	0	0	0	1.52845213652e-05	0	2.54742022754e-05	0	0.000142655532742	0	0	0	5.60432450058e-05	0	1.52845213652e-05	0	0	0	1.01896809101e-05	0.00114633910239	0.000173224575472	0.00142655532742	0.000438156279136	0.00034135431049	2.54742022754e-05	1.01896809101e-05	6.62329259159e-05	5.09484045507e-06	1.52845213652e-05	5.09484045507e-06	1.01896809101e-05	5.09484045507e-06	1.01896809101e-05
1.01896809101e-05	0.0142655532742	0.00234872144979	0	0	0	5.09484045507e-06	2.03793618203e-05	5.09484045507e-06	1.01896809101e-05	0	0.000101896809101	0	4.07587236406e-05	5.09484045507e-06	0	8.66122877362e-05	0.000871217717817	1.01896809101e-05	0.00068270862098	0	0.000137560692287	0.00213473815067	0.000917071281913	4.58535640956e-05	0.00068270862098	0.0046719686973	0.0100419305369	7.64226068261e-05	3.56638831855e-05	0.000101896809101	0	0	1.52845213652e-05	0.000794795110991	5.09484045507e-06	0.00245571309934	0.00039230271504	0	0	0	0	1.01896809101e-05	0	1.52845213652e-05	0	7.1327766371e-05	0	3.05690427304e-05	5.09484045507e-06	1.01896809101e-05	6.62329259159e-05	0.000280216225029	1.52845213652e-05	7.1327766371e-05	0	5.09484045507e-05	0.000448345960046	0.000290405905939	1.52845213652e-05	0.000178319415927	0.000891597079637	0.00108010617648	5.09484045507e-06	1.01896809101e-05	2.54742022754e-05	0	0	5.09484045507e-06	0.000259836863209	0.000397397555496	0.00126861527331	0.000799889951446	0.000310785267759	5.09484045507e-06	2.54742022754e-05	5.09484045507e-06	0.000112086490012	0.000534958247782	0.000213983299113	7.1327766371e-05	0	0	1.01896809101e-05
0.000157940054107	0.00234872144979	0.0367236100002	0	5.09484045507e-06	0	3.56638831855e-05	0.000219078139568	5.09484045507e-05	0.000101896809101	1.52845213652e-05	8.15174472811e-05	1.52845213652e-05	3.56638831855e-05	8.15174472811e-05	5.09484045507e-06	0.000968019686464	0.0050693662528	1.01896809101e-05	0.000718372504165	1.01896809101e-05	0.00211945362931	0.00199208261793	0.0164614295103	0.000224172980023	6.11380854609e-05	0.00734675993621	0.0131956367786	0.000754036387351	0.000310785267759	0.00128899463513	0	0	7.64226068261e-05	0.00370904385129	1.01896809101e-05	0.000871217717817	0.000213983299113	0	5.09484045507e-06	0	5.09484045507e-06	3.05690427304e-05	5.09484045507e-06	2.54742022754e-05	0	1.01896809101e-05	5.09484045507e-06	1.52845213652e-05	1.01896809101e-05	5.09484045507e-06	0.000112086490012	0.000117181330467	0	1.52845213652e-05	0	6.62329259159e-05	0.000804984791901	0.000305690427304	2.03793618203e-05	1.01896809101e-05	0.000183414256383	0.000509484045507	2.54742022754e-05	2.03793618203e-05	3.05690427304e-05	5.09484045507e-06	0	5.09484045507e-06	9.17071281913e-05	0.00332183597671	0.00476877066595	0.00395359619314	0.00168129735017	0.000122276170922	7.1327766371e-05	6.11380854609e-05	0.000326069789125	0.000213983299113	0.000117181330467	6.11380854609e-05	5.09484045507e-06	5.09484045507e-06	0
0	0	0	0	0	0	0	0	0	0	0	0	0	0	0	0	0	0	0	0	0	0	0	0	0	0	0	0	0	0	0	0	0	0	0	0	0	0	0	0	0	0	0	0	0	0	0	0	0	0	0	0	0	0	0	0	0	0	0	0	0	0	0	0	0	0	0	0	0	0	0	0	0	0	0	0	0	0	0	0	0	0	0	0
0.000229267820478	0	5.09484045507e-06	0	0.0160895061571	0	0.000687803461435	0.000927260962823	0.000193603937293	0.000234362660933	0.00275121384574	0	0.00201246197975	0	0.000112086490012	5.09484045507e-06	2.03793618203e-05	1.01896809101e-05	0	0	0.00750469999032	2.03793618203e-05	2.54742022754e-05	2.03793618203e-05	0.00523749598781	0	0	5.09484045507e-06	0.00509484045507	0.000112086490012	4.07587236406e-05	0	0	2.54742022754e-05	9.17071281913e-05	1.01896809101e-05	0	0	0	0.000840648675087	0	0	3.56638831855e-05	0	5.09484045507e-05	5.09484045507e-05	0	5.60432450058e-05	0	5.09484045507e-06	0	0	0	0	0	0.000591001492788	0	0	0	6.11380854609e-05	0	0	0	0.000117181330467	0	5.09484045507e-06	0	0	0	0	7.64226068261e-05	5.09484045507e-06	6.11380854609e-05	2.03793618203e-05	5.60432450058e-05	0	0	0	0	0	0	0	0	0
0	0	0	0	0	0.00403001879996	0.00151316761516	5.09484045507e-06	0.00105972681465	0	0	5.09484045507e-06	1.01896809101e-05	0	0.000616475695064	0.000519673726417	0	0	0	0	0	1.01896809101e-05	0	1.01896809101e-05	0	0	1.01896809101e-05	0	1.01896809101e-05	0.000672518940069	1.52845213652e-05	0	0.00135013272059	0	0.000626665375974	0	0	0	0	0	0	0	0	0	0	0	0	0	0	0	0	0	0	0	0	0	0	0	0	0	0	0	0	0	0	0	0	0	0	0	2.54742022754e-05	5.09484045507e-06	0.000122276170922	4.58535640956e-05	0.000764226068261	0.000168129735017	0	5.09484045507e-06	0	0	0	0	0	0
0.00229777304524	5.09484045507e-06	3.56638831855e-05	0	0.000687803461435	0.00151316761516	0.0339927755162	0.00188509096838	0.00981266271647	0.000234362660933	0.0104087590497	5.60432450058e-05	0.0115041497476	5.09484045507e-06	0.0046261151332	0.00143674500833	2.54742022754e-05	3.05690427304e-05	5.09484045507e-06	0	0.00372432837266	9.68019686464e-05	4.07587236406e-05	6.62329259159e-05	0.00145712437015	5.09484045507e-06	2.03793618203e-05	2.03793618203e-05	0.00152845213652	0.00283782613347	0.000305690427304	0	0.0011565287833	0.000183414256383	0.00203284134157	5.09484045507e-06	0	0	0	0	0	0	2.54742022754e-05	0	8.66122877362e-05	5.09484045507e-06	0	5.09484045507e-06	0	0	0	0	0	0	0	0	0	1.52845213652e-05	0	5.09484045507e-05	0	0	0	3.05690427304e-05	0	1.52845213652e-05	0	0	0	0	0.000417776917316	9.68019686464e-05	0.00127880495422	0.000275121384574	0.00202774650112	9.68019686464e-05	1.01896809101e-05	5.09484045507e-06	0	0	0	1.01896809101e-05	0	5.09484045507e-06
0.00384150970312	2.03793618203e-05	0.000219078139568	0	0.000927260962823	5.09484045507e-06	0.00188509096838	0.0307269827845	0.00131956367786	0.00135013272059	0.00377527677721	0	0.00181885804246	0	0.00120747718785	4.07587236406e-05	0.000463630481411	8.66122877362e-05	0	5.09484045507e-06	0.00176790963791	0.00116162362376	0.000677613780524	0.00119728750694	0.00466687385685	0	2.54742022754e-05	7.64226068261e-05	0.010658406232	0.00242514405661	0.00567055742649	0	0	0.000407587236406	0.00177809931882	1.52845213652e-05	5.09484045507e-06	0	0	3.05690427304e-05	0	0	0.000173224575472	0	0.000560432450058	3.05690427304e-05	0	2.54742022754e-05	0	1.52845213652e-05	0	1.01896809101e-05	0	0	0	3.05690427304e-05	1.01896809101e-05	5.60432450058e-05	5.09484045507e-06	0.000438156279136	0	5.09484045507e-06	0	0.000163034894562	1.52845213652e-05	3.05690427304e-05	0	0	5.09484045507e-06	5.09484045507e-06	0.000978209367374	0.000208888458658	0.00109029585739	0.000336259470035	0.000203793618203	2.03793618203e-05	0	2.54742022754e-05	0	0	0	3.56638831855e-05	0	0
0.00522221146645	5.09484045507e-06	5.09484045507e-05	0	0.000193603937293	0.00105972681465	0.00981266271647	0.00131956367786	0.0329839971061	0.000198698777748	0.00136541724196	5.60432450058e-05	0.00217549687432	5.09484045507e-06	0.0184382276069	0.00037192335322	5.09484045507e-05	3.56638831855e-05	0	1.01896809101e-05	0.000876312558272	0.000112086490012	7.1327766371e-05	0.000122276170922	0.000759131227806	1.01896809101e-05	2.54742022754e-05	2.54742022754e-05	0.000738751865985	0.0059303942897	0.000494199524142	0	0.00182904772337	0.000264931703664	0.00380075097948	0	0	0	0	5.09484045507e-06	0	0	2.03793618203e-05	0	6.11380854609e-05	5.09484045507e-06	0	5.09484045507e-06	0	0	5.09484045507e-06	5.09484045507e-06	0	0	0	5.09484045507e-06	0	1.01896809101e-05	0	5.60432450058e-05	0	0	0	2.54742022754e-05	0	5.09484045507e-06	0	0	0	0	0.000871217717817	0.000198698777748	0.00225191948114	0.000555337609603	0.000983304207829	0.000157940054107	1.52845213652e-05	2.54742022754e-05	0	0	0	1.01896809101e-05	0	5.09484045507e-06
0.000453440800501	1.01896809101e-05	0.000101896809101	0	0.000234362660933	0	0.000234362660933	0.00135013272059	0.000198698777748	0.0147495631174	0.000280216225029	0	0.00130937399695	0	0.000163034894562	0.00038211303413	0.000438156279136	1.01896809101e-05	0	0	0.000433061438681	0.000458535640956	0.00201246197975	0.000448345960046	0.00658762870841	0	2.03793618203e-05	4.07587236406e-05	0.00239457501388	0.000504389205052	0.000718372504165	0	0	0.000127371011377	0.000453440800501	6.62329259159e-05	5.09484045507e-06	0	0	8.15174472811e-05	0	4.58535640956e-05	0.000687803461435	2.03793618203e-05	0.00239966985434	0.000157940054107	0	6.11380854609e-05	0	6.62329259159e-05	5.09484045507e-06	9.17071281913e-05	0	0	0	7.1327766371e-05	7.64226068261e-05	0.00033116462958	6.11380854609e-05	0.00154883149834	0	0	1.01896809101e-05	0.000764226068261	3.56638831855e-05	0.000147750373197	0	0	1.01896809101e-05	7.64226068261e-05	0.000529863407327	0.000106991649556	0.000239457501388	8.15174472811e-05	0.000937450643733	5.09484045507e-06	5.09484045507e-06	0.000106991649556	2.03793618203e-05	2.54742022754e-05	1.01896809101e-05	6.62329259159e-05	5.09484045507e-06	5.09484045507e-06
0.000911976441458	0	1.52845213652e-05	0	0.00275121384574	0	0.0104087590497	0.00377527677721	0.00136541724196	0.000280216225029	0.0312160874682	0	0.0108367256479	5.09484045507e-06	0.000540053088238	6.11380854609e-05	1.01896809101e-05	5.09484045507e-06	0	0	0.00988908532329	2.54742022754e-05	3.05690427304e-05	2.54742022754e-05	0.0019615135752	0	0	0	0.00386188906494	0.00033116462958	0.000183414256383	0	5.09484045507e-06	7.1327766371e-05	0.000315880108214	1.01896809101e-05	0	0	0	1.01896809101e-05	0	0	4.07587236406e-05	5.09484045507e-06	0.000137560692287	0	0	2.54742022754e-05	0	5.09484045507e-06	0	0	0	0	0	0	0	0	0	7.64226068261e-05	0	0	0	1.01896809101e-05	5.09484045507e-06	1.52845213652e-05	0	0	0	0	0.000137560692287	5.09484045507e-06	0.000203793618203	4.07587236406e-05	0.000203793618203	0	1.01896809101e-05	5.09484045507e-06	0	0	0	2.03793618203e-05	0	0
1.01896809101e-05	0.000101896809101	8.15174472811e-05	0	0	5.09484045507e-06	5.60432450058e-05	0	5.60432450058e-05	0	0	0.0260346347254	1.01896809101e-05	0.00710730243482	9.68019686464e-05	1.52845213652e-05	5.09484045507e-06	0.000178319415927	0.0018596167661	0.00269007576028	0	2.03793618203e-05	2.03793618203e-05	9.68019686464e-05	0	0.0033116462958	0.00750979483077	0.00171696123336	5.09484045507e-06	0.000290405905939	1.52845213652e-05	0.000779510589626	1.52845213652e-05	1.01896809101e-05	0.00485538295368	0	0.000106991649556	1.01896809101e-05	0	0	0	0	0	0	0	0	0.000300595586849	0	0.000310785267759	0	0	0	1.01896809101e-05	3.56638831855e-05	5.60432450058e-05	0	0	0	5.09484045507e-06	0	0.000672518940069	0.000224172980023	0.000132465851832	0	0	0	1.01896809101e-05	0	0	4.07587236406e-05	0.000310785267759	0.0041166310877	0.00409115688542	0.000473820162322	3.05690427304e-05	2.03793618203e-05	0.00101387325056	3.56638831855e-05	0.000326069789125	8.66122877362e-05	2.03793618203e-05	0	1.01896809101e-05	6.62329259159e-05
0.00133484819923	0	1.52845213652e-05	0	0.00201246197975	1.01896809101e-05	0.0115041497476	0.00181885804246	0.00217549687432	0.00130937399695	0.0108367256479	1.01896809101e-05	0.0373910340998	5.09484045507e-06	0.0011565287833	0.00150297793425	3.56638831855e-05	1.01896809101e-05	0	0	0.0138885350805	6.11380854609e-05	2.03793618203e-05	8.15174472811e-05	0.00310785267759	0	5.09484045507e-06	1.52845213652e-05	0.00193603937293	0.000738751865985	0.000229267820478	0	5.09484045507e-06	0.000117181330467	0.000626665375974	1.52845213652e-05	0	0	0	5.09484045507e-06	0	5.09484045507e-06	4.58535640956e-05	1.01896809101e-05	0.000203793618203	0	0	7.64226068261e-05	0	1.01896809101e-05	0	0	0	0	0	0	0	1.52845213652e-05	0	0.000127371011377	0	0	0	5.60432450058e-05	5.09484045507e-06	5.09484045507e-06	0	0	0	0	0.00033116462958	4.07587236406e-05	0.000448345960046	6.62329259159e-05	0.00156921086016	2.03793618203e-05	5.09484045507e-06	1.01896809101e-05	0	0	0	1.52845213652e-05	0	0
5.09484045507e-06	4.07587236406e-05	3.56638831855e-05	0	0	0	5.09484045507e-06	0	5.09484045507e-06	0	5.09484045507e-06	0.00710730243482	5.09484045507e-06	0.0153456594507	1.52845213652e-05	0	5.09484045507e-06	3.05690427304e-05	0.000178319415927	0.00033116462958	5.09484045507e-06	2.54742022754e-05	5.09484045507e-06	6.11380854609e-05	0	0.00273083448392	0.00470253774003	0.00344920698808	0	5.09484045507e-05	1.01896809101e-05	0.00131446883741	0	2.03793618203e-05	0.000596096333243	0	4.58535640956e-05	1.01896809101e-05	0	0	0	5.09484045507e-06	5.09484045507e-06	5.09484045507e-06	0	0	0.000219078139568	0	0.000427966598226	0	0	5.09484045507e-06	0	2.03793618203e-05	4.07587236406e-05	0	5.09484045507e-06	5.09484045507e-06	5.09484045507e-06	0	0.000463630481411	0.000137560692287	7.1327766371e-05	0	0	0	5.09484045507e-06	0	0	5.09484045507e-05	0.000295500746394	0.00141636564651	0.00114633910239	0.000468725321867	5.09484045507e-06	2.54742022754e-05	0.00069289830189	8.15174472811e-05	0.000239457501388	0.000112086490012	8.15174472811e-05	1.52845213652e-05	2.54742022754e-05	9.17071281913e-05
0.00525787534963	5.09484045507e-06	8.15174472811e-05	0	0.000112086490012	0.000616475695064	0.0046261151332	0.00120747718785	0.0184382276069	0.000163034894562	0.000540053088238	9.68019686464e-05	0.0011565287833	1.52845213652e-05	0.0331979804052	0.000234362660933	8.66122877362e-05	5.09484045507e-05	0	3.05690427304e-05	0.000453440800501	0.000122276170922	0.000117181330467	0.000234362660933	0.000585906652333	5.09484045507e-06	7.64226068261e-05	5.60432450058e-05	0.000575716971423	0.0136541724196	0.000570622130968	0	0.00182395288292	0.0007030879828	0.00720919924393	0	0	0	0	1.01896809101e-05	0	5.09484045507e-06	2.54742022754e-05	0	8.66122877362e-05	5.09484045507e-06	0	5.09484045507e-06	0	0	5.09484045507e-06	5.09484045507e-06	0	5.09484045507e-06	0	1.01896809101e-05	0	2.03793618203e-05	0	6.62329259159e-05	0	0	0	3.05690427304e-05	0	5.09484045507e-06	0	0	0	0	0.00133484819923	0.000356638831855	0.00429495050362	0.000993493888739	0.00103934745283	0.000178319415927	2.54742022754e-05	4.07587236406e-05	5.09484045507e-06	5.09484045507e-06	5.09484045507e-06	5.09484045507e-06	0	5.09484045507e-06
7.64226068261e-05	0	5.09484045507e-06	0	5.09484045507e-06	0.000519673726417	0.00143674500833	4.07587236406e-05	0.00037192335322	0.00038211303413	6.11380854609e-05	1.52845213652e-05	0.00150297793425	0	0.000234362660933	0.00520183210463	1.01896809101e-05	0	0	0	5.09484045507e-05	1.52845213652e-05	2.03793618203e-05	1.01896809101e-05	5.60432450058e-05	0	1.01896809101e-05	5.09484045507e-06	3.05690427304e-05	0.000168129735017	5.09484045507e-06	0	2.54742022754e-05	1.52845213652e-05	0.000183414256383	0	5.09484045507e-06	0	0	0	0	0	0	0	0	0	0	0	0	0	0	0	0	0	0	0	0	0	5.09484045507e-06	0	0	0	0	0	0	0	0	0	0	5.09484045507e-06	0.000239457501388	4.07587236406e-05	0.000193603937293	7.64226068261e-05	0.00295500746394	1.52845213652e-05	0	2.03793618203e-05	5.09484045507e-06	5.09484045507e-06	5.09484045507e-06	0	0	0
0.000208888458658	8.66122877362e-05	0.000968019686464	0	2.03793618203e-05	0	2.54742022754e-05	0.000463630481411	5.09484045507e-05	0.000438156279136	1.01896809101e-05	5.09484045507e-06	3.56638831855e-05	5.09484045507e-06	8.66122877362e-05	1.01896809101e-05	0.0175822944105	0.000193603937293	0	1.52845213652e-05	4.07587236406e-05	0.00438156279136	0.00416248465179	0.00692388817844	0.00216530719341	0	7.64226068261e-05	0.00141636564651	0.00403511364042	0.00037192335322	0.000927260962823	0	0	0.000142655532742	0.00121766686876	1.01896809101e-05	4.07587236406e-05	7.1327766371e-05	0	0	0	0	6.62329259159e-05	0	0.000137560692287	0	0	5.09484045507e-06	0	0	0	0.00266969639846	5.09484045507e-06	0	0	0	0.000157940054107	0.000499294364597	0.000896691920093	0.000244552341843	0	1.52845213652e-05	0.000213983299113	9.68019686464e-05	5.09484045507e-06	5.60432450058e-05	0	0	0	5.60432450058e-05	0.00107501133602	0.00072346734462	0.000840648675087	0.000387207874585	2.03793618203e-05	3.56638831855e-05	0	0.000122276170922	5.60432450058e-05	3.56638831855e-05	2.03793618203e-05	0	0	0
5.09484045507e-05	0.000871217717817	0.0050693662528	0	1.01896809101e-05	0	3.05690427304e-05	8.66122877362e-05	3.56638831855e-05	1.01896809101e-05	5.09484045507e-06	0.000178319415927	1.01896809101e-05	3.05690427304e-05	5.09484045507e-05	0	0.000193603937293	0.0185554089374	1.01896809101e-05	0.00412682076861	5.09484045507e-06	0.00102406293147	0.000249647182298	0.00717353536074	6.62329259159e-05	8.15174472811e-05	0.00541072056329	0.00243023889707	0.000203793618203	0.000208888458658	0.000545147928693	0	5.09484045507e-06	3.56638831855e-05	0.00421343305634	0	0.000295500746394	7.1327766371e-05	0	0	0	0	0	0	0	0	1.01896809101e-05	0	0	0	0	2.03793618203e-05	3.05690427304e-05	0	1.52845213652e-05	0	0	7.64226068261e-05	2.03793618203e-05	0	4.07587236406e-05	0.000127371011377	0.000142655532742	0	0	0	0	0	0	4.58535640956e-05	0.00150297793425	0.00258817895118	0.00277159320756	0.000871217717817	4.58535640956e-05	4.58535640956e-05	1.01896809101e-05	0.000127371011377	7.64226068261e-05	3.05690427304e-05	5.09484045507e-06	0	0	0
0	1.01896809101e-05	1.01896809101e-05	0	0	0	5.09484045507e-06	0	0	0	0	0.0018596167661	0	0.000178319415927	0	0	0	1.01896809101e-05	0.00317918044396	0.00136541724196	0	0	5.09484045507e-06	5.09484045507e-06	0	0.000157940054107	0.00191566001111	0.000188509096838	0	5.09484045507e-06	0	5.09484045507e-06	0	0	0.000163034894562	0	5.09484045507e-06	0	0	0	0	0	0	0	0	0	1.52845213652e-05	0	0	0	0	0	0	5.09484045507e-06	5.09484045507e-06	0	0	0	0	0	3.05690427304e-05	2.54742022754e-05	2.03793618203e-05	0	0	0	0	0	0	5.09484045507e-06	5.09484045507e-06	0.000168129735017	8.15174472811e-05	1.01896809101e-05	0	0	1.01896809101e-05	0	0	0	0	0	0	0
0	0.00068270862098	0.000718372504165	0	0	0	0	5.09484045507e-06	1.01896809101e-05	0	0	0.00269007576028	0	0.00033116462958	3.05690427304e-05	0	1.52845213652e-05	0.00412682076861	0.00136541724196	0.0191413155897	0	7.64226068261e-05	3.56638831855e-05	0.000499294364597	1.52845213652e-05	0.000514578885962	0.0129816534795	0.00262893767482	3.05690427304e-05	6.62329259159e-05	3.56638831855e-05	1.01896809101e-05	5.09484045507e-06	5.09484045507e-06	0.00275121384574	0	0.000315880108214	2.54742022754e-05	0	0	0	0	0	0	0	0	6.62329259159e-05	0	6.11380854609e-05	0	5.09484045507e-06	1.52845213652e-05	4.07587236406e-05	2.03793618203e-05	5.09484045507e-05	0	0	3.56638831855e-05	5.09484045507e-06	0	0.000259836863209	0.000213983299113	0.000275121384574	0	0	0	0	0	0	3.56638831855e-05	0.000458535640956	0.00213473815067	0.00156411601971	0.0003515439914	1.01896809101e-05	3.05690427304e-05	2.54742022754e-05	4.07587236406e-05	9.68019686464e-05	6.11380854609e-05	3.05690427304e-05	0	0	5.09484045507e-06
0.000840648675087	0	1.01896809101e-05	0	0.00750469999032	0	0.00372432837266	0.00176790963791	0.000876312558272	0.000433061438681	0.00988908532329	0	0.0138885350805	5.09484045507e-06	0.000453440800501	5.09484045507e-05	4.07587236406e-05	5.09484045507e-06	0	0	0.0249800027512	3.56638831855e-05	4.07587236406e-05	5.09484045507e-05	0.00364281092538	0	0	0	0.00350015539263	0.000366828512765	0.000157940054107	0	5.09484045507e-06	7.64226068261e-05	0.000336259470035	1.01896809101e-05	0	0	0	7.64226068261e-05	0	0	4.07587236406e-05	0	0.000173224575472	0	0	7.1327766371e-05	0	0	0	0	0	0	0	0	0	0	0	0.000137560692287	0	0	0	4.58535640956e-05	5.09484045507e-06	1.52845213652e-05	0	0	0	0	0.000152845213652	5.09484045507e-06	0.000254742022754	6.11380854609e-05	0.000203793618203	5.09484045507e-06	1.01896809101e-05	1.01896809101e-05	0	0	0	2.54742022754e-05	0	0
0.000534958247782	0.000137560692287	0.00211945362931	0	2.03793618203e-05	1.01896809101e-05	9.68019686464e-05	0.00116162362376	0.000112086490012	0.000458535640956	2.54742022754e-05	2.03793618203e-05	6.11380854609e-05	2.54742022754e-05	0.000122276170922	1.52845213652e-05	0.00438156279136	0.00102406293147	0	7.64226068261e-05	3.56638831855e-05	0.0356333141428	0.00168129735017	0.0199921539457	0.0013042791565	5.09484045507e-06	0.000320974948669	0.000774415749171	0.00972095558828	0.00105972681465	0.00961905877917	0	5.09484045507e-06	0.000300595586849	0.00377527677721	5.09484045507e-06	1.52845213652e-05	5.09484045507e-06	0	0	0	5.09484045507e-06	5.09484045507e-05	0	0.000122276170922	1.01896809101e-05	0	5.09484045507e-06	0	5.09484045507e-06	5.09484045507e-06	3.56638831855e-05	5.09484045507e-06	0	0	0	5.09484045507e-06	0.000142655532742	2.03793618203e-05	6.11380854609e-05	0	1.01896809101e-05	3.56638831855e-05	4.58535640956e-05	5.09484045507e-06	1.52845213652e-05	0	0	0	2.03793618203e-05	0.00213983299113	0.00134503788014	0.00215002267204	0.000988399048284	0.000127371011377	3.05690427304e-05	5.09484045507e-06	8.66122877362e-05	5.09484045507e-06	1.01896809101e-05	1.01896809101e-05	5.09484045507e-06	0	0
0.000280216225029	0.00213473815067	0.00199208261793	0	2.54742022754e-05	0	4.07587236406e-05	0.000677613780524	7.1327766371e-05	0.00201246197975	3.05690427304e-05	2.03793618203e-05	2.03793618203e-05	5.09484045507e-06	0.000117181330467	2.03793618203e-05	0.00416248465179	0.000249647182298	5.09484045507e-06	3.56638831855e-05	4.07587236406e-05	0.00168129735017	0.0192890659629	0.00400963943814	0.00358167283992	5.09484045507e-06	0.00034135431049	0.00399944975723	0.0030619991135	0.000570622130968	0.00120747718785	0	0	0.000198698777748	0.0016558231479	3.05690427304e-05	0.000270026544119	0.000142655532742	0	0	0	5.09484045507e-06	0.000157940054107	0	0.000433061438681	1.01896809101e-05	0	5.09484045507e-06	0	1.52845213652e-05	5.09484045507e-06	0.000305690427304	4.07587236406e-05	0	0	0	0.000112086490012	0.00167620250972	0.000326069789125	0.000249647182298	0	8.15174472811e-05	0.000244552341843	0.000193603937293	2.54742022754e-05	0.000168129735017	0	0	0	8.15174472811e-05	0.00141127080605	0.00100368356965	0.00117690814512	0.000534958247782	6.11380854609e-05	4.58535640956e-05	5.09484045507e-06	0.000152845213652	6.62329259159e-05	6.62329259159e-05	3.56638831855e-05	1.01896809101e-05	0	5.09484045507e-06
0.000596096333243	0.000917071281913	0.0164614295103	0	2.03793618203e-05	1.01896809101e-05	6.62329259159e-05	0.00119728750694	0.000122276170922	0.000448345960046	2.54742022754e-05	9.68019686464e-05	8.15174472811e-05	6.11380854609e-05	0.000234362660933	1.01896809101e-05	0.00692388817844	0.00717353536074	5.09484045507e-06	0.000499294364597	5.09484045507e-05	0.0199921539457	0.00400963943814	0.0599662721562	0.0012584255924	4.07587236406e-05	0.00192075485156	0.00679142232661	0.00626665375974	0.00128899463513	0.00595586849198	0	5.09484045507e-06	0.0003515439914	0.007086923073	1.01896809101e-05	0.000244552341843	9.68019686464e-05	0	5.09484045507e-06	0	1.01896809101e-05	5.60432450058e-05	5.09484045507e-06	9.68019686464e-05	1.01896809101e-05	0	1.01896809101e-05	0	1.52845213652e-05	1.01896809101e-05	0.000117181330467	2.03793618203e-05	0	0	0	1.01896809101e-05	0.000616475695064	0.000137560692287	8.15174472811e-05	0	7.1327766371e-05	0.000244552341843	3.05690427304e-05	1.52845213652e-05	3.56638831855e-05	0	0	0	6.62329259159e-05	0.0057266006715	0.00502860752916	0.00614947242927	0.0028123519312	0.000259836863209	0.000173224575472	6.62329259159e-05	0.000249647182298	5.09484045507e-05	6.62329259159e-05	4.07587236406e-05	0	0	0
0.0013603224015	4.58535640956e-05	0.000224172980023	0	0.00523749598781	0	0.00145712437015	0.00466687385685	0.000759131227806	0.00658762870841	0.0019615135752	0	0.00310785267759	0	0.000585906652333	5.60432450058e-05	0.00216530719341	6.62329259159e-05	0	1.52845213652e-05	0.00364281092538	0.0013042791565	0.00358167283992	0.0012584255924	0.0369528778206	0	3.56638831855e-05	0.000147750373197	0.015360943972	0.00111067521921	0.00153354697698	0	0	0.000326069789125	0.00116162362376	5.09484045507e-05	1.01896809101e-05	1.52845213652e-05	0	5.09484045507e-05	0	3.56638831855e-05	0.00037192335322	2.03793618203e-05	0.00111067521921	7.64226068261e-05	0	4.07587236406e-05	0	3.05690427304e-05	5.09484045507e-06	5.09484045507e-05	0	0	0	4.07587236406e-05	3.05690427304e-05	0.000173224575472	3.56638831855e-05	0.00105972681465	0	0	1.52845213652e-05	0.00038211303413	3.05690427304e-05	5.60432450058e-05	0	0	5.09484045507e-06	3.05690427304e-05	0.000861028036907	0.000270026544119	0.000657234418704	0.000198698777748	0.000280216225029	5.09484045507e-06	0	4.58535640956e-05	5.09484045507e-06	1.52845213652e-05	0	5.09484045507e-05	5.09484045507e-06	0
5.09484045507e-06	0.00068270862098	6.11380854609e-05	0	0	0	5.09484045507e-06	0	1.01896809101e-05	0	0	0.0033116462958	0	0.00273083448392	5.09484045507e-06	0	0	8.15174472811e-05	0.000157940054107	0.000514578885962	0	5.09484045507e-06	5.09484045507e-06	4.07587236406e-05	0	0.0125027384767	0.00394340651223	0.00362243156356	0	3.56638831855e-05	5.09484045507e-06	9.68019686464e-05	0	0	0.000453440800501	0	0.000478915002777	5.09484045507e-06	0	0	0	0	0	0	0	0	0.000585906652333	0	0.000591001492788	0	0	0	3.56638831855e-05	0.000112086490012	0.000163034894562	0	0	0	0	0	0.00177300447836	0.000657234418704	0.00036173367231	0	0	0	1.01896809101e-05	0	0	0.000142655532742	6.62329259159e-05	0.00127371011377	0.000555337609603	7.1327766371e-05	5.09484045507e-06	0	0.000427966598226	1.01896809101e-05	0.000585906652333	0.000101896809101	2.54742022754e-05	5.09484045507e-06	0	8.15174472811e-05
1.01896809101e-05	0.0046719686973	0.00734675993621	0	0	1.01896809101e-05	2.03793618203e-05	2.54742022754e-05	2.54742022754e-05	2.03793618203e-05	0	0.00750979483077	5.09484045507e-06	0.00470253774003	7.64226068261e-05	1.01896809101e-05	7.64226068261e-05	0.00541072056329	0.00191566001111	0.0129816534795	0	0.000320974948669	0.00034135431049	0.00192075485156	3.56638831855e-05	0.00394340651223	0.0663093485228	0.024776209133	0.000112086490012	0.000188509096838	0.000157940054107	0.00106991649556	1.52845213652e-05	5.09484045507e-06	0.00544128960602	5.09484045507e-06	0.00184942708519	0.000188509096838	0	0	0	5.09484045507e-06	0	5.09484045507e-06	0	0	0.000468725321867	0	0.000315880108214	5.09484045507e-06	5.09484045507e-06	2.54742022754e-05	0.000239457501388	0.000117181330467	0.000270026544119	0	3.05690427304e-05	0.000127371011377	0.000112086490012	0	0.00122785654967	0.00129918431604	0.00117690814512	0	5.09484045507e-06	5.09484045507e-06	5.09484045507e-06	0	0	0.000264931703664	0.0014520295297	0.00621570535519	0.00410644140679	0.00111067521921	4.07587236406e-05	5.60432450058e-05	0.000101896809101	0.000244552341843	0.000769320908716	0.000270026544119	8.15174472811e-05	5.09484045507e-06	0	2.03793618203e-05
3.56638831855e-05	0.0100419305369	0.0131956367786	0	5.09484045507e-06	0	2.03793618203e-05	7.64226068261e-05	2.54742022754e-05	4.07587236406e-05	0	0.00171696123336	1.52845213652e-05	0.00344920698808	5.60432450058e-05	5.09484045507e-06	0.00141636564651	0.00243023889707	0.000188509096838	0.00262893767482	0	0.000774415749171	0.00399944975723	0.00679142232661	0.000147750373197	0.00362243156356	0.024776209133	0.0620704412641	0.000397397555496	0.000168129735017	0.000356638831855	0.00036173367231	0	5.60432450058e-05	0.00290405905939	5.09484045507e-06	0.00219078139568	0.000377018193675	0	0	0	5.09484045507e-06	1.01896809101e-05	5.09484045507e-06	1.01896809101e-05	0	0.000249647182298	0	0.000157940054107	1.01896809101e-05	5.09484045507e-06	0.00038211303413	0.000229267820478	2.54742022754e-05	0.000152845213652	0	8.66122877362e-05	0.000810079632356	0.000540053088238	1.52845213652e-05	0.000728562185075	0.000927260962823	0.00155902117925	2.54742022754e-05	5.09484045507e-06	1.52845213652e-05	0	0	5.09484045507e-06	0.000295500746394	0.00181376320201	0.00424400209907	0.00261365315345	0.000891597079637	5.09484045507e-05	5.09484045507e-05	5.09484045507e-05	0.000254742022754	0.000596096333243	0.000259836863209	8.15174472811e-05	1.01896809101e-05	5.09484045507e-06	0
0.00161506442426	7.64226068261e-05	0.000754036387351	0	0.00509484045507	1.01896809101e-05	0.00152845213652	0.010658406232	0.000738751865985	0.00239457501388	0.00386188906494	5.09484045507e-06	0.00193603937293	0	0.000575716971423	3.05690427304e-05	0.00403511364042	0.000203793618203	0	3.05690427304e-05	0.00350015539263	0.00972095558828	0.0030619991135	0.00626665375974	0.015360943972	0	0.000112086490012	0.000397397555496	0.0488544251237	0.001757719957	0.00674556876251	0	5.09484045507e-06	0.000499294364597	0.00263403251527	1.01896809101e-05	2.03793618203e-05	1.01896809101e-05	0	8.66122877362e-05	0	2.54742022754e-05	0.000270026544119	1.01896809101e-05	0.000708182823255	4.58535640956e-05	0	1.01896809101e-05	0	1.52845213652e-05	0	3.05690427304e-05	5.09484045507e-06	0	0	1.01896809101e-05	1.52845213652e-05	0.000168129735017	2.03793618203e-05	0.000555337609603	0	1.01896809101e-05	5.09484045507e-06	0.000305690427304	2.54742022754e-05	5.60432450058e-05	0	0	5.09484045507e-06	2.54742022754e-05	0.00175262511654	0.000830458994177	0.00155902117925	0.000616475695064	0.000183414256383	2.54742022754e-05	1.52845213652e-05	8.15174472811e-05	1.01896809101e-05	2.03793618203e-05	1.52845213652e-05	5.09484045507e-05	5.09484045507e-06	5.09484045507e-06
0.00766264004443	3.56638831855e-05	0.000310785267759	0	0.000112086490012	0.000672518940069	0.00283782613347	0.00242514405661	0.0059303942897	0.000504389205052	0.00033116462958	0.000290405905939	0.000738751865985	5.09484045507e-05	0.0136541724196	0.000168129735017	0.00037192335322	0.000208888458658	5.09484045507e-06	6.62329259159e-05	0.000366828512765	0.00105972681465	0.000570622130968	0.00128899463513	0.00111067521921	3.56638831855e-05	0.000188509096838	0.000168129735017	0.001757719957	0.0415331393897	0.00576226455469	0	0.00205322070339	0.00576226455469	0.0147750373197	0	5.09484045507e-06	5.09484045507e-06	0	5.09484045507e-06	0	0	7.1327766371e-05	1.01896809101e-05	0.000178319415927	5.09484045507e-06	0	1.01896809101e-05	0	5.09484045507e-06	0	5.09484045507e-06	0	0	0	5.09484045507e-06	0	2.54742022754e-05	5.09484045507e-06	9.17071281913e-05	0	1.01896809101e-05	0	4.07587236406e-05	0	1.52845213652e-05	0	0	0	5.09484045507e-06	0.00300086102804	0.000886502239182	0.00768301940625	0.00199717745839	0.000891597079637	0.000239457501388	8.66122877362e-05	0.000117181330467	1.01896809101e-05	1.01896809101e-05	5.09484045507e-06	1.01896809101e-05	5.09484045507e-06	5.09484045507e-06
0.00318937012487	0.000101896809101	0.00128899463513	0	4.07587236406e-05	1.52845213652e-05	0.000305690427304	0.00567055742649	0.000494199524142	0.000718372504165	0.000183414256383	1.52845213652e-05	0.000229267820478	1.01896809101e-05	0.000570622130968	5.09484045507e-06	0.000927260962823	0.000545147928693	0	3.56638831855e-05	0.000157940054107	0.00961905877917	0.00120747718785	0.00595586849198	0.00153354697698	5.09484045507e-06	0.000157940054107	0.000356638831855	0.00674556876251	0.00576226455469	0.0273643880842	0	5.09484045507e-06	0.000667424099614	0.00563489354331	5.09484045507e-06	2.03793618203e-05	5.09484045507e-06	0	0	0	1.01896809101e-05	8.66122877362e-05	5.09484045507e-06	0.000244552341843	1.01896809101e-05	0	1.01896809101e-05	0	0	5.09484045507e-06	1.01896809101e-05	1.01896809101e-05	0	0	0	1.01896809101e-05	9.68019686464e-05	2.54742022754e-05	0.000127371011377	0	5.09484045507e-06	1.01896809101e-05	7.64226068261e-05	5.09484045507e-06	1.01896809101e-05	0	0	0	1.52845213652e-05	0.00213473815067	0.000881407398727	0.0022570143216	0.000866122877362	0.000122276170922	2.03793618203e-05	2.03793618203e-05	0.000122276170922	1.01896809101e-05	3.05690427304e-05	1.52845213652e-05	1.52845213652e-05	0	5.09484045507e-06
0	0	0	0	0	0	0	0	0	0	0	0.000779510589626	0	0.00131446883741	0	0	0	0	5.09484045507e-06	1.01896809101e-05	0	0	0	0	0	9.68019686464e-05	0.00106991649556	0.00036173367231	0	0	0	0.00178319415927	0	0	1.52845213652e-05	0	0	0	0	0	0	0	0	0	0	0	0	0	5.09484045507e-06	0	0	0	0	0	0	0	0	0	0	0	5.09484045507e-06	0	0	0	0	0	0	0	0	0	0	7.64226068261e-05	3.05690427304e-05	0	0	0	1.52845213652e-05	0	0	0	0	0	0	0
0	0	0	0	0	0.00135013272059	0.0011565287833	0	0.00182904772337	0	5.09484045507e-06	1.52845213652e-05	5.09484045507e-06	0	0.00182395288292	2.54742022754e-05	0	5.09484045507e-06	0	5.09484045507e-06	5.09484045507e-06	5.09484045507e-06	0	5.09484045507e-06	0	0	1.52845213652e-05	0	5.09484045507e-06	0.00205322070339	5.09484045507e-06	0	0.00426438146089	0	0.00137560692287	0	0	0	0	0	0	0	0	0	0	0	0	0	0	0	0	0	0	0	0	0	0	0	0	0	0	0	0	0	0	0	0	0	0	0	4.58535640956e-05	5.09484045507e-06	0.000219078139568	6.62329259159e-05	6.11380854609e-05	9.68019686464e-05	0	5.09484045507e-06	0	0	0	0	0	0
0.00104444229329	1.52845213652e-05	7.64226068261e-05	0	2.54742022754e-05	0	0.000183414256383	0.000407587236406	0.000264931703664	0.000127371011377	7.1327766371e-05	1.01896809101e-05	0.000117181330467	2.03793618203e-05	0.0007030879828	1.52845213652e-05	0.000142655532742	3.56638831855e-05	0	5.09484045507e-06	7.64226068261e-05	0.000300595586849	0.000198698777748	0.0003515439914	0.000326069789125	0	5.09484045507e-06	5.60432450058e-05	0.000499294364597	0.00576226455469	0.000667424099614	0	0	0.00713787147755	0.00320974948669	0	0	0	0	1.01896809101e-05	0	0	1.52845213652e-05	5.09484045507e-06	4.58535640956e-05	0	0	0	0	0	0	5.09484045507e-06	0	0	0	5.09484045507e-06	0	1.52845213652e-05	0	3.05690427304e-05	0	0	0	1.52845213652e-05	0	5.09484045507e-06	0	0	0	0	0.000881407398727	0.000142655532742	0.0011004855383	0.000336259470035	0.000127371011377	2.03793618203e-05	1.01896809101e-05	3.05690427304e-05	1.01896809101e-05	1.01896809101e-05	5.09484045507e-06	0	0	0
0.00255251506799	0.000794795110991	0.00370904385129	0	9.17071281913e-05	0.000626665375974	0.00203284134157	0.00177809931882	0.00380075097948	0.000453440800501	0.000315880108214	0.00485538295368	0.000626665375974	0.000596096333243	0.00720919924393	0.000183414256383	0.00121766686876	0.00421343305634	0.000163034894562	0.00275121384574	0.000336259470035	0.00377527677721	0.0016558231479	0.007086923073	0.00116162362376	0.000453440800501	0.00544128960602	0.00290405905939	0.00263403251527	0.0147750373197	0.00563489354331	1.52845213652e-05	0.00137560692287	0.00320974948669	0.0535926267469	5.09484045507e-06	0.000346449150945	6.62329259159e-05	0	0	0	0	7.1327766371e-05	1.01896809101e-05	0.000137560692287	5.09484045507e-06	5.09484045507e-05	5.09484045507e-06	5.09484045507e-05	5.09484045507e-06	1.52845213652e-05	4.07587236406e-05	7.64226068261e-05	1.01896809101e-05	4.58535640956e-05	0	1.52845213652e-05	0.000264931703664	8.66122877362e-05	7.1327766371e-05	0.000152845213652	0.000219078139568	0.000163034894562	8.15174472811e-05	5.09484045507e-06	3.56638831855e-05	0	0	0	9.68019686464e-05	0.0100113614942	0.00722448376529	0.0265594032923	0.00745884642622	0.00107501133602	0.000631760216429	0.00033116462958	0.000489104683687	0.000137560692287	0.000147750373197	0.000101896809101	1.52845213652e-05	5.09484045507e-06	2.54742022754e-05
0	5.09484045507e-06	1.01896809101e-05	0	1.01896809101e-05	0	5.09484045507e-06	1.52845213652e-05	0	6.62329259159e-05	1.01896809101e-05	0	1.52845213652e-05	0	0	0	1.01896809101e-05	0	0	0	1.01896809101e-05	5.09484045507e-06	3.05690427304e-05	1.01896809101e-05	5.09484045507e-05	0	5.09484045507e-06	5.09484045507e-06	1.01896809101e-05	0	5.09484045507e-06	0	0	0	5.09484045507e-06	0.0200787662334	1.01896809101e-05	3.56638831855e-05	0	7.1327766371e-05	1.52845213652e-05	0.00246590278025	0.00632269700474	0.00335240501944	0.000412682076861	0.00130937399695	5.09484045507e-05	0.000591001492788	5.09484045507e-06	0.00809060664265	0.000142655532742	0.000270026544119	1.01896809101e-05	0	5.09484045507e-06	0.000213983299113	0.00033116462958	0.000249647182298	0.000305690427304	0.00116162362376	0	3.05690427304e-05	6.11380854609e-05	0.00133994303968	0.00554828125557	0.00338806890262	5.09484045507e-06	5.09484045507e-06	0.00112086490012	0.00197679809657	1.52845213652e-05	1.01896809101e-05	1.01896809101e-05	5.09484045507e-06	5.09484045507e-06	0	0	0.00128389979468	0.00033116462958	0.00127371011377	0.000458535640956	0.00162015926471	0.000219078139568	2.03793618203e-05
0	0.00245571309934	0.000871217717817	0	0	0	0	5.09484045507e-06	0	5.09484045507e-06	0	0.000106991649556	0	4.58535640956e-05	0	5.09484045507e-06	4.07587236406e-05	0.000295500746394	5.09484045507e-06	0.000315880108214	0	1.52845213652e-05	0.000270026544119	0.000244552341843	1.01896809101e-05	0.000478915002777	0.00184942708519	0.00219078139568	2.03793618203e-05	5.09484045507e-06	2.03793618203e-05	0	0	0	0.000346449150945	1.01896809101e-05	0.016614274724	0.0012584255924	0	0	0	0	3.56638831855e-05	0	5.60432450058e-05	0	0.00037192335322	0	0.000178319415927	1.01896809101e-05	1.01896809101e-05	0.0003515439914	0.00111577005966	8.15174472811e-05	0.000514578885962	5.09484045507e-06	0.000259836863209	0.002664601558	0.00112086490012	6.11380854609e-05	0.00164563346699	0.00347468119036	0.00819250345175	6.11380854609e-05	1.52845213652e-05	0.000101896809101	5.09484045507e-06	0	0	0.00102406293147	0.000152845213652	0.000438156279136	0.000300595586849	0.000101896809101	1.01896809101e-05	5.09484045507e-06	1.01896809101e-05	0.00037192335322	0.00132465851832	0.000962924846008	0.000295500746394	2.03793618203e-05	1.52845213652e-05	2.03793618203e-05
0	0.00039230271504	0.000213983299113	0	0	0	0	0	0	0	0	1.01896809101e-05	0	1.01896809101e-05	0	0	7.1327766371e-05	7.1327766371e-05	0	2.54742022754e-05	0	5.09484045507e-06	0.000142655532742	9.68019686464e-05	1.52845213652e-05	5.09484045507e-06	0.000188509096838	0.000377018193675	1.01896809101e-05	5.09484045507e-06	5.09484045507e-06	0	0	0	6.62329259159e-05	3.56638831855e-05	0.0012584255924	0.0218008223072	0	0	5.09484045507e-06	1.52845213652e-05	0.000213983299113	2.54742022754e-05	5.09484045507e-05	0	7.1327766371e-05	5.09484045507e-06	2.54742022754e-05	5.60432450058e-05	2.03793618203e-05	0.000937450643733	0.00432551954636	1.52845213652e-05	0.000249647182298	0	0.00140108112514	0.00119728750694	0.00769320908716	9.68019686464e-05	2.54742022754e-05	0.00470763258049	0.00749451030941	0.000203793618203	3.05690427304e-05	0.000718372504165	0	0	0	0.00226720400251	6.11380854609e-05	8.15174472811e-05	7.1327766371e-05	3.56638831855e-05	0	5.09484045507e-06	5.09484045507e-06	0.00129408947559	0.00195132389429	0.00186471160656	0.0007030879828	8.66122877362e-05	4.07587236406e-05	1.01896809101e-05
0	0	0	0	0	0	0	0	0	0	0	0	0	0	0	0	0	0	0	0	0	0	0	0	0	0	0	0	0	0	0	0	0	0	0	0	0	0	0	0	0	0	0	0	0	0	0	0	0	0	0	0	0	0	0	0	0	0	0	0	0	0	0	0	0	0	0	0	0	0	0	0	0	0	0	0	0	0	0	0	0	0	0	0
1.01896809101e-05	0	5.09484045507e-06	0	0.000840648675087	0	0	3.05690427304e-05	5.09484045507e-06	8.15174472811e-05	1.01896809101e-05	0	5.09484045507e-06	0	1.01896809101e-05	0	0	0	0	0	7.64226068261e-05	0	0	5.09484045507e-06	5.09484045507e-05	0	0	0	8.66122877362e-05	5.09484045507e-06	0	0	0	1.01896809101e-05	0	7.1327766371e-05	0	0	0	0.0111322263943	0	0.000173224575472	0.000845743515542	5.09484045507e-05	0.000504389205052	0.00234872144979	0	0.000677613780524	0	0.000101896809101	5.09484045507e-06	2.03793618203e-05	0	0	0	0.0052273063069	5.09484045507e-06	2.54742022754e-05	1.52845213652e-05	0.00373451805357	0	0	5.09484045507e-06	0.00496237460324	1.52845213652e-05	4.07587236406e-05	0	0	0	1.52845213652e-05	0	0	0	0	5.09484045507e-06	0	0	3.56638831855e-05	1.01896809101e-05	2.54742022754e-05	1.52845213652e-05	3.05690427304e-05	5.09484045507e-06	0
0	0	0	0	0	0	0	0	0	0	0	0	0	0	0	0	0	0	0	0	0	0	0	0	0	0	0	0	0	0	0	0	0	0	0	1.52845213652e-05	0	5.09484045507e-06	0	0	0.00487066747505	0.00258817895118	2.03793618203e-05	0.00199717745839	0	5.09484045507e-06	2.03793618203e-05	0	0	0.000417776917316	0.000754036387351	0	0	5.09484045507e-06	5.09484045507e-06	0	0	0	0	5.09484045507e-06	0	1.01896809101e-05	0	0	8.15174472811e-05	0	0	0.000799889951446	5.09484045507e-06	0.000213983299113	5.09484045507e-06	0	5.09484045507e-06	5.09484045507e-06	0	0	0	4.07587236406e-05	5.09484045507e-06	0.000112086490012	5.09484045507e-05	0.000952735165098	0.00128389979468	5.09484045507e-06
