0.025989487242	0	0.00180666272148	0	2.7848365649e-05	0	0.00015316601107	0.00509973195948	0.00424687576148	0	0.000132279736833	2.7848365649e-05	2.7848365649e-05	0	0.0159640756083	2.7848365649e-05	0	0.000901590837888	0	0.000219305879486	2.7848365649e-05	0.00316775159258	0	0.0063598705051	0.000135760782539	0	0.000344623524907	0.00058481567863	0.00569847182094	0.0184390991054	0.0183834023741	0	0	0.00538517770738	0.00241584572005	0	2.08862742368e-05	1.04431371184e-05	0	6.96209141226e-06	0	0	0	3.48104570613e-06	3.82915027674e-05	0	0	0	0	6.96209141226e-06	0	0.00010791241689	0	0	0	0	3.48104570613e-06	8.70261426533e-05	3.82915027674e-05	4.17725484736e-05	0	0	7.65830055349e-05	2.08862742368e-05	3.48104570613e-06	0	0	3.48104570613e-06	0	3.48104570613e-06	5.2215685592e-05	3.13294113552e-05	0.00139938037386	0.000685766004108	5.56967312981e-05	0.000205381696662	3.48104570613e-06	1.04431371184e-05	3.48104570613e-06	2.7848365649e-05	3.48104570613e-05	3.48104570613e-06	3.48104570613e-06	0
0	0.0168621854005	2.43673199429e-05	0	0	0	0	0	0	0.00168482612177	0	6.26588227103e-05	0	0.000187976468131	4.87346398858e-05	0	0.00010791241689	0	0.000118355554008	1.74052285307e-05	0	3.48104570613e-06	0.00363073067149	4.87346398858e-05	0.00184147317854	0.00183799213284	0.0029554078045	0.0140912730184	3.48104570613e-06	6.26588227103e-05	0	0	0	0	6.26588227103e-05	0	0.00750513454242	5.91777770042e-05	0	3.48104570613e-06	0	0	0	0	3.13294113552e-05	0	2.08862742368e-05	0	0.000139241828245	0	0	9.74692797716e-05	2.08862742368e-05	2.08862742368e-05	6.96209141226e-06	0	0	0.000668360775577	3.48104570613e-06	0.000163609148188	4.52535941797e-05	0.000605701952867	0.0085772966199	1.74052285307e-05	0	0	0	0	0	3.48104570613e-06	6.96209141226e-06	6.96209141226e-06	3.48104570613e-06	0	0	0	0	2.7848365649e-05	0.000187976468131	3.13294113552e-05	1.39241828245e-05	0	0	0
0.00180666272148	2.43673199429e-05	0.0440595955025	0	6.96209141226e-06	0	2.08862742368e-05	1.04431371184e-05	0.000469941170328	1.04431371184e-05	0	1.74052285307e-05	1.04431371184e-05	1.04431371184e-05	0.00174400389877	2.7848365649e-05	7.31019598287e-05	0.0117311240297	2.7848365649e-05	0.00104779475755	6.96209141226e-06	0.00144115292234	6.61398684165e-05	0.0169318063146	0.000139241828245	0	0.00700734500644	0.023904340864	0.000529118947332	0.0026699620566	0.00314338427264	0	0	0.00113133985449	0.00174052285307	0	0.00047690326174	0.000807602603822	0	3.48104570613e-06	3.48104570613e-06	6.96209141226e-06	3.48104570613e-06	6.96209141226e-06	0.000299369930727	3.48104570613e-06	8.35450969471e-05	0	3.48104570613e-06	1.74052285307e-05	0	0.00195286664114	0.000281964702197	1.39241828245e-05	6.96209141226e-05	0	4.87346398858e-05	0.0022174261148	0.00069272809552	0.000198419605249	0	8.35450969471e-05	0.00522853065061	8.70261426533e-05	1.04431371184e-05	0	0	0	0	0.000414244439029	0.00398579733352	0.00151773592787	0.00257249277683	0.00147944442511	2.43673199429e-05	3.48104570613e-05	1.04431371184e-05	0.000657917638459	0.000285445747903	0.000567410450099	0.000167090193894	2.7848365649e-05	3.82915027674e-05	0
0	0	0	0	0	0	0	0	0	0	0	0	0	0	0	0	0	0	0	0	0	0	0	0	0	0	0	0	0	0	0	0	0	0	0	0	0	0	0	0	0	0	0	0	0	0	0	0	0	0	0	0	0	0	0	0	0	0	0	0	0	0	0	0	0	0	0	0	0	0	0	0	0	0	0	0	0	0	0	0	0	0	0	0
2.7848365649e-05	0	6.96209141226e-06	0	0.0210359592021	2.08862742368e-05	0.00340098165489	0.00207122219515	0.0021582483378	0.00263863264525	0.000139241828245	0.000459498033209	0.00552093848992	6.96209141226e-06	0.00165697775612	0.00358547707731	0	1.04431371184e-05	0.000111393462596	0.000222786925192	0.00699342082362	0	0	3.48104570613e-06	0.0124586625822	0	0.000435130713266	2.08862742368e-05	0.00533296202179	0.00317123263828	0	3.48104570613e-06	0	0.000111393462596	0.00256553068542	0	0	0	0	0.00734152539423	0	0.00365857903714	0.000198419605249	0.000626588227103	0.00381870713962	0.00269432937654	0.000142722873951	0.00368642740279	6.96209141226e-06	0.000462979078915	0.00015316601107	3.48104570613e-06	0	4.87346398858e-05	0.000118355554008	0.00642252932781	0	0	1.39241828245e-05	0.00367946531138	0	3.48104570613e-06	1.04431371184e-05	0.00138197514533	0.000313294113552	0	0	0.000121836599715	0	0.000121836599715	0.000570891495805	0.000114874508302	0.00200160128102	0.000389877119087	0.000609182998573	2.7848365649e-05	0.000504751627389	0.00015316601107	0	0.000281964702197	0.000194938559543	0.000362028753438	0.000198419605249	0
0	0	0	0	2.08862742368e-05	0.00735893062276	0.00335920910642	2.43673199429e-05	0.0019319803669	0.000118355554008	0	0	3.82915027674e-05	0	0.000191457513837	0.00239844049152	0	0	0	0	2.08862742368e-05	0	0	6.96209141226e-06	0.0013610888711	0	0	0	0.000194938559543	0.000525637901626	6.96209141226e-06	0	0.00216521042921	6.96209141226e-06	0.000793678420998	0	0	0	0	6.96209141226e-05	0	1.39241828245e-05	3.48104570613e-06	3.48104570613e-06	7.65830055349e-05	1.04431371184e-05	0	1.39241828245e-05	0	0	0	0	0	0	0	1.39241828245e-05	0	0	0	6.61398684165e-05	0	0	3.48104570613e-06	4.52535941797e-05	0	0	0	0	0	0	0.00227660389181	0	0.0001705712396	0	0.00425383785289	0.000720576461169	0	6.96209141226e-06	0	1.04431371184e-05	6.96209141226e-06	3.48104570613e-06	0	0
0.00015316601107	0	2.08862742368e-05	0	0.00340098165489	0.00335920910642	0.0442023183764	0.00546524175862	0.0191039788352	0.000288926793609	0.0078915306158	0.00100950325478	0.0123472691196	6.96209141226e-06	0.00721968879451	0.00825704041494	0	1.04431371184e-05	0.000191457513837	0.000818045740941	0.00621018553974	2.43673199429e-05	0	7.31019598287e-05	0.00408326661329	0	0.00139589932816	4.52535941797e-05	0.00634594632228	0.00692379990949	0.000163609148188	3.48104570613e-06	0.00147248233369	0.000212343788074	0.00501966790824	0	0	0	0	0.000187976468131	3.48104570613e-06	0.000306332022139	3.48104570613e-06	0.00038639607338	0.00021582483378	6.61398684165e-05	3.82915027674e-05	5.2215685592e-05	0	0.000355066662025	0	3.48104570613e-06	0	0	0	8.35450969471e-05	0	0	1.39241828245e-05	0.000187976468131	0	3.48104570613e-06	6.96209141226e-06	0.000100950325478	6.96209141226e-06	0	0	0.000243673199429	0	0.000128798691127	0.00160128102482	0.000167090193894	0.00333832283218	0.000536081038744	0.0027813555192	0.000236711108017	0.000932920249243	1.74052285307e-05	0	0.00026107842796	0.000382915027674	0.000400320256205	0.000396839210499	0
0.00509973195948	0	1.04431371184e-05	0	0.00207122219515	2.43673199429e-05	0.00546524175862	0.0415253942284	0.0100915515021	0.00138893723675	0.00693076200091	0.00058481567863	0.000292407839315	1.04431371184e-05	0.0101576913705	0.00095380652348	3.48104570613e-06	7.31019598287e-05	0.000254116336547	0.000717095415463	0.000236711108017	6.26588227103e-05	0	6.96209141226e-05	0.00224179343475	0	0.000560448358687	4.17725484736e-05	0.0277961499634	0.00787412538727	0.00447662477808	0	4.17725484736e-05	0.00459498033209	0.00483169144011	6.96209141226e-06	0	3.48104570613e-06	0	0.00469244961186	0	0.00151077383646	0.000222786925192	0.000118355554008	0.00596651234031	0.00107216207749	6.96209141226e-06	0.00133672155115	0	9.05071883594e-05	0	6.96209141226e-06	0	0	3.48104570613e-06	0.0022139450691	1.04431371184e-05	0	1.39241828245e-05	0.00593170188325	0	6.96209141226e-06	3.48104570613e-06	0.00277091238208	7.65830055349e-05	0	0	1.39241828245e-05	0	1.74052285307e-05	0.000637031364222	9.05071883594e-05	0.00280224179343	0.000772792146761	9.05071883594e-05	0.0001705712396	4.52535941797e-05	5.91777770042e-05	6.96209141226e-06	3.48104570613e-05	3.48104570613e-05	2.43673199429e-05	2.08862742368e-05	0
0.00424687576148	0	0.000469941170328	0	0.0021582483378	0.0019319803669	0.0191039788352	0.0100915515021	0.0518432137014	0.000132279736833	0.00594214502036	0.000142722873951	0.00401364569917	1.04431371184e-05	0.0241201656978	0.00309813067846	0	0.000302850976433	3.48104570613e-06	0.000212343788074	0.00296585094162	0.00100602220907	0	0.00153862220211	0.00262122741672	0	0.000309813067846	0.000184495422425	0.0141991854353	0.0126814495074	0.00527726529049	0	0.00225223657187	0.0020433738295	0.00612664044279	6.96209141226e-06	0	6.96209141226e-06	0	0.000424687576148	5.56967312981e-05	0.000348104570613	2.7848365649e-05	0.00015316601107	0.000654436592752	0.000222786925192	3.48104570613e-06	0.000243673199429	3.48104570613e-06	0.000160128102482	0	1.74052285307e-05	0	0	0	0.000337661433495	3.48104570613e-06	1.74052285307e-05	1.39241828245e-05	0.000717095415463	0	3.48104570613e-06	1.74052285307e-05	0.000243673199429	5.2215685592e-05	0	0	8.0064051241e-05	0	6.96209141226e-05	0.00296933198733	0.000264559473666	0.00609531103143	0.000929439203537	0.000877223517945	0.00052215685592	0.000236711108017	0.000142722873951	6.96209141226e-06	0.000111393462596	0.000194938559543	0.000271521565078	0.000226267970898	0
0	0.00168482612177	1.04431371184e-05	0	0.00263863264525	0.000118355554008	0.000288926793609	0.00138893723675	0.000132279736833	0.0186305566192	3.82915027674e-05	3.48104570613e-06	0.00182406795001	3.13294113552e-05	7.65830055349e-05	0.00132627841404	0.000400320256205	0	2.43673199429e-05	6.96209141226e-06	0.0010791241689	3.48104570613e-06	0.00250983395412	0.000104431371184	0.00927002471542	1.74052285307e-05	7.31019598287e-05	0.00216869147492	0.00281964702197	2.43673199429e-05	3.48104570613e-06	0	0	0	4.52535941797e-05	0	2.08862742368e-05	0	0	0.00422947053295	0	0.00195634768685	2.08862742368e-05	6.96209141226e-06	0.0072092456574	0.00200160128102	0	0.00155602743064	1.39241828245e-05	0	2.43673199429e-05	5.91777770042e-05	0	0	0	0.003293069238	0	0.000351585616319	0	0.00610575416855	1.39241828245e-05	6.96209141226e-06	2.08862742368e-05	0.00151425488217	0	0	0	0	0	0	0.000240192153723	3.48104570613e-06	1.04431371184e-05	0	0.00185191631566	0	0	0	1.39241828245e-05	0	0	0	0	0
0.000132279736833	0	0	0	0.000139241828245	0	0.0078915306158	0.00693076200091	0.00594214502036	3.82915027674e-05	0.019023914784	0.000574372541511	0.000967730706304	0	0.0019319803669	0.00158039475058	0	1.39241828245e-05	0.000302850976433	0.000560448358687	0.000222786925192	3.48104570613e-06	0	6.96209141226e-06	0.0001705712396	0	0.00032373725067	1.04431371184e-05	0.00670797507571	0.00194242350402	0	0	3.48104570613e-06	1.74052285307e-05	0.0013610888711	0	0	3.48104570613e-06	0	2.43673199429e-05	0	1.39241828245e-05	0	0	5.56967312981e-05	1.39241828245e-05	0	1.74052285307e-05	0	6.96209141226e-06	0	3.48104570613e-06	0	0	0	1.39241828245e-05	0	0	3.48104570613e-06	4.17725484736e-05	0	0	0	3.48104570613e-06	6.96209141226e-06	0	0	0	0	0	0.000365509799144	5.91777770042e-05	0.000421206530442	1.04431371184e-05	5.2215685592e-05	0	3.48104570613e-06	1.04431371184e-05	3.48104570613e-06	1.04431371184e-05	6.96209141226e-06	6.96209141226e-06	3.48104570613e-06	0
2.7848365649e-05	6.26588227103e-05	1.74052285307e-05	0	0.000459498033209	0	0.00100950325478	0.00058481567863	0.000142722873951	3.48104570613e-06	0.000574372541511	0.0247711212448	0.00125317645421	0.00344275420336	0.00705607964633	0.000104431371184	3.48104570613e-06	1.04431371184e-05	0.00615448880844	0.00351237511749	0.00112089671737	1.39241828245e-05	3.48104570613e-06	0.000184495422425	0.000344623524907	0.000250635290841	0.00924217634978	0.000396839210499	0.000866780380826	0.0106067462666	1.74052285307e-05	0.000205381696662	0.000748424826818	8.70261426533e-05	0.0128380965642	0	3.13294113552e-05	0	0	6.96209141226e-06	0	2.08862742368e-05	0	2.08862742368e-05	4.17725484736e-05	1.39241828245e-05	0.000344623524907	3.13294113552e-05	0.000358547707731	2.08862742368e-05	0	6.96209141226e-06	0	0	3.48104570613e-06	2.43673199429e-05	0	4.17725484736e-05	6.96209141226e-06	4.17725484736e-05	0.000348104570613	2.08862742368e-05	5.2215685592e-05	2.7848365649e-05	1.74052285307e-05	0	0	0	0	5.91777770042e-05	0.000344623524907	0.000905071883594	0.00311553590699	0.00010791241689	0	0	0.000372471890556	1.04431371184e-05	5.56967312981e-05	6.26588227103e-05	0	1.74052285307e-05	3.82915027674e-05	0.000334180387788
2.7848365649e-05	0	1.04431371184e-05	0	0.00552093848992	3.82915027674e-05	0.0123472691196	0.000292407839315	0.00401364569917	0.00182406795001	0.000967730706304	0.00125317645421	0.0354405263341	5.2215685592e-05	0.00606398162008	0.00687854631531	0	1.04431371184e-05	0.000344623524907	0.00120792286003	0.0150311553591	3.48104570613e-06	0	2.08862742368e-05	0.00453232150938	0	0.00171267448742	7.65830055349e-05	0.000640512409928	0.00855989139137	3.48104570613e-06	3.48104570613e-06	6.61398684165e-05	0.000156647056776	0.00596651234031	1.04431371184e-05	0	4.52535941797e-05	0	0.00021582483378	3.82915027674e-05	0.00623803390539	9.39882340655e-05	0.00370035158562	0.000100950325478	0.00270477251366	0.000111393462596	0.00762697114213	3.13294113552e-05	0.00150033069934	0.000208862742368	2.08862742368e-05	1.04431371184e-05	3.13294113552e-05	5.2215685592e-05	0.00253072022836	0	1.04431371184e-05	2.08862742368e-05	0.00010791241689	3.48104570613e-06	3.48104570613e-06	2.43673199429e-05	3.82915027674e-05	0.000838932015177	0	0	0.000257597382254	0	0.000375952936262	0.00101646534619	0.000309813067846	0.00393358164793	0.00069272809552	0.00114178299161	2.43673199429e-05	0.00101646534619	0.00156647056776	2.43673199429e-05	0.00123229017997	0.00101646534619	0.00394402478505	0.000856337243708	2.43673199429e-05
0	0.000187976468131	1.04431371184e-05	0	6.96209141226e-06	0	6.96209141226e-06	1.04431371184e-05	1.04431371184e-05	3.13294113552e-05	0	0.00344275420336	5.2215685592e-05	0.0184008076026	0.000410763393323	0	0	3.48104570613e-06	0	8.35450969471e-05	1.04431371184e-05	1.39241828245e-05	7.31019598287e-05	4.17725484736e-05	5.2215685592e-05	0.00375256727121	0.00173704180736	0.0073241201657	1.39241828245e-05	0.000466460124621	3.48104570613e-06	0.00101298430048	4.52535941797e-05	1.74052285307e-05	0.000713614369757	0	0.000142722873951	3.48104570613e-06	0	3.48104570613e-06	0	9.74692797716e-05	1.74052285307e-05	0.000121836599715	6.96209141226e-06	6.61398684165e-05	0.00115918822014	0.000100950325478	0.00450447314373	9.39882340655e-05	0	0	0	0	6.96209141226e-06	6.96209141226e-05	0	0	3.48104570613e-06	6.96209141226e-06	0.00250983395412	0.000456016987503	0.000208862742368	6.96209141226e-06	5.91777770042e-05	0	0	3.48104570613e-06	0	0.00027848365649	1.39241828245e-05	0.000891147700769	0.000529118947332	0.000309813067846	0	4.17725484736e-05	0.000407282347617	1.04431371184e-05	0.00270129146796	0.000348104570613	3.48104570613e-06	8.70261426533e-05	0.000160128102482	0.000978173843423
0.0159640756083	4.87346398858e-05	0.00174400389877	0	0.00165697775612	0.000191457513837	0.00721968879451	0.0101576913705	0.0241201656978	7.65830055349e-05	0.0019319803669	0.00705607964633	0.00606398162008	0.000410763393323	0.0611027952797	0.000905071883594	0	0.000772792146761	0.00224179343475	0.00205381696662	0.00449054896091	0.0018171058586	3.48104570613e-06	0.00444877641243	0.00275350715355	1.74052285307e-05	0.00462282869774	0.000894628746475	0.0148048873882	0.0420684373586	0.0160824311623	0	0.00148640651652	0.00970515542869	0.0197236049709	1.04431371184e-05	3.48104570613e-05	1.39241828245e-05	0	0.000407282347617	6.61398684165e-05	0.000487346398858	1.04431371184e-05	0.000375952936262	0.000731019598287	0.00021582483378	1.74052285307e-05	0.000233230062311	3.48104570613e-06	0.000389877119087	0	0.000100950325478	0	0	3.48104570613e-06	0.000337661433495	1.04431371184e-05	9.39882340655e-05	5.91777770042e-05	0.000821526786647	3.48104570613e-06	1.04431371184e-05	0.000111393462596	0.000281964702197	6.96209141226e-05	0	0	0.000247154245135	0	0.000149684965364	0.00218957774916	0.000438611758972	0.0097678142514	0.0024436940857	0.000257597382254	0.000560448358687	0.00116266926585	0.000160128102482	6.96209141226e-06	0.000292407839315	0.000483865353152	0.000543043130156	0.00049430849027	0
2.7848365649e-05	0	2.7848365649e-05	0	0.00358547707731	0.00239844049152	0.00825704041494	0.00095380652348	0.00309813067846	0.00132627841404	0.00158039475058	0.000104431371184	0.00687854631531	0	0.000905071883594	0.0200891147701	3.48104570613e-06	0	6.96209141226e-06	3.13294113552e-05	0.004145925436	0.000515194764507	0	0.000417725484736	0.00501270581683	0	0.000142722873951	7.31019598287e-05	0.00342534897483	0.00134716468827	0.000187976468131	0	2.43673199429e-05	0.000546524175862	0.00327914505517	0	3.48104570613e-06	1.74052285307e-05	0	0.000194938559543	0	7.65830055349e-05	6.96209141226e-06	2.43673199429e-05	0.000623107181397	8.0064051241e-05	3.48104570613e-06	6.26588227103e-05	0	2.08862742368e-05	0	6.96209141226e-06	1.39241828245e-05	0	1.39241828245e-05	9.05071883594e-05	4.87346398858e-05	3.48104570613e-06	0.000167090193894	0.000560448358687	0	1.04431371184e-05	4.17725484736e-05	0.000114874508302	0	3.48104570613e-06	0	2.08862742368e-05	0	3.48104570613e-05	0.00268388623943	0.000236711108017	0.0018762836356	0.000358547707731	0.00616493194556	2.7848365649e-05	0.000139241828245	3.82915027674e-05	6.96209141226e-06	0.000198419605249	0.0001705712396	2.7848365649e-05	2.08862742368e-05	0
0	0.00010791241689	7.31019598287e-05	0	0	0	0	3.48104570613e-06	0	0.000400320256205	0	3.48104570613e-06	0	0	0	3.48104570613e-06	0.0167890834407	0	3.48104570613e-06	1.39241828245e-05	0	0.0020433738295	0.00373168099697	0.00496397117694	0.00449054896091	3.13294113552e-05	0.000187976468131	0.00324085355241	0.000605701952867	1.39241828245e-05	2.7848365649e-05	0	0	1.04431371184e-05	4.17725484736e-05	0	0.000403801301911	3.82915027674e-05	0	1.74052285307e-05	0	3.48104570613e-06	0	3.48104570613e-06	0.00159431893341	3.48104570613e-06	2.7848365649e-05	1.04431371184e-05	3.48104570613e-06	0	3.48104570613e-06	0.00790545479862	1.04431371184e-05	1.39241828245e-05	3.82915027674e-05	3.48104570613e-06	1.04431371184e-05	0.00672538030424	4.87346398858e-05	0.00472726006892	0.000125317645421	2.08862742368e-05	0.000543043130156	0.000870261426533	0	0	0	0	0	0	0.000960768614892	0.000905071883594	1.04431371184e-05	0	0	0	0	0.000804121558116	0.000424687576148	8.35450969471e-05	2.08862742368e-05	6.96209141226e-06	2.08862742368e-05	0
0.000901590837888	0	0.0117311240297	0	1.04431371184e-05	0	1.04431371184e-05	7.31019598287e-05	0.000302850976433	0	1.39241828245e-05	1.04431371184e-05	1.04431371184e-05	3.48104570613e-06	0.000772792146761	0	0	0.0290179970063	3.13294113552e-05	0.00710829533192	1.39241828245e-05	0.00248894767988	0	0.00782887179309	4.87346398858e-05	3.48104570613e-06	0.00960768614892	0.00614056462561	0.000428168621854	0.00164305357329	0.0026107842796	0	0	0.000967730706304	0.00581334632924	0	3.48104570613e-05	0.000797159466704	0	0	0	0	0	0	1.74052285307e-05	0	6.96209141226e-06	3.48104570613e-06	0	3.48104570613e-06	0	0.00015316601107	5.91777770042e-05	0	3.13294113552e-05	3.48104570613e-06	0	3.82915027674e-05	1.04431371184e-05	1.74052285307e-05	0	0.000146203919657	0.000435130713266	3.48104570613e-06	3.48104570613e-06	0	0	0	0	3.82915027674e-05	0.00047690326174	0.000678803912695	0.00127754377415	0.00075538691823	3.48104570613e-06	3.48104570613e-06	6.96209141226e-06	6.26588227103e-05	0.000254116336547	3.82915027674e-05	2.08862742368e-05	0	3.48104570613e-06	0
0	0.000118355554008	2.7848365649e-05	0	0.000111393462596	0	0.000191457513837	0.000254116336547	3.48104570613e-06	2.43673199429e-05	0.000302850976433	0.00615448880844	0.000344623524907	0	0.00224179343475	6.96209141226e-06	3.48104570613e-06	3.13294113552e-05	0.00831621819194	0.00243325094858	0.000438611758972	1.39241828245e-05	3.13294113552e-05	5.56967312981e-05	6.26588227103e-05	0	0.00466460124621	0.000299369930727	0.000456016987503	0.00315730845546	0	0	0	1.39241828245e-05	0.00338357642636	0	5.56967312981e-05	3.48104570613e-06	0	3.48104570613e-06	0	3.48104570613e-06	0	0	4.17725484736e-05	0	1.04431371184e-05	3.48104570613e-06	1.04431371184e-05	0	0	6.96209141226e-06	0	0	3.48104570613e-06	3.48104570613e-06	0	3.82915027674e-05	0	4.17725484736e-05	0	2.08862742368e-05	6.26588227103e-05	2.43673199429e-05	0	0	0	0	0	0	0.000313294113552	0.000424687576148	0.000550005221569	1.74052285307e-05	0	0	0	6.96209141226e-06	2.7848365649e-05	0	0	0	0	0
0.000219305879486	1.74052285307e-05	0.00104779475755	0	0.000222786925192	0	0.000818045740941	0.000717095415463	0.000212343788074	6.96209141226e-06	0.000560448358687	0.00351237511749	0.00120792286003	8.35450969471e-05	0.00205381696662	3.13294113552e-05	1.39241828245e-05	0.00710829533192	0.00243325094858	0.0232011696314	0.00131931632262	0.000181014376719	6.96209141226e-06	0.000598739861454	0.000299369930727	5.2215685592e-05	0.0179517527065	0.00378041563686	0.00122184704285	0.00477947575452	0.000243673199429	0	0	0.000254116336547	0.00881748877363	0	1.39241828245e-05	0.000821526786647	0	3.48104570613e-06	0	2.7848365649e-05	6.96209141226e-06	2.43673199429e-05	7.31019598287e-05	1.04431371184e-05	0.000187976468131	2.43673199429e-05	0	3.82915027674e-05	0	3.82915027674e-05	3.13294113552e-05	6.96209141226e-06	7.31019598287e-05	2.7848365649e-05	3.48104570613e-06	5.2215685592e-05	6.26588227103e-05	7.31019598287e-05	6.96209141226e-06	0.000591777770042	0.000511713718801	3.13294113552e-05	2.43673199429e-05	0	0	3.48104570613e-06	0	8.0064051241e-05	0.00151773592787	0.00253420127406	0.0027848365649	0.000838932015177	6.96209141226e-06	0	6.96209141226e-06	1.74052285307e-05	0.000281964702197	0.00010791241689	2.08862742368e-05	2.08862742368e-05	5.91777770042e-05	3.48104570613e-05
2.7848365649e-05	0	6.96209141226e-06	0	0.00699342082362	2.08862742368e-05	0.00621018553974	0.000236711108017	0.00296585094162	0.0010791241689	0.000222786925192	0.00112089671737	0.0150311553591	1.04431371184e-05	0.00449054896091	0.004145925436	0	1.39241828245e-05	0.000438611758972	0.00131931632262	0.0195913252341	0	0	6.96209141226e-06	0.00506144045671	0	0.00150381174505	7.31019598287e-05	0.001587356842	0.00815957113517	0	3.48104570613e-06	1.74052285307e-05	0.000149684965364	0.00564625613534	0	0	6.96209141226e-06	0	0.000125317645421	3.48104570613e-06	0.000515194764507	3.48104570613e-06	0.000393358164793	3.82915027674e-05	1.39241828245e-05	4.87346398858e-05	0.000337661433495	0	0.000330699342082	6.96209141226e-06	1.04431371184e-05	0	0	3.48104570613e-06	0.000236711108017	3.48104570613e-06	0	2.08862742368e-05	3.82915027674e-05	0	3.48104570613e-06	6.96209141226e-06	3.48104570613e-06	3.48104570613e-06	0	0	0.000219305879486	0	0.000121836599715	0.00124621436279	0.000299369930727	0.00355414766596	0.000623107181397	0.000553486267275	2.08862742368e-05	0.000946844432067	0.000125317645421	0	0.000250635290841	0.000365509799144	0.000581334632924	0.000362028753438	0
0.00316775159258	3.48104570613e-06	0.00144115292234	0	0	0	2.43673199429e-05	6.26588227103e-05	0.00100602220907	3.48104570613e-06	3.48104570613e-06	1.39241828245e-05	3.48104570613e-06	1.39241828245e-05	0.0018171058586	0.000515194764507	0.0020433738295	0.00248894767988	1.39241828245e-05	0.000181014376719	0	0.0475998189856	0.000393358164793	0.031781947297	0.000334180387788	0	0.000515194764507	0.000915515020712	0.00827444564347	0.0045427646465	0.0173878233021	0	0	0.00156995161346	0.00737285480558	0	3.48104570613e-06	3.82915027674e-05	0	3.48104570613e-06	0	1.74052285307e-05	3.48104570613e-06	1.39241828245e-05	8.70261426533e-05	1.39241828245e-05	1.39241828245e-05	2.7848365649e-05	0	6.96209141226e-06	0	0.00231489539458	3.48104570613e-06	3.48104570613e-06	6.96209141226e-06	2.7848365649e-05	1.04431371184e-05	0.00253072022836	6.26588227103e-05	0.0019319803669	0	3.48104570613e-06	8.0064051241e-05	7.65830055349e-05	3.48104570613e-06	3.48104570613e-06	0	0	0	1.39241828245e-05	0.00444529536673	0.00243325094858	0.00460890451492	0.00152121697358	0.000212343788074	0.000163609148188	1.39241828245e-05	0.000275002610784	0.000222786925192	0.000104431371184	5.2215685592e-05	1.74052285307e-05	1.04431371184e-05	0
0	0.00363073067149	6.61398684165e-05	0	0	0	0	0	0	0.00250983395412	0	3.48104570613e-06	0	7.31019598287e-05	3.48104570613e-06	0	0.00373168099697	0	3.13294113552e-05	6.96209141226e-06	0	0.000393358164793	0.0132662651861	0.00120096076861	0.00496049013124	0.00032373725067	0.000104431371184	0.00537125352456	4.87346398858e-05	3.48104570613e-06	0	0	0	0	3.48104570613e-06	0	6.26588227103e-05	3.48104570613e-06	0	6.96209141226e-06	0	0	0	0	0.00053956208445	0	0	8.70261426533e-05	4.17725484736e-05	0	1.39241828245e-05	0.000915515020712	0	0	0	0	0	0.00147248233369	6.96209141226e-06	0.00104431371184	1.74052285307e-05	1.74052285307e-05	8.70261426533e-05	6.61398684165e-05	0	0	0	0	0	0	0	0	0	0	0	0	0	6.96209141226e-06	5.2215685592e-05	0	0	0	0	0
0.0063598705051	4.87346398858e-05	0.0169318063146	0	3.48104570613e-06	6.96209141226e-06	7.31019598287e-05	6.96209141226e-05	0.00153862220211	0.000104431371184	6.96209141226e-06	0.000184495422425	2.08862742368e-05	4.17725484736e-05	0.00444877641243	0.000417725484736	0.00496397117694	0.00782887179309	5.56967312981e-05	0.000598739861454	6.96209141226e-06	0.031781947297	0.00120096076861	0.089682180527	0.000334180387788	1.04431371184e-05	0.00230445225746	0.0196435409197	0.00393358164793	0.00781494761026	0.0164931945556	0	3.48104570613e-06	0.00162564834476	0.00865387962544	0	0.000379433981968	0.000181014376719	0	3.48104570613e-06	0	3.13294113552e-05	6.96209141226e-06	3.13294113552e-05	0.000132279736833	2.08862742368e-05	4.17725484736e-05	4.52535941797e-05	0	1.04431371184e-05	0	0.00866780380826	3.82915027674e-05	1.04431371184e-05	4.87346398858e-05	3.13294113552e-05	9.39882340655e-05	0.00963901556027	0.00160824311623	0.00179273853866	0	4.87346398858e-05	0.00190761304696	0.000100950325478	3.48104570613e-06	6.96209141226e-06	0	0	0	2.43673199429e-05	0.0101019946392	0.00348104570613	0.0119887214119	0.00519023914784	0.000988616980541	0.00146552024228	3.13294113552e-05	0.000887666655063	0.000480384307446	0.000532599993038	0.000257597382254	6.26588227103e-05	3.82915027674e-05	0
0.000135760782539	0.00184147317854	0.000139241828245	0	0.0124586625822	0.0013610888711	0.00408326661329	0.00224179343475	0.00262122741672	0.00927002471542	0.0001705712396	0.000344623524907	0.00453232150938	5.2215685592e-05	0.00275350715355	0.00501270581683	0.00449054896091	4.87346398858e-05	6.26588227103e-05	0.000299369930727	0.00506144045671	0.000334180387788	0.00496049013124	0.000334180387788	0.0549448254256	0.000208862742368	0.000828488878059	0.00223483134334	0.0180318167578	0.00581334632924	0.00126013854562	3.48104570613e-06	2.43673199429e-05	0.00296933198733	0.00647822605911	4.17725484736e-05	0.000309813067846	0.000125317645421	0	0.00563233195252	1.74052285307e-05	0.00187976468131	0.000236711108017	0.000275002610784	0.018028335712	0.00165349671041	6.26588227103e-05	0.00177533331013	4.17725484736e-05	0.000222786925192	0.000438611758972	0.000337661433495	1.74052285307e-05	6.96209141226e-06	4.87346398858e-05	0.00251331499983	1.39241828245e-05	0.00169526925889	0.000139241828245	0.0156264141748	0.000156647056776	3.13294113552e-05	0.000462979078915	0.00255160650259	9.39882340655e-05	0	0	0.000114874508302	0	6.96209141226e-05	0.00497441431406	0.00104779475755	0.00281964702197	0.000852856198002	0.00482124830299	7.65830055349e-05	0.000442092804679	0.00244021304	0.00063006927281	0.000407282347617	0.000264559473666	0.000268040519372	0.000208862742368	0
0	0.00183799213284	0	0	0	0	0	0	0	1.74052285307e-05	0	0.000250635290841	0	0.00375256727121	1.74052285307e-05	0	3.13294113552e-05	3.48104570613e-06	0	5.2215685592e-05	0	0	0.00032373725067	1.04431371184e-05	0.000208862742368	0.0152434991471	0.00248546663418	0.0119260625892	1.04431371184e-05	1.74052285307e-05	0	4.87346398858e-05	0	0	3.48104570613e-05	3.48104570613e-06	0.00233926271452	0	0	0	0	3.48104570613e-06	6.96209141226e-06	1.04431371184e-05	6.61398684165e-05	3.82915027674e-05	0.000901590837888	3.48104570613e-06	0.00271173460508	1.04431371184e-05	0	0.000114874508302	0	3.48104570613e-05	6.26588227103e-05	0	0	0.000219305879486	3.48104570613e-06	0.000184495422425	0.00428516726425	0.00262818950813	0.00446618164096	3.82915027674e-05	1.04431371184e-05	0	2.43673199429e-05	1.04431371184e-05	0	8.0064051241e-05	4.52535941797e-05	5.91777770042e-05	3.13294113552e-05	1.04431371184e-05	0	0	0	9.74692797716e-05	0.000619626135691	0.000212343788074	1.04431371184e-05	0	3.48104570613e-06	0.000372471890556
0.000344623524907	0.0029554078045	0.00700734500644	0	0.000435130713266	0	0.00139589932816	0.000560448358687	0.000309813067846	7.31019598287e-05	0.00032373725067	0.00924217634978	0.00171267448742	0.00173704180736	0.00462282869774	0.000142722873951	0.000187976468131	0.00960768614892	0.00466460124621	0.0179517527065	0.00150381174505	0.000515194764507	0.000104431371184	0.00230445225746	0.000828488878059	0.00248546663418	0.0761687610958	0.0282626100881	0.00106868103178	0.00764089532496	0.000375952936262	0.000905071883594	7.31019598287e-05	0.000428168621854	0.0114143488704	3.48104570613e-06	0.00315382740975	0.00399972151634	0	1.74052285307e-05	0	4.17725484736e-05	1.74052285307e-05	3.82915027674e-05	0.00109304835172	7.65830055349e-05	0.00274306401643	5.56967312981e-05	0.000480384307446	4.17725484736e-05	0	0.000243673199429	0.000233230062311	0.000410763393323	0.00131583527692	4.87346398858e-05	1.39241828245e-05	0.000835450969471	0.000146203919657	0.000654436592752	0.000375952936262	0.00927698680684	0.00744247571971	0.000668360775577	3.82915027674e-05	0	0	3.48104570613e-06	0	0.000187976468131	0.00649563128764	0.00809691231246	0.00591777770042	0.00158387579629	6.96209141226e-06	3.48104570613e-06	1.04431371184e-05	0.000609182998573	0.00178229540154	0.000577853587218	0.000111393462596	4.17725484736e-05	7.65830055349e-05	5.2215685592e-05
0.00058481567863	0.0140912730184	0.023904340864	0	2.08862742368e-05	0	4.52535941797e-05	4.17725484736e-05	0.000184495422425	0.00216869147492	1.04431371184e-05	0.000396839210499	7.65830055349e-05	0.0073241201657	0.000894628746475	7.31019598287e-05	0.00324085355241	0.00614056462561	0.000299369930727	0.00378041563686	7.31019598287e-05	0.000915515020712	0.00537125352456	0.0196435409197	0.00223483134334	0.0119260625892	0.0282626100881	0.120820134368	0.000452535941797	0.00149336860793	0.00107564312319	0.000452535941797	3.48104570613e-06	0.000765830055349	0.00285793852473	3.48104570613e-06	0.0111323841682	0.00404497511052	0	2.7848365649e-05	3.48104570613e-06	2.08862742368e-05	1.04431371184e-05	3.48104570613e-05	0.000678803912695	7.65830055349e-05	0.00301806662721	1.74052285307e-05	0.00529815156473	4.52535941797e-05	0	0.0088557802764	0.000414244439029	0.000341142479201	0.000546524175862	6.96209141226e-06	3.13294113552e-05	0.0118181501723	0.00174400389877	0.000943363386361	0.00423295157865	0.00951369791485	0.0265046820065	0.000254116336547	2.7848365649e-05	0	2.7848365649e-05	2.43673199429e-05	3.48104570613e-06	0.000591777770042	0.00813868486093	0.00395446792216	0.00474814634316	0.00215476729209	0.000132279736833	0.00010791241689	2.08862742368e-05	0.00109304835172	0.00316078950117	0.00122184704285	0.000285445747903	6.96209141226e-05	5.91777770042e-05	0.000560448358687
0.00569847182094	3.48104570613e-06	0.000529118947332	0	0.00533296202179	0.000194938559543	0.00634594632228	0.0277961499634	0.0141991854353	0.00281964702197	0.00670797507571	0.000866780380826	0.000640512409928	1.39241828245e-05	0.0148048873882	0.00342534897483	0.000605701952867	0.000428168621854	0.000456016987503	0.00122184704285	0.001587356842	0.00827444564347	4.87346398858e-05	0.00393358164793	0.0180318167578	1.04431371184e-05	0.00106868103178	0.000452535941797	0.0790649911233	0.0207713997285	0.0185191631566	0	6.26588227103e-05	0.0122323946113	0.0178368781982	2.08862742368e-05	1.04431371184e-05	0.000128798691127	0	0.0068715842239	0	0.00177881435583	0.000438611758972	0.000243673199429	0.014463744909	0.0017022313503	6.61398684165e-05	0.00153862220211	1.04431371184e-05	0.000181014376719	3.48104570613e-06	0.000118355554008	1.39241828245e-05	1.04431371184e-05	5.56967312981e-05	0.00291015421032	2.7848365649e-05	0.000365509799144	0.000191457513837	0.0121384063773	3.48104570613e-06	3.82915027674e-05	0.000236711108017	0.00411111497894	0.0001705712396	6.96209141226e-06	0	1.74052285307e-05	0	4.17725484736e-05	0.00422947053295	0.000842413060883	0.00622062867685	0.00250635290841	0.00107564312319	0.000417725484736	9.05071883594e-05	0.00238103526299	0.000508232673095	0.00043164966756	0.000191457513837	9.05071883594e-05	5.2215685592e-05	0
0.0184390991054	6.26588227103e-05	0.0026699620566	0	0.00317123263828	0.000525637901626	0.00692379990949	0.00787412538727	0.0126814495074	2.43673199429e-05	0.00194242350402	0.0106067462666	0.00855989139137	0.000466460124621	0.0420684373586	0.00134716468827	1.39241828245e-05	0.00164305357329	0.00315730845546	0.00477947575452	0.00815957113517	0.0045427646465	3.48104570613e-06	0.00781494761026	0.00581334632924	1.74052285307e-05	0.00764089532496	0.00149336860793	0.0207713997285	0.0795453754308	0.0271660806906	3.48104570613e-06	0.00326870191806	0.0217495735719	0.0405019667908	6.26588227103e-05	5.56967312981e-05	4.17725484736e-05	0	0.000602220907161	7.31019598287e-05	0.000678803912695	9.39882340655e-05	0.000741462735406	0.00271521565078	0.000313294113552	0.000114874508302	0.000295888885021	3.48104570613e-06	0.000873742472239	0	0.000156647056776	0	0	1.74052285307e-05	0.000473422216034	2.43673199429e-05	0.000139241828245	0.00010791241689	0.00303199081004	3.48104570613e-06	1.74052285307e-05	0.000167090193894	0.000490827444564	0.000316775159258	0	0	0.00047690326174	0	0.000344623524907	0.00686462213249	0.00120096076861	0.018728025899	0.00407630452188	0.000128798691127	0.00104431371184	0.00220350193198	0.00036899084485	1.74052285307e-05	0.000501270581683	0.000821526786647	0.000894628746475	0.000835450969471	0
0.0183834023741	0	0.00314338427264	0	0	6.96209141226e-06	0.000163609148188	0.00447662477808	0.00527726529049	3.48104570613e-06	0	1.74052285307e-05	3.48104570613e-06	3.48104570613e-06	0.0160824311623	0.000187976468131	2.7848365649e-05	0.0026107842796	0	0.000243673199429	0	0.0173878233021	0	0.0164931945556	0.00126013854562	0	0.000375952936262	0.00107564312319	0.0185191631566	0.0271660806906	0.0541267796846	0	6.96209141226e-06	0.0124447383994	0.00897761687611	2.7848365649e-05	0.000100950325478	1.04431371184e-05	0	0	0	3.48104570613e-06	3.48104570613e-06	3.48104570613e-06	0.00123577122568	3.48104570613e-06	0	3.48104570613e-06	0	0	0	0.000191457513837	0	0	0	0	0	0.000177533331013	3.82915027674e-05	0.00123577122568	0	0	0.000177533331013	2.08862742368e-05	2.7848365649e-05	0	0	0	0	3.48104570613e-06	0.000111393462596	5.56967312981e-05	0.00213388101786	0.000838932015177	3.82915027674e-05	0.000219305879486	0	3.82915027674e-05	3.48104570613e-06	3.13294113552e-05	3.48104570613e-05	3.48104570613e-06	3.48104570613e-06	0
0	0	0	0	3.48104570613e-06	0	3.48104570613e-06	0	0	0	0	0.000205381696662	3.48104570613e-06	0.00101298430048	0	0	0	0	0	0	3.48104570613e-06	0	0	0	3.48104570613e-06	4.87346398858e-05	0.000905071883594	0.000452535941797	0	3.48104570613e-06	0	0.00132627841404	0	0	3.48104570613e-06	0	3.48104570613e-06	0	0	0	0	0	0	0	6.96209141226e-06	0	1.74052285307e-05	0	6.26588227103e-05	0	0	0	0	0	0	0	0	6.96209141226e-06	0	3.48104570613e-06	2.43673199429e-05	3.48104570613e-05	0	0	0	0	0	0	0	6.96209141226e-06	1.04431371184e-05	1.04431371184e-05	3.48104570613e-06	0	0	0	0	6.96209141226e-06	6.61398684165e-05	6.96209141226e-06	0	0	0	0
0	0	0	0	0	0.00216521042921	0.00147248233369	4.17725484736e-05	0.00225223657187	0	3.48104570613e-06	0.000748424826818	6.61398684165e-05	4.52535941797e-05	0.00148640651652	2.43673199429e-05	0	0	0	0	1.74052285307e-05	0	0	3.48104570613e-06	2.43673199429e-05	0	7.31019598287e-05	3.48104570613e-06	6.26588227103e-05	0.00326870191806	6.96209141226e-06	0	0.0061892992655	5.91777770042e-05	0.00303895290145	0	0	0	0	0	0	3.48104570613e-06	0	1.74052285307e-05	6.96209141226e-06	0	0	0	0	1.74052285307e-05	0	0	0	0	0	0	0	0	0	6.96209141226e-06	0	0	3.48104570613e-06	0	0	0	0	1.74052285307e-05	0	2.7848365649e-05	0.000372471890556	4.52535941797e-05	0.000724057506875	7.65830055349e-05	0.000546524175862	0.000751905872524	0.000219305879486	0	0	3.48104570613e-06	6.96209141226e-06	1.74052285307e-05	1.74052285307e-05	0
0.00538517770738	0	0.00113133985449	0	0.000111393462596	6.96209141226e-06	0.000212343788074	0.00459498033209	0.0020433738295	0	1.74052285307e-05	8.70261426533e-05	0.000156647056776	1.74052285307e-05	0.00970515542869	0.000546524175862	1.04431371184e-05	0.000967730706304	1.39241828245e-05	0.000254116336547	0.000149684965364	0.00156995161346	0	0.00162564834476	0.00296933198733	0	0.000428168621854	0.000765830055349	0.0122323946113	0.0217495735719	0.0124447383994	0	5.91777770042e-05	0.0235318689734	0.0151216625474	5.56967312981e-05	1.39241828245e-05	1.04431371184e-05	0	1.04431371184e-05	0	6.96209141226e-06	3.48104570613e-06	2.43673199429e-05	0.00257249277683	0	1.39241828245e-05	6.96209141226e-06	0	3.13294113552e-05	0	7.31019598287e-05	0	0	6.96209141226e-06	0	6.96209141226e-06	6.26588227103e-05	6.61398684165e-05	0.00256204963971	0	1.04431371184e-05	6.96209141226e-05	4.87346398858e-05	6.61398684165e-05	0	0	1.39241828245e-05	0	2.43673199429e-05	0.00105475684896	0.000400320256205	0.00388136596234	0.00141678560239	3.13294113552e-05	0.000205381696662	5.2215685592e-05	0.000226267970898	6.96209141226e-06	5.91777770042e-05	7.65830055349e-05	2.7848365649e-05	2.43673199429e-05	0
0.00241584572005	6.26588227103e-05	0.00174052285307	0	0.00256553068542	0.000793678420998	0.00501966790824	0.00483169144011	0.00612664044279	4.52535941797e-05	0.0013610888711	0.0128380965642	0.00596651234031	0.000713614369757	0.0197236049709	0.00327914505517	4.17725484736e-05	0.00581334632924	0.00338357642636	0.00881748877363	0.00564625613534	0.00737285480558	3.48104570613e-06	0.00865387962544	0.00647822605911	3.48104570613e-05	0.0114143488704	0.00285793852473	0.0178368781982	0.0405019667908	0.00897761687611	3.48104570613e-06	0.00303895290145	0.0151216625474	0.0686148919135	6.61398684165e-05	4.52535941797e-05	0.000236711108017	0	0.000306332022139	7.31019598287e-05	0.000682284958402	5.56967312981e-05	0.000797159466704	0.00531903783897	0.000125317645421	0.000149684965364	0.000362028753438	6.96209141226e-06	0.000821526786647	0	0.000362028753438	1.39241828245e-05	1.04431371184e-05	4.52535941797e-05	0.000292407839315	3.82915027674e-05	0.000156647056776	0.000382915027674	0.00392313851081	1.04431371184e-05	5.91777770042e-05	0.000379433981968	0.000508232673095	0.000212343788074	3.48104570613e-06	0	0.000501270581683	0	0.000459498033209	0.00866780380826	0.00297629407874	0.0234343996937	0.00541998816444	0.000710133324051	0.00103387057472	0.00236014898876	0.00226616075469	0.0001705712396	0.000870261426533	0.000915515020712	0.00105127580325	0.000943363386361	4.17725484736e-05
0	0	0	0	0	0	0	6.96209141226e-06	6.96209141226e-06	0	0	0	1.04431371184e-05	0	1.04431371184e-05	0	0	0	0	0	0	0	0	0	4.17725484736e-05	3.48104570613e-06	3.48104570613e-06	3.48104570613e-06	2.08862742368e-05	6.26588227103e-05	2.7848365649e-05	0	0	5.56967312981e-05	6.61398684165e-05	0.0195843631427	3.48104570613e-06	0	0	0.000880704563651	3.48104570613e-06	0.000292407839315	0.00779754238173	0.00253768231977	0.000118355554008	0.001587356842	6.26588227103e-05	5.56967312981e-05	5.91777770042e-05	0.0107285828663	0	1.74052285307e-05	1.04431371184e-05	1.39241828245e-05	3.82915027674e-05	6.26588227103e-05	0.00226616075469	0	0.00185191631566	0.00622759076827	3.48104570613e-06	3.48104570613e-06	1.39241828245e-05	0.00435826922407	0.0101890207818	0.00193546141261	0	0	0.000626588227103	0.000135760782539	0	0	1.39241828245e-05	1.04431371184e-05	3.48104570613e-06	0	0	6.96209141226e-06	0	0.000229749016605	2.08862742368e-05	1.39241828245e-05	1.39241828245e-05	3.48104570613e-06
