0.0136313869936	3.26283199316e-05	0.000728699145138	0	0	0	3.62536888128e-06	0.00549605922403	0.00150090271685	0.000105135697557	0.000899091482558	3.62536888128e-06	0	3.62536888128e-06	0.0086392540441	3.62536888128e-06	0	6.16312709818e-05	0	2.17522132877e-05	0	0.000148640124133	1.45014755251e-05	0.000754076727307	3.98790576941e-05	0	0.00070694693185	0.000145014755251	0.000279153403859	0.00703684099857	0.00700058730976	0	0	0.000616312709818	0.00135951333048	0	1.45014755251e-05	0	0	0	0	3.62536888128e-06	3.62536888128e-06	1.45014755251e-05	7.25073776257e-06	0	0	0	0	1.81268444064e-05	0	3.62536888128e-06	0.000134138648607	0	1.08761066439e-05	0	0	1.45014755251e-05	0	0.000108761066439	3.62536888128e-06	3.62536888128e-06	3.62536888128e-05	3.62536888128e-06	7.25073776257e-06	3.62536888128e-06	0	0	1.08761066439e-05	1.08761066439e-05	1.45014755251e-05	0	0.000739575251782	9.78849597947e-05	7.25073776257e-06	3.62536888128e-06	0	2.90029510503e-05	2.90029510503e-05	3.98790576941e-05	1.45014755251e-05	3.62536888128e-06	1.08761066439e-05	0
3.26283199316e-05	0.0461291936455	0.00222235112423	0	0	0	7.25073776257e-06	0.000116011804201	4.35044265754e-05	0.00549605922403	1.08761066439e-05	5.43805332193e-05	1.08761066439e-05	0.0010839852955	0.000116011804201	0	0.000590935127649	0.00215346911548	1.08761066439e-05	0.000279153403859	2.17522132877e-05	0.000235648977283	0.0109776169725	0.000906342220321	0.00182718591617	0.00634439554225	0.0153171835234	0.0316132166448	0.000616312709818	0.000177643075183	0.00045317111016	0	0	0.000206646026233	0.00156253398783	0	0.015574584714	0.00141751923258	0	6.16312709818e-05	0	0.000145014755251	9.78849597947e-05	7.25073776257e-05	7.97581153882e-05	6.16312709818e-05	3.26283199316e-05	7.25073776257e-05	0.000126887910845	1.45014755251e-05	7.25073776257e-06	0.000119637173082	0.00352023318373	0	0.000638064923106	8.70088531508e-05	3.26283199316e-05	0.000576433652124	0.00193232161372	0.000137764017489	0.00025377582169	0.000746825989544	0.0209437560272	0.00014138938637	0	1.08761066439e-05	2.90029510503e-05	0	0	0.000275528034978	0.00355286150366	0.00238911809277	0.00183806202281	0.00137764017489	4.35044265754e-05	0	7.25073776257e-06	0.00185256349834	0.0006199380787	0.00138126554377	0.000355286150366	6.52566398631e-05	2.90029510503e-05	6.16312709818e-05
0.000728699145138	0.00222235112423	0.0369461342692	0	0	3.62536888128e-06	1.45014755251e-05	0.00263926854557	0.000561932176599	3.98790576941e-05	3.62536888128e-06	1.08761066439e-05	0	0	0.00319394998441	0	0	0.00765677907727	0	0.000293654879384	3.62536888128e-06	0.00279515940747	0.000119637173082	0.0200410391757	2.90029510503e-05	0	0.0162815316458	0.0131274607191	0.000286404141621	0.00234198829731	0.00881689711928	0	0	5.80059021005e-05	0.000561932176599	0	0.000627188816462	0.000717823038494	0	1.45014755251e-05	0	1.45014755251e-05	7.25073776257e-06	3.62536888128e-06	3.62536888128e-06	7.25073776257e-06	3.62536888128e-06	1.08761066439e-05	0	3.62536888128e-06	0	7.6132746507e-05	0.000888215375914	0	0.000188519181827	7.25073776257e-06	0.000108761066439	1.08761066439e-05	0.00140301775706	2.90029510503e-05	0	5.0755164338e-05	0.00256313579907	1.45014755251e-05	3.62536888128e-06	0	0	0	0	4.71297954567e-05	0.000786705047239	7.6132746507e-05	0.00143927144587	0.000913592958083	4.35044265754e-05	2.17522132877e-05	0	0.000177643075183	3.26283199316e-05	0.000159516230776	5.80059021005e-05	7.25073776257e-06	0	0
0	0	0	0	0	0	0	0	0	0	0	0	0	0	0	0	0	0	0	0	0	0	0	0	0	0	0	0	0	0	0	0	0	0	0	0	0	0	0	0	0	0	0	0	0	0	0	0	0	0	0	0	0	0	0	0	0	0	0	0	0	0	0	0	0	0	0	0	0	0	0	0	0	0	0	0	0	0	0	0	0	0	0	0
0	0	0	0	0.0171733723906	0.000101510328676	0.000895466113677	6.88820087444e-05	0.00142839533923	3.98790576941e-05	0.000493050167855	0.00228035702633	0.00822233662275	2.90029510503e-05	0.00516977602471	0.000206646026233	7.25073776257e-06	0	0.00171117411197	0.00111661361544	0.00926281749168	0	7.25073776257e-06	2.17522132877e-05	0.00905617146545	3.62536888128e-06	1.81268444064e-05	0	0.00374500605437	0.00573895893907	1.81268444064e-05	0	2.17522132877e-05	0.000297280248265	0.00481448987434	0	0	0	0	0.00241812104382	0	0.000188519181827	4.35044265754e-05	3.26283199316e-05	0.000482174061211	0.000166766968539	4.35044265754e-05	0.000290029510503	7.25073776257e-06	1.81268444064e-05	3.62536888128e-06	3.62536888128e-06	1.08761066439e-05	0	7.25073776257e-06	0.00156615935671	0	1.45014755251e-05	0	0.000532929225549	1.81268444064e-05	4.35044265754e-05	1.08761066439e-05	4.71297954567e-05	3.62536888128e-05	0	0	0	0	7.6132746507e-05	0.000855587055983	0.000101510328676	0.00406041314704	0.000268277297215	1.08761066439e-05	0.000192144550708	3.62536888128e-05	2.17522132877e-05	7.25073776257e-06	8.70088531508e-05	7.25073776257e-06	1.08761066439e-05	2.90029510503e-05	0
0	0	3.62536888128e-06	0	0.000101510328676	0.00667067874156	0.003389719904	0.000130513279726	0.00146464902804	0	0.000308156354909	1.81268444064e-05	0.000206646026233	7.25073776257e-06	0.000145014755251	0.00160241304553	0	0	1.08761066439e-05	1.45014755251e-05	0.000460421847923	0	0	3.62536888128e-06	0.000721448407375	0	7.25073776257e-06	7.25073776257e-06	0.000746825989544	0.00104410623781	0.000105135697557	0	0.00203745731128	0.00053655459443	0.00174742780078	0	0	0	0	3.62536888128e-06	0	1.08761066439e-05	3.62536888128e-06	7.25073776257e-06	3.62536888128e-06	3.62536888128e-06	1.08761066439e-05	1.08761066439e-05	0	3.62536888128e-06	0	3.62536888128e-06	7.25073776257e-06	0	0	0	0	0	0	1.81268444064e-05	0	3.62536888128e-06	0	3.62536888128e-06	0	0	0	0	0	0	0.000409666683585	3.26283199316e-05	0.00169304726756	0.000322657830434	0.00200845436023	0.00221147501758	5.0755164338e-05	0.000155890861895	0	0	0	0	1.08761066439e-05	0
3.62536888128e-06	7.25073776257e-06	1.45014755251e-05	0	0.000895466113677	0.003389719904	0.0410101727851	0.00291479658055	0.0197981394607	1.08761066439e-05	0.0158428620112	0.000326283199316	0.0101727850809	0.000493050167855	0.0040096579827	0.00339334527288	7.25073776257e-06	0	0.000293654879384	0.000130513279726	0.00523865803345	1.08761066439e-05	7.25073776257e-06	2.17522132877e-05	0.00221510038646	1.08761066439e-05	0.000340784674841	0.00022477287064	0.00412204441802	0.00553593828172	0.000195769919589	0	0.000652566398631	0.00172205021861	0.00527128635339	0	0	0	0	3.62536888128e-05	0	2.5377582169e-05	3.62536888128e-06	6.52566398631e-05	3.26283199316e-05	1.81268444064e-05	0.000503926274498	6.88820087444e-05	7.25073776257e-06	3.62536888128e-05	7.25073776257e-06	1.45014755251e-05	1.45014755251e-05	0	7.25073776257e-06	3.98790576941e-05	0	3.62536888128e-06	1.81268444064e-05	5.80059021005e-05	0.000369787625891	4.35044265754e-05	5.0755164338e-05	2.17522132877e-05	0	0	0	0	0	0.000210271395114	0.0024398732571	0.000877339269271	0.00620300615588	0.000920843695846	0.000333533937078	0.00234198829731	0.000355286150366	0.000250150452809	5.80059021005e-05	0.000329908568197	3.62536888128e-06	2.90029510503e-05	0.00028277877274	3.62536888128e-06
0.00549605922403	0.000116011804201	0.00263926854557	0	6.88820087444e-05	0.000130513279726	0.00291479658055	0.0391431078112	0.00659454599505	0.000123262541964	0.00773653719266	0.000380663732535	0.00112023898432	3.62536888128e-05	0.00851236613325	0.000210271395114	0	6.16312709818e-05	6.16312709818e-05	0.000351660781485	0.00152265493014	0.00174742780078	3.62536888128e-06	0.00445195298622	0.00153353103678	0	0.00189244255603	0.000126887910845	0.015056156964	0.00686644866115	0.0104555638536	0	3.62536888128e-06	0.00341872285505	0.00221872575535	0	4.35044265754e-05	0	0	0.000177643075183	3.62536888128e-06	1.81268444064e-05	2.5377582169e-05	7.25073776257e-06	0.000235648977283	6.52566398631e-05	1.45014755251e-05	1.81268444064e-05	0	3.62536888128e-06	7.25073776257e-06	0	3.26283199316e-05	0	1.08761066439e-05	9.06342220321e-05	0	3.62536888128e-06	2.17522132877e-05	0.00031178172379	1.08761066439e-05	3.62536888128e-06	0.000199395288471	0.000155890861895	3.62536888128e-06	0	0	0	0	7.25073776257e-06	0.000166766968539	0.000148640124133	0.00191419476932	0.000286404141621	6.16312709818e-05	0.000203020657352	1.08761066439e-05	1.81268444064e-05	7.25073776257e-06	1.81268444064e-05	0	0	3.62536888128e-06	0
0.00150090271685	4.35044265754e-05	0.000561932176599	0	0.00142839533923	0.00146464902804	0.0197981394607	0.00659454599505	0.0483986745651	4.35044265754e-05	0.0125727792803	0.000474923323448	0.0108217261106	0.000522053118905	0.0210960215202	0.0016459174721	1.08761066439e-05	3.62536888128e-06	0.000210271395114	0.000105135697557	0.0108616051683	0.000993351073472	7.25073776257e-06	0.00133413574831	0.00343322433058	7.25073776257e-06	0.000522053118905	0.000239274346165	0.00622475836916	0.010140156761	0.00222235112423	0	0.000438669634635	0.00223685259975	0.00679394128353	0	2.5377582169e-05	0	0	0.00017039233742	0	0.000108761066439	6.52566398631e-05	8.33834842695e-05	0.000355286150366	0.000159516230776	0.000663442505275	0.000449545741279	2.17522132877e-05	4.71297954567e-05	0.000137764017489	4.35044265754e-05	2.90029510503e-05	0	1.08761066439e-05	0.000221147501758	1.45014755251e-05	1.08761066439e-05	4.71297954567e-05	0.000348035412603	0.000391539839179	7.6132746507e-05	0.000145014755251	0.000148640124133	0	0	7.25073776257e-06	0	0	0.00042416815911	0.00328820957532	0.00108035992662	0.00781266993917	0.00161328915217	0.000228398239521	0.00251600600361	0.000471297954567	0.000464047216804	0.00011238643532	0.000525678487786	2.5377582169e-05	0.000275528034978	0.000268277297215	7.25073776257e-06
0.000105135697557	0.00549605922403	3.98790576941e-05	0	3.98790576941e-05	0	1.08761066439e-05	0.000123262541964	4.35044265754e-05	0.0231516056759	0.000108761066439	3.62536888128e-06	0.0011999970997	8.33834842695e-05	0.000308156354909	0.00096072275354	0.000427793527991	0.000116011804201	1.45014755251e-05	9.06342220321e-05	0.000137764017489	0.000362536888128	0.00839272896017	0.000387914470297	0.00932082339378	0.00175467853854	0.00184531276057	0.00547068164186	0.00146464902804	0.00164954284098	0.00273352813649	0	0	0.00208821247562	0.00348397949491	0	0.000119637173082	1.45014755251e-05	0	0.000804831891645	5.43805332193e-05	7.25073776257e-05	0.000130513279726	8.33834842695e-05	0.00298005322042	0.000355286150366	1.45014755251e-05	2.17522132877e-05	7.25073776257e-06	5.43805332193e-05	5.80059021005e-05	0.000246525083927	9.78849597947e-05	0	4.35044265754e-05	0.000348035412603	2.5377582169e-05	0.00159878767665	5.80059021005e-05	0.00450995888832	1.45014755251e-05	1.81268444064e-05	0.000206646026233	0.00117099414865	5.43805332193e-05	0	7.25073776257e-06	0	0.000126887910845	9.42595909134e-05	0.00238549272388	0.000435044265754	0.00110211213991	0.00113111509096	0.00378488511206	1.08761066439e-05	0	0.000228398239521	8.33834842695e-05	0.000398790576941	0.000145014755251	3.26283199316e-05	8.33834842695e-05	0
0.000899091482558	1.08761066439e-05	3.62536888128e-06	0	0.000493050167855	0.000308156354909	0.0158428620112	0.00773653719266	0.0125727792803	0.000108761066439	0.0379467360804	0.000522053118905	0.00736312419789	0.00014138938637	0.00756614485524	0.000975224229065	3.62536888128e-06	1.08761066439e-05	0.000203020657352	0.000380663732535	0.0102199148763	7.25073776257e-06	7.25073776257e-06	1.45014755251e-05	0.00453896183937	0	9.78849597947e-05	2.5377582169e-05	0.00681931886569	0.00580421557894	0.00042416815911	0	4.35044265754e-05	0.00243624788822	0.005985484023	0	0	0	0	0.000638064923106	0	0.000609061972056	0.000174017706302	0.000467672585686	0.000645315660868	0.00123625078852	0.000148640124133	0.00090271685144	3.62536888128e-06	0.000119637173082	1.81268444064e-05	0	9.06342220321e-05	0	3.62536888128e-05	0.00145377292139	0	3.62536888128e-06	7.25073776257e-06	0.000764952833951	0.00011238643532	7.25073776257e-06	1.81268444064e-05	0.000145014755251	4.71297954567e-05	0	0	0	0	8.33834842695e-05	0.000587309758768	0.000217522132877	0.005191528238	0.00149002661021	5.43805332193e-05	0.00081933336717	0.00011238643532	7.25073776257e-05	2.17522132877e-05	0.000145014755251	3.62536888128e-06	2.17522132877e-05	5.43805332193e-05	3.62536888128e-06
3.62536888128e-06	5.43805332193e-05	1.08761066439e-05	0	0.00228035702633	1.81268444064e-05	0.000326283199316	0.000380663732535	0.000474923323448	3.62536888128e-06	0.000522053118905	0.0311092903703	0.00476373471001	0.00611962267161	0.00504651348275	1.08761066439e-05	0	0.000235648977283	0.00887490302138	0.00607974361391	0.00459334237259	1.81268444064e-05	7.25073776257e-06	0.00014138938637	0.00221872575535	0.000580059021005	0.00420180253341	0.000837460211577	0.000587309758768	0.00843623338675	0.000221147501758	0.000351660781485	0.0010259793934	0.000514802381142	0.0120108471037	0	3.62536888128e-06	1.08761066439e-05	0	4.35044265754e-05	0	5.80059021005e-05	3.98790576941e-05	6.52566398631e-05	5.80059021005e-05	3.26283199316e-05	0.000137764017489	0.000210271395114	0.000134138648607	4.35044265754e-05	9.42595909134e-05	3.26283199316e-05	6.88820087444e-05	0	3.26283199316e-05	5.43805332193e-05	3.62536888128e-06	7.25073776257e-06	2.90029510503e-05	0.000137764017489	6.52566398631e-05	0.000152265493014	0.000221147501758	3.98790576941e-05	1.45014755251e-05	3.62536888128e-06	3.62536888128e-06	0	0	0.000166766968539	0.0022078496487	0.00504288811387	0.00878426879935	0.000844710949339	0	2.90029510503e-05	0.000627188816462	0.000297280248265	0.00025377582169	0.000232023608402	4.71297954567e-05	0.000145014755251	2.17522132877e-05	7.25073776257e-06
0	1.08761066439e-05	0	0	0.00822233662275	0.000206646026233	0.0101727850809	0.00112023898432	0.0108217261106	0.0011999970997	0.00736312419789	0.00476373471001	0.0434971758376	0.000268277297215	0.0164482986144	0.00224410333751	1.81268444064e-05	1.45014755251e-05	0.00315407092672	0.00236736587948	0.0243334759312	7.25073776257e-06	1.45014755251e-05	5.80059021005e-05	0.00930632191826	7.25073776257e-06	0.000257401190571	3.98790576941e-05	0.00161691452105	0.0137256465845	0.000496675536736	1.45014755251e-05	7.97581153882e-05	0.00165679357875	0.0106912128309	0	0	3.62536888128e-06	0	0.000293654879384	0	0.00177643075183	0.000130513279726	0.000217522132877	0.000355286150366	0.000532929225549	0.000598185865412	0.00335709158407	5.0755164338e-05	0.00017039233742	2.5377582169e-05	1.81268444064e-05	2.17522132877e-05	2.17522132877e-05	3.62536888128e-05	0.00211359005779	7.25073776257e-06	1.81268444064e-05	2.90029510503e-05	0.000580059021005	0.000174017706302	6.52566398631e-05	2.17522132877e-05	0.000177643075183	0.000337159305959	0	2.5377582169e-05	3.62536888128e-06	0	0.000659817136394	0.00155165788119	0.000409666683585	0.00832747232031	0.000750451358426	0.000348035412603	0.000612687340937	0.000210271395114	0.000177643075183	5.0755164338e-05	0.000398790576941	1.08761066439e-05	4.35044265754e-05	0.000126887910845	3.62536888128e-06
3.62536888128e-06	0.0010839852955	0	0	2.90029510503e-05	7.25073776257e-06	0.000493050167855	3.62536888128e-05	0.000522053118905	8.33834842695e-05	0.00014138938637	0.00611962267161	0.000268277297215	0.0253123255291	0.00028277877274	1.45014755251e-05	1.08761066439e-05	7.25073776257e-06	0.000246525083927	5.0755164338e-05	0.000116011804201	1.08761066439e-05	0.000703321562969	3.26283199316e-05	7.6132746507e-05	0.00851961687102	0.00301268154035	0.00696070825206	0.00011238643532	0.00131600890391	0.000101510328676	0.00101872865564	0.000192144550708	0.000159516230776	0.00167129505427	0	0.000119637173082	3.62536888128e-06	0	3.26283199316e-05	0	6.16312709818e-05	0.000123262541964	0.000239274346165	1.08761066439e-05	4.35044265754e-05	0.00217522132877	5.0755164338e-05	0.00561207102823	0.000195769919589	0	2.17522132877e-05	7.25073776257e-06	0	7.25073776257e-06	3.98790576941e-05	5.43805332193e-05	0	0.000101510328676	4.71297954567e-05	0.00318669924665	0.0030598113358	0.0014138938637	9.42595909134e-05	1.45014755251e-05	7.25073776257e-06	0.00145377292139	0	3.62536888128e-06	0.000630814185343	0.000387914470297	0.00207008563121	0.0017438024319	0.00131238353502	0	0.000435044265754	0.001801808334	5.43805332193e-05	0.00428881138656	0.00135226259272	0.000322657830434	1.08761066439e-05	0.000590935127649	0.000978849597947
0.0086392540441	0.000116011804201	0.00319394998441	0	0.00516977602471	0.000145014755251	0.0040096579827	0.00851236613325	0.0210960215202	0.000308156354909	0.00756614485524	0.00504651348275	0.0164482986144	0.00028277877274	0.0555007722036	7.6132746507e-05	1.81268444064e-05	0.000348035412603	0.00280241014523	0.00219334817318	0.0157159741004	0.00142839533923	8.70088531508e-05	0.00288216826062	0.00572445746355	3.62536888128e-06	0.00227310628856	0.000909967589202	0.006993336572	0.0315878390626	0.0169413487822	1.08761066439e-05	6.52566398631e-05	0.00472385565231	0.0124748943205	0	6.88820087444e-05	0	0	0.000449545741279	0	0.000148640124133	0.00011238643532	7.6132746507e-05	0.000645315660868	0.000326283199316	0.000322657830434	0.000442295003517	2.5377582169e-05	2.90029510503e-05	0.000137764017489	5.0755164338e-05	0.000391539839179	0	6.88820087444e-05	0.000373412994772	1.45014755251e-05	0.000119637173082	5.43805332193e-05	0.00116374341089	0.000145014755251	7.97581153882e-05	0.000315407092672	0.000431418896873	1.08761066439e-05	3.62536888128e-06	7.25073776257e-06	0	2.90029510503e-05	0.000286404141621	0.00182718591617	0.000612687340937	0.00990813315255	0.00125800300181	0.000192144550708	0.000634439554225	0.000199395288471	0.000391539839179	0.000148640124133	0.000420542790229	3.26283199316e-05	0.000268277297215	5.0755164338e-05	0
3.62536888128e-06	0	0	0	0.000206646026233	0.00160241304553	0.00339334527288	0.000210271395114	0.0016459174721	0.00096072275354	0.000975224229065	1.08761066439e-05	0.00224410333751	1.45014755251e-05	7.6132746507e-05	0.0088712776525	3.62536888128e-06	0	1.08761066439e-05	0	0.000174017706302	0.000155890861895	1.81268444064e-05	0	0.00053655459443	0	0	0	0.000750451358426	0.000362536888128	0.000159516230776	0	0.000427793527991	0.000203020657352	0.000833834842695	0	0	0	0	3.62536888128e-06	0	3.62536888128e-06	0	3.62536888128e-06	7.25073776257e-06	0	1.45014755251e-05	3.62536888128e-06	0	0	0	7.25073776257e-06	0	0	0	3.62536888128e-06	0	3.62536888128e-06	3.62536888128e-06	6.52566398631e-05	1.45014755251e-05	0	3.62536888128e-06	1.08761066439e-05	0	0	0	0	0	1.08761066439e-05	8.33834842695e-05	3.62536888128e-06	0.000739575251782	0.00053655459443	0.0038356402764	0.000290029510503	1.08761066439e-05	3.98790576941e-05	3.62536888128e-06	2.5377582169e-05	3.62536888128e-06	0	1.08761066439e-05	0
0	0.000590935127649	0	0	7.25073776257e-06	0	7.25073776257e-06	0	1.08761066439e-05	0.000427793527991	3.62536888128e-06	0	1.81268444064e-05	1.08761066439e-05	1.81268444064e-05	3.62536888128e-06	0.0198452692561	0	0	0	1.45014755251e-05	0.0037957612187	0.00942233372246	0.00971236323296	0.00281328625188	7.25073776257e-06	6.88820087444e-05	0.00278790866971	0.000841085580458	3.98790576941e-05	8.70088531508e-05	0	0	2.17522132877e-05	0.000210271395114	0	0.000155890861895	1.08761066439e-05	0	3.62536888128e-06	0	7.25073776257e-06	0	0	0.000188519181827	3.62536888128e-06	3.62536888128e-06	7.25073776257e-06	0	0	7.25073776257e-06	0.0087552658483	6.16312709818e-05	0	5.43805332193e-05	7.25073776257e-06	0.00108035992662	0.00933532486931	0.00271540129208	0.00155165788119	3.62536888128e-06	1.45014755251e-05	0.000587309758768	0.0011999970997	0	0	0	0	3.62536888128e-06	3.62536888128e-06	0.0011818702553	0.00028277877274	0.000199395288471	0.000192144550708	3.62536888128e-05	0	7.25073776257e-06	0.000235648977283	0.000116011804201	7.25073776257e-06	3.62536888128e-06	1.45014755251e-05	7.25073776257e-06	0
6.16312709818e-05	0.00215346911548	0.00765677907727	0	0	0	0	6.16312709818e-05	3.62536888128e-06	0.000116011804201	1.08761066439e-05	0.000235648977283	1.45014755251e-05	7.25073776257e-06	0.000348035412603	0	0	0.0318996207864	3.98790576941e-05	0.00344410043722	1.81268444064e-05	0.00306706207357	0.000134138648607	0.00903079388328	3.62536888128e-05	8.70088531508e-05	0.0150525315951	0.007787292357	7.6132746507e-05	0.001007852549	0.00410754294249	0	0	4.35044265754e-05	0.00367612404562	7.25073776257e-06	0.00084833631822	5.43805332193e-05	0	4.35044265754e-05	0	0.000246525083927	0.000134138648607	0.000279153403859	3.62536888128e-06	5.0755164338e-05	1.81268444064e-05	4.71297954567e-05	3.98790576941e-05	0.00014138938637	0	5.0755164338e-05	0.00162053988993	1.08761066439e-05	0.0006779439808	6.88820087444e-05	7.97581153882e-05	3.62536888128e-05	0.000235648977283	4.71297954567e-05	0.000101510328676	0.000293654879384	0.00303443375363	0.000116011804201	7.25073776257e-06	5.43805332193e-05	0	0	3.62536888128e-06	0.000398790576941	0.000177643075183	0.000108761066439	0.000464047216804	0.000134138648607	3.62536888128e-06	1.45014755251e-05	0	0.00139214165041	0.000217522132877	0.000685194718563	0.000213896763996	1.45014755251e-05	8.70088531508e-05	2.90029510503e-05
0	1.08761066439e-05	0	0	0.00171117411197	1.08761066439e-05	0.000293654879384	6.16312709818e-05	0.000210271395114	1.45014755251e-05	0.000203020657352	0.00887490302138	0.00315407092672	0.000246525083927	0.00280241014523	1.08761066439e-05	0	3.98790576941e-05	0.0116301833712	0.00359636593023	0.00293292342496	0	7.25073776257e-06	6.52566398631e-05	0.00158428620112	7.25073776257e-06	0.00233111219067	0.000793955785001	0.000192144550708	0.00396977892501	6.88820087444e-05	1.81268444064e-05	1.08761066439e-05	0.00011238643532	0.00437582023971	0	0	1.81268444064e-05	0	1.08761066439e-05	0	1.81268444064e-05	1.08761066439e-05	1.45014755251e-05	2.17522132877e-05	7.25073776257e-06	1.45014755251e-05	3.26283199316e-05	7.25073776257e-06	1.08761066439e-05	7.25073776257e-06	7.25073776257e-06	3.62536888128e-05	0	2.5377582169e-05	1.45014755251e-05	0	2.90029510503e-05	2.90029510503e-05	5.80059021005e-05	7.25073776257e-06	0.000199395288471	0.000188519181827	7.25073776257e-06	0	0	0	0	0	2.17522132877e-05	0.00191419476932	0.00287491752286	0.00444832761734	0.000558306807718	0	2.5377582169e-05	1.08761066439e-05	9.06342220321e-05	2.5377582169e-05	4.71297954567e-05	3.62536888128e-06	2.17522132877e-05	3.62536888128e-06	0
2.17522132877e-05	0.000279153403859	0.000293654879384	0	0.00111661361544	1.45014755251e-05	0.000130513279726	0.000351660781485	0.000105135697557	9.06342220321e-05	0.000380663732535	0.00607974361391	0.00236736587948	5.0755164338e-05	0.00219334817318	0	0	0.00344410043722	0.00359636593023	0.0197002545009	0.00238549272388	0.000496675536736	8.70088531508e-05	0.00101510328676	0.000949846646896	0.000232023608402	0.00543080258416	0.0018779410805	0.000449545741279	0.0029437995316	0.000493050167855	3.62536888128e-06	0	0.000319032461553	0.00670330706149	0	0.000155890861895	2.17522132877e-05	0	2.5377582169e-05	0	2.17522132877e-05	2.90029510503e-05	1.81268444064e-05	2.17522132877e-05	1.81268444064e-05	0	1.08761066439e-05	0	1.45014755251e-05	0	3.62536888128e-06	0.000217522132877	3.62536888128e-06	0.000192144550708	2.17522132877e-05	0	3.26283199316e-05	7.97581153882e-05	5.80059021005e-05	4.35044265754e-05	0.00124350152628	0.000913592958083	2.90029510503e-05	7.25073776257e-06	1.08761066439e-05	0	0	0	3.62536888128e-06	0.00307431281133	0.0036797494145	0.0039516520806	0.000725073776257	0	7.25073776257e-06	3.62536888128e-06	0.000217522132877	0.000199395288471	1.81268444064e-05	1.81268444064e-05	3.62536888128e-06	7.25073776257e-06	0
0	2.17522132877e-05	3.62536888128e-06	0	0.00926281749168	0.000460421847923	0.00523865803345	0.00152265493014	0.0108616051683	0.000137764017489	0.0102199148763	0.00459334237259	0.0243334759312	0.000116011804201	0.0157159741004	0.000174017706302	1.45014755251e-05	1.81268444064e-05	0.00293292342496	0.00238549272388	0.0355394911432	1.08761066439e-05	1.08761066439e-05	3.98790576941e-05	0.0117099414865	7.25073776257e-06	0.000271902666096	4.71297954567e-05	0.00533654299325	0.0159733752909	0.000558306807718	1.45014755251e-05	0.000130513279726	0.00288216826062	0.0134537439184	0	3.62536888128e-06	3.62536888128e-06	0	0.00180543370288	3.62536888128e-06	0.00149727734797	0.00017039233742	0.000177643075183	0.00119274636194	0.000757702096188	0.000416917421348	0.00233111219067	5.80059021005e-05	0.000148640124133	6.52566398631e-05	1.81268444064e-05	2.90029510503e-05	1.08761066439e-05	8.33834842695e-05	0.00285316530957	7.25073776257e-06	1.81268444064e-05	3.26283199316e-05	0.00142114460146	3.98790576941e-05	6.16312709818e-05	1.81268444064e-05	0.000228398239521	0.000228398239521	0	2.90029510503e-05	3.62536888128e-06	0	0.0006779439808	0.00151540419238	0.000344410043722	0.0113256523851	0.00151902956126	9.42595909134e-05	0.00117461951754	6.88820087444e-05	0.000123262541964	4.35044265754e-05	0.000409666683585	1.81268444064e-05	4.35044265754e-05	6.16312709818e-05	1.08761066439e-05
0.000148640124133	0.000235648977283	0.00279515940747	0	0	0	1.08761066439e-05	0.00174742780078	0.000993351073472	0.000362536888128	7.25073776257e-06	1.81268444064e-05	7.25073776257e-06	1.08761066439e-05	0.00142839533923	0.000155890861895	0.0037957612187	0.00306706207357	0	0.000496675536736	1.08761066439e-05	0.0394440134284	0.00231661071514	0.0180942160865	0.00139214165041	1.45014755251e-05	0.00268639834103	0.000971598860184	0.00785617436574	0.00269002370991	0.0132507232611	0	0	0.00218247206653	0.00812082629408	0	0.000119637173082	2.5377582169e-05	0	4.35044265754e-05	7.25073776257e-06	1.81268444064e-05	1.81268444064e-05	7.25073776257e-06	0.00042416815911	2.17522132877e-05	7.25073776257e-06	2.17522132877e-05	3.62536888128e-06	0	1.08761066439e-05	0.00409666683585	0.000152265493014	0	8.33834842695e-05	2.5377582169e-05	0.000598185865412	0.0050175105317	0.000130513279726	0.00332083789526	7.25073776257e-06	2.17522132877e-05	0.00017039233742	0.00108761066439	3.62536888128e-06	0	0	0	3.62536888128e-06	1.45014755251e-05	0.00188519181827	0.000391539839179	0.0038936461785	0.00290754584279	0.000949846646896	0.000174017706302	1.08761066439e-05	0.000696070825206	0.000246525083927	7.25073776257e-06	3.62536888128e-06	7.25073776257e-06	7.25073776257e-06	0
1.45014755251e-05	0.0109776169725	0.000119637173082	0	7.25073776257e-06	0	7.25073776257e-06	3.62536888128e-06	7.25073776257e-06	0.00839272896017	7.25073776257e-06	7.25073776257e-06	1.45014755251e-05	0.000703321562969	8.70088531508e-05	1.81268444064e-05	0.00942233372246	0.000134138648607	7.25073776257e-06	8.70088531508e-05	1.08761066439e-05	0.00231661071514	0.034567892283	0.0038537671208	0.00498488221177	0.0040096579827	0.00254500895466	0.018507508139	0.00239274346165	0.000148640124133	0.000431418896873	0	0	0.000137764017489	0.000692445456325	0	0.000710572300732	0	0	1.45014755251e-05	7.25073776257e-06	1.08761066439e-05	1.08761066439e-05	0	0.00141026849482	1.08761066439e-05	2.5377582169e-05	7.25073776257e-06	2.90029510503e-05	0	2.17522132877e-05	0.00894741039901	3.26283199316e-05	3.62536888128e-06	2.17522132877e-05	1.45014755251e-05	0.000293654879384	0.0125437763292	0.00210271395114	0.00291479658055	8.33834842695e-05	7.6132746507e-05	0.0049196255719	0.000145014755251	0	0	1.45014755251e-05	0	0	1.08761066439e-05	0.000768578202832	0.00036616225701	0.000264651928334	0.000326283199316	0.000152265493014	0	7.25073776257e-06	0.000406041314704	0.00022477287064	4.35044265754e-05	4.71297954567e-05	1.45014755251e-05	1.45014755251e-05	2.17522132877e-05
0.000754076727307	0.000906342220321	0.0200410391757	0	2.17522132877e-05	3.62536888128e-06	2.17522132877e-05	0.00445195298622	0.00133413574831	0.000387914470297	1.45014755251e-05	0.00014138938637	5.80059021005e-05	3.26283199316e-05	0.00288216826062	0	0.00971236323296	0.00903079388328	6.52566398631e-05	0.00101510328676	3.98790576941e-05	0.0180942160865	0.0038537671208	0.0781992067693	0.00173655169413	1.81268444064e-05	0.00847973781332	0.010259793934	0.00259938948788	0.00216434522213	0.0107673455774	0	0	0.00111661361544	0.00593835422754	0	0.000355286150366	7.97581153882e-05	0	7.25073776257e-05	0	2.17522132877e-05	3.62536888128e-05	1.81268444064e-05	0.000239274346165	4.35044265754e-05	1.08761066439e-05	2.17522132877e-05	1.45014755251e-05	7.25073776257e-06	1.08761066439e-05	0.0116700624289	0.000703321562969	3.62536888128e-06	0.000264651928334	1.81268444064e-05	0.00184893812945	0.0114634164026	0.00766765518391	0.0017438024319	1.45014755251e-05	5.43805332193e-05	0.00455708868377	0.00163866673434	0	0	7.25073776257e-06	0	7.25073776257e-06	8.70088531508e-05	0.0101220299165	0.00196494993366	0.00832384695143	0.00746825989544	0.00076132746507	0.00143202070811	2.17522132877e-05	0.000558306807718	0.00036616225701	0.000286404141621	0.000192144550708	1.45014755251e-05	2.17522132877e-05	3.62536888128e-06
3.98790576941e-05	0.00182718591617	2.90029510503e-05	0	0.00905617146545	0.000721448407375	0.00221510038646	0.00153353103678	0.00343322433058	0.00932082339378	0.00453896183937	0.00221872575535	0.00930632191826	7.6132746507e-05	0.00572445746355	0.00053655459443	0.00281328625188	3.62536888128e-05	0.00158428620112	0.000949846646896	0.0117099414865	0.00139214165041	0.00498488221177	0.00173655169413	0.0475394621403	0.000703321562969	0.000779454309476	0.00186706497386	0.0162525286948	0.0153715640566	0.00459334237259	0	0.000145014755251	0.00845436023115	0.0149763988486	0	6.88820087444e-05	1.45014755251e-05	0	0.00630089111567	3.98790576941e-05	0.000543805332193	0.000482174061211	0.000358911519247	0.00939333077141	0.00148640124133	0.00014138938637	0.000558306807718	1.45014755251e-05	0.000181268444064	0.000119637173082	0.00131600890391	0.000130513279726	3.62536888128e-06	5.0755164338e-05	0.0034477258061	2.90029510503e-05	0.00221147501758	6.88820087444e-05	0.0118513308729	5.43805332193e-05	4.71297954567e-05	0.000145014755251	0.00418730105788	8.70088531508e-05	0	0	3.62536888128e-06	2.17522132877e-05	0.000192144550708	0.00318669924665	0.000438669634635	0.0118042010775	0.00394077597396	0.00161691452105	0.00121812394411	6.16312709818e-05	0.000493050167855	7.25073776257e-05	0.000351660781485	6.16312709818e-05	2.90029510503e-05	0.000152265493014	0
0	0.00634439554225	0	0	3.62536888128e-06	0	1.08761066439e-05	0	7.25073776257e-06	0.00175467853854	0	0.000580059021005	7.25073776257e-06	0.00851961687102	3.62536888128e-06	0	7.25073776257e-06	8.70088531508e-05	7.25073776257e-06	0.000232023608402	7.25073776257e-06	1.45014755251e-05	0.0040096579827	1.81268444064e-05	0.000703321562969	0.0192108297019	0.00512627159814	0.0104591892225	7.6132746507e-05	1.45014755251e-05	1.08761066439e-05	0	0	7.25073776257e-06	9.06342220321e-05	0	0.00199395288471	0	0	3.62536888128e-06	0	3.26283199316e-05	3.62536888128e-06	0	0	7.25073776257e-06	0.00109486140215	3.26283199316e-05	0.00333896473966	7.25073776257e-06	0	0	0	0	0	2.90029510503e-05	0	0	3.62536888128e-06	0	0.00382838953864	0.00131238353502	0.00478548692329	0	3.62536888128e-06	0	0.00031178172379	0	0	6.52566398631e-05	0.000239274346165	0.000268277297215	0.00011238643532	7.25073776257e-05	0	0	0.000308156354909	1.08761066439e-05	0.00224410333751	0.000116011804201	2.17522132877e-05	7.25073776257e-06	0	0.00100422718012
0.00070694693185	0.0153171835234	0.0162815316458	0	1.81268444064e-05	7.25073776257e-06	0.000340784674841	0.00189244255603	0.000522053118905	0.00184531276057	9.78849597947e-05	0.00420180253341	0.000257401190571	0.00301268154035	0.00227310628856	0	6.88820087444e-05	0.0150525315951	0.00233111219067	0.00543080258416	0.000271902666096	0.00268639834103	0.00254500895466	0.00847973781332	0.000779454309476	0.00512627159814	0.0886366437785	0.0352748392149	0.000699696194088	0.00284228920293	0.00880602101264	0.000855587055983	2.90029510503e-05	0.000605436603174	0.00584772000551	0	0.00760964928181	0.000326283199316	0	0.00014138938637	0	0.000344410043722	0.000184893812945	0.000297280248265	6.16312709818e-05	0.000145014755251	4.71297954567e-05	0.000101510328676	0.000561932176599	0.000126887910845	1.45014755251e-05	0.000319032461553	0.00341509748617	1.45014755251e-05	0.00113836582872	0.00017039233742	0.000155890861895	0.00025377582169	0.00056555754548	0.000315407092672	0.00319032461553	0.00459334237259	0.0182827352683	0.000271902666096	1.45014755251e-05	4.71297954567e-05	0.000387914470297	0	3.62536888128e-06	0.000558306807718	0.00559031881494	0.00762777612622	0.00435044265754	0.0024398732571	1.08761066439e-05	3.98790576941e-05	1.81268444064e-05	0.0028676667851	0.00110573750879	0.00194682308925	0.000572808283243	6.52566398631e-05	9.42595909134e-05	4.71297954567e-05
0.000145014755251	0.0316132166448	0.0131274607191	0	0	7.25073776257e-06	0.00022477287064	0.000126887910845	0.000239274346165	0.00547068164186	2.5377582169e-05	0.000837460211577	3.98790576941e-05	0.00696070825206	0.000909967589202	0	0.00278790866971	0.007787292357	0.000793955785001	0.0018779410805	4.71297954567e-05	0.000971598860184	0.018507508139	0.010259793934	0.00186706497386	0.0104591892225	0.0352748392149	0.103729054431	0.00110936287767	0.00131600890391	0.00324470514875	0.000261026559452	0	0.000797581153882	0.00399878187606	0	0.0118295786596	0.000967973491303	0	0.000108761066439	0	9.06342220321e-05	0.000123262541964	5.80059021005e-05	0.000119637173082	0.000108761066439	8.33834842695e-05	3.98790576941e-05	0.00172205021861	1.08761066439e-05	7.25073776257e-06	0.00576071115236	0.00225497944416	0	0.00042416815911	5.43805332193e-05	0.000134138648607	0.00813895313848	0.0041256697869	0.000290029510503	0.00496675536736	0.00442657540405	0.0283793876027	0.000174017706302	0	3.62536888128e-06	0.000953472015778	0	7.25073776257e-06	0.000195769919589	0.00673593538143	0.00392989986731	0.00536192057542	0.00472385565231	0.000355286150366	9.42595909134e-05	1.81268444064e-05	0.00111298824655	0.000699696194088	0.000826584104933	0.000522053118905	1.45014755251e-05	2.5377582169e-05	0.000105135697557
0.000279153403859	0.000616312709818	0.000286404141621	0	0.00374500605437	0.000746825989544	0.00412204441802	0.015056156964	0.00622475836916	0.00146464902804	0.00681931886569	0.000587309758768	0.00161691452105	0.00011238643532	0.006993336572	0.000750451358426	0.000841085580458	7.6132746507e-05	0.000192144550708	0.000449545741279	0.00533654299325	0.00785617436574	0.00239274346165	0.00259938948788	0.0162525286948	7.6132746507e-05	0.000699696194088	0.00110936287767	0.0623672208647	0.0202295583576	0.0177679328872	0	9.42595909134e-05	0.0155383310252	0.0177824343627	0	5.0755164338e-05	1.81268444064e-05	0	0.00556856660165	1.81268444064e-05	0.000696070825206	0.00036616225701	0.000203020657352	0.0072434870248	0.000652566398631	0.000155890861895	0.00090271685144	7.25073776257e-06	0.000174017706302	5.0755164338e-05	0.00056555754548	0.000264651928334	7.25073776257e-06	0.000105135697557	0.00395527744948	1.08761066439e-05	0.00122900005076	0.000119637173082	0.00832022158255	4.35044265754e-05	0.000134138648607	0.000210271395114	0.0019758260403	0.00014138938637	0	0	3.62536888128e-06	7.25073776257e-06	0.000297280248265	0.002595764119	0.000532929225549	0.0147480006091	0.00883864933257	0.0022078496487	0.00163504136546	4.71297954567e-05	0.000540179963311	9.78849597947e-05	0.000409666683585	8.33834842695e-05	2.5377582169e-05	0.000119637173082	0
0.00703684099857	0.000177643075183	0.00234198829731	0	0.00573895893907	0.00104410623781	0.00553593828172	0.00686644866115	0.010140156761	0.00164954284098	0.00580421557894	0.00843623338675	0.0137256465845	0.00131600890391	0.0315878390626	0.000362536888128	3.98790576941e-05	0.001007852549	0.00396977892501	0.0029437995316	0.0159733752909	0.00269002370991	0.000148640124133	0.00216434522213	0.0153715640566	1.45014755251e-05	0.00284228920293	0.00131600890391	0.0202295583576	0.0759333512185	0.029989051386	1.81268444064e-05	0.00158428620112	0.0250367974941	0.0410391757361	0	7.6132746507e-05	1.81268444064e-05	0	0.00259213875012	1.08761066439e-05	0.00084833631822	0.000547430701074	0.00042416815911	0.0021498437466	0.00184531276057	0.00166041894763	0.00173292632525	6.16312709818e-05	0.000210271395114	0.000500300905617	0.000203020657352	0.000710572300732	3.62536888128e-06	0.000174017706302	0.00261751633229	3.26283199316e-05	0.000188519181827	0.000217522132877	0.00519877897576	0.000793955785001	0.000184893812945	0.000402415945822	0.00158428620112	0.000105135697557	3.62536888128e-06	2.17522132877e-05	0	0.000137764017489	0.00134138648607	0.00700058730976	0.00260301485676	0.0301159392968	0.00982837503716	0.000478548692329	0.00315407092672	0.00102235402452	0.00208096173786	0.000511177012261	0.0018199351784	0.000126887910845	0.000978849597947	0.000757702096188	2.17522132877e-05
0.00700058730976	0.00045317111016	0.00881689711928	0	1.81268444064e-05	0.000105135697557	0.000195769919589	0.0104555638536	0.00222235112423	0.00273352813649	0.00042416815911	0.000221147501758	0.000496675536736	0.000101510328676	0.0169413487822	0.000159516230776	8.70088531508e-05	0.00410754294249	6.88820087444e-05	0.000493050167855	0.000558306807718	0.0132507232611	0.000431418896873	0.0107673455774	0.00459334237259	1.08761066439e-05	0.00880602101264	0.00324470514875	0.0177679328872	0.029989051386	0.0672614688545	0	2.5377582169e-05	0.019178201382	0.0219044787807	0	0.000232023608402	1.81268444064e-05	0	0.00157703546336	1.45014755251e-05	0.000464047216804	0.000605436603174	0.000409666683585	0.00188881718715	0.00112748972208	0.000116011804201	0.000152265493014	1.08761066439e-05	9.42595909134e-05	2.5377582169e-05	6.88820087444e-05	0.00096072275354	7.25073776257e-06	0.000155890861895	0.000837460211577	3.62536888128e-06	0.000558306807718	0.000203020657352	0.00491237483414	3.98790576941e-05	7.6132746507e-05	0.000739575251782	0.00145014755251	6.16312709818e-05	3.62536888128e-06	3.62536888128e-06	0	0.000163141599658	0.000239274346165	0.00337159305959	0.000641690291987	0.0127359208799	0.00732687050907	0.000888215375914	0.00076132746507	8.70088531508e-05	0.00122900005076	0.000246525083927	0.000703321562969	0.000159516230776	6.52566398631e-05	0.000206646026233	0
0	0	0	0	0	0	0	0	0	0	0	0.000351660781485	1.45014755251e-05	0.00101872865564	1.08761066439e-05	0	0	0	1.81268444064e-05	3.62536888128e-06	1.45014755251e-05	0	0	0	0	0	0.000855587055983	0.000261026559452	0	1.81268444064e-05	0	0.00121449857523	7.25073776257e-06	0	3.26283199316e-05	0	0	0	0	0	0	0	0	0	0	0	0	0	7.25073776257e-06	0	0	0	0	0	0	0	0	0	0	0	0	6.16312709818e-05	6.16312709818e-05	0	0	0	1.81268444064e-05	0	0	0	9.06342220321e-05	0.000184893812945	2.90029510503e-05	0	0	0	1.08761066439e-05	0	4.71297954567e-05	0	0	0	0	0
0	0	0	0	2.17522132877e-05	0.00203745731128	0.000652566398631	3.62536888128e-06	0.000438669634635	0	4.35044265754e-05	0.0010259793934	7.97581153882e-05	0.000192144550708	6.52566398631e-05	0.000427793527991	0	0	1.08761066439e-05	0	0.000130513279726	0	0	0	0.000145014755251	0	2.90029510503e-05	0	9.42595909134e-05	0.00158428620112	2.5377582169e-05	7.25073776257e-06	0.00457521552818	3.62536888128e-05	0.00279878477635	0	0	0	0	1.45014755251e-05	0	0	0	7.25073776257e-06	7.25073776257e-06	1.08761066439e-05	0.000126887910845	0	0	3.62536888128e-06	0	0	0	0	0	1.08761066439e-05	0	0	0	7.25073776257e-06	6.16312709818e-05	0	0	3.62536888128e-06	0	0	0	0	0	6.16312709818e-05	0.000264651928334	0.00011238643532	0.000667067874156	0.000445920372398	0.000612687340937	0.00148640124133	0.000195769919589	0.000101510328676	3.62536888128e-06	8.70088531508e-05	3.62536888128e-06	0	0.000126887910845	0
