0.0354836368914	0	0	0	0.00101589144474	0	0.000205597078103	0.0259777955156	0.00945746559272	0	0.00125777036016	0.000798200420869	0	1.20939457707e-05	0.0238492610599	0	0	0	0	0	0	0.00602278499383	0	0.00222528602182	0.000181409186561	0	0.000628885180079	6.04697288537e-05	0.0176329729337	0.00893742592458	0.00994122342355	0	0	1.20939457707e-05	0.00233413153375	0	0	0	0	0	0	0	0	0	0	0	0	0	0	0	0	0	0	0	0	0	0.000133033403478	0	0.000266066806956	0	0	0	0.000193503132332	0	0	0	0	0	0	0	2.41878915415e-05	0	0.00255182255763	0.000979609607431	1.20939457707e-05	2.41878915415e-05	0	0	0	0.000399100210435	0.000471663885059	9.6751566166e-05	0	0
0	0.0113562150787	0	0	0	0	0	0	0	8.46576203952e-05	0	0	0	1.20939457707e-05	0	0	0.00278160752727	0	0	0	0	0	0.00633722758387	0	0.00494642382024	0.00125777036016	0.000725636746245	0.00840529231067	0	0	0	0	0	0	0	0	0.00240669520838	0	0	0	0	0	0	0	0	0	0	0	0	0	0	0	0	0	0	0	0	4.8375783083e-05	0	0	0	0	0.00240669520838	0	0	0	0	0	0	0	0	0	0	0	0	0	0	0	0	0	0	0	0	0
0	0	0.026219674431	0	0	0	0	0	0	0	0	0	0	0	0	0	0	0.0112836514041	0	3.62818373122e-05	0	0	0	0.00962678083351	0	0	0.00377331108047	0.014718332003	0	0	0	0	0	0	0	0	1.20939457707e-05	0	0	0	0	0	0	0	0	0	0	0	0	0	0	0	0	0	0	0	0	0	0	0	0	0	3.62818373122e-05	0	0	0	0	0	0	1.20939457707e-05	0	0	0	0	0	0	0	1.20939457707e-05	0	0	0	0	0	0
0	0	0	0	0	0	0	0	0	0	0	0	0	0	0	0	0	0	0	0	0	0	0	0	0	0	0	0	0	0	0	0	0	0	0	0	0	0	0	0	0	0	0	0	0	0	0	0	0	0	0	0	0	0	0	0	0	0	0	0	0	0	0	0	0	0	0	0	0	0	0	0	0	0	0	0	0	0	0	0	0	0	0	0
0.00101589144474	0	0	0	0.0280216723508	2.41878915415e-05	0.00113683090245	0.00910674116537	0.00163268267905	0.000435382047747	0.00798200420869	0.00192293737755	0.00251554072032	4.8375783083e-05	0.000628885180079	8.46576203952e-05	0	0	1.20939457707e-05	0	0.00506736327794	0	0	0	0.0119488184215	0	0.000894951987035	0	0.0199308226302	0.000350724427352	0	0	1.20939457707e-05	0	0.00185037370292	0	0	0	0	0.00364027767699	0	0	0	0	0.00215272234719	0.000665167017391	0.000592603342767	0.00108845511937	0.000520039668142	0	0	0	0	0	0	0.00318070773771	0	0	3.62818373122e-05	0.0104491691459	0	0	2.41878915415e-05	0.00575671818688	0.000108845511937	0	0	0	0	0.000616791234308	0.00016931524079	3.62818373122e-05	0.00293882882229	0.00064097912585	0.000108845511937	0.000120939457707	0	0.000120939457707	0	7.25636746245e-05	0	0	0	0
0	0	0	0	2.41878915415e-05	0.00627675785502	0.00249135282877	0.00032653653581	0.000302348644269	0.000411194156205	0.000193503132332	0	0.000302348644269	0	0.000253972861186	0.00357980794814	0	0	0	0	0	0	0	0	0.000725636746245	0	0	0	0.000495851776601	0	0	0	0.000774012529328	0	0	0	0	0	0	0	0	0	0	0	0	0	0	0	0	0	0	0	0	0	0	0	0	0	0	0	0	0	0	0	0	0	0	0	0	0	0.000786106475099	0	0.00048375783083	0.000205597078103	0.00195921921486	0.000846576203952	0	0	0	0	0	0	0	0
0.000205597078103	0	0	0	0.00113683090245	0.00249135282877	0.0365116222819	0.0115739061026	0.0195680042571	0.000532133613913	0.00703867643857	3.62818373122e-05	0.00636141547541	0	0.00435382047747	0.00343468059889	0	0	0	0	0.00354352611083	0	0	0	0.000882858041265	0	1.20939457707e-05	0	0.00662748228237	0.000350724427352	0	0	0.000290254698498	3.62818373122e-05	8.46576203952e-05	0	0	0	0	0	0	0	0	0	0	0	0.00181409186561	0	0.000205597078103	0.00032653653581	0	0	0	0	0	0	0	0	0	0	0	0	0	0	0.00048375783083	0	0	0	0	0.00214062840142	0.00314442590039	0	0.000229784969644	0.000108845511937	0.00282998331035	3.62818373122e-05	0	9.6751566166e-05	0	0.000145127349249	0	8.46576203952e-05	0	0
0.0259777955156	0	0	0	0.00910674116537	0.00032653653581	0.0115739061026	0.0943448709576	0.0250344677454	0.000362818373122	0.0193382192874	0.00246716493723	4.8375783083e-05	0.00016931524079	0.0254214740101	0.00122148852285	0	0	1.20939457707e-05	0	0.000120939457707	0.0096751566166	0	0.00270904385265	0.00499479960332	0	0.00163268267905	6.04697288537e-05	0.0550516411484	0.00691773698087	0.018781897782	0	7.25636746245e-05	0.000120939457707	0.00466826306751	0	0	0	0	0.00222528602182	0	0	0	0	0.000278160752727	0.000411194156205	0.00106426722783	0.00129405219747	0.000846576203952	7.25636746245e-05	0	0	0	0	0	0.00244297704569	0.000133033403478	0	0.000411194156205	0.00488595409138	0	0	0.000362818373122	0.00261229228648	0.000362818373122	0	0	3.62818373122e-05	1.20939457707e-05	0.00135452192632	0.00131824008901	0	0.00686936119778	0.00230994364221	0.00129405219747	0.00048375783083	0	0.000507945722371	0	0.00105217328206	0.000532133613913	0.000108845511937	3.62818373122e-05	0
0.00945746559272	0	0	0	0.00163268267905	0.000302348644269	0.0195680042571	0.0250344677454	0.0483999709745	0.000362818373122	0.00972353239968	0.000580509396996	0.0033500229785	4.8375783083e-05	0.0206443654307	0.000858670149723	0	0	0	0	0.00529714824759	0.00389425053818	0	0.000713542800474	0.000919139878577	0.000374912318893	2.41878915415e-05	0	0.0149481169726	0.00141499165518	0.00141499165518	0	0.000241878915415	3.62818373122e-05	0.00108845511937	0	0	0	0	0	0	0	0	0	0	0	0	0	0	0.000108845511937	0	0	0	0	0	0	4.8375783083e-05	0	0.000108845511937	0	0	0	8.46576203952e-05	0	0.000108845511937	0	0	0	0	0.000108845511937	0.000616791234308	0.000229784969644	0.00238250731684	0.000677260963162	0.000338630481581	0.000314442590039	0.000713542800474	0	0	0.000145127349249	0.00016931524079	3.62818373122e-05	0	0
0	8.46576203952e-05	0	0	0.000435382047747	0.000411194156205	0.000532133613913	0.000362818373122	0.000362818373122	0.0186609583243	0	0	0.00176571608253	0	1.20939457707e-05	0.00344677454466	0	0	0	0	0.000266066806956	0	0.00168105846213	0	0.00984447185739	0	0	0	0.00899789565344	0	0	0	0	3.62818373122e-05	8.46576203952e-05	4.8375783083e-05	0	0	0	0.00015722129502	0	0	0	0	0.00899789565344	2.41878915415e-05	6.04697288537e-05	3.62818373122e-05	3.62818373122e-05	0.000350724427352	0	0	0	0	0	0.000120939457707	1.20939457707e-05	0.000133033403478	0.000266066806956	0.00563577872917	0	0	1.20939457707e-05	0.000507945722371	0.00164477662482	0.000278160752727	0	0	0.00141499165518	0.00209225261834	0.000399100210435	0	0.00015722129502	6.04697288537e-05	0.00194712526909	3.62818373122e-05	0	0.000278160752727	0	0.00116101879399	0.000628885180079	0.000108845511937	2.41878915415e-05	1.20939457707e-05
0.00125777036016	0	0	0	0.00798200420869	0.000193503132332	0.00703867643857	0.0193382192874	0.00972353239968	0	0.0398858331519	0.00280579541881	0.00222528602182	0.000217691023873	0.0050431753864	0.000133033403478	0	0	0	0	0.00637350942118	0	0	0	0.00163268267905	0	0.000894951987035	0	0.0129163340832	0.000399100210435	0	0	0.000120939457707	0	0.00250344677454	0	0	0	0	0.00308395617154	0	0	0	0	1.20939457707e-05	0.000471663885059	0.000749824637786	0.00158430689597	0.000689354908933	0	0	0	0	0	0	0.00320489562925	0	0	3.62818373122e-05	0.00350724427352	0	0	2.41878915415e-05	0.0014875553298	0.000302348644269	0	0	0	0	0.000749824637786	0.000290254698498	7.25636746245e-05	0.00459569939288	0.000507945722371	0.000350724427352	0.00032653653581	0	0.00015722129502	0	0.000133033403478	0	0	0	0
0.000798200420869	0	0	0	0.00192293737755	0	3.62818373122e-05	0.00246716493723	0.000580509396996	0	0.00280579541881	0.0390150690564	0.000665167017391	0.00666376411968	0.00296301671383	0	0	0.000507945722371	0.00568415451225	0.00654282466197	0.00395472026703	1.20939457707e-05	0	0.00146336743826	0	0.00239460126261	0.00845366809375	3.62818373122e-05	0.00239460126261	0.00110054906514	0.000604697288537	0.000556321505454	0	0	0.0145973925453	0	0	0	0	0	0	0	0	0	0	0	0.000193503132332	0	0.00464407517597	0	0	2.41878915415e-05	0	0	0	0	1.20939457707e-05	1.20939457707e-05	1.20939457707e-05	0	0.00241878915415	0	0.000822388312411	0	0	0	0.000411194156205	0	0	1.20939457707e-05	0.00394262632126	0.00626466390925	0.0192051858839	0.00255182255763	1.20939457707e-05	0	0.00129405219747	0.000145127349249	0.000991703553201	1.20939457707e-05	1.20939457707e-05	1.20939457707e-05	0	9.6751566166e-05
0	0	0	0	0.00251554072032	0.000302348644269	0.00636141547541	4.8375783083e-05	0.0033500229785	0.00176571608253	0.00222528602182	0.000665167017391	0.0154076869119	0	0.000532133613913	0.00220109813028	0	0	0	0	0.00753452821518	0	0	0	0.000411194156205	0	0	0	3.62818373122e-05	0	0	0	0	0	0.000338630481581	0	0	0	0	0	0	0.000350724427352	0	0.000374912318893	0.000193503132332	4.8375783083e-05	0	0.000749824637786	0	0.000133033403478	0.000145127349249	0	0	0	0	0	0	0	0	0.000145127349249	0	0	0	0	0.000145127349249	0	0	0	0	4.8375783083e-05	0	0	0.000495851776601	0	0.000447475993518	0	0	1.20939457707e-05	0	0	0	0.000278160752727	0	0
1.20939457707e-05	1.20939457707e-05	0	0	4.8375783083e-05	0	0	0.00016931524079	4.8375783083e-05	0	0.000217691023873	0.00666376411968	0	0.0111868998379	4.8375783083e-05	0	0	0	0	0	7.25636746245e-05	0	1.20939457707e-05	0	1.20939457707e-05	0.00233413153375	0.00374912318893	0.000858670149723	0.00016931524079	0	0	0.00199550105217	0	0	0.000181409186561	0	0	0	0	0	0	0	0	0	0	0	7.25636746245e-05	0	0.00618000628885	0	0	0	0	0	0	0	0	0	0	0	0.0025639165034	2.41878915415e-05	0.0012819582517	0	0	0	0.00193503132332	0	0	0	3.62818373122e-05	0.00348305638198	0.000713542800474	0.000120939457707	0	0	0.000399100210435	0.000145127349249	0.000798200420869	0	0	0.000120939457707	0	1.20939457707e-05
0.0238492610599	0	0	0	0.000628885180079	0.000253972861186	0.00435382047747	0.0254214740101	0.0206443654307	1.20939457707e-05	0.0050431753864	0.00296301671383	0.000532133613913	4.8375783083e-05	0.0483999709745	2.41878915415e-05	0	0	0	0	0.00260019834071	0.00578090607842	0	0.00222528602182	0.000193503132332	0.000399100210435	0	6.04697288537e-05	0.013557313209	0.00774012529328	0.0064097912585	0	2.41878915415e-05	0	0.00439010231478	0	0	0	0	0	0	0	0	0	0	0	0.00268485596111	0	0.000302348644269	0.000181409186561	0	0	0	0	0	0	0.000133033403478	0	0.000266066806956	0	0	0	0.000193503132332	0	0.000471663885059	0	0	0	0	0.00291464093075	0.00104007933628	0.000447475993518	0.00422078707399	0.0012819582517	0.000145127349249	0.000290254698498	0.000943327770118	0.000435382047747	0	0.00064097912585	0.000520039668142	0.000241878915415	0	0
0	0	0	0	8.46576203952e-05	0.00357980794814	0.00343468059889	0.00122148852285	0.000858670149723	0.00344677454466	0.000133033403478	0	0.00220109813028	0	2.41878915415e-05	0.0121302276081	0	0	0	0	4.8375783083e-05	4.8375783083e-05	0	4.8375783083e-05	0.00330164719541	0	0	0	0.0029751106596	0	0	0	1.20939457707e-05	0	0	0	0	0	0	0	0	0	0	0	0.000532133613913	0	8.46576203952e-05	0	6.04697288537e-05	4.8375783083e-05	0	0	0	0	0	0	0.000411194156205	0	0.000302348644269	0.000229784969644	0	0	0	2.41878915415e-05	0.000145127349249	0	0	0	0.000120939457707	0.000616791234308	0.000774012529328	0	3.62818373122e-05	3.62818373122e-05	0.00468035701328	2.41878915415e-05	0	6.04697288537e-05	0	0.000870764095494	0.000677260963162	0.000205597078103	2.41878915415e-05	0
0	0.00278160752727	0	0	0	0	0	0	0	0	0	0	0	0	0	0	0.0290617516871	0	0	0	0	0.000290254698498	0.0222649541639	0.00900998959921	0.00715961589628	0.00016931524079	4.8375783083e-05	0.00568415451225	0.00379749897201	0	0	0	0	0	0	0	0	0	0	0	0	0	0	0	0	0	0	0	0	0	0	0.0166412693805	0	0	0	0	0.00129405219747	0.0164235783567	0.00110054906514	0.00353143216506	0	0	0.00333792903273	0.00275741963573	0	0	0	0	0	0	0.00065307307162	0.000108845511937	0	0	0	0	0	0.000145127349249	0	0	0	0	0	0
0	0	0.0112836514041	0	0	0	0	0	0	0	0	0.000507945722371	0	0	0	0	0	0.0366325617396	2.41878915415e-05	0.00530924219336	0	0	0	0.0107152359529	0	0	0.00246716493723	0.0137387223956	0	0	0.00064097912585	0	0	0	0.005539027163	0	0.00212853445565	0.000278160752727	0	0	0	0	0	0	0	0	0	0	0	0	0	7.25636746245e-05	0	0	0	0	0.000120939457707	2.41878915415e-05	0.000193503132332	0	0	0.000302348644269	0.00494642382024	8.46576203952e-05	0	0	0	0	0	0.000955421715889	0.00131824008901	0.00105217328206	0.00292673487652	0.000290254698498	0	0	0	0.00234622547952	0.000580509396996	6.04697288537e-05	1.20939457707e-05	0	0	0
0	0	0	0	1.20939457707e-05	0	0	1.20939457707e-05	0	0	0	0.00568415451225	0	0	0	0	0	2.41878915415e-05	0.00990494158624	0.00296301671383	0	0	0	0.000507945722371	0	0	0.00181409186561	8.46576203952e-05	1.20939457707e-05	0	8.46576203952e-05	0	0	0	0.00222528602182	0	0	0	0	0	0	0	0	0	0	0	0	0	0	0	0	0	0	1.20939457707e-05	0	0	1.20939457707e-05	0	0	0	0.000133033403478	0.00131824008901	0.000665167017391	0	0	0	0	0	0	0	0.00229784969644	0.00188665554024	0.00506736327794	0.000495851776601	0	0	0	3.62818373122e-05	0	1.20939457707e-05	1.20939457707e-05	1.20939457707e-05	0	0
0	0	3.62818373122e-05	0	0	0	0	0	0	0	0	0.00654282466197	0	0	0	0	0	0.00530924219336	0.00296301671383	0.0169919938079	0	0	0	0.0011973006313	0	0	0.00324117746656	0.000229784969644	0	0	0.00120939457707	0	0	0	0.00823597706988	0	2.41878915415e-05	4.8375783083e-05	0	0	0	0	0	0	0	0	0	0	0	0	0	0	0	2.41878915415e-05	0.00016931524079	0	1.20939457707e-05	0	0	0	0.000290254698498	0.000822388312411	0.00016931524079	0	0	0	0	0	0	0	0.00217691023873	0.00230994364221	0.00812713155794	0.000592603342767	0	0	0	0.000108845511937	0.000145127349249	1.20939457707e-05	1.20939457707e-05	1.20939457707e-05	0	0
0	0	0	0	0.00506736327794	0	0.00354352611083	0.000120939457707	0.00529714824759	0.000266066806956	0.00637350942118	0.00395472026703	0.00753452821518	7.25636746245e-05	0.00260019834071	4.8375783083e-05	0	0	0	0	0.0183948915173	0	0	0	0.000314442590039	0	2.41878915415e-05	0	0.000725636746245	0.000290254698498	0	0	0	0	0.00278160752727	0	0	0	0	4.8375783083e-05	0	0	0	0	0	0	0	6.04697288537e-05	0	0	0	0	0	0	0	8.46576203952e-05	0	0	0	7.25636746245e-05	0	0	0	0	0	0	0	0	0	0	9.6751566166e-05	8.46576203952e-05	0.0025639165034	0	0.000120939457707	0	0	0	0	0	0	0	0	0
0.00602278499383	0	0	0	0	0	0	0.0096751566166	0.00389425053818	0	0	1.20939457707e-05	0	0	0.00578090607842	4.8375783083e-05	0.000290254698498	0	0	0	0	0.0522821275669	0.000665167017391	0.0240064823549	2.41878915415e-05	0	1.20939457707e-05	0.000217691023873	0.00759499794403	0.000894951987035	0.0206443654307	0	0	0.000193503132332	0.00638560336695	0	0	0	0	0	0	0	0	0	0	0	0	0	0	0	0	0.000919139878577	0	0	0	0	0.000955421715889	0.00102798539051	0.000435382047747	6.04697288537e-05	0	0	0.000350724427352	0.000955421715889	0	0	0	0	0	1.20939457707e-05	0.0019834071064	2.41878915415e-05	0.00777640713059	0.00272113779842	0.000737730692016	0	0	1.20939457707e-05	0	0.000701448854703	0.000979609607431	0.000133033403478	0	0
0	0.00633722758387	0	0	0	0	0	0	0	0.00168105846213	0	0	0	1.20939457707e-05	0	0	0.0222649541639	0	0	0	0	0.000665167017391	0.0421836828484	0.00955421715889	0.0125897975473	0.00113683090245	0.000350724427352	0.0130130856493	0.00230994364221	0	0	0	0	0	0	0	0.00191084343178	0	0	0	0	0	0	0	0.000411194156205	0	0	0	0	0	0	0.0176571608253	0	0	0	0	0.00164477662482	0.0215030355804	0.00226156785913	0.00389425053818	4.8375783083e-05	0	0.0086834530634	0.00299929855115	0	0	0	0	0	0	2.41878915415e-05	0	0	0	0	0	0	0	0	0	0	0	0	0
0.00222528602182	0	0.00962678083351	0	0	0	0	0.00270904385265	0.000713542800474	0	0	0.00146336743826	0	0	0.00222528602182	4.8375783083e-05	0.00900998959921	0.0107152359529	0.000507945722371	0.0011973006313	0	0.0240064823549	0.00955421715889	0.0974409210749	1.20939457707e-05	0	0.00081029436664	0.01835860968	0.0012819582517	0.000701448854703	0.00663957622814	0	0	3.62818373122e-05	0.00636141547541	0	1.20939457707e-05	0	0	0	0	0	0	0	0	0	0	0	0	0	0	0.0179595094696	0	0	0	0	0.00321698957502	0.0167138330552	0.00420869312822	0.000387006264664	0	0	0.0076917495102	0.00315651984617	0	0	0	0	0	0.00048375783083	0.0102193841763	0.00081029436664	0.0135210313717	0.00853832571415	0.000919139878577	0	0	0.00260019834071	0.000604697288537	0.00172943424522	0.00244297704569	0.000423288101976	0	0
0.000181409186561	0.00494642382024	0	0	0.0119488184215	0.000725636746245	0.000882858041265	0.00499479960332	0.000919139878577	0.00984447185739	0.00163268267905	0	0.000411194156205	1.20939457707e-05	0.000193503132332	0.00330164719541	0.00715961589628	0	0	0	0.000314442590039	2.41878915415e-05	0.0125897975473	1.20939457707e-05	0.0450257601045	0.00113683090245	0.000350724427352	0.00286626514767	0.0271630022011	0	0	0	0	0	0	0	1.20939457707e-05	0	0	0.00208015867257	0	0	0	0	0.00581718791573	0.00048375783083	0.00048375783083	0.00016931524079	0.000411194156205	0	0	0.00396681421281	0	0	0	0.00120939457707	0	0.00455941755557	9.6751566166e-05	0.0167017391094	0	0	2.41878915415e-05	0.00719589773359	0.000302348644269	9.6751566166e-05	0	0	0.000278160752727	0.00108845511937	0.00212853445565	0.00016931524079	6.04697288537e-05	4.8375783083e-05	0.0025639165034	0	0	0.000544227559684	0	0.000459569939288	0.000241878915415	1.20939457707e-05	0	0
0	0.00125777036016	0	0	0	0	0	0	0.000374912318893	0	0	0.00239460126261	0	0.00233413153375	0.000399100210435	0	0.00016931524079	0	0	0	0	0	0.00113683090245	0	0.00113683090245	0.00685726725201	0.000532133613913	0.00210434656411	0	0	0	9.6751566166e-05	0	0	0.000411194156205	0	1.20939457707e-05	0	0	0	0	0	0	0	0	0	3.62818373122e-05	0	0.00221319207605	0	0	0	0	0	0	0	0	0	0	0	0.00221319207605	1.20939457707e-05	0.00122148852285	0	0	0	2.41878915415e-05	0	0	0	0	0.000423288101976	0.000435382047747	0	0	0	0.000858670149723	0	1.20939457707e-05	0	0	0	0	0
0.000628885180079	0.000725636746245	0.00377331108047	0	0.000894951987035	0	1.20939457707e-05	0.00163268267905	2.41878915415e-05	0	0.000894951987035	0.00845366809375	0	0.00374912318893	0	0	4.8375783083e-05	0.00246716493723	0.00181409186561	0.00324117746656	2.41878915415e-05	1.20939457707e-05	0.000350724427352	0.00081029436664	0.000350724427352	0.000532133613913	0.0595626829209	0.0195680042571	0.00158430689597	0	0	0.00249135282877	0	0	0.00253972861186	0	0.00596231526498	8.46576203952e-05	0	0	0	0	0	0	0	0	0	0	0.00660329439083	0	0	2.41878915415e-05	0	9.6751566166e-05	0.000713542800474	0	1.20939457707e-05	2.41878915415e-05	1.20939457707e-05	1.20939457707e-05	0.00722008562514	0.0189754009143	0.0135694071548	1.20939457707e-05	0	0	0.00365237162277	0	0	0	0.00331374114118	0.00794572237138	0.00638560336695	0.00188665554024	0	0	3.62818373122e-05	0.00065307307162	0.000846576203952	0	0	0	0	0
6.04697288537e-05	0.00840529231067	0.014718332003	0	0	0	0	6.04697288537e-05	0	0	0	3.62818373122e-05	0	0.000858670149723	6.04697288537e-05	0	0.00568415451225	0.0137387223956	8.46576203952e-05	0.000229784969644	0	0.000217691023873	0.0130130856493	0.01835860968	0.00286626514767	0.00210434656411	0.0195680042571	0.106946762451	0	0	7.25636746245e-05	8.46576203952e-05	0	0	0.000471663885059	0	0.0271388143096	0.000241878915415	0	0	0	0	0	0	0	0	0	0	0.00332583508696	0	0	0.00520039668142	0	1.20939457707e-05	8.46576203952e-05	0	9.6751566166e-05	0.0113078392956	0.000616791234308	1.20939457707e-05	0.0076070918898	0.0114529666449	0.0508429480202	0	0	0	0.00114892484822	0	0	0.000133033403478	0.00149964927557	0.000338630481581	0.00120939457707	0.000302348644269	0	0	1.20939457707e-05	0.00032653653581	0.000133033403478	0.000193503132332	0.000411194156205	8.46576203952e-05	0	0
0.0176329729337	0	0	0	0.0199308226302	0.000495851776601	0.00662748228237	0.0550516411484	0.0149481169726	0.00899789565344	0.0129163340832	0.00239460126261	3.62818373122e-05	0.00016931524079	0.013557313209	0.0029751106596	0.00379749897201	0	1.20939457707e-05	0	0.000725636746245	0.00759499794403	0.00230994364221	0.0012819582517	0.0271630022011	0	0.00158430689597	0	0.116452603827	0.0138596618533	0.0130009917036	0	7.25636746245e-05	0.000894951987035	0.00448685388095	4.8375783083e-05	0	0	0	0.00377331108047	0	0	0	0	0.00864717122608	0.000834482258182	0.000919139878577	0.00108845511937	0.000774012529328	0.000278160752727	0	0.00343468059889	0	0	0	0.00316861379194	0.000120939457707	0.00359190189391	0.000665167017391	0.0191084343178	0	0	0.000374912318893	0.00856251360569	0.00176571608253	0.000253972861186	0	0	0.00135452192632	0.00312023800885	0.00610744261423	0.000193503132332	0.00694192487241	0.00253972861186	0.00264857412379	0.000471663885059	0	0.00182618581138	0	0.00152383716711	0.000858670149723	7.25636746245e-05	3.62818373122e-05	1.20939457707e-05
0.00893742592458	0	0	0	0.000350724427352	0	0.000350724427352	0.00691773698087	0.00141499165518	0	0.000399100210435	0.00110054906514	0	0	0.00774012529328	0	0	0	0	0	0.000290254698498	0.000894951987035	0	0.000701448854703	0	0	0	0	0.0138596618533	0.0255666013594	0.00482548436253	0	0	0.00118520668553	0.00372493529739	0	0	0	0	0	0	0	0	0	0	0	0	0	0	0	0	0	0	0	0	0	0	0	0	0	0	0	0	0	0	0	0	0	0	0	0	0	0.000217691023873	3.62818373122e-05	0	0	0	0	0	0	0	0	0	0
0.00994122342355	0	0	0	0	0	0	0.018781897782	0.00141499165518	0	0	0.000604697288537	0	0	0.0064097912585	0	0	0.00064097912585	8.46576203952e-05	0.00120939457707	0	0.0206443654307	0	0.00663957622814	0	0	0	7.25636746245e-05	0.0130009917036	0.00482548436253	0.0508187601287	0	0	0.000471663885059	0.00748615243209	0	0	0	0	0	0	0	0	0	0	0	0	0	0	0	0	0	0	0	0	0	4.8375783083e-05	0	0.000120939457707	0	0	0	8.46576203952e-05	0	0	0	0	0	0	0	0.000338630481581	0	0.00532133613913	0.000592603342767	4.8375783083e-05	0	0	0	0	0.00016931524079	0.000205597078103	6.04697288537e-05	0	0
0	0	0	0	0	0	0	0	0	0	0	0.000556321505454	0	0.00199550105217	0	0	0	0	0	0	0	0	0	0	0	9.6751566166e-05	0.00249135282877	8.46576203952e-05	0	0	0	0.00250344677454	0	0	0	0	0	0	0	0	0	0	0	0	0	0	0	0	0.0022736618049	0	0	0	0	0	0	0	0	0	0	0	0.000628885180079	0.000108845511937	0.000338630481581	0	0	0	0.00137870981787	0	0	0	0	0.000145127349249	0	0	0	0	0	0	9.6751566166e-05	0	0	0	0	0
0	0	0	0	1.20939457707e-05	0.000774012529328	0.000290254698498	7.25636746245e-05	0.000241878915415	0	0.000120939457707	0	0	0	2.41878915415e-05	1.20939457707e-05	0	0	0	0	0	0	0	0	0	0	0	0	7.25636746245e-05	0	0	0	0.00110054906514	0	1.20939457707e-05	0	0	0	0	0	0	0	0	0	0	0	0	0	0	0	0	0	0	0	0	0	0	0	0	0	0	0	0	0	0	0	0	0	0	0	0.000133033403478	0	0.000229784969644	3.62818373122e-05	0.000181409186561	0.000399100210435	0	0	0	0	0	0	0	0
1.20939457707e-05	0	0	0	0	0	3.62818373122e-05	0.000120939457707	3.62818373122e-05	3.62818373122e-05	0	0	0	0	0	0	0	0	0	0	0	0.000193503132332	0	3.62818373122e-05	0	0	0	0	0.000894951987035	0.00118520668553	0.000471663885059	0	0	0.00210434656411	0.000907045932806	0	0	0	0	0	0	0	0	0	2.41878915415e-05	0	0	0	0	1.20939457707e-05	0	0	0	0	0	0	0	0	0	2.41878915415e-05	0	0	0	2.41878915415e-05	1.20939457707e-05	0	0	0	0	1.20939457707e-05	0	0	0.000290254698498	0	0	0	0	0	0	1.20939457707e-05	0	0	0	0
0.00233413153375	0	0	0	0.00185037370292	0	8.46576203952e-05	0.00466826306751	0.00108845511937	8.46576203952e-05	0.00250344677454	0.0145973925453	0.000338630481581	0.000181409186561	0.00439010231478	0	0	0.005539027163	0.00222528602182	0.00823597706988	0.00278160752727	0.00638560336695	0	0.00636141547541	0	0.000411194156205	0.00253972861186	0.000471663885059	0.00448685388095	0.00372493529739	0.00748615243209	0	1.20939457707e-05	0.000907045932806	0.0404663425489	0	0.000568415451225	6.04697288537e-05	0	0	0	0	0	0	6.04697288537e-05	0	3.62818373122e-05	0	2.41878915415e-05	0	0	0	0	0	0	0	2.41878915415e-05	0	0	2.41878915415e-05	0	6.04697288537e-05	0.000822388312411	1.20939457707e-05	0	0	0	0	0	0.000108845511937	0.00241878915415	0.000604697288537	0.0229422151271	0.000689354908933	0	0.000145127349249	0.000955421715889	3.62818373122e-05	2.41878915415e-05	0.000108845511937	3.62818373122e-05	3.62818373122e-05	0	0
0	0	0	0	0	0	0	0	0	4.8375783083e-05	0	0	0	0	0	0	0	0	0	0	0	0	0	0	0	0	0	0	4.8375783083e-05	0	0	0	0	0	0	0.0167984906756	0	8.46576203952e-05	0	0.000290254698498	0	0	0.00557530900031	0.000278160752727	3.62818373122e-05	0.000314442590039	0	0.000145127349249	0	0.00903417749075	0	0	0	0	0	0.000568415451225	0.000350724427352	0	9.6751566166e-05	0.00273323174419	0	0	0	0.00180199791984	0.00482548436253	0.0101347265559	0	0	0.000665167017391	0	0	0	0	0	0	0	0	0	0	0	0	0	0	0
0	0.00240669520838	1.20939457707e-05	0	0	0	0	0	0	0	0	0	0	0	0	0	0	0.00212853445565	0	2.41878915415e-05	0	0	0.00191084343178	1.20939457707e-05	1.20939457707e-05	1.20939457707e-05	0.00596231526498	0.0271388143096	0	0	0	0	0	0	0.000568415451225	0	0.0398011755315	0.00015722129502	0	0	0	0	0	0	0.000737730692016	0	0	0	0.00032653653581	0	0	0.000846576203952	0	0	8.46576203952e-05	0	1.20939457707e-05	0.00343468059889	0	0.00162058873328	0.0063251336381	0.00592603342767	0.0357497036983	0	0	0	0	0	0	2.41878915415e-05	0	1.20939457707e-05	0.000120939457707	0	0	0	0	0	0	2.41878915415e-05	0	0	0	0
0	0	0	0	0	0	0	0	0	0	0	0	0	0	0	0	0	0.000278160752727	0	4.8375783083e-05	0	0	0	0	0	0	8.46576203952e-05	0.000241878915415	0	0	0	0	0	0	6.04697288537e-05	8.46576203952e-05	0.00015722129502	0.0331132235203	0	0	0	0	2.41878915415e-05	0	0	0	0	0	0	8.46576203952e-05	0	0	0.00351933821929	0	7.25636746245e-05	0	0.000689354908933	0	0.0197373194979	0.000507945722371	0	0.0100016931524	0.0143555136299	0.00032653653581	0.000205597078103	0.00101589144474	0	0	0	0.000290254698498	0	6.04697288537e-05	1.20939457707e-05	0	0	0	0	0	0	0.000108845511937	0	0	0	0
0	0	0	0	0	0	0	0	0	0	0	0	0	0	0	0	0	0	0	0	0	0	0	0	0	0	0	0	0	0	0	0	0	0	0	0	0	0	0	0	0	0	0	0	0	0	0	0	0	0	0	0	0	0	0	0	0	0	0	0	0	0	0	0	0	0	0	0	0	0	0	0	0	0	0	0	0	0	0	0	0	0	0	0
0	0	0	0	0.00364027767699	0	0	0.00222528602182	0	0.00015722129502	0.00308395617154	0	0	0	0	0	0	0	0	0	4.8375783083e-05	0	0	0	0.00208015867257	0	0	0	0.00377331108047	0	0	0	0	0	0	0.000290254698498	0	0	0	0.016193793387	0	0.00108845511937	0	0.00137870981787	0.000556321505454	0.00480129647099	0.00194712526909	0.00522458457296	0.000689354908933	0.0016931524079	0.000217691023873	0	0	0.000266066806956	0.000181409186561	0.0135452192632	0	0	0	0.00544227559684	0	0	0	0.00441429020632	0.00191084343178	0	0	6.04697288537e-05	0	0.00364027767699	0.000290254698498	0	0	0	1.20939457707e-05	0	0	0.000447475993518	0	0.0023583194253	0	0.000181409186561	0	3.62818373122e-05
0	0	0	0	0	0	0	0	0	0	0	0	0	0	0	0	0	0	0	0	0	0	0	0	0	0	0	0	0	0	0	0	0	0	0	0	0	0	0	0	0.00208015867257	0.000193503132332	0	0.000290254698498	0.000217691023873	0	0	2.41878915415e-05	0	0	0.000713542800474	0	0	0	0	0	0	0	0	0.000133033403478	0	0	0	0	0	0	0	0.00048375783083	0	9.6751566166e-05	0	0	0	0	0	0	0	0	0	0	0	0.00135452192632	0.000592603342767	0
0	0	0	0	0	0	0	0	0	0	0	0	0.000350724427352	0	0	0	0	0	0	0	0	0	0	0	0	0	0	0	0	0	0	0	0	0	0	0	0	0	0	0.00108845511937	0.000193503132332	0.0251554072032	0.00113683090245	0.00712333405897	0	0.0130735553782	9.6751566166e-05	0.00668795201122	1.20939457707e-05	0.00364027767699	0.000677260963162	0	0	1.20939457707e-05	0	0.00318070773771	0	0	0	0.000544227559684	0	0	0	0.00096751566166	0.00343468059889	0	0	0.000193503132332	8.46576203952e-05	0.00143917954672	0	0	0	0	0	0	0	0	0	0.000253972861186	0	0.0018624676487	0.000145127349249	0
0	0	0	0	0	0	0	0	0	0	0	0	0	0	0	0	0	0	0	0	0	0	0	0	0	0	0	0	0	0	0	0	0	0	0	0.00557530900031	0	2.41878915415e-05	0	0	0	0.00113683090245	0.0443001233582	0.00308395617154	0	0.00373702924316	0.00015722129502	1.20939457707e-05	4.8375783083e-05	0.00856251360569	0	0	1.20939457707e-05	0	1.20939457707e-05	2.41878915415e-05	0.00639769731273	0	0.00209225261834	0.00535761797644	0	1.20939457707e-05	1.20939457707e-05	0.0188181796193	0.00215272234719	0.0088043925211	0	1.20939457707e-05	0.000761918583557	0.00180199791984	0	0	0	0	0	0	0	0	0	0.000338630481581	1.20939457707e-05	0	1.20939457707e-05	1.20939457707e-05
0	0	0	0	0	0	0	0	0	0	0	0	0.000374912318893	0	0	0	0	0	0	0	0	0	0	0	0	0	0	0	0	0	0	0	0	0	0	0.000278160752727	0	0	0	0.00137870981787	0.000290254698498	0.00712333405897	0.00308395617154	0.0274895387369	0.0012819582517	0.00853832571415	4.8375783083e-05	0.00604697288537	0	0.0137870981787	0.00216481629296	0	0	1.20939457707e-05	0	0.00272113779842	0	0	0	0.00178990397407	0	0	0	0.00147546138403	0.00564787267494	0.00016931524079	0	0.00146336743826	0.000435382047747	0.00470454490482	0	0	0	0	0	0	0	0.00267276201534	0	0.00230994364221	1.20939457707e-05	0.00408775367051	0.000979609607431	0
0	0	0	0	0.00215272234719	0	0	0.000278160752727	0	0.00899789565344	1.20939457707e-05	0	0.000193503132332	0	0	0.000532133613913	0	0	0	0	0	0	0.000411194156205	0	0.00581718791573	0	0	0	0.00864717122608	0	0	0	0	2.41878915415e-05	6.04697288537e-05	3.62818373122e-05	0.000737730692016	0	0	0.000556321505454	0.000217691023873	0	0	0.0012819582517	0.0285175241274	2.41878915415e-05	0.000120939457707	0.00120939457707	4.8375783083e-05	0.000459569939288	0.00292673487652	0.000507945722371	0	0	0	0.000387006264664	1.20939457707e-05	0.00379749897201	0.000266066806956	0.0211885929903	1.20939457707e-05	0	0.000302348644269	0.00116101879399	0.00168105846213	0.000266066806956	0	0.000193503132332	0.00152383716711	0.00312023800885	0.00163268267905	0	0.000133033403478	4.8375783083e-05	0.000471663885059	1.20939457707e-05	0	0.000822388312411	0	0.00217691023873	0.00118520668553	0.0028541712019	0.000108845511937	1.20939457707e-05
0	0	0	0	0.000665167017391	0	0	0.000411194156205	0	2.41878915415e-05	0.000471663885059	0	4.8375783083e-05	0	0	0	0	0	0	0	0	0	0	0	0.00048375783083	0	0	0	0.000834482258182	0	0	0	0	0	0	0.000314442590039	0	0	0	0.00480129647099	0	0.0130735553782	0.00373702924316	0.00853832571415	2.41878915415e-05	0.0347459061994	0.00189874948601	0.0110417724887	0.000411194156205	0.00892533197881	0	0	0	0.000374912318893	0.000193503132332	0.010654766224	0	0	0	0.00187456159447	0	0	0	0.00422078707399	0.00794572237138	1.20939457707e-05	0	0	0.000447475993518	0.00428125680284	8.46576203952e-05	0	0	0	0	0	0	0.000120939457707	0	0.00218900418451	0	2.41878915415e-05	0	0
0	0	0	0	0.000592603342767	0	0.00181409186561	0.00106426722783	0	6.04697288537e-05	0.000749824637786	0.000193503132332	0	7.25636746245e-05	0.00268485596111	8.46576203952e-05	0	0	0	0	0	0	0	0	0.00048375783083	3.62818373122e-05	0	0	0.000919139878577	0	0	0	0	0	3.62818373122e-05	0	0	0	0	0.00194712526909	0	9.6751566166e-05	0.00015722129502	4.8375783083e-05	0.000120939457707	0.00189874948601	0.0270662506349	0.00274532568996	0.00801828604601	0.000725636746245	0	0	8.46576203952e-05	0.0034709624362	0.00321698957502	0.00304767433423	2.41878915415e-05	0	0	0.000834482258182	0.000423288101976	0.000798200420869	0	0.000774012529328	0.00380959291779	0.000108845511937	0.000145127349249	0.000822388312411	0.000278160752727	0.0172459666691	0.000290254698498	0.000181409186561	9.6751566166e-05	0	0.000205597078103	0	0.000241878915415	0.00100379749897	0.0016931524079	0.0111748058922	1.20939457707e-05	0.000145127349249	1.20939457707e-05	0.000774012529328
0	0	0	0	0.00108845511937	0	0	0.00129405219747	0	3.62818373122e-05	0.00158430689597	0	0.000749824637786	0	0	0	0	0	0	0	6.04697288537e-05	0	0	0	0.00016931524079	0	0	0	0.00108845511937	0	0	0	0	0	0	0.000145127349249	0	0	0	0.00522458457296	2.41878915415e-05	0.00668795201122	1.20939457707e-05	0.00604697288537	0.00120939457707	0.0110417724887	0.00274532568996	0.0285054301817	0.00081029436664	0.00908255327383	0.0022736618049	0	0	0.000507945722371	0.000302348644269	0.00902208354498	0	0	0	0.00252763466609	0	0	0	0	0.00875601673802	1.20939457707e-05	0	0.000205597078103	0	0.00489804803715	0.000229784969644	0	0	0	1.20939457707e-05	0	0	0.000278160752727	0	0.0029751106596	0	0.00211644050988	0	2.41878915415e-05
0	0	0	0	0.000520039668142	0	0.000205597078103	0.000846576203952	0	3.62818373122e-05	0.000689354908933	0.00464407517597	0	0.00618000628885	0.000302348644269	6.04697288537e-05	0	0	0	0	0	0	0	0	0.000411194156205	0.00221319207605	0.00660329439083	0.00332583508696	0.000774012529328	0	0	0.0022736618049	0	0	2.41878915415e-05	0	0.00032653653581	0	0	0.000689354908933	0	1.20939457707e-05	4.8375783083e-05	0	4.8375783083e-05	0.000411194156205	0.00801828604601	0.00081029436664	0.0259173257867	0.000362818373122	0	0	0	6.04697288537e-05	0	0.00100379749897	2.41878915415e-05	0	0	0.000399100210435	0.00780059502213	0.0011973006313	0.00447475993518	0.000241878915415	0.00152383716711	8.46576203952e-05	0.00461988728443	0.000568415451225	7.25636746245e-05	0.00396681421281	7.25636746245e-05	0.00216481629296	3.62818373122e-05	0	6.04697288537e-05	0	0.000459569939288	0.00016931524079	0.00273323174419	0.00371284135162	0	0.000133033403478	1.20939457707e-05	0.000725636746245
0	0	0	0	0	0	0.00032653653581	7.25636746245e-05	0.000108845511937	0.000350724427352	0	0	0.000133033403478	0	0.000181409186561	4.8375783083e-05	0	0	0	0	0	0	0	0	0	0	0	0	0.000278160752727	0	0	0	0	1.20939457707e-05	0	0.00903417749075	0	8.46576203952e-05	0	0.0016931524079	0	0.00364027767699	0.00856251360569	0.0137870981787	0.000459569939288	0.00892533197881	0.000725636746245	0.00908255327383	0.000362818373122	0.0452918269114	0.000253972861186	0	0	2.41878915415e-05	0	0.00301139249692	0.000374912318893	0	0.000120939457707	0.00437800836901	0	0	0	0.00290254698498	0.0217449144958	0.00628885180079	0	0.00205597078103	0.000495851776601	0.0093002442977	0.000133033403478	0	2.41878915415e-05	1.20939457707e-05	6.04697288537e-05	0	0	0.00390634448395	0	0.0048375783083	0.000266066806956	0.00108845511937	0.000205597078103	9.6751566166e-05
0	0	0	0	0	0	0	0	0	0	0	0	0.000145127349249	0	0	0	0	0	0	0	0	0	0	0	0	0	0	0	0	0	0	0	0	0	0	0	0	0	0	0.000217691023873	0.000713542800474	0.000677260963162	0	0.00216481629296	0.00292673487652	0	0	0.0022736618049	0	0.000253972861186	0.00703867643857	0	0	0	0	0.000120939457707	0	0	0	0.00250344677454	0	0	0	0	0	0	0	0.000350724427352	0	0	0	0	0	0	0	0	0	1.20939457707e-05	0	0	0	0.00549065137992	8.46576203952e-05	0
0	0	0	0	0	0	0	0	0	0	0	2.41878915415e-05	0	0	0	0	0.0166412693805	7.25636746245e-05	0	0	0	0.000919139878577	0.0176571608253	0.0179595094696	0.00396681421281	0	2.41878915415e-05	0.00520039668142	0.00343468059889	0	0	0	0	0	0	0	0.000846576203952	0	0	0	0	0	0	0	0.000507945722371	0	0	0	0	0	0	0.044735505406	0	0	6.04697288537e-05	0	0.00465616912174	0.0335606995138	0.00460779333865	0.00713542800474	0	8.46576203952e-05	0.0112231816753	0.00568415451225	0	0	0	0	0	1.20939457707e-05	0.00124567641439	0.000338630481581	0.000338630481581	7.25636746245e-05	0	0	0	0.00330164719541	0.00117311273976	1.20939457707e-05	0.000181409186561	0	0	0
0	0	0	0	0	0	0	0	0	0	0	0	0	0	0	0	0	0	0	0	0	0	0	0	0	0	0	0	0	0	0	0	0	0	0	0	0	0.00351933821929	0	0	0	0	1.20939457707e-05	0	0	0	8.46576203952e-05	0	0	0	0	0	0.0145006409791	0	0.00217691023873	0	0.00172943424522	0	0.00513992695257	0	0	0.00367655951431	0.00441429020632	0.000411194156205	0.000604697288537	0.00140289770941	0	0	0.000133033403478	0.00178990397407	0	0	0	0	0	0	0	0	0	0	0	0	0	0
0	0	0	0	0	0	0	0	0	0	0	0	0	0	0	0	0	0	1.20939457707e-05	2.41878915415e-05	0	0	0	0	0	0	9.6751566166e-05	1.20939457707e-05	0	0	0	0	0	0	0	0	0	0	0	0.000266066806956	0	1.20939457707e-05	0	1.20939457707e-05	0	0.000374912318893	0.0034709624362	0.000507945722371	6.04697288537e-05	2.41878915415e-05	0	0	0	0.00907045932806	0.00304767433423	0.000350724427352	0	0	2.41878915415e-05	0	3.62818373122e-05	0.00239460126261	1.20939457707e-05	4.8375783083e-05	0.000520039668142	0	6.04697288537e-05	0	0	0.00281788936458	0	0.000616791234308	0	0	0	0	0	0.00141499165518	0.00339839876158	0.00228575575067	1.20939457707e-05	0	0	0
0	0	0	0	0	0	0	0	0	0	0	0	0	0	0	0	0	0	0	0.00016931524079	0	0	0	0	0	0	0.000713542800474	8.46576203952e-05	0	0	0	0	0	0	0	0	8.46576203952e-05	7.25636746245e-05	0	0.000181409186561	0	0	1.20939457707e-05	0	0	0.000193503132332	0.00321698957502	0.000302348644269	0	0	0	6.04697288537e-05	0.00217691023873	0.00304767433423	0.0194349708536	0.000241878915415	0.00015722129502	0	0.000338630481581	0	0.000290254698498	0.00870764095494	0.000229784969644	2.41878915415e-05	0.000266066806956	0.000108845511937	0	0	0	0.00975981423699	0	0.000520039668142	0	0	0	0	0	0.00371284135162	0.00448685388095	0.00328955324964	1.20939457707e-05	0	0	0
0	0	0	0	0.00318070773771	0	0	0.00244297704569	0	0.000120939457707	0.00320489562925	0	0	0	0	0	0	0	0	0	8.46576203952e-05	0	0	0	0.00120939457707	0	0	0	0.00316861379194	0	0	0	0	0	0	0.000568415451225	0	0	0	0.0135452192632	0	0.00318070773771	2.41878915415e-05	0.00272113779842	0.000387006264664	0.010654766224	0.00304767433423	0.00902208354498	0.00100379749897	0.00301139249692	0.000120939457707	0	0	0.000350724427352	0.000241878915415	0.0238734489515	0	0	0	0.00472873279636	0	0	0	0.00348305638198	0.00331374114118	1.20939457707e-05	0	1.20939457707e-05	0	0.00544227559684	0.000471663885059	0	0	0	1.20939457707e-05	0	0	0.000689354908933	0	0.0037612171347	0	0.00016931524079	0	3.62818373122e-05
0.000133033403478	0	0	0	0	0	0	0.000133033403478	4.8375783083e-05	1.20939457707e-05	0	1.20939457707e-05	0	0	0.000133033403478	0.000411194156205	0.00129405219747	0.000120939457707	1.20939457707e-05	1.20939457707e-05	0	0.000955421715889	0.00164477662482	0.00321698957502	0	0	1.20939457707e-05	9.6751566166e-05	0.000120939457707	0	4.8375783083e-05	0	0	0	2.41878915415e-05	0.000350724427352	1.20939457707e-05	0.000689354908933	0	0	0	0	0.00639769731273	0	1.20939457707e-05	0	2.41878915415e-05	0	2.41878915415e-05	0.000374912318893	0	0.00465616912174	0.00172943424522	0	0.00015722129502	0	0.0564787267494	0.00338630481581	0.0177418184457	0.00230994364221	0	0.00032653653581	0.000749824637786	0.0198582589556	0.00302348644269	0.0132549645647	0	0.000229784969644	0.00221319207605	0.00800619210023	0.00106426722783	0.000423288101976	0.000568415451225	0.00065307307162	8.46576203952e-05	0	0	0.00534552403067	0.00065307307162	0.00994122342355	0.00516411484411	0.000846576203952	0.000205597078103	0
0	4.8375783083e-05	0	0	0	0	0	0	0	0.000133033403478	0	1.20939457707e-05	0	0	0	0	0.0164235783567	2.41878915415e-05	0	0	0	0.00102798539051	0.0215030355804	0.0167138330552	0.00455941755557	0	2.41878915415e-05	0.0113078392956	0.00359190189391	0	0	0	0	0	0	0	0.00343468059889	0	0	0	0	0	0	0	0.00379749897201	0	0	0	0	0	0	0.0335606995138	0	0	0	0	0.00338630481581	0.0505647872675	0.00267276201534	0.0101468205017	0.000459569939288	0	0.016774302784	0.005539027163	0	0	0	0	0	1.20939457707e-05	0.00142708560095	0.000507945722371	8.46576203952e-05	8.46576203952e-05	0	0	0	0.00016931524079	0	1.20939457707e-05	0	0	0	0
0.000266066806956	0	0	0	3.62818373122e-05	0	0	0.000411194156205	0.000108845511937	0.000266066806956	3.62818373122e-05	1.20939457707e-05	0	0	0.000266066806956	0.000302348644269	0.00110054906514	0.000193503132332	0	0	0	0.000435382047747	0.00226156785913	0.00420869312822	9.6751566166e-05	0	1.20939457707e-05	0.000616791234308	0.000665167017391	0	0.000120939457707	0	0	0	0	9.6751566166e-05	0	0.0197373194979	0	0	0	0	0.00209225261834	0	0.000266066806956	0	0	0	0	0.000120939457707	0	0.00460779333865	0.00513992695257	2.41878915415e-05	0.000338630481581	0	0.0177418184457	0.00267276201534	0.0643881672835	0.00261229228648	0	0.00201968894371	0.0167863967298	0.00108845511937	0.00238250731684	0.00774012529328	0	0	0.00126986430593	0.00492223592869	0.000616791234308	8.46576203952e-05	0.00118520668553	0.00114892484822	0.000266066806956	0	0	0.00322908352079	0.000822388312411	0.00308395617154	0.00388215659241	0.000435382047747	1.20939457707e-05	0
0	0	0	0	0.0104491691459	0	0	0.00488595409138	0	0.00563577872917	0.00350724427352	0	0.000145127349249	0	0	0.000229784969644	0.00353143216506	0	0	0	7.25636746245e-05	6.04697288537e-05	0.00389425053818	0.000387006264664	0.0167017391094	0	1.20939457707e-05	1.20939457707e-05	0.0191084343178	0	0	0	0	2.41878915415e-05	2.41878915415e-05	0.00273323174419	0.00162058873328	0.000507945722371	0	0.00544227559684	0.000133033403478	0.000544227559684	0.00535761797644	0.00178990397407	0.0211885929903	0.00187456159447	0.000834482258182	0.00252763466609	0.000399100210435	0.00437800836901	0.00250344677454	0.00713542800474	0	0	0	0.00472873279636	0.00230994364221	0.0101468205017	0.00261229228648	0.0826863072346	1.20939457707e-05	0	0.000665167017391	0.0255666013594	0.011501342428	0.00914302300268	0	0.000278160752727	0.00878020462956	0.00855041965992	0.00165687057059	0	2.41878915415e-05	1.20939457707e-05	0.000266066806956	0	0	0.00874392279225	6.04697288537e-05	0.00630094574656	0.00262438623225	0.00250344677454	0.000217691023873	1.20939457707e-05
0	0	0	0	0	0	0	0	0	0	0	0.00241878915415	0	0.0025639165034	0	0	0	0	0.000133033403478	0.000290254698498	0	0	4.8375783083e-05	0	0	0.00221319207605	0.00722008562514	0.0076070918898	0	0	0	0.000628885180079	0	0	0	0	0.0063251336381	0	0	0	0	0	0	0	1.20939457707e-05	0	0.000423288101976	0	0.00780059502213	0	0	0	0	3.62818373122e-05	0.000290254698498	0	0	0.000459569939288	0	1.20939457707e-05	0.0189874948601	0.00651863677043	0.0121423215538	0	1.20939457707e-05	0	0.000387006264664	1.20939457707e-05	0	2.41878915415e-05	0	0.000411194156205	0	0	0	0	0.000302348644269	0	0.000241878915415	2.41878915415e-05	0	0	0	0.00032653653581
