0.00598529366729	0	2.38186786078e-05	0	1.36106734902e-05	0	1.02080051176e-05	0.00192931296723	0.000234784117705	0.000112288056294	6.12480307057e-05	1.36106734902e-05	2.72213469803e-05	0	0.00171834752813	0	2.38186786078e-05	1.02080051176e-05	3.40266837254e-06	1.70133418627e-05	1.02080051176e-05	3.40266837254e-06	6.80533674508e-06	1.02080051176e-05	0.000139509403274	0	3.40266837254e-06	1.70133418627e-05	0.00113649123643	0.00435881818522	0.00226617713611	0	0	2.72213469803e-05	0.000262005464685	0	0	0	0	0	0	0	0	6.80533674508e-06	0	0	0	0	0	0	0	0	0	0	0	0	0	1.02080051176e-05	3.40266837254e-06	0	0	0	6.80533674508e-06	0	0	6.80533674508e-06	0	3.40266837254e-06	0	6.46506990782e-05	0.000353877510744	1.36106734902e-05	0.000299434816783	9.18720460585e-05	0	0	0	0	0	5.44426939606e-05	6.80533674508e-06	0	3.40266837254e-06	6.80533674508e-06
0	0.0139271216488	0.000612480307057	0	0.000156522745137	0	0	0	0	0.00648548591806	0	6.80533674508e-06	0.00069754701637	0.000551232276351	0	0	0.000119093393039	3.40266837254e-06	0	0	0	0	0.00706734220976	6.80533674508e-06	0.00467526634387	0.00168772351278	0.00261324931011	0.0107694453991	0	0	0	0	0	0	0	0	0.00390626329167	0	0	0	0	0	0	0	0.000146314740019	0	0	0	6.12480307057e-05	0	0	1.02080051176e-05	1.02080051176e-05	0	0	0	0	0.000282421474921	3.40266837254e-06	2.72213469803e-05	0.000292629480038	6.80533674508e-05	0.00370550585769	0	0	0	6.80533674508e-06	0	0	3.40266837254e-06	0	3.40266837254e-05	0	0	0	0	0.000326656163764	3.40266837254e-05	3.06240153528e-05	6.80533674508e-06	3.40266837254e-06	0	0	0
2.38186786078e-05	0.000612480307057	0.0330909499229	0	0	3.40266837254e-06	6.80533674508e-05	0.000506997587508	9.18720460585e-05	7.82613725684e-05	0.000102080051176	0.000115690724666	2.72213469803e-05	0	4.4234688843e-05	0	0.000714560358233	0.0103951518781	8.8469377686e-05	0.000367488184234	4.4234688843e-05	0.000558037613096	8.50667093134e-05	0.00833313484434	0.000724768363351	0	0.00501213051275	0.0141993351186	0.00105482719549	3.40266837254e-05	0.000350474842371	0	3.40266837254e-06	0	0.000391306862842	3.40266837254e-06	0.00483859442575	0.000564842949841	0	0	0	0	0	6.80533674508e-06	1.36106734902e-05	0	1.36106734902e-05	3.40266837254e-06	1.36106734902e-05	0	0	1.02080051176e-05	0.000364085515862	3.40266837254e-06	0.000350474842371	3.40266837254e-06	2.04160102352e-05	0.000489984245645	7.14560358233e-05	3.40266837254e-06	2.72213469803e-05	0.00068393634288	0.00478415173179	1.36106734902e-05	6.80533674508e-06	1.02080051176e-05	1.02080051176e-05	3.40266837254e-06	3.40266837254e-06	0.000102080051176	0.00631535249943	0.00262345731523	0.0013134299918	0.000166730750254	2.38186786078e-05	3.40266837254e-06	0	0.000513802924253	0.000486581577273	9.52747144311e-05	2.72213469803e-05	0	6.80533674508e-06	0
0	0	0	0	0	0	0	0	0	0	0	0	0	0	0	0	0	0	0	0	0	0	0	0	0	0	0	0	0	0	0	0	0	0	0	0	0	0	0	0	0	0	0	0	0	0	0	0	0	0	0	0	0	0	0	0	0	0	0	0	0	0	0	0	0	0	0	0	0	0	0	0	0	0	0	0	0	0	0	0	0	0	0	0
1.36106734902e-05	0.000156522745137	0	0	0.0137569882302	3.40266837254e-06	0.00136787268576	0.000149717408392	2.38186786078e-05	0.00529795465604	0.00133724867041	0.00020075743398	0.00287525477479	0	3.40266837254e-06	0.00159585146672	3.40266837254e-06	0.000122496061411	1.02080051176e-05	0.00024158945445	0.00486241310436	0	0.000323253495391	0	0.0076321851596	6.80533674508e-06	5.44426939606e-05	0.000170133418627	0.00297733482597	3.40266837254e-05	3.40266837254e-05	0	1.02080051176e-05	0	0.000432138883312	0	6.80533674508e-06	0	0	0.000932331134075	0	3.40266837254e-05	1.02080051176e-05	3.40266837254e-06	0.00021436810747	3.40266837254e-06	0	7.14560358233e-05	0	4.4234688843e-05	4.08320204705e-05	4.4234688843e-05	3.06240153528e-05	0	0	0.00118072592527	0	3.40266837254e-05	2.38186786078e-05	0.00164689149231	0	0	6.80533674508e-06	0.000486581577273	0.000435541551685	0.000367488184234	0	0	0.000282421474921	0.000585258960076	8.50667093134e-05	0	0.000445749556802	3.40266837254e-06	6.12480307057e-05	0	0	3.40266837254e-06	3.40266837254e-06	8.16640409409e-05	1.36106734902e-05	3.40266837254e-06	0	0
0	0	3.40266837254e-06	0	3.40266837254e-06	0.00583897892727	0.0026642893357	5.10400255881e-05	0.00125218196109	2.04160102352e-05	0.000387904194469	0	0.000258602796313	0	0.000224576112587	0.00188848094676	0	3.40266837254e-06	0	0	3.06240153528e-05	0	0	0	3.40266837254e-06	0	0	3.40266837254e-06	1.70133418627e-05	0	0	0	0.00300795884132	0	7.48587041958e-05	0	0	0	0	0	0	0	0	0	0	0	0	0	0	0	0	0	0	0	3.40266837254e-06	0	0	0	0	0	0	3.40266837254e-06	0	0	0	0	0	0	0	0	0.00020075743398	3.40266837254e-06	0.000323253495391	0.000289226811666	0.000755392378703	0.000745184373586	0	3.40266837254e-06	0	0	0	0	0	0
1.02080051176e-05	0	6.80533674508e-05	0	0.00136787268576	0.0026642893357	0.0528366344888	0.0116881658597	0.0271566962812	0.00304538819342	0.0289260838349	0.00126579263458	0.0116303204973	6.80533674508e-06	0.00273914803989	0.0051414319109	6.80533674508e-06	0.000391306862842	0.000156522745137	0.000826848414527	0.00360342580652	6.46506990782e-05	3.06240153528e-05	0.000153120076764	0.00299775083621	0	8.16640409409e-05	6.46506990782e-05	0.00389945795493	0.00157883812486	6.46506990782e-05	0	0.00314066290785	3.40266837254e-06	0.00202118501329	1.36106734902e-05	6.80533674508e-06	0	0	0.000585258960076	0	0	3.74293520979e-05	4.08320204705e-05	3.40266837254e-06	3.40266837254e-06	0	1.02080051176e-05	0	1.36106734902e-05	0	0	1.02080051176e-05	0	0	0.000244992122823	2.72213469803e-05	6.80533674508e-06	4.4234688843e-05	0.000979968491291	0	0	6.80533674508e-06	0.000922123128958	0.000238186786078	0.000115690724666	0	2.72213469803e-05	1.02080051176e-05	0.000510400255881	0.00149717408392	1.70133418627e-05	0.00221173444215	0.000357280179116	0.00244651855985	8.8469377686e-05	0	0.00153800610439	1.36106734902e-05	0.00026881080143	4.4234688843e-05	6.80533674508e-06	3.06240153528e-05	1.02080051176e-05
0.00192931296723	0	0.000506997587508	0	0.000149717408392	5.10400255881e-05	0.0116881658597	0.0687611224722	0.0213687573795	0.00155501944625	0.022743435402	0.000210965439097	0.000384501526097	2.72213469803e-05	0.0159040719732	8.16640409409e-05	0.000122496061411	0.00250436392219	5.10400255881e-05	0.000966357817801	0.00146655006856	0.00274595337664	3.40266837254e-06	0.00488282911459	0.00332440699997	0	8.16640409409e-05	0.000146314740019	0.028003960706	0.00450173025687	0.0161184400807	0	6.46506990782e-05	4.76373572155e-05	0.00501553318112	1.36106734902e-05	9.86773828036e-05	3.40266837254e-06	0	0.000364085515862	0	0	2.72213469803e-05	4.08320204705e-05	9.18720460585e-05	0	0	6.80533674508e-06	6.80533674508e-06	6.80533674508e-06	3.40266837254e-06	3.40266837254e-06	3.74293520979e-05	0	6.46506990782e-05	0.000319850827019	0.000204160102352	3.06240153528e-05	0.000262005464685	0.00071115768986	1.70133418627e-05	0.000105482719549	4.08320204705e-05	0.00044234688843	0.00020075743398	0.000330058832136	6.80533674508e-06	1.70133418627e-05	0.000119093393039	0.000707755021488	0.00371911653118	0.000251797459568	0.00689040345439	0.00256220928452	0.000207562770725	7.82613725684e-05	0	0.00042873621494	3.40266837254e-06	0.000370890852607	7.14560358233e-05	1.02080051176e-05	2.38186786078e-05	6.80533674508e-06
0.000234784117705	0	9.18720460585e-05	0	2.38186786078e-05	0.00125218196109	0.0271566962812	0.0213687573795	0.059049906937	0.00109565921596	0.0268334427858	0.00284463075944	0.00454596494571	3.40266837254e-06	0.0204772582659	0.00116711525178	0.000105482719549	0.000520608260998	0.000357280179116	0.00201437967654	0.00342308438277	0.000159925413509	1.36106734902e-05	0.000238186786078	0.00142912071647	0	9.52747144311e-05	8.50667093134e-05	0.00693123547486	0.00396070598563	0.00346391640324	0	0.00161286480858	9.52747144311e-05	0.00480116507365	1.70133418627e-05	1.02080051176e-05	3.40266837254e-06	0	0.000125898729784	0	0	2.72213469803e-05	9.18720460585e-05	1.02080051176e-05	0	3.40266837254e-06	6.80533674508e-06	0	2.04160102352e-05	0	6.80533674508e-06	1.02080051176e-05	0	0	0.000132704066529	2.72213469803e-05	3.06240153528e-05	5.44426939606e-05	0.000289226811666	0	6.80533674508e-06	2.38186786078e-05	0.000289226811666	0.00020075743398	0.000132704066529	0	3.40266837254e-05	1.02080051176e-05	0.000520608260998	0.00271192669291	6.46506990782e-05	0.00544767206443	0.00133044333366	0.00207562770725	2.38186786078e-05	0	0.00118412859364	2.38186786078e-05	0.000279018806548	9.18720460585e-05	1.02080051176e-05	6.12480307057e-05	1.70133418627e-05
0.000112288056294	0.00648548591806	7.82613725684e-05	0	0.00529795465604	2.04160102352e-05	0.00304538819342	0.00155501944625	0.00109565921596	0.0461742098153	0.000973163154546	0.000115690724666	0.00457999162944	0.000377696189352	0.000421930878195	0.00305899886691	0.00024158945445	0.000115690724666	1.36106734902e-05	8.16640409409e-05	0.000996981833154	1.70133418627e-05	0.0122564114779	0.000119093393039	0.0311718449608	0.000956149812683	0.00195653431421	0.00675089405111	0.00763899049635	0.000350474842371	0.000289226811666	0	9.52747144311e-05	1.02080051176e-05	0.000251797459568	4.76373572155e-05	0.00044234688843	2.04160102352e-05	0	0.0021062517226	0	3.40266837254e-06	9.52747144311e-05	2.04160102352e-05	0.00859514030903	0	0	3.40266837254e-05	1.36106734902e-05	4.76373572155e-05	3.40266837254e-05	0.00466505833875	0.000108885387921	0	3.40266837254e-05	0.00137808069088	0.000663520332645	0.00118072592527	0.000493386914018	0.00813918274711	2.72213469803e-05	0.000129301398156	0.000432138883312	0.00577092555982	0.00137467802251	0.0037293245363	0	1.02080051176e-05	0.000758795047076	0.00587981094775	0.00501213051275	0.000224576112587	0.000364085515862	0.000173536086999	0.00143932872158	2.72213469803e-05	0.000224576112587	0.00445069023128	0.000231381449333	0.00276636938687	0.000244992122823	0.000163328081882	2.72213469803e-05	1.02080051176e-05
6.12480307057e-05	0	0.000102080051176	0	0.00133724867041	0.000387904194469	0.0289260838349	0.022743435402	0.0268334427858	0.000973163154546	0.0706700194292	0.00493386914018	0.0119297553141	3.40266837254e-05	0.00734976368468	0.000142912071647	1.36106734902e-05	0.00207222503888	0.000561440281469	0.00470248769085	0.0134575534134	0.000183744092117	3.40266837254e-06	0.000364085515862	0.00113649123643	0	0.000115690724666	0.000142912071647	0.00790780129778	0.00298073749434	0.000119093393039	0	0.000632896317292	0	0.0100140530204	1.36106734902e-05	3.40266837254e-06	1.36106734902e-05	0	0.000816640409409	0	0	5.10400255881e-05	6.46506990782e-05	6.80533674508e-06	3.40266837254e-06	0	1.02080051176e-05	0	1.36106734902e-05	0	3.40266837254e-06	1.36106734902e-05	0	3.40266837254e-06	0.000660117664272	2.38186786078e-05	3.40266837254e-06	4.4234688843e-05	0.00146655006856	0	1.02080051176e-05	1.36106734902e-05	0.00108545121084	0.000224576112587	0.000105482719549	0	3.06240153528e-05	1.36106734902e-05	0.000510400255881	0.00253158526917	2.38186786078e-05	0.0114976164308	0.00180681690582	0.00142231537972	0.000163328081882	0	0.00119093393039	6.80533674508e-06	0.000289226811666	7.48587041958e-05	1.02080051176e-05	3.40266837254e-05	6.80533674508e-06
1.36106734902e-05	6.80533674508e-06	0.000115690724666	0	0.00020075743398	0	0.00126579263458	0.000210965439097	0.00284463075944	0.000115690724666	0.00493386914018	0.0350542895739	0.00331760166322	0.00405257803169	0.00360002313814	5.78453623331e-05	8.16640409409e-05	0.0032461456274	0.00549530942165	0.0121883581104	0.00367488184234	0.000296032148411	6.80533674508e-06	0.000734976368468	0.000176938755372	0.00109565921596	0.00543746405932	0.000537621602861	0.000609077638684	0.00244311589148	0.000575050954959	0.000105482719549	0.000704352353115	3.06240153528e-05	0.0157713679067	3.40266837254e-06	0.000496789582391	1.02080051176e-05	0	1.70133418627e-05	0	3.40266837254e-06	3.40266837254e-06	2.38186786078e-05	0	0	0.000336864168881	1.36106734902e-05	0.00119773926713	1.02080051176e-05	0	0	3.40266837254e-06	0.000129301398156	0.000163328081882	3.06240153528e-05	3.40266837254e-06	6.80533674508e-06	6.80533674508e-06	9.18720460585e-05	0.000598869633567	0.000646506990782	0.00109225654758	0.000102080051176	1.36106734902e-05	3.40266837254e-06	0.00041512554145	3.40266837254e-06	0	9.18720460585e-05	0.00261665197848	0.00617584309616	0.019180841616	0.00190889695699	0.000119093393039	3.40266837254e-06	0.000629493648919	7.82613725684e-05	1.70133418627e-05	8.16640409409e-05	3.74293520979e-05	6.80533674508e-06	6.80533674508e-06	3.06240153528e-05
2.72213469803e-05	0.00069754701637	2.72213469803e-05	0	0.00287525477479	0.000258602796313	0.0116303204973	0.000384501526097	0.00454596494571	0.00457999162944	0.0119297553141	0.00331760166322	0.0332985126937	3.40266837254e-06	0.0011398939048	0.00259283329987	1.02080051176e-05	0.00106163253223	0.000435541551685	0.00250776659056	0.0127191743765	1.70133418627e-05	0.000755392378703	5.44426939606e-05	0.00487602377785	6.80533674508e-06	0.000289226811666	0.000700949684743	0.00137467802251	0.000956149812683	7.14560358233e-05	0	0.000302837485156	0	0.00481817841551	2.38186786078e-05	1.02080051176e-05	6.80533674508e-06	0	0.000986773828036	0	0.000891499113605	2.04160102352e-05	9.18720460585e-05	9.52747144311e-05	2.38186786078e-05	0	0.00210965439097	0	0.000850667093134	0.000265408133058	1.36106734902e-05	0	0	0	0.00203479568678	0	3.40266837254e-06	1.02080051176e-05	0.00138148335925	0	6.80533674508e-06	1.70133418627e-05	0.000837056419644	0.000986773828036	2.72213469803e-05	0	1.70133418627e-05	3.40266837254e-06	0.000343669505626	0.00103100851688	1.02080051176e-05	0.00494747981367	0.000190549428862	0.0013508593439	4.76373572155e-05	0	0.0010650352006	3.40266837254e-06	0.000173536086999	6.12480307057e-05	0	2.04160102352e-05	1.02080051176e-05
0	0.000551232276351	0	0	0	0	6.80533674508e-06	2.72213469803e-05	3.40266837254e-06	0.000377696189352	3.40266837254e-05	0.00405257803169	3.40266837254e-06	0.0133316546836	2.38186786078e-05	3.40266837254e-06	0	4.08320204705e-05	3.06240153528e-05	4.08320204705e-05	3.40266837254e-06	2.04160102352e-05	0.000425333546567	3.40266837254e-05	0.000282421474921	0.00474331971132	0.00205861436539	0.00196333965095	2.38186786078e-05	3.40266837254e-06	0	0.000238186786078	1.70133418627e-05	0	0.000333461500509	3.40266837254e-06	0.000360682847489	0	0	0	0	3.40266837254e-06	0	0	0	0	0.00069754701637	3.40266837254e-06	0.00328697764787	3.40266837254e-06	0	0	0	2.38186786078e-05	5.44426939606e-05	3.40266837254e-06	0	3.40266837254e-06	3.40266837254e-06	0	0.000432138883312	0.000561440281469	0.00087108310337	0	3.40266837254e-06	0	0.00189188361513	0	0	6.80533674508e-06	5.44426939606e-05	0.00380758590887	0.000571648286586	2.04160102352e-05	3.74293520979e-05	0	0.00190209162025	3.40266837254e-06	1.02080051176e-05	1.70133418627e-05	1.70133418627e-05	3.40266837254e-06	1.02080051176e-05	2.38186786078e-05
0.00171834752813	0	4.4234688843e-05	0	3.40266837254e-06	0.000224576112587	0.00273914803989	0.0159040719732	0.0204772582659	0.000421930878195	0.00734976368468	0.00360002313814	0.0011398939048	2.38186786078e-05	0.0405564043323	0.000438944220057	0.000105482719549	0.000336864168881	0.000595466965194	0.00174897154348	0.000816640409409	8.50667093134e-05	0	0.000115690724666	0.000262005464685	0	0.000262005464685	5.10400255881e-05	0.00382459925073	0.00836716152807	0.00585939493751	0	0.00191229962537	0.000153120076764	0.00558037613096	3.40266837254e-06	1.36106734902e-05	0	0	6.80533674508e-06	0	3.40266837254e-06	1.36106734902e-05	0.000105482719549	3.40266837254e-06	0	3.40266837254e-06	3.40266837254e-06	0	1.36106734902e-05	0	0	0	0	0	0	0	1.36106734902e-05	6.80533674508e-06	4.76373572155e-05	0	6.80533674508e-06	1.36106734902e-05	8.50667093134e-05	0.000146314740019	1.70133418627e-05	0	4.4234688843e-05	3.40266837254e-06	0.000336864168881	0.00251797459568	0.000115690724666	0.00618945376965	0.00176938755372	0.00121815527737	4.4234688843e-05	0	0.000816640409409	1.36106734902e-05	0.000183744092117	0.000112288056294	0	8.8469377686e-05	2.72213469803e-05
0	0	0	0	0.00159585146672	0.00188848094676	0.0051414319109	8.16640409409e-05	0.00116711525178	0.00305899886691	0.000142912071647	5.78453623331e-05	0.00259283329987	3.40266837254e-06	0.000438944220057	0.00973503421383	1.02080051176e-05	6.80533674508e-06	1.70133418627e-05	2.38186786078e-05	0.000258602796313	1.02080051176e-05	0.000156522745137	0	0.00241249187613	0	3.40266837254e-06	0.000112288056294	0.00020075743398	0.000190549428862	3.06240153528e-05	0	0.00166730750254	3.40266837254e-06	7.14560358233e-05	0	3.40266837254e-06	0	0	1.36106734902e-05	0	0	1.02080051176e-05	1.70133418627e-05	3.40266837254e-06	0	0	0	0	0	0	0	0	0	0	3.06240153528e-05	0	3.40266837254e-06	3.40266837254e-06	7.82613725684e-05	0	0	6.80533674508e-06	8.8469377686e-05	3.40266837254e-06	3.40266837254e-06	0	6.80533674508e-06	0	7.14560358233e-05	0.000544426939606	6.80533674508e-06	0.000367488184234	0.00020075743398	0.00224916379425	0.000408320204705	0	0.00026881080143	1.70133418627e-05	3.40266837254e-05	2.38186786078e-05	0	1.36106734902e-05	0
2.38186786078e-05	0.000119093393039	0.000714560358233	0	3.40266837254e-06	0	6.80533674508e-06	0.000122496061411	0.000105482719549	0.00024158945445	1.36106734902e-05	8.16640409409e-05	1.02080051176e-05	0	0.000105482719549	1.02080051176e-05	0.0294807187797	0.000153120076764	9.86773828036e-05	0.000149717408392	3.40266837254e-06	0.00238527052915	0.0167105043775	0.00645145923433	0.0125218196109	3.40266837254e-06	0.000115690724666	0.00268470534593	0.00296032148411	7.82613725684e-05	0.000105482719549	0	6.80533674508e-06	6.80533674508e-06	1.70133418627e-05	4.4234688843e-05	0.00022797878096	9.18720460585e-05	0	3.40266837254e-06	0	6.80533674508e-06	6.80533674508e-06	3.40266837254e-05	1.36106734902e-05	0	2.72213469803e-05	2.72213469803e-05	3.40266837254e-06	3.74293520979e-05	0	0.00542045071745	4.08320204705e-05	6.80533674508e-06	0.000173536086999	6.80533674508e-06	0.00443707955779	0.0113138723387	0.0107932640777	4.4234688843e-05	0	0.00026881080143	0.00246012923334	0.000221173444215	3.06240153528e-05	0.000139509403274	3.40266837254e-06	0	3.40266837254e-06	9.18720460585e-05	0.00403216202146	0.00103100851688	0.000275616138176	6.12480307057e-05	2.04160102352e-05	3.40266837254e-06	0	0.000891499113605	0.000506997587508	8.50667093134e-05	2.72213469803e-05	3.40266837254e-06	0	0
1.02080051176e-05	3.40266837254e-06	0.0103951518781	0	0.000122496061411	3.40266837254e-06	0.000391306862842	0.00250436392219	0.000520608260998	0.000115690724666	0.00207222503888	0.0032461456274	0.00106163253223	4.08320204705e-05	0.000336864168881	6.80533674508e-06	0.000153120076764	0.0410055565575	7.14560358233e-05	0.0112764429866	0.00131683266017	0.00188507827839	0	0.00993579164781	0.000248394791195	3.40266837254e-06	0.00557697346259	0.00264047065709	0.00185445426303	0.000445749556802	0.00420569810846	0	1.36106734902e-05	0.00018714676049	0.0101331464134	6.80533674508e-06	0.00673047804088	0.00025520012794	0	1.36106734902e-05	0	0	3.40266837254e-06	2.04160102352e-05	1.36106734902e-05	0	4.08320204705e-05	1.36106734902e-05	5.44426939606e-05	6.80533674508e-06	0	4.4234688843e-05	0.000207562770725	3.06240153528e-05	0.000973163154546	2.04160102352e-05	3.74293520979e-05	3.40266837254e-06	0.000238186786078	4.08320204705e-05	0.000105482719549	0.00287865744317	0.00321892428042	7.14560358233e-05	3.40266837254e-06	3.74293520979e-05	4.08320204705e-05	1.36106734902e-05	0	0.000292629480038	0.00446430090477	0.0083637588597	0.00991537563757	0.00111607522619	0.000105482719549	6.80533674508e-06	0	0.00174556887511	0.00171834752813	0.000238186786078	7.48587041958e-05	0	1.70133418627e-05	1.02080051176e-05
3.40266837254e-06	0	8.8469377686e-05	0	1.02080051176e-05	0	0.000156522745137	5.10400255881e-05	0.000357280179116	1.36106734902e-05	0.000561440281469	0.00549530942165	0.000435541551685	3.06240153528e-05	0.000595466965194	1.70133418627e-05	9.86773828036e-05	7.14560358233e-05	0.00822084678805	0.00261665197848	0.000452554893548	6.12480307057e-05	0	0.000296032148411	0.000108885387921	0	0.00212666773284	0.000438944220057	0.000142912071647	0.000248394791195	4.76373572155e-05	0	0.000251797459568	0	0.00183744092117	0	8.16640409409e-05	3.40266837254e-06	0	0	0	0	0	0	0	0	3.40266837254e-06	0	3.06240153528e-05	0	0	0	0	6.80533674508e-06	5.78453623331e-05	0	3.40266837254e-06	3.40266837254e-06	3.40266837254e-06	1.02080051176e-05	6.46506990782e-05	9.18720460585e-05	9.18720460585e-05	1.36106734902e-05	0	3.40266837254e-06	1.36106734902e-05	0	0	1.02080051176e-05	0.0018714676049	0.000717963026605	0.00389945795493	0.000619285643802	2.04160102352e-05	0	0	3.74293520979e-05	0	1.36106734902e-05	3.40266837254e-06	0	0	0
1.70133418627e-05	0	0.000367488184234	0	0.00024158945445	0	0.000826848414527	0.000966357817801	0.00201437967654	8.16640409409e-05	0.00470248769085	0.0121883581104	0.00250776659056	4.08320204705e-05	0.00174897154348	2.38186786078e-05	0.000149717408392	0.0112764429866	0.00261665197848	0.0286470650284	0.0032087162753	0.00163668348719	0	0.00250776659056	0.000279018806548	6.80533674508e-06	0.00222534511564	0.00102420318013	0.001041216522	0.0014495367267	0.00174556887511	0	0.000193952097235	0.000183744092117	0.0155501944625	0	0.000238186786078	3.40266837254e-05	0	3.40266837254e-05	0	0	3.40266837254e-06	2.38186786078e-05	0	0	1.36106734902e-05	0	7.48587041958e-05	3.40266837254e-06	0	1.02080051176e-05	5.10400255881e-05	2.72213469803e-05	0.000105482719549	2.04160102352e-05	0	6.80533674508e-06	1.02080051176e-05	8.50667093134e-05	4.76373572155e-05	0.000285824143293	0.00022797878096	9.86773828036e-05	0	1.02080051176e-05	4.4234688843e-05	1.70133418627e-05	0	5.44426939606e-05	0.00616903775941	0.00093913647082	0.0187044680438	0.00255880661615	6.80533674508e-05	3.40266837254e-06	3.40266837254e-06	0.000149717408392	1.02080051176e-05	4.08320204705e-05	3.74293520979e-05	0	2.04160102352e-05	2.04160102352e-05
1.02080051176e-05	0	4.4234688843e-05	0	0.00486241310436	3.06240153528e-05	0.00360342580652	0.00146655006856	0.00342308438277	0.000996981833154	0.0134575534134	0.00367488184234	0.0127191743765	3.40266837254e-06	0.000816640409409	0.000258602796313	3.40266837254e-06	0.00131683266017	0.000452554893548	0.0032087162753	0.0233695263826	3.06240153528e-05	0	8.16640409409e-05	0.00150738208903	0	7.14560358233e-05	5.78453623331e-05	0.00202799035003	0.000860875098252	2.72213469803e-05	0	0.000105482719549	0	0.00560419480957	0	3.40266837254e-06	6.80533674508e-06	0	0.000323253495391	0	0	3.40266837254e-06	2.72213469803e-05	6.80533674508e-06	3.40266837254e-06	0	3.40266837254e-06	0	3.40266837254e-06	0	3.40266837254e-06	0	0	0	0.000279018806548	0	3.40266837254e-06	6.80533674508e-06	0.000632896317292	0	6.80533674508e-06	1.36106734902e-05	0.000425333546567	9.18720460585e-05	1.02080051176e-05	0	1.70133418627e-05	1.02080051176e-05	0.00018714676049	0.000949344475938	1.36106734902e-05	0.00589682428961	0.000435541551685	0.000820043077782	0.000102080051176	0	0.000609077638684	6.80533674508e-06	8.8469377686e-05	4.08320204705e-05	3.40266837254e-06	2.04160102352e-05	0
3.40266837254e-06	0	0.000558037613096	0	0	0	6.46506990782e-05	0.00274595337664	0.000159925413509	1.70133418627e-05	0.000183744092117	0.000296032148411	1.70133418627e-05	2.04160102352e-05	8.50667093134e-05	1.02080051176e-05	0.00238527052915	0.00188507827839	6.12480307057e-05	0.00163668348719	3.06240153528e-05	0.0343669505626	0.00064310432241	0.0176020034911	0.00131683266017	0	9.86773828036e-05	0.000969760486173	0.0066045793111	0.000258602796313	0.0125150142742	0	3.40266837254e-06	0.00184424625792	0.00679853140833	6.80533674508e-06	7.82613725684e-05	3.40266837254e-05	0	0	0	3.40266837254e-06	0	2.04160102352e-05	6.80533674508e-06	0	6.80533674508e-06	1.02080051176e-05	0	6.80533674508e-06	3.40266837254e-06	0.000609077638684	1.70133418627e-05	0	2.38186786078e-05	6.80533674508e-06	0.000381098857724	0.000462762898665	0.00140870470623	6.80533674508e-06	0	7.14560358233e-05	9.52747144311e-05	6.80533674508e-06	3.40266837254e-06	1.70133418627e-05	0	1.02080051176e-05	0	3.74293520979e-05	0.00665561933668	0.00119773926713	0.00592064296822	0.000779211057311	6.80533674508e-06	1.36106734902e-05	0	0.000275616138176	4.76373572155e-05	3.40266837254e-05	2.38186786078e-05	0	2.04160102352e-05	1.36106734902e-05
6.80533674508e-06	0.00706734220976	8.50667093134e-05	0	0.000323253495391	0	3.06240153528e-05	3.40266837254e-06	1.36106734902e-05	0.0122564114779	3.40266837254e-06	6.80533674508e-06	0.000755392378703	0.000425333546567	0	0.000156522745137	0.0167105043775	0	0	0	0	0.00064310432241	0.0352788656865	0.00540684004396	0.0145872393131	0.001041216522	0.00202118501329	0.0110314508638	0.000105482719549	1.36106734902e-05	1.36106734902e-05	0	0	3.40266837254e-06	0	3.40266837254e-06	0.00143592605321	2.38186786078e-05	0	6.80533674508e-06	0	0	0	0	0.000527413597743	0	0	3.40266837254e-06	2.38186786078e-05	0	3.40266837254e-06	0.00655013661714	2.72213469803e-05	0	1.70133418627e-05	0	0.00290928145852	0.0154923491002	0.00880610574813	0.000180341423745	9.18720460585e-05	0.000129301398156	0.00524351196208	9.52747144311e-05	3.40266837254e-06	1.02080051176e-05	0	0	0	1.70133418627e-05	2.04160102352e-05	9.86773828036e-05	0	3.40266837254e-06	3.40266837254e-06	0	0.00026881080143	0.000142912071647	0.000153120076764	1.02080051176e-05	3.40266837254e-06	3.40266837254e-06	0	0
1.02080051176e-05	6.80533674508e-06	0.00833313484434	0	0	0	0.000153120076764	0.00488282911459	0.000238186786078	0.000119093393039	0.000364085515862	0.000734976368468	5.44426939606e-05	3.40266837254e-05	0.000115690724666	0	0.00645145923433	0.00993579164781	0.000296032148411	0.00250776659056	8.16640409409e-05	0.0176020034911	0.00540684004396	0.0648650671857	0.000748587041958	0	0.000996981833154	0.00946962608077	0.00578113356494	0.000837056419644	0.00735316635305	0	1.02080051176e-05	0.00129641664994	0.00570967752912	2.04160102352e-05	0.00136787268576	0.00132704066529	0	6.80533674508e-06	0	1.36106734902e-05	1.36106734902e-05	0.000142912071647	2.38186786078e-05	1.70133418627e-05	2.38186786078e-05	2.72213469803e-05	1.02080051176e-05	4.08320204705e-05	3.40266837254e-06	0.00315087091297	0.000275616138176	0	0.000319850827019	1.70133418627e-05	0.000585258960076	0.00472630636945	0.00732934767445	3.40266837254e-05	3.40266837254e-05	0.000881291108487	0.00276977205525	8.16640409409e-05	4.08320204705e-05	8.16640409409e-05	6.80533674508e-06	1.70133418627e-05	1.70133418627e-05	0.000340266837254	0.0170201471994	0.00442687155267	0.00771384920054	0.00167411283929	4.76373572155e-05	0	0	0.00102760584851	0.000629493648919	0.000306240153528	8.16640409409e-05	1.36106734902e-05	2.72213469803e-05	1.02080051176e-05
0.000139509403274	0.00467526634387	0.000724768363351	0	0.0076321851596	3.40266837254e-06	0.00299775083621	0.00332440699997	0.00142912071647	0.0311718449608	0.00113649123643	0.000176938755372	0.00487602377785	0.000282421474921	0.000262005464685	0.00241249187613	0.0125218196109	0.000248394791195	0.000108885387921	0.000279018806548	0.00150738208903	0.00131683266017	0.0145872393131	0.000748587041958	0.063616287893	0.000738379036841	0.00111947789456	0.00558718146771	0.0207732904143	0.000612480307057	0.00045595756192	0	1.70133418627e-05	4.08320204705e-05	0.000520608260998	0.000170133418627	0.00046956823541	4.76373572155e-05	0	0.00124877929272	0	1.02080051176e-05	8.8469377686e-05	8.50667093134e-05	0.00657735796412	0	3.74293520979e-05	4.08320204705e-05	1.70133418627e-05	9.18720460585e-05	1.02080051176e-05	0.00527073330906	0.000156522745137	1.02080051176e-05	0.00021436810747	0.000922123128958	0.00463783699177	0.00396751132238	0.00481137307877	0.00552933610537	2.72213469803e-05	0.000326656163764	0.000503594919136	0.00567905351377	0.00121815527737	0.00286844943805	3.40266837254e-06	6.80533674508e-06	0.00069754701637	0.00408660471542	0.00984051693338	0.000717963026605	0.000922123128958	0.000217770775842	0.000180341423745	3.40266837254e-06	0.000142912071647	0.00370550585769	0.000806432404291	0.00186125959978	0.000166730750254	0.000119093393039	1.36106734902e-05	3.40266837254e-06
0	0.00168772351278	0	0	6.80533674508e-06	0	0	0	0	0.000956149812683	0	0.00109565921596	6.80533674508e-06	0.00474331971132	0	0	3.40266837254e-06	3.40266837254e-06	0	6.80533674508e-06	0	0	0.001041216522	0	0.000738379036841	0.0111675575987	0.00215388907982	0.00374293520979	0	0	0	3.40266837254e-06	0	0	0	0	0.00104802185874	0	0	3.40266837254e-06	0	0	0	0	8.50667093134e-05	0	0.000262005464685	3.40266837254e-06	0.00263366532034	0	0	0	0	4.4234688843e-05	6.80533674508e-05	3.40266837254e-06	0	9.52747144311e-05	0	2.72213469803e-05	0.00286844943805	0.000275616138176	0.00212326506446	0	3.40266837254e-06	0	0.00111947789456	0	0	6.80533674508e-06	0	0.000962955149428	6.46506990782e-05	0	0	0	0.00202458768166	0	6.46506990782e-05	6.80533674508e-06	0	0	0	3.74293520979e-05
3.40266837254e-06	0.00261324931011	0.00501213051275	0	5.44426939606e-05	0	8.16640409409e-05	8.16640409409e-05	9.52747144311e-05	0.00195653431421	0.000115690724666	0.00543746405932	0.000289226811666	0.00205861436539	0.000262005464685	3.40266837254e-06	0.000115690724666	0.00557697346259	0.00212666773284	0.00222534511564	7.14560358233e-05	9.86773828036e-05	0.00202118501329	0.000996981833154	0.00111947789456	0.00215388907982	0.0631467196576	0.0243563002106	0.000149717408392	8.50667093134e-05	9.86773828036e-05	0.000207562770725	0.000115690724666	0	0.00115350457829	1.36106734902e-05	0.0197626979077	2.04160102352e-05	0	3.40266837254e-06	0	3.40266837254e-06	0	2.04160102352e-05	4.76373572155e-05	0	0.000381098857724	4.4234688843e-05	0.00270852402454	1.70133418627e-05	0	2.04160102352e-05	1.36106734902e-05	0.000571648286586	0.00340607104091	5.10400255881e-05	6.80533674508e-06	0.000102080051176	7.48587041958e-05	5.44426939606e-05	0.00897964183513	0.0103373065158	0.0201812261175	2.38186786078e-05	5.78453623331e-05	3.06240153528e-05	0.00119773926713	0	0	0.000176938755372	0.00466505833875	0.0120216273602	0.00552933610537	0.000615882975429	5.44426939606e-05	0	0.000197354765607	0.000398112199587	0.000411722873077	0.000336864168881	0.000108885387921	3.40266837254e-06	6.80533674508e-06	4.4234688843e-05
1.70133418627e-05	0.0107694453991	0.0141993351186	0	0.000170133418627	3.40266837254e-06	6.46506990782e-05	0.000146314740019	8.50667093134e-05	0.00675089405111	0.000142912071647	0.000537621602861	0.000700949684743	0.00196333965095	5.10400255881e-05	0.000112288056294	0.00268470534593	0.00264047065709	0.000438944220057	0.00102420318013	5.78453623331e-05	0.000969760486173	0.0110314508638	0.00946962608077	0.00558718146771	0.00374293520979	0.0243563002106	0.0816980676246	0.00042873621494	2.72213469803e-05	0.000105482719549	0.00021436810747	1.02080051176e-05	0	0.000517205592626	1.36106734902e-05	0.0226447580192	0.000479776240528	0	3.40266837254e-06	0	0	0	0	0.000105482719549	0	0.000119093393039	2.38186786078e-05	0.00153800610439	6.80533674508e-06	3.40266837254e-06	0.000224576112587	0.000544426939606	0.000224576112587	0.00143592605321	2.04160102352e-05	5.78453623331e-05	0.00625410446872	0.000285824143293	3.74293520979e-05	0.00642764055572	0.00458339429781	0.0313317703743	3.06240153528e-05	3.74293520979e-05	3.06240153528e-05	0.000666923001017	0	6.80533674508e-06	0.000122496061411	0.0106843786898	0.00362724448513	0.00253839060591	0.000374293520979	7.82613725684e-05	3.40266837254e-06	0.0004831789089	0.000568245618214	0.000493386914018	0.000166730750254	5.10400255881e-05	6.80533674508e-06	0	1.02080051176e-05
0.00113649123643	0	0.00105482719549	0	0.00297733482597	1.70133418627e-05	0.00389945795493	0.028003960706	0.00693123547486	0.00763899049635	0.00790780129778	0.000609077638684	0.00137467802251	2.38186786078e-05	0.00382459925073	0.00020075743398	0.00296032148411	0.00185445426303	0.000142912071647	0.001041216522	0.00202799035003	0.0066045793111	0.000105482719549	0.00578113356494	0.0207732904143	0	0.000149717408392	0.00042873621494	0.068448076982	0.0042125034452	0.0079792573336	0	6.46506990782e-05	0.000360682847489	0.00438944220057	0.000176938755372	0.000258602796313	4.08320204705e-05	0	0.00182383024768	0	1.70133418627e-05	4.76373572155e-05	0.000122496061411	0.001214752609	3.40266837254e-06	3.06240153528e-05	5.10400255881e-05	1.02080051176e-05	0.000102080051176	1.36106734902e-05	0.000717963026605	7.14560358233e-05	3.40266837254e-06	0.000193952097235	0.00167751550766	0.00234784117705	0.000163328081882	0.00182723291605	0.00426014080242	1.70133418627e-05	0.000231381449333	0.000275616138176	0.00287185210642	0.000381098857724	0.00111947789456	1.02080051176e-05	2.04160102352e-05	0.000115690724666	0.00125218196109	0.0112832483233	0.000653312327527	0.00695845682184	0.00325635363252	0.000234784117705	5.78453623331e-05	0	0.00286844943805	0.000575050954959	0.000595466965194	8.16640409409e-05	8.8469377686e-05	3.40266837254e-05	3.40266837254e-06
0.00435881818522	0	3.40266837254e-05	0	3.40266837254e-05	0	0.00157883812486	0.00450173025687	0.00396070598563	0.000350474842371	0.00298073749434	0.00244311589148	0.000956149812683	3.40266837254e-06	0.00836716152807	0.000190549428862	7.82613725684e-05	0.000445749556802	0.000248394791195	0.0014495367267	0.000860875098252	0.000258602796313	1.36106734902e-05	0.000837056419644	0.000612480307057	0	8.50667093134e-05	2.72213469803e-05	0.0042125034452	0.0238220812761	0.00543065872257	0	3.74293520979e-05	0.00124537662435	0.00512782123741	0	0	0	0	3.40266837254e-06	0	3.40266837254e-06	1.02080051176e-05	2.04160102352e-05	2.38186786078e-05	0	0	3.40266837254e-06	0	0	0	0	0	0	0	0	0	1.36106734902e-05	1.36106734902e-05	8.16640409409e-05	0	0	6.80533674508e-06	0.000142912071647	3.40266837254e-05	3.06240153528e-05	0	6.80533674508e-06	6.80533674508e-06	0.00018714676049	0.00102760584851	2.38186786078e-05	0.00346051373487	0.000170133418627	0.000513802924253	3.40266837254e-06	3.40266837254e-06	0.00018714676049	0	0.000119093393039	1.70133418627e-05	0	1.36106734902e-05	6.80533674508e-06
0.00226617713611	0	0.000350474842371	0	3.40266837254e-05	0	6.46506990782e-05	0.0161184400807	0.00346391640324	0.000289226811666	0.000119093393039	0.000575050954959	7.14560358233e-05	0	0.00585939493751	3.06240153528e-05	0.000105482719549	0.00420569810846	4.76373572155e-05	0.00174556887511	2.72213469803e-05	0.0125150142742	1.36106734902e-05	0.00735316635305	0.00045595756192	0	9.86773828036e-05	0.000105482719549	0.0079792573336	0.00543065872257	0.0409953485523	0	3.40266837254e-06	0.00091191512384	0.0113206776754	6.80533674508e-06	0.000112288056294	0	0	0	0	0	0	1.70133418627e-05	1.02080051176e-05	0	0	0	6.80533674508e-06	3.40266837254e-06	0	6.80533674508e-06	0	0	6.12480307057e-05	0	3.40266837254e-05	1.36106734902e-05	5.44426939606e-05	1.70133418627e-05	1.70133418627e-05	0.000119093393039	3.74293520979e-05	6.80533674508e-06	3.40266837254e-06	4.4234688843e-05	6.80533674508e-06	1.36106734902e-05	0	0.000197354765607	0.00208923838074	0.000231381449333	0.00640722454549	0.00139849670111	3.40266837254e-06	3.40266837254e-06	0	6.12480307057e-05	3.40266837254e-06	0.000176938755372	5.44426939606e-05	3.40266837254e-06	1.70133418627e-05	6.80533674508e-06
0	0	0	0	0	0	0	0	0	0	0	0.000105482719549	0	0.000238186786078	0	0	0	0	0	0	0	0	0	0	0	3.40266837254e-06	0.000207562770725	0.00021436810747	0	0	0	0.000316448158646	0	0	3.40266837254e-05	0	2.72213469803e-05	0	0	0	0	0	0	0	0	0	1.36106734902e-05	0	3.40266837254e-05	0	0	0	0	0	0	0	0	0	0	0	2.72213469803e-05	1.02080051176e-05	3.40266837254e-05	0	0	0	1.70133418627e-05	0	0	0	6.80533674508e-06	8.16640409409e-05	5.44426939606e-05	3.40266837254e-06	0	0	0	0	0	0	0	0	0	0
0	0	3.40266837254e-06	0	1.02080051176e-05	0.00300795884132	0.00314066290785	6.46506990782e-05	0.00161286480858	9.52747144311e-05	0.000632896317292	0.000704352353115	0.000302837485156	1.70133418627e-05	0.00191229962537	0.00166730750254	6.80533674508e-06	1.36106734902e-05	0.000251797459568	0.000193952097235	0.000105482719549	3.40266837254e-06	0	1.02080051176e-05	1.70133418627e-05	0	0.000115690724666	1.02080051176e-05	6.46506990782e-05	3.74293520979e-05	3.40266837254e-06	0	0.00820043077782	0	0.000700949684743	0	0	0	0	0	3.40266837254e-06	0	0	3.06240153528e-05	3.40266837254e-06	0	3.40266837254e-06	0	0	0	0	3.40266837254e-06	0	0	3.40266837254e-06	0	0	0	0	3.40266837254e-06	0	3.40266837254e-06	0	6.80533674508e-06	6.80533674508e-06	0	0	2.38186786078e-05	0	3.74293520979e-05	0.000806432404291	5.44426939606e-05	0.00159925413509	0.000751989710331	0.00115010190992	0.000741781705213	0	2.38186786078e-05	0	1.02080051176e-05	4.4234688843e-05	0	3.06240153528e-05	3.40266837254e-06
2.72213469803e-05	0	0	0	0	0	3.40266837254e-06	4.76373572155e-05	9.52747144311e-05	1.02080051176e-05	0	3.06240153528e-05	0	0	0.000153120076764	3.40266837254e-06	6.80533674508e-06	0.00018714676049	0	0.000183744092117	0	0.00184424625792	3.40266837254e-06	0.00129641664994	4.08320204705e-05	0	0	0	0.000360682847489	0.00124537662435	0.00091191512384	0	0	0.00323934029066	0.00103100851688	0	0	0	0	0	0	0	0	0	3.40266837254e-06	0	0	0	0	0	0	0	0	0	0	0	0	3.40266837254e-06	0	0	0	0	0	0	0	3.40266837254e-06	0	0	0	3.40266837254e-06	1.02080051176e-05	0	0.000292629480038	3.40266837254e-06	3.40266837254e-06	0	0	3.40266837254e-06	0	0	0	0	0	0
0.000262005464685	0	0.000391306862842	0	0.000432138883312	7.48587041958e-05	0.00202118501329	0.00501553318112	0.00480116507365	0.000251797459568	0.0100140530204	0.0157713679067	0.00481817841551	0.000333461500509	0.00558037613096	7.14560358233e-05	1.70133418627e-05	0.0101331464134	0.00183744092117	0.0155501944625	0.00560419480957	0.00679853140833	0	0.00570967752912	0.000520608260998	0	0.00115350457829	0.000517205592626	0.00438944220057	0.00512782123741	0.0113206776754	3.40266837254e-05	0.000700949684743	0.00103100851688	0.049532643499	0	0.000258602796313	3.40266837254e-05	0	0.000343669505626	0	0	3.06240153528e-05	0.000108885387921	1.70133418627e-05	3.40266837254e-06	6.80533674508e-06	0	4.4234688843e-05	3.40266837254e-06	0	6.80533674508e-06	2.38186786078e-05	6.80533674508e-06	2.72213469803e-05	0.000170133418627	3.40266837254e-06	0	1.02080051176e-05	0.000830251082899	0	0.000173536086999	0.000180341423745	0.000833653751272	5.10400255881e-05	1.70133418627e-05	2.72213469803e-05	6.46506990782e-05	1.02080051176e-05	0.000262005464685	0.00259283329987	0.00100038450153	0.0349113775022	0.00194632630909	0.000163328081882	1.70133418627e-05	5.10400255881e-05	0.000319850827019	6.80533674508e-06	0.000112288056294	0.000132704066529	6.80533674508e-06	0.000102080051176	3.40266837254e-05
0	0	3.40266837254e-06	0	0	0	1.36106734902e-05	1.36106734902e-05	1.70133418627e-05	4.76373572155e-05	1.36106734902e-05	3.40266837254e-06	2.38186786078e-05	3.40266837254e-06	3.40266837254e-06	0	4.4234688843e-05	6.80533674508e-06	0	0	0	6.80533674508e-06	3.40266837254e-06	2.04160102352e-05	0.000170133418627	0	1.36106734902e-05	1.36106734902e-05	0.000176938755372	0	6.80533674508e-06	0	0	0	0	0.0332644860099	1.70133418627e-05	0.000231381449333	0	0.000425333546567	0	0.00112968589968	0.00792141197127	0.00607376304498	5.78453623331e-05	0.00207562770725	0.000728171031723	0.00736677702654	0.000418528209822	0.0220186670387	1.02080051176e-05	0.000231381449333	0.00346051373487	0.000843861756389	0.00253839060591	0.00706734220976	0.000894901781977	3.40266837254e-06	0.000758795047076	0.00308622021389	3.74293520979e-05	0.00288206011154	0.00024158945445	0.00569606685563	0.02517294062	0.0194836791012	0.000244992122823	3.40266837254e-06	0.001214752609	0.00463783699177	2.04160102352e-05	1.36106734902e-05	6.80533674508e-06	0	6.80533674508e-06	0	0	0.000796224399174	0.000176938755372	0.00443707955779	0.00071115768986	0.000207562770725	0.000146314740019	1.36106734902e-05
