0.0096333966333	0	0.000746725031382	0	0	0	1.28745695066e-05	0.00424217065242	0.000360487946184	0	0	6.43728475329e-06	0	0	0.0054845666098	0	1.28745695066e-05	0.000946280858734	0	9.01219865461e-05	0	0.000370143873314	0	0.000775692812772	9.65592712994e-06	0	0.000511764137887	0	4.18423508964e-05	0.0040651453217	0.00445460104928	0	0	8.04660594161e-05	0.000363706588561	0	0	0	0	0	0	0	0	0	0	0	0	0	0	0	0	0	0	0	0	0	0	0	0	0	0	0	0	0	0	0	0	0	0	0	3.21864237665e-06	0	0.000135182979819	2.57491390132e-05	6.43728475329e-06	9.65592712994e-06	0	0	0	0	0	0	0	0
0	0.0252116257363	9.9777913676e-05	0	0	0	0	0	0	0.00352119476005	0	3.21864237665e-06	0	0.00223373780939	0	0.000225304966365	0.00198590234639	0.000325082880041	0	6.43728475329e-06	0	0.000112652483183	0.00775370948534	0.000260710032508	0.0029354018475	0.00447391290354	0.00437735363224	0.0200939843574	3.21864237665e-06	0	6.43728475329e-06	3.21864237665e-06	0	0	4.5060993273e-05	0	0.0110817857028	6.43728475329e-06	0	3.21864237665e-06	0	3.21864237665e-06	3.21864237665e-06	0	0.000502108210757	0	0.000119089767936	3.54050661431e-05	0.000122308410313	3.21864237665e-06	0	0.000650165760082	1.93118542599e-05	0	0.000167369403586	9.65592712994e-06	6.43728475329e-06	0.00260066304033	0.000148057549326	0.000296115098651	0.000212430396859	0.000801441951785	0.0123306189449	1.60932118832e-05	0	0	3.21864237665e-06	0	0	0	0.000131964337442	0.000135182979819	2.57491390132e-05	1.60932118832e-05	0.000244616820625	0	6.43728475329e-06	4.82796356497e-05	0.000102996556053	3.21864237665e-06	0	0	0	0.000115871125559
0.000746725031382	9.9777913676e-05	0.0423154913258	0	9.65592712994e-06	3.21864237665e-06	0.0013647043677	0.00651131352795	0.00120377224887	3.21864237665e-06	2.57491390132e-05	0.000112652483183	9.65592712994e-06	7.72474170395e-05	0.00407480124883	0	0.000408767581834	0.0101644726254	9.01219865461e-05	0.000141620264572	4.18423508964e-05	0.0074415011748	0.000720975892369	0.023731050243	8.36847017928e-05	9.65592712994e-05	0.0129453796389	0.0209565805143	0.000148057549326	0.00220155138563	0.00268434774212	1.28745695066e-05	2.25304966365e-05	3.54050661431e-05	0.00406192667933	1.28745695066e-05	9.9777913676e-05	0	0	0	0	3.21864237665e-06	2.89677813898e-05	9.65592712994e-06	2.89677813898e-05	2.89677813898e-05	2.57491390132e-05	3.21864237665e-06	9.65592712994e-06	6.43728475329e-06	6.43728475329e-06	0.00436769770511	5.14982780263e-05	1.28745695066e-05	7.08101322862e-05	0	0.000263928674885	0.00482474492259	0.000814316521291	5.79355627796e-05	9.65592712994e-06	6.43728475329e-06	0.00152563648653	4.82796356497e-05	1.28745695066e-05	0	3.21864237665e-06	0	0	6.43728475329e-06	0.00471209243941	0.000366925230938	0.00707135730149	0.00437735363224	0.00218545817374	0.000534294634523	1.28745695066e-05	0.000373362515691	7.08101322862e-05	0.000180243973092	0.000167369403586	0	3.21864237665e-06	9.65592712994e-06
0	0	0	0	0	0	0	0	0	0	0	0	0	0	0	0	0	0	0	0	0	0	0	0	0	0	0	0	0	0	0	0	0	0	0	0	0	0	0	0	0	0	0	0	0	0	0	0	0	0	0	0	0	0	0	0	0	0	0	0	0	0	0	0	0	0	0	0	0	0	0	0	0	0	0	0	0	0	0	0	0	0	0	0
0	0	9.65592712994e-06	0	0.0141523705301	0	0.00160932118832	0.000112652483183	0.000704882680485	0.000331520164794	0.00126492645402	0.000247835463002	0.00311886446297	3.21864237665e-06	0.000727413177122	0.000656603044836	3.21864237665e-06	0	8.04660594161e-05	0.000189899900222	0.00357269303808	0	0	1.28745695066e-05	0.00950143229586	0	0.000222086323989	1.28745695066e-05	0.00515626508739	0.00268434774212	3.21864237665e-06	3.21864237665e-06	0	0.00122308410313	0.00207602433294	0	0	0	0	0.000711319965239	0	0.000202774469729	1.60932118832e-05	3.21864237665e-06	0.000408767581834	0.000215649039235	0	0.000331520164794	0	3.21864237665e-06	0	0	0	0	0	0.000254272747755	2.89677813898e-05	0	3.21864237665e-05	0.000112652483183	0	0	3.21864237665e-06	2.57491390132e-05	0	0	0	0	0	0	0.00050854549551	3.21864237665e-06	0.00175416009527	0.000759599600888	0.000347613376678	6.43728475329e-06	9.65592712994e-06	5.4716920403e-05	0	1.60932118832e-05	0	0.000138401622196	0	0
0	0	3.21864237665e-06	0	0	0.00404583346744	0.000376581158068	0	0.000102996556053	6.43728475329e-06	0	0.000437735363224	0	0.000102996556053	0.000299333741028	0.000344394734301	0	1.60932118832e-05	0.000144838906949	2.57491390132e-05	0	3.21864237665e-06	0	1.28745695066e-05	6.43728475329e-06	9.65592712994e-06	0.000421642151341	9.65592712994e-06	6.43728475329e-06	0.00147735685088	2.25304966365e-05	5.14982780263e-05	0.00335060671409	2.25304966365e-05	0.00160610254595	0	0	0	0	3.21864237665e-06	0	0	0	0	1.28745695066e-05	0	0	0	0	0	0	0	0	0	0	0	3.21864237665e-06	0	1.60932118832e-05	1.60932118832e-05	0	0	6.43728475329e-06	9.65592712994e-06	0	0	0	0	0	0	0.000408767581834	5.4716920403e-05	0.000672696256719	0.000402330297081	0.000869033441694	0.000354050661431	0.000209211754482	2.89677813898e-05	3.21864237665e-06	0	0	0	0	0
1.28745695066e-05	0	0.0013647043677	0	0.00160932118832	0.000376581158068	0.0401525636487	0.0049470533329	0.0146351668866	9.65592712994e-05	0.0125076442756	0.00150954327465	0.00673661849432	1.28745695066e-05	0.010331842029	0.0056776851524	3.21864237665e-05	0.000347613376678	0.000943062216357	0.000795004667031	0.00611220187325	0.00133251794393	0	0.00169622453249	0.00177347194953	0	0.00163828896971	3.21864237665e-06	0.00295471370176	0.0102932183205	0.000675914899096	9.65592712994e-06	0.00121020953362	0.00182818886993	0.00228201744504	0	0	0	0	9.65592712994e-06	0	3.21864237665e-06	3.21864237665e-06	0	6.43728475329e-06	3.21864237665e-06	0	0.000228523608742	0	0	0	0	0	0	0	0	0	0	0	3.21864237665e-06	0	0	0	3.21864237665e-06	0	0	0	0	0	0	0.000164150761209	6.43728475329e-06	0.00051820142264	0.000138401622196	0.000981685924877	4.82796356497e-05	9.65592712994e-06	1.60932118832e-05	0	3.21864237665e-06	0	3.21864237665e-06	0	0
0.00424217065242	0	0.00651131352795	0	0.000112652483183	0	0.0049470533329	0.0486658727349	0.00626025942258	0	0.00281309343719	7.08101322862e-05	1.28745695066e-05	0	0.012015191992	0.000366925230938	7.08101322862e-05	0.00458012810197	5.79355627796e-05	5.4716920403e-05	0.000244616820625	0.0117287328205	0	0.0113006533844	0.000659821687212	0	0.00426470114906	5.79355627796e-05	0.0122726833821	0.0117222955357	0.0175737873765	0	6.43728475329e-05	0.00657568637549	0.0020953361872	0	0	0	0	0	0	0	3.54050661431e-05	0	3.21864237665e-06	3.21864237665e-06	0	0	0	0	0	0	0	0	0	3.21864237665e-06	0	0	0	8.04660594161e-05	0	0	0	7.40287746628e-05	0	0	0	0	0	0	5.79355627796e-05	3.21864237665e-06	0.00177990923428	0.000476359071744	0.000109433840806	4.82796356497e-05	0	9.65592712994e-06	0	0	0	6.43728475329e-06	0	0
0.000360487946184	0	0.00120377224887	0	0.000704882680485	0.000102996556053	0.0146351668866	0.00626025942258	0.0315105088674	6.43728475329e-06	0.00607035952235	0.000170588045962	0.000418423508964	0	0.0171489265828	0.00224983102128	0.000122308410313	0.000502108210757	0.000154494834079	0.000154494834079	0.00190865492935	0.000836847017928	0	0.0015159805594	0.00166081946635	0	0.000914094434967	9.65592712994e-06	0.00247191734526	0.00744793845956	0.0021500531076	0	0.000865814799318	0.00131642473205	0.000766036885642	0	0	0	0	3.21864237665e-06	0	0	0	0	4.18423508964e-05	0	0	6.43728475329e-06	0	0	0	0	0	0	0	0	0	0	0	0.000170588045962	0	0	0	1.93118542599e-05	0	0	0	0	0	0	0.000241398178248	0	0.000646947117706	0.000128745695066	0.000228523608742	2.57491390132e-05	2.25304966365e-05	9.65592712994e-06	0	0	0	9.65592712994e-06	0	0
0	0.00352119476005	3.21864237665e-06	0	0.000331520164794	6.43728475329e-06	9.65592712994e-05	0	6.43728475329e-06	0.0237600180244	0	6.43728475329e-06	0.00143551449998	0.000975248640124	2.57491390132e-05	0.00273262737777	0.000399111654704	1.93118542599e-05	6.43728475329e-06	6.43728475329e-06	0.000131964337442	2.89677813898e-05	0.00559400045061	2.89677813898e-05	0.0144259551321	0.00149666870514	6.43728475329e-06	0.00223051916702	0.00187003122083	0.000202774469729	0.000196337184975	0	6.43728475329e-06	0.000189899900222	0.000196337184975	0	3.21864237665e-06	0	0	0.00171231774438	0	0.000186681257845	3.21864237665e-06	9.65592712994e-06	0.00975570504361	0.000560043773536	4.82796356497e-05	0.00123595867263	4.5060993273e-05	6.43728475329e-06	1.28745695066e-05	1.28745695066e-05	0	0	0	0.00104284013003	0	3.86237085197e-05	0	0.00722585213557	4.82796356497e-05	0	1.28745695066e-05	0.00436447906273	0	0	0	0	0	0	0.000720975892369	3.86237085197e-05	0.000170588045962	0.000170588045962	0.00412308088448	0	0	0.000180243973092	9.65592712994e-06	0	0	8.69033441694e-05	0	4.82796356497e-05
0	0	2.57491390132e-05	0	0.00126492645402	0	0.0125076442756	0.00281309343719	0.00607035952235	0	0.0239724484213	0.000257491390132	0.00280987479481	0	0.00218223953137	0.00112008754707	0	1.93118542599e-05	0.000131964337442	0.000202774469729	0.00862274292703	1.28745695066e-05	0	2.25304966365e-05	0.00178634651904	0	0.000244616820625	3.21864237665e-06	0.00492130419389	0.00364994045512	3.21864237665e-05	0	5.79355627796e-05	0.000308989668158	0.00138401622196	0	0	0	0	0	0	0	0	0	0	0	0	0	0	0	0	0	0	0	0	0	0	0	0	0	0	0	0	0	0	0	0	0	0	0	1.93118542599e-05	0	0.000772474170395	0.000463484502237	1.93118542599e-05	3.21864237665e-06	3.21864237665e-06	3.21864237665e-06	0	0	0	0	0	0
6.43728475329e-06	3.21864237665e-06	0.000112652483183	0	0.000247835463002	0.000437735363224	0.00150954327465	7.08101322862e-05	0.000170588045962	6.43728475329e-06	0.000257491390132	0.0248318259358	0.0034310727735	0.00289999678136	0.004409540056	0.000312208310535	3.21864237665e-06	0.000106215198429	0.00697479803019	0.00782130097525	0.0032250796614	3.54050661431e-05	3.21864237665e-06	0.000128745695066	0.000910875792591	4.82796356497e-05	0.013698541955	0.000154494834079	0.000193118542599	0.0141523705301	0.000164150761209	0.00118767903698	0.00208246161769	0.000170588045962	0.01709099102	0	0	0	0	5.4716920403e-05	0	1.28745695066e-05	4.82796356497e-05	6.43728475329e-06	0.000308989668158	1.28745695066e-05	9.65592712994e-06	0.000318645595288	1.28745695066e-05	0	6.43728475329e-06	9.65592712994e-06	0	0	6.43728475329e-06	9.65592712994e-06	3.21864237665e-06	3.21864237665e-06	0	0.00206958704818	9.65592712994e-06	3.21864237665e-06	6.43728475329e-06	0.00102674691815	0	0	0	0	0	0	0.000984904567254	0.000366925230938	0.000920531719721	8.36847017928e-05	1.60932118832e-05	0	9.65592712994e-06	0.000263928674885	1.93118542599e-05	0	0	0.000135182979819	0	6.43728475329e-06
0	0	9.65592712994e-06	0	0.00311886446297	0	0.00673661849432	1.28745695066e-05	0.000418423508964	0.00143551449998	0.00280987479481	0.0034310727735	0.0307670024784	3.21864237665e-06	0.00323151694615	0.00233673436544	3.21864237665e-06	2.25304966365e-05	0.00162863304258	0.00230776658405	0.0135858894718	9.65592712994e-06	0	9.65592712994e-06	0.00475393479031	0	0.00261031896746	1.60932118832e-05	0.000202774469729	0.0105410537835	2.25304966365e-05	0	0	1.60932118832e-05	0.00533650906048	0	0	0	0	8.36847017928e-05	0	5.79355627796e-05	0	0	0.000170588045962	9.65592712994e-06	0	0.00292252727799	0	0	0	0	0	0	0	6.11542051563e-05	0	0	3.21864237665e-06	6.43728475329e-06	0	0	6.43728475329e-06	6.43728475329e-06	0	0	0	0	0	0	0.000492452283627	9.65592712994e-06	0.000926969004474	0.000151276191702	0.00118124175223	3.21864237665e-06	1.28745695066e-05	6.43728475329e-06	0	6.43728475329e-06	0	9.33406289227e-05	0	0
0	0.00223373780939	7.72474170395e-05	0	3.21864237665e-06	0.000102996556053	1.28745695066e-05	0	0	0.000975248640124	0	0.00289999678136	3.21864237665e-06	0.0270205027519	0.000386237085197	3.21864237665e-06	0.000199555827352	9.65592712994e-06	3.86237085197e-05	9.65592712994e-06	3.21864237665e-06	6.43728475329e-06	0.00166403810873	3.54050661431e-05	0.000173806688339	0.011793105668	0.00497602111429	0.00966236441469	6.43728475329e-06	0.00143551449998	0	0.00739322153915	0.000933406289227	3.21864237665e-06	0.00186681257845	1.93118542599e-05	0.000679133541472	0	0	3.21864237665e-06	0	0.000186681257845	8.04660594161e-05	0.000189899900222	0.000205993112105	7.72474170395e-05	0.00308024075445	2.89677813898e-05	0.00343751005826	9.33406289227e-05	0	0.000164150761209	0	0.00048923364125	0.000914094434967	9.65592712994e-06	0	0.000473140429367	0	2.25304966365e-05	0.00390743184525	0.00594805111204	0.00276803244392	9.65592712994e-06	9.65592712994e-06	0	0.00103962148766	3.21864237665e-06	0	0.000624416621069	0.000885126653578	0.00164794489684	0.000183462615469	5.14982780263e-05	1.60932118832e-05	0	0.000135182979819	3.21864237665e-06	0.00261031896746	0.000421642151341	3.21864237665e-06	3.21864237665e-06	2.25304966365e-05	0.000888345295954
0.0054845666098	0	0.00407480124883	0	0.000727413177122	0.000299333741028	0.010331842029	0.012015191992	0.0171489265828	2.57491390132e-05	0.00218223953137	0.004409540056	0.00323151694615	0.000386237085197	0.0583668608581	0.00403617754031	0.000775692812772	0.00429045028807	0.00227236151791	0.00170266181725	0.00379156071969	0.00299655605266	0	0.00432907399659	0.00227879880267	0	0.005375132769	0.000267147317262	0.00359522353471	0.0358202710097	0.0152209597992	0.000167369403586	0.00203740062442	0.00304483568831	0.00942096623644	0	3.21864237665e-06	0	0	4.5060993273e-05	0	0.000164150761209	2.25304966365e-05	6.11542051563e-05	0.000231742251118	7.72474170395e-05	0	0.000212430396859	0	0	9.65592712994e-06	9.65592712994e-06	0	0	6.43728475329e-06	4.82796356497e-05	0	0	0	0.000891563938331	0	0	3.21864237665e-06	0.000260710032508	0	0	0	0	0	3.21864237665e-06	0.00172841095626	7.40287746628e-05	0.00410055038785	0.00125527052689	0.00057613698542	9.65592712994e-05	0.000231742251118	8.69033441694e-05	9.65592712994e-06	0.000157713476456	0.000154494834079	4.5060993273e-05	2.25304966365e-05	0
0	0.000225304966365	0	0	0.000656603044836	0.000344394734301	0.0056776851524	0.000366925230938	0.00224983102128	0.00273262737777	0.00112008754707	0.000312208310535	0.00233673436544	3.21864237665e-06	0.00403617754031	0.0123402748721	3.21864237665e-06	0	0.000209211754482	6.11542051563e-05	0.00143873314236	0	0.000148057549326	3.21864237665e-06	0.00241398178248	0	0.000205993112105	6.75914899096e-05	0.000486014998873	0.00369178280601	9.65592712994e-06	3.21864237665e-06	0.000614760693939	9.01219865461e-05	0.00046026585986	0	0	0	0	8.04660594161e-05	0	9.65592712994e-06	6.43728475329e-06	3.21864237665e-06	8.69033441694e-05	3.21864237665e-06	0	4.5060993273e-05	0	0	0	0	0	0	0	3.21864237665e-06	1.28745695066e-05	0	1.28745695066e-05	0.000444172647977	0	0	0	8.69033441694e-05	0	0	0	0	0	0	0.000746725031382	0	0.000148057549326	9.01219865461e-05	0.00570021564904	2.89677813898e-05	3.21864237665e-06	8.69033441694e-05	0	3.21864237665e-06	0	3.86237085197e-05	0	0
1.28745695066e-05	0.00198590234639	0.000408767581834	0	3.21864237665e-06	0	3.21864237665e-05	7.08101322862e-05	0.000122308410313	0.000399111654704	0	3.21864237665e-06	3.21864237665e-06	0.000199555827352	0.000775692812772	3.21864237665e-06	0.024645144678	8.69033441694e-05	6.43728475329e-06	0.000148057549326	3.21864237665e-06	0.00394605555377	0.0086130869999	0.00539122598088	0.00696192346068	0.00048923364125	0.000186681257845	0.00674305577907	0.000337957449548	0.00118767903698	0.00300943062216	0	0	0.000160932118832	0.00177025330716	0	0.000231742251118	0	0	0	0	9.65592712994e-06	0	0	0.00260066304033	0	1.60932118832e-05	9.65592712994e-06	1.60932118832e-05	0	1.28745695066e-05	0.00926003411761	1.60932118832e-05	0	0	0	3.54050661431e-05	0.00803051272973	9.01219865461e-05	0.00391708777238	1.93118542599e-05	1.28745695066e-05	0.000321864237665	0.003418198204	0	0	0	0	0	0	0.00148057549326	0.000457047217484	0.000360487946184	0.000115871125559	5.79355627796e-05	9.65592712994e-06	3.21864237665e-06	8.69033441694e-05	4.18423508964e-05	3.21864237665e-06	9.65592712994e-06	0	0	1.60932118832e-05
0.000946280858734	0.000325082880041	0.0101644726254	0	0	1.60932118832e-05	0.000347613376678	0.00458012810197	0.000502108210757	1.93118542599e-05	1.93118542599e-05	0.000106215198429	2.25304966365e-05	9.65592712994e-06	0.00429045028807	0	8.69033441694e-05	0.0423187099681	4.18423508964e-05	0.00495027197528	6.43728475329e-05	0.00564228008626	0	0.0157166307252	0.000109433840806	0	0.0183526988316	0.00600276803244	0.000682352183849	0.00223373780939	0.00918278670057	9.65592712994e-06	1.93118542599e-05	0.000186681257845	0.012980784705	3.21864237665e-06	0.000421642151341	6.43728475329e-06	0	0	0	3.21864237665e-06	1.28745695066e-05	6.43728475329e-06	1.28745695066e-05	1.60932118832e-05	0	6.43728475329e-06	0	0	3.21864237665e-06	3.21864237665e-05	0.000569699700666	0	0.000215649039235	3.21864237665e-06	6.43728475329e-05	0	6.75914899096e-05	0.000115871125559	0	0.00051820142264	0.00440632141363	3.86237085197e-05	6.43728475329e-06	0	0	0	0	0	0.00210177347195	0.000428079436094	0.00707135730149	0.00369822009077	0.00176059738003	0.000753162316135	2.57491390132e-05	0.000247835463002	0.000598667482056	4.18423508964e-05	7.72474170395e-05	0	3.21864237665e-06	0
0	0	9.01219865461e-05	0	8.04660594161e-05	0.000144838906949	0.000943062216357	5.79355627796e-05	0.000154494834079	6.43728475329e-06	0.000131964337442	0.00697479803019	0.00162863304258	3.86237085197e-05	0.00227236151791	0.000209211754482	6.43728475329e-06	4.18423508964e-05	0.0105056487174	0.0033216389327	0.00130998744729	3.54050661431e-05	0	9.65592712994e-05	5.79355627796e-05	2.89677813898e-05	0.00718400978467	0.000299333741028	4.18423508964e-05	0.00557146995397	0.000122308410313	2.57491390132e-05	0.000486014998873	0.000106215198429	0.00582252405935	0	5.14982780263e-05	0	0	1.28745695066e-05	0	3.21864237665e-06	3.21864237665e-06	0	6.75914899096e-05	3.21864237665e-06	3.21864237665e-06	5.79355627796e-05	0	0	0	0	0	6.75914899096e-05	0.000128745695066	3.21864237665e-06	6.43728475329e-06	0	3.21864237665e-06	0.00056648105829	3.21864237665e-06	0.000247835463002	0.000115871125559	0.000115871125559	0	0	0	0	0	0	0.00173162959864	0.00102996556053	0.000312208310535	9.9777913676e-05	1.28745695066e-05	0	0	4.5060993273e-05	9.33406289227e-05	0	3.21864237665e-06	2.57491390132e-05	0	0
9.01219865461e-05	6.43728475329e-06	0.000141620264572	0	0.000189899900222	2.57491390132e-05	0.000795004667031	5.4716920403e-05	0.000154494834079	6.43728475329e-06	0.000202774469729	0.00782130097525	0.00230776658405	9.65592712994e-06	0.00170266181725	6.11542051563e-05	0.000148057549326	0.00495027197528	0.0033216389327	0.0245035244134	0.00230776658405	0.00046992178699	0	0.000611542051563	0.0010331842029	4.5060993273e-05	0.0174579162509	0.00094949950111	0.000189899900222	0.00622163571406	0.00119411632174	9.65592712994e-06	5.79355627796e-05	5.4716920403e-05	0.0127747915929	0	2.25304966365e-05	1.28745695066e-05	0	3.54050661431e-05	0	9.65592712994e-06	5.4716920403e-05	6.43728475329e-06	0.000260710032508	1.60932118832e-05	0	0.000196337184975	0	6.43728475329e-06	6.43728475329e-06	1.28745695066e-05	4.82796356497e-05	1.28745695066e-05	0.000286459171521	3.21864237665e-06	3.86237085197e-05	0	1.60932118832e-05	0.00121986546075	0	0.000563262415913	0.000225304966365	0.000798223309408	3.21864237665e-06	0	0	0	0	0	0.0042582638643	0.00269400366925	0.00268434774212	0.000466703144614	4.5060993273e-05	6.43728475329e-06	1.28745695066e-05	0.000247835463002	0.00046992178699	9.65592712994e-06	9.65592712994e-06	0.000102996556053	0	0
0	0	4.18423508964e-05	0	0.00357269303808	0	0.00611220187325	0.000244616820625	0.00190865492935	0.000131964337442	0.00862274292703	0.0032250796614	0.0135858894718	3.21864237665e-06	0.00379156071969	0.00143873314236	3.21864237665e-06	6.43728475329e-05	0.00130998744729	0.00230776658405	0.0252953104381	1.60932118832e-05	0	3.21864237665e-05	0.00447391290354	0	0.002452605491	1.60932118832e-05	0.00345360327014	0.012655701825	3.21864237665e-05	0	7.72474170395e-05	0.000598667482056	0.00699410988445	0	0	0	0	0.000154494834079	0	6.43728475329e-06	6.43728475329e-06	3.21864237665e-06	1.60932118832e-05	6.43728475329e-06	0	0.0012263027455	0	0	0	0	0	0	0	9.65592712994e-06	0	0	3.21864237665e-06	6.43728475329e-06	0	0	6.43728475329e-06	9.65592712994e-06	0	0	0	0	0	0	0.000241398178248	9.65592712994e-06	0.0024944478419	0.0011297434742	0.000193118542599	6.43728475329e-06	3.86237085197e-05	6.43728475329e-06	0	3.21864237665e-06	0	9.65592712994e-06	0	0
0.000370143873314	0.000112652483183	0.0074415011748	0	0	3.21864237665e-06	0.00133251794393	0.0117287328205	0.000836847017928	2.89677813898e-05	1.28745695066e-05	3.54050661431e-05	9.65592712994e-06	6.43728475329e-06	0.00299655605266	0	0.00394605555377	0.00564228008626	3.54050661431e-05	0.00046992178699	1.60932118832e-05	0.0589269046316	0.00135182979819	0.0416588882809	0.000643728475329	9.65592712994e-06	0.00467025008851	0.000627635263446	0.00643728475329	0.00353728797193	0.0190253950884	0	1.60932118832e-05	0.000276803244392	0.00729344362548	0	9.65592712994e-06	3.21864237665e-06	0	0	0	0	1.93118542599e-05	0	0.00164794489684	3.21864237665e-06	0	3.21864237665e-06	0	0	0	0.00270687823876	2.57491390132e-05	0	6.43728475329e-06	0	3.86237085197e-05	0.00507258038559	4.82796356497e-05	0.00447713154591	0	1.28745695066e-05	0.000193118542599	0.00536547684187	0	0	0	0	0	0	0.00238179535872	0.000720975892369	0.00321864237665	0.00100743506389	0.000305771025781	0.000135182979819	2.25304966365e-05	8.04660594161e-05	3.54050661431e-05	6.43728475329e-06	1.60932118832e-05	0	0	0
0	0.00775370948534	0.000720975892369	0	0	0	0	0	0	0.00559400045061	0	3.21864237665e-06	0	0.00166403810873	0	0.000148057549326	0.0086130869999	0	0	0	0	0.00135182979819	0.026705075799	0.00347613376678	0.00686536418938	0.00295471370176	1.93118542599e-05	0.0119282886478	2.25304966365e-05	0	0	1.60932118832e-05	0	0	3.21864237665e-06	0	0.00102352827577	0	0	6.43728475329e-06	0	3.86237085197e-05	3.21864237665e-06	1.93118542599e-05	0.00295793234414	6.43728475329e-06	0.000144838906949	6.11542051563e-05	0.00054716920403	0	3.21864237665e-06	0.00695548617593	0	0	0	2.25304966365e-05	3.21864237665e-06	0.00998101000998	6.11542051563e-05	0.00392030641475	0.00094949950111	0.000283240529145	0.00261031896746	0.00255560204706	0	0	0	0	0	3.86237085197e-05	0	6.11542051563e-05	3.21864237665e-06	0	0.000170588045962	0	3.21864237665e-06	2.89677813898e-05	8.04660594161e-05	4.82796356497e-05	0	0	0	0.000122308410313
0.000775692812772	0.000260710032508	0.023731050243	0	1.28745695066e-05	1.28745695066e-05	0.00169622453249	0.0113006533844	0.0015159805594	2.89677813898e-05	2.25304966365e-05	0.000128745695066	9.65592712994e-06	3.54050661431e-05	0.00432907399659	3.21864237665e-06	0.00539122598088	0.0157166307252	9.65592712994e-05	0.000611542051563	3.21864237665e-05	0.0416588882809	0.00347613376678	0.0903601660819	0.000254272747755	2.89677813898e-05	0.00871930219833	0.018629502076	0.00302230519167	0.00414239273874	0.012707200103	1.28745695066e-05	2.89677813898e-05	0.000463484502237	0.012382117223	1.28745695066e-05	2.25304966365e-05	9.65592712994e-06	0	0	0	9.65592712994e-06	5.14982780263e-05	1.28745695066e-05	0.000840065660304	6.11542051563e-05	4.5060993273e-05	6.43728475329e-06	3.21864237665e-06	6.43728475329e-06	3.21864237665e-06	0.0089993240851	0.000115871125559	4.18423508964e-05	0.000128745695066	0	0.000251054105378	0.0108114197432	0.000753162316135	0.00498245839905	3.21864237665e-06	1.28745695066e-05	0.000415204866587	0.00451575525443	2.57491390132e-05	0	0	0	0	6.43728475329e-06	0.00877723776111	0.00163828896971	0.0152402716534	0.00920531719721	0.00363384724323	0.0013228620168	3.86237085197e-05	0.000717757249992	0.000109433840806	0.000270365959638	0.000273584602015	3.21864237665e-06	9.65592712994e-06	3.21864237665e-06
9.65592712994e-06	0.0029354018475	8.36847017928e-05	0	0.00950143229586	6.43728475329e-06	0.00177347194953	0.000659821687212	0.00166081946635	0.0144259551321	0.00178634651904	0.000910875792591	0.00475393479031	0.000173806688339	0.00227879880267	0.00241398178248	0.00696192346068	0.000109433840806	5.79355627796e-05	0.0010331842029	0.00447391290354	0.000643728475329	0.00686536418938	0.000254272747755	0.0557629791754	0.000640509832952	0.0011297434742	0.0025362901928	0.0135891081142	0.00927612732949	0.00262319353697	3.21864237665e-06	3.21864237665e-06	0.00351153883292	0.0082558176961	0	6.75914899096e-05	0	0	0.00288390356947	0	0.000543950561653	0.000125527052689	6.75914899096e-05	0.0130612507644	0.00350188290579	9.65592712994e-06	0.00193762271074	6.43728475329e-06	1.60932118832e-05	3.21864237665e-06	5.4716920403e-05	1.60932118832e-05	0	0	0.00282918664907	5.14982780263e-05	0.000666258971966	6.43728475329e-05	0.0121535936142	1.28745695066e-05	1.60932118832e-05	0.000148057549326	0.01030609289	0	0	0	0	0	0	0.00326048472754	0.000395893012327	0.00475393479031	0.00202130741253	0.00300299333741	3.21864237665e-05	4.18423508964e-05	0.000605104766809	2.89677813898e-05	1.60932118832e-05	1.28745695066e-05	0.000212430396859	0	1.28745695066e-05
0	0.00447391290354	9.65592712994e-05	0	0	9.65592712994e-06	0	0	0	0.00149666870514	0	4.82796356497e-05	0	0.011793105668	0	0	0.00048923364125	0	2.89677813898e-05	4.5060993273e-05	0	9.65592712994e-06	0.00295471370176	2.89677813898e-05	0.000640509832952	0.0197978692587	0.000756380958512	0.0147478193698	3.21864237665e-06	8.69033441694e-05	0	0.00190865492935	6.75914899096e-05	0	0.000135182979819	1.60932118832e-05	0.0038591522096	0	0	3.21864237665e-06	0	0.000164150761209	6.11542051563e-05	0.000167369403586	0.000170588045962	5.79355627796e-05	0.00177025330716	3.54050661431e-05	0.00209855482957	9.01219865461e-05	0	0.000354050661431	0	0.000102996556053	0.000308989668158	9.65592712994e-06	0	0.00057613698542	0	3.21864237665e-05	0.00455437896295	0.00568734107953	0.00467346873089	6.43728475329e-06	9.65592712994e-06	0	0.000560043773536	3.21864237665e-06	0	0.000383018442821	0	9.33406289227e-05	0	0	3.21864237665e-06	0	9.01219865461e-05	3.21864237665e-06	0.000965592712994	0.000386237085197	3.21864237665e-06	0	6.43728475329e-06	0.000627635263446
0.000511764137887	0.00437735363224	0.0129453796389	0	0.000222086323989	0.000421642151341	0.00163828896971	0.00426470114906	0.000914094434967	6.43728475329e-06	0.000244616820625	0.013698541955	0.00261031896746	0.00497602111429	0.005375132769	0.000205993112105	0.000186681257845	0.0183526988316	0.00718400978467	0.0174579162509	0.002452605491	0.00467025008851	1.93118542599e-05	0.00871930219833	0.0011297434742	0.000756380958512	0.0933470662075	0.0246161768966	0.000280021886768	0.0112105313979	0.00218867681612	0.00412951816924	0.00134861115581	0.000122308410313	0.0152209597992	6.43728475329e-06	0.00455116032058	0.000186681257845	0	3.86237085197e-05	0	3.86237085197e-05	7.72474170395e-05	3.54050661431e-05	0.000315426952911	3.54050661431e-05	0.000315426952911	0.000183462615469	5.79355627796e-05	2.25304966365e-05	6.43728475329e-06	4.82796356497e-05	0.000656603044836	0.000920531719721	0.00338923042261	3.21864237665e-06	5.79355627796e-05	2.89677813898e-05	6.75914899096e-05	0.00150632463227	0.000331520164794	0.00780520776337	0.00896391901896	0.00094949950111	6.43728475329e-06	0	0.000289677813898	0	0	5.79355627796e-05	0.00822363127233	0.00559400045061	0.00418101644726	0.00152885512891	0.000318645595288	0.000157713476456	3.54050661431e-05	0.000663040329589	0.00331842029032	9.33406289227e-05	3.54050661431e-05	0.000119089767936	3.21864237665e-06	2.25304966365e-05
0	0.0200939843574	0.0209565805143	0	1.28745695066e-05	9.65592712994e-06	3.21864237665e-06	5.79355627796e-05	9.65592712994e-06	0.00223051916702	3.21864237665e-06	0.000154494834079	1.60932118832e-05	0.00966236441469	0.000267147317262	6.75914899096e-05	0.00674305577907	0.00600276803244	0.000299333741028	0.00094949950111	1.60932118832e-05	0.000627635263446	0.0119282886478	0.018629502076	0.0025362901928	0.0147478193698	0.0246161768966	0.112507644276	3.54050661431e-05	0.000457047217484	0.000231742251118	0.000943062216357	4.82796356497e-05	4.5060993273e-05	0.00210177347195	1.60932118832e-05	0.0132479320223	0.000128745695066	0	6.43728475329e-06	0	4.5060993273e-05	3.21864237665e-05	5.14982780263e-05	0.000630853905823	4.82796356497e-05	0.000656603044836	5.14982780263e-05	0.00120377224887	3.21864237665e-05	9.65592712994e-06	0.0135987640413	6.43728475329e-05	0.000122308410313	0.00156104155267	1.28745695066e-05	0.000318645595288	0.0169010911198	0.00227879880267	0.000550387846406	0.00286459171521	0.00669155750105	0.024841481863	9.65592712994e-05	1.60932118832e-05	0	0.000363706588561	0	0	0.000106215198429	0.0109176349416	0.000943062216357	0.00754771637323	0.00444172647977	0.00116514854035	0.000177025330716	1.28745695066e-05	0.000524638707393	0.00113618075896	0.000337957449548	0.000205993112105	3.21864237665e-06	6.43728475329e-06	0.000318645595288
4.18423508964e-05	3.21864237665e-06	0.000148057549326	0	0.00515626508739	6.43728475329e-06	0.00295471370176	0.0122726833821	0.00247191734526	0.00187003122083	0.00492130419389	0.000193118542599	0.000202774469729	6.43728475329e-06	0.00359522353471	0.000486014998873	0.000337957449548	0.000682352183849	4.18423508964e-05	0.000189899900222	0.00345360327014	0.00643728475329	2.25304966365e-05	0.00302230519167	0.0135891081142	3.21864237665e-06	0.000280021886768	3.54050661431e-05	0.0469696482024	0.0140010943384	0.0118961022241	3.21864237665e-06	6.43728475329e-06	0.00965914577231	0.0080626991535	0	0	0	0	0.00125205188452	0	4.18423508964e-05	0.000733850461875	1.60932118832e-05	0.00458012810197	0.00274872058966	3.21864237665e-06	0.000154494834079	3.21864237665e-06	0	3.21864237665e-06	6.43728475329e-06	0	0	3.21864237665e-06	0.000798223309408	4.5060993273e-05	0	5.14982780263e-05	0.00848755994721	3.21864237665e-06	3.21864237665e-06	1.60932118832e-05	0.00634394412437	0	0	0	0	0	0	0.00135182979819	6.43728475329e-06	0.00637291190576	0.00354694389906	0.000869033441694	4.5060993273e-05	2.57491390132e-05	0.000292896456275	9.65592712994e-06	6.43728475329e-06	0	8.69033441694e-05	0	3.21864237665e-06
0.0040651453217	0	0.00220155138563	0	0.00268434774212	0.00147735685088	0.0102932183205	0.0117222955357	0.00744793845956	0.000202774469729	0.00364994045512	0.0141523705301	0.0105410537835	0.00143551449998	0.0358202710097	0.00369178280601	0.00118767903698	0.00223373780939	0.00557146995397	0.00622163571406	0.012655701825	0.00353728797193	0	0.00414239273874	0.00927612732949	8.69033441694e-05	0.0112105313979	0.000457047217484	0.0140010943384	0.0818597315652	0.0239821043484	0.000492452283627	0.00412951816924	0.0189899900222	0.0348546782967	0	3.21864237665e-06	0	0	0.000302552383405	0	0.000827191090798	0.000125527052689	0.000640509832952	0.00118446039461	0.000131964337442	6.43728475329e-06	0.000930187646851	2.25304966365e-05	1.93118542599e-05	0.000411986224211	2.25304966365e-05	3.21864237665e-06	0	6.43728475329e-06	8.36847017928e-05	4.5060993273e-05	0	5.4716920403e-05	0.00491164826676	9.65592712994e-06	3.21864237665e-06	3.54050661431e-05	0.00200521420065	0	0	0	0	0	3.21864237665e-06	0.0058160867746	0.000225304966365	0.0157584730761	0.00697157938781	0.0011715858251	0.000144838906949	0.00054716920403	0.000991341852007	3.21864237665e-05	0.000164150761209	0.000154494834079	0.000521420065017	2.57491390132e-05	6.43728475329e-06
0.00445460104928	6.43728475329e-06	0.00268434774212	0	3.21864237665e-06	2.25304966365e-05	0.000675914899096	0.0175737873765	0.0021500531076	0.000196337184975	3.21864237665e-05	0.000164150761209	2.25304966365e-05	0	0.0152209597992	9.65592712994e-06	0.00300943062216	0.00918278670057	0.000122308410313	0.00119411632174	3.21864237665e-05	0.0190253950884	0	0.012707200103	0.00262319353697	0	0.00218867681612	0.000231742251118	0.0118961022241	0.0239821043484	0.0606038173099	0	0	0.0137275097364	0.0157037561557	0	6.43728475329e-06	0	0	0.000164150761209	0	0.000305771025781	3.21864237665e-06	0.000296115098651	0.000540731919276	0	3.21864237665e-06	9.65592712994e-06	0	0	0.000202774469729	0	2.25304966365e-05	3.21864237665e-06	0	3.21864237665e-06	3.21864237665e-05	0	2.89677813898e-05	0.00149345006276	0	6.43728475329e-06	0.000180243973092	0.000347613376678	0	0	0	0	0	0	0.00332485757507	0.000360487946184	0.00743828253243	0.00395893012327	0.000766036885642	0.000186681257845	6.43728475329e-06	0.000238179535872	9.65592712994e-06	3.21864237665e-06	1.93118542599e-05	7.72474170395e-05	0	0
0	3.21864237665e-06	1.28745695066e-05	0	3.21864237665e-06	5.14982780263e-05	9.65592712994e-06	0	0	0	0	0.00118767903698	0	0.00739322153915	0.000167369403586	3.21864237665e-06	0	9.65592712994e-06	2.57491390132e-05	9.65592712994e-06	0	0	1.60932118832e-05	1.28745695066e-05	3.21864237665e-06	0.00190865492935	0.00412951816924	0.000943062216357	3.21864237665e-06	0.000492452283627	0	0.00819466349094	0.000228523608742	3.21864237665e-06	0.000572918343043	1.60932118832e-05	6.43728475329e-05	0	0	0	0	0.000106215198429	6.43728475329e-05	0.000109433840806	3.21864237665e-05	6.43728475329e-05	0.000849721587434	0	0.000280021886768	5.14982780263e-05	0	3.21864237665e-06	0	0.00046026585986	0.0005375132769	0	0	4.82796356497e-05	0	0	0.000840065660304	0.00320576780714	0.000444172647977	6.43728475329e-06	3.21864237665e-06	0	0.000466703144614	0	0	0.000202774469729	0.000624416621069	0.000894782580707	3.86237085197e-05	2.25304966365e-05	9.65592712994e-06	0	3.21864237665e-06	6.43728475329e-06	0.000862596156941	0.000212430396859	0	0	3.21864237665e-06	9.65592712994e-05
0	0	2.25304966365e-05	0	0	0.00335060671409	0.00121020953362	6.43728475329e-05	0.000865814799318	6.43728475329e-06	5.79355627796e-05	0.00208246161769	0	0.000933406289227	0.00203740062442	0.000614760693939	0	1.93118542599e-05	0.000486014998873	5.79355627796e-05	7.72474170395e-05	1.60932118832e-05	0	2.89677813898e-05	3.21864237665e-06	6.75914899096e-05	0.00134861115581	4.82796356497e-05	6.43728475329e-06	0.00412951816924	0	0.000228523608742	0.00883517332389	3.21864237665e-06	0.00379477936207	0	0	0	0	0	0	0	0	0	0	0	6.43728475329e-06	0	2.25304966365e-05	0	0	0	0	0	0	0	0	0	0	6.43728475329e-06	6.43728475329e-06	0	0	0	0	0	0	0	0	0	0.000675914899096	0.000144838906949	0.000894782580707	0.000392674369951	0.00054716920403	0.000308989668158	0.000228523608742	0	0	0	0	0	0	6.43728475329e-06
8.04660594161e-05	0	3.54050661431e-05	0	0.00122308410313	2.25304966365e-05	0.00182818886993	0.00657568637549	0.00131642473205	0.000189899900222	0.000308989668158	0.000170588045962	1.60932118832e-05	3.21864237665e-06	0.00304483568831	9.01219865461e-05	0.000160932118832	0.000186681257845	0.000106215198429	5.4716920403e-05	0.000598667482056	0.000276803244392	0	0.000463484502237	0.00351153883292	0	0.000122308410313	4.5060993273e-05	0.00965914577231	0.0189899900222	0.0137275097364	3.21864237665e-06	3.21864237665e-06	0.0211432617722	0.0100550387846	0	0	0	0	0.000157713476456	0	0.000160932118832	1.28745695066e-05	0.000148057549326	0.000521420065017	1.28745695066e-05	3.21864237665e-06	6.43728475329e-06	0	0	7.72474170395e-05	3.21864237665e-06	0	3.21864237665e-06	0	9.65592712994e-06	4.18423508964e-05	0	4.82796356497e-05	0.00120377224887	0	0	1.93118542599e-05	0.000325082880041	0	0	0	0	0	0	0.00151919920178	0	0.00800154494834	0.00493739740577	0.000630853905823	2.89677813898e-05	1.28745695066e-05	0.000228523608742	3.21864237665e-06	9.65592712994e-06	3.21864237665e-06	6.11542051563e-05	0	0
0.000363706588561	4.5060993273e-05	0.00406192667933	0	0.00207602433294	0.00160610254595	0.00228201744504	0.0020953361872	0.000766036885642	0.000196337184975	0.00138401622196	0.01709099102	0.00533650906048	0.00186681257845	0.00942096623644	0.00046026585986	0.00177025330716	0.012980784705	0.00582252405935	0.0127747915929	0.00699410988445	0.00729344362548	3.21864237665e-06	0.012382117223	0.0082558176961	0.000135182979819	0.0152209597992	0.00210177347195	0.0080626991535	0.0348546782967	0.0157037561557	0.000572918343043	0.00379477936207	0.0100550387846	0.0737841578422	1.93118542599e-05	0.000102996556053	3.21864237665e-06	0	0.000254272747755	0	0.00134861115581	0.000209211754482	0.00098812320963	0.00105249605716	0.00046992178699	2.25304966365e-05	0.000962374070617	2.89677813898e-05	3.54050661431e-05	0.000411986224211	9.9777913676e-05	0.000138401622196	1.28745695066e-05	5.4716920403e-05	0.000234960893495	0.000167369403586	5.14982780263e-05	0.000177025330716	0.00445460104928	1.60932118832e-05	6.75914899096e-05	0.00107180791142	0.00199555827352	9.65592712994e-06	0	0	0	3.21864237665e-06	9.65592712994e-06	0.0136534809617	0.00134861115581	0.0331584537642	0.0145611381119	0.00302874247642	0.000981685924877	0.00127136373877	0.00120055360649	0.000138401622196	0.000740287746628	0.000762818243265	0.000466703144614	3.21864237665e-05	1.28745695066e-05
0	0	1.28745695066e-05	0	0	0	0	0	0	0	0	0	0	1.93118542599e-05	0	0	0	3.21864237665e-06	0	0	0	0	0	1.28745695066e-05	0	1.60932118832e-05	6.43728475329e-06	1.60932118832e-05	0	0	0	1.60932118832e-05	0	0	1.93118542599e-05	0.0202001995558	0	0.000305771025781	0	0	0	0.00110077569281	0.0140879976826	0.00242685635199	3.21864237665e-05	0.00255882068943	0.000952718143487	9.65592712994e-06	9.65592712994e-06	0.00832662782838	0	6.43728475329e-06	0.000424860793717	0.000202774469729	0.000730631819499	2.25304966365e-05	0.000904438507837	0	0.00381409121632	0.00232064115356	1.60932118832e-05	0.000154494834079	0.000177025330716	0.00477324664457	0.0113103093115	0.00426791979143	3.21864237665e-06	0	0.000302552383405	0.00238179535872	1.93118542599e-05	3.21864237665e-06	4.18423508964e-05	3.86237085197e-05	1.28745695066e-05	0	2.25304966365e-05	0.00142263993048	9.9777913676e-05	0.00197302777688	0.000141620264572	7.08101322862e-05	0.000122308410313	1.28745695066e-05
0	0.0110817857028	9.9777913676e-05	0	0	0	0	0	0	3.21864237665e-06	0	0	0	0.000679133541472	3.21864237665e-06	0	0.000231742251118	0.000421642151341	5.14982780263e-05	2.25304966365e-05	0	9.65592712994e-06	0.00102352827577	2.25304966365e-05	6.75914899096e-05	0.0038591522096	0.00455116032058	0.0132479320223	0	3.21864237665e-06	6.43728475329e-06	6.43728475329e-05	0	0	0.000102996556053	0	0.0279764395378	6.43728475329e-06	0	3.54050661431e-05	0	0.000109433840806	6.43728475329e-06	3.21864237665e-05	0.00627313399208	6.43728475329e-06	0.000183462615469	5.79355627796e-05	0.00118446039461	6.43728475329e-06	7.08101322862e-05	0.000653384402459	3.21864237665e-06	6.43728475329e-06	0.000280021886768	0	6.43728475329e-06	0.00982007789115	9.65592712994e-06	0.00470243651228	0.00331520164794	0.00351797611767	0.0220155138563	0.000215649039235	3.21864237665e-06	0	6.11542051563e-05	0	0	6.11542051563e-05	0.000164150761209	2.25304966365e-05	8.36847017928e-05	1.93118542599e-05	0	0	0	4.82796356497e-05	0.000238179535872	7.08101322862e-05	0	0	0	0.000119089767936
0	6.43728475329e-06	0	0	0	0	0	0	0	0	0	0	0	0	0	0	0	6.43728475329e-06	0	1.28745695066e-05	0	3.21864237665e-06	0	9.65592712994e-06	0	0	0.000186681257845	0.000128745695066	0	0	0	0	0	0	3.21864237665e-06	0.000305771025781	6.43728475329e-06	0.0181467057195	0	0	0	0.000122308410313	0.00242363770961	0.000434516720847	0	0.000202774469729	1.60932118832e-05	0	0	0.000692008110979	0	0.000247835463002	0.00215327174998	6.43728475329e-06	9.65592712994e-05	0	0.00116192989797	0	0.00854871415237	6.43728475329e-06	0	0.00360809810422	0.00540731919276	0.00156104155267	0.000299333741028	0.000260710032508	0	0	1.28745695066e-05	0.000260710032508	9.65592712994e-06	0	1.28745695066e-05	6.43728475329e-06	9.65592712994e-06	0	0	0.000421642151341	0.000102996556053	0.000273584602015	0.000170588045962	6.43728475329e-06	3.21864237665e-06	0
0	0	0	0	0	0	0	0	0	0	0	0	0	0	0	0	0	0	0	0	0	0	0	0	0	0	0	0	0	0	0	0	0	0	0	0	0	0	0	0	0	0	0	0	0	0	0	0	0	0	0	0	0	0	0	0	0	0	0	0	0	0	0	0	0	0	0	0	0	0	0	0	0	0	0	0	0	0	0	0	0	0	0	0
0	3.21864237665e-06	0	0	0.000711319965239	3.21864237665e-06	9.65592712994e-06	0	3.21864237665e-06	0.00171231774438	0	5.4716920403e-05	8.36847017928e-05	3.21864237665e-06	4.5060993273e-05	8.04660594161e-05	0	0	1.28745695066e-05	3.54050661431e-05	0.000154494834079	0	6.43728475329e-06	0	0.00288390356947	3.21864237665e-06	3.86237085197e-05	6.43728475329e-06	0.00125205188452	0.000302552383405	0.000164150761209	0	0	0.000157713476456	0.000254272747755	0	3.54050661431e-05	0	0	0.0118800090122	0	0.000830409733175	0	2.89677813898e-05	0.00549744117931	0.00318001866813	0	0.00127136373877	0	3.21864237665e-06	0.000910875792591	0	0	0	0	0.00302230519167	0	3.86237085197e-05	0	0.0069458302488	0	0	1.60932118832e-05	0.00300621197979	0	0	0	0	0	0	6.11542051563e-05	0	0.000180243973092	0.000154494834079	0.000119089767936	0	3.21864237665e-06	6.11542051563e-05	0	2.25304966365e-05	9.65592712994e-06	9.65592712994e-06	3.21864237665e-06	0
