0.0231951511644	0	0.00463822638082	0	1.60770411813e-05	0	0.000200963014767	0.00759640195818	0.00393887508943	0.000401926029534	0.00114950844447	0.00114146992388	0.000124597069155	0.00018086671329	0.0151767268752	8.03852059067e-06	4.01926029534e-06	0.00278534738467	7.2346685316e-05	0.000550638660461	0.000112539288269	0.00048231123544	0.000184885973585	0.00504015241035	0.000397906769238	2.4115561772e-05	0.001374587021	0.00012057780886	0.00127812477392	0.0152772083826	0.011635758555	0	8.03852059067e-06	0.000305463782445	0.00340833273044	6.028890443e-05	5.22503838394e-05	0.000831986881134	0	8.4404466202e-05	0	0	0.000627004606072	1.2057780886e-05	0.000671216469321	0	6.028890443e-05	0	6.83274250207e-05	6.83274250207e-05	0	2.4115561772e-05	0.000578773482528	0	0	4.01926029534e-06	4.8231123544e-05	8.4404466202e-05	0.000803852059067	0.000522503838394	2.00963014767e-05	6.028890443e-05	6.028890443e-05	0.000679254989912	4.42118632487e-05	0.000309483042741	4.01926029534e-06	0	0	0.000100481507383	0.000144693370632	0.000478291975145	0.00233920949189	0.000128616329451	2.81348220673e-05	0	1.2057780886e-05	6.83274250207e-05	4.42118632487e-05	0.000116558548565	2.00963014767e-05	2.4115561772e-05	2.4115561772e-05	0
0	0.0258317859181	0.000916391347336	0	4.01926029534e-06	0	4.01926029534e-06	4.01926029534e-05	8.03852059067e-06	0.00323550453774	3.6173342658e-05	0.00024115561772	8.03852059067e-06	0.000831986881134	2.00963014767e-05	1.60770411813e-05	0.000450157153078	0.00104500767679	8.03852059067e-06	0.000840025401725	8.03852059067e-06	0.000112539288269	0.00684881954325	0.000225078576539	0.00206188053151	0.00155545373429	0.00704576329772	0.0154419980547	0.000172828192699	7.2346685316e-05	4.01926029534e-05	0	0	1.60770411813e-05	0.000478291975145	0	0.0136896005659	0.000920410607632	0	4.42118632487e-05	0	2.00963014767e-05	2.00963014767e-05	0	3.6173342658e-05	1.60770411813e-05	0.000695332031093	4.01926029534e-05	0.000514465317803	2.81348220673e-05	4.01926029534e-06	0.000160770411813	0.000285367480969	2.00963014767e-05	0.000209001535357	1.60770411813e-05	4.01926029534e-06	0.000815909839953	0.000321540823627	0.000289386741264	0.000610927564891	0.00227892058746	0.0116960474594	0.000176847452995	4.01926029534e-06	0	4.42118632487e-05	0	0	0.000257232658901	0.00375800837614	0.00324354305834	0.000397906769238	2.00963014767e-05	1.60770411813e-05	0	2.4115561772e-05	0.00110127732092	0.000196943754471	0.000313502303036	0.000124597069155	6.43081647254e-05	8.03852059067e-06	1.2057780886e-05
0.00463822638082	0.000916391347336	0.0409281275874	0	0	0	0.000104500767679	0.0018930715991	0.0012097973489	0.000204982275062	9.24429867927e-05	0.000446137892782	8.03852059067e-06	2.4115561772e-05	0.00479899679263	1.2057780886e-05	0.000277328960378	0.00959397432497	2.4115561772e-05	0.000265271179492	2.00963014767e-05	0.000385848988352	0.00276525108319	0.0139307561836	0.000848063922316	1.60770411813e-05	0.0049999598074	0.0124436298744	0.00139066406219	0.004654303422	0.00520092282216	0	2.4115561772e-05	2.81348220673e-05	0.00106510397826	4.8231123544e-05	0.00168005080345	0.0111574665799	0	2.00963014767e-05	0	6.43081647254e-05	0.000200963014767	0.000160770411813	0.00012057780886	5.62696441347e-05	0.000156751151518	2.00963014767e-05	2.00963014767e-05	0.000160770411813	8.03852059067e-06	0.00047427271485	0.00323550453774	3.21540823627e-05	9.6462247088e-05	1.2057780886e-05	0.00047427271485	0.00496780572503	0.00714222554481	0.000522503838394	1.2057780886e-05	0.00312698450977	0.00449755227048	0.000574754222233	4.8231123544e-05	0.000148712630927	0	0	0	0.000152731891223	0.00164789672109	0.000530542358984	0.00106510397826	0.000285367480969	1.2057780886e-05	0	8.03852059067e-06	0.000671216469321	0.000172828192699	0.000204982275062	0.000148712630927	0.000140674110337	2.81348220673e-05	0
0	0	0	0	0	0	0	0	0	0	0	0	0	0	0	0	0	0	0	0	0	0	0	0	0	0	0	0	0	0	0	0	0	0	0	0	0	0	0	0	0	0	0	0	0	0	0	0	0	0	0	0	0	0	0	0	0	0	0	0	0	0	0	0	0	0	0	0	0	0	0	0	0	0	0	0	0	0	0	0	0	0	0	0
1.60770411813e-05	4.01926029534e-06	0	0	0.0193165649794	0	0.000253213398606	0.000675235729616	0.000144693370632	0.0023231324507	0.00176043600936	7.63659456114e-05	0.00390672100707	0	9.24429867927e-05	6.028890443e-05	0	4.01926029534e-06	1.2057780886e-05	3.6173342658e-05	0.00626200754013	0	2.00963014767e-05	2.81348220673e-05	0.0096462247088	0	2.00963014767e-05	4.42118632487e-05	0.00515671095892	0.000237136357425	0	0	4.01926029534e-06	0	0.000401926029534	4.01926029534e-06	8.03852059067e-06	4.01926029534e-06	0	0.0073230922581	0	0.000791794278181	5.22503838394e-05	0.000598869784005	0.00124998995185	0.00165995450197	0.000309483042741	0.00209001535357	0.000124597069155	0.000554657920756	2.00963014767e-05	2.81348220673e-05	0	2.4115561772e-05	2.81348220673e-05	0.0055144251252	0	2.4115561772e-05	1.2057780886e-05	0.00350479497753	8.03852059067e-06	0.000148712630927	6.43081647254e-05	0.000683274250207	0.00042202233101	0	2.81348220673e-05	5.22503838394e-05	0	0.000442118632487	0.000221059316243	8.03852059067e-06	0.000273309700083	6.028890443e-05	2.4115561772e-05	1.2057780886e-05	0	8.03852059067e-05	1.60770411813e-05	0.000285367480969	2.00963014767e-05	2.00963014767e-05	7.63659456114e-05	0
0	0	0	0	0	0.00350479497753	0.00159564633725	3.6173342658e-05	0.000779736497295	3.21540823627e-05	8.03852059067e-06	0	8.03852059067e-06	4.01926029534e-06	6.028890443e-05	0.00104500767679	0	0	0	0	0	0	0	0	1.2057780886e-05	0	0	0	4.01926029534e-06	0.000132635589746	0	0	0.000731505373751	0	0.000148712630927	0	0	0	0	0	0	0	0	8.03852059067e-06	0	0	4.01926029534e-06	0	0	0	0	0	0	0	0	0	0	0	0	1.2057780886e-05	0	4.01926029534e-06	0	0	4.01926029534e-06	0	0	0	0	4.01926029534e-06	8.03852059067e-06	0	8.03852059067e-06	0	0.00110529658122	0.0011173543621	4.01926029534e-06	0	0	4.01926029534e-06	0	0	0	4.01926029534e-06
0.000200963014767	4.01926029534e-06	0.000104500767679	0	0.000253213398606	0.00159564633725	0.0329900885041	0.00493163238238	0.0128817292465	0.000912372087041	0.0127410551362	0.000699351291388	0.00759640195818	3.6173342658e-05	0.00364546908787	0.00419610774833	2.81348220673e-05	4.8231123544e-05	7.2346685316e-05	0.000164789672109	0.00109725806063	0	2.81348220673e-05	0.000148712630927	0.00105304619738	0	0.000164789672109	6.028890443e-05	0.00251605694488	0.00424031961158	2.81348220673e-05	0	0.00108118101945	0.00012057780886	0.00150722261075	4.01926029534e-06	8.03852059067e-06	1.60770411813e-05	0	0.000100481507383	0	9.6462247088e-05	0.000100481507383	8.84237264974e-05	0.000188905233881	2.4115561772e-05	8.4404466202e-05	0.00018086671329	4.8231123544e-05	6.43081647254e-05	8.03852059067e-06	0	1.2057780886e-05	0	0	3.6173342658e-05	0	1.2057780886e-05	2.81348220673e-05	0.00065513942814	0	4.01926029534e-05	2.00963014767e-05	0.000196943754471	9.6462247088e-05	0	0	0	0	0.000160770411813	0.00133439441805	0.000289386741264	0.0017202434064	0.000313502303036	0.00303052226268	0.000815909839953	1.2057780886e-05	4.01926029534e-06	0	0.000136654850041	0	2.81348220673e-05	1.60770411813e-05	0
0.00759640195818	4.01926029534e-05	0.0018930715991	0	0.000675235729616	3.6173342658e-05	0.00493163238238	0.0698627824535	0.0118970104742	0.00342440977163	0.017624456395	0.00196943754471	0.00041398381042	0.000152731891223	0.0208237875901	0.000518484578098	0.000144693370632	0.000526523098689	0.000381829728057	0.00192522568147	0.000325560083922	0.00286975185087	0.000337617864808	0.003102868948	0.00644287425342	3.6173342658e-05	0.00135850997982	0.000707389811979	0.0279820901761	0.0186332907292	0.00858915925113	0	0.000188905233881	0.00436491668073	0.0073271115184	3.6173342658e-05	8.4404466202e-05	0.000337617864808	0	0.00206188053151	0	0.000144693370632	0.000679254989912	0.000229097836834	0.00497584424563	0.000108520027974	0.000217040055948	0.000245174878015	0.000116558548565	0.000188905233881	1.2057780886e-05	8.03852059067e-06	0.000136654850041	2.4115561772e-05	3.21540823627e-05	0.000108520027974	2.00963014767e-05	0.000104500767679	0.000405945289829	0.0068890121462	1.2057780886e-05	0.000152731891223	0.000112539288269	0.00126204773274	0.000277328960378	0.000104500767679	1.60770411813e-05	2.4115561772e-05	0	0.000409964550124	0.00723064927131	0.000848063922316	0.00629818088279	0.00127410551362	0.000502407536917	2.4115561772e-05	6.028890443e-05	0.000128616329451	4.8231123544e-05	0.000570734961938	7.63659456114e-05	6.43081647254e-05	0.000217040055948	0
0.00393887508943	8.03852059067e-06	0.0012097973489	0	0.000144693370632	0.000779736497295	0.0128817292465	0.0118970104742	0.041466708467	0.00141076036366	0.00894285415712	0.00048231123544	0.00095658395029	0.00018086671329	0.0220456427199	0.00167603154315	7.63659456114e-05	0.000651120167844	5.22503838394e-05	0.000401926029534	0.00036173342658	0.000699351291388	0.000160770411813	0.00127812477392	0.00113343140328	2.81348220673e-05	0.000450157153078	0.000164789672109	0.00343244829222	0.00731505373751	0.00263261549344	8.03852059067e-06	0.000486330495736	0.000506426797212	0.00267682735669	4.01926029534e-05	8.03852059067e-06	0.000333598604513	0	0.000188905233881	0	0.000711409072274	0.000647100907549	0.000864140963497	0.00104098841649	0.000160770411813	0.000168808932404	0.000719447592865	9.24429867927e-05	0.000566715701642	0	2.81348220673e-05	0.000273309700083	8.03852059067e-06	1.60770411813e-05	0.000273309700083	2.4115561772e-05	3.21540823627e-05	0.00041398381042	0.00161172337843	8.03852059067e-06	7.63659456114e-05	3.21540823627e-05	0.000852083182611	0.000438099372192	0.000204982275062	0	0.00030144452215	0	0.0011213736224	0.00132233663717	0.000317521563331	0.0014670300078	0.00206188053151	0.00124597069155	0.00244772951986	4.42118632487e-05	0.00018086671329	6.028890443e-05	0.00184484047556	0.000188905233881	0.000221059316243	0.000791794278181	0.000176847452995
0.000401926029534	0.00323550453774	0.000204982275062	0	0.0023231324507	3.21540823627e-05	0.000912372087041	0.00342440977163	0.00141076036366	0.0355101647093	0.00219451612125	0.000156751151518	0.00113343140328	0.000401926029534	0.001551434474	0.00161172337843	0.00127410551362	0.000221059316243	1.2057780886e-05	0.000192924494176	0.000385848988352	0.000156751151518	0.00538580879575	0.000192924494176	0.0172386074067	0.000848063922316	0.000984718772357	0.00203776496973	0.00694528179034	0.00177249379024	0.00136654850041	0	6.83274250207e-05	0.000659158688435	0.00245978730075	3.21540823627e-05	0.000281348220673	6.43081647254e-05	0	0.00533355841191	1.2057780886e-05	0.000671216469321	0.000823948360544	0.000606908304596	0.0146662808177	0.000787775017886	0.000490349756031	0.00269290439787	0.000369771947171	0.000389868248648	0.000192924494176	6.83274250207e-05	0	1.60770411813e-05	2.4115561772e-05	0.00303052226268	4.42118632487e-05	0.000200963014767	0.000132635589746	0.0120778771875	4.01926029534e-05	0.000345656385399	0.000265271179492	0.0101888248487	0.000550638660461	0.000265271179492	9.6462247088e-05	5.62696441347e-05	0	0.000848063922316	0.00282955924792	0.000671216469321	0.000807871319362	0.000217040055948	0.00214628499771	7.63659456114e-05	2.00963014767e-05	0.000285367480969	1.60770411813e-05	0.00104500767679	4.8231123544e-05	0.000373791207466	0.000136654850041	0
0.00114950844447	3.6173342658e-05	9.24429867927e-05	0	0.00176043600936	8.03852059067e-06	0.0127410551362	0.017624456395	0.00894285415712	0.00219451612125	0.0497182498533	0.00351685275842	0.00752405527287	0.000233117097129	0.0071502640654	0.000253213398606	0.000104500767679	0.000128616329451	0.000699351291388	0.00233117097129	0.00739543894342	1.2057780886e-05	0.000132635589746	0.000237136357425	0.00296219483766	4.42118632487e-05	0.00161172337843	0.000357714166285	0.00933674166606	0.0121582623934	8.4404466202e-05	8.03852059067e-06	0.000261251919197	0.000168808932404	0.00844848514079	2.00963014767e-05	1.60770411813e-05	1.60770411813e-05	0	0.00177249379024	0	8.03852059067e-05	0.000164789672109	8.4404466202e-05	0.000691312770798	0.000225078576539	7.2346685316e-05	0.000152731891223	5.62696441347e-05	6.83274250207e-05	0	0	1.60770411813e-05	4.01926029534e-06	0	0.000506426797212	0	8.03852059067e-06	1.2057780886e-05	0.00298631039943	4.01926029534e-06	5.62696441347e-05	2.4115561772e-05	0.00104098841649	6.43081647254e-05	8.03852059067e-06	8.03852059067e-06	8.03852059067e-06	0	0.000132635589746	0.00300640670091	0.00122185512978	0.00739945820371	0.000188905233881	5.62696441347e-05	8.03852059067e-06	7.63659456114e-05	3.21540823627e-05	8.03852059067e-06	0.000132635589746	8.03852059067e-06	4.01926029534e-06	1.2057780886e-05	0
0.00114146992388	0.00024115561772	0.000446137892782	0	7.63659456114e-05	0	0.000699351291388	0.00196943754471	0.00048231123544	0.000156751151518	0.00351685275842	0.0271300069935	0.00227892058746	0.00424031961158	0.00203374570944	0	1.2057780886e-05	0.000976680251766	0.00338823642897	0.00787775017886	0.00219049686096	0.000160770411813	0.000257232658901	0.000823948360544	0.00030144452215	0.00202570718885	0.00800234724801	0.00089629504586	0.000751601675228	0.00699351291388	0.000860121703202	0.000148712630927	4.01926029534e-05	8.84237264974e-05	0.0116839896785	4.01926029534e-06	0.000152731891223	0.000261251919197	0	1.2057780886e-05	0	3.6173342658e-05	0.000156751151518	3.21540823627e-05	6.83274250207e-05	1.60770411813e-05	0.000297425261855	6.83274250207e-05	0.000711409072274	8.03852059067e-06	0	8.03852059067e-06	0.000209001535357	0.000116558548565	7.63659456114e-05	1.2057780886e-05	8.03852059067e-06	9.6462247088e-05	0.000168808932404	0.000152731891223	0.000152731891223	0.000430060851601	0.000209001535357	0.000237136357425	3.6173342658e-05	8.03852059067e-06	3.6173342658e-05	0	0	7.63659456114e-05	0.00168407006375	0.00357312240255	0.0106952516459	0.000341637125103	4.01926029534e-06	1.60770411813e-05	0.00157153077548	0.000213020795653	0.00107716175915	6.43081647254e-05	1.2057780886e-05	1.60770411813e-05	8.03852059067e-06	4.01926029534e-06
0.000124597069155	8.03852059067e-06	8.03852059067e-06	0	0.00390672100707	8.03852059067e-06	0.00759640195818	0.00041398381042	0.00095658395029	0.00113343140328	0.00752405527287	0.00227892058746	0.0352649898313	6.028890443e-05	0.000920410607632	0.00162780041961	4.01926029534e-06	4.8231123544e-05	0.000739543894342	0.00132233663717	0.0151566305737	0	3.6173342658e-05	3.6173342658e-05	0.00337215938779	2.00963014767e-05	0.00135047145923	0.000152731891223	0.0014630107475	0.00508838353389	1.2057780886e-05	8.03852059067e-06	0.000176847452995	0	0.00649110537697	2.81348220673e-05	3.6173342658e-05	2.81348220673e-05	0	0.000261251919197	4.01926029534e-06	0.00141076036366	4.01926029534e-06	0.00054260013987	0.000530542358984	0.000687293510502	0.000739543894342	0.00527728876778	0.000313502303036	0.000747582414932	5.22503838394e-05	5.62696441347e-05	1.60770411813e-05	8.03852059067e-05	0.000176847452995	0.00341637125103	0	3.6173342658e-05	4.01926029534e-05	0.000188905233881	2.4115561772e-05	0.000305463782445	8.84237264974e-05	0.000140674110337	0.000936487648813	8.03852059067e-06	4.01926029534e-05	4.01926029534e-05	0	0.00155947299459	0.00071542833257	0.000337617864808	0.00558677181052	0.000273309700083	0.00148712630927	6.028890443e-05	0.000144693370632	0.000389868248648	8.4404466202e-05	0.00095658395029	3.6173342658e-05	2.81348220673e-05	4.01926029534e-05	0
0.00018086671329	0.000831986881134	2.4115561772e-05	0	0	4.01926029534e-06	3.6173342658e-05	0.000152731891223	0.00018086671329	0.000401926029534	0.000233117097129	0.00424031961158	6.028890443e-05	0.0161172337843	0.000506426797212	0	0	5.62696441347e-05	0.000100481507383	0.000357714166285	6.028890443e-05	2.4115561772e-05	0.00065513942814	2.81348220673e-05	2.00963014767e-05	0.010220978931	0.00394691361002	0.00243165247868	6.028890443e-05	0.000687293510502	0.000233117097129	0.000285367480969	1.2057780886e-05	0	0.000948545429699	0	0.000614946825186	4.8231123544e-05	0	0	4.01926029534e-06	4.01926029534e-06	0	0	9.6462247088e-05	4.01926029534e-06	0.000988738032652	1.2057780886e-05	0.00513259539714	0	4.01926029534e-06	0	4.01926029534e-05	6.43081647254e-05	6.028890443e-05	0	0	0.000140674110337	6.028890443e-05	8.84237264974e-05	0.00194532198294	0.00109725806063	0.00210207313446	4.01926029534e-06	0	0	0.00147506852839	1.2057780886e-05	0	1.60770411813e-05	6.028890443e-05	0.00206188053151	0.00139066406219	2.00963014767e-05	4.01926029534e-06	2.00963014767e-05	0.00157555003577	1.2057780886e-05	0.00343646755251	8.03852059067e-05	1.2057780886e-05	0	0	6.83274250207e-05
0.0151767268752	2.00963014767e-05	0.00479899679263	0	9.24429867927e-05	6.028890443e-05	0.00364546908787	0.0208237875901	0.0220456427199	0.001551434474	0.0071502640654	0.00203374570944	0.000920410607632	0.000506426797212	0.053062274419	0.00053456161928	2.81348220673e-05	0.00240753691691	0.000116558548565	0.000590831263414	0.000490349756031	0.00190914864028	0.000269290439787	0.00532953915161	0.00135047145923	0.000144693370632	0.00141076036366	0.000333598604513	0.0058600815106	0.024959606434	0.0107997524136	1.2057780886e-05	0.000333598604513	0.00131831737687	0.00593644745621	8.4404466202e-05	4.8231123544e-05	0.000900314306155	0	0.00012057780886	0	0.000253213398606	0.000880218004678	0.000237136357425	0.00117362400624	4.42118632487e-05	0.000156751151518	0.000253213398606	0.000144693370632	0.000188905233881	0	4.01926029534e-05	0.000574754222233	8.03852059067e-06	8.03852059067e-06	8.4404466202e-05	7.2346685316e-05	0.000108520027974	0.00107314249885	0.00150320335046	5.22503838394e-05	8.4404466202e-05	9.24429867927e-05	0.00116558548565	0.000237136357425	0.00036173342658	8.03852059067e-06	8.03852059067e-06	4.01926029534e-06	0.00047427271485	0.00208599609328	0.000610927564891	0.00369771947171	0.000948545429699	0.000743563154637	0.00035369490599	0.000176847452995	0.000132635589746	0.000148712630927	0.00108520027974	7.63659456114e-05	8.4404466202e-05	0.000116558548565	0.000257232658901
8.03852059067e-06	1.60770411813e-05	1.2057780886e-05	0	6.028890443e-05	0.00104500767679	0.00419610774833	0.000518484578098	0.00167603154315	0.00161172337843	0.000253213398606	0	0.00162780041961	0	0.00053456161928	0.00848063922316	0	8.03852059067e-06	0	4.01926029534e-06	6.83274250207e-05	0	1.60770411813e-05	4.01926029534e-06	0.00059485052371	0	2.00963014767e-05	4.01926029534e-05	0.000196943754471	0.00018086671329	3.21540823627e-05	0	0.000269290439787	2.4115561772e-05	3.6173342658e-05	0	0	4.01926029534e-06	0	3.6173342658e-05	0	1.60770411813e-05	0	8.03852059067e-06	0.000148712630927	8.03852059067e-06	0	8.03852059067e-05	0	0	1.60770411813e-05	0	0	0	0	4.42118632487e-05	0	1.2057780886e-05	4.01926029534e-06	7.2346685316e-05	0	0	4.01926029534e-06	0	0	0	0	0	0	0	9.6462247088e-05	2.00963014767e-05	4.01926029534e-06	0	0.00432874333808	0.000112539288269	0	1.60770411813e-05	4.01926029534e-06	0	0	4.01926029534e-06	0	0
4.01926029534e-06	0.000450157153078	0.000277328960378	0	0	0	2.81348220673e-05	0.000144693370632	7.63659456114e-05	0.00127410551362	0.000104500767679	1.2057780886e-05	4.01926029534e-06	0	2.81348220673e-05	0	0.0274113552142	8.84237264974e-05	1.2057780886e-05	9.24429867927e-05	4.01926029534e-06	0.00334402456572	0.0152571120811	0.00727084187426	0.00738740042283	0	0.000313502303036	0.00532150063102	0.00447343670871	4.8231123544e-05	8.03852059067e-06	0	1.2057780886e-05	3.21540823627e-05	2.4115561772e-05	4.01926029534e-06	8.03852059067e-06	5.62696441347e-05	0	4.01926029534e-06	1.60770411813e-05	6.43081647254e-05	2.00963014767e-05	0.000124597069155	0.00246782582134	2.81348220673e-05	0	8.03852059067e-06	0	2.4115561772e-05	2.4115561772e-05	0.00378614319821	8.03852059067e-06	0	0	8.03852059067e-06	0.00213422721682	0.00891070007476	0.00745170858755	0.00154339595341	0	8.03852059067e-06	0.000554657920756	0.00188101381822	4.01926029534e-06	4.8231123544e-05	0	0	0	2.81348220673e-05	0.00288180963176	0.000860121703202	4.01926029534e-05	2.4115561772e-05	0	0	0	0.000273309700083	2.00963014767e-05	2.4115561772e-05	2.00963014767e-05	2.4115561772e-05	8.03852059067e-06	0
0.00278534738467	0.00104500767679	0.00959397432497	0	4.01926029534e-06	0	4.8231123544e-05	0.000526523098689	0.000651120167844	0.000221059316243	0.000128616329451	0.000976680251766	4.8231123544e-05	5.62696441347e-05	0.00240753691691	8.03852059067e-06	8.84237264974e-05	0.0373349088834	0.00012057780886	0.00613741047098	1.60770411813e-05	0.00180062861231	0.000920410607632	0.00827967620839	0.000196943754471	2.00963014767e-05	0.00733515003899	0.00360527648492	0.000510446057508	0.00313904229066	0.0057756770444	4.01926029534e-06	4.01926029534e-06	5.62696441347e-05	0.00564706071495	8.03852059067e-06	0.00151928039164	0.00608516008714	0	8.03852059067e-06	0	1.2057780886e-05	3.21540823627e-05	1.60770411813e-05	6.028890443e-05	8.03852059067e-06	0.000249194138311	3.21540823627e-05	2.81348220673e-05	8.03852059067e-05	4.01926029534e-06	2.4115561772e-05	0.00619769937541	5.22503838394e-05	0.000325560083922	2.81348220673e-05	1.60770411813e-05	0.000667197209026	0.000522503838394	5.62696441347e-05	1.2057780886e-05	0.00839221549666	0.00116558548565	0.000144693370632	4.8231123544e-05	1.60770411813e-05	0	0	0	9.6462247088e-05	0.00104098841649	0.00132233663717	0.00343244829222	0.000438099372192	2.00963014767e-05	4.01926029534e-06	4.01926029534e-06	0.000200963014767	0.00156349225489	0.000249194138311	0.000164789672109	0.000160770411813	0	0
7.2346685316e-05	8.03852059067e-06	2.4115561772e-05	0	1.2057780886e-05	0	7.2346685316e-05	0.000381829728057	5.22503838394e-05	1.2057780886e-05	0.000699351291388	0.00338823642897	0.000739543894342	0.000100481507383	0.000116558548565	0	1.2057780886e-05	0.00012057780886	0.00725476483308	0.00351685275842	0.000872179484088	7.63659456114e-05	1.2057780886e-05	0.000136654850041	6.83274250207e-05	5.62696441347e-05	0.00337215938779	0.000168808932404	0.000172828192699	0.00132233663717	3.21540823627e-05	0	8.03852059067e-06	0.000112539288269	0.00208197683298	0	3.6173342658e-05	3.6173342658e-05	0	0	0	0	6.028890443e-05	4.01926029534e-06	4.01926029534e-06	4.01926029534e-06	6.83274250207e-05	8.03852059067e-06	4.8231123544e-05	1.2057780886e-05	0	0	1.2057780886e-05	0	2.4115561772e-05	0	4.01926029534e-06	0	1.60770411813e-05	0	2.00963014767e-05	0.000140674110337	3.6173342658e-05	0.000132635589746	4.42118632487e-05	0	1.2057780886e-05	0	0	5.62696441347e-05	0.000647100907549	0.00160368485784	0.00233117097129	0.000269290439787	0	2.4115561772e-05	3.21540823627e-05	0.00012057780886	3.21540823627e-05	4.8231123544e-05	8.03852059067e-06	2.00963014767e-05	0	0
0.000550638660461	0.000840025401725	0.000265271179492	0	3.6173342658e-05	0	0.000164789672109	0.00192522568147	0.000401926029534	0.000192924494176	0.00233117097129	0.00787775017886	0.00132233663717	0.000357714166285	0.000590831263414	4.01926029534e-06	9.24429867927e-05	0.00613741047098	0.00351685275842	0.0303413959695	0.00186091751674	0.000554657920756	0.000209001535357	0.00117764326653	0.000273309700083	6.43081647254e-05	0.0145014911456	0.00259242289049	0.000739543894342	0.00494369016326	0.00106510397826	2.81348220673e-05	2.81348220673e-05	0.000273309700083	0.0115513540888	4.01926029534e-06	0.000671216469321	0.000643081647254	0	8.03852059067e-06	0	1.2057780886e-05	0.000237136357425	4.01926029534e-05	2.4115561772e-05	8.03852059067e-06	0.000164789672109	2.81348220673e-05	0.000188905233881	4.42118632487e-05	0	3.21540823627e-05	0.00053456161928	8.4404466202e-05	0.000329579344217	4.01926029534e-06	1.2057780886e-05	8.4404466202e-05	0.000152731891223	0.000168808932404	7.2346685316e-05	0.00183278269467	0.000586812003119	0.000478291975145	0.000160770411813	1.2057780886e-05	2.00963014767e-05	0	0	0.000200963014767	0.00682872324177	0.0062861231019	0.0101365744648	0.00126606699303	8.03852059067e-06	0.000116558548565	5.22503838394e-05	0.0013826255416	0.000442118632487	0.000221059316243	7.63659456114e-05	8.03852059067e-05	1.2057780886e-05	0
0.000112539288269	8.03852059067e-06	2.00963014767e-05	0	0.00626200754013	0	0.00109725806063	0.000325560083922	0.00036173342658	0.000385848988352	0.00739543894342	0.00219049686096	0.0151566305737	6.028890443e-05	0.000490349756031	6.83274250207e-05	4.01926029534e-06	1.60770411813e-05	0.000872179484088	0.00186091751674	0.0259001133431	0	4.42118632487e-05	2.4115561772e-05	0.00426041591306	2.00963014767e-05	0.00156349225489	0.000160770411813	0.00231509393011	0.00567921479731	4.01926029534e-05	8.03852059067e-06	4.42118632487e-05	8.03852059067e-06	0.00718643740806	0	0	8.03852059067e-06	0	0.00140674110337	0	0.000502407536917	2.4115561772e-05	0.000204982275062	0.000261251919197	0.000554657920756	0.000136654850041	0.00122989365037	0.000112539288269	0.000184885973585	2.00963014767e-05	0	4.01926029534e-06	4.01926029534e-06	1.2057780886e-05	0.00173632044758	0	0	4.01926029534e-06	0.000357714166285	0	0.000116558548565	4.01926029534e-06	0.000132635589746	0.000148712630927	0	3.21540823627e-05	1.60770411813e-05	0	0.000261251919197	0.00123391291067	0.000578773482528	0.00635043126663	0.000204982275062	8.4404466202e-05	3.6173342658e-05	0.000144693370632	2.4115561772e-05	1.60770411813e-05	0.000192924494176	2.00963014767e-05	2.4115561772e-05	8.03852059067e-06	0
0.00048231123544	0.000112539288269	0.000385848988352	0	0	0	0	0.00286975185087	0.000699351291388	0.000156751151518	1.2057780886e-05	0.000160770411813	0	2.4115561772e-05	0.00190914864028	0	0.00334402456572	0.00180062861231	7.63659456114e-05	0.000554657920756	0	0.0473026744158	0.00136654850041	0.0182032298776	0.00127410551362	0	0.000381829728057	0.00083600614143	0.0136172538806	0.00177651305054	0.0149476290384	0	0	0.00119773956801	0.00485526643676	0.000558677181052	8.03852059067e-06	5.22503838394e-05	0	0	2.4115561772e-05	3.6173342658e-05	0.00117362400624	0.000317521563331	0.000763659456114	4.01926029534e-06	2.81348220673e-05	8.03852059067e-06	2.81348220673e-05	0.00054260013987	4.8231123544e-05	0.000442118632487	8.03852059067e-06	0	0	8.03852059067e-06	0.00504417167065	0.00182474417408	0.00434883963955	0.000289386741264	0	3.21540823627e-05	3.21540823627e-05	0.0019774760653	0.000160770411813	0.00278534738467	4.01926029534e-06	0	1.60770411813e-05	0.000116558548565	0.00653129797992	0.00134645219894	0.00411974180272	0.00118568178712	3.21540823627e-05	1.60770411813e-05	2.4115561772e-05	0.000132635589746	2.00963014767e-05	9.24429867927e-05	5.22503838394e-05	0.000100481507383	1.60770411813e-05	0
0.000184885973585	0.00684881954325	0.00276525108319	0	2.00963014767e-05	0	2.81348220673e-05	0.000337617864808	0.000160770411813	0.00538580879575	0.000132635589746	0.000257232658901	3.6173342658e-05	0.00065513942814	0.000269290439787	1.60770411813e-05	0.0152571120811	0.000920410607632	1.2057780886e-05	0.000209001535357	4.42118632487e-05	0.00136654850041	0.045972299258	0.00639464312988	0.0104741923296	0.00114950844447	0.00153937669311	0.0199717044075	0.00412376106301	0.000639062386958	0.000763659456114	0	8.03852059067e-06	0.00018086671329	0.000711409072274	0	0.00116558548565	0.00303052226268	0	0.000148712630927	2.4115561772e-05	0.000124597069155	0.000144693370632	0.00024115561772	0.0033601016069	9.24429867927e-05	8.03852059067e-05	6.43081647254e-05	3.21540823627e-05	6.43081647254e-05	3.6173342658e-05	0.00541796287811	0.000164789672109	4.01926029534e-06	0.00012057780886	6.83274250207e-05	0.00299032965973	0.0202168792855	0.01170408598	0.0029300407553	3.6173342658e-05	0.000606908304596	0.00760444047877	0.00276927034349	5.62696441347e-05	0.000229097836834	1.60770411813e-05	0	8.03852059067e-06	9.24429867927e-05	0.00394289434972	0.00161976189902	0.000281348220673	2.00963014767e-05	2.00963014767e-05	4.01926029534e-06	8.03852059067e-06	0.000795813538476	0.000217040055948	0.000148712630927	0.000104500767679	6.83274250207e-05	1.60770411813e-05	0
0.00504015241035	0.000225078576539	0.0139307561836	0	2.81348220673e-05	0	0.000148712630927	0.003102868948	0.00127812477392	0.000192924494176	0.000237136357425	0.000823948360544	3.6173342658e-05	2.81348220673e-05	0.00532953915161	4.01926029534e-06	0.00727084187426	0.00827967620839	0.000136654850041	0.00117764326653	2.4115561772e-05	0.0182032298776	0.00639464312988	0.0700999188109	0.00218245834037	1.60770411813e-05	0.00210207313446	0.00875796818354	0.00434080111896	0.00536571249427	0.00940104983079	0	3.21540823627e-05	0.000522503838394	0.00555461772815	6.028890443e-05	4.01926029534e-05	0.00295013705678	0	4.01926029534e-05	4.01926029534e-06	0.000100481507383	0.000333598604513	0.000265271179492	0.000313502303036	6.43081647254e-05	0.000104500767679	3.6173342658e-05	3.21540823627e-05	0.000209001535357	4.01926029534e-06	0.00153937669311	0.000852083182611	2.81348220673e-05	3.21540823627e-05	3.6173342658e-05	0.00391877878795	0.0093930113102	0.0173551659553	0.000562696441347	1.2057780886e-05	0.000213020795653	0.00214226573741	0.000622985345777	3.21540823627e-05	0.000486330495736	8.03852059067e-06	0	4.01926029534e-06	0.000124597069155	0.0104098841649	0.00309483042741	0.00609721786802	0.000900314306155	4.8231123544e-05	4.01926029534e-06	2.81348220673e-05	0.000538580879575	0.000245174878015	0.000140674110337	0.000104500767679	8.84237264974e-05	2.81348220673e-05	0
0.000397906769238	0.00206188053151	0.000848063922316	0	0.0096462247088	1.2057780886e-05	0.00105304619738	0.00644287425342	0.00113343140328	0.0172386074067	0.00296219483766	0.00030144452215	0.00337215938779	2.00963014767e-05	0.00135047145923	0.00059485052371	0.00738740042283	0.000196943754471	6.83274250207e-05	0.000273309700083	0.00426041591306	0.00127410551362	0.0104741923296	0.00218245834037	0.0593122241783	2.81348220673e-05	0.000647100907549	0.00481507383381	0.0215633314845	0.00178053231083	0.00158760781666	0	3.21540823627e-05	0.000426041591306	0.00201364940796	0.00030144452215	0.000172828192699	0.000152731891223	0	0.00461411081904	6.83274250207e-05	0.000104500767679	0.00152731891223	0.000285367480969	0.0129781914936	0.00024115561772	0.00053456161928	0.00117362400624	0.00036173342658	0.000329579344217	0.000168808932404	0.00134243293864	1.2057780886e-05	2.4115561772e-05	2.4115561772e-05	0.00231911319041	0.00107716175915	0.00256026880813	0.00128214403421	0.0117161437609	4.01926029534e-06	0.000405945289829	0.000502407536917	0.0109926769077	0.000659158688435	0.000277328960378	7.2346685316e-05	4.01926029534e-05	6.43081647254e-05	0.00115754696506	0.00420816552922	0.000848063922316	0.00096462247088	0.000217040055948	0.00065513942814	1.2057780886e-05	8.03852059067e-06	0.000566715701642	0.000136654850041	0.00104902693708	0.000196943754471	0.00042202233101	0.000188905233881	0
2.4115561772e-05	0.00155545373429	1.60770411813e-05	0	0	0	0	3.6173342658e-05	2.81348220673e-05	0.000848063922316	4.42118632487e-05	0.00202570718885	2.00963014767e-05	0.010220978931	0.000144693370632	0	0	2.00963014767e-05	5.62696441347e-05	6.43081647254e-05	2.00963014767e-05	0	0.00114950844447	1.60770411813e-05	2.81348220673e-05	0.0158399048239	0.00546217474136	0.00514063391773	1.2057780886e-05	0.000200963014767	1.2057780886e-05	6.028890443e-05	0	0	0.000357714166285	0	0.00122185512978	4.42118632487e-05	0	4.01926029534e-06	4.01926029534e-06	8.03852059067e-06	0	0	9.6462247088e-05	4.01926029534e-06	0.00131429811657	2.00963014767e-05	0.00661570244612	0	4.01926029534e-06	0	0	4.8231123544e-05	9.24429867927e-05	4.01926029534e-06	0	0.000148712630927	1.60770411813e-05	8.4404466202e-05	0.00386250914382	0.00213824647712	0.0042242425704	0	8.03852059067e-06	0	0.00201766866826	2.4115561772e-05	0	5.22503838394e-05	2.4115561772e-05	0.000807871319362	0.000285367480969	0	0	0	0.00047427271485	3.6173342658e-05	0.00372987355407	0.000104500767679	2.00963014767e-05	0	0	7.2346685316e-05
0.001374587021	0.00704576329772	0.0049999598074	0	2.00963014767e-05	0	0.000164789672109	0.00135850997982	0.000450157153078	0.000984718772357	0.00161172337843	0.00800234724801	0.00135047145923	0.00394691361002	0.00141076036366	2.00963014767e-05	0.000313502303036	0.00733515003899	0.00337215938779	0.0145014911456	0.00156349225489	0.000381829728057	0.00153937669311	0.00210207313446	0.000647100907549	0.00546217474136	0.0742879880387	0.0236855009204	0.000651120167844	0.00448951374989	0.00151928039164	0.000377810467762	2.81348220673e-05	0.000200963014767	0.00831183029075	4.01926029534e-06	0.0195617398574	0.00208599609328	0	2.81348220673e-05	8.03852059067e-06	0.000104500767679	0.000168808932404	4.01926029534e-05	0.000140674110337	0.00018086671329	0.00183680195497	0.000289386741264	0.00466234194259	8.4404466202e-05	8.03852059067e-06	0.000112539288269	0.00216236203889	0.000868160223792	0.00133037515776	0.00018086671329	1.2057780886e-05	0.000582792742824	0.000293406001559	0.000397906769238	0.00731505373751	0.0177892460672	0.015582672165	0.000458195673668	0.000237136357425	4.01926029534e-06	0.00135850997982	2.4115561772e-05	0	0.000888256525269	0.00695733957123	0.0078375575759	0.00783353831561	0.000811890579658	2.4115561772e-05	8.03852059067e-05	0.000229097836834	0.00196943754471	0.00148310704898	0.00095658395029	0.00018086671329	0.000112539288269	8.03852059067e-06	3.6173342658e-05
0.00012057780886	0.0154419980547	0.0124436298744	0	4.42118632487e-05	0	6.028890443e-05	0.000707389811979	0.000164789672109	0.00203776496973	0.000357714166285	0.00089629504586	0.000152731891223	0.00243165247868	0.000333598604513	4.01926029534e-05	0.00532150063102	0.00360527648492	0.000168808932404	0.00259242289049	0.000160770411813	0.00083600614143	0.0199717044075	0.00875796818354	0.00481507383381	0.00514063391773	0.0236855009204	0.0864301733909	0.00289788667294	0.000803852059067	0.000430060851601	2.81348220673e-05	0	0.000136654850041	0.00238342135513	4.01926029534e-06	0.017174299242	0.00626200754013	0	0.000229097836834	8.03852059067e-06	0.00012057780886	0.000116558548565	0.00012057780886	0.000261251919197	0.000184885973585	0.000932468388518	0.000265271179492	0.0030184644818	6.028890443e-05	2.00963014767e-05	0.00166799302256	0.000827967620839	0.000305463782445	0.000373791207466	0.000204982275062	0.000168808932404	0.0115794889109	0.00606104452537	0.001374587021	0.00524111542512	0.00564706071495	0.022073777542	0.000860121703202	0.000112539288269	2.4115561772e-05	0.000815909839953	0	0	0.000622985345777	0.0105103656723	0.00315511933184	0.00272505848024	0.000434080111896	4.42118632487e-05	2.00963014767e-05	6.83274250207e-05	0.00119372030771	0.000823948360544	0.000759640195818	0.000305463782445	0.000196943754471	1.2057780886e-05	2.00963014767e-05
0.00127812477392	0.000172828192699	0.00139066406219	0	0.00515671095892	4.01926029534e-06	0.00251605694488	0.0279820901761	0.00343244829222	0.00694528179034	0.00933674166606	0.000751601675228	0.0014630107475	6.028890443e-05	0.0058600815106	0.000196943754471	0.00447343670871	0.000510446057508	0.000172828192699	0.000739543894342	0.00231509393011	0.0136172538806	0.00412376106301	0.00434080111896	0.0215633314845	1.2057780886e-05	0.000651120167844	0.00289788667294	0.0755018046479	0.00657550984317	0.00684881954325	0	5.22503838394e-05	0.00122989365037	0.00346862163487	0.00035369490599	2.81348220673e-05	0.000281348220673	0	0.00539384731634	8.03852059067e-06	0.000196943754471	0.00309081116711	0.000369771947171	0.00773707606852	0.000478291975145	0.000502407536917	0.000381829728057	0.000369771947171	0.00041398381042	3.21540823627e-05	0.00166397376227	2.81348220673e-05	1.60770411813e-05	2.00963014767e-05	0.00201364940796	0.00262859623315	0.0028416170288	0.0030184644818	0.0103335182193	4.01926029534e-06	0.00030144452215	0.000281348220673	0.00833996511282	0.000558677181052	0.00144693370632	5.22503838394e-05	2.81348220673e-05	1.60770411813e-05	0.000952564689994	0.0100803048207	0.00106912323856	0.00366556538935	0.00160770411813	0.000249194138311	6.83274250207e-05	2.4115561772e-05	0.000253213398606	2.81348220673e-05	0.000932468388518	0.000124597069155	0.000325560083922	0.000184885973585	0
0.0152772083826	7.2346685316e-05	0.004654303422	0	0.000237136357425	0.000132635589746	0.00424031961158	0.0186332907292	0.00731505373751	0.00177249379024	0.0121582623934	0.00699351291388	0.00508838353389	0.000687293510502	0.024959606434	0.00018086671329	4.8231123544e-05	0.00313904229066	0.00132233663717	0.00494369016326	0.00567921479731	0.00177651305054	0.000639062386958	0.00536571249427	0.00178053231083	0.000200963014767	0.00448951374989	0.000803852059067	0.00657550984317	0.0654174805669	0.0142844510896	1.60770411813e-05	0.00187297529763	0.00958593580437	0.0249354908723	0.000454176413373	7.63659456114e-05	0.000811890579658	0	0.000128616329451	0	0.000245174878015	0.00236734431395	0.000265271179492	0.00179660935201	3.6173342658e-05	0.000285367480969	0.000269290439787	0.000237136357425	0.000442118632487	0	7.63659456114e-05	0.000554657920756	2.00963014767e-05	2.81348220673e-05	4.42118632487e-05	0.000426041591306	0.000148712630927	0.000831986881134	0.00196541828442	7.63659456114e-05	0.000184885973585	0.000136654850041	0.00293807927589	0.000381829728057	0.00150320335046	3.6173342658e-05	0	4.01926029534e-06	0.000518484578098	0.00650718241815	0.00212216943594	0.017909823876	0.00151928039164	0.000522503838394	0.000514465317803	0.000269290439787	0.000269290439787	0.00012057780886	0.000763659456114	0.000104500767679	6.83274250207e-05	0.000108520027974	5.22503838394e-05
0.011635758555	4.01926029534e-05	0.00520092282216	0	0	0	2.81348220673e-05	0.00858915925113	0.00263261549344	0.00136654850041	8.4404466202e-05	0.000860121703202	1.2057780886e-05	0.000233117097129	0.0107997524136	3.21540823627e-05	8.03852059067e-06	0.0057756770444	3.21540823627e-05	0.00106510397826	4.01926029534e-05	0.0149476290384	0.000763659456114	0.00940104983079	0.00158760781666	1.2057780886e-05	0.00151928039164	0.000430060851601	0.00684881954325	0.0142844510896	0.0490791874663	0	1.2057780886e-05	0.0019814953256	0.00867356371733	0.000426041591306	5.62696441347e-05	0.000944526169404	0	8.03852059067e-06	2.4115561772e-05	4.42118632487e-05	0.00202570718885	0.000192924494176	0.00166799302256	2.81348220673e-05	9.6462247088e-05	5.62696441347e-05	2.4115561772e-05	0.000329579344217	4.42118632487e-05	0.000124597069155	0.0006028890443	4.01926029534e-06	1.2057780886e-05	1.2057780886e-05	0.00234724801248	0.000401926029534	0.0024115561772	0.000920410607632	1.2057780886e-05	0.000100481507383	8.4404466202e-05	0.00347666015546	0.000217040055948	0.00266476957581	4.01926029534e-06	2.00963014767e-05	8.03852059067e-06	0.000213020795653	0.00264467327433	0.00084404466202	0.00425237739246	0.00119372030771	5.62696441347e-05	2.4115561772e-05	8.03852059067e-06	0.000176847452995	6.83274250207e-05	0.000273309700083	6.83274250207e-05	8.4404466202e-05	8.03852059067e-05	0
0	0	0	0	0	0	0	0	8.03852059067e-06	0	8.03852059067e-06	0.000148712630927	8.03852059067e-06	0.000285367480969	1.2057780886e-05	0	0	4.01926029534e-06	0	2.81348220673e-05	8.03852059067e-06	0	0	0	0	6.028890443e-05	0.000377810467762	2.81348220673e-05	0	1.60770411813e-05	0	0.000494369016326	0	0	2.4115561772e-05	0	0	4.01926029534e-06	0	0	0	0	0	0	0	0	4.01926029534e-06	0	2.81348220673e-05	0	0	0	4.01926029534e-06	0	0	0	0	0	4.01926029534e-06	0	1.2057780886e-05	2.00963014767e-05	3.21540823627e-05	0	0	0	2.81348220673e-05	0	0	0	0	1.2057780886e-05	3.6173342658e-05	0	0	0	1.2057780886e-05	0	1.60770411813e-05	0	0	0	0	0
8.03852059067e-06	0	2.4115561772e-05	0	4.01926029534e-06	0.000731505373751	0.00108118101945	0.000188905233881	0.000486330495736	6.83274250207e-05	0.000261251919197	4.01926029534e-05	0.000176847452995	1.2057780886e-05	0.000333598604513	0.000269290439787	1.2057780886e-05	4.01926029534e-06	8.03852059067e-06	2.81348220673e-05	4.42118632487e-05	0	8.03852059067e-06	3.21540823627e-05	3.21540823627e-05	0	2.81348220673e-05	0	5.22503838394e-05	0.00187297529763	1.2057780886e-05	0	0.00321138897597	1.60770411813e-05	0.000683274250207	0	0	4.01926029534e-06	0	4.01926029534e-06	0	1.60770411813e-05	1.2057780886e-05	4.01926029534e-06	1.60770411813e-05	4.01926029534e-06	1.60770411813e-05	2.81348220673e-05	4.01926029534e-06	8.03852059067e-06	0	0	0	0	0	8.03852059067e-06	0	0	8.03852059067e-06	7.2346685316e-05	0	0	0	1.2057780886e-05	1.2057780886e-05	0	0	0	0	2.4115561772e-05	0.000116558548565	1.60770411813e-05	0.000144693370632	2.00963014767e-05	0.000558677181052	0.000691312770798	4.01926029534e-06	0	0	4.42118632487e-05	0	4.01926029534e-06	4.01926029534e-06	4.01926029534e-06
