0.0307339429151	9.77938594347e-05	0.000240039473158	0	5.33421051462e-05	2.66710525731e-05	0.00104461622578	0.0203900196921	0.0110862675195	0.000320052630877	0.000551201753177	0.000342278508021	8.44583331481e-05	4.44517542885e-06	0.0190875832915	0.000942377190916	0.000244484648587	0.00101349999778	3.11162280019e-05	0.000440072367456	0.000417846490312	0.00341389472936	0.00065788596347	0.00148468859324	0.00195587718869	4.44517542885e-06	0.000795686401764	0.000595653507466	0.00304494516876	0.0101794517321	0.00894369296284	8.8903508577e-06	0	0.00011557456115	0.00168472148753	3.55614034308e-05	1.77807017154e-05	0.000257820174873	0	0	0	2.22258771442e-05	5.33421051462e-05	0.000120019736579	0.000133355262865	4.44517542885e-06	1.33355262865e-05	0	0	0.000151135964581	0	0.000120019736579	6.22324560039e-05	0	4.44517542885e-06	0	0.000729008770331	0.000520085525175	0.00110240350635	0.000515640349746	0	3.55614034308e-05	1.77807017154e-05	0.000742344296618	0.00027115570116	0.000582317981179	0	3.11162280019e-05	0.000120019736579	0.000391175437739	0.00244484648587	0.00050230482346	0.00414290349969	0.0018491929784	0.000582317981179	1.33355262865e-05	0	4.44517542885e-05	4.44517542885e-06	0.000440072367456	0.000435627192027	6.66776314327e-05	4.44517542885e-06	0
9.77938594347e-05	0.0123264714642	7.11228068616e-05	0	0	0	0.000111129385721	3.11162280019e-05	2.22258771442e-05	0.00153358552295	8.8903508577e-06	0.000173361841725	0	0.000293381578304	4.00065788596e-05	0.000137800438294	0.00136911403209	0.000600098682895	0	0.00027115570116	0	4.88969297173e-05	0.00512973244489	0.00065788596347	0.00227592981957	0.00065788596347	0.00173806359268	0.00882367322626	0.000689002191471	0.000106684210292	8.00131577193e-05	0.000120019736579	0	0	0.000208923245156	4.44517542885e-06	0.00279601534475	4.44517542885e-05	0	0	0	0	0	0	2.66710525731e-05	8.8903508577e-06	3.11162280019e-05	4.44517542885e-06	0.000151135964581	4.44517542885e-06	0	2.66710525731e-05	0.000133355262865	4.44517542885e-06	7.11228068616e-05	4.44517542885e-06	1.77807017154e-05	5.7787280575e-05	6.22324560039e-05	4.00065788596e-05	0.000662331138898	0.00103128069949	0.00259598245045	4.00065788596e-05	0	0	0	0	0	8.44583331481e-05	0.000742344296618	0.000280046052017	0.000635660086325	2.66710525731e-05	0.00011557456115	0	0	0.000173361841725	0.000244484648587	0.000102239034864	8.8903508577e-06	0	0	0
0.000240039473158	7.11228068616e-05	0.0244217938061	0	0	0	4.44517542885e-06	0.000560092104035	0.000520085525175	4.44517542885e-06	0.000297826753733	4.88969297173e-05	4.44517542885e-06	1.33355262865e-05	0.000226703946871	0	3.55614034308e-05	0.00409400656997	3.55614034308e-05	0.000240039473158	4.44517542885e-06	0.000800131577193	4.00065788596e-05	0.00929041664629	3.11162280019e-05	0	0.00402288376311	0.0112863004138	0.0002311491223	1.77807017154e-05	0.000635660086325	2.22258771442e-05	0	0	9.77938594347e-05	4.44517542885e-06	0.0017558442944	0.00341833990478	0	4.44517542885e-06	0	0	3.11162280019e-05	4.44517542885e-06	4.00065788596e-05	8.8903508577e-06	8.8903508577e-06	0	3.11162280019e-05	1.33355262865e-05	0	2.22258771442e-05	0.000404510964025	4.00065788596e-05	0.000111129385721	4.44517542885e-06	5.33421051462e-05	0.000120019736579	0.00172028289096	4.00065788596e-05	5.7787280575e-05	0.00255597587159	0.00544978507577	7.11228068616e-05	0	3.55614034308e-05	0	0	8.8903508577e-06	0.000160026315439	0.000466743420029	0.00152914034752	0.000200032894298	3.11162280019e-05	4.44517542885e-06	0	0	0.000133355262865	0.000142245613723	1.77807017154e-05	0	0	0	0
0	0	0	0	0	0	0	0	0	0	0	0	0	0	0	0	0	0	0	0	0	0	0	0	0	0	0	0	0	0	0	0	0	0	0	0	0	0	0	0	0	0	0	0	0	0	0	0	0	0	0	0	0	0	0	0	0	0	0	0	0	0	0	0	0	0	0	0	0	0	0	0	0	0	0	0	0	0	0	0	0	0	0	0
5.33421051462e-05	0	0	0	0.0203633486396	4.44517542885e-06	0.00173806359268	0.00484968639287	0.00146246271609	0.000262265350302	0.00584540568894	0.000528975876033	0.00334721709792	4.44517542885e-06	0.00179140569783	0.000626769735468	1.33355262865e-05	0	0	4.44517542885e-06	0.00590763814494	2.22258771442e-05	0	4.00065788596e-05	0.00555646928606	8.8903508577e-06	2.66710525731e-05	8.8903508577e-06	0.0124864977796	0.00038673026231	1.77807017154e-05	0	0	0	0.000662331138898	0	0	0	0	0.0020803421007	0	6.22324560039e-05	8.8903508577e-06	8.8903508577e-06	0.000631214910896	0.00136911403209	8.8903508577e-06	0.000804576752622	8.8903508577e-06	8.8903508577e-06	0	0	0	0	0	0.00143579166352	0	0	0	0.00498748683117	1.33355262865e-05	4.44517542885e-06	0	0.00212034867956	1.33355262865e-05	0	0	0	0	8.8903508577e-06	0.000475633770887	8.44583331481e-05	0.00160470832981	0.000324497806306	0.000240039473158	2.66710525731e-05	2.66710525731e-05	4.44517542885e-06	1.77807017154e-05	4.44517542885e-06	0	0	0	4.44517542885e-06
2.66710525731e-05	0	0	0	4.44517542885e-06	0.00499637718203	0.00305828069505	0.000173361841725	0.000751234647475	4.44517542885e-06	4.00065788596e-05	0	2.22258771442e-05	0	0.000257820174873	0.00160915350524	0	0	0	0	7.55679822904e-05	3.11162280019e-05	0	4.44517542885e-06	8.44583331481e-05	0	0	4.44517542885e-06	9.33486840058e-05	1.77807017154e-05	4.44517542885e-06	0	0.000804576752622	0	6.66776314327e-05	0	0	0	0	0	0	0	0	0	0	0	0	0	0	0	0	0	0	0	0	0	0	0	0	8.8903508577e-06	0	0	0	8.8903508577e-06	0	0	0	0	0	0	0.000435627192027	0	0.000324497806306	5.7787280575e-05	0.00110684868178	0.00073345394576	0	0	0	0	0	0	0	0
0.00104461622578	0.000111129385721	4.44517542885e-06	0	0.00173806359268	0.00305828069505	0.0440828047279	0.00975271489089	0.0200388508332	0.00126242982179	0.010810666643	0.000524530700604	0.00852584647253	2.66710525731e-05	0.0115752368167	0.00493858990145	4.44517542885e-06	0	8.8903508577e-06	2.66710525731e-05	0.00636993638954	0.00015558114001	0.000280046052017	8.00131577193e-05	0.00341833990478	0.000111129385721	8.00131577193e-05	0.000151135964581	0.00461853727057	0.000146690789152	4.88969297173e-05	0	0.000817912278908	0	0.000648995612612	8.8903508577e-05	0	3.55614034308e-05	0	6.22324560039e-05	1.77807017154e-05	9.77938594347e-05	0.000297826753733	4.44517542885e-05	0.000106684210292	4.44517542885e-05	6.22324560039e-05	2.66710525731e-05	3.11162280019e-05	0.000128910087437	0	8.8903508577e-06	1.33355262865e-05	0	0	8.00131577193e-05	2.66710525731e-05	2.66710525731e-05	6.66776314327e-05	0.000302271929162	8.00131577193e-05	3.55614034308e-05	1.33355262865e-05	0.000951267541774	0.00038673026231	0.000120019736579	0	4.44517542885e-05	1.77807017154e-05	0.000164471490867	0.00224036841614	0.000253374999444	0.00179140569783	0.000177807017154	0.00638327191583	0.000582317981179	0.000240039473158	2.22258771442e-05	9.33486840058e-05	4.44517542885e-05	4.44517542885e-06	1.33355262865e-05	4.44517542885e-06	8.44583331481e-05
0.0203900196921	3.11162280019e-05	0.000560092104035	0	0.00484968639287	0.000173361841725	0.00975271489089	0.0819779252588	0.0225948267048	0.00088903508577	0.0167049692616	0.00154247587381	0.000391175437739	3.11162280019e-05	0.0222792192494	0.00252041446816	0.000208923245156	0.0021114583287	6.22324560039e-05	0.000880144734912	0.00103572587492	0.00720118419473	0.000404510964025	0.00230704604757	0.011681921027	2.66710525731e-05	0.00176917982068	0.000857918857768	0.0318096753688	0.00659664033641	0.013744482426	4.44517542885e-05	0	8.8903508577e-06	0.00304939034419	3.55614034308e-05	4.00065788596e-05	0.000360059209737	0	0.000511195174318	2.22258771442e-05	0.000528975876033	0.000360059209737	0.000377839911452	0.00111573903264	0.00100460964692	0.000164471490867	0.000689002191471	5.7787280575e-05	0.000644550437183	4.44517542885e-06	0.000146690789152	7.11228068616e-05	4.44517542885e-06	8.8903508577e-06	0.000760124998333	0.00088903508577	0.000564537279464	0.00148024341781	0.00672999559928	3.55614034308e-05	0.000128910087437	8.44583331481e-05	0.00409400656997	0.000915706138343	0.000600098682895	4.44517542885e-06	0.000106684210292	0.000168916666296	0.00100905482235	0.00592097367123	0.000542311402319	0.0103439232229	0.00358281139565	0.000946822366345	0.000106684210292	3.55614034308e-05	0.000262265350302	5.33421051462e-05	0.000608989033752	0.000404510964025	6.66776314327e-05	2.22258771442e-05	2.66710525731e-05
0.0110862675195	2.22258771442e-05	0.000520085525175	0	0.00146246271609	0.000751234647475	0.0200388508332	0.0225948267048	0.0517018354129	0.000173361841725	0.0104817236612	0.000457853069171	0.00304494516876	4.44517542885e-06	0.0262976578371	0.000933486840058	0.000151135964581	0.000564537279464	4.44517542885e-06	0.000137800438294	0.0059165284958	0.00453852411285	0.000288936402875	0.00152469517209	0.00267155043274	2.66710525731e-05	0.000702337717758	0.000497859648031	0.00656552410841	0.000675666665185	0.00514306797118	0	0.000573427630321	0	0.00112907455893	4.00065788596e-05	8.8903508577e-06	0.000244484648587	0	1.77807017154e-05	0	0.000240039473158	0.000137800438294	0.000257820174873	8.8903508577e-05	9.77938594347e-05	3.55614034308e-05	1.77807017154e-05	1.33355262865e-05	0.000342278508021	4.44517542885e-06	0.000133355262865	4.88969297173e-05	0	0	2.66710525731e-05	0.000591208332037	0.000342278508021	0.00101794517321	0.000524530700604	3.11162280019e-05	4.00065788596e-05	1.77807017154e-05	0.000537866226891	0.000422291665741	0.000560092104035	0	3.11162280019e-05	0.000124464912008	0.000306717104591	0.00221369736357	0.000200032894298	0.00280935087103	0.000360059209737	0.0011246293835	0.000711228068616	0.000120019736579	8.00131577193e-05	3.55614034308e-05	0.00015558114001	0.000120019736579	0	0	3.11162280019e-05
0.000320052630877	0.00153358552295	4.44517542885e-06	0	0.000262265350302	4.44517542885e-06	0.00126242982179	0.00088903508577	0.000173361841725	0.0180474122411	3.11162280019e-05	4.44517542885e-05	0.00109795833093	1.77807017154e-05	0.000257820174873	0.00188475438183	0.00011557456115	4.00065788596e-05	1.33355262865e-05	4.00065788596e-05	0.000177807017154	5.7787280575e-05	0.00322719736134	0.000120019736579	0.0098771798029	0.000293381578304	0.000213368420585	0.000635660086325	0.00677444735356	0.000440072367456	0.000293381578304	4.44517542885e-06	0	0	0.000142245613723	6.66776314327e-05	1.33355262865e-05	6.22324560039e-05	0	0.000448962718314	0	6.22324560039e-05	0.000275600876589	8.44583331481e-05	0.00808577410508	0.000151135964581	4.88969297173e-05	2.22258771442e-05	5.33421051462e-05	0.000133355262865	4.44517542885e-06	7.55679822904e-05	2.66710525731e-05	1.77807017154e-05	4.44517542885e-05	0.000435627192027	8.8903508577e-06	0.000177807017154	0.000120019736579	0.00581873463636	2.66710525731e-05	0.000133355262865	0.000182252192583	0.000955712717202	0.0002311491223	0.000106684210292	4.44517542885e-06	3.55614034308e-05	0.000240039473158	0.000408956139454	0.000680111840614	7.55679822904e-05	0.000404510964025	0.000128910087437	0.00183141227669	4.44517542885e-06	0	0.00139578508466	0.000257820174873	0.000493414472602	0.000151135964581	9.77938594347e-05	1.33355262865e-05	0
0.000551201753177	8.8903508577e-06	0.000297826753733	0	0.00584540568894	4.00065788596e-05	0.010810666643	0.0167049692616	0.0104817236612	3.11162280019e-05	0.0480256753333	0.00356503069394	0.00453852411285	7.11228068616e-05	0.00813467103479	0.000729008770331	4.00065788596e-05	0.000186697368012	3.11162280019e-05	3.55614034308e-05	0.0106061885732	0.00144023683895	3.55614034308e-05	0.000564537279464	0.000902370612056	4.44517542885e-05	0.000631214910896	0.000120019736579	0.0110373705898	0.00168472148753	0.00149357894409	5.33421051462e-05	0	0	0.00435182674484	0	8.8903508577e-06	6.66776314327e-05	0	0.000902370612056	0	1.77807017154e-05	0	1.77807017154e-05	2.22258771442e-05	0.000493414472602	4.44517542885e-06	0.000320052630877	2.22258771442e-05	1.77807017154e-05	0	4.44517542885e-06	0	0	4.44517542885e-06	0.000666776314327	8.8903508577e-06	8.8903508577e-06	0.00011557456115	0.00124464912008	2.66710525731e-05	4.88969297173e-05	1.33355262865e-05	0.000528975876033	2.22258771442e-05	0	0	0	0	1.33355262865e-05	0.00122686841836	0.000328942981735	0.00705893858101	0.00065788596347	0.000377839911452	0.000137800438294	7.11228068616e-05	0	3.55614034308e-05	8.8903508577e-06	0	0	0	2.66710525731e-05
0.000342278508021	0.000173361841725	4.88969297173e-05	0	0.000528975876033	0	0.000524530700604	0.00154247587381	0.000457853069171	4.44517542885e-05	0.00356503069394	0.0371972279886	0.000413401314883	0.00525864253233	0.0012179780675	0.000142245613723	6.66776314327e-05	0.00227148464414	0.00486302191916	0.00847694954281	0.00237816885443	0.000897925436627	0.000102239034864	0.000862364033197	0.000426736841169	0.00169361183839	0.00738343638732	0.00136911403209	0.00115130043607	0.00114241008521	0.000937932015487	0.000680111840614	0	1.33355262865e-05	0.0122864648853	0	0.000120019736579	4.44517542885e-06	0	2.22258771442e-05	0	1.33355262865e-05	4.44517542885e-06	4.44517542885e-06	1.77807017154e-05	0.000128910087437	0.000551201753177	0.000106684210292	0.00290269955504	0	0	0	0	5.7787280575e-05	8.00131577193e-05	0.000106684210292	0	0	2.66710525731e-05	4.44517542885e-05	0.000826802629766	0.000444517542885	0.00034672368345	3.11162280019e-05	5.7787280575e-05	0	0.000653440788041	0	0	0.000200032894298	0.00544089472491	0.00829914252566	0.0155536688255	0.00344056578193	0.000177807017154	8.00131577193e-05	0.00167583113668	1.77807017154e-05	0.000897925436627	0.000173361841725	0	0	0	0.00034672368345
8.44583331481e-05	0	4.44517542885e-06	0	0.00334721709792	2.22258771442e-05	0.00852584647253	0.000391175437739	0.00304494516876	0.00109795833093	0.00453852411285	0.000413401314883	0.0240083924912	2.22258771442e-05	0.00275156359046	0.00237816885443	0	0	0	0	0.0123220262888	4.88969297173e-05	0	4.44517542885e-06	0.000373394736023	9.33486840058e-05	8.8903508577e-06	8.8903508577e-06	0.000746789472047	4.00065788596e-05	4.44517542885e-05	0	4.44517542885e-06	0	0.00034672368345	0	0	0	0	0.000408956139454	1.33355262865e-05	0.000355614034308	0	6.22324560039e-05	0.000400065788596	0.000404510964025	0.000142245613723	0.00184474780297	7.11228068616e-05	5.7787280575e-05	0.000102239034864	4.44517542885e-06	0	0	0	0.00050230482346	0	8.8903508577e-06	8.8903508577e-06	0.000333388157164	4.44517542885e-05	4.44517542885e-06	4.44517542885e-06	4.44517542885e-05	0.000311162280019	8.8903508577e-06	0	5.33421051462e-05	8.8903508577e-06	0.000213368420585	0.000186697368012	0.000164471490867	0.000866809208625	8.8903508577e-06	0.00160026315439	3.11162280019e-05	0.000164471490867	8.8903508577e-06	8.44583331481e-05	6.66776314327e-05	0	0.00019114254344	0	4.00065788596e-05
4.44517542885e-06	0.000293381578304	1.33355262865e-05	0	4.44517542885e-06	0	2.66710525731e-05	3.11162280019e-05	4.44517542885e-06	1.77807017154e-05	7.11228068616e-05	0.00525864253233	2.22258771442e-05	0.0100683223463	0	4.44517542885e-06	4.44517542885e-06	3.11162280019e-05	0.000146690789152	8.8903508577e-05	4.88969297173e-05	1.77807017154e-05	0.000186697368012	4.88969297173e-05	0.00015558114001	0.00236038815272	0.00264932455559	0.000991274120633	5.7787280575e-05	4.44517542885e-06	8.8903508577e-06	0.00179585087325	0	0	8.8903508577e-05	0	0.000120019736579	1.77807017154e-05	0	2.22258771442e-05	0	8.8903508577e-06	0	0	1.77807017154e-05	9.33486840058e-05	0.00065788596347	8.8903508577e-05	0.00394731578082	0	0	0	4.44517542885e-06	8.44583331481e-05	9.33486840058e-05	8.8903508577e-05	0	1.33355262865e-05	4.44517542885e-06	1.77807017154e-05	0.00159581797896	0.000457853069171	0.000791241226335	4.44517542885e-06	4.88969297173e-05	0	0.000484524121744	0	0	0.000173361841725	6.22324560039e-05	0.00326275876477	0.000422291665741	2.66710525731e-05	4.44517542885e-06	0	0.00107573245378	1.77807017154e-05	0.000697892542329	0.000151135964581	0	0	0	0.000293381578304
0.0190875832915	4.00065788596e-05	0.000226703946871	0	0.00179140569783	0.000257820174873	0.0115752368167	0.0222792192494	0.0262976578371	0.000257820174873	0.00813467103479	0.0012179780675	0.00275156359046	0	0.0542444757582	0.000906815787485	0.000297826753733	0.00102683552406	3.11162280019e-05	0.0004622982446	0.00573427630321	0.00262709867845	0.000622324560039	0.000764570173762	0.00213368420585	1.33355262865e-05	0.000817912278908	0.000440072367456	0.0052230811289	0.0107928859412	0.00598320612723	0	0.000168916666296	3.11162280019e-05	0.00399621271053	0.000133355262865	4.44517542885e-06	0.000257820174873	0	1.33355262865e-05	2.66710525731e-05	0.0002311491223	0.000488969297173	0.000111129385721	0.000124464912008	4.00065788596e-05	3.55614034308e-05	0	1.77807017154e-05	0.000248929824016	0	4.44517542885e-05	6.66776314327e-05	0	4.44517542885e-06	0	0.000520085525175	0.000413401314883	0.000844583331481	0.000662331138898	0	2.66710525731e-05	2.22258771442e-05	0.00197810306584	0.00077346052462	0.000697892542329	0	6.66776314327e-05	0.000177807017154	0.000497859648031	0.0039606513071	0.000444517542885	0.00794352849135	0.00137800438294	0.00324053288763	0.000671221489756	5.33421051462e-05	8.8903508577e-05	4.44517542885e-06	0.000435627192027	0.000377839911452	6.66776314327e-05	8.8903508577e-06	0
0.000942377190916	0.000137800438294	0	0	0.000626769735468	0.00160915350524	0.00493858990145	0.00252041446816	0.000933486840058	0.00188475438183	0.000729008770331	0.000142245613723	0.00237816885443	4.44517542885e-06	0.000906815787485	0.0148824473358	0.000124464912008	4.88969297173e-05	3.55614034308e-05	0.000102239034864	0.000680111840614	0.000266710525731	0.000400065788596	0.000546756577748	0.00256042104702	1.33355262865e-05	9.33486840058e-05	0.000186697368012	0.00247151753844	0.000102239034864	4.88969297173e-05	0	0.000262265350302	4.44517542885e-06	6.22324560039e-05	1.77807017154e-05	0	0	0	8.8903508577e-06	4.44517542885e-06	0.00015558114001	0.000151135964581	6.66776314327e-05	3.55614034308e-05	5.7787280575e-05	3.11162280019e-05	4.44517542885e-06	8.8903508577e-06	0.000106684210292	0	8.8903508577e-06	0	0	0	4.44517542885e-06	9.77938594347e-05	1.33355262865e-05	0.000173361841725	0.000360059209737	4.44517542885e-06	3.55614034308e-05	8.8903508577e-06	0.000497859648031	0.000164471490867	0	0	1.77807017154e-05	8.8903508577e-06	0.000151135964581	0.00148024341781	0.000133355262865	0.000520085525175	0.000568982454893	0.00497859648031	0.000102239034864	0	1.33355262865e-05	8.8903508577e-06	0.000320052630877	0.000306717104591	5.7787280575e-05	1.33355262865e-05	0
0.000244484648587	0.00136911403209	3.55614034308e-05	0	1.33355262865e-05	0	4.44517542885e-06	0.000208923245156	0.000151135964581	0.00011557456115	4.00065788596e-05	6.66776314327e-05	0	4.44517542885e-06	0.000297826753733	0.000124464912008	0.0212657192516	0.000195587718869	1.77807017154e-05	0.000137800438294	1.77807017154e-05	0.002342607451	0.0100727675218	0.00837915568338	0.00564537279464	8.8903508577e-06	0.000182252192583	0.00361392762365	0.00263154385388	0.000306717104591	0.00103572587492	4.44517542885e-06	0	5.7787280575e-05	0.000253374999444	4.44517542885e-05	8.44583331481e-05	4.44517542885e-06	0	0	0	0	2.66710525731e-05	0	0.000337833332592	0	0	0	0	1.77807017154e-05	0	0.00308495174762	0	0	4.44517542885e-06	0	0.000293381578304	0.00481857016487	0.000564537279464	0.00088903508577	0	5.7787280575e-05	0.000195587718869	0.00145357236523	7.55679822904e-05	0.000200032894298	0	0	2.66710525731e-05	8.8903508577e-06	0.00307606139676	0.000400065788596	0.000875699559483	0.000515640349746	0.000173361841725	0	0	0.000124464912008	1.77807017154e-05	1.77807017154e-05	4.44517542885e-06	0	0	0
0.00101349999778	0.000600098682895	0.00409400656997	0	0	0	0	0.0021114583287	0.000564537279464	4.00065788596e-05	0.000186697368012	0.00227148464414	0	3.11162280019e-05	0.00102683552406	4.88969297173e-05	0.000195587718869	0.0312762543174	0.000822357454337	0.0107439890115	0	0.00260487280131	0.000257820174873	0.0100549868201	0.000102239034864	3.55614034308e-05	0.00405399999111	0.00656552410841	0.00077346052462	0.000666776314327	0.00541422367234	8.8903508577e-06	0	8.8903508577e-06	0.00714339691416	4.44517542885e-06	0.00105795175207	0.00117352631322	0	0	0	8.8903508577e-06	2.66710525731e-05	4.44517542885e-06	3.11162280019e-05	0	0	0	8.00131577193e-05	4.44517542885e-06	0	2.66710525731e-05	7.55679822904e-05	2.66710525731e-05	4.00065788596e-05	0	4.44517542885e-06	3.55614034308e-05	0.000195587718869	3.55614034308e-05	9.77938594347e-05	0.000960157892631	0.00164026973325	1.33355262865e-05	4.44517542885e-06	3.55614034308e-05	0	0	2.66710525731e-05	2.66710525731e-05	0.00521863595347	0.00334277192249	0.00519196490089	0.00162693420696	8.8903508577e-05	1.33355262865e-05	0	4.44517542885e-06	1.77807017154e-05	0	0	0	0	0
3.11162280019e-05	0	3.55614034308e-05	0	0	0	8.8903508577e-06	6.22324560039e-05	4.44517542885e-06	1.33355262865e-05	3.11162280019e-05	0.00486302191916	0	0.000146690789152	3.11162280019e-05	3.55614034308e-05	1.77807017154e-05	0.000822357454337	0.00768570831648	0.00512084209403	3.11162280019e-05	0.000333388157164	8.8903508577e-06	0.000280046052017	3.55614034308e-05	0.000173361841725	0.00206700657441	0.00057787280575	3.11162280019e-05	0.000160026315439	0.000248929824016	1.33355262865e-05	0	4.44517542885e-06	0.00157803727724	0	2.66710525731e-05	8.8903508577e-06	0	0	0	0	0	0	4.44517542885e-06	0	4.44517542885e-05	0	4.44517542885e-05	0	0	0	0	3.55614034308e-05	6.66776314327e-05	0	0	0	1.33355262865e-05	4.44517542885e-06	0.000266710525731	0.000444517542885	0.000248929824016	0	0	0	0	0	0	0	0.00106684210292	0.000902370612056	0.00210256797785	0.000640105261754	4.44517542885e-05	0	0	1.33355262865e-05	1.33355262865e-05	0	0	0	0	0
0.000440072367456	0.00027115570116	0.000240039473158	0	4.44517542885e-06	0	2.66710525731e-05	0.000880144734912	0.000137800438294	4.00065788596e-05	3.55614034308e-05	0.00847694954281	0	8.8903508577e-05	0.0004622982446	0.000102239034864	0.000137800438294	0.0107439890115	0.00512084209403	0.0233860679312	4.44517542885e-06	0.00113796490979	0.000142245613723	0.00147579824238	0.000240039473158	0.000177807017154	0.00544533990034	0.00205367104813	0.000528975876033	0.000506749998889	0.00281379604646	1.77807017154e-05	0	2.66710525731e-05	0.00840138156052	0	0.000377839911452	0.000195587718869	0	0	0	4.44517542885e-06	0	0	1.33355262865e-05	0	4.88969297173e-05	0	9.33486840058e-05	0	0	1.33355262865e-05	3.55614034308e-05	7.55679822904e-05	0.00015558114001	0	0	8.8903508577e-06	2.22258771442e-05	1.33355262865e-05	0.000475633770887	0.00102683552406	0.000653440788041	0	0	4.44517542885e-06	0	0	4.44517542885e-06	4.44517542885e-06	0.00546756577748	0.00215146490756	0.00755235305361	0.0018803092064	0.000142245613723	4.44517542885e-06	0	2.22258771442e-05	2.66710525731e-05	0	0	0	0	0
0.000417846490312	0	4.44517542885e-06	0	0.00590763814494	7.55679822904e-05	0.00636993638954	0.00103572587492	0.0059165284958	0.000177807017154	0.0106061885732	0.00237816885443	0.0123220262888	4.88969297173e-05	0.00573427630321	0.000680111840614	1.77807017154e-05	0	3.11162280019e-05	4.44517542885e-06	0.0260087214342	0.000217813596014	3.11162280019e-05	4.44517542885e-05	0.000262265350302	0.000164471490867	0.000137800438294	1.77807017154e-05	0.0018491929784	0.00100905482235	0.000186697368012	0	4.44517542885e-06	0	0.00275156359046	0	0	8.8903508577e-06	0	8.8903508577e-05	0	1.77807017154e-05	0	0	5.7787280575e-05	4.88969297173e-05	4.88969297173e-05	4.44517542885e-05	4.44517542885e-05	0	0	1.33355262865e-05	0	0	0	8.00131577193e-05	4.44517542885e-06	2.22258771442e-05	2.66710525731e-05	0.000133355262865	8.44583331481e-05	4.44517542885e-06	8.8903508577e-06	5.33421051462e-05	3.11162280019e-05	2.22258771442e-05	0	0	1.33355262865e-05	4.44517542885e-05	0.0004622982446	0.000293381578304	0.00488969297173	8.8903508577e-05	0.00019114254344	0.000151135964581	0.000244484648587	8.8903508577e-06	9.33486840058e-05	2.66710525731e-05	0	0	0	6.66776314327e-05
0.00341389472936	4.88969297173e-05	0.000800131577193	0	2.22258771442e-05	3.11162280019e-05	0.00015558114001	0.00720118419473	0.00453852411285	5.7787280575e-05	0.00144023683895	0.000897925436627	4.88969297173e-05	1.77807017154e-05	0.00262709867845	0.000266710525731	0.002342607451	0.00260487280131	0.000333388157164	0.00113796490979	0.000217813596014	0.0534354538302	0.00152914034752	0.028235754324	0.000475633770887	2.22258771442e-05	0.00116463596236	0.00193365131155	0.00877922147198	0.00191587060983	0.0187275240817	8.8903508577e-06	1.33355262865e-05	0.000426736841169	0.00763681138676	0.000120019736579	0.000102239034864	0.000360059209737	0	0	0	0.00011557456115	7.55679822904e-05	4.88969297173e-05	5.7787280575e-05	3.11162280019e-05	0	0	1.33355262865e-05	0.000133355262865	0	0.00217369078471	1.77807017154e-05	0	1.33355262865e-05	0	0.00292492543218	0.00468521490201	0.00179140569783	8.8903508577e-05	6.66776314327e-05	0.000168916666296	0.000284491227446	0.00329387499278	0.000408956139454	0.000920151313772	0	0	0.000182252192583	0.000160026315439	0.00636549121411	0.00136022368123	0.00587207674151	0.00305383551962	0.00160470832981	4.44517542885e-06	0	0.000111129385721	1.77807017154e-05	6.22324560039e-05	3.55614034308e-05	1.77807017154e-05	0	0
0.00065788596347	0.00512973244489	4.00065788596e-05	0	0	0	0.000280046052017	0.000404510964025	0.000288936402875	0.00322719736134	3.55614034308e-05	0.000102239034864	0	0.000186697368012	0.000622324560039	0.000400065788596	0.0100727675218	0.000257820174873	8.8903508577e-06	0.000142245613723	3.11162280019e-05	0.00152914034752	0.0273911709926	0.00609433551295	0.00687668638843	0.000484524121744	0.000724563594902	0.00865031138454	0.00230704604757	0.000853473682339	0.00104461622578	9.77938594347e-05	0	0.000111129385721	0.00038673026231	0.000102239034864	0.000142245613723	0.00015558114001	0	0	0	4.44517542885e-06	6.66776314327e-05	4.44517542885e-06	0.000600098682895	0	0	0	8.44583331481e-05	2.22258771442e-05	0	0.00517418419918	2.22258771442e-05	0	8.8903508577e-06	0	0.000746789472047	0.00959713375088	0.00146246271609	0.00173806359268	7.55679822904e-05	0.000124464912008	0.00240483990701	0.00304939034419	0.000120019736579	0.000262265350302	0	0	2.66710525731e-05	3.11162280019e-05	0.00237816885443	0.000764570173762	0.000680111840614	0.000204478069727	0.000337833332592	4.44517542885e-06	0	0.000200032894298	3.11162280019e-05	6.22324560039e-05	4.44517542885e-05	0	0	0
0.00148468859324	0.00065788596347	0.00929041664629	0	4.00065788596e-05	4.44517542885e-06	8.00131577193e-05	0.00230704604757	0.00152469517209	0.000120019736579	0.000564537279464	0.000862364033197	4.44517542885e-06	4.88969297173e-05	0.000764570173762	0.000546756577748	0.00837915568338	0.0100549868201	0.000280046052017	0.00147579824238	4.44517542885e-05	0.028235754324	0.00609433551295	0.0838982410441	0.000955712717202	2.66710525731e-05	0.00258709209959	0.0148068793535	0.00258709209959	0.000893480261199	0.00729453287874	4.00065788596e-05	0	0.000448962718314	0.0071656227913	3.55614034308e-05	0.000555646928606	0.00448962718314	0	4.44517542885e-06	0	8.8903508577e-06	0.000391175437739	4.00065788596e-05	0.000173361841725	3.11162280019e-05	0	4.44517542885e-06	1.77807017154e-05	4.88969297173e-05	0	0.00757013375533	0.000137800438294	0	4.00065788596e-05	4.44517542885e-06	0.00348501753622	0.0113174166418	0.0112951907647	0.000164471490867	0.000102239034864	0.000471188595458	0.00269377630988	0.00324942323849	4.88969297173e-05	0.000475633770887	0	0	4.00065788596e-05	0.000106684210292	0.0161848837364	0.00318719078248	0.00748123024675	0.00422736183283	0.00104906140121	0	0	0.000240039473158	0.000146690789152	0.000226703946871	0.000106684210292	5.7787280575e-05	0	0
0.00195587718869	0.00227592981957	3.11162280019e-05	0	0.00555646928606	8.44583331481e-05	0.00341833990478	0.011681921027	0.00267155043274	0.0098771798029	0.000902370612056	0.000426736841169	0.000373394736023	0.00015558114001	0.00213368420585	0.00256042104702	0.00564537279464	0.000102239034864	3.55614034308e-05	0.000240039473158	0.000262265350302	0.000475633770887	0.00687668638843	0.000955712717202	0.046509870512	0.000302271929162	0.000408956139454	0.00160026315439	0.0298271271276	0.00168472148753	0.00165805043496	8.00131577193e-05	0	4.44517542885e-05	0.000488969297173	0.000435627192027	4.00065788596e-05	8.44583331481e-05	0	0.00121353289208	0	0.000182252192583	0.000337833332592	9.33486840058e-05	0.00692558331815	0.00129354604979	3.55614034308e-05	0.000555646928606	9.33486840058e-05	0.000280046052017	8.8903508577e-06	0.000813467103479	4.44517542885e-05	4.44517542885e-06	4.00065788596e-05	0.000835692980623	0.000328942981735	0.00332943639621	0.000142245613723	0.0112685197121	7.11228068616e-05	9.77938594347e-05	0.00015558114001	0.00600543200437	0.000497859648031	0.000951267541774	4.44517542885e-06	4.44517542885e-06	0.00015558114001	0.000226703946871	0.00450740788485	0.000280046052017	0.00172028289096	0.000937932015487	0.00222258771442	3.11162280019e-05	1.33355262865e-05	0.00108462280464	0.00019114254344	0.000253374999444	9.77938594347e-05	2.66710525731e-05	8.8903508577e-06	4.44517542885e-06
4.44517542885e-06	0.00065788596347	0	0	8.8903508577e-06	0	0.000111129385721	2.66710525731e-05	2.66710525731e-05	0.000293381578304	4.44517542885e-05	0.00169361183839	9.33486840058e-05	0.00236038815272	1.33355262865e-05	1.33355262865e-05	8.8903508577e-06	3.55614034308e-05	0.000173361841725	0.000177807017154	0.000164471490867	2.22258771442e-05	0.000484524121744	2.66710525731e-05	0.000302271929162	0.00717895831759	0.00088903508577	0.00261376315216	6.66776314327e-05	0	4.00065788596e-05	8.00131577193e-05	0	0	0.000146690789152	0	0.000440072367456	4.44517542885e-06	0	4.44517542885e-06	0	4.44517542885e-06	4.44517542885e-06	4.44517542885e-06	3.55614034308e-05	3.11162280019e-05	0.000106684210292	1.77807017154e-05	0.00212923903042	0	0	0	0	4.44517542885e-06	1.33355262865e-05	1.33355262865e-05	0	3.55614034308e-05	0	1.77807017154e-05	0.00236483332815	0.000466743420029	0.00108906798007	3.11162280019e-05	4.00065788596e-05	1.33355262865e-05	0.000182252192583	0	4.44517542885e-06	5.7787280575e-05	4.88969297173e-05	0.00088903508577	0.000528975876033	4.44517542885e-06	1.33355262865e-05	4.44517542885e-06	0.000822357454337	3.55614034308e-05	0.00027115570116	4.44517542885e-05	4.44517542885e-06	0	0	0.000173361841725
0.000795686401764	0.00173806359268	0.00402288376311	0	2.66710525731e-05	0	8.00131577193e-05	0.00176917982068	0.000702337717758	0.000213368420585	0.000631214910896	0.00738343638732	8.8903508577e-06	0.00264932455559	0.000817912278908	9.33486840058e-05	0.000182252192583	0.00405399999111	0.00206700657441	0.00544533990034	0.000137800438294	0.00116463596236	0.000724563594902	0.00258709209959	0.000408956139454	0.00088903508577	0.0586185283802	0.0183852455737	0.000542311402319	0.000280046052017	0.00200921929384	0.00264043420474	0	1.33355262865e-05	0.00190253508355	4.00065788596e-05	0.00715673244045	0.000969048243489	0	2.66710525731e-05	0	0	4.44517542885e-06	1.77807017154e-05	6.66776314327e-05	2.66710525731e-05	0.0006934473669	1.33355262865e-05	0.00331610086992	3.55614034308e-05	0	2.66710525731e-05	2.22258771442e-05	0.000342278508021	0.000862364033197	3.11162280019e-05	3.11162280019e-05	8.44583331481e-05	1.77807017154e-05	8.44583331481e-05	0.00566315349635	0.0144068135649	0.0115752368167	5.7787280575e-05	0	4.00065788596e-05	0.000942377190916	0	8.8903508577e-06	0.0002311491223	0.00520530042718	0.00509861621689	0.00474300218258	0.00161359868067	0.000102239034864	0	4.44517542885e-06	0.000324497806306	0.000302271929162	0.00027115570116	1.77807017154e-05	0	0	6.66776314327e-05
0.000595653507466	0.00882367322626	0.0112863004138	0	8.8903508577e-06	4.44517542885e-06	0.000151135964581	0.000857918857768	0.000497859648031	0.000635660086325	0.000120019736579	0.00136911403209	8.8903508577e-06	0.000991274120633	0.000440072367456	0.000186697368012	0.00361392762365	0.00656552410841	0.00057787280575	0.00205367104813	1.77807017154e-05	0.00193365131155	0.00865031138454	0.0148068793535	0.00160026315439	0.00261376315216	0.0183852455737	0.0776394340403	0.00123575876922	0.000124464912008	0.00104017105035	0.000391175437739	0	4.44517542885e-06	0.00096460306806	4.44517542885e-06	0.0152202806684	0.00106684210292	0	2.22258771442e-05	0	2.22258771442e-05	5.7787280575e-05	3.11162280019e-05	0.000182252192583	4.88969297173e-05	0.000391175437739	0	0.00208923245156	3.11162280019e-05	0	0.00212923903042	0.00011557456115	0.000240039473158	0.000622324560039	2.22258771442e-05	6.66776314327e-05	0.00499637718203	0.00240928508244	0.000204478069727	0.00508972586603	0.00905482234856	0.0239950569649	0.000182252192583	3.11162280019e-05	6.22324560039e-05	0.00027115570116	0	3.11162280019e-05	0.000248929824016	0.00425847806084	0.000862364033197	0.00154692104924	0.000240039473158	0.000168916666296	4.44517542885e-06	1.77807017154e-05	0.000351168858879	0.000622324560039	0.000360059209737	4.88969297173e-05	8.8903508577e-06	0	8.8903508577e-06
0.00304494516876	0.000689002191471	0.0002311491223	0	0.0124864977796	9.33486840058e-05	0.00461853727057	0.0318096753688	0.00656552410841	0.00677444735356	0.0110373705898	0.00115130043607	0.000746789472047	5.7787280575e-05	0.0052230811289	0.00247151753844	0.00263154385388	0.00077346052462	3.11162280019e-05	0.000528975876033	0.0018491929784	0.00877922147198	0.00230704604757	0.00258709209959	0.0298271271276	6.66776314327e-05	0.000542311402319	0.00123575876922	0.0866097980557	0.00262265350302	0.00851695612167	4.00065788596e-05	8.8903508577e-06	0.000204478069727	0.00258709209959	0.000626769735468	5.7787280575e-05	0.000226703946871	0	0.00220480701271	4.44517542885e-06	0.00057787280575	0.00127576534808	0.000280046052017	0.00750790129932	0.0019869934167	0.000146690789152	0.00105350657664	9.33486840058e-05	0.000751234647475	1.77807017154e-05	0.000662331138898	4.88969297173e-05	1.33355262865e-05	5.33421051462e-05	0.00176917982068	0.00110240350635	0.00361392762365	0.000466743420029	0.0125798464636	4.88969297173e-05	0.000173361841725	0.000320052630877	0.0105128398892	0.00120908771665	0.00152469517209	4.44517542885e-06	4.00065788596e-05	0.000302271929162	0.000613434209181	0.00931264252344	0.000404510964025	0.00736121051017	0.00318274560706	0.00150246929495	5.33421051462e-05	1.77807017154e-05	0.0017869605224	0.000333388157164	0.000653440788041	0.000200032894298	6.22324560039e-05	1.77807017154e-05	3.11162280019e-05
0.0101794517321	0.000106684210292	1.77807017154e-05	0	0.00038673026231	1.77807017154e-05	0.000146690789152	0.00659664033641	0.000675666665185	0.000440072367456	0.00168472148753	0.00114241008521	4.00065788596e-05	4.44517542885e-06	0.0107928859412	0.000102239034864	0.000306717104591	0.000666776314327	0.000160026315439	0.000506749998889	0.00100905482235	0.00191587060983	0.000853473682339	0.000893480261199	0.00168472148753	0	0.000280046052017	0.000124464912008	0.00262265350302	0.0263643354685	0.00592541884665	1.33355262865e-05	1.33355262865e-05	0.00114685526064	0.00428514911341	1.77807017154e-05	8.8903508577e-06	5.33421051462e-05	0	8.8903508577e-06	4.44517542885e-06	4.44517542885e-06	8.8903508577e-06	1.77807017154e-05	0.000186697368012	0	0	0	0	3.11162280019e-05	0	0	0	0	0	0	3.11162280019e-05	0.000368949560594	0.000133355262865	0.000626769735468	0	8.8903508577e-06	0	0.000791241226335	0.000124464912008	0.000120019736579	0	4.44517542885e-06	6.66776314327e-05	7.55679822904e-05	0.000746789472047	0.000431182016598	0.00380951534252	0.00108906798007	0.000400065788596	8.44583331481e-05	4.44517542885e-06	1.33355262865e-05	4.44517542885e-06	0.000106684210292	9.33486840058e-05	0	0	0
0.00894369296284	8.00131577193e-05	0.000635660086325	0	1.77807017154e-05	4.44517542885e-06	4.88969297173e-05	0.013744482426	0.00514306797118	0.000293381578304	0.00149357894409	0.000937932015487	4.44517542885e-05	8.8903508577e-06	0.00598320612723	4.88969297173e-05	0.00103572587492	0.00541422367234	0.000248929824016	0.00281379604646	0.000186697368012	0.0187275240817	0.00104461622578	0.00729453287874	0.00165805043496	4.00065788596e-05	0.00200921929384	0.00104017105035	0.00851695612167	0.00592541884665	0.0464831994595	4.44517542885e-06	4.44517542885e-06	0.000533421051462	0.00760124998333	2.22258771442e-05	4.88969297173e-05	0.000302271929162	0	8.8903508577e-06	0	0.000244484648587	0.000102239034864	0.000142245613723	0.000160026315439	5.33421051462e-05	2.66710525731e-05	1.77807017154e-05	7.11228068616e-05	0.000244484648587	0	0.000142245613723	1.77807017154e-05	0	0	1.33355262865e-05	0.000497859648031	0.00107128727835	0.00065788596347	0.000511195174318	8.8903508577e-05	8.8903508577e-05	0.000137800438294	0.000782350875477	0.000742344296618	0.00125353947094	0	4.44517542885e-06	0.000946822366345	0.00102239034864	0.00164026973325	0.00141356578637	0.00364059867623	0.0016491600841	0.000951267541774	8.8903508577e-06	4.44517542885e-06	7.11228068616e-05	3.11162280019e-05	0.000142245613723	9.33486840058e-05	4.44517542885e-06	0	4.44517542885e-06
8.8903508577e-06	0.000120019736579	2.22258771442e-05	0	0	0	0	4.44517542885e-05	0	4.44517542885e-06	5.33421051462e-05	0.000680111840614	0	0.00179585087325	0	0	4.44517542885e-06	8.8903508577e-06	1.33355262865e-05	1.77807017154e-05	0	8.8903508577e-06	9.77938594347e-05	4.00065788596e-05	8.00131577193e-05	8.00131577193e-05	0.00264043420474	0.000391175437739	4.00065788596e-05	1.33355262865e-05	4.44517542885e-06	0.0029115899059	0	0	7.55679822904e-05	0	4.88969297173e-05	2.22258771442e-05	0	0	0	0	0	0	8.8903508577e-06	0	0.000177807017154	0	0.00119575219036	0	0	0	4.44517542885e-06	4.00065788596e-05	5.33421051462e-05	0	0	4.44517542885e-06	0	8.8903508577e-06	0.000466743420029	0.000408956139454	0.000573427630321	4.44517542885e-06	0	0	0.000466743420029	0	0	4.44517542885e-06	9.33486840058e-05	0.000640105261754	0.000164471490867	4.88969297173e-05	0	0	0	0	0	4.44517542885e-06	0	0	0	8.8903508577e-06
0	0	0	0	0	0.000804576752622	0.000817912278908	0	0.000573427630321	0	0	0	4.44517542885e-06	0	0.000168916666296	0.000262265350302	0	0	0	0	4.44517542885e-06	1.33355262865e-05	0	0	0	0	0	0	8.8903508577e-06	1.33355262865e-05	4.44517542885e-06	0	0.00132021710237	0	6.66776314327e-05	0	0	0	0	0	0	0	0	0	0	0	0	0	0	0	0	0	0	0	0	0	0	0	0	0	0	0	0	0	0	0	0	0	0	0	3.11162280019e-05	0	2.22258771442e-05	1.77807017154e-05	0.00011557456115	0.000222258771442	0	0	0	0	0	0	0	0
0.00011557456115	0	0	0	0	0	0	8.8903508577e-06	0	0	0	1.33355262865e-05	0	0	3.11162280019e-05	4.44517542885e-06	5.7787280575e-05	8.8903508577e-06	4.44517542885e-06	2.66710525731e-05	0	0.000426736841169	0.000111129385721	0.000448962718314	4.44517542885e-05	0	1.33355262865e-05	4.44517542885e-06	0.000204478069727	0.00114685526064	0.000533421051462	0	0	0.00185808332926	0.000515640349746	0	0	0	0	0	0	0	0	0	0	0	0	0	0	0	0	1.33355262865e-05	0	0	0	0	0	5.7787280575e-05	0	4.00065788596e-05	0	0	0	5.7787280575e-05	4.44517542885e-06	4.44517542885e-06	0	0	4.44517542885e-06	4.44517542885e-06	8.44583331481e-05	8.00131577193e-05	0.000124464912008	4.00065788596e-05	2.66710525731e-05	0	0	0	0	0	0	0	0	0
0.00168472148753	0.000208923245156	9.77938594347e-05	0	0.000662331138898	6.66776314327e-05	0.000648995612612	0.00304939034419	0.00112907455893	0.000142245613723	0.00435182674484	0.0122864648853	0.00034672368345	8.8903508577e-05	0.00399621271053	6.22324560039e-05	0.000253374999444	0.00714339691416	0.00157803727724	0.00840138156052	0.00275156359046	0.00763681138676	0.00038673026231	0.0071656227913	0.000488969297173	0.000146690789152	0.00190253508355	0.00096460306806	0.00258709209959	0.00428514911341	0.00760124998333	7.55679822904e-05	6.66776314327e-05	0.000515640349746	0.0398332170179	8.8903508577e-06	0.000124464912008	0.000600098682895	0	4.44517542885e-06	4.44517542885e-06	1.77807017154e-05	4.44517542885e-06	1.33355262865e-05	6.66776314327e-05	5.7787280575e-05	7.55679822904e-05	3.11162280019e-05	2.66710525731e-05	8.8903508577e-06	0	0.000106684210292	5.7787280575e-05	0	0	3.11162280019e-05	0.000164471490867	0.000315607455448	0.00106684210292	0.000120019736579	0.000111129385721	0.000200032894298	0.000186697368012	0.000173361841725	6.66776314327e-05	0.000133355262865	0	4.44517542885e-06	4.44517542885e-05	0.000208923245156	0.00511195174318	0.00339611402764	0.02280374995	0.00448518200771	0.000911260962914	0.000480078946316	0.000240039473158	4.88969297173e-05	0.000102239034864	0.000182252192583	9.33486840058e-05	0	0	9.77938594347e-05
