0.0151549097962	0	0	0	3.34397833102e-06	0.000133759133241	0.000384557508067	0.0103830527178	0.00152485411895	0.000210670634854	0.000535036532963	7.69115016135e-05	0	0	0.00571820294604	0.000120383219917	0	3.34397833102e-06	6.35355882894e-05	3.67837616412e-05	0	0	0	0	0.00105000919594	0	3.00958049792e-05	3.34397833102e-06	0.0069420990152	0.00564463542276	0.00281562975472	0	0	0.000702235449514	0.000789178886121	0	0	0	0	0	0	0	3.34397833102e-06	0	0	0	0	6.68795666204e-06	0	3.34397833102e-06	0	0.000147135046565	0	0	0	0	0	5.35036532963e-05	6.68795666204e-06	0.000187262786537	0	0	3.34397833102e-06	0.000123727198248	1.33759133241e-05	0.000100319349931	0	0	1.00319349931e-05	0.000170542894882	1.67198916551e-05	0	0.000444749118026	9.69753715996e-05	3.34397833102e-06	0	0	0.000203982678192	6.68795666204e-06	3.67837616412e-05	1.33759133241e-05	0	0	3.34397833102e-06
0	0.0151950375362	0.000110351284924	0	3.34397833102e-06	0	3.34397833102e-06	3.34397833102e-06	3.34397833102e-06	0.00692537912354	3.34397833102e-06	1.67198916551e-05	7.35675232824e-05	8.69434366065e-05	0	0	8.69434366065e-05	2.67518266482e-05	0	1.67198916551e-05	0	1.00319349931e-05	0.00712267384507	4.68156966343e-05	0.00661438913876	0.0027487501881	0.0044408032236	0.0118243073785	2.00638699861e-05	3.34397833102e-06	0	0	0	0	1.00319349931e-05	0	0.00672808440201	4.34717183033e-05	0	0	0	0	0	0	6.01916099584e-05	0	7.69115016135e-05	0	0.000514972662977	0	0	9.02874149376e-05	2.67518266482e-05	1.00319349931e-05	1.33759133241e-05	0	6.68795666204e-06	0.000314333963116	2.00638699861e-05	3.00958049792e-05	0.00279556588473	0.000120383219917	0.00744035178652	6.68795666204e-06	1.00319349931e-05	1.00319349931e-05	0.000117039241586	0	1.00319349931e-05	2.34078483171e-05	6.35355882894e-05	9.36313932686e-05	6.01916099584e-05	3.34397833102e-06	0	0	1.33759133241e-05	6.68795666204e-06	1.00319349931e-05	2.00638699861e-05	0	0	0	3.34397833102e-06
0	0.000110351284924	0.025043053721	0	0	0	1.67198916551e-05	0.000274206223144	3.34397833102e-06	0	2.34078483171e-05	6.68795666204e-05	0	1.00319349931e-05	6.68795666204e-06	0	1.33759133241e-05	0.00632011904563	6.68795666204e-06	7.02235449514e-05	0	0.000571820294604	0	0.00867427979067	3.00958049792e-05	0.00016385493822	0.0074169439382	0.0100988145597	0.000300958049792	1.00319349931e-05	0.000314333963116	0	3.34397833102e-06	6.68795666204e-06	0.000267518266482	6.68795666204e-06	0.00369175207745	0.000448093096357	0	0	0	0	3.34397833102e-06	6.35355882894e-05	3.34397833102e-06	0	3.34397833102e-06	3.34397833102e-06	4.01277399722e-05	5.35036532963e-05	0	1.33759133241e-05	9.69753715996e-05	3.34397833102e-05	0.000193950743199	3.34397833102e-06	1.00319349931e-05	2.67518266482e-05	3.34397833102e-05	1.00319349931e-05	0.000381213529736	0.00234747278838	0.00320353124112	2.67518266482e-05	1.33759133241e-05	4.68156966343e-05	1.67198916551e-05	0	1.00319349931e-05	2.67518266482e-05	0.00100653747764	0.00131418348409	0.00105000919594	7.02235449514e-05	1.67198916551e-05	0	0	7.69115016135e-05	9.02874149376e-05	3.34397833102e-05	2.34078483171e-05	0	0	0
0	0	0	0	0	0	0	0	0	0	0	0	0	0	0	0	0	0	0	0	0	0	0	0	0	0	0	0	0	0	0	0	0	0	0	0	0	0	0	0	0	0	0	0	0	0	0	0	0	0	0	0	0	0	0	0	0	0	0	0	0	0	0	0	0	0	0	0	0	0	0	0	0	0	0	0	0	0	0	0	0	0	0	0
3.34397833102e-06	3.34397833102e-06	0	0	0.0171546088381	8.69434366065e-05	0.00160176562056	1.00319349931e-05	7.35675232824e-05	0.00690865923189	0.00469160159842	0.000100319349931	0.00516644652143	0	0.000100319349931	0.00202310689027	2.67518266482e-05	0	7.35675232824e-05	4.01277399722e-05	0.00775468574964	4.01277399722e-05	2.00638699861e-05	6.35355882894e-05	0.00999180725309	0	5.35036532963e-05	0.000150479024896	0.00420003678376	9.69753715996e-05	0	0	0.000117039241586	0	3.34397833102e-06	0	3.00958049792e-05	6.68795666204e-06	0	0.00155160594559	0	0	0	0	0.000652075774549	6.68795666204e-06	0	0.000123727198248	0	0	0	3.34397833102e-05	2.67518266482e-05	0	2.67518266482e-05	0.00013041515491	3.34397833102e-06	0.000113695263255	2.67518266482e-05	0.00287247738635	0	3.34397833102e-06	6.68795666204e-06	0.00218696182849	7.02235449514e-05	0.000117039241586	0	0	7.02235449514e-05	0.00013041515491	0.000538380511294	7.02235449514e-05	0.000187262786537	3.00958049792e-05	0.00111354478423	1.67198916551e-05	0	5.35036532963e-05	6.68795666204e-06	3.67837616412e-05	3.34397833102e-06	0	0	3.34397833102e-06
0.000133759133241	0	0	0	8.69434366065e-05	0.00942333093682	0.00471166546841	0.00174555668879	0.00346436155094	1.33759133241e-05	0.00299286060626	9.36313932686e-05	4.34717183033e-05	0	0.00157835777224	0.00163520540387	3.34397833102e-06	3.34397833102e-06	3.67837616412e-05	5.68476316273e-05	0.000143791068234	6.68795666204e-06	0	3.34397833102e-06	4.01277399722e-05	0	1.33759133241e-05	0	0.000561788359611	0.000137103111572	0	0	0.00125399187413	0	7.02235449514e-05	0	0	0	0	9.02874149376e-05	0	0	6.68795666204e-06	3.34397833102e-06	0	0	0	9.02874149376e-05	0	0	0	0	0	0	0	0	0	0	0	0	0	0	0	0	0	6.68795666204e-06	0	0	0	2.00638699861e-05	0.000170542894882	0	0.000481532879667	0.000240766439833	0.00115701650253	0.00145463057399	0	1.33759133241e-05	0	1.33759133241e-05	3.34397833102e-06	0	3.34397833102e-06	0
0.000384557508067	3.34397833102e-06	1.67198916551e-05	0	0.00160176562056	0.00471166546841	0.0549783477403	0.00594559347255	0.0223243993379	0.00415322108713	0.0338678125366	0.00790516477453	0.0127940610945	3.67837616412e-05	0.00935979534853	0.00738350415489	3.00958049792e-05	0.00109348091424	0.0042903241987	0.00532695748132	0.000675483622866	0.000143791068234	6.68795666204e-06	0.000290926114799	0.0049156481466	0	0.0022204016118	0.000548412446287	0.00611948034577	0.00157501379391	0	3.34397833102e-06	0.00102994532595	0	0.00328044274273	0	3.34397833102e-05	3.34397833102e-06	0	0.000217358591516	0	0	2.34078483171e-05	3.00958049792e-05	0.000247454396496	3.00958049792e-05	0	0.00439398752696	0	3.00958049792e-05	0	1.67198916551e-05	2.00638699861e-05	0	1.00319349931e-05	3.34397833102e-05	1.33759133241e-05	4.01277399722e-05	3.34397833102e-06	0.000341085789764	3.34397833102e-06	3.34397833102e-06	2.00638699861e-05	0.000133759133241	0.000100319349931	4.01277399722e-05	0	0	0	0.000304302028123	0.00199301108529	0.000150479024896	0.0126302061563	0.00112023274089	0.00208998645689	0.000214014613185	5.01596749653e-05	0.000347773746426	6.68795666204e-06	0.00036114965975	6.68795666204e-06	2.34078483171e-05	1.00319349931e-05	3.34397833102e-05
0.0103830527178	3.34397833102e-06	0.000274206223144	0	1.00319349931e-05	0.00174555668879	0.00594559347255	0.0575498670769	0.0102559815412	0.00175558862379	0.0146265612199	0.00179571636376	2.67518266482e-05	6.68795666204e-06	0.0146232172416	0.000434717183033	3.00958049792e-05	0.000438061161364	0.000682171579528	0.00124730391747	3.34397833102e-06	0.00580514638265	3.34397833102e-06	0.005778394556	0.00299286060626	0	0.000254142353158	0.000953033824341	0.0251333411359	0.00511628684646	0.0172917119497	0	5.01596749653e-05	0.000932969954355	0.00443745924526	1.67198916551e-05	3.34397833102e-06	3.34397833102e-06	0	1.00319349931e-05	0	1.00319349931e-05	0.000317677941447	4.01277399722e-05	5.68476316273e-05	3.34397833102e-06	0	3.00958049792e-05	0	6.68795666204e-05	0	0.000103663328262	2.34078483171e-05	1.67198916551e-05	1.33759133241e-05	2.00638699861e-05	1.67198916551e-05	3.67837616412e-05	7.35675232824e-05	0.00137437509405	0	1.67198916551e-05	2.00638699861e-05	0.00112692069755	0.000187262786537	0.000344429768095	0	0	0.000103663328262	0.00116704843753	0.00208329850023	4.34717183033e-05	0.00662442107375	0.00164523733886	0.000354461703088	0.000143791068234	1.00319349931e-05	0.00114029661088	3.67837616412e-05	0.000578508251267	7.35675232824e-05	6.68795666204e-06	0	3.34397833102e-06
0.00152485411895	3.34397833102e-06	3.34397833102e-06	0	7.35675232824e-05	0.00346436155094	0.0223243993379	0.0102559815412	0.04335802304	0.000183918808206	0.0221103847247	0.00373856777408	0.000662107709542	5.01596749653e-05	0.0215151565818	0.000568476316273	1.67198916551e-05	0.000147135046565	0.00141115885569	0.00196960323697	0.000123727198248	4.34717183033e-05	3.34397833102e-06	7.02235449514e-05	0.00141450283402	0	0.000625323947901	4.68156966343e-05	0.00721296126001	0.00196291528031	2.34078483171e-05	6.68795666204e-06	0.000484876857998	1.33759133241e-05	0.00166530120885	0	0	0	0	2.67518266482e-05	0	0	2.00638699861e-05	3.34397833102e-06	0	3.34397833102e-06	0	0.000869434366065	0	3.34397833102e-06	0	5.68476316273e-05	0	0	0	6.68795666204e-06	0	4.34717183033e-05	0	0.000100319349931	0	0	3.34397833102e-06	5.35036532963e-05	1.33759133241e-05	0.000190606764868	0	0	0	0.000247454396496	0.000635355882894	2.34078483171e-05	0.00445417913692	0.000695547492852	0.000377869551405	5.35036532963e-05	6.35355882894e-05	0.000277550201475	1.67198916551e-05	6.01916099584e-05	6.68795666204e-06	0	0	3.34397833102e-06
0.000210670634854	0.00692537912354	0	0	0.00690865923189	1.33759133241e-05	0.00415322108713	0.00175558862379	0.000183918808206	0.0461669648381	0.000417997291378	2.67518266482e-05	0.00975438479159	6.68795666204e-06	0.000277550201475	0.00552090822451	0.000728987276162	1.00319349931e-05	3.34397833102e-06	1.67198916551e-05	0.00352120918256	1.67198916551e-05	0.0104465883061	0.000127071176579	0.0384289989801	0.00184922001705	0.00189269173536	0.00782825327292	0.0159440886823	0.000170542894882	6.35355882894e-05	0	2.34078483171e-05	1.67198916551e-05	5.68476316273e-05	1.00319349931e-05	0.00117039241586	4.01277399722e-05	0	0.000762427059473	0	0	0.000177230851544	2.34078483171e-05	0.00571151498938	3.34397833102e-06	0	3.34397833102e-05	1.00319349931e-05	8.35994582755e-05	0	0.00340751391931	3.34397833102e-06	3.00958049792e-05	3.34397833102e-05	3.00958049792e-05	0.000625323947901	0.00648731796218	0.000856058452741	0.0122423046699	0.000274206223144	3.67837616412e-05	0.00135431122406	0.00822284271598	0.00109682489257	0.0026952465348	3.34397833102e-06	0	0.000872778344396	0.00342088983263	0.000401277399722	4.01277399722e-05	9.69753715996e-05	7.35675232824e-05	0.0012941196141	2.00638699861e-05	3.34397833102e-06	0.00254142353158	0.000264174288151	0.000565132337942	0.000133759133241	2.67518266482e-05	0	3.34397833102e-06
0.000535036532963	3.34397833102e-06	2.34078483171e-05	0	0.00469160159842	0.00299286060626	0.0338678125366	0.0146265612199	0.0221103847247	0.000417997291378	0.0792322225752	0.00691534718855	0.00969419318163	2.00638699861e-05	0.0140982126436	0.000645387817887	6.68795666204e-05	0.00113360865422	0.00374859970907	0.00507281512816	0.00686184353525	0.000347773746426	6.68795666204e-06	0.000632011904563	0.00214683408852	0	0.00201641893361	0.00085271447441	0.011071912254	0.00194953936698	0.000193950743199	3.34397833102e-06	0.000849370496079	1.33759133241e-05	0.00404955775887	0	9.02874149376e-05	1.00319349931e-05	0	0.00203313882526	0	0	1.67198916551e-05	3.00958049792e-05	6.68795666204e-06	0.000769115016135	0	0.00931297965189	0	3.00958049792e-05	0	3.34397833102e-06	7.02235449514e-05	0	7.02235449514e-05	0.00156498185892	1.00319349931e-05	1.00319349931e-05	3.34397833102e-06	0.000401277399722	3.34397833102e-06	1.00319349931e-05	4.01277399722e-05	0.000354461703088	9.69753715996e-05	5.68476316273e-05	0	0	0	0.00032770987644	0.00389907873397	0.000324365898109	0.0138674781387	0.00248457589995	0.00392248658229	0.000317677941447	4.68156966343e-05	0.00036114965975	1.33759133241e-05	0.000371181594743	1.00319349931e-05	2.34078483171e-05	1.00319349931e-05	8.69434366065e-05
7.69115016135e-05	1.67198916551e-05	6.68795666204e-05	0	0.000100319349931	9.36313932686e-05	0.00790516477453	0.00179571636376	0.00373856777408	2.67518266482e-05	0.00691534718855	0.035145212259	0.0017789964721	0.00585530605762	0.00354127305255	2.34078483171e-05	1.00319349931e-05	0.000993161564313	0.00855724054908	0.0131485227976	0.000217358591516	0.000277550201475	1.67198916551e-05	0.000611948034577	0.00103997726095	0.00163186142554	0.00756073500644	0.00131418348409	0.00257486331489	0.00491899212493	1.67198916551e-05	0.000297614071461	2.00638699861e-05	1.33759133241e-05	0.00926281997693	0	0.000147135046565	4.34717183033e-05	0	5.68476316273e-05	0	0	6.68795666204e-06	3.34397833102e-06	1.67198916551e-05	1.00319349931e-05	0.000792522864452	0.00128074370078	0.00128743165744	3.34397833102e-06	0	1.00319349931e-05	2.00638699861e-05	2.00638699861e-05	1.67198916551e-05	3.34397833102e-06	1.00319349931e-05	2.67518266482e-05	3.34397833102e-06	2.34078483171e-05	0.000932969954355	0.000381213529736	0.000595228142922	3.34397833102e-05	1.33759133241e-05	2.67518266482e-05	0.000384557508067	0	0	6.01916099584e-05	0.00447758698524	0.00280894179806	0.0169640020733	0.00214349011018	0.000404621378053	2.34078483171e-05	0.00149475831397	8.35994582755e-05	6.68795666204e-06	4.68156966343e-05	6.68795666204e-06	3.34397833102e-06	0	0
0	7.35675232824e-05	0	0	0.00516644652143	4.34717183033e-05	0.0127940610945	2.67518266482e-05	0.000662107709542	0.00975438479159	0.00969419318163	0.0017789964721	0.0331354812821	0	0.00055844438128	0.00681502783862	5.01596749653e-05	1.67198916551e-05	0.00136434315906	0.000244110418164	0.00655754150713	6.01916099584e-05	0.000220702569847	0.000120383219917	0.0092059723453	1.67198916551e-05	0.000775802972797	0.000290926114799	0.00211673828354	0.000123727198248	0	0	4.34717183033e-05	0	0.000267518266482	0	2.67518266482e-05	3.34397833102e-06	0	0.00116036048086	0	3.34397833102e-06	0	1.33759133241e-05	0.000652075774549	0	0	0.00338745004932	0	1.33759133241e-05	0	3.00958049792e-05	6.68795666204e-06	0	3.34397833102e-06	5.35036532963e-05	5.01596749653e-05	0.000107007306593	4.34717183033e-05	0.00125733585246	0	0	2.00638699861e-05	0.000628667926232	3.67837616412e-05	2.00638699861e-05	0	0	0	0.000117039241586	0.000508284706315	5.68476316273e-05	0.00319015532779	0.000214014613185	0.00154826196726	2.00638699861e-05	1.67198916551e-05	0.000140447089903	0	0.000137103111572	0	1.33759133241e-05	3.34397833102e-06	1.67198916551e-05
0	8.69434366065e-05	1.00319349931e-05	0	0	0	3.67837616412e-05	6.68795666204e-06	5.01596749653e-05	6.68795666204e-06	2.00638699861e-05	0.00585530605762	0	0.0198866391346	0.000431373204702	0	0	0	4.34717183033e-05	0	0	0	1.00319349931e-05	0	1.00319349931e-05	0.00295607684462	0.00721630523834	0.00224046548178	1.33759133241e-05	0.000391245464729	0	0.000548412446287	1.33759133241e-05	0	0.000685515557859	0	0.000300958049792	0	0	0	0	0	0	0	0.00016385493822	0	0.00204985871692	0	0.00904880536374	0	0	3.34397833102e-06	0	0.000187262786537	0	0	0	0.000170542894882	0	3.34397833102e-06	0.00632346302396	0.00495577588657	0.00420672474042	3.34397833102e-06	0	0	0.00447089902857	0	0	3.67837616412e-05	3.34397833102e-06	0.00845357722082	0.000468156966343	0	0	6.68795666204e-06	0.00107676102259	2.67518266482e-05	3.00958049792e-05	2.00638699861e-05	3.34397833102e-06	0	0	3.34397833102e-06
0.00571820294604	0	6.68795666204e-06	0	0.000100319349931	0.00157835777224	0.00935979534853	0.0146232172416	0.0215151565818	0.000277550201475	0.0140982126436	0.00354127305255	0.00055844438128	0.000431373204702	0.0469427678109	0.000113695263255	2.00638699861e-05	0.000314333963116	0.000538380511294	0.00125399187413	0.000160510959889	0.000203982678192	0	0.000290926114799	0.00192613151867	0	0.000675483622866	9.69753715996e-05	0.0111354478423	0.010112190473	0.00123392800415	1.00319349931e-05	0.00131083950576	0.000177230851544	0.00490896018994	0	2.34078483171e-05	1.33759133241e-05	0	5.35036532963e-05	0	0	2.67518266482e-05	1.00319349931e-05	0	2.34078483171e-05	0	0.000859402431072	0	1.33759133241e-05	0	9.69753715996e-05	1.33759133241e-05	0	6.68795666204e-06	3.34397833102e-06	1.33759133241e-05	5.68476316273e-05	3.34397833102e-06	0.000157166981558	0	0	1.67198916551e-05	0.000100319349931	5.35036532963e-05	0.000264174288151	0	0	3.34397833102e-06	0.00036114965975	0.00132087144075	0.00013041515491	0.00432710796034	0.000765771037804	0.00170542894882	8.02554799445e-05	2.67518266482e-05	0.000474844923005	2.00638699861e-05	0.000120383219917	6.68795666204e-06	1.00319349931e-05	0	6.68795666204e-06
0.000120383219917	0	0	0	0.00202310689027	0.00163520540387	0.00738350415489	0.000434717183033	0.000568476316273	0.00552090822451	0.000645387817887	2.34078483171e-05	0.00681502783862	0	0.000113695263255	0.0137169991138	0.000428029226371	0	1.00319349931e-05	1.67198916551e-05	0.000257486331489	0.000344429768095	1.67198916551e-05	0.000200638699861	0.00553094015951	0	0	1.33759133241e-05	0.00278218997141	8.35994582755e-05	0.000103663328262	0	0.000347773746426	3.34397833102e-06	1.67198916551e-05	3.34397833102e-06	0	0	0	0.000123727198248	0	0	1.00319349931e-05	0	0.000277550201475	0	0	6.68795666204e-05	0	1.00319349931e-05	0	6.68795666204e-05	1.33759133241e-05	2.34078483171e-05	2.67518266482e-05	6.68795666204e-06	2.67518266482e-05	7.69115016135e-05	2.67518266482e-05	0.000434717183033	0	3.00958049792e-05	3.34397833102e-06	0.000183918808206	1.00319349931e-05	0.000153823003227	0	0	0	0.000240766439833	0.00019729472153	0	6.01916099584e-05	3.67837616412e-05	0.000448093096357	0.000160510959889	0	0.000337741811433	4.68156966343e-05	8.69434366065e-05	4.01277399722e-05	0	0	0
0	8.69434366065e-05	1.33759133241e-05	0	2.67518266482e-05	3.34397833102e-06	3.00958049792e-05	3.00958049792e-05	1.67198916551e-05	0.000728987276162	6.68795666204e-05	1.00319349931e-05	5.01596749653e-05	0	2.00638699861e-05	0.000428029226371	0.0229965389824	1.00319349931e-05	6.68795666204e-06	1.00319349931e-05	2.34078483171e-05	0.00238425655002	0.0101556621913	0.00464144192346	0.0109916567741	1.33759133241e-05	1.00319349931e-05	0.00205989065191	0.00401277399722	1.33759133241e-05	4.01277399722e-05	0	6.68795666204e-06	0	0.000173886873213	4.68156966343e-05	0.000177230851544	3.34397833102e-05	0	1.00319349931e-05	0	0	0	3.00958049792e-05	6.68795666204e-06	0	0	3.34397833102e-06	1.00319349931e-05	5.35036532963e-05	0	0.00463140998846	6.68795666204e-06	1.00319349931e-05	2.00638699861e-05	0	0.00365162433747	0.00990151983815	0.0078583490779	4.34717183033e-05	1.33759133241e-05	3.34397833102e-05	0.00314333963116	0.000652075774549	3.34397833102e-05	0.000153823003227	0	0	0	0.000160510959889	0.00307646006454	0.0017355247538	0.000280894179806	0.000217358591516	6.01916099584e-05	3.34397833102e-06	0	0.000421341269709	0.000217358591516	0.000120383219917	5.35036532963e-05	1.33759133241e-05	0	0
3.34397833102e-06	2.67518266482e-05	0.00632011904563	0	0	3.34397833102e-06	0.00109348091424	0.000438061161364	0.000147135046565	1.00319349931e-05	0.00113360865422	0.000993161564313	1.67198916551e-05	0	0.000314333963116	0	1.00319349931e-05	0.0286244545135	4.68156966343e-05	0.00917922051865	3.34397833102e-06	0.00163520540387	1.00319349931e-05	0.0104666521761	6.35355882894e-05	6.68795666204e-06	0.00604256884415	0.00318346737113	0.00039458944306	0.00206657860857	0.000665451687873	0	0	0.000247454396496	0.0101656941263	0	0.00147469444398	0.000147135046565	0	3.34397833102e-06	0	0	0	2.00638699861e-05	0	6.68795666204e-06	3.34397833102e-06	0.000514972662977	0	1.67198916551e-05	0	2.34078483171e-05	0.000183918808206	5.01596749653e-05	0.000314333963116	6.68795666204e-06	5.35036532963e-05	3.00958049792e-05	0.000100319349931	1.33759133241e-05	0.000123727198248	0.00145128659566	0.00122389606915	6.01916099584e-05	3.34397833102e-06	4.01277399722e-05	0	0	6.68795666204e-06	2.34078483171e-05	0.00328713069939	0.00163520540387	0.00830978615259	0.000822618669431	3.00958049792e-05	3.34397833102e-06	0	6.68795666204e-05	4.68156966343e-05	2.00638699861e-05	2.34078483171e-05	0	0	0
6.35355882894e-05	0	6.68795666204e-06	0	7.35675232824e-05	3.67837616412e-05	0.0042903241987	0.000682171579528	0.00141115885569	3.34397833102e-06	0.00374859970907	0.00855724054908	0.00136434315906	4.34717183033e-05	0.000538380511294	1.00319349931e-05	6.68795666204e-06	4.68156966343e-05	0.0105602835694	0.0034175458543	0.000170542894882	3.67837616412e-05	0	7.02235449514e-05	0.000387901486398	3.34397833102e-06	0.00440067548362	0.000147135046565	0.000946345867679	0.000451437074688	0	3.67837616412e-05	0	0	0.000742363189487	0	3.34397833102e-06	3.34397833102e-06	0	4.34717183033e-05	0	0	6.68795666204e-06	3.34397833102e-06	0	6.68795666204e-06	0	0.000742363189487	6.35355882894e-05	3.34397833102e-06	0	0	6.68795666204e-06	1.00319349931e-05	3.34397833102e-06	3.34397833102e-06	3.34397833102e-06	0	0	1.67198916551e-05	1.33759133241e-05	0.000247454396496	2.34078483171e-05	2.00638699861e-05	6.68795666204e-06	3.34397833102e-06	0	0	0	2.67518266482e-05	0.00141784681235	0.000441405139695	0.00689193934023	0.000769115016135	0.000314333963116	6.68795666204e-06	0	5.01596749653e-05	1.00319349931e-05	3.67837616412e-05	0	3.34397833102e-06	0	0
3.67837616412e-05	1.67198916551e-05	7.02235449514e-05	0	4.01277399722e-05	5.68476316273e-05	0.00532695748132	0.00124730391747	0.00196960323697	1.67198916551e-05	0.00507281512816	0.0131485227976	0.000244110418164	0	0.00125399187413	1.67198916551e-05	1.00319349931e-05	0.00917922051865	0.0034175458543	0.0248223511512	4.01277399722e-05	0.000835994582755	2.00638699861e-05	0.0019829791503	0.0008192746911	3.34397833102e-06	0.00224715343845	0.00118042435085	0.00179571636376	0.00332391446103	0.000177230851544	0	0	0.000183918808206	0.00910565299537	0	0.00045812503135	7.02235449514e-05	0	2.34078483171e-05	0	0	3.34397833102e-06	0	0	1.33759133241e-05	0	0.0014981022923	0	0	0	6.68795666204e-06	4.68156966343e-05	1.67198916551e-05	8.02554799445e-05	3.34397833102e-06	1.00319349931e-05	1.33759133241e-05	1.00319349931e-05	6.68795666204e-06	0.00016385493822	0.00019729472153	0.00032770987644	1.33759133241e-05	3.34397833102e-06	2.00638699861e-05	0	0	0	2.34078483171e-05	0.00453443461686	0.000464812988012	0.013446136869	0.00196291528031	7.35675232824e-05	6.68795666204e-06	0	4.34717183033e-05	1.33759133241e-05	6.68795666204e-06	6.68795666204e-06	0	0	0
0	0	0	0	0.00775468574964	0.000143791068234	0.000675483622866	3.34397833102e-06	0.000123727198248	0.00352120918256	0.00686184353525	0.000217358591516	0.00655754150713	0	0.000160510959889	0.000257486331489	2.34078483171e-05	3.34397833102e-06	0.000170542894882	4.01277399722e-05	0.0176695815011	5.68476316273e-05	3.34397833102e-06	0.000103663328262	0.00422678861041	0	0.000110351284924	0.000227390526509	0.00225718537344	0.000180574829875	0	0	0.000217358591516	0	1.00319349931e-05	0	4.34717183033e-05	6.68795666204e-06	0	0.0023173769834	0	0	0	0	0.000468156966343	1.00319349931e-05	0	0.000742363189487	0	0	0	0	3.67837616412e-05	0	4.01277399722e-05	0.000210670634854	0	3.34397833102e-06	3.34397833102e-06	0.00303298834624	0	6.68795666204e-06	1.00319349931e-05	0.00228059322176	0	3.34397833102e-06	0	0	0	1.67198916551e-05	0.000909562106038	8.35994582755e-05	0.000384557508067	7.02235449514e-05	0.00205989065191	4.01277399722e-05	0	2.34078483171e-05	6.68795666204e-06	1.67198916551e-05	0	0	0	6.68795666204e-06
0	1.00319349931e-05	0.000571820294604	0	4.01277399722e-05	6.68795666204e-06	0.000143791068234	0.00580514638265	4.34717183033e-05	1.67198916551e-05	0.000347773746426	0.000277550201475	6.01916099584e-05	0	0.000203982678192	0.000344429768095	0.00238425655002	0.00163520540387	3.67837616412e-05	0.000835994582755	5.68476316273e-05	0.0496982059556	0.000859402431072	0.0288150612784	0.00187262786537	6.68795666204e-06	0.000190606764868	0.00167198916551	0.010566971526	0.000287582136468	0.0189971408985	0	4.01277399722e-05	0.00421675667542	0.00846360915581	1.33759133241e-05	0.000321021919778	5.35036532963e-05	0	5.35036532963e-05	0	0	0	1.33759133241e-05	0	0	0	7.02235449514e-05	0	2.34078483171e-05	0	0.000872778344396	0.000367837616412	6.68795666204e-06	0.000274206223144	3.34397833102e-06	0.000214014613185	0.00150144627063	0.00117373639419	1.00319349931e-05	2.34078483171e-05	4.68156966343e-05	0.000321021919778	8.69434366065e-05	2.00638699861e-05	3.67837616412e-05	0	0	0	8.02554799445e-05	0.0108813054891	0.00278218997141	0.0071360497584	0.00208329850023	0.000438061161364	1.00319349931e-05	1.00319349931e-05	0.000157166981558	5.01596749653e-05	0.000143791068234	0.000117039241586	6.68795666204e-06	0	0
0	0.00712267384507	0	0	2.00638699861e-05	0	6.68795666204e-06	3.34397833102e-06	3.34397833102e-06	0.0104465883061	6.68795666204e-06	1.67198916551e-05	0.000220702569847	1.00319349931e-05	0	1.67198916551e-05	0.0101556621913	1.00319349931e-05	0	2.00638699861e-05	3.34397833102e-06	0.000859402431072	0.0359009513618	0.00732665652327	0.0160143122273	0.00190941162701	0.00170877292715	0.0118008995302	0.00209667441355	3.34397833102e-06	0	0	0	0	6.68795666204e-06	3.34397833102e-05	0.00386563895066	6.01916099584e-05	0	3.34397833102e-06	0	0	0	2.67518266482e-05	0.00016385493822	0	0	0	3.34397833102e-05	4.01277399722e-05	0	0.00592218562424	0	3.34397833102e-06	1.00319349931e-05	0	0.00482536073166	0.0190874283135	0.00912906084369	0.00036114965975	0.000307646006454	3.00958049792e-05	0.0108110819442	0.00234747278838	3.67837616412e-05	5.35036532963e-05	6.68795666204e-06	0	3.34397833102e-06	1.00319349931e-05	0.000237422461502	2.34078483171e-05	1.67198916551e-05	6.68795666204e-06	3.34397833102e-06	0	3.34397833102e-06	0.000351117724757	0.000314333963116	1.00319349931e-05	6.68795666204e-06	3.34397833102e-06	0	0
0	4.68156966343e-05	0.00867427979067	0	6.35355882894e-05	3.34397833102e-06	0.000290926114799	0.005778394556	7.02235449514e-05	0.000127071176579	0.000632011904563	0.000611948034577	0.000120383219917	0	0.000290926114799	0.000200638699861	0.00464144192346	0.0104666521761	7.02235449514e-05	0.0019829791503	0.000103663328262	0.0288150612784	0.00732665652327	0.0781621495093	0.00155829390226	3.67837616412e-05	0.00148472637897	0.0126101422863	0.00697553879851	0.000755739102811	0.00911902890869	0	5.68476316273e-05	0.000224046548178	0.0107274824859	1.67198916551e-05	0.00238091257169	0.00111354478423	0	8.35994582755e-05	0	0	0	4.34717183033e-05	3.34397833102e-06	0	3.34397833102e-06	0.000110351284924	3.34397833102e-06	5.35036532963e-05	0	0.0025982711632	0.000782490929459	1.33759133241e-05	0.000678827601197	1.00319349931e-05	0.000528348576301	0.00789847681787	0.00393920647394	3.67837616412e-05	6.01916099584e-05	0.000347773746426	0.00763764650805	0.000297614071461	3.67837616412e-05	0.000123727198248	0	0	1.33759133241e-05	0.000127071176579	0.0174221271046	0.00627330334899	0.0093564513702	0.00277884599308	0.000658763731211	1.00319349931e-05	2.34078483171e-05	0.000508284706315	0.000307646006454	0.000157166981558	0.000137103111572	6.68795666204e-06	0	0
0.00105000919594	0.00661438913876	3.00958049792e-05	0	0.00999180725309	4.01277399722e-05	0.0049156481466	0.00299286060626	0.00141450283402	0.0384289989801	0.00214683408852	0.00103997726095	0.0092059723453	1.00319349931e-05	0.00192613151867	0.00553094015951	0.0109916567741	6.35355882894e-05	0.000387901486398	0.0008192746911	0.00422678861041	0.00187262786537	0.0160143122273	0.00155829390226	0.0722265879717	0.0017789964721	0.00185925195205	0.0081492751927	0.0310956545002	0.000508284706315	0.000300958049792	0	6.68795666204e-06	2.67518266482e-05	0.000638699861225	0.00013041515491	0.00119380026417	5.35036532963e-05	0	0.000341085789764	0	0	0.00036114965975	0.000103663328262	0.00434717183033	3.34397833102e-06	0	2.00638699861e-05	1.00319349931e-05	0.000173886873213	0	0.00390576669063	4.01277399722e-05	3.00958049792e-05	5.01596749653e-05	6.68795666204e-06	0.00556772392115	0.0117407079202	0.005788426491	0.0105101238944	0.000247454396496	5.68476316273e-05	0.00152819809728	0.0111856075173	0.00119714424251	0.00231403300507	3.34397833102e-06	0	0.0009162500627	0.00287916534301	0.00408634152051	0.00120048822084	0.00190941162701	0.000611948034577	0.00118376832918	3.34397833102e-06	3.34397833102e-06	0.00243107224665	0.000454781053019	0.000902874149376	0.000224046548178	1.67198916551e-05	0	1.33759133241e-05
0	0.0027487501881	0.00016385493822	0	0	0	0	0	0	0.00184922001705	0	0.00163186142554	1.67198916551e-05	0.00295607684462	0	0	1.33759133241e-05	6.68795666204e-06	3.34397833102e-06	3.34397833102e-06	0	6.68795666204e-06	0.00190941162701	3.67837616412e-05	0.0017789964721	0.0123727198248	0.0033205704827	0.00550418833286	0	0	0	3.34397833102e-06	0	0	1.00319349931e-05	0	0.000872778344396	0	0	0	0	3.34397833102e-06	0	6.68795666204e-06	0.000113695263255	0	0.00174890066712	0	0.00483539266666	3.34397833102e-06	0	1.67198916551e-05	0	1.00319349931e-05	0	0	0	0.000140447089903	0	0	0.00664448494374	0.00116036048086	0.00352120918256	0	0	0	0.00118376832918	3.34397833102e-06	0	0.000147135046565	5.01596749653e-05	0.00226721730843	4.68156966343e-05	3.34397833102e-06	0	0	0.000932969954355	1.67198916551e-05	1.67198916551e-05	0.00013041515491	1.33759133241e-05	0	1.67198916551e-05	3.00958049792e-05
3.00958049792e-05	0.0044408032236	0.0074169439382	0	5.35036532963e-05	1.33759133241e-05	0.0022204016118	0.000254142353158	0.000625323947901	0.00189269173536	0.00201641893361	0.00756073500644	0.000775802972797	0.00721630523834	0.000675483622866	0	1.00319349931e-05	0.00604256884415	0.00440067548362	0.00224715343845	0.000110351284924	0.000190606764868	0.00170877292715	0.00148472637897	0.00185925195205	0.0033205704827	0.0642010399773	0.0225350699727	0.000448093096357	0.000698891471183	5.68476316273e-05	0.000708923406176	6.68795666204e-06	3.34397833102e-06	0.0018759718437	0	0.0108846494675	0.000133759133241	0	3.34397833102e-05	0	0	3.34397833102e-06	1.00319349931e-05	0.000287582136468	6.68795666204e-06	0.000889498236051	0.000615292012908	0.00857061646241	1.33759133241e-05	0	0.000143791068234	3.67837616412e-05	0.000411309334716	0.000193950743199	3.34397833102e-06	6.68795666204e-06	0.000494908792991	1.00319349931e-05	0.000107007306593	0.0156598505242	0.0129579160327	0.0208028891973	3.67837616412e-05	3.34397833102e-06	1.67198916551e-05	0.00364828035914	0	3.34397833102e-06	7.35675232824e-05	0.00295607684462	0.0112558310622	0.0065107258105	0.0010132254343	0.000187262786537	1.00319349931e-05	5.01596749653e-05	0.000143791068234	0.000157166981558	0.000120383219917	3.00958049792e-05	3.34397833102e-06	0	6.68795666204e-06
3.34397833102e-06	0.0118243073785	0.0100988145597	0	0.000150479024896	0	0.000548412446287	0.000953033824341	4.68156966343e-05	0.00782825327292	0.00085271447441	0.00131418348409	0.000290926114799	0.00224046548178	9.69753715996e-05	1.33759133241e-05	0.00205989065191	0.00318346737113	0.000147135046565	0.00118042435085	0.000227390526509	0.00167198916551	0.0118008995302	0.0126101422863	0.0081492751927	0.00550418833286	0.0225350699727	0.0890835827384	0.000839338561086	0.000183918808206	0.000638699861225	6.68795666204e-06	3.00958049792e-05	2.67518266482e-05	0.00297614071461	1.67198916551e-05	0.0234646959488	0.00271865438312	0	0.00016385493822	0	0	3.34397833102e-06	1.33759133241e-05	0.000274206223144	1.00319349931e-05	0.000247454396496	0.000267518266482	0.00407630958551	2.34078483171e-05	0	0.000889498236051	0.000254142353158	6.35355882894e-05	0.000237422461502	2.00638699861e-05	0.000237422461502	0.00438061161364	0.000220702569847	0.000267518266482	0.00864752796402	0.00494239997325	0.0308782959086	0.000347773746426	4.01277399722e-05	0.000214014613185	0.00159842164223	0	1.33759133241e-05	0.000364493638081	0.0108712735541	0.00200638699861	0.00489224029828	0.00111688876256	0.000514972662977	6.68795666204e-06	4.01277399722e-05	0.00119380026417	0.000825962647762	0.000220702569847	5.68476316273e-05	0	0	3.34397833102e-06
0.0069420990152	2.00638699861e-05	0.000300958049792	0	0.00420003678376	0.000561788359611	0.00611948034577	0.0251333411359	0.00721296126001	0.0159440886823	0.011071912254	0.00257486331489	0.00211673828354	1.33759133241e-05	0.0111354478423	0.00278218997141	0.00401277399722	0.00039458944306	0.000946345867679	0.00179571636376	0.00225718537344	0.010566971526	0.00209667441355	0.00697553879851	0.0310956545002	0	0.000448093096357	0.000839338561086	0.0836930896688	0.00454112257353	0.0138708221171	6.68795666204e-06	4.68156966343e-05	0.000257486331489	0.00416325302212	0.000147135046565	0.000307646006454	4.01277399722e-05	0	8.35994582755e-05	0	1.00319349931e-05	0.000692203514521	0.000147135046565	0.00383888712401	3.34397833102e-06	0	7.69115016135e-05	0	0.000244110418164	0	0.00278887792807	7.02235449514e-05	5.01596749653e-05	6.68795666204e-05	4.01277399722e-05	0.00278553394974	0.00730324867495	0.00241769633333	0.00900533364544	0	5.68476316273e-05	0.000494908792991	0.00723636910833	0.0011102008059	0.00272534233978	0	0	0.000802554799445	0.00428698022037	0.00545737263623	0.000685515557859	0.00715276965005	0.00228059322176	0.00114698456754	0.000167198916551	1.00319349931e-05	0.00400274206223	0.000494908792991	0.00145797455232	0.000244110418164	1.67198916551e-05	0	0
0.00564463542276	3.34397833102e-06	1.00319349931e-05	0	9.69753715996e-05	0.000137103111572	0.00157501379391	0.00511628684646	0.00196291528031	0.000170542894882	0.00194953936698	0.00491899212493	0.000123727198248	0.000391245464729	0.010112190473	8.35994582755e-05	1.33759133241e-05	0.00206657860857	0.000451437074688	0.00332391446103	0.000180574829875	0.000287582136468	3.34397833102e-06	0.000755739102811	0.000508284706315	0	0.000698891471183	0.000183918808206	0.00454112257353	0.0234546640138	0.00310321189119	1.00319349931e-05	0.00124730391747	0.00140781487736	0.00743700780819	0	8.35994582755e-05	2.34078483171e-05	0	9.36313932686e-05	0	0	1.33759133241e-05	1.00319349931e-05	0	0	0	0.00039458944306	0	1.67198916551e-05	0	1.67198916551e-05	4.01277399722e-05	0	2.67518266482e-05	3.34397833102e-06	1.33759133241e-05	6.68795666204e-06	1.67198916551e-05	2.34078483171e-05	6.68795666204e-06	1.33759133241e-05	4.01277399722e-05	3.34397833102e-05	6.01916099584e-05	0.000133759133241	0	0	1.33759133241e-05	0.000280894179806	0.000966409737665	0.000193950743199	0.00401611797556	0.000267518266482	0.0015850457289	7.69115016135e-05	4.34717183033e-05	0.000314333963116	2.34078483171e-05	0.000123727198248	1.67198916551e-05	1.00319349931e-05	0	6.68795666204e-06
0.00281562975472	0	0.000314333963116	0	0	0	0	0.0172917119497	2.34078483171e-05	6.35355882894e-05	0.000193950743199	1.67198916551e-05	0	0	0.00123392800415	0.000103663328262	4.01277399722e-05	0.000665451687873	0	0.000177230851544	0	0.0189971408985	0	0.00911902890869	0.000300958049792	0	5.68476316273e-05	0.000638699861225	0.0138708221171	0.00310321189119	0.0446855824374	0	0	0.00453443461686	0.0107475463559	0	3.34397833102e-06	3.34397833102e-06	0	0	0	0	0	0	1.00319349931e-05	0	0	0	0	0	0	1.67198916551e-05	2.67518266482e-05	6.68795666204e-06	1.67198916551e-05	0	1.67198916551e-05	1.33759133241e-05	4.68156966343e-05	2.67518266482e-05	0	1.00319349931e-05	2.00638699861e-05	1.33759133241e-05	0	5.68476316273e-05	0	0	0	6.01916099584e-05	0.00108010500092	0.000107007306593	0.00598572121253	0.000876122322727	0	0	0	6.35355882894e-05	1.33759133241e-05	2.67518266482e-05	3.67837616412e-05	0	0	0
0	0	0	0	0	0	3.34397833102e-06	0	6.68795666204e-06	0	3.34397833102e-06	0.000297614071461	0	0.000548412446287	1.00319349931e-05	0	0	0	3.67837616412e-05	0	0	0	0	0	0	3.34397833102e-06	0.000708923406176	6.68795666204e-06	6.68795666204e-06	1.00319349931e-05	0	0.000792522864452	0	0	1.00319349931e-05	0	0	0	0	0	0	0	0	0	0	0	0	0	5.35036532963e-05	0	0	0	0	3.34397833102e-06	0	0	0	0	0	0	4.68156966343e-05	6.01916099584e-05	6.01916099584e-05	0	0	0	5.01596749653e-05	0	0	0	0	0.000250798374827	3.34397833102e-06	0	0	0	0	0	0	0	0	0	0	0
0	0	3.34397833102e-06	0	0.000117039241586	0.00125399187413	0.00102994532595	5.01596749653e-05	0.000484876857998	2.34078483171e-05	0.000849370496079	2.00638699861e-05	4.34717183033e-05	1.33759133241e-05	0.00131083950576	0.000347773746426	6.68795666204e-06	0	0	0	0.000217358591516	4.01277399722e-05	0	5.68476316273e-05	6.68795666204e-06	0	6.68795666204e-06	3.00958049792e-05	4.68156966343e-05	0.00124730391747	0	0	0.00449096289856	0	0.000254142353158	0	6.68795666204e-06	6.68795666204e-06	0	0.000147135046565	0	0	0	3.34397833102e-06	0	0	0	6.35355882894e-05	0	3.34397833102e-06	0	3.34397833102e-06	0	0	3.34397833102e-06	3.34397833102e-06	3.34397833102e-06	3.34397833102e-06	0	0	0	0	6.68795666204e-06	6.68795666204e-06	2.34078483171e-05	0	0	0	0	2.67518266482e-05	0.00052500459797	5.35036532963e-05	0.000264174288151	6.01916099584e-05	0.00165526927386	0.000511628684646	1.67198916551e-05	5.01596749653e-05	0	4.68156966343e-05	0	3.34397833102e-06	0	0
0.000702235449514	0	6.68795666204e-06	0	0	0	0	0.000932969954355	1.33759133241e-05	1.67198916551e-05	1.33759133241e-05	1.33759133241e-05	0	0	0.000177230851544	3.34397833102e-06	0	0.000247454396496	0	0.000183918808206	0	0.00421675667542	0	0.000224046548178	2.67518266482e-05	0	3.34397833102e-06	2.67518266482e-05	0.000257486331489	0.00140781487736	0.00453443461686	0	0	0.00830644217425	0.00498587169155	0	5.35036532963e-05	1.00319349931e-05	0	0	0	0	0	0	0	0	0	0	0	0	0	0	5.35036532963e-05	0	4.34717183033e-05	0	0	3.34397833102e-06	6.68795666204e-06	3.34397833102e-06	0	0	1.00319349931e-05	0	6.68795666204e-06	1.33759133241e-05	0	0	6.68795666204e-06	1.33759133241e-05	1.33759133241e-05	2.00638699861e-05	0.00049156481466	1.67198916551e-05	0	0	0	1.00319349931e-05	3.34397833102e-06	0	0	0	0	0
0.000789178886121	1.00319349931e-05	0.000267518266482	0	3.34397833102e-06	7.02235449514e-05	0.00328044274273	0.00443745924526	0.00166530120885	5.68476316273e-05	0.00404955775887	0.00926281997693	0.000267518266482	0.000685515557859	0.00490896018994	1.67198916551e-05	0.000173886873213	0.0101656941263	0.000742363189487	0.00910565299537	1.00319349931e-05	0.00846360915581	6.68795666204e-06	0.0107274824859	0.000638699861225	1.00319349931e-05	0.0018759718437	0.00297614071461	0.00416325302212	0.00743700780819	0.0107475463559	1.00319349931e-05	0.000254142353158	0.00498587169155	0.0480429366818	0	0.000658763731211	0.000150479024896	0	3.34397833102e-06	0	0	0	6.68795666204e-06	0	3.00958049792e-05	0	0.00119714424251	3.34397833102e-06	3.34397833102e-06	0	2.34078483171e-05	0.000494908792991	0	0.000384557508067	6.68795666204e-06	5.68476316273e-05	3.00958049792e-05	0.000113695263255	2.67518266482e-05	3.67837616412e-05	5.01596749653e-05	0.000357805681419	7.35675232824e-05	1.00319349931e-05	6.01916099584e-05	0	0	1.00319349931e-05	8.35994582755e-05	0.00363156046749	0.00158170175057	0.0248725108261	0.00186928388704	5.68476316273e-05	8.35994582755e-05	0.000331053854771	0.000193950743199	5.68476316273e-05	4.01277399722e-05	4.68156966343e-05	0	0	0
0	0	6.68795666204e-06	0	0	0	0	1.67198916551e-05	0	1.00319349931e-05	0	0	0	0	0	3.34397833102e-06	4.68156966343e-05	0	0	0	0	1.33759133241e-05	3.34397833102e-05	1.67198916551e-05	0.00013041515491	0	0	1.67198916551e-05	0.000147135046565	0	0	0	0	0	0	0.0151147820562	2.34078483171e-05	0.00218361785016	0	0.000434717183033	0	3.67837616412e-05	0.00339079402765	0.00418666087044	0	0.000314333963116	6.68795666204e-06	0.000220702569847	0	0.0121453292983	0	0.000431373204702	0.00201307495527	2.34078483171e-05	0.000902874149376	0.000825962647762	0.000872778344396	0.000127071176579	0.00311658780451	0.000708923406176	0	0.00110685682757	0.000357805681419	0.00199635506362	0.00704910632179	0.00956712200505	0	0	0.000712267384507	0.000632011904563	6.68795666204e-06	6.68795666204e-06	6.68795666204e-06	0	0	0	0	9.02874149376e-05	5.35036532963e-05	0.0010667290876	0.000280894179806	4.34717183033e-05	0	3.34397833102e-06
