0.0220585638091	1.76609798312e-05	0.00010007888571	0	0.000135400845372	4.70959462164e-05	0.00137166943355	0.00829477352737	0.00655222351736	0.000276688684022	0.00127159054784	0	0.000223705744528	5.88699327705e-06	0.00558086962665	0.000335558616792	0.000176609798312	2.35479731082e-05	0	0	0.00025902770419	0.000565151354597	0.0003591065899	0.000535716388212	0.000635795273922	0	1.76609798312e-05	8.83048991558e-05	0.0020781086268	0.00843017437274	0.0042327481662	0	1.17739865541e-05	0.00319663734944	0.00203101268058	5.88699327705e-06	5.88699327705e-06	0	0	1.17739865541e-05	0	0	1.17739865541e-05	0	9.41918924329e-05	0	0	0	0	0	5.88699327705e-06	1.17739865541e-05	0	0	0	0	1.17739865541e-05	4.70959462164e-05	1.17739865541e-05	4.12089529394e-05	0	0	5.88699327705e-06	2.35479731082e-05	5.88699327705e-06	5.88699327705e-06	0	0	5.88699327705e-06	5.88699327705e-06	0.00119505963524	0.000288462670576	0.000924257944497	0.000353219596623	0.000535716388212	7.65309126017e-05	0	5.88699327705e-06	5.88699327705e-06	0	0	5.88699327705e-06	0	0
1.76609798312e-05	0.013704920349	0.00269624292089	0	0	0	0	2.94349663853e-05	0	2.35479731082e-05	0	0.000170722805035	0	0.000129513852095	1.17739865541e-05	0	0.000123626858818	0.00109498074953	1.76609798312e-05	0.000724100173078	0	0.000217818751251	0.00230770136461	0.00140110439994	5.29829394935e-05	0.000682891220138	0.00252552011586	0.00435048803174	6.47569260476e-05	1.76609798312e-05	0.00015894881848	0	0	5.88699327705e-06	0.00075942213274	0	0.00380299765698	0.000435637502502	0	0	0	0	0	0	1.17739865541e-05	0	0.000153061825203	0	8.24179058788e-05	0	0	5.29829394935e-05	0.000229592737805	3.53219596623e-05	0.000135400845372	0	3.53219596623e-05	0.000388541556286	0.000347332603346	5.88699327705e-06	0.000977240883991	0.00114796368903	0.00217818751251	1.76609798312e-05	0	3.53219596623e-05	5.88699327705e-06	0	5.88699327705e-06	0.00015894881848	0.000465072468887	0.00122449460163	0.000747648146186	0.000323784630238	5.88699327705e-06	1.17739865541e-05	0	0.000105965878987	0.000329671623515	0.00025902770419	7.06439193246e-05	1.76609798312e-05	0	1.76609798312e-05
0.00010007888571	0.00269624292089	0.0289816679029	0	0	5.88699327705e-06	5.88699327705e-06	0.000276688684022	2.35479731082e-05	2.94349663853e-05	5.88699327705e-06	0.000176609798312	0	5.29829394935e-05	1.76609798312e-05	2.35479731082e-05	0.000364993583177	0.00732341963665	0	0.00116562466886	0	0.00226060541839	0.00107143277642	0.0100432105307	8.83048991558e-05	4.70959462164e-05	0.00686423416104	0.00878339396936	0.000412089529394	0.00010007888571	0.00102433683021	0	0	4.12089529394e-05	0.00334969917464	5.88699327705e-06	0.00117739865541	0.00015894881848	0	0	0	0	0	0	0	0	0	0	1.17739865541e-05	0	0	3.53219596623e-05	9.41918924329e-05	5.88699327705e-06	4.12089529394e-05	0	0	0.00025902770419	0.000123626858818	0	0.000141287838649	0.000206044764697	0.000653456253753	0	0	2.35479731082e-05	5.88699327705e-06	0	5.88699327705e-06	3.53219596623e-05	0.00244310220998	0.00374412772421	0.00314954140322	0.00116562466886	7.06439193246e-05	7.65309126017e-05	5.88699327705e-06	5.88699327705e-05	8.83048991558e-05	3.53219596623e-05	2.35479731082e-05	5.88699327705e-06	0	0
0	0	0	0	0	0	0	0	0	0	0	0	0	0	0	0	0	0	0	0	0	0	0	0	0	0	0	0	0	0	0	0	0	0	0	0	0	0	0	0	0	0	0	0	0	0	0	0	0	0	0	0	0	0	0	0	0	0	0	0	0	0	0	0	0	0	0	0	0	0	0	0	0	0	0	0	0	0	0	0	0	0	0	0
0.000135400845372	0	0	0	0.0156064191775	0	0.000235479731082	0.00226649241167	0.000264914697467	0.000105965878987	0.00166013210413	0	0.000936031931052	0	9.41918924329e-05	0	5.88699327705e-06	0	0	0	0.00504515323844	1.76609798312e-05	2.35479731082e-05	1.17739865541e-05	0.00685834716777	0	0	0	0.00677004226861	3.53219596623e-05	8.83048991558e-05	0	0	2.35479731082e-05	4.12089529394e-05	0	0	0	0	0.000429750509225	0	0	0	0	1.76609798312e-05	0.000541603381489	0	0.000264914697467	0	0	0	0	0	0	0	0.000965466897437	0	0	0	4.70959462164e-05	0	0	0	4.70959462164e-05	5.88699327705e-06	0	0	0	0	0	1.76609798312e-05	5.88699327705e-06	5.88699327705e-06	5.88699327705e-06	1.17739865541e-05	0	0	0	0	0	0	0	0	0
4.70959462164e-05	0	5.88699327705e-06	0	0	0.00696431304675	0.00213109156629	5.88699327705e-06	0.00184851588899	5.88699327705e-06	0	5.88699327705e-06	0	0	0.00111264172936	0.00115973767558	5.88699327705e-06	5.88699327705e-06	0	1.17739865541e-05	0	0	0	5.88699327705e-06	0	5.88699327705e-06	5.88699327705e-06	1.17739865541e-05	0	0.00146586132599	1.17739865541e-05	0	0.00221939646545	2.35479731082e-05	0.000800631085679	0	0	0	0	0	0	0	0	0	0	0	5.88699327705e-06	0	0	0	0	0	0	5.88699327705e-06	0	0	0	0	0	0	0	0	0	0	0	0	0	0	0	0	2.35479731082e-05	5.88699327705e-06	0.000188383784866	2.94349663853e-05	0.000888935984835	0.000947805917606	0	0	0	0	0	0	0	0
0.00137166943355	0	5.88699327705e-06	0	0.000235479731082	0.00213109156629	0.0291288427349	0.00375590171076	0.0121684151037	7.06439193246e-05	0.00752946440135	0	0.00240778025031	0	0.00325550728221	0.00258439004863	1.17739865541e-05	5.88699327705e-06	0	0	0.0012068336218	1.76609798312e-05	2.94349663853e-05	1.76609798312e-05	0.000270801690744	0	0	1.17739865541e-05	0.00109498074953	0.00147763531254	0.000206044764697	0	0.000724100173078	0.000153061825203	0.000883048991558	0	0	0	0	5.88699327705e-06	0	0	0	0	1.76609798312e-05	0	0	0	0	0	0	0	0	0	0	0	0	5.88699327705e-06	0	5.88699327705e-06	0	0	5.88699327705e-06	0	0	0	0	0	0	0	0.000264914697467	6.47569260476e-05	0.000417976522671	0.000117739865541	0.000600473314259	0.000312010643684	0	0	0	0	0	0	0	0
0.00829477352737	2.94349663853e-05	0.000276688684022	0	0.00226649241167	5.88699327705e-06	0.00375590171076	0.059452745105	0.00756478636101	0.00185440288227	0.0159772997539	5.88699327705e-06	0.00206044764697	0	0.00459774174938	0.000188383784866	0.00108320676298	0.000147174831926	0	1.76609798312e-05	0.00313188042339	0.00265503396795	0.00153650524531	0.00235479731082	0.00662875442996	0	7.06439193246e-05	0.000323784630238	0.0241307854426	0.0033084902217	0.0143524896095	0	0	0.00128925152767	0.00249608514947	1.17739865541e-05	1.17739865541e-05	5.88699327705e-06	0	6.47569260476e-05	0	1.76609798312e-05	7.06439193246e-05	1.17739865541e-05	0.000624021287368	1.17739865541e-05	0	2.94349663853e-05	0	1.76609798312e-05	1.17739865541e-05	8.24179058788e-05	5.88699327705e-06	0	0	3.53219596623e-05	8.24179058788e-05	0.00025902770419	5.29829394935e-05	0.000406202536117	0	5.88699327705e-06	2.35479731082e-05	0.000129513852095	2.94349663853e-05	7.06439193246e-05	0	0	5.88699327705e-06	7.65309126017e-05	0.00221939646545	0.000853614025173	0.00138344342011	0.000688778213415	0.000453298482333	5.29829394935e-05	0	5.88699327705e-05	5.88699327705e-06	2.35479731082e-05	5.88699327705e-06	1.17739865541e-05	0	0
0.00655222351736	0	2.35479731082e-05	0	0.000264914697467	0.00184851588899	0.0121684151037	0.00756478636101	0.0426336053124	0.000170722805035	0.00655222351736	2.35479731082e-05	0.00103022382348	5.88699327705e-06	0.0186794296681	0.00197802974109	7.06439193246e-05	2.35479731082e-05	0	5.88699327705e-06	0.000841840038619	0.000129513852095	0.000111852872264	0.000170722805035	0.000571038347874	0	5.88699327705e-06	2.35479731082e-05	0.00172488903018	0.00468604664853	0.000853614025173	0	0.000729987166355	0.000706439193246	0.00253140710913	0	0	0	0	1.17739865541e-05	0	0	5.88699327705e-06	0	4.70959462164e-05	0	0	0	0	0	5.88699327705e-06	5.88699327705e-06	0	0	0	0	0	5.88699327705e-06	0	4.12089529394e-05	5.88699327705e-06	0	5.88699327705e-06	5.88699327705e-06	0	0	0	0	0	5.88699327705e-06	0.00075942213274	0.000105965878987	0.00119505963524	0.000312010643684	0.00117739865541	0.000576925341151	0	0	5.88699327705e-06	5.88699327705e-06	5.88699327705e-06	5.88699327705e-06	0	0
0.000276688684022	2.35479731082e-05	2.94349663853e-05	0	0.000105965878987	5.88699327705e-06	7.06439193246e-05	0.00185440288227	0.000170722805035	0.0138403211944	0.00015894881848	0	0.000853614025173	0	0.000129513852095	0.000523942401658	0.000747648146186	5.88699327705e-06	0	0	0.000129513852095	0.000288462670576	0.00324962028893	0.000382654563008	0.00581634935773	0	0	6.47569260476e-05	0.00311421944356	0.000217818751251	0.000941918924329	0	0	9.41918924329e-05	0.000317897636961	9.41918924329e-05	5.88699327705e-06	2.94349663853e-05	0	0.000129513852095	0	6.47569260476e-05	0.000206044764697	4.12089529394e-05	0.00257261606207	5.29829394935e-05	5.88699327705e-06	5.29829394935e-05	0	3.53219596623e-05	1.76609798312e-05	0.000341445610069	2.94349663853e-05	0	5.88699327705e-06	7.06439193246e-05	0.000317897636961	0.0014364263596	0.000264914697467	0.0014364263596	0	0	3.53219596623e-05	0.000494507435273	8.24179058788e-05	0.000335558616792	0	0	4.70959462164e-05	0.000241366724359	0.000370880576454	0.000129513852095	0.000176609798312	8.24179058788e-05	0.00111264172936	5.88699327705e-06	0	0.000129513852095	4.70959462164e-05	0.000111852872264	5.29829394935e-05	7.65309126017e-05	0	0
0.00127159054784	0	5.88699327705e-06	0	0.00166013210413	0	0.00752946440135	0.0159772997539	0.00655222351736	0.00015894881848	0.0354514735144	0	0.00429750509225	0	0.00150707027893	0.000117739865541	3.53219596623e-05	0	0	0	0.00563385256614	2.35479731082e-05	3.53219596623e-05	2.35479731082e-05	0.00114207669575	0	0	1.76609798312e-05	0.00717624480473	0.000264914697467	0.000288462670576	0	0	0.000117739865541	0.000217818751251	5.88699327705e-06	0	0	0	5.88699327705e-06	0	0	5.88699327705e-06	0	4.12089529394e-05	0	0	0	0	5.88699327705e-06	5.88699327705e-06	0	0	0	0	0	5.88699327705e-06	5.88699327705e-06	0	2.94349663853e-05	0	0	0	1.17739865541e-05	0	5.88699327705e-06	0	0	0	5.88699327705e-06	0.000147174831926	4.70959462164e-05	0.000117739865541	5.88699327705e-05	0.000105965878987	5.88699327705e-06	0	0	0	0	0	5.88699327705e-06	0	0
0	0.000170722805035	0.000176609798312	0	0	5.88699327705e-06	0	5.88699327705e-06	2.35479731082e-05	0	0	0.0224706533385	0	0.0066699633829	1.76609798312e-05	5.88699327705e-06	1.76609798312e-05	0.00107143277642	0.00108909375625	0.00594586320982	0	5.88699327705e-05	1.76609798312e-05	0.000182496791589	5.88699327705e-06	0.00239600626376	0.00717035781145	0.00154827923187	1.17739865541e-05	3.53219596623e-05	2.35479731082e-05	0.000247253717636	0	5.88699327705e-06	0.00565740053925	0	7.65309126017e-05	1.17739865541e-05	0	0	0	0	0	0	0	0	0.000306123650407	0	0.000188383784866	0	0	0	2.94349663853e-05	3.53219596623e-05	4.70959462164e-05	0	0	0	5.88699327705e-06	0	0.000800631085679	0.000370880576454	0.000276688684022	0	0	0	1.17739865541e-05	0	0	2.35479731082e-05	0.000376767569731	0.00378533667715	0.00447411489056	0.000535716388212	0	2.35479731082e-05	0.000729987166355	1.17739865541e-05	0.000329671623515	6.47569260476e-05	5.88699327705e-06	0	0	4.70959462164e-05
0.000223705744528	0	0	0	0.000936031931052	0	0.00240778025031	0.00206044764697	0.00103022382348	0.000853614025173	0.00429750509225	0	0.0272567788728	0	0.000194270778143	0.000747648146186	5.88699327705e-06	0	0	0	0.010602474892	0	1.76609798312e-05	0	0.00075942213274	0	0	1.17739865541e-05	0.00174255001001	2.94349663853e-05	4.70959462164e-05	0	0	1.17739865541e-05	2.94349663853e-05	0	0	0	0	1.76609798312e-05	0	0.000176609798312	5.88699327705e-06	0	4.12089529394e-05	0.000930144937774	0	0.00342034309397	0	0	1.17739865541e-05	0	0	0	0	0.000624021287368	0	0	0	3.53219596623e-05	0	0	0	1.17739865541e-05	5.88699327705e-06	5.88699327705e-06	0	0	0	0	5.88699327705e-06	0	1.17739865541e-05	5.88699327705e-06	0.000847727031896	0	0	0	0	0	0	0	0	0
5.88699327705e-06	0.000129513852095	5.29829394935e-05	0	0	0	0	0	5.88699327705e-06	0	0	0.0066699633829	0	0.0176668668244	5.88699327705e-06	5.88699327705e-06	5.88699327705e-06	0.000282575677299	0.000117739865541	0.00113030270919	0	1.76609798312e-05	0	0.000105965878987	0	0.00523942401658	0.00542192080817	0.00313188042339	0	1.17739865541e-05	4.12089529394e-05	0.000447411489056	0	0	0.000953692910883	0	0.00010007888571	0	0	0	0	0	0	5.88699327705e-06	0	0	0.000600473314259	0	0.000312010643684	0	0	0	2.94349663853e-05	5.29829394935e-05	3.53219596623e-05	0	0	0	0	0	0.000877161998281	0.000417976522671	0.000253140710913	0	0	0	1.17739865541e-05	0	0	3.53219596623e-05	0.000370880576454	0.00249608514947	0.0014364263596	0.000541603381489	1.17739865541e-05	1.17739865541e-05	0.000765309126017	8.24179058788e-05	0.000435637502502	0.000105965878987	7.06439193246e-05	0	2.35479731082e-05	0.000170722805035
0.00558086962665	1.17739865541e-05	1.76609798312e-05	0	9.41918924329e-05	0.00111264172936	0.00325550728221	0.00459774174938	0.0186794296681	0.000129513852095	0.00150707027893	1.76609798312e-05	0.000194270778143	5.88699327705e-06	0.0295527062508	0.00127747754112	5.88699327705e-05	2.94349663853e-05	0	5.88699327705e-06	0.00015894881848	0.00010007888571	0.000111852872264	0.000123626858818	0.000341445610069	0	0	2.94349663853e-05	0.000871275005004	0.00821235562149	0.000594586320982	0	0.000806518078956	0.00131868649406	0.00230770136461	5.88699327705e-06	0	0	0	5.88699327705e-06	0	0	1.17739865541e-05	0	5.88699327705e-05	0	0	0	0	5.88699327705e-06	5.88699327705e-06	0	0	0	0	0	1.76609798312e-05	1.76609798312e-05	0	4.70959462164e-05	0	0	0	1.76609798312e-05	0	1.17739865541e-05	0	0	0	1.17739865541e-05	0.000553377368043	0.000129513852095	0.000983127877268	0.000223705744528	0.000835953045342	0.000382654563008	0	0	0	0	0	5.88699327705e-06	0	0
0.000335558616792	0	2.35479731082e-05	0	0	0.00115973767558	0.00258439004863	0.000188383784866	0.00197802974109	0.000523942401658	0.000117739865541	5.88699327705e-06	0.000747648146186	5.88699327705e-06	0.00127747754112	0.00952515512227	1.76609798312e-05	4.70959462164e-05	0	1.76609798312e-05	4.12089529394e-05	4.70959462164e-05	4.70959462164e-05	0.000105965878987	9.41918924329e-05	0	1.76609798312e-05	1.76609798312e-05	9.41918924329e-05	0.000865388011727	0.00010007888571	0	9.41918924329e-05	7.65309126017e-05	0.000671117233584	0	5.88699327705e-06	1.17739865541e-05	0	0	0	0	5.88699327705e-06	0	5.88699327705e-06	5.88699327705e-06	0	5.88699327705e-06	0	0	0	0	1.17739865541e-05	0	0	5.88699327705e-06	0	1.17739865541e-05	1.76609798312e-05	1.76609798312e-05	0	0	1.17739865541e-05	1.17739865541e-05	5.88699327705e-06	0	0	0	5.88699327705e-06	2.94349663853e-05	0.000653456253753	0.000111852872264	0.000465072468887	0.000241366724359	0.0026432599814	0.000117739865541	0	8.24179058788e-05	1.17739865541e-05	4.12089529394e-05	5.29829394935e-05	1.17739865541e-05	5.88699327705e-06	0
0.000176609798312	0.000123626858818	0.000364993583177	0	5.88699327705e-06	5.88699327705e-06	1.17739865541e-05	0.00108320676298	7.06439193246e-05	0.000747648146186	3.53219596623e-05	1.76609798312e-05	5.88699327705e-06	5.88699327705e-06	5.88699327705e-05	1.76609798312e-05	0.019909811263	0.000141287838649	0	1.17739865541e-05	0	0.00421508718637	0.00490386539979	0.00914838755254	0.003591065899	0	5.29829394935e-05	0.0042327481662	0.00420331319982	0.000206044764697	0.0017190020369	0	0	0.000117739865541	0.00108909375625	1.76609798312e-05	5.29829394935e-05	2.35479731082e-05	0	5.88699327705e-06	0	1.17739865541e-05	1.17739865541e-05	1.17739865541e-05	0.000111852872264	5.88699327705e-06	0	0	0	5.88699327705e-06	0	4.12089529394e-05	5.88699327705e-06	0	0	0	2.94349663853e-05	0.000388541556286	5.29829394935e-05	4.70959462164e-05	0	5.88699327705e-06	6.47569260476e-05	5.29829394935e-05	5.88699327705e-06	2.94349663853e-05	0	0	0	2.35479731082e-05	0.00118917264196	0.000871275005004	0.000653456253753	0.000388541556286	5.29829394935e-05	2.94349663853e-05	0	2.94349663853e-05	1.76609798312e-05	1.17739865541e-05	1.76609798312e-05	0	0	0
2.35479731082e-05	0.00109498074953	0.00732341963665	0	0	5.88699327705e-06	5.88699327705e-06	0.000147174831926	2.35479731082e-05	5.88699327705e-06	0	0.00107143277642	0	0.000282575677299	2.94349663853e-05	4.70959462164e-05	0.000141287838649	0.0251845572392	8.83048991558e-05	0.00790034497781	0	0.00177787196967	0.000264914697467	0.00751180342152	2.94349663853e-05	0.000270801690744	0.00731753264338	0.00287873971248	0.000229592737805	4.70959462164e-05	0.00075942213274	5.88699327705e-06	5.88699327705e-06	1.17739865541e-05	0.00694076507365	0	0.000465072468887	4.70959462164e-05	0	0	0	0	0	0	5.88699327705e-06	0	2.94349663853e-05	0	4.12089529394e-05	5.88699327705e-06	0	1.17739865541e-05	4.70959462164e-05	1.17739865541e-05	4.12089529394e-05	0	0	6.47569260476e-05	4.70959462164e-05	0	0.000329671623515	0.000229592737805	0.000347332603346	0	0	5.88699327705e-06	5.88699327705e-06	0	0	1.76609798312e-05	0.00190149882849	0.0034380040738	0.00419153921326	0.00138344342011	4.70959462164e-05	6.47569260476e-05	2.35479731082e-05	1.17739865541e-05	6.47569260476e-05	2.35479731082e-05	5.88699327705e-06	5.88699327705e-06	0	0
0	1.76609798312e-05	0	0	0	0	0	0	0	0	0	0.00108909375625	0	0.000117739865541	0	0	0	8.83048991558e-05	0.00191327281504	0.00117739865541	0	0	0	5.88699327705e-06	0	7.65309126017e-05	0.000765309126017	8.24179058788e-05	0	0	0	1.76609798312e-05	0	0	0.000206044764697	0	5.88699327705e-06	0	0	0	0	0	0	0	0	0	1.17739865541e-05	0	0	0	0	0	5.88699327705e-06	0	0	0	0	0	0	0	5.29829394935e-05	3.53219596623e-05	2.94349663853e-05	0	0	0	0	0	0	0	0	5.88699327705e-05	9.41918924329e-05	5.88699327705e-06	0	0	5.88699327705e-06	0	1.76609798312e-05	5.88699327705e-06	0	0	0	5.88699327705e-06
0	0.000724100173078	0.00116562466886	0	0	1.17739865541e-05	0	1.76609798312e-05	5.88699327705e-06	0	0	0.00594586320982	0	0.00113030270919	5.88699327705e-06	1.76609798312e-05	1.17739865541e-05	0.00790034497781	0.00117739865541	0.0233066063839	0	0.000194270778143	1.76609798312e-05	0.000647569260476	5.88699327705e-06	0.000824179058788	0.0121213191575	0.00263737298812	2.35479731082e-05	2.35479731082e-05	0.000105965878987	2.94349663853e-05	5.88699327705e-06	0	0.00658754547702	0	0.000241366724359	5.88699327705e-06	0	0	0	0	0	0	0	0	0.000123626858818	0	9.41918924329e-05	0	0	0	2.94349663853e-05	2.35479731082e-05	5.29829394935e-05	0	0	1.17739865541e-05	0	0	0.000724100173078	0.000382654563008	0.000412089529394	0	0	0	0	0	0	2.94349663853e-05	0.000765309126017	0.00280220879988	0.00371469275782	0.000853614025173	1.76609798312e-05	7.06439193246e-05	5.29829394935e-05	0	0.000129513852095	4.12089529394e-05	0	0	0	5.88699327705e-06
0.00025902770419	0	0	0	0.00504515323844	0	0.0012068336218	0.00313188042339	0.000841840038619	0.000129513852095	0.00563385256614	0	0.010602474892	0	0.00015894881848	4.12089529394e-05	0	0	0	0	0.02056915451	2.35479731082e-05	5.88699327705e-06	5.88699327705e-06	0.00222528345873	0	0	0	0.00488620441995	7.06439193246e-05	7.65309126017e-05	0	0	3.53219596623e-05	2.94349663853e-05	0	0	0	0	0	0	0	5.88699327705e-06	0	2.35479731082e-05	0	0	5.88699327705e-06	0	0	0	0	0	0	0	0	0	0	0	2.35479731082e-05	0	0	0	5.88699327705e-06	0	0	0	0	0	0	5.88699327705e-06	0	1.76609798312e-05	1.17739865541e-05	2.94349663853e-05	0	0	0	0	0	0	0	0	0
0.000565151354597	0.000217818751251	0.00226060541839	0	1.76609798312e-05	0	1.76609798312e-05	0.00265503396795	0.000129513852095	0.000288462670576	2.35479731082e-05	5.88699327705e-05	0	1.76609798312e-05	0.00010007888571	4.70959462164e-05	0.00421508718637	0.00177787196967	0	0.000194270778143	2.35479731082e-05	0.036293313553	0.00152473125876	0.0197802974109	0.00144820034616	1.17739865541e-05	0.000406202536117	0.00132457348734	0.00528063296952	0.000482733448718	0.0134223446717	0	0	0.000253140710913	0.00561030459303	5.88699327705e-06	0.000105965878987	3.53219596623e-05	0	0	0	1.17739865541e-05	1.17739865541e-05	5.88699327705e-06	7.06439193246e-05	0	0	0	0	5.88699327705e-06	5.88699327705e-06	1.76609798312e-05	1.17739865541e-05	1.17739865541e-05	1.76609798312e-05	5.88699327705e-06	1.76609798312e-05	0.000229592737805	6.47569260476e-05	2.94349663853e-05	5.88699327705e-06	3.53219596623e-05	5.88699327705e-05	1.17739865541e-05	5.88699327705e-06	5.88699327705e-06	0	0	0	2.94349663853e-05	0.00289051369903	0.00230770136461	0.00290228768559	0.00141287838649	0.000111852872264	4.70959462164e-05	2.35479731082e-05	1.76609798312e-05	1.17739865541e-05	2.35479731082e-05	1.17739865541e-05	5.88699327705e-06	0	0
0.0003591065899	0.00230770136461	0.00107143277642	0	2.35479731082e-05	0	2.94349663853e-05	0.00153650524531	0.000111852872264	0.00324962028893	3.53219596623e-05	1.76609798312e-05	1.76609798312e-05	0	0.000111852872264	4.70959462164e-05	0.00490386539979	0.000264914697467	0	1.76609798312e-05	5.88699327705e-06	0.00152473125876	0.0206280244428	0.00440347097124	0.00441524495779	5.88699327705e-06	0.000170722805035	0.00314954140322	0.0035145349864	0.000282575677299	0.00220173548562	0	0	0.000123626858818	0.00130102551423	3.53219596623e-05	0.000777083112571	0.000264914697467	0	1.76609798312e-05	0	2.35479731082e-05	4.70959462164e-05	1.76609798312e-05	0.000582812334428	1.17739865541e-05	1.76609798312e-05	1.17739865541e-05	0	1.76609798312e-05	5.88699327705e-06	0.00040031554284	7.06439193246e-05	0	5.88699327705e-06	1.17739865541e-05	0.000229592737805	0.0030023665713	0.000612247300814	0.0003591065899	5.88699327705e-06	4.12089529394e-05	0.000629908280645	0.000253140710913	5.29829394935e-05	0.000211931757974	0	0	2.35479731082e-05	0.000282575677299	0.00141876537977	0.00125392956801	0.000771196119294	0.000488620441995	0.00010007888571	3.53219596623e-05	5.88699327705e-06	0.000188383784866	0.00010007888571	0.000229592737805	0.000141287838649	2.94349663853e-05	5.88699327705e-06	5.88699327705e-06
0.000535716388212	0.00140110439994	0.0100432105307	0	1.17739865541e-05	5.88699327705e-06	1.76609798312e-05	0.00235479731082	0.000170722805035	0.000382654563008	2.35479731082e-05	0.000182496791589	0	0.000105965878987	0.000123626858818	0.000105965878987	0.00914838755254	0.00751180342152	5.88699327705e-06	0.000647569260476	5.88699327705e-06	0.0197802974109	0.00440347097124	0.0594233101386	0.00139521740666	4.12089529394e-05	0.0015894881848	0.00997845360461	0.00488620441995	0.000441524495779	0.0074647074753	0	0	0.000270801690744	0.00816525967527	5.88699327705e-06	0.000682891220138	0.00020015777142	0	5.88699327705e-06	0	0	2.35479731082e-05	0	0.00010007888571	0	1.76609798312e-05	0	0	0	5.88699327705e-06	6.47569260476e-05	4.70959462164e-05	5.88699327705e-06	1.76609798312e-05	5.88699327705e-06	5.88699327705e-05	0.000782970105848	0.000223705744528	2.94349663853e-05	5.29829394935e-05	6.47569260476e-05	0.000447411489056	4.12089529394e-05	0	5.88699327705e-05	0	0	0	8.83048991558e-05	0.00584578432411	0.0057457054384	0.00572804445857	0.00284341775282	0.000211931757974	0.00010007888571	1.76609798312e-05	8.83048991558e-05	9.41918924329e-05	0.000123626858818	8.24179058788e-05	1.76609798312e-05	0	5.88699327705e-06
0.000635795273922	5.29829394935e-05	8.83048991558e-05	0	0.00685834716777	0	0.000270801690744	0.00662875442996	0.000571038347874	0.00581634935773	0.00114207669575	5.88699327705e-06	0.00075942213274	0	0.000341445610069	9.41918924329e-05	0.003591065899	2.94349663853e-05	0	5.88699327705e-06	0.00222528345873	0.00144820034616	0.00441524495779	0.00139521740666	0.0362344436203	0	1.76609798312e-05	0.000247253717636	0.0169486536446	0.000376767569731	0.0020781086268	0	0	0.00030023665713	0.000682891220138	2.35479731082e-05	0	5.88699327705e-06	0	9.41918924329e-05	0	1.17739865541e-05	5.88699327705e-05	1.17739865541e-05	0.000888935984835	1.17739865541e-05	0	1.76609798312e-05	0	1.76609798312e-05	1.17739865541e-05	8.83048991558e-05	5.88699327705e-06	0	0	2.35479731082e-05	5.88699327705e-05	0.000353219596623	7.06439193246e-05	0.000718213179801	0	0	1.17739865541e-05	0.00015894881848	1.76609798312e-05	6.47569260476e-05	0	0	1.76609798312e-05	7.06439193246e-05	0.000635795273922	0.000335558616792	0.000306123650407	0.000117739865541	0.000276688684022	5.88699327705e-06	0	6.47569260476e-05	1.17739865541e-05	2.35479731082e-05	5.88699327705e-06	2.94349663853e-05	0	0
0	0.000682891220138	4.70959462164e-05	0	0	5.88699327705e-06	0	0	0	0	0	0.00239600626376	0	0.00523942401658	0	0	0	0.000270801690744	7.65309126017e-05	0.000824179058788	0	1.17739865541e-05	5.88699327705e-06	4.12089529394e-05	0	0.00974297387352	0.00221350947217	0.00127159054784	0	0	5.88699327705e-06	2.94349663853e-05	0	0	0.000547490374766	0	0.000194270778143	1.17739865541e-05	0	0	0	0	0	0	0	0	0.000830066052065	0	0.000529829394935	0	0	0	2.35479731082e-05	0.000176609798312	0.000123626858818	0	0	0	5.88699327705e-06	0	0.00217230051923	0.000877161998281	0.000747648146186	0	0	5.88699327705e-06	1.76609798312e-05	0	0	4.12089529394e-05	4.12089529394e-05	0.00117739865541	0.000588699327705	7.65309126017e-05	5.88699327705e-06	5.88699327705e-06	0.000417976522671	5.88699327705e-06	0.000512168415104	0.00010007888571	2.35479731082e-05	0	0	0.000111852872264
1.76609798312e-05	0.00252552011586	0.00686423416104	0	0	5.88699327705e-06	0	7.06439193246e-05	5.88699327705e-06	0	0	0.00717035781145	0	0.00542192080817	0	1.76609798312e-05	5.29829394935e-05	0.00731753264338	0.000765309126017	0.0121213191575	0	0.000406202536117	0.000170722805035	0.0015894881848	1.76609798312e-05	0.00221350947217	0.0468781274652	0.0141405578515	6.47569260476e-05	4.70959462164e-05	0.000182496791589	0.000618134294091	5.88699327705e-06	2.35479731082e-05	0.00501571827205	0	0.000877161998281	4.12089529394e-05	0	0	0	0	0	0	0	0	0.000447411489056	0	0.000312010643684	0	0	5.88699327705e-06	6.47569260476e-05	9.41918924329e-05	9.41918924329e-05	0	5.88699327705e-06	2.94349663853e-05	2.35479731082e-05	0	0.00154827923187	0.000812405072233	0.000977240883991	0	0	0	1.17739865541e-05	0	0	7.06439193246e-05	0.00123626858818	0.00465661168215	0.00377356269059	0.00104199781004	3.53219596623e-05	7.65309126017e-05	7.65309126017e-05	5.88699327705e-06	0.0003591065899	9.41918924329e-05	5.88699327705e-06	0	0	2.35479731082e-05
8.83048991558e-05	0.00435048803174	0.00878339396936	0	0	1.17739865541e-05	1.17739865541e-05	0.000323784630238	2.35479731082e-05	6.47569260476e-05	1.76609798312e-05	0.00154827923187	1.17739865541e-05	0.00313188042339	2.94349663853e-05	1.76609798312e-05	0.0042327481662	0.00287873971248	8.24179058788e-05	0.00263737298812	0	0.00132457348734	0.00314954140322	0.00997845360461	0.000247253717636	0.00127159054784	0.0141405578515	0.0495331614331	0.000612247300814	8.24179058788e-05	0.000830066052065	0.00010007888571	0	4.12089529394e-05	0.00280220879988	5.88699327705e-06	0.00120094662852	0.000170722805035	0	0	0	0	5.88699327705e-06	0	5.88699327705e-06	0	0.000170722805035	0	0.00010007888571	0	0	8.24179058788e-05	9.41918924329e-05	3.53219596623e-05	4.70959462164e-05	0	2.94349663853e-05	0.000435637502502	0.000176609798312	1.17739865541e-05	0.000629908280645	0.000465072468887	0.00091837095122	1.76609798312e-05	0	1.76609798312e-05	5.88699327705e-06	0	5.88699327705e-06	5.88699327705e-05	0.00170722805035	0.00346743904018	0.00244898920325	0.00095957990416	5.88699327705e-05	6.47569260476e-05	2.94349663853e-05	4.70959462164e-05	0.000241366724359	0.00010007888571	1.76609798312e-05	5.88699327705e-06	0	0
0.0020781086268	6.47569260476e-05	0.000412089529394	0	0.00677004226861	0	0.00109498074953	0.0241307854426	0.00172488903018	0.00311421944356	0.00717624480473	1.17739865541e-05	0.00174255001001	0	0.000871275005004	9.41918924329e-05	0.00420331319982	0.000229592737805	0	2.35479731082e-05	0.00488620441995	0.00528063296952	0.0035145349864	0.00488620441995	0.0169486536446	0	6.47569260476e-05	0.000612247300814	0.0579633358059	0.00113030270919	0.0111146433071	0	0	0.000671117233584	0.00197214274781	1.76609798312e-05	2.94349663853e-05	1.76609798312e-05	0	4.70959462164e-05	0	1.17739865541e-05	9.41918924329e-05	1.76609798312e-05	0.000977240883991	1.17739865541e-05	5.88699327705e-06	1.17739865541e-05	0	2.94349663853e-05	1.17739865541e-05	0.000105965878987	1.17739865541e-05	0	5.88699327705e-06	1.76609798312e-05	9.41918924329e-05	0.000594586320982	9.41918924329e-05	0.000506281421827	0	5.88699327705e-06	2.35479731082e-05	0.000182496791589	3.53219596623e-05	0.00015894881848	0	0	1.17739865541e-05	9.41918924329e-05	0.00200746470748	0.00108909375625	0.00103611081676	0.000470959462164	0.000264914697467	2.35479731082e-05	5.88699327705e-06	6.47569260476e-05	2.94349663853e-05	4.70959462164e-05	2.94349663853e-05	1.76609798312e-05	0	5.88699327705e-06
0.00843017437274	1.76609798312e-05	0.00010007888571	0	3.53219596623e-05	0.00146586132599	0.00147763531254	0.0033084902217	0.00468604664853	0.000217818751251	0.000264914697467	3.53219596623e-05	2.94349663853e-05	1.17739865541e-05	0.00821235562149	0.000865388011727	0.000206044764697	4.70959462164e-05	0	2.35479731082e-05	7.06439193246e-05	0.000482733448718	0.000282575677299	0.000441524495779	0.000376767569731	0	4.70959462164e-05	8.24179058788e-05	0.00113030270919	0.0294879493248	0.00364993583177	0	0.00150118328565	0.00571038347874	0.00467427266198	5.88699327705e-06	0	0	0	5.88699327705e-06	0	0	5.88699327705e-06	0	5.88699327705e-05	0	0	0	0	0	0	5.88699327705e-06	0	0	0	0	2.35479731082e-05	3.53219596623e-05	2.35479731082e-05	2.35479731082e-05	0	0	0	5.88699327705e-06	5.88699327705e-06	2.35479731082e-05	0	0	5.88699327705e-06	5.88699327705e-06	0.00103022382348	0.000312010643684	0.00169545406379	0.000423863515948	0.000906596964666	0.000706439193246	0	1.17739865541e-05	1.76609798312e-05	0	0	0	0	0
0.0042327481662	0.00015894881848	0.00102433683021	0	8.83048991558e-05	1.17739865541e-05	0.000206044764697	0.0143524896095	0.000853614025173	0.000941918924329	0.000288462670576	2.35479731082e-05	4.70959462164e-05	4.12089529394e-05	0.000594586320982	0.00010007888571	0.0017190020369	0.00075942213274	0	0.000105965878987	7.65309126017e-05	0.0134223446717	0.00220173548562	0.0074647074753	0.0020781086268	5.88699327705e-06	0.000182496791589	0.000830066052065	0.0111146433071	0.00364993583177	0.0397607525932	0	0	0.000983127877268	0.00517466709053	1.17739865541e-05	7.65309126017e-05	2.94349663853e-05	0	1.76609798312e-05	0	5.88699327705e-06	6.47569260476e-05	1.17739865541e-05	0.000253140710913	0	5.88699327705e-06	1.17739865541e-05	0	5.88699327705e-06	1.17739865541e-05	7.06439193246e-05	1.17739865541e-05	5.88699327705e-06	5.88699327705e-06	1.76609798312e-05	5.29829394935e-05	0.000447411489056	7.65309126017e-05	0.00015894881848	5.88699327705e-06	1.17739865541e-05	4.12089529394e-05	7.65309126017e-05	1.76609798312e-05	6.47569260476e-05	0	0	1.76609798312e-05	7.65309126017e-05	0.0032849422486	0.00184851588899	0.00250197214275	0.00122449460163	0.000264914697467	8.24179058788e-05	1.76609798312e-05	4.70959462164e-05	2.35479731082e-05	2.35479731082e-05	1.17739865541e-05	5.88699327705e-06	0	0
0	0	0	0	0	0	0	0	0	0	0	0.000247253717636	0	0.000447411489056	0	0	0	5.88699327705e-06	1.76609798312e-05	2.94349663853e-05	0	0	0	0	0	2.94349663853e-05	0.000618134294091	0.00010007888571	0	0	0	0.00065934324703	0	0	0	0	0	0	0	0	0	0	0	0	0	0	0	0	0	0	0	0	0	0	0	0	0	0	0	0	0	0	0	0	0	0	0	0	0	0	0	2.94349663853e-05	5.88699327705e-06	0	0	0	5.88699327705e-06	0	0	0	0	0	0	0
1.17739865541e-05	0	0	0	0	0.00221939646545	0.000724100173078	0	0.000729987166355	0	0	0	0	0	0.000806518078956	9.41918924329e-05	0	5.88699327705e-06	0	5.88699327705e-06	0	0	0	0	0	0	5.88699327705e-06	0	0	0.00150118328565	0	0	0.00422097417965	0	0.000571038347874	0	0	0	0	0	0	0	0	0	0	0	0	0	0	0	0	0	0	0	0	0	0	0	0	0	0	0	0	0	0	0	0	0	0	0	5.88699327705e-06	0	0.000105965878987	1.17739865541e-05	0.000176609798312	0.000494507435273	0	0	0	0	0	0	0	0
0.00319663734944	5.88699327705e-06	4.12089529394e-05	0	2.35479731082e-05	2.35479731082e-05	0.000153061825203	0.00128925152767	0.000706439193246	9.41918924329e-05	0.000117739865541	5.88699327705e-06	1.17739865541e-05	0	0.00131868649406	7.65309126017e-05	0.000117739865541	1.17739865541e-05	0	0	3.53219596623e-05	0.000253140710913	0.000123626858818	0.000270801690744	0.00030023665713	0	2.35479731082e-05	4.12089529394e-05	0.000671117233584	0.00571038347874	0.000983127877268	0	0	0.00878928096264	0.00238423227721	5.88699327705e-06	0	0	0	5.88699327705e-06	0	0	5.88699327705e-06	0	4.12089529394e-05	0	5.88699327705e-06	0	0	0	0	0	0	0	0	0	5.88699327705e-06	1.76609798312e-05	5.88699327705e-06	3.53219596623e-05	0	0	0	1.17739865541e-05	1.17739865541e-05	2.35479731082e-05	0	0	5.88699327705e-06	0	0.00081829206551	0.000241366724359	0.000812405072233	0.000341445610069	0.000288462670576	4.70959462164e-05	0	5.88699327705e-06	5.88699327705e-06	5.88699327705e-06	5.88699327705e-06	0	0	0
0.00203101268058	0.00075942213274	0.00334969917464	0	4.12089529394e-05	0.000800631085679	0.000883048991558	0.00249608514947	0.00253140710913	0.000317897636961	0.000217818751251	0.00565740053925	2.94349663853e-05	0.000953692910883	0.00230770136461	0.000671117233584	0.00108909375625	0.00694076507365	0.000206044764697	0.00658754547702	2.94349663853e-05	0.00561030459303	0.00130102551423	0.00816525967527	0.000682891220138	0.000547490374766	0.00501571827205	0.00280220879988	0.00197214274781	0.00467427266198	0.00517466709053	0	0.000571038347874	0.00238423227721	0.0484028587239	2.35479731082e-05	0.000264914697467	4.70959462164e-05	0	0	0	0	5.88699327705e-06	5.88699327705e-06	0.000123626858818	0	5.88699327705e-05	0	5.29829394935e-05	1.17739865541e-05	0	4.12089529394e-05	2.94349663853e-05	1.76609798312e-05	1.17739865541e-05	0	5.88699327705e-06	0.00030023665713	5.88699327705e-05	5.88699327705e-05	0.000264914697467	0.000182496791589	0.000288462670576	1.76609798312e-05	1.76609798312e-05	2.94349663853e-05	0	0	1.17739865541e-05	0.000105965878987	0.008542027245	0.00719390578456	0.0219408239436	0.00612836000141	0.00138933041338	0.000994901863822	0.000129513852095	8.83048991558e-05	0.000105965878987	8.83048991558e-05	5.88699327705e-05	1.76609798312e-05	2.94349663853e-05	5.88699327705e-06
5.88699327705e-06	0	5.88699327705e-06	0	0	0	0	1.17739865541e-05	0	9.41918924329e-05	5.88699327705e-06	0	0	0	5.88699327705e-06	0	1.76609798312e-05	0	0	0	0	5.88699327705e-06	3.53219596623e-05	5.88699327705e-06	2.35479731082e-05	0	0	5.88699327705e-06	1.76609798312e-05	5.88699327705e-06	1.17739865541e-05	0	0	5.88699327705e-06	2.35479731082e-05	0.0193858688613	1.17739865541e-05	8.83048991558e-05	0	0.000253140710913	0	0.00367348380488	0.00392073752252	0.00530418094263	0.000406202536117	0.000888935984835	5.88699327705e-06	0.00108320676298	0	0.0077472831526	0.000435637502502	0.000270801690744	0.00010007888571	0	0	0.000312010643684	0.000594586320982	0.000217818751251	0.000612247300814	0.00199569072092	5.88699327705e-06	1.76609798312e-05	8.24179058788e-05	0.00133634747389	0.00613424699469	0.00398549444857	0	2.35479731082e-05	0.00113030270919	0.0026432599814	2.35479731082e-05	1.17739865541e-05	5.88699327705e-06	1.17739865541e-05	0	0	0	0.000706439193246	0.000182496791589	0.00101256284365	0.000329671623515	0.000370880576454	0.000141287838649	5.88699327705e-06
5.88699327705e-06	0.00380299765698	0.00117739865541	0	0	0	0	1.17739865541e-05	0	5.88699327705e-06	0	7.65309126017e-05	0	0.00010007888571	0	5.88699327705e-06	5.29829394935e-05	0.000465072468887	5.88699327705e-06	0.000241366724359	0	0.000105965878987	0.000777083112571	0.000682891220138	0	0.000194270778143	0.000877161998281	0.00120094662852	2.94349663853e-05	0	7.65309126017e-05	0	0	0	0.000264914697467	1.17739865541e-05	0.0194035298412	0.00206044764697	0	0	0	1.17739865541e-05	1.17739865541e-05	0	4.12089529394e-05	0	0.000364993583177	5.88699327705e-06	0.000170722805035	0	0	0.000294349663853	0.00160714916464	0.000123626858818	0.000518055408381	0	0.000276688684022	0.00216052653268	0.00154239223859	2.94349663853e-05	0.00246665018309	0.00505692722499	0.0129808201759	7.06439193246e-05	3.53219596623e-05	0.000164835811758	5.88699327705e-06	0	1.17739865541e-05	0.000936031931052	0.000188383784866	0.000677004226861	0.000294349663853	0.00010007888571	5.88699327705e-06	5.88699327705e-06	5.88699327705e-06	0.000600473314259	0.00170134105707	0.00104199781004	0.000435637502502	4.12089529394e-05	1.17739865541e-05	5.29829394935e-05
0	0.000435637502502	0.00015894881848	0	0	0	0	5.88699327705e-06	0	2.94349663853e-05	0	1.17739865541e-05	0	0	0	1.17739865541e-05	2.35479731082e-05	4.70959462164e-05	0	5.88699327705e-06	0	3.53219596623e-05	0.000264914697467	0.00020015777142	5.88699327705e-06	1.17739865541e-05	4.12089529394e-05	0.000170722805035	1.76609798312e-05	0	2.94349663853e-05	0	0	0	4.70959462164e-05	8.83048991558e-05	0.00206044764697	0.0250785913602	0	1.17739865541e-05	0	2.94349663853e-05	0.000170722805035	5.29829394935e-05	6.47569260476e-05	5.88699327705e-06	0.000164835811758	5.88699327705e-06	1.17739865541e-05	5.29829394935e-05	0	0.000853614025173	0.00465661168215	1.17739865541e-05	0.000294349663853	5.88699327705e-06	0.00178964595622	0.0012068336218	0.0101256284365	0.00015894881848	5.29829394935e-05	0.00412089529394	0.00915427454582	0.000306123650407	0.00010007888571	0.000947805917606	0	0	2.94349663853e-05	0.00200746470748	9.41918924329e-05	7.65309126017e-05	3.53219596623e-05	2.35479731082e-05	5.88699327705e-06	5.88699327705e-06	5.88699327705e-06	0.0015659402117	0.00174843700328	0.00180730693606	0.00110675473609	0.000111852872264	0.000153061825203	1.17739865541e-05
0	0	0	0	0	0	0	0	0	0	0	0	0	0	0	0	0	0	0	0	0	0	0	0	0	0	0	0	0	0	0	0	0	0	0	0	0	0	0	0	0	0	0	0	0	0	0	0	0	0	0	0	0	0	0	0	0	0	0	0	0	0	0	0	0	0	0	0	0	0	0	0	0	0	0	0	0	0	0	0	0	0	0	0
1.17739865541e-05	0	0	0	0.000429750509225	0	5.88699327705e-06	6.47569260476e-05	1.17739865541e-05	0.000129513852095	5.88699327705e-06	0	1.76609798312e-05	0	5.88699327705e-06	0	5.88699327705e-06	0	0	0	0	0	1.76609798312e-05	5.88699327705e-06	9.41918924329e-05	0	0	0	4.70959462164e-05	5.88699327705e-06	1.76609798312e-05	0	0	5.88699327705e-06	0	0.000253140710913	0	1.17739865541e-05	0	0.0142877326834	0	0.000735874159632	0.000612247300814	0.000194270778143	0.000665230240307	0.00224294443856	0	0.00160126217136	0	0.00010007888571	1.17739865541e-05	7.65309126017e-05	1.17739865541e-05	0	0	0.00783558805176	6.47569260476e-05	6.47569260476e-05	5.88699327705e-05	0.00589288027033	0	0	5.88699327705e-06	0.00433871404519	0.000105965878987	0.000188383784866	0	0	1.17739865541e-05	0.000147174831926	0	0	0	0	5.88699327705e-06	0	0	4.70959462164e-05	1.76609798312e-05	7.06439193246e-05	1.76609798312e-05	4.12089529394e-05	1.17739865541e-05	0
0	0	0	0	0	0	0	0	0	0	0	0	0	0	0	0	0	0	0	0	0	0	0	0	0	0	0	0	0	0	0	0	0	0	0	0	0	0	0	0	0.00252552011586	0.00075942213274	0	0.000635795273922	0	0	0	5.88699327705e-06	0	0.000141287838649	0.000465072468887	0	0	0	0	0	0	0	5.88699327705e-06	5.88699327705e-06	0	0	0	0	0.00015894881848	0	0	0.000677004226861	0	0.000182496791589	0	0	0	0	0	0	0	5.88699327705e-06	1.76609798312e-05	4.12089529394e-05	5.88699327705e-06	0.000712326186523	0.0010773197697	0
0	0	0	0	0	0	0	1.76609798312e-05	0	6.47569260476e-05	0	0	0.000176609798312	0	0	0	1.17739865541e-05	0	0	0	0	1.17739865541e-05	2.35479731082e-05	0	1.17739865541e-05	0	0	0	1.17739865541e-05	0	5.88699327705e-06	0	0	0	0	0.00367348380488	1.17739865541e-05	2.94349663853e-05	0	0.000735874159632	0.00075942213274	0.0484852766298	0.00173077602345	0.0185028198698	0.000264914697467	0.0142112017708	5.29829394935e-05	0.0110616603676	0	0.00683479919466	0.00214286555285	9.41918924329e-05	3.53219596623e-05	0	0	0.00274333886711	0.000182496791589	7.06439193246e-05	0.000135400845372	0.00188972484193	5.88699327705e-06	4.12089529394e-05	2.35479731082e-05	0.00242544123015	0.00478023854097	0.000547490374766	0	0.00153650524531	0.000312010643684	0.00316720238305	0	0	0	0	0	0	0	0.00045918547561	5.88699327705e-05	0.00108320676298	0.000247253717636	0.00174843700328	0.00213697855957	5.88699327705e-06
1.17739865541e-05	0	0	0	0	0	0	7.06439193246e-05	5.88699327705e-06	0.000206044764697	5.88699327705e-06	0	5.88699327705e-06	0	1.17739865541e-05	5.88699327705e-06	1.17739865541e-05	0	0	0	5.88699327705e-06	1.17739865541e-05	4.70959462164e-05	2.35479731082e-05	5.88699327705e-05	0	0	5.88699327705e-06	9.41918924329e-05	5.88699327705e-06	6.47569260476e-05	0	0	5.88699327705e-06	5.88699327705e-06	0.00392073752252	1.17739865541e-05	0.000170722805035	0	0.000612247300814	0	0.00173077602345	0.0248725465956	0.00209576960663	0.000777083112571	0.00165424511085	5.88699327705e-06	0.000588699327705	0	0.00144231335288	0.000105965878987	0.00055926436132	0.000123626858818	0	5.88699327705e-06	0.000412089529394	0.00140110439994	0.000388541556286	0.00109498074953	0.00568683550563	0	1.76609798312e-05	0.000105965878987	0.00709382689885	0.00145408733943	0.00476846455441	0	5.88699327705e-06	0.000435637502502	0.00135400845372	5.88699327705e-06	5.88699327705e-06	5.88699327705e-06	5.88699327705e-06	5.88699327705e-06	0	0	0.000541603381489	0.000170722805035	0.000565151354597	0.000223705744528	0.000247253717636	5.29829394935e-05	5.88699327705e-06
