0.0201756948908	6.62264555211e-05	0.00033502795146	0	0.000186992345001	3.11653908335e-05	0.000373984690002	0.00883149262744	0.00522020296461	0.00110247570073	0.00182317536376	0.000183096671147	0.000101287520209	1.16870215626e-05	0.0112974541771	1.94783692709e-05	8.18091509379e-05	0.000545394339586	2.72697169793e-05	0.000303862560626	0.000124661563334	0.000498646253336	0.000210366388126	0.00083756987865	0.00105183194063	3.89567385418e-06	0.000303862560626	0.00016751397573	0.00360349831512	0.00714466584858	0.00503710629346	0	5.45394339586e-05	0.000444106819377	0.0012583026549	7.79134770837e-05	5.06437601044e-05	1.94783692709e-05	0	5.84351078128e-05	3.89567385418e-06	8.96004986463e-05	0.000116870215626	0.000159722628022	0.000397358733127	2.33740431251e-05	7.79134770837e-06	5.06437601044e-05	7.79134770837e-06	0.000210366388126	3.50610646877e-05	1.55826954167e-05	1.55826954167e-05	3.89567385418e-06	2.33740431251e-05	3.89567385418e-05	6.62264555211e-05	0.000253218800522	5.06437601044e-05	0.00038177603771	0	5.45394339586e-05	4.2852412396e-05	0.000194783692709	0.000225949083543	0.000144139932605	0	7.79134770837e-06	1.94783692709e-05	0.000190888018855	0.000689534272191	0.000190888018855	0.00114922378698	0.000323340929897	5.84351078128e-05	0.000112974541771	7.79134770837e-06	0.000109078867917	1.16870215626e-05	0.000155826954167	3.89567385418e-05	2.33740431251e-05	1.16870215626e-05	3.89567385418e-06
6.62264555211e-05	0.0221936539473	0.00634994838232	0	5.84351078128e-05	3.89567385418e-06	3.89567385418e-06	0.000148035606459	3.50610646877e-05	0.00259062311303	1.94783692709e-05	0.000136348584896	7.79134770837e-06	0.000155826954167	5.45394339586e-05	3.89567385418e-06	0.000451898167085	0.00141023393521	6.2330781667e-05	0.000642786185941	0	0.000268801495939	0.0058162410643	0.00144919067376	0.00206860281657	0.000673951576774	0.00411772726387	0.01229085101	0.000514228948752	9.34961725004e-05	0.000159722628022	0	3.89567385418e-06	1.94783692709e-05	0.000677847250628	2.72697169793e-05	0.00852373439296	0.00202185473032	0	0	0	1.16870215626e-05	2.33740431251e-05	3.50610646877e-05	1.55826954167e-05	3.89567385418e-06	3.50610646877e-05	7.79134770837e-06	8.96004986463e-05	5.06437601044e-05	0	4.2852412396e-05	0.00128557237188	2.72697169793e-05	0.000603829447399	7.79134770837e-06	8.57048247921e-05	0.000518124622607	0.000654473207503	3.11653908335e-05	0.000245427452814	0.0030697909971	0.0064200705117	3.50610646877e-05	7.01221293753e-05	9.73918463546e-05	1.16870215626e-05	0	1.16870215626e-05	0.000560977035003	0.0011648064824	0.00081030016167	0.000685638598337	0.000155826954167	7.79134770837e-06	7.79134770837e-06	1.55826954167e-05	0.000537602991878	0.000393463059273	0.000522020296461	0.000171409649584	3.50610646877e-05	2.33740431251e-05	0
0.00033502795146	0.00634994838232	0.0456027581371	0	7.79134770837e-06	0	5.06437601044e-05	0.00130894641501	0.000366193342293	0.000463585188648	0.000144139932605	0.00033502795146	3.11653908335e-05	5.45394339586e-05	0.00050254192719	3.89567385418e-06	0.00104793626678	0.00754592025556	0.000155826954167	0.00162839167105	1.55826954167e-05	0.00205691579501	0.00263737119928	0.0140945480044	0.000989501158963	5.06437601044e-05	0.00895615419077	0.0167708759423	0.00259062311303	0.000440211145523	0.00143750365219	0	0	3.89567385418e-05	0.00227117785699	7.40178032295e-05	0.00595258964919	0.00285552893512	0	3.89567385418e-06	0	2.33740431251e-05	5.06437601044e-05	5.45394339586e-05	5.84351078128e-05	3.89567385418e-06	5.06437601044e-05	0	4.2852412396e-05	8.96004986463e-05	3.89567385418e-06	0.000136348584896	0.00194783692709	3.50610646877e-05	0.000938857398859	3.89567385418e-06	0.000222053409689	0.00134790315355	0.00154268684626	0.000101287520209	0.000116870215626	0.00389177818033	0.00598765071388	8.18091509379e-05	9.73918463546e-05	0.000171409649584	1.16870215626e-05	0	1.55826954167e-05	0.000732386684587	0.0044722335846	0.00234129998637	0.00298408617231	0.000853152574066	2.33740431251e-05	4.2852412396e-05	4.67480862502e-05	0.000775239096983	0.000588246751982	0.000759656401566	0.000233740431251	5.06437601044e-05	2.72697169793e-05	7.79134770837e-06
0	0	0	0	0	0	0	0	0	0	0	0	0	0	0	0	0	0	0	0	0	0	0	0	0	0	0	0	0	0	0	0	0	0	0	0	0	0	0	0	0	0	0	0	0	0	0	0	0	0	0	0	0	0	0	0	0	0	0	0	0	0	0	0	0	0	0	0	0	0	0	0	0	0	0	0	0	0	0	0	0	0	0	0
0.000186992345001	5.84351078128e-05	7.79134770837e-06	0	0.014826934689	2.33740431251e-05	0.000229844757397	0.00141412960907	0.00038177603771	0.00192446288397	0.00262568417772	3.50610646877e-05	0.000673951576774	3.89567385418e-06	0.000315549582189	0.000112974541771	7.79134770837e-06	1.94783692709e-05	7.79134770837e-06	4.2852412396e-05	0.00229065622626	3.89567385418e-05	0.000163618301876	3.89567385418e-05	0.0055357525468	3.89567385418e-06	1.94783692709e-05	5.06437601044e-05	0.0053994039619	0.00050254192719	0.000175305323438	0	1.55826954167e-05	7.40178032295e-05	0.000194783692709	9.34961725004e-05	7.79134770837e-06	3.89567385418e-06	0	0.00295681645533	1.55826954167e-05	0.000315549582189	6.62264555211e-05	0.000272697169793	0.000833674204796	0.000249323126668	1.94783692709e-05	0.00267243226397	3.89567385418e-06	0.000342819299168	3.89567385418e-05	7.79134770837e-06	0	0	7.79134770837e-06	0.00351000214262	1.16870215626e-05	5.84351078128e-05	1.55826954167e-05	0.00167124408345	0	1.55826954167e-05	1.16870215626e-05	0.000183096671147	0.000311653908335	9.34961725004e-05	0	1.55826954167e-05	1.94783692709e-05	0.000229844757397	0.000151931280313	2.33740431251e-05	0.000241531778959	9.73918463546e-05	7.40178032295e-05	9.73918463546e-05	3.89567385418e-06	5.45394339586e-05	1.16870215626e-05	0.000140244258751	4.2852412396e-05	5.45394339586e-05	2.33740431251e-05	3.89567385418e-06
3.11653908335e-05	3.89567385418e-06	0	0	2.33740431251e-05	0.00402423109137	0.00147646039074	0.000140244258751	0.000794717466254	0.000159722628022	0.000179200997293	8.96004986463e-05	0.000124661563334	7.79134770837e-06	0.000292175539064	0.00093106605115	3.89567385418e-06	0	3.89567385418e-06	7.79134770837e-06	4.2852412396e-05	1.16870215626e-05	3.89567385418e-06	3.89567385418e-06	7.40178032295e-05	7.79134770837e-06	0	3.89567385418e-06	0.000109078867917	7.79134770837e-05	1.55826954167e-05	0	0.00159333060636	3.89567385418e-06	0.000518124622607	0	3.89567385418e-06	0	0	0	0	0	0	0	7.79134770837e-06	0	0	0	0	3.89567385418e-06	0	0	0	0	0	0	3.89567385418e-06	3.89567385418e-06	3.89567385418e-06	7.79134770837e-06	3.89567385418e-06	3.89567385418e-06	3.89567385418e-06	3.89567385418e-06	1.55826954167e-05	0	0	0	0	1.94783692709e-05	0.000112974541771	4.2852412396e-05	0.00042852412396	0.000186992345001	0.00109078867917	0.00206860281657	7.79134770837e-06	1.16870215626e-05	3.89567385418e-06	7.79134770837e-06	0	0	0	0
0.000373984690002	3.89567385418e-06	5.06437601044e-05	0	0.000229844757397	0.00147646039074	0.0356415200919	0.00687976002649	0.0131946473441	0.000701221293753	0.0163267691229	0.000284384191355	0.00786146983775	2.33740431251e-05	0.00331132277606	0.00116870215626	3.89567385418e-05	5.84351078128e-05	3.89567385418e-05	8.18091509379e-05	0.00344767136095	6.2330781667e-05	1.94783692709e-05	0.000124661563334	0.00045579384094	0	7.01221293753e-05	3.11653908335e-05	0.00196731529636	0.000985605485109	0.000151931280313	0	0.0013011550673	1.94783692709e-05	0.000899900660317	7.01221293753e-05	3.89567385418e-06	1.16870215626e-05	0	0.000202575040418	0	7.79134770837e-05	8.96004986463e-05	0.000202575040418	0.000420732776252	6.62264555211e-05	3.89567385418e-06	0.000155826954167	0	0.000179200997293	1.16870215626e-05	0	0	0	0	0.00021426206198	7.79134770837e-06	1.55826954167e-05	2.33740431251e-05	0.000576559730419	0	3.89567385418e-06	7.79134770837e-06	0.000159722628022	0.00012076588948	2.72697169793e-05	0	3.89567385418e-06	0	5.84351078128e-05	0.000603829447399	0.000186992345001	0.0014881474123	0.000483063557919	0.000701221293753	0.00185823642845	1.55826954167e-05	2.33740431251e-05	3.89567385418e-06	3.89567385418e-05	3.89567385418e-06	1.94783692709e-05	0	0
0.00883149262744	0.000148035606459	0.00130894641501	0	0.00141412960907	0.000140244258751	0.00687976002649	0.0746527980677	0.0140555912659	0.00525136835544	0.0244025010226	0.000775239096983	0.000849256900212	5.06437601044e-05	0.016190420538	0.000198679366563	0.000159722628022	0.0013011550673	0.000190888018855	0.00076355207542	0.000798613140108	0.00247375289741	0.000467480862502	0.00389956952804	0.00458131245252	7.79134770837e-06	0.000888213638754	0.000529811644169	0.0326574339196	0.00871072673796	0.0114415941097	0	0.000190888018855	0.00062330781667	0.00416057967627	0.000424628450106	0.000116870215626	7.79134770837e-05	0	0.00134400747969	1.16870215626e-05	0.000607725121253	0.000436315471669	0.000907692008025	0.00295292078147	0.000292175539064	4.2852412396e-05	0.000712908315316	3.50610646877e-05	0.0010284578975	5.45394339586e-05	5.45394339586e-05	2.72697169793e-05	1.94783692709e-05	1.16870215626e-05	0.000962231441984	0.000136348584896	0.000436315471669	0.000183096671147	0.00342040164397	1.55826954167e-05	0.000105183194063	0.000109078867917	0.000845361226358	0.000954440094275	0.000420732776252	0	4.2852412396e-05	7.79134770837e-05	0.000693429946045	0.00287111163053	0.000771343423129	0.00503710629346	0.00185044508074	0.000280488517501	0.000876526617192	4.67480862502e-05	0.000315549582189	5.06437601044e-05	0.000420732776252	0.000140244258751	0.000112974541771	7.01221293753e-05	3.89567385418e-06
0.00522020296461	3.50610646877e-05	0.000366193342293	0	0.00038177603771	0.000794717466254	0.0131946473441	0.0140555912659	0.0441029237032	0.0016244959972	0.0126297746353	0.00110247570073	0.00273086737178	0.000128557237188	0.0239194374647	0.000767447749274	0.000109078867917	0.000358401994585	0.000163618301876	0.000416837102398	0.00195173260095	0.000506437601044	0.000206470714272	0.000892109312608	0.00146477336917	3.11653908335e-05	0.000358401994585	0.000222053409689	0.00522799431232	0.00456183408325	0.00168293110501	3.89567385418e-06	0.00149204308615	0.000105183194063	0.00261399715616	0.000198679366563	3.89567385418e-05	2.72697169793e-05	0	0.000299966886772	3.89567385418e-06	0.000179200997293	0.000140244258751	0.000354506320731	0.000783030444691	9.34961725004e-05	2.33740431251e-05	0.000225949083543	1.55826954167e-05	0.000486959231773	3.11653908335e-05	1.94783692709e-05	1.55826954167e-05	1.16870215626e-05	1.16870215626e-05	0.000307758234481	3.89567385418e-05	0.000194783692709	7.79134770837e-05	0.000993396832817	2.33740431251e-05	3.50610646877e-05	5.45394339586e-05	0.000319445256043	0.000412941428544	0.000159722628022	0	2.33740431251e-05	2.33740431251e-05	0.000249323126668	0.00183486238532	0.000514228948752	0.00407487485148	0.00117649350396	0.00081030016167	0.00247375289741	9.73918463546e-05	0.000128557237188	1.55826954167e-05	0.000148035606459	5.06437601044e-05	2.33740431251e-05	2.72697169793e-05	0
0.00110247570073	0.00259062311303	0.000463585188648	0	0.00192446288397	0.000159722628022	0.000701221293753	0.00525136835544	0.0016244959972	0.0352870137712	0.00300356454158	0.00021426206198	0.00194783692709	2.33740431251e-05	0.00164787004032	0.00113753676542	0.000997292506671	0.000280488517501	3.89567385418e-05	0.000210366388126	0.000592142425836	0.000424628450106	0.00950544420421	0.000642786185941	0.0144334716298	0.000159722628022	0.000946648746567	0.00199068933949	0.0107247901206	0.00294123375991	0.00161670464949	0	6.2330781667e-05	0.000432419797815	0.00104404059292	0.00112974541771	0.000140244258751	0.00016751397573	0	0.00194783692709	3.89567385418e-05	0.0007908217924	0.0008843179649	0.00128557237188	0.00862112623931	0.000338923625314	9.34961725004e-05	0.000849256900212	2.72697169793e-05	0.00211535090282	0.000190888018855	0.000631099164378	6.2330781667e-05	1.16870215626e-05	2.33740431251e-05	0.00117259783011	0.00137517287053	0.00484621827461	0.00122324159021	0.0063265743392	1.94783692709e-05	0.000112974541771	0.000299966886772	0.00292565106449	0.00215430764136	0.00216599466293	0	8.96004986463e-05	0.000311653908335	0.00182317536376	0.00184654940688	0.000584351078128	0.00141023393521	0.000599933773544	0.000954440094275	0.000307758234481	2.33740431251e-05	0.00100897952823	0.000101287520209	0.00123492861178	0.000463585188648	0.000405150080835	0.00016751397573	1.16870215626e-05
0.00182317536376	1.94783692709e-05	0.000144139932605	0	0.00262568417772	0.000179200997293	0.0163267691229	0.0244025010226	0.0126297746353	0.00300356454158	0.0641578527046	0.000880422291046	0.00735892791056	5.06437601044e-05	0.0080017140965	0.000249323126668	4.67480862502e-05	0.000183096671147	0.000151931280313	0.000401254406981	0.0073978846491	0.000210366388126	9.34961725004e-05	0.000377880363856	0.00153099982469	1.16870215626e-05	0.00026101014823	0.000179200997293	0.0125168000935	0.00433198932585	0.000599933773544	0	0.000292175539064	0.000128557237188	0.00286721595668	0.000186992345001	2.33740431251e-05	3.89567385418e-06	0	0.00135569450126	0	0.000370089016148	0.000249323126668	0.000560977035003	0.00212314225053	0.00026101014823	1.94783692709e-05	0.000619412142815	7.79134770837e-06	0.000459689514794	2.33740431251e-05	7.79134770837e-06	0	3.89567385418e-06	0	0.000880422291046	3.89567385418e-06	6.2330781667e-05	3.11653908335e-05	0.00271918035022	1.55826954167e-05	1.94783692709e-05	3.50610646877e-05	0.000416837102398	0.000370089016148	0.000105183194063	0	2.33740431251e-05	3.89567385418e-06	0.000218157735834	0.00148035606459	0.000405150080835	0.00388398683262	0.00112974541771	0.00038177603771	0.000825882857087	5.06437601044e-05	6.62264555211e-05	1.16870215626e-05	0.000148035606459	3.50610646877e-05	7.01221293753e-05	2.72697169793e-05	0
0.000183096671147	0.000136348584896	0.00033502795146	0	3.50610646877e-05	8.96004986463e-05	0.000284384191355	0.000775239096983	0.00110247570073	0.00021426206198	0.000880422291046	0.0318549251057	0.000229844757397	0.0032139309297	0.00157385223709	5.06437601044e-05	9.73918463546e-05	0.00204133309959	0.00678626385399	0.00940026101015	0.000241531778959	0.000338923625314	0.000105183194063	0.000545394339586	0.000245427452814	0.000755760727712	0.00760045968951	0.00164787004032	0.000607725121253	0.00236856970334	0.000268801495939	0.00012076588948	0.000140244258751	6.2330781667e-05	0.00906523305869	1.55826954167e-05	0.000370089016148	3.11653908335e-05	0	1.55826954167e-05	0	1.16870215626e-05	2.33740431251e-05	2.33740431251e-05	0.000105183194063	1.16870215626e-05	0.000128557237188	2.33740431251e-05	0.000736282358441	3.11653908335e-05	0	3.89567385418e-06	1.55826954167e-05	7.01221293753e-05	5.45394339586e-05	1.55826954167e-05	1.55826954167e-05	3.50610646877e-05	2.33740431251e-05	0.000101287520209	0.000970022789692	0.000553185687294	0.000829778530941	5.45394339586e-05	4.67480862502e-05	3.50610646877e-05	5.84351078128e-05	0	7.79134770837e-06	7.01221293753e-05	0.00273865871949	0.00537602991878	0.0143166014141	0.00153489549855	6.62264555211e-05	0.000479167884065	0.0012076588948	7.40178032295e-05	0.000241531778959	9.73918463546e-05	5.06437601044e-05	0	1.16870215626e-05	2.72697169793e-05
0.000101287520209	7.79134770837e-06	3.11653908335e-05	0	0.000673951576774	0.000124661563334	0.00786146983775	0.000849256900212	0.00273086737178	0.00194783692709	0.00735892791056	0.000229844757397	0.0230273281521	1.16870215626e-05	0.00146866904303	0.00165566138803	1.16870215626e-05	1.55826954167e-05	4.67480862502e-05	7.01221293753e-05	0.00987942889421	4.67480862502e-05	1.94783692709e-05	3.89567385418e-05	0.00199068933949	0	4.67480862502e-05	3.89567385418e-05	0.000997292506671	0.000732386684587	5.45394339586e-05	0	0.00012076588948	0	0.000522020296461	3.11653908335e-05	0	0	0	0.000272697169793	0	9.34961725004e-05	3.89567385418e-05	5.06437601044e-05	0.000377880363856	7.40178032295e-05	3.89567385418e-06	0.000331132277606	0	5.45394339586e-05	7.79134770837e-06	0	0	0	0	0.000175305323438	0	3.89567385418e-06	0	0.000424628450106	0	0	0	5.84351078128e-05	5.45394339586e-05	2.72697169793e-05	0	0	0	3.50610646877e-05	0.000292175539064	7.01221293753e-05	0.000821987183233	0.000190888018855	0.00071680398917	0.000296071212918	0	0	3.89567385418e-06	2.33740431251e-05	7.79134770837e-06	3.89567385418e-05	7.79134770837e-06	0
1.16870215626e-05	0.000155826954167	5.45394339586e-05	0	3.89567385418e-06	7.79134770837e-06	2.33740431251e-05	5.06437601044e-05	0.000128557237188	2.33740431251e-05	5.06437601044e-05	0.0032139309297	1.16870215626e-05	0.0121973548375	0.000163618301876	7.79134770837e-06	1.55826954167e-05	5.45394339586e-05	0.000241531778959	0.000268801495939	1.16870215626e-05	2.72697169793e-05	7.40178032295e-05	4.67480862502e-05	3.11653908335e-05	0.00299187752001	0.0021426206198	0.00118038917782	6.62264555211e-05	0.000136348584896	3.50610646877e-05	5.45394339586e-05	1.16870215626e-05	7.79134770837e-06	0.000650577533649	0	0.000198679366563	1.16870215626e-05	0	0	0	0	3.89567385418e-06	3.89567385418e-06	7.79134770837e-06	3.89567385418e-06	0.000311653908335	0	0.00194394125324	3.89567385418e-06	0	3.89567385418e-06	1.16870215626e-05	3.89567385418e-05	2.33740431251e-05	0	3.89567385418e-06	1.16870215626e-05	7.79134770837e-06	0	0.00124271995948	0.000529811644169	0.000732386684587	3.89567385418e-06	3.89567385418e-06	0	0.000109078867917	0	0	3.11653908335e-05	0.000280488517501	0.00231403026939	0.00149593876001	0.000237636105105	3.89567385418e-06	6.2330781667e-05	0.00162060032334	2.72697169793e-05	0.000553185687294	7.79134770837e-05	2.72697169793e-05	0	0	5.84351078128e-05
0.0112974541771	5.45394339586e-05	0.00050254192719	0	0.000315549582189	0.000292175539064	0.00331132277606	0.016190420538	0.0239194374647	0.00164787004032	0.0080017140965	0.00157385223709	0.00146866904303	0.000163618301876	0.0430588831103	0.000229844757397	0.000109078867917	0.000568768382711	0.000229844757397	0.000592142425836	0.00126998967646	0.000588246751982	0.000253218800522	0.00111026704844	0.00162060032334	3.89567385418e-05	0.000510333274898	0.00028827986521	0.00584351078128	0.00922495568671	0.00286332028283	3.89567385418e-06	0.000927170377296	0.000218157735834	0.0036307680321	0.000179200997293	5.84351078128e-05	5.45394339586e-05	0	0.000237636105105	3.89567385418e-06	0.000140244258751	0.000140244258751	0.000299966886772	0.000751865053858	8.57048247921e-05	2.72697169793e-05	0.000175305323438	2.72697169793e-05	0.000451898167085	2.72697169793e-05	1.94783692709e-05	2.33740431251e-05	7.79134770837e-06	1.55826954167e-05	0.000241531778959	7.01221293753e-05	0.000245427452814	0.000101287520209	0.000899900660317	2.72697169793e-05	6.62264555211e-05	7.40178032295e-05	0.00033502795146	0.000440211145523	0.000206470714272	3.89567385418e-06	7.79134770837e-06	2.72697169793e-05	0.000284384191355	0.00192446288397	0.000529811644169	0.00490075770856	0.00118428485167	0.000483063557919	0.00142971230449	7.79134770837e-05	0.000159722628022	2.72697169793e-05	0.000194783692709	5.84351078128e-05	2.72697169793e-05	2.33740431251e-05	3.89567385418e-06
1.94783692709e-05	3.89567385418e-06	3.89567385418e-06	0	0.000112974541771	0.00093106605115	0.00116870215626	0.000198679366563	0.000767447749274	0.00113753676542	0.000249323126668	5.06437601044e-05	0.00165566138803	7.79134770837e-06	0.000229844757397	0.00472545238513	0	3.89567385418e-06	1.55826954167e-05	1.94783692709e-05	0.000155826954167	3.89567385418e-06	1.16870215626e-05	7.79134770837e-06	0.000518124622607	0	7.79134770837e-06	7.79134770837e-06	0.000257114474376	8.57048247921e-05	1.55826954167e-05	0	0.000151931280313	7.79134770837e-06	9.73918463546e-05	3.89567385418e-06	0	0	0	1.55826954167e-05	0	3.89567385418e-06	7.79134770837e-06	0	5.45394339586e-05	3.89567385418e-06	0	7.79134770837e-06	0	7.79134770837e-06	0	7.79134770837e-06	0	0	0	7.79134770837e-06	0	7.79134770837e-06	3.89567385418e-06	3.50610646877e-05	0	0	0	7.79134770837e-06	1.16870215626e-05	3.89567385418e-06	0	0	0	1.16870215626e-05	7.40178032295e-05	3.11653908335e-05	0.000183096671147	6.2330781667e-05	0.00187771479772	0.000510333274898	0	3.89567385418e-06	0	3.89567385418e-06	3.89567385418e-06	7.79134770837e-06	0	0
8.18091509379e-05	0.000451898167085	0.00104793626678	0	7.79134770837e-06	3.89567385418e-06	3.89567385418e-05	0.000159722628022	0.000109078867917	0.000997292506671	4.67480862502e-05	9.73918463546e-05	1.16870215626e-05	1.55826954167e-05	0.000109078867917	0	0.0242038216561	0.00021426206198	3.50610646877e-05	0.000136348584896	1.55826954167e-05	0.00444496386763	0.00891719745223	0.00695767350357	0.00781472175149	1.16870215626e-05	0.000331132277606	0.00622139114513	0.00704727400222	0.000218157735834	0.000397358733127	0	0	3.89567385418e-05	0.000666160229066	1.94783692709e-05	0.000132452911042	0.000506437601044	0	0	0	7.79134770837e-06	1.55826954167e-05	1.16870215626e-05	5.06437601044e-05	3.89567385418e-06	0	3.89567385418e-06	1.16870215626e-05	3.50610646877e-05	7.79134770837e-06	0.000494750579481	8.57048247921e-05	3.89567385418e-06	0	0	0.000354506320731	0.00268022361168	0.00215430764136	0.000101287520209	0	5.84351078128e-05	0.000814195835525	0.000116870215626	4.67480862502e-05	0.000116870215626	0	0	1.16870215626e-05	0.000105183194063	0.00328405305908	0.00207639416428	0.0009778141374	0.000373984690002	1.94783692709e-05	3.11653908335e-05	1.16870215626e-05	0.000186992345001	5.45394339586e-05	0.000124661563334	5.06437601044e-05	3.11653908335e-05	1.16870215626e-05	7.79134770837e-06
0.000545394339586	0.00141023393521	0.00754592025556	0	1.94783692709e-05	0	5.84351078128e-05	0.0013011550673	0.000358401994585	0.000280488517501	0.000183096671147	0.00204133309959	1.55826954167e-05	5.45394339586e-05	0.000568768382711	3.89567385418e-06	0.00021426206198	0.0307018056448	0.000899900660317	0.00996123804515	1.16870215626e-05	0.00266853659012	0.000412941428544	0.0109117824656	0.000296071212918	5.06437601044e-05	0.00695377782972	0.00468259997273	0.00212314225053	0.000899900660317	0.00319445256043	0	0	1.94783692709e-05	0.0068446989618	1.16870215626e-05	0.00241531778959	0.000202575040418	0	1.16870215626e-05	0	7.79134770837e-06	1.16870215626e-05	1.94783692709e-05	4.67480862502e-05	0	5.45394339586e-05	3.89567385418e-06	8.18091509379e-05	4.67480862502e-05	0	1.94783692709e-05	0.000362297668439	6.62264555211e-05	0.000385671711564	3.89567385418e-06	3.89567385418e-05	0.000144139932605	0.000198679366563	3.50610646877e-05	0.000272697169793	0.00157385223709	0.00210755955511	1.94783692709e-05	4.2852412396e-05	5.45394339586e-05	3.89567385418e-06	0	0	0.000194783692709	0.00200237636105	0.00133621613199	0.00433978067356	0.000794717466254	3.11653908335e-05	4.2852412396e-05	4.2852412396e-05	0.000171409649584	0.000136348584896	0.000186992345001	8.96004986463e-05	7.79134770837e-06	1.55826954167e-05	3.89567385418e-06
2.72697169793e-05	6.2330781667e-05	0.000155826954167	0	7.79134770837e-06	3.89567385418e-06	3.89567385418e-05	0.000190888018855	0.000163618301876	3.89567385418e-05	0.000151931280313	0.00678626385399	4.67480862502e-05	0.000241531778959	0.000229844757397	1.55826954167e-05	3.50610646877e-05	0.000899900660317	0.0107559555114	0.00502152359804	3.11653908335e-05	0.000132452911042	3.50610646877e-05	0.000222053409689	7.01221293753e-05	6.2330781667e-05	0.00301914723699	0.000588246751982	0.000175305323438	0.000479167884065	0.000109078867917	1.16870215626e-05	7.79134770837e-06	7.79134770837e-06	0.0017179921697	7.79134770837e-06	0.000132452911042	1.94783692709e-05	0	0	0	3.89567385418e-06	0	3.89567385418e-06	1.16870215626e-05	3.89567385418e-06	1.55826954167e-05	0	0.000175305323438	0	0	0	7.79134770837e-06	1.16870215626e-05	1.94783692709e-05	0	0	1.94783692709e-05	1.16870215626e-05	1.55826954167e-05	0.000296071212918	0.000206470714272	0.000311653908335	7.79134770837e-06	0	3.89567385418e-06	1.16870215626e-05	0	0	1.16870215626e-05	0.000919379029588	0.00134011180584	0.00292954673835	0.000389567385418	3.89567385418e-06	6.2330781667e-05	3.50610646877e-05	3.11653908335e-05	4.2852412396e-05	2.72697169793e-05	1.16870215626e-05	0	0	7.79134770837e-06
0.000303862560626	0.000642786185941	0.00162839167105	0	4.2852412396e-05	7.79134770837e-06	8.18091509379e-05	0.00076355207542	0.000416837102398	0.000210366388126	0.000401254406981	0.00940026101015	7.01221293753e-05	0.000268801495939	0.000592142425836	1.94783692709e-05	0.000136348584896	0.00996123804515	0.00502152359804	0.0288552562379	8.18091509379e-05	0.00100118818053	0.000303862560626	0.0019049845147	0.000315549582189	0.000179200997293	0.0128479323711	0.00422291045794	0.000981709811255	0.00118818052553	0.000888213638754	7.79134770837e-06	7.79134770837e-06	4.2852412396e-05	0.010019673153	1.94783692709e-05	0.00168682677886	6.62264555211e-05	0	7.79134770837e-06	0	7.79134770837e-06	3.89567385418e-06	1.94783692709e-05	3.89567385418e-05	7.79134770837e-06	0.000101287520209	7.79134770837e-06	0.000268801495939	1.94783692709e-05	0	1.16870215626e-05	9.34961725004e-05	0.000171409649584	0.00028827986521	0	2.72697169793e-05	7.79134770837e-05	8.57048247921e-05	5.06437601044e-05	0.000938857398859	0.00134400747969	0.00193225423168	1.55826954167e-05	2.72697169793e-05	2.33740431251e-05	3.50610646877e-05	0	0	9.34961725004e-05	0.00357233292429	0.00309316504022	0.00888213638754	0.00141802528292	5.84351078128e-05	0.000155826954167	8.57048247921e-05	0.000128557237188	0.000144139932605	0.000155826954167	6.62264555211e-05	7.79134770837e-06	1.55826954167e-05	2.33740431251e-05
0.000124661563334	0	1.55826954167e-05	0	0.00229065622626	4.2852412396e-05	0.00344767136095	0.000798613140108	0.00195173260095	0.000592142425836	0.0073978846491	0.000241531778959	0.00987942889421	1.16870215626e-05	0.00126998967646	0.000155826954167	1.55826954167e-05	1.16870215626e-05	3.11653908335e-05	8.18091509379e-05	0.0171292779369	3.11653908335e-05	7.79134770837e-06	3.89567385418e-05	0.00134400747969	3.89567385418e-06	5.84351078128e-05	3.50610646877e-05	0.00173747053897	0.000759656401566	3.11653908335e-05	0	7.40178032295e-05	7.79134770837e-06	0.000568768382711	1.55826954167e-05	3.89567385418e-06	0	0	0.000253218800522	0	4.67480862502e-05	2.33740431251e-05	5.45394339586e-05	0.000362297668439	5.06437601044e-05	0	8.96004986463e-05	0	2.33740431251e-05	0	3.89567385418e-06	0	0	0	0.000140244258751	0	7.79134770837e-06	3.89567385418e-06	0.000420732776252	3.89567385418e-06	3.89567385418e-06	7.79134770837e-06	5.45394339586e-05	3.89567385418e-05	1.16870215626e-05	0	0	3.89567385418e-06	3.50610646877e-05	0.000327236603752	4.67480862502e-05	0.0007908217924	0.000171409649584	0.000136348584896	0.000171409649584	0	3.89567385418e-06	0	1.55826954167e-05	3.89567385418e-06	1.55826954167e-05	0	0
0.000498646253336	0.000268801495939	0.00205691579501	0	3.89567385418e-05	1.16870215626e-05	6.2330781667e-05	0.00247375289741	0.000506437601044	0.000424628450106	0.000210366388126	0.000338923625314	4.67480862502e-05	2.72697169793e-05	0.000588246751982	3.89567385418e-06	0.00444496386763	0.00266853659012	0.000132452911042	0.00100118818053	3.11653908335e-05	0.0408889927735	0.0016244959972	0.0216638423031	0.0019556282748	3.89567385418e-06	0.0010713103099	0.00170240947428	0.0131245252147	0.000631099164378	0.0136738152282	0	1.55826954167e-05	6.2330781667e-05	0.00447612925846	2.33740431251e-05	0.000245427452814	0.000249323126668	0	0	0	1.16870215626e-05	1.94783692709e-05	7.79134770837e-06	5.06437601044e-05	0	2.72697169793e-05	3.89567385418e-06	1.16870215626e-05	4.2852412396e-05	0	0.000183096671147	0.000105183194063	1.94783692709e-05	6.2330781667e-05	3.89567385418e-06	0.000198679366563	0.000880422291046	0.000833674204796	7.79134770837e-05	1.55826954167e-05	0.000175305323438	0.000401254406981	0.000105183194063	5.06437601044e-05	7.01221293753e-05	3.89567385418e-06	0	3.89567385418e-06	0.000101287520209	0.00469818266815	0.00197900231793	0.00416057967627	0.00130894641501	5.06437601044e-05	0.000112974541771	5.06437601044e-05	0.000233740431251	6.62264555211e-05	0.000190888018855	9.73918463546e-05	2.33740431251e-05	1.16870215626e-05	0
0.000210366388126	0.0058162410643	0.00263737119928	0	0.000163618301876	3.89567385418e-06	1.94783692709e-05	0.000467480862502	0.000206470714272	0.00950544420421	9.34961725004e-05	0.000105183194063	1.94783692709e-05	7.40178032295e-05	0.000253218800522	1.16870215626e-05	0.00891719745223	0.000412941428544	3.50610646877e-05	0.000303862560626	7.79134770837e-06	0.0016244959972	0.035559710941	0.0066070628567	0.0105845458618	0.000373984690002	0.0017686359298	0.0103352227352	0.0060460858217	0.000666160229066	0.00093106605115	0	0	0.000144139932605	0.000576559730419	0.000148035606459	0.000806404487816	0.00230234324782	0	1.16870215626e-05	0	3.50610646877e-05	8.96004986463e-05	6.62264555211e-05	0.000175305323438	1.94783692709e-05	3.50610646877e-05	3.50610646877e-05	3.50610646877e-05	0.000175305323438	7.79134770837e-06	0.00172967919126	0.000506437601044	0	5.45394339586e-05	2.33740431251e-05	0.0019984806872	0.0123999298779	0.00727711875962	0.000693429946045	3.89567385418e-05	0.000268801495939	0.0039112565496	0.00146866904303	0.000245427452814	0.000650577533649	3.89567385418e-06	3.89567385418e-06	3.50610646877e-05	0.000533707318023	0.0021426206198	0.00141802528292	0.000677847250628	0.000253218800522	2.72697169793e-05	4.67480862502e-05	3.89567385418e-06	0.000697325619899	0.00016751397573	0.000557081361148	0.000206470714272	7.40178032295e-05	3.89567385418e-05	3.89567385418e-06
0.00083756987865	0.00144919067376	0.0140945480044	0	3.89567385418e-05	3.89567385418e-06	0.000124661563334	0.00389956952804	0.000892109312608	0.000642786185941	0.000377880363856	0.000545394339586	3.89567385418e-05	4.67480862502e-05	0.00111026704844	7.79134770837e-06	0.00695767350357	0.0109117824656	0.000222053409689	0.0019049845147	3.89567385418e-05	0.0216638423031	0.0066070628567	0.066257620912	0.00244648318043	1.94783692709e-05	0.00277761545803	0.00998850776213	0.0102962659966	0.00112974541771	0.00762772940649	0	7.79134770837e-06	9.73918463546e-05	0.00525136835544	7.79134770837e-05	0.00134011180584	0.00209587253355	0	3.89567385418e-06	0	2.72697169793e-05	4.67480862502e-05	5.06437601044e-05	0.000101287520209	3.89567385418e-06	5.45394339586e-05	3.89567385418e-06	3.89567385418e-05	9.34961725004e-05	3.89567385418e-06	0.000724595336878	0.000786926118545	3.11653908335e-05	0.000233740431251	7.79134770837e-06	0.000303862560626	0.00452677301856	0.00440990280294	0.000112974541771	3.89567385418e-05	0.0009778141374	0.00310485206179	0.000171409649584	0.000116870215626	0.000190888018855	3.89567385418e-06	3.89567385418e-06	7.79134770837e-06	0.000420732776252	0.0102806833012	0.00460468649565	0.00575780595649	0.00192446288397	6.2330781667e-05	0.000163618301876	8.96004986463e-05	0.000634994838232	0.000299966886772	0.000576559730419	0.000253218800522	6.2330781667e-05	3.50610646877e-05	0
0.00105183194063	0.00206860281657	0.000989501158963	0	0.0055357525468	7.40178032295e-05	0.00045579384094	0.00458131245252	0.00146477336917	0.0144334716298	0.00153099982469	0.000245427452814	0.00199068933949	3.11653908335e-05	0.00162060032334	0.000518124622607	0.00781472175149	0.000296071212918	7.01221293753e-05	0.000315549582189	0.00134400747969	0.0019556282748	0.0105845458618	0.00244648318043	0.044804144997	0.000128557237188	0.000903796334171	0.00317886986501	0.0228013790685	0.00272697169793	0.00207249849043	0	5.06437601044e-05	0.000518124622607	0.00152710415084	0.000366193342293	0.000124661563334	0.000198679366563	0	0.000385671711564	1.94783692709e-05	0.000268801495939	0.000292175539064	0.000463585188648	0.00218157735834	0.000101287520209	3.11653908335e-05	0.000225949083543	2.72697169793e-05	0.000732386684587	6.62264555211e-05	0.000412941428544	7.40178032295e-05	7.79134770837e-06	1.94783692709e-05	0.000264905822085	0.000966127115838	0.00283215489199	0.00105183194063	0.0019049845147	2.33740431251e-05	0.000116870215626	0.000366193342293	0.00123103293792	0.000732386684587	0.000872630943337	0	1.94783692709e-05	0.000105183194063	0.000697325619899	0.00324899199439	0.00160112195407	0.00177642727751	0.000779134770837	0.000358401994585	0.000253218800522	1.55826954167e-05	0.000448002493231	5.84351078128e-05	0.000514228948752	0.000179200997293	0.000112974541771	8.18091509379e-05	1.16870215626e-05
3.89567385418e-06	0.000673951576774	5.06437601044e-05	0	3.89567385418e-06	7.79134770837e-06	0	7.79134770837e-06	3.11653908335e-05	0.000159722628022	1.16870215626e-05	0.000755760727712	0	0.00299187752001	3.89567385418e-05	0	1.16870215626e-05	5.06437601044e-05	6.2330781667e-05	0.000179200997293	3.89567385418e-06	3.89567385418e-06	0.000373984690002	1.94783692709e-05	0.000128557237188	0.00683690761409	0.00100508385438	0.000775239096983	2.33740431251e-05	4.2852412396e-05	1.16870215626e-05	7.79134770837e-06	1.55826954167e-05	3.89567385418e-06	0.000194783692709	0	0.000436315471669	7.79134770837e-06	0	0	0	3.89567385418e-06	3.89567385418e-06	0	3.89567385418e-06	0	0.000159722628022	3.89567385418e-06	0.00116870215626	7.79134770837e-06	0	0	1.16870215626e-05	3.50610646877e-05	5.06437601044e-05	0	0	1.55826954167e-05	0	3.89567385418e-06	0.00147646039074	0.000327236603752	0.000775239096983	0	1.55826954167e-05	3.89567385418e-06	5.06437601044e-05	0	0	6.2330781667e-05	0.000101287520209	0.000744073706149	0.000373984690002	4.2852412396e-05	0	2.33740431251e-05	0.000911587681879	1.16870215626e-05	0.000342819299168	7.01221293753e-05	1.55826954167e-05	0	0	7.40178032295e-05
0.000303862560626	0.00411772726387	0.00895615419077	0	1.94783692709e-05	0	7.01221293753e-05	0.000888213638754	0.000358401994585	0.000946648746567	0.00026101014823	0.00760045968951	4.67480862502e-05	0.0021426206198	0.000510333274898	7.79134770837e-06	0.000331132277606	0.00695377782972	0.00301914723699	0.0128479323711	5.84351078128e-05	0.0010713103099	0.0017686359298	0.00277761545803	0.000903796334171	0.00100508385438	0.0644889849822	0.0232026334755	0.00139075556594	0.000701221293753	0.000970022789692	0.000190888018855	7.79134770837e-06	3.50610646877e-05	0.00592142425836	3.11653908335e-05	0.00961841874598	0.000241531778959	0	7.79134770837e-06	0	1.94783692709e-05	2.33740431251e-05	3.50610646877e-05	5.06437601044e-05	1.16870215626e-05	0.000529811644169	1.94783692709e-05	0.00208808118584	9.73918463546e-05	3.89567385418e-06	3.89567385418e-05	0.000525915970315	0.000557081361148	0.00116870215626	1.55826954167e-05	7.40178032295e-05	0.000183096671147	0.000233740431251	8.96004986463e-05	0.00543446502659	0.00705506534993	0.0108884084224	5.06437601044e-05	0.000124661563334	8.57048247921e-05	0.000190888018855	0	3.89567385418e-06	0.000592142425836	0.00504100196732	0.0058668848244	0.00689534272191	0.00119597187323	2.72697169793e-05	0.000124661563334	0.000151931280313	0.000350610646877	0.000755760727712	0.000747969380004	0.000233740431251	7.79134770837e-06	7.79134770837e-06	8.57048247921e-05
0.00016751397573	0.01229085101	0.0167708759423	0	5.06437601044e-05	3.89567385418e-06	3.11653908335e-05	0.000529811644169	0.000222053409689	0.00199068933949	0.000179200997293	0.00164787004032	3.89567385418e-05	0.00118038917782	0.00028827986521	7.79134770837e-06	0.00622139114513	0.00468259997273	0.000588246751982	0.00422291045794	3.50610646877e-05	0.00170240947428	0.0103352227352	0.00998850776213	0.00317886986501	0.000775239096983	0.0232026334755	0.0743138744424	0.00208418551199	0.000518124622607	0.000740178032295	1.16870215626e-05	1.16870215626e-05	7.79134770837e-05	0.00357233292429	5.45394339586e-05	0.00957946200744	0.0025594577222	0	0	0	1.55826954167e-05	4.2852412396e-05	3.89567385418e-05	8.57048247921e-05	7.79134770837e-06	0.000268801495939	1.16870215626e-05	0.000985605485109	9.73918463546e-05	3.89567385418e-06	0.000264905822085	0.00149593876001	0.000276592843647	0.00104404059292	7.79134770837e-06	0.000190888018855	0.00276982411033	0.00248543991897	0.000128557237188	0.00282046787043	0.00578507567346	0.0108104949454	0.000105183194063	0.000132452911042	0.000183096671147	0.000101287520209	0	1.94783692709e-05	0.0008843179649	0.00686028165722	0.00394242194044	0.00458131245252	0.00114532811313	1.16870215626e-05	8.57048247921e-05	7.01221293753e-05	0.000794717466254	0.000779134770837	0.00101287520209	0.000331132277606	3.89567385418e-05	2.72697169793e-05	4.67480862502e-05
0.00360349831512	0.000514228948752	0.00259062311303	0	0.0053994039619	0.000109078867917	0.00196731529636	0.0326574339196	0.00522799431232	0.0107247901206	0.0125168000935	0.000607725121253	0.000997292506671	6.62264555211e-05	0.00584351078128	0.000257114474376	0.00704727400222	0.00212314225053	0.000175305323438	0.000981709811255	0.00173747053897	0.0131245252147	0.0060460858217	0.0102962659966	0.0228013790685	2.33740431251e-05	0.00139075556594	0.00208418551199	0.0922067044547	0.0071173961316	0.0158787666297	0	0.000124661563334	0.00105962328834	0.00555133524221	0.000564872708857	0.00026101014823	0.000225949083543	0	0.00149593876001	1.94783692709e-05	0.000545394339586	0.000483063557919	0.000825882857087	0.003767116617	0.000307758234481	4.2852412396e-05	0.000646681859795	3.89567385418e-05	0.00106741463605	8.57048247921e-05	0.000486959231773	9.34961725004e-05	1.16870215626e-05	3.11653908335e-05	0.000915483355733	0.00147256471688	0.00384503009408	0.00123492861178	0.00440211145523	2.33740431251e-05	0.000198679366563	0.000436315471669	0.00216599466293	0.00108299733146	0.00118818052553	0	2.72697169793e-05	0.000186992345001	0.00100118818053	0.00730828415045	0.00289448567366	0.00628761760065	0.00240752644189	0.00033502795146	0.000642786185941	4.2852412396e-05	0.000775239096983	0.00012076588948	0.000744073706149	0.000276592843647	0.000198679366563	0.000112974541771	3.89567385418e-06
0.00714466584858	9.34961725004e-05	0.000440211145523	0	0.00050254192719	7.79134770837e-05	0.000985605485109	0.00871072673796	0.00456183408325	0.00294123375991	0.00433198932585	0.00236856970334	0.000732386684587	0.000136348584896	0.00922495568671	8.57048247921e-05	0.000218157735834	0.000899900660317	0.000479167884065	0.00118818052553	0.000759656401566	0.000631099164378	0.000666160229066	0.00112974541771	0.00272697169793	4.2852412396e-05	0.000701221293753	0.000518124622607	0.0071173961316	0.036841387639	0.00871462241181	0	0.00016751397573	0.00542277800503	0.00908860710181	0.000229844757397	5.84351078128e-05	5.45394339586e-05	0	0.00016751397573	3.89567385418e-06	0.000186992345001	0.000198679366563	0.000296071212918	0.00101287520209	6.62264555211e-05	2.33740431251e-05	0.000159722628022	2.33740431251e-05	0.000522020296461	5.06437601044e-05	3.89567385418e-05	3.11653908335e-05	0	1.94783692709e-05	0.000144139932605	0.000264905822085	0.000685638598337	0.000140244258751	0.000989501158963	2.33740431251e-05	6.2330781667e-05	0.000105183194063	0.000662264555211	0.000603829447399	0.000448002493231	3.89567385418e-06	1.55826954167e-05	6.62264555211e-05	0.000490854905627	0.00277761545803	0.000923274703442	0.00864839595629	0.00220884707532	0.000190888018855	0.000806404487816	7.40178032295e-05	0.00026101014823	3.50610646877e-05	0.000373984690002	0.000112974541771	7.79134770837e-05	3.89567385418e-05	0
0.00503710629346	0.000159722628022	0.00143750365219	0	0.000175305323438	1.55826954167e-05	0.000151931280313	0.0114415941097	0.00168293110501	0.00161670464949	0.000599933773544	0.000268801495939	5.45394339586e-05	3.50610646877e-05	0.00286332028283	1.55826954167e-05	0.000397358733127	0.00319445256043	0.000109078867917	0.000888213638754	3.11653908335e-05	0.0136738152282	0.00093106605115	0.00762772940649	0.00207249849043	1.16870215626e-05	0.000970022789692	0.000740178032295	0.0158787666297	0.00871462241181	0.04664679873	0	2.33740431251e-05	0.000958335768129	0.00527474239857	9.73918463546e-05	0.000132452911042	6.62264555211e-05	0	3.11653908335e-05	3.89567385418e-06	6.62264555211e-05	6.62264555211e-05	0.000101287520209	0.000385671711564	0	7.79134770837e-06	2.33740431251e-05	3.89567385418e-06	0.000175305323438	1.94783692709e-05	7.01221293753e-05	6.62264555211e-05	0	4.2852412396e-05	2.72697169793e-05	0.000268801495939	0.0007908217924	0.000249323126668	0.000424628450106	7.79134770837e-06	0.000101287520209	0.000183096671147	0.000459689514794	0.000218157735834	0.000268801495939	0	3.89567385418e-06	4.67480862502e-05	0.000233740431251	0.00225169948772	0.000779134770837	0.00347104540408	0.00108299733146	3.89567385418e-05	0.000132452911042	3.50610646877e-05	0.000206470714272	2.72697169793e-05	0.00021426206198	7.01221293753e-05	3.89567385418e-05	7.79134770837e-06	0
