0.0122955872222	0	1.08778418362e-05	0	0	0	3.26335255085e-05	0.00224446136553	0.00317995576344	0	0.000137785996592	0.00103339497444	3.62594727873e-05	0.000203053047609	0.00714674208637	0	2.17556836724e-05	0.000116030312919	0.000391602306102	0.000387976358824	7.9770840132e-05	0.000348090938758	0	0.000126908154755	0.00062728887922	0	9.42746292469e-05	0	0.00369484027702	0.00629101852859	0.00350266507125	0	0	7.25189455745e-06	0.00107690634178	0	0	0	0	3.62594727873e-06	0	0	0	0	0	0	0	0	0	0	0	0	0	0	0	3.62594727873e-06	0	0	0	0	0	0	0	3.62594727873e-06	0	0	0	0	0	0	0.000126908154755	0	0.00108053228906	4.71373146234e-05	1.45037891149e-05	0	0	0	0	0	0	0	0	0
0	0.0111679176185	0	0	0	0	3.62594727873e-06	0	0	0.00157728706625	0	6.52670510171e-05	0	0.000692555930237	0	3.62594727873e-06	0.00169331737917	2.53816309511e-05	0	0	0	0	0.0065448348381	3.62594727873e-06	0.00324884876174	0.00275934587911	0.000424235831611	0.00748395518329	0	0	0	0	0	0	0	0	0.00156278327713	0	0	0	0	0	0	0	1.45037891149e-05	0	4.71373146234e-05	0	8.70227346894e-05	0	0	5.80151564596e-05	0	0	0	0	0	0.0001704195221	0	4.71373146234e-05	0.000152289785707	3.62594727873e-06	0.00136698212408	2.17556836724e-05	0	0	3.62594727873e-06	0	0	0	0	1.08778418362e-05	1.45037891149e-05	0	3.62594727873e-06	0	1.81297363936e-05	1.45037891149e-05	9.42746292469e-05	1.45037891149e-05	1.08778418362e-05	0	0	1.08778418362e-05
1.08778418362e-05	0	0.0383588962616	0	0	0	1.08778418362e-05	0.00228797273288	0.000373472569709	5.80151564596e-05	0.000166793574821	7.9770840132e-05	3.62594727873e-06	7.25189455745e-06	0.000692555930237	3.62594727873e-06	6.88929982958e-05	0.00318358171072	0	7.9770840132e-05	0	0.00163892816998	7.25189455745e-06	0.0167808840059	9.79005765256e-05	0	0.0032561006563	0.0145037891149	0.00191450016317	8.33967874107e-05	0.000775952717647	0	0	0	0.000221182784002	3.62594727873e-06	0.000765074875811	0.00282461293013	0	3.62594727873e-06	0	0.000101526523804	9.79005765256e-05	0.000105152471083	7.25189455745e-05	3.62594727873e-06	0	7.25189455745e-06	7.25189455745e-06	0.000130534102034	0	8.33967874107e-05	0.00288262808659	1.81297363936e-05	2.53816309511e-05	1.08778418362e-05	0.000116030312919	0.00221907973458	0.00618949200479	2.17556836724e-05	3.62594727873e-06	0.000783204612205	0.00241488088763	0.000195801153051	1.45037891149e-05	1.45037891149e-05	0	0	0	0.000123282207477	0.00589941622249	0.00129808912578	0.000554769933645	0.00161354653903	1.81297363936e-05	7.25189455745e-06	0	0.0018927444795	0.000395228253381	0.00062728887922	0.000623662931941	4.71373146234e-05	7.25189455745e-06	3.26335255085e-05
0	0	0	0	0	0	0	0	0	0	0	0	0	0	0	0	0	0	0	0	0	0	0	0	0	0	0	0	0	0	0	0	0	0	0	0	0	0	0	0	0	0	0	0	0	0	0	0	0	0	0	0	0	0	0	0	0	0	0	0	0	0	0	0	0	0	0	0	0	0	0	0	0	0	0	0	0	0	0	0	0	0	0	0
0	0	0	0	0.0184270640705	1.45037891149e-05	6.16411037384e-05	0.00104427281627	0.00019942710033	0.00340113854745	0.00171144711556	0.00019942710033	0.00186736284854	4.71373146234e-05	9.06486819682e-05	0.000707059719352	7.25189455745e-06	0	7.9770840132e-05	4.71373146234e-05	0.00430399941985	3.62594727873e-06	1.08778418362e-05	7.25189455745e-06	0.00670437651837	0	6.52670510171e-05	0	0.0095108597121	0.000112404365641	0	3.62594727873e-06	0	0	0.000152289785707	0	0	0	0	0.00680952898945	0	0.00167881359005	0	5.43892091809e-05	0.00119656260198	0.000536640197252	3.62594727873e-06	0.00236049167845	1.08778418362e-05	5.07632619022e-05	0	2.17556836724e-05	0	0	0	0.00595017948439	1.45037891149e-05	2.53816309511e-05	2.53816309511e-05	0.00587766053882	0	0	0	0.00361869538417	7.25189455745e-05	0	0	3.62594727873e-06	0	8.33967874107e-05	3.62594727873e-05	0	0.000290075782298	3.62594727873e-06	0.000239312520396	0	0	3.62594727873e-05	0	3.62594727873e-05	3.62594727873e-06	3.62594727873e-06	0	0
0	0	0	0	1.45037891149e-05	0.0114652452953	0.00664636136191	0.00155915732985	0.00500018129736	2.90075782298e-05	0.00254178904239	0.000583777511875	0.000406106095217	0.000246564414953	9.79005765256e-05	0.00254904093694	0	0	0	0	0.000137785996592	3.26335255085e-05	0	0	2.90075782298e-05	0	3.62594727873e-06	0	0.0005112585663	0.000649044562892	1.08778418362e-05	0	0.00211030131622	7.25189455745e-06	0.000855723557779	0	0	0	0	3.62594727873e-06	0	0	0	0	3.62594727873e-06	0	0	0	0	3.62594727873e-06	0	0	0	0	0	3.62594727873e-06	0	0	0	3.62594727873e-06	0	0	0	4.35113673447e-05	3.62594727873e-06	0	0	0	0	0	0.00115305123464	1.08778418362e-05	0.000591029406432	0.00022843467856	0.00229522462743	0.0010914101309	0	0	0	3.62594727873e-06	0	0	0	0
3.26335255085e-05	3.62594727873e-06	1.08778418362e-05	0	6.16411037384e-05	0.00664636136191	0.0380543166902	0.00918452445701	0.0196127488306	0.000261068204068	0.0191703832626	0.000928242503354	0.00895608977845	0.000192175205773	0.000670800246564	0.00306392545052	7.25189455745e-06	2.53816309511e-05	0.000166793574821	9.42746292469e-05	0.00171507306284	0.000112404365641	2.17556836724e-05	1.81297363936e-05	0.000166793574821	3.62594727873e-06	0.000184923311215	2.17556836724e-05	0.00177671416658	0.00117480691831	2.17556836724e-05	3.62594727873e-06	0.000355342833315	2.17556836724e-05	0.001261829653	0	7.25189455745e-06	0	0	6.52670510171e-05	0	2.17556836724e-05	7.25189455745e-06	0	6.16411037384e-05	3.62594727873e-06	0	3.9885420066e-05	0	2.90075782298e-05	0	0	3.62594727873e-06	0	0	7.25189455745e-05	0	0	0	6.52670510171e-05	0	3.62594727873e-06	1.08778418362e-05	8.33967874107e-05	1.81297363936e-05	0	0	0	0	3.62594727873e-06	0.00127270749483	7.9770840132e-05	0.00207041589615	0.000482250988071	0.00129808912578	0.00019942710033	0	7.25189455745e-06	7.25189455745e-06	1.45037891149e-05	3.62594727873e-06	0	0	3.62594727873e-06
0.00224446136553	0	0.00228797273288	0	0.00104427281627	0.00155915732985	0.00918452445701	0.0795133978752	0.019435077414	0.0016026686972	0.0262010950361	0.00465209035861	0.000982631712535	0.000351716886036	0.01097936836	0.00091011276696	0.000315457413249	0.000946372239748	0.000587403459154	0.00107690634178	0.000605533195547	0.00779216070198	1.45037891149e-05	0.00638891910512	0.00125457775844	0	0.000514884513579	6.52670510171e-05	0.0316146343232	0.00984082091446	0.0114289858225	0	0.000152289785707	0.00302404003046	0.00948547808115	3.62594727873e-06	7.25189455745e-06	0	0	0.001704195221	0	0.000786830559484	0.000232060625839	1.08778418362e-05	0.00127995938939	5.43892091809e-05	1.81297363936e-05	0.000888357083288	3.62594727873e-06	0.00014141194387	3.62594727873e-06	3.62594727873e-06	0	3.62594727873e-06	0	0.00161354653903	0	3.62594727873e-06	3.62594727873e-06	0.00404293121578	0	3.62594727873e-06	2.17556836724e-05	0.00331774176003	6.88929982958e-05	7.25189455745e-06	0	0	0	8.33967874107e-05	0.0018746147431	0.000134160049313	0.0109322310454	0.00401392363755	0.000652670510171	0.000471373146234	0	0.00036984662243	3.26335255085e-05	0.000163167627543	2.90075782298e-05	3.62594727873e-06	0	6.88929982958e-05
0.00317995576344	0	0.000373472569709	0	0.00019942710033	0.00500018129736	0.0196127488306	0.019435077414	0.0562601979767	7.61448928533e-05	0.0221074005584	0.00160992059175	0.00655933862722	0.00129083723123	0.0144421480112	0.00108415823634	0.000203053047609	0.000384350411545	0.000210304942166	0.000134160049313	0.00341201638928	0.00200514884514	0	0.00115305123464	0.000514884513579	0	0.00039885420066	2.17556836724e-05	0.00755284818159	0.00690017767142	0.000960876028863	1.81297363936e-05	0.00166793574821	3.62594727873e-05	0.00259255230429	0	1.08778418362e-05	0	0	2.17556836724e-05	0	3.62594727873e-06	1.08778418362e-05	3.62594727873e-06	7.25189455745e-06	3.62594727873e-06	3.62594727873e-06	0	1.45037891149e-05	2.53816309511e-05	0	3.62594727873e-06	0	0	0	2.17556836724e-05	0	0	3.62594727873e-06	3.62594727873e-06	0	0	1.45037891149e-05	9.42746292469e-05	1.81297363936e-05	0	0	0	0	3.62594727873e-06	0.0012436999166	8.70227346894e-05	0.00485514340621	0.00192175205773	0.00100801334349	0.0013633561768	3.62594727873e-06	2.17556836724e-05	2.17556836724e-05	1.45037891149e-05	3.62594727873e-06	0	0	2.17556836724e-05
0	0.00157728706625	5.80151564596e-05	0	0.00340113854745	2.90075782298e-05	0.000261068204068	0.0016026686972	7.61448928533e-05	0.0376373327532	1.45037891149e-05	2.17556836724e-05	0.00193988179412	0.000119656260198	7.25189455745e-06	0.00324159686718	0.00287175024475	7.25189455745e-06	7.25189455745e-06	3.62594727873e-06	0.000746945139418	0.000152289785707	0.00372022190797	0.000224808731281	0.0294716994815	0.0010225171326	3.62594727873e-06	0.00065629645745	0.00874941078357	1.45037891149e-05	3.62594727873e-06	0	0	0	1.08778418362e-05	0.000605533195547	2.53816309511e-05	3.62594727873e-06	0	0.00359331375322	3.62594727873e-06	0.000329961202364	0.000116030312919	0.000119656260198	0.015740237137	2.90075782298e-05	0.000282823887741	0.000754197033975	3.26335255085e-05	0.000562021828203	7.25189455745e-06	0.000235686573117	3.62594727873e-05	0.000206678994887	0.000271946045904	0.00293701729577	0.000928242503354	0.00108778418362	0.000362594727873	0.0141303165452	2.53816309511e-05	0.000268320098626	0.00014141194387	0.0115812756083	0.00216831647268	0.000108778418362	0	7.25189455745e-06	0.0011929366547	0.00208491968527	0.000145037891149	3.62594727873e-06	6.88929982958e-05	1.08778418362e-05	0.00141049349142	0	0	0.00167518764277	0.000355342833315	0.000906486819682	0.000453243409841	0.000155915732985	2.17556836724e-05	1.81297363936e-05
0.000137785996592	0	0.000166793574821	0	0.00171144711556	0.00254178904239	0.0191703832626	0.0262010950361	0.0221074005584	1.45037891149e-05	0.0569600058015	0.00566372964937	0.00936219587367	0.000152289785707	0.00240037709852	0.000888357083288	8.70227346894e-05	1.45037891149e-05	0.00106602849995	0.00186373690127	0.00920990608797	0.00103339497444	0	0.000174045469379	0.000239312520396	0	0.000250190362232	3.62594727873e-06	0.00822002248087	0.00465209035861	4.35113673447e-05	3.62594727873e-06	0.000137785996592	5.43892091809e-05	0.00569998912216	0	3.62594727873e-06	0	0	0.000572899670039	0	0.000507632619022	1.08778418362e-05	0	7.25189455745e-06	9.06486819682e-05	0	0.000572899670039	3.62594727873e-06	1.08778418362e-05	0	0	3.62594727873e-06	0	3.62594727873e-06	0.00062728887922	0	0	0	0.000558395880924	0	3.62594727873e-06	7.25189455745e-06	8.33967874107e-05	3.62594727873e-06	0	0	0	0	3.62594727873e-06	0.000373472569709	2.90075782298e-05	0.00776315312375	0.00121831828565	0.000235686573117	0.000152289785707	0	3.62594727873e-05	3.62594727873e-06	2.17556836724e-05	7.25189455745e-06	0	0	3.62594727873e-05
0.00103339497444	6.52670510171e-05	7.9770840132e-05	0	0.00019942710033	0.000583777511875	0.000928242503354	0.00465209035861	0.00160992059175	2.17556836724e-05	0.00566372964937	0.0328837158708	0.00246927009681	0.00948547808115	0.00114942528736	2.53816309511e-05	1.08778418362e-05	6.16411037384e-05	0.00328148228725	0.00647594183981	0.00191087421589	0.000166793574821	7.25189455745e-06	0.000126908154755	0.0003408390442	0.000746945139418	0.00486239530077	0.00100076144893	0.00208129373799	0.0073969324486	9.79005765256e-05	0.00139961564959	0.00071068566663	0.000282823887741	0.0113528409297	0	2.90075782298e-05	0	0	7.25189455745e-06	0	0	0	3.62594727873e-06	3.62594727873e-06	0	5.80151564596e-05	0	0.000583777511875	2.90075782298e-05	0	3.62594727873e-06	1.81297363936e-05	0	3.62594727873e-06	7.25189455745e-06	0	0	1.08778418362e-05	3.62594727873e-06	4.35113673447e-05	0.000126908154755	0.000203053047609	2.90075782298e-05	1.81297363936e-05	0	9.06486819682e-05	0	0	3.62594727873e-06	0.00231698031111	0.00437651836542	0.0151637115196	0.000565647775481	0.000449617462562	1.45037891149e-05	0.000601907248269	1.08778418362e-05	0.000308205518692	6.88929982958e-05	6.16411037384e-05	0	0	0
3.62594727873e-05	0	3.62594727873e-06	0	0.00186736284854	0.000406106095217	0.00895608977845	0.000982631712535	0.00655933862722	0.00193988179412	0.00936219587367	0.00246927009681	0.034109286051	0.000721563508467	0.00146850864788	0.00155915732985	1.08778418362e-05	3.26335255085e-05	0.000862975452337	0.000913738714239	0.0113238333515	3.62594727873e-06	0	3.62594727873e-06	0.0019435077414	0	0.000514884513579	1.45037891149e-05	0.000746945139418	0.00156278327713	1.08778418362e-05	1.08778418362e-05	8.70227346894e-05	2.17556836724e-05	0.00123644802205	1.81297363936e-05	1.08778418362e-05	0	0	0.00042786177889	0	0.00234961383661	1.45037891149e-05	0.000638166721056	0.000329961202364	0.00121469233837	0.000163167627543	0.00390151927191	5.43892091809e-05	0.00109503607818	1.45037891149e-05	7.25189455745e-06	3.62594727873e-06	0.000134160049313	3.62594727873e-06	0.00159541680264	0	0	0	0.000464121251677	0	0.000213930889445	2.17556836724e-05	0.000239312520396	0.000888357083288	1.81297363936e-05	1.45037891149e-05	0	0	0.000681678088401	0.000591029406432	9.42746292469e-05	0.00359331375322	0.000213930889445	0.000500380724464	3.62594727873e-06	0	0.000206678994887	1.08778418362e-05	0.000529388302694	0.000123282207477	1.45037891149e-05	0	0
0.000203053047609	0.000692555930237	7.25189455745e-06	0	4.71373146234e-05	0.000246564414953	0.000192175205773	0.000351716886036	0.00129083723123	0.000119656260198	0.000152289785707	0.00948547808115	0.000721563508467	0.0216541571486	0.000935494397911	1.08778418362e-05	0.000112404365641	1.81297363936e-05	0.000623662931941	0.000536640197252	0.000145037891149	4.35113673447e-05	0.000308205518692	7.9770840132e-05	0.000250190362232	0.00453243409841	0.00306029950325	0.00585953080242	0.000286449835019	0.00186736284854	1.81297363936e-05	0.00192900395228	0.00079770840132	7.25189455745e-06	0.00213568294717	0	0.000290075782298	0	0	3.62594727873e-06	0	0	3.62594727873e-06	7.25189455745e-06	3.62594727873e-06	0	0.000271946045904	0	0.00263243772436	2.90075782298e-05	0	0	0	0	0	3.62594727873e-06	0	0	0	3.62594727873e-06	0.000609159142826	0.000224808731281	0.000681678088401	1.81297363936e-05	7.25189455745e-06	0	0.00031183146597	0	0	0	0.000786830559484	0.00245839225498	0.00412995395047	0.000329961202364	0.000297327676856	0.00042786177889	0.000859349505058	3.62594727873e-06	0.00120381449654	1.08778418362e-05	3.62594727873e-06	0	0	4.35113673447e-05
0.00714674208637	0	0.000692555930237	0	9.06486819682e-05	9.79005765256e-05	0.000670800246564	0.01097936836	0.0144421480112	7.25189455745e-06	0.00240037709852	0.00114942528736	0.00146850864788	0.000935494397911	0.0305232241923	3.62594727873e-05	0.000108778418362	0.000518510460858	0.000188549258494	0.000101526523804	0.000670800246564	0.00168243953733	0	0.0013633561768	0.000482250988071	0	0.000166793574821	7.25189455745e-06	0.00567823343849	0.00843032742304	0.00436926647087	1.45037891149e-05	0.000543892091809	0.000145037891149	0.00138511186047	0	3.62594727873e-06	0	0	7.25189455745e-06	0	0	0	0	0	0	3.62594727873e-06	0	1.08778418362e-05	3.62594727873e-06	0	0	0	0	0	7.25189455745e-06	0	3.62594727873e-06	3.62594727873e-06	3.62594727873e-06	0	0	7.25189455745e-06	7.25189455745e-06	0	0	0	0	0	0	0.0003408390442	2.53816309511e-05	0.00185285905943	0.000547518039088	7.9770840132e-05	0.000213930889445	0	1.08778418362e-05	3.62594727873e-06	0	0	0	0	0
0	3.62594727873e-06	3.62594727873e-06	0	0.000707059719352	0.00254904093694	0.00306392545052	0.00091011276696	0.00108415823634	0.00324159686718	0.000888357083288	2.53816309511e-05	0.00155915732985	1.08778418362e-05	3.62594727873e-05	0.0105043692665	0.000148663838428	0	7.25189455745e-06	7.25189455745e-06	3.26335255085e-05	4.35113673447e-05	0.000148663838428	7.9770840132e-05	0.00288262808659	3.62594727873e-06	3.62594727873e-06	1.45037891149e-05	0.00131621886218	2.90075782298e-05	0	0	6.52670510171e-05	0	3.26335255085e-05	0	0	0	0	0.000467747198956	0	7.61448928533e-05	0	0	0.000445991515283	0	0	0.0001704195221	0	3.62594727873e-06	0	1.45037891149e-05	0	0	0	0.000442365568005	7.25189455745e-06	1.45037891149e-05	1.45037891149e-05	0.000572899670039	0	0	0	0.00019942710033	0	0	0	0	0	0	0.000221182784002	0	9.06486819682e-05	2.17556836724e-05	0.00333224554915	8.33967874107e-05	0	0	0	0	0	0	0	0
2.17556836724e-05	0.00169331737917	6.88929982958e-05	0	7.25189455745e-06	0	7.25189455745e-06	0.000315457413249	0.000203053047609	0.00287175024475	8.70227346894e-05	1.08778418362e-05	1.08778418362e-05	0.000112404365641	0.000108778418362	0.000148663838428	0.0277022372095	1.08778418362e-05	3.62594727873e-06	7.25189455745e-06	3.62594727873e-06	0.00428949563073	0.00852822799956	0.0045505638348	0.00837956416114	0.000319083360528	6.16411037384e-05	0.00480075419703	0.00196163747779	7.61448928533e-05	5.07632619022e-05	0	0	1.45037891149e-05	8.70227346894e-05	3.62594727873e-06	8.33967874107e-05	2.17556836724e-05	0	1.08778418362e-05	0	0	0	3.62594727873e-06	0.00274484209	0	3.62594727873e-06	0	1.45037891149e-05	7.25189455745e-06	0	0.00772689365097	2.17556836724e-05	0	0	1.08778418362e-05	0.0050799521375	0.0138837521302	0.00692193335509	0.000242938467675	3.62594727873e-05	1.81297363936e-05	0.000736067297581	0.0031364443961	1.08778418362e-05	5.80151564596e-05	0	0	0	7.25189455745e-06	0.000819464084992	0.000203053047609	6.88929982958e-05	4.71373146234e-05	0.000159541680264	0	0	0.00118931070742	0.000377098516988	1.45037891149e-05	1.81297363936e-05	3.62594727873e-06	7.25189455745e-06	3.62594727873e-06
0.000116030312919	2.53816309511e-05	0.00318358171072	0	0	0	2.53816309511e-05	0.000946372239748	0.000384350411545	7.25189455745e-06	1.45037891149e-05	6.16411037384e-05	3.26335255085e-05	1.81297363936e-05	0.000518510460858	0	1.08778418362e-05	0.0325972660358	0.000137785996592	0.00406831284673	7.25189455745e-06	0.000971753870699	0	0.00791544290946	2.90075782298e-05	0	0.00533739439429	0.00403567932122	0.000884731136009	6.52670510171e-05	0.00248739983321	0	3.62594727873e-06	0	0.00605533195547	7.25189455745e-06	0.00142137133326	6.16411037384e-05	0	3.62594727873e-06	0	1.08778418362e-05	3.62594727873e-06	3.62594727873e-06	1.45037891149e-05	0	3.62594727873e-06	1.08778418362e-05	0	1.81297363936e-05	0	2.53816309511e-05	0.00246927009681	2.17556836724e-05	0.000471373146234	1.45037891149e-05	5.07632619022e-05	2.53816309511e-05	0.000134160049313	3.62594727873e-06	5.80151564596e-05	0.00264331556619	0.00292976540121	1.81297363936e-05	3.62594727873e-05	1.08778418362e-05	0	0	0	0.000355342833315	0.00180209579753	0.00285724645564	0.00532289060517	0.00122557018021	2.17556836724e-05	3.62594727873e-06	0	0.000757822981254	0.000235686573117	0.000692555930237	0.000736067297581	0	3.62594727873e-06	7.25189455745e-06
0.000391602306102	0	0	0	7.9770840132e-05	0	0.000166793574821	0.000587403459154	0.000210304942166	7.25189455745e-06	0.00106602849995	0.00328148228725	0.000862975452337	0.000623662931941	0.000188549258494	7.25189455745e-06	3.62594727873e-06	0.000137785996592	0.00554769933645	0.00314369629066	0.000685304035679	2.90075782298e-05	0	3.62594727873e-06	0.000108778418362	0	0.00142862322782	1.08778418362e-05	0.000605533195547	0.000725189455745	1.45037891149e-05	0	0	5.07632619022e-05	0.00174770658835	0	3.62594727873e-06	0	0	0	0	0	3.62594727873e-06	3.62594727873e-06	0	0	0	0	0	1.08778418362e-05	0	0	0	0	0	0	0	0	0	0	0	0	2.17556836724e-05	3.62594727873e-06	3.62594727873e-06	0	0	0	0	7.25189455745e-06	0.000242938467675	0.000123282207477	0.00362957322601	5.80151564596e-05	7.9770840132e-05	3.62594727873e-06	0	0	0	1.45037891149e-05	1.45037891149e-05	0	0	0
0.000387976358824	0	7.9770840132e-05	0	4.71373146234e-05	0	9.42746292469e-05	0.00107690634178	0.000134160049313	3.62594727873e-06	0.00186373690127	0.00647594183981	0.000913738714239	0.000536640197252	0.000101526523804	7.25189455745e-06	7.25189455745e-06	0.00406831284673	0.00314369629066	0.0200478625041	0.001261829653	0.000217556836724	0	0.000641792668335	0.000116030312919	0	0.00510170782117	0.000957250081584	0.00104427281627	0.000812212190435	0.000232060625839	3.62594727873e-06	3.62594727873e-06	0.000148663838428	0.00571086696399	0	0.000217556836724	2.53816309511e-05	0	0	0	0	0	3.62594727873e-06	0	0	0	0	2.53816309511e-05	1.81297363936e-05	0	7.25189455745e-06	6.88929982958e-05	3.62594727873e-05	3.62594727873e-05	0	0	0	4.35113673447e-05	0	3.62594727873e-06	0.000250190362232	0.000659922404728	7.25189455745e-06	1.08778418362e-05	0	0	0	0	3.9885420066e-05	0.00217556836724	0.00157366111897	0.0112621922477	0.000935494397911	0.000134160049313	3.62594727873e-06	0	0.000123282207477	0	0.000500380724464	0.000500380724464	0	0	3.62594727873e-06
7.9770840132e-05	0	0	0	0.00430399941985	0.000137785996592	0.00171507306284	0.000605533195547	0.00341201638928	0.000746945139418	0.00920990608797	0.00191087421589	0.0113238333515	0.000145037891149	0.000670800246564	3.26335255085e-05	3.62594727873e-06	7.25189455745e-06	0.000685304035679	0.001261829653	0.0203669458646	0	0	0	0.00140686754415	0	0.000221182784002	0	0.00139961564959	0.000942746292469	3.62594727873e-06	3.62594727873e-06	2.53816309511e-05	1.45037891149e-05	0.00091011276696	0	3.62594727873e-06	0	0	0.000761448928533	0	0.0001704195221	3.62594727873e-06	0	0.000275571993183	0.000101526523804	0	0.000351716886036	3.62594727873e-06	0	0	0	3.62594727873e-06	0	3.62594727873e-06	0.000790456506762	0	0	0	0.00062728887922	0	3.62594727873e-06	7.25189455745e-06	0.000253816309511	0	0	0	0	0	0	0.000137785996592	2.53816309511e-05	0.00302041408318	0.000184923311215	0.0001704195221	1.08778418362e-05	0	1.08778418362e-05	0	1.08778418362e-05	7.25189455745e-06	0	0	1.08778418362e-05
0.000348090938758	0	0.00163892816998	0	3.62594727873e-06	3.26335255085e-05	0.000112404365641	0.00779216070198	0.00200514884514	0.000152289785707	0.00103339497444	0.000166793574821	3.62594727873e-06	4.35113673447e-05	0.00168243953733	4.35113673447e-05	0.00428949563073	0.000971753870699	2.90075782298e-05	0.000217556836724	0	0.0449689981508	0.000761448928533	0.0161390913376	0.000210304942166	0	0.000163167627543	0.0001704195221	0.0193335508902	0.00124007396932	0.0124587548497	0	3.62594727873e-06	0.000583777511875	0.00763261902172	0	4.35113673447e-05	0.000224808731281	0	7.25189455745e-06	0	0.000108778418362	0	1.08778418362e-05	1.81297363936e-05	6.52670510171e-05	0	7.25189455745e-06	0	5.43892091809e-05	0	0.0016026686972	0.000253816309511	3.62594727873e-06	0	1.81297363936e-05	0.00202690452881	0.00323434497262	0.00322709307807	1.81297363936e-05	0	3.9885420066e-05	0.000137785996592	0.000344464991479	0	0	0	0	0	3.62594727873e-06	0.00377461111715	0.00065629645745	0.0034772834403	0.00137423401864	4.71373146234e-05	0.000105152471083	0	0.00025744225679	0.000195801153051	1.45037891149e-05	1.45037891149e-05	0	0	0
0	0.0065448348381	7.25189455745e-06	0	1.08778418362e-05	0	2.17556836724e-05	1.45037891149e-05	0	0.00372022190797	0	7.25189455745e-06	0	0.000308205518692	0	0.000148663838428	0.00852822799956	0	0	0	0	0.000761448928533	0.022622285072	0.00121831828565	0.00570724101672	0.00191087421589	0.000105152471083	0.00806773269517	2.17556836724e-05	0	0	0	0	0	0	3.62594727873e-06	0.000442365568005	7.25189455745e-06	0	3.62594727873e-06	0	0	0	0	0.000881105188731	0	2.17556836724e-05	0	4.71373146234e-05	0	0	0.00358243591138	2.17556836724e-05	0	0	3.62594727873e-06	0.000714311613909	0.00802059538054	0.00140324159687	0.000319083360528	9.42746292469e-05	7.25189455745e-06	0.00253091120055	0.000145037891149	7.25189455745e-06	3.9885420066e-05	3.62594727873e-06	0	0	0	0	0	0	0	0.000145037891149	0	3.62594727873e-06	0.000315457413249	0.000137785996592	1.45037891149e-05	1.08778418362e-05	0	0	1.08778418362e-05
0.000126908154755	3.62594727873e-06	0.0167808840059	0	7.25189455745e-06	0	1.81297363936e-05	0.00638891910512	0.00115305123464	0.000224808731281	0.000174045469379	0.000126908154755	3.62594727873e-06	7.9770840132e-05	0.0013633561768	7.9770840132e-05	0.0045505638348	0.00791544290946	3.62594727873e-06	0.000641792668335	0	0.0161390913376	0.00121831828565	0.0706805903042	0.000163167627543	0	0.00178759200841	0.00495304398274	0.00857899126147	9.79005765256e-05	0.0064433083143	0	0	0	0.0050799521375	0	9.79005765256e-05	0.000935494397911	0	3.62594727873e-06	0	9.42746292469e-05	3.9885420066e-05	7.25189455745e-05	0.000126908154755	7.25189455745e-06	1.08778418362e-05	0	0	6.88929982958e-05	0	0.00482976177526	0.000355342833315	3.62594727873e-06	7.25189455745e-06	3.62594727873e-06	0.000351716886036	0.0088291816237	0.00938395155734	6.52670510171e-05	0	6.16411037384e-05	0.000460495304398	0.000130534102034	0	3.62594727873e-06	0	0	0	2.90075782298e-05	0.0135537909279	0.00269770477537	0.00347003154574	0.00458682330759	0.000181297363936	2.53816309511e-05	0	0.000489502882628	0.000282823887741	0.0003408390442	0.000366220675151	2.17556836724e-05	3.62594727873e-06	1.08778418362e-05
0.00062728887922	0.00324884876174	9.79005765256e-05	0	0.00670437651837	2.90075782298e-05	0.000166793574821	0.00125457775844	0.000514884513579	0.0294716994815	0.000239312520396	0.0003408390442	0.0019435077414	0.000250190362232	0.000482250988071	0.00288262808659	0.00837956416114	2.90075782298e-05	0.000108778418362	0.000116030312919	0.00140686754415	0.000210304942166	0.00570724101672	0.000163167627543	0.0573516081076	0.00105877660539	0.000137785996592	0.00268320098626	0.0162986330179	0.00155915732985	0.00110591392001	0	3.62594727873e-06	0.000239312520396	0.000714311613909	0.000775952717647	0.000123282207477	2.17556836724e-05	0	0.00280648319373	3.62594727873e-06	0.000424235831611	0.000174045469379	0.000192175205773	0.0145364226404	0.000130534102034	0.000362594727873	0.000496754777186	3.9885420066e-05	0.000775952717647	1.81297363936e-05	0.000264694151347	6.88929982958e-05	0.000297327676856	0.00039885420066	0.00219007215635	0.0033576271801	0.00207041589615	0.000772326770369	0.0123644802205	6.52670510171e-05	0.000409732042496	0.000319083360528	0.0171434787338	0.00282461293013	0.000163167627543	3.62594727873e-06	1.45037891149e-05	0.00141774538598	0.00266507124986	0.00144312701693	0.000152289785707	0.000482250988071	0.000184923311215	0.000964501976141	3.62594727873e-06	3.62594727873e-06	0.00344464991479	0.000964501976141	0.00139598970231	0.000587403459154	0.000308205518692	2.90075782298e-05	1.81297363936e-05
0	0.00275934587911	0	0	0	0	3.62594727873e-06	0	0	0.0010225171326	0	0.000746945139418	0	0.00453243409841	0	3.62594727873e-06	0.000319083360528	0	0	0	0	0	0.00191087421589	0	0.00105877660539	0.010692918525	0.000344464991479	0.00411907610863	0	0	0	0.000148663838428	0	0	0	0	0.000329961202364	0	0	0	0	0	0	0	2.90075782298e-05	0	0.000387976358824	0	0.00203778237064	0	0	1.81297363936e-05	0	0	0	0	0	4.35113673447e-05	0	2.17556836724e-05	0.0010914101309	7.25189455745e-06	0.000605533195547	7.25189455745e-06	0	0	7.61448928533e-05	0	0	0	0	0.000181297363936	0.000105152471083	0	3.62594727873e-06	0	0.000373472569709	0	0.00152289785707	3.62594727873e-06	0	0	0	6.52670510171e-05
9.42746292469e-05	0.000424235831611	0.0032561006563	0	6.52670510171e-05	3.62594727873e-06	0.000184923311215	0.000514884513579	0.00039885420066	3.62594727873e-06	0.000250190362232	0.00486239530077	0.000514884513579	0.00306029950325	0.000166793574821	3.62594727873e-06	6.16411037384e-05	0.00533739439429	0.00142862322782	0.00510170782117	0.000221182784002	0.000163167627543	0.000105152471083	0.00178759200841	0.000137785996592	0.000344464991479	0.0692737227601	0.0240835418253	0.00031183146597	0.000192175205773	0.000101526523804	0.00390514521919	7.25189455745e-06	7.25189455745e-06	0.000696181877516	1.81297363936e-05	0.0144022625911	2.90075782298e-05	0	1.81297363936e-05	0	3.62594727873e-06	1.45037891149e-05	2.53816309511e-05	0.000348090938758	3.62594727873e-06	5.07632619022e-05	0	0.00624025526669	3.9885420066e-05	0	0.000123282207477	0.00022843467856	0.000572899670039	0.000728815403024	1.81297363936e-05	0	0.000620036984662	6.52670510171e-05	0.000431487726168	0.00587040864426	0.00431125131441	0.0234526269988	3.9885420066e-05	0.000112404365641	1.08778418362e-05	0.000583777511875	0	0	0.000649044562892	0.00776315312375	0.00903586061859	0.00375648138076	0.000696181877516	0.000297327676856	1.08778418362e-05	1.08778418362e-05	0.000402480147939	0.000304579571413	0.000268320098626	0.000250190362232	0	3.62594727873e-06	2.90075782298e-05
0	0.00748395518329	0.0145037891149	0	0	0	2.17556836724e-05	6.52670510171e-05	2.17556836724e-05	0.00065629645745	3.62594727873e-06	0.00100076144893	1.45037891149e-05	0.00585953080242	7.25189455745e-06	1.45037891149e-05	0.00480075419703	0.00403567932122	1.08778418362e-05	0.000957250081584	0	0.0001704195221	0.00806773269517	0.00495304398274	0.00268320098626	0.00411907610863	0.0240835418253	0.098672903296	9.06486819682e-05	0	2.17556836724e-05	0.00130534102034	0	0	0.000112404365641	1.08778418362e-05	0.0246274339171	0.00299140650495	0	0	0	7.25189455745e-05	0.000166793574821	7.25189455745e-05	0.000707059719352	7.25189455745e-06	0.000409732042496	1.81297363936e-05	0.00628014068675	0.000130534102034	0	0.00330323797092	0.00250190362232	0.000112404365641	0.000159541680264	1.81297363936e-05	0.000130534102034	0.0131150513072	0.00723013887378	0.000703433772073	0.0104608578991	0.00125095181116	0.0408027847275	0.000195801153051	2.90075782298e-05	6.52670510171e-05	0.000351716886036	0	0	0.000126908154755	0.00554407338917	0.00207041589615	0.000721563508467	0.000547518039088	5.80151564596e-05	0	7.25189455745e-05	0.00273759019544	0.00173320279923	0.000750571086696	0.000717937561188	3.9885420066e-05	7.25189455745e-06	0.000159541680264
0.00369484027702	0	0.00191450016317	0	0.0095108597121	0.0005112585663	0.00177671416658	0.0316146343232	0.00755284818159	0.00874941078357	0.00822002248087	0.00208129373799	0.000746945139418	0.000286449835019	0.00567823343849	0.00131621886218	0.00196163747779	0.000884731136009	0.000605533195547	0.00104427281627	0.00139961564959	0.0193335508902	2.17556836724e-05	0.00857899126147	0.0162986330179	0	0.00031183146597	9.06486819682e-05	0.0894339896298	0.00729903187208	0.00908662388049	0	8.33967874107e-05	0.00133797454585	0.00892708220022	3.26335255085e-05	3.26335255085e-05	0.000184923311215	0	0.00740781029044	0	0.00238949925668	0.000130534102034	0.000126908154755	0.0076870082309	0.000649044562892	2.53816309511e-05	0.00279197940462	3.62594727873e-06	0.000380724464266	3.62594727873e-05	0.000126908154755	6.52670510171e-05	6.16411037384e-05	3.62594727873e-05	0.00674063599115	0.00201965263425	0.000989883607092	0.00117480691831	0.0156967257696	0	0.000148663838428	0.000126908154755	0.0145654302186	0.000137785996592	2.90075782298e-05	0	0	7.25189455745e-06	0.000213930889445	0.00413720584503	0.000344464991479	0.00870589941622	0.00385075601001	0.000543892091809	0.00042786177889	0	0.00219369810363	0.000725189455745	0.000496754777186	0.000159541680264	0.000145037891149	7.25189455745e-06	5.80151564596e-05
0.00629101852859	0	8.33967874107e-05	0	0.000112404365641	0.000649044562892	0.00117480691831	0.00984082091446	0.00690017767142	1.45037891149e-05	0.00465209035861	0.0073969324486	0.00156278327713	0.00186736284854	0.00843032742304	2.90075782298e-05	7.61448928533e-05	6.52670510171e-05	0.000725189455745	0.000812212190435	0.000942746292469	0.00124007396932	0	9.79005765256e-05	0.00155915732985	0	0.000192175205773	0	0.00729903187208	0.0320569998912	0.0035280467022	3.62594727873e-06	0.00136698212408	0.00446354110011	0.0103629573226	0	0	0	0	1.08778418362e-05	0	3.62594727873e-06	0	0	3.62594727873e-06	0	3.62594727873e-06	3.62594727873e-06	1.81297363936e-05	1.45037891149e-05	0	0	0	0	0	1.08778418362e-05	0	0	0	1.45037891149e-05	0	0	0	1.81297363936e-05	1.08778418362e-05	0	0	0	0	3.62594727873e-06	0.000536640197252	1.81297363936e-05	0.00622575147757	0.000703433772073	0.000348090938758	0.00019942710033	0	7.25189455745e-06	3.62594727873e-06	0	0	0	0	0
0.00350266507125	0	0.000775952717647	0	0	1.08778418362e-05	2.17556836724e-05	0.0114289858225	0.000960876028863	3.62594727873e-06	4.35113673447e-05	9.79005765256e-05	1.08778418362e-05	1.81297363936e-05	0.00436926647087	0	5.07632619022e-05	0.00248739983321	1.45037891149e-05	0.000232060625839	3.62594727873e-06	0.0124587548497	0	0.0064433083143	0.00110591392001	0	0.000101526523804	2.17556836724e-05	0.00908662388049	0.0035280467022	0.0358207331665	0	1.08778418362e-05	0.000732441350303	0.00514521918851	0	0	0	0	0	0	0	0	0	3.62594727873e-06	0	0	0	0	0	0	3.62594727873e-06	3.62594727873e-06	0	0	0	0	0	3.62594727873e-06	3.62594727873e-06	0	3.62594727873e-06	1.45037891149e-05	0	0	0	0	0	0	0	0.0001704195221	1.08778418362e-05	0.00207766779071	0.00031183146597	3.26335255085e-05	7.25189455745e-06	0	3.62594727873e-06	0	1.45037891149e-05	1.45037891149e-05	0	0	0
0	0	0	0	3.62594727873e-06	0	3.62594727873e-06	0	1.81297363936e-05	0	3.62594727873e-06	0.00139961564959	1.08778418362e-05	0.00192900395228	1.45037891149e-05	0	0	0	0	3.62594727873e-06	3.62594727873e-06	0	0	0	0	0.000148663838428	0.00390514521919	0.00130534102034	0	3.62594727873e-06	0	0.00431125131441	0	0	3.62594727873e-06	0	3.62594727873e-06	0	0	0	0	0	0	0	0	0	2.53816309511e-05	0	0.00168969143189	0	0	0	0	0	0	0	0	0	0	0	0.00014141194387	0.000224808731281	0.000358968780594	0	0	0	0.000246564414953	0	0	0	0.000464121251677	0.000873853294173	9.79005765256e-05	0.000145037891149	1.45037891149e-05	0	1.08778418362e-05	0	9.42746292469e-05	0	0	0	0	0
0	0	0	0	0	0.00211030131622	0.000355342833315	0.000152289785707	0.00166793574821	0	0.000137785996592	0.00071068566663	8.70227346894e-05	0.00079770840132	0.000543892091809	6.52670510171e-05	0	3.62594727873e-06	0	3.62594727873e-06	2.53816309511e-05	3.62594727873e-06	0	0	3.62594727873e-06	0	7.25189455745e-06	0	8.33967874107e-05	0.00136698212408	1.08778418362e-05	0	0.00373835164437	0	0.0011421733928	0	0	0	0	0	0	0	0	0	3.62594727873e-06	0	0	0	7.25189455745e-06	0	0	3.62594727873e-06	0	0	0	0	0	0	3.62594727873e-06	0	0	0	0	2.53816309511e-05	0	0	0	0	0	0	0.000329961202364	1.45037891149e-05	0.000402480147939	0.000210304942166	0.0005112585663	0.000866601399616	0	3.62594727873e-06	3.62594727873e-06	0	0	0	0	3.62594727873e-06
7.25189455745e-06	0	0	0	0	7.25189455745e-06	2.17556836724e-05	0.00302404003046	3.62594727873e-05	0	5.43892091809e-05	0.000282823887741	2.17556836724e-05	7.25189455745e-06	0.000145037891149	0	1.45037891149e-05	0	5.07632619022e-05	0.000148663838428	1.45037891149e-05	0.000583777511875	0	0	0.000239312520396	0	7.25189455745e-06	0	0.00133797454585	0.00446354110011	0.000732441350303	0	0	0.00541353928714	0.00188186663766	0	0	0	0	0	0	0	0	0	0	0	0	0	0	0	0	0	0	0	0	0	0	0	0	0	0	0	0	0	0	0	0	0	0	0	3.62594727873e-05	3.62594727873e-06	0.000830341926828	7.25189455745e-05	8.70227346894e-05	7.25189455745e-06	0	0	0	0	0	0	0	3.62594727873e-06
0.00107690634178	0	0.000221182784002	0	0.000152289785707	0.000855723557779	0.001261829653	0.00948547808115	0.00259255230429	1.08778418362e-05	0.00569998912216	0.0113528409297	0.00123644802205	0.00213568294717	0.00138511186047	3.26335255085e-05	8.70227346894e-05	0.00605533195547	0.00174770658835	0.00571086696399	0.00091011276696	0.00763261902172	0	0.0050799521375	0.000714311613909	0	0.000696181877516	0.000112404365641	0.00892708220022	0.0103629573226	0.00514521918851	3.62594727873e-06	0.0011421733928	0.00188186663766	0.040835418253	0	6.52670510171e-05	1.45037891149e-05	0	7.25189455745e-06	0	3.62594727873e-06	3.62594727873e-06	3.62594727873e-06	0	0	0	0	3.62594727873e-06	0	0	3.62594727873e-06	8.33967874107e-05	0	7.25189455745e-06	7.25189455745e-06	3.62594727873e-06	0	2.53816309511e-05	1.08778418362e-05	0	9.42746292469e-05	0.000275571993183	2.53816309511e-05	0	0	0	0	0	0	0.000630914826498	0.000181297363936	0.0235287718917	0.00396316037565	8.33967874107e-05	0.000696181877516	3.62594727873e-06	3.62594727873e-05	0	0.00014141194387	0.00014141194387	0	0	5.80151564596e-05
0	0	3.62594727873e-06	0	0	0	0	3.62594727873e-06	0	0.000605533195547	0	0	1.81297363936e-05	0	0	0	3.62594727873e-06	7.25189455745e-06	0	0	0	0	3.62594727873e-06	0	0.000775952717647	0	1.81297363936e-05	1.08778418362e-05	3.26335255085e-05	0	0	0	0	0	0	0.0189745821096	0	0.000300953624134	0	0.000112404365641	3.62594727873e-06	0.000819464084992	0.00303491787229	0.00179484390297	0.000108778418362	0.000384350411545	0.00293701729577	0.000667174299286	5.07632619022e-05	0.0111534138294	3.62594727873e-06	0.000641792668335	0.00264694151347	0.00209942347438	0.00207041589615	0.000688929982958	0.000895608977845	1.45037891149e-05	0.000960876028863	0.000119656260198	0	0.00128721128395	0.000279197940462	0.00164980601182	0.0122593277494	0.0072954059248	2.17556836724e-05	3.62594727873e-06	0.000895608977845	0.00594655353711	0	0	0	0	0	0	0	0.000471373146234	3.26335255085e-05	0.00259980419885	0.000406106095217	7.25189455745e-05	5.07632619022e-05	3.62594727873e-06
0	0.00156278327713	0.000765074875811	0	0	0	7.25189455745e-06	7.25189455745e-06	1.08778418362e-05	2.53816309511e-05	3.62594727873e-06	2.90075782298e-05	1.08778418362e-05	0.000290075782298	3.62594727873e-06	0	8.33967874107e-05	0.00142137133326	3.62594727873e-06	0.000217556836724	3.62594727873e-06	4.35113673447e-05	0.000442365568005	9.79005765256e-05	0.000123282207477	0.000329961202364	0.0144022625911	0.0246274339171	3.26335255085e-05	0	0	3.62594727873e-06	0	0	6.52670510171e-05	0	0.042499728054	6.16411037384e-05	0	0	0	7.25189455745e-06	1.45037891149e-05	1.08778418362e-05	0.00407193879401	3.62594727873e-06	0.000145037891149	3.62594727873e-06	0.0021139272635	1.08778418362e-05	0	0.00197614126691	0.000384350411545	3.62594727873e-05	9.79005765256e-05	7.25189455745e-06	0.000123282207477	0.00716487182276	8.70227346894e-05	0.00418434315965	0.00940570724102	0.000801334348599	0.0395844664419	1.81297363936e-05	3.9885420066e-05	3.62594727873e-05	7.25189455745e-06	0	0	7.9770840132e-05	0.00121106639109	0.000674426193843	0.000166793574821	6.16411037384e-05	1.08778418362e-05	0	0	0.00022843467856	0.000264694151347	0.000152289785707	0.000123282207477	0	0	0.000123282207477
0	0	0.00282461293013	0	0	0	0	0	0	3.62594727873e-06	0	0	0	0	0	0	2.17556836724e-05	6.16411037384e-05	0	2.53816309511e-05	0	0.000224808731281	7.25189455745e-06	0.000935494397911	2.17556836724e-05	0	2.90075782298e-05	0.00299140650495	0.000184923311215	0	0	0	0	0	1.45037891149e-05	0.000300953624134	6.16411037384e-05	0.0316944051633	0	7.25189455745e-06	0	6.88929982958e-05	0.00203415642337	0.00101163929076	2.53816309511e-05	1.45037891149e-05	0.000195801153051	3.26335255085e-05	0	0.00346640559846	7.25189455745e-06	3.62594727873e-06	0.00827803763733	0.000246564414953	0.000119656260198	2.53816309511e-05	0.00115305123464	0.000377098516988	0.012397113746	2.17556836724e-05	0	0.00634903368505	0.0110627651474	0.000979005765256	0.000358968780594	0.00160629464448	0	0	3.62594727873e-06	0.000685304035679	4.71373146234e-05	3.26335255085e-05	6.52670510171e-05	7.9770840132e-05	0	0	0	0.000235686573117	0.000123282207477	0.00120381449654	0.00093912034519	0.000210304942166	8.33967874107e-05	3.62594727873e-06
0	0	0	0	0	0	0	0	0	0	0	0	0	0	0	0	0	0	0	0	0	0	0	0	0	0	0	0	0	0	0	0	0	0	0	0	0	0	0	0	0	0	0	0	0	0	0	0	0	0	0	0	0	0	0	0	0	0	0	0	0	0	0	0	0	0	0	0	0	0	0	0	0	0	0	0	0	0	0	0	0	0	0	0
3.62594727873e-06	0	3.62594727873e-06	0	0.00680952898945	3.62594727873e-06	6.52670510171e-05	0.001704195221	2.17556836724e-05	0.00359331375322	0.000572899670039	7.25189455745e-06	0.00042786177889	3.62594727873e-06	7.25189455745e-06	0.000467747198956	1.08778418362e-05	3.62594727873e-06	0	0	0.000761448928533	7.25189455745e-06	3.62594727873e-06	3.62594727873e-06	0.00280648319373	0	1.81297363936e-05	0	0.00740781029044	1.08778418362e-05	0	0	0	0	7.25189455745e-06	0.000112404365641	0	7.25189455745e-06	0	0.0218535842489	3.62594727873e-06	0.00375285543348	5.07632619022e-05	0.0001704195221	0.0024040030458	0.00354255049132	5.43892091809e-05	0.00589941622249	2.17556836724e-05	0.000917364661518	0.000435113673447	1.45037891149e-05	1.08778418362e-05	5.07632619022e-05	7.25189455745e-06	0.0172450052576	3.62594727873e-06	3.62594727873e-06	1.45037891149e-05	0.0123826099569	0	5.43892091809e-05	3.62594727873e-05	0.00835418253019	0.000630914826498	1.81297363936e-05	0	1.08778418362e-05	0	0.000862975452337	3.26335255085e-05	1.81297363936e-05	5.07632619022e-05	1.45037891149e-05	0.000416983937054	0	0	0.000467747198956	8.33967874107e-05	0.00159541680264	0.00110953986729	0.000282823887741	3.26335255085e-05	2.90075782298e-05
