0.0366731452316	0	4.02117820521e-05	0	0.000817639568394	1.34039273507e-05	0.000281482474365	0.0124656524362	0.00348502111119	0.00548220628644	0.00638026941894	0.00268078547014	0.00247972655988	0	0.0244755713424	0	0	0.00150123986328	0.00037530996582	0.0019301655385	0.00245291870518	0.000576368876081	0	0.00124656524362	0.00112592989746	0	0.0037530996582	0	0.0189799611286	0.0191944239662	0.00781448964547	0	2.68078547014e-05	0	0.00839085852155	0.0037799075129	0	0	0	2.68078547014e-05	0	4.02117820521e-05	0	0.000589772803431	0.000294886401716	0	0.000107231418806	0	0	0.00558943770525	0	0	0	9.3827491455e-05	1.34039273507e-05	0	0	1.34039273507e-05	1.34039273507e-05	5.36157094029e-05	0	0	0	0	0.00449031566249	0.000415521747872	0	0	1.34039273507e-05	0.00233228335902	0.000294886401716	0.000817639568394	0.00812277997453	0.000643388512834	4.02117820521e-05	1.34039273507e-05	0.000254674619664	0.000201058910261	0	0.000482541384626	9.3827491455e-05	9.3827491455e-05	0.000214462837611	0
0	0.020333757791	0.000643388512834	0	0	0	0	0	0	0.000723812076939	0	0	0	0.000174251055559	0	0	0.00579049661551	0	0	0	0	0.000134039273507	0.00671536760271	0.000616580658133	0.00585751625226	0.000536157094029	0.00306949936331	0.0178272233764	0	0	0	0	0	0	0	0	0.00919509416259	0	0	0	0	0	0	0	0	0	0	0	0	0	0	0	0	0	0	0	0	6.70196367536e-05	0	0	0.000415521747872	0.000335098183768	0.00963742376516	0	0	0	0	0	0	0	0	0	0	0	0	0	0	0	0	0	0	0	0	0
4.02117820521e-05	0.000643388512834	0.0512298103344	0	0	0	0	0	0	1.34039273507e-05	0	1.34039273507e-05	0	0	4.02117820521e-05	0	8.04235641043e-05	0.00863212921386	0	0	0	0.0038067153676	0.00251993834193	0.0218081897996	2.68078547014e-05	0	0.00455733529924	0.0251189598552	0.000107231418806	8.04235641043e-05	8.04235641043e-05	0	0	0	0.000147443200858	0	0.00670196367536	0.000147443200858	0	0	0	0	0	0	0	0	1.34039273507e-05	0	0	0	0	1.34039273507e-05	0	9.3827491455e-05	0	0	0	0.00132698880772	2.68078547014e-05	0	0	0.000120635346156	0.0142081629918	0	0	0	0	0	0	0.000174251055559	0.00215803230346	0.000509349239327	0.000924870987199	0.000576368876081	0	0	0.000241270692313	0.00109912204276	1.34039273507e-05	0.000107231418806	0.000107231418806	9.3827491455e-05	0.000147443200858	0
0	0	0	0	0	0	0	0	0	0	0	0	0	0	0	0	0	0	0	0	0	0	0	0	0	0	0	0	0	0	0	0	0	0	0	0	0	0	0	0	0	0	0	0	0	0	0	0	0	0	0	0	0	0	0	0	0	0	0	0	0	0	0	0	0	0	0	0	0	0	0	0	0	0	0	0	0	0	0	0	0	0	0	0
0.000817639568394	0	0	0	0.0269016821929	0.000201058910261	0.000629984585484	0.00109912204276	0	0.00399437035051	0.00895382347028	0.000576368876081	0.00396756249581	0	0.00037530996582	0.000160847128209	0	0	9.3827491455e-05	0.000120635346156	0.00849808994035	0	0	0	0.0152536693251	0	0.000335098183768	0	0.0155887675089	0.00174251055559	0	0	0	0	0.001796126265	0	0	0	0	0.0093827491455	0	5.36157094029e-05	0.000120635346156	0.000107231418806	0.0131894645131	0.000469137457275	1.34039273507e-05	0.00620601836338	0	0.00018765498291	0.000455733529924	0	0	0	1.34039273507e-05	0.00605857516252	0	0	0	0.0122779974533	0	0	0	0.0038067153676	0.000428925675223	0	0	0	0	4.02117820521e-05	0.000616580658133	0.000361906038469	0.00148783593593	0.00018765498291	5.36157094029e-05	0	0.000160847128209	0	0	0.000147443200858	0	0.00056296494873	5.36157094029e-05	0
1.34039273507e-05	0	0	0	0.000201058910261	0.00434287246163	0.00194356946585	0.000160847128209	0.000120635346156	0.000120635346156	0.000281482474365	0	0.000670196367536	0	0	0.00127337309832	0	0	0	0	0.000254674619664	0	0	2.68078547014e-05	2.68078547014e-05	0	0	0	0.000147443200858	0.000308290329066	0	0	0.000643388512834	0	0.000603176730782	0	0	0	0	1.34039273507e-05	0	0	1.34039273507e-05	0	0.000107231418806	1.34039273507e-05	0	8.04235641043e-05	0	0	8.04235641043e-05	0	0	0	0	0	0	0	0	2.68078547014e-05	0	0	0	0	0	0	0	0	0	0	0.000388713893171	0	0.000455733529924	8.04235641043e-05	0.000214462837611	0.000321694256417	0	0	0	0	0	8.04235641043e-05	0	0
0.000281482474365	0	0	0	0.000629984585484	0.00194356946585	0.0148381475772	0.00253334226928	0.000616580658133	0.000536157094029	0.00510689632062	0	0.00505328061122	0	0.000214462837611	0.00257355405134	0	0	0	0	0.00225185979492	0	0	1.34039273507e-05	4.02117820521e-05	0	0	0	0.00243951477783	6.70196367536e-05	0	0	0.000120635346156	0	8.04235641043e-05	0	0	0	0	9.3827491455e-05	0	0	1.34039273507e-05	1.34039273507e-05	0.000428925675223	2.68078547014e-05	0	0.00037530996582	0	1.34039273507e-05	0.000214462837611	0	0	0	0	8.04235641043e-05	0	0	0	4.02117820521e-05	0	0	0	0	0	0	0	0	0	0	5.36157094029e-05	0	5.36157094029e-05	0	0.000589772803431	0	0	0	0	0	0	0.00037530996582	0	0
0.0124656524362	0	0	0	0.00109912204276	0.000160847128209	0.00253334226928	0.0733596943905	0.00233228335902	0.00363246431204	0.0286039809664	0.00127337309832	0.00323034649152	0	0.0154681321627	0.000656792440185	0	4.02117820521e-05	0.000268078547014	0.00037530996582	0.00520072381208	0.00489243348301	0	0.00530795523088	0.00209101266671	0	0.000857851350446	0	0.0509349239327	0.00772066215401	0.0151598418337	0	0.000107231418806	0.00221164801287	0.00632665370954	0.000442329602574	0	0	0	0.000817639568394	2.68078547014e-05	0.000241270692313	4.02117820521e-05	0.00147443200858	0.0027478051069	0.000616580658133	6.70196367536e-05	0.000361906038469	0	0.00198378124791	5.36157094029e-05	0	0	8.04235641043e-05	5.36157094029e-05	0.000107231418806	0	0	0	0.00328396220092	0	1.34039273507e-05	0	0.000656792440185	0.00183633804705	0	0	0	0	0.000442329602574	0.000603176730782	0.000670196367536	0.00446350780779	0.00205080088466	0.00056296494873	1.34039273507e-05	0.000294886401716	2.68078547014e-05	0	0.000348502111119	0	0.000147443200858	0.000120635346156	0
0.00348502111119	0	0	0	0	0.000120635346156	0.000616580658133	0.00233228335902	0.00916828630789	0	0.00249313048723	0.000991890623953	8.04235641043e-05	0	0.00505328061122	0	0	0	4.02117820521e-05	0.000670196367536	0	0	0	2.68078547014e-05	0	0	0.000804235641043	0	0.00167549091884	0.00155485557268	0	0	1.34039273507e-05	0	0.000991890623953	0	0	0	0	0	0	0	0	0	0	0	0	0	0	0	0	0	0	0	0	0	0	0	0	0	0	0	0	0	0	0	0	0	0	0	5.36157094029e-05	0.000134039273507	0.001032102406	6.70196367536e-05	0	0	0	0	0	0	0	0	0	0
0.00548220628644	0.000723812076939	1.34039273507e-05	0	0.00399437035051	0.000120635346156	0.000536157094029	0.00363246431204	0	0.047007573219	0.00134039273507	2.68078547014e-05	0.00344480932913	0	0.00390054285906	0.00249313048723	0.00154145164533	1.34039273507e-05	1.34039273507e-05	2.68078547014e-05	0.00174251055559	0	0.00591113196166	0	0.0239796260304	6.70196367536e-05	5.36157094029e-05	0.000482541384626	0.0253602305476	0.0066617518933	0.00115273775216	0	2.68078547014e-05	0.000629984585484	0.000428925675223	0.00678238723946	0	2.68078547014e-05	0	0.00678238723946	0.000107231418806	0.00162187520944	0	0.00577709268816	0.0194490985859	2.68078547014e-05	0.000214462837611	0.00348502111119	0	0.0113933382481	0.00213122444876	1.34039273507e-05	0	0.000174251055559	0.000120635346156	0.0018765498291	0	0.0019569733932	1.34039273507e-05	0.00916828630789	0	0	2.68078547014e-05	0.000710408149588	0.00723812076939	0.00345821325648	0	0	0.00120635346156	0.00516051203002	0.00219824408552	0.000603176730782	0.000576368876081	0.000294886401716	0.00207760873936	0	0	0.000348502111119	0	0.00261376583339	0.000522753166678	0.00329736612828	0.000710408149588	0
0.00638026941894	0	0	0	0.00895382347028	0.000281482474365	0.00510689632062	0.0286039809664	0.00249313048723	0.00134039273507	0.049339856578	0.00201058910261	0.00792172106427	0	0.0101333690771	0.000321694256417	0	0	0.00037530996582	0.000442329602574	0.0119160914148	0.00142081629918	0	0.00201058910261	0.00305609543596	0	0.00127337309832	0	0.0258427719322	0.00520072381208	0.00207760873936	0	0.000107231418806	0.000884659205147	0.00717110113263	0	0	0	0	0.002828228671	2.68078547014e-05	0.000214462837611	0.000107231418806	0.000549561021379	0.00471818242745	0.000683600294886	6.70196367536e-05	0.00116614167951	0	0.00056296494873	0.000335098183768	0	0	8.04235641043e-05	6.70196367536e-05	0.00142081629918	0	0	0	0.00516051203002	0	1.34039273507e-05	0	0.00113933382481	0.00139400844447	0	0	0	0	0.000214462837611	0.000764023858991	0.00108571811541	0.005656457342	0.00171570270089	0.000201058910261	1.34039273507e-05	0.000428925675223	1.34039273507e-05	0	0.000254674619664	0	0.000348502111119	0.000120635346156	0
0.00268078547014	0	1.34039273507e-05	0	0.000576368876081	0	0	0.00127337309832	0.000991890623953	2.68078547014e-05	0.00201058910261	0.0271697607399	0.00104550633336	0.00320353863682	0.00175591448294	0	0	1.34039273507e-05	0.000978486696602	0.00651430869245	0.00151464379063	0.000455733529924	0	0.000415521747872	4.02117820521e-05	0.00207760873936	0.0141813551371	2.68078547014e-05	0.00108571811541	0.00585751625226	0.000589772803431	2.68078547014e-05	0	0.000348502111119	0.0128275584746	0	0	0	0	2.68078547014e-05	0	0	0	0	2.68078547014e-05	0	0.00522753166678	0	0.0036726760941	0	0	0	0	0	0	0	0	0	0	2.68078547014e-05	0.000335098183768	0	0.000134039273507	0	0	0	0.000402117820521	0	0	1.34039273507e-05	0.00345821325648	0.0065545204745	0.0114469539575	0.000844447423095	0	0	0.000522753166678	0.000549561021379	0.00222505194022	0	0	0	0	0.000402117820521
0.00247972655988	0	0	0	0.00396756249581	0.000670196367536	0.00505328061122	0.00323034649152	8.04235641043e-05	0.00344480932913	0.00792172106427	0.00104550633336	0.0187520943636	0	0.00125996917097	0.0010052945513	0	0	0.000174251055559	0.000174251055559	0.00888680383352	0.000120635346156	0	0.000160847128209	0.000991890623953	0	0.000616580658133	0	0.00345821325648	0.00286844045305	4.02117820521e-05	0	0	6.70196367536e-05	0.00327055827357	0	0	0	0	0.00148783593593	1.34039273507e-05	4.02117820521e-05	1.34039273507e-05	8.04235641043e-05	0.00321694256417	0.000120635346156	1.34039273507e-05	0.00260036190604	0	0.000107231418806	0.001796126265	0	0	1.34039273507e-05	0	0.00128677702567	0	0	9.3827491455e-05	0.000857851350446	0	0	0.000201058910261	0.000147443200858	0.000254674619664	0	0	0	0	2.68078547014e-05	0.000817639568394	0.000549561021379	0.00264057368809	0.000549561021379	0.000415521747872	0	0.000134039273507	1.34039273507e-05	0	0.000308290329066	0.000201058910261	0.00237249514108	0.000147443200858	0
0	0.000174251055559	0	0	0	0	0	0	0	0	0	0.00320353863682	0	0.0118356678507	0	0	2.68078547014e-05	0	0	0	0	0	2.68078547014e-05	1.34039273507e-05	1.34039273507e-05	0.00487902955566	0.00323034649152	0.00191676161115	0	0	0	0.00132698880772	0	0	0.0019301655385	0	0	0	0	0	0	0	0	0	0	0	0.00340459754708	0	0.00364586823939	0	0	0	0	0.00075061993164	0	0	0	0	0	0	0.00146102808123	0.000455733529924	0.000402117820521	0	0	0	0.000227866764962	0	0	0	0	0.000160847128209	4.02117820521e-05	0	0	0	0.000107231418806	0	0.00116614167951	0	0	0	0	0.000227866764962
0.0244755713424	0	4.02117820521e-05	0	0.00037530996582	0	0.000214462837611	0.0154681321627	0.00505328061122	0.00390054285906	0.0101333690771	0.00175591448294	0.00125996917097	0	0.0404396488171	0	0	0.00134039273507	0.000107231418806	0.00135379666242	0.00113933382481	0.00237249514108	0	0.00364586823939	0.000723812076939	0	0.00281482474365	0	0.0177870115944	0.0162455599491	0.00911467059849	0	0	2.68078547014e-05	0.00572347697875	0.00348502111119	0	0	0	0	0	0	0	0.000254674619664	5.36157094029e-05	0	0.000107231418806	0	0	0.00434287246163	0	0	0	8.04235641043e-05	0	0	0	1.34039273507e-05	1.34039273507e-05	0	0	0	0	0	0.00426244889753	0.000388713893171	0	0	1.34039273507e-05	0.00223845586757	0.000268078547014	0.000710408149588	0.0055492259232	0.000455733529924	5.36157094029e-05	0	0.000254674619664	0.00018765498291	0	0.000442329602574	9.3827491455e-05	6.70196367536e-05	0.000201058910261	0
0	0	0	0	0.000160847128209	0.00127337309832	0.00257355405134	0.000656792440185	0	0.00249313048723	0.000321694256417	0	0.0010052945513	0	0	0.00788150928222	0.000281482474365	1.34039273507e-05	0	1.34039273507e-05	0.00037530996582	0.000294886401716	0.00018765498291	0.000120635346156	0.00148783593593	0	1.34039273507e-05	0	0.00112592989746	1.34039273507e-05	0	0	0	0	1.34039273507e-05	0.000147443200858	0	0	0	0.000134039273507	1.34039273507e-05	4.02117820521e-05	0	4.02117820521e-05	0.000549561021379	0	0	9.3827491455e-05	0	0.000201058910261	0.000201058910261	0	0	0	0	0	0.000107231418806	0.000361906038469	0	0.000134039273507	0	0	0	0.000107231418806	0.000281482474365	8.04235641043e-05	0	0	6.70196367536e-05	0.000509349239327	0.00132698880772	0.000670196367536	1.34039273507e-05	1.34039273507e-05	0.00336438576503	0	0	2.68078547014e-05	0	0.000402117820521	0.000107231418806	0.000294886401716	0.000120635346156	0
0	0.00579049661551	8.04235641043e-05	0	0	0	0	0	0	0.00154145164533	0	0	0	2.68078547014e-05	0	0.000281482474365	0.0240868574492	0	0	0	0	0.00577709268816	0.0195161182226	0.00891361168822	0.0125192681456	0.000174251055559	0.000428925675223	0.00778768179076	0.00143422022653	1.34039273507e-05	0	0	0	1.34039273507e-05	9.3827491455e-05	0.000107231418806	0.000174251055559	0	0	0	0	4.02117820521e-05	0	0	0.000978486696602	0	0	0	0	5.36157094029e-05	4.02117820521e-05	0.00320353863682	0	0	0	0	0.00245291870518	0.00686281080357	9.3827491455e-05	0.000495945311976	0	0	0.000308290329066	0.00276120903425	0.000227866764962	0.000495945311976	0	0	0.000201058910261	0.000777427786341	0.00146102808123	0.00127337309832	0.000174251055559	2.68078547014e-05	0	0	0	0.000174251055559	0	0.000509349239327	0.000120635346156	0.000120635346156	5.36157094029e-05	0
0.00150123986328	0	0.00863212921386	0	0	0	0	4.02117820521e-05	0	1.34039273507e-05	0	1.34039273507e-05	0	0	0.00134039273507	1.34039273507e-05	0	0.021365860197	0	0.00394075464111	0	0.000482541384626	0	0.00457073922659	0	0	0.00914147845319	0.00170229877354	0.00262716976074	9.3827491455e-05	0.00154145164533	0	0	1.34039273507e-05	0.00726492862409	0	0	0	0	0	0	0	0	0	0	0	0	0	0	0	0	0	0	0	0	0	0	0	0	0	0	0	0	0	0	0	0	0	0	0	0.00018765498291	5.36157094029e-05	0.00419542926077	0.000643388512834	1.34039273507e-05	0	0	1.34039273507e-05	0	0	0	0	0	0
0.00037530996582	0	0	0	9.3827491455e-05	0	0	0.000268078547014	4.02117820521e-05	1.34039273507e-05	0.00037530996582	0.000978486696602	0.000174251055559	0	0.000107231418806	0	0	0	0.00206420481201	0.000321694256417	0.000241270692313	2.68078547014e-05	0	8.04235641043e-05	1.34039273507e-05	0	0.00143422022653	0	0.000268078547014	0.000348502111119	2.68078547014e-05	0	0	0.000107231418806	0.000549561021379	0	0	0	0	1.34039273507e-05	0	0	0	0	1.34039273507e-05	0	0	0	0	0	0	0	0	0	0	0	0	0	0	1.34039273507e-05	0	0	0	0	0	0	0	0	0	0	0.000683600294886	4.02117820521e-05	0.00154145164533	0.000254674619664	0	0	0	2.68078547014e-05	5.36157094029e-05	0	0	0	0	0
0.0019301655385	0	0	0	0.000120635346156	0	0	0.00037530996582	0.000670196367536	2.68078547014e-05	0.000442329602574	0.00651430869245	0.000174251055559	0	0.00135379666242	1.34039273507e-05	0	0.00394075464111	0.000321694256417	0.0208833188124	0.000254674619664	0.00213122444876	0	0.00143422022653	4.02117820521e-05	0	0.0152000536157	0	0.00278801688895	0.00119294953421	0.00258695797869	0	0	0.000174251055559	0.0152402653978	0	0	0	0	1.34039273507e-05	0	0	0	0	1.34039273507e-05	0	0	0	0	0	0	0	0	0	0	0	0	0	0	1.34039273507e-05	0	0	0	0	0	0	0	0	0	0	0.00116614167951	0.000321694256417	0.011272702902	0.00056296494873	1.34039273507e-05	0	0	1.34039273507e-05	0	0	0	0	0	0
0.00245291870518	0	0	0	0.00849808994035	0.000254674619664	0.00225185979492	0.00520072381208	0	0.00174251055559	0.0119160914148	0.00151464379063	0.00888680383352	0	0.00113933382481	0.00037530996582	0	0	0.000241270692313	0.000254674619664	0.019301655385	0	0	0	0.00151464379063	0	0.000844447423095	0	0.00888680383352	0.00382011929495	0	0	2.68078547014e-05	0.000227866764962	0.00481200991891	0	0	0	0	0.00143422022653	2.68078547014e-05	0.000147443200858	5.36157094029e-05	0.000469137457275	0.00335098183768	0.00056296494873	4.02117820521e-05	0.00124656524362	0	0.000509349239327	0.000737216004289	0	0	5.36157094029e-05	4.02117820521e-05	0.000656792440185	0	0	0	0.00341800147443	0	1.34039273507e-05	0	0.000670196367536	0.00113933382481	0	0	0	0	0.000147443200858	0.000951678841901	0.000831043495744	0.00391394678641	0.000804235641043	0.000134039273507	0	0.000214462837611	1.34039273507e-05	0	0.000241270692313	0	0.000898063132498	9.3827491455e-05	0
0.000576368876081	0.000134039273507	0.0038067153676	0	0	0	0	0.00489243348301	0	0	0.00142081629918	0.000455733529924	0.000120635346156	0	0.00237249514108	0.000294886401716	0.00577709268816	0.000482541384626	2.68078547014e-05	0.00213122444876	0	0.0556799142149	0.00440989209838	0.0343006500905	0.00018765498291	0	0.00272099725219	0.00386033107701	0.0190737886201	0.000629984585484	0.0184304001072	0	0	0.000710408149588	0.0108839890088	0	1.34039273507e-05	6.70196367536e-05	0	0	0	4.02117820521e-05	0	0	0	0	0	0	0	0	4.02117820521e-05	0.00206420481201	0	0	0	0	0.00159506735473	0.00339119361973	8.04235641043e-05	0.000134039273507	0	0	0.000134039273507	0.00127337309832	1.34039273507e-05	1.34039273507e-05	0	0	0	4.02117820521e-05	0.00399437035051	0.00158166342738	0.00998592587628	0.00341800147443	0	0	2.68078547014e-05	0.000174251055559	0	0.000147443200858	0.000147443200858	9.3827491455e-05	5.36157094029e-05	0
0	0.00671536760271	0.00251993834193	0	0	0	0	0	0	0.00591113196166	0	0	0	2.68078547014e-05	0	0.00018765498291	0.0195161182226	0	0	0	0	0.00440989209838	0.0444742309497	0.0156825950003	0.0149319750687	0.000254674619664	0.000254674619664	0.0170497955901	0.00156825950003	0	0	0	0	0	0	0.000254674619664	0.000160847128209	2.68078547014e-05	0	0	0	1.34039273507e-05	0	0	0.0018765498291	0	0	0	0	8.04235641043e-05	4.02117820521e-05	0.0101869847865	0	0	0	0	0.00320353863682	0.0182025333423	0.000522753166678	0.00101869847865	0	0	0.00629984585484	0.0036726760941	0.000670196367536	0.000884659205147	0	0	0.000589772803431	0.00146102808123	0.00104550633336	0.000991890623953	0	1.34039273507e-05	0	0	0	0.000804235641043	0	0.000790831713692	0.00018765498291	0.000147443200858	5.36157094029e-05	0
0.00124656524362	0.000616580658133	0.0218081897996	0	0	2.68078547014e-05	1.34039273507e-05	0.00530795523088	2.68078547014e-05	0	0.00201058910261	0.000415521747872	0.000160847128209	1.34039273507e-05	0.00364586823939	0.000120635346156	0.00891361168822	0.00457073922659	8.04235641043e-05	0.00143422022653	0	0.0343006500905	0.0156825950003	0.0910796863481	2.68078547014e-05	2.68078547014e-05	0.00229207157697	0.0132966959319	0.0126801152738	0.000335098183768	0.0102674083506	0	2.68078547014e-05	1.34039273507e-05	0.00821660746599	0	0.000120635346156	4.02117820521e-05	0	0	0	4.02117820521e-05	0	0	0	0	0	0	0	0	4.02117820521e-05	0.00981167482072	0	0	0	0	0.00143422022653	0.0113397225387	0.000549561021379	0.000134039273507	0	0	0.00197037732055	0.00111252597011	0	0	0	0	0	5.36157094029e-05	0.00982507874807	0.00268078547014	0.0083774545942	0.00486562562831	0	0	2.68078547014e-05	0.000683600294886	1.34039273507e-05	0.000160847128209	0.000160847128209	9.3827491455e-05	6.70196367536e-05	0
0.00112592989746	0.00585751625226	2.68078547014e-05	0	0.0152536693251	2.68078547014e-05	4.02117820521e-05	0.00209101266671	0	0.0239796260304	0.00305609543596	4.02117820521e-05	0.000991890623953	1.34039273507e-05	0.000723812076939	0.00148783593593	0.0125192681456	0	1.34039273507e-05	4.02117820521e-05	0.00151464379063	0.00018765498291	0.0149319750687	2.68078547014e-05	0.0620601836338	0.000227866764962	0.000227866764962	0.00600495945312	0.0290597144963	0.00254674619664	0.00140741237182	0	0	0.00075061993164	0.000388713893171	0.0019033576838	4.02117820521e-05	2.68078547014e-05	0	0.0101869847865	1.34039273507e-05	0.00112592989746	8.04235641043e-05	0.00272099725219	0.0214462837611	0.000227866764962	4.02117820521e-05	0.0065813283292	0	0.00415521747872	0.000281482474365	0	0	4.02117820521e-05	5.36157094029e-05	0.00573688090611	0.000844447423095	0.00297567187186	0	0.0150123986328	0	0	0.000107231418806	0.00534816701293	0.00286844045305	0.00221164801287	0	0	0.000643388512834	0.00254674619664	0.00140741237182	0.00018765498291	0.000616580658133	9.3827491455e-05	0.00107231418806	0	0	6.70196367536e-05	0	0.00147443200858	0.000160847128209	0.000965082769251	0.000294886401716	0
0	0.000536157094029	0	0	0	0	0	0	0	6.70196367536e-05	0	0.00207760873936	0	0.00487902955566	0	0	0.000174251055559	0	0	0	0	0	0.000254674619664	2.68078547014e-05	0.000227866764962	0.00686281080357	0.000697004222237	0.000790831713692	0	0	0	0.00018765498291	0	0	0.00241270692313	0	0	0	0	0	0	0	0	0	0	0	0.00183633804705	0	0.00215803230346	0	0	0	0	5.36157094029e-05	0	0	0	0	0	0	0.000844447423095	4.02117820521e-05	0.00037530996582	0	0	0	0.000134039273507	0	0	0	0	0.000147443200858	0.000107231418806	0	0	0	0.000201058910261	0	0.000616580658133	0	0	0	0	0.000281482474365
0.0037530996582	0.00306949936331	0.00455733529924	0	0.000335098183768	0	0	0.000857851350446	0.000804235641043	5.36157094029e-05	0.00127337309832	0.0141813551371	0.000616580658133	0.00323034649152	0.00281482474365	1.34039273507e-05	0.000428925675223	0.00914147845319	0.00143422022653	0.0152000536157	0.000844447423095	0.00272099725219	0.000254674619664	0.00229207157697	0.000227866764962	0.000697004222237	0.109014141143	0.0127739427652	0.00466456671805	0.00327055827357	0.00333757791033	0.00382011929495	0	0.000308290329066	0.0167281013337	0	0.0106963340259	0	0	1.34039273507e-05	0	0	0	0	1.34039273507e-05	0	0.00654111654715	0	0.0055492259232	0	0	0.000107231418806	0	0.00726492862409	0	0	0	0.000308290329066	4.02117820521e-05	1.34039273507e-05	0.0160713088935	0.0246096106159	0.0127471349105	0	0	0	0.00521412773943	0	0	1.34039273507e-05	0.0135245626969	0.0123852288721	0.0184572079619	0.00162187520944	1.34039273507e-05	0	0	0.00156825950003	0.00163527913679	2.68078547014e-05	2.68078547014e-05	0	0	0
0	0.0178272233764	0.0251189598552	0	0	0	0	0	0	0.000482541384626	0	2.68078547014e-05	0	0.00191676161115	0	0	0.00778768179076	0.00170229877354	0	0	0	0.00386033107701	0.0170497955901	0.0132966959319	0.00600495945312	0.000790831713692	0.0127739427652	0.0830775417197	2.68078547014e-05	0.000107231418806	2.68078547014e-05	0	0	0	8.04235641043e-05	0	0.0232558139535	0.000147443200858	0	0	0	0	0	0	0	0	0	0	2.68078547014e-05	0	0	0.00160847128209	0	5.36157094029e-05	1.34039273507e-05	0	0	0.00371288787615	0.000241270692313	0	0.00150123986328	0.00180953019235	0.0372361101803	0	0	0	0	0	0	0.000321694256417	0.00247972655988	0.000442329602574	0.000576368876081	0.000616580658133	0	0	0.000241270692313	0.00136720058977	0	0.000120635346156	0.000120635346156	0.000107231418806	0.000308290329066	0
0.0189799611286	0	0.000107231418806	0	0.0155887675089	0.000147443200858	0.00243951477783	0.0509349239327	0.00167549091884	0.0253602305476	0.0258427719322	0.00108571811541	0.00345821325648	0	0.0177870115944	0.00112592989746	0.00143422022653	0.00262716976074	0.000268078547014	0.00278801688895	0.00888680383352	0.0190737886201	0.00156825950003	0.0126801152738	0.0290597144963	0	0.00466456671805	2.68078547014e-05	0.13088935058	0.0156959989277	0.0324375041887	0	6.70196367536e-05	0.0037799075129	0.0129079820387	0.00672877153006	0	6.70196367536e-05	0	0.008484686013	5.36157094029e-05	0.00124656524362	0.000134039273507	0.00514710810267	0.0196233496414	0.000764023858991	0.000201058910261	0.00336438576503	0	0.0105891026071	0.000442329602574	0	0	0.00018765498291	0.000120635346156	0.00289524830775	1.34039273507e-05	0.00130018095302	2.68078547014e-05	0.0145700690302	0	2.68078547014e-05	9.3827491455e-05	0.00278801688895	0.0101467730045	0.00454393137189	0	0	0.00131358488037	0.00611219087193	0.00219824408552	0.000388713893171	0.0121305542524	0.00254674619664	0.000670196367536	0	8.04235641043e-05	0.000174251055559	2.68078547014e-05	0.00223845586757	0.000201058910261	0.00117954560686	0.000455733529924	0
0.0191944239662	0	8.04235641043e-05	0	0.00174251055559	0.000308290329066	6.70196367536e-05	0.00772066215401	0.00155485557268	0.0066617518933	0.00520072381208	0.00585751625226	0.00286844045305	0	0.0162455599491	1.34039273507e-05	1.34039273507e-05	9.3827491455e-05	0.000348502111119	0.00119294953421	0.00382011929495	0.000629984585484	0	0.000335098183768	0.00254674619664	0	0.00327055827357	0.000107231418806	0.0156959989277	0.0512432142618	0.0113933382481	0	0.000616580658133	0.00789491320957	0.0134039273507	0.00623282621808	0	0	0	8.04235641043e-05	1.34039273507e-05	5.36157094029e-05	0	0.000697004222237	0.000455733529924	0	0.000241270692313	0	0	0.00892701561558	1.34039273507e-05	9.3827491455e-05	0	0.000134039273507	2.68078547014e-05	0	0	5.36157094029e-05	2.68078547014e-05	0.000120635346156	0	4.02117820521e-05	2.68078547014e-05	0	0.00942296092755	0.00186314590175	0	0	0.000388713893171	0.00701025400442	0.00261376583339	0.00249313048723	0.0117016285772	0.00264057368809	0.000388713893171	4.02117820521e-05	0.000549561021379	0.000723812076939	0	0.00276120903425	0.000388713893171	0.000871255277796	0.000991890623953	1.34039273507e-05
0.00781448964547	0	8.04235641043e-05	0	0	0	0	0.0151598418337	0	0.00115273775216	0.00207760873936	0.000589772803431	4.02117820521e-05	0	0.00911467059849	0	0	0.00154145164533	2.68078547014e-05	0.00258695797869	0	0.0184304001072	0	0.0102674083506	0.00140741237182	0	0.00333757791033	2.68078547014e-05	0.0324375041887	0.0113933382481	0.0551973728302	0	0	0.0019033576838	0.0110984518464	0.00202399302996	0	6.70196367536e-05	0	0	0	0	0	4.02117820521e-05	6.70196367536e-05	0	5.36157094029e-05	0	0	0.00205080088466	0	1.34039273507e-05	0	1.34039273507e-05	0	0	0	0	2.68078547014e-05	1.34039273507e-05	0	1.34039273507e-05	0.000107231418806	0	0.00348502111119	0.00119294953421	0	0	0.000268078547014	0.00296226794451	2.68078547014e-05	0	0.008484686013	0.00121975738891	0	0	0	0.000281482474365	0	0.00125996917097	0.000348502111119	0.000415521747872	0.000442329602574	0
0	0	0	0	0	0	0	0	0	0	0	2.68078547014e-05	0	0.00132698880772	0	0	0	0	0	0	0	0	0	0	0	0.00018765498291	0.00382011929495	0	0	0	0	0.00386033107701	0	0	1.34039273507e-05	0	0	0	0	0	0	0	0	0	0	0	0.000107231418806	0	0.00197037732055	0	0	0	0	0.000991890623953	0	0	0	0	0	0	0.00201058910261	0.00174251055559	0.000495945311976	0	0	0	0.00163527913679	0	0	0	0	0	0	0	0	0	0	0	0	0	0	0	0	0
2.68078547014e-05	0	0	0	0	0.000643388512834	0.000120635346156	0.000107231418806	1.34039273507e-05	2.68078547014e-05	0.000107231418806	0	0	0	0	0	0	0	0	0	2.68078547014e-05	0	0	2.68078547014e-05	0	0	0	0	6.70196367536e-05	0.000616580658133	0	0	0.00175591448294	0	0.000898063132498	0	0	0	0	0	0	0	0	0	0	0	0	0	0	0	0	0	0	0	0	0	0	0	0	0	0	0	0	0	0	0	0	0	0	0	0.000871255277796	2.68078547014e-05	0.00101869847865	0.000268078547014	4.02117820521e-05	0.000616580658133	2.68078547014e-05	0	0	0	0	0	0	0
0	0	0	0	0	0	0	0.00221164801287	0	0.000629984585484	0.000884659205147	0.000348502111119	6.70196367536e-05	0	2.68078547014e-05	0	1.34039273507e-05	1.34039273507e-05	0.000107231418806	0.000174251055559	0.000227866764962	0.000710408149588	0	1.34039273507e-05	0.00075061993164	0	0.000308290329066	0	0.0037799075129	0.00789491320957	0.0019033576838	0	0	0.00908786274378	0.00147443200858	0.00121975738891	0	0	0	0	1.34039273507e-05	1.34039273507e-05	0	2.68078547014e-05	4.02117820521e-05	0	8.04235641043e-05	0	0	0.001796126265	1.34039273507e-05	1.34039273507e-05	0	1.34039273507e-05	1.34039273507e-05	0	0	0	1.34039273507e-05	1.34039273507e-05	0	2.68078547014e-05	0	0	0.00227866764962	0.000656792440185	0	0	0.000160847128209	0.00239930299578	4.02117820521e-05	5.36157094029e-05	0.000924870987199	9.3827491455e-05	0	0	0	0.000160847128209	0	0.00124656524362	4.02117820521e-05	0.000402117820521	0.000268078547014	0
0.00839085852155	0	0.000147443200858	0	0.001796126265	0.000603176730782	8.04235641043e-05	0.00632665370954	0.000991890623953	0.000428925675223	0.00717110113263	0.0128275584746	0.00327055827357	0.0019301655385	0.00572347697875	1.34039273507e-05	9.3827491455e-05	0.00726492862409	0.000549561021379	0.0152402653978	0.00481200991891	0.0108839890088	0	0.00821660746599	0.000388713893171	0.00241270692313	0.0167281013337	8.04235641043e-05	0.0129079820387	0.0134039273507	0.0110984518464	1.34039273507e-05	0.000898063132498	0.00147443200858	0.0585081428859	0.000120635346156	0	0	0	8.04235641043e-05	0	0	0	4.02117820521e-05	0.000147443200858	0	0.00116614167951	0	0.000469137457275	0.000241270692313	0	4.02117820521e-05	0	0	0	0	0	2.68078547014e-05	0	8.04235641043e-05	0.000335098183768	1.34039273507e-05	1.34039273507e-05	0	0.000281482474365	9.3827491455e-05	0	0	9.3827491455e-05	0.000804235641043	0.00257355405134	0.0027746129616	0.0345821325648	0.00419542926077	0.000415521747872	0.000428925675223	0.00140741237182	8.04235641043e-05	0.000777427786341	0.000388713893171	4.02117820521e-05	0.000160847128209	0.000107231418806	0.000603176730782
0.0037799075129	0	0	0	0	0	0	0.000442329602574	0	0.00678238723946	0	0	0	0	0.00348502111119	0.000147443200858	0.000107231418806	0	0	0	0	0	0.000254674619664	0	0.0019033576838	0	0	0	0.00672877153006	0.00623282621808	0.00202399302996	0	0	0.00121975738891	0.000120635346156	0.0381341733128	0	0.000723812076939	0	0	0	0	0.0075330071711	0.0199718517526	0.0018765498291	0	0	0	0	0.0148515515046	0	0	0.000214462837611	0	0	0	0.00513370417532	0.000281482474365	0.0027478051069	0.000482541384626	0	0	0.00186314590175	0.00482541384626	0.0153474968166	0.0235909121373	0	0	0.00108571811541	0.0028818443804	0.000321694256417	2.68078547014e-05	0.00018765498291	6.70196367536e-05	0	0	0	1.34039273507e-05	1.34039273507e-05	0.00018765498291	0	0	0	0
0	0.00919509416259	0.00670196367536	0	0	0	0	0	0	0	0	0	0	0	0	0	0.000174251055559	0	0	0	0	1.34039273507e-05	0.000160847128209	0.000120635346156	4.02117820521e-05	0	0.0106963340259	0.0232558139535	0	0	0	0	0	0	0	0	0.0374639769452	4.02117820521e-05	0	0	0	0	0	0	0	0	0	0	0.00056296494873	0	0	0.000857851350446	0	0	0	0	0	0.00209101266671	0	0.00056296494873	0.00436968031633	0.00670196367536	0.032866429864	0	0	0	0	0	0	0	0	0	0	0	0	0	0	0	0	0	0	0	0	0
0	0	0.000147443200858	0	0	0	0	0	0	2.68078547014e-05	0	0	0	0	0	0	0	0	0	0	0	6.70196367536e-05	2.68078547014e-05	4.02117820521e-05	2.68078547014e-05	0	0	0.000147443200858	6.70196367536e-05	0	6.70196367536e-05	0	0	0	0	0.000723812076939	4.02117820521e-05	0.0344883050734	0	0	0	0	0.000348502111119	0.000723812076939	2.68078547014e-05	0	0	0	0	0	0	0	0.0112592989746	0	0.000643388512834	0	0.00171570270089	2.68078547014e-05	0.0174921251927	0	0	0.0100931572951	0.00520072381208	0.000227866764962	0.000147443200858	0.00152804771798	0	0	0.000227866764962	0.00324375041887	0	0	1.34039273507e-05	5.36157094029e-05	0	0	0	0	0	0.00317673078212	0.000737216004289	0	0	0
0	0	0	0	0	0	0	0	0	0	0	0	0	0	0	0	0	0	0	0	0	0	0	0	0	0	0	0	0	0	0	0	0	0	0	0	0	0	0	0	0	0	0	0	0	0	0	0	0	0	0	0	0	0	0	0	0	0	0	0	0	0	0	0	0	0	0	0	0	0	0	0	0	0	0	0	0	0	0	0	0	0	0	0
2.68078547014e-05	0	0	0	0.0093827491455	1.34039273507e-05	9.3827491455e-05	0.000817639568394	0	0.00678238723946	0.002828228671	2.68078547014e-05	0.00148783593593	0	0	0.000134039273507	0	0	1.34039273507e-05	1.34039273507e-05	0.00143422022653	0	0	0	0.0101869847865	0	1.34039273507e-05	0	0.008484686013	8.04235641043e-05	0	0	0	0	8.04235641043e-05	0	0	0	0	0.0243147242142	0	0.000871255277796	0.00221164801287	0.000348502111119	0.0154949400174	0.00124656524362	0	0.00906105488908	0	0.000281482474365	0.00223845586757	0	0	0	0	0.00863212921386	0	1.34039273507e-05	0	0.018001474432	0	0	0	0.00532135915823	0.00018765498291	0	0	0	0	0	4.02117820521e-05	0	8.04235641043e-05	0	0.000120635346156	0	0	0	0	0	0	0.0018765498291	0	0
0	0	0	0	0	0	0	2.68078547014e-05	0	0.000107231418806	2.68078547014e-05	0	1.34039273507e-05	0	0	1.34039273507e-05	0	0	0	0	2.68078547014e-05	0	0	0	1.34039273507e-05	0	0	0	5.36157094029e-05	1.34039273507e-05	0	0	0	1.34039273507e-05	0	0	0	0	0	0	0.00402117820521	0.00168889484619	0	0.00113933382481	0.000603176730782	0	0	0	0	0	0.00201058910261	0	0	0	0	0	1.34039273507e-05	0	1.34039273507e-05	0.000308290329066	0	0	0	0	0	0	0	0.000871255277796	0	0.000831043495744	2.68078547014e-05	0	0	0	2.68078547014e-05	0	0	0.000442329602574	0	9.3827491455e-05	1.34039273507e-05	0.000107231418806	0.000844447423095	0
4.02117820521e-05	0	0	0	5.36157094029e-05	0	0	0.000241270692313	0	0.00162187520944	0.000214462837611	0	4.02117820521e-05	0	0	4.02117820521e-05	4.02117820521e-05	0	0	0	0.000147443200858	4.02117820521e-05	1.34039273507e-05	4.02117820521e-05	0.00112592989746	0	0	0	0.00124656524362	5.36157094029e-05	0	0	0	1.34039273507e-05	0	0	0	0	0	0.000871255277796	0.00168889484619	0.0523959520139	0.00355204074794	0.0354265799879	0.00140741237182	0.0182963608337	0.00167549091884	0.0145432611755	0	0.00419542926077	0.00580390054286	0	0	0.00127337309832	0.000428925675223	0.00155485557268	0	1.34039273507e-05	0	0.00546880235909	0	0	0	0.0019301655385	0.0010052945513	0	0	0.000857851350446	0	0.00327055827357	0.000616580658133	0.000160847128209	0	0	5.36157094029e-05	0	0	0.00270759332484	0.000134039273507	0.00168889484619	6.70196367536e-05	0.00376650358555	0.00150123986328	2.68078547014e-05
0	0	0	0	0.000120635346156	1.34039273507e-05	1.34039273507e-05	4.02117820521e-05	0	0	0.000107231418806	0	1.34039273507e-05	0	0	0	0	0	0	0	5.36157094029e-05	0	0	0	8.04235641043e-05	0	0	0	0.000134039273507	0	0	0	0	0	0	0.0075330071711	0	0.000348502111119	0	0.00221164801287	0	0.00355204074794	0.0553314121037	0.0137524294618	0.000134039273507	0.00246632263253	0	0.00123316131627	0	0.00587092017961	0	0	0	0	0	5.36157094029e-05	0.00235909121373	0	0.00136720058977	0.0142081629918	0	0	9.3827491455e-05	0.0316198646203	0.000536157094029	0.00730514040614	0	0	0	2.68078547014e-05	0	0	0	0	0	0	0	0	0	2.68078547014e-05	0	0	0	0
0.000589772803431	0	0	0	0.000107231418806	0	1.34039273507e-05	0.00147443200858	0	0.00577709268816	0.000549561021379	0	8.04235641043e-05	0	0.000254674619664	4.02117820521e-05	0	0	0	0	0.000469137457275	0	0	0	0.00272099725219	0	0	0	0.00514710810267	0.000697004222237	4.02117820521e-05	0	0	2.68078547014e-05	4.02117820521e-05	0.0199718517526	0	0.000723812076939	0	0.000348502111119	0.00113933382481	0.0354265799879	0.0137524294618	0.0878761477113	0.00276120903425	0.0156423832183	0.00575028483346	0.0104416594062	0	0.0198244085517	0.00415521747872	0	5.36157094029e-05	0.00264057368809	0.000831043495744	0.00135379666242	0.00505328061122	0	0.0028818443804	0.00820320353864	0	0	0.00229207157697	0.00871255277796	0.00344480932913	0.0170900073722	0	0.00371288787615	0	0.00873936063267	0.000107231418806	0	2.68078547014e-05	4.02117820521e-05	1.34039273507e-05	0	0	0.00230547550432	0.000160847128209	0.0018765498291	5.36157094029e-05	0.00231887943167	0.00215803230346	5.36157094029e-05
0.000294886401716	0	0	0	0.0131894645131	0.000107231418806	0.000428925675223	0.0027478051069	0	0.0194490985859	0.00471818242745	2.68078547014e-05	0.00321694256417	0	5.36157094029e-05	0.000549561021379	0.000978486696602	0	1.34039273507e-05	1.34039273507e-05	0.00335098183768	0	0.0018765498291	0	0.0214462837611	0	1.34039273507e-05	0	0.0196233496414	0.000455733529924	6.70196367536e-05	0	0	4.02117820521e-05	0.000147443200858	0.0018765498291	0	2.68078547014e-05	0	0.0154949400174	0.000603176730782	0.00140741237182	0.000134039273507	0.00276120903425	0.0448629448428	0.000495945311976	2.68078547014e-05	0.0108303732994	0	0.00314992292742	0.0056296494873	0	0	5.36157094029e-05	2.68078547014e-05	0.00774747000871	6.70196367536e-05	0.00596474767107	0	0.0294752362442	0	0	2.68078547014e-05	0.00536157094029	0.00243951477783	0.00191676161115	0	0	0.000804235641043	0.00163527913679	0.000683600294886	0.000254674619664	0.000147443200858	9.3827491455e-05	0.000308290329066	0	0	4.02117820521e-05	0	0.000978486696602	0.000134039273507	0.00360565645734	0.000120635346156	0
0	0	0	0	0.000469137457275	1.34039273507e-05	2.68078547014e-05	0.000616580658133	0	2.68078547014e-05	0.000683600294886	0	0.000120635346156	0	0	0	0	0	0	0	0.00056296494873	0	0	0	0.000227866764962	0	0	0	0.000764023858991	0	0	0	0	0	0	0	0	0	0	0.00124656524362	0	0.0182963608337	0.00246632263253	0.0156423832183	0.000495945311976	0.0339119361973	0.00197037732055	0.0106561222438	0	0.00577709268816	0.000965082769251	0	0	0.00156825950003	0.000603176730782	0.0028014208163	0	0	0	0.00347161718383	0	0	0	0.00242611085048	0.00186314590175	0	0	0	0	0.00239930299578	0.000107231418806	0	0	0	0	0	0	6.70196367536e-05	0	0.00162187520944	0	0.0019301655385	0.000576368876081	1.34039273507e-05
0.000107231418806	0	1.34039273507e-05	0	1.34039273507e-05	0	0	6.70196367536e-05	0	0.000214462837611	6.70196367536e-05	0.00522753166678	1.34039273507e-05	0.00340459754708	0.000107231418806	0	0	0	0	0	4.02117820521e-05	0	0	0	4.02117820521e-05	0.00183633804705	0.00654111654715	0	0.000201058910261	0.000241270692313	5.36157094029e-05	0.000107231418806	0	8.04235641043e-05	0.00116614167951	0	0	0	0	0	0	0.00167549091884	0	0.00575028483346	2.68078547014e-05	0.00197037732055	0.0427451243214	0.00139400844447	0.00659473225655	0.00538837879499	0.000120635346156	5.36157094029e-05	0.000214462837611	0.00951678841901	0.00738556397024	0.000294886401716	4.02117820521e-05	0	0.000134039273507	0.000147443200858	0.0010052945513	0.00211782052141	0	6.70196367536e-05	0.00225185979492	2.68078547014e-05	0.00170229877354	0.00218484015817	0	0.0183499765431	0.00018765498291	0.00115273775216	8.04235641043e-05	1.34039273507e-05	0	0	0.000495945311976	0.00321694256417	0.00806916426513	0.00617921050868	0.00147443200858	0.000268078547014	2.68078547014e-05	0.00213122444876
0	0	0	0	0.00620601836338	8.04235641043e-05	0.00037530996582	0.000361906038469	0	0.00348502111119	0.00116614167951	0	0.00260036190604	0	0	9.3827491455e-05	0	0	0	0	0.00124656524362	0	0	0	0.0065813283292	0	0	0	0.00336438576503	0	0	0	0	0	0	0	0	0	0	0.00906105488908	0	0.0145432611755	0.00123316131627	0.0104416594062	0.0108303732994	0.0106561222438	0.00139400844447	0.041659406206	0	0.00136720058977	0.00316332685477	0	0	0.000951678841901	0.000174251055559	0.0150660143422	0	0	0	0.00856510957711	0	0	0	0.00503987668387	0.00075061993164	0	0	0	0	0.00172910662824	0.000321694256417	0	0	0	2.68078547014e-05	0	0	9.3827491455e-05	0	0.000831043495744	1.34039273507e-05	0.00457073922659	0.000348502111119	2.68078547014e-05
0	0	0	0	0	0	0	0	0	0	0	0.0036726760941	0	0.00364586823939	0	0	0	0	0	0	0	0	0	0	0	0.00215803230346	0.0055492259232	2.68078547014e-05	0	0	0	0.00197037732055	0	0	0.000469137457275	0	0.00056296494873	0	0	0	0	0	0	0	0	0	0.00659473225655	0	0.0140473158635	0	0	1.34039273507e-05	0	0	0	0	0	0.000107231418806	0	9.3827491455e-05	0.00371288787615	0.00120635346156	0.00214462837611	0	0	0	0.0028550365257	0	0	0.000495945311976	0	0.000160847128209	0	0	0	0	0.000214462837611	0	0.00115273775216	0	0	0	0	0.000134039273507
0.00558943770525	0	0	0	0.00018765498291	0	1.34039273507e-05	0.00198378124791	0	0.0113933382481	0.00056296494873	0	0.000107231418806	0	0.00434287246163	0.000201058910261	5.36157094029e-05	0	0	0	0.000509349239327	0	8.04235641043e-05	0	0.00415521747872	0	0	0	0.0105891026071	0.00892701561558	0.00205080088466	0	0	0.001796126265	0.000241270692313	0.0148515515046	0	0	0	0.000281482474365	0	0.00419542926077	0.00587092017961	0.0198244085517	0.00314992292742	0.00577709268816	0.00538837879499	0.00136720058977	0	0.0510689632062	0.000536157094029	0	0.000134039273507	0.00266738154279	0.00148783593593	0.000174251055559	0.00105891026071	0.000107231418806	0.000147443200858	0.00434287246163	0	0	0.000120635346156	0.0019301655385	0.017773607667	0.00729173647879	0	0.0018497419744	0.000147443200858	0.00760002680785	0.000455733529924	2.68078547014e-05	0.000268078547014	0.000160847128209	0	0	0	2.68078547014e-05	1.34039273507e-05	0.000710408149588	0	2.68078547014e-05	0	0
0	0	0	0	0.000455733529924	8.04235641043e-05	0.000214462837611	5.36157094029e-05	0	0.00213122444876	0.000335098183768	0	0.001796126265	0	0	0.000201058910261	4.02117820521e-05	0	0	0	0.000737216004289	4.02117820521e-05	4.02117820521e-05	4.02117820521e-05	0.000281482474365	0	0	0	0.000442329602574	1.34039273507e-05	0	0	0	1.34039273507e-05	0	0	0	0	0	0.00223845586757	0.00201058910261	0.00580390054286	0	0.00415521747872	0.0056296494873	0.000965082769251	0.000120635346156	0.00316332685477	0	0.000536157094029	0.0133100998593	0	0	4.02117820521e-05	2.68078547014e-05	0.00115273775216	0	0.000107231418806	0	0.00256015012399	0	0	1.34039273507e-05	0	8.04235641043e-05	0	0	1.34039273507e-05	0	0.000509349239327	0.000683600294886	0.000160847128209	0	0	0.000174251055559	0	0	0.00221164801287	0.000134039273507	0.000455733529924	5.36157094029e-05	0.00585751625226	0.000589772803431	1.34039273507e-05
