0.0137561224727	2.78557998097e-05	0.000840316627591	0	0.000315699064509	9.28526660322e-06	0.000213561131874	0.00305021007916	0.00446621323615	0.000125351099143	0.000236774298382	0.00014392163235	0.000181062698763	3.71410664129e-05	0.0060725643585	1.39278999048e-05	1.85705332064e-05	0.000492119129971	4.64263330161e-06	7.42821328257e-05	0.000190347965366	0.000756749228162	4.64263330161e-05	0.00187098122055	0.00108637619258	0	0.000338912231017	0.000148564265651	0.00196847651988	0.00941526033566	0.00700573365213	4.64263330161e-06	5.57115996193e-05	0.00265094361522	0.00149957055642	9.28526660322e-06	3.24984331113e-05	1.39278999048e-05	0	0	0	9.28526660322e-06	4.64263330161e-05	4.64263330161e-06	0.000120708465842	9.28526660322e-06	0	1.85705332064e-05	4.64263330161e-06	1.39278999048e-05	4.64263330161e-06	0	4.64263330161e-06	0	0	0	9.28526660322e-06	3.24984331113e-05	2.3213166508e-05	8.3567399429e-05	0	1.39278999048e-05	2.78557998097e-05	0.000120708465842	9.28526660322e-06	4.64263330161e-06	0	0	0	0	0.000264630098192	4.17836997145e-05	0.000710322895146	0.000264630098192	9.74952993338e-05	5.10689663177e-05	0	1.85705332064e-05	4.64263330161e-06	9.28526660322e-06	4.64263330161e-06	0	0	0
2.78557998097e-05	0.0227071194782	0.00391838250656	0	9.28526660322e-06	1.39278999048e-05	4.64263330161e-06	3.71410664129e-05	5.57115996193e-05	0.00185705332064	9.28526660322e-06	0.000181062698763	4.64263330161e-06	0.000441050163653	5.57115996193e-05	4.17836997145e-05	0.000510689663177	0.000840316627591	1.39278999048e-05	0.000320341697811	0	0.000181062698763	0.00488869286659	0.00103066459296	0.00154599688944	0.00383945774043	0.00793890294575	0.0155713920936	0.000269272731493	0.000167134798858	0.000167134798858	5.10689663177e-05	0	7.89247661273e-05	0.000756749228162	0	0.00777641078019	0.00127208152464	0	0	0	4.64263330161e-06	1.39278999048e-05	4.64263330161e-06	4.64263330161e-05	0	0.000111423199239	4.64263330161e-06	0.000111423199239	9.28526660322e-06	0	0.000120708465842	0.000320341697811	0.000102137932635	0.000348197497621	4.64263330161e-06	2.3213166508e-05	0.000608184962511	0.000227489031779	4.17836997145e-05	0.000264630098192	0.00304092481255	0.00464263330161	5.57115996193e-05	1.39278999048e-05	9.28526660322e-06	9.28526660322e-06	0	0	0.000208918498572	0.000817103461083	0.000441050163653	0.000612827595812	0.000250702198287	9.28526660322e-05	1.39278999048e-05	3.24984331113e-05	0.000255344831588	0.000306413797906	0.00023213166508	3.71410664129e-05	0	4.64263330161e-06	1.39278999048e-05
0.000840316627591	0.00391838250656	0.0584043269342	0	6.03542329209e-05	2.78557998097e-05	0.000106780565937	0.00141600315699	0.0011513730588	0.000352840130922	6.96394995241e-05	0.000246059564985	5.10689663177e-05	7.42821328257e-05	0.00103530722626	1.39278999048e-05	0.000719608161749	0.00538545462987	1.85705332064e-05	0.000427122263748	4.17836997145e-05	0.00417836997145	0.00204275865271	0.0274704612456	0.000793890294575	0.000190347965366	0.0104227117621	0.0167691914854	0.00291557371341	0.00195454861998	0.00373731980779	2.3213166508e-05	4.17836997145e-05	0.000705680261845	0.00513475243158	5.57115996193e-05	0.00794354557905	0.00407158940551	0	4.64263330161e-06	0	1.85705332064e-05	0.000148564265651	5.10689663177e-05	0.000371410664129	4.64263330161e-06	6.03542329209e-05	1.85705332064e-05	9.28526660322e-06	0.000111423199239	9.28526660322e-06	0.00218668028506	0.00102602195966	3.71410664129e-05	0.000329626964414	4.64263330161e-06	0.000366768030827	0.00673646092063	0.00365375240837	0.000255344831588	3.24984331113e-05	0.00123494045823	0.00764641704775	0.000506047029875	6.03542329209e-05	0.000102137932635	0	0	4.64263330161e-06	0.000459620696859	0.00743749854918	0.00224703451798	0.00695466468581	0.003755890341	0.000329626964414	0.000148564265651	4.17836997145e-05	0.000970310360036	0.000747463961559	0.000473548596764	0.000157849532255	2.78557998097e-05	2.78557998097e-05	0
0	0	0	0	0	0	0	0	0	0	0	0	0	0	0	0	0	0	0	0	0	0	0	0	0	0	0	0	0	0	0	0	0	0	0	0	0	0	0	0	0	0	0	0	0	0	0	0	0	0	0	0	0	0	0	0	0	0	0	0	0	0	0	0	0	0	0	0	0	0	0	0	0	0	0	0	0	0	0	0	0	0	0	0
0.000315699064509	9.28526660322e-06	6.03542329209e-05	0	0.0216903827851	1.85705332064e-05	0.00194526335337	0.00112815989229	0.00242809721674	0.000784605027972	0.00276700944776	0.000241416931684	0.00395088093967	3.24984331113e-05	0.00162956428886	0.000111423199239	1.39278999048e-05	3.71410664129e-05	1.85705332064e-05	5.57115996193e-05	0.0100791568978	8.3567399429e-05	2.3213166508e-05	0.000157849532255	0.0128508089789	2.3213166508e-05	0.000134636365747	4.17836997145e-05	0.0077949813134	0.00363518187516	0.000292485898001	1.85705332064e-05	9.28526660322e-05	0.00152278372293	0.00237238561712	3.71410664129e-05	1.39278999048e-05	9.28526660322e-06	0	0.000584971796003	9.28526660322e-06	6.03542329209e-05	0.000380695930732	5.10689663177e-05	0.00171313168829	0.000297128531303	0	0.000236774298382	9.28526660322e-06	0.000148564265651	9.28526660322e-06	4.64263330161e-06	4.64263330161e-06	4.64263330161e-06	0	6.03542329209e-05	9.28526660322e-06	1.85705332064e-05	4.64263330161e-06	0.00191276492026	0	4.64263330161e-06	1.39278999048e-05	0.00100280879315	4.17836997145e-05	9.28526660322e-06	0	0	0	1.39278999048e-05	0.000389981197335	0.00011606583254	0.00129065205785	0.000255344831588	0.000352840130922	4.17836997145e-05	9.28526660322e-06	2.78557998097e-05	9.28526660322e-06	1.85705332064e-05	4.64263330161e-06	1.39278999048e-05	0	0
9.28526660322e-06	1.39278999048e-05	2.78557998097e-05	0	1.85705332064e-05	0.00315234801179	0.000320341697811	2.3213166508e-05	0.000858887160798	7.89247661273e-05	1.85705332064e-05	6.49968662225e-05	2.78557998097e-05	3.24984331113e-05	0.000241416931684	0.000580329162701	9.28526660322e-06	4.64263330161e-06	0	9.28526660322e-06	2.3213166508e-05	9.28526660322e-05	9.28526660322e-06	0.000194990598668	9.74952993338e-05	9.28526660322e-06	1.85705332064e-05	2.78557998097e-05	0.000102137932635	0.000190347965366	4.64263330161e-05	0	0.00111887462569	9.28526660322e-05	0.00063604076232	0	0	4.64263330161e-06	0	0	0	0	0	0	4.64263330161e-06	0	0	0	0	0	0	0	0	0	0	0	4.64263330161e-06	9.28526660322e-06	9.28526660322e-06	4.64263330161e-06	0	0	4.64263330161e-06	9.28526660322e-06	0	0	0	0	0	4.64263330161e-06	0.000190347965366	1.39278999048e-05	0.000538545462987	0.000371410664129	0.00142528842359	0.00040390909724	4.64263330161e-06	1.39278999048e-05	4.64263330161e-06	4.64263330161e-06	1.85705332064e-05	0	0	0
0.000213561131874	4.64263330161e-06	0.000106780565937	0	0.00194526335337	0.000320341697811	0.0377213955756	0.00243273985004	0.0142064579029	0.000176420065461	0.0162724297221	0.000803175561178	0.0148100002321	0.000176420065461	0.00666217878781	0.000213561131874	1.39278999048e-05	7.42821328257e-05	6.49968662225e-05	0.000125351099143	0.00435014740361	0.000102137932635	9.28526660322e-06	0.000181062698763	0.00151349845632	6.03542329209e-05	0.000450335430256	0.000106780565937	0.00219132291836	0.00417836997145	0.000255344831588	9.28526660322e-05	0.00157385268925	0.000454978063558	0.00415051417164	4.64263330161e-06	4.64263330161e-06	0	0	3.24984331113e-05	0	9.28526660322e-06	3.71410664129e-05	9.28526660322e-06	0.000102137932635	9.28526660322e-06	2.3213166508e-05	0.00120708465842	1.39278999048e-05	4.64263330161e-06	0	4.64263330161e-06	0	0	0	0	4.64263330161e-06	9.28526660322e-06	0	0.00011606583254	9.28526660322e-06	9.28526660322e-06	4.64263330161e-06	5.57115996193e-05	1.39278999048e-05	4.64263330161e-06	0	0	0	2.3213166508e-05	0.000687109728638	0.000167134798858	0.00192205018687	0.000320341697811	0.000241416931684	0.000264630098192	5.57115996193e-05	4.64263330161e-06	9.28526660322e-06	2.78557998097e-05	9.28526660322e-06	4.64263330161e-06	9.28526660322e-06	9.28526660322e-06
0.00305021007916	3.71410664129e-05	0.00141600315699	0	0.00112815989229	2.3213166508e-05	0.00243273985004	0.0366396620163	0.00886742960607	0.000710322895146	0.00422015367116	0.000445692796954	0.000487476496669	8.3567399429e-05	0.00570115369438	6.49968662225e-05	3.24984331113e-05	0.000273915364795	3.24984331113e-05	9.74952993338e-05	0.000394623830637	0.00216810975185	6.03542329209e-05	0.00338912231017	0.00223774925138	3.71410664129e-05	0.000464263330161	0.000162492165556	0.0152742635623	0.00649968662225	0.00903920703823	5.10689663177e-05	0.000153206898953	0.00250237934957	0.00335198124376	8.82100327306e-05	5.10689663177e-05	3.71410664129e-05	0	2.78557998097e-05	0	6.49968662225e-05	0.000427122263748	6.03542329209e-05	0.000984238259941	9.28526660322e-05	2.78557998097e-05	4.64263330161e-05	4.64263330161e-06	0.000157849532255	9.28526660322e-06	4.17836997145e-05	1.39278999048e-05	4.64263330161e-06	9.28526660322e-06	9.28526660322e-06	9.28526660322e-06	8.3567399429e-05	5.10689663177e-05	0.000849601894194	4.64263330161e-06	4.64263330161e-05	6.03542329209e-05	0.000747463961559	0.000125351099143	3.24984331113e-05	0	0	0	6.96394995241e-05	0.000668539195432	0.000134636365747	0.00169920378839	0.000380695930732	0.000129993732445	6.03542329209e-05	9.28526660322e-06	0.000162492165556	6.96394995241e-05	0.00011606583254	2.78557998097e-05	5.10689663177e-05	1.39278999048e-05	4.64263330161e-06
0.00446621323615	5.57115996193e-05	0.0011513730588	0	0.00242809721674	0.000858887160798	0.0142064579029	0.00886742960607	0.0461059913183	0.000315699064509	0.00689431045289	0.00149492792312	0.00538081199656	0.00037605329743	0.0234777966062	0.000125351099143	4.17836997145e-05	0.000561758629495	6.96394995241e-05	0.000273915364795	0.00297592794633	0.00117458622531	6.96394995241e-05	0.002585946749	0.00330555491075	0.000125351099143	0.00095173982683	0.000292485898001	0.00597971169247	0.011267671023	0.00527867406393	0.000139278999048	0.00358875554214	0.00162956428886	0.00753035121521	1.39278999048e-05	5.10689663177e-05	2.3213166508e-05	0	3.24984331113e-05	0	1.85705332064e-05	0.000106780565937	2.3213166508e-05	0.000343554864319	3.71410664129e-05	4.17836997145e-05	0.000529260196383	4.17836997145e-05	4.64263330161e-05	0	4.64263330161e-06	9.28526660322e-06	9.28526660322e-06	9.28526660322e-06	4.64263330161e-06	0	1.85705332064e-05	3.24984331113e-05	0.000320341697811	2.3213166508e-05	6.49968662225e-05	4.17836997145e-05	0.00025998746489	3.71410664129e-05	1.39278999048e-05	9.28526660322e-06	4.64263330161e-06	4.64263330161e-06	5.10689663177e-05	0.00168063325518	0.000324984331113	0.00377446087421	0.000761391861464	0.000297128531303	0.000831031360988	0.000129993732445	5.57115996193e-05	6.49968662225e-05	4.64263330161e-05	9.28526660322e-06	4.64263330161e-06	4.64263330161e-06	2.3213166508e-05
0.000125351099143	0.00185705332064	0.000352840130922	0	0.000784605027972	7.89247661273e-05	0.000176420065461	0.000710322895146	0.000315699064509	0.0232317370412	0.000148564265651	6.96394995241e-05	0.00132315049096	2.78557998097e-05	0.000389981197335	0.0011606583254	0.000510689663177	0.000102137932635	9.28526660322e-06	3.71410664129e-05	0.000566401262796	0.000380695930732	0.00458692170199	0.00080781819448	0.010928758792	0.000487476496669	0.000357482764224	0.00193597808677	0.00529260196383	0.00208454235242	0.00149492792312	0	2.78557998097e-05	0.00167134798858	0.00196847651988	0.000399266463938	3.71410664129e-05	8.3567399429e-05	0	4.64263330161e-05	4.64263330161e-06	0.000111423199239	0.00100745142645	0.000167134798858	0.00653682768867	0.000181062698763	3.24984331113e-05	0.000106780565937	4.64263330161e-06	0.000478191230066	1.85705332064e-05	0.000218203765176	2.3213166508e-05	1.85705332064e-05	9.28526660322e-06	2.78557998097e-05	0.000157849532255	0.000654611295527	9.74952993338e-05	0.00309663641217	4.64263330161e-06	1.39278999048e-05	8.3567399429e-05	0.00357947027554	0.000371410664129	0.000283200631398	0	4.64263330161e-06	2.78557998097e-05	0.000162492165556	0.00129065205785	6.49968662225e-05	0.000840316627591	0.000227489031779	0.00270665521484	3.24984331113e-05	4.64263330161e-06	0.000566401262796	0.000153206898953	0.000366768030827	8.3567399429e-05	0.000129993732445	5.10689663177e-05	0
0.000236774298382	9.28526660322e-06	6.96394995241e-05	0	0.00276700944776	1.85705332064e-05	0.0162724297221	0.00422015367116	0.00689431045289	0.000148564265651	0.0347501102625	0.000589614429304	0.0134125676083	0.00011606583254	0.00387659880684	7.42821328257e-05	1.39278999048e-05	6.49968662225e-05	3.71410664129e-05	0.000125351099143	0.0080735393115	5.10689663177e-05	1.39278999048e-05	0.000120708465842	0.00236774298382	3.24984331113e-05	0.000413194363843	6.96394995241e-05	0.00268344204833	0.00446621323615	0.000204275865271	6.49968662225e-05	0.000222846398477	0.000849601894194	0.00356554237564	4.64263330161e-06	4.64263330161e-06	0	0	0.000649968662225	0	4.64263330161e-06	5.10689663177e-05	9.28526660322e-06	0.000264630098192	5.57115996193e-05	4.64263330161e-06	0.000909956127115	9.28526660322e-06	2.78557998097e-05	0	0	0	0	0	1.39278999048e-05	0	0	0	0.000301771164605	9.28526660322e-06	1.39278999048e-05	4.64263330161e-06	0.000176420065461	9.28526660322e-06	0	0	0	4.64263330161e-06	2.3213166508e-05	0.000408551730542	0.00014392163235	0.00171313168829	0.000278557998097	9.74952993338e-05	7.89247661273e-05	9.28526660322e-06	9.28526660322e-06	1.85705332064e-05	1.39278999048e-05	4.64263330161e-06	9.28526660322e-06	4.64263330161e-06	9.28526660322e-06
0.00014392163235	0.000181062698763	0.000246059564985	0	0.000241416931684	6.49968662225e-05	0.000803175561178	0.000445692796954	0.00149492792312	6.96394995241e-05	0.000589614429304	0.0300053390283	0.000872815060702	0.00734464588314	0.00234452981731	1.39278999048e-05	2.78557998097e-05	0.00120244202512	0.0028877179136	0.00391838250656	0.000543188096288	9.74952993338e-05	4.64263330161e-05	0.000394623830637	0.000366768030827	0.00332876807725	0.0114301631886	0.00148100002321	0.000575686529399	0.00536224146336	0.000283200631398	0.00333805334386	0.000631398129019	0.000343554864319	0.0115508716544	1.39278999048e-05	9.28526660322e-05	1.85705332064e-05	0	9.28526660322e-06	4.64263330161e-06	3.71410664129e-05	6.49968662225e-05	2.3213166508e-05	7.89247661273e-05	1.39278999048e-05	0.00140207525709	0.00011606583254	0.00105387775947	4.17836997145e-05	4.64263330161e-06	0	0	0.00023213166508	0.000106780565937	4.64263330161e-06	4.64263330161e-06	9.28526660322e-06	1.39278999048e-05	8.82100327306e-05	0.00110030409248	0.000728893428353	0.00025998746489	6.49968662225e-05	6.49968662225e-05	1.39278999048e-05	0.000106780565937	4.64263330161e-06	0	0.000264630098192	0.00113280252559	0.00348661760951	0.00533438566355	0.000844959260893	6.03542329209e-05	1.39278999048e-05	0.000858887160798	6.03542329209e-05	0.00118387149191	0.000297128531303	2.78557998097e-05	4.64263330161e-06	3.24984331113e-05	0.000348197497621
0.000181062698763	4.64263330161e-06	5.10689663177e-05	0	0.00395088093967	2.78557998097e-05	0.0148100002321	0.000487476496669	0.00538081199656	0.00132315049096	0.0134125676083	0.000872815060702	0.0369228626477	0.000129993732445	0.00468905963462	0.000979595626639	2.3213166508e-05	8.3567399429e-05	8.3567399429e-05	0.000199633231969	0.0137746930059	2.78557998097e-05	1.39278999048e-05	0.000102137932635	0.00233988718401	5.10689663177e-05	0.000584971796003	0.000106780565937	0.00095173982683	0.00571508159428	0.000157849532255	8.3567399429e-05	0.000320341697811	0.000673181828733	0.00481441073377	0	9.28526660322e-06	0	0	0.000766034494765	0	4.64263330161e-06	6.03542329209e-05	9.28526660322e-06	0.0002878432647	3.24984331113e-05	1.39278999048e-05	0.00437336057012	2.3213166508e-05	1.39278999048e-05	0	0	0	0	4.64263330161e-06	9.28526660322e-06	4.64263330161e-06	0	4.64263330161e-06	0.000301771164605	1.85705332064e-05	1.85705332064e-05	9.28526660322e-06	0.000167134798858	4.64263330161e-06	0	0	0	0	1.85705332064e-05	0.000608184962511	0.000153206898953	0.00208454235242	0.000269272731493	0.000789247661273	0.000102137932635	1.85705332064e-05	4.64263330161e-06	1.85705332064e-05	9.28526660322e-06	4.64263330161e-06	9.28526660322e-06	4.64263330161e-06	4.64263330161e-06
3.71410664129e-05	0.000441050163653	7.42821328257e-05	0	3.24984331113e-05	3.24984331113e-05	0.000176420065461	8.3567399429e-05	0.00037605329743	2.78557998097e-05	0.00011606583254	0.00734464588314	0.000129993732445	0.0206736460921	0.000580329162701	9.28526660322e-06	2.78557998097e-05	9.28526660322e-05	0.000213561131874	0.000204275865271	8.3567399429e-05	3.24984331113e-05	0.000106780565937	7.42821328257e-05	7.42821328257e-05	0.00637897815641	0.00428515053738	0.00575686529399	9.28526660322e-05	0.00107244829267	4.17836997145e-05	0.00424336683767	0.000246059564985	6.03542329209e-05	0.00220060818496	9.28526660322e-06	0.000218203765176	3.24984331113e-05	0	0	0	9.28526660322e-05	2.3213166508e-05	3.71410664129e-05	2.78557998097e-05	3.71410664129e-05	0.00213561131874	2.3213166508e-05	0.00213096868544	4.64263330161e-05	1.39278999048e-05	4.64263330161e-06	3.24984331113e-05	0.000524617563082	0.000227489031779	1.39278999048e-05	2.3213166508e-05	1.39278999048e-05	3.24984331113e-05	2.3213166508e-05	0.00213561131874	0.00189419438706	0.000677824462035	3.24984331113e-05	5.10689663177e-05	1.39278999048e-05	0.000250702198287	4.64263330161e-06	0	0.000747463961559	0.000157849532255	0.00150885582302	0.00137886209058	0.000473548596764	1.85705332064e-05	3.71410664129e-05	0.000821746094385	6.03542329209e-05	0.00152742635623	0.000543188096288	0.000241416931684	5.57115996193e-05	0.000194990598668	0.000338912231017
0.0060725643585	5.57115996193e-05	0.00103530722626	0	0.00162956428886	0.000241416931684	0.00666217878781	0.00570115369438	0.0234777966062	0.000389981197335	0.00387659880684	0.00234452981731	0.00468905963462	0.000580329162701	0.0403769818241	0.000106780565937	4.64263330161e-05	0.000612827595812	8.82100327306e-05	0.000366768030827	0.00278557998097	0.000919241393719	7.89247661273e-05	0.00214489658534	0.00305021007916	0.000222846398477	0.00120244202512	0.000338912231017	0.00436871793681	0.0195594140997	0.00597971169247	0.000199633231969	0.00274843891455	0.00275308154785	0.00987488103252	2.3213166508e-05	3.24984331113e-05	1.39278999048e-05	0	1.85705332064e-05	0	1.39278999048e-05	0.000167134798858	3.24984331113e-05	0.000389981197335	5.57115996193e-05	8.3567399429e-05	0.000482833863367	5.57115996193e-05	5.10689663177e-05	0	4.64263330161e-06	4.64263330161e-06	2.3213166508e-05	4.64263330161e-06	9.28526660322e-06	0	1.85705332064e-05	2.3213166508e-05	0.000343554864319	6.49968662225e-05	5.10689663177e-05	3.71410664129e-05	0.000343554864319	4.17836997145e-05	9.28526660322e-06	4.64263330161e-06	4.64263330161e-06	4.64263330161e-06	6.49968662225e-05	0.00177348592121	0.000413194363843	0.0040298057058	0.000645326028924	0.000269272731493	0.00037605329743	0.00011606583254	6.49968662225e-05	7.89247661273e-05	6.49968662225e-05	1.85705332064e-05	4.64263330161e-06	1.39278999048e-05	3.24984331113e-05
1.39278999048e-05	4.17836997145e-05	1.39278999048e-05	0	0.000111423199239	0.000580329162701	0.000213561131874	6.49968662225e-05	0.000125351099143	0.0011606583254	7.42821328257e-05	1.39278999048e-05	0.000979595626639	9.28526660322e-06	0.000106780565937	0.00474477123424	2.78557998097e-05	9.28526660322e-06	0	4.64263330161e-06	0.000153206898953	8.3567399429e-05	6.96394995241e-05	0.000102137932635	0.000710322895146	1.39278999048e-05	1.85705332064e-05	4.17836997145e-05	0.000278557998097	0.000301771164605	0.000111423199239	4.64263330161e-06	6.49968662225e-05	0.000236774298382	0.000524617563082	0	0	0	0	4.64263330161e-06	0	0	1.85705332064e-05	0	7.89247661273e-05	1.85705332064e-05	4.64263330161e-06	2.3213166508e-05	0	9.28526660322e-06	4.64263330161e-06	0	0	0	0	0	0	0	1.39278999048e-05	4.64263330161e-05	4.64263330161e-06	4.64263330161e-06	0	3.71410664129e-05	4.64263330161e-06	0	0	0	0	4.64263330161e-06	0.000496761763272	2.78557998097e-05	0.000575686529399	0.000394623830637	0.00332876807725	1.85705332064e-05	0	9.28526660322e-06	4.64263330161e-06	4.64263330161e-06	4.64263330161e-06	0	0	4.64263330161e-06
1.85705332064e-05	0.000510689663177	0.000719608161749	0	1.39278999048e-05	9.28526660322e-06	1.39278999048e-05	3.24984331113e-05	4.17836997145e-05	0.000510689663177	1.39278999048e-05	2.78557998097e-05	2.3213166508e-05	2.78557998097e-05	4.64263330161e-05	2.78557998097e-05	0.0151906961629	0.000102137932635	4.64263330161e-06	4.17836997145e-05	1.85705332064e-05	0.00221917871817	0.00612363332482	0.00826852991017	0.00296200004643	0.00011606583254	0.000167134798858	0.00389052670675	0.00148100002321	0.000283200631398	0.000473548596764	9.28526660322e-06	1.39278999048e-05	0.000320341697811	0.00110958935908	2.78557998097e-05	3.71410664129e-05	2.3213166508e-05	0	0	0	4.64263330161e-06	6.96394995241e-05	1.39278999048e-05	0.000320341697811	4.64263330161e-06	4.64263330161e-06	0	0	4.17836997145e-05	0	0.000793890294575	1.39278999048e-05	0	0	0	0.000301771164605	0.0017177743216	0.000524617563082	0.000167134798858	0	9.28526660322e-06	0.000106780565937	0.000529260196383	9.28526660322e-06	0.000125351099143	0	0	0	1.85705332064e-05	0.00177812855452	0.000227489031779	0.00105387775947	0.000608184962511	0.00017177743216	4.17836997145e-05	4.64263330161e-06	7.89247661273e-05	3.71410664129e-05	2.78557998097e-05	1.39278999048e-05	9.28526660322e-06	9.28526660322e-06	0
0.000492119129971	0.000840316627591	0.00538545462987	0	3.71410664129e-05	4.64263330161e-06	7.42821328257e-05	0.000273915364795	0.000561758629495	0.000102137932635	6.49968662225e-05	0.00120244202512	8.3567399429e-05	9.28526660322e-05	0.000612827595812	9.28526660322e-06	0.000102137932635	0.0264212261195	0.000167134798858	0.00651825715546	5.10689663177e-05	0.00157849532255	0.000176420065461	0.00683859885327	0.00025998746489	0.000273915364795	0.0122147682165	0.00278557998097	0.000673181828733	0.00152278372293	0.00215882448525	5.57115996193e-05	3.24984331113e-05	0.00037605329743	0.00812460827782	4.64263330161e-06	0.00103530722626	0.0002878432647	0	0	0	4.64263330161e-06	2.3213166508e-05	0	6.49968662225e-05	4.64263330161e-06	5.10689663177e-05	4.64263330161e-06	1.85705332064e-05	4.64263330161e-06	4.64263330161e-06	6.49968662225e-05	0.000153206898953	2.78557998097e-05	0.000106780565937	0	2.78557998097e-05	0.000134636365747	0.000120708465842	5.10689663177e-05	5.57115996193e-05	0.00069175236194	0.000766034494765	7.89247661273e-05	4.64263330161e-06	9.28526660322e-06	0	0	0	6.96394995241e-05	0.00263701571531	0.00142528842359	0.00428515053738	0.00185241068734	6.49968662225e-05	3.71410664129e-05	1.39278999048e-05	8.3567399429e-05	0.000129993732445	0.000102137932635	2.78557998097e-05	4.64263330161e-06	4.64263330161e-06	1.39278999048e-05
4.64263330161e-06	1.39278999048e-05	1.85705332064e-05	0	1.85705332064e-05	0	6.49968662225e-05	3.24984331113e-05	6.96394995241e-05	9.28526660322e-06	3.71410664129e-05	0.0028877179136	8.3567399429e-05	0.000213561131874	8.82100327306e-05	0	4.64263330161e-06	0.000167134798858	0.00444300006964	0.00159242322245	5.57115996193e-05	0	0	4.17836997145e-05	3.71410664129e-05	0.000148564265651	0.00206597181922	0.00014392163235	3.71410664129e-05	0.000292485898001	9.28526660322e-06	7.42821328257e-05	1.85705332064e-05	5.10689663177e-05	0.000756749228162	0	1.39278999048e-05	0	0	0	0	4.64263330161e-06	9.28526660322e-06	0	0	4.64263330161e-06	0.00011606583254	9.28526660322e-06	8.3567399429e-05	4.64263330161e-06	4.64263330161e-06	0	4.64263330161e-06	3.24984331113e-05	1.85705332064e-05	0	0	0	0	0	0.000106780565937	0.000139278999048	4.64263330161e-05	0	0	0	1.39278999048e-05	0	0	9.28526660322e-06	0.000102137932635	0.000338912231017	0.000464263330161	7.89247661273e-05	4.64263330161e-06	4.64263330161e-06	3.24984331113e-05	9.28526660322e-06	7.42821328257e-05	2.78557998097e-05	4.64263330161e-06	0	9.28526660322e-06	1.85705332064e-05
7.42821328257e-05	0.000320341697811	0.000427122263748	0	5.57115996193e-05	9.28526660322e-06	0.000125351099143	9.74952993338e-05	0.000273915364795	3.71410664129e-05	0.000125351099143	0.00391838250656	0.000199633231969	0.000204275865271	0.000366768030827	4.64263330161e-06	4.17836997145e-05	0.00651825715546	0.00159242322245	0.0151906961629	0.000120708465842	0.000153206898953	6.96394995241e-05	0.000705680261845	0.00014392163235	0.00037605329743	0.00937811926925	0.00119779939182	0.000199633231969	0.00105387775947	0.000241416931684	6.03542329209e-05	3.71410664129e-05	0.000134636365747	0.00685716938648	0	0.000315699064509	2.78557998097e-05	0	0	0	9.28526660322e-06	1.39278999048e-05	9.28526660322e-06	4.64263330161e-06	4.64263330161e-06	0.00011606583254	2.78557998097e-05	4.64263330161e-05	1.39278999048e-05	0	9.28526660322e-06	9.28526660322e-06	6.03542329209e-05	9.28526660322e-05	0	4.64263330161e-06	1.85705332064e-05	1.85705332064e-05	1.39278999048e-05	0.000139278999048	0.000427122263748	0.000297128531303	9.28526660322e-06	0	0	0	0	0	3.24984331113e-05	0.00148100002321	0.0014299310569	0.0034773323429	0.00107709092597	2.78557998097e-05	3.71410664129e-05	2.3213166508e-05	4.64263330161e-05	9.28526660322e-05	4.64263330161e-05	9.28526660322e-06	0	4.64263330161e-06	1.85705332064e-05
0.000190347965366	0	4.17836997145e-05	0	0.0100791568978	2.3213166508e-05	0.00435014740361	0.000394623830637	0.00297592794633	0.000566401262796	0.0080735393115	0.000543188096288	0.0137746930059	8.3567399429e-05	0.00278557998097	0.000153206898953	1.85705332064e-05	5.10689663177e-05	5.57115996193e-05	0.000120708465842	0.0241277652685	5.10689663177e-05	4.64263330161e-06	0.000102137932635	0.00567329789457	2.3213166508e-05	0.000385338564034	7.42821328257e-05	0.00168527588848	0.00416908470484	0.000125351099143	5.57115996193e-05	0.000157849532255	0.000742821328257	0.00328698437754	1.39278999048e-05	1.39278999048e-05	0	0	0.00108173355927	4.64263330161e-06	1.85705332064e-05	0.000134636365747	1.85705332064e-05	0.000645326028924	0.000120708465842	4.64263330161e-06	0.0017270595882	1.39278999048e-05	5.10689663177e-05	4.64263330161e-06	0	0	4.64263330161e-06	4.64263330161e-06	1.85705332064e-05	0	9.28526660322e-06	0	0.000719608161749	9.28526660322e-06	9.28526660322e-06	1.39278999048e-05	0.000357482764224	1.39278999048e-05	0	0	0	0	9.28526660322e-06	0.000496761763272	8.82100327306e-05	0.00153206898953	0.00023213166508	0.000269272731493	4.17836997145e-05	1.39278999048e-05	1.39278999048e-05	1.39278999048e-05	9.28526660322e-06	0	4.64263330161e-06	4.64263330161e-06	4.64263330161e-06
0.000756749228162	0.000181062698763	0.00417836997145	0	8.3567399429e-05	9.28526660322e-05	0.000102137932635	0.00216810975185	0.00117458622531	0.000380695930732	5.10689663177e-05	9.74952993338e-05	2.78557998097e-05	3.24984331113e-05	0.000919241393719	8.3567399429e-05	0.00221917871817	0.00157849532255	0	0.000153206898953	5.10689663177e-05	0.0404419786903	0.00221917871817	0.0263794424197	0.00135100629077	2.78557998097e-05	0.000998166159846	0.000868172427401	0.00730286218343	0.00227024768449	0.0120894171174	9.28526660322e-06	3.71410664129e-05	0.00134636365747	0.00773926971378	6.96394995241e-05	0.000167134798858	0.000176420065461	0	0	0	1.39278999048e-05	0.000153206898953	3.24984331113e-05	0.00111887462569	1.85705332064e-05	1.85705332064e-05	4.64263330161e-06	0	0.000111423199239	4.64263330161e-06	0.000487476496669	2.78557998097e-05	9.28526660322e-06	1.39278999048e-05	0	0.000622112862416	0.00190812228696	0.00025998746489	0.000575686529399	4.64263330161e-06	7.89247661273e-05	0.000181062698763	0.00131386522436	6.96394995241e-05	0.000255344831588	0	0	4.64263330161e-06	3.71410664129e-05	0.0031662759117	0.000482833863367	0.00566865526126	0.00279022261427	0.000947097193528	0.000343554864319	1.85705332064e-05	0.000190347965366	0.000106780565937	8.3567399429e-05	1.85705332064e-05	9.28526660322e-06	9.28526660322e-06	0
4.64263330161e-05	0.00488869286659	0.00204275865271	0	2.3213166508e-05	9.28526660322e-06	9.28526660322e-06	6.03542329209e-05	6.96394995241e-05	0.00458692170199	1.39278999048e-05	4.64263330161e-05	1.39278999048e-05	0.000106780565937	7.89247661273e-05	6.96394995241e-05	0.00612363332482	0.000176420065461	0	6.96394995241e-05	4.64263330161e-06	0.00221917871817	0.0271547621811	0.00870029480721	0.00642540448943	0.0011467304255	0.000752106594861	0.00909956127115	0.00257666148239	0.000436407530351	0.000919241393719	1.39278999048e-05	4.64263330161e-06	0.000557115996193	0.00130922259105	0.000111423199239	0.000120708465842	0.000208918498572	0	0	4.64263330161e-06	2.78557998097e-05	0.000222846398477	7.89247661273e-05	0.00233524455071	2.78557998097e-05	2.3213166508e-05	9.28526660322e-06	4.64263330161e-06	0.000190347965366	4.64263330161e-06	0.00391373987326	4.17836997145e-05	0	1.39278999048e-05	0	0.00122565519162	0.00854244527496	0.00257201884909	0.00109566145918	9.28526660322e-06	7.42821328257e-05	0.0011420877922	0.00235381508392	9.74952993338e-05	0.00037605329743	0	0	1.85705332064e-05	0.000102137932635	0.00117458622531	0.000204275865271	0.000872815060702	0.000501404396574	0.000246059564985	1.39278999048e-05	1.85705332064e-05	0.00043176489705	0.00025998746489	0.000157849532255	3.71410664129e-05	3.24984331113e-05	1.85705332064e-05	0
0.00187098122055	0.00103066459296	0.0274704612456	0	0.000157849532255	0.000194990598668	0.000181062698763	0.00338912231017	0.002585946749	0.00080781819448	0.000120708465842	0.000394623830637	0.000102137932635	7.42821328257e-05	0.00214489658534	0.000102137932635	0.00826852991017	0.00683859885327	4.17836997145e-05	0.000705680261845	0.000102137932635	0.0263794424197	0.00870029480721	0.0871050860048	0.00233524455071	0.000162492165556	0.00444764270294	0.00984702523271	0.00873279324033	0.00429443580399	0.0111330346573	3.24984331113e-05	8.3567399429e-05	0.00154599688944	0.0135239908076	0.000106780565937	0.00110030409248	0.00100280879315	0	0	0	3.24984331113e-05	0.000306413797906	6.03542329209e-05	0.00139743262378	2.78557998097e-05	4.64263330161e-05	2.78557998097e-05	4.64263330161e-06	0.000181062698763	1.39278999048e-05	0.00434550477031	0.000246059564985	2.3213166508e-05	8.82100327306e-05	0	0.0011467304255	0.00903456440493	0.00426193737088	0.00095173982683	1.85705332064e-05	0.000366768030827	0.00228417558439	0.00195919125328	0.00011606583254	0.000371410664129	0	0	9.28526660322e-06	0.000157849532255	0.0115508716544	0.002585946749	0.0144943011676	0.00858422897467	0.0023166740175	0.000770677128067	5.57115996193e-05	0.000761391861464	0.000413194363843	0.0002878432647	0.000176420065461	3.24984331113e-05	1.85705332064e-05	4.64263330161e-06
0.00108637619258	0.00154599688944	0.000793890294575	0	0.0128508089789	9.74952993338e-05	0.00151349845632	0.00223774925138	0.00330555491075	0.010928758792	0.00236774298382	0.000366768030827	0.00233988718401	7.42821328257e-05	0.00305021007916	0.000710322895146	0.00296200004643	0.00025998746489	3.71410664129e-05	0.00014392163235	0.00567329789457	0.00135100629077	0.00642540448943	0.00233524455071	0.0586921701989	0.000389981197335	0.000649968662225	0.00219596555166	0.0240674110355	0.0103020032963	0.00609113489171	2.78557998097e-05	0.00014392163235	0.00772998444718	0.00971703150027	0.000315699064509	6.03542329209e-05	9.28526660322e-05	0	0.000385338564034	9.28526660322e-06	0.000227489031779	0.00160635112236	0.000241416931684	0.00696859258571	0.000645326028924	3.71410664129e-05	0.000255344831588	1.39278999048e-05	0.000612827595812	3.71410664129e-05	0.000167134798858	1.85705332064e-05	1.39278999048e-05	1.39278999048e-05	0.000111423199239	0.0002878432647	0.000733536061654	0.000125351099143	0.00598435432577	4.64263330161e-06	4.64263330161e-05	0.00011606583254	0.0049165486664	0.000320341697811	0.00025998746489	0	4.64263330161e-06	4.64263330161e-06	0.000139278999048	0.00366303767497	0.000380695930732	0.00465191856821	0.00134172102416	0.00205204391931	0.000102137932635	1.85705332064e-05	0.000492119129971	0.000125351099143	0.000348197497621	9.28526660322e-05	0.000102137932635	6.96394995241e-05	0
0	0.00383945774043	0.000190347965366	0	2.3213166508e-05	9.28526660322e-06	6.03542329209e-05	3.71410664129e-05	0.000125351099143	0.000487476496669	3.24984331113e-05	0.00332876807725	5.10689663177e-05	0.00637897815641	0.000222846398477	1.39278999048e-05	0.00011606583254	0.000273915364795	0.000148564265651	0.00037605329743	2.3213166508e-05	2.78557998097e-05	0.0011467304255	0.000162492165556	0.000389981197335	0.0167924046519	0.00553401889552	0.00667610668771	0.000111423199239	0.000450335430256	6.49968662225e-05	0.00108637619258	6.03542329209e-05	3.71410664129e-05	0.00110958935908	9.28526660322e-06	0.00180134172102	6.03542329209e-05	0	4.64263330161e-06	0	4.64263330161e-05	9.28526660322e-06	3.24984331113e-05	1.39278999048e-05	2.78557998097e-05	0.00199168968639	4.64263330161e-06	0.0017317022215	3.71410664129e-05	9.28526660322e-06	0	5.57115996193e-05	0.000450335430256	0.000422479630446	9.28526660322e-06	9.28526660322e-06	2.3213166508e-05	2.78557998097e-05	4.64263330161e-06	0.00329626964414	0.00262308781541	0.00164813482207	3.24984331113e-05	4.64263330161e-05	9.28526660322e-06	0.000185705332064	4.64263330161e-06	0	0.000324984331113	0.000185705332064	0.00103066459296	0.000543188096288	8.3567399429e-05	2.3213166508e-05	4.64263330161e-06	0.000557115996193	6.03542329209e-05	0.00131386522436	0.000366768030827	3.24984331113e-05	1.39278999048e-05	1.85705332064e-05	0.000506047029875
0.000338912231017	0.00793890294575	0.0104227117621	0	0.000134636365747	1.85705332064e-05	0.000450335430256	0.000464263330161	0.00095173982683	0.000357482764224	0.000413194363843	0.0114301631886	0.000584971796003	0.00428515053738	0.00120244202512	1.85705332064e-05	0.000167134798858	0.0122147682165	0.00206597181922	0.00937811926925	0.000385338564034	0.000998166159846	0.000752106594861	0.00444764270294	0.000649968662225	0.00553401889552	0.0801179228859	0.021996796583	0.000914598760417	0.0034541191764	0.00128136679124	0.00340769284338	0.000194990598668	0.000533902829685	0.0126651036468	3.24984331113e-05	0.0103623575292	0.0014392163235	0	4.64263330161e-06	0	4.64263330161e-05	8.3567399429e-05	5.10689663177e-05	0.00011606583254	1.39278999048e-05	0.00188955175375	8.82100327306e-05	0.00149492792312	0.000111423199239	9.28526660322e-06	0.000162492165556	0.000812460827782	0.00123494045823	0.00200561758629	1.85705332064e-05	6.96394995241e-05	0.000450335430256	0.000334269597716	0.00014392163235	0.00293414424662	0.0112862415562	0.00852387474175	0.000157849532255	7.42821328257e-05	5.10689663177e-05	0.000241416931684	0	0	0.000775319761369	0.00530188723044	0.0057615079273	0.0080874672114	0.00278093734766	0.00011606583254	4.17836997145e-05	0.000250702198287	0.000529260196383	0.00169920378839	0.000863529794099	0.000176420065461	2.78557998097e-05	6.03542329209e-05	0.000111423199239
0.000148564265651	0.0155713920936	0.0167691914854	0	4.17836997145e-05	2.78557998097e-05	0.000106780565937	0.000162492165556	0.000292485898001	0.00193597808677	6.96394995241e-05	0.00148100002321	0.000106780565937	0.00575686529399	0.000338912231017	4.17836997145e-05	0.00389052670675	0.00278557998097	0.00014392163235	0.00119779939182	7.42821328257e-05	0.000868172427401	0.00909956127115	0.00984702523271	0.00219596555166	0.00667610668771	0.021996796583	0.0711576406138	0.00080781819448	0.000863529794099	0.000677824462035	0.00129993732445	4.17836997145e-05	0.000297128531303	0.00376981824091	2.78557998097e-05	0.00690823835279	0.00200097495299	0	0	0	1.85705332064e-05	6.03542329209e-05	4.17836997145e-05	0.00014392163235	4.64263330161e-06	0.000831031360988	2.3213166508e-05	0.000742821328257	5.57115996193e-05	0	0.00154135425613	0.000450335430256	0.000594257062606	0.000594257062606	4.64263330161e-06	0.00017177743216	0.00500011606583	0.00210775551893	0.00017177743216	0.00163884955547	0.00448478376935	0.00674110355394	0.000208918498572	3.71410664129e-05	2.3213166508e-05	0.000125351099143	4.64263330161e-06	4.64263330161e-06	0.000385338564034	0.00541795306298	0.00236310035052	0.00379767404072	0.0017270595882	0.000185705332064	6.03542329209e-05	9.74952993338e-05	0.000631398129019	0.000840316627591	0.000413194363843	0.000111423199239	2.78557998097e-05	2.78557998097e-05	3.24984331113e-05
0.00196847651988	0.000269272731493	0.00291557371341	0	0.0077949813134	0.000102137932635	0.00219132291836	0.0152742635623	0.00597971169247	0.00529260196383	0.00268344204833	0.000575686529399	0.00095173982683	9.28526660322e-05	0.00436871793681	0.000278557998097	0.00148100002321	0.000673181828733	3.71410664129e-05	0.000199633231969	0.00168527588848	0.00730286218343	0.00257666148239	0.00873279324033	0.0240674110355	0.000111423199239	0.000914598760417	0.00080781819448	0.0681631421342	0.0123401193157	0.0154553262611	3.24984331113e-05	0.000167134798858	0.00832424150978	0.0108312634927	0.000464263330161	0.00011606583254	0.000148564265651	0	0.000162492165556	0	0.000264630098192	0.00175955802131	0.0002878432647	0.00705215998514	0.000478191230066	7.42821328257e-05	0.000162492165556	2.78557998097e-05	0.00080781819448	2.3213166508e-05	0.000255344831588	3.24984331113e-05	1.85705332064e-05	9.28526660322e-06	6.96394995241e-05	0.000459620696859	0.00122101255832	0.000227489031779	0.00474941386755	1.39278999048e-05	7.89247661273e-05	0.000199633231969	0.00540866779637	0.000496761763272	0.00040390909724	0	9.28526660322e-06	1.85705332064e-05	0.000236774298382	0.00420158313796	0.000482833863367	0.00580329162701	0.00187562385385	0.000909956127115	0.00017177743216	2.78557998097e-05	0.000761391861464	0.000213561131874	0.000482833863367	0.00011606583254	0.00014392163235	9.28526660322e-05	1.39278999048e-05
0.00941526033566	0.000167134798858	0.00195454861998	0	0.00363518187516	0.000190347965366	0.00417836997145	0.00649968662225	0.011267671023	0.00208454235242	0.00446621323615	0.00536224146336	0.00571508159428	0.00107244829267	0.0195594140997	0.000301771164605	0.000283200631398	0.00152278372293	0.000292485898001	0.00105387775947	0.00416908470484	0.00227024768449	0.000436407530351	0.00429443580399	0.0103020032963	0.000450335430256	0.0034541191764	0.000863529794099	0.0123401193157	0.063265164001	0.0180227024768	0.000496761763272	0.00175491538801	0.0211425520555	0.0304788876251	0.000190347965366	0.000120708465842	6.96394995241e-05	0	5.57115996193e-05	0	0.000129993732445	0.000677824462035	0.00011606583254	0.00188490912045	0.00011606583254	0.000162492165556	0.000557115996193	9.28526660322e-05	0.000278557998097	1.39278999048e-05	6.96394995241e-05	2.3213166508e-05	4.17836997145e-05	2.3213166508e-05	3.24984331113e-05	5.10689663177e-05	0.000167134798858	0.000106780565937	0.0014438589568	0.000111423199239	0.000120708465842	9.28526660322e-05	0.00149492792312	0.000278557998097	8.3567399429e-05	9.28526660322e-06	4.64263330161e-06	1.85705332064e-05	0.00014392163235	0.00559437312844	0.00106316302607	0.013514705541	0.0025905893823	0.000714965528448	0.00037605329743	0.000167134798858	0.000273915364795	0.000162492165556	0.000241416931684	7.89247661273e-05	7.89247661273e-05	6.49968662225e-05	4.17836997145e-05
0.00700573365213	0.000167134798858	0.00373731980779	0	0.000292485898001	4.64263330161e-05	0.000255344831588	0.00903920703823	0.00527867406393	0.00149492792312	0.000204275865271	0.000283200631398	0.000157849532255	4.17836997145e-05	0.00597971169247	0.000111423199239	0.000473548596764	0.00215882448525	9.28526660322e-06	0.000241416931684	0.000125351099143	0.0120894171174	0.000919241393719	0.0111330346573	0.00609113489171	6.49968662225e-05	0.00128136679124	0.000677824462035	0.0154553262611	0.0180227024768	0.0516725086469	2.3213166508e-05	8.82100327306e-05	0.00990737946563	0.0106919844936	0.000236774298382	0.000129993732445	0.000111423199239	0	4.64263330161e-06	0	6.96394995241e-05	0.000529260196383	8.82100327306e-05	0.00239559878363	4.17836997145e-05	1.39278999048e-05	1.85705332064e-05	0	0.000269272731493	9.28526660322e-06	0.000125351099143	2.78557998097e-05	4.64263330161e-06	4.64263330161e-06	0	0.000218203765176	0.000468905963462	0.000148564265651	0.00101673669305	4.64263330161e-06	7.42821328257e-05	0.000120708465842	0.00169920378839	0.000204275865271	0.000283200631398	0	9.28526660322e-06	1.39278999048e-05	3.24984331113e-05	0.00248845144966	0.000371410664129	0.0046194201351	0.0017177743216	0.000413194363843	0.000176420065461	1.85705332064e-05	0.000306413797906	6.96394995241e-05	0.00014392163235	4.17836997145e-05	3.71410664129e-05	1.39278999048e-05	0
