0.00864307792352	0	4.11575139215e-06	0	1.64630055686e-05	1.64630055686e-05	0.000856076289568	0.00144874449004	0.0015722170318	8.23150278431e-05	0.00112360013006	0	9.05465306274e-05	0	0.00437915948125	2.05787569608e-05	3.70417625294e-05	0	0	0	5.3504768098e-05	4.52732653137e-05	3.29260111372e-05	4.11575139215e-05	0.000168745807078	0	0	8.23150278431e-06	0.000436269647568	0.00306211903576	0.00209080170721	0	0	0.000168745807078	0.000127588293157	0	0	0	0	0	0	0	0	0	2.46945083529e-05	0	0	0	0	0	0	0	0	0	0	0	0	4.11575139215e-06	0	4.11575139215e-06	0	0	0	0	4.11575139215e-06	8.23150278431e-06	0	0	4.11575139215e-06	0	0.000148167050118	2.88102597451e-05	9.87780334117e-05	2.88102597451e-05	0.000197556066823	1.23472541765e-05	0	0	0	0	0	0	0	0
0	0.0107297638793	0.00153517526927	0	0	0	0	1.64630055686e-05	0	2.88102597451e-05	0	0.000156398552902	0	6.17362708823e-05	0	0	7.40835250588e-05	0.000868423543744	3.29260111372e-05	0.000625594211607	0	0.000111125287588	0.000670867476921	0.000563857940725	5.3504768098e-05	0.000843729035391	0.00227601051986	0.00543690758903	5.3504768098e-05	1.64630055686e-05	2.88102597451e-05	0	0	0	0.000712024990842	0	0.00240771456441	0.000111125287588	0	0	0	0	4.11575139215e-06	0	4.11575139215e-06	0	5.3504768098e-05	0	2.46945083529e-05	0	0	8.23150278431e-06	0.000176977309863	0	7.40835250588e-05	0	1.23472541765e-05	0.000201671818215	8.23150278431e-05	0	0.000222250575176	0.000666751725529	0.000913696809058	4.11575139215e-06	1.23472541765e-05	1.64630055686e-05	0	0	4.11575139215e-06	0.000144051298725	0.000300449851627	0.00123884116904	0.000563857940725	0.000197556066823	1.64630055686e-05	4.11575139215e-06	0	3.29260111372e-05	0.000193440315431	0.000139935547333	4.11575139215e-05	0	1.23472541765e-05	0
4.11575139215e-06	0.00153517526927	0.0296087155151	0	4.11575139215e-06	8.23150278431e-06	2.05787569608e-05	0.000164630055686	5.76205194901e-05	6.58520222744e-05	4.52732653137e-05	0.000102893784804	8.23150278431e-06	2.46945083529e-05	2.46945083529e-05	1.64630055686e-05	0.000481542912882	0.00767999209776	2.05787569608e-05	0.000814918775646	8.23150278431e-06	0.00166276356243	0.00124707267182	0.0100794751594	0.000148167050118	0.000107009536196	0.005037679704	0.0108902781836	0.000469195658705	0.000102893784804	0.000740835250588	0	0	8.23150278431e-06	0.00389761656837	0	0.000728487996411	0.000107009536196	0	0	0	0	0	4.11575139215e-06	4.11575139215e-06	0	4.11575139215e-06	0	4.11575139215e-06	4.11575139215e-06	0	1.23472541765e-05	4.11575139215e-05	0	2.05787569608e-05	0	8.23150278431e-06	0.000279871094666	6.17362708823e-05	4.11575139215e-06	4.11575139215e-05	0.000131704044549	0.000333375862764	4.11575139215e-06	0	4.11575139215e-06	0	0	0	5.3504768098e-05	0.00236655705049	0.00370006050155	0.00263819664237	0.00086019204096	0.000123472541765	1.23472541765e-05	2.05787569608e-05	0.000119356790372	5.76205194901e-05	6.99677736666e-05	3.29260111372e-05	4.11575139215e-06	4.11575139215e-06	4.11575139215e-06
0	0	0	0	0	0	0	0	0	0	0	0	0	0	0	0	0	0	0	0	0	0	0	0	0	0	0	0	0	0	0	0	0	0	0	0	0	0	0	0	0	0	0	0	0	0	0	0	0	0	0	0	0	0	0	0	0	0	0	0	0	0	0	0	0	0	0	0	0	0	0	0	0	0	0	0	0	0	0	0	0	0	0	0
1.64630055686e-05	0	4.11575139215e-06	0	0.0161378612086	0	0.000234597829353	0.00153105951788	0.000148167050118	0.00106186385918	0.00259292337706	0	0.00192617165153	0	0.000127588293157	4.11575139215e-06	9.46622820195e-05	4.11575139215e-06	0	0	0.00758121406435	4.93890167058e-05	8.23150278431e-05	3.70417625294e-05	0.00425568693949	0	0	4.11575139215e-06	0.00565915816421	0.000144051298725	0.000160514304294	0	0	4.11575139215e-06	4.11575139215e-05	1.23472541765e-05	0	0	0	0.000251060834921	0	0	2.05787569608e-05	0	0.000135819795941	4.11575139215e-06	0	8.23150278431e-06	0	4.11575139215e-06	0	0	0	0	0	0	0	1.23472541765e-05	0	5.76205194901e-05	0	0	0	2.05787569608e-05	8.23150278431e-06	2.05787569608e-05	0	0	4.11575139215e-06	2.05787569608e-05	5.76205194901e-05	2.46945083529e-05	4.11575139215e-05	8.23150278431e-06	2.46945083529e-05	0	0	1.64630055686e-05	0	8.23150278431e-06	0	0	0	0
1.64630055686e-05	0	8.23150278431e-06	0	0	0.00680333705123	0.00306211903576	1.23472541765e-05	0.00156398552902	4.11575139215e-06	3.70417625294e-05	8.23150278431e-06	4.11575139215e-06	0	0.000740835250588	0.000843729035391	0	4.11575139215e-06	0	0	4.11575139215e-06	0	0	1.23472541765e-05	8.23150278431e-06	4.11575139215e-06	4.11575139215e-06	0	2.46945083529e-05	0.000559742189333	1.23472541765e-05	0	0.000514468924019	0	0.000522700426803	0	0	0	0	0	0	0	0	0	0	0	4.11575139215e-06	0	0	0	0	0	0	0	0	0	0	0	0	0	0	0	0	0	0	0	0	0	0	0	2.88102597451e-05	4.11575139215e-06	0.000329260111372	7.40835250588e-05	0.00109067411892	0.000987780334117	4.11575139215e-06	0	0	4.11575139215e-06	0	0	0	0
0.000856076289568	0	2.05787569608e-05	0	0.000234597829353	0.00306211903576	0.0429355185229	0.00227189476847	0.0179734863295	0.000288102597451	0.014808473509	4.11575139215e-05	0.00631356263556	4.11575139215e-06	0.00548629660574	0.00316912857196	6.17362708823e-05	1.64630055686e-05	4.11575139215e-06	8.23150278431e-06	0.00116887339537	4.11575139215e-05	2.05787569608e-05	4.93890167058e-05	0.000403343636431	4.11575139215e-06	1.23472541765e-05	8.23150278431e-06	0.000905465306274	0.00270404866464	0.000444501150353	0	0.000144051298725	9.05465306274e-05	0.00141170272751	0	4.11575139215e-06	0	0	0	0	0	4.11575139215e-06	0	4.11575139215e-05	0	0	8.23150278431e-06	0	0	0	0	0	0	0	0	4.11575139215e-06	8.23150278431e-06	0	1.23472541765e-05	0	0	4.11575139215e-06	4.11575139215e-06	4.11575139215e-06	4.11575139215e-06	0	0	0	0	0.000555626437941	6.58520222744e-05	0.00146520749561	0.000255176586313	0.00185620387786	0.00044038539896	8.23150278431e-06	1.23472541765e-05	0	4.11575139215e-06	0	4.11575139215e-06	0	0
0.00144874449004	1.64630055686e-05	0.000164630055686	0	0.00153105951788	1.23472541765e-05	0.00227189476847	0.047417571789	0.00400874185596	0.00244064057555	0.0156522025444	4.11575139215e-06	0.000716140742235	0	0.00404578361849	6.58520222744e-05	0.000814918775646	0.000135819795941	0	1.64630055686e-05	0.0020455284419	0.0013623137108	0.000600899703254	0.00118533640094	0.00677041104009	0	4.11575139215e-05	0.000139935547333	0.0200519407826	0.00260527063123	0.0091781256045	0	0	0.000209903321	0.0019426346571	2.46945083529e-05	8.23150278431e-06	1.64630055686e-05	0	2.05787569608e-05	0	1.23472541765e-05	4.11575139215e-05	8.23150278431e-06	0.000555626437941	8.23150278431e-06	0	2.05787569608e-05	0	2.05787569608e-05	4.11575139215e-06	2.46945083529e-05	4.11575139215e-06	0	0	0	1.64630055686e-05	0.000181093061255	6.17362708823e-05	0.000189324564039	0	0	1.23472541765e-05	6.99677736666e-05	4.93890167058e-05	0.000102893784804	0	0	2.88102597451e-05	4.52732653137e-05	0.00156810128041	0.000530931929588	0.000781992764509	0.000234597829353	0.000666751725529	1.64630055686e-05	4.11575139215e-06	0.000102893784804	4.11575139215e-06	2.88102597451e-05	2.05787569608e-05	2.46945083529e-05	0	0
0.0015722170318	0	5.76205194901e-05	0	0.000148167050118	0.00156398552902	0.0179734863295	0.00400874185596	0.0370993830489	0.000226366326568	0.0102729154748	2.88102597451e-05	0.00125118842321	4.11575139215e-06	0.0133720762731	0.000493890167058	0.000102893784804	1.64630055686e-05	8.23150278431e-06	8.23150278431e-06	0.000485658664274	0.000102893784804	3.70417625294e-05	0.00011524103898	0.000633825714392	0	2.05787569608e-05	4.11575139215e-05	0.00135408220802	0.00310739230108	0.000814918775646	0	0.000214019072392	0.000119356790372	0.00138289246776	4.11575139215e-06	4.11575139215e-06	0	0	0	0	0	4.11575139215e-06	0	4.52732653137e-05	0	0	0	0	4.11575139215e-06	0	8.23150278431e-06	0	0	0	0	0	1.64630055686e-05	8.23150278431e-06	1.64630055686e-05	0	0	4.11575139215e-06	8.23150278431e-06	4.11575139215e-06	4.11575139215e-06	0	0	0	0	0.000596783951862	0.000102893784804	0.00137054521359	0.000222250575176	0.00139112397055	0.000292218348843	8.23150278431e-06	1.64630055686e-05	0	8.23150278431e-06	4.11575139215e-06	4.11575139215e-06	0	0
8.23150278431e-05	2.88102597451e-05	6.58520222744e-05	0	0.00106186385918	4.11575139215e-06	0.000288102597451	0.00244064057555	0.000226366326568	0.0193563787973	0.00086019204096	0	0.00184385662368	0	0.00017286155847	0.000547394935156	0.00147343899839	4.11575139215e-05	0	8.23150278431e-06	0.000308681354411	0.000432153896176	0.00329260111372	0.000567973692117	0.00973786779383	4.11575139215e-06	1.23472541765e-05	0.000123472541765	0.00407459387823	0.000407459387823	0.000794340018686	0	0	7.40835250588e-05	0.000460964155921	0.000185208812647	4.11575139215e-06	3.29260111372e-05	0	9.05465306274e-05	0	2.46945083529e-05	0.000242829332137	2.05787569608e-05	0.00265465964794	4.93890167058e-05	0	6.17362708823e-05	0	9.46622820195e-05	4.11575139215e-06	0.000197556066823	0	0	0	1.23472541765e-05	0.000123472541765	0.00101659059386	0.000218134823784	0.000930159814627	0	0	2.46945083529e-05	0.000386880630862	0.000226366326568	0.000563857940725	0	0	8.64307792352e-05	0.000234597829353	0.00102070634525	0.000316912857196	0.000218134823784	9.46622820195e-05	0.000691446233882	0	0	0.00026752384049	1.64630055686e-05	9.05465306274e-05	3.70417625294e-05	9.05465306274e-05	4.11575139215e-06	0
0.00112360013006	0	4.52732653137e-05	0	0.00259292337706	3.70417625294e-05	0.014808473509	0.0156522025444	0.0102729154748	0.00086019204096	0.0552704254452	1.23472541765e-05	0.0107215323766	0	0.00621066885076	0.000160514304294	0.000156398552902	2.46945083529e-05	0	4.11575139215e-06	0.00981195131889	0.00017286155847	0.000127588293157	0.000168745807078	0.00219781124341	0	1.23472541765e-05	2.05787569608e-05	0.0089682222835	0.00193440315431	0.00136642946219	0	0	0.000160514304294	0.000621478460215	1.23472541765e-05	0	8.23150278431e-06	0	1.23472541765e-05	0	4.11575139215e-06	1.64630055686e-05	4.11575139215e-06	0.00015228280151	0	0	6.99677736666e-05	0	1.23472541765e-05	0	8.23150278431e-06	0	0	0	0	4.11575139215e-06	4.11575139215e-05	1.64630055686e-05	5.3504768098e-05	0	0	8.23150278431e-06	2.05787569608e-05	1.64630055686e-05	1.64630055686e-05	0	0	0	0	0.000732603747803	0.000135819795941	0.00047742716149	0.000135819795941	0.000835497532607	2.46945083529e-05	0	4.11575139215e-05	0	8.23150278431e-06	4.11575139215e-06	8.23150278431e-06	0	0
0	0.000156398552902	0.000102893784804	0	0	8.23150278431e-06	4.11575139215e-05	4.11575139215e-06	2.88102597451e-05	0	1.23472541765e-05	0.0270157921381	0	0.00610777506595	2.46945083529e-05	8.23150278431e-06	8.23150278431e-06	0.000411575139215	0.0033543373846	0.00584025122546	0	4.11575139215e-05	4.11575139215e-06	9.46622820195e-05	4.11575139215e-06	0.00308269779272	0.00574147319205	0.00185620387786	8.23150278431e-06	5.3504768098e-05	2.46945083529e-05	4.52732653137e-05	0	0	0.00418160341443	0	0.000193440315431	0	0	0	0	0	0	0	0	0	0.000197556066823	0	0.000181093061255	0	0	0	4.11575139215e-06	3.29260111372e-05	2.88102597451e-05	0	0	4.11575139215e-06	0	0	0.000658520222744	0.000329260111372	0.000246945083529	0	0	0	1.64630055686e-05	0	0	2.88102597451e-05	0.000362186122509	0.00450263202302	0.004617873062	0.000456848404529	5.3504768098e-05	8.23150278431e-06	0.000662635974137	1.64630055686e-05	0.000135819795941	3.29260111372e-05	2.05787569608e-05	0	0	2.05787569608e-05
9.05465306274e-05	0	8.23150278431e-06	0	0.00192617165153	4.11575139215e-06	0.00631356263556	0.000716140742235	0.00125118842321	0.00184385662368	0.0107215323766	0	0.0287238289658	0	0.000358070371117	0.00117710489816	2.05787569608e-05	0	0	0	0.00664693849833	8.23150278431e-06	2.46945083529e-05	1.64630055686e-05	0.00109478987031	0	0	8.23150278431e-06	0.000567973692117	0.000185208812647	7.40835250588e-05	0	0	2.05787569608e-05	6.17362708823e-05	0	0	4.11575139215e-06	0	2.88102597451e-05	0	0	0	0	2.05787569608e-05	0	0	0.000637941465784	0	0	0	0	0	0	0	0	0	8.23150278431e-06	8.23150278431e-06	1.64630055686e-05	0	0	4.11575139215e-06	0	0	0	0	0	0	0	0.000135819795941	4.11575139215e-06	6.17362708823e-05	8.23150278431e-06	0.000283986846059	4.11575139215e-06	0	0	0	0	0	4.11575139215e-06	0	0
0	6.17362708823e-05	2.46945083529e-05	0	0	0	4.11575139215e-06	0	4.11575139215e-06	0	0	0.00610777506595	0	0.0128617231005	0	0	0	4.52732653137e-05	0.000214019072392	0.000522700426803	0	0	0	1.23472541765e-05	0	0.00447793751466	0.00334610588182	0.00198379217102	0	4.11575139215e-06	0	0.000111125287588	0	0	0.000851960538176	0	8.23150278431e-05	0	0	0	0	0	0	0	0	0	0.000168745807078	0	0.00015228280151	0	0	0	1.64630055686e-05	2.05787569608e-05	4.93890167058e-05	0	0	4.11575139215e-06	0	0	0.000370417625294	0.000185208812647	0.000102893784804	0	0	0	2.88102597451e-05	0	0	1.23472541765e-05	4.93890167058e-05	0.00163395330268	0.000831381781215	9.05465306274e-05	8.23150278431e-06	4.11575139215e-06	0.000679098979705	4.11575139215e-06	6.17362708823e-05	4.11575139215e-06	0	0	0	1.64630055686e-05
0.00437915948125	0	2.46945083529e-05	0	0.000127588293157	0.000740835250588	0.00548629660574	0.00404578361849	0.0133720762731	0.00017286155847	0.00621066885076	2.46945083529e-05	0.000358070371117	0	0.0254435751063	0.000119356790372	5.3504768098e-05	0	0	1.23472541765e-05	0.000263408089098	9.05465306274e-05	4.11575139215e-05	0.000102893784804	0.000460964155921	0	1.64630055686e-05	2.05787569608e-05	0.00113594738423	0.00368771324737	0.00105774810778	0	0.000432153896176	0.000111125287588	0.000856076289568	0	0	0	0	0	4.11575139215e-06	0	4.11575139215e-06	0	6.17362708823e-05	0	0	0	0	0	0	8.23150278431e-06	0	0	0	0	0	8.23150278431e-06	4.11575139215e-06	8.23150278431e-06	0	0	0	1.23472541765e-05	0	4.11575139215e-06	0	0	0	0	0.000349838868333	7.81992764509e-05	0.000740835250588	0.00011524103898	0.00068733048249	0.000181093061255	0	1.23472541765e-05	0	8.23150278431e-06	4.11575139215e-06	0	0	0
2.05787569608e-05	0	1.64630055686e-05	0	4.11575139215e-06	0.000843729035391	0.00316912857196	6.58520222744e-05	0.000493890167058	0.000547394935156	0.000160514304294	8.23150278431e-06	0.00117710489816	0	0.000119356790372	0.00722314369323	2.46945083529e-05	1.23472541765e-05	0	0	2.46945083529e-05	5.3504768098e-05	4.93890167058e-05	8.23150278431e-05	9.46622820195e-05	0	8.23150278431e-06	1.23472541765e-05	8.23150278431e-05	0.000160514304294	3.70417625294e-05	0	0	1.23472541765e-05	0.000238713580745	4.11575139215e-06	0	0	0	0	0	0	4.11575139215e-06	0	1.64630055686e-05	0	0	0	0	4.11575139215e-06	0	0	0	0	0	0	0	1.64630055686e-05	4.11575139215e-06	0	0	0	4.11575139215e-06	8.23150278431e-06	8.23150278431e-06	0	0	0	0	2.46945083529e-05	0.000913696809058	6.58520222744e-05	0.000275755343274	0.000111125287588	0.00126765142878	6.58520222744e-05	0	4.52732653137e-05	8.23150278431e-06	3.70417625294e-05	3.70417625294e-05	1.64630055686e-05	0	0
3.70417625294e-05	7.40835250588e-05	0.000481542912882	0	9.46622820195e-05	0	6.17362708823e-05	0.000814918775646	0.000102893784804	0.00147343899839	0.000156398552902	8.23150278431e-06	2.05787569608e-05	0	5.3504768098e-05	2.46945083529e-05	0.0217229358478	0.00015228280151	0	4.11575139215e-06	2.05787569608e-05	0.00468372508427	0.00567150541839	0.0095979322465	0.00668398026086	4.11575139215e-06	2.88102597451e-05	0.00284809996337	0.00479073462047	0.000193440315431	0.000884886549313	0	0	2.05787569608e-05	0.00132115619688	1.23472541765e-05	4.11575139215e-05	4.11575139215e-05	0	0	0	0	2.05787569608e-05	0	0.000205787569608	0	0	0	0	1.23472541765e-05	0	6.58520222744e-05	4.11575139215e-06	0	0	0	2.05787569608e-05	0.000436269647568	8.64307792352e-05	8.23150278431e-05	0	4.11575139215e-06	4.52732653137e-05	3.29260111372e-05	1.64630055686e-05	9.46622820195e-05	0	0	2.05787569608e-05	5.3504768098e-05	0.00157633278319	0.00097543307994	0.000662635974137	0.000246945083529	0.000164630055686	0	0	7.40835250588e-05	1.64630055686e-05	3.70417625294e-05	1.23472541765e-05	4.11575139215e-06	0	4.11575139215e-06
0	0.000868423543744	0.00767999209776	0	4.11575139215e-06	4.11575139215e-06	1.64630055686e-05	0.000135819795941	1.64630055686e-05	4.11575139215e-05	2.46945083529e-05	0.000411575139215	0	4.52732653137e-05	0	1.23472541765e-05	0.00015228280151	0.0241965024345	7.81992764509e-05	0.00568385267256	4.11575139215e-06	0.00132115619688	0.000321028608588	0.00792282142989	8.23150278431e-05	0.000181093061255	0.00556449588219	0.00309916079829	0.00026752384049	5.3504768098e-05	0.000662635974137	0	0	4.11575139215e-06	0.00586082998243	0	0.000366301873902	1.64630055686e-05	0	0	0	0	0	0	8.23150278431e-06	0	4.11575139215e-06	0	1.23472541765e-05	0	0	4.11575139215e-06	2.88102597451e-05	4.11575139215e-06	8.23150278431e-06	0	8.23150278431e-06	6.17362708823e-05	1.64630055686e-05	4.11575139215e-06	5.3504768098e-05	9.05465306274e-05	0.000131704044549	0	0	0	0	0	0	2.46945083529e-05	0.00181916211533	0.00295510949957	0.00281517395223	0.000806687272862	0.000107009536196	0	4.11575139215e-06	5.3504768098e-05	3.29260111372e-05	2.46945083529e-05	1.23472541765e-05	4.11575139215e-06	4.11575139215e-06	0
0	3.29260111372e-05	2.05787569608e-05	0	0	0	4.11575139215e-06	0	8.23150278431e-06	0	0	0.0033543373846	0	0.000214019072392	0	0	0	7.81992764509e-05	0.00532166655005	0.00284398421198	0	8.23150278431e-06	0	1.23472541765e-05	0	0.000255176586313	0.00114417888702	0.000321028608588	4.11575139215e-06	1.23472541765e-05	4.11575139215e-06	0	0	0	0.000242829332137	0	3.70417625294e-05	0	0	0	0	0	0	0	0	0	8.23150278431e-06	0	2.05787569608e-05	0	0	0	0	0	4.11575139215e-06	0	0	0	0	0	6.17362708823e-05	3.70417625294e-05	2.46945083529e-05	0	0	0	0	0	0	4.11575139215e-06	8.23150278431e-06	0.000337491614157	0.000296334100235	2.46945083529e-05	4.11575139215e-06	0	2.46945083529e-05	0	1.23472541765e-05	0	0	0	0	0
0	0.000625594211607	0.000814918775646	0	0	0	8.23150278431e-06	1.64630055686e-05	8.23150278431e-06	8.23150278431e-06	4.11575139215e-06	0.00584025122546	0	0.000522700426803	1.23472541765e-05	0	4.11575139215e-06	0.00568385267256	0.00284398421198	0.0196856389087	0	0.000107009536196	6.99677736666e-05	0.000403343636431	4.11575139215e-06	0.00104128510221	0.00663870699554	0.00218546398923	2.46945083529e-05	1.23472541765e-05	6.17362708823e-05	0	0	0	0.00341195790409	0	0.000312797105804	4.11575139215e-06	0	0	0	0	0	0	0	0	4.11575139215e-05	0	4.52732653137e-05	0	0	0	1.64630055686e-05	1.23472541765e-05	2.05787569608e-05	0	0	8.23150278431e-06	0	0	0.000308681354411	0.000205787569608	0.000181093061255	0	0	0	0	0	0	2.05787569608e-05	0.000481542912882	0.00237890430466	0.00237067280188	0.000465079907313	1.64630055686e-05	8.23150278431e-06	2.88102597451e-05	1.64630055686e-05	5.3504768098e-05	1.23472541765e-05	1.64630055686e-05	0	0	0
5.3504768098e-05	0	8.23150278431e-06	0	0.00758121406435	4.11575139215e-06	0.00116887339537	0.0020455284419	0.000485658664274	0.000308681354411	0.00981195131889	0	0.00664693849833	0	0.000263408089098	2.46945083529e-05	2.05787569608e-05	4.11575139215e-06	0	0	0.0214307174989	1.23472541765e-05	1.64630055686e-05	2.46945083529e-05	0.00153517526927	0	0	4.11575139215e-06	0.00557684313637	0.000189324564039	0.000119356790372	0	0	2.46945083529e-05	4.52732653137e-05	4.11575139215e-06	0	0	0	0.00011524103898	0	0	1.64630055686e-05	0	7.81992764509e-05	0	0	0.000189324564039	0	0	0	0	0	0	0	0	0	1.23472541765e-05	0	2.46945083529e-05	0	0	0	4.11575139215e-06	0	4.11575139215e-06	0	0	0	0	6.17362708823e-05	0	3.29260111372e-05	1.23472541765e-05	7.81992764509e-05	8.23150278431e-06	0	1.23472541765e-05	0	0	0	4.11575139215e-06	0	0
4.52732653137e-05	0.000111125287588	0.00166276356243	0	4.93890167058e-05	0	4.11575139215e-05	0.0013623137108	0.000102893784804	0.000432153896176	0.00017286155847	4.11575139215e-05	8.23150278431e-06	0	9.05465306274e-05	5.3504768098e-05	0.00468372508427	0.00132115619688	8.23150278431e-06	0.000107009536196	1.23472541765e-05	0.0354901242545	0.00126765142878	0.0179776020809	0.00197144491684	4.11575139215e-06	0.000201671818215	0.00106597961057	0.00677864254288	0.000378649128078	0.0103716935082	0	0	7.81992764509e-05	0.00639587766341	4.11575139215e-06	4.93890167058e-05	2.05787569608e-05	0	4.11575139215e-06	0	4.11575139215e-06	0	4.11575139215e-06	9.05465306274e-05	0	0	0	0	8.23150278431e-06	0	2.05787569608e-05	4.11575139215e-06	0	0	4.11575139215e-06	1.23472541765e-05	0.00017286155847	4.52732653137e-05	2.88102597451e-05	4.11575139215e-06	8.23150278431e-06	2.46945083529e-05	4.11575139215e-06	8.23150278431e-06	3.70417625294e-05	0	0	0	3.70417625294e-05	0.00244064057555	0.00145286024143	0.00179446760698	0.000584436697686	0.000164630055686	2.05787569608e-05	4.11575139215e-06	6.58520222744e-05	8.23150278431e-06	2.88102597451e-05	2.46945083529e-05	8.23150278431e-06	0	0
3.29260111372e-05	0.000670867476921	0.00124707267182	0	8.23150278431e-05	0	2.05787569608e-05	0.000600899703254	3.70417625294e-05	0.00329260111372	0.000127588293157	4.11575139215e-06	2.46945083529e-05	0	4.11575139215e-05	4.93890167058e-05	0.00567150541839	0.000321028608588	0	6.99677736666e-05	1.64630055686e-05	0.00126765142878	0.018356251209	0.00374533376686	0.00370006050155	3.29260111372e-05	0.000189324564039	0.00279047944388	0.00195086615988	0.000164630055686	0.000551510686548	0	0	1.64630055686e-05	0.00113594738423	1.23472541765e-05	0.000419806642	0.000271639591882	0	8.23150278431e-06	0	8.23150278431e-06	6.99677736666e-05	0	0.000444501150353	4.11575139215e-06	8.23150278431e-06	8.23150278431e-06	0	4.11575139215e-06	0	0.000222250575176	5.3504768098e-05	0	8.23150278431e-06	4.11575139215e-06	0.000111125287588	0.00267935415629	0.000629709962999	0.000181093061255	4.11575139215e-06	5.3504768098e-05	0.000506237421235	0.000102893784804	2.46945083529e-05	0.000234597829353	0	0	1.23472541765e-05	0.000197556066823	0.00139523972194	0.000979548831332	0.000695561985274	0.000251060834921	0.000144051298725	4.11575139215e-06	4.11575139215e-06	0.000164630055686	0.000102893784804	0.000181093061255	7.40835250588e-05	1.64630055686e-05	2.05787569608e-05	4.11575139215e-06
4.11575139215e-05	0.000563857940725	0.0100794751594	0	3.70417625294e-05	1.23472541765e-05	4.93890167058e-05	0.00118533640094	0.00011524103898	0.000567973692117	0.000168745807078	9.46622820195e-05	1.64630055686e-05	1.23472541765e-05	0.000102893784804	8.23150278431e-05	0.0095979322465	0.00792282142989	1.23472541765e-05	0.000403343636431	2.46945083529e-05	0.0179776020809	0.00374533376686	0.054113899304	0.00223485300594	2.88102597451e-05	0.0011524103898	0.00713671291399	0.00442031699517	0.000473311410098	0.00433388621594	0	0	4.52732653137e-05	0.00882417098478	4.11575139215e-06	0.000341607365549	5.76205194901e-05	0	0	0	0	1.23472541765e-05	0	0.000131704044549	0	4.11575139215e-06	0	0	0	0	3.29260111372e-05	2.05787569608e-05	0	1.23472541765e-05	0	1.64630055686e-05	0.00053504768098	0.000107009536196	4.11575139215e-05	1.23472541765e-05	4.93890167058e-05	0.000189324564039	1.64630055686e-05	0	3.70417625294e-05	0	0	8.23150278431e-06	9.46622820195e-05	0.00523112001943	0.00399227885039	0.00380295428635	0.00140347122472	0.000308681354411	2.88102597451e-05	1.23472541765e-05	0.000181093061255	5.76205194901e-05	8.23150278431e-05	6.17362708823e-05	0	1.23472541765e-05	4.11575139215e-06
0.000168745807078	5.3504768098e-05	0.000148167050118	0	0.00425568693949	8.23150278431e-06	0.000403343636431	0.00677041104009	0.000633825714392	0.00973786779383	0.00219781124341	4.11575139215e-06	0.00109478987031	0	0.000460964155921	9.46622820195e-05	0.00668398026086	8.23150278431e-05	0	4.11575139215e-06	0.00153517526927	0.00197144491684	0.00370006050155	0.00223485300594	0.0394577085966	0	8.23150278431e-06	0.000300449851627	0.0181422321366	0.000806687272862	0.00164630055686	0	0	9.87780334117e-05	0.00104540085361	8.23150278431e-05	1.23472541765e-05	1.64630055686e-05	0	5.3504768098e-05	0	8.23150278431e-06	0.000107009536196	4.11575139215e-06	0.00115652614119	2.46945083529e-05	0	2.88102597451e-05	0	4.11575139215e-05	8.23150278431e-06	7.81992764509e-05	0	0	0	8.23150278431e-06	3.70417625294e-05	0.000353954619725	9.46622820195e-05	0.000460964155921	0	0	1.64630055686e-05	0.00015228280151	8.23150278431e-05	0.000230482077961	0	0	3.70417625294e-05	8.64307792352e-05	0.00125118842321	0.000588552449078	0.000436269647568	0.000144051298725	0.000403343636431	1.64630055686e-05	0	0.000160514304294	1.23472541765e-05	5.3504768098e-05	1.23472541765e-05	5.3504768098e-05	0	0
0	0.000843729035391	0.000107009536196	0	0	4.11575139215e-06	4.11575139215e-06	0	0	4.11575139215e-06	0	0.00308269779272	0	0.00447793751466	0	0	4.11575139215e-06	0.000181093061255	0.000255176586313	0.00104128510221	0	4.11575139215e-06	3.29260111372e-05	2.88102597451e-05	0	0.0124871897238	0.00267935415629	0.00329671686511	0	8.23150278431e-06	8.23150278431e-06	4.11575139215e-06	0	4.11575139215e-06	0.000679098979705	0	0.00044038539896	8.23150278431e-06	0	0	0	0	0	0	0	0	0.000469195658705	0	0.000452732653137	0	0	0	3.70417625294e-05	5.76205194901e-05	0.000102893784804	0	0	1.23472541765e-05	8.23150278431e-06	0	0.00165041630825	0.000769645510333	0.000539163432372	0	0	0	2.88102597451e-05	0	0	8.64307792352e-05	6.17362708823e-05	0.00180681486116	0.000732603747803	0.000102893784804	4.11575139215e-06	4.11575139215e-06	0.000493890167058	2.05787569608e-05	0.000214019072392	8.23150278431e-05	1.64630055686e-05	0	4.11575139215e-06	1.64630055686e-05
0	0.00227601051986	0.005037679704	0	0	4.11575139215e-06	1.23472541765e-05	4.11575139215e-05	2.05787569608e-05	1.23472541765e-05	1.23472541765e-05	0.00574147319205	0	0.00334610588182	1.64630055686e-05	8.23150278431e-06	2.88102597451e-05	0.00556449588219	0.00114417888702	0.00663870699554	0	0.000201671818215	0.000189324564039	0.0011524103898	8.23150278431e-06	0.00267935415629	0.0425980269088	0.0157550963292	6.17362708823e-05	3.29260111372e-05	9.46622820195e-05	0.000135819795941	0	4.11575139215e-06	0.00299626701349	0	0.000909581057666	3.70417625294e-05	0	0	0	0	0	4.11575139215e-06	0	0	0.000119356790372	0	9.87780334117e-05	4.11575139215e-06	0	0	7.81992764509e-05	2.46945083529e-05	0.000111125287588	0	4.11575139215e-06	2.05787569608e-05	1.23472541765e-05	0	0.000502121669843	0.000518584675411	0.000411575139215	0	0	0	0	0	0	5.76205194901e-05	0.000872539295136	0.00369182899876	0.0024653350839	0.00059266820047	4.52732653137e-05	1.23472541765e-05	4.11575139215e-05	4.11575139215e-05	0.000107009536196	5.3504768098e-05	2.05787569608e-05	8.23150278431e-06	0	4.11575139215e-06
8.23150278431e-06	0.00543690758903	0.0108902781836	0	4.11575139215e-06	0	8.23150278431e-06	0.000139935547333	4.11575139215e-05	0.000123472541765	2.05787569608e-05	0.00185620387786	8.23150278431e-06	0.00198379217102	2.05787569608e-05	1.23472541765e-05	0.00284809996337	0.00309916079829	0.000321028608588	0.00218546398923	4.11575139215e-06	0.00106597961057	0.00279047944388	0.00713671291399	0.000300449851627	0.00329671686511	0.0157550963292	0.0556573060761	0.000460964155921	9.87780334117e-05	0.000353954619725	2.88102597451e-05	0	1.64630055686e-05	0.0028851417259	4.11575139215e-06	0.00143228148447	0.000242829332137	0	0	0	0	4.11575139215e-06	0	2.05787569608e-05	0	9.46622820195e-05	0	8.23150278431e-05	0	0	0.000329260111372	0.000107009536196	0	9.87780334117e-05	0	4.11575139215e-05	0.000436269647568	0.000304565603019	4.11575139215e-06	0.000423922393392	0.00068733048249	0.00252295560339	1.23472541765e-05	0	4.11575139215e-05	8.23150278431e-06	0	4.11575139215e-06	0.00015228280151	0.00169980532496	0.00376179677243	0.00221015849759	0.000703793488058	7.81992764509e-05	1.64630055686e-05	2.88102597451e-05	0.00011524103898	0.000197556066823	0.000156398552902	5.76205194901e-05	0	4.11575139215e-06	8.23150278431e-06
0.000436269647568	5.3504768098e-05	0.000469195658705	0	0.00565915816421	2.46945083529e-05	0.000905465306274	0.0200519407826	0.00135408220802	0.00407459387823	0.0089682222835	8.23150278431e-06	0.000567973692117	0	0.00113594738423	8.23150278431e-05	0.00479073462047	0.00026752384049	4.11575139215e-06	2.46945083529e-05	0.00557684313637	0.00677864254288	0.00195086615988	0.00442031699517	0.0181422321366	0	6.17362708823e-05	0.000460964155921	0.0575052784512	0.00148990200396	0.00663047549276	0	4.11575139215e-06	0.000164630055686	0.0031444340636	4.52732653137e-05	1.64630055686e-05	1.64630055686e-05	0	5.3504768098e-05	0	1.64630055686e-05	5.76205194901e-05	8.23150278431e-06	0.000847844786783	1.23472541765e-05	0	1.23472541765e-05	0	2.46945083529e-05	4.11575139215e-06	5.76205194901e-05	0	0	0	8.23150278431e-06	3.70417625294e-05	0.000403343636431	0.000102893784804	0.000279871094666	0	0	1.64630055686e-05	9.87780334117e-05	7.40835250588e-05	0.000176977309863	0	0	4.11575139215e-05	6.99677736666e-05	0.00276990068692	0.00133761920245	0.00131704044549	0.000473311410098	0.000642057217176	4.11575139215e-05	4.11575139215e-06	0.000139935547333	4.11575139215e-06	3.70417625294e-05	2.05787569608e-05	4.11575139215e-05	4.11575139215e-06	4.11575139215e-06
0.00306211903576	1.64630055686e-05	0.000102893784804	0	0.000144051298725	0.000559742189333	0.00270404866464	0.00260527063123	0.00310739230108	0.000407459387823	0.00193440315431	5.3504768098e-05	0.000185208812647	4.11575139215e-06	0.00368771324737	0.000160514304294	0.000193440315431	5.3504768098e-05	1.23472541765e-05	1.23472541765e-05	0.000189324564039	0.000378649128078	0.000164630055686	0.000473311410098	0.000806687272862	8.23150278431e-06	3.29260111372e-05	9.87780334117e-05	0.00148990200396	0.0251966300228	0.00683214731097	0	0.000193440315431	0.003148549815	0.0026752384049	0	4.11575139215e-06	4.11575139215e-06	0	0	0	0	4.11575139215e-06	4.11575139215e-06	7.40835250588e-05	0	0	4.11575139215e-06	0	4.11575139215e-06	0	8.23150278431e-06	0	0	0	0	8.23150278431e-06	2.05787569608e-05	1.23472541765e-05	2.88102597451e-05	1.23472541765e-05	0	4.11575139215e-06	8.23150278431e-06	4.11575139215e-06	1.64630055686e-05	0	0	4.11575139215e-06	1.64630055686e-05	0.00171215257914	0.000337491614157	0.00209080170721	0.00047742716149	0.00150636500953	0.000181093061255	1.23472541765e-05	3.70417625294e-05	8.23150278431e-06	2.05787569608e-05	8.23150278431e-06	8.23150278431e-06	0	0
0.00209080170721	2.88102597451e-05	0.000740835250588	0	0.000160514304294	1.23472541765e-05	0.000444501150353	0.0091781256045	0.000814918775646	0.000794340018686	0.00136642946219	2.46945083529e-05	7.40835250588e-05	0	0.00105774810778	3.70417625294e-05	0.000884886549313	0.000662635974137	4.11575139215e-06	6.17362708823e-05	0.000119356790372	0.0103716935082	0.000551510686548	0.00433388621594	0.00164630055686	8.23150278431e-06	9.46622820195e-05	0.000353954619725	0.00663047549276	0.00683214731097	0.0361856862398	0	0	0.000856076289568	0.00650700295099	8.23150278431e-06	1.64630055686e-05	1.23472541765e-05	0	4.11575139215e-06	0	4.11575139215e-06	1.64630055686e-05	0	0.000189324564039	4.11575139215e-06	0	0	0	0	0	3.29260111372e-05	0	0	0	0	1.23472541765e-05	0.000131704044549	4.52732653137e-05	6.17362708823e-05	4.11575139215e-06	0	4.11575139215e-06	2.46945083529e-05	1.23472541765e-05	4.93890167058e-05	0	0	8.23150278431e-06	2.46945083529e-05	0.00244064057555	0.00111536862727	0.001469323247	0.000493890167058	0.000539163432372	1.64630055686e-05	4.11575139215e-06	5.3504768098e-05	1.23472541765e-05	2.05787569608e-05	2.88102597451e-05	4.11575139215e-06	0	0
0	0	0	0	0	0	0	0	0	0	0	4.52732653137e-05	0	0.000111125287588	0	0	0	0	0	0	0	0	0	0	0	4.11575139215e-06	0.000135819795941	2.88102597451e-05	0	0	0	0.000148167050118	0	0	0	0	0	0	0	0	0	0	0	0	0	0	0	0	0	0	0	0	0	0	0	0	0	0	0	0	0	0	0	0	0	0	0	0	0	0	0	0	0	0	0	0	0	0	0	0	0	0	0	0
0	0	0	0	0	0.000514468924019	0.000144051298725	0	0.000214019072392	0	0	0	0	0	0.000432153896176	0	0	0	0	0	0	0	0	0	0	0	0	0	4.11575139215e-06	0.000193440315431	0	0	0.000979548831332	0	0.000119356790372	0	0	0	0	0	0	0	0	0	0	0	0	0	0	0	0	0	0	0	0	0	0	0	0	0	0	0	0	0	0	0	0	0	0	0	4.11575139215e-06	0	2.46945083529e-05	4.11575139215e-06	3.70417625294e-05	8.64307792352e-05	0	0	0	0	0	0	0	0
0.000168745807078	0	8.23150278431e-06	0	4.11575139215e-06	0	9.05465306274e-05	0.000209903321	0.000119356790372	7.40835250588e-05	0.000160514304294	0	2.05787569608e-05	0	0.000111125287588	1.23472541765e-05	2.05787569608e-05	4.11575139215e-06	0	0	2.46945083529e-05	7.81992764509e-05	1.64630055686e-05	4.52732653137e-05	9.87780334117e-05	4.11575139215e-06	4.11575139215e-06	1.64630055686e-05	0.000164630055686	0.003148549815	0.000856076289568	0	0	0.00367948174458	0.000296334100235	0	0	0	0	4.11575139215e-06	0	0	4.11575139215e-06	0	8.23150278431e-06	4.11575139215e-06	0	4.11575139215e-06	0	0	0	0	0	0	0	0	0	0	0	8.23150278431e-06	4.11575139215e-06	0	0	0	0	0	0	0	0	0	0.000214019072392	4.93890167058e-05	0.000123472541765	5.3504768098e-05	9.87780334117e-05	0	0	4.11575139215e-06	4.11575139215e-06	0	0	4.11575139215e-06	0	0
0.000127588293157	0.000712024990842	0.00389761656837	0	4.11575139215e-05	0.000522700426803	0.00141170272751	0.0019426346571	0.00138289246776	0.000460964155921	0.000621478460215	0.00418160341443	6.17362708823e-05	0.000851960538176	0.000856076289568	0.000238713580745	0.00132115619688	0.00586082998243	0.000242829332137	0.00341195790409	4.52732653137e-05	0.00639587766341	0.00113594738423	0.00882417098478	0.00104540085361	0.000679098979705	0.00299626701349	0.0028851417259	0.0031444340636	0.0026752384049	0.00650700295099	0	0.000119356790372	0.000296334100235	0.0438986043487	1.23472541765e-05	0.000308681354411	3.70417625294e-05	0	1.23472541765e-05	4.11575139215e-06	0	1.23472541765e-05	0	0.000111125287588	4.11575139215e-06	1.64630055686e-05	0	3.70417625294e-05	4.11575139215e-06	0	1.23472541765e-05	2.88102597451e-05	0	2.46945083529e-05	8.23150278431e-06	1.64630055686e-05	0.000176977309863	6.17362708823e-05	2.88102597451e-05	0.000102893784804	0.000107009536196	0.000160514304294	4.11575139215e-06	1.64630055686e-05	3.70417625294e-05	0	4.11575139215e-06	1.23472541765e-05	5.76205194901e-05	0.00817799801621	0.00639587766341	0.0182903991867	0.00411163564076	0.00151459651231	0.000345723116941	0.00047742716149	0.000283986846059	8.23150278431e-05	6.17362708823e-05	9.46622820195e-05	1.23472541765e-05	8.23150278431e-06	4.11575139215e-06
0	0	0	0	1.23472541765e-05	0	0	2.46945083529e-05	4.11575139215e-06	0.000185208812647	1.23472541765e-05	0	0	0	0	4.11575139215e-06	1.23472541765e-05	0	0	0	4.11575139215e-06	4.11575139215e-06	1.23472541765e-05	4.11575139215e-06	8.23150278431e-05	0	0	4.11575139215e-06	4.52732653137e-05	0	8.23150278431e-06	0	0	0	1.23472541765e-05	0.0189941926748	8.23150278431e-06	0.000123472541765	0	0.000275755343274	0	0.00153105951788	0.00551922261688	0.00418160341443	0.000605015454646	0.000386880630862	8.23150278431e-06	0.000679098979705	0	0.00992719235787	0.000144051298725	0.000238713580745	1.64630055686e-05	0	8.23150278431e-06	0.000255176586313	0.000526816178196	0.000218134823784	0.000613246957431	0.0011524103898	0	4.11575139215e-06	4.93890167058e-05	0.00116887339537	0.00869658269162	0.00648642419403	0	4.11575139215e-05	0.000613246957431	0.00244064057555	2.05787569608e-05	8.23150278431e-06	8.23150278431e-06	8.23150278431e-06	0	0	0	0.000674983228313	0.00011524103898	0.0011030213731	0.000395112133647	0.000543279183764	0.000156398552902	4.11575139215e-06
0	0.00240771456441	0.000728487996411	0	0	0	4.11575139215e-06	8.23150278431e-06	4.11575139215e-06	4.11575139215e-06	0	0.000193440315431	0	8.23150278431e-05	0	0	4.11575139215e-05	0.000366301873902	3.70417625294e-05	0.000312797105804	0	4.93890167058e-05	0.000419806642	0.000341607365549	1.23472541765e-05	0.00044038539896	0.000909581057666	0.00143228148447	1.64630055686e-05	4.11575139215e-06	1.64630055686e-05	0	0	0	0.000308681354411	8.23150278431e-06	0.0200272462742	0.00149813350674	0	0	0	4.11575139215e-06	1.64630055686e-05	4.11575139215e-06	8.23150278431e-05	0	0.000271639591882	4.11575139215e-06	0.000201671818215	4.11575139215e-06	0	0.000218134823784	0.00130057743992	0.000107009536196	0.000913696809058	0	0.000107009536196	0.00317324432335	0.00102070634525	2.46945083529e-05	0.00249002959225	0.00579497796015	0.0116681551968	3.29260111372e-05	3.70417625294e-05	0.00011524103898	0	4.11575139215e-06	1.23472541765e-05	0.00105774810778	0.000164630055686	0.00106597961057	0.000251060834921	6.17362708823e-05	4.11575139215e-06	0	8.23150278431e-06	0.000514468924019	0.00143639723586	0.00109478987031	0.00053504768098	2.46945083529e-05	4.11575139215e-05	3.70417625294e-05
0	0.000111125287588	0.000107009536196	0	0	0	0	1.64630055686e-05	0	3.29260111372e-05	8.23150278431e-06	0	4.11575139215e-06	0	0	0	4.11575139215e-05	1.64630055686e-05	0	4.11575139215e-06	0	2.05787569608e-05	0.000271639591882	5.76205194901e-05	1.64630055686e-05	8.23150278431e-06	3.70417625294e-05	0.000242829332137	1.64630055686e-05	4.11575139215e-06	1.23472541765e-05	0	0	0	3.70417625294e-05	0.000123472541765	0.00149813350674	0.0301931522128	0	8.23150278431e-06	0	8.23150278431e-06	0.00017286155847	2.05787569608e-05	0.000131704044549	0	5.3504768098e-05	0	8.23150278431e-06	4.52732653137e-05	4.11575139215e-06	0.00128411443435	0.00257646037149	8.23150278431e-06	0.000251060834921	4.11575139215e-06	0.00307858204133	0.00232539953657	0.0186649325634	0.000160514304294	3.70417625294e-05	0.00416514040886	0.00922751462121	0.000370417625294	0.000201671818215	0.0019426346571	0	4.11575139215e-06	7.81992764509e-05	0.00300038276488	0.00011524103898	5.76205194901e-05	3.70417625294e-05	2.46945083529e-05	8.23150278431e-06	0	0	0.00219369549202	0.00253941860896	0.00302919302462	0.00163806905408	0.000123472541765	0.000144051298725	4.11575139215e-05
0	0	0	0	0	0	0	0	0	0	0	0	0	0	0	0	0	0	0	0	0	0	0	0	0	0	0	0	0	0	0	0	0	0	0	0	0	0	0	0	0	0	0	0	0	0	0	0	0	0	0	0	0	0	0	0	0	0	0	0	0	0	0	0	0	0	0	0	0	0	0	0	0	0	0	0	0	0	0	0	0	0	0	0
0	0	0	0	0.000251060834921	0	0	2.05787569608e-05	0	9.05465306274e-05	1.23472541765e-05	0	2.88102597451e-05	0	0	0	0	0	0	0	0.00011524103898	4.11575139215e-06	8.23150278431e-06	0	5.3504768098e-05	0	0	0	5.3504768098e-05	0	4.11575139215e-06	0	0	4.11575139215e-06	1.23472541765e-05	0.000275755343274	0	8.23150278431e-06	0	0.0139565129708	0	0.000185208812647	0.00065028871996	9.87780334117e-05	0.000337491614157	0.00331729562208	0	0.000930159814627	0	0.000168745807078	0	4.93890167058e-05	0	0	0	0.00511999473184	3.70417625294e-05	3.70417625294e-05	4.93890167058e-05	0.0049841749359	0	0	0	0.00452321077998	0.000201671818215	0.000242829332137	0	0	4.11575139215e-05	0.000185208812647	4.11575139215e-06	0	0	0	0	0	0	9.87780334117e-05	2.05787569608e-05	7.40835250588e-05	2.05787569608e-05	2.46945083529e-05	4.11575139215e-06	0
0	0	0	0	0	0	0	0	0	0	0	0	0	0	4.11575139215e-06	0	0	0	0	0	0	0	0	0	0	0	0	0	0	0	0	0	0	0	4.11575139215e-06	0	0	0	0	0	0.00254765011174	0.00015228280151	0	0.000337491614157	0	0	0	0	0	0.00011524103898	0.000312797105804	4.11575139215e-06	0	0	0	0	4.11575139215e-06	0	0	4.11575139215e-06	0	0	0	0	0.000102893784804	8.23150278431e-06	0	0.00107421111335	4.11575139215e-06	0.000148167050118	8.23150278431e-06	0	8.23150278431e-06	4.11575139215e-06	4.11575139215e-06	0	0	4.11575139215e-06	0	3.70417625294e-05	1.64630055686e-05	0.000794340018686	0.000164630055686	0
0	0	0	0	0	0	0	1.23472541765e-05	0	2.46945083529e-05	4.11575139215e-06	0	0	0	0	0	0	0	0	0	0	4.11575139215e-06	8.23150278431e-06	0	8.23150278431e-06	0	0	0	1.64630055686e-05	0	4.11575139215e-06	0	0	0	0	0.00153105951788	4.11575139215e-06	8.23150278431e-06	0	0.000185208812647	0.00015228280151	0.0250114212101	0.000901349554881	0.00757298256156	0.000111125287588	0.00365890298762	1.64630055686e-05	0.00468372508427	4.11575139215e-06	0.00358893521396	0.00196321341406	2.88102597451e-05	0	0	0	0.00105363235639	3.29260111372e-05	1.64630055686e-05	3.29260111372e-05	0.000370417625294	4.11575139215e-06	4.11575139215e-06	1.23472541765e-05	0.000275755343274	0.00219781124341	0.000288102597451	0	0.000753182504764	6.58520222744e-05	0.00119356790372	0	0	0	0	0	0	0	0.000185208812647	3.70417625294e-05	0.000432153896176	0.000119356790372	0.0017286155847	0.000189324564039	4.11575139215e-06
