0.0172780535135	0	6.63424180982e-05	0	5.39032147048e-05	0	0.00184514850336	0.0093874521609	0.00333370650944	0	0.00043537211877	0.000111952830541	0.000211466457688	1.65856045246e-05	0.00663424180982	0	0	0.00061781376854	2.9024807918e-05	2.48784067868e-05	0.000116099231672	0.000136831237328	0	1.65856045246e-05	0.00193636932824	0	0.000601228164015	8.70744237539e-05	0.00159636443549	0.0100591691441	0.0047268972895	2.48784067868e-05	0	0.00083757302849	0.000829280226228	0	0	0	0	3.31712090491e-05	0	0	0	0	0	0	0	2.07320056557e-05	4.14640113114e-06	0	0	0	0	4.14640113114e-06	0	0	0	0	4.14640113114e-06	4.14640113114e-06	4.14640113114e-06	4.14640113114e-06	0	0	0	0	4.14640113114e-06	0	0	0	1.24392033934e-05	0	0.000696595390031	0.000111952830541	0.000157563242983	0	0	4.14640113114e-06	4.14640113114e-06	0	4.14640113114e-06	0	0	0
0	0.0196332093559	1.24392033934e-05	0	0	4.14640113114e-06	4.14640113114e-06	0	2.9024807918e-05	0.00529910064559	0	8.29280226228e-06	4.56104124425e-05	0.000369029700671	2.48784067868e-05	0.000161709644114	0.000190734452032	0.000294394480311	0	4.14640113114e-06	4.14640113114e-06	4.14640113114e-06	0.00643521455553	3.31712090491e-05	0.00451128443068	0.00236759504588	0.000804401819441	0.0160838899877	0	0	0	0	2.07320056557e-05	0	1.24392033934e-05	0	0.00947452658465	0	0	0	0	0	4.14640113114e-06	0	0.000149270440721	0	8.29280226228e-06	0	0.000174148847508	8.29280226228e-06	0	0.000286101678049	8.29280226228e-06	1.24392033934e-05	4.56104124425e-05	0	4.14640113114e-06	0.000505860937999	2.9024807918e-05	0.000111952830541	0.00330053530039	0.00112367470654	0.00985184908758	1.24392033934e-05	8.29280226228e-06	0	0	0	0	4.14640113114e-06	0.000323419288229	0.000136831237328	0.000203173655426	0	2.07320056557e-05	0	8.29280226228e-06	0.000186588050901	0.000236344864475	2.9024807918e-05	4.14640113114e-06	0	0	0
6.63424180982e-05	1.24392033934e-05	0.0251810940694	0	1.24392033934e-05	1.65856045246e-05	4.56104124425e-05	0.00110294270088	0.000319272887098	4.97568135737e-05	2.48784067868e-05	9.1220824885e-05	8.29280226228e-06	0	0.000232198463344	0	0.000111952830541	0.00544837108632	7.04888192293e-05	3.73176101802e-05	1.65856045246e-05	0.000352444096147	1.65856045246e-05	0.00589618240848	0.000153416841852	0	0.00566398394513	0.00980623867514	0.000563910553835	4.97568135737e-05	0.000887329842064	0	9.1220824885e-05	0	0.000986843469211	0	0.00118587072351	0.000228052062213	0	4.14640113114e-06	0	0	4.14640113114e-06	0	4.56104124425e-05	0	0	0	0	8.29280226228e-06	1.65856045246e-05	2.9024807918e-05	3.73176101802e-05	0	8.70744237539e-05	0	0.000116099231672	4.56104124425e-05	0.000265369672393	2.9024807918e-05	0	0.000215612858819	0.00229295982552	2.9024807918e-05	4.14640113114e-06	0	0	0	0	4.14640113114e-06	0.00420859714811	0.000431225717638	0.00193636932824	0.000671716983244	0.000178295248639	0	0	0.000223905661081	0.000223905661081	0	3.73176101802e-05	0	0	0
0	0	0	0	0	0	0	0	0	0	0	0	0	0	0	0	0	0	0	0	0	0	0	0	0	0	0	0	0	0	0	0	0	0	0	0	0	0	0	0	0	0	0	0	0	0	0	0	0	0	0	0	0	0	0	0	0	0	0	0	0	0	0	0	0	0	0	0	0	0	0	0	0	0	0	0	0	0	0	0	0	0	0	0
5.39032147048e-05	0	1.24392033934e-05	0	0.0138075157667	2.07320056557e-05	0.000961965062424	0.000406347310852	0.000999282672604	0.00299784801781	0.00691205068561	0.00122318833369	0.00414640113114	0.000310980084835	0.000252930468999	0.000543178548179	0	4.56104124425e-05	0.000252930468999	0.000356590497278	0.00905159366927	0	8.29280226228e-06	8.29280226228e-06	0.00466884767366	0	0.000170002446377	7.87816214916e-05	0.00592106081527	0.000377322502934	0	9.95136271473e-05	8.29280226228e-05	0	0.00147197240155	0	0	0	0	0.00513324460035	0	0	0	0	0.00139733718119	4.14640113114e-06	0	4.14640113114e-06	0	0	4.14640113114e-06	0	0	0	0	0.000269516073524	1.24392033934e-05	4.14640113114e-06	0	0.00330053530039	0	0	0	0.00083757302849	0	0	0	0	0	0	9.95136271473e-05	8.29280226228e-06	0.00171661006829	0.000456104124425	0.000903915446588	4.14640113114e-05	4.14640113114e-06	1.24392033934e-05	1.24392033934e-05	0	0	4.14640113114e-06	0	0
0	4.14640113114e-06	1.65856045246e-05	0	2.07320056557e-05	0.00595008562318	0.00393908107458	4.56104124425e-05	0.000796109017179	0	0.00135587316988	1.24392033934e-05	0.00080025541831	4.14640113114e-06	4.97568135737e-05	0.00161295004001	0	0	8.29280226228e-06	0	0.000140977638459	0	0	3.73176101802e-05	4.14640113114e-06	0	8.29280226228e-06	2.07320056557e-05	0.000136831237328	4.14640113114e-06	0	0	0.00115269951446	0	8.70744237539e-05	0	4.14640113114e-06	0	0	4.14640113114e-06	0	0	0	0	4.14640113114e-06	0	0	0.000443664921032	4.14640113114e-06	0	0	0	0	0	8.29280226228e-06	0.000252930468999	0	0	0	0	0	2.07320056557e-05	4.14640113114e-06	0	0	0	0	0	0	0	0.000277808875786	2.48784067868e-05	8.29280226228e-06	0	0.00124392033934	0.000431225717638	0	5.39032147048e-05	3.73176101802e-05	4.14640113114e-06	4.14640113114e-06	0	4.14640113114e-06	4.14640113114e-06
0.00184514850336	4.14640113114e-06	4.56104124425e-05	0	0.000961965062424	0.00393908107458	0.0584476703445	0.0121240769074	0.0314711845853	0.000501714536868	0.0308616636191	0.00776206291749	0.0191107628134	0.00329638889925	0.00603716004694	0.00308077604044	0	6.21960169671e-05	0.00170831726603	0.001011721876	0.00563495913722	8.29280226228e-05	4.14640113114e-06	0.000103660028278	0.000924647452244	0	0.000978550666949	0.000265369672393	0.00607033125599	0.00529080784333	0.00058464255949	0.00109050349749	0.000866597836408	0.000534885745917	0.00867012476521	0	1.24392033934e-05	0	0	0.000120245632803	0	0	0	4.14640113114e-05	0.000174148847508	0	1.65856045246e-05	0.00347468414789	2.48784067868e-05	4.97568135737e-05	4.14640113114e-06	0	0	0	1.24392033934e-05	0.00116513871785	8.29280226228e-06	1.24392033934e-05	2.07320056557e-05	0.000348297695016	2.07320056557e-05	4.56104124425e-05	5.39032147048e-05	0.000103660028278	1.24392033934e-05	0	0	1.65856045246e-05	0	2.48784067868e-05	0.000775377011523	0.000116099231672	0.00318443606871	0.000248784067868	0.00131026275744	0.000153416841852	4.14640113114e-06	0.000161709644114	7.87816214916e-05	2.9024807918e-05	4.14640113114e-06	4.14640113114e-06	4.14640113114e-06	4.14640113114e-06
0.0093874521609	0	0.00110294270088	0	0.000406347310852	4.56104124425e-05	0.0121240769074	0.0609313646221	0.0164156020782	6.63424180982e-05	0.00834255907585	0.000920501051113	7.04888192293e-05	4.14640113114e-06	0.00939989136429	0.000704888192293	0	0.00100342907374	0.00047268972895	0.00116928511898	8.70744237539e-05	0.00206905416444	0	0.00195295493277	0.00531568625012	0	0.00131026275744	0.00122318833369	0.0216732387125	0.00898110485005	0.0166975573551	0	3.31712090491e-05	0.00244223026624	0.0042749395662	0	0	4.14640113114e-06	0	4.14640113114e-06	0	1.24392033934e-05	0	0.000186588050901	2.48784067868e-05	0	6.21960169671e-05	1.24392033934e-05	4.14640113114e-06	0.00021975925995	1.24392033934e-05	1.65856045246e-05	4.14640113114e-06	1.24392033934e-05	0	1.24392033934e-05	0.000128538435065	4.97568135737e-05	9.95136271473e-05	0.00179124528865	0	2.48784067868e-05	0.000170002446377	0.000924647452244	9.95136271473e-05	0	0	8.70744237539e-05	0	9.53672260162e-05	0.00102416107939	3.73176101802e-05	0.0034622449445	0.00106147868957	0.000294394480311	5.39032147048e-05	0	0.000580496158359	0.000252930468999	9.53672260162e-05	0	0	0	0
0.00333370650944	2.9024807918e-05	0.000319272887098	0	0.000999282672604	0.000796109017179	0.0314711845853	0.0164156020782	0.0608608758028	8.29280226228e-05	0.0157687635017	0.00907232567493	0.0106396653025	0.00402615549834	0.0220298292097	0.000489275333474	0	0.00029024807918	0.00172490287055	0.000543178548179	0.00355761217052	0.000700741791162	8.29280226228e-06	0.00051000733913	0.00114440671219	8.29280226228e-06	0.00159221803436	0.00128953075178	0.00762937808129	0.00770401330165	0.0019571013339	0.00144294759364	0.00415054753227	0.00065513137872	0.0108428389579	0	0.000124392033934	8.29280226228e-06	0	0.000252930468999	0	4.14640113114e-06	1.24392033934e-05	0.000252930468999	8.29280226228e-05	0	7.04888192293e-05	0.00243393746398	2.07320056557e-05	0.000331712090491	4.14640113114e-06	8.29280226228e-06	4.14640113114e-06	0	5.80496158359e-05	0.000733913000211	4.56104124425e-05	4.56104124425e-05	6.21960169671e-05	0.000385615305196	5.80496158359e-05	0.000215612858819	0.000228052062213	0.000331712090491	0.000157563242983	0	4.14640113114e-06	0.000132684836196	0	0.000124392033934	0.00362395458861	0.000348297695016	0.00385200665083	0.000456104124425	0.00121904193255	1.24392033934e-05	1.24392033934e-05	0.000323419288229	0.000111952830541	0.000111952830541	4.14640113114e-06	2.07320056557e-05	8.29280226228e-06	0
0	0.00529910064559	4.97568135737e-05	0	0.00299784801781	0	0.000501714536868	6.63424180982e-05	8.29280226228e-05	0.0416713313679	0.00149685080834	5.80496158359e-05	0.00552715270781	1.65856045246e-05	8.29280226228e-06	0.00349956255468	2.07320056557e-05	2.48784067868e-05	4.14640113114e-06	1.24392033934e-05	0.00331297450378	3.31712090491e-05	0.00886500561837	8.29280226228e-06	0.0361027146488	0.000543178548179	7.46352203605e-05	0.00460665165669	0.00444908841371	4.14640113114e-06	3.73176101802e-05	0	8.29280226228e-06	0	7.46352203605e-05	0.000128538435065	0.000879037039801	3.73176101802e-05	0	0.00442421000692	4.14640113114e-06	5.39032147048e-05	0.000116099231672	0.000170002446377	0.0196788197684	0	4.56104124425e-05	5.80496158359e-05	0.000111952830541	0.000269516073524	0.000174148847508	0.00216442139045	0.000199027254295	0.000775377011523	0.000530739344786	0.000132684836196	0.000186588050901	0.00743864362926	0.000389761706327	0.0135587316988	0.000161709644114	0.00129782355405	0.00229295982552	0.00588788960622	0.000480982531212	0.000829280226228	0	9.1220824885e-05	0.000132684836196	0.00021975925995	0.001011721876	0.000111952830541	0.000174148847508	7.04888192293e-05	0.00235100944136	0	0	0.00770815970279	0.0052866614422	0.000696595390031	0.000352444096147	0.000128538435065	0.000136831237328	3.31712090491e-05
0.00043537211877	0	2.48784067868e-05	0	0.00691205068561	0.00135587316988	0.0308616636191	0.00834255907585	0.0157687635017	0.00149685080834	0.0605001389044	0.00769986690052	0.0202302911188	0.00109050349749	0.00287345598388	0.00137245877441	0	0.000178295248639	0.00206905416444	0.00357419777504	0.0138531261791	0	0	6.21960169671e-05	0.00128123794952	0	0.00189905171806	0.000816841022834	0.014068739038	0.00325077848681	4.14640113114e-06	0.000377322502934	0.000161709644114	2.07320056557e-05	0.00901842246023	0	4.14640113114e-06	0	0	0.00348297695016	0	8.29280226228e-06	0	1.65856045246e-05	0.000854158633014	0	8.29280226228e-06	0.00446567401824	1.24392033934e-05	2.9024807918e-05	8.29280226228e-06	4.14640113114e-06	0	4.14640113114e-06	0	0.00192393012485	8.29280226228e-06	1.24392033934e-05	3.73176101802e-05	0.00192393012485	1.65856045246e-05	8.70744237539e-05	7.46352203605e-05	0.000427079316507	1.65856045246e-05	0	0	4.14640113114e-06	0	1.65856045246e-05	0.000630252971933	6.63424180982e-05	0.00686229387203	0.00111123550315	0.00061781376854	9.53672260162e-05	8.29280226228e-06	0.000157563242983	5.80496158359e-05	1.24392033934e-05	0	0	0	0
0.000111952830541	8.29280226228e-06	9.1220824885e-05	0	0.00122318833369	1.24392033934e-05	0.00776206291749	0.000920501051113	0.00907232567493	5.80496158359e-05	0.00769986690052	0.0378566423273	0.00803157899101	0.00935842735298	0.00566398394513	0.000161709644114	2.07320056557e-05	0.000920501051113	0.00935842735298	0.00929623133601	0.00330468170152	1.65856045246e-05	8.29280226228e-06	6.21960169671e-05	0.000742205802474	0.00040220090972	0.00788645495142	0.00211881097801	0.00255418309678	0.00493007094492	0.000116099231672	0.00225149581421	0.000555617751573	0	0.0206034672206	0	2.07320056557e-05	4.14640113114e-06	0	0.000638545774195	0	0	0	4.14640113114e-06	6.63424180982e-05	0	0.00040220090972	0.000269516073524	0.00122733473482	1.24392033934e-05	0	0	0	4.14640113114e-06	4.97568135737e-05	0	2.9024807918e-05	3.73176101802e-05	2.07320056557e-05	0.000128538435065	0.000779523412654	0.000389761706327	0.000281955276917	0.000103660028278	8.29280226228e-06	0	0.000269516073524	4.14640113114e-06	0	0	0.00574276556663	0.00432469637978	0.014388011925	0.00235515584249	0.000190734452032	0	0.000422932915376	0.000161709644114	5.80496158359e-05	4.14640113114e-06	0	0	0	0
0.000211466457688	4.56104124425e-05	8.29280226228e-06	0	0.00414640113114	0.00080025541831	0.0191107628134	7.04888192293e-05	0.0106396653025	0.00552715270781	0.0202302911188	0.00803157899101	0.0452952859566	0.00257906150357	0.00369858980898	0.00405932670738	0	1.24392033934e-05	0.00188246611354	0.00172075646942	0.0114357743197	0	0.000111952830541	4.56104124425e-05	0.00446982041937	2.07320056557e-05	0.00138904437893	0.000464396926687	0.00269516073524	0.00275735675221	0	0.000779523412654	0.000414640113114	4.14640113114e-06	0.00836329108151	0.000497568135737	3.31712090491e-05	0	0	0.00313053285401	0	7.87816214916e-05	4.14640113114e-06	5.39032147048e-05	0.00216442139045	4.14640113114e-06	0.000385615305196	0.00677936584941	4.14640113114e-05	0.000422932915376	7.04888192293e-05	4.14640113114e-06	0	2.07320056557e-05	7.04888192293e-05	0.00318858246985	4.14640113114e-06	1.65856045246e-05	2.9024807918e-05	0.00379810343612	4.97568135737e-05	8.70744237539e-05	0.000120245632803	0.000207320056557	0.000414640113114	0	1.24392033934e-05	1.24392033934e-05	0	0.000422932915376	0.000592935361753	0.000116099231672	0.00363639379201	0.000136831237328	0.00197368693842	4.14640113114e-05	4.14640113114e-06	0.000161709644114	0.000116099231672	0.000447811322163	0	7.46352203605e-05	0	0
1.65856045246e-05	0.000369029700671	0	0	0.000310980084835	4.14640113114e-06	0.00329638889925	4.14640113114e-06	0.00402615549834	1.65856045246e-05	0.00109050349749	0.00935842735298	0.00257906150357	0.0209103009043	0.00124392033934	0	4.14640113114e-06	4.14640113114e-06	0.000111952830541	8.29280226228e-06	0.00103245388165	4.97568135737e-05	4.14640113114e-05	1.65856045246e-05	0.000103660028278	0.00246710867303	0.00190734452032	0.00172075646942	0.000422932915376	0.000265369672393	1.24392033934e-05	0.00213954298367	0.00040220090972	0	0.00447811322163	4.14640113114e-06	0.000232198463344	0	0	4.14640113114e-06	0	0	0	0	6.63424180982e-05	4.14640113114e-06	0.000601228164015	3.73176101802e-05	0.00617399128426	1.65856045246e-05	0	0	0	0	0	1.24392033934e-05	0	7.46352203605e-05	0	5.80496158359e-05	0.00320102167324	0.00174563487621	0.000601228164015	1.65856045246e-05	1.65856045246e-05	0	0.00243393746398	0	0	2.9024807918e-05	0.000344151293884	0.0037690786282	0.00318028966758	0.000530739344786	2.07320056557e-05	5.80496158359e-05	0.000518300141392	2.07320056557e-05	4.14640113114e-05	6.63424180982e-05	0	0	0	0.000136831237328
0.00663424180982	2.48784067868e-05	0.000232198463344	0	0.000252930468999	4.97568135737e-05	0.00603716004694	0.00939989136429	0.0220298292097	8.29280226228e-06	0.00287345598388	0.00566398394513	0.00369858980898	0.00124392033934	0.0364178411348	4.97568135737e-05	0	0.00100757547487	0.0013848979778	0.000286101678049	0.000775377011523	0.00061781376854	4.14640113114e-06	0.000398054508589	0.000609520966277	4.14640113114e-06	0.00184514850336	0.00111952830541	0.00230954543004	0.00913037529077	0.00332126730604	0.000489275333474	0.00362395458861	0.000323419288229	0.00658033859512	0	8.70744237539e-05	8.29280226228e-06	0	0.000153416841852	0	4.14640113114e-06	4.14640113114e-06	0.000165856045246	1.24392033934e-05	0	5.39032147048e-05	0.00029024807918	1.24392033934e-05	0.000215612858819	4.14640113114e-06	8.29280226228e-06	0	4.14640113114e-06	4.14640113114e-05	2.9024807918e-05	8.29280226228e-06	8.29280226228e-06	3.31712090491e-05	0.000120245632803	4.97568135737e-05	0.00014512403959	0.000140977638459	0.000149270440721	9.95136271473e-05	0	4.14640113114e-06	9.95136271473e-05	0	8.29280226228e-05	0.00206490776331	0.000257076870131	0.00228052062213	0.000294394480311	0.000543178548179	4.14640113114e-06	8.29280226228e-06	0.00010780642941	5.80496158359e-05	7.87816214916e-05	8.29280226228e-06	1.65856045246e-05	4.14640113114e-06	0
0	0.000161709644114	0	0	0.000543178548179	0.00161295004001	0.00308077604044	0.000704888192293	0.000489275333474	0.00349956255468	0.00137245877441	0.000161709644114	0.00405932670738	0	4.97568135737e-05	0.0107640573364	2.48784067868e-05	4.14640113114e-06	6.21960169671e-05	0.000111952830541	0.000539032147048	3.73176101802e-05	0.000410493711983	3.73176101802e-05	0.00318443606871	1.24392033934e-05	6.63424180982e-05	0.000194880853163	0.000825133825097	0	8.29280226228e-06	0	0.000161709644114	0	0.000165856045246	0	0.000132684836196	4.14640113114e-06	0	9.95136271473e-05	0	0	4.14640113114e-06	0	0.000348297695016	0	4.14640113114e-06	0.000228052062213	1.24392033934e-05	0	8.29280226228e-06	4.14640113114e-06	0	0	8.29280226228e-06	0.000128538435065	8.29280226228e-06	3.31712090491e-05	1.24392033934e-05	0.000650984977589	8.29280226228e-06	2.07320056557e-05	0.00014512403959	0.000244637666737	0	0	0	0	0	4.14640113114e-06	0.000153416841852	2.07320056557e-05	0.00087489063867	0.000733913000211	0.00294394480311	4.56104124425e-05	0	6.21960169671e-05	3.73176101802e-05	4.14640113114e-06	0	8.29280226228e-06	0	0
0	0.000190734452032	0.000111952830541	0	0	0	0	0	0	2.07320056557e-05	0	2.07320056557e-05	0	4.14640113114e-06	0	2.48784067868e-05	0.0161419396035	4.14640113114e-06	4.14640113114e-06	1.24392033934e-05	0	0.00211466457688	0.0114647991276	0.00474762929515	0.00251271908547	0	4.56104124425e-05	0.00228052062213	0.00043537211877	4.14640113114e-05	0.000111952830541	0	0	0	3.31712090491e-05	0	0.000377322502934	1.65856045246e-05	0	0	0	0	4.14640113114e-06	4.14640113114e-06	0	0	0	0	0	4.14640113114e-06	0	0.00296053040763	3.31712090491e-05	1.24392033934e-05	0	0	0.0031429720574	0.00610350246504	0.00321346087663	0.00112367470654	4.14640113114e-06	3.73176101802e-05	0.000431225717638	0.00188246611354	4.14640113114e-06	6.63424180982e-05	0	0	7.46352203605e-05	0.000323419288229	0.00123148113595	0.000186588050901	0.000319272887098	0.000223905661081	0.000161709644114	0	0	0.000161709644114	0.000427079316507	3.73176101802e-05	4.14640113114e-05	0	1.24392033934e-05	0
0.00061781376854	0.000294394480311	0.00544837108632	0	4.56104124425e-05	0	6.21960169671e-05	0.00100342907374	0.00029024807918	2.48784067868e-05	0.000178295248639	0.000920501051113	1.24392033934e-05	4.14640113114e-06	0.00100757547487	4.14640113114e-06	4.14640113114e-06	0.0272045378214	0.00065513137872	0.00460250525556	2.07320056557e-05	0.000970257864686	4.14640113114e-06	0.00362395458861	0.000286101678049	0	0.0125718882296	0.00606203845372	0.000588788960622	4.14640113114e-05	0.00241735185945	0	2.48784067868e-05	0	0.00789474775369	0	0.000957818661293	4.97568135737e-05	0	0	0	0	0	0	2.48784067868e-05	0	0	0	0	1.24392033934e-05	5.39032147048e-05	1.65856045246e-05	8.29280226228e-06	1.24392033934e-05	6.63424180982e-05	0	4.14640113114e-06	2.48784067868e-05	7.46352203605e-05	0	9.1220824885e-05	0.00236344864475	0.00131026275744	8.29280226228e-06	1.24392033934e-05	0	0	0	0	4.14640113114e-06	0.00119416352577	0.000493421734605	0.00381883544178	0.00131026275744	7.46352203605e-05	0	0	0.000190734452032	0.000252930468999	1.24392033934e-05	0	0	0	0
2.9024807918e-05	0	7.04888192293e-05	0	0.000252930468999	8.29280226228e-06	0.00170831726603	0.00047268972895	0.00172490287055	4.14640113114e-06	0.00206905416444	0.00935842735298	0.00188246611354	0.000111952830541	0.0013848979778	6.21960169671e-05	4.14640113114e-06	0.00065513137872	0.0117177295966	0.00521617262297	0.000613667367408	4.14640113114e-06	0	2.9024807918e-05	0.00036488329954	4.14640113114e-06	0.00224734941308	0.000310980084835	0.00112782110767	0.000704888192293	1.65856045246e-05	0.000298540881442	4.14640113114e-05	0	0.00512495179809	0	0	0	0	0.000128538435065	0	0	0	0	4.14640113114e-06	0	0	6.63424180982e-05	8.29280226228e-06	0	0	0	0	0	4.14640113114e-05	0	0	0	0	0	4.14640113114e-06	6.21960169671e-05	8.29280226228e-06	0	0	0	4.14640113114e-06	0	0	0	0.00235515584249	0.0011319675088	0.00512909819922	0.00149270440721	9.53672260162e-05	0	0	1.65856045246e-05	1.65856045246e-05	0	0	0	0	0
2.48784067868e-05	4.14640113114e-06	3.73176101802e-05	0	0.000356590497278	0	0.001011721876	0.00116928511898	0.000543178548179	1.24392033934e-05	0.00357419777504	0.00929623133601	0.00172075646942	8.29280226228e-06	0.000286101678049	0.000111952830541	1.24392033934e-05	0.00460250525556	0.00521617262297	0.0194051572937	0.00109050349749	7.04888192293e-05	8.29280226228e-06	9.53672260162e-05	0.000816841022834	8.29280226228e-06	0.0088815912229	0.00467714047592	0.00260808631149	0.000393908107458	0.000613667367408	2.9024807918e-05	0.000120245632803	0	0.0103742956301	0	0	4.14640113114e-06	0	0.000199027254295	0	0	0	0	1.24392033934e-05	0	0	4.14640113114e-06	9.53672260162e-05	0	0	0	0	4.14640113114e-06	8.29280226228e-06	0	1.65856045246e-05	8.29280226228e-06	2.07320056557e-05	5.80496158359e-05	9.1220824885e-05	0.000713180994556	0.000116099231672	6.21960169671e-05	0	0	0	0	0	0	0.00442006360579	0.00190319811919	0.0107350325285	0.000580496158359	0.000269516073524	0	0	2.48784067868e-05	8.29280226228e-06	4.14640113114e-06	4.14640113114e-06	0	0	0
0.000116099231672	4.14640113114e-06	1.65856045246e-05	0	0.00905159366927	0.000140977638459	0.00563495913722	8.70744237539e-05	0.00355761217052	0.00331297450378	0.0138531261791	0.00330468170152	0.0114357743197	0.00103245388165	0.000775377011523	0.000539032147048	0	2.07320056557e-05	0.000613667367408	0.00109050349749	0.0246669403291	0	0	1.65856045246e-05	0.00298126241329	0	0.000514153740261	0.000199027254295	0.00409249791643	0.000767084209261	0	0.00029024807918	0.000186588050901	4.14640113114e-06	0.00367371140219	0	8.29280226228e-06	0	0	0.00557690952138	0	0	0	0	0.00213539658254	0	0	3.31712090491e-05	8.29280226228e-06	0	0	4.14640113114e-06	0	0	0	0.000240491265606	0	8.29280226228e-06	2.07320056557e-05	0.0032093144755	2.07320056557e-05	5.39032147048e-05	5.39032147048e-05	0.000273662474655	0	0	0	0	0	0	0.000252930468999	3.73176101802e-05	0.00351200175807	0.000626106570802	0.00132684836196	9.95136271473e-05	0	4.97568135737e-05	4.14640113114e-06	0	0	0	0	0
0.000136831237328	4.14640113114e-06	0.000352444096147	0	0	0	8.29280226228e-05	0.00206905416444	0.000700741791162	3.31712090491e-05	0	1.65856045246e-05	0	4.97568135737e-05	0.00061781376854	3.73176101802e-05	0.00211466457688	0.000970257864686	4.14640113114e-06	7.04888192293e-05	0	0.03104825167	0.00121074913029	0.0147943592359	0.00054732494931	0	0.000265369672393	0.000568056954966	0.0119001712464	8.70744237539e-05	0.0113279678903	0	0	0	0.00518300141392	4.14640113114e-06	2.07320056557e-05	1.65856045246e-05	0	0	0	0	4.14640113114e-06	1.24392033934e-05	3.31712090491e-05	0	0	4.14640113114e-06	0	1.24392033934e-05	4.14640113114e-06	0.000286101678049	1.65856045246e-05	4.14640113114e-06	1.65856045246e-05	4.14640113114e-06	0.00072976659908	0.000908061847719	0.00203588295539	0.000174148847508	4.14640113114e-06	4.56104124425e-05	0.000539032147048	0.000261223271262	4.14640113114e-06	8.29280226228e-06	0	4.14640113114e-06	7.04888192293e-05	0.00018244164977	0.000895622644326	0.000120245632803	0.0037815178316	0.00163368204567	0.00108221069523	4.14640113114e-06	0	0.000277808875786	0.000157563242983	3.73176101802e-05	1.24392033934e-05	0	4.14640113114e-06	0
0	0.00643521455553	1.65856045246e-05	0	8.29280226228e-06	0	4.14640113114e-06	0	8.29280226228e-06	0.00886500561837	0	8.29280226228e-06	0.000111952830541	4.14640113114e-05	4.14640113114e-06	0.000410493711983	0.0114647991276	4.14640113114e-06	0	8.29280226228e-06	0	0.00121074913029	0.0346307422473	0.00532812545351	0.0109962557998	0.00054732494931	2.07320056557e-05	0.0117052903932	0.000597081762884	1.65856045246e-05	0.000103660028278	0	4.14640113114e-06	0	4.14640113114e-05	0	0.00380639623838	1.24392033934e-05	0	0	0	0	0	0	0.000120245632803	0	0	0	4.14640113114e-06	0	0	0.00768742769713	0.00010780642941	0	1.65856045246e-05	0	0.00422518275263	0.0140355678289	0.00576764397341	0.00199441894408	4.97568135737e-05	3.73176101802e-05	0.00475177569628	0.00374834662255	1.24392033934e-05	0.000211466457688	0	0	0.000153416841852	0.000634399373064	0.000348297695016	0.000116099231672	8.70744237539e-05	4.56104124425e-05	4.56104124425e-05	0	0	0.000340004892753	0.000829280226228	4.56104124425e-05	4.56104124425e-05	0	8.29280226228e-06	0
1.65856045246e-05	3.31712090491e-05	0.00589618240848	0	8.29280226228e-06	3.73176101802e-05	0.000103660028278	0.00195295493277	0.00051000733913	8.29280226228e-06	6.21960169671e-05	6.21960169671e-05	4.56104124425e-05	1.65856045246e-05	0.000398054508589	3.73176101802e-05	0.00474762929515	0.00362395458861	2.9024807918e-05	9.53672260162e-05	1.65856045246e-05	0.0147943592359	0.00532812545351	0.059538173842	0.000588788960622	1.24392033934e-05	0.00153416841852	0.0094413553756	0.00418371874132	0	0.00380639623838	0	8.29280226228e-05	0	0.00533227185464	0	0.000348297695016	0.000468543327819	0	1.65856045246e-05	0	0	1.24392033934e-05	8.29280226228e-06	1.24392033934e-05	0	0	0	0	1.24392033934e-05	2.07320056557e-05	0.00540276067387	3.31712090491e-05	2.07320056557e-05	3.73176101802e-05	0	0.00238832705154	0.00589618240848	0.00984355628532	0.00018244164977	0	0.000207320056557	0.00423347555489	0.000393908107458	1.24392033934e-05	2.48784067868e-05	0	4.14640113114e-06	4.14640113114e-06	4.97568135737e-05	0.0111330870371	0.000758791406998	0.00834670547698	0.00403030189947	0.00204832215878	8.29280226228e-06	0	0.000883183440932	0.000170002446377	2.9024807918e-05	9.1220824885e-05	0	4.14640113114e-06	0
0.00193636932824	0.00451128443068	0.000153416841852	0	0.00466884767366	4.14640113114e-06	0.000924647452244	0.00531568625012	0.00114440671219	0.0361027146488	0.00128123794952	0.000742205802474	0.00446982041937	0.000103660028278	0.000609520966277	0.00318443606871	0.00251271908547	0.000286101678049	0.00036488329954	0.000816841022834	0.00298126241329	0.00054732494931	0.0109962557998	0.000588788960622	0.0748135156091	0.000464396926687	0.000646838576458	0.00478494690533	0.0172531751067	0.00365712579766	0.00281955276917	0	5.39032147048e-05	0.00123977393821	0.00185758770675	0.000128538435065	0.00105318588731	4.56104124425e-05	0	0.00354931936825	4.14640113114e-06	5.39032147048e-05	0.000128538435065	0.000194880853163	0.0199566286442	0	7.46352203605e-05	5.80496158359e-05	0.000310980084835	0.000310980084835	0.000128538435065	0.00248784067868	0.00029024807918	0.000908061847719	0.000609520966277	0.00010780642941	0.00102001467826	0.00942891617221	0.000995136271473	0.0188039291297	0.000418786514245	0.00162124284228	0.00271174633976	0.00952842979936	0.000522446542523	0.001011721876	0	0.000111952830541	0.000149270440721	0.000543178548179	0.00608691686051	0.000493421734605	0.00507104858338	0.00328394969586	0.00230125262778	2.07320056557e-05	0	0.00993477711021	0.00684156186638	0.000762937808129	0.000393908107458	9.1220824885e-05	0.000153416841852	4.56104124425e-05
0	0.00236759504588	0	0	0	0	0	0	8.29280226228e-06	0.000543178548179	0	0.00040220090972	2.07320056557e-05	0.00246710867303	4.14640113114e-06	1.24392033934e-05	0	0	4.14640113114e-06	8.29280226228e-06	0	0	0.00054732494931	1.24392033934e-05	0.000464396926687	0.00641448254987	0.000286101678049	0.00324663208568	0	0	0	0	4.14640113114e-06	0	2.48784067868e-05	0	0.000439518519901	0	0	0	0	0	4.14640113114e-06	0	2.07320056557e-05	0	0.000116099231672	0	0.00109050349749	0	0	8.29280226228e-06	0	1.65856045246e-05	4.14640113114e-06	0	0	5.39032147048e-05	0	3.73176101802e-05	0.00179539168978	0.000418786514245	0.000970257864686	8.29280226228e-06	0	0	9.95136271473e-05	0	0	4.14640113114e-06	0	0.000406347310852	8.29280226228e-06	0	0	0	0.000232198463344	8.29280226228e-06	3.31712090491e-05	1.65856045246e-05	0	0	0	4.14640113114e-05
0.000601228164015	0.000804401819441	0.00566398394513	0	0.000170002446377	8.29280226228e-06	0.000978550666949	0.00131026275744	0.00159221803436	7.46352203605e-05	0.00189905171806	0.00788645495142	0.00138904437893	0.00190734452032	0.00184514850336	6.63424180982e-05	4.56104124425e-05	0.0125718882296	0.00224734941308	0.0088815912229	0.000514153740261	0.000265369672393	2.07320056557e-05	0.00153416841852	0.000646838576458	0.000286101678049	0.0578132709715	0.021341526622	0.00140977638459	0.000223905661081	0.00106977149183	0.00102416107939	0.00018244164977	0	0.00732254439759	1.65856045246e-05	0.00190734452032	3.31712090491e-05	0	9.1220824885e-05	0	0	4.14640113114e-06	0	0.000252930468999	4.14640113114e-06	2.9024807918e-05	3.31712090491e-05	0.00409249791643	1.24392033934e-05	0	2.48784067868e-05	4.14640113114e-06	3.73176101802e-05	5.80496158359e-05	1.65856045246e-05	1.24392033934e-05	0.000281955276917	5.39032147048e-05	0.000190734452032	0.00373590741916	0.0120535880882	0.00599984243676	6.63424180982e-05	8.29280226228e-06	0	0.00160880363888	0	0	2.07320056557e-05	0.00602057444241	0.00340419532866	0.00871988157878	0.0013309947631	0.00040220090972	0	0	0.000194880853163	0.000680009785507	2.9024807918e-05	4.14640113114e-06	0	0	2.07320056557e-05
8.70744237539e-05	0.0160838899877	0.00980623867514	0	7.87816214916e-05	2.07320056557e-05	0.000265369672393	0.00122318833369	0.00128953075178	0.00460665165669	0.000816841022834	0.00211881097801	0.000464396926687	0.00172075646942	0.00111952830541	0.000194880853163	0.00228052062213	0.00606203845372	0.000310980084835	0.00467714047592	0.000199027254295	0.000568056954966	0.0117052903932	0.0094413553756	0.00478494690533	0.00324663208568	0.021341526622	0.100939989136	0.00127709154839	0.000136831237328	0.000750498604736	0.000352444096147	0.000277808875786	0	0.00722717717157	2.07320056557e-05	0.0242813250239	0.000344151293884	0	4.56104124425e-05	0	0	8.29280226228e-06	0	0.000990989870342	4.14640113114e-06	0.000381468904065	2.07320056557e-05	0.00708205313198	2.48784067868e-05	2.07320056557e-05	0.00347468414789	0.000178295248639	9.53672260162e-05	0.000170002446377	2.07320056557e-05	0.000116099231672	0.00405103390512	0.0034622449445	0.000439518519901	0.0128082330941	0.014574599976	0.0393866643447	0.000128538435065	1.24392033934e-05	0	0.0019446621305	0	0	2.9024807918e-05	0.0140728854391	0.00164197484793	0.00963208982763	0.00166685325472	0.000518300141392	4.14640113114e-06	2.07320056557e-05	0.000845865830752	0.0013185555597	8.70744237539e-05	3.31712090491e-05	0	0	0.000157563242983
0.00159636443549	0	0.000563910553835	0	0.00592106081527	0.000136831237328	0.00607033125599	0.0216732387125	0.00762937808129	0.00444908841371	0.014068739038	0.00255418309678	0.00269516073524	0.000422932915376	0.00230954543004	0.000825133825097	0.00043537211877	0.000588788960622	0.00112782110767	0.00260808631149	0.00409249791643	0.0119001712464	0.000597081762884	0.00418371874132	0.0172531751067	0	0.00140977638459	0.00127709154839	0.0689670900142	0.00343322013658	0.014640942394	9.95136271473e-05	7.04888192293e-05	0.000572203356097	0.00603716004694	3.73176101802e-05	4.97568135737e-05	1.24392033934e-05	0	0.00218929979724	0	4.14640113114e-06	4.14640113114e-06	4.97568135737e-05	0.00305589763365	0	2.9024807918e-05	8.29280226228e-06	2.07320056557e-05	0.000165856045246	1.65856045246e-05	9.1220824885e-05	3.73176101802e-05	0.000190734452032	0.000124392033934	4.97568135737e-05	0.000252930468999	0.000344151293884	0.000223905661081	0.00680009785507	1.24392033934e-05	0.000377322502934	0.000406347310852	0.00255832949791	0.000211466457688	0.000190734452032	0	2.9024807918e-05	0.000120245632803	0.00029024807918	0.00217271419272	0.00018244164977	0.00928793853375	0.00409664431756	0.00128123794952	4.97568135737e-05	4.14640113114e-06	0.00190319811919	0.00125635954273	0.000306833683704	0.00018244164977	0	2.07320056557e-05	0
0.0100591691441	0	4.97568135737e-05	0	0.000377322502934	4.14640113114e-06	0.00529080784333	0.00898110485005	0.00770401330165	4.14640113114e-06	0.00325077848681	0.00493007094492	0.00275735675221	0.000265369672393	0.00913037529077	0	4.14640113114e-05	4.14640113114e-05	0.000704888192293	0.000393908107458	0.000767084209261	8.70744237539e-05	1.65856045246e-05	0	0.00365712579766	0	0.000223905661081	0.000136831237328	0.00343322013658	0.0301028722121	0.00449469882615	5.80496158359e-05	0.000667570582113	0.00353273376373	0.0086286607539	0	0	0	0	0.00018244164977	0	0	0	4.14640113114e-06	0	0	0	0.000261223271262	4.14640113114e-06	0	0	0	0	0	0	8.29280226228e-06	0	1.24392033934e-05	4.14640113114e-06	2.48784067868e-05	8.29280226228e-06	1.24392033934e-05	4.14640113114e-06	2.07320056557e-05	0	0	4.14640113114e-06	4.14640113114e-06	0	4.14640113114e-06	8.29280226228e-06	2.48784067868e-05	0.00103245388165	0.000103660028278	2.48784067868e-05	4.14640113114e-06	4.14640113114e-06	2.48784067868e-05	2.07320056557e-05	4.56104124425e-05	8.29280226228e-06	0	4.14640113114e-06	0
0.0047268972895	0	0.000887329842064	0	0	0	0.00058464255949	0.0166975573551	0.0019571013339	3.73176101802e-05	4.14640113114e-06	0.000116099231672	0	1.24392033934e-05	0.00332126730604	8.29280226228e-06	0.000111952830541	0.00241735185945	1.65856045246e-05	0.000613667367408	0	0.0113279678903	0.000103660028278	0.00380639623838	0.00281955276917	0	0.00106977149183	0.000750498604736	0.014640942394	0.00449469882615	0.0459172461262	0	0	0.000269516073524	0.00862036795164	0	0	0	0	0	0	0	0	4.14640113114e-06	2.07320056557e-05	0	0	0	0	0	0	1.24392033934e-05	0	0	0	0	2.48784067868e-05	0.000103660028278	3.31712090491e-05	2.07320056557e-05	0	4.14640113114e-06	1.65856045246e-05	0.00010780642941	0	0	0	4.14640113114e-06	8.29280226228e-06	1.24392033934e-05	0.00032756568936	3.73176101802e-05	0.00301028722121	0.00058464255949	0.00032756568936	0	4.14640113114e-06	0.000132684836196	6.21960169671e-05	9.95136271473e-05	1.24392033934e-05	0	4.14640113114e-06	0
2.48784067868e-05	0	0	0	9.95136271473e-05	0	0.00109050349749	0	0.00144294759364	0	0.000377322502934	0.00225149581421	0.000779523412654	0.00213954298367	0.000489275333474	0	0	0	0.000298540881442	2.9024807918e-05	0.00029024807918	0	0	0	0	0	0.00102416107939	0.000352444096147	9.95136271473e-05	5.80496158359e-05	0	0.00297711601216	0	0	0.00154660762191	0	0	0	0	0	0	0	0	0	0	0	0	8.29280226228e-06	8.70744237539e-05	0	0	0	0	0	0	0	0	0	0	0	4.56104124425e-05	0.00010780642941	0	0	0	0	0.00010780642941	0	0	0	0.00018244164977	0.000111952830541	0.000887329842064	0.000149270440721	0	0	0	0	0	0	0	0	0	0
0	2.07320056557e-05	9.1220824885e-05	0	8.29280226228e-05	0.00115269951446	0.000866597836408	3.31712090491e-05	0.00415054753227	8.29280226228e-06	0.000161709644114	0.000555617751573	0.000414640113114	0.00040220090972	0.00362395458861	0.000161709644114	0	2.48784067868e-05	4.14640113114e-05	0.000120245632803	0.000186588050901	0	4.14640113114e-06	8.29280226228e-05	5.39032147048e-05	4.14640113114e-06	0.00018244164977	0.000277808875786	7.04888192293e-05	0.000667570582113	0	0	0.0061117952673	0	0.00141392278572	0	7.46352203605e-05	4.14640113114e-06	0	4.56104124425e-05	0	4.14640113114e-06	4.14640113114e-06	0.000132684836196	1.24392033934e-05	0	4.14640113114e-05	3.73176101802e-05	4.14640113114e-06	0.000178295248639	4.14640113114e-06	8.29280226228e-06	0	0	3.73176101802e-05	3.31712090491e-05	8.29280226228e-06	8.29280226228e-06	2.07320056557e-05	0.000111952830541	4.14640113114e-05	0.000111952830541	0.000124392033934	0.000136831237328	9.1220824885e-05	0	0	7.46352203605e-05	0	6.21960169671e-05	0.00179124528865	0.000203173655426	0.000286101678049	6.21960169671e-05	0.000203173655426	0.000340004892753	8.29280226228e-06	8.29280226228e-05	4.56104124425e-05	5.80496158359e-05	4.14640113114e-06	1.65856045246e-05	4.14640113114e-06	0
0.00083757302849	0	0	0	0	0	0.000534885745917	0.00244223026624	0.00065513137872	0	2.07320056557e-05	0	4.14640113114e-06	0	0.000323419288229	0	0	0	0	0	4.14640113114e-06	0	0	0	0.00123977393821	0	0	0	0.000572203356097	0.00353273376373	0.000269516073524	0	0	0.00395566667911	0.000563910553835	0	0	0	0	0	0	0	0	4.14640113114e-06	0	0	0	0	0	0	0	0	0	0	0	0	0	0	0	8.29280226228e-06	0	0	0	0	0	0	0	4.14640113114e-06	0	4.14640113114e-06	0	0	2.9024807918e-05	0	0	0	0	8.29280226228e-06	0	4.14640113114e-06	4.14640113114e-06	0	4.14640113114e-06	0
0.000829280226228	1.24392033934e-05	0.000986843469211	0	0.00147197240155	8.70744237539e-05	0.00867012476521	0.0042749395662	0.0108428389579	7.46352203605e-05	0.00901842246023	0.0206034672206	0.00836329108151	0.00447811322163	0.00658033859512	0.000165856045246	3.31712090491e-05	0.00789474775369	0.00512495179809	0.0103742956301	0.00367371140219	0.00518300141392	4.14640113114e-05	0.00533227185464	0.00185758770675	2.48784067868e-05	0.00732254439759	0.00722717717157	0.00603716004694	0.0086286607539	0.00862036795164	0.00154660762191	0.00141392278572	0.000563910553835	0.0525431951338	0	0.000111952830541	4.14640113114e-06	0	0.000700741791162	0	0	4.14640113114e-06	1.65856045246e-05	0.000170002446377	0	8.29280226228e-06	0.000273662474655	0.000111952830541	1.24392033934e-05	3.73176101802e-05	4.14640113114e-06	1.24392033934e-05	8.29280226228e-06	4.14640113114e-05	8.29280226228e-06	4.56104124425e-05	6.63424180982e-05	6.21960169671e-05	0.000302687282573	0.000240491265606	0.000476836130081	0.000530739344786	0.000232198463344	1.24392033934e-05	0	4.14640113114e-06	1.65856045246e-05	0	1.65856045246e-05	0.00488031413135	0.000725620197949	0.0234727768034	0.0029563840065	0.000642692175326	0.00014512403959	0.000136831237328	0.000277808875786	0.000124392033934	0.000132684836196	4.56104124425e-05	0	1.65856045246e-05	0
0	0	0	0	0	0	0	0	0	0.000128538435065	0	0	0.000497568135737	4.14640113114e-06	0	0	0	0	0	0	0	4.14640113114e-06	0	0	0.000128538435065	0	1.65856045246e-05	2.07320056557e-05	3.73176101802e-05	0	0	0	0	0	0	0.0271257561999	0	0.00184929490449	0	3.31712090491e-05	0	0.00058464255949	0.00782840533559	0.00733498360098	0.000161709644114	0.00288589518727	0.00169587806264	0.00495080295058	3.31712090491e-05	0.0151302177275	0.000111952830541	0.00021975925995	0.00196954053729	0.000634399373064	0.00250857268434	0.00721059156705	0.00152587561626	9.1220824885e-05	0.00265369672393	0.00437030679222	1.65856045246e-05	0.00219344619837	9.53672260162e-05	0.0032093144755	0.00908476487832	0.00637716493969	2.9024807918e-05	4.56104124425e-05	0.000638545774195	0.00480567891099	0	4.14640113114e-06	4.14640113114e-06	4.14640113114e-06	0	0	0	9.95136271473e-05	0.00105318588731	0.00423762195602	4.14640113114e-05	7.04888192293e-05	2.9024807918e-05	8.29280226228e-06
0	0.00947452658465	0.00118587072351	0	0	4.14640113114e-06	1.24392033934e-05	0	0.000124392033934	0.000879037039801	4.14640113114e-06	2.07320056557e-05	3.31712090491e-05	0.000232198463344	8.70744237539e-05	0.000132684836196	0.000377322502934	0.000957818661293	0	0	8.29280226228e-06	2.07320056557e-05	0.00380639623838	0.000348297695016	0.00105318588731	0.000439518519901	0.00190734452032	0.0242813250239	4.97568135737e-05	0	0	0	7.46352203605e-05	0	0.000111952830541	0	0.0390425130508	5.39032147048e-05	0	0	0	0	0	4.14640113114e-06	0.00350370895581	0	9.95136271473e-05	0	0.00214783578593	2.07320056557e-05	0	0.0023841806504	0.000165856045246	3.73176101802e-05	7.87816214916e-05	0	7.04888192293e-05	0.00762523168016	0.000319272887098	0.00288589518727	0.0096942858446	0.00349956255468	0.0346680598574	0.00014512403959	2.07320056557e-05	0	0	0	0	4.14640113114e-06	0.00116099231672	0.000352444096147	0.000563910553835	7.04888192293e-05	0.00010780642941	0	1.65856045246e-05	0.000750498604736	0.000895622644326	4.97568135737e-05	2.07320056557e-05	0	0	6.63424180982e-05
0	0	0.000228052062213	0	0	0	0	4.14640113114e-06	8.29280226228e-06	3.73176101802e-05	0	4.14640113114e-06	0	0	8.29280226228e-06	4.14640113114e-06	1.65856045246e-05	4.97568135737e-05	0	4.14640113114e-06	0	1.65856045246e-05	1.24392033934e-05	0.000468543327819	4.56104124425e-05	0	3.31712090491e-05	0.000344151293884	1.24392033934e-05	0	0	0	4.14640113114e-06	0	4.14640113114e-06	0.00184929490449	5.39032147048e-05	0.021341526622	0	0	0	0	0.00231369183118	0.000833426627359	2.9024807918e-05	2.07320056557e-05	4.14640113114e-06	1.24392033934e-05	0	0.00179539168978	0	4.14640113114e-05	0.00493836374719	3.73176101802e-05	0.00102001467826	3.31712090491e-05	0.000937086655637	2.48784067868e-05	0.0090018368557	2.48784067868e-05	0	0.00752571805302	0.00533227185464	0.000385615305196	0.000228052062213	0.00219344619837	0	0	0.000124392033934	0.000116099231672	0.000456104124425	0.000140977638459	0.000128538435065	4.56104124425e-05	8.29280226228e-06	0	0	0.00131440915857	0.00032756568936	0.000866597836408	0.000742205802474	0	4.14640113114e-06	0
