0.0258111204921	2.33443959832e-05	0.00147847841227	0	0.000272351286471	1.94536633193e-05	0.000474669384992	0.00650919574665	0.00453659428607	0.000295695682454	0.000319040078437	0.00017119223721	0.000147847841227	1.94536633193e-05	0.0144151645196	7.78146532774e-05	0.000198427365857	0.00082483532474	2.72351286471e-05	0.000167301504546	0.00017119223721	0.0026379167461	0.000105049781924	0.00441209084083	0.00154851160022	3.89073266387e-06	0.000400745464378	0.000260679088479	0.00499181000774	0.0155823843188	0.0127616031375	0	4.66887919664e-05	0.00450935915742	0.00250952256819	6.61424552858e-05	7.78146532774e-06	2.33443959832e-05	0	0.000182864435202	0	5.05795246303e-05	0.000143957108563	0.000140066375899	0.00100380902728	0.000112831247252	1.16721979916e-05	7.00331879496e-05	0	0.000112831247252	0	4.27980593025e-05	1.55629306555e-05	0	0	6.22517226219e-05	3.11258613109e-05	0.000124503445244	6.22517226219e-05	0.000972683165967	0	1.94536633193e-05	3.50165939748e-05	0.000264569821143	7.00331879496e-05	1.55629306555e-05	0	3.89073266387e-06	1.55629306555e-05	4.66887919664e-05	0.000354056672412	0.000175082969874	0.00125281591777	0.000424089860362	0.000128394177908	5.05795246303e-05	1.94536633193e-05	9.72683165967e-05	2.72351286471e-05	5.8360989958e-05	2.72351286471e-05	3.89073266387e-05	1.16721979916e-05	0
2.33443959832e-05	0.0156991062987	0.00126059738309	0	0	0	7.78146532774e-06	1.55629306555e-05	1.94536633193e-05	0.0006030635629	0	9.72683165967e-05	3.89073266387e-06	0.000186755167866	5.44702572942e-05	7.78146532774e-06	0.000287914217126	0.000622517226219	4.27980593025e-05	0.000536921107614	0	0.000112831247252	0.00235000252898	0.00053303037495	0.000424089860362	0.00178973702538	0.00421366347497	0.0112909061905	8.17053859412e-05	0.000101159049261	0.000105049781924	2.33443959832e-05	3.89073266387e-06	4.27980593025e-05	0.000381291801059	2.72351286471e-05	0.00535364814548	0.00145124328362	0	1.16721979916e-05	3.89073266387e-06	1.16721979916e-05	7.78146532774e-06	1.16721979916e-05	8.9486851269e-05	0	0.00019064590053	7.78146532774e-06	6.61424552858e-05	2.33443959832e-05	0	0.00022177176184	0.000676987483513	3.11258613109e-05	0.000307367880446	3.89073266387e-06	3.50165939748e-05	0.000731457740807	0.000396854731715	9.33775839328e-05	0.000112831247252	0.00126837884842	0.0057933009365	2.33443959832e-05	2.72351286471e-05	3.89073266387e-06	0	0	0	0.000128394177908	0.000474669384992	0.000427980593025	0.00029180494979	7.39239206135e-05	5.05795246303e-05	3.89073266387e-06	7.78146532774e-06	0.000252897623151	0.000354056672412	0.000229553227168	3.11258613109e-05	1.55629306555e-05	3.89073266387e-06	3.89073266387e-06
0.00147847841227	0.00126059738309	0.0478715746962	0	1.16721979916e-05	3.89073266387e-06	3.50165939748e-05	0.000136175643235	0.000443543523681	0.00017119223721	1.55629306555e-05	0.00012061271258	7.78146532774e-06	2.72351286471e-05	0.00129561397707	5.8360989958e-05	0.000416308395034	0.00915100322542	3.50165939748e-05	0.00207765124251	3.89073266387e-06	0.0023694561923	0.000661424552858	0.0206364460492	0.000389073266387	0.000112831247252	0.0105555577171	0.0201617766642	0.000828726057404	0.0023694561923	0.00370786822867	7.78146532774e-06	1.94536633193e-05	0.000941557304656	0.00308146026978	3.50165939748e-05	0.00214768443046	0.00145124328362	0	2.72351286471e-05	0	3.50165939748e-05	7.78146532774e-05	5.44702572942e-05	0.000194536633193	5.05795246303e-05	9.72683165967e-05	3.11258613109e-05	1.94536633193e-05	6.61424552858e-05	3.89073266387e-06	0.00185587948067	0.000649752354866	1.94536633193e-05	0.000128394177908	2.33443959832e-05	0.000400745464378	0.00379346434727	0.00259122795414	0.000260679088479	3.50165939748e-05	0.000427980593025	0.00589445998576	0.000112831247252	3.89073266387e-05	0.00012061271258	0	3.89073266387e-06	1.16721979916e-05	0.000276242019135	0.00455993868205	0.00300364561651	0.00364561650604	0.00189089607464	0.000112831247252	0.000116721979916	4.27980593025e-05	0.000828726057404	0.000630298691547	0.000474669384992	0.000186755167866	6.61424552858e-05	3.89073266387e-05	3.89073266387e-06
0	0	0	0	0	0	0	0	0	0	0	0	0	0	0	0	0	0	0	0	0	0	0	0	0	0	0	0	0	0	0	0	0	0	0	0	0	0	0	0	0	0	0	0	0	0	0	0	0	0	0	0	0	0	0	0	0	0	0	0	0	0	0	0	0	0	0	0	0	0	0	0	0	0	0	0	0	0	0	0	0	0	0	0
0.000272351286471	0	1.16721979916e-05	0	0.0213017613347	1.55629306555e-05	0.00162243552083	0.00232665813299	0.00146291548161	0.000984355363959	0.000727567008143	0.000116721979916	0.00377790141662	7.78146532774e-06	0.00151738573891	0.0011633290665	7.78146532774e-06	7.78146532774e-06	1.94536633193e-05	1.94536633193e-05	0.00656755673661	1.55629306555e-05	3.89073266387e-06	2.72351286471e-05	0.0129483583054	0	8.17053859412e-05	7.78146532774e-06	0.00577773800584	0.00178584629272	7.39239206135e-05	0	5.44702572942e-05	0.000326821543765	0.0011516568685	4.66887919664e-05	0	3.89073266387e-06	0	0.00559098283798	0	0.00111664027453	0.000194536633193	0.000350165939748	0.0015718559962	0.00190256827263	3.11258613109e-05	0.0020893234405	3.89073266387e-06	0.000155629306555	2.72351286471e-05	7.78146532774e-06	0	3.89073266387e-06	7.78146532774e-06	0.00353667599146	3.89073266387e-06	3.89073266387e-06	1.16721979916e-05	0.00164967064948	3.89073266387e-06	3.89073266387e-06	7.78146532774e-06	0.000902649978017	8.17053859412e-05	3.89073266387e-06	0	0	0	8.55961186051e-05	0.000159520039219	3.89073266387e-05	0.000676987483513	0.000112831247252	0.000396854731715	3.11258613109e-05	2.72351286471e-05	0.000105049781924	2.33443959832e-05	0.000116721979916	2.72351286471e-05	0.000112831247252	3.11258613109e-05	0
1.94536633193e-05	0	3.89073266387e-06	0	1.55629306555e-05	0.0056104365013	0.00222549908373	6.22517226219e-05	0.00203096245054	2.72351286471e-05	3.11258613109e-05	3.89073266387e-05	5.8360989958e-05	7.78146532774e-06	0.000606954295563	0.00104271635392	0	0	3.89073266387e-06	0	2.72351286471e-05	3.89073266387e-06	0	1.94536633193e-05	5.05795246303e-05	0	3.89073266387e-06	3.89073266387e-06	6.61424552858e-05	0.000902649978017	1.94536633193e-05	0	0.00213601223246	1.55629306555e-05	0.0010232626906	3.89073266387e-06	0	0	0	1.16721979916e-05	0	0	3.89073266387e-06	7.78146532774e-06	2.33443959832e-05	0	0	3.89073266387e-06	0	7.78146532774e-06	0	0	0	0	0	0	3.89073266387e-06	3.89073266387e-06	0	2.33443959832e-05	0	0	0	1.16721979916e-05	0	0	0	0	0	0	0.000272351286471	1.55629306555e-05	0.000194536633193	5.8360989958e-05	0.00194147559927	0.000626407958883	3.89073266387e-06	3.89073266387e-06	0	3.89073266387e-06	3.89073266387e-06	3.89073266387e-06	0	0
0.000474669384992	7.78146532774e-06	3.50165939748e-05	0	0.00162243552083	0.00222549908373	0.0369152715148	0.00430315032624	0.0175861116407	0.000307367880446	0.0062990961828	0.00041241766237	0.0073223588734	3.50165939748e-05	0.00530695935352	0.00429536886091	1.55629306555e-05	4.27980593025e-05	5.8360989958e-05	7.78146532774e-05	0.00243948938025	0.000105049781924	3.89073266387e-06	0.000175082969874	0.00219048248976	3.89073266387e-06	0.000182864435202	4.27980593025e-05	0.00441987230615	0.00526416129421	0.000322930811101	3.89073266387e-06	0.00195314779726	0.000252897623151	0.00369619603067	1.94536633193e-05	0	0	0	0.00017119223721	0	7.00331879496e-05	4.66887919664e-05	5.05795246303e-05	0.000431871325689	0.00012061271258	7.78146532774e-06	6.61424552858e-05	7.78146532774e-06	1.55629306555e-05	0	3.89073266387e-06	0	0	3.89073266387e-06	0.000101159049261	7.78146532774e-06	1.94536633193e-05	7.78146532774e-06	0.000427980593025	0	7.78146532774e-06	1.16721979916e-05	0.00012061271258	3.11258613109e-05	7.78146532774e-06	0	0	0	7.78146532774e-06	0.000719785542816	0.000136175643235	0.00184031655001	0.000392963999051	0.00152516720424	0.000284023484462	0.000101159049261	2.72351286471e-05	0	2.72351286471e-05	2.33443959832e-05	1.16721979916e-05	1.55629306555e-05	0
0.00650919574665	1.55629306555e-05	0.000136175643235	0	0.00232665813299	6.22517226219e-05	0.00430315032624	0.0422922640562	0.0077853560604	0.00101937195793	0.00606954295563	0.000354056672412	0.000591391364908	2.72351286471e-05	0.00823279031674	0.000225662494504	6.22517226219e-05	9.33775839328e-05	5.05795246303e-05	8.9486851269e-05	0.000692550414168	0.000770365067446	2.72351286471e-05	0.000708113344824	0.00566879749126	7.78146532774e-06	0.000198427365857	7.39239206135e-05	0.023566167745	0.0080654888122	0.00574272141187	0	0.000155629306555	0.00343162620953	0.00432649472222	0.000182864435202	3.89073266387e-06	3.89073266387e-06	0	0.0014317896203	7.78146532774e-06	0.000420199127698	0.000525248909622	0.00041241766237	0.00394520292116	0.00103104415593	3.11258613109e-05	0.000521358176958	7.78146532774e-06	0.000365728870404	1.55629306555e-05	2.33443959832e-05	3.89073266387e-06	7.78146532774e-06	3.89073266387e-06	0.00075480213679	3.89073266387e-06	5.8360989958e-05	2.33443959832e-05	0.00399967317846	0	1.94536633193e-05	1.55629306555e-05	0.000988246096622	0.000237334692496	1.16721979916e-05	0	3.89073266387e-06	0	6.61424552858e-05	0.000840398255395	0.000136175643235	0.00244338011291	0.000490232315647	0.000346275207084	8.9486851269e-05	3.11258613109e-05	0.000198427365857	2.72351286471e-05	8.55961186051e-05	2.72351286471e-05	0.000124503445244	3.11258613109e-05	0
0.00453659428607	1.94536633193e-05	0.000443543523681	0	0.00146291548161	0.00203096245054	0.0175861116407	0.0077853560604	0.0461791059874	0.000303477147782	0.00515133004696	0.000684768948841	0.00243170791492	5.44702572942e-05	0.0209827212562	0.00120223639314	0.000112831247252	0.000233443959832	8.9486851269e-05	0.000124503445244	0.00151349500624	0.000863742651379	4.27980593025e-05	0.0015718559962	0.0028324533793	0	0.00036183813774	0.000167301504546	0.00762583602118	0.0121546488419	0.00375066628797	0	0.00310480466577	0.00164577991682	0.00637302010342	6.22517226219e-05	3.89073266387e-06	1.55629306555e-05	0	0.000416308395034	0	0.000132284910572	0.000229553227168	0.000159520039219	0.00128394177908	0.000264569821143	3.11258613109e-05	0.000186755167866	1.16721979916e-05	0.000112831247252	7.78146532774e-06	2.72351286471e-05	3.89073266387e-06	3.89073266387e-06	7.78146532774e-06	0.000210099563849	2.72351286471e-05	8.17053859412e-05	1.94536633193e-05	0.00134230276903	0	1.16721979916e-05	2.33443959832e-05	0.000365728870404	8.9486851269e-05	1.16721979916e-05	0	3.89073266387e-06	7.78146532774e-06	3.89073266387e-05	0.0014862598776	0.000385182533723	0.00371175896133	0.000929885106664	0.000645861622202	0.000396854731715	0.000124503445244	9.33775839328e-05	1.94536633193e-05	8.17053859412e-05	4.66887919664e-05	4.27980593025e-05	2.72351286471e-05	0
0.000295695682454	0.0006030635629	0.00017119223721	0	0.000984355363959	2.72351286471e-05	0.000307367880446	0.00101937195793	0.000303477147782	0.0155590399228	9.72683165967e-05	1.55629306555e-05	0.00191034973796	7.78146532774e-06	0.000540811840278	0.00116721979916	0.000346275207084	4.66887919664e-05	3.89073266387e-06	1.55629306555e-05	0.00105049781924	0.000147847841227	0.00194536633193	0.000256788355815	0.0054158998681	2.72351286471e-05	7.78146532774e-05	0.000552484038269	0.0017119223721	0.000949338769984	0.000785927998101	3.89073266387e-06	1.16721979916e-05	0.000762583602118	0.00108551441322	0.00019064590053	4.27980593025e-05	1.55629306555e-05	0	0.00175861116407	0	0.000665315285521	0.000354056672412	0.000182864435202	0.00483228996852	0.00101548122527	2.72351286471e-05	0.000887087047362	3.89073266387e-06	0.00022177176184	3.11258613109e-05	5.05795246303e-05	0	3.89073266387e-06	7.78146532774e-06	0.00142011742231	3.11258613109e-05	0.000272351286471	5.44702572942e-05	0.00387127900055	7.78146532774e-06	3.50165939748e-05	5.05795246303e-05	0.000976573898631	0.000186755167866	4.66887919664e-05	0	0	2.72351286471e-05	4.66887919664e-05	0.00048245085032	6.61424552858e-05	0.000334603009093	0.000116721979916	0.00153294866956	1.55629306555e-05	3.89073266387e-06	0.000151738573891	3.50165939748e-05	7.78146532774e-05	3.50165939748e-05	5.8360989958e-05	2.72351286471e-05	0
0.000319040078437	0	1.55629306555e-05	0	0.000727567008143	3.11258613109e-05	0.0062990961828	0.00606954295563	0.00515133004696	9.72683165967e-05	0.0207570587617	0.00024122542516	0.00208543270783	2.33443959832e-05	0.00214379369779	0.000249006890488	3.89073266387e-06	2.72351286471e-05	1.55629306555e-05	5.05795246303e-05	0.000820944592076	4.27980593025e-05	3.89073266387e-06	5.05795246303e-05	0.000953229502648	7.78146532774e-06	9.72683165967e-05	2.33443959832e-05	0.0067192953105	0.00219437322242	7.39239206135e-05	0	9.33775839328e-05	0.00024122542516	0.00134230276903	3.89073266387e-06	3.89073266387e-06	3.89073266387e-06	0	0.000105049781924	0	2.72351286471e-05	3.11258613109e-05	1.55629306555e-05	0.00024122542516	5.8360989958e-05	0	4.27980593025e-05	0	1.16721979916e-05	0	0	3.89073266387e-06	0	0	5.8360989958e-05	3.89073266387e-06	7.78146532774e-06	3.89073266387e-06	0.000233443959832	3.89073266387e-06	1.55629306555e-05	3.89073266387e-06	3.50165939748e-05	7.78146532774e-06	0	0	0	0	7.78146532774e-06	0.000194536633193	5.05795246303e-05	0.000762583602118	0.000108940514588	6.61424552858e-05	3.11258613109e-05	2.72351286471e-05	0	3.89073266387e-06	7.78146532774e-06	3.89073266387e-06	3.89073266387e-06	7.78146532774e-06	0
0.00017119223721	9.72683165967e-05	0.00012061271258	0	0.000116721979916	3.89073266387e-05	0.00041241766237	0.000354056672412	0.000684768948841	1.55629306555e-05	0.00024122542516	0.0255543321363	0.000249006890488	0.00510853198766	0.00206208831185	5.44702572942e-05	1.94536633193e-05	0.000268460553807	0.00419810054431	0.0026379167461	0.000163410771882	7.39239206135e-05	7.78146532774e-06	0.000210099563849	0.000225662494504	0.00119056419514	0.00891755926559	0.0019920551239	0.000474669384992	0.00389073266387	0.00022177176184	0.000474669384992	0.000315149345773	0.000287914217126	0.00730290521008	1.94536633193e-05	8.17053859412e-05	3.11258613109e-05	0	7.78146532774e-06	0	1.16721979916e-05	2.33443959832e-05	3.89073266387e-06	0.000105049781924	2.33443959832e-05	0.000914322176009	1.94536633193e-05	0.000762583602118	2.33443959832e-05	0	1.16721979916e-05	5.05795246303e-05	8.55961186051e-05	0.00019064590053	1.16721979916e-05	7.78146532774e-06	2.33443959832e-05	3.11258613109e-05	8.9486851269e-05	0.000459106454336	0.000505795246303	0.000330712276429	4.27980593025e-05	2.33443959832e-05	3.89073266387e-06	3.89073266387e-06	0	3.89073266387e-06	9.72683165967e-05	0.000638080156874	0.00133841203637	0.00271573139938	0.00024122542516	4.27980593025e-05	1.55629306555e-05	0.000307367880446	3.50165939748e-05	0.000782037265437	0.000136175643235	1.16721979916e-05	1.16721979916e-05	7.78146532774e-06	0.000202318098521
0.000147847841227	3.89073266387e-06	7.78146532774e-06	0	0.00377790141662	5.8360989958e-05	0.0073223588734	0.000591391364908	0.00243170791492	0.00191034973796	0.00208543270783	0.000249006890488	0.0273440691617	1.94536633193e-05	0.00238501912295	0.00442765377148	3.89073266387e-06	2.33443959832e-05	4.66887919664e-05	7.00331879496e-05	0.010220954708	1.94536633193e-05	0	3.11258613109e-05	0.00364172577338	3.89073266387e-06	0.000143957108563	2.33443959832e-05	0.00177806482739	0.00280521825065	7.00331879496e-05	3.89073266387e-06	0.000252897623151	0.000147847841227	0.00189867753997	3.50165939748e-05	0	3.89073266387e-06	0	0.000459106454336	3.89073266387e-06	0.00197260146058	9.72683165967e-05	0.000778146532774	0.000322930811101	0.00158352819419	7.78146532774e-05	0.00423700787095	1.55629306555e-05	0.000284023484462	8.9486851269e-05	7.78146532774e-06	3.89073266387e-06	7.78146532774e-06	7.78146532774e-06	0.00149015061026	0	7.78146532774e-06	7.78146532774e-06	0.000319040078437	3.89073266387e-06	1.94536633193e-05	2.33443959832e-05	0.000124503445244	0.000256788355815	3.89073266387e-06	0	3.89073266387e-06	0	0.000155629306555	0.000287914217126	5.05795246303e-05	0.000972683165967	0.000155629306555	0.00126448811576	5.44702572942e-05	6.22517226219e-05	0.000132284910572	3.50165939748e-05	0.000311258613109	9.33775839328e-05	0.000377401068395	0.000132284910572	3.89073266387e-06
1.94536633193e-05	0.000186755167866	2.72351286471e-05	0	7.78146532774e-06	7.78146532774e-06	3.50165939748e-05	2.72351286471e-05	5.44702572942e-05	7.78146532774e-06	2.33443959832e-05	0.00510853198766	1.94536633193e-05	0.0175977838387	0.00019064590053	3.89073266387e-06	0	6.61424552858e-05	0.000385182533723	0.000287914217126	1.55629306555e-05	1.94536633193e-05	1.55629306555e-05	3.50165939748e-05	2.72351286471e-05	0.00420199127698	0.00387127900055	0.00543535353142	3.50165939748e-05	0.000377401068395	2.72351286471e-05	0.00155629306555	4.27980593025e-05	3.89073266387e-05	0.00063418942421	2.72351286471e-05	0.000225662494504	5.44702572942e-05	0	1.55629306555e-05	7.78146532774e-06	0.000112831247252	5.44702572942e-05	0.000112831247252	2.72351286471e-05	6.61424552858e-05	0.00167690577813	4.66887919664e-05	0.0020893234405	0.000108940514588	1.16721979916e-05	1.16721979916e-05	4.66887919664e-05	0.000147847841227	0.000167301504546	3.11258613109e-05	7.78146532774e-06	1.94536633193e-05	7.78146532774e-06	5.44702572942e-05	0.00142400815498	0.000793709463429	0.000544702572942	5.05795246303e-05	0.000105049781924	2.33443959832e-05	1.16721979916e-05	1.16721979916e-05	0	0.000365728870404	0.000143957108563	0.000840398255395	0.000525248909622	0.000136175643235	0	3.89073266387e-06	0.000381291801059	3.50165939748e-05	0.001851988748	0.000536921107614	0.000252897623151	0.000167301504546	0.000213990296513	0.000431871325689
0.0144151645196	5.44702572942e-05	0.00129561397707	0	0.00151738573891	0.000606954295563	0.00530695935352	0.00823279031674	0.0209827212562	0.000540811840278	0.00214379369779	0.00206208831185	0.00238501912295	0.00019064590053	0.0526338314768	0.000727567008143	0.000315149345773	0.000793709463429	0.000295695682454	0.000466887919664	0.00174304823341	0.00214768443046	0.000159520039219	0.00392185852518	0.00386349753522	1.16721979916e-05	0.00113220320519	0.000400745464378	0.00923270861136	0.0341372883928	0.0110029919734	7.78146532774e-06	0.00311647686376	0.00876582069169	0.0148703802413	0.00012061271258	1.16721979916e-05	4.66887919664e-05	0	0.000443543523681	3.89073266387e-06	0.000151738573891	0.000365728870404	0.00029180494979	0.00228775080635	0.000311258613109	7.78146532774e-05	0.000206208831185	0	0.000249006890488	3.89073266387e-06	4.66887919664e-05	1.16721979916e-05	7.78146532774e-06	3.11258613109e-05	0.000213990296513	4.27980593025e-05	0.000186755167866	8.55961186051e-05	0.00220604542041	3.89073266387e-06	2.72351286471e-05	7.00331879496e-05	0.000676987483513	0.000159520039219	3.11258613109e-05	0	7.78146532774e-06	1.16721979916e-05	0.000128394177908	0.00260290015213	0.000649752354866	0.00748187891262	0.00175082969874	0.000626407958883	0.000369619603067	0.000202318098521	0.000249006890488	6.61424552858e-05	0.000155629306555	9.72683165967e-05	9.33775839328e-05	6.61424552858e-05	0
7.78146532774e-05	7.78146532774e-06	5.8360989958e-05	0	0.0011633290665	0.00104271635392	0.00429536886091	0.000225662494504	0.00120223639314	0.00116721979916	0.000249006890488	5.44702572942e-05	0.00442765377148	3.89073266387e-06	0.000727567008143	0.0121741025052	0.00012061271258	4.27980593025e-05	1.16721979916e-05	4.27980593025e-05	0.00196092926259	0.000357947405076	4.27980593025e-05	0.000680878216177	0.00160298185751	0	7.39239206135e-05	0.000132284910572	0.000673096750849	0.000925994374001	0.000198427365857	0	0.000178973702538	0.000260679088479	0.00109718661121	1.55629306555e-05	0	1.16721979916e-05	0	0.000112831247252	0	4.27980593025e-05	2.72351286471e-05	3.89073266387e-05	0.000280132751798	7.39239206135e-05	1.55629306555e-05	5.8360989958e-05	0	3.50165939748e-05	0	5.8360989958e-05	1.16721979916e-05	0	1.55629306555e-05	7.78146532774e-05	3.89073266387e-05	3.89073266387e-05	0.00012061271258	0.000233443959832	0	3.89073266387e-06	2.33443959832e-05	7.00331879496e-05	7.78146532774e-06	1.55629306555e-05	0	0	0	2.33443959832e-05	0.00101548122527	0.000101159049261	0.00126059738309	0.00036183813774	0.00438485571218	9.72683165967e-05	2.72351286471e-05	0.000116721979916	2.33443959832e-05	8.17053859412e-05	8.17053859412e-05	1.55629306555e-05	7.78146532774e-06	0
0.000198427365857	0.000287914217126	0.000416308395034	0	7.78146532774e-06	0	1.55629306555e-05	6.22517226219e-05	0.000112831247252	0.000346275207084	3.89073266387e-06	1.94536633193e-05	3.89073266387e-06	0	0.000315149345773	0.00012061271258	0.0183953840348	0.000175082969874	3.89073266387e-06	5.8360989958e-05	0	0.00262235381545	0.00367285163469	0.00525248909622	0.00648585135067	1.55629306555e-05	0.000175082969874	0.00270016846872	0.00194536633193	0.000665315285521	0.000972683165967	0	1.55629306555e-05	0.000540811840278	0.00136953789768	8.17053859412e-05	0.000128394177908	3.89073266387e-05	0	5.05795246303e-05	0	2.72351286471e-05	0.000213990296513	7.78146532774e-05	0.00137731936301	2.33443959832e-05	1.55629306555e-05	1.55629306555e-05	3.89073266387e-06	9.33775839328e-05	0	0.00491399535447	3.50165939748e-05	0	1.94536633193e-05	1.16721979916e-05	0.000357947405076	0.00327210617031	0.000676987483513	0.00256788355815	1.94536633193e-05	1.16721979916e-05	0.000182864435202	0.000937666571992	0.00012061271258	0.000311258613109	0	0	1.16721979916e-05	0.000182864435202	0.00128394177908	0.000525248909622	0.00110107734387	0.000599172830236	0.000112831247252	9.33775839328e-05	3.89073266387e-06	0.000976573898631	0.000338493741757	0.000272351286471	0.000147847841227	9.72683165967e-05	4.27980593025e-05	3.89073266387e-06
0.00082483532474	0.000622517226219	0.00915100322542	0	7.78146532774e-06	0	4.27980593025e-05	9.33775839328e-05	0.000233443959832	4.66887919664e-05	2.72351286471e-05	0.000268460553807	2.33443959832e-05	6.61424552858e-05	0.000793709463429	4.27980593025e-05	0.000175082969874	0.0311881130336	0.000276242019135	0.00969959653102	3.89073266387e-06	0.00371564969399	0.000225662494504	0.0121702117726	0.000229553227168	9.33775839328e-05	0.011574929675	0.0063535664401	0.000556374770933	0.00173915750075	0.00380902727793	1.55629306555e-05	1.94536633193e-05	0.000925994374001	0.00535753887815	3.89073266387e-06	0.000451324989009	0.000474669384992	0	7.78146532774e-06	0	1.16721979916e-05	2.33443959832e-05	7.78146532774e-06	0.000112831247252	7.78146532774e-06	0.000132284910572	3.89073266387e-06	4.66887919664e-05	2.33443959832e-05	0	0.000167301504546	0.000245116157824	1.55629306555e-05	0.000155629306555	7.78146532774e-06	4.66887919664e-05	0.000373510335731	0.000225662494504	0.000112831247252	2.33443959832e-05	0.000443543523681	0.00104271635392	5.44702572942e-05	2.33443959832e-05	7.78146532774e-06	0	0	0	9.72683165967e-05	0.00275074799335	0.00210099563849	0.00376622921862	0.00166134284747	5.8360989958e-05	0.000116721979916	4.27980593025e-05	0.000151738573891	0.000389073266387	0.000151738573891	4.66887919664e-05	3.50165939748e-05	1.16721979916e-05	0
2.72351286471e-05	4.27980593025e-05	3.50165939748e-05	0	1.94536633193e-05	3.89073266387e-06	5.8360989958e-05	5.05795246303e-05	8.9486851269e-05	3.89073266387e-06	1.55629306555e-05	0.00419810054431	4.66887919664e-05	0.000385182533723	0.000295695682454	1.16721979916e-05	3.89073266387e-06	0.000276242019135	0.00834173083133	0.0035211130608	1.55629306555e-05	5.05795246303e-05	3.89073266387e-06	8.17053859412e-05	4.66887919664e-05	0.00017119223721	0.0052330354329	0.000782037265437	8.17053859412e-05	0.000505795246303	6.61424552858e-05	6.61424552858e-05	2.33443959832e-05	7.00331879496e-05	0.00109329587855	7.78146532774e-06	5.05795246303e-05	3.50165939748e-05	0	0	0	3.89073266387e-06	7.78146532774e-06	0	3.50165939748e-05	3.89073266387e-06	0.000225662494504	3.89073266387e-06	0.000112831247252	1.16721979916e-05	0	7.78146532774e-06	1.16721979916e-05	1.55629306555e-05	5.44702572942e-05	0	0	1.55629306555e-05	1.55629306555e-05	2.72351286471e-05	3.50165939748e-05	0.000213990296513	0.000132284910572	7.78146532774e-06	1.16721979916e-05	0	0	0	3.89073266387e-06	3.11258613109e-05	0.000256788355815	0.000462997187	0.000462997187	7.78146532774e-05	1.16721979916e-05	0	3.89073266387e-06	1.16721979916e-05	0.00019064590053	3.89073266387e-05	7.78146532774e-06	0	0	3.89073266387e-06
0.000167301504546	0.000536921107614	0.00207765124251	0	1.94536633193e-05	0	7.78146532774e-05	8.9486851269e-05	0.000124503445244	1.55629306555e-05	5.05795246303e-05	0.0026379167461	7.00331879496e-05	0.000287914217126	0.000466887919664	4.27980593025e-05	5.8360989958e-05	0.00969959653102	0.0035211130608	0.0255426599383	2.72351286471e-05	0.000715894810152	6.61424552858e-05	0.00184809801534	0.000112831247252	0.00041241766237	0.0199166605063	0.00531085008618	0.000186755167866	0.000929885106664	0.000661424552858	6.22517226219e-05	2.72351286471e-05	0.000284023484462	0.00469222359262	3.89073266387e-06	0.000431871325689	0.000311258613109	0	3.89073266387e-06	0	1.16721979916e-05	1.55629306555e-05	1.94536633193e-05	5.44702572942e-05	7.78146532774e-06	0.000486341582983	0	0.000112831247252	1.94536633193e-05	0	5.8360989958e-05	0.000252897623151	5.05795246303e-05	0.000435762058353	0	1.16721979916e-05	0.00012061271258	9.33775839328e-05	5.8360989958e-05	8.17053859412e-05	0.00104660708658	0.00100769975994	2.33443959832e-05	2.72351286471e-05	3.89073266387e-06	0	0	0	0.000112831247252	0.0019492570646	0.00235000252898	0.0021749195591	0.000587500632244	2.72351286471e-05	1.55629306555e-05	2.72351286471e-05	9.72683165967e-05	0.000509685978967	0.000147847841227	2.72351286471e-05	1.94536633193e-05	1.16721979916e-05	7.78146532774e-06
0.00017119223721	0	3.89073266387e-06	0	0.00656755673661	2.72351286471e-05	0.00243948938025	0.000692550414168	0.00151349500624	0.00105049781924	0.000820944592076	0.000163410771882	0.010220954708	1.55629306555e-05	0.00174304823341	0.00196092926259	0	3.89073266387e-06	1.55629306555e-05	2.72351286471e-05	0.015823609744	1.94536633193e-05	0	3.89073266387e-05	0.00534586668015	7.78146532774e-06	9.72683165967e-05	2.72351286471e-05	0.00274685726069	0.00228386007369	6.61424552858e-05	0	0.000105049781924	0.00019064590053	0.00155629306555	1.16721979916e-05	0	0	0	0.000334603009093	0	0.000128394177908	4.27980593025e-05	4.66887919664e-05	0.000427980593025	0.000178973702538	3.89073266387e-06	0.00019064590053	0	2.72351286471e-05	0	0	0	0	0	0.000229553227168	0	0	0	0.000404636197042	0	3.89073266387e-06	0	0.00012061271258	2.33443959832e-05	0	0	0	0	0	0.000287914217126	3.11258613109e-05	0.000863742651379	0.000112831247252	0.000540811840278	3.11258613109e-05	1.94536633193e-05	0	0	7.78146532774e-06	7.78146532774e-06	7.78146532774e-06	3.89073266387e-06	0
0.0026379167461	0.000112831247252	0.0023694561923	0	1.55629306555e-05	3.89073266387e-06	0.000105049781924	0.000770365067446	0.000863742651379	0.000147847841227	4.27980593025e-05	7.39239206135e-05	1.94536633193e-05	1.94536633193e-05	0.00214768443046	0.000357947405076	0.00262235381545	0.00371564969399	5.05795246303e-05	0.000715894810152	1.94536633193e-05	0.0522603211411	0.000743129938799	0.0346430836391	0.0017119223721	1.16721979916e-05	0.000890977780026	0.001851988748	0.00915100322542	0.00512409491831	0.0182669898569	0	2.33443959832e-05	0.00259900941946	0.00753634916991	8.55961186051e-05	5.05795246303e-05	3.89073266387e-05	0	1.55629306555e-05	0	1.94536633193e-05	0.000136175643235	5.8360989958e-05	0.000879305582034	2.33443959832e-05	1.16721979916e-05	3.89073266387e-06	0	6.61424552858e-05	0	0.000622517226219	1.94536633193e-05	0	1.16721979916e-05	0	0.000198427365857	0.0015718559962	0.000213990296513	0.000793709463429	0	1.55629306555e-05	0.000140066375899	0.000521358176958	6.61424552858e-05	0.000116721979916	0	3.89073266387e-06	1.16721979916e-05	6.22517226219e-05	0.00351722232814	0.00139288229366	0.00670373237984	0.00264180747877	0.000420199127698	0.000568046968925	3.11258613109e-05	0.000276242019135	7.39239206135e-05	0.000124503445244	7.39239206135e-05	4.66887919664e-05	2.72351286471e-05	7.78146532774e-06
0.000105049781924	0.00235000252898	0.000661424552858	0	3.89073266387e-06	0	3.89073266387e-06	2.72351286471e-05	4.27980593025e-05	0.00194536633193	3.89073266387e-06	7.78146532774e-06	0	1.55629306555e-05	0.000159520039219	4.27980593025e-05	0.00367285163469	0.000225662494504	3.89073266387e-06	6.61424552858e-05	0	0.000743129938799	0.0132596169185	0.00196092926259	0.0040269083071	0.000163410771882	0.000373510335731	0.0034355169422	0.000649752354866	0.000377401068395	0.000455215721673	3.89073266387e-06	0	0.000346275207084	0.000805381661421	8.17053859412e-05	8.55961186051e-05	4.66887919664e-05	0	5.05795246303e-05	3.89073266387e-06	1.55629306555e-05	0.000105049781924	3.11258613109e-05	0.00110107734387	7.78146532774e-06	1.16721979916e-05	1.16721979916e-05	3.89073266387e-06	5.8360989958e-05	0	0.000478560117656	2.72351286471e-05	0	1.16721979916e-05	3.89073266387e-06	9.72683165967e-05	0.00180529995603	0.000128394177908	0.000844288988059	0	3.50165939748e-05	0.000151738573891	0.000427980593025	8.9486851269e-05	7.78146532774e-05	0	0	7.78146532774e-06	4.27980593025e-05	0.00063418942421	0.000334603009093	0.000517467444294	0.000272351286471	9.33775839328e-05	2.72351286471e-05	7.78146532774e-06	0.000210099563849	7.39239206135e-05	5.8360989958e-05	3.11258613109e-05	2.72351286471e-05	3.89073266387e-06	0
0.00441209084083	0.00053303037495	0.0206364460492	0	2.72351286471e-05	1.94536633193e-05	0.000175082969874	0.000708113344824	0.0015718559962	0.000256788355815	5.05795246303e-05	0.000210099563849	3.11258613109e-05	3.50165939748e-05	0.00392185852518	0.000680878216177	0.00525248909622	0.0121702117726	8.17053859412e-05	0.00184809801534	3.89073266387e-05	0.0346430836391	0.00196092926259	0.092218145599	0.00173526676809	5.8360989958e-05	0.00372732189199	0.0181541586096	0.00566879749126	0.0075480213679	0.0156640897047	3.89073266387e-06	6.22517226219e-05	0.0026379167461	0.0109251773201	7.39239206135e-05	0.000513576711631	0.000276242019135	0	6.61424552858e-05	0	4.27980593025e-05	0.000178973702538	8.55961186051e-05	0.000898759245353	5.44702572942e-05	5.05795246303e-05	2.72351286471e-05	3.89073266387e-06	8.55961186051e-05	0	0.00409305076239	9.72683165967e-05	3.89073266387e-06	5.05795246303e-05	1.94536633193e-05	0.000673096750849	0.00716672956684	0.00231887666767	0.00143957108563	1.94536633193e-05	8.17053859412e-05	0.00163410771882	0.000708113344824	0.000101159049261	0.000303477147782	0	0	1.94536633193e-05	0.000233443959832	0.0110457900327	0.00462219040468	0.0152594535077	0.00675820263714	0.00099602756195	0.00130728617506	0.000101159049261	0.00108551441322	0.000408526929706	0.000385182533723	0.000256788355815	0.000105049781924	6.61424552858e-05	7.78146532774e-06
0.00154851160022	0.000424089860362	0.000389073266387	0	0.0129483583054	5.05795246303e-05	0.00219048248976	0.00566879749126	0.0028324533793	0.0054158998681	0.000953229502648	0.000225662494504	0.00364172577338	2.72351286471e-05	0.00386349753522	0.00160298185751	0.00648585135067	0.000229553227168	4.66887919664e-05	0.000112831247252	0.00534586668015	0.0017119223721	0.0040269083071	0.00173526676809	0.0526960831994	1.94536633193e-05	0.000303477147782	0.000972683165967	0.0183681489061	0.0057933009365	0.00409305076239	0	0.000112831247252	0.00344329840752	0.00590224145109	0.000785927998101	6.22517226219e-05	3.89073266387e-05	0	0.00275074799335	7.78146532774e-06	0.000521358176958	0.00151738573891	0.000929885106664	0.00946226183853	0.00106995148256	6.61424552858e-05	0.000715894810152	1.55629306555e-05	0.000922103641337	3.50165939748e-05	0.000338493741757	1.16721979916e-05	1.16721979916e-05	2.72351286471e-05	0.000770365067446	0.000128394177908	0.00126059738309	0.000143957108563	0.00971905019434	7.78146532774e-06	1.94536633193e-05	0.000112831247252	0.00240058205361	0.000715894810152	0.000175082969874	0	0	5.05795246303e-05	0.000252897623151	0.00211266783648	0.000568046968925	0.0028752514386	0.000887087047362	0.00129950470973	0.000143957108563	3.89073266387e-05	0.000890977780026	0.000151738573891	0.000400745464378	0.000132284910572	0.000276242019135	9.72683165967e-05	3.89073266387e-06
3.89073266387e-06	0.00178973702538	0.000112831247252	0	0	0	3.89073266387e-06	7.78146532774e-06	0	2.72351286471e-05	7.78146532774e-06	0.00119056419514	3.89073266387e-06	0.00420199127698	1.16721979916e-05	0	1.55629306555e-05	9.33775839328e-05	0.00017119223721	0.00041241766237	7.78146532774e-06	1.16721979916e-05	0.000163410771882	5.8360989958e-05	1.94536633193e-05	0.0135903291949	0.00436540204886	0.00719007396283	1.94536633193e-05	5.8360989958e-05	1.16721979916e-05	0.000256788355815	3.89073266387e-06	7.78146532774e-06	0.000194536633193	7.78146532774e-06	0.00215157516312	0.000252897623151	0	0	3.89073266387e-06	1.55629306555e-05	1.94536633193e-05	1.55629306555e-05	7.78146532774e-06	1.94536633193e-05	0.00172359457009	7.78146532774e-06	0.00173915750075	3.11258613109e-05	0	2.33443959832e-05	0.000210099563849	0.000213990296513	0.000626407958883	3.89073266387e-06	1.55629306555e-05	7.00331879496e-05	5.44702572942e-05	7.78146532774e-06	0.00242392644959	0.00251730403352	0.00255621136016	7.78146532774e-06	3.50165939748e-05	0	1.55629306555e-05	3.89073266387e-06	0	0.000284023484462	0.000136175643235	0.000256788355815	0.000132284910572	3.11258613109e-05	3.89073266387e-06	0	3.89073266387e-05	0.000124503445244	0.000953229502648	0.00041241766237	3.11258613109e-05	1.55629306555e-05	1.55629306555e-05	0.000237334692496
0.000400745464378	0.00421366347497	0.0105555577171	0	8.17053859412e-05	3.89073266387e-06	0.000182864435202	0.000198427365857	0.00036183813774	7.78146532774e-05	9.72683165967e-05	0.00891755926559	0.000143957108563	0.00387127900055	0.00113220320519	7.39239206135e-05	0.000175082969874	0.011574929675	0.0052330354329	0.0199166605063	9.72683165967e-05	0.000890977780026	0.000373510335731	0.00372732189199	0.000303477147782	0.00436540204886	0.0823668104941	0.030071472759	0.000494123048311	0.00214768443046	0.00103493488859	0.00172359457009	7.39239206135e-05	0.00041241766237	0.00764918041716	2.33443959832e-05	0.00412806735636	0.00252508549885	0	2.33443959832e-05	0	4.66887919664e-05	6.22517226219e-05	6.22517226219e-05	0.000159520039219	4.66887919664e-05	0.00327599690298	2.33443959832e-05	0.00132673983838	8.9486851269e-05	0	0.000225662494504	0.00168857797612	0.000521358176958	0.00248617817221	1.94536633193e-05	5.8360989958e-05	0.000427980593025	0.000529139642286	0.000167301504546	0.000883196314698	0.00713560370553	0.00796043903027	7.00331879496e-05	0.000112831247252	2.33443959832e-05	3.11258613109e-05	0	3.89073266387e-06	0.000692550414168	0.00502682660172	0.00626407958883	0.00438096497952	0.0012061271258	6.61424552858e-05	3.11258613109e-05	5.44702572942e-05	0.000540811840278	0.0033382486256	0.00109329587855	0.00012061271258	8.55961186051e-05	4.27980593025e-05	6.22517226219e-05
0.000260679088479	0.0112909061905	0.0201617766642	0	7.78146532774e-06	3.89073266387e-06	4.27980593025e-05	7.39239206135e-05	0.000167301504546	0.000552484038269	2.33443959832e-05	0.0019920551239	2.33443959832e-05	0.00543535353142	0.000400745464378	0.000132284910572	0.00270016846872	0.0063535664401	0.000782037265437	0.00531085008618	2.72351286471e-05	0.001851988748	0.0034355169422	0.0181541586096	0.000972683165967	0.00719007396283	0.030071472759	0.0972605351314	0.000490232315647	0.000867633384043	0.000817053859412	0.000743129938799	1.94536633193e-05	0.000365728870404	0.00439263717751	8.9486851269e-05	0.00839620108863	0.00350555013015	0	4.27980593025e-05	3.89073266387e-06	4.27980593025e-05	0.000105049781924	7.78146532774e-05	0.000350165939748	6.61424552858e-05	0.00218659175709	5.44702572942e-05	0.00112053100719	0.000132284910572	3.89073266387e-06	0.00418642834632	0.00185587948067	0.000389073266387	0.00163410771882	3.11258613109e-05	0.000509685978967	0.00701110026029	0.00320596371503	0.000638080156874	0.00122558078912	0.0055131681847	0.0143801479257	0.00024122542516	0.000132284910572	0.000155629306555	1.55629306555e-05	3.89073266387e-06	1.55629306555e-05	0.000801490928757	0.00674653043915	0.00440041864283	0.00496068414643	0.00219826395509	0.000280132751798	0.000268460553807	4.66887919664e-05	0.00129561397707	0.00261846308278	0.00118278272982	0.000284023484462	0.000112831247252	5.05795246303e-05	7.00331879496e-05
0.00499181000774	8.17053859412e-05	0.000828726057404	0	0.00577773800584	6.61424552858e-05	0.00441987230615	0.023566167745	0.00762583602118	0.0017119223721	0.0067192953105	0.000474669384992	0.00177806482739	3.50165939748e-05	0.00923270861136	0.000673096750849	0.00194536633193	0.000556374770933	8.17053859412e-05	0.000186755167866	0.00274685726069	0.00915100322542	0.000649752354866	0.00566879749126	0.0183681489061	1.94536633193e-05	0.000494123048311	0.000490232315647	0.0673018936196	0.01199123807	0.0150415724785	0	0.000175082969874	0.00609288735162	0.00973072239233	0.00053303037495	2.72351286471e-05	2.33443959832e-05	0	0.00183253508468	0	0.000548593305605	0.00119445492781	0.000680878216177	0.00796043903027	0.00125670665043	7.39239206135e-05	0.000727567008143	7.78146532774e-06	0.000673096750849	3.11258613109e-05	0.000198427365857	1.94536633193e-05	1.55629306555e-05	2.72351286471e-05	0.000898759245353	7.39239206135e-05	0.000645861622202	0.000132284910572	0.00682045435976	0	1.94536633193e-05	7.39239206135e-05	0.00205041611386	0.000544702572942	0.000105049781924	0	0	3.50165939748e-05	0.000233443959832	0.00244338011291	0.0006030635629	0.00500348220573	0.00135008423436	0.00058360989958	0.000256788355815	5.05795246303e-05	0.000809272394085	0.000155629306555	0.000322930811101	0.000112831247252	0.000237334692496	6.22517226219e-05	1.16721979916e-05
0.0155823843188	0.000101159049261	0.0023694561923	0	0.00178584629272	0.000902649978017	0.00526416129421	0.0080654888122	0.0121546488419	0.000949338769984	0.00219437322242	0.00389073266387	0.00280521825065	0.000377401068395	0.0341372883928	0.000925994374001	0.000665315285521	0.00173915750075	0.000505795246303	0.000929885106664	0.00228386007369	0.00512409491831	0.000377401068395	0.0075480213679	0.0057933009365	5.8360989958e-05	0.00214768443046	0.000867633384043	0.01199123807	0.0689904715957	0.0218270102443	1.94536633193e-05	0.00415530248501	0.0213367779287	0.0317989580618	0.000322930811101	3.89073266387e-05	5.8360989958e-05	0	0.000575828434252	3.89073266387e-06	0.00019064590053	0.000587500632244	0.000385182533723	0.0038440438719	0.000439652791017	0.000132284910572	0.00024122542516	1.16721979916e-05	0.000400745464378	3.89073266387e-06	0.000143957108563	3.11258613109e-05	2.33443959832e-05	3.50165939748e-05	0.000245116157824	9.72683165967e-05	0.000501904513639	0.000151738573891	0.00338493741757	1.16721979916e-05	8.9486851269e-05	0.000147847841227	0.00112442173986	0.000303477147782	5.44702572942e-05	0	3.89073266387e-06	3.89073266387e-05	0.000202318098521	0.00526805202688	0.00126059738309	0.0152866886363	0.00360670917941	0.000961010967975	0.00094544803732	0.000435762058353	0.000494123048311	0.000132284910572	0.000256788355815	0.000186755167866	0.000132284910572	0.000101159049261	0
0.0127616031375	0.000105049781924	0.00370786822867	0	7.39239206135e-05	1.94536633193e-05	0.000322930811101	0.00574272141187	0.00375066628797	0.000785927998101	7.39239206135e-05	0.00022177176184	7.00331879496e-05	2.72351286471e-05	0.0110029919734	0.000198427365857	0.000972683165967	0.00380902727793	6.61424552858e-05	0.000661424552858	6.61424552858e-05	0.0182669898569	0.000455215721673	0.0156640897047	0.00409305076239	1.16721979916e-05	0.00103493488859	0.000817053859412	0.0150415724785	0.0218270102443	0.0531979877131	0	5.05795246303e-05	0.0118161551002	0.0100575439361	0.000245116157824	3.11258613109e-05	7.00331879496e-05	0	0.000178973702538	3.89073266387e-06	5.05795246303e-05	0.00041241766237	0.000225662494504	0.0025523206275	0.000124503445244	2.33443959832e-05	5.44702572942e-05	0	0.000276242019135	0	0.000186755167866	2.33443959832e-05	0	3.89073266387e-06	4.66887919664e-05	8.55961186051e-05	0.000564156236261	0.000155629306555	0.00202707171788	0	2.33443959832e-05	0.000147847841227	0.000735348473471	0.000217881029177	8.55961186051e-05	0	0	2.72351286471e-05	0.000112831247252	0.00168079651079	0.000591391364908	0.00417086541567	0.00140455449166	0.000427980593025	0.00024122542516	1.94536633193e-05	0.000385182533723	6.61424552858e-05	0.000136175643235	5.8360989958e-05	6.61424552858e-05	3.11258613109e-05	0
