0.0309120872974	9.89668719154e-05	0.00196212580841	0	0.000141995946661	2.15145373729e-05	0.00121341990783	0.00906192314147	0.0123880706193	0.000830461142594	0.00154474378337	0.000245265726051	0.000266780263424	2.58174448475e-05	0.0186014690126	3.01203523221e-05	0.000400170395136	0.00131668968722	3.44232597966e-05	0.000305506430695	0.000555075064221	0.00299482360231	0.00030980933817	0.0038252847449	0.0017598891571	1.29087224237e-05	0.00102409197895	0.000279688985848	0.00521942676667	0.0153355622394	0.0148364249724	0	0.000210842466254	0.000748705900577	0.00342081144229	7.74523345425e-05	8.1755242017e-05	5.1634889695e-05	0	3.44232597966e-05	0	2.15145373729e-05	0.000228054096153	5.1634889695e-05	0.000567983786645	5.1634889695e-05	2.15145373729e-05	1.29087224237e-05	0	9.03610569662e-05	0	0.000176419206458	1.72116298983e-05	4.30290747458e-06	2.15145373729e-05	1.72116298983e-05	0.000159207576559	0.000408776210085	0.000137693039187	0.000576589601594	8.60581494916e-06	3.44232597966e-05	0.000120481409288	0.000520651804424	0.00010326977939	8.60581494916e-05	4.30290747458e-06	0	4.73319822204e-05	9.89668719154e-05	0.000860581494916	0.000228054096153	0.00172976880478	0.000451805284831	0.00010326977939	3.01203523221e-05	1.72116298983e-05	0.000137693039187	4.30290747458e-05	0.00010326977939	5.1634889695e-05	3.01203523221e-05	3.44232597966e-05	0
9.89668719154e-05	0.0264585780612	0.00265919681929	0	0	4.30290747458e-06	8.60581494916e-06	5.1634889695e-05	8.60581494916e-05	0.000606709953916	4.30290747458e-06	0.000163510484034	1.29087224237e-05	0.000335626783017	7.31494270679e-05	2.15145373729e-05	0.000808946605221	0.0015576525058	0.00010326977939	0.000946639644408	8.60581494916e-06	0.000266780263424	0.00490531452102	0.00145438272641	0.000692768103407	0.00105851523875	0.00855848296694	0.0142297150184	0.000120481409288	0.00015060176161	0.000331323875543	3.87261672712e-05	1.29087224237e-05	3.01203523221e-05	0.00102409197895	2.58174448475e-05	0.0133992538758	0.000821855327645	0	1.29087224237e-05	0	1.29087224237e-05	7.31494270679e-05	0	2.58174448475e-05	2.15145373729e-05	0.000305506430695	8.60581494916e-06	0.000107572686865	3.44232597966e-05	0	0.00010326977939	0.001015486164	4.30290747458e-05	0.00120051118541	1.29087224237e-05	9.89668719154e-05	0.000352838412916	0.000352838412916	7.74523345425e-05	0.00232357003627	0.00313251664149	0.00948360807398	0.000107572686865	3.87261672712e-05	2.58174448475e-05	3.01203523221e-05	8.60581494916e-06	8.60581494916e-06	0.000524954711899	0.00153613796843	0.00104560651632	0.000968154181781	0.000283991893322	5.1634889695e-05	4.30290747458e-06	8.60581494916e-06	0.000602407046441	0.000985365811679	0.000658344843611	0.000163510484034	1.72116298983e-05	1.29087224237e-05	1.29087224237e-05
0.00196212580841	0.00265919681929	0.0350902104552	0	0	8.60581494916e-06	0.000111875594339	0.000546469249272	0.00114027048076	0.000167813391509	2.58174448475e-05	8.1755242017e-05	1.29087224237e-05	4.30290747458e-05	0.0012521460751	4.30290747458e-06	0.00081755242017	0.004061944656	2.58174448475e-05	0.000404473302611	3.44232597966e-05	0.00234078166617	0.00081755242017	0.0116909996084	0.000408776210085	4.73319822204e-05	0.00802492244009	0.00920391908813	0.000654041936136	0.00149741180115	0.00361444227865	4.30290747458e-06	3.44232597966e-05	6.45436121187e-05	0.00192339964114	4.73319822204e-05	0.0056023855319	0.00138983911429	0	4.30290747458e-06	4.30290747458e-06	4.30290747458e-06	0.000210842466254	3.01203523221e-05	6.02407046441e-05	1.29087224237e-05	6.02407046441e-05	0	3.01203523221e-05	6.02407046441e-05	4.30290747458e-06	0.00020653955878	0.000671253566035	1.72116298983e-05	0.000215145373729	0	0.000202236651305	0.000856278587442	0.000718585548255	9.03610569662e-05	9.46639644408e-05	0.00092082219956	0.00533130236101	0.000185025021407	2.15145373729e-05	0.00010326977939	0	0	8.60581494916e-06	0.000249568633526	0.00300773232473	0.00229775259143	0.0020137606981	0.00100257744158	9.89668719154e-05	2.58174448475e-05	3.01203523221e-05	0.000404473302611	0.000550772156746	0.000348535505441	0.000202236651305	3.87261672712e-05	3.01203523221e-05	4.30290747458e-06
0	0	0	0	0	0	0	0	0	0	0	0	0	0	0	0	0	0	0	0	0	0	0	0	0	0	0	0	0	0	0	0	0	0	0	0	0	0	0	0	0	0	0	0	0	0	0	0	0	0	0	0	0	0	0	0	0	0	0	0	0	0	0	0	0	0	0	0	0	0	0	0	0	0	0	0	0	0	0	0	0	0	0	0
0.000141995946661	0	0	0	0.0131238677975	1.29087224237e-05	0.000537863434323	0.000740100085628	0.000567983786645	0.000408776210085	0.00145007981893	6.02407046441e-05	0.00299912650978	1.29087224237e-05	0.000507743082001	8.1755242017e-05	0	8.60581494916e-06	4.30290747458e-06	1.29087224237e-05	0.00491392033597	4.30290747458e-06	0	1.72116298983e-05	0.00546469249272	0	3.44232597966e-05	4.30290747458e-06	0.00476762148184	0.000550772156746	3.87261672712e-05	4.30290747458e-06	6.02407046441e-05	2.58174448475e-05	0.000395867487661	1.72116298983e-05	0	0	0	0.00122632863026	0	1.72116298983e-05	3.01203523221e-05	1.72116298983e-05	0.000524954711899	7.74523345425e-05	0	0.000189327928882	0	2.15145373729e-05	4.30290747458e-06	1.29087224237e-05	0	0	0	0.000262477355949	8.60581494916e-06	1.29087224237e-05	4.30290747458e-06	0.0010499094238	0	0	0	0.000718585548255	3.44232597966e-05	4.30290747458e-06	0	4.30290747458e-06	4.30290747458e-06	2.58174448475e-05	0.000154904669085	3.44232597966e-05	0.000219448281204	3.87261672712e-05	0.000197933743831	8.60581494916e-06	4.30290747458e-06	1.29087224237e-05	4.30290747458e-06	8.60581494916e-06	0	4.30290747458e-06	0	0
2.15145373729e-05	4.30290747458e-06	8.60581494916e-06	0	1.29087224237e-05	0.00321857479099	0.00116178501814	3.44232597966e-05	0.000808946605221	4.73319822204e-05	9.46639644408e-05	0.000107572686865	8.60581494916e-05	2.15145373729e-05	0.000180722113932	0.000524954711899	0	0	4.30290747458e-06	0	6.45436121187e-05	1.29087224237e-05	0	2.58174448475e-05	2.58174448475e-05	4.30290747458e-06	1.29087224237e-05	8.60581494916e-06	3.87261672712e-05	0.000335626783017	1.72116298983e-05	4.30290747458e-06	0.00166952810014	4.30290747458e-06	0.000318415153119	0	4.30290747458e-06	0	0	0	0	0	0	0	8.60581494916e-06	0	4.30290747458e-06	4.30290747458e-06	0	0	0	0	0	0	0	0	0	0	0	8.60581494916e-06	4.30290747458e-06	0	8.60581494916e-06	0	0	0	0	0	0	0	4.73319822204e-05	4.30290747458e-06	0.000197933743831	6.02407046441e-05	0.000774523345425	0.000808946605221	4.30290747458e-06	0	4.30290747458e-06	8.60581494916e-06	1.29087224237e-05	0	0	4.30290747458e-06
0.00121341990783	8.60581494916e-06	0.000111875594339	0	0.000537863434323	0.00116178501814	0.0405893262077	0.00566692914402	0.019122120817	0.00020653955878	0.0155205872608	0.000830461142594	0.00917810164328	0.00015060176161	0.004823559279	0.000972457089255	7.31494270679e-05	5.1634889695e-05	0.000107572686865	0.000193630836356	0.00494834359577	0.000258174448475	3.87261672712e-05	0.000408776210085	0.000705676825831	5.1634889695e-05	0.000387261672712	8.60581494916e-05	0.00349396086936	0.00394576615419	0.000950942551882	1.29087224237e-05	0.00363165390855	6.45436121187e-05	0.00318845443866	2.15145373729e-05	1.29087224237e-05	4.30290747458e-06	0	1.72116298983e-05	0	8.60581494916e-06	7.31494270679e-05	1.29087224237e-05	0.000185025021407	1.29087224237e-05	3.01203523221e-05	0	4.30290747458e-06	1.29087224237e-05	0	4.30290747458e-05	0	0	1.29087224237e-05	0	8.60581494916e-06	7.31494270679e-05	1.29087224237e-05	0.000275386078373	3.87261672712e-05	2.58174448475e-05	3.87261672712e-05	0.000185025021407	3.01203523221e-05	2.15145373729e-05	0	4.30290747458e-06	0	2.15145373729e-05	0.00101978907148	0.000180722113932	0.0025731386698	0.000374352950289	0.00106281814622	0.000774523345425	4.30290747458e-05	3.01203523221e-05	2.58174448475e-05	4.30290747458e-05	4.30290747458e-06	4.30290747458e-06	4.30290747458e-06	0
0.00906192314147	5.1634889695e-05	0.000546469249272	0	0.000740100085628	3.44232597966e-05	0.00566692914402	0.0477106380781	0.0107056337968	0.00135541585449	0.011342464103	0.000223751188678	0.00122202572278	2.58174448475e-05	0.0103958244586	6.45436121187e-05	0.000197933743831	0.000223751188678	3.87261672712e-05	0.000107572686865	0.00101978907148	0.00191479382619	0.000133390131712	0.00160498448802	0.00342081144229	1.72116298983e-05	0.000335626783017	0.000172116298983	0.0230635840638	0.00601546464946	0.011260708861	0	0.000305506430695	0.000688465195933	0.00276676950616	0.000146298854136	6.02407046441e-05	3.01203523221e-05	0	0.000223751188678	0	4.30290747458e-05	0.000507743082001	7.31494270679e-05	0.00175558624963	0.000210842466254	3.44232597966e-05	5.1634889695e-05	4.30290747458e-06	0.000129087224237	1.29087224237e-05	0.000185025021407	1.29087224237e-05	4.30290747458e-06	1.72116298983e-05	6.45436121187e-05	5.59377971695e-05	0.000327020968068	7.74523345425e-05	0.00225042060921	2.15145373729e-05	1.72116298983e-05	9.46639644408e-05	0.00140274783671	0.00015060176161	6.02407046441e-05	0	8.60581494916e-06	7.31494270679e-05	0.000189327928882	0.00129087224237	0.000197933743831	0.00214284792234	0.000391564580187	0.000193630836356	7.74523345425e-05	8.60581494916e-06	0.00015060176161	7.31494270679e-05	0.000180722113932	5.59377971695e-05	4.73319822204e-05	2.15145373729e-05	0
0.0123880706193	8.60581494916e-05	0.00114027048076	0	0.000567983786645	0.000808946605221	0.019122120817	0.0107056337968	0.0506452209758	0.000529257619373	0.0110025344125	0.000959548366831	0.00454817320063	0.000172116298983	0.0228871648573	0.000210842466254	0.000245265726051	0.000559377971695	8.60581494916e-05	0.000318415153119	0.00531409073111	0.00199224616073	0.000193630836356	0.0027753753211	0.00138553620681	6.02407046441e-05	0.000860581494916	0.000245265726051	0.00645866411935	0.00928137142267	0.00716864385265	4.30290747458e-06	0.00350686959178	0.000154904669085	0.00434163364185	8.1755242017e-05	7.74523345425e-05	8.60581494916e-06	0	3.87261672712e-05	0	1.29087224237e-05	0.000172116298983	4.73319822204e-05	0.000490531452102	3.87261672712e-05	2.15145373729e-05	8.60581494916e-06	0	8.60581494916e-05	0	0.00015060176161	1.72116298983e-05	4.30290747458e-06	2.58174448475e-05	1.72116298983e-05	0.000107572686865	0.000318415153119	9.46639644408e-05	0.000658344843611	3.87261672712e-05	5.59377971695e-05	8.60581494916e-05	0.000469016914729	9.46639644408e-05	4.73319822204e-05	4.30290747458e-06	8.60581494916e-06	2.58174448475e-05	9.03610569662e-05	0.00121341990783	0.000318415153119	0.00298621778736	0.000520651804424	0.000628224491289	0.000486228544628	4.30290747458e-05	9.46639644408e-05	6.02407046441e-05	7.74523345425e-05	3.01203523221e-05	3.44232597966e-05	1.29087224237e-05	0
0.000830461142594	0.000606709953916	0.000167813391509	0	0.000408776210085	4.73319822204e-05	0.00020653955878	0.00135541585449	0.000529257619373	0.019892341255	0.000185025021407	8.60581494916e-05	0.000744402993102	5.1634889695e-05	0.000856278587442	0.000843369865018	0.00097675999673	0.000137693039187	2.15145373729e-05	9.89668719154e-05	0.000374352950289	0.000688465195933	0.00395867487661	0.00071428264078	0.00752578517304	6.45436121187e-05	0.000451805284831	0.000731494270679	0.00308948756675	0.00226332933163	0.00394146324672	0	3.01203523221e-05	0.000705676825831	0.00132529550217	0.000245265726051	0.000167813391509	5.1634889695e-05	0	0.000636830306238	0	9.03610569662e-05	0.000882096032289	0.000120481409288	0.00459550518285	0.000288294800797	3.87261672712e-05	0.000159207576559	4.30290747458e-06	0.000271083170899	1.72116298983e-05	0.00102409197895	3.44232597966e-05	0	2.58174448475e-05	0.000129087224237	0.000550772156746	0.00257744157727	0.000718585548255	0.00375643822531	1.29087224237e-05	4.73319822204e-05	0.000279688985848	0.00262477355949	0.000391564580187	0.000240962818577	0	1.72116298983e-05	0.000124784316763	0.000331323875543	0.0018287356767	0.000154904669085	0.00113166466581	0.000382958765238	0.00176849497205	3.87261672712e-05	1.29087224237e-05	0.000400170395136	0.000228054096153	0.000266780263424	0.000124784316763	0.000129087224237	3.87261672712e-05	4.30290747458e-06
0.00154474378337	4.30290747458e-06	2.58174448475e-05	0	0.00145007981893	9.46639644408e-05	0.0155205872608	0.011342464103	0.0110025344125	0.000185025021407	0.0381323660397	0.000486228544628	0.0063984234147	8.60581494916e-05	0.00564111169918	0.000116178501814	2.58174448475e-05	5.1634889695e-05	4.73319822204e-05	0.000185025021407	0.0074311212086	4.73319822204e-05	3.01203523221e-05	8.60581494916e-05	0.000537863434323	2.58174448475e-05	0.000240962818577	7.74523345425e-05	0.00767638693465	0.00348535505441	0.000245265726051	4.30290747458e-06	0.000692768103407	6.45436121187e-05	0.00248277761283	1.29087224237e-05	4.30290747458e-06	0	0	4.73319822204e-05	0	8.60581494916e-06	2.15145373729e-05	1.72116298983e-05	0.000210842466254	2.58174448475e-05	2.15145373729e-05	8.60581494916e-06	4.30290747458e-06	1.29087224237e-05	0	3.01203523221e-05	0	4.30290747458e-06	0	1.72116298983e-05	1.29087224237e-05	4.73319822204e-05	8.60581494916e-06	0.00035714132039	3.44232597966e-05	1.72116298983e-05	1.72116298983e-05	0.000210842466254	4.30290747458e-06	8.60581494916e-06	4.30290747458e-06	4.30290747458e-06	0	1.29087224237e-05	0.000615315768865	0.000163510484034	0.00165231647024	0.000219448281204	0.000185025021407	0.000120481409288	2.15145373729e-05	8.60581494916e-06	2.15145373729e-05	1.72116298983e-05	0	0	0	0
0.000245265726051	0.000163510484034	8.1755242017e-05	0	6.02407046441e-05	0.000107572686865	0.000830461142594	0.000223751188678	0.000959548366831	8.60581494916e-05	0.000486228544628	0.021153093145	0.000546469249272	0.00404473302611	0.000615315768865	3.87261672712e-05	7.74523345425e-05	0.000228054096153	0.00234938748112	0.00407485337843	0.000593801231492	9.89668719154e-05	6.02407046441e-05	0.000210842466254	0.000120481409288	0.00130808387227	0.00731494270679	0.00109724140602	0.000292597708271	0.00222890607183	0.000240962818577	0.000524954711899	0.000628224491289	3.87261672712e-05	0.00610582570643	8.60581494916e-06	0.00010326977939	1.29087224237e-05	0	4.30290747458e-06	0	0	3.01203523221e-05	0	4.30290747458e-05	1.29087224237e-05	0.000490531452102	4.30290747458e-06	0.000512045989475	1.29087224237e-05	0	4.30290747458e-06	2.58174448475e-05	5.59377971695e-05	0.000159207576559	0	4.30290747458e-06	2.15145373729e-05	4.30290747458e-06	5.1634889695e-05	0.000834764050069	0.00046041109978	0.000344232597966	3.87261672712e-05	2.15145373729e-05	0	0.000120481409288	0	0	6.02407046441e-05	0.00106281814622	0.00337347946007	0.00487949707617	0.000602407046441	7.31494270679e-05	9.89668719154e-05	0.000632527398763	5.59377971695e-05	0.000490531452102	9.03610569662e-05	1.29087224237e-05	0	4.30290747458e-06	6.02407046441e-05
0.000266780263424	1.29087224237e-05	1.29087224237e-05	0	0.00299912650978	8.60581494916e-05	0.00917810164328	0.00122202572278	0.00454817320063	0.000744402993102	0.0063984234147	0.000546469249272	0.0300428999875	0.000111875594339	0.00292597708271	0.00111445303592	1.72116298983e-05	2.58174448475e-05	6.88465195933e-05	0.000167813391509	0.0161531146596	6.45436121187e-05	2.58174448475e-05	5.59377971695e-05	0.00209551594012	6.02407046441e-05	0.000305506430695	5.59377971695e-05	0.00266349972677	0.00296040034251	0.00015060176161	1.29087224237e-05	0.000593801231492	2.15145373729e-05	0.00245696016799	2.15145373729e-05	4.30290747458e-06	0	0	0.000301203523221	0	0.000116178501814	2.15145373729e-05	8.60581494916e-06	0.000154904669085	0.000111875594339	2.15145373729e-05	0.000774523345425	4.30290747458e-06	3.87261672712e-05	8.60581494916e-06	4.30290747458e-06	4.30290747458e-06	0	4.30290747458e-06	0.000869187309865	1.29087224237e-05	8.60581494916e-06	1.29087224237e-05	0.00020653955878	1.29087224237e-05	1.29087224237e-05	8.60581494916e-06	0.000167813391509	3.87261672712e-05	4.30290747458e-06	4.30290747458e-06	1.72116298983e-05	0	3.01203523221e-05	0.000529257619373	0.000159207576559	0.00145438272641	0.000124784316763	0.0010671210537	9.03610569662e-05	3.01203523221e-05	1.72116298983e-05	2.15145373729e-05	3.87261672712e-05	4.30290747458e-06	0	1.29087224237e-05	0
2.58174448475e-05	0.000335626783017	4.30290747458e-05	0	1.29087224237e-05	2.15145373729e-05	0.00015060176161	2.58174448475e-05	0.000172116298983	5.1634889695e-05	8.60581494916e-05	0.00404473302611	0.000111875594339	0.0168889118377	0.00015060176161	0	2.58174448475e-05	1.72116298983e-05	0.000361444227865	0.000266780263424	0.000133390131712	3.87261672712e-05	0.00015060176161	8.1755242017e-05	3.01203523221e-05	0.00598104138967	0.00424696967741	0.00368328879824	4.30290747458e-05	0.000374352950289	4.73319822204e-05	0.00172546589731	0.000107572686865	0	0.000886398939764	8.60581494916e-06	0.000137693039187	0	0	1.72116298983e-05	0	1.72116298983e-05	3.44232597966e-05	8.60581494916e-06	3.44232597966e-05	3.87261672712e-05	0.00124784316763	3.01203523221e-05	0.00158346995065	3.87261672712e-05	0	2.15145373729e-05	8.60581494916e-06	0.000124784316763	0.000137693039187	3.01203523221e-05	1.72116298983e-05	4.73319822204e-05	4.30290747458e-05	2.15145373729e-05	0.00224611770173	0.000929428014509	0.000740100085628	4.30290747458e-05	6.88465195933e-05	2.15145373729e-05	0.000335626783017	8.60581494916e-06	8.60581494916e-06	0.000176419206458	0.000322718060594	0.00206969849527	0.00160928739549	0.000481925637153	1.29087224237e-05	3.01203523221e-05	0.00101978907148	6.02407046441e-05	0.00138123329934	0.000314112245644	0.000116178501814	8.60581494916e-06	3.44232597966e-05	0.000176419206458
0.0186014690126	7.31494270679e-05	0.0012521460751	0	0.000507743082001	0.000180722113932	0.004823559279	0.0103958244586	0.0228871648573	0.000856278587442	0.00564111169918	0.000615315768865	0.00292597708271	0.00015060176161	0.0473534967578	0.000120481409288	0.000305506430695	0.000860581494916	5.1634889695e-05	0.000288294800797	0.00348965796188	0.00225042060921	0.000215145373729	0.002792586951	0.00202236651305	5.59377971695e-05	0.000972457089255	0.000253871541	0.0069578013864	0.0203871756146	0.0103097663091	8.60581494916e-06	0.00354129285158	0.000907913477137	0.00507743082001	0.000124784316763	3.44232597966e-05	1.72116298983e-05	0	4.73319822204e-05	0	1.29087224237e-05	0.000283991893322	5.1634889695e-05	0.000765917530475	6.02407046441e-05	3.01203523221e-05	1.29087224237e-05	8.60581494916e-06	0.000124784316763	0	0.000219448281204	2.15145373729e-05	4.30290747458e-06	3.87261672712e-05	1.72116298983e-05	0.000124784316763	0.000408776210085	0.000116178501814	0.000890701847238	1.72116298983e-05	3.44232597966e-05	4.30290747458e-05	0.000688465195933	0.000159207576559	6.45436121187e-05	0	4.30290747458e-06	4.73319822204e-05	0.000141995946661	0.00151032052358	0.000253871541	0.00306797302938	0.000567983786645	0.00051634889695	0.000219448281204	4.30290747458e-05	0.00015060176161	6.88465195933e-05	0.000146298854136	7.74523345425e-05	2.58174448475e-05	3.01203523221e-05	4.30290747458e-06
3.01203523221e-05	2.15145373729e-05	4.30290747458e-06	0	8.1755242017e-05	0.000524954711899	0.000972457089255	6.45436121187e-05	0.000210842466254	0.000843369865018	0.000116178501814	3.87261672712e-05	0.00111445303592	0	0.000120481409288	0.00447932668104	4.30290747458e-06	0	8.60581494916e-06	1.72116298983e-05	0.000253871541	1.29087224237e-05	3.01203523221e-05	2.58174448475e-05	0.00035714132039	0	2.58174448475e-05	2.58174448475e-05	0.000141995946661	0.000223751188678	0.000141995946661	0	0.00010326977939	3.44232597966e-05	0.000215145373729	4.30290747458e-06	1.72116298983e-05	0	0	2.15145373729e-05	0	0	1.29087224237e-05	0	4.30290747458e-05	8.60581494916e-06	0	4.30290747458e-06	0	0	0	0	0	0	0	4.30290747458e-06	0	1.29087224237e-05	4.30290747458e-06	5.59377971695e-05	0	8.60581494916e-06	1.72116298983e-05	3.44232597966e-05	0	8.60581494916e-06	0	0	0	0	0.000137693039187	4.30290747458e-06	0.000120481409288	8.60581494916e-06	0.00275386078373	4.73319822204e-05	0	0	4.30290747458e-06	0	0	0	0	0
0.000400170395136	0.000808946605221	0.00081755242017	0	0	0	7.31494270679e-05	0.000197933743831	0.000245265726051	0.00097675999673	2.58174448475e-05	7.74523345425e-05	1.72116298983e-05	2.58174448475e-05	0.000305506430695	4.30290747458e-06	0.0221083386044	0.000512045989475	2.15145373729e-05	0.000133390131712	3.01203523221e-05	0.00288725091544	0.00658344843611	0.00573147275614	0.00627794200541	3.44232597966e-05	0.000903610569662	0.00555075064221	0.00188037056639	0.000899307662187	0.00248708052031	4.30290747458e-06	4.30290747458e-06	0.000314112245644	0.00173837461973	0.000120481409288	0.000417382025034	0.00015060176161	0	1.72116298983e-05	0	4.30290747458e-06	0.000232357003627	8.60581494916e-06	0.000185025021407	3.01203523221e-05	4.73319822204e-05	8.60581494916e-06	8.60581494916e-06	6.45436121187e-05	4.30290747458e-06	0.000796037882797	6.02407046441e-05	4.30290747458e-06	5.1634889695e-05	1.72116298983e-05	0.000542166341797	0.00308518465927	0.00127366061248	0.000266780263424	3.87261672712e-05	6.02407046441e-05	0.000959548366831	0.000266780263424	0.000180722113932	0.000210842466254	0	8.60581494916e-06	8.1755242017e-05	0.000185025021407	0.00246556598293	0.000512045989475	0.00121772281531	0.000580892509068	9.89668719154e-05	4.30290747458e-06	1.72116298983e-05	0.000348535505441	0.000189327928882	0.000215145373729	0.000107572686865	2.15145373729e-05	3.01203523221e-05	0
0.00131668968722	0.0015576525058	0.004061944656	0	8.60581494916e-06	0	5.1634889695e-05	0.000223751188678	0.000559377971695	0.000137693039187	5.1634889695e-05	0.000228054096153	2.58174448475e-05	1.72116298983e-05	0.000860581494916	0	0.000512045989475	0.0252623697833	0.000111875594339	0.00425557549236	5.59377971695e-05	0.00339499399744	0.000679859380984	0.00810237477464	0.000421684932509	2.58174448475e-05	0.00806364860736	0.00372201496551	0.000520651804424	0.00169104263751	0.00450514412589	0	2.58174448475e-05	7.31494270679e-05	0.00648017865672	1.72116298983e-05	0.00143286818904	0.000232357003627	0	8.60581494916e-06	0	0	2.58174448475e-05	0	3.01203523221e-05	4.30290747458e-06	4.30290747458e-05	0	1.29087224237e-05	1.29087224237e-05	0	7.74523345425e-05	0.000279688985848	8.60581494916e-06	0.00020653955878	0	9.89668719154e-05	0.000279688985848	0.000154904669085	3.01203523221e-05	8.60581494916e-05	0.000456108192306	0.00137693039187	6.88465195933e-05	8.60581494916e-06	1.29087224237e-05	0	0	4.30290747458e-06	0.00010326977939	0.00216005955224	0.00165661937771	0.00309379047422	0.000998274534103	3.44232597966e-05	8.60581494916e-06	1.29087224237e-05	0.000159207576559	0.000210842466254	0.000141995946661	6.02407046441e-05	1.72116298983e-05	8.60581494916e-06	4.30290747458e-06
3.44232597966e-05	0.00010326977939	2.58174448475e-05	0	4.30290747458e-06	4.30290747458e-06	0.000107572686865	3.87261672712e-05	8.60581494916e-05	2.15145373729e-05	4.73319822204e-05	0.00234938748112	6.88465195933e-05	0.000361444227865	5.1634889695e-05	8.60581494916e-06	2.15145373729e-05	0.000111875594339	0.00648448156419	0.0028442218407	5.59377971695e-05	3.01203523221e-05	4.73319822204e-05	7.31494270679e-05	2.15145373729e-05	0.000210842466254	0.00381237602248	0.000615315768865	5.1634889695e-05	0.000283991893322	4.30290747458e-05	6.88465195933e-05	3.01203523221e-05	8.60581494916e-06	0.000783129160374	0	7.31494270679e-05	1.29087224237e-05	0	0	0	0	0	0	1.29087224237e-05	0	0.000111875594339	4.30290747458e-06	0.00015060176161	0	0	4.30290747458e-06	8.60581494916e-06	5.1634889695e-05	0.000116178501814	0	0	8.60581494916e-06	8.60581494916e-06	4.30290747458e-06	0.000275386078373	0.000271083170899	0.000245265726051	4.30290747458e-06	0	0	2.15145373729e-05	0	0	2.58174448475e-05	0.000421684932509	0.000697071010882	0.000748705900577	0.000176419206458	8.60581494916e-06	8.60581494916e-06	1.72116298983e-05	3.01203523221e-05	0.000133390131712	5.1634889695e-05	1.29087224237e-05	0	4.30290747458e-06	4.30290747458e-06
0.000305506430695	0.000946639644408	0.000404473302611	0	1.29087224237e-05	0	0.000193630836356	0.000107572686865	0.000318415153119	9.89668719154e-05	0.000185025021407	0.00407485337843	0.000167813391509	0.000266780263424	0.000288294800797	1.72116298983e-05	0.000133390131712	0.00425557549236	0.0028442218407	0.0209035245115	0.00020653955878	0.000301203523221	0.000370050042814	0.000839066957543	0.000197933743831	0.000258174448475	0.0129173282387	0.00234938748112	0.000236659911102	0.000929428014509	0.000615315768865	2.58174448475e-05	4.30290747458e-05	2.58174448475e-05	0.00603267627936	4.30290747458e-06	0.000735797178153	6.45436121187e-05	0	4.30290747458e-06	0	8.60581494916e-06	4.30290747458e-06	4.30290747458e-06	4.30290747458e-06	1.29087224237e-05	0.000189327928882	8.60581494916e-06	0.000159207576559	0	0	2.15145373729e-05	9.46639644408e-05	8.60581494916e-05	0.00046041109978	0	1.72116298983e-05	9.89668719154e-05	5.1634889695e-05	1.72116298983e-05	0.000679859380984	0.00087349021734	0.00105851523875	2.15145373729e-05	4.30290747458e-06	8.60581494916e-06	3.87261672712e-05	0	8.60581494916e-06	0.000116178501814	0.00201806360558	0.00188467347387	0.00403182430368	0.000895004754713	3.01203523221e-05	1.29087224237e-05	3.87261672712e-05	0.00010326977939	0.000228054096153	0.000159207576559	5.1634889695e-05	0	4.30290747458e-06	0
0.000555075064221	8.60581494916e-06	3.44232597966e-05	0	0.00491392033597	6.45436121187e-05	0.00494834359577	0.00101978907148	0.00531409073111	0.000374352950289	0.0074311212086	0.000593801231492	0.0161531146596	0.000133390131712	0.00348965796188	0.000253871541	3.01203523221e-05	5.59377971695e-05	5.59377971695e-05	0.00020653955878	0.0275472136523	6.02407046441e-05	1.72116298983e-05	8.60581494916e-05	0.0023192671288	4.30290747458e-05	0.000361444227865	6.45436121187e-05	0.00418242606529	0.00365316844592	0.000202236651305	1.29087224237e-05	0.000598104138967	3.87261672712e-05	0.00296040034251	4.30290747458e-05	8.60581494916e-06	0	0	0.000348535505441	0	0.000185025021407	5.59377971695e-05	3.01203523221e-05	0.000327020968068	0.000163510484034	2.15145373729e-05	0.00061101286139	4.30290747458e-06	6.02407046441e-05	1.72116298983e-05	8.60581494916e-06	0	8.60581494916e-06	8.60581494916e-06	0.000813249512696	2.15145373729e-05	1.29087224237e-05	8.60581494916e-06	0.000464714007255	2.15145373729e-05	2.15145373729e-05	1.29087224237e-05	0.000314112245644	6.02407046441e-05	8.60581494916e-06	4.30290747458e-06	1.29087224237e-05	0	4.73319822204e-05	0.00071428264078	0.000202236651305	0.00185025021407	0.00020653955878	0.000382958765238	9.46639644408e-05	4.30290747458e-05	3.44232597966e-05	3.87261672712e-05	5.59377971695e-05	8.60581494916e-06	4.30290747458e-06	1.29087224237e-05	0
0.00299482360231	0.000266780263424	0.00234078166617	0	4.30290747458e-06	1.29087224237e-05	0.000258174448475	0.00191479382619	0.00199224616073	0.000688465195933	4.73319822204e-05	9.89668719154e-05	6.45436121187e-05	3.87261672712e-05	0.00225042060921	1.29087224237e-05	0.00288725091544	0.00339499399744	3.01203523221e-05	0.000301203523221	6.02407046441e-05	0.0439541998528	0.00156625832075	0.0228312270601	0.00188037056639	0	0.00110584722097	0.00125644898258	0.00746984737587	0.00295609743504	0.0212047280347	4.30290747458e-06	5.1634889695e-05	0.000292597708271	0.0071944612975	0.000116178501814	0.000288294800797	0.000124784316763	0	8.60581494916e-06	0	1.72116298983e-05	0.000296900615746	2.58174448475e-05	0.000133390131712	3.87261672712e-05	1.29087224237e-05	0	4.30290747458e-06	8.60581494916e-05	0	0.000727191363204	7.74523345425e-05	0	3.87261672712e-05	1.29087224237e-05	0.000658344843611	0.00236659911102	0.00113596757329	0.000202236651305	4.30290747458e-06	3.44232597966e-05	0.000542166341797	0.00030980933817	0.000176419206458	0.000215145373729	0	4.30290747458e-06	7.74523345425e-05	0.000172116298983	0.00303354976958	0.000645436121187	0.00425127258489	0.00174267752721	0.000279688985848	6.45436121187e-05	8.60581494916e-06	0.000327020968068	0.000154904669085	0.000202236651305	0.000129087224237	6.45436121187e-05	2.58174448475e-05	4.30290747458e-06
0.00030980933817	0.00490531452102	0.00081755242017	0	0	0	3.87261672712e-05	0.000133390131712	0.000193630836356	0.00395867487661	3.01203523221e-05	6.02407046441e-05	2.58174448475e-05	0.00015060176161	0.000215145373729	3.01203523221e-05	0.00658344843611	0.000679859380984	4.73319822204e-05	0.000370050042814	1.72116298983e-05	0.00156625832075	0.0250902534843	0.00382958765238	0.00397158359904	0.000331323875543	0.00241393109324	0.00896725917703	0.000895004754713	0.00071428264078	0.0020653955878	2.15145373729e-05	1.29087224237e-05	0.00020653955878	0.00135541585449	0.00015060176161	0.0023364787587	0.000421684932509	0	8.60581494916e-06	0	2.15145373729e-05	0.00030980933817	3.44232597966e-05	0.000185025021407	3.44232597966e-05	4.30290747458e-05	8.60581494916e-06	1.72116298983e-05	7.31494270679e-05	1.29087224237e-05	0.00164371065529	0.000176419206458	4.30290747458e-06	9.03610569662e-05	8.60581494916e-06	0.00104130360885	0.0067039298454	0.00200945779063	0.000400170395136	6.02407046441e-05	0.000154904669085	0.00318845443866	0.000370050042814	0.000185025021407	0.000352838412916	4.30290747458e-06	1.29087224237e-05	7.74523345425e-05	0.000245265726051	0.00215145373729	0.00061961867634	0.00111445303592	0.000507743082001	0.000172116298983	1.72116298983e-05	1.29087224237e-05	0.000512045989475	0.000365747135339	0.000245265726051	0.000159207576559	5.59377971695e-05	2.15145373729e-05	0
0.0038252847449	0.00145438272641	0.0116909996084	0	1.72116298983e-05	2.58174448475e-05	0.000408776210085	0.00160498448802	0.0027753753211	0.00071428264078	8.60581494916e-05	0.000210842466254	5.59377971695e-05	8.1755242017e-05	0.002792586951	2.58174448475e-05	0.00573147275614	0.00810237477464	7.31494270679e-05	0.000839066957543	8.60581494916e-05	0.0228312270601	0.00382958765238	0.070593500028	0.00120481409288	3.44232597966e-05	0.00355850448148	0.00964281565054	0.00264198518939	0.00299482360231	0.0128915107938	8.60581494916e-06	9.89668719154e-05	0.000262477355949	0.00956536331599	9.89668719154e-05	0.00374352950289	0.00136402166944	0	2.15145373729e-05	0	2.15145373729e-05	0.000331323875543	5.1634889695e-05	0.000202236651305	6.45436121187e-05	4.30290747458e-05	8.60581494916e-06	1.29087224237e-05	0.000107572686865	8.60581494916e-06	0.00131238677975	0.000301203523221	1.29087224237e-05	0.000107572686865	1.72116298983e-05	0.000787432067848	0.00634678852501	0.00227623805405	0.000288294800797	6.02407046441e-05	0.000176419206458	0.00554644773473	0.000417382025034	0.000146298854136	0.000215145373729	4.30290747458e-06	4.30290747458e-06	6.02407046441e-05	0.000296900615746	0.00939324701701	0.00273664915383	0.00858430041179	0.0046213226277	0.000791734975323	7.74523345425e-05	4.73319822204e-05	0.000955245459357	0.000654041936136	0.000443199469882	0.000292597708271	7.31494270679e-05	5.59377971695e-05	4.30290747458e-06
0.0017598891571	0.000692768103407	0.000408776210085	0	0.00546469249272	2.58174448475e-05	0.000705676825831	0.00342081144229	0.00138553620681	0.00752578517304	0.000537863434323	0.000120481409288	0.00209551594012	3.01203523221e-05	0.00202236651305	0.00035714132039	0.00627794200541	0.000421684932509	2.15145373729e-05	0.000197933743831	0.0023192671288	0.00188037056639	0.00397158359904	0.00120481409288	0.0418328664679	5.59377971695e-05	0.00081755242017	0.00154904669085	0.0172589618805	0.00407055047095	0.00771511310192	8.60581494916e-06	8.1755242017e-05	0.00112736175834	0.00345523470209	0.000253871541	0.000189327928882	9.46639644408e-05	0	0.000598104138967	0	7.74523345425e-05	0.001015486164	0.000120481409288	0.00355850448148	0.000318415153119	6.88465195933e-05	0.000137693039187	1.72116298983e-05	0.000283991893322	1.29087224237e-05	0.000808946605221	3.87261672712e-05	0	4.73319822204e-05	9.46639644408e-05	0.000456108192306	0.00181582695427	0.000524954711899	0.00410927663822	2.58174448475e-05	3.44232597966e-05	0.000292597708271	0.00258174448475	0.000387261672712	0.000266780263424	0	2.58174448475e-05	0.000146298854136	0.000374352950289	0.00316263699382	0.000408776210085	0.00254732122495	0.000804643697747	0.000851975679967	9.46639644408e-05	4.30290747458e-06	0.00041307911756	0.000172116298983	0.000348535505441	0.000163510484034	0.000129087224237	7.74523345425e-05	0
1.29087224237e-05	0.00105851523875	4.73319822204e-05	0	0	4.30290747458e-06	5.1634889695e-05	1.72116298983e-05	6.02407046441e-05	6.45436121187e-05	2.58174448475e-05	0.00130808387227	6.02407046441e-05	0.00598104138967	5.59377971695e-05	0	3.44232597966e-05	2.58174448475e-05	0.000210842466254	0.000258174448475	4.30290747458e-05	0	0.000331323875543	3.44232597966e-05	5.59377971695e-05	0.0117383315907	0.00296900615746	0.00413939699055	2.15145373729e-05	0.000141995946661	2.15145373729e-05	0.000602407046441	1.72116298983e-05	0	0.000395867487661	8.60581494916e-06	0.000258174448475	8.60581494916e-06	0	8.60581494916e-06	0	0	1.72116298983e-05	4.30290747458e-06	2.58174448475e-05	1.29087224237e-05	0.00142426237409	1.72116298983e-05	0.00169534554498	3.01203523221e-05	4.30290747458e-06	1.72116298983e-05	1.29087224237e-05	0.000154904669085	0.000197933743831	4.30290747458e-06	8.60581494916e-06	5.59377971695e-05	1.29087224237e-05	2.58174448475e-05	0.00359292774127	0.0012349344452	0.00111875594339	2.15145373729e-05	3.87261672712e-05	0	0.000447502377356	4.30290747458e-06	0	0.000172116298983	0.000124784316763	0.000882096032289	0.000425987839983	5.59377971695e-05	0	4.30290747458e-06	0.000335626783017	4.30290747458e-05	0.00137262748439	0.000210842466254	1.29087224237e-05	0	4.30290747458e-06	0.000172116298983
0.00102409197895	0.00855848296694	0.00802492244009	0	3.44232597966e-05	1.29087224237e-05	0.000387261672712	0.000335626783017	0.000860581494916	0.000451805284831	0.000240962818577	0.00731494270679	0.000305506430695	0.00424696967741	0.000972457089255	2.58174448475e-05	0.000903610569662	0.00806364860736	0.00381237602248	0.0129173282387	0.000361444227865	0.00110584722097	0.00241393109324	0.00355850448148	0.00081755242017	0.00296900615746	0.0835495544339	0.0221900938464	0.000524954711899	0.00221599734941	0.00231496422132	0.00219878571951	0.000167813391509	8.1755242017e-05	0.00783989741869	6.02407046441e-05	0.00834333759321	0.00061961867634	0	2.58174448475e-05	0	2.15145373729e-05	9.46639644408e-05	3.01203523221e-05	9.46639644408e-05	6.45436121187e-05	0.00218157408961	2.58174448475e-05	0.002284843869	9.89668719154e-05	4.30290747458e-06	0.000141995946661	0.00154904669085	0.00077022043795	0.00379086148511	2.15145373729e-05	0.000111875594339	0.000451805284831	0.000314112245644	0.00015060176161	0.00648017865672	0.00836485213058	0.00999565406345	0.000167813391509	0.000137693039187	4.73319822204e-05	0.000589498324018	8.60581494916e-06	1.29087224237e-05	0.000895004754713	0.00581753090563	0.00712991768538	0.00709119151811	0.00182443276922	9.03610569662e-05	3.44232597966e-05	0.000167813391509	0.000834764050069	0.00268931717161	0.00133820422459	0.000331323875543	5.1634889695e-05	2.15145373729e-05	5.59377971695e-05
0.000279688985848	0.0142297150184	0.00920391908813	0	4.30290747458e-06	8.60581494916e-06	8.60581494916e-05	0.000172116298983	0.000245265726051	0.000731494270679	7.74523345425e-05	0.00109724140602	5.59377971695e-05	0.00368328879824	0.000253871541	2.58174448475e-05	0.00555075064221	0.00372201496551	0.000615315768865	0.00234938748112	6.45436121187e-05	0.00125644898258	0.00896725917703	0.00964281565054	0.00154904669085	0.00413939699055	0.0221900938464	0.0782526753327	0.000469016914729	0.000662647751085	0.00105421233127	0.000735797178153	5.1634889695e-05	7.74523345425e-05	0.00364456263097	4.73319822204e-05	0.0119362653345	0.00182012986175	0	1.72116298983e-05	4.30290747458e-06	2.58174448475e-05	0.000193630836356	3.01203523221e-05	8.60581494916e-05	3.01203523221e-05	0.000895004754713	1.29087224237e-05	0.000912216384611	8.1755242017e-05	4.30290747458e-06	0.000490531452102	0.00115748211066	0.000301203523221	0.00170395135993	1.29087224237e-05	0.000382958765238	0.00418242606529	0.00125644898258	0.000154904669085	0.00396297778409	0.0041480028055	0.0132228346694	0.000189327928882	8.60581494916e-05	6.88465195933e-05	0.000236659911102	0	1.29087224237e-05	0.000658344843611	0.0056368087917	0.00333905620027	0.00402321848873	0.00171686008236	0.000236659911102	1.72116298983e-05	5.1634889695e-05	0.000938033829459	0.00158777285812	0.000963851274306	0.000318415153119	9.03610569662e-05	7.31494270679e-05	2.58174448475e-05
0.00521942676667	0.000120481409288	0.000654041936136	0	0.00476762148184	3.87261672712e-05	0.00349396086936	0.0230635840638	0.00645866411935	0.00308948756675	0.00767638693465	0.000292597708271	0.00266349972677	4.30290747458e-05	0.0069578013864	0.000141995946661	0.00188037056639	0.000520651804424	5.1634889695e-05	0.000236659911102	0.00418242606529	0.00746984737587	0.000895004754713	0.00264198518939	0.0172589618805	2.15145373729e-05	0.000524954711899	0.000469016914729	0.061535879794	0.00805504279241	0.0155808279655	0	0.000296900615746	0.00139844492924	0.00617036931855	0.000253871541	0.00010326977939	8.60581494916e-05	0	0.000800340790272	0	0.000137693039187	0.000903610569662	0.000111875594339	0.0036230480936	0.000443199469882	4.73319822204e-05	0.000189327928882	0	0.000240962818577	1.72116298983e-05	0.000623921583814	2.58174448475e-05	4.30290747458e-06	3.01203523221e-05	0.000215145373729	0.000378655857763	0.00132529550217	0.000400170395136	0.00479343892668	1.29087224237e-05	3.01203523221e-05	0.000154904669085	0.0030636701219	0.000271083170899	0.000197933743831	0	1.72116298983e-05	9.46639644408e-05	0.000314112245644	0.00367468298329	0.000378655857763	0.00445350923619	0.00113596757329	0.000456108192306	0.000146298854136	2.58174448475e-05	0.000408776210085	0.000163510484034	0.000344232597966	0.00015060176161	0.000146298854136	7.31494270679e-05	0
0.0153355622394	0.00015060176161	0.00149741180115	0	0.000550772156746	0.000335626783017	0.00394576615419	0.00601546464946	0.00928137142267	0.00226332933163	0.00348535505441	0.00222890607183	0.00296040034251	0.000374352950289	0.0203871756146	0.000223751188678	0.000899307662187	0.00169104263751	0.000283991893322	0.000929428014509	0.00365316844592	0.00295609743504	0.00071428264078	0.00299482360231	0.00407055047095	0.000141995946661	0.00221599734941	0.000662647751085	0.00805504279241	0.0527665543608	0.0199138557924	3.44232597966e-05	0.00339929690492	0.00514197443212	0.0165618908697	0.000228054096153	0.00010326977939	5.59377971695e-05	0	9.89668719154e-05	4.30290747458e-06	4.73319822204e-05	0.000761614623001	0.000116178501814	0.00176419206458	0.000129087224237	9.89668719154e-05	3.44232597966e-05	2.58174448475e-05	0.000236659911102	4.30290747458e-06	0.000503440174526	2.58174448475e-05	1.72116298983e-05	4.73319822204e-05	3.44232597966e-05	0.000327020968068	0.000959548366831	0.000275386078373	0.00169104263751	6.88465195933e-05	9.89668719154e-05	0.000202236651305	0.00150171470863	0.000335626783017	0.000240962818577	4.30290747458e-06	8.60581494916e-06	0.000129087224237	0.000314112245644	0.0040791562859	0.000804643697747	0.00913076966106	0.00166522519266	0.000675556473509	0.000567983786645	9.89668719154e-05	0.000382958765238	0.000202236651305	0.000296900615746	0.00015060176161	9.03610569662e-05	4.73319822204e-05	0
