0.0242126650864	6.9936247589e-05	0.00290419470251	0	0.000290787555765	1.10425654088e-05	0.000953341480293	0.00570164460607	0.00412255775262	0.000242936438994	0.00191036381572	0.000257659859539	0.000743532737526	2.94468410901e-05	0.0150767826381	5.15319719077e-05	8.09788129978e-05	0.00161589540482	4.41702616352e-05	0.000327596107128	0.00128093758742	0.00103063943815	0.000125149074633	0.00379496164549	0.00069936247589	1.47234205451e-05	0.000732490172117	0.000301830121174	0.00384281276226	0.0165712098235	0.0109873525818	0	0.000143553350314	0.00131774613878	0.00233734301153	1.47234205451e-05	3.31276962264e-05	2.20851308176e-05	0	0.000209808742767	0	7.36171027253e-05	0.000114106509224	6.9936247589e-05	0.000320234396855	0.000206127887631	3.68085513627e-06	6.62553924528e-05	3.68085513627e-06	2.94468410901e-05	0	2.20851308176e-05	7.36171027253e-06	0	3.68085513627e-06	7.36171027253e-05	3.68085513627e-05	6.62553924528e-05	3.31276962264e-05	0.000780341288888	0	7.36171027253e-06	6.9936247589e-05	0.000478511167714	1.84042756813e-05	4.41702616352e-05	0	0	0	2.57659859539e-05	0.000467468602306	0.000224532163312	0.00158276770859	0.000530043139622	6.9936247589e-05	4.78511167714e-05	2.94468410901e-05	7.72979578616e-05	3.68085513627e-05	4.78511167714e-05	2.94468410901e-05	4.04894064989e-05	3.68085513627e-06	0
6.9936247589e-05	0.0250629426228	0.00261708800188	0	7.36171027253e-06	0	1.10425654088e-05	4.41702616352e-05	2.20851308176e-05	0.00128093758742	1.47234205451e-05	0.000272383280084	3.68085513627e-06	0.000533723994758	6.62553924528e-05	3.68085513627e-06	0.00069936247589	0.00097542661111	3.68085513627e-05	0.000680958200209	7.36171027253e-06	0.000136191640042	0.00514215462536	0.000853958391614	0.000754575302934	0.00198030006331	0.00687951824968	0.0166153800851	0.000261340714675	0.000158276770859	0.000242936438994	4.41702616352e-05	1.10425654088e-05	9.20213784066e-05	0.000526362284486	1.10425654088e-05	0.00819726438846	0.00256923688511	0	3.68085513627e-06	0	4.04894064989e-05	5.15319719077e-05	6.25745373165e-05	0.000114106509224	5.15319719077e-05	0.000114106509224	1.47234205451e-05	0.000139872495178	4.04894064989e-05	0	0.000161957625996	0.000772979578616	5.88936821802e-05	0.00021717045304	1.84042756813e-05	0.000176681046541	0.000570532546121	0.00101591601761	0.000154595915723	0.000368085513627	0.00117051193333	0.00722183777735	0.000106744798952	1.47234205451e-05	8.09788129978e-05	7.36171027253e-06	0	0	0.00021717045304	0.00101591601761	0.00103800114843	0.000379128079035	0.000342319527673	2.94468410901e-05	1.47234205451e-05	2.20851308176e-05	0.000430660050943	0.00132510784906	0.000331276962264	0.000114106509224	2.20851308176e-05	1.84042756813e-05	3.68085513627e-06
0.00290419470251	0.00261708800188	0.0481235000515	0	1.10425654088e-05	0	0.000158276770859	0.000949660625156	0.000526362284486	0.000206127887631	6.62553924528e-05	0.000283425845492	2.20851308176e-05	3.68085513627e-05	0.00195085322222	1.10425654088e-05	0.000714085896435	0.0090843504763	1.84042756813e-05	0.00156436343291	2.57659859539e-05	0.00146498034423	0.00270174767002	0.0236237282646	0.000559489980712	3.31276962264e-05	0.00892975456058	0.0167662951457	0.00244776866562	0.00358147204759	0.00526362284486	7.36171027253e-06	2.57659859539e-05	0.000647830503983	0.00316921627232	1.84042756813e-05	0.00165270395618	0.0017152784935	0	4.04894064989e-05	0	6.25745373165e-05	0.000224532163312	8.09788129978e-05	0.000202447032495	9.57022335429e-05	1.47234205451e-05	1.10425654088e-05	1.10425654088e-05	5.15319719077e-05	0	0.00174104447945	0.000320234396855	3.68085513627e-06	4.78511167714e-05	3.68085513627e-06	0.000780341288888	0.00357411033731	0.00337902501509	0.000452745181761	1.84042756813e-05	0.000338638672536	0.00442070701865	0.000500596298532	3.68085513627e-05	0.000198766177358	0	0	0	0.000158276770859	0.00537036764381	0.00352625922054	0.00459370721006	0.00457898378951	0.000235574728721	9.57022335429e-05	6.62553924528e-05	0.000515319719077	0.00147602290964	0.000298149266037	0.00021717045304	2.20851308176e-05	2.20851308176e-05	0
0	0	0	0	0	0	0	0	0	0	0	0	0	0	0	0	0	0	0	0	0	0	0	0	0	0	0	0	0	0	0	0	0	0	0	0	0	0	0	0	0	0	0	0	0	0	0	0	0	0	0	0	0	0	0	0	0	0	0	0	0	0	0	0	0	0	0	0	0	0	0	0	0	0	0	0	0	0	0	0	0	0	0	0
0.000290787555765	7.36171027253e-06	1.10425654088e-05	0	0.0221955564717	0	0.000791383854297	0.0016342996805	0.000272383280084	0.000401213209853	0.00179993816163	8.83405232704e-05	0.00374342967358	1.47234205451e-05	0.000820830695387	0.000191404467086	3.68085513627e-06	0	7.36171027253e-06	2.20851308176e-05	0.00670283720314	3.68085513627e-06	7.36171027253e-06	2.20851308176e-05	0.00935673375639	3.68085513627e-06	4.78511167714e-05	2.20851308176e-05	0.00472253713983	0.00132142699392	0.000253979004402	0	1.84042756813e-05	0.000504277153668	0.000725128461844	2.57659859539e-05	0	0	0	0.00616543235324	0	0.000312872686583	6.62553924528e-05	0.000231893873585	0.00178889559622	0.00449800497652	2.20851308176e-05	0.00127357587715	7.36171027253e-06	7.36171027253e-05	3.68085513627e-06	0	0	0	3.68085513627e-06	0.00583783624612	0	2.57659859539e-05	0	0.00232630044612	3.68085513627e-06	3.68085513627e-06	3.68085513627e-06	0.00239255583857	5.5212827044e-05	3.68085513627e-06	0	7.36171027253e-06	0	7.72979578616e-05	0.000228213018448	3.31276962264e-05	0.000426979195807	8.46596681341e-05	0.000353362093081	1.84042756813e-05	3.68085513627e-06	7.36171027253e-05	1.47234205451e-05	0.000103063943815	2.20851308176e-05	5.5212827044e-05	2.57659859539e-05	0
1.10425654088e-05	0	0	0	0	0.00324283337505	0.00151651231614	7.36171027253e-06	0.000456426036897	1.84042756813e-05	7.36171027253e-06	0	1.10425654088e-05	0	0.000312872686583	0.000846596681341	3.68085513627e-06	0	0	0	7.36171027253e-06	0	3.68085513627e-06	3.68085513627e-06	2.94468410901e-05	0	0	3.68085513627e-06	1.84042756813e-05	0.000198766177358	1.47234205451e-05	0	0.00123308647065	2.57659859539e-05	0.000191404467086	0	0	0	0	0	0	3.68085513627e-06	7.36171027253e-06	3.68085513627e-06	0	0	0	0	0	0	0	0	0	0	0	0	0	0	0	7.36171027253e-06	0	0	0	3.68085513627e-06	0	0	0	0	0	7.36171027253e-06	0.000114106509224	1.47234205451e-05	0.000139872495178	7.72979578616e-05	0.000949660625156	0.000379128079035	7.36171027253e-06	0	0	7.36171027253e-06	0	3.68085513627e-06	0	0
0.000953341480293	1.10425654088e-05	0.000158276770859	0	0.000791383854297	0.00151651231614	0.0337055904828	0.00440966445325	0.00757888072557	0.000283425845492	0.00982052150356	0.00018772361195	0.00794328538406	1.47234205451e-05	0.00545134645681	0.00317289712746	2.94468410901e-05	3.31276962264e-05	2.20851308176e-05	5.88936821802e-05	0.00238151327316	5.5212827044e-05	1.84042756813e-05	0.000253979004402	0.00107112884465	3.68085513627e-06	0.000125149074633	2.57659859539e-05	0.00317289712746	0.00358883375786	0.000382808934172	3.68085513627e-06	0.00252138576834	0.000386489789308	0.00177049132054	3.68085513627e-06	7.36171027253e-06	0	0	0.000125149074633	0	1.84042756813e-05	3.31276962264e-05	1.47234205451e-05	0.000213489597903	0.000143553350314	7.36171027253e-06	4.41702616352e-05	3.68085513627e-06	0	0	0	0	0	0	9.20213784066e-05	0	7.36171027253e-06	0	0.000301830121174	0	3.68085513627e-06	7.36171027253e-06	0.000176681046541	3.68085513627e-06	0	0	3.68085513627e-06	0	2.20851308176e-05	0.000566851690985	0.000114106509224	0.00115946936792	0.000390170644444	0.00179257645136	0.000500596298532	2.57659859539e-05	3.68085513627e-06	0	2.20851308176e-05	1.47234205451e-05	1.84042756813e-05	3.68085513627e-06	0
0.00570164460607	4.41702616352e-05	0.000949660625156	0	0.0016342996805	7.36171027253e-06	0.00440966445325	0.045407028961	0.00443174958406	0.000662553924528	0.00832609431823	0.00030551097631	0.00061102195262	2.20851308176e-05	0.00596666617589	0.000147234205451	9.57022335429e-05	0.000397532354717	2.57659859539e-05	0.00011778736436	0.000725128461844	0.00103432029329	0.000125149074633	0.00253242833375	0.00216802367526	1.10425654088e-05	0.000320234396855	0.000265021569811	0.0236752602365	0.0111235442218	0.00847700937882	0	0.000150915060587	0.00659609240419	0.00583047453584	2.94468410901e-05	1.84042756813e-05	1.10425654088e-05	0	0.00201710861467	0	0.000257659859539	0.0003349578174	0.000250298149266	0.00225636419853	0.00181834243732	2.57659859539e-05	0.000515319719077	1.10425654088e-05	0.000114106509224	7.36171027253e-06	1.10425654088e-05	3.68085513627e-06	0	3.68085513627e-06	0.000831873260796	5.88936821802e-05	5.5212827044e-05	3.68085513627e-05	0.00404157893962	1.10425654088e-05	1.84042756813e-05	4.41702616352e-05	0.00249193892725	4.41702616352e-05	4.78511167714e-05	0	3.68085513627e-06	0	8.83405232704e-05	0.00147970376478	0.000301830121174	0.00291891812306	0.00107849055493	0.000294468410901	8.46596681341e-05	7.36171027253e-06	0.000191404467086	4.04894064989e-05	0.000158276770859	5.88936821802e-05	0.000125149074633	4.04894064989e-05	0
0.00412255775262	2.20851308176e-05	0.000526362284486	0	0.000272383280084	0.000456426036897	0.00757888072557	0.00443174958406	0.0244224738291	0.000103063943815	0.00408574920125	0.00011778736436	0.0012588524566	1.84042756813e-05	0.0124008009541	0.000574213401257	2.94468410901e-05	0.000191404467086	1.10425654088e-05	4.41702616352e-05	0.000872362667295	0.000176681046541	4.41702616352e-05	0.000747213592662	0.000519000574213	1.47234205451e-05	0.000198766177358	9.57022335429e-05	0.00223059821258	0.00446487728029	0.00150915060587	0	0.00191404467086	0.000467468602306	0.0015533208675	3.68085513627e-06	1.10425654088e-05	0	0	0.000209808742767	0	4.04894064989e-05	3.68085513627e-05	3.31276962264e-05	0.000206127887631	0.000173000191404	7.36171027253e-06	4.04894064989e-05	7.36171027253e-06	3.68085513627e-06	0	0	3.68085513627e-06	0	0	8.46596681341e-05	0	1.47234205451e-05	1.47234205451e-05	0.000474830312578	0	7.36171027253e-06	1.10425654088e-05	0.000309191831446	7.36171027253e-06	3.68085513627e-06	0	0	0	2.20851308176e-05	0.000537404849895	6.62553924528e-05	0.00113738423711	0.000397532354717	0.000408574920125	0.000338638672536	2.20851308176e-05	1.47234205451e-05	3.68085513627e-06	3.68085513627e-05	2.94468410901e-05	1.84042756813e-05	1.10425654088e-05	0
0.000242936438994	0.00128093758742	0.000206127887631	0	0.000401213209853	1.84042756813e-05	0.000283425845492	0.000662553924528	0.000103063943815	0.0183711479851	7.72979578616e-05	6.62553924528e-05	0.00165270395618	4.04894064989e-05	0.00049323458826	0.000379128079035	0.00110793739602	9.20213784066e-05	0	5.5212827044e-05	0.000173000191404	0.000419617485534	0.00417408972452	0.000787702999161	0.00607709182997	0.000103063943815	0.000342319527673	0.00108217141006	0.00330172705723	0.00122940561551	0.00146498034423	7.36171027253e-06	4.04894064989e-05	0.00107112884465	0.00182570414759	9.20213784066e-05	5.88936821802e-05	3.68085513627e-05	0	0.000603660242348	0	0.000143553350314	0.000415936630398	0.000161957625996	0.00362196145409	0.00039385149958	0	0.000165638481132	0	9.57022335429e-05	3.68085513627e-06	0.000250298149266	1.10425654088e-05	0	7.36171027253e-06	0.000253979004402	0.000375447223899	0.00143921435828	0.000198766177358	0.00328332278155	0	1.47234205451e-05	9.57022335429e-05	0.00168215079727	8.46596681341e-05	0.000143553350314	0	3.68085513627e-06	0	6.62553924528e-05	0.00106744798952	0.000202447032495	0.000714085896435	0.000346000382809	0.00125149074633	1.84042756813e-05	1.47234205451e-05	0.000261340714675	4.78511167714e-05	0.000103063943815	4.78511167714e-05	5.88936821802e-05	1.47234205451e-05	0
0.00191036381572	1.47234205451e-05	6.62553924528e-05	0	0.00179993816163	7.36171027253e-06	0.00982052150356	0.00832609431823	0.00408574920125	7.72979578616e-05	0.0325166742738	0.00021717045304	0.00272383280084	2.94468410901e-05	0.00379496164549	0.000125149074633	7.36171027253e-06	1.10425654088e-05	3.31276962264e-05	4.04894064989e-05	0.00424402597211	5.5212827044e-05	1.84042756813e-05	0.000103063943815	0.000931256349475	3.68085513627e-06	0.000139872495178	4.04894064989e-05	0.00778868946834	0.00426979195807	0.000360723803354	1.10425654088e-05	9.93830886792e-05	0.00143553350314	0.00221587479203	1.10425654088e-05	7.36171027253e-06	3.68085513627e-06	0	0.00055212827044	0	0.000173000191404	5.5212827044e-05	0.000150915060587	0.000544766560167	0.0020097469044	1.47234205451e-05	0.000430660050943	3.68085513627e-06	7.72979578616e-05	0	0	0	0	0	0.00132510784906	1.10425654088e-05	1.10425654088e-05	1.10425654088e-05	0.000861320101886	0	7.36171027253e-06	1.47234205451e-05	0.000817149840251	3.31276962264e-05	3.68085513627e-06	0	3.68085513627e-06	0	4.41702616352e-05	0.000353362093081	8.83405232704e-05	0.00118523535388	0.000265021569811	0.000121468219497	5.5212827044e-05	2.20851308176e-05	4.78511167714e-05	1.10425654088e-05	6.9936247589e-05	1.10425654088e-05	2.20851308176e-05	1.10425654088e-05	0
0.000257659859539	0.000272383280084	0.000283425845492	0	8.83405232704e-05	0	0.00018772361195	0.00030551097631	0.00011778736436	6.62553924528e-05	0.00021717045304	0.0326455042035	0.000338638672536	0.0079469662392	0.00145761863396	7.36171027253e-06	2.94468410901e-05	0.000644149648846	0.00467100516792	0.00546975073249	0.000320234396855	0.000106744798952	8.83405232704e-05	0.000390170644444	0.000220851308176	0.00195821493249	0.0138768238637	0.0023851941283	0.000290787555765	0.00287106700629	0.000268702424947	0.000986469176519	0.000173000191404	0.00027606413522	0.00873835009349	3.68085513627e-06	0.000176681046541	5.5212827044e-05	0	3.31276962264e-05	0	1.84042756813e-05	1.84042756813e-05	1.84042756813e-05	5.15319719077e-05	5.88936821802e-05	0.000673596489937	2.57659859539e-05	0.00117419278847	7.36171027253e-06	0	1.10425654088e-05	5.15319719077e-05	0.000165638481132	0.000158276770859	1.84042756813e-05	7.36171027253e-06	3.31276962264e-05	2.94468410901e-05	0.000150915060587	0.000599979387211	0.000537404849895	0.000809788129978	8.46596681341e-05	1.10425654088e-05	7.36171027253e-06	4.41702616352e-05	0	0	0.000154595915723	0.00129566100797	0.00369557855681	0.00470045200901	0.000500596298532	3.68085513627e-05	5.15319719077e-05	0.000309191831446	7.72979578616e-05	0.00128829929769	0.000143553350314	2.94468410901e-05	7.36171027253e-06	3.68085513627e-06	7.36171027253e-05
0.000743532737526	3.68085513627e-06	2.20851308176e-05	0	0.00374342967358	1.10425654088e-05	0.00794328538406	0.00061102195262	0.0012588524566	0.00165270395618	0.00272383280084	0.000338638672536	0.0303412888882	4.04894064989e-05	0.00379496164549	0.00114474594738	3.68085513627e-06	3.68085513627e-06	3.68085513627e-05	5.5212827044e-05	0.00933464862557	1.47234205451e-05	0	4.04894064989e-05	0.00546606987735	3.68085513627e-06	0.000121468219497	2.20851308176e-05	0.00114474594738	0.00357779119245	0.000125149074633	0	0.000136191640042	0.00024661729413	0.00171895934864	0	0	7.36171027253e-06	0	0.000758256158071	0	0.00165270395618	6.25745373165e-05	0.00113370338197	0.000368085513627	0.00369189770167	0.000106744798952	0.00627953886247	2.94468410901e-05	0.000239255583857	7.36171027253e-06	3.68085513627e-06	7.36171027253e-06	7.36171027253e-06	7.36171027253e-06	0.00364772744004	3.68085513627e-06	0	3.68085513627e-06	0.00049323458826	3.68085513627e-06	2.94468410901e-05	2.20851308176e-05	0.000397532354717	0.000121468219497	2.57659859539e-05	0	3.31276962264e-05	0	0.000272383280084	0.000430660050943	6.25745373165e-05	0.00103800114843	0.000195085322222	0.00142449093773	6.62553924528e-05	1.47234205451e-05	0.000114106509224	4.78511167714e-05	0.000327596107128	5.5212827044e-05	0.00018772361195	5.5212827044e-05	0
2.94468410901e-05	0.000533723994758	3.68085513627e-05	0	1.47234205451e-05	0	1.47234205451e-05	2.20851308176e-05	1.84042756813e-05	4.04894064989e-05	2.94468410901e-05	0.0079469662392	4.04894064989e-05	0.0174987853178	0.000161957625996	0	2.20851308176e-05	4.78511167714e-05	0.000474830312578	0.000449064326624	4.04894064989e-05	0	6.9936247589e-05	2.20851308176e-05	3.68085513627e-05	0.00519736745241	0.00562066579308	0.00342319527673	3.31276962264e-05	0.00036440465849	2.20851308176e-05	0.0010453628587	2.57659859539e-05	1.84042756813e-05	0.00129198015283	0	0.000184042756813	2.57659859539e-05	0	3.68085513627e-06	0	1.47234205451e-05	1.47234205451e-05	2.94468410901e-05	0	1.84042756813e-05	0.000831873260796	1.47234205451e-05	0.00162325711509	1.84042756813e-05	0	3.68085513627e-06	3.68085513627e-05	0.000136191640042	0.000114106509224	7.36171027253e-06	7.36171027253e-06	7.36171027253e-06	2.20851308176e-05	1.47234205451e-05	0.00091653292893	0.000456426036897	0.000651511359119	7.36171027253e-06	7.36171027253e-06	3.68085513627e-06	3.68085513627e-05	0	0	0.000202447032495	0.000198766177358	0.00100855430734	0.000463787747169	6.25745373165e-05	7.36171027253e-06	0	0.000213489597903	2.57659859539e-05	0.00172264020377	0.000206127887631	1.47234205451e-05	0	0	0.000161957625996
0.0150767826381	6.62553924528e-05	0.00195085322222	0	0.000820830695387	0.000312872686583	0.00545134645681	0.00596666617589	0.0124008009541	0.00049323458826	0.00379496164549	0.00145761863396	0.00379496164549	0.000161957625996	0.0457677527643	0.00088708608784	0.000158276770859	0.00100855430734	0.000132510784906	0.000412255775262	0.00343423784214	0.000769298723479	0.000209808742767	0.00250298149266	0.00185147013354	2.94468410901e-05	0.00100855430734	0.000360723803354	0.00492130331719	0.0304517145423	0.00931624434989	1.84042756813e-05	0.00385017447253	0.00488817562096	0.010155479321	2.57659859539e-05	4.04894064989e-05	1.84042756813e-05	0	0.000346000382809	3.68085513627e-06	0.000128829929769	0.000180361901677	0.000106744798952	0.00049323458826	0.000357042948218	3.68085513627e-05	0.000143553350314	2.57659859539e-05	6.25745373165e-05	0	3.31276962264e-05	7.36171027253e-06	0	7.36171027253e-06	0.000132510784906	6.25745373165e-05	8.46596681341e-05	4.04894064989e-05	0.00126253331174	3.68085513627e-06	1.84042756813e-05	8.09788129978e-05	0.00069936247589	3.31276962264e-05	4.41702616352e-05	0	7.36171027253e-06	0	6.62553924528e-05	0.00227476847421	0.000515319719077	0.00616543235324	0.00175208704486	0.000879724377567	0.000780341288888	8.46596681341e-05	0.000106744798952	6.25745373165e-05	0.000147234205451	8.46596681341e-05	5.88936821802e-05	2.94468410901e-05	0
5.15319719077e-05	3.68085513627e-06	1.10425654088e-05	0	0.000191404467086	0.000846596681341	0.00317289712746	0.000147234205451	0.000574213401257	0.000379128079035	0.000125149074633	7.36171027253e-06	0.00114474594738	0	0.00088708608784	0.00692000765618	7.36171027253e-06	0	0	3.68085513627e-06	0.000139872495178	3.68085513627e-06	1.10425654088e-05	2.57659859539e-05	0.000331276962264	0	1.10425654088e-05	7.36171027253e-06	0.000213489597903	0.000625745373165	3.68085513627e-05	0	0.000290787555765	4.04894064989e-05	0.000198766177358	0	0	0	0	4.04894064989e-05	0	7.36171027253e-06	7.36171027253e-06	7.36171027253e-06	9.93830886792e-05	5.88936821802e-05	0	2.57659859539e-05	3.68085513627e-06	3.68085513627e-06	3.68085513627e-06	0	3.68085513627e-06	0	0	5.5212827044e-05	0	0	3.68085513627e-06	0.000106744798952	0	0	0	5.15319719077e-05	3.68085513627e-06	0	0	0	0	3.68085513627e-06	0.000618383662893	7.36171027253e-06	0.000125149074633	5.15319719077e-05	0.00375815309413	4.41702616352e-05	7.36171027253e-06	3.68085513627e-06	0	1.10425654088e-05	1.10425654088e-05	0	0	0
8.09788129978e-05	0.00069936247589	0.000714085896435	0	3.68085513627e-06	3.68085513627e-06	2.94468410901e-05	9.57022335429e-05	2.94468410901e-05	0.00110793739602	7.36171027253e-06	2.94468410901e-05	3.68085513627e-06	2.20851308176e-05	0.000158276770859	7.36171027253e-06	0.0173846788086	0.000257659859539	3.68085513627e-06	6.62553924528e-05	7.36171027253e-06	0.00149810804046	0.00653351786687	0.0043949410327	0.00563538921362	2.20851308176e-05	0.000401213209853	0.00432132392998	0.00215698110985	0.000301830121174	0.00052268142935	0	3.31276962264e-05	0.000220851308176	0.000982788321383	6.25745373165e-05	9.93830886792e-05	0.000106744798952	0	4.78511167714e-05	0	3.68085513627e-05	0.000250298149266	4.41702616352e-05	0.00100855430734	6.25745373165e-05	1.47234205451e-05	1.10425654088e-05	3.68085513627e-06	2.57659859539e-05	0	0.00088708608784	1.47234205451e-05	3.68085513627e-06	3.68085513627e-06	7.36171027253e-06	0.000706724186163	0.00259500287107	0.000846596681341	0.00117419278847	0	2.94468410901e-05	0.000320234396855	0.0012993418631	9.20213784066e-05	0.000323915251991	0	0	0	8.09788129978e-05	0.00097542661111	0.000504277153668	0.000865000957022	0.000680958200209	5.88936821802e-05	2.94468410901e-05	1.47234205451e-05	0.000147234205451	0.000106744798952	9.20213784066e-05	6.9936247589e-05	1.47234205451e-05	3.68085513627e-06	0
0.00161589540482	0.00097542661111	0.0090843504763	0	0	0	3.31276962264e-05	0.000397532354717	0.000191404467086	9.20213784066e-05	1.10425654088e-05	0.000644149648846	3.68085513627e-06	4.78511167714e-05	0.00100855430734	0	0.000257659859539	0.0284750953341	0.000150915060587	0.00615438978784	7.36171027253e-06	0.0028931521371	0.000599979387211	0.0157393365627	0.000165638481132	2.57659859539e-05	0.00915428672389	0.00477774996687	0.00144657606855	0.00214593854444	0.00474094141551	1.10425654088e-05	1.84042756813e-05	0.0003349578174	0.00495075015828	3.68085513627e-06	0.000677277345073	0.000515319719077	0	1.10425654088e-05	0	4.04894064989e-05	4.78511167714e-05	2.94468410901e-05	4.78511167714e-05	3.31276962264e-05	3.68085513627e-06	7.36171027253e-06	7.36171027253e-06	3.68085513627e-06	0	0.000114106509224	0.000169319336268	0	4.41702616352e-05	1.10425654088e-05	0.000121468219497	0.000239255583857	0.000338638672536	0.00011778736436	3.68085513627e-06	0.000235574728721	0.00101591601761	0.000114106509224	1.10425654088e-05	2.94468410901e-05	3.68085513627e-06	0	0	5.5212827044e-05	0.00193981065681	0.00160853369455	0.00285634358574	0.00188091697463	5.5212827044e-05	4.04894064989e-05	2.57659859539e-05	0.000139872495178	0.000445383471488	0.000114106509224	8.46596681341e-05	1.10425654088e-05	3.68085513627e-06	0
4.41702616352e-05	3.68085513627e-05	1.84042756813e-05	0	7.36171027253e-06	0	2.20851308176e-05	2.57659859539e-05	1.10425654088e-05	0	3.31276962264e-05	0.00467100516792	3.68085513627e-05	0.000474830312578	0.000132510784906	0	3.68085513627e-06	0.000150915060587	0.00672492233396	0.00358883375786	3.68085513627e-05	1.10425654088e-05	1.84042756813e-05	6.25745373165e-05	1.10425654088e-05	0.000173000191404	0.00237047070775	0.000312872686583	3.68085513627e-05	0.000231893873585	2.20851308176e-05	5.5212827044e-05	1.10425654088e-05	1.10425654088e-05	0.000780341288888	0	2.94468410901e-05	7.36171027253e-06	0	3.68085513627e-06	0	0	0	0	0	3.68085513627e-06	5.5212827044e-05	0	0.000139872495178	0	0	7.36171027253e-06	0	2.57659859539e-05	3.68085513627e-05	3.68085513627e-06	0	3.68085513627e-06	3.68085513627e-06	2.20851308176e-05	6.25745373165e-05	0.000136191640042	0.000150915060587	3.68085513627e-06	0	0	7.36171027253e-06	0	0	1.84042756813e-05	0.000272383280084	0.000599979387211	0.00052268142935	9.93830886792e-05	0	7.36171027253e-06	1.47234205451e-05	1.47234205451e-05	0.00011778736436	1.84042756813e-05	3.68085513627e-06	0	0	0
0.000327596107128	0.000680958200209	0.00156436343291	0	2.20851308176e-05	0	5.88936821802e-05	0.00011778736436	4.41702616352e-05	5.5212827044e-05	4.04894064989e-05	0.00546975073249	5.5212827044e-05	0.000449064326624	0.000412255775262	3.68085513627e-06	6.62553924528e-05	0.00615438978784	0.00358883375786	0.0264874335606	4.78511167714e-05	0.00039385149958	0.000184042756813	0.00184778927841	0.00011778736436	0.000301830121174	0.0193797022924	0.00370294026708	0.000250298149266	0.00082819240566	0.000839234971068	5.15319719077e-05	4.04894064989e-05	0.000165638481132	0.00499492041991	3.68085513627e-06	0.000791383854297	0.000301830121174	0	1.84042756813e-05	0	1.47234205451e-05	3.68085513627e-05	4.04894064989e-05	3.31276962264e-05	4.04894064989e-05	0.000143553350314	3.68085513627e-06	0.000220851308176	2.57659859539e-05	0	4.04894064989e-05	0.000261340714675	8.09788129978e-05	0.000220851308176	3.68085513627e-06	4.78511167714e-05	8.09788129978e-05	0.000132510784906	8.83405232704e-05	0.000198766177358	0.000865000957022	0.00132142699392	6.9936247589e-05	3.68085513627e-06	3.68085513627e-05	1.47234205451e-05	0	0	0.000114106509224	0.00239991754884	0.0028416201652	0.00281585417924	0.00101591601761	7.36171027253e-06	2.20851308176e-05	2.94468410901e-05	0.000165638481132	0.00039385149958	0.000209808742767	9.57022335429e-05	0	3.68085513627e-06	1.10425654088e-05
0.00128093758742	7.36171027253e-06	2.57659859539e-05	0	0.00670283720314	7.36171027253e-06	0.00238151327316	0.000725128461844	0.000872362667295	0.000173000191404	0.00424402597211	0.000320234396855	0.00933464862557	4.04894064989e-05	0.00343423784214	0.000139872495178	7.36171027253e-06	7.36171027253e-06	3.68085513627e-05	4.78511167714e-05	0.0229832594708	2.94468410901e-05	0	4.41702616352e-05	0.00471517542956	3.68085513627e-06	0.000103063943815	3.68085513627e-05	0.00270174767002	0.00439126017756	0.000231893873585	0	9.20213784066e-05	0.000784022144024	0.00228581103962	1.84042756813e-05	3.68085513627e-06	3.68085513627e-06	0	0.00202815118008	0	0.000791383854297	4.78511167714e-05	0.00061102195262	0.00082819240566	0.00390538729958	6.62553924528e-05	0.00294836496415	1.47234205451e-05	0.000184042756813	1.10425654088e-05	3.68085513627e-06	7.36171027253e-06	3.68085513627e-06	7.36171027253e-06	0.0047703882566	3.68085513627e-06	3.68085513627e-06	1.10425654088e-05	0.00124044818092	0	2.57659859539e-05	2.20851308176e-05	0.00121468219497	9.57022335429e-05	1.10425654088e-05	0	1.10425654088e-05	0	0.000176681046541	0.000368085513627	8.83405232704e-05	0.00119259706415	0.000198766177358	0.000301830121174	4.78511167714e-05	3.68085513627e-06	0.000121468219497	2.57659859539e-05	0.000180361901677	3.31276962264e-05	0.000121468219497	2.94468410901e-05	0
0.00103063943815	0.000136191640042	0.00146498034423	0	3.68085513627e-06	0	5.5212827044e-05	0.00103432029329	0.000176681046541	0.000419617485534	5.5212827044e-05	0.000106744798952	1.47234205451e-05	0	0.000769298723479	3.68085513627e-06	0.00149810804046	0.0028931521371	1.10425654088e-05	0.00039385149958	2.94468410901e-05	0.0369631472784	0.00100855430734	0.0231673022277	0.000890766942976	3.68085513627e-06	0.000673596489937	0.000758256158071	0.00714453981949	0.00377287651467	0.0137627173545	0	3.31276962264e-05	0.00168583165241	0.0061507089327	6.62553924528e-05	5.88936821802e-05	5.88936821802e-05	0	3.68085513627e-05	0	4.78511167714e-05	0.000390170644444	7.72979578616e-05	0.000625745373165	0.000103063943815	7.36171027253e-06	2.94468410901e-05	3.68085513627e-06	3.68085513627e-05	0	0.000209808742767	1.10425654088e-05	3.68085513627e-06	7.36171027253e-06	4.04894064989e-05	0.000412255775262	0.000850277536477	0.000198766177358	0.00102327772788	0	1.10425654088e-05	0.00011778736436	0.00108217141006	9.93830886792e-05	0.000290787555765	0	3.68085513627e-06	3.68085513627e-06	5.5212827044e-05	0.00119995877442	0.00055212827044	0.00320970567882	0.00126253331174	5.5212827044e-05	3.68085513627e-05	1.10425654088e-05	0.000173000191404	5.88936821802e-05	8.83405232704e-05	2.94468410901e-05	3.31276962264e-05	1.47234205451e-05	3.68085513627e-06
0.000125149074633	0.00514215462536	0.00270174767002	0	7.36171027253e-06	3.68085513627e-06	1.84042756813e-05	0.000125149074633	4.41702616352e-05	0.00417408972452	1.84042756813e-05	8.83405232704e-05	0	6.9936247589e-05	0.000209808742767	1.10425654088e-05	0.00653351786687	0.000599979387211	1.84042756813e-05	0.000184042756813	0	0.00100855430734	0.0286076061191	0.00410415347694	0.00409679176666	0.000253979004402	0.00122940561551	0.0114216934878	0.00142449093773	0.000452745181761	0.000853958391614	3.68085513627e-06	1.47234205451e-05	0.000353362093081	0.00117419278847	9.20213784066e-05	0.000876043522431	0.00055212827044	0	7.36171027253e-05	0	5.15319719077e-05	0.000331276962264	8.09788129978e-05	0.00205391716604	9.57022335429e-05	2.57659859539e-05	1.84042756813e-05	3.68085513627e-06	6.62553924528e-05	0	0.0030955991696	5.5212827044e-05	1.10425654088e-05	2.57659859539e-05	1.10425654088e-05	0.00117419278847	0.00916164843416	0.00343423784214	0.00218274709581	7.36171027253e-06	8.09788129978e-05	0.00336062073941	0.00179257645136	9.20213784066e-05	0.000438021761216	3.68085513627e-06	0	0	0.000121468219497	0.00139136324151	0.00079874556457	0.000901809508385	0.000824511550523	0.000103063943815	2.94468410901e-05	1.47234205451e-05	0.000471149457442	0.000426979195807	0.000150915060587	8.83405232704e-05	2.94468410901e-05	1.84042756813e-05	0
0.00379496164549	0.000853958391614	0.0236237282646	0	2.20851308176e-05	3.68085513627e-06	0.000253979004402	0.00253242833375	0.000747213592662	0.000787702999161	0.000103063943815	0.000390170644444	4.04894064989e-05	2.20851308176e-05	0.00250298149266	2.57659859539e-05	0.0043949410327	0.0157393365627	6.25745373165e-05	0.00184778927841	4.41702616352e-05	0.0231673022277	0.00410415347694	0.0820425801322	0.00148338461991	1.47234205451e-05	0.00428819623375	0.0114658637495	0.00851013707505	0.00513479291509	0.0126437373931	1.10425654088e-05	8.83405232704e-05	0.00127725673228	0.0111640336283	0.000114106509224	0.000349681237945	0.000533723994758	0	8.09788129978e-05	0	9.93830886792e-05	0.000401213209853	0.000125149074633	0.000791383854297	0.000143553350314	1.84042756813e-05	4.41702616352e-05	1.10425654088e-05	7.72979578616e-05	0	0.00233734301153	9.20213784066e-05	1.10425654088e-05	3.68085513627e-05	2.94468410901e-05	0.00133615041446	0.00504645239182	0.00269438595975	0.001674789087	1.10425654088e-05	9.93830886792e-05	0.0014208100826	0.00176681046541	0.000139872495178	0.000618383662893	0	3.68085513627e-06	3.68085513627e-06	0.000154595915723	0.00658136898364	0.00328700363668	0.0113627998057	0.00780341288888	0.000482192022851	0.000180361901677	7.36171027253e-05	0.000570532546121	0.000500596298532	0.000261340714675	0.000209808742767	5.88936821802e-05	2.20851308176e-05	3.68085513627e-06
0.00069936247589	0.000754575302934	0.000559489980712	0	0.00935673375639	2.94468410901e-05	0.00107112884465	0.00216802367526	0.000519000574213	0.00607709182997	0.000931256349475	0.000220851308176	0.00546606987735	3.68085513627e-05	0.00185147013354	0.000331276962264	0.00563538921362	0.000165638481132	1.10425654088e-05	0.00011778736436	0.00471517542956	0.000890766942976	0.00409679176666	0.00148338461991	0.043787452701	4.41702616352e-05	0.000463787747169	0.00160485283941	0.0137627173545	0.00335693988427	0.0024256835348	0	6.9936247589e-05	0.00179993816163	0.00357779119245	0.000176681046541	8.46596681341e-05	5.5212827044e-05	0	0.00168583165241	3.68085513627e-06	0.000353362093081	0.00100855430734	0.000357042948218	0.00492130331719	0.00138400153124	3.68085513627e-05	0.000500596298532	1.47234205451e-05	0.000176681046541	7.36171027253e-06	0.000195085322222	3.68085513627e-05	7.36171027253e-06	1.10425654088e-05	0.000673596489937	0.000368085513627	0.0010048734522	0.000253979004402	0.00689792252536	3.68085513627e-06	3.31276962264e-05	0.000173000191404	0.00371030197736	0.00018772361195	0.000309191831446	0	3.68085513627e-06	0	0.000242936438994	0.00142817179287	0.000426979195807	0.00186251269895	0.000835554115932	0.000717766751572	7.36171027253e-05	3.68085513627e-06	0.000463787747169	9.20213784066e-05	0.000272383280084	9.57022335429e-05	0.000147234205451	3.68085513627e-05	0
1.47234205451e-05	0.00198030006331	3.31276962264e-05	0	3.68085513627e-06	0	3.68085513627e-06	1.10425654088e-05	1.47234205451e-05	0.000103063943815	3.68085513627e-06	0.00195821493249	3.68085513627e-06	0.00519736745241	2.94468410901e-05	0	2.20851308176e-05	2.57659859539e-05	0.000173000191404	0.000301830121174	3.68085513627e-06	3.68085513627e-06	0.000253979004402	1.47234205451e-05	4.41702616352e-05	0.0111971613245	0.00385753618281	0.0036035571784	1.47234205451e-05	5.88936821802e-05	1.10425654088e-05	0.000272383280084	0	3.68085513627e-06	0.000633107083438	0	0.000533723994758	3.31276962264e-05	0	0	0	7.36171027253e-06	1.84042756813e-05	3.31276962264e-05	1.10425654088e-05	2.57659859539e-05	0.000957022335429	1.47234205451e-05	0.0020097469044	1.84042756813e-05	0	7.36171027253e-06	3.68085513627e-05	0.000147234205451	0.000121468219497	7.36171027253e-06	7.36171027253e-06	1.84042756813e-05	2.57659859539e-05	1.84042756813e-05	0.00174104447945	0.000426979195807	0.000949660625156	1.10425654088e-05	1.84042756813e-05	7.36171027253e-06	4.78511167714e-05	0	0	0.000239255583857	0.000103063943815	0.000415936630398	0.000154595915723	4.04894064989e-05	0	0	0.000412255775262	2.57659859539e-05	0.00165270395618	0.000235574728721	2.94468410901e-05	0	7.36171027253e-06	0.000220851308176
0.000732490172117	0.00687951824968	0.00892975456058	0	4.78511167714e-05	0	0.000125149074633	0.000320234396855	0.000198766177358	0.000342319527673	0.000139872495178	0.0138768238637	0.000121468219497	0.00562066579308	0.00100855430734	1.10425654088e-05	0.000401213209853	0.00915428672389	0.00237047070775	0.0193797022924	0.000103063943815	0.000673596489937	0.00122940561551	0.00428819623375	0.000463787747169	0.00385753618281	0.0952310840855	0.0314823539805	0.000658873069391	0.00202078946981	0.00158276770859	0.00175944875513	8.46596681341e-05	0.000360723803354	0.00728809316981	2.94468410901e-05	0.00851381793018	0.00218642795094	0	2.57659859539e-05	0	9.20213784066e-05	0.000202447032495	0.000224532163312	0.000158276770859	0.000191404467086	0.00168215079727	5.5212827044e-05	0.00267598168406	9.93830886792e-05	0	0.000139872495178	0.00219378966121	0.000872362667295	0.00185883184381	2.57659859539e-05	0.000294468410901	0.000471149457442	0.0010048734522	0.000268702424947	0.00263181142243	0.00687215653941	0.0122278007627	0.000257659859539	4.78511167714e-05	0.000235574728721	0.000150915060587	3.68085513627e-06	0	0.000964384045701	0.00751998704339	0.010103947349	0.0054403038914	0.00253979004402	5.5212827044e-05	5.88936821802e-05	0.00011778736436	0.000979107466247	0.00350417408972	0.00154595915723	0.000463787747169	3.68085513627e-05	2.20851308176e-05	7.72979578616e-05
0.000301830121174	0.0166153800851	0.0167662951457	0	2.20851308176e-05	3.68085513627e-06	2.57659859539e-05	0.000265021569811	9.57022335429e-05	0.00108217141006	4.04894064989e-05	0.0023851941283	2.20851308176e-05	0.00342319527673	0.000360723803354	7.36171027253e-06	0.00432132392998	0.00477774996687	0.000312872686583	0.00370294026708	3.68085513627e-05	0.000758256158071	0.0114216934878	0.0114658637495	0.00160485283941	0.0036035571784	0.0314823539805	0.088951545223	0.00125517160147	0.000780341288888	0.000901809508385	0.000544766560167	2.94468410901e-05	0.00030551097631	0.00345264211782	2.20851308176e-05	0.00815309412683	0.00304406719769	0	3.68085513627e-05	0	6.62553924528e-05	0.000250298149266	0.00011778736436	0.000250298149266	0.000143553350314	0.000570532546121	3.31276962264e-05	0.000934937204611	7.36171027253e-05	0	0.00258396030566	0.00120363962956	0.000287106700629	0.000714085896435	1.84042756813e-05	0.000879724377567	0.00616911320838	0.00493602673773	0.000452745181761	0.00112266081656	0.00291155641279	0.0118081832771	0.000471149457442	4.41702616352e-05	0.000253979004402	3.68085513627e-05	0	0	0.000537404849895	0.00754943388448	0.00633107083438	0.0038980255893	0.00381704677631	0.000198766177358	8.46596681341e-05	8.46596681341e-05	0.000905490363521	0.00290051384738	0.000820830695387	0.00030551097631	3.31276962264e-05	2.20851308176e-05	2.57659859539e-05
0.00384281276226	0.000261340714675	0.00244776866562	0	0.00472253713983	1.84042756813e-05	0.00317289712746	0.0236752602365	0.00223059821258	0.00330172705723	0.00778868946834	0.000290787555765	0.00114474594738	3.31276962264e-05	0.00492130331719	0.000213489597903	0.00215698110985	0.00144657606855	3.68085513627e-05	0.000250298149266	0.00270174767002	0.00714453981949	0.00142449093773	0.00851013707505	0.0137627173545	1.47234205451e-05	0.000658873069391	0.00125517160147	0.073149634123	0.0108695652174	0.0160117198428	7.36171027253e-06	0.000173000191404	0.00739851882389	0.0101702027415	0.000298149266037	9.20213784066e-05	9.57022335429e-05	0	0.00379864250063	0	0.000629426228301	0.00159012941887	0.000725128461844	0.00737275283794	0.00328332278155	6.9936247589e-05	0.00109689483061	2.57659859539e-05	0.000375447223899	1.10425654088e-05	0.000161957625996	3.68085513627e-05	3.68085513627e-06	1.84042756813e-05	0.00160117198428	0.000401213209853	0.000677277345073	0.000261340714675	0.0111309059321	1.10425654088e-05	2.57659859539e-05	0.00018772361195	0.00679853943668	0.000342319527673	0.000489553733123	0	2.20851308176e-05	3.68085513627e-06	0.000312872686583	0.00346000382809	0.000986469176519	0.00511270778427	0.00223059821258	0.000662553924528	0.000121468219497	2.20851308176e-05	0.000717766751572	0.000110425654088	0.000474830312578	0.000150915060587	0.000346000382809	7.36171027253e-05	0
0.0165712098235	0.000158276770859	0.00358147204759	0	0.00132142699392	0.000198766177358	0.00358883375786	0.0111235442218	0.00446487728029	0.00122940561551	0.00426979195807	0.00287106700629	0.00357779119245	0.00036440465849	0.0304517145423	0.000625745373165	0.000301830121174	0.00214593854444	0.000231893873585	0.00082819240566	0.00439126017756	0.00377287651467	0.000452745181761	0.00513479291509	0.00335693988427	5.88936821802e-05	0.00202078946981	0.000780341288888	0.0108695652174	0.0661780944949	0.0245402611935	4.04894064989e-05	0.00337166330482	0.0179809773407	0.025931624435	8.83405232704e-05	7.72979578616e-05	5.5212827044e-05	0	0.000725128461844	3.68085513627e-06	0.000301830121174	0.000585255966666	0.000320234396855	0.00141712922746	0.000806107274842	6.25745373165e-05	0.000419617485534	4.41702616352e-05	0.000173000191404	0	6.62553924528e-05	2.57659859539e-05	0	3.31276962264e-05	0.000294468410901	0.000125149074633	0.000180361901677	0.000110425654088	0.003430556987	1.47234205451e-05	3.68085513627e-05	0.000125149074633	0.00177417217568	0.000103063943815	0.000147234205451	0	1.47234205451e-05	0	0.000158276770859	0.00512743120482	0.00119259706415	0.0131148868505	0.00370294026708	0.000758256158071	0.000957022335429	0.000143553350314	0.00030551097631	9.20213784066e-05	0.000272383280084	0.000125149074633	0.000220851308176	4.41702616352e-05	3.68085513627e-06
0.0109873525818	0.000242936438994	0.00526362284486	0	0.000253979004402	1.47234205451e-05	0.000382808934172	0.00847700937882	0.00150915060587	0.00146498034423	0.000360723803354	0.000268702424947	0.000125149074633	2.20851308176e-05	0.00931624434989	3.68085513627e-05	0.00052268142935	0.00474094141551	2.20851308176e-05	0.000839234971068	0.000231893873585	0.0137627173545	0.000853958391614	0.0126437373931	0.0024256835348	1.10425654088e-05	0.00158276770859	0.000901809508385	0.0160117198428	0.0245402611935	0.0512080566557	1.10425654088e-05	0.000173000191404	0.0127431204818	0.012371354113	0.000110425654088	7.72979578616e-05	9.20213784066e-05	0	0.000430660050943	0	0.000224532163312	0.000692000765618	0.000279744990356	0.00159012941887	0.000460106892033	2.57659859539e-05	0.000290787555765	1.10425654088e-05	0.000173000191404	3.68085513627e-06	9.57022335429e-05	2.20851308176e-05	0	2.20851308176e-05	0.000147234205451	0.000290787555765	0.000338638672536	0.000143553350314	0.00318393969287	0	2.57659859539e-05	0.000184042756813	0.00189932125031	0.000128829929769	0.00021717045304	0	7.36171027253e-06	0	0.000110425654088	0.00261340714675	0.000879724377567	0.0053188356719	0.00241096011425	0.000139872495178	0.000150915060587	1.10425654088e-05	0.00030551097631	8.46596681341e-05	0.000154595915723	5.88936821802e-05	0.000147234205451	4.78511167714e-05	3.68085513627e-06
0	4.41702616352e-05	7.36171027253e-06	0	0	0	3.68085513627e-06	0	0	7.36171027253e-06	1.10425654088e-05	0.000986469176519	0	0.0010453628587	1.84042756813e-05	0	0	1.10425654088e-05	5.5212827044e-05	5.15319719077e-05	0	0	3.68085513627e-06	1.10425654088e-05	0	0.000272383280084	0.00175944875513	0.000544766560167	7.36171027253e-06	4.04894064989e-05	1.10425654088e-05	0.00187355526436	0	3.68085513627e-06	0.000114106509224	0	1.84042756813e-05	0	0	0	0	0	0	0	0	0	7.36171027253e-05	0	0.000154595915723	0	0	0	0	3.31276962264e-05	1.84042756813e-05	0	0	0	0	0	8.83405232704e-05	5.88936821802e-05	9.93830886792e-05	0	0	0	0	0	0	2.94468410901e-05	2.57659859539e-05	9.93830886792e-05	8.09788129978e-05	1.84042756813e-05	3.68085513627e-06	0	1.10425654088e-05	1.10425654088e-05	0.000165638481132	2.57659859539e-05	1.10425654088e-05	0	0	1.10425654088e-05
