0.0191493801465	1.60514502485e-05	0.000155164019069	0	0.000101659184907	1.60514502485e-05	0.00130016747013	0.009127924708	0.00369183355716	0.000609955109444	0.00139112568821	0	0.000165864985901	0	0.00571966677189	5.35048341618e-05	0.000395935772797	4.81543507456e-05	0	5.35048341618e-06	0.000160514502485	0.00065810946019	0.000358482388884	0.000834675412924	0.00111290055056	0	5.35048341618e-06	7.49067678265e-05	0.00245052140461	0.00717499826109	0.0043338915671	0	0	0.000706263810935	0.00134832182088	0	5.35048341618e-06	0	0	5.35048341618e-06	0	0	5.35048341618e-06	0	0.000123061118572	0	0	5.35048341618e-06	0	0	0	1.07009668324e-05	0	0	0	1.07009668324e-05	0	7.49067678265e-05	5.35048341618e-06	7.49067678265e-05	0	0	5.35048341618e-06	1.60514502485e-05	0	5.35048341618e-06	0	0	0	0	0.00126271408622	0.000246122237144	0.0007276657446	0.000315678521554	0.000845376379756	2.67524170809e-05	5.35048341618e-06	2.67524170809e-05	5.35048341618e-06	0	0	5.35048341618e-06	0	0
1.60514502485e-05	0.0118352693166	0.00225255351821	0	0	0	0	2.14019336647e-05	0	2.14019336647e-05	0	0.000208668853231	0	3.21029004971e-05	5.35048341618e-06	0	0.000214019336647	0.000626006559693	1.07009668324e-05	0.000288926104474	0	0.000192617402982	0.00189942161274	0.000963087014912	3.74533839132e-05	0.000941685081247	0.00283040572716	0.00642058009941	4.28038673294e-05	0	7.49067678265e-05	0	0	5.35048341618e-06	0.000390585289381	0	0.00230605835237	0.000310328038138	0	0	0	0	0	0	0	0	9.63087014912e-05	0	0.000160514502485	0	0	0	0.000224720303479	1.60514502485e-05	0.000149813535653	0	3.74533839132e-05	0.000107009668324	0.000165864985901	0	0.000577852208947	0.000620656076276	0.00110755006715	0	0	5.35048341618e-06	0	0	0	0.000197967886399	0.000369183355716	0.000872128796837	0.00043338915671	0.000133762085404	1.07009668324e-05	1.60514502485e-05	5.35048341618e-06	7.49067678265e-05	0.000117710635156	0.000128411601988	4.81543507456e-05	0	5.35048341618e-06	0
0.000155164019069	0.00225255351821	0.0353024895799	0	0	5.35048341618e-06	3.74533839132e-05	0.00029427658789	4.81543507456e-05	0.000107009668324	1.60514502485e-05	0.000374533839132	0	2.67524170809e-05	5.35048341618e-05	4.28038673294e-05	0.00101659184907	0.0056875638714	5.35048341618e-06	0.000765119128513	5.35048341618e-06	0.00233816125287	0.00227930593529	0.0147566332618	0.000171215469318	0.000149813535653	0.00928843921048	0.0124345234592	0.000508295924537	8.02572512426e-05	0.00103799378274	0	0	2.14019336647e-05	0.00290531249498	0	0.000823974446091	0.000192617402982	0	0	0	0	0	0	0	0	3.74533839132e-05	0	2.14019336647e-05	0	0	3.21029004971e-05	9.63087014912e-05	5.35048341618e-06	3.74533839132e-05	0	3.21029004971e-05	0.000149813535653	9.63087014912e-05	5.35048341618e-06	0.000123061118572	0.000192617402982	0.000422688189878	5.35048341618e-06	0	5.35048341618e-06	0	0	0	5.35048341618e-05	0.00287320959449	0.00425363431586	0.00323169198337	0.00106474619982	0.000144463052237	5.35048341618e-05	0	0.000165864985901	5.88553175779e-05	6.95562844103e-05	2.67524170809e-05	0	0	5.35048341618e-06
0	0	0	0	0	0	0	0	0	0	0	0	0	0	0	0	0	0	0	0	0	0	0	0	0	0	0	0	0	0	0	0	0	0	0	0	0	0	0	0	0	0	0	0	0	0	0	0	0	0	0	0	0	0	0	0	0	0	0	0	0	0	0	0	0	0	0	0	0	0	0	0	0	0	0	0	0	0	0	0	0	0	0	0
0.000101659184907	0	0	0	0.0151418680678	0	0.000486893990872	0.00150348583995	0.000208668853231	6.42058009941e-05	0.00205458563181	0	0.00176030904392	0	0.00011236015174	0	1.07009668324e-05	5.35048341618e-06	0	0	0.00679511393854	1.07009668324e-05	1.07009668324e-05	1.07009668324e-05	0.00187266919566	0	0	5.35048341618e-06	0.0018191643615	3.74533839132e-05	2.14019336647e-05	0	0	0	1.60514502485e-05	1.60514502485e-05	0	0	0	0.00448370510276	0	4.81543507456e-05	5.88553175779e-05	1.07009668324e-05	1.60514502485e-05	0.00150348583995	0	0.00109684910032	0	2.14019336647e-05	0	0	0	0	0	0.00180311291125	5.35048341618e-06	0	5.35048341618e-06	0.000342430938635	0	0	0	0.00134832182088	1.07009668324e-05	1.60514502485e-05	0	0	0	1.07009668324e-05	5.35048341618e-06	0	5.35048341618e-06	0	2.14019336647e-05	0	0	0	0	0	0	0	0	0
1.60514502485e-05	0	5.35048341618e-06	0	0	0.00484218749164	0.00288926104474	1.07009668324e-05	0.00193687499666	0	0	5.35048341618e-06	0	0	0.000369183355716	0.00065810946019	0	0	0	0	0	0	0	5.35048341618e-06	5.35048341618e-06	0	5.35048341618e-06	0	5.35048341618e-06	0.000374533839132	0	0	0.000807922995843	5.35048341618e-06	0.0007276657446	0	0	0	0	0	0	0	0	0	0	0	0	0	0	0	0	0	0	0	0	0	0	0	0	0	0	0	0	0	0	0	0	0	0	0	4.81543507456e-05	2.14019336647e-05	0.00011236015174	3.21029004971e-05	0.000160514502485	0.000684861877271	0	0	0	0	0	0	0	0
0.00130016747013	0	3.74533839132e-05	0	0.000486893990872	0.00288926104474	0.0457626846586	0.00325844440045	0.0192617402982	0.000299627071306	0.0124291729758	7.49067678265e-05	0.00943825274614	1.07009668324e-05	0.00564476000407	0.00199573031423	6.95562844103e-05	1.07009668324e-05	0	5.35048341618e-06	0.00148208390628	0.000107009668324	6.42058009941e-05	0.000165864985901	0.000326379488387	5.35048341618e-06	1.60514502485e-05	1.60514502485e-05	0.000786521062178	0.00263243784076	0.000246122237144	0	0.00054574930845	0.000128411601988	0.00271804557542	0	0	0	0	0	0	0	5.35048341618e-06	0	3.74533839132e-05	0	0	0	0	0	0	0	0	0	0	0	5.35048341618e-06	5.35048341618e-06	0	2.14019336647e-05	5.35048341618e-06	0	0	0	0	5.35048341618e-06	0	0	0	0	0.00065810946019	0.000155164019069	0.00150348583995	0.000331729971803	0.00196362741374	0.000481543507456	0	5.35048341618e-06	0	0	0	0	0	0
0.009127924708	2.14019336647e-05	0.00029427658789	0	0.00150348583995	1.07009668324e-05	0.00325844440045	0.0557680886468	0.00664530040289	0.00309792989797	0.0119101760844	5.35048341618e-06	0.00104334426615	0	0.00619585979593	6.95562844103e-05	0.00130551795355	4.28038673294e-05	0	2.67524170809e-05	0.00200108079765	0.00179776242784	0.00135902278771	0.00197432838057	0.00805247754135	0	2.14019336647e-05	0.000149813535653	0.0208508338728	0.00302837361356	0.00980743610185	0	0	0.000379884322549	0.00159444405802	2.67524170809e-05	0	0	0	6.42058009941e-05	0	5.35048341618e-06	5.88553175779e-05	1.07009668324e-05	0.000631357043109	2.14019336647e-05	0	1.60514502485e-05	0	5.35048341618e-06	0	4.81543507456e-05	0	0	0	3.21029004971e-05	1.07009668324e-05	0.00025147272056	2.67524170809e-05	0.000444090123543	5.35048341618e-06	5.35048341618e-06	0	0.000149813535653	3.21029004971e-05	4.28038673294e-05	0	0	5.35048341618e-06	2.67524170809e-05	0.00176030904392	0.000390585289381	0.000941685081247	0.000304977554722	0.000989839431993	4.28038673294e-05	0	8.02572512426e-05	0	3.74533839132e-05	2.14019336647e-05	1.07009668324e-05	5.35048341618e-06	0
0.00369183355716	0	4.81543507456e-05	0	0.000208668853231	0.00193687499666	0.0192617402982	0.00664530040289	0.0476621062713	0.000342430938635	0.00971647788378	8.02572512426e-05	0.00119850828522	1.07009668324e-05	0.0179401708944	0.000149813535653	8.56077346588e-05	1.60514502485e-05	0	2.14019336647e-05	0.000444090123543	0.000171215469318	0.000101659184907	0.000240771753728	0.000561800758699	0	2.14019336647e-05	3.74533839132e-05	0.00126806456963	0.00459071477108	0.000738366711432	0	0.00127876553647	0.000224720303479	0.0036704316235	0	0	0	0	1.07009668324e-05	0	0	1.07009668324e-05	0	6.42058009941e-05	1.07009668324e-05	0	0	0	0	0	5.35048341618e-06	0	0	0	0	5.35048341618e-06	1.60514502485e-05	5.35048341618e-06	4.81543507456e-05	5.35048341618e-06	0	0	1.60514502485e-05	0	1.07009668324e-05	0	0	0	0	0.00090958218075	0.000192617402982	0.00188872064591	0.000417337706462	0.00192617402982	0.000577852208947	0	2.67524170809e-05	0	0	0	0	0	0
0.000609955109444	2.14019336647e-05	0.000107009668324	0	6.42058009941e-05	0	0.000299627071306	0.00309792989797	0.000342430938635	0.0182183960321	0.0003638328723	5.35048341618e-06	0.00120920925206	0	0.000342430938635	0.000417337706462	0.000781170578762	2.14019336647e-05	0	1.07009668324e-05	0.000128411601988	0.000422688189878	0.0028785600779	0.000620656076276	0.00724990502892	0	1.60514502485e-05	0.000139112568821	0.00306047651405	0.0003638328723	0.000743717194849	0	0	6.42058009941e-05	0.000518996891369	0.000171215469318	5.35048341618e-06	1.60514502485e-05	0	0.000219369820063	0	1.07009668324e-05	0.000262173687393	1.07009668324e-05	0.0023809651202	0.000117710635156	0	4.28038673294e-05	0	5.35048341618e-05	0	0.000107009668324	1.60514502485e-05	0	0	9.63087014912e-05	0.00018191643615	0.00113430248423	0.000187266919566	0.00172285566001	0	0	2.14019336647e-05	0.000572501725531	5.35048341618e-05	0.000411987223046	0	0	8.02572512426e-05	0.00025147272056	0.00193152451324	0.000422688189878	0.000358482388884	0.000128411601988	0.00135367230429	2.67524170809e-05	1.07009668324e-05	0.000208668853231	1.07009668324e-05	0.000128411601988	5.88553175779e-05	3.74533839132e-05	1.60514502485e-05	0
0.00139112568821	0	1.60514502485e-05	0	0.00205458563181	0	0.0124291729758	0.0119101760844	0.00971647788378	0.0003638328723	0.0399948635359	0	0.00551634840208	0	0.00456931283741	4.81543507456e-05	4.81543507456e-05	5.35048341618e-06	0	0	0.00463351863841	6.95562844103e-05	3.74533839132e-05	8.02572512426e-05	0.000802572512426	0	5.35048341618e-06	0	0.00249867575535	0.00043338915671	0.000401286256213	0	5.35048341618e-06	8.56077346588e-05	0.000304977554722	1.07009668324e-05	0	0	0	2.14019336647e-05	0	0	5.35048341618e-06	0	8.56077346588e-05	0.000133762085404	0	0.000203318369815	0	5.35048341618e-06	0	0	0	0	0	4.81543507456e-05	0	2.67524170809e-05	5.35048341618e-06	8.02572512426e-05	0	0	0	2.67524170809e-05	1.07009668324e-05	0	0	0	5.35048341618e-06	5.35048341618e-06	0.000187266919566	2.67524170809e-05	0.000203318369815	3.74533839132e-05	0.000390585289381	5.35048341618e-06	0	1.07009668324e-05	0	0	0	0	0	0
0	0.000208668853231	0.000374533839132	0	0	5.35048341618e-06	7.49067678265e-05	5.35048341618e-06	8.02572512426e-05	5.35048341618e-06	0	0.0264099861422	0	0.00337080455219	4.81543507456e-05	5.35048341618e-06	0	0.000738366711432	0.00176030904392	0.00652758976774	0	3.74533839132e-05	1.60514502485e-05	0.000144463052237	0	0.00178171097759	0.00880689570303	0.0010593957164	0	6.42058009941e-05	5.35048341618e-06	0.000133762085404	0	5.35048341618e-06	0.00385769854306	0	8.56077346588e-05	0	0	0	0	0	0	0	0	0	8.56077346588e-05	0	0.000197967886399	0	0	0	1.07009668324e-05	5.35048341618e-06	2.14019336647e-05	0	0	0	0	0	0.000502945441121	0.000128411601988	0.000149813535653	0	0	0	0	0	0	2.14019336647e-05	0.00025147272056	0.00479938362431	0.00543074066742	0.000411987223046	3.74533839132e-05	2.67524170809e-05	0.000652758976774	1.60514502485e-05	4.28038673294e-05	2.67524170809e-05	1.07009668324e-05	0	0	5.35048341618e-06
0.000165864985901	0	0	0	0.00176030904392	0	0.00943825274614	0.00104334426615	0.00119850828522	0.00120920925206	0.00551634840208	0	0.0272072081713	0	0.000358482388884	0.00117175586814	0	0	0	0	0.00555380178599	1.07009668324e-05	2.14019336647e-05	1.07009668324e-05	0.00103799378274	0	0	0	0.000529697858201	0.000101659184907	4.81543507456e-05	0	0	0	3.74533839132e-05	2.14019336647e-05	0	0	0	0.000968437498328	0	4.81543507456e-05	2.67524170809e-05	1.60514502485e-05	4.81543507456e-05	0.000700913327519	0	0.00325309391704	0	2.67524170809e-05	0	0	0	0	0	0.00188872064591	0	0	0	9.63087014912e-05	0	0	0	3.74533839132e-05	1.60514502485e-05	1.07009668324e-05	0	0	5.35048341618e-06	5.35048341618e-06	9.63087014912e-05	0	2.14019336647e-05	1.60514502485e-05	0.000706263810935	0	0	1.60514502485e-05	5.35048341618e-06	5.35048341618e-06	5.35048341618e-06	0	0	0
0	3.21029004971e-05	2.67524170809e-05	0	0	0	1.07009668324e-05	0	1.07009668324e-05	0	0	0.00337080455219	0	0.00840560944681	5.35048341618e-06	0	5.35048341618e-06	2.67524170809e-05	7.49067678265e-05	0.000246122237144	0	0	0	0	0	0.00124666263597	0.00123596166914	0.000267524170809	0	5.35048341618e-06	0	0.000256823203976	0	0	0.00018191643615	0	2.67524170809e-05	0	0	0	0	0	0	0	0	0	0.000214019336647	0	0.00202783321473	0	0	0	0	3.21029004971e-05	1.60514502485e-05	0	0	0	0	0	0.000128411601988	0.000165864985901	0.000117710635156	0	0	0	0.000262173687393	0	0	2.14019336647e-05	1.07009668324e-05	0.00107544716665	0.000486893990872	2.67524170809e-05	0	0	0.000321029004971	0	2.14019336647e-05	1.07009668324e-05	5.35048341618e-06	0	0	5.35048341618e-06
0.00571966677189	5.35048341618e-06	5.35048341618e-05	0	0.00011236015174	0.000369183355716	0.00564476000407	0.00619585979593	0.0179401708944	0.000342430938635	0.00456931283741	4.81543507456e-05	0.000358482388884	5.35048341618e-06	0.0303586429034	5.35048341618e-05	0.000133762085404	2.14019336647e-05	0	2.14019336647e-05	0.000246122237144	0.000246122237144	0.000128411601988	0.000288926104474	0.000567151242115	1.07009668324e-05	2.14019336647e-05	3.74533839132e-05	0.00117710635156	0.00845911428098	0.00103264329932	0	0.000395935772797	0.000428038673294	0.00325309391704	0	0	0	0	1.07009668324e-05	0	0	1.07009668324e-05	0	6.95562844103e-05	1.07009668324e-05	0	0	0	0	0	5.35048341618e-06	0	0	0	0	0	3.21029004971e-05	5.35048341618e-06	3.21029004971e-05	0	0	0	1.60514502485e-05	0	5.35048341618e-06	0	0	5.35048341618e-06	5.35048341618e-06	0.000749067678265	0.000128411601988	0.00146603245603	0.000337080455219	0.00137507423796	0.000278225137641	5.35048341618e-06	2.14019336647e-05	0	5.35048341618e-06	5.35048341618e-06	0	0	0
5.35048341618e-05	0	4.28038673294e-05	0	0	0.00065810946019	0.00199573031423	6.95562844103e-05	0.000149813535653	0.000417337706462	4.81543507456e-05	5.35048341618e-06	0.00117175586814	0	5.35048341618e-05	0.00560195613674	0	5.35048341618e-06	0	5.35048341618e-06	5.35048341618e-06	5.88553175779e-05	2.14019336647e-05	9.0958218075e-05	6.95562844103e-05	0	5.35048341618e-06	2.14019336647e-05	5.88553175779e-05	7.49067678265e-05	5.88553175779e-05	0	5.35048341618e-06	0	0.000235421270312	5.35048341618e-06	0	5.35048341618e-06	0	5.35048341618e-06	0	0	5.35048341618e-06	0	1.07009668324e-05	0	0	0	0	0	0	5.35048341618e-06	5.35048341618e-06	0	0	0	1.07009668324e-05	0	1.60514502485e-05	1.07009668324e-05	0	0	5.35048341618e-06	0	5.35048341618e-06	5.35048341618e-06	0	0	5.35048341618e-06	3.74533839132e-05	0.000818623962675	0.000101659184907	0.000246122237144	0.000128411601988	0.000775820095346	1.60514502485e-05	0	4.81543507456e-05	5.35048341618e-06	3.21029004971e-05	4.28038673294e-05	5.35048341618e-06	5.35048341618e-06	0
0.000395935772797	0.000214019336647	0.00101659184907	0	1.07009668324e-05	0	6.95562844103e-05	0.00130551795355	8.56077346588e-05	0.000781170578762	4.81543507456e-05	0	0	5.35048341618e-06	0.000133762085404	0	0.027319568323	9.63087014912e-05	0	0	5.35048341618e-06	0.00484218749164	0.00996260012092	0.0113804782262	0.00779565433737	0	9.63087014912e-05	0.00428573721636	0.00482078555798	0.000262173687393	0.0012894665033	0	0	4.28038673294e-05	0.00174425759367	1.60514502485e-05	0.000128411601988	6.95562844103e-05	0	0	0	0	1.60514502485e-05	0	7.49067678265e-05	0	0	0	0	5.35048341618e-06	0	0.00192082354641	2.67524170809e-05	0	5.35048341618e-06	0	5.35048341618e-05	0.000299627071306	6.95562844103e-05	5.88553175779e-05	0	1.60514502485e-05	3.21029004971e-05	4.28038673294e-05	1.07009668324e-05	8.02572512426e-05	0	0	1.07009668324e-05	5.88553175779e-05	0.00209738949914	0.00147673342286	0.00114500345106	0.000470842540624	0.000176565952734	2.67524170809e-05	5.35048341618e-06	0.000117710635156	1.07009668324e-05	3.21029004971e-05	2.67524170809e-05	5.35048341618e-06	5.35048341618e-06	0
4.81543507456e-05	0.000626006559693	0.0056875638714	0	5.35048341618e-06	0	1.07009668324e-05	4.28038673294e-05	1.60514502485e-05	2.14019336647e-05	5.35048341618e-06	0.000738366711432	0	2.67524170809e-05	2.14019336647e-05	5.35048341618e-06	9.63087014912e-05	0.0189139588762	2.14019336647e-05	0.0036062258225	5.35048341618e-06	0.000845376379756	0.000246122237144	0.00672020717072	4.28038673294e-05	0.000123061118572	0.00493314570971	0.00192617402982	6.95562844103e-05	2.14019336647e-05	0.000208668853231	0	0	5.35048341618e-06	0.0025468301061	0	0.000165864985901	3.21029004971e-05	0	0	0	0	0	0	5.35048341618e-06	0	1.60514502485e-05	0	5.35048341618e-05	0	0	1.07009668324e-05	5.35048341618e-06	0	1.07009668324e-05	0	0	1.07009668324e-05	5.35048341618e-06	5.35048341618e-06	0.000123061118572	0.00011236015174	0.000133762085404	0	0	0	0	0	0	1.60514502485e-05	0.00101659184907	0.00175495856051	0.00206528659864	0.000470842540624	2.67524170809e-05	2.14019336647e-05	5.35048341618e-06	3.21029004971e-05	0	1.07009668324e-05	5.35048341618e-06	0	0	5.35048341618e-06
0	1.07009668324e-05	5.35048341618e-06	0	0	0	0	0	0	0	0	0.00176030904392	0	7.49067678265e-05	0	0	0	2.14019336647e-05	0.00240236705386	0.0010593957164	0	5.35048341618e-06	0	5.35048341618e-06	0	8.02572512426e-05	0.000738366711432	4.28038673294e-05	0	0	0	5.35048341618e-06	0	0	9.0958218075e-05	0	5.35048341618e-06	5.35048341618e-06	0	0	0	0	0	0	0	0	0	0	1.07009668324e-05	0	0	0	0	0	0	0	0	0	0	0	2.67524170809e-05	1.07009668324e-05	5.35048341618e-06	0	0	0	0	0	0	0	1.07009668324e-05	0.000176565952734	0.000128411601988	2.67524170809e-05	5.35048341618e-06	0	1.60514502485e-05	0	0	0	0	0	0	0
5.35048341618e-06	0.000288926104474	0.000765119128513	0	0	0	5.35048341618e-06	2.67524170809e-05	2.14019336647e-05	1.07009668324e-05	0	0.00652758976774	0	0.000246122237144	2.14019336647e-05	5.35048341618e-06	0	0.0036062258225	0.0010593957164	0.0149439001814	5.35048341618e-06	4.28038673294e-05	5.35048341618e-06	0.000331729971803	0	0.000556450275282	0.00645803348333	0.00110219958373	1.07009668324e-05	2.14019336647e-05	2.67524170809e-05	0	0	0	0.00160514502485	0	0.000123061118572	1.60514502485e-05	0	0	0	0	0	0	0	0	3.74533839132e-05	0	0.000107009668324	0	0	0	1.07009668324e-05	1.60514502485e-05	2.14019336647e-05	0	0	0	0	0	0.000214019336647	9.63087014912e-05	0.000101659184907	0	5.35048341618e-06	0	0	0	0	1.60514502485e-05	0.000256823203976	0.001851267262	0.0020492351484	0.00029427658789	5.35048341618e-06	1.07009668324e-05	4.81543507456e-05	1.60514502485e-05	1.60514502485e-05	2.67524170809e-05	5.35048341618e-06	0	0	0
0.000160514502485	0	5.35048341618e-06	0	0.00679511393854	0	0.00148208390628	0.00200108079765	0.000444090123543	0.000128411601988	0.00463351863841	0	0.00555380178599	0	0.000246122237144	5.35048341618e-06	5.35048341618e-06	5.35048341618e-06	0	5.35048341618e-06	0.0173088138513	1.07009668324e-05	1.60514502485e-05	1.07009668324e-05	0.00127341505305	0	5.35048341618e-06	0	0.00139112568821	4.81543507456e-05	4.28038673294e-05	0	0	5.35048341618e-06	3.21029004971e-05	2.67524170809e-05	0	0	0	0.00125201311939	0	5.35048341618e-05	3.74533839132e-05	1.60514502485e-05	3.21029004971e-05	0.000866778313421	0	0.00309257941455	0	1.60514502485e-05	0	0	0	0	0	0.00209738949914	0	0	0	0.000160514502485	0	0	0	0.000128411601988	0	1.07009668324e-05	0	0	0	1.07009668324e-05	2.67524170809e-05	5.35048341618e-06	2.14019336647e-05	5.35048341618e-06	2.67524170809e-05	5.35048341618e-06	0	0	0	5.35048341618e-06	0	0	0	0
0.00065810946019	0.000192617402982	0.00233816125287	0	1.07009668324e-05	0	0.000107009668324	0.00179776242784	0.000171215469318	0.000422688189878	6.95562844103e-05	3.74533839132e-05	1.07009668324e-05	0	0.000246122237144	5.88553175779e-05	0.00484218749164	0.000845376379756	5.35048341618e-06	4.28038673294e-05	1.07009668324e-05	0.0390799308718	0.00256823203976	0.0225897409831	0.00166400034243	5.35048341618e-06	0.000208668853231	0.00155699067411	0.00796686980669	0.000401286256213	0.00887110150402	0	5.35048341618e-06	5.35048341618e-05	0.00459071477108	0	8.56077346588e-05	3.74533839132e-05	0	0	0	0	0	0	3.74533839132e-05	0	0	0	0	0	0	0.000406636739629	1.07009668324e-05	0	5.35048341618e-06	0	1.07009668324e-05	0.000107009668324	4.28038673294e-05	2.67524170809e-05	5.35048341618e-06	1.07009668324e-05	1.60514502485e-05	1.07009668324e-05	0	1.60514502485e-05	0	0	0	2.14019336647e-05	0.00308187844772	0.00199037983082	0.00197967886399	0.000781170578762	0.000203318369815	4.28038673294e-05	0	0.000101659184907	5.35048341618e-06	2.67524170809e-05	2.67524170809e-05	0	0	0
0.000358482388884	0.00189942161274	0.00227930593529	0	1.07009668324e-05	0	6.42058009941e-05	0.00135902278771	0.000101659184907	0.0028785600779	3.74533839132e-05	1.60514502485e-05	2.14019336647e-05	0	0.000128411601988	2.14019336647e-05	0.00996260012092	0.000246122237144	0	5.35048341618e-06	1.60514502485e-05	0.00256823203976	0.0258588863504	0.006415229616	0.00522207181419	1.60514502485e-05	0.000310328038138	0.00639917816575	0.0031086308648	0.000278225137641	0.00135902278771	0	0	5.88553175779e-05	0.00183521581175	3.74533839132e-05	0.00097913846516	0.000310328038138	0	2.67524170809e-05	0	0	4.28038673294e-05	0	0.000197967886399	1.07009668324e-05	0	0	0	1.60514502485e-05	0	0.000224720303479	9.63087014912e-05	0	2.14019336647e-05	5.35048341618e-06	0.000139112568821	0.00147138293945	0.000502945441121	0.000155164019069	1.07009668324e-05	5.88553175779e-05	0.000438739640126	0.000155164019069	2.14019336647e-05	0.000187266919566	0	0	1.07009668324e-05	0.000171215469318	0.00255218058952	0.00196362741374	0.00128411601988	0.000486893990872	0.00025147272056	2.67524170809e-05	0	0.00025147272056	4.28038673294e-05	0.00011236015174	5.88553175779e-05	5.35048341618e-06	5.35048341618e-06	0
0.000834675412924	0.000963087014912	0.0147566332618	0	1.07009668324e-05	5.35048341618e-06	0.000165864985901	0.00197432838057	0.000240771753728	0.000620656076276	8.02572512426e-05	0.000144463052237	1.07009668324e-05	0	0.000288926104474	9.0958218075e-05	0.0113804782262	0.00672020717072	5.35048341618e-06	0.000331729971803	1.07009668324e-05	0.0225897409831	0.006415229616	0.0630500965762	0.00260568542368	2.67524170809e-05	0.00177101001075	0.00936869646173	0.00543609115084	0.000577852208947	0.00529697858201	0	5.35048341618e-06	5.35048341618e-05	0.00663459943606	0	0.000470842540624	0.000155164019069	0	0	0	0	1.07009668324e-05	5.35048341618e-06	5.35048341618e-05	0	0	0	1.07009668324e-05	5.35048341618e-06	0	0.00150883632336	4.28038673294e-05	0	1.60514502485e-05	0	4.28038673294e-05	0.000278225137641	0.000149813535653	3.21029004971e-05	2.14019336647e-05	4.28038673294e-05	0.000197967886399	2.67524170809e-05	5.35048341618e-06	2.14019336647e-05	0	0	0	5.35048341618e-05	0.00637777623208	0.00536653486643	0.00446765365251	0.00172820614343	0.000347781422051	9.63087014912e-05	0	0.000240771753728	1.07009668324e-05	6.42058009941e-05	6.42058009941e-05	0	1.07009668324e-05	5.35048341618e-06
0.00111290055056	3.74533839132e-05	0.000171215469318	0	0.00187266919566	5.35048341618e-06	0.000326379488387	0.00805247754135	0.000561800758699	0.00724990502892	0.000802572512426	0	0.00103799378274	0	0.000567151242115	6.95562844103e-05	0.00779565433737	4.28038673294e-05	0	0	0.00127341505305	0.00166400034243	0.00522207181419	0.00260568542368	0.0384218214116	0	2.67524170809e-05	0.000272874654225	0.0158053280114	0.000620656076276	0.00174425759367	0	0	9.63087014912e-05	0.00102194233249	5.35048341618e-05	1.60514502485e-05	0	0	0.00011236015174	0	1.07009668324e-05	6.95562844103e-05	0	0.000829324929507	5.88553175779e-05	0	1.07009668324e-05	0	2.67524170809e-05	0	0.000224720303479	0	0	0	5.35048341618e-05	5.35048341618e-05	0.000422688189878	8.02572512426e-05	0.000791871545594	0	0	0	0.00018191643615	4.28038673294e-05	0.000123061118572	0	0	2.67524170809e-05	8.56077346588e-05	0.00117710635156	0.00047619302404	0.000518996891369	0.000197967886399	0.000583202692363	2.14019336647e-05	0	0.000101659184907	1.07009668324e-05	5.35048341618e-05	1.60514502485e-05	0	1.07009668324e-05	0
0	0.000941685081247	0.000149813535653	0	0	0	5.35048341618e-06	0	0	0	0	0.00178171097759	0	0.00124666263597	1.07009668324e-05	0	0	0.000123061118572	8.02572512426e-05	0.000556450275282	0	5.35048341618e-06	1.60514502485e-05	2.67524170809e-05	0	0.00754953210023	0.00178171097759	0.00193687499666	0	1.07009668324e-05	1.07009668324e-05	2.14019336647e-05	0	0	0.000256823203976	0	0.000107009668324	0	0	0	0	0	0	0	0	0	0.000107009668324	0	0.000337080455219	0	0	0	0	5.35048341618e-06	3.21029004971e-05	0	0	0	0	0	0.000711614294351	0.000192617402982	0.000197967886399	0	0	0	5.35048341618e-06	0	0	2.14019336647e-05	2.14019336647e-05	0.00167470130926	0.000465492057207	5.35048341618e-06	0	0	0.000401286256213	1.60514502485e-05	6.42058009941e-05	3.74533839132e-05	5.35048341618e-06	0	0	3.74533839132e-05
5.35048341618e-06	0.00283040572716	0.00928843921048	0	0	5.35048341618e-06	1.60514502485e-05	2.14019336647e-05	2.14019336647e-05	1.60514502485e-05	5.35048341618e-06	0.00880689570303	0	0.00123596166914	2.14019336647e-05	5.35048341618e-06	9.63087014912e-05	0.00493314570971	0.000738366711432	0.00645803348333	5.35048341618e-06	0.000208668853231	0.000310328038138	0.00177101001075	2.67524170809e-05	0.00178171097759	0.0477049101386	0.0159818939641	2.67524170809e-05	1.60514502485e-05	8.02572512426e-05	0.000262173687393	0	5.35048341618e-06	0.00207063708206	0	0.000775820095346	5.88553175779e-05	0	0	0	0	0	0	0	0	0.000176565952734	0	0.000321029004971	5.35048341618e-06	0	5.35048341618e-06	4.81543507456e-05	3.21029004971e-05	7.49067678265e-05	0	1.60514502485e-05	1.60514502485e-05	1.07009668324e-05	0	0.000914932664166	0.000551099791866	0.000583202692363	0	5.35048341618e-06	5.35048341618e-06	1.07009668324e-05	0	0	0.000101659184907	0.000765119128513	0.0042001294817	0.00300697167989	0.000599254142612	2.14019336647e-05	3.21029004971e-05	0.000107009668324	6.42058009941e-05	0.00011236015174	9.0958218075e-05	3.21029004971e-05	5.35048341618e-06	5.35048341618e-06	5.35048341618e-06
7.49067678265e-05	0.00642058009941	0.0124345234592	0	5.35048341618e-06	0	1.60514502485e-05	0.000149813535653	3.74533839132e-05	0.000139112568821	0	0.0010593957164	0	0.000267524170809	3.74533839132e-05	2.14019336647e-05	0.00428573721636	0.00192617402982	4.28038673294e-05	0.00110219958373	0	0.00155699067411	0.00639917816575	0.00936869646173	0.000272874654225	0.00193687499666	0.0159818939641	0.0545160755274	0.000374533839132	4.81543507456e-05	0.000428038673294	0	0	5.35048341618e-06	0.00184591677858	0	0.00123061118572	0.000214019336647	0	0	0	0	5.35048341618e-06	0	1.07009668324e-05	0	0.000123061118572	0	0.0007276657446	0	0	0.000176565952734	0.000133762085404	1.60514502485e-05	0.000107009668324	0	1.07009668324e-05	0.000208668853231	0.000133762085404	1.07009668324e-05	0.000770469611929	0.000738366711432	0.00117175586814	5.35048341618e-06	0	5.35048341618e-06	0.000347781422051	0	0	0.00011236015174	0.00192082354641	0.00391655386064	0.00228465641871	0.000626006559693	8.02572512426e-05	4.28038673294e-05	1.07009668324e-05	0.000144463052237	8.02572512426e-05	8.56077346588e-05	4.28038673294e-05	0	5.35048341618e-06	0
0.00245052140461	4.28038673294e-05	0.000508295924537	0	0.0018191643615	5.35048341618e-06	0.000786521062178	0.0208508338728	0.00126806456963	0.00306047651405	0.00249867575535	0	0.000529697858201	0	0.00117710635156	5.88553175779e-05	0.00482078555798	6.95562844103e-05	0	1.07009668324e-05	0.00139112568821	0.00796686980669	0.0031086308648	0.00543609115084	0.0158053280114	0	2.67524170809e-05	0.000374533839132	0.0511773738757	0.00126271408622	0.00826649687799	0	0	0.000192617402982	0.00181381387808	3.21029004971e-05	1.60514502485e-05	5.35048341618e-06	0	2.67524170809e-05	0	0	6.95562844103e-05	0	0.000497594957704	1.07009668324e-05	0	5.35048341618e-06	0	1.60514502485e-05	0	0.000123061118572	0	0	0	2.14019336647e-05	5.88553175779e-05	0.000353131905468	3.74533839132e-05	0.000353131905468	0	5.35048341618e-06	5.35048341618e-06	0.000160514502485	3.21029004971e-05	0.000101659184907	0	0	1.07009668324e-05	6.95562844103e-05	0.00211879143281	0.000818623962675	0.000930984114415	0.000315678521554	0.000513646407953	2.67524170809e-05	0	9.63087014912e-05	5.35048341618e-06	2.14019336647e-05	1.07009668324e-05	5.35048341618e-06	0	0
0.00717499826109	0	8.02572512426e-05	0	3.74533839132e-05	0.000374533839132	0.00263243784076	0.00302837361356	0.00459071477108	0.0003638328723	0.00043338915671	6.42058009941e-05	0.000101659184907	5.35048341618e-06	0.00845911428098	7.49067678265e-05	0.000262173687393	2.14019336647e-05	0	2.14019336647e-05	4.81543507456e-05	0.000401286256213	0.000278225137641	0.000577852208947	0.000620656076276	1.07009668324e-05	1.60514502485e-05	4.81543507456e-05	0.00126271408622	0.0297486877939	0.00493314570971	0	0.000353131905468	0.00365438017325	0.00424293334903	1.07009668324e-05	0	0	0	0	0	0	1.07009668324e-05	0	6.95562844103e-05	0	0	5.35048341618e-06	0	1.07009668324e-05	0	2.14019336647e-05	0	0	0	5.35048341618e-06	5.35048341618e-06	4.81543507456e-05	1.60514502485e-05	2.67524170809e-05	0	0	1.07009668324e-05	1.60514502485e-05	5.35048341618e-06	1.07009668324e-05	0	0	1.07009668324e-05	1.60514502485e-05	0.00152488777361	0.000256823203976	0.00166400034243	0.00043338915671	0.00125201311939	0.000192617402982	5.35048341618e-06	4.28038673294e-05	5.35048341618e-06	1.07009668324e-05	5.35048341618e-06	0	0	0
0.0043338915671	7.49067678265e-05	0.00103799378274	0	2.14019336647e-05	0	0.000246122237144	0.00980743610185	0.000738366711432	0.000743717194849	0.000401286256213	5.35048341618e-06	4.81543507456e-05	0	0.00103264329932	5.88553175779e-05	0.0012894665033	0.000208668853231	0	2.67524170809e-05	4.28038673294e-05	0.00887110150402	0.00135902278771	0.00529697858201	0.00174425759367	1.07009668324e-05	8.02572512426e-05	0.000428038673294	0.00826649687799	0.00493314570971	0.0326432993221	0	0	0.000262173687393	0.00356342195517	0	1.60514502485e-05	1.07009668324e-05	0	0	0	0	1.07009668324e-05	0	8.02572512426e-05	0	0	0	0	0	0	3.21029004971e-05	5.35048341618e-06	0	0	0	1.60514502485e-05	8.02572512426e-05	1.60514502485e-05	5.35048341618e-05	1.07009668324e-05	1.60514502485e-05	1.07009668324e-05	3.74533839132e-05	0	2.14019336647e-05	0	0	1.07009668324e-05	3.21029004971e-05	0.00227930593529	0.000925633630999	0.00130551795355	0.000460141573791	0.000353131905468	4.28038673294e-05	0	6.95562844103e-05	5.35048341618e-06	1.60514502485e-05	1.60514502485e-05	0	0	0
0	0	0	0	0	0	0	0	0	0	0	0.000133762085404	0	0.000256823203976	0	0	0	0	5.35048341618e-06	0	0	0	0	0	0	2.14019336647e-05	0.000262173687393	0	0	0	0	0.000620656076276	0	0	0	0	0	0	0	0	0	0	0	0	0	0	1.60514502485e-05	0	0.000246122237144	0	0	0	0	0	0	0	0	0	0	0	1.07009668324e-05	3.74533839132e-05	3.74533839132e-05	0	0	0	0.000240771753728	0	0	0	0	0	0	0	0	0	0	0	0	0	0	0	0	0
0	0	0	0	0	0.000807922995843	0.00054574930845	0	0.00127876553647	0	5.35048341618e-06	0	0	0	0.000395935772797	5.35048341618e-06	0	0	0	0	0	5.35048341618e-06	0	5.35048341618e-06	0	0	0	0	0	0.000353131905468	0	0	0.00197967886399	5.35048341618e-06	0.000406636739629	0	0	0	0	0	0	0	0	0	0	0	0	0	0	0	0	0	0	0	0	0	0	0	0	0	0	0	0	0	0	0	0	0	0	0	5.35048341618e-06	5.35048341618e-06	6.95562844103e-05	1.07009668324e-05	2.67524170809e-05	0.000214019336647	0	0	0	0	0	0	0	0
0.000706263810935	5.35048341618e-06	2.14019336647e-05	0	0	5.35048341618e-06	0.000128411601988	0.000379884322549	0.000224720303479	6.42058009941e-05	8.56077346588e-05	5.35048341618e-06	0	0	0.000428038673294	0	4.28038673294e-05	5.35048341618e-06	0	0	5.35048341618e-06	5.35048341618e-05	5.88553175779e-05	5.35048341618e-05	9.63087014912e-05	0	5.35048341618e-06	5.35048341618e-06	0.000192617402982	0.00365438017325	0.000262173687393	0	5.35048341618e-06	0.00441949930176	0.000588553175779	0	0	0	0	0	0	0	0	0	0	0	0	0	0	0	0	5.35048341618e-06	0	0	0	0	0	5.35048341618e-06	5.35048341618e-06	0	0	0	5.35048341618e-06	0	0	0	0	0	0	0	0.000406636739629	4.81543507456e-05	0.000272874654225	0.00011236015174	0.000187266919566	1.07009668324e-05	0	1.60514502485e-05	0	0	0	0	0	0
0.00134832182088	0.000390585289381	0.00290531249498	0	1.60514502485e-05	0.0007276657446	0.00271804557542	0.00159444405802	0.0036704316235	0.000518996891369	0.000304977554722	0.00385769854306	3.74533839132e-05	0.00018191643615	0.00325309391704	0.000235421270312	0.00174425759367	0.0025468301061	9.0958218075e-05	0.00160514502485	3.21029004971e-05	0.00459071477108	0.00183521581175	0.00663459943606	0.00102194233249	0.000256823203976	0.00207063708206	0.00184591677858	0.00181381387808	0.00424293334903	0.00356342195517	0	0.000406636739629	0.000588553175779	0.0387803038004	5.35048341618e-06	0.000165864985901	4.81543507456e-05	0	0	0	0	5.35048341618e-06	0	4.28038673294e-05	0	1.60514502485e-05	0	2.67524170809e-05	1.07009668324e-05	0	2.67524170809e-05	3.21029004971e-05	0	2.67524170809e-05	0	5.35048341618e-06	0.000123061118572	3.74533839132e-05	1.07009668324e-05	0.000101659184907	5.88553175779e-05	9.0958218075e-05	1.60514502485e-05	1.07009668324e-05	1.60514502485e-05	0	0	1.07009668324e-05	4.81543507456e-05	0.00752813016656	0.00421618093195	0.0167416626092	0.0036062258225	0.0020492351484	0.000791871545594	0.000123061118572	0.00029427658789	2.67524170809e-05	6.42058009941e-05	7.49067678265e-05	1.60514502485e-05	1.07009668324e-05	1.07009668324e-05
0	0	0	0	1.60514502485e-05	0	0	2.67524170809e-05	0	0.000171215469318	1.07009668324e-05	0	2.14019336647e-05	0	0	5.35048341618e-06	1.60514502485e-05	0	0	0	2.67524170809e-05	0	3.74533839132e-05	0	5.35048341618e-05	0	0	0	3.21029004971e-05	1.07009668324e-05	0	0	0	0	5.35048341618e-06	0.0209899464417	1.60514502485e-05	0.000107009668324	0	0.000385234805965	1.07009668324e-05	0.00141787810529	0.0067148566873	0.00195827693032	0.000529697858201	0.000636707526525	0	0.00169075275951	0	0.00703588569227	9.63087014912e-05	9.0958218075e-05	8.56077346588e-05	0	5.35048341618e-06	0.000941685081247	0.00061530559286	0.000197967886399	0.000695562844103	0.00293206491206	0	2.14019336647e-05	5.88553175779e-05	0.00113430248423	0.00785450965495	0.00376674032499	0	2.67524170809e-05	0.00133762085404	0.00327984633412	1.60514502485e-05	0	1.60514502485e-05	1.60514502485e-05	5.35048341618e-06	1.07009668324e-05	0	0.000754418161681	6.95562844103e-05	0.00132691988721	0.000385234805965	0.000518996891369	0.000133762085404	2.14019336647e-05
5.35048341618e-06	0.00230605835237	0.000823974446091	0	0	0	0	0	0	5.35048341618e-06	0	8.56077346588e-05	0	2.67524170809e-05	0	0	0.000128411601988	0.000165864985901	5.35048341618e-06	0.000123061118572	0	8.56077346588e-05	0.00097913846516	0.000470842540624	1.60514502485e-05	0.000107009668324	0.000775820095346	0.00123061118572	1.60514502485e-05	0	1.60514502485e-05	0	0	0	0.000165864985901	1.60514502485e-05	0.0166293024575	0.00288926104474	0	5.35048341618e-06	0	0	1.60514502485e-05	5.35048341618e-06	2.67524170809e-05	5.35048341618e-06	0.000278225137641	0	0.000326379488387	5.35048341618e-06	0	6.42058009941e-05	0.00186196822883	6.95562844103e-05	0.000845376379756	5.35048341618e-06	0.000288926104474	0.00179776242784	0.00150883632336	4.28038673294e-05	0.00210809046597	0.00337080455219	0.00863568023371	2.67524170809e-05	2.14019336647e-05	0.00018191643615	1.60514502485e-05	0	1.07009668324e-05	0.00119315780181	0.00011236015174	0.000449440606959	0.000144463052237	3.74533839132e-05	5.35048341618e-06	0	0	0.000454791090375	0.000738366711432	0.000834675412924	0.000358482388884	2.14019336647e-05	1.07009668324e-05	1.07009668324e-05
0	0.000310328038138	0.000192617402982	0	0	0	0	0	0	1.60514502485e-05	0	0	0	0	0	5.35048341618e-06	6.95562844103e-05	3.21029004971e-05	5.35048341618e-06	1.60514502485e-05	0	3.74533839132e-05	0.000310328038138	0.000155164019069	0	0	5.88553175779e-05	0.000214019336647	5.35048341618e-06	0	1.07009668324e-05	0	0	0	4.81543507456e-05	0.000107009668324	0.00288926104474	0.0353987982814	0	1.60514502485e-05	0	5.35048341618e-06	0.000197967886399	2.14019336647e-05	8.02572512426e-05	2.67524170809e-05	0.000235421270312	5.35048341618e-06	6.42058009941e-05	0.000101659184907	0	0.000454791090375	0.0104494941118	3.21029004971e-05	0.00135902278771	2.14019336647e-05	0.00204388466498	0.00111290055056	0.0175335341548	0.000230070786896	0.000144463052237	0.00748532629923	0.0142804402378	0.000411987223046	0.000139112568821	0.00155164019069	5.35048341618e-06	5.35048341618e-06	8.56077346588e-05	0.0047298273399	9.0958218075e-05	0.000101659184907	5.88553175779e-05	2.67524170809e-05	5.35048341618e-06	5.35048341618e-06	0	0.00219904868405	0.00171750517659	0.0035045666376	0.00161049550827	8.56077346588e-05	0.000171215469318	2.67524170809e-05
0	0	0	0	0	0	0	0	0	0	0	0	0	0	0	0	0	0	0	0	0	0	0	0	0	0	0	0	0	0	0	0	0	0	0	0	0	0	0	0	0	0	0	0	0	0	0	0	0	0	0	0	0	0	0	0	0	0	0	0	0	0	0	0	0	0	0	0	0	0	0	0	0	0	0	0	0	0	0	0	0	0	0	0
5.35048341618e-06	0	0	0	0.00448370510276	0	0	6.42058009941e-05	1.07009668324e-05	0.000219369820063	2.14019336647e-05	0	0.000968437498328	0	1.07009668324e-05	5.35048341618e-06	0	0	0	0	0.00125201311939	0	2.67524170809e-05	0	0.00011236015174	0	0	0	2.67524170809e-05	0	0	0	0	0	0	0.000385234805965	5.35048341618e-06	1.60514502485e-05	0	0.0218085704043	0	0.000733016228016	0.00100054039883	0.000272874654225	0.000888180247085	0.00817553865992	5.35048341618e-06	0.00516321649661	5.35048341618e-06	0.000256823203976	1.07009668324e-05	0	1.60514502485e-05	5.35048341618e-06	5.35048341618e-06	0.0104334426615	6.95562844103e-05	6.95562844103e-05	6.95562844103e-05	0.0078063553042	0	1.07009668324e-05	1.60514502485e-05	0.00646338396674	0.000155164019069	0.000262173687393	0	5.35048341618e-06	2.67524170809e-05	0.000187266919566	0	0	0	0	1.07009668324e-05	0	0	6.42058009941e-05	0	8.56077346588e-05	3.21029004971e-05	0.000107009668324	5.35048341618e-06	0
0	0	0	0	0	0	0	0	0	0	0	0	0	0	0	0	0	0	0	0	0	0	0	0	0	0	0	0	0	0	0	0	0	0	0	1.07009668324e-05	0	0	0	0	0.00402356352896	0.00125201311939	0	0.00180311291125	0	5.35048341618e-06	5.35048341618e-06	1.07009668324e-05	0	0.000342430938635	0.000342430938635	5.35048341618e-06	0	0	0	5.35048341618e-06	5.35048341618e-06	0	5.35048341618e-06	1.07009668324e-05	0	0	0	5.35048341618e-06	0.000379884322549	0	0	0.00138042472137	0	0.000652758976774	0	0	0	0	0	0	0	1.60514502485e-05	5.35048341618e-06	0.000139112568821	1.60514502485e-05	0.000679511393854	0.000775820095346	0
0	0	0	0	4.81543507456e-05	0	0	5.35048341618e-06	0	1.07009668324e-05	0	0	4.81543507456e-05	0	0	0	0	0	0	0	5.35048341618e-05	0	0	0	1.07009668324e-05	0	0	0	0	0	0	0	0	0	0	0.00141787810529	0	5.35048341618e-06	0	0.000733016228016	0.00125201311939	0.0244891625958	0.00117175586814	0.00566616193773	9.0958218075e-05	0.00521137084736	1.07009668324e-05	0.0115730956292	0	0.00277155040958	0.00232210980262	0	1.07009668324e-05	0	5.35048341618e-06	0.00256288155635	5.88553175779e-05	1.07009668324e-05	8.02572512426e-05	0.0021508943333	0	5.35048341618e-06	0	0.000497594957704	0.00143392955554	0.000299627071306	0	0.000470842540624	0.000144463052237	0.00102194233249	5.35048341618e-06	0	0	0	5.35048341618e-06	0	0	0.000160514502485	1.60514502485e-05	0.000337080455219	0.000101659184907	0.00187801967908	0.000337080455219	0
5.35048341618e-06	0	0	0	5.88553175779e-05	0	5.35048341618e-06	5.88553175779e-05	1.07009668324e-05	0.000262173687393	5.35048341618e-06	0	2.67524170809e-05	0	1.07009668324e-05	5.35048341618e-06	1.60514502485e-05	0	0	0	3.74533839132e-05	0	4.28038673294e-05	1.07009668324e-05	6.95562844103e-05	0	0	5.35048341618e-06	6.95562844103e-05	1.07009668324e-05	1.07009668324e-05	0	0	0	5.35048341618e-06	0.0067148566873	1.60514502485e-05	0.000197967886399	0	0.00100054039883	0	0.00117175586814	0.0334458718345	0.00113430248423	0.00097913846516	0.00306047651405	2.14019336647e-05	0.00154628970728	5.35048341618e-06	0.00322634149995	2.67524170809e-05	0.000203318369815	0.000123061118572	5.35048341618e-06	1.07009668324e-05	0.00126806456963	0.00153023825703	0.000369183355716	0.00120920925206	0.00598184045929	0	2.67524170809e-05	9.63087014912e-05	0.00759768645097	0.00270199412517	0.00955061289788	0	0	0.000620656076276	0.00202248273131	5.35048341618e-06	0	5.35048341618e-06	5.35048341618e-06	1.60514502485e-05	0	0	0.000556450275282	6.95562844103e-05	0.000706263810935	0.00029427658789	0.000197967886399	4.81543507456e-05	1.60514502485e-05
0	0	0	0	1.07009668324e-05	0	0	1.07009668324e-05	0	1.07009668324e-05	0	0	1.60514502485e-05	0	0	0	0	0	0	0	1.60514502485e-05	0	0	5.35048341618e-06	0	0	0	0	0	0	0	0	0	0	0	0.00195827693032	5.35048341618e-06	2.14019336647e-05	0	0.000272874654225	0.00180311291125	0.00566616193773	0.00113430248423	0.0239166608703	0.000107009668324	0.00104869474957	9.63087014912e-05	0.00233281076945	1.60514502485e-05	0.010246175742	0.000144463052237	1.60514502485e-05	0	1.07009668324e-05	0	0.000856077346588	8.02572512426e-05	3.74533839132e-05	0.00011236015174	0.00127341505305	5.35048341618e-06	2.14019336647e-05	2.67524170809e-05	0.000347781422051	0.00532908148251	0.000342430938635	0	0.00238631560361	0.000123061118572	0.00316748618238	5.35048341618e-06	0	0	0	0	0	0	0.00025147272056	8.56077346588e-05	0.0010593957164	0.000272874654225	0.000882829763669	0.0010593957164	1.07009668324e-05
