0.0252808723788	0	0.000415059098756	0	0	0	0.000282994840061	0.0137912818723	0.00698053938817	0	4.71658066768e-05	0	0	0	0.0207057891311	0	0	0.000169796904036	0	4.71658066768e-05	1.88663226707e-05	0.000433925421426	0	0.00446188531162	2.82994840061e-05	0	0.000745219745493	0.000198096388043	0.00586742635059	0.0037072324048	0.00549009989718	0	0	0	0.00255638672188	0	0	0	0	0	0	0	0	0	0	0	0	0	0	0	0	0	0	0	0	0	0	0	0	0	0	0	0	0	0	0	0	0	0	0	0	0	0.00459394957032	0	0	0	0	0	0	0	0	0	0	0
0	0.0255450008962	0	0	0	0	0	0	0	0.00100934826288	0	0	0	9.43316133536e-05	0	0	0.00038675961475	1.88663226707e-05	0	0	0	0	0.00422605627824	9.43316133536e-06	0.00288654736862	0.00139610787763	0.00515993925044	0.0208944523578	0	0	0	0	0	0	0	0	0.0178475412465	0	0	0	0	0	0	9.43316133536e-06	7.54652906829e-05	0	0	0	0.000113197936024	9.43316133536e-06	0	0	0.00040562593742	9.43316133536e-06	5.65989680121e-05	0	0	0.000113197936024	0	7.54652906829e-05	0.00231112452716	0.00142440736164	0.0166683960796	9.43316133536e-06	0	0	0	0	0	0.000179230065372	0	0	0	0	0	0	0	0	0	0.000169796904036	1.88663226707e-05	0	0	0
0.000415059098756	0	0.0387797262497	0	0	0	0	0.000245262194719	8.48984520182e-05	0	0	0	0	0	0.00038675961475	1.88663226707e-05	0	0.00941429501269	0	0.000216962710713	0	0.000330160646738	0.00279221575527	0.0129705968361	0	0	0.00813138507108	0.0206680564858	0.000207529549378	2.82994840061e-05	0.000358460130744	0	0	0	0	0	0.00144327368431	0	0	0	0	0	0	0	0	0	9.43316133536e-06	0	1.88663226707e-05	0	0	0.0020281296871	0	9.43316133536e-06	0	0	1.88663226707e-05	0.00676357667745	0.00273561678725	0	0	9.43316133536e-06	0.00761256119763	0	0	0	9.43316133536e-06	0	0	6.60321293475e-05	0.00136780839363	1.88663226707e-05	0.00137724155496	0.000905583488194	0	0	0	6.60321293475e-05	1.88663226707e-05	0.000216962710713	0.000254695356055	0	0	0
0	0	0	0	0	0	0	0	0	0	0	0	0	0	0	0	0	0	0	0	0	0	0	0	0	0	0	0	0	0	0	0	0	0	0	0	0	0	0	0	0	0	0	0	0	0	0	0	0	0	0	0	0	0	0	0	0	0	0	0	0	0	0	0	0	0	0	0	0	0	0	0	0	0	0	0	0	0	0	0	0	0	0	0
0	0	0	0	0.0160835400768	0	5.65989680121e-05	0.000801818713505	0	0.00180173381505	0.000952749294871	2.82994840061e-05	0.00179230065372	1.88663226707e-05	0	0	0	0	0	4.71658066768e-05	0.00566932996255	0	0	0	0.00658434661208	0	2.82994840061e-05	0	0.00855587733117	4.71658066768e-05	0	0	0	4.71658066768e-05	0.000160363742701	0	0	0	0	0.00554669886519	0	3.77326453414e-05	0	1.88663226707e-05	0.00343367072607	0.00231112452716	3.77326453414e-05	0.00168853587903	0	9.43316133536e-06	7.54652906829e-05	0	0	9.43316133536e-06	4.71658066768e-05	0.00802762029639	0	0	0	0.00555613202653	0	0	0	0.00191493175108	5.65989680121e-05	0	0	0	0	0.00012263109736	0.000207529549378	0	0.000226395872049	0.000160363742701	9.43316133536e-06	1.88663226707e-05	0	0.000103764774689	0	0.000113197936024	9.43316133536e-06	5.65989680121e-05	0	0
0	0	0	0	0	0.00256581988322	0.0012546104576	0	0	0	9.43316133536e-06	0	0	0	0	0.00140554103897	0	0	0	0	0	0	0	0	0	0	0	0	0	6.60321293475e-05	0	0	0.000415059098756	0	0.000349026969408	0	0	0	0	0	0	0	0	0	0	0	0	0	0	0	0	0	0	0	0	0	0	0	0	0	0	0	0	0	0	0	0	0	0	0	0.000462224905433	0	0	0	0.00120744465093	0.000547123357451	0	0	0	0	0	0	0	0
0.000282994840061	0	0	0	5.65989680121e-05	0.0012546104576	0.0428265524625	0.0107066381156	0.018592760992	0.000273561678725	0.0162344706582	0.0018677659444	0.00867850842853	0.0012546104576	0.00575422841457	0.00182060013772	0	0	0.00176400116971	0.000452791744097	0.0041883236329	2.82994840061e-05	0	0	0.000150930581366	0.000160363742701	0.00167910271769	0	0.00748993010027	0.000943316133536	0	0	0.0010659472309	0.000330160646738	0.00301861162731	0	0	0	0	6.60321293475e-05	0	0	9.43316133536e-06	9.43316133536e-06	0.000198096388043	0	1.88663226707e-05	0	9.43316133536e-06	9.43316133536e-06	0	0	0	0	0	0	0	0	0	7.54652906829e-05	0	1.88663226707e-05	9.43316133536e-06	9.43316133536e-06	0	0	1.88663226707e-05	0	0	0	0.00346197021008	0	0.0048014791197	0.00283938156194	0.00191493175108	0.00185833278307	0	4.71658066768e-05	0	1.88663226707e-05	9.43316133536e-06	9.43316133536e-06	0	0
0.0137912818723	0	0.000245262194719	0	0.000801818713505	0	0.0107066381156	0.0767482006245	0.0180079049892	0.000613155486798	0.017158920469	0.000735786584158	0	0	0.0152062560726	0	0	1.88663226707e-05	0.000254695356055	0.000839551358847	7.54652906829e-05	0.00690507409748	0	0.0108198360517	0.00209416181645	0	0.00111311303757	0.000179230065372	0.0378930090841	0.00133007574829	0.0145176352951	0	0	0.00112254619891	0.00425435576225	0	0	0	0	0.00226395872049	0	0	9.43316133536e-06	0	0.00116027884425	0.000811251874841	0	0.00038675961475	0	0	0	0	0	0	0	0.00150930581366	0	0	0	0.00404682621287	0	0	0	0.00227339188182	0	0	0	0	0	0	0.00150930581366	0	0.00654661396674	0.00117914516692	1.88663226707e-05	0.000226395872049	0	0.00012263109736	0	0	0	0	0	0
0.00698053938817	0	8.48984520182e-05	0	0	0	0.018592760992	0.0180079049892	0.0394777801885	5.65989680121e-05	0.0104330764369	0.00190549858974	0.00381099717948	0.000330160646738	0.0188663226707	0.000330160646738	0	0	0.00205642917111	4.71658066768e-05	0.00284881472328	0.000349026969408	0	0.000981048778877	2.82994840061e-05	1.88663226707e-05	0.000981048778877	7.54652906829e-05	0.00537690196115	0.00183003329906	0.000452791744097	0	0.000301861162731	0.000330160646738	0.00400909356753	0	0	0	0	6.60321293475e-05	0	0	9.43316133536e-06	9.43316133536e-06	2.82994840061e-05	0	0	0	0	9.43316133536e-06	0	0	0	0	0	0	0	0	0	7.54652906829e-05	0	0	0	9.43316133536e-06	0	0	0	0	0	0	0.000575422841457	0	0.00441471950495	0.00052825703478	0.000424492260091	0	0	0	0	0	0	9.43316133536e-06	0	0
0	0.00100934826288	0	0	0.00180173381505	0	0.000273561678725	0.000613155486798	5.65989680121e-05	0.0235357375317	0.0010659472309	0	0.00116027884425	0	1.88663226707e-05	0.00214132762313	8.48984520182e-05	0	0	0	0.000886717165524	0	0.00518823873445	0	0.0153477534926	0.00012263109736	1.88663226707e-05	0.000877284004188	0.00511277344376	0	0	0	0	0	0	4.71658066768e-05	0	0	0	0.00137724155496	8.48984520182e-05	2.82994840061e-05	0	3.77326453414e-05	0.0112537614731	0.00091501664953	0	0.00129234310294	0	1.88663226707e-05	0.00014149742003	0.00265071833524	0	0	0	0.00244318878586	0.00014149742003	0.00383929666349	0	0.010716071277	0	2.82994840061e-05	2.82994840061e-05	0.0051222066051	0.00014149742003	0	0	3.77326453414e-05	0.000113197936024	0.000282994840061	0.000367893292079	0.000216962710713	0	9.43316133536e-06	0.0024809214312	0	0	0.000462224905433	3.77326453414e-05	0.000518823873445	0.000198096388043	0.000132064258695	0.000150930581366	0
4.71658066768e-05	0	0	0	0.000952749294871	9.43316133536e-06	0.0162344706582	0.017158920469	0.0104330764369	0.0010659472309	0.0362327726891	0.00137724155496	0.0014149742003	0	0.00399966040619	0	0	0	0.000707487100152	0.00133950890962	0.00391476195417	0	0	0	4.71658066768e-05	0	0.00195266439642	0	0.00796158816704	0.000632021809469	0	0	0	9.43316133536e-05	0.00271675046458	0	0	0	0	0.000452791744097	0	0	9.43316133536e-06	0	0.00012263109736	0.000367893292079	0	0.000396192776085	0	0	0	0	0	0	0	0.00131120942561	0	0	0	0.00129234310294	0	0	0	0.000273561678725	0	0	0	0	0	1.88663226707e-05	0.000509390712109	0	0.00305634427266	0.000349026969408	0	7.54652906829e-05	0	6.60321293475e-05	0	2.82994840061e-05	0	0	0	0
0	0	0	0	2.82994840061e-05	0	0.0018677659444	0.000735786584158	0.00190549858974	0	0.00137724155496	0.0277712269713	0.00324500749936	0.00191493175108	0.00446188531162	0	0	0	0.00652774764407	0.00615985435199	0.00454678376364	0	0	0	6.60321293475e-05	0.000301861162731	0.00923506494732	0	0.000556556518786	0.00295257949797	0	0	0.00112254619891	4.71658066768e-05	0.00883887217123	0	0	0	0	0	0	0	0	0	0	0	9.43316133536e-05	0	0.00038675961475	0	0	0	0	0	0	0	0	0	0	0	0	0	0	0	0	0	0.00012263109736	0	0	0	0.000565989680121	0.00502787499175	0.0133290569669	0.000452791744097	0	0	0.000848984520182	0	0.000245262194719	0	0	0	0	0
0	0	0	0	0.00179230065372	0	0.00867850842853	0	0.00381099717948	0.00116027884425	0.0014149742003	0.00324500749936	0.0224603571395	0.000490524389439	0.00363176711411	0.000830118197512	0	0	0.00156590478167	0.00134894207096	0.0094708939807	0	0	0	0.00208472865511	0.000150930581366	0.00227339188182	0	0.00142440736164	0.000726353422823	0	0	0	0	0.00156590478167	9.43316133536e-06	0	0	0	0.00066975445481	0	7.54652906829e-05	0	2.82994840061e-05	0.000745219745493	0.00012263109736	0.000886717165524	0.00302804478865	0	2.82994840061e-05	6.60321293475e-05	0	0	0.00091501664953	1.88663226707e-05	0.00179230065372	0	0	0	0.000179230065372	0	0.00012263109736	0	5.65989680121e-05	0.000820685036176	0	0	0	0	0.0012546104576	0.000688620777481	0	0.0035751681461	0.000839551358847	0.000462224905433	0	0	0	0	0.000132064258695	0	2.82994840061e-05	0	0
0	9.43316133536e-05	0	0	1.88663226707e-05	0	0.0012546104576	0	0.000330160646738	0	0	0.00191493175108	0.000490524389439	0.0175456800838	0.000358460130744	0	0	0	0.000113197936024	0	0.000235829033384	0	0	0	1.88663226707e-05	0.00924449810865	0.00363176711411	0.00404682621287	0	0	0	0.000358460130744	0.000235829033384	0	0.00038675961475	0	9.43316133536e-05	0	0	0	0	0	0	0	0	0	0.000707487100152	0	0.00831061513645	0	0	0	0	0	0	0	0	2.82994840061e-05	0	2.82994840061e-05	0.000207529549378	0.000452791744097	0.000254695356055	0	0	0	0.00282051523927	0	0	9.43316133536e-06	0.001547038459	0.00326387382203	0.000726353422823	0.0012263109736	0	0.000235829033384	0.00132064258695	0	0.0019998302031	0	0	0	0	9.43316133536e-06
0.0207057891311	0	0.00038675961475	0	0	0	0.00575422841457	0.0152062560726	0.0188663226707	1.88663226707e-05	0.00399966040619	0.00446188531162	0.00363176711411	0.000358460130744	0.0439868313068	6.60321293475e-05	0	0.000169796904036	0.00266958465791	8.48984520182e-05	0.00438642002094	0.00014149742003	0	0.00401852672886	2.82994840061e-05	9.43316133536e-06	0.00184889962173	0.000169796904036	0.00551839938118	0.00697110622683	0.00303747794999	0	0.00128290994161	1.88663226707e-05	0.00815025139375	0	0	0	0	0	0	0	0	0	1.88663226707e-05	0	0	0	0	0	0	0	0	0	0	0	0	0	0	0	0	0	0	0	0	0	0	0	0	0	0.000235829033384	0	0.00809365242574	0.000245262194719	0.00014149742003	0	0	0	0	0	0	0	0	0
0	0	1.88663226707e-05	0	0	0.00140554103897	0.00182060013772	0	0.000330160646738	0.00214132762313	0	0	0.000830118197512	0	6.60321293475e-05	0.00852757784716	0	9.43316133536e-06	0	0	0	0.000745219745493	0	1.88663226707e-05	0.00131120942561	0	0	2.82994840061e-05	0.00213189446179	0	0	0	9.43316133536e-06	0	0	0	0	0	0	0	0	0	0	0	0.000339593808073	0	0	0	0	0	0	0	0	0	0	0	2.82994840061e-05	0	7.54652906829e-05	0	0	0	0	0	0	0	0	0	0	0	0.000415059098756	0	0.000188663226707	0.000481091228103	0.00586742635059	0.000273561678725	0	0	0	0	7.54652906829e-05	0	0	0
0	0.00038675961475	0	0	0	0	0	0	0	8.48984520182e-05	0	0	0	0	0	0	0.0150458923299	0	0	0	0	0.00299031214331	0.00941429501269	0.00500900866908	0.00327330698337	0	1.88663226707e-05	0.00177343433105	0.00110367987624	0	0	0	0	0	0	0	0.000632021809469	0	0	0	0	0	0	0	1.88663226707e-05	0	0	0	0	0	0	0.00782009074701	0	0	0	0	0.0017074022017	0.00974445565943	0.00535803563848	0.000160363742701	0	4.71658066768e-05	0.000877284004188	0.0014149742003	0	0	0	0	0	0	0.00014149742003	0.000132064258695	0	0	0	0	0	0.000490524389439	0.000292428001396	9.43316133536e-06	9.43316133536e-06	0	0	0
0.000169796904036	1.88663226707e-05	0.00941429501269	0	0	0	0	1.88663226707e-05	0	0	0	0	0	0	0.000169796904036	9.43316133536e-06	0	0.0342140761633	2.82994840061e-05	0.00406569253554	0	0.000273561678725	0	0.00862190946052	1.88663226707e-05	0	0.0127347678027	0.00654661396674	7.54652906829e-05	0.00184889962173	0.00311294324067	0	0	0	0.00461281589299	0	0.000499957550774	0	0	0	0	1.88663226707e-05	9.43316133536e-06	0	1.88663226707e-05	0	0	0	0	0	0	9.43316133536e-06	0.0010659472309	0	0.000735786584158	0	5.65989680121e-05	1.88663226707e-05	4.71658066768e-05	2.82994840061e-05	0	0.000943316133536	0.00012263109736	1.88663226707e-05	0	0	0	0	0	0.00230169136583	0.0010942467149	0.00133007574829	0.00371666556613	0.000603722325463	0	0	0	0.00014149742003	7.54652906829e-05	0.00224509239782	0.00102821458555	0	0	0
0	0	0	0	0	0	0.00176400116971	0.000254695356055	0.00205642917111	0	0.000707487100152	0.00652774764407	0.00156590478167	0.000113197936024	0.00266958465791	0	0	2.82994840061e-05	0.0101029157902	0.00229225820449	0.00105651406956	0	0	0	0	0	0.00469771434501	0	5.65989680121e-05	0.00116971200558	0	0	0.000575422841457	0	0.00336763859672	0	0	0	0	0	0	0	0	0	0	0	0	0	0	0	0	0	0	0	0	0	0	0	0	0	0	0	0	0	0	0	0	0	0	0	0.000632021809469	0.000301861162731	0.00537690196115	3.77326453414e-05	0	0	0	0	0	0	0	0	0	0
4.71658066768e-05	0	0.000216962710713	0	4.71658066768e-05	0	0.000452791744097	0.000839551358847	4.71658066768e-05	0	0.00133950890962	0.00615985435199	0.00134894207096	0	8.48984520182e-05	0	0	0.00406569253554	0.00229225820449	0.0199228367403	0.00222622607514	0	0	2.82994840061e-05	8.48984520182e-05	0	0.0120084143799	0.000575422841457	0.000811251874841	6.60321293475e-05	0	0	0	0.00014149742003	0.00798045448971	0	9.43316133536e-06	0	0	0	0	9.43316133536e-06	9.43316133536e-06	0	0	0	0	0	0	0	0	0	0	0	9.43316133536e-06	0	9.43316133536e-06	2.82994840061e-05	0	1.88663226707e-05	0	0	9.43316133536e-06	1.88663226707e-05	0	0	0	0	0	5.65989680121e-05	0.00102821458555	0.000735786584158	0.0115273231518	0.000490524389439	0	0	0	5.65989680121e-05	4.71658066768e-05	8.48984520182e-05	2.82994840061e-05	0	0	0
1.88663226707e-05	0	0	0	0.00566932996255	0	0.0041883236329	7.54652906829e-05	0.00284881472328	0.000886717165524	0.00391476195417	0.00454678376364	0.0094708939807	0.000235829033384	0.00438642002094	0	0	0	0.00105651406956	0.00222622607514	0.0210076502938	0	0	0	0.00288654736862	0	0.00316010904735	0	0.00307521059533	0.00103764774689	0	0	0	9.43316133536e-06	0.00323557433803	0	0	0	0	0.00126404361894	0	9.43316133536e-06	0	9.43316133536e-06	0.00052825703478	0.000452791744097	1.88663226707e-05	0.000358460130744	0	0	1.88663226707e-05	0	0	1.88663226707e-05	0	0.00197153071909	0	0	0	0.000962182456207	0	0	0	0.000282994840061	0	0	0	0	0	1.88663226707e-05	0.00065088813214	0	0.00545236725184	0.000377326453414	9.43316133536e-06	0	0	3.77326453414e-05	0	1.88663226707e-05	0	9.43316133536e-06	0	0
0.000433925421426	0	0.000330160646738	0	0	0	2.82994840061e-05	0.00690507409748	0.000349026969408	0	0	0	0	0	0.00014149742003	0.000745219745493	0.00299031214331	0.000273561678725	0	0	0	0.0383741003122	0.00160363742701	0.0198190719656	0.000273561678725	0	4.71658066768e-05	1.88663226707e-05	0.014121442519	0.00038675961475	0.0142252072937	0	0	0	0.00284881472328	0	0	0	0	0	0	0	0	0	2.82994840061e-05	0	0	0	0	0	0	0.00220735975247	0	0	0	0	0.00123574413493	0.00275448310992	0.00212246130046	2.82994840061e-05	0	3.77326453414e-05	3.77326453414e-05	0.000547123357451	0	0	0	0	0	0	0.00416945731023	0.00014149742003	0.00318840853135	0.00195266439642	0.000565989680121	2.82994840061e-05	0	0.000292428001396	9.43316133536e-05	3.77326453414e-05	0.000245262194719	0	0	0
0	0.00422605627824	0.00279221575527	0	0	0	0	0	0	0.00518823873445	0	0	0	0	0	0	0.00941429501269	0	0	0	0	0.00160363742701	0.0286013451688	0.004669414861	0.00913130017263	0.000132064258695	7.54652906829e-05	0.0114329915385	0.000726353422823	0	0	0	0	0	0	0	0.0032544406607	0	0	0	0	0	0	0	0.00266015149657	0	0	0	0	0	0	0.0105745738569	0	0	0	0	0.00114141252158	0.017272118405	0.00465998169967	0.00327330698337	0	0	0.00714090313087	0.00152817213633	0	0	0	0	0	0	9.43316133536e-06	0	0	0	0	0	0	0	0	0	0	0	0	0
0.00446188531162	9.43316133536e-06	0.0129705968361	0	0	0	0	0.0108198360517	0.000981048778877	0	0	0	0	0	0.00401852672886	1.88663226707e-05	0.00500900866908	0.00862190946052	0	2.82994840061e-05	0	0.0198190719656	0.004669414861	0.0763520078484	0.000207529549378	0	0.000698053938817	0.00862190946052	0.00984822043411	0.000575422841457	0.0103764774689	0	0	0	0.00447131847296	0	3.77326453414e-05	0	0	0	0	0	0	0	0.000179230065372	0	0	0	0	0	0	0.0169419577583	0	0	0	0	0.000867850842853	0.0167155618863	0.0114235583771	8.48984520182e-05	0	0	0.0010942467149	0.000103764774689	0	0	0	0	0	0	0.00534860247715	0.000415059098756	0.00345253704874	0.00189606542841	0.000594289164128	0	0	0.000160363742701	0	0.000471658066768	0.000962182456207	0	1.88663226707e-05	0
2.82994840061e-05	0.00288654736862	0	0	0.00658434661208	0	0.000150930581366	0.00209416181645	2.82994840061e-05	0.0153477534926	4.71658066768e-05	6.60321293475e-05	0.00208472865511	1.88663226707e-05	2.82994840061e-05	0.00131120942561	0.00327330698337	1.88663226707e-05	0	8.48984520182e-05	0.00288654736862	0.000273561678725	0.00913130017263	0.000207529549378	0.0555613202653	7.54652906829e-05	0.000188663226707	0.00263185201256	0.0207435217765	0.000216962710713	0	0	0	0.000103764774689	0.000471658066768	0.000396192776085	0.00014149742003	0	0	0.00603722325463	0.000113197936024	9.43316133536e-06	9.43316133536e-06	1.88663226707e-05	0.0210453829392	0.000396192776085	2.82994840061e-05	0.000641454970804	2.82994840061e-05	1.88663226707e-05	8.48984520182e-05	0.00404682621287	0	0	9.43316133536e-06	0.00506560763709	0.00300917846598	0.00972558933675	0.000764086068164	0.0164985991755	0	0.000282994840061	0.000245262194719	0.0119895480572	0.000603722325463	0	1.88663226707e-05	3.77326453414e-05	0.000207529549378	0.000764086068164	0.00241488930185	0.000311294324067	0.000443358582762	0.000292428001396	0.00124517729627	1.88663226707e-05	0	0.00224509239782	0.000886717165524	0.00205642917111	0.00113197936024	7.54652906829e-05	0.000358460130744	0
0	0.00139610787763	0	0	0	0	0.000160363742701	0	1.88663226707e-05	0.00012263109736	0	0.000301861162731	0.000150930581366	0.00924449810865	9.43316133536e-06	0	0	0	0	0	0	0	0.000132064258695	0	7.54652906829e-05	0.0153477534926	0.0035751681461	0.00717863577621	0	0	0	0	0	0	0	0	0.0010942467149	0	0	0	0	0	0	0	9.43316133536e-06	0	0.000839551358847	0	0.00588629267326	0	0	0	0	9.43316133536e-06	0	0	0	2.82994840061e-05	0	2.82994840061e-05	0.00142440736164	0.000169796904036	0.00137724155496	0	0	0	0.0010659472309	0	0	0	0.000132064258695	0.00132064258695	0.000273561678725	0.000292428001396	9.43316133536e-06	0	0.00132064258695	0	0.00184889962173	0	0	0	0	9.43316133536e-06
0.000745219745493	0.00515993925044	0.00813138507108	0	2.82994840061e-05	0	0.00167910271769	0.00111311303757	0.000981048778877	1.88663226707e-05	0.00195266439642	0.00923506494732	0.00227339188182	0.00363176711411	0.00184889962173	0	1.88663226707e-05	0.0127347678027	0.00469771434501	0.0120084143799	0.00316010904735	4.71658066768e-05	7.54652906829e-05	0.000698053938817	0.000188663226707	0.0035751681461	0.0850210831156	0.0301012178211	0.00104708090822	0.000471658066768	2.82994840061e-05	0.000358460130744	0.000339593808073	6.60321293475e-05	0.00504674131442	0	0.00920676546331	0	0	0	0	1.88663226707e-05	9.43316133536e-06	0	2.82994840061e-05	0	9.43316133536e-05	0	0.00489581073305	0	0	9.43316133536e-06	0.00266015149657	6.60321293475e-05	0.00209416181645	0	5.65989680121e-05	0.000132064258695	2.82994840061e-05	6.60321293475e-05	0.00384872982483	0.00964069088474	0.0126404361894	4.71658066768e-05	0	0	0.00146214000698	0	0	0.00250922091521	0.0100651831448	0.0133101906442	0.0133196238055	0.0012546104576	0	0	0.000160363742701	0.000292428001396	0.000292428001396	0.00240545614052	0.000782952390835	0	0	0
0.000198096388043	0.0208944523578	0.0206680564858	0	0	0	0	0.000179230065372	7.54652906829e-05	0.000877284004188	0	0	0	0.00404682621287	0.000169796904036	2.82994840061e-05	0.00177343433105	0.00654661396674	0	0.000575422841457	0	1.88663226707e-05	0.0114329915385	0.00862190946052	0.00263185201256	0.00717863577621	0.0301012178211	0.100963125772	3.77326453414e-05	0	3.77326453414e-05	9.43316133536e-06	0	0	0	0.000226395872049	0.0286296446528	0	0	0	0	0	0.000103764774689	0.000292428001396	0.000103764774689	0	5.65989680121e-05	0	0.00403739305153	0.000320727485402	0	0.00985765359545	0.00311294324067	5.65989680121e-05	0.00185833278307	0	0.000207529549378	0.0168193266609	0.00489581073305	0.00012263109736	0.00407512569687	0.00565989680121	0.0422794291051	3.77326453414e-05	0	0.000113197936024	0.000556556518786	0	0	0.0029620126593	0.00189606542841	0.000415059098756	0.00204699600977	0.00139610787763	1.88663226707e-05	0	7.54652906829e-05	0.000198096388043	0.00014149742003	0.00203756284844	0.00066975445481	0	0	0
0.00586742635059	0	0.000207529549378	0	0.00855587733117	0	0.00748993010027	0.0378930090841	0.00537690196115	0.00511277344376	0.00796158816704	0.000556556518786	0.00142440736164	0	0.00551839938118	0.00213189446179	0.00110367987624	7.54652906829e-05	5.65989680121e-05	0.000811251874841	0.00307521059533	0.014121442519	0.000726353422823	0.00984822043411	0.0207435217765	0	0.00104708090822	3.77326453414e-05	0.116018451264	0.0106689054703	0.020054900999	0	0	0.00580139422125	0.00714090313087	8.48984520182e-05	0	0	0	0.0144516031658	6.60321293475e-05	9.43316133536e-06	2.82994840061e-05	9.43316133536e-06	0.0179041402145	0.00158477110434	4.71658066768e-05	0.00120744465093	3.77326453414e-05	0	8.48984520182e-05	0.00151873897499	0	0	0	0.0107632370836	0.00196209755775	0.00642398286938	7.54652906829e-05	0.0195926760935	0	0.000330160646738	0.000245262194719	0.00984822043411	0.000160363742701	0	3.77326453414e-05	3.77326453414e-05	9.43316133536e-05	0.000282994840061	0.0124989387693	0.000952749294871	0.0115744889585	0.00353743550076	0.00220735975247	0.000396192776085	0	0.00335820543539	0.0009338829722	0.00145270684565	0.000999915101548	7.54652906829e-05	0.000198096388043	0
0.0037072324048	0	2.82994840061e-05	0	4.71658066768e-05	6.60321293475e-05	0.000943316133536	0.00133007574829	0.00183003329906	0	0.000632021809469	0.00295257949797	0.000726353422823	0	0.00697110622683	0	0	0.00184889962173	0.00116971200558	6.60321293475e-05	0.00103764774689	0.00038675961475	0	0.000575422841457	0.000216962710713	0	0.000471658066768	0	0.0106689054703	0.0291956343329	0.0147157316832	0	0.000811251874841	0.00454678376364	0.0101783810809	0	0	0	0	0	0	0	0	0	5.65989680121e-05	0	0	0	0	0	0	0	0	0	0	0	0	0	0	0	0	1.88663226707e-05	1.88663226707e-05	0	0	0	0	0	0	0	0	0	0.0048297786037	0	0	0	0	5.65989680121e-05	1.88663226707e-05	0	0	0	0	0
0.00549009989718	0	0.000358460130744	0	0	0	0	0.0145176352951	0.000452791744097	0	0	0	0	0	0.00303747794999	0	0	0.00311294324067	0	0	0	0.0142252072937	0	0.0103764774689	0	0	2.82994840061e-05	3.77326453414e-05	0.020054900999	0.0147157316832	0.0474771010009	0	0	0.00310351007933	0.00753709590695	0	0	0	0	0	0	0	0	0	9.43316133536e-05	0	0	0	0	0	0	0	0	0	0	0	0	0	0	0	0	1.88663226707e-05	1.88663226707e-05	0	0	0	0	0	0	0	0	0	0.00521653821845	9.43316133536e-05	0	0	0	9.43316133536e-05	1.88663226707e-05	0	0	0	0	0
0	0	0	0	0	0	0	0	0	0	0	0	0	0.000358460130744	0	0	0	0	0	0	0	0	0	0	0	0	0.000358460130744	9.43316133536e-06	0	0	0	0.000358460130744	0	0	0	0	0	0	0	0	0	0	0	0	0	0	0	0	0.000301861162731	0	0	0	0	0	0	0	0	0	0	0	0	4.71658066768e-05	1.88663226707e-05	0	0	0	0.000198096388043	0	0	0	0	0.000113197936024	0	0	0	0	0	0	0	0	0	0	0	0
0	0	0	0	0	0.000415059098756	0.0010659472309	0	0.000301861162731	0	0	0.00112254619891	0	0.000235829033384	0.00128290994161	9.43316133536e-06	0	0	0.000575422841457	0	0	0	0	0	0	0	0.000339593808073	0	0	0.000811251874841	0	0	0.00301861162731	0	0.00256581988322	0	0	0	0	0	0	0	0	0	0	0	0	0	0	0	0	0	0	0	0	0	0	0	0	0	0	0	0	0	0	0	0	0	0	0	0	0	0.00128290994161	0	9.43316133536e-06	0.000292428001396	0	0	0	0	0	0	0	0
0	0	0	0	4.71658066768e-05	0	0.000330160646738	0.00112254619891	0.000330160646738	0	9.43316133536e-05	4.71658066768e-05	0	0	1.88663226707e-05	0	0	0	0	0.00014149742003	9.43316133536e-06	0	0	0	0.000103764774689	0	6.60321293475e-05	0	0.00580139422125	0.00454678376364	0.00310351007933	0	0	0.00679187616146	0.0037072324048	0	0	0	0	0	0	0	0	0	0.000132064258695	0	2.82994840061e-05	0	0	0	0	0	0	0	0	0	0	0	0	0	0	5.65989680121e-05	2.82994840061e-05	0	0	0	9.43316133536e-06	0	0	0	0	0	0.00147157316832	4.71658066768e-05	0	1.88663226707e-05	0	0.000132064258695	2.82994840061e-05	2.82994840061e-05	9.43316133536e-06	0	0	0
0.00255638672188	0	0	0	0.000160363742701	0.000349026969408	0.00301861162731	0.00425435576225	0.00400909356753	0	0.00271675046458	0.00883887217123	0.00156590478167	0.00038675961475	0.00815025139375	0	0	0.00461281589299	0.00336763859672	0.00798045448971	0.00323557433803	0.00284881472328	0	0.00447131847296	0.000471658066768	0	0.00504674131442	0	0.00714090313087	0.0101783810809	0.00753709590695	0	0.00256581988322	0.0037072324048	0.0399117056099	0	0	0	0	0	0	0	0	0	0.00026412851739	0	5.65989680121e-05	0	9.43316133536e-06	0	0	0	0	0	0	0	0	0	0	0	0	8.48984520182e-05	3.77326453414e-05	0	0	0	1.88663226707e-05	0	0	9.43316133536e-06	6.60321293475e-05	0	0.026214755351	0.000424492260091	2.82994840061e-05	0.000273561678725	0	0.000235829033384	2.82994840061e-05	4.71658066768e-05	1.88663226707e-05	0	0	0
0	0	0	0	0	0	0	0	0	4.71658066768e-05	0	0	9.43316133536e-06	0	0	0	0	0	0	0	0	0	0	0	0.000396192776085	0	0	0.000226395872049	8.48984520182e-05	0	0	0	0	0	0	0.0316576894415	8.48984520182e-05	1.88663226707e-05	0	0.000292428001396	0	0.00231112452716	0.00752766274562	0.00611268854531	0.000396192776085	0.000896150326859	0.000565989680121	0.00012263109736	0	0.0164137007235	0.000188663226707	0.000160363742701	0.00346197021008	0.000537690196115	0.000565989680121	0.000735786584158	0.00254695356055	0	0.00387702930883	0.00826344932977	0	0	8.48984520182e-05	0.0130932279335	0.0170551556943	0.00510334028243	0	0	0.00121687781226	0.00411285834222	0	0	0	0	0	0	0	0	3.77326453414e-05	0.00052825703478	9.43316133536e-06	0.000150930581366	0	0
0	0.0178475412465	0.00144327368431	0	0	0	0	0	0	0	0	0	0	9.43316133536e-05	0	0	0.000632021809469	0.000499957550774	0	9.43316133536e-06	0	0	0.0032544406607	3.77326453414e-05	0.00014149742003	0.0010942467149	0.00920676546331	0.0286296446528	0	0	0	0	0	0	0	8.48984520182e-05	0.0486279466838	0	0	0	0	1.88663226707e-05	2.82994840061e-05	0.00012263109736	0.00339593808073	0	7.54652906829e-05	0	0.0023488571725	0.00014149742003	0	3.77326453414e-05	0.00239602297918	5.65989680121e-05	0.00144327368431	0	2.82994840061e-05	0.0104802422436	9.43316133536e-05	0.00470714750634	0.00844267939515	0.00481091228103	0.0399022724486	1.88663226707e-05	0	1.88663226707e-05	0	0	0	0.00126404361894	0	0	0	0	0	0	0	5.65989680121e-05	9.43316133536e-06	0.000556556518786	6.60321293475e-05	0	0	3.77326453414e-05
0	0	0	0	0	0	0	0	0	0	0	0	0	0	0	0	0	0	0	0	0	0	0	0	0	0	0	0	0	0	0	0	0	0	0	1.88663226707e-05	0	0.024667716892	0	0	0	0	0	0	0	0	0	0	0	1.88663226707e-05	0	0	0.00645228235339	0	0	0	0.001575337943	0	0.0099519852088	0	0	0.00500900866908	0.00507504079842	0	0	0.000452791744097	0	0	0	0	0	0	0	0	0	0	0	0	0	0	0	0	0	0
0	0	0	0	0	0	0	0	0	0	0	0	0	0	0	0	0	0	0	0	0	0	0	0	0	0	0	0	0	0	0	0	0	0	0	0	0	0	0	0	0	0	0	0	0	0	0	0	0	0	0	0	0	0	0	0	0	0	0	0	0	0	0	0	0	0	0	0	0	0	0	0	0	0	0	0	0	0	0	0	0	0	0	0
0	0	0	0	0.00554669886519	0	6.60321293475e-05	0.00226395872049	6.60321293475e-05	0.00137724155496	0.000452791744097	0	0.00066975445481	0	0	0	0	0	0	0	0.00126404361894	0	0	0	0.00603722325463	0	0	0	0.0144516031658	0	0	0	0	0	0	0.000292428001396	0	0	0	0.0319406842815	1.88663226707e-05	0.000688620777481	0.00079238555217	0.000764086068164	0.0147534643285	0.00595232480261	0.00065088813214	0.00297144582064	3.77326453414e-05	0.000565989680121	0.00159420426568	0	0	0.000320727485402	0.00152817213633	0.0148289296192	8.48984520182e-05	0	0	0.0208850191965	0	0.000349026969408	0	0.0133856559349	0.00271675046458	4.71658066768e-05	0	0	0	0.00332047279005	1.88663226707e-05	0	0	0	9.43316133536e-06	0	0	9.43316133536e-05	0.00012263109736	0.00182060013772	0.000160363742701	0.000216962710713	0	0
0	0	0	0	0	0	0	0	0	8.48984520182e-05	0	0	0	0	0	0	0	0	0	0	0	0	0	0	0.000113197936024	0	0	0	6.60321293475e-05	0	0	0	0	0	0	0	0	0	0	1.88663226707e-05	0.00748049693894	0.00217906026847	9.43316133536e-06	0.000396192776085	0.000160363742701	3.77326453414e-05	0	0.000226395872049	0	9.43316133536e-06	0.00282994840061	1.88663226707e-05	0	0	0	1.88663226707e-05	9.43316133536e-06	0	0	0.000150930581366	0	0	0	0.000207529549378	0	0	0	0.00117914516692	0	0.000415059098756	9.43316133536e-06	0	0	0	0	0	0	0.00165080323369	9.43316133536e-05	0.000594289164128	9.43316133536e-06	0.00416002414889	0.0020281296871	0
0	0	0	0	3.77326453414e-05	0	0	0	0	2.82994840061e-05	0	0	7.54652906829e-05	0	0	0	0	1.88663226707e-05	0	9.43316133536e-06	9.43316133536e-06	0	0	0	9.43316133536e-06	0	1.88663226707e-05	0	9.43316133536e-06	0	0	0	0	0	0	0.00231112452716	1.88663226707e-05	0	0	0.000688620777481	0.00217906026847	0.0221773622994	0.00243375562452	0.00483921176504	5.65989680121e-05	0.00685790829081	0.000245262194719	0.00203756284844	0.000150930581366	0.000584856002792	0.00268845098058	9.43316133536e-06	0	0.000132064258695	6.60321293475e-05	0.00111311303757	0	0	0	0.00475431331302	0	0.000311294324067	2.82994840061e-05	0.00510334028243	0.00319784169269	0	0	0	0.000198096388043	0.00298087898197	0	0	0	0	0	0	0	0.000113197936024	0.000396192776085	0.00119801148959	0.000339593808073	0.0017074022017	0.000207529549378	0
0	0	0	0	0	0	9.43316133536e-06	9.43316133536e-06	9.43316133536e-06	0	9.43316133536e-06	0	0	0	0	0	0	9.43316133536e-06	0	9.43316133536e-06	0	0	0	0	9.43316133536e-06	0	9.43316133536e-06	0.000103764774689	2.82994840061e-05	0	0	0	0	0	0	0.00752766274562	2.82994840061e-05	0	0	0.00079238555217	9.43316133536e-06	0.00243375562452	0.0618343725533	0.0100651831448	9.43316133536e-06	0.00848984520182	9.43316133536e-06	0	0	0.0183474987973	0.000160363742701	0	0.000245262194719	9.43316133536e-06	9.43316133536e-06	3.77326453414e-05	0.0110745314077	9.43316133536e-06	0.00442415266628	0.00580139422125	0	1.88663226707e-05	3.77326453414e-05	0.0269599750965	0.00349026969408	0.0166306634342	0	0	0.000103764774689	0.00118857832826	0	0	9.43316133536e-06	0	0	0	0	0.000160363742701	1.88663226707e-05	0.000886717165524	0.000150930581366	0.000103764774689	4.71658066768e-05	0
0	9.43316133536e-06	0	0	1.88663226707e-05	0	9.43316133536e-06	0	9.43316133536e-06	3.77326453414e-05	0	0	2.82994840061e-05	0	0	0	0	0	0	0	9.43316133536e-06	0	0	0	1.88663226707e-05	0	0	0.000292428001396	9.43316133536e-06	0	0	0	0	0	0	0.00611268854531	0.00012263109736	0	0	0.000764086068164	0.000396192776085	0.00483921176504	0.0100651831448	0.0314595930534	5.65989680121e-05	0.00585799318926	6.60321293475e-05	0.000311294324067	7.54652906829e-05	0.0182626003453	0.000726353422823	3.77326453414e-05	0.00115084568291	0	5.65989680121e-05	0.00079238555217	0.00104708090822	0	0.00181116697639	0.00392419511551	0	9.43316133536e-05	5.65989680121e-05	0.00475431331302	0.00256581988322	0.000367893292079	0	0.000556556518786	8.48984520182e-05	0.00299031214331	0	0	0	0	0	0	0	0.00116971200558	0.000499957550774	0.00108481355357	0.000160363742701	0.00114141252158	0.000292428001396	0
0	7.54652906829e-05	0	0	0.00343367072607	0	0.000198096388043	0.00116027884425	2.82994840061e-05	0.0112537614731	0.00012263109736	0	0.000745219745493	0	1.88663226707e-05	0.000339593808073	1.88663226707e-05	1.88663226707e-05	0	0	0.00052825703478	2.82994840061e-05	0.00266015149657	0.000179230065372	0.0210453829392	9.43316133536e-06	2.82994840061e-05	0.000103764774689	0.0179041402145	5.65989680121e-05	9.43316133536e-05	0	0	0.000132064258695	0.00026412851739	0.000396192776085	0.00339593808073	0	0	0.0147534643285	0.000160363742701	5.65989680121e-05	9.43316133536e-06	5.65989680121e-05	0.0510617023083	9.43316133536e-06	0.00012263109736	0.00333933911272	5.65989680121e-05	2.82994840061e-05	0.00368836608213	0.00282051523927	0	0	9.43316133536e-06	0.00802762029639	0.00012263109736	0.0123102755426	0	0.0351102264902	0.000660321293475	0.000254695356055	0.00326387382203	0.0130366289655	0.000632021809469	0	5.65989680121e-05	3.77326453414e-05	0.000235829033384	0.000896150326859	0.00101878142422	0.000132064258695	0.000282994840061	0.000160363742701	0.000490524389439	2.82994840061e-05	0	0.00224509239782	0.00014149742003	0.00270731730325	0.00160363742701	0.000707487100152	0.000424492260091	0
0	0	0	0	0.00231112452716	0	0	0.000811251874841	0	0.00091501664953	0.000367893292079	0	0.00012263109736	0	0	0	0	0	0	0	0.000452791744097	0	0	0	0.000396192776085	0	0	0	0.00158477110434	0	0	0	0	0	0	0.000896150326859	0	0	0	0.00595232480261	3.77326453414e-05	0.00685790829081	0.00848984520182	0.00585799318926	9.43316133536e-06	0.0425058249771	0.00403739305153	0.00831061513645	0.000216962710713	0.00585799318926	0.000179230065372	0	0	0.0023488571725	0.00220735975247	0.0140742767124	0	0	0	0.00269788414191	0	0.00163193691102	0	0.0101217821128	0.00643341603071	0	0	0	4.71658066768e-05	0.00632965125603	1.88663226707e-05	0	0	0	0	0	0	0.00107538039223	4.71658066768e-05	0.00253752039921	0.00014149742003	0.000113197936024	0	0
0	0	9.43316133536e-06	0	3.77326453414e-05	0	1.88663226707e-05	0	0	0	0	9.43316133536e-05	0.000886717165524	0.000707487100152	0	0	0	0	0	0	1.88663226707e-05	0	0	0	2.82994840061e-05	0.000839551358847	9.43316133536e-05	5.65989680121e-05	4.71658066768e-05	0	0	0	0	2.82994840061e-05	5.65989680121e-05	0.000565989680121	7.54652906829e-05	0	0	0.00065088813214	0	0.000245262194719	9.43316133536e-06	6.60321293475e-05	0.00012263109736	0.00403739305153	0.0321670801536	0.00612212170665	0.0113103604411	0.00474488015169	0	0	0	0.00715976945354	0.00437698685961	0.00498070918507	1.88663226707e-05	4.71658066768e-05	0	7.54652906829e-05	0.000971615617542	0.00604665641596	0.000179230065372	0.0010942467149	0.00872567423521	0	0.00240545614052	0.00262241885123	0	0.0151119244592	1.88663226707e-05	0.0009338829722	5.65989680121e-05	5.65989680121e-05	0	9.43316133536e-06	0.000245262194719	0.00233942401117	0.00342423756474	0.00595232480261	4.71658066768e-05	0	0	0.000499957550774
0	0	0	0	0.00168853587903	0	0	0.00038675961475	0	0.00129234310294	0.000396192776085	0	0.00302804478865	0	0	0	0	0	0	0	0.000358460130744	0	0	0	0.000641454970804	0	0	0	0.00120744465093	0	0	0	0	0	0	0.00012263109736	0	0	0	0.00297144582064	0.000226395872049	0.00203756284844	0	0.000311294324067	0.00333933911272	0.00831061513645	0.00612212170665	0.0252054070881	0.00103764774689	0.00137724155496	0.00276391627126	0	0	0.00335820543539	0.000537690196115	0.0140459772283	0	0	0	0.0032544406607	0	0.00215076078446	0	0.000235829033384	0.0055749983492	0	0	0	0	0.00784839023102	0	0	0	0	3.77326453414e-05	0	0	0.000943316133536	0.000160363742701	0.00276391627126	0.00014149742003	0.000764086068164	0	0
0	0.000113197936024	1.88663226707e-05	0	0	0	9.43316133536e-06	0	0	0	0	0.00038675961475	0	0.00831061513645	0	0	0	0	0	0	0	0	0	0	2.82994840061e-05	0.00588629267326	0.00489581073305	0.00403739305153	3.77326453414e-05	0	0	0.000301861162731	0	0	9.43316133536e-06	0	0.0023488571725	0	0	3.77326453414e-05	0	0.000150930581366	0	7.54652906829e-05	5.65989680121e-05	0.000216962710713	0.0113103604411	0.00103764774689	0.0312992293107	0.00283938156194	0	0	0	0.00014149742003	0	0.00066975445481	1.88663226707e-05	0.0009338829722	0	0.00091501664953	0.00601835693196	0.00225452555915	0.0060560895773	3.77326453414e-05	0.00249035459253	0	0.00626361912668	0.00216962710713	0	0.00598062428662	9.43316133536e-06	0.00382986350216	9.43316133536e-06	9.43316133536e-06	0	0	0.000254695356055	0.000811251874841	0.00545236725184	0.00401852672886	6.60321293475e-05	0	0	0.000311294324067
0	9.43316133536e-06	0	0	9.43316133536e-06	0	9.43316133536e-06	0	9.43316133536e-06	1.88663226707e-05	0	0	2.82994840061e-05	0	0	0	0	0	0	0	0	0	0	0	1.88663226707e-05	0	0	0.000320727485402	0	0	0	0	0	0	0	0.0164137007235	0.00014149742003	1.88663226707e-05	0	0.000565989680121	9.43316133536e-06	0.000584856002792	0.0183474987973	0.0182626003453	2.82994840061e-05	0.00585799318926	0.00474488015169	0.00137724155496	0.00283938156194	0.0474771010009	0.000103764774689	5.65989680121e-05	0.00272618362592	0.00091501664953	0.000462224905433	0.00166023639502	0.00161307058835	0	0.00482034544237	0.00298087898197	0	0.000858417681518	0.00012263109736	0.0084049467498	0.00975388882076	0.00179230065372	0	0.00257525304455	0	0.00782952390835	0	0	0	0	0	0	0	0.000839551358847	0.000292428001396	0.00112254619891	8.48984520182e-05	0.000396192776085	0	0
0	0	0	0	7.54652906829e-05	0	0	0	0	0.00014149742003	0	0	6.60321293475e-05	0	0	0	0	0	0	0	1.88663226707e-05	0	0	0	8.48984520182e-05	0	0	0	8.48984520182e-05	0	0	0	0	0	0	0.000188663226707	0	0	0	0.00159420426568	0.00282994840061	0.00268845098058	0.000160363742701	0.000726353422823	0.00368836608213	0.000179230065372	0	0.00276391627126	0	0.000103764774689	0.00960295823939	0	0	0	0	0.000320727485402	0	0	0	0.0029337131753	0	0	0	0.000282994840061	0.000226395872049	0	0	0.000301861162731	0	0.000188663226707	0	0	0	0	9.43316133536e-06	0	0	0	6.60321293475e-05	3.77326453414e-05	0.00014149742003	0.00400909356753	0.000207529549378	0
0	0	0.0020281296871	0	0	0	0	0	0	0.00265071833524	0	0	0	0	0	0	0.00782009074701	9.43316133536e-06	0	0	0	0.00220735975247	0.0105745738569	0.0169419577583	0.00404682621287	0	9.43316133536e-06	0.00985765359545	0.00151873897499	0	0	0	0	0	0	0.000160363742701	3.77326453414e-05	0	0	0	1.88663226707e-05	9.43316133536e-06	0	3.77326453414e-05	0.00282051523927	0	0	0	0	5.65989680121e-05	0	0.0404871284514	0	0	0	0	0.00285824788461	0.0331575620938	0.0167061287249	0.00580139422125	0	9.43316133536e-06	0.00391476195417	0.00305634427266	0.000254695356055	1.88663226707e-05	0	0	0.000169796904036	0.000377326453414	0.000160363742701	8.48984520182e-05	0	0	0	0	0	0.00205642917111	0.000839551358847	0.000367893292079	9.43316133536e-05	0	2.82994840061e-05	0
0	0.00040562593742	0	0	0	0	0	0	0	0	0	0	0	0	0	0	0	0.0010659472309	0	0	0	0	0	0	0	0	0.00266015149657	0.00311294324067	0	0	0	0	0	0	0	0.00346197021008	0.00239602297918	0.00645228235339	0	0	0	0	0.000245262194719	0.00115084568291	0	0	0	0	0	0.00272618362592	0	0	0.035581884557	0	0.00432982105293	0	0.000613155486798	0	0.00693337358149	6.60321293475e-05	0	0.00784839023102	0.0106123065023	0.000160363742701	0.00133007574829	0.00127347678027	0	0	9.43316133536e-06	0.00493354337839	0	0	0	0	0	0	0	0	0	0.00052825703478	0	0	0	0
0	9.43316133536e-06	9.43316133536e-06	0	9.43316133536e-06	0	0	0	0	0	0	0	0.00091501664953	0	0	0	0	0	0	0	1.88663226707e-05	0	0	0	0	9.43316133536e-06	6.60321293475e-05	5.65989680121e-05	0	0	0	0	0	0	0	0.000537690196115	5.65989680121e-05	0	0	0.000320727485402	0	0.000132064258695	9.43316133536e-06	0	0	0.0023488571725	0.00715976945354	0.00335820543539	0.00014149742003	0.00091501664953	0	0	0	0.00998028469281	0.00281108207794	0.00279221575527	9.43316133536e-06	0	9.43316133536e-06	0.000113197936024	5.65989680121e-05	0.00168853587903	0.00120744465093	0.000801818713505	0.00406569253554	0	9.43316133536e-06	0	0	0.00523540454112	0	0	0	0	0	0	0	8.48984520182e-05	9.43316133536e-06	0.00111311303757	2.82994840061e-05	0	0	0
0	5.65989680121e-05	0	0	4.71658066768e-05	0	0	0	0	0	0	0	1.88663226707e-05	0	0	0	0	0.000735786584158	0	9.43316133536e-06	0	0	0	0	9.43316133536e-06	0	0.00209416181645	0.00185833278307	0	0	0	0	0	0	0	0.000565989680121	0.00144327368431	0	0	0.00152817213633	0	6.60321293475e-05	9.43316133536e-06	5.65989680121e-05	9.43316133536e-06	0.00220735975247	0.00437698685961	0.000537690196115	0	0.000462224905433	0	0	0.00432982105293	0.00281108207794	0.0145931005858	0.00171683536304	0	0	5.65989680121e-05	0.000188663226707	9.43316133536e-06	0.00492411021706	0.000226395872049	0.00204699600977	0.00301861162731	0	0	0	0	0.00735786584158	0	0	0	0	0	0	0	9.43316133536e-06	0	0.00286768104595	9.43316133536e-06	0	0	0
0	0	0	0	0.00802762029639	0	0	0.00150930581366	0	0.00244318878586	0.00131120942561	0	0.00179230065372	0	0	0	0	0	0	0	0.00197153071909	0	0	0	0.00506560763709	0	0	0	0.0107632370836	0	0	0	0	0	0	0.000735786584158	0	0	0	0.0148289296192	1.88663226707e-05	0.00111311303757	3.77326453414e-05	0.00079238555217	0.00802762029639	0.0140742767124	0.00498070918507	0.0140459772283	0.00066975445481	0.00166023639502	0.000320727485402	0	0	0.00279221575527	0.00171683536304	0.0362044732051	9.43316133536e-06	0	0	0.012602703544	0	0.00161307058835	0	0.00847097887915	0.00612212170665	0	0	0	0	0.00737673216425	1.88663226707e-05	0	0	0	9.43316133536e-06	0	0	0.00115084568291	6.60321293475e-05	0.00308464375666	0.000103764774689	0.000132064258695	0	0
