0.0118065034123	4.0144520273e-06	8.43034925733e-05	0	0.000305098354075	1.60578081092e-05	0.00134082697712	0.00327177840225	0.0039261340827	0.00010437575271	0.000140505820955	0	0.000830991569651	0	0.00533520674428	0.000204737053392	6.82456844641e-05	4.0144520273e-05	0	4.0144520273e-06	0.000493777599358	0.000365315134484	6.02167804095e-05	0.00034122842232	0.00141710156564	0	0	3.21156162184e-05	0.00130068245684	0.00434765154556	0.00207948615014	0	2.40867121638e-05	0.00204335608189	0.00191087916499	0	0	0	0	4.0144520273e-06	0	4.0144520273e-06	8.0289040546e-06	4.0144520273e-06	6.42312324368e-05	8.0289040546e-06	0	0	0	0	0	8.0289040546e-06	0	0	0	0	0	8.0289040546e-06	8.0289040546e-06	4.41589723003e-05	0	0	0	2.40867121638e-05	0	4.0144520273e-06	0	0	0	0	0.000180650341228	2.40867121638e-05	0.000437575270976	0.000108390204737	0.000108390204737	1.60578081092e-05	0	0	0	0	0	0	0	0
4.0144520273e-06	0.0223805700522	0.00279004415897	0	0	0	0	0	1.60578081092e-05	3.21156162184e-05	0	0.000690485748695	0	0.000409474106784	3.21156162184e-05	0	0.000172621437174	0.00184664793256	0.000168606985147	0.00115214773183	0	0.000128462464874	0.00193898032919	0.000887193898033	2.81011641911e-05	0.00221597751907	0.0087796065837	0.0144761140104	2.81011641911e-05	4.0144520273e-05	6.02167804095e-05	3.61300682457e-05	4.0144520273e-06	2.00722601365e-05	0.00118827780008	0	0.00313127258129	0.000718586912886	0	4.0144520273e-06	0	0	2.00722601365e-05	0	2.81011641911e-05	0	0.000176635889201	4.0144520273e-06	4.81734243276e-05	0	0	0.000325170614211	0.000481734243276	2.00722601365e-05	0.000224809313529	0	0.000144520272983	0.00138498594942	0.000614211160177	2.00722601365e-05	0.000112404656764	0.000810919309514	0.00172621437174	2.81011641911e-05	0	5.62023283822e-05	0	0	0	0.000188679245283	0.000441589723003	0.00149739060618	0.00100762745885	0.000353271778402	2.00722601365e-05	5.21878763549e-05	2.40867121638e-05	0.00020875150542	0.00105580088318	0.000353271778402	0.000108390204737	1.60578081092e-05	1.20433560819e-05	2.00722601365e-05
8.43034925733e-05	0.00279004415897	0.0473906061823	0	0	8.0289040546e-06	2.81011641911e-05	9.63468486552e-05	6.02167804095e-05	0.000136491368928	0	0.000413488558812	8.0289040546e-06	0.000184664793256	0.000124448012846	8.0289040546e-06	0.00133681252509	0.00837414692894	2.00722601365e-05	0.000879164993978	0	0.0028823765556	0.00229626655961	0.0235728623043	0.000216780409474	4.81734243276e-05	0.00834604576475	0.0196547571257	0.000537936571658	0.000417503010839	0.00145323163388	0	1.60578081092e-05	0.000433560818948	0.0064552388599	4.0144520273e-06	0.000517864311521	0.000188679245283	0	4.0144520273e-06	0	0	2.00722601365e-05	4.0144520273e-06	0.000128462464874	0	8.0289040546e-06	4.0144520273e-06	1.20433560819e-05	4.0144520273e-06	0	0.000509835407467	5.21878763549e-05	0	4.0144520273e-06	0	0.000228823765556	0.00150140505821	0.000614211160177	8.83179446006e-05	4.0144520273e-06	3.61300682457e-05	0.000449618627057	8.83179446006e-05	0	5.62023283822e-05	0	0	0	6.82456844641e-05	0.00354877559213	0.00373745483741	0.00621035728623	0.0023966278603	0.000236852669611	0.000321156162184	0.000124448012846	0.000264953833802	0.000285026093938	0.000108390204737	7.62745885187e-05	4.0144520273e-06	4.0144520273e-06	4.0144520273e-06
0	0	0	0	0	0	0	0	0	0	0	0	0	0	0	0	0	0	0	0	0	0	0	0	0	0	0	0	0	0	0	0	0	0	0	0	0	0	0	0	0	0	0	0	0	0	0	0	0	0	0	0	0	0	0	0	0	0	0	0	0	0	0	0	0	0	0	0	0	0	0	0	0	0	0	0	0	0	0	0	0	0	0	0
0.000305098354075	0	0	0	0.0134403853874	0	0.000405459654757	0.000810919309514	0.000361300682457	0.000176635889201	0.00105178643115	0	0.002352468888	0	0.00019269369731	6.02167804095e-05	8.0289040546e-06	0	0	0	0.00361300682457	2.81011641911e-05	8.0289040546e-06	3.21156162184e-05	0.00767161782417	0	0	0	0.00255319148936	0.000289040545965	0.000124448012846	0	0	0.000128462464874	0.000152549177037	0	0	0	0	0.00124046567644	0	1.60578081092e-05	4.81734243276e-05	0	2.40867121638e-05	0.00078683259735	0	0.000224809313529	0	0	0	0	0	0	0	0.00140104375753	0	0	0	4.0144520273e-05	0	0	0	6.42312324368e-05	0	0	0	0	0	0	3.21156162184e-05	0	5.21878763549e-05	1.20433560819e-05	6.02167804095e-05	0	0	0	0	0	0	0	0	0
1.60578081092e-05	0	8.0289040546e-06	0	0	0.00442794058611	0.00136089923725	4.0144520273e-06	0.00114411882778	0	0	1.20433560819e-05	4.0144520273e-06	4.0144520273e-06	0.000473705339221	0.000537936571658	4.0144520273e-06	8.0289040546e-06	0	0	0	4.0144520273e-06	4.0144520273e-06	8.0289040546e-06	0	0	0	0	0	0.000614211160177	8.0289040546e-06	0	0.00178643115215	3.21156162184e-05	0.000441589723003	0	0	0	0	4.0144520273e-06	0	0	0	0	4.0144520273e-06	0	0	4.0144520273e-06	0	0	0	0	0	0	0	4.0144520273e-06	0	0	0	4.0144520273e-06	0	0	0	0	0	0	0	0	0	0	4.41589723003e-05	8.0289040546e-06	0.000112404656764	4.81734243276e-05	0.000461661983139	0.000140505820955	0	0	0	0	0	0	0	0
0.00134082697712	0	2.81011641911e-05	0	0.000405459654757	0.00136089923725	0.0309353673224	0.00116017663589	0.0115535929346	0.00020875150542	0.00371336812525	1.20433560819e-05	0.00874347651546	4.0144520273e-06	0.00356884785227	0.00367322360498	2.00722601365e-05	4.0144520273e-06	0	4.0144520273e-06	0.00327177840225	8.0289040546e-05	1.20433560819e-05	7.22601364914e-05	0.00167001204336	0	8.0289040546e-06	8.0289040546e-06	0.000822962665596	0.0031473303894	0.000417503010839	0	0.000979526294661	0.000529907667603	0.00155359293456	0	0	0	0	0	0	0	4.0144520273e-06	0	3.61300682457e-05	0	0	0	0	0	0	0	0	0	0	0	0	4.0144520273e-06	4.0144520273e-06	1.60578081092e-05	0	0	0	8.0289040546e-06	0	4.0144520273e-06	0	0	0	0	0.000240867121638	8.0289040546e-06	0.000545965475713	0.000100361300682	0.00141710156564	5.62023283822e-05	8.0289040546e-06	4.0144520273e-06	0	0	0	0	0	0
0.00327177840225	0	9.63468486552e-05	0	0.000810919309514	4.0144520273e-06	0.00116017663589	0.017944600562	0.0022641509434	0.000268968285829	0.000365315134484	8.0289040546e-06	0.000971497390606	4.0144520273e-06	0.00126856684063	0.000124448012846	0.000200722601365	5.62023283822e-05	0	8.0289040546e-06	0.00113608992373	0.00048976314733	0.000140505820955	0.000566037735849	0.00342432757929	0	1.60578081092e-05	3.61300682457e-05	0.00792854275391	0.00185467683661	0.00370132476917	0	8.0289040546e-06	0.00137294259334	0.00181051786431	0	0	0	0	3.21156162184e-05	0	0	4.41589723003e-05	4.0144520273e-06	0.000200722601365	2.00722601365e-05	0	1.20433560819e-05	0	4.0144520273e-06	0	4.0144520273e-06	0	0	0	8.0289040546e-06	0	4.0144520273e-06	0	0.00014853472501	0	0	0	8.0289040546e-05	0	0	0	0	0	8.0289040546e-06	0.000240867121638	3.21156162184e-05	0.000437575270976	0.000144520272983	0.000156563629065	3.21156162184e-05	0	1.20433560819e-05	0	4.0144520273e-06	4.0144520273e-06	4.0144520273e-06	0	0
0.0039261340827	1.60578081092e-05	6.02167804095e-05	0	0.000361300682457	0.00114411882778	0.0115535929346	0.0022641509434	0.0359935768768	0.000116419108792	0.00153753512646	6.02167804095e-05	0.00287434765155	2.00722601365e-05	0.0165034122842	0.00111601766359	6.42312324368e-05	6.82456844641e-05	0	2.00722601365e-05	0.00143315937375	0.000244881573665	5.21878763549e-05	0.000216780409474	0.00177840224809	0	2.40867121638e-05	1.20433560819e-05	0.00116419108792	0.00928542753914	0.00118024889603	0	0.00236852669611	0.0017944600562	0.00415094339623	0	0	4.0144520273e-06	0	4.0144520273e-06	0	4.0144520273e-06	1.20433560819e-05	4.0144520273e-06	5.62023283822e-05	1.20433560819e-05	0	4.0144520273e-06	0	0	0	0	0	0	0	4.0144520273e-06	0	4.0144520273e-06	4.0144520273e-06	2.81011641911e-05	0	0	0	2.00722601365e-05	0	4.0144520273e-06	0	0	0	0	0.000381372942593	8.43034925733e-05	0.00134484142914	0.000321156162184	0.000413488558812	0.000136491368928	2.40867121638e-05	0	0	4.0144520273e-06	0	0	0	0
0.00010437575271	3.21156162184e-05	0.000136491368928	0	0.000176635889201	0	0.00020875150542	0.000268968285829	0.000116419108792	0.0126214371738	2.81011641911e-05	0	0.00211963067041	4.0144520273e-06	0.000128462464874	0.000381372942593	0.000794861501405	5.21878763549e-05	0	0	0.000172621437174	0.000578081091931	0.00203934162987	0.000722601364914	0.00474508229627	0	1.60578081092e-05	0.000184664793256	0.000919309514251	0.00040144520273	0.000782818145323	0	0	0.000501806503412	0.00114010437575	8.0289040546e-06	4.0144520273e-06	0	0	0.000128462464874	0	1.20433560819e-05	0.000236852669611	2.40867121638e-05	0.00138900040145	6.82456844641e-05	0	8.83179446006e-05	0	2.40867121638e-05	4.0144520273e-06	2.40867121638e-05	0	0	0	4.81734243276e-05	4.0144520273e-06	3.21156162184e-05	1.60578081092e-05	0.00103572862304	0	0	8.0289040546e-06	0.000457647531112	0	2.40867121638e-05	0	0	0	8.0289040546e-06	0.000770774789241	6.42312324368e-05	0.000317141710157	0.000112404656764	0.000991569650743	4.0144520273e-06	0	7.62745885187e-05	1.60578081092e-05	2.40867121638e-05	1.60578081092e-05	3.21156162184e-05	4.0144520273e-06	0
0.000140505820955	0	0	0	0.00105178643115	0	0.00371336812525	0.000365315134484	0.00153753512646	2.81011641911e-05	0.0139301485347	0	0.00422320353272	0	0.000204737053392	3.61300682457e-05	4.0144520273e-06	0	0	0	0.00432757928543	4.0144520273e-06	0	4.0144520273e-06	0.000911280610197	0	0	0	0.0015736651947	6.02167804095e-05	1.20433560819e-05	0	0	4.0144520273e-06	2.00722601365e-05	0	0	0	0	0.00010437575271	0	1.20433560819e-05	1.60578081092e-05	4.0144520273e-06	4.0144520273e-06	0.000606182256122	0	0.000497792051385	0	4.0144520273e-06	0	0	0	0	0	0.00025291047772	0	0	0	4.0144520273e-06	0	0	0	8.0289040546e-06	0	0	0	0	0	0	4.0144520273e-06	0	1.20433560819e-05	8.0289040546e-06	2.40867121638e-05	0	0	0	0	0	0	0	0	0
0	0.000690485748695	0.000413488558812	0	0	1.20433560819e-05	1.20433560819e-05	8.0289040546e-06	6.02167804095e-05	0	0	0.0309193095143	0	0.0105499799277	0.000152549177037	0	2.40867121638e-05	0.00124448012846	0.00374548374147	0.00446407065436	0	2.00722601365e-05	4.0144520273e-05	0.000325170614211	0	0.00463669209153	0.0106061822561	0.00272179847451	1.20433560819e-05	0.000517864311521	4.41589723003e-05	0.00050582095544	5.21878763549e-05	4.81734243276e-05	0.00686471296668	0	0.000473705339221	6.02167804095e-05	0	0	0	0	0	0	0	0	0.000385387394621	0	0.000160578081092	0	0	1.20433560819e-05	9.63468486552e-05	1.60578081092e-05	0.00014853472501	0	4.0144520273e-06	3.61300682457e-05	8.0289040546e-06	0	0.000509835407467	0.000421517462866	0.000329185066238	0	0	0	8.0289040546e-06	0	0	6.02167804095e-05	0.00054997992774	0.00244480128462	0.00324769169008	0.00084704937776	5.21878763549e-05	8.43034925733e-05	0.000385387394621	4.41589723003e-05	0.00063829787234	0.000128462464874	1.60578081092e-05	0	0	8.83179446006e-05
0.000830991569651	0	8.0289040546e-06	0	0.002352468888	4.0144520273e-06	0.00874347651546	0.000971497390606	0.00287434765155	0.00211963067041	0.00422320353272	0	0.0291288639101	0	0.00110798875953	0.00228823765556	2.40867121638e-05	0	0	0	0.00936571657969	5.21878763549e-05	1.60578081092e-05	4.41589723003e-05	0.00538338016861	0	0	0	0.0011320754717	0.00113608992373	0.00025291047772	0	1.20433560819e-05	0.000281011641911	0.000574066639904	0	0	0	0	0	0	4.0144520273e-06	4.0144520273e-06	0	2.40867121638e-05	4.0144520273e-05	0	0.000309112806102	0	0	0	0	0	0	0	0.000128462464874	0	4.0144520273e-06	4.0144520273e-06	1.60578081092e-05	0	0	0	8.0289040546e-06	0	4.0144520273e-06	0	0	0	0	0.000144520272983	4.0144520273e-06	0.000212765957447	6.02167804095e-05	0.00172219991971	8.0289040546e-06	0	0	0	0	4.0144520273e-06	0	4.0144520273e-06	0
0	0.000409474106784	0.000184664793256	0	0	4.0144520273e-06	4.0144520273e-06	4.0144520273e-06	2.00722601365e-05	4.0144520273e-06	0	0.0105499799277	0	0.0241027699719	4.0144520273e-05	4.0144520273e-06	4.0144520273e-06	0.000220794861501	0.000646326776395	0.000437575270976	0	4.0144520273e-05	8.0289040546e-06	0.00014853472501	4.0144520273e-06	0.0079847450823	0.00600963468487	0.00538739462063	1.20433560819e-05	0.000112404656764	4.0144520273e-05	0.00206342834203	4.0144520273e-06	2.40867121638e-05	0.00116017663589	0	0.000361300682457	3.21156162184e-05	0	0	0	0	4.0144520273e-06	0	4.0144520273e-06	0	0.000373344038539	0	0.000248896025692	0	0	0	4.81734243276e-05	2.00722601365e-05	0.00014853472501	0	1.20433560819e-05	8.0289040546e-06	3.21156162184e-05	0	0.000606182256122	0.000413488558812	0.000272982737856	4.0144520273e-06	4.0144520273e-06	1.20433560819e-05	8.0289040546e-06	0	0	4.81734243276e-05	0.000429546366921	0.00100361300682	0.00153753512646	0.000991569650743	4.41589723003e-05	0.000124448012846	0.000871136089924	0.000152549177037	0.000622240064231	0.000216780409474	7.22601364914e-05	8.0289040546e-06	4.0144520273e-06	0.000100361300682
0.00533520674428	3.21156162184e-05	0.000124448012846	0	0.00019269369731	0.000473705339221	0.00356884785227	0.00126856684063	0.0165034122842	0.000128462464874	0.000204737053392	0.000152549177037	0.00110798875953	4.0144520273e-05	0.0318305901244	0.00065435568045	9.63468486552e-05	0.000112404656764	0	4.41589723003e-05	0.000425531914894	0.000449618627057	7.22601364914e-05	0.000417503010839	0.000963468486552	8.0289040546e-06	5.62023283822e-05	6.42312324368e-05	0.000746688077077	0.0162464873545	0.00186270574067	0	0.00172219991971	0.00310718586913	0.00656764351666	0	0	4.0144520273e-06	0	1.60578081092e-05	0	4.0144520273e-06	8.0289040546e-06	8.0289040546e-06	5.62023283822e-05	1.60578081092e-05	0	4.0144520273e-06	0	0	0	0	0	0	0	4.0144520273e-06	0	0	0	4.0144520273e-05	0	0	0	1.20433560819e-05	0	0	0	0	0	0	0.000618225612204	0.000188679245283	0.00227619429948	0.000650341228422	0.000409474106784	0.000244881573665	3.61300682457e-05	1.20433560819e-05	0	4.0144520273e-06	0	4.0144520273e-06	0	0
0.000204737053392	0	8.0289040546e-06	0	6.02167804095e-05	0.000537936571658	0.00367322360498	0.000124448012846	0.00111601766359	0.000381372942593	3.61300682457e-05	0	0.00228823765556	4.0144520273e-06	0.00065435568045	0.00806904857487	4.0144520273e-06	4.0144520273e-06	0	0	0.000156563629065	2.40867121638e-05	4.0144520273e-06	2.81011641911e-05	0.00020875150542	0	8.0289040546e-06	4.0144520273e-06	4.81734243276e-05	0.000790847049378	0.000100361300682	0	2.81011641911e-05	0.000132476916901	0.000425531914894	0	0	0	0	0	0	0	0	0	4.0144520273e-06	0	0	0	0	0	0	0	0	0	0	0	0	4.0144520273e-06	0	0	0	0	0	0	0	0	0	0	0	0	0.000397430750703	8.0289040546e-06	0.000240867121638	0.000120433560819	0.00417503010839	2.81011641911e-05	4.0144520273e-06	1.20433560819e-05	0	0	4.0144520273e-06	0	0	0
6.82456844641e-05	0.000172621437174	0.00133681252509	0	8.0289040546e-06	4.0144520273e-06	2.00722601365e-05	0.000200722601365	6.42312324368e-05	0.000794861501405	4.0144520273e-06	2.40867121638e-05	2.40867121638e-05	4.0144520273e-06	9.63468486552e-05	4.0144520273e-06	0.016904857487	0.000272982737856	0	1.20433560819e-05	8.0289040546e-06	0.00240867121638	0.00575672420715	0.00639903653151	0.00462063428342	0	9.23323966279e-05	0.0045885186672	0.0022641509434	0.000381372942593	0.000919309514251	0	0	0.000437575270976	0.00184263348053	4.0144520273e-06	8.0289040546e-06	8.0289040546e-06	0	2.81011641911e-05	0	0	8.83179446006e-05	0	0.000377358490566	1.20433560819e-05	0	2.00722601365e-05	0	0	0	0.000100361300682	0	0	0	1.20433560819e-05	2.81011641911e-05	0.000160578081092	4.0144520273e-05	0.000232838217583	0	0	8.0289040546e-06	0.00019269369731	0	2.00722601365e-05	0	0	0	0	0.000537936571658	0.000212765957447	0.000762745885187	0.000325170614211	6.82456844641e-05	4.41589723003e-05	1.60578081092e-05	3.61300682457e-05	4.0144520273e-06	2.00722601365e-05	0	4.0144520273e-06	0	0
4.0144520273e-05	0.00184664793256	0.00837414692894	0	0	8.0289040546e-06	4.0144520273e-06	5.62023283822e-05	6.82456844641e-05	5.21878763549e-05	0	0.00124448012846	0	0.000220794861501	0.000112404656764	4.0144520273e-06	0.000272982737856	0.0359775190686	8.0289040546e-05	0.00637896427138	0	0.00236852669611	0.00048976314733	0.0136330790847	0.000108390204737	0.000140505820955	0.014560417503	0.00496587715777	0.000224809313529	0.000305098354075	0.00100361300682	4.0144520273e-06	1.20433560819e-05	0.000309112806102	0.0102488960257	4.0144520273e-06	0.000413488558812	0.00010437575271	0	0	0	0	2.00722601365e-05	0	5.62023283822e-05	4.0144520273e-06	1.20433560819e-05	0	4.0144520273e-06	0	0	8.43034925733e-05	5.21878763549e-05	0	2.40867121638e-05	0	6.02167804095e-05	0.000369329586511	0.000168606985147	3.21156162184e-05	1.60578081092e-05	5.62023283822e-05	0.000228823765556	2.40867121638e-05	0	2.81011641911e-05	0	0	0	3.21156162184e-05	0.00264953833802	0.00405058209554	0.00643516659976	0.00233239662786	0.00014853472501	0.000224809313529	0.000172621437174	0.000132476916901	0.000172621437174	5.21878763549e-05	3.21156162184e-05	0	0	4.0144520273e-06
0	0.000168606985147	2.00722601365e-05	0	0	0	0	0	0	0	0	0.00374548374147	0	0.000646326776395	0	0	0	8.0289040546e-05	0.00653954235247	0.00199919710959	0	0	4.0144520273e-06	4.0144520273e-06	0	0.000417503010839	0.00390606182256	0.000525893215576	4.0144520273e-06	4.0144520273e-06	0	6.82456844641e-05	0	0	0.000228823765556	0	9.63468486552e-05	0	0	0	0	0	0	0	0	0	4.0144520273e-05	0	2.40867121638e-05	0	0	0	4.0144520273e-06	4.0144520273e-06	2.40867121638e-05	0	0	0	0	0	4.81734243276e-05	5.21878763549e-05	3.61300682457e-05	0	0	0	0	0	0	1.20433560819e-05	2.81011641911e-05	0.000188679245283	0.000132476916901	5.62023283822e-05	4.0144520273e-06	0	8.0289040546e-06	8.0289040546e-06	4.81734243276e-05	8.0289040546e-06	4.0144520273e-06	0	0	4.0144520273e-06
4.0144520273e-06	0.00115214773183	0.000879164993978	0	0	0	4.0144520273e-06	8.0289040546e-06	2.00722601365e-05	0	0	0.00446407065436	0	0.000437575270976	4.41589723003e-05	0	1.20433560819e-05	0.00637896427138	0.00199919710959	0.0202689682858	0	9.63468486552e-05	7.22601364914e-05	0.000714572460859	4.0144520273e-06	0.000501806503412	0.0126736250502	0.0022641509434	1.20433560819e-05	0.000112404656764	6.82456844641e-05	2.00722601365e-05	1.60578081092e-05	2.00722601365e-05	0.00465274989964	0	0.000493777599358	7.22601364914e-05	0	0	0	0	0	0	8.0289040546e-06	0	3.61300682457e-05	0	2.81011641911e-05	0	0	2.00722601365e-05	7.22601364914e-05	8.0289040546e-06	5.62023283822e-05	0	4.0144520273e-06	6.42312324368e-05	2.00722601365e-05	8.0289040546e-06	8.43034925733e-05	0.000180650341228	0.000180650341228	4.0144520273e-06	0	0	0	0	0	2.81011641911e-05	0.00078683259735	0.00256523484544	0.00237655560016	0.000806904857487	2.81011641911e-05	4.81734243276e-05	9.23323966279e-05	7.22601364914e-05	0.000164592533119	4.41589723003e-05	4.0144520273e-06	0	0	0
0.000493777599358	0	0	0	0.00361300682457	0	0.00327177840225	0.00113608992373	0.00143315937375	0.000172621437174	0.00432757928543	0	0.00936571657969	0	0.000425531914894	0.000156563629065	8.0289040546e-06	0	0	0	0.0169690887194	2.40867121638e-05	8.0289040546e-06	2.81011641911e-05	0.00447209955841	0	0	0	0.00277398635086	0.000425531914894	0.000120433560819	0	4.0144520273e-06	0.000136491368928	0.000196708149338	0	0	0	0	3.61300682457e-05	0	1.20433560819e-05	4.0144520273e-06	0	8.0289040546e-06	0.000305098354075	0	0.000473705339221	0	0	0	0	0	0	0	0.000172621437174	0	0	0	8.0289040546e-06	0	0	0	4.0144520273e-06	0	0	0	0	0	0	2.40867121638e-05	0	8.0289040546e-05	2.40867121638e-05	0.000112404656764	0	0	4.0144520273e-06	0	0	4.0144520273e-06	0	4.0144520273e-06	0
0.000365315134484	0.000128462464874	0.0028823765556	0	2.81011641911e-05	4.0144520273e-06	8.0289040546e-05	0.00048976314733	0.000244881573665	0.000578081091931	4.0144520273e-06	2.00722601365e-05	5.21878763549e-05	4.0144520273e-05	0.000449618627057	2.40867121638e-05	0.00240867121638	0.00236852669611	0	9.63468486552e-05	2.40867121638e-05	0.0378803693296	0.00137294259334	0.0252589321558	0.00140505820955	4.0144520273e-06	0.000525893215576	0.00146928944199	0.00531112003212	0.00278602970695	0.012199919711	0	8.0289040546e-06	0.0035447611401	0.00910076274589	8.0289040546e-06	1.20433560819e-05	0	0	3.61300682457e-05	0	8.0289040546e-06	7.62745885187e-05	8.0289040546e-06	0.000469690887194	1.60578081092e-05	0	1.60578081092e-05	0	0	0	4.0144520273e-05	4.0144520273e-06	0	0	2.00722601365e-05	1.20433560819e-05	6.42312324368e-05	3.21156162184e-05	0.000289040545965	0	4.0144520273e-06	1.20433560819e-05	0.000164592533119	0	1.60578081092e-05	0	0	0	8.0289040546e-06	0.00146527498996	0.000586109995986	0.00275391409073	0.00103171417102	0.000188679245283	0.000188679245283	4.81734243276e-05	7.22601364914e-05	1.60578081092e-05	2.00722601365e-05	4.0144520273e-06	1.20433560819e-05	0	0
6.02167804095e-05	0.00193898032919	0.00229626655961	0	8.0289040546e-06	4.0144520273e-06	1.20433560819e-05	0.000140505820955	5.21878763549e-05	0.00203934162987	0	4.0144520273e-05	1.60578081092e-05	8.0289040546e-06	7.22601364914e-05	4.0144520273e-06	0.00575672420715	0.00048976314733	4.0144520273e-06	7.22601364914e-05	8.0289040546e-06	0.00137294259334	0.0174548374147	0.00356483340024	0.002352468888	0	0.000244881573665	0.0053673223605	0.000826977117623	0.00034122842232	0.000746688077077	0	4.0144520273e-06	0.000413488558812	0.0020152549177	4.0144520273e-06	4.81734243276e-05	3.61300682457e-05	0	5.21878763549e-05	0	4.0144520273e-06	0.00025291047772	2.00722601365e-05	0.00132075471698	2.40867121638e-05	8.0289040546e-06	5.62023283822e-05	0	1.60578081092e-05	0	0.000774789241269	8.0289040546e-06	0	0	8.0289040546e-06	0.000160578081092	0.00165395423525	0.000481734243276	0.000766760337214	0	4.0144520273e-06	0.000160578081092	0.000606182256122	0	0.000100361300682	0	0	0	4.41589723003e-05	0.000766760337214	0.000473705339221	0.00109193095143	0.000465676435167	0.000100361300682	4.81734243276e-05	1.20433560819e-05	0.000180650341228	0.000144520272983	8.83179446006e-05	3.21156162184e-05	2.40867121638e-05	4.0144520273e-06	0
0.00034122842232	0.000887193898033	0.0235728623043	0	3.21156162184e-05	8.0289040546e-06	7.22601364914e-05	0.000566037735849	0.000216780409474	0.000722601364914	4.0144520273e-06	0.000325170614211	4.41589723003e-05	0.00014853472501	0.000417503010839	2.81011641911e-05	0.00639903653151	0.0136330790847	4.0144520273e-06	0.000714572460859	2.81011641911e-05	0.0252589321558	0.00356483340024	0.0757567242071	0.00174227217985	2.81011641911e-05	0.00361300682457	0.012492974709	0.00477318346046	0.00209955841028	0.00704937775994	0	2.81011641911e-05	0.00239261340827	0.01382175833	4.0144520273e-06	0.00010437575271	5.21878763549e-05	0	2.81011641911e-05	0	4.0144520273e-06	0.000124448012846	4.0144520273e-06	0.000626254516259	1.20433560819e-05	0	3.21156162184e-05	4.0144520273e-06	0	0	0.000321156162184	3.21156162184e-05	0	4.0144520273e-06	8.0289040546e-06	0.000140505820955	0.000778803693296	0.00029706945002	0.000369329586511	0	2.00722601365e-05	0.000136491368928	0.000268968285829	0	6.42312324368e-05	0	0	0	3.21156162184e-05	0.00439983942192	0.00276194299478	0.0080289040546	0.00307507025291	0.00035728623043	0.000437575270976	0.000132476916901	0.000236852669611	0.000108390204737	4.41589723003e-05	3.21156162184e-05	1.20433560819e-05	0	0
0.00141710156564	2.81011641911e-05	0.000216780409474	0	0.00767161782417	0	0.00167001204336	0.00342432757929	0.00177840224809	0.00474508229627	0.000911280610197	0	0.00538338016861	4.0144520273e-06	0.000963468486552	0.00020875150542	0.00462063428342	0.000108390204737	0	4.0144520273e-06	0.00447209955841	0.00140505820955	0.002352468888	0.00174227217985	0.037061421116	0	2.00722601365e-05	0.00020875150542	0.0095142513047	0.00178241670012	0.00234443998394	0	4.0144520273e-06	0.00145724608591	0.00268165395424	4.0144520273e-06	0	0	0	0.000156563629065	0	0	0.000132476916901	0	0.000754716981132	4.41589723003e-05	0	4.0144520273e-05	0	0	0	2.00722601365e-05	0	0	0	2.81011641911e-05	1.20433560819e-05	3.61300682457e-05	2.40867121638e-05	0.000642312324368	0	0	0	0.000301083902047	0	2.00722601365e-05	0	0	0	4.0144520273e-06	0.000674427940586	5.62023283822e-05	0.000678442392613	0.000216780409474	0.000329185066238	2.81011641911e-05	0	4.41589723003e-05	8.0289040546e-06	8.0289040546e-06	8.0289040546e-06	1.20433560819e-05	4.0144520273e-06	0
0	0.00221597751907	4.81734243276e-05	0	0	0	0	0	0	0	0	0.00463669209153	0	0.0079847450823	8.0289040546e-06	0	0	0.000140505820955	0.000417503010839	0.000501806503412	0	4.0144520273e-06	0	2.81011641911e-05	0	0.0172139702931	0.00417101565636	0.00462866318747	0	2.81011641911e-05	0	0.000361300682457	4.0144520273e-06	0	0.000521878763549	0	0.00111601766359	9.23323966279e-05	0	0	0	0	0	0	0	0	0.000899237254115	0	0.000361300682457	4.0144520273e-06	0	0	0.000120433560819	7.22601364914e-05	0.000317141710157	0	4.0144520273e-06	8.0289040546e-06	2.81011641911e-05	0	0.00128462464874	0.00095142513047	0.000674427940586	0	0	4.0144520273e-06	4.0144520273e-06	0	0	0.000108390204737	4.81734243276e-05	0.000453633079085	0.000321156162184	8.43034925733e-05	0	4.0144520273e-06	0.000244881573665	3.61300682457e-05	0.00112404656764	0.000373344038539	4.41589723003e-05	0	0	0.000220794861501
0	0.0087796065837	0.00834604576475	0	0	0	8.0289040546e-06	1.60578081092e-05	2.40867121638e-05	1.60578081092e-05	0	0.0106061822561	0	0.00600963468487	5.62023283822e-05	8.0289040546e-06	9.23323966279e-05	0.014560417503	0.00390606182256	0.0126736250502	0	0.000525893215576	0.000244881573665	0.00361300682457	2.00722601365e-05	0.00417101565636	0.0714452027298	0.0215656362906	6.02167804095e-05	0.000152549177037	0.00029706945002	0.00103974307507	2.00722601365e-05	8.43034925733e-05	0.00604977920514	4.0144520273e-06	0.00280610196708	0.000469690887194	0	4.0144520273e-06	0	4.0144520273e-06	1.20433560819e-05	0	2.00722601365e-05	0	0.000421517462866	0	0.000128462464874	0	0	9.63468486552e-05	0.000361300682457	4.41589723003e-05	0.000369329586511	0	7.62745885187e-05	0.000373344038539	0.000248896025692	1.20433560819e-05	0.00044560417503	0.00111200321156	0.00139301485347	1.60578081092e-05	0	2.40867121638e-05	4.0144520273e-06	0	0	0.000216780409474	0.00165796868727	0.00545965475713	0.00425933360096	0.00144921718185	6.82456844641e-05	8.43034925733e-05	0.00019269369731	0.000220794861501	0.00116419108792	0.000361300682457	9.63468486552e-05	8.0289040546e-06	0	6.82456844641e-05
3.21156162184e-05	0.0144761140104	0.0196547571257	0	0	0	8.0289040546e-06	3.61300682457e-05	1.20433560819e-05	0.000184664793256	0	0.00272179847451	0	0.00538739462063	6.42312324368e-05	4.0144520273e-06	0.0045885186672	0.00496587715777	0.000525893215576	0.0022641509434	0	0.00146928944199	0.0053673223605	0.012492974709	0.00020875150542	0.00462866318747	0.0215656362906	0.0849016459253	0.000285026093938	0.000224809313529	0.000525893215576	0.00100361300682	8.0289040546e-06	0.000200722601365	0.00451625853071	8.0289040546e-06	0.00221597751907	0.000558008831794	0	4.0144520273e-06	0	0	6.42312324368e-05	4.0144520273e-06	0.000168606985147	0	0.000196708149338	8.0289040546e-06	5.62023283822e-05	4.0144520273e-06	0	0.000810919309514	0.000333199518266	2.40867121638e-05	0.00020875150542	4.0144520273e-06	0.000236852669611	0.00244881573665	0.000971497390606	0.000128462464874	0.000220794861501	0.000582095543958	0.00128061019671	0.000132476916901	0	7.62745885187e-05	0	0	0	0.000180650341228	0.0021758329988	0.00353673223605	0.00398635086311	0.00152549177037	8.0289040546e-05	0.000196708149338	0.000116419108792	0.000337213970293	0.000895222802088	0.00035728623043	0.000120433560819	1.60578081092e-05	1.20433560819e-05	2.40867121638e-05
0.00130068245684	2.81011641911e-05	0.000537936571658	0	0.00255319148936	0	0.000822962665596	0.00792854275391	0.00116419108792	0.000919309514251	0.0015736651947	1.20433560819e-05	0.0011320754717	1.20433560819e-05	0.000746688077077	4.81734243276e-05	0.0022641509434	0.000224809313529	4.0144520273e-06	1.20433560819e-05	0.00277398635086	0.00531112003212	0.000826977117623	0.00477318346046	0.0095142513047	0	6.02167804095e-05	0.000285026093938	0.0352669610598	0.00185869128864	0.00512645523886	0	4.0144520273e-06	0.00201124046568	0.0036170212766	4.0144520273e-06	8.0289040546e-06	0	0	0.00110798875953	0	2.81011641911e-05	0.000132476916901	8.0289040546e-06	0.000674427940586	0.000289040545965	0	6.42312324368e-05	0	4.0144520273e-06	0	2.40867121638e-05	0	0	0	0.00059413890004	8.0289040546e-06	3.21156162184e-05	1.20433560819e-05	0.000533922119631	0	0	8.0289040546e-06	0.000305098354075	0	2.00722601365e-05	0	0	0	1.20433560819e-05	0.000626254516259	0.000140505820955	0.000859092733842	0.000293054997993	0.000176635889201	5.62023283822e-05	4.0144520273e-06	4.0144520273e-05	4.0144520273e-06	2.00722601365e-05	1.60578081092e-05	2.40867121638e-05	4.0144520273e-06	0
0.00434765154556	4.0144520273e-05	0.000417503010839	0	0.000289040545965	0.000614211160177	0.0031473303894	0.00185467683661	0.00928542753914	0.00040144520273	6.02167804095e-05	0.000517864311521	0.00113608992373	0.000112404656764	0.0162464873545	0.000790847049378	0.000381372942593	0.000305098354075	4.0144520273e-06	0.000112404656764	0.000425531914894	0.00278602970695	0.00034122842232	0.00209955841028	0.00178241670012	2.81011641911e-05	0.000152549177037	0.000224809313529	0.00185869128864	0.0446928944199	0.00804897631473	0	0.00278602970695	0.0134925732637	0.0191890806905	0	1.20433560819e-05	8.0289040546e-06	0	4.0144520273e-05	0	4.0144520273e-06	2.40867121638e-05	1.20433560819e-05	0.00025291047772	2.81011641911e-05	0	1.60578081092e-05	0	4.0144520273e-06	0	2.40867121638e-05	4.0144520273e-06	0	0	2.00722601365e-05	0	2.40867121638e-05	8.0289040546e-06	0.000152549177037	0	4.0144520273e-06	0	6.82456844641e-05	0	8.0289040546e-06	0	0	0	4.0144520273e-06	0.00234845443597	0.000497792051385	0.00720995584103	0.00211561621839	0.000907266158169	0.000658370132477	7.62745885187e-05	4.81734243276e-05	0	1.60578081092e-05	2.00722601365e-05	1.20433560819e-05	4.0144520273e-06	0
0.00207948615014	6.02167804095e-05	0.00145323163388	0	0.000124448012846	8.0289040546e-06	0.000417503010839	0.00370132476917	0.00118024889603	0.000782818145323	1.20433560819e-05	4.41589723003e-05	0.00025291047772	4.0144520273e-05	0.00186270574067	0.000100361300682	0.000919309514251	0.00100361300682	0	6.82456844641e-05	0.000120433560819	0.012199919711	0.000746688077077	0.00704937775994	0.00234443998394	0	0.00029706945002	0.000525893215576	0.00512645523886	0.00804897631473	0.0336491368928	0	8.0289040546e-06	0.00881172219992	0.0117904456042	0	1.20433560819e-05	0	0	6.82456844641e-05	0	4.0144520273e-06	6.02167804095e-05	8.0289040546e-06	0.000562023283822	3.21156162184e-05	0	2.40867121638e-05	0	0	0	2.81011641911e-05	0	0	4.0144520273e-06	1.60578081092e-05	4.0144520273e-06	6.02167804095e-05	1.20433560819e-05	0.00034122842232	0	4.0144520273e-06	1.60578081092e-05	0.000172621437174	0	1.60578081092e-05	0	0	0	4.0144520273e-06	0.00138498594942	0.000385387394621	0.00262946607788	0.000903251706142	0.00020875150542	0.000128462464874	1.60578081092e-05	3.21156162184e-05	8.0289040546e-06	4.0144520273e-06	8.0289040546e-06	8.0289040546e-06	0	0
0	3.61300682457e-05	0	0	0	0	0	0	0	0	0	0.00050582095544	0	0.00206342834203	0	0	0	4.0144520273e-06	6.82456844641e-05	2.00722601365e-05	0	0	0	0	0	0.000361300682457	0.00103974307507	0.00100361300682	0	0	0	0.00226013649137	0	0	2.40867121638e-05	0	2.81011641911e-05	0	0	0	0	0	0	0	0	0	2.00722601365e-05	0	4.0144520273e-06	0	0	0	4.0144520273e-06	0	0	0	0	0	0	0	1.60578081092e-05	2.40867121638e-05	1.20433560819e-05	0	0	0	4.0144520273e-06	0	0	4.0144520273e-06	0	2.00722601365e-05	8.0289040546e-06	0	0	0	4.0144520273e-06	0	2.81011641911e-05	1.20433560819e-05	0	0	0	4.0144520273e-06
2.40867121638e-05	4.0144520273e-06	1.60578081092e-05	0	0	0.00178643115215	0.000979526294661	8.0289040546e-06	0.00236852669611	0	0	5.21878763549e-05	1.20433560819e-05	4.0144520273e-06	0.00172219991971	2.81011641911e-05	0	1.20433560819e-05	0	1.60578081092e-05	4.0144520273e-06	8.0289040546e-06	4.0144520273e-06	2.81011641911e-05	4.0144520273e-06	4.0144520273e-06	2.00722601365e-05	8.0289040546e-06	4.0144520273e-06	0.00278602970695	8.0289040546e-06	0	0.00634684865516	1.20433560819e-05	0.00153352067443	0	0	4.0144520273e-06	0	0	0	0	0	0	0	0	0	0	0	0	0	0	0	0	0	0	0	0	0	0	0	0	0	0	0	0	0	0	0	0	4.0144520273e-05	1.20433560819e-05	0.000268968285829	9.23323966279e-05	2.40867121638e-05	9.23323966279e-05	4.0144520273e-06	0	0	0	0	0	0	0
0.00204335608189	2.00722601365e-05	0.000433560818948	0	0.000128462464874	3.21156162184e-05	0.000529907667603	0.00137294259334	0.0017944600562	0.000501806503412	4.0144520273e-06	4.81734243276e-05	0.000281011641911	2.40867121638e-05	0.00310718586913	0.000132476916901	0.000437575270976	0.000309112806102	0	2.00722601365e-05	0.000136491368928	0.0035447611401	0.000413488558812	0.00239261340827	0.00145724608591	0	8.43034925733e-05	0.000200722601365	0.00201124046568	0.0134925732637	0.00881172219992	0	1.20433560819e-05	0.0186431152148	0.0133319951827	4.0144520273e-06	4.0144520273e-06	4.0144520273e-06	0	4.81734243276e-05	0	4.0144520273e-06	4.81734243276e-05	1.20433560819e-05	0.00035728623043	3.21156162184e-05	0	3.61300682457e-05	0	4.0144520273e-06	0	3.61300682457e-05	4.0144520273e-06	0	0	3.21156162184e-05	4.0144520273e-06	3.61300682457e-05	1.20433560819e-05	0.000256924929747	0	4.0144520273e-06	4.0144520273e-06	0.000116419108792	0	8.0289040546e-06	0	0	0	1.20433560819e-05	0.00179044560418	0.000240867121638	0.00393416298675	0.00123645122441	0.000389401846648	0.000152549177037	1.60578081092e-05	5.62023283822e-05	8.0289040546e-06	2.40867121638e-05	2.00722601365e-05	1.20433560819e-05	0	0
0.00191087916499	0.00118827780008	0.0064552388599	0	0.000152549177037	0.000441589723003	0.00155359293456	0.00181051786431	0.00415094339623	0.00114010437575	2.00722601365e-05	0.00686471296668	0.000574066639904	0.00116017663589	0.00656764351666	0.000425531914894	0.00184263348053	0.0102488960257	0.000228823765556	0.00465274989964	0.000196708149338	0.00910076274589	0.0020152549177	0.01382175833	0.00268165395424	0.000521878763549	0.00604977920514	0.00451625853071	0.0036170212766	0.0191890806905	0.0117904456042	2.40867121638e-05	0.00153352067443	0.0133319951827	0.0646527498996	8.0289040546e-06	0.000345242874348	9.23323966279e-05	0	8.0289040546e-05	0	1.20433560819e-05	0.000136491368928	2.00722601365e-05	0.000919309514251	4.81734243276e-05	4.41589723003e-05	6.82456844641e-05	1.60578081092e-05	1.60578081092e-05	0	0.000132476916901	7.62745885187e-05	0	4.0144520273e-05	5.21878763549e-05	6.02167804095e-05	0.000413488558812	0.000132476916901	0.000590124448013	4.41589723003e-05	9.63468486552e-05	0.000168606985147	0.000333199518266	0	6.42312324368e-05	0	0	0	4.81734243276e-05	0.0102007226014	0.006471296668	0.0274106784424	0.00936973103171	0.00167001204336	0.00165395423525	0.000614211160177	0.00040144520273	0.000212765957447	0.00010437575271	6.42312324368e-05	2.81011641911e-05	4.0144520273e-06	4.0144520273e-06
0	0	4.0144520273e-06	0	0	0	0	0	0	8.0289040546e-06	0	0	0	0	0	0	4.0144520273e-06	4.0144520273e-06	0	0	0	8.0289040546e-06	4.0144520273e-06	4.0144520273e-06	4.0144520273e-06	0	4.0144520273e-06	8.0289040546e-06	4.0144520273e-06	0	0	0	0	4.0144520273e-06	8.0289040546e-06	0.0131112003212	4.0144520273e-06	8.0289040546e-06	0	0.000112404656764	1.60578081092e-05	0.000975511842633	0.00426736250502	0.00262946607788	0.000293054997993	0.000923323966279	1.60578081092e-05	0.000863107185869	0	0.0046768366118	0.00014853472501	6.82456844641e-05	1.60578081092e-05	0	1.20433560819e-05	0.000321156162184	5.62023283822e-05	5.21878763549e-05	7.22601364914e-05	0.000923323966279	4.0144520273e-06	4.0144520273e-06	1.60578081092e-05	0.000814933761542	0.00241670012043	0.000248896025692	0	8.0289040546e-06	0.000204737053392	9.23323966279e-05	1.60578081092e-05	0	4.0144520273e-06	0	4.0144520273e-06	0	0	0.000790847049378	0.000100361300682	0.000361300682457	0.000108390204737	0.00137695704536	7.62745885187e-05	4.0144520273e-06
0	0.00313127258129	0.000517864311521	0	0	0	0	0	0	4.0144520273e-06	0	0.000473705339221	0	0.000361300682457	0	0	8.0289040546e-06	0.000413488558812	9.63468486552e-05	0.000493777599358	0	1.20433560819e-05	4.81734243276e-05	0.00010437575271	0	0.00111601766359	0.00280610196708	0.00221597751907	8.0289040546e-06	1.20433560819e-05	1.20433560819e-05	2.81011641911e-05	0	4.0144520273e-06	0.000345242874348	4.0144520273e-06	0.0193416298675	0.00189883580891	0	0	0	4.0144520273e-06	2.40867121638e-05	0	3.21156162184e-05	0	0.000622240064231	4.0144520273e-06	0.000228823765556	0	0	0.000228823765556	0.00150943396226	8.43034925733e-05	0.000915295062224	0	0.000168606985147	0.00221196306704	0.000618225612204	4.0144520273e-06	0.00162585307106	0.00297470895223	0.00967482938579	1.60578081092e-05	0	5.62023283822e-05	0	0	0	0.000497792051385	0.00010437575271	0.000517864311521	0.000264953833802	0.000108390204737	4.0144520273e-06	8.0289040546e-06	1.20433560819e-05	0.00035728623043	0.00196708149338	0.000879164993978	0.000256924929747	2.81011641911e-05	2.00722601365e-05	3.61300682457e-05
0	0.000718586912886	0.000188679245283	0	0	0	0	0	4.0144520273e-06	0	0	6.02167804095e-05	0	3.21156162184e-05	4.0144520273e-06	0	8.0289040546e-06	0.00010437575271	0	7.22601364914e-05	0	0	3.61300682457e-05	5.21878763549e-05	0	9.23323966279e-05	0.000469690887194	0.000558008831794	0	8.0289040546e-06	0	0	4.0144520273e-06	4.0144520273e-06	9.23323966279e-05	8.0289040546e-06	0.00189883580891	0.0266680048173	0	8.0289040546e-06	0	2.00722601365e-05	0.000144520272983	1.60578081092e-05	6.82456844641e-05	4.0144520273e-06	0.000184664793256	2.00722601365e-05	2.00722601365e-05	8.0289040546e-06	1.20433560819e-05	0.000782818145323	0.00731031714171	8.0289040546e-06	0.000501806503412	0	0.0012203934163	0.00122842232035	0.00854275391409	8.0289040546e-05	5.21878763549e-05	0.00439983942192	0.00963067041349	0.000196708149338	4.0144520273e-06	0.000501806503412	0	0	4.0144520273e-06	0.00155359293456	3.61300682457e-05	0.000128462464874	9.23323966279e-05	2.81011641911e-05	0	4.0144520273e-06	4.0144520273e-06	0.00145724608591	0.00321557607387	0.00194299478121	0.000694500200723	9.63468486552e-05	2.40867121638e-05	2.00722601365e-05
0	0	0	0	0	0	0	0	0	0	0	0	0	0	0	0	0	0	0	0	0	0	0	0	0	0	0	0	0	0	0	0	0	0	0	0	0	0	0	0	0	0	0	0	0	0	0	0	0	0	0	0	0	0	0	0	0	0	0	0	0	0	0	0	0	0	0	0	0	0	0	0	0	0	0	0	0	0	0	0	0	0	0	0
4.0144520273e-06	4.0144520273e-06	4.0144520273e-06	0	0.00124046567644	4.0144520273e-06	0	3.21156162184e-05	4.0144520273e-06	0.000128462464874	0.00010437575271	0	0	0	1.60578081092e-05	0	2.81011641911e-05	0	0	0	3.61300682457e-05	3.61300682457e-05	5.21878763549e-05	2.81011641911e-05	0.000156563629065	0	4.0144520273e-06	4.0144520273e-06	0.00110798875953	4.0144520273e-05	6.82456844641e-05	0	0	4.81734243276e-05	8.0289040546e-05	0.000112404656764	0	8.0289040546e-06	0	0.0178040947411	0	0.000220794861501	0.00193496587716	0.000132476916901	0.00177840224809	0.00558008831794	0	0.00184263348053	0	6.82456844641e-05	8.0289040546e-06	7.22601364914e-05	0	0	0	0.00644720995584	2.81011641911e-05	4.81734243276e-05	3.61300682457e-05	0.00849458048976	0	0	4.0144520273e-06	0.00527498996387	3.61300682457e-05	8.83179446006e-05	0	0	4.0144520273e-06	3.21156162184e-05	0.000100361300682	1.60578081092e-05	0	0	1.60578081092e-05	0	0	0.000144520272983	3.61300682457e-05	3.21156162184e-05	1.20433560819e-05	0.000136491368928	4.0144520273e-06	0
0	0	0	0	0	0	0	0	0	0	0	0	0	0	0	0	0	0	0	0	0	0	0	0	0	0	0	0	0	0	0	0	0	0	0	1.60578081092e-05	0	0	0	0	0.00398635086311	0.00217984745082	4.0144520273e-06	0.00119229225211	0	8.0289040546e-06	1.20433560819e-05	0	0	0.00019269369731	0.000859092733842	0	0	0	0	0	0	4.0144520273e-06	0	0	0	0	0	0	0.000180650341228	0	0	0.00048976314733	0	8.0289040546e-06	0	0	0	0	0	0	0	2.81011641911e-05	1.20433560819e-05	6.42312324368e-05	1.60578081092e-05	0.001617824167	0.00089120835006	0
4.0144520273e-06	0	0	0	1.60578081092e-05	0	0	0	4.0144520273e-06	1.20433560819e-05	1.20433560819e-05	0	4.0144520273e-06	0	4.0144520273e-06	0	0	0	0	0	1.20433560819e-05	8.0289040546e-06	4.0144520273e-06	4.0144520273e-06	0	0	4.0144520273e-06	0	2.81011641911e-05	4.0144520273e-06	4.0144520273e-06	0	0	4.0144520273e-06	1.20433560819e-05	0.000975511842633	4.0144520273e-06	2.00722601365e-05	0	0.000220794861501	0.00217984745082	0.0319550381373	0.00303091128061	0.00993175431554	0.000200722601365	0.0109514251305	1.60578081092e-05	0.00571256523485	4.0144520273e-06	0.00255720594139	0.00307105580088	2.40867121638e-05	0	0	4.0144520273e-06	0.00166599759133	1.60578081092e-05	1.60578081092e-05	3.61300682457e-05	0.000493777599358	4.0144520273e-06	4.0144520273e-06	1.60578081092e-05	0.000770774789241	0.00101164191088	6.82456844641e-05	0	0.000449618627057	4.0144520273e-06	6.02167804095e-05	1.60578081092e-05	0	4.0144520273e-06	0	4.0144520273e-06	0	0	0.000453633079085	8.0289040546e-05	0.00063829787234	0.000172621437174	0.00479727017262	0.000859092733842	4.0144520273e-06
