0.021821752311	5.97344802354e-05	0.000104535340412	0	0.000149336200588	3.73340501471e-05	0.00165389842152	0.00973298687335	0.00777294924063	0.00135149261532	0.00156803010618	0.000526410107074	0.000220270895868	3.73340501471e-05	0.00977405432851	0.000108268745427	0.0001269357705	0.000272538566074	8.9601720353e-05	0.000291205591147	0.000250138135986	0.000156803010618	0.000332273046309	0.000306139211206	0.00138882666547	1.12002150441e-05	0.000283738781118	0.000160536415633	0.00239684601944	0.00840389468811	0.0047712916088	7.46681002942e-06	7.46681002942e-05	8.58683153383e-05	0.00277018652091	5.60010752206e-05	4.85342651912e-05	2.6133835103e-05	0	4.48008601765e-05	0	1.12002150441e-05	0.000209070680824	4.85342651912e-05	0.000716813762824	5.97344802354e-05	1.86670250735e-05	2.24004300883e-05	7.46681002942e-06	9.70685303825e-05	3.73340501471e-06	0.000164269820647	1.86670250735e-05	0	1.12002150441e-05	5.22676702059e-05	8.9601720353e-05	0.000257604946015	8.58683153383e-05	0.000560010752206	1.49336200588e-05	5.22676702059e-05	5.22676702059e-05	0.000339739856339	0.000156803010618	0.000212804085838	0	3.73340501471e-06	8.9601720353e-05	0.000201603870794	0.000742947597927	0.000205337275809	0.00204590594806	0.000489076056927	0.000421874766662	0.000298672401177	3.73340501471e-06	9.70685303825e-05	2.98672401177e-05	0.000149336200588	8.21349103236e-05	3.73340501471e-06	2.24004300883e-05	1.12002150441e-05
5.97344802354e-05	0.0158557710975	0.00150829562594	0	0	0	2.6133835103e-05	0.000227737705897	3.36006451324e-05	0.000802682078163	1.12002150441e-05	0.000552543942177	1.86670250735e-05	0.000574944372265	3.73340501471e-05	1.49336200588e-05	0.000440541791736	0.000854949748369	7.09346952795e-05	0.00116108895957	1.12002150441e-05	0.000175470035691	0.00247898092977	0.00077654824306	0.000679479712677	0.00140002688052	0.0048982273793	0.00625345339964	0.000406941146603	6.72012902648e-05	0.000265071756044	0.000100801935397	3.73340501471e-06	3.73340501471e-06	0.00100801935397	2.6133835103e-05	0.00639158938518	0.000522676702059	0	0	0	3.73340501471e-06	2.98672401177e-05	3.73340501471e-06	2.24004300883e-05	7.46681002942e-06	0.000294938996162	7.46681002942e-06	0.000425608171677	2.6133835103e-05	3.73340501471e-06	4.10674551618e-05	0.000421874766662	0.000104535340412	0.000272538566074	0	3.73340501471e-05	0.000100801935397	0.000235204515927	2.98672401177e-05	0.00254244881502	0.00341233218344	0.0051259650852	2.6133835103e-05	4.85342651912e-05	4.85342651912e-05	0.000108268745427	0	1.86670250735e-05	0.000145602795574	0.000843749533324	0.000556277347192	0.000854949748369	0.000194137060765	3.36006451324e-05	1.12002150441e-05	2.6133835103e-05	0.000209070680824	0.000321072831265	0.000160536415633	4.85342651912e-05	3.73340501471e-06	3.73340501471e-06	1.49336200588e-05
0.000104535340412	0.00150829562594	0.0347318668518	0	0	0	5.60010752206e-05	0.00159043053627	0.0001269357705	0.000209070680824	4.48008601765e-05	0.000272538566074	0	6.34678852501e-05	7.46681002942e-05	1.12002150441e-05	0.000470409031853	0.00173229992683	2.6133835103e-05	0.000787748458104	0	0.00132909218524	0.00148589519585	0.00913937547601	0.000373340501471	0.000100801935397	0.00739587533414	0.0118274270866	0.00229231067903	7.46681002942e-05	0.00136642623538	1.86670250735e-05	7.46681002942e-06	0	0.00168749906665	5.22676702059e-05	0.00967698579813	0.00306885892209	0	7.46681002942e-06	0	7.46681002942e-06	0.000104535340412	2.98672401177e-05	5.60010752206e-05	1.12002150441e-05	4.85342651912e-05	3.73340501471e-06	2.24004300883e-05	5.97344802354e-05	0	0.000175470035691	0.00192270358258	1.49336200588e-05	0.00044427519675	3.73340501471e-06	0.000209070680824	0.00032480623628	0.00184056867225	0.000112002150441	0.000242671325956	0.00271045204068	0.00523423383062	6.72012902648e-05	9.70685303825e-05	0.000220270895868	3.73340501471e-06	3.73340501471e-06	2.98672401177e-05	0.000362140286427	0.00247151411974	0.00254991562505	0.00164269820647	0.000466675626839	0.000112002150441	4.85342651912e-05	0	0.000481609246898	0.000601078207368	0.000365873691442	0.00019040365575	3.73340501471e-06	7.46681002942e-06	1.86670250735e-05
0	0	0	0	0	0	0	0	0	0	0	0	0	0	0	0	0	0	0	0	0	0	0	0	0	0	0	0	0	0	0	0	0	0	0	0	0	0	0	0	0	0	0	0	0	0	0	0	0	0	0	0	0	0	0	0	0	0	0	0	0	0	0	0	0	0	0	0	0	0	0	0	0	0	0	0	0	0	0	0	0	0	0	0
0.000149336200588	0	0	0	0.0178792766154	2.24004300883e-05	0.00104535340412	0.00173229992683	0.000586144587309	0.000888550393501	0.00303152487194	4.10674551618e-05	0.00518196616042	0	0.000212804085838	0.000138135985544	3.73340501471e-06	3.73340501471e-06	0	7.46681002942e-06	0.00965085196302	7.46681002942e-06	2.98672401177e-05	2.24004300883e-05	0.00858683153383	1.49336200588e-05	7.46681002942e-06	3.73340501471e-06	0.00809028866688	8.21349103236e-05	3.36006451324e-05	0	1.86670250735e-05	7.46681002942e-06	0.000268805161059	7.46681002942e-06	0	3.73340501471e-06	0	0.000604811612383	0	3.36006451324e-05	0.000130669175515	4.10674551618e-05	0.000485342651912	0.000168003225662	0	0.000205337275809	0	4.10674551618e-05	3.73340501471e-06	3.73340501471e-06	3.73340501471e-06	0	0	0.000563744157221	0	1.86670250735e-05	1.12002150441e-05	0.000828815913266	7.46681002942e-06	7.46681002942e-06	3.73340501471e-06	0.000268805161059	4.10674551618e-05	7.46681002942e-06	0	0	2.24004300883e-05	3.36006451324e-05	0.000115735555456	1.86670250735e-05	0.000283738781118	6.72012902648e-05	0.0001269357705	6.34678852501e-05	7.46681002942e-06	3.73340501471e-05	0	1.86670250735e-05	7.46681002942e-06	5.22676702059e-05	0	0
3.73340501471e-05	0	0	0	2.24004300883e-05	0.00587637949315	0.00247524752475	0.000138135985544	0.00119468960471	2.98672401177e-05	0.000112002150441	7.09346952795e-05	5.97344802354e-05	1.12002150441e-05	0.000268805161059	0.00110135447934	1.12002150441e-05	0	3.73340501471e-06	7.46681002942e-06	3.73340501471e-05	1.12002150441e-05	1.12002150441e-05	3.73340501471e-06	5.60010752206e-05	0	3.73340501471e-06	7.46681002942e-06	8.58683153383e-05	7.84015053089e-05	2.6133835103e-05	0	0.00203470573302	0	0.000690679927721	0	3.73340501471e-06	0	0	0	0	0	0	0	1.12002150441e-05	0	0	0	0	3.73340501471e-06	0	0	0	0	0	0	3.73340501471e-06	3.73340501471e-06	7.46681002942e-06	7.46681002942e-06	0	3.73340501471e-06	7.46681002942e-06	3.73340501471e-06	0	0	0	0	0	0	0.000182936845721	2.24004300883e-05	0.000332273046309	9.70685303825e-05	0.000530143512089	0.00153816286606	0	3.73340501471e-06	0	3.73340501471e-06	3.73340501471e-06	0	0	0
0.00165389842152	2.6133835103e-05	5.60010752206e-05	0	0.00104535340412	0.00247524752475	0.0447485925063	0.00689559906217	0.0227476367546	0.000877350178457	0.0140376028553	0.000907217418574	0.00615265146424	0.000100801935397	0.00564864178726	0.00259471648522	7.09346952795e-05	5.60010752206e-05	0.000112002150441	0.000212804085838	0.00253124859997	8.21349103236e-05	0.000119468960471	0.000175470035691	0.00104535340412	7.09346952795e-05	0.000205337275809	8.21349103236e-05	0.00274405268581	0.000649612472559	0.000518943297045	7.46681002942e-06	0.00103788659409	2.24004300883e-05	0.00268805161059	1.86670250735e-05	1.86670250735e-05	3.73340501471e-06	0	6.34678852501e-05	0	3.36006451324e-05	0.000108268745427	2.98672401177e-05	0.000392007526545	4.10674551618e-05	7.46681002942e-06	1.86670250735e-05	3.73340501471e-06	4.85342651912e-05	0	3.73340501471e-05	3.73340501471e-06	0	0	5.97344802354e-05	2.98672401177e-05	7.09346952795e-05	3.36006451324e-05	0.000500276271971	1.49336200588e-05	7.46681002942e-06	1.49336200588e-05	0.000201603870794	6.72012902648e-05	4.10674551618e-05	0	3.73340501471e-06	2.98672401177e-05	7.46681002942e-05	0.00184803548228	0.000253871541	0.00303899168197	0.00064214566253	0.00345339963861	0.00178083419202	2.6133835103e-05	5.22676702059e-05	1.49336200588e-05	5.60010752206e-05	1.49336200588e-05	7.46681002942e-06	0	0
0.00973298687335	0.000227737705897	0.00159043053627	0	0.00173229992683	0.000138135985544	0.00689559906217	0.0741640906172	0.0155384316712	0.00498036228962	0.0102145961202	0.00125815748996	0.000649612472559	0.000100801935397	0.00875483475949	0.000477875841883	0.000377073906486	0.00156429670116	0.000205337275809	0.00134775921031	0.000854949748369	0.00171363290175	0.001015486164	0.00372220479967	0.00772068157042	5.22676702059e-05	0.00170989949674	0.00106402042919	0.0286949509431	0.0042374146917	0.0153592282305	2.98672401177e-05	0.000235204515927	0.000164269820647	0.00831802637277	0.00019787046578	0.00044427519675	0.000246404730971	0	0.00044427519675	0	0.000141869390559	0.0010416199991	0.000283738781118	0.00319206128758	0.000481609246898	5.97344802354e-05	0.000246404730971	3.73340501471e-05	0.000500276271971	2.98672401177e-05	0.000433074981706	0.000123202365485	7.46681002942e-06	4.48008601765e-05	0.000541343727133	0.000313606021236	0.000866149963413	0.000440541791736	0.00344966623359	8.58683153383e-05	0.000287472186133	0.000336006451324	0.00157176351119	0.000649612472559	0.000601078207368	0	1.12002150441e-05	0.00032480623628	0.000940818063707	0.00343846601855	0.00089601720353	0.00714947060317	0.00209817361827	0.00150456222093	0.00109762107432	3.36006451324e-05	0.000399474336574	0.000164269820647	0.000728013977868	0.000403207741589	8.9601720353e-05	5.60010752206e-05	1.49336200588e-05
0.00777294924063	3.36006451324e-05	0.0001269357705	0	0.000586144587309	0.00119468960471	0.0227476367546	0.0155384316712	0.0467272971641	0.001015486164	0.00876230156952	0.00100801935397	0.00184430207727	9.70685303825e-05	0.0138061317444	0.000526410107074	0.000104535340412	0.000216537490853	0.000168003225662	0.000347206666368	0.00131042516016	0.000216537490853	0.000194137060765	0.000302405806191	0.00128429132506	7.84015053089e-05	0.000358406881412	0.000164269820647	0.00354300135896	0.00173229992683	0.0020571061631	7.46681002942e-06	0.000922151038633	4.48008601765e-05	0.00349446709377	4.10674551618e-05	2.6133835103e-05	1.86670250735e-05	0	8.21349103236e-05	0	5.22676702059e-05	0.000216537490853	5.60010752206e-05	0.000787748458104	9.33351253677e-05	2.24004300883e-05	4.48008601765e-05	7.46681002942e-06	0.000104535340412	0	8.58683153383e-05	1.12002150441e-05	0	3.73340501471e-06	8.9601720353e-05	7.46681002942e-05	0.000153069605603	6.72012902648e-05	0.000802682078163	1.12002150441e-05	3.36006451324e-05	3.36006451324e-05	0.000369607096456	0.000149336200588	0.0001269357705	3.73340501471e-06	7.46681002942e-06	7.09346952795e-05	0.000179203440706	0.0017248331168	0.000313606021236	0.00373340501471	0.000940818063707	0.00267685139555	0.00150456222093	4.10674551618e-05	9.70685303825e-05	2.98672401177e-05	0.000175470035691	9.70685303825e-05	1.12002150441e-05	2.24004300883e-05	7.46681002942e-06
0.00135149261532	0.000802682078163	0.000209070680824	0	0.000888550393501	2.98672401177e-05	0.000877350178457	0.00498036228962	0.001015486164	0.0278549348147	0.000619745232442	0.000238937920941	0.00256484924511	3.73340501471e-05	0.000806415483177	0.000862416558398	0.00070561354778	0.000179203440706	1.86670250735e-05	0.000138135985544	0.000720547167839	0.000175470035691	0.00557770709198	0.000459208816809	0.0141720054358	0.000164269820647	0.000253871541	0.000970685303825	0.00910204142586	0.00200110508788	0.00199737168287	1.12002150441e-05	2.6133835103e-05	8.21349103236e-05	0.0018032346221	0.00031733942625	0.000216537490853	0.000209070680824	0	0.000414407956633	3.73340501471e-06	0.000112002150441	0.0010416199991	0.000246404730971	0.00699266759255	0.000287472186133	5.97344802354e-05	0.000212804085838	2.24004300883e-05	0.000530143512089	1.86670250735e-05	0.00120588981975	0.000100801935397	1.12002150441e-05	2.6133835103e-05	0.000406941146603	0.000601078207368	0.00239311261443	0.000556277347192	0.00433448322208	3.36006451324e-05	0.000171736630677	0.000231471110912	0.00226617684393	0.000869883368427	0.00113868852949	0	3.73340501471e-06	0.000537610322118	0.00124695727491	0.00170989949674	0.000283738781118	0.00167256544659	0.000612278422412	0.000530143512089	0.00019787046578	1.49336200588e-05	0.000645879067545	0.000186670250735	0.000907217418574	0.000399474336574	0.000145602795574	7.09346952795e-05	3.73340501471e-05
0.00156803010618	1.12002150441e-05	4.48008601765e-05	0	0.00303152487194	0.000112002150441	0.0140376028553	0.0102145961202	0.00876230156952	0.000619745232442	0.0421688096411	0.000601078207368	0.00499156250467	2.6133835103e-05	0.00243791347461	0.000179203440706	2.6133835103e-05	3.73340501471e-05	4.85342651912e-05	0.000149336200588	0.00605931633887	5.22676702059e-05	4.85342651912e-05	0.000138135985544	0.00109388766931	2.24004300883e-05	0.000168003225662	8.21349103236e-05	0.00683586458193	0.000429341576692	0.000209070680824	7.46681002942e-06	0.000186670250735	7.46681002942e-06	0.0023856458044	2.6133835103e-05	1.49336200588e-05	3.73340501471e-06	0	0.000145602795574	0	1.86670250735e-05	0.0001269357705	2.98672401177e-05	0.000504009676986	0.000164269820647	1.49336200588e-05	6.34678852501e-05	3.73340501471e-06	7.46681002942e-05	3.73340501471e-06	3.36006451324e-05	1.49336200588e-05	0	3.73340501471e-06	0.000205337275809	7.46681002942e-06	4.48008601765e-05	2.24004300883e-05	0.000761614623001	1.12002150441e-05	1.49336200588e-05	1.12002150441e-05	0.000283738781118	7.46681002942e-05	2.98672401177e-05	0	0	2.98672401177e-05	6.34678852501e-05	0.000765348028015	0.000153069605603	0.00254991562505	0.000500276271971	0.00096695189881	0.000645879067545	1.12002150441e-05	6.34678852501e-05	1.12002150441e-05	5.60010752206e-05	3.36006451324e-05	3.36006451324e-05	7.46681002942e-06	0
0.000526410107074	0.000552543942177	0.000272538566074	0	4.10674551618e-05	7.09346952795e-05	0.000907217418574	0.00125815748996	0.00100801935397	0.000238937920941	0.000601078207368	0.03426892463	0.000205337275809	0.00568970924242	0.00101175275899	1.12002150441e-05	8.9601720353e-05	0.00248271433478	0.00531636874095	0.0121298328928	0.00019787046578	0.000377073906486	0.000179203440706	0.000698146737751	0.000220270895868	0.00346086644864	0.0114988874453	0.00299045741678	0.000623478637457	0.000418141361647	0.00070561354778	0.000847482938339	0.000119468960471	2.98672401177e-05	0.0115623553306	7.46681002942e-06	0.000537610322118	6.72012902648e-05	0	1.12002150441e-05	0	3.73340501471e-06	4.85342651912e-05	0	0.000123202365485	2.6133835103e-05	0.00187043591237	0	0.00171736630677	3.36006451324e-05	0	3.36006451324e-05	8.21349103236e-05	0.000175470035691	0.0001269357705	1.86670250735e-05	4.85342651912e-05	7.84015053089e-05	0.000108268745427	9.33351253677e-05	0.0025125815749	0.00168003225662	0.00127309111002	5.60010752206e-05	6.72012902648e-05	2.98672401177e-05	0.000209070680824	3.73340501471e-06	1.86670250735e-05	0.000179203440706	0.00246031390469	0.00440168451234	0.010920209668	0.00117975598465	0.000242671325956	0.000201603870794	0.000854949748369	9.33351253677e-05	0.000399474336574	0.000242671325956	6.34678852501e-05	0	0	2.24004300883e-05
0.000220270895868	1.86670250735e-05	0	0	0.00518196616042	5.97344802354e-05	0.00615265146424	0.000649612472559	0.00184430207727	0.00256484924511	0.00499156250467	0.000205337275809	0.026391440049	1.49336200588e-05	0.000634678852501	0.00196003763272	1.49336200588e-05	1.12002150441e-05	1.49336200588e-05	3.73340501471e-05	0.0119916969072	1.12002150441e-05	0.000138135985544	1.49336200588e-05	0.00433821662709	2.24004300883e-05	2.98672401177e-05	2.6133835103e-05	0.002792586951	0.000112002150441	3.73340501471e-05	0	2.98672401177e-05	0	0.000638412257515	0	3.73340501471e-06	3.73340501471e-06	0	0.000108268745427	0	0.000149336200588	4.10674551618e-05	2.6133835103e-05	0.000283738781118	0.000238937920941	0	0.00149336200588	0	6.34678852501e-05	3.73340501471e-06	7.46681002942e-06	0	0	0	0.000507743082001	3.73340501471e-06	2.98672401177e-05	1.49336200588e-05	0.000470409031853	7.46681002942e-06	3.73340501471e-06	7.46681002942e-06	0.000119468960471	5.97344802354e-05	7.46681002942e-06	0	0	0	4.10674551618e-05	0.000253871541	3.73340501471e-05	0.000668279497633	7.46681002942e-05	0.000429341576692	0.000175470035691	0	4.48008601765e-05	7.46681002942e-06	3.73340501471e-05	1.49336200588e-05	2.98672401177e-05	0	0
3.73340501471e-05	0.000574944372265	6.34678852501e-05	0	0	1.12002150441e-05	0.000100801935397	0.000100801935397	9.70685303825e-05	3.73340501471e-05	2.6133835103e-05	0.00568970924242	1.49336200588e-05	0.0133842569777	0.000115735555456	0	2.24004300883e-05	6.34678852501e-05	0.000164269820647	0.000410674551618	7.46681002942e-06	1.86670250735e-05	0.000115735555456	5.22676702059e-05	3.73340501471e-05	0.00420754745158	0.00476009139375	0.00254991562505	1.86670250735e-05	4.48008601765e-05	1.86670250735e-05	0.000828815913266	1.86670250735e-05	3.73340501471e-06	0.000698146737751	0	0.000175470035691	1.86670250735e-05	0	3.73340501471e-06	0	3.73340501471e-06	3.73340501471e-06	7.46681002942e-06	1.12002150441e-05	3.73340501471e-06	0.00146349476577	3.73340501471e-06	0.00149336200588	1.49336200588e-05	0	0	1.86670250735e-05	0.000100801935397	6.34678852501e-05	7.46681002942e-06	0	3.73340501471e-06	3.73340501471e-06	7.46681002942e-06	0.00162029777638	0.000899750608545	0.000518943297045	3.73340501471e-06	2.24004300883e-05	3.73340501471e-06	0.000186670250735	0	0	0.000104535340412	0.000175470035691	0.00156803010618	0.00100801935397	0.0001269357705	3.36006451324e-05	4.10674551618e-05	0.00064214566253	1.86670250735e-05	0.000283738781118	0.000115735555456	0	0	0	1.49336200588e-05
0.00977405432851	3.73340501471e-05	7.46681002942e-05	0	0.000212804085838	0.000268805161059	0.00564864178726	0.00875483475949	0.0138061317444	0.000806415483177	0.00243791347461	0.00101175275899	0.000634678852501	0.000115735555456	0.0287397518032	0.000160536415633	8.9601720353e-05	0.000153069605603	0.000123202365485	0.000283738781118	0.000470409031853	0.000164269820647	0.000175470035691	0.000216537490853	0.000858683153383	5.60010752206e-05	0.000343473261353	0.000153069605603	0.0018517688873	0.00489076056927	0.00267685139555	1.49336200588e-05	0.000981885518869	5.97344802354e-05	0.00336006451324	4.10674551618e-05	3.73340501471e-05	1.12002150441e-05	0	3.73340501471e-05	0	1.12002150441e-05	0.000153069605603	4.10674551618e-05	0.000481609246898	4.48008601765e-05	1.12002150441e-05	2.6133835103e-05	1.12002150441e-05	6.72012902648e-05	3.73340501471e-06	7.84015053089e-05	3.73340501471e-06	3.73340501471e-06	7.46681002942e-06	5.22676702059e-05	6.34678852501e-05	0.000123202365485	4.10674551618e-05	0.000425608171677	2.6133835103e-05	4.10674551618e-05	4.10674551618e-05	0.000242671325956	0.000104535340412	0.000130669175515	0	7.46681002942e-06	5.97344802354e-05	0.000112002150441	0.00106402042919	0.000302405806191	0.00322939533772	0.00064214566253	0.00112002150441	0.000869883368427	3.36006451324e-05	4.85342651912e-05	4.48008601765e-05	0.000108268745427	7.46681002942e-05	3.73340501471e-06	1.86670250735e-05	7.46681002942e-06
0.000108268745427	1.49336200588e-05	1.12002150441e-05	0	0.000138135985544	0.00110135447934	0.00259471648522	0.000477875841883	0.000526410107074	0.000862416558398	0.000179203440706	1.12002150441e-05	0.00196003763272	0	0.000160536415633	0.00802682078163	7.84015053089e-05	2.6133835103e-05	0	1.12002150441e-05	0.00019040365575	0.000108268745427	0.000168003225662	0.000160536415633	0.000597344802354	0	1.12002150441e-05	3.36006451324e-05	0.000582411182295	0.000164269820647	0.000238937920941	0	0.000168003225662	7.46681002942e-06	0.000287472186133	3.73340501471e-06	1.12002150441e-05	4.48008601765e-05	0	1.86670250735e-05	0	1.12002150441e-05	5.60010752206e-05	1.49336200588e-05	0.000130669175515	1.86670250735e-05	7.46681002942e-06	7.46681002942e-06	7.46681002942e-06	1.49336200588e-05	0	3.36006451324e-05	7.46681002942e-06	0	0	1.49336200588e-05	3.36006451324e-05	4.85342651912e-05	9.70685303825e-05	0.0001269357705	3.73340501471e-06	1.86670250735e-05	4.48008601765e-05	7.46681002942e-05	3.36006451324e-05	2.24004300883e-05	0	0	1.12002150441e-05	7.09346952795e-05	0.000336006451324	7.84015053089e-05	0.000425608171677	0.000242671325956	0.000298672401177	0.000108268745427	0	5.22676702059e-05	2.6133835103e-05	0.000145602795574	0.0001269357705	7.46681002942e-06	0	3.73340501471e-06
0.0001269357705	0.000440541791736	0.000470409031853	0	3.73340501471e-06	1.12002150441e-05	7.09346952795e-05	0.000377073906486	0.000104535340412	0.00070561354778	2.6133835103e-05	8.9601720353e-05	1.49336200588e-05	2.24004300883e-05	8.9601720353e-05	7.84015053089e-05	0.0234233830623	0.000209070680824	2.6133835103e-05	0.000171736630677	3.73340501471e-06	0.00248271433478	0.0105132685214	0.00771321476039	0.00651852515568	4.85342651912e-05	0.000369607096456	0.00511103146514	0.00461448859818	0.000112002150441	0.00108642085928	3.73340501471e-06	1.49336200588e-05	1.12002150441e-05	0.00111255469438	1.49336200588e-05	0.000332273046309	0.000246404730971	0	3.73340501471e-06	0	0	3.36006451324e-05	0	7.46681002942e-05	3.73340501471e-06	1.12002150441e-05	0	3.73340501471e-06	1.12002150441e-05	0	0.00100801935397	8.21349103236e-05	7.46681002942e-06	1.12002150441e-05	3.73340501471e-06	0.000470409031853	0.00215044128847	0.00144109433568	0.000138135985544	2.6133835103e-05	0.000141869390559	0.000836282723295	7.46681002942e-05	1.86670250735e-05	0.000160536415633	0	0	7.46681002942e-06	0.000112002150441	0.00190776996252	0.000526410107074	0.00141869390559	0.000690679927721	0.000182936845721	0.000100801935397	0	0.0001269357705	9.33351253677e-05	0.000156803010618	0.000104535340412	3.73340501471e-06	7.46681002942e-06	3.73340501471e-06
0.000272538566074	0.000854949748369	0.00173229992683	0	3.73340501471e-06	0	5.60010752206e-05	0.00156429670116	0.000216537490853	0.000179203440706	3.73340501471e-05	0.00248271433478	1.12002150441e-05	6.34678852501e-05	0.000153069605603	2.6133835103e-05	0.000209070680824	0.0223220285829	0.000884816988486	0.00894150501023	0	0.00137762645043	0.000507743082001	0.00753401131968	0.000227737705897	7.46681002942e-05	0.00522676702059	0.00278885354599	0.000888550393501	0.000182936845721	0.00266191777549	2.24004300883e-05	1.12002150441e-05	7.46681002942e-06	0.00823215805743	7.46681002942e-06	0.00250138135986	0.000212804085838	0	3.73340501471e-06	0	0	2.24004300883e-05	0	4.85342651912e-05	0	7.09346952795e-05	0	5.22676702059e-05	1.86670250735e-05	3.73340501471e-06	6.34678852501e-05	0.00032480623628	4.85342651912e-05	0.000350940071383	0	4.10674551618e-05	0.000104535340412	0.000182936845721	2.6133835103e-05	0.000690679927721	0.00199737168287	0.00195257082269	2.98672401177e-05	2.98672401177e-05	4.85342651912e-05	1.12002150441e-05	0	1.86670250735e-05	0.000119468960471	0.00152696265102	0.00169123247166	0.0024117796395	0.000589877992324	6.34678852501e-05	5.22676702059e-05	3.73340501471e-06	0.000130669175515	0.00019040365575	0.000123202365485	6.34678852501e-05	0	3.73340501471e-06	0
8.9601720353e-05	7.09346952795e-05	2.6133835103e-05	0	0	3.73340501471e-06	0.000112002150441	0.000205337275809	0.000168003225662	1.86670250735e-05	4.85342651912e-05	0.00531636874095	1.49336200588e-05	0.000164269820647	0.000123202365485	0	2.6133835103e-05	0.000884816988486	0.00736600809402	0.00463315562325	7.46681002942e-06	5.97344802354e-05	2.24004300883e-05	0.000156803010618	4.10674551618e-05	0.0001269357705	0.00260591670027	0.000250138135986	8.21349103236e-05	9.70685303825e-05	0.000160536415633	3.73340501471e-05	3.73340501471e-06	3.73340501471e-06	0.00188910293744	0	0.000100801935397	1.12002150441e-05	0	3.73340501471e-06	0	0	3.73340501471e-06	0	7.46681002942e-06	0	8.58683153383e-05	0	9.33351253677e-05	0	0	3.73340501471e-06	1.49336200588e-05	1.12002150441e-05	1.86670250735e-05	0	0	7.46681002942e-06	1.49336200588e-05	1.12002150441e-05	0.000220270895868	0.000235204515927	0.00019787046578	3.73340501471e-06	0	0	1.49336200588e-05	0	0	2.24004300883e-05	0.000373340501471	0.000321072831265	0.00169123247166	0.000238937920941	1.86670250735e-05	7.46681002942e-06	3.73340501471e-06	2.6133835103e-05	2.98672401177e-05	2.24004300883e-05	1.86670250735e-05	0	0	0
0.000291205591147	0.00116108895957	0.000787748458104	0	7.46681002942e-06	7.46681002942e-06	0.000212804085838	0.00134775921031	0.000347206666368	0.000138135985544	0.000149336200588	0.0121298328928	3.73340501471e-05	0.000410674551618	0.000283738781118	1.12002150441e-05	0.000171736630677	0.00894150501023	0.00463315562325	0.0295200334513	5.22676702059e-05	0.000854949748369	0.000395740931559	0.00188910293744	0.000231471110912	0.000294938996162	0.0139778683751	0.00400221017577	0.000798948673148	0.000246404730971	0.00181816824216	7.84015053089e-05	2.24004300883e-05	3.36006451324e-05	0.012447172319	7.46681002942e-06	0.00214670788346	0.00013440258053	0	0	0	0	3.73340501471e-05	3.73340501471e-06	5.22676702059e-05	0	0.000377073906486	0	0.000224004300883	1.86670250735e-05	0	3.36006451324e-05	0.000182936845721	0.000119468960471	0.000257604946015	0	4.10674551618e-05	6.72012902648e-05	0.000160536415633	2.6133835103e-05	0.00218030852859	0.00267685139555	0.00246404730971	2.6133835103e-05	3.73340501471e-05	3.36006451324e-05	3.36006451324e-05	0	1.12002150441e-05	0.000160536415633	0.00379313949494	0.00231097770411	0.00782521691083	0.00127309111002	0.000112002150441	8.21349103236e-05	2.24004300883e-05	9.33351253677e-05	0.00019787046578	0.000149336200588	7.09346952795e-05	0	0	3.73340501471e-06
0.000250138135986	1.12002150441e-05	0	0	0.00965085196302	3.73340501471e-05	0.00253124859997	0.000854949748369	0.00131042516016	0.000720547167839	0.00605931633887	0.00019787046578	0.0119916969072	7.46681002942e-06	0.000470409031853	0.00019040365575	3.73340501471e-06	0	7.46681002942e-06	5.22676702059e-05	0.0209406687275	0	2.98672401177e-05	1.49336200588e-05	0.00508863103505	1.12002150441e-05	4.10674551618e-05	2.24004300883e-05	0.00431954960202	9.33351253677e-05	2.24004300883e-05	0	2.98672401177e-05	7.46681002942e-06	0.000589877992324	1.12002150441e-05	3.73340501471e-06	0	0	7.09346952795e-05	0	1.86670250735e-05	3.36006451324e-05	1.86670250735e-05	0.000339739856339	0.000108268745427	0	6.34678852501e-05	0	1.49336200588e-05	0	3.73340501471e-06	0	0	0	0.000156803010618	0	1.49336200588e-05	7.46681002942e-06	0.000448008601765	3.73340501471e-06	0	3.73340501471e-06	0.000160536415633	1.86670250735e-05	3.73340501471e-06	0	0	3.73340501471e-06	1.49336200588e-05	0.000179203440706	3.73340501471e-05	0.000664546092618	8.9601720353e-05	0.00031733942625	0.000160536415633	7.46681002942e-06	2.6133835103e-05	0	7.46681002942e-06	0	1.49336200588e-05	0	0
0.000156803010618	0.000175470035691	0.00132909218524	0	7.46681002942e-06	1.12002150441e-05	8.21349103236e-05	0.00171363290175	0.000216537490853	0.000175470035691	5.22676702059e-05	0.000377073906486	1.12002150441e-05	1.86670250735e-05	0.000164269820647	0.000108268745427	0.00248271433478	0.00137762645043	5.97344802354e-05	0.000854949748369	0	0.0384615384615	0.00219897555366	0.0203769245703	0.00137762645043	2.98672401177e-05	0.000970685303825	0.00176963397697	0.00864283260905	0.000836282723295	0.0106364708869	0	1.86670250735e-05	0.000350940071383	0.00638785598017	1.49336200588e-05	0.00064214566253	0.000343473261353	0	0	0	0	3.36006451324e-05	0	7.84015053089e-05	3.73340501471e-06	1.49336200588e-05	3.73340501471e-06	0	4.10674551618e-05	0	0.000627212042471	0.000115735555456	3.73340501471e-06	3.36006451324e-05	0	0.000373340501471	0.00126189089497	0.00106775383421	0.000138135985544	6.34678852501e-05	0.000246404730971	0.000686946522707	0.000130669175515	5.97344802354e-05	0.00019787046578	0	0	2.98672401177e-05	0.000145602795574	0.00289712229141	0.00102668637905	0.00448008601765	0.00208323999821	0.000410674551618	0.000205337275809	3.73340501471e-06	0.000182936845721	0.000149336200588	0.000175470035691	0.000123202365485	0	0	3.73340501471e-06
0.000332273046309	0.00247898092977	0.00148589519585	0	2.98672401177e-05	1.12002150441e-05	0.000119468960471	0.001015486164	0.000194137060765	0.00557770709198	4.85342651912e-05	0.000179203440706	0.000138135985544	0.000115735555456	0.000175470035691	0.000168003225662	0.0105132685214	0.000507743082001	2.24004300883e-05	0.000395740931559	2.98672401177e-05	0.00219897555366	0.0312448665681	0.00649985813061	0.00591744694831	0.000448008601765	0.000798948673148	0.00810895569195	0.00436061705718	0.000474142436868	0.00184430207727	1.49336200588e-05	1.12002150441e-05	4.48008601765e-05	0.00172109971178	7.46681002942e-05	0.00242297985455	0.000858683153383	0	1.86670250735e-05	0	1.12002150441e-05	0.000123202365485	1.86670250735e-05	0.000224004300883	1.49336200588e-05	2.6133835103e-05	1.49336200588e-05	1.12002150441e-05	0.000104535340412	7.46681002942e-06	0.00307632573212	0.000328539641294	1.12002150441e-05	4.48008601765e-05	2.24004300883e-05	0.00140376028553	0.00716440422323	0.00359526902917	0.000507743082001	5.97344802354e-05	0.000343473261353	0.00269178501561	0.000399474336574	0.000130669175515	0.000500276271971	0	0	6.72012902648e-05	0.000373340501471	0.00273285247077	0.00083254931828	0.00187416931738	0.000892283798516	0.000242671325956	0.000100801935397	3.73340501471e-06	0.000448008601765	0.000291205591147	0.000440541791736	0.000231471110912	1.49336200588e-05	1.86670250735e-05	3.73340501471e-06
0.000306139211206	0.00077654824306	0.00913937547601	0	2.24004300883e-05	3.73340501471e-06	0.000175470035691	0.00372220479967	0.000302405806191	0.000459208816809	0.000138135985544	0.000698146737751	1.49336200588e-05	5.22676702059e-05	0.000216537490853	0.000160536415633	0.00771321476039	0.00753401131968	0.000156803010618	0.00188910293744	1.49336200588e-05	0.0203769245703	0.00649985813061	0.0657900631692	0.00145229455072	7.84015053089e-05	0.00377447246987	0.0100615265146	0.00775054881054	0.000377073906486	0.00617131848931	3.73340501471e-06	3.73340501471e-05	0.000145602795574	0.00800068694652	5.97344802354e-05	0.00361766945925	0.00173976673685	0	7.46681002942e-06	0	0	8.9601720353e-05	3.73340501471e-06	0.000175470035691	1.49336200588e-05	3.36006451324e-05	3.73340501471e-06	2.24004300883e-05	8.21349103236e-05	3.73340501471e-06	0.00242671325956	0.000645879067545	1.49336200588e-05	0.000224004300883	7.46681002942e-06	0.000716813762824	0.00470035691352	0.00441288472739	0.000231471110912	0.000227737705897	0.00125069067993	0.00399100996072	0.000212804085838	0.00013440258053	0.000309872616221	1.12002150441e-05	0	5.60010752206e-05	0.000399474336574	0.0066753281663	0.00299792422681	0.00676119648164	0.00323312874274	0.000724280572854	0.000298672401177	1.86670250735e-05	0.000649612472559	0.000474142436868	0.000507743082001	0.000343473261353	1.12002150441e-05	1.86670250735e-05	7.46681002942e-06
0.00138882666547	0.000679479712677	0.000373340501471	0	0.00858683153383	5.60010752206e-05	0.00104535340412	0.00772068157042	0.00128429132506	0.0141720054358	0.00109388766931	0.000220270895868	0.00433821662709	3.73340501471e-05	0.000858683153383	0.000597344802354	0.00651852515568	0.000227737705897	4.10674551618e-05	0.000231471110912	0.00508863103505	0.00137762645043	0.00591744694831	0.00145229455072	0.0502665651181	0.000108268745427	0.00032480623628	0.00161656437137	0.0242223317354	0.00208323999821	0.00280378716605	3.73340501471e-06	4.48008601765e-05	0.000130669175515	0.0026395173454	0.000149336200588	0.000175470035691	0.000175470035691	0	0.000291205591147	1.12002150441e-05	0.000104535340412	0.000672012902648	0.000205337275809	0.00310992637725	0.000272538566074	2.98672401177e-05	0.000175470035691	3.73340501471e-06	0.000377073906486	1.49336200588e-05	0.000601078207368	5.97344802354e-05	1.12002150441e-05	1.86670250735e-05	0.000369607096456	0.00044427519675	0.00138135985544	0.000548810537162	0.00273658587578	1.12002150441e-05	9.33351253677e-05	0.000141869390559	0.00131789197019	0.000548810537162	0.000586144587309	0	1.12002150441e-05	0.00031733942625	0.000798948673148	0.0021579080985	0.000406941146603	0.002284843869	0.000854949748369	0.000526410107074	0.000253871541	7.46681002942e-06	0.000339739856339	7.09346952795e-05	0.000616011827427	0.000283738781118	8.21349103236e-05	4.85342651912e-05	1.12002150441e-05
1.12002150441e-05	0.00140002688052	0.000100801935397	0	1.49336200588e-05	0	7.09346952795e-05	5.22676702059e-05	7.84015053089e-05	0.000164269820647	2.24004300883e-05	0.00346086644864	2.24004300883e-05	0.00420754745158	5.60010752206e-05	0	4.85342651912e-05	7.46681002942e-05	0.0001269357705	0.000294938996162	1.12002150441e-05	2.98672401177e-05	0.000448008601765	7.84015053089e-05	0.000108268745427	0.0103713991309	0.00233711153921	0.00206457297313	5.22676702059e-05	0	2.6133835103e-05	0.000209070680824	1.12002150441e-05	0	0.000474142436868	0	0.000149336200588	2.6133835103e-05	0	0	0	3.73340501471e-06	3.73340501471e-06	3.73340501471e-06	3.73340501471e-06	1.12002150441e-05	0.00209817361827	0	0.00216910831355	2.6133835103e-05	0	0	1.86670250735e-05	0.000138135985544	4.85342651912e-05	3.73340501471e-06	3.73340501471e-06	3.73340501471e-06	3.73340501471e-06	3.73340501471e-06	0.00250884816988	0.000940818063707	0.000470409031853	7.46681002942e-06	4.85342651912e-05	0	0.000242671325956	3.73340501471e-06	1.12002150441e-05	0.0001269357705	0.000119468960471	0.00126189089497	0.000586144587309	7.46681002942e-05	2.6133835103e-05	7.46681002942e-06	0.000496542866956	1.49336200588e-05	0.000294938996162	0.000182936845721	7.46681002942e-06	0	3.73340501471e-06	2.6133835103e-05
0.000283738781118	0.0048982273793	0.00739587533414	0	7.46681002942e-06	3.73340501471e-06	0.000205337275809	0.00170989949674	0.000358406881412	0.000253871541	0.000168003225662	0.0114988874453	2.98672401177e-05	0.00476009139375	0.000343473261353	1.12002150441e-05	0.000369607096456	0.00522676702059	0.00260591670027	0.0139778683751	4.10674551618e-05	0.000970685303825	0.000798948673148	0.00377447246987	0.00032480623628	0.00233711153921	0.0639457610919	0.0208884010573	0.00142616071562	0.00019040365575	0.00176963397697	0.00173603333184	1.86670250735e-05	1.86670250735e-05	0.00761241282499	2.6133835103e-05	0.00913564207099	0.000425608171677	0	3.73340501471e-06	0	7.46681002942e-06	6.72012902648e-05	1.49336200588e-05	6.72012902648e-05	1.49336200588e-05	0.0014970954109	7.46681002942e-06	0.00141122709556	4.48008601765e-05	0	0.000108268745427	0.000825082508251	0.000425608171677	0.000929617848663	7.46681002942e-06	0.000112002150441	0.000201603870794	0.0003808073115	7.84015053089e-05	0.00719800486836	0.0094679151173	0.00968071920314	7.46681002942e-05	9.70685303825e-05	7.09346952795e-05	0.000272538566074	0	1.86670250735e-05	0.000440541791736	0.00371847139465	0.00419634723653	0.00670519540642	0.00113495512447	0.0001269357705	7.84015053089e-05	6.72012902648e-05	0.000489076056927	0.00090348401356	0.00044427519675	0.000149336200588	0	3.73340501471e-06	3.36006451324e-05
0.000160536415633	0.00625345339964	0.0118274270866	0	3.73340501471e-06	7.46681002942e-06	8.21349103236e-05	0.00106402042919	0.000164269820647	0.000970685303825	8.21349103236e-05	0.00299045741678	2.6133835103e-05	0.00254991562505	0.000153069605603	3.36006451324e-05	0.00511103146514	0.00278885354599	0.000250138135986	0.00400221017577	2.24004300883e-05	0.00176963397697	0.00810895569195	0.0100615265146	0.00161656437137	0.00206457297313	0.0208884010573	0.0679255708376	0.00200110508788	0.00019040365575	0.00135522602034	0.000586144587309	1.49336200588e-05	7.46681002942e-06	0.00430088257695	3.36006451324e-05	0.0113532846497	0.00301285784687	0	3.73340501471e-06	0	3.73340501471e-06	8.9601720353e-05	7.46681002942e-06	6.72012902648e-05	1.12002150441e-05	0.000504009676986	7.46681002942e-06	0.00044427519675	5.60010752206e-05	0	0.000545077132148	0.00136642623538	0.000149336200588	0.000526410107074	3.73340501471e-06	0.000212804085838	0.00154562967609	0.00285232143124	0.000112002150441	0.00266938458552	0.00489076056927	0.00847109597838	9.33351253677e-05	7.84015053089e-05	0.000141869390559	0.000108268745427	0	1.86670250735e-05	0.000373340501471	0.00470782372355	0.0023595119693	0.00386407419022	0.00103415318907	0.000235204515927	0.000108268745427	4.10674551618e-05	0.000560010752206	0.000765348028015	0.000377073906486	0.000205337275809	3.73340501471e-06	1.12002150441e-05	0
0.00239684601944	0.000406941146603	0.00229231067903	0	0.00809028866688	8.58683153383e-05	0.00274405268581	0.0286949509431	0.00354300135896	0.00910204142586	0.00683586458193	0.000623478637457	0.002792586951	1.86670250735e-05	0.0018517688873	0.000582411182295	0.00461448859818	0.000888550393501	8.21349103236e-05	0.000798948673148	0.00431954960202	0.00864283260905	0.00436061705718	0.00775054881054	0.0242223317354	5.22676702059e-05	0.00142616071562	0.00200110508788	0.0810186222242	0.00228857727402	0.011674357481	3.73340501471e-06	0.000108268745427	0.000201603870794	0.00697773397249	0.000280005376103	0.000533876917103	0.0003808073115	0	0.000601078207368	7.46681002942e-06	0.000171736630677	0.00109388766931	0.000336006451324	0.00445395218255	0.000638412257515	5.97344802354e-05	0.000313606021236	1.86670250735e-05	0.000604811612383	2.6133835103e-05	0.00126562429999	0.000160536415633	1.12002150441e-05	4.48008601765e-05	0.000765348028015	0.00108642085928	0.00304272508699	0.00123949046488	0.00466675626839	7.09346952795e-05	0.000313606021236	0.000500276271971	0.00209817361827	0.000892283798516	0.00114988874453	0	1.49336200588e-05	0.000507743082001	0.00131042516016	0.00423368128668	0.000955751683766	0.00595104759345	0.00211310723833	0.000963218493795	0.000612278422412	7.46681002942e-06	0.00070561354778	0.000235204515927	0.000937084658692	0.000470409031853	0.000130669175515	6.72012902648e-05	1.12002150441e-05
0.00840389468811	6.72012902648e-05	7.46681002942e-05	0	8.21349103236e-05	7.84015053089e-05	0.000649612472559	0.0042374146917	0.00173229992683	0.00200110508788	0.000429341576692	0.000418141361647	0.000112002150441	4.48008601765e-05	0.00489076056927	0.000164269820647	0.000112002150441	0.000182936845721	9.70685303825e-05	0.000246404730971	9.33351253677e-05	0.000836282723295	0.000474142436868	0.000377073906486	0.00208323999821	0	0.00019040365575	0.00019040365575	0.00228857727402	0.023863924854	0.00630198766483	0	0.000537610322118	0.000989352328898	0.00403207741589	6.72012902648e-05	3.36006451324e-05	3.36006451324e-05	0	2.6133835103e-05	0	2.24004300883e-05	0.000182936845721	5.97344802354e-05	0.00100055254394	4.10674551618e-05	2.6133835103e-05	3.36006451324e-05	0	0.000115735555456	1.12002150441e-05	0.000168003225662	1.86670250735e-05	1.12002150441e-05	0	2.98672401177e-05	0.000149336200588	0.000306139211206	0.000123202365485	0.000604811612383	7.46681002942e-06	4.85342651912e-05	2.98672401177e-05	0.000421874766662	0.000171736630677	0.000250138135986	0	3.73340501471e-06	8.21349103236e-05	0.000280005376103	0.00095948508878	0.000168003225662	0.00237444558936	0.000664546092618	0.000328539641294	0.000294938996162	7.46681002942e-06	0.000145602795574	5.97344802354e-05	0.000227737705897	0.000100801935397	7.46681002942e-06	2.6133835103e-05	1.86670250735e-05
0.0047712916088	0.000265071756044	0.00136642623538	0	3.36006451324e-05	2.6133835103e-05	0.000518943297045	0.0153592282305	0.0020571061631	0.00199737168287	0.000209070680824	0.00070561354778	3.73340501471e-05	1.86670250735e-05	0.00267685139555	0.000238937920941	0.00108642085928	0.00266191777549	0.000160536415633	0.00181816824216	2.24004300883e-05	0.0106364708869	0.00184430207727	0.00617131848931	0.00280378716605	2.6133835103e-05	0.00176963397697	0.00135522602034	0.011674357481	0.00630198766483	0.0485678658364	3.73340501471e-06	3.36006451324e-05	0.000410674551618	0.0107522064424	7.84015053089e-05	0.000563744157221	0.000194137060765	0	1.49336200588e-05	0	1.12002150441e-05	0.000156803010618	4.85342651912e-05	0.00084001612831	2.6133835103e-05	1.86670250735e-05	1.86670250735e-05	7.46681002942e-06	0.000119468960471	0	0.000418141361647	0.000138135985544	1.12002150441e-05	3.36006451324e-05	1.49336200588e-05	0.000489076056927	0.00106775383421	0.000582411182295	0.000522676702059	8.58683153383e-05	0.000347206666368	0.000421874766662	0.000392007526545	0.000205337275809	0.000399474336574	3.73340501471e-06	0	0.000130669175515	0.00038827412153	0.00271045204068	0.000925884443648	0.00539103684124	0.00181070143213	0.000436808386721	0.000302405806191	3.73340501471e-06	0.000268805161059	0.000119468960471	0.000302405806191	0.000186670250735	1.12002150441e-05	3.73340501471e-06	1.49336200588e-05
