0.0136965862974	5.11543839307e-05	0.000946356102718	0	3.8365787948e-05	1.27885959827e-05	0.000409235071446	0.00251935340859	0.00211011833714	0.000149200286465	0.000260034784981	0.000264297650309	8.95201718787e-05	2.55771919654e-05	0.00876445111346	4.26286532756e-05	0.00017477747843	0.000549909627255	5.54172492583e-05	0.000217406131705	6.39429799134e-05	0.000988984755994	0.000106571633189	0.000861098796167	0.00036660641817	8.52573065512e-06	0.00069910991372	0.00034955495686	0.000929304641408	0.00647102956723	0.00799287248917	0	3.8365787948e-05	0.000392183610135	0.00303089724789	3.41029226205e-05	3.41029226205e-05	1.27885959827e-05	0	3.8365787948e-05	0	2.55771919654e-05	4.68915186031e-05	3.8365787948e-05	0.000434812263411	4.68915186031e-05	8.52573065512e-06	4.26286532756e-06	0	5.11543839307e-05	0	2.13143266378e-05	2.55771919654e-05	8.52573065512e-06	4.26286532756e-06	2.55771919654e-05	3.41029226205e-05	7.24687105685e-05	3.8365787948e-05	0.000281349111619	4.26286532756e-06	1.27885959827e-05	4.26286532756e-05	0.000187566074413	2.98400572929e-05	1.70514613102e-05	0	0	4.26286532756e-06	3.41029226205e-05	0.000311189168912	7.67315758961e-05	0.000976196160011	0.000225931862361	0.000144937421137	5.96801145858e-05	8.52573065512e-06	3.41029226205e-05	2.55771919654e-05	4.26286532756e-05	2.13143266378e-05	4.26286532756e-06	0	0
5.11543839307e-05	0.0183900010231	0.00147495140334	0	2.55771919654e-05	1.70514613102e-05	2.98400572929e-05	0.000106571633189	8.52573065512e-05	0.00158152303652	8.52573065512e-06	0.000161988882447	2.13143266378e-05	0.000345292091532	0.000115097363844	9.80459025338e-05	0.000579749684548	0.000728949971013	5.96801145858e-05	0.000468915186031	1.27885959827e-05	0.000294137707602	0.00485114074276	0.000848310200184	0.00123623094499	0.00176908911094	0.0042074480783	0.0106102718003	0.000387920744808	0.000306926303584	0.000336766360877	2.55771919654e-05	0	0.000119360229172	0.000959144698701	4.68915186031e-05	0.00572502813491	0.000920778910753	0	3.41029226205e-05	0	1.27885959827e-05	0.000102308767861	6.39429799134e-05	0.000242983323671	5.54172492583e-05	5.54172492583e-05	1.27885959827e-05	8.09944412236e-05	8.52573065512e-05	0	0.000281349111619	0.000801418681581	4.68915186031e-05	0.000447600859394	1.70514613102e-05	0.000161988882447	0.00130017392491	0.000647955529789	0.000238720458343	0.000375132148825	0.00101029908263	0.0052134842956	0.000225931862361	4.26286532756e-05	0.000115097363844	4.26286532756e-06	0	0	0.000268560515636	0.00071616137503	0.000302663438257	0.000579749684548	9.80459025338e-05	0.00019182893974	2.13143266378e-05	4.26286532756e-06	0.000494492377997	0.000400709340791	0.000549909627255	0.000144937421137	8.52573065512e-06	4.26286532756e-06	0
0.000946356102718	0.00147495140334	0.0412730621014	0	0	3.8365787948e-05	0.000341029226205	0.00203764962657	0.00190976366675	0.000119360229172	6.39429799134e-05	0.000221668997033	4.68915186031e-05	3.41029226205e-05	0.00150905432596	5.96801145858e-05	0.000447600859394	0.00550762200321	0.000115097363844	0.000814207277564	2.98400572929e-05	0.00321420045698	0.00102308767861	0.0176056338028	0.000387920744808	5.96801145858e-05	0.00853425638577	0.0144042219418	0.00124901954097	0.00123623094499	0.00493213518399	0	3.41029226205e-05	0.000281349111619	0.00429696825018	2.98400572929e-05	0.00240425604474	0.00146216280735	0	1.27885959827e-05	0	8.52573065512e-06	0.00015772601712	0.000102308767861	0.000213143266378	2.13143266378e-05	2.13143266378e-05	4.26286532756e-06	1.70514613102e-05	0.00015772601712	4.26286532756e-06	0.00147495140334	0.000746001432323	2.13143266378e-05	0.00017477747843	1.70514613102e-05	0.000426286532756	0.00282627971217	0.00258755925383	0.000285611976946	3.41029226205e-05	0.000520069569962	0.00401135627323	0.000447600859394	1.70514613102e-05	0.000213143266378	0	0	4.26286532756e-06	0.000315452034239	0.00373427002694	0.00112113358115	0.00451437438188	0.000792892950926	0.000562698223238	0.000149200286465	2.13143266378e-05	0.000724687105685	0.000443337994066	0.000528595300617	0.000234457593016	8.52573065512e-06	1.70514613102e-05	0
0	0	0	0	0	0	0	0	0	0	0	0	0	0	0	0	0	0	0	0	0	0	0	0	0	0	0	0	0	0	0	0	0	0	0	0	0	0	0	0	0	0	0	0	0	0	0	0	0	0	0	0	0	0	0	0	0	0	0	0	0	0	0	0	0	0	0	0	0	0	0	0	0	0	0	0	0	0	0	0	0	0	0	0
3.8365787948e-05	2.55771919654e-05	0	0	0.0136752719708	8.52573065512e-06	0.000844047334857	0.000728949971013	0.000345292091532	0.000434812263411	0.00175630051495	4.68915186031e-05	0.00139395696211	8.52573065512e-06	0.000234457593016	0.00017477747843	2.13143266378e-05	4.26286532756e-06	1.70514613102e-05	8.52573065512e-06	0.00686321317737	2.55771919654e-05	8.95201718787e-05	2.13143266378e-05	0.00318436039969	4.26286532756e-06	2.55771919654e-05	1.70514613102e-05	0.00272397094431	0.000464652320704	0.000102308767861	0	1.27885959827e-05	7.67315758961e-05	0.000353817822187	1.27885959827e-05	0	0	0	0.00299679432527	0	6.82058452409e-05	8.95201718787e-05	2.98400572929e-05	0.000797155816253	0.000247246188998	4.26286532756e-06	0.000396446475463	0	3.41029226205e-05	3.41029226205e-05	0	0	0	0	0.00156873444054	8.52573065512e-06	1.27885959827e-05	8.52573065512e-06	0.00107424206254	0	0	0	0.000379395014153	3.8365787948e-05	4.26286532756e-06	0	0	1.27885959827e-05	8.52573065512e-06	9.37830372063e-05	4.26286532756e-06	0.000234457593016	6.39429799134e-05	0.000345292091532	3.8365787948e-05	4.26286532756e-06	1.70514613102e-05	0	1.70514613102e-05	4.26286532756e-06	2.98400572929e-05	0	0
1.27885959827e-05	1.70514613102e-05	3.8365787948e-05	0	8.52573065512e-06	0.00714029942366	0.00401135627323	5.54172492583e-05	0.00109981925451	8.52573065512e-05	7.24687105685e-05	4.26286532756e-05	0.000136411690482	2.13143266378e-05	0.000413497936773	0.00134280257818	0	1.27885959827e-05	8.52573065512e-06	8.52573065512e-06	8.09944412236e-05	2.13143266378e-05	2.55771919654e-05	7.67315758961e-05	4.68915186031e-05	4.26286532756e-06	1.70514613102e-05	2.13143266378e-05	8.95201718787e-05	0.000311189168912	6.82058452409e-05	0	0.00218258704771	2.98400572929e-05	0.000933567506735	4.26286532756e-06	0	4.26286532756e-06	0	0	0	0	8.52573065512e-06	0	4.68915186031e-05	8.52573065512e-06	0	0	0	8.52573065512e-06	0	4.26286532756e-06	0	0	0	4.26286532756e-06	8.52573065512e-06	1.27885959827e-05	2.13143266378e-05	3.8365787948e-05	0	0	4.26286532756e-06	2.13143266378e-05	8.52573065512e-06	4.26286532756e-06	0	0	0	0	0.000323977764894	5.54172492583e-05	0.00036660641817	0.000110834498517	0.00148773999932	0.000456126590049	8.52573065512e-06	1.70514613102e-05	4.26286532756e-06	8.52573065512e-06	0	0	0	0
0.000409235071446	2.98400572929e-05	0.000341029226205	0	0.000844047334857	0.00401135627323	0.0514698359649	0.00517938137298	0.0244049040003	0.000336766360877	0.0142848617126	0.00222947856631	0.0114926849231	0.000281349111619	0.0077967806841	0.00480851208949	8.52573065512e-05	0.000127885959827	0.000477440916687	0.000255771919654	0.00485114074276	0.000362343552842	7.67315758961e-05	0.000328240630222	0.000976196160011	5.96801145858e-05	0.00109981925451	0.000328240630222	0.00330372062886	0.00657760120042	0.000912253180098	5.54172492583e-05	0.00323125191829	0.000336766360877	0.00777972922279	2.13143266378e-05	2.13143266378e-05	8.52573065512e-06	0	0.000153463151792	0	5.96801145858e-05	9.80459025338e-05	5.96801145858e-05	0.000878150257477	0.000225931862361	4.26286532756e-06	3.41029226205e-05	2.13143266378e-05	6.39429799134e-05	4.26286532756e-06	1.27885959827e-05	2.13143266378e-05	1.27885959827e-05	8.52573065512e-06	0.000127885959827	3.8365787948e-05	3.41029226205e-05	8.52573065512e-06	0.000792892950926	2.55771919654e-05	3.8365787948e-05	7.24687105685e-05	0.000443337994066	2.98400572929e-05	1.70514613102e-05	0	0	4.26286532756e-06	1.27885959827e-05	0.00112539644648	0.00020888040105	0.00266855369505	0.000720424240357	0.00340602939672	0.000537121031272	2.55771919654e-05	3.8365787948e-05	1.70514613102e-05	5.54172492583e-05	2.13143266378e-05	2.13143266378e-05	0	0
0.00251935340859	0.000106571633189	0.00203764962657	0	0.000728949971013	5.54172492583e-05	0.00517938137298	0.0453398356239	0.00871755959486	0.00101029908263	0.0062024690516	0.000430549398083	0.000358080687515	8.52573065512e-05	0.00573781673089	0.000443337994066	0.00038365787948	0.000609589741841	0.000115097363844	0.000225931862361	0.000673532721754	0.00307352590117	0.000315452034239	0.00223374143164	0.00248951335129	1.70514613102e-05	0.00106997919722	0.000545646761927	0.0192510998193	0.00780530641476	0.00981311598404	4.26286532756e-06	0.000149200286465	0.00193960372404	0.00548630767657	0.000106571633189	6.82058452409e-05	3.8365787948e-05	0	0.000571223953893	8.52573065512e-06	0.000123623094499	0.000443337994066	0.000285611976946	0.002954165672	0.000639429799134	2.13143266378e-05	4.68915186031e-05	8.52573065512e-06	0.000264297650309	8.52573065512e-06	5.11543839307e-05	1.27885959827e-05	4.26286532756e-06	1.27885959827e-05	0.000460389455376	0.000102308767861	0.000213143266378	7.24687105685e-05	0.00246393615933	4.26286532756e-06	2.55771919654e-05	0.000106571633189	0.00132148825154	0.000106571633189	4.26286532756e-05	4.26286532756e-06	4.26286532756e-06	1.27885959827e-05	0.000110834498517	0.00134706544351	0.000213143266378	0.00355522968318	0.00127885959827	0.000601064011186	0.000311189168912	2.13143266378e-05	0.000149200286465	5.54172492583e-05	0.000149200286465	3.8365787948e-05	2.98400572929e-05	8.52573065512e-06	0
0.00211011833714	8.52573065512e-05	0.00190976366675	0	0.000345292091532	0.00109981925451	0.0244049040003	0.00871755959486	0.0566449544726	0.000439075128739	0.00705504211711	0.00205043822256	0.00401135627323	0.000277086246291	0.0227423865225	0.00171367186168	0.000353817822187	0.000605326876513	0.000370869283498	0.000315452034239	0.00193107799338	0.00169662040037	0.000255771919654	0.00145789994203	0.00134706544351	4.68915186031e-05	0.00150479146063	0.000630904068479	0.00392609896668	0.00961276131364	0.00624083483955	4.26286532756e-05	0.00338471507008	0.000861098796167	0.00871329672953	0.000115097363844	4.26286532756e-05	5.11543839307e-05	0	0.000196091805068	0	8.52573065512e-05	0.000183303209085	0.000136411690482	0.00156447157521	0.000277086246291	0	2.98400572929e-05	8.52573065512e-06	0.000166251747775	1.27885959827e-05	4.26286532756e-05	2.98400572929e-05	1.70514613102e-05	2.13143266378e-05	0.000166251747775	8.09944412236e-05	0.000153463151792	6.82058452409e-05	0.00124901954097	2.13143266378e-05	3.8365787948e-05	0.000106571633189	0.000780104354943	0.000110834498517	3.8365787948e-05	0	0	2.13143266378e-05	3.41029226205e-05	0.00124049381032	0.000251509054326	0.0030479487092	0.000954881833373	0.00148347713399	0.000460389455376	2.55771919654e-05	9.37830372063e-05	3.41029226205e-05	0.000115097363844	2.98400572929e-05	3.8365787948e-05	4.26286532756e-06	0
0.000149200286465	0.00158152303652	0.000119360229172	0	0.000434812263411	8.52573065512e-05	0.000336766360877	0.00101029908263	0.000439075128739	0.0166678034308	0.000238720458343	4.68915186031e-05	0.000545646761927	4.68915186031e-05	0.000507280973979	0.000971933294683	0.000954881833373	5.96801145858e-05	8.52573065512e-06	3.41029226205e-05	0.000251509054326	0.000328240630222	0.00466357466835	0.000358080687515	0.00615557753299	0.000217406131705	0.000255771919654	0.000711898509702	0.00294990280667	0.00140248269277	0.00104440200525	0	8.52573065512e-06	0.000669269856427	0.00109981925451	0.00017477747843	9.37830372063e-05	2.98400572929e-05	0	0.00104013913992	4.26286532756e-06	9.80459025338e-05	0.000494492377997	0.000183303209085	0.00534563312076	0.0005413838966	2.13143266378e-05	0.000319714899567	4.26286532756e-06	0.000200354670395	6.82058452409e-05	0.000102308767861	1.27885959827e-05	1.27885959827e-05	8.52573065512e-06	0.000618115472496	0.000268560515636	0.000741738566995	0.000149200286465	0.00388773317873	2.98400572929e-05	2.98400572929e-05	0.000123623094499	0.00192681512806	0.000179040343757	0.000106571633189	0	0	7.24687105685e-05	9.80459025338e-05	0.000532858165945	6.82058452409e-05	0.000609589741841	0.000221668997033	0.00231473587286	5.11543839307e-05	4.26286532756e-06	0.000225931862361	5.96801145858e-05	0.000179040343757	5.54172492583e-05	4.26286532756e-05	2.13143266378e-05	0
0.000260034784981	8.52573065512e-06	6.39429799134e-05	0	0.00175630051495	7.24687105685e-05	0.0142848617126	0.0062024690516	0.00705504211711	0.000238720458343	0.0325341881799	0.000630904068479	0.00431401971149	6.39429799134e-05	0.00302663438257	0.000281349111619	3.8365787948e-05	1.70514613102e-05	0.000144937421137	9.37830372063e-05	0.00522201002626	0.000119360229172	4.68915186031e-05	8.52573065512e-05	0.000596801145858	2.13143266378e-05	0.000370869283498	0.000144937421137	0.00315452034239	0.00321846332231	0.00033250349555	1.70514613102e-05	0.000149200286465	0.000213143266378	0.00362769839375	8.52573065512e-06	4.26286532756e-06	0	0	0.000362343552842	0	3.41029226205e-05	0.000106571633189	6.39429799134e-05	0.000946356102718	0.000328240630222	8.52573065512e-06	7.24687105685e-05	8.52573065512e-06	4.26286532756e-05	8.52573065512e-06	1.27885959827e-05	0	1.70514613102e-05	0	0.000294137707602	1.27885959827e-05	2.55771919654e-05	1.27885959827e-05	0.00109555638918	1.27885959827e-05	1.70514613102e-05	3.41029226205e-05	0.000503018108652	4.26286532756e-06	8.52573065512e-06	0	0	4.26286532756e-06	1.27885959827e-05	0.000601064011186	0.000119360229172	0.00207175254919	0.000630904068479	0.000302663438257	0.000238720458343	4.26286532756e-06	2.55771919654e-05	1.70514613102e-05	2.13143266378e-05	8.52573065512e-06	0	0	0
0.000264297650309	0.000161988882447	0.000221668997033	0	4.68915186031e-05	4.26286532756e-05	0.00222947856631	0.000430549398083	0.00205043822256	4.68915186031e-05	0.000630904068479	0.0313320601576	0.00119360229172	0.00621099478225	0.0022891586809	0.000119360229172	5.96801145858e-05	0.000387920744808	0.00577618251884	0.00354670395253	0.000588275415203	0.00015772601712	5.96801145858e-05	0.000281349111619	0.000123623094499	0.0028774340961	0.0102266139208	0.00182024349487	0.000345292091532	0.0045015857859	0.000396446475463	0.00101029908263	0.000311189168912	0.000115097363844	0.0107040548375	2.13143266378e-05	0.000136411690482	3.41029226205e-05	0	2.13143266378e-05	0	3.8365787948e-05	5.96801145858e-05	3.41029226205e-05	0.000196091805068	6.39429799134e-05	0.0005413838966	2.55771919654e-05	0.00140674555809	4.26286532756e-05	0	0	4.26286532756e-05	0.000264297650309	0.00015772601712	1.70514613102e-05	1.27885959827e-05	2.98400572929e-05	1.27885959827e-05	0.000144937421137	0.000767315758961	0.000737475701668	0.00122344234901	0.000110834498517	4.26286532756e-05	0	5.96801145858e-05	4.26286532756e-06	4.26286532756e-06	0.000140674555809	0.000912253180098	0.00245114756335	0.00239999317942	0.000264297650309	0.000213143266378	3.8365787948e-05	9.37830372063e-05	8.09944412236e-05	0.000549909627255	0.000247246188998	2.13143266378e-05	1.27885959827e-05	0	1.70514613102e-05
8.95201718787e-05	2.13143266378e-05	4.68915186031e-05	0	0.00139395696211	0.000136411690482	0.0114926849231	0.000358080687515	0.00401135627323	0.000545646761927	0.00431401971149	0.00119360229172	0.0260631586127	0.000144937421137	0.00213995839443	0.00205470108788	1.27885959827e-05	2.13143266378e-05	0.000315452034239	0.000179040343757	0.0104141799952	5.54172492583e-05	2.13143266378e-05	5.96801145858e-05	0.00143658561539	5.96801145858e-05	0.000549909627255	0.000144937421137	0.000554172492583	0.00260461071514	0.000166251747775	4.26286532756e-05	0.00020888040105	6.39429799134e-05	0.00375132148825	8.52573065512e-06	8.52573065512e-06	4.26286532756e-06	0	0.000115097363844	0	0.000110834498517	3.41029226205e-05	2.55771919654e-05	0.000306926303584	0.000153463151792	2.13143266378e-05	0.00057548681922	2.13143266378e-05	2.98400572929e-05	0	4.26286532756e-06	1.27885959827e-05	8.52573065512e-06	1.27885959827e-05	0.00036660641817	0	8.52573065512e-06	4.26286532756e-06	0.000328240630222	1.27885959827e-05	3.8365787948e-05	2.98400572929e-05	0.000170514613102	3.8365787948e-05	0	0	0	8.52573065512e-06	3.8365787948e-05	0.000375132148825	7.24687105685e-05	0.00109555638918	0.000251509054326	0.00141953415408	8.95201718787e-05	2.55771919654e-05	2.13143266378e-05	1.70514613102e-05	6.82058452409e-05	4.26286532756e-06	1.70514613102e-05	0	0
2.55771919654e-05	0.000345292091532	3.41029226205e-05	0	8.52573065512e-06	2.13143266378e-05	0.000281349111619	8.52573065512e-05	0.000277086246291	4.68915186031e-05	6.39429799134e-05	0.00621099478225	0.000144937421137	0.0151161204515	0.000323977764894	8.52573065512e-06	2.13143266378e-05	1.27885959827e-05	0.00038365787948	0.000204617535723	4.68915186031e-05	2.98400572929e-05	6.82058452409e-05	5.96801145858e-05	2.13143266378e-05	0.0048724550694	0.00518790710364	0.00366180131637	5.96801145858e-05	0.000566961088565	6.39429799134e-05	0.00106145346656	5.96801145858e-05	2.55771919654e-05	0.00125754527163	1.27885959827e-05	0.000144937421137	1.70514613102e-05	0	4.26286532756e-06	0	1.27885959827e-05	2.98400572929e-05	2.13143266378e-05	2.98400572929e-05	2.55771919654e-05	0.000613852607168	1.27885959827e-05	0.00160710022849	5.11543839307e-05	0	0	2.98400572929e-05	0.000247246188998	0.000119360229172	1.27885959827e-05	4.26286532756e-06	8.52573065512e-06	4.26286532756e-06	3.41029226205e-05	0.00087388739215	0.000797155816253	0.0012532824063	3.8365787948e-05	3.41029226205e-05	0	7.67315758961e-05	0	0	0.000119360229172	0.000217406131705	0.000988984755994	0.00055843535791	0.000213143266378	2.98400572929e-05	5.11543839307e-05	0.000196091805068	4.26286532756e-05	0.000473178051359	0.000204617535723	1.70514613102e-05	4.26286532756e-06	0	5.54172492583e-05
0.00876445111346	0.000115097363844	0.00150905432596	0	0.000234457593016	0.000413497936773	0.0077967806841	0.00573781673089	0.0227423865225	0.000507280973979	0.00302663438257	0.0022891586809	0.00213995839443	0.000323977764894	0.048971796883	0.000447600859394	0.000464652320704	0.000746001432323	0.000341029226205	0.000400709340791	0.00126607100228	0.0017008832657	0.000328240630222	0.00153889438325	0.00143658561539	4.68915186031e-05	0.00147068853801	0.000665006991099	0.00333356068615	0.0228233809637	0.0101285680183	2.98400572929e-05	0.00306500017051	0.00248098762064	0.0112070729462	9.37830372063e-05	7.24687105685e-05	3.8365787948e-05	0	0.000144937421137	0	4.68915186031e-05	0.000187566074413	0.000123623094499	0.00151331719128	0.000225931862361	4.26286532756e-06	1.27885959827e-05	1.27885959827e-05	0.00017477747843	4.26286532756e-06	6.39429799134e-05	4.68915186031e-05	1.27885959827e-05	2.13143266378e-05	0.000132148825154	0.000106571633189	0.000217406131705	5.96801145858e-05	0.00103161340927	2.98400572929e-05	3.8365787948e-05	0.000136411690482	0.000728949971013	9.37830372063e-05	6.39429799134e-05	0	0	2.13143266378e-05	3.8365787948e-05	0.00161988882447	0.000277086246291	0.0033719264741	0.000878150257477	0.00075026429765	0.000358080687515	3.41029226205e-05	0.000119360229172	4.68915186031e-05	0.000110834498517	3.8365787948e-05	2.98400572929e-05	0	0
4.26286532756e-05	9.80459025338e-05	5.96801145858e-05	0	0.00017477747843	0.00134280257818	0.00480851208949	0.000443337994066	0.00171367186168	0.000971933294683	0.000281349111619	0.000119360229172	0.00205470108788	8.52573065512e-06	0.000447600859394	0.0105591174164	8.52573065512e-05	3.41029226205e-05	2.13143266378e-05	8.52573065512e-06	0.000464652320704	0.00019182893974	0.00017477747843	0.000379395014153	0.000690584183064	1.70514613102e-05	9.37830372063e-05	0.000132148825154	0.000682058452409	0.000613852607168	0.000204617535723	4.26286532756e-06	0.000123623094499	0.000161988882447	0.000814207277564	8.52573065512e-06	4.26286532756e-06	4.26286532756e-06	0	4.68915186031e-05	0	8.52573065512e-06	3.8365787948e-05	0	0.00020888040105	2.98400572929e-05	0	1.70514613102e-05	0	4.26286532756e-06	0	1.27885959827e-05	4.26286532756e-06	0	0	3.8365787948e-05	2.13143266378e-05	3.41029226205e-05	4.68915186031e-05	0.000153463151792	0	4.26286532756e-06	1.27885959827e-05	0.000106571633189	8.52573065512e-06	4.26286532756e-06	0	0	4.26286532756e-06	0	0.00034955495686	3.41029226205e-05	0.000912253180098	0.00033250349555	0.00563550796303	4.26286532756e-05	0	2.13143266378e-05	1.27885959827e-05	4.26286532756e-06	4.26286532756e-06	0	0	0
0.00017477747843	0.000579749684548	0.000447600859394	0	2.13143266378e-05	0	8.52573065512e-05	0.00038365787948	0.000353817822187	0.000954881833373	3.8365787948e-05	5.96801145858e-05	1.27885959827e-05	2.13143266378e-05	0.000464652320704	8.52573065512e-05	0.0217789789585	0.00017477747843	1.70514613102e-05	5.54172492583e-05	8.52573065512e-06	0.00353817822187	0.0064497152406	0.00531579306347	0.00897759437984	1.27885959827e-05	0.000221668997033	0.00339324080074	0.00318436039969	0.00121491661835	0.00137264263547	0	1.27885959827e-05	0.000809944412236	0.00244262183269	0.000247246188998	0.000110834498517	9.37830372063e-05	0	2.55771919654e-05	0	8.52573065512e-06	0.000264297650309	8.52573065512e-05	0.0022422671623	5.96801145858e-05	2.55771919654e-05	1.70514613102e-05	8.52573065512e-06	0.00015772601712	8.52573065512e-06	0.00376411008423	6.39429799134e-05	8.52573065512e-06	1.70514613102e-05	2.13143266378e-05	0.00102308767861	0.00429270538485	0.000780104354943	0.00255771919654	2.13143266378e-05	7.67315758961e-05	0.000319714899567	0.0019950209733	0.000166251747775	0.000392183610135	0	0	5.96801145858e-05	0.000106571633189	0.00143658561539	0.000251509054326	0.00126180813696	0.000485966647342	0.00017477747843	0.000106571633189	4.26286532756e-06	0.000724687105685	0.000358080687515	0.00020888040105	8.95201718787e-05	2.98400572929e-05	8.52573065512e-06	0
0.000549909627255	0.000728949971013	0.00550762200321	0	4.26286532756e-06	1.27885959827e-05	0.000127885959827	0.000609589741841	0.000605326876513	5.96801145858e-05	1.70514613102e-05	0.000387920744808	2.13143266378e-05	1.27885959827e-05	0.000746001432323	3.41029226205e-05	0.00017477747843	0.0244816355762	0.000264297650309	0.00527316441019	2.13143266378e-05	0.00393888756266	0.000196091805068	0.00763479180166	0.00017477747843	3.41029226205e-05	0.0101626709409	0.00584865122941	0.000413497936773	0.00113818504246	0.00471472905228	0	2.55771919654e-05	0.000221668997033	0.00581454830679	1.27885959827e-05	0.000809944412236	0.00038365787948	0	1.27885959827e-05	0	4.26286532756e-06	2.55771919654e-05	1.70514613102e-05	7.24687105685e-05	1.27885959827e-05	2.13143266378e-05	0	2.13143266378e-05	3.41029226205e-05	0	7.24687105685e-05	0.000396446475463	8.52573065512e-06	0.000230194727688	8.52573065512e-06	3.8365787948e-05	0.00017477747843	0.00017477747843	6.39429799134e-05	5.96801145858e-05	0.000456126590049	0.00109555638918	7.24687105685e-05	1.70514613102e-05	2.98400572929e-05	0	0	0	9.80459025338e-05	0.00135132830884	0.000549909627255	0.00163267742045	0.000221668997033	8.52573065512e-05	2.55771919654e-05	4.26286532756e-06	0.000153463151792	0.00015772601712	0.000136411690482	3.8365787948e-05	0	0	0
5.54172492583e-05	5.96801145858e-05	0.000115097363844	0	1.70514613102e-05	8.52573065512e-06	0.000477440916687	0.000115097363844	0.000370869283498	8.52573065512e-06	0.000144937421137	0.00577618251884	0.000315452034239	0.00038365787948	0.000341029226205	2.13143266378e-05	1.70514613102e-05	0.000264297650309	0.0117655083041	0.00311189168912	0.00015772601712	9.80459025338e-05	1.27885959827e-05	0.000132148825154	4.68915186031e-05	0.000251509054326	0.00685895031204	0.000903727449442	8.95201718787e-05	0.000780104354943	0.000132148825154	4.26286532756e-05	2.55771919654e-05	3.8365787948e-05	0.0022891586809	8.52573065512e-06	0.000149200286465	1.70514613102e-05	0	4.26286532756e-06	0	1.70514613102e-05	1.70514613102e-05	4.26286532756e-06	4.68915186031e-05	2.55771919654e-05	0.000149200286465	1.70514613102e-05	0.000204617535723	2.55771919654e-05	4.26286532756e-06	1.27885959827e-05	2.55771919654e-05	0.00017477747843	0.000136411690482	1.27885959827e-05	8.52573065512e-06	1.70514613102e-05	1.27885959827e-05	3.41029226205e-05	0.00038365787948	0.000520069569962	0.000592538280531	2.98400572929e-05	1.70514613102e-05	4.26286532756e-06	8.52573065512e-06	0	4.26286532756e-06	0.000102308767861	0.000515806704635	0.000737475701668	0.000677795587082	0.000110834498517	3.41029226205e-05	1.27885959827e-05	8.52573065512e-06	4.26286532756e-05	0.000140674555809	0.00017477747843	8.52573065512e-06	8.52573065512e-06	0	4.26286532756e-06
0.000217406131705	0.000468915186031	0.000814207277564	0	8.52573065512e-06	8.52573065512e-06	0.000255771919654	0.000225931862361	0.000315452034239	3.41029226205e-05	9.37830372063e-05	0.00354670395253	0.000179040343757	0.000204617535723	0.000400709340791	8.52573065512e-06	5.54172492583e-05	0.00527316441019	0.00311189168912	0.0189697507076	7.24687105685e-05	0.000993247621321	0.000119360229172	0.00105292773591	8.09944412236e-05	0.000119360229172	0.0128099103093	0.00321420045698	0.000221668997033	0.000826995873546	0.00133853971285	3.8365787948e-05	1.27885959827e-05	0.000106571633189	0.00639003512601	8.52573065512e-06	0.000754527162978	9.37830372063e-05	0	0	0	1.27885959827e-05	2.55771919654e-05	1.70514613102e-05	5.11543839307e-05	1.70514613102e-05	9.80459025338e-05	0	9.37830372063e-05	3.41029226205e-05	0	2.98400572929e-05	0.000132148825154	0.000136411690482	0.000260034784981	0	2.98400572929e-05	7.24687105685e-05	5.96801145858e-05	2.98400572929e-05	0.000315452034239	0.000856835930839	0.00104866487058	3.41029226205e-05	2.13143266378e-05	1.27885959827e-05	0	0	4.26286532756e-06	0.000144937421137	0.00149200286465	0.000852573065512	0.00212716979845	0.000272823380964	7.24687105685e-05	2.55771919654e-05	4.26286532756e-06	0.000144937421137	0.000170514613102	0.000268560515636	5.11543839307e-05	0	4.26286532756e-06	0
6.39429799134e-05	1.27885959827e-05	2.98400572929e-05	0	0.00686321317737	8.09944412236e-05	0.00485114074276	0.000673532721754	0.00193107799338	0.000251509054326	0.00522201002626	0.000588275415203	0.0104141799952	4.68915186031e-05	0.00126607100228	0.000464652320704	8.52573065512e-06	2.13143266378e-05	0.00015772601712	7.24687105685e-05	0.0215956757494	4.68915186031e-05	1.70514613102e-05	4.68915186031e-05	0.00263871363776	3.41029226205e-05	0.00033250349555	8.95201718787e-05	0.00140674555809	0.00179040343757	0.000144937421137	2.55771919654e-05	0.000127885959827	8.95201718787e-05	0.00235736452614	8.52573065512e-06	4.26286532756e-06	0	0	0.000336766360877	0	5.54172492583e-05	6.82058452409e-05	3.8365787948e-05	0.000647955529789	0.000311189168912	4.26286532756e-06	0.00019182893974	1.70514613102e-05	1.70514613102e-05	1.70514613102e-05	4.26286532756e-06	0	8.52573065512e-06	4.26286532756e-06	0.000545646761927	4.26286532756e-06	2.13143266378e-05	4.26286532756e-06	0.000758790028305	4.26286532756e-06	8.52573065512e-06	2.13143266378e-05	0.00034955495686	3.41029226205e-05	0	0	0	1.70514613102e-05	2.13143266378e-05	0.000341029226205	3.8365787948e-05	0.00110834498517	0.000302663438257	0.000515806704635	9.80459025338e-05	2.13143266378e-05	2.13143266378e-05	4.26286532756e-06	3.41029226205e-05	0	1.70514613102e-05	0	0
0.000988984755994	0.000294137707602	0.00321420045698	0	2.55771919654e-05	2.13143266378e-05	0.000362343552842	0.00307352590117	0.00169662040037	0.000328240630222	0.000119360229172	0.00015772601712	5.54172492583e-05	2.98400572929e-05	0.0017008832657	0.00019182893974	0.00353817822187	0.00393888756266	9.80459025338e-05	0.000993247621321	4.68915186031e-05	0.0504936398049	0.00119360229172	0.0239530402756	0.0018245063602	2.55771919654e-05	0.00228063295024	0.00248525048597	0.00763905466698	0.00310762882379	0.0168681581011	4.26286532756e-06	2.55771919654e-05	0.00127885959827	0.0121491661835	9.80459025338e-05	0.000242983323671	0.000123623094499	0	2.55771919654e-05	0	4.26286532756e-06	0.000153463151792	2.98400572929e-05	0.00104440200525	4.26286532756e-05	1.27885959827e-05	4.26286532756e-06	4.26286532756e-06	7.24687105685e-05	0	0.000690584183064	0.000123623094499	1.27885959827e-05	5.96801145858e-05	2.55771919654e-05	0.000635166933806	0.00254066773522	0.000409235071446	0.000788630085598	2.13143266378e-05	0.000119360229172	0.000396446475463	0.00112113358115	8.09944412236e-05	0.000255771919654	0	0	2.13143266378e-05	6.39429799134e-05	0.0026600279644	0.000647955529789	0.00744296286192	0.00236162739147	0.000767315758961	0.000451863724721	4.26286532756e-05	0.000434812263411	0.000225931862361	0.000170514613102	0.000106571633189	8.52573065512e-06	0	0
0.000106571633189	0.00485114074276	0.00102308767861	0	8.95201718787e-05	2.55771919654e-05	7.67315758961e-05	0.000315452034239	0.000255771919654	0.00466357466835	4.68915186031e-05	5.96801145858e-05	2.13143266378e-05	6.82058452409e-05	0.000328240630222	0.00017477747843	0.0064497152406	0.000196091805068	1.27885959827e-05	0.000119360229172	1.70514613102e-05	0.00119360229172	0.0233306619377	0.00290301128807	0.00651792108584	0.000477440916687	0.000596801145858	0.00674811581353	0.00189697507076	0.000950618968046	0.00071616137503	0	4.26286532756e-06	0.000635166933806	0.00141100842342	0.000161988882447	0.000400709340791	0.000144937421137	0	7.67315758961e-05	0	2.98400572929e-05	0.000183303209085	0.000102308767861	0.00182024349487	8.95201718787e-05	1.27885959827e-05	2.55771919654e-05	8.52573065512e-06	0.000132148825154	2.55771919654e-05	0.00264297650309	0.000149200286465	4.26286532756e-06	4.68915186031e-05	3.8365787948e-05	0.000746001432323	0.00684189885073	0.00170940899635	0.00144084848071	5.54172492583e-05	0.000115097363844	0.00111687071582	0.00152610578727	8.09944412236e-05	0.000268560515636	0	0	2.98400572929e-05	9.80459025338e-05	0.00119360229172	0.000251509054326	0.000784367220271	0.000255771919654	0.000413497936773	7.67315758961e-05	0	0.000520069569962	0.000302663438257	0.000247246188998	9.80459025338e-05	1.70514613102e-05	0	4.26286532756e-06
0.000861098796167	0.000848310200184	0.0176056338028	0	2.13143266378e-05	7.67315758961e-05	0.000328240630222	0.00223374143164	0.00145789994203	0.000358080687515	8.52573065512e-05	0.000281349111619	5.96801145858e-05	5.96801145858e-05	0.00153889438325	0.000379395014153	0.00531579306347	0.00763479180166	0.000132148825154	0.00105292773591	4.68915186031e-05	0.0239530402756	0.00290301128807	0.0687855949255	0.00175630051495	5.54172492583e-05	0.0040369334652	0.0127331787334	0.00333782355148	0.00217406131705	0.00825717013948	4.26286532756e-06	2.55771919654e-05	0.000852573065512	0.010580431743	5.11543839307e-05	0.000711898509702	0.000443337994066	0	2.13143266378e-05	0	1.27885959827e-05	0.000187566074413	5.96801145858e-05	0.000665006991099	5.11543839307e-05	8.52573065512e-06	4.26286532756e-06	2.13143266378e-05	8.95201718787e-05	0	0.00370869283498	0.000336766360877	1.70514613102e-05	0.000110834498517	1.70514613102e-05	0.000856835930839	0.00726392251816	0.00294990280667	0.00101456194796	2.98400572929e-05	0.000264297650309	0.0015005285953	0.00115523650377	5.11543839307e-05	0.000392183610135	0	0	4.26286532756e-06	0.000196091805068	0.00757084882174	0.00173498618832	0.0117058281895	0.00331650922484	0.00178187770692	0.000741738566995	5.54172492583e-05	0.000865361661494	0.000515806704635	0.000417760802101	0.000204617535723	8.52573065512e-06	4.26286532756e-06	0
0.00036660641817	0.00123623094499	0.000387920744808	0	0.00318436039969	4.68915186031e-05	0.000976196160011	0.00248951335129	0.00134706544351	0.00615557753299	0.000596801145858	0.000123623094499	0.00143658561539	2.13143266378e-05	0.00143658561539	0.000690584183064	0.00897759437984	0.00017477747843	4.68915186031e-05	8.09944412236e-05	0.00263871363776	0.0018245063602	0.00651792108584	0.00175630051495	0.0429014766565	0.000119360229172	0.00038365787948	0.00189271220544	0.0138756266412	0.00360212120179	0.00268560515636	4.26286532756e-06	4.68915186031e-05	0.0015772601712	0.0038365787948	0.000656481260444	0.000277086246291	0.000115097363844	0	0.000763052893633	0	0.00015772601712	0.00168809466971	0.000562698223238	0.00627920062749	0.000703372779047	1.70514613102e-05	0.000204617535723	8.52573065512e-06	0.000622378337824	0.000102308767861	0.000298400572929	7.24687105685e-05	1.27885959827e-05	2.13143266378e-05	0.000545646761927	0.000728949971013	0.00213569552911	0.000443337994066	0.0101839852675	5.11543839307e-05	9.80459025338e-05	0.000336766360877	0.0067140128909	0.000456126590049	0.000545646761927	4.26286532756e-06	0	0.000144937421137	0.000234457593016	0.00139821982744	0.000187566074413	0.00195239232002	0.000728949971013	0.00147495140334	0.000132148825154	1.27885959827e-05	0.000848310200184	0.000217406131705	0.000447600859394	0.00015772601712	8.95201718787e-05	2.55771919654e-05	0
8.52573065512e-06	0.00176908911094	5.96801145858e-05	0	4.26286532756e-06	4.26286532756e-06	5.96801145858e-05	1.70514613102e-05	4.68915186031e-05	0.000217406131705	2.13143266378e-05	0.0028774340961	5.96801145858e-05	0.0048724550694	4.68915186031e-05	1.70514613102e-05	1.27885959827e-05	3.41029226205e-05	0.000251509054326	0.000119360229172	3.41029226205e-05	2.55771919654e-05	0.000477440916687	5.54172492583e-05	0.000119360229172	0.0108575179893	0.00286464550012	0.00215700985574	2.98400572929e-05	0.000119360229172	3.41029226205e-05	0.000255771919654	1.27885959827e-05	1.27885959827e-05	0.000323977764894	1.27885959827e-05	0.000315452034239	2.98400572929e-05	0	0	0	1.70514613102e-05	1.27885959827e-05	2.55771919654e-05	1.27885959827e-05	2.98400572929e-05	0.000767315758961	3.41029226205e-05	0.00213569552911	5.54172492583e-05	0	8.52573065512e-06	5.11543839307e-05	0.000166251747775	6.82058452409e-05	1.27885959827e-05	0	1.70514613102e-05	1.27885959827e-05	1.70514613102e-05	0.00128738532892	0.000694847048392	0.00137264263547	1.70514613102e-05	2.55771919654e-05	0	8.52573065512e-05	4.26286532756e-06	0	0.000161988882447	8.95201718787e-05	0.000298400572929	0.000123623094499	2.13143266378e-05	2.55771919654e-05	0	0.000119360229172	2.55771919654e-05	0.000741738566995	0.000230194727688	1.70514613102e-05	0	0	9.37830372063e-05
0.00069910991372	0.0042074480783	0.00853425638577	0	2.55771919654e-05	1.70514613102e-05	0.00109981925451	0.00106997919722	0.00150479146063	0.000255771919654	0.000370869283498	0.0102266139208	0.000549909627255	0.00518790710364	0.00147068853801	9.37830372063e-05	0.000221668997033	0.0101626709409	0.00685895031204	0.0128099103093	0.00033250349555	0.00228063295024	0.000596801145858	0.0040369334652	0.00038365787948	0.00286464550012	0.0842938989871	0.0317711352863	0.000741738566995	0.00265150223374	0.00356375541384	0.00192681512806	8.09944412236e-05	0.000272823380964	0.0104397571872	0.000102308767861	0.00665433277632	0.00133853971285	0	2.55771919654e-05	0	0.000110834498517	0.00020888040105	9.37830372063e-05	0.000281349111619	0.000179040343757	0.0010358762746	7.24687105685e-05	0.00145789994203	0.000255771919654	4.26286532756e-06	0.000204617535723	0.00174351191897	0.00115523650377	0.00260461071514	6.39429799134e-05	0.000204617535723	0.000481703782014	0.000605326876513	0.000294137707602	0.00351260102991	0.00717013948095	0.0104482829178	0.000315452034239	0.00020888040105	0.000153463151792	4.26286532756e-05	4.26286532756e-06	8.52573065512e-06	0.00105719060123	0.00537121031272	0.00436943696075	0.00508559833578	0.00069910991372	0.000255771919654	8.09944412236e-05	2.13143266378e-05	0.00118933942639	0.00167530607373	0.00200780956928	0.000443337994066	3.41029226205e-05	1.70514613102e-05	4.68915186031e-05
0.00034955495686	0.0106102718003	0.0144042219418	0	1.70514613102e-05	2.13143266378e-05	0.000328240630222	0.000545646761927	0.000630904068479	0.000711898509702	0.000144937421137	0.00182024349487	0.000144937421137	0.00366180131637	0.000665006991099	0.000132148825154	0.00339324080074	0.00584865122941	0.000903727449442	0.00321420045698	8.95201718787e-05	0.00248525048597	0.00674811581353	0.0127331787334	0.00189271220544	0.00215700985574	0.0317711352863	0.08712870443	0.00104440200525	0.00127459673294	0.00209306687583	0.000549909627255	2.55771919654e-05	0.00038365787948	0.00722981959554	7.67315758961e-05	0.00848310200184	0.00236162739147	0	2.98400572929e-05	0	5.54172492583e-05	0.000225931862361	0.000149200286465	0.000404972206118	0.000140674555809	0.000460389455376	3.41029226205e-05	0.000660744125772	0.000255771919654	8.52573065512e-06	0.00303516011322	0.00203764962657	0.000507280973979	0.00146642567268	3.8365787948e-05	0.00057548681922	0.00614705180234	0.00411792790642	0.000609589741841	0.00178614057225	0.00436091123009	0.0113562732326	0.00069910991372	0.000132148825154	0.000242983323671	2.55771919654e-05	4.26286532756e-06	0	0.000831258738874	0.00721703099956	0.0030010571906	0.00624509770487	0.00102308767861	0.000797155816253	0.000242983323671	1.70514613102e-05	0.00147068853801	0.00152184292194	0.00161562595914	0.000434812263411	2.98400572929e-05	1.27885959827e-05	4.68915186031e-05
0.000929304641408	0.000387920744808	0.00124901954097	0	0.00272397094431	8.95201718787e-05	0.00330372062886	0.0192510998193	0.00392609896668	0.00294990280667	0.00315452034239	0.000345292091532	0.000554172492583	5.96801145858e-05	0.00333356068615	0.000682058452409	0.00318436039969	0.000413497936773	8.95201718787e-05	0.000221668997033	0.00140674555809	0.00763905466698	0.00189697507076	0.00333782355148	0.0138756266412	2.98400572929e-05	0.000741738566995	0.00104440200525	0.0540318180268	0.00816338710227	0.00825717013948	0	0.000127885959827	0.00273249667497	0.00730228830611	0.000315452034239	0.000110834498517	5.54172492583e-05	0	0.00114244790779	4.26286532756e-06	0.000251509054326	0.00092504177608	0.000494492377997	0.00684616171606	0.00125754527163	2.98400572929e-05	0.000242983323671	8.52573065512e-06	0.000430549398083	6.39429799134e-05	0.000161988882447	6.82058452409e-05	1.70514613102e-05	5.11543839307e-05	0.000899464584115	0.000306926303584	0.000912253180098	0.000183303209085	0.00528169014085	8.52573065512e-06	6.39429799134e-05	0.00015772601712	0.00302237151724	0.000294137707602	0.000230194727688	0	0	9.80459025338e-05	0.00017477747843	0.00208027827985	0.000298400572929	0.00430975684616	0.00171367186168	0.00135559117416	0.000430549398083	3.8365787948e-05	0.000379395014153	0.000110834498517	0.000353817822187	9.80459025338e-05	8.09944412236e-05	1.70514613102e-05	0
0.00647102956723	0.000306926303584	0.00123623094499	0	0.000464652320704	0.000311189168912	0.00657760120042	0.00780530641476	0.00961276131364	0.00140248269277	0.00321846332231	0.0045015857859	0.00260461071514	0.000566961088565	0.0228233809637	0.000613852607168	0.00121491661835	0.00113818504246	0.000780104354943	0.000826995873546	0.00179040343757	0.00310762882379	0.000950618968046	0.00217406131705	0.00360212120179	0.000119360229172	0.00265150223374	0.00127459673294	0.00816338710227	0.0622037308597	0.0195367117962	8.95201718787e-05	0.00263445077243	0.011556627903	0.027043617638	0.000217406131705	0.000123623094499	6.82058452409e-05	0	0.000255771919654	0	0.000110834498517	0.00052433243529	0.000315452034239	0.00400709340791	0.000520069569962	3.41029226205e-05	3.41029226205e-05	3.41029226205e-05	0.00036660641817	2.55771919654e-05	8.52573065512e-05	6.82058452409e-05	3.8365787948e-05	5.11543839307e-05	0.000272823380964	0.000323977764894	0.000515806704635	0.000123623094499	0.00244262183269	5.11543839307e-05	9.37830372063e-05	0.000234457593016	0.00178614057225	0.000183303209085	0.000179040343757	8.52573065512e-06	0	4.26286532756e-05	0.000161988882447	0.00447600859394	0.000788630085598	0.0107807864134	0.00346997237663	0.00133427684753	0.00104440200525	7.24687105685e-05	0.00034955495686	0.000123623094499	0.000302663438257	0.000110834498517	5.11543839307e-05	1.27885959827e-05	0
