0.029213462391	8.31239840402e-05	0.00265073149106	0	0.00156088370031	3.69439929068e-05	0.00111755578543	0.0065390867445	0.0102242500369	0.000697317866115	0.00123300576326	0.000618811881188	0.00246139352741	0.000106213979607	0.0210580759568	5.07979902468e-05	0.000540305896261	0.00140387173046	6.00339884735e-05	0.000240135953894	0.00415619920201	0.00352815132259	0.000295551943254	0.00468265110093	0.00429473917541	9.23599822669e-06	0.0010390498005	0.000364821929954	0.00449331313728	0.0225127456776	0.0162876828728	6.00339884735e-05	9.69779813802e-05	0.0119190557115	0.00537073296882	3.69439929068e-05	4.61799911334e-05	4.61799911334e-06	0	0.000230899955667	0	0.000120067976947	0.000641901876755	0.000230899955667	0.00181949165066	0.000484889906901	0	0.00012468597606	0	0.0001385399734	4.61799911334e-06	8.31239840402e-05	9.23599822669e-06	0	4.61799911334e-06	7.38879858135e-05	1.84719964534e-05	0.000120067976947	7.85059849269e-05	0.00160244569233	0	4.61799911334e-06	3.69439929068e-05	0.000660373873208	5.54159893601e-05	9.23599822669e-06	0	0	0	0	0.000983633811142	0.0001385399734	0.00236441554603	0.000988251810256	0.000489507906014	0.000226281956554	2.30899955667e-05	0.0001385399734	9.23599822669e-06	3.23259937934e-05	1.84719964534e-05	7.85059849269e-05	1.385399734e-05	0
8.31239840402e-05	0.0370271168908	0.00258146150436	0	1.385399734e-05	4.61799911334e-06	4.61799911334e-06	9.23599822669e-06	3.23259937934e-05	0.000789677848382	4.61799911334e-06	0.000803531845722	3.69439929068e-05	0.0010390498005	0.00016624796808	0	0.000771205851928	0.00251219151766	0.000106213979607	0.00194417762672	2.77079946801e-05	0.000383293926408	0.00413310920644	0.00122838776415	0.000517215900695	0.00409616521354	0.0157381409783	0.0249695212059	0.00018010196542	0.000267843948574	0.000235517954781	0.000235517954781	4.61799911334e-06	0.00016624796808	0.00213351559037	1.385399734e-05	0.0144589552239	0.0020088296143	0	1.84719964534e-05	0	3.23259937934e-05	0.000281697945914	0.000106213979607	0.000281697945914	6.46519875868e-05	0.0012099157677	3.23259937934e-05	0.000106213979607	6.92699867002e-05	4.61799911334e-06	0.00117297177479	0.00298322742722	0.000438709915768	0.00159782769322	9.23599822669e-06	0.000711171863455	0.00320950938377	0.0025953155017	0.000226281956554	0.000614193882075	0.00376828727649	0.00829392640757	0.000184719964534	9.23599822669e-06	0.000429473917541	0	0	9.23599822669e-06	0.00165324368258	0.00138078173489	0.000849711836855	0.00103443180139	0.000540305896261	0.000147775971627	0.000106213979607	4.61799911334e-05	0.00109908378898	0.00128380375351	0.000923599822669	0.000203191960987	5.54159893601e-05	1.385399734e-05	4.15619920201e-05
0.00265073149106	0.00258146150436	0.0574571449682	0	8.31239840402e-05	0.000129303975174	9.23599822669e-05	0.000341731934387	0.00104366779962	0.000544923895375	4.15619920201e-05	0.000568013890941	0.000129303975174	0.00011083197872	0.00240597753805	9.23599822669e-06	0.00188876163736	0.0135861533915	6.00339884735e-05	0.00121915176592	0.000175483966307	0.00634051278262	0.00221202157529	0.0277357026747	0.00139463573223	3.69439929068e-05	0.0133275454411	0.0217692478203	0.00192570563026	0.00393453524457	0.00603572484114	3.23259937934e-05	4.15619920201e-05	0.0028031254618	0.0100995640609	7.85059849269e-05	0.00250295551943	0.000692699867002	0	3.69439929068e-05	0	1.84719964534e-05	0.000604957883848	0.000115449977834	0.00102519580316	8.77419831535e-05	6.46519875868e-05	2.30899955667e-05	4.61799911334e-06	0.000115449977834	1.84719964534e-05	0.00412387320822	0.00016624796808	1.84719964534e-05	6.46519875868e-05	2.30899955667e-05	0.00146390571893	0.00764278853258	0.00345888133589	0.000586485887395	0	9.23599822669e-05	0.00213351559037	0.000900509827102	6.46519875868e-05	0.000374057928181	0	0	4.61799911334e-06	0.000318641938821	0.00698703265849	0.00181025565243	0.0111201418649	0.00693161666913	0.00217045958327	0.0019026156347	8.31239840402e-05	0.00129765775085	0.000434091916654	0.000240135953894	0.000133921974287	9.69779813802e-05	9.23599822669e-06	4.61799911334e-06
0	0	0	0	0	0	0	0	0	0	0	0	0	0	0	0	0	0	0	0	0	0	0	0	0	0	0	0	0	0	0	0	0	0	0	0	0	0	0	0	0	0	0	0	0	0	0	0	0	0	0	0	0	0	0	0	0	0	0	0	0	0	0	0	0	0	0	0	0	0	0	0	0	0	0	0	0	0	0	0	0	0	0	0
0.00156088370031	1.385399734e-05	8.31239840402e-05	0	0.0256345130782	2.30899955667e-05	0.00169018767548	0.00155164770208	0.00177792965864	0.000725025860795	0.00223972956997	0.000300169942367	0.0070609206443	5.07979902468e-05	0.00278003546623	0.000346349933501	4.61799911334e-06	6.92699867002e-05	3.23259937934e-05	5.07979902468e-05	0.012713351559	0.00012468597606	2.30899955667e-05	0.000161629968967	0.0136692773755	1.385399734e-05	0.000170865967194	8.31239840402e-05	0.00400380523127	0.00455334712576	0.000895891827989	3.69439929068e-05	4.61799911334e-05	0.00221663957441	0.00340808334565	5.07979902468e-05	4.61799911334e-06	9.23599822669e-06	0	0.00337113935274	4.61799911334e-06	0.000928217821782	0.000664991872322	0.000891273828875	0.00126533175706	0.00557854292892	3.69439929068e-05	0.000826621841289	0	0.000503361903355	1.84719964534e-05	2.30899955667e-05	4.61799911334e-06	0	0	0.0045348751293	1.84719964534e-05	5.07979902468e-05	1.84719964534e-05	0.00120529776858	0	1.84719964534e-05	1.385399734e-05	0.00104366779962	0.000212427959214	4.61799911334e-06	0	4.61799911334e-06	4.61799911334e-06	4.61799911334e-05	0.00112679178366	8.77419831535e-05	0.00172251366928	0.000780441850155	0.000521833899808	0.00012468597606	5.07979902468e-05	0.000327877937047	4.61799911334e-05	0.000203191960987	9.23599822669e-05	0.000669609871435	1.385399734e-05	1.84719964534e-05
3.69439929068e-05	4.61799911334e-06	0.000129303975174	0	2.30899955667e-05	0.00436400916211	0.00162091768878	3.23259937934e-05	0.000170865967194	2.30899955667e-05	9.23599822669e-06	2.30899955667e-05	5.07979902468e-05	0	0.000249371952121	0.000304787941481	4.61799911334e-05	4.15619920201e-05	0	1.84719964534e-05	5.54159893601e-05	6.92699867002e-05	1.84719964534e-05	0.000378675927294	6.46519875868e-05	0	2.30899955667e-05	6.00339884735e-05	6.00339884735e-05	0.000614193882075	0.00012468597606	0	0.000854329835969	0.000170865967194	0.000886655829762	0	0	9.23599822669e-06	0	1.385399734e-05	0	0	3.69439929068e-05	9.23599822669e-06	5.07979902468e-05	1.84719964534e-05	9.23599822669e-06	1.84719964534e-05	0	4.61799911334e-06	4.61799911334e-06	2.30899955667e-05	4.61799911334e-06	0	4.61799911334e-06	9.23599822669e-06	9.23599822669e-06	1.84719964534e-05	3.23259937934e-05	3.69439929068e-05	0	9.23599822669e-06	1.84719964534e-05	1.84719964534e-05	0	2.77079946801e-05	0	0	0	1.84719964534e-05	0.000226281956554	4.61799911334e-05	0.000895891827989	0.000817385843062	0.00222587557263	0.000452563913108	4.61799911334e-06	0.000129303975174	1.84719964534e-05	3.69439929068e-05	2.30899955667e-05	9.23599822669e-06	0	0
0.00111755578543	4.61799911334e-06	9.23599822669e-05	0	0.00169018767548	0.00162091768878	0.0342563174228	0.00393915324368	0.0100256760751	0.00018010196542	0.00547232894931	0.000480271907788	0.00964238214866	0.000120067976947	0.00489507906014	0.00192570563026	1.385399734e-05	7.38879858135e-05	5.07979902468e-05	5.07979902468e-05	0.00727796660263	9.23599822669e-05	4.61799911334e-06	0.000157011969854	0.00272923747599	2.30899955667e-05	0.000175483966307	7.38879858135e-05	0.00292781143786	0.00511674301759	0.000632665878528	5.07979902468e-05	0.00139463573223	0.000701935865228	0.00369439929068	0	0	0	0	4.61799911334e-05	0	3.23259937934e-05	6.00339884735e-05	3.23259937934e-05	0.000221663957441	0.00012468597606	1.84719964534e-05	2.30899955667e-05	4.61799911334e-06	1.84719964534e-05	0	1.385399734e-05	0	0	0	1.84719964534e-05	4.61799911334e-06	9.23599822669e-06	1.385399734e-05	0.000203191960987	0	0	0	7.85059849269e-05	0	0	0	0	0	0	0.000618811881188	8.77419831535e-05	0.00129765775085	0.000581867888281	0.00325107137579	9.23599822669e-05	6.46519875868e-05	2.30899955667e-05	2.77079946801e-05	9.23599822669e-06	4.61799911334e-06	4.61799911334e-06	0	0
0.0065390867445	9.23599822669e-06	0.000341731934387	0	0.00155164770208	3.23259937934e-05	0.00393915324368	0.027052238806	0.00574940889611	0.000355585931728	0.00185643564356	0.000304787941481	0.00109446578986	4.61799911334e-05	0.00585562287572	0.000115449977834	8.77419831535e-05	0.00015239397074	3.69439929068e-05	4.61799911334e-05	0.00371287128713	0.000655755874095	8.77419831535e-05	0.000854329835969	0.00337113935274	9.23599822669e-06	0.00018010196542	9.23599822669e-05	0.0113926038126	0.00749039456184	0.00689929067534	4.61799911334e-05	2.30899955667e-05	0.00378675927294	0.00345426333678	9.23599822669e-06	4.61799911334e-06	0	0	0.0002078099601	0	0.000120067976947	0.000480271907788	0.00015239397074	0.00123300576326	0.000429473917541	9.23599822669e-06	7.38879858135e-05	0	8.77419831535e-05	9.23599822669e-06	1.385399734e-05	0	0	0	4.15619920201e-05	9.23599822669e-06	4.15619920201e-05	1.84719964534e-05	0.00111755578543	0	4.61799911334e-06	9.23599822669e-06	0.000503361903355	2.30899955667e-05	0	0	0	0	4.61799911334e-06	0.000775823851042	6.00339884735e-05	0.00167171567903	0.000688081867888	0.000438709915768	8.77419831535e-05	3.23259937934e-05	7.85059849269e-05	1.385399734e-05	1.84719964534e-05	1.84719964534e-05	6.92699867002e-05	0	0
0.0102242500369	3.23259937934e-05	0.00104366779962	0	0.00177792965864	0.000170865967194	0.0100256760751	0.00574940889611	0.040296660263	0.000369439929068	0.00208271760012	0.00153317570563	0.00413310920644	0.000420237919314	0.0270430028077	0.000498743904241	0.000244753953007	0.000577249889168	0.000101595980494	0.000157011969854	0.00504747303089	0.00130227574996	0.000143157972514	0.00196264962317	0.00379137727206	6.92699867002e-05	0.000711171863455	0.000267843948574	0.00360203930841	0.0190815723363	0.00654370474361	0.000189337963647	0.00170865967194	0.00565243091473	0.00960082015664	2.77079946801e-05	2.30899955667e-05	0	0	0.00016624796808	0	0.000106213979607	0.000452563913108	0.000143157972514	0.0012468597606	0.000401765922861	3.69439929068e-05	0.000120067976947	9.23599822669e-06	6.00339884735e-05	0	1.385399734e-05	9.23599822669e-06	0	0	5.07979902468e-05	1.84719964534e-05	7.85059849269e-05	3.69439929068e-05	0.00108522979164	9.23599822669e-06	1.84719964534e-05	1.84719964534e-05	0.000387911925521	2.30899955667e-05	1.385399734e-05	0	0	0	0	0.0015239397074	0.000355585931728	0.00366207329688	0.00162091768878	0.00127456775528	0.000189337963647	0.00018010196542	0.000120067976947	5.54159893601e-05	4.61799911334e-05	1.84719964534e-05	9.69779813802e-05	4.61799911334e-06	9.23599822669e-06
0.000697317866115	0.000789677848382	0.000544923895375	0	0.000725025860795	2.30899955667e-05	0.00018010196542	0.000355585931728	0.000369439929068	0.0204300280774	0.000120067976947	9.69779813802e-05	0.00376366927738	3.23259937934e-05	0.000942071819122	0.00102057780405	0.00116373577656	0.000226281956554	9.23599822669e-06	6.46519875868e-05	0.000918981823555	0.00216122358505	0.00598954485001	0.00190723363381	0.00622044480567	9.69779813802e-05	0.000230899955667	0.000835857839515	0.00145928771982	0.00218431358061	0.00334804935717	9.23599822669e-06	4.61799911334e-06	0.00269229348308	0.00367592729422	0.000323259937934	2.30899955667e-05	3.69439929068e-05	0	0.000267843948574	9.23599822669e-06	0.000170865967194	0.00262764149549	0.000443327914881	0.00695008866558	0.000586485887395	2.30899955667e-05	0.000189337963647	0	0.000489507906014	1.84719964534e-05	0.0001385399734	1.385399734e-05	0	4.61799911334e-06	9.69779813802e-05	5.07979902468e-05	0.00178254765775	6.46519875868e-05	0.00390682724989	4.61799911334e-06	1.84719964534e-05	5.07979902468e-05	0.00292781143786	0.00018010196542	0.00016624796808	0	0	0	3.69439929068e-05	0.0017640756613	0.000129303975174	0.0014546697207	0.000872801832422	0.00161629968967	0.000189337963647	3.23259937934e-05	0.000664991872322	7.38879858135e-05	0.0001385399734	6.46519875868e-05	0.000332495936161	1.385399734e-05	9.23599822669e-06
0.00123300576326	4.61799911334e-06	4.15619920201e-05	0	0.00223972956997	9.23599822669e-06	0.00547232894931	0.00185643564356	0.00208271760012	0.000120067976947	0.0227852076252	0.000272461947687	0.00715789862568	6.46519875868e-05	0.00217045958327	0.000133921974287	1.385399734e-05	2.77079946801e-05	3.69439929068e-05	4.61799911334e-05	0.0083401063987	3.69439929068e-05	9.23599822669e-06	9.69779813802e-05	0.00213813358948	1.385399734e-05	0.000106213979607	6.92699867002e-05	0.00170865967194	0.00254913551057	0.000184719964534	1.84719964534e-05	1.84719964534e-05	0.000738879858135	0.00195803162406	4.15619920201e-05	0	4.61799911334e-06	0	0.000341731934387	4.61799911334e-06	0.000951307817349	0.000304787941481	0.000789677848382	0.000327877937047	0.00428550317718	4.61799911334e-05	0.00177792965864	1.385399734e-05	0.000443327914881	1.385399734e-05	9.23599822669e-06	4.61799911334e-06	4.61799911334e-06	0	0.001833345648	4.61799911334e-06	9.23599822669e-06	1.385399734e-05	0.000258607950347	0	1.385399734e-05	0	0.000203191960987	0.000226281956554	1.84719964534e-05	0	0	0	7.38879858135e-05	0.000290933944141	4.15619920201e-05	0.0010021058076	0.000318641938821	0.000184719964534	3.23259937934e-05	1.385399734e-05	0.000244753953007	6.00339884735e-05	0.000203191960987	9.69779813802e-05	0.000591103886508	2.30899955667e-05	1.385399734e-05
0.000618811881188	0.000803531845722	0.000568013890941	0	0.000300169942367	2.30899955667e-05	0.000480271907788	0.000304787941481	0.00153317570563	9.69779813802e-05	0.000272461947687	0.0330925816462	0.0010390498005	0.0100025860795	0.0038421752623	7.38879858135e-05	0.000120067976947	0.0013484557411	0.00430859317275	0.00512597901581	0.000974397812916	0.000350967932614	0.000106213979607	0.000983633811142	0.000711171863455	0.00347273533323	0.0128380375351	0.00518139500517	0.000267843948574	0.00591565686419	0.000572631890055	0.00327416137136	0.0002078099601	0.000868183833309	0.0156088370031	1.385399734e-05	0.000244753953007	2.77079946801e-05	0	2.77079946801e-05	0	1.84719964534e-05	0.000129303975174	2.77079946801e-05	0.000235517954781	3.23259937934e-05	0.00102519580316	1.385399734e-05	0.000415619920201	3.23259937934e-05	0	4.15619920201e-05	6.46519875868e-05	7.38879858135e-05	9.69779813802e-05	0	4.15619920201e-05	8.77419831535e-05	5.54159893601e-05	0.00016624796808	0.000480271907788	0.000563395891828	0.000203191960987	8.31239840402e-05	9.23599822669e-06	3.23259937934e-05	9.23599822669e-06	0	0	0.000157011969854	0.00272923747599	0.00351891532437	0.00459952711689	0.00143157972514	0.00019395596276	7.85059849269e-05	0.000517215900695	0.00016624796808	0.00134383774198	0.000157011969854	3.69439929068e-05	3.23259937934e-05	4.61799911334e-06	0.000253989951234
0.00246139352741	3.69439929068e-05	0.000129303975174	0	0.0070609206443	5.07979902468e-05	0.00964238214866	0.00109446578986	0.00413310920644	0.00376366927738	0.00715789862568	0.0010390498005	0.0381585266736	0.000230899955667	0.00639131077287	0.00259993350081	3.23259937934e-05	0.000106213979607	0.000101595980494	0.000175483966307	0.0196172602335	0.00012468597606	2.30899955667e-05	0.000244753953007	0.0114203118073	4.15619920201e-05	0.000480271907788	0.000230899955667	0.00180563765332	0.00821542042264	0.000526451898921	0.000120067976947	0.000129303975174	0.0015932096941	0.00663144672676	2.30899955667e-05	9.23599822669e-06	0	0	0.000337113935274	0	0.000406383921974	0.000120067976947	0.000203191960987	0.000392529924634	0.000674227870548	2.30899955667e-05	0.000969779813802	1.385399734e-05	0.000101595980494	4.61799911334e-06	9.23599822669e-06	4.61799911334e-06	0	4.61799911334e-06	0.000928217821782	4.61799911334e-06	2.77079946801e-05	9.23599822669e-06	0.000314023939707	0	1.385399734e-05	4.61799911334e-06	0.00015239397074	4.15619920201e-05	0	0	0	0	1.385399734e-05	0.00105752179696	0.00015239397074	0.00308482340771	0.000960543815576	0.00223511157086	0.00012468597606	6.92699867002e-05	6.92699867002e-05	2.30899955667e-05	2.77079946801e-05	2.30899955667e-05	0.00012468597606	0	4.61799911334e-06
0.000106213979607	0.0010390498005	0.00011083197872	0	5.07979902468e-05	0	0.000120067976947	4.61799911334e-05	0.000420237919314	3.23259937934e-05	6.46519875868e-05	0.0100025860795	0.000230899955667	0.0266181468893	0.000923599822669	9.23599822669e-06	9.23599822669e-06	0.0002078099601	0.000526451898921	0.000392529924634	0.000230899955667	6.92699867002e-05	6.46519875868e-05	0.000170865967194	0.000133921974287	0.0110185458844	0.00524142899365	0.00918058223733	6.46519875868e-05	0.00139001773312	9.23599822669e-05	0.00646519875868	3.69439929068e-05	0.000143157972514	0.00318180138909	4.61799911334e-06	0.000286315945027	3.23259937934e-05	0	4.61799911334e-06	0	2.77079946801e-05	3.69439929068e-05	3.69439929068e-05	4.61799911334e-05	2.30899955667e-05	0.00383755726319	9.23599822669e-06	0.00138078173489	1.84719964534e-05	0	9.23599822669e-06	8.31239840402e-05	0.000498743904241	0.000489507906014	4.61799911334e-06	9.23599822669e-06	3.23259937934e-05	4.61799911334e-05	5.07979902468e-05	0.00220278557707	0.00199959361608	0.000572631890055	1.84719964534e-05	2.30899955667e-05	4.61799911334e-06	6.46519875868e-05	0	0	0.000420237919314	0.000683463868775	0.0012791857544	0.000946689818236	0.000267843948574	1.385399734e-05	1.385399734e-05	0.000244753953007	0.000129303975174	0.00445175114526	0.000484889906901	7.85059849269e-05	5.07979902468e-05	4.61799911334e-06	0.000683463868775
0.0210580759568	0.00016624796808	0.00240597753805	0	0.00278003546623	0.000249371952121	0.00489507906014	0.00585562287572	0.0270430028077	0.000942071819122	0.00217045958327	0.0038421752623	0.00639131077287	0.000923599822669	0.0556930693069	0.000337113935274	0.000641901876755	0.00140387173046	0.000332495936161	0.000484889906901	0.0078552164918	0.00312638539973	0.000411001921088	0.0043963351559	0.0067468967046	0.00019395596276	0.00194879562583	0.000803531845722	0.00507518102557	0.0419914659376	0.0151193290971	0.000383293926408	0.00320489138466	0.0139509753214	0.0198804861829	6.92699867002e-05	5.54159893601e-05	9.23599822669e-06	0	0.000304787941481	0	0.000175483966307	0.0010713757943	0.000314023939707	0.00284930545293	0.000683463868775	6.00339884735e-05	0.000189337963647	1.385399734e-05	0.000212427959214	9.23599822669e-06	7.38879858135e-05	1.84719964534e-05	0	0	9.23599822669e-05	3.23259937934e-05	0.000175483966307	8.31239840402e-05	0.00237826954337	1.385399734e-05	6.46519875868e-05	5.54159893601e-05	0.00102057780405	8.31239840402e-05	3.23259937934e-05	0	0	0	1.385399734e-05	0.00283083345648	0.000609575882961	0.00711633663366	0.00286315945027	0.00135307374021	0.000420237919314	0.000240135953894	0.000290933944141	0.000115449977834	8.31239840402e-05	4.61799911334e-05	0.00018010196542	9.23599822669e-06	1.385399734e-05
5.07979902468e-05	0	9.23599822669e-06	0	0.000346349933501	0.000304787941481	0.00192570563026	0.000115449977834	0.000498743904241	0.00102057780405	0.000133921974287	7.38879858135e-05	0.00259993350081	9.23599822669e-06	0.000337113935274	0.00552774493867	1.385399734e-05	4.61799911334e-06	0	1.385399734e-05	0.000641901876755	1.385399734e-05	4.61799911334e-06	2.77079946801e-05	0.000378675927294	0	2.77079946801e-05	9.23599822669e-06	0.000106213979607	0.000443327914881	6.46519875868e-05	4.61799911334e-06	3.23259937934e-05	7.85059849269e-05	0.000429473917541	0	0	0	0	4.61799911334e-06	0	4.61799911334e-06	1.84719964534e-05	0	4.15619920201e-05	4.61799911334e-06	0	4.61799911334e-06	0	0	0	4.61799911334e-06	0	0	0	0	0	4.61799911334e-06	0	2.77079946801e-05	0	4.61799911334e-06	0	1.84719964534e-05	0	4.61799911334e-06	0	0	0	0	0.000235517954781	1.84719964534e-05	0.000258607950347	0.000161629968967	0.00225358356731	3.69439929068e-05	9.23599822669e-06	4.61799911334e-06	0	9.23599822669e-06	4.61799911334e-06	4.61799911334e-06	0	0
0.000540305896261	0.000771205851928	0.00188876163736	0	4.61799911334e-06	4.61799911334e-05	1.385399734e-05	8.77419831535e-05	0.000244753953007	0.00116373577656	1.385399734e-05	0.000120067976947	3.23259937934e-05	9.23599822669e-06	0.000641901876755	1.385399734e-05	0.023427109502	0.000535687897148	4.61799911334e-06	0.00012468597606	5.54159893601e-05	0.00420237919314	0.00501976503621	0.0110139278853	0.00840475838629	6.92699867002e-05	0.000420237919314	0.00398995123393	0.00262302349638	0.0012791857544	0.00244292153096	0	1.84719964534e-05	0.00141310772868	0.00326492537313	8.31239840402e-05	2.30899955667e-05	1.84719964534e-05	0	5.07979902468e-05	0	4.61799911334e-05	0.000651137874982	0.0001385399734	0.00151470370918	0.000147775971627	9.23599822669e-06	4.61799911334e-05	0	0.00011083197872	9.23599822669e-06	0.000591103886508	3.23259937934e-05	0	4.61799911334e-06	1.84719964534e-05	0.000143157972514	0.00132998374464	0.000212427959214	0.00102981380228	0	2.30899955667e-05	2.77079946801e-05	0.000960543815576	3.23259937934e-05	0.00011083197872	0	0	0	5.07979902468e-05	0.00170404167282	0.000309405940594	0.00277079946801	0.00132536574553	0.000558777892715	0.000327877937047	5.54159893601e-05	0.000332495936161	6.00339884735e-05	6.46519875868e-05	2.77079946801e-05	9.23599822669e-05	0	9.23599822669e-06
0.00140387173046	0.00251219151766	0.0135861533915	0	6.92699867002e-05	4.15619920201e-05	7.38879858135e-05	0.00015239397074	0.000577249889168	0.000226281956554	2.77079946801e-05	0.0013484557411	0.000106213979607	0.0002078099601	0.00140387173046	4.61799911334e-06	0.000535687897148	0.0368747229201	0.0001385399734	0.00627586079503	0.000120067976947	0.00516292300872	0.000794295847495	0.0175160706369	0.000507979902468	7.85059849269e-05	0.015442589035	0.00859871434905	0.000720407861682	0.00228129156199	0.00412849120733	7.85059849269e-05	4.61799911334e-05	0.00188876163736	0.0124455076105	1.84719964534e-05	0.001385399734	0.000350967932614	0	4.61799911334e-06	0	9.23599822669e-06	0.000240135953894	5.54159893601e-05	0.000415619920201	3.69439929068e-05	4.61799911334e-05	9.23599822669e-06	1.385399734e-05	3.69439929068e-05	0	0.000683463868775	0.000230899955667	0	5.54159893601e-05	0	0.000249371952121	0.00151932170829	0.000905127826215	0.000203191960987	9.23599822669e-06	0.000161629968967	0.00105290379784	0.000226281956554	2.30899955667e-05	0.000143157972514	0	0	9.23599822669e-06	0.000212427959214	0.00394838924191	0.00177792965864	0.00644672676223	0.00382370326585	0.000600339884735	0.000918981823555	7.85059849269e-05	0.000498743904241	0.000184719964534	0.00018010196542	9.69779813802e-05	2.30899955667e-05	9.23599822669e-06	0
6.00339884735e-05	0.000106213979607	6.00339884735e-05	0	3.23259937934e-05	0	5.07979902468e-05	3.69439929068e-05	0.000101595980494	9.23599822669e-06	3.69439929068e-05	0.00430859317275	0.000101595980494	0.000526451898921	0.000332495936161	0	4.61799911334e-06	0.0001385399734	0.00704706664696	0.00130689374908	9.23599822669e-05	3.23259937934e-05	1.84719964534e-05	9.69779813802e-05	9.23599822669e-05	0.000286315945027	0.00371748928624	0.000614193882075	3.23259937934e-05	0.000558777892715	6.00339884735e-05	0.000170865967194	1.385399734e-05	7.85059849269e-05	0.0015562657012	0	5.07979902468e-05	4.61799911334e-06	0	9.23599822669e-06	0	0	1.385399734e-05	0	3.23259937934e-05	0	0.000115449977834	0	4.61799911334e-06	0	0	0	4.61799911334e-06	5.07979902468e-05	6.46519875868e-05	0	4.61799911334e-06	9.23599822669e-06	0	1.385399734e-05	4.61799911334e-06	7.85059849269e-05	3.69439929068e-05	4.61799911334e-06	0	4.61799911334e-06	0	0	0	1.385399734e-05	0.000424855918428	0.000641901876755	0.000531069898035	0.000175483966307	2.30899955667e-05	2.30899955667e-05	2.77079946801e-05	9.23599822669e-06	0.000106213979607	1.385399734e-05	4.61799911334e-06	0	0	4.61799911334e-06
0.000240135953894	0.00194417762672	0.00121915176592	0	5.07979902468e-05	1.84719964534e-05	5.07979902468e-05	4.61799911334e-05	0.000157011969854	6.46519875868e-05	4.61799911334e-05	0.00512597901581	0.000175483966307	0.000392529924634	0.000484889906901	1.385399734e-05	0.00012468597606	0.00627586079503	0.00130689374908	0.0204669720703	0.000170865967194	0.000748115856362	0.00015239397074	0.0020411556081	0.000161629968967	0.000240135953894	0.015317903059	0.00620659080833	0.000106213979607	0.000863565834195	0.000641901876755	0.000147775971627	1.84719964534e-05	0.000369439929068	0.0103766440077	0	0.000886655829762	0.000147775971627	0	0	0	4.61799911334e-06	6.92699867002e-05	2.30899955667e-05	7.38879858135e-05	1.385399734e-05	0.00011083197872	9.23599822669e-06	1.385399734e-05	2.30899955667e-05	0	6.92699867002e-05	0.000318641938821	2.77079946801e-05	0.000115449977834	0	6.00339884735e-05	0.000184719964534	0.000230899955667	4.15619920201e-05	3.69439929068e-05	0.000327877937047	0.000544923895375	4.61799911334e-05	9.23599822669e-06	9.69779813802e-05	0	0	0	0.00019395596276	0.00437786315945	0.00350967932614	0.00305249741392	0.00137616373578	0.000133921974287	0.000129303975174	8.77419831535e-05	0.000189337963647	0.00016624796808	8.31239840402e-05	1.84719964534e-05	4.61799911334e-06	0	0
0.00415619920201	2.77079946801e-05	0.000175483966307	0	0.012713351559	5.54159893601e-05	0.00727796660263	0.00371287128713	0.00504747303089	0.000918981823555	0.0083401063987	0.000974397812916	0.0196172602335	0.000230899955667	0.0078552164918	0.000641901876755	5.54159893601e-05	0.000120067976947	9.23599822669e-05	0.000170865967194	0.0355909191665	0.000226281956554	4.61799911334e-05	0.000350967932614	0.0137616373578	5.07979902468e-05	0.000489507906014	0.000277079946801	0.00492278705482	0.011083197872	0.0010021058076	0.00012468597606	8.77419831535e-05	0.00399456923304	0.00821542042264	9.23599822669e-06	4.61799911334e-06	0	0	0.000253989951234	0	9.69779813802e-05	0.000263225949461	0.000129303975174	0.000729643859908	0.000637283877641	1.84719964534e-05	0.000147775971627	9.23599822669e-06	5.07979902468e-05	1.385399734e-05	1.84719964534e-05	0	0	0	0.000406383921974	4.61799911334e-06	5.54159893601e-05	1.84719964534e-05	0.000604957883848	0	9.23599822669e-06	9.23599822669e-06	0.000355585931728	1.385399734e-05	4.61799911334e-06	0	0	0	9.23599822669e-06	0.00134383774198	0.00018010196542	0.00417005319935	0.00156088370031	0.000923599822669	0.000226281956554	7.85059849269e-05	6.46519875868e-05	2.77079946801e-05	4.15619920201e-05	1.84719964534e-05	7.85059849269e-05	9.23599822669e-06	4.61799911334e-06
0.00352815132259	0.000383293926408	0.00634051278262	0	0.00012468597606	6.92699867002e-05	9.23599822669e-05	0.000655755874095	0.00130227574996	0.00216122358505	3.69439929068e-05	0.000350967932614	0.00012468597606	6.92699867002e-05	0.00312638539973	1.385399734e-05	0.00420237919314	0.00516292300872	3.23259937934e-05	0.000748115856362	0.000226281956554	0.048687564652	0.00353276932171	0.0326123097384	0.00388373725432	1.84719964534e-05	0.00199959361608	0.00140387173046	0.00953155016994	0.00961467415398	0.0181764445101	2.30899955667e-05	3.23259937934e-05	0.00877419831535	0.00907436825772	0.000226281956554	7.85059849269e-05	3.69439929068e-05	0	0.000115449977834	0	0.00012468597606	0.0017317496675	0.000350967932614	0.00421161519137	0.000318641938821	1.84719964534e-05	0.000115449977834	0	0.000364821929954	4.61799911334e-06	0.000480271907788	1.84719964534e-05	4.61799911334e-06	4.61799911334e-06	4.61799911334e-05	0.000157011969854	0.00217507758239	0.000198573961874	0.00210580759568	0	1.84719964534e-05	0.000115449977834	0.00184719964534	0.000120067976947	0.00018010196542	4.61799911334e-06	0	4.61799911334e-06	5.54159893601e-05	0.00222125757352	0.000447945913994	0.00480733707699	0.00257684350525	0.000868183833309	0.000614193882075	5.07979902468e-05	0.000748115856362	7.38879858135e-05	9.69779813802e-05	5.54159893601e-05	0.000235517954781	4.61799911334e-06	0
0.000295551943254	0.00413310920644	0.00221202157529	0	2.30899955667e-05	1.84719964534e-05	4.61799911334e-06	8.77419831535e-05	0.000143157972514	0.00598954485001	9.23599822669e-06	0.000106213979607	2.30899955667e-05	6.46519875868e-05	0.000411001921088	4.61799911334e-06	0.00501976503621	0.000794295847495	1.84719964534e-05	0.00015239397074	4.61799911334e-05	0.00353276932171	0.0225450716713	0.0049828210433	0.00341731934387	0.000286315945027	0.000757351854588	0.00681154869218	0.00130689374908	0.00112679178366	0.00195341362494	1.385399734e-05	1.84719964534e-05	0.0014546697207	0.00320950938377	0.000253989951234	0.000101595980494	5.07979902468e-05	0	6.46519875868e-05	0	8.31239840402e-05	0.00156088370031	0.000309405940594	0.00395762524014	0.00019395596276	2.77079946801e-05	9.23599822669e-05	0	0.000341731934387	9.23599822669e-06	0.00158397369588	3.23259937934e-05	4.61799911334e-06	9.23599822669e-06	1.84719964534e-05	0.000341731934387	0.00411001921088	0.000748115856362	0.00175945766218	0	1.385399734e-05	0.000258607950347	0.00177331165952	0.000120067976947	0.000226281956554	0	0	0	6.46519875868e-05	0.00186567164179	0.000286315945027	0.00213351559037	0.00116835377568	0.000628047879415	0.000258607950347	3.23259937934e-05	0.000581867888281	0.000106213979607	0.000115449977834	6.46519875868e-05	0.000189337963647	4.61799911334e-06	4.61799911334e-06
0.00468265110093	0.00122838776415	0.0277357026747	0	0.000161629968967	0.000378675927294	0.000157011969854	0.000854329835969	0.00196264962317	0.00190723363381	9.69779813802e-05	0.000983633811142	0.000244753953007	0.000170865967194	0.0043963351559	2.77079946801e-05	0.0110139278853	0.0175160706369	9.69779813802e-05	0.0020411556081	0.000350967932614	0.0326123097384	0.0049828210433	0.0913948204522	0.00344502733855	6.92699867002e-05	0.00540767696173	0.0122977316388	0.00755504654943	0.0102704300281	0.0149669351263	6.46519875868e-05	8.77419831535e-05	0.00829392640757	0.021593763854	0.0002078099601	0.000318641938821	0.000143157972514	0	0.000120067976947	0	7.38879858135e-05	0.00168556967637	0.000304787941481	0.0040823112162	0.000263225949461	4.61799911334e-05	8.31239840402e-05	4.61799911334e-06	0.000323259937934	1.84719964534e-05	0.0024567755283	6.92699867002e-05	1.385399734e-05	2.77079946801e-05	4.15619920201e-05	0.000692699867002	0.0055369809369	0.00133460174376	0.00219354957884	9.23599822669e-06	7.38879858135e-05	0.000401765922861	0.00235056154869	0.000133921974287	0.000447945913994	0	0	9.23599822669e-06	0.000198573961874	0.00801222846165	0.00172251366928	0.0185689744348	0.0108338259199	0.00399456923304	0.0033572853554	0.000203191960987	0.00165786168169	0.000281697945914	0.000230899955667	0.00018010196542	0.000221663957441	1.385399734e-05	4.61799911334e-06
0.00429473917541	0.000517215900695	0.00139463573223	0	0.0136692773755	6.46519875868e-05	0.00272923747599	0.00337113935274	0.00379137727206	0.00622044480567	0.00213813358948	0.000711171863455	0.0114203118073	0.000133921974287	0.0067468967046	0.000378675927294	0.00840475838629	0.000507979902468	9.23599822669e-05	0.000161629968967	0.0137616373578	0.00388373725432	0.00341731934387	0.00344502733855	0.0556515073149	7.85059849269e-05	0.000646519875868	0.000969779813802	0.013729311364	0.0113972218117	0.00860795034727	6.46519875868e-05	9.69779813802e-05	0.00711633663366	0.0103166100192	0.000170865967194	2.77079946801e-05	2.77079946801e-05	0	0.00210118959657	4.61799911334e-06	0.000392529924634	0.002526045515	0.000609575882961	0.00593412886065	0.00191646963204	3.69439929068e-05	0.000498743904241	0	0.000392529924634	2.77079946801e-05	0.000120067976947	4.61799911334e-06	4.61799911334e-06	4.61799911334e-06	0.000323259937934	5.07979902468e-05	0.000374057928181	8.77419831535e-05	0.00623429880301	0	2.30899955667e-05	2.77079946801e-05	0.00288624944584	0.00012468597606	6.46519875868e-05	0	0	0	5.54159893601e-05	0.00320027338555	0.000240135953894	0.00487660706369	0.00226281956554	0.00158397369588	0.000434091916654	0.000101595980494	0.000609575882961	6.00339884735e-05	0.000157011969854	7.38879858135e-05	0.000397147923748	0	4.61799911334e-06
9.23599822669e-06	0.00409616521354	3.69439929068e-05	0	1.385399734e-05	0	2.30899955667e-05	9.23599822669e-06	6.92699867002e-05	9.69779813802e-05	1.385399734e-05	0.00347273533323	4.15619920201e-05	0.0110185458844	0.00019395596276	0	6.92699867002e-05	7.85059849269e-05	0.000286315945027	0.000240135953894	5.07979902468e-05	1.84719964534e-05	0.000286315945027	6.92699867002e-05	7.85059849269e-05	0.0191462243239	0.00384679326142	0.00896815427811	9.23599822669e-06	0.000277079946801	1.84719964534e-05	0.00191646963204	9.23599822669e-06	2.77079946801e-05	0.000766587852815	4.61799911334e-06	0.00123762376238	2.77079946801e-05	0	4.61799911334e-06	0	3.69439929068e-05	2.77079946801e-05	2.30899955667e-05	3.23259937934e-05	2.30899955667e-05	0.00434553716566	9.23599822669e-06	0.0012099157677	2.30899955667e-05	4.61799911334e-06	3.69439929068e-05	0.000258607950347	0.000720407861682	0.00119606177036	4.61799911334e-06	3.23259937934e-05	6.00339884735e-05	9.23599822669e-05	3.69439929068e-05	0.00259993350081	0.00265996748929	0.00111293778632	9.23599822669e-06	2.30899955667e-05	1.84719964534e-05	1.84719964534e-05	0	0	0.000563395891828	0.000272461947687	0.000392529924634	0.000244753953007	7.38879858135e-05	1.385399734e-05	9.23599822669e-06	9.23599822669e-05	0.00018010196542	0.00444251514704	0.000586485887395	9.23599822669e-05	6.46519875868e-05	4.61799911334e-06	0.000738879858135
0.0010390498005	0.0157381409783	0.0133275454411	0	0.000170865967194	2.30899955667e-05	0.000175483966307	0.00018010196542	0.000711171863455	0.000230899955667	0.000106213979607	0.0128380375351	0.000480271907788	0.00524142899365	0.00194879562583	2.77079946801e-05	0.000420237919314	0.015442589035	0.00371748928624	0.015317903059	0.000489507906014	0.00199959361608	0.000757351854588	0.00540767696173	0.000646519875868	0.00384679326142	0.0838859538939	0.0359557410965	0.000447945913994	0.00317718338998	0.00199497561696	0.00310329540417	6.92699867002e-05	0.00134383774198	0.015604219004	1.385399734e-05	0.0106768139501	0.00194879562583	0	1.385399734e-05	0	4.15619920201e-05	0.000411001921088	8.77419831535e-05	0.000424855918428	6.00339884735e-05	0.00226281956554	2.30899955667e-05	0.000318641938821	9.23599822669e-05	9.23599822669e-06	0.000623429880301	0.0025953155017	0.000697317866115	0.00171327767105	1.385399734e-05	0.000775823851042	0.00181487365154	0.00236903354515	0.000295551943254	0.000725025860795	0.00344040933944	0.00642825476578	0.000267843948574	4.61799911334e-05	0.000498743904241	0	0	2.77079946801e-05	0.00183796364711	0.0084093763854	0.00762431653613	0.00637745677553	0.00279850746269	0.000267843948574	0.000350967932614	0.000198573961874	0.00123300576326	0.00240597753805	0.000868183833309	0.000184719964534	7.85059849269e-05	2.30899955667e-05	0.0001385399734
0.000364821929954	0.0249695212059	0.0217692478203	0	8.31239840402e-05	6.00339884735e-05	7.38879858135e-05	9.23599822669e-05	0.000267843948574	0.000835857839515	6.92699867002e-05	0.00518139500517	0.000230899955667	0.00918058223733	0.000803531845722	9.23599822669e-06	0.00398995123393	0.00859871434905	0.000614193882075	0.00620659080833	0.000277079946801	0.00140387173046	0.00681154869218	0.0122977316388	0.000969779813802	0.00896815427811	0.0359557410965	0.101438968524	0.000475653908674	0.00142234372691	0.000845093837742	0.00292319343875	5.07979902468e-05	0.000586485887395	0.0114988177922	2.30899955667e-05	0.0105013299837	0.00172713166839	0	3.23259937934e-05	0	6.00339884735e-05	0.000457181912221	0.0001385399734	0.000503361903355	0.00011083197872	0.00264149549283	5.07979902468e-05	0.000526451898921	7.85059849269e-05	9.23599822669e-06	0.00358818531107	0.00199497561696	0.000785059849269	0.00164400768435	2.30899955667e-05	0.00139001773312	0.00687620067977	0.00408692921531	0.000466417910448	0.00132074774642	0.0037359612827	0.00668686271612	0.000512597901581	2.77079946801e-05	0.000544923895375	1.385399734e-05	0	9.23599822669e-06	0.00154241170386	0.00802146445988	0.00482580907344	0.00824312841732	0.00443327914881	0.00132074774642	0.00105290379784	7.85059849269e-05	0.0015562657012	0.00267382148663	0.000974397812916	0.000189337963647	0.00011083197872	1.385399734e-05	0.000133921974287
0.00449331313728	0.00018010196542	0.00192570563026	0	0.00400380523127	6.00339884735e-05	0.00292781143786	0.0113926038126	0.00360203930841	0.00145928771982	0.00170865967194	0.000267843948574	0.00180563765332	6.46519875868e-05	0.00507518102557	0.000106213979607	0.00262302349638	0.000720407861682	3.23259937934e-05	0.000106213979607	0.00492278705482	0.00953155016994	0.00130689374908	0.00755504654943	0.013729311364	9.23599822669e-06	0.000447945913994	0.000475653908674	0.0442727574996	0.00857562435348	0.0131566794739	2.77079946801e-05	4.15619920201e-05	0.00588794886951	0.00577249889168	0.000129303975174	4.15619920201e-05	2.77079946801e-05	0	0.000743497857248	0	0.000350967932614	0.0015562657012	0.000346349933501	0.00437324516034	0.00128842175262	9.23599822669e-06	0.000318641938821	0	0.000309405940594	2.30899955667e-05	0.0001385399734	1.385399734e-05	0	0	0.000253989951234	4.15619920201e-05	0.000494125905128	7.85059849269e-05	0.00361589330575	0	1.385399734e-05	6.92699867002e-05	0.00181025565243	0.00011083197872	2.77079946801e-05	0	0	0	2.77079946801e-05	0.00219354957884	0.00016624796808	0.0030802054086	0.00150546771095	0.000826621841289	0.000350967932614	4.15619920201e-05	0.000415619920201	5.07979902468e-05	0.00011083197872	5.07979902468e-05	0.000290933944141	1.385399734e-05	4.61799911334e-06
0.0225127456776	0.000267843948574	0.00393453524457	0	0.00455334712576	0.000614193882075	0.00511674301759	0.00749039456184	0.0190815723363	0.00218431358061	0.00254913551057	0.00591565686419	0.00821542042264	0.00139001773312	0.0419914659376	0.000443327914881	0.0012791857544	0.00228129156199	0.000558777892715	0.000863565834195	0.011083197872	0.00961467415398	0.00112679178366	0.0102704300281	0.0113972218117	0.000277079946801	0.00317718338998	0.00142234372691	0.00857562435348	0.0822419462095	0.0290195064283	0.000577249889168	0.00409616521354	0.033083345648	0.0411048101079	0.000189337963647	9.23599822669e-05	2.30899955667e-05	0	0.000637283877641	0	0.000392529924634	0.00276156346978	0.000752733855475	0.00669148071524	0.00150546771095	0.00011083197872	0.000443327914881	2.77079946801e-05	0.000604957883848	3.23259937934e-05	0.00015239397074	2.30899955667e-05	4.61799911334e-06	1.84719964534e-05	0.000203191960987	6.46519875868e-05	0.000489507906014	0.000161629968967	0.00542153095907	2.30899955667e-05	7.85059849269e-05	0.000106213979607	0.00247524752475	0.0002078099601	7.38879858135e-05	4.61799911334e-06	0	4.61799911334e-06	4.61799911334e-05	0.00590642086597	0.00121453376681	0.0160660189153	0.00704706664696	0.00235056154869	0.00116835377568	0.000494125905128	0.000780441850155	0.000198573961874	0.000175483966307	0.00012468597606	0.000466417910448	1.385399734e-05	2.77079946801e-05
0.0162876828728	0.000235517954781	0.00603572484114	0	0.000895891827989	0.00012468597606	0.000632665878528	0.00689929067534	0.00654370474361	0.00334804935717	0.000184719964534	0.000572631890055	0.000526451898921	9.23599822669e-05	0.0151193290971	6.46519875868e-05	0.00244292153096	0.00412849120733	6.00339884735e-05	0.000641901876755	0.0010021058076	0.0181764445101	0.00195341362494	0.0149669351263	0.00860795034727	1.84719964534e-05	0.00199497561696	0.000845093837742	0.0131566794739	0.0290195064283	0.0577942589035	4.61799911334e-05	8.77419831535e-05	0.0246370252697	0.0164216048471	0.000286315945027	0.000115449977834	2.77079946801e-05	0	0.000868183833309	9.23599822669e-06	0.000494125905128	0.00329263336781	0.000872801832422	0.00823389241909	0.00175483966307	2.77079946801e-05	0.000526451898921	9.23599822669e-06	0.000729643859908	3.69439929068e-05	0.0002078099601	1.84719964534e-05	4.61799911334e-06	4.61799911334e-06	0.000300169942367	8.77419831535e-05	0.000812767843949	0.000161629968967	0.00661297473031	0	1.385399734e-05	0.00012468597606	0.00319103738732	0.000267843948574	8.31239840402e-05	0	0	4.61799911334e-06	3.23259937934e-05	0.00338499335008	0.000466417910448	0.00669148071524	0.00367592729422	0.00163938968524	0.000872801832422	0.000101595980494	0.000831239840402	8.77419831535e-05	0.000184719964534	8.31239840402e-05	0.000447945913994	1.84719964534e-05	1.385399734e-05
