0.00890813031993	4.89188924763e-06	7.33783387144e-05	0	7.33783387144e-05	3.42432247334e-05	0.000454945700029	0.00166813423344	0.00055767537423	0.000225026905391	0.000283729576362	4.89188924763e-06	0.000234810683886	0	0.00259759319049	9.78377849525e-06	6.35945602192e-05	1.46756677429e-05	0	0	5.38107817239e-05	0.000542999706487	9.78377849525e-05	0.000361999804324	0.000293513354858	0	4.89188924763e-06	1.95675569905e-05	0.000591918598963	0.00664807748753	0.00283240387438	0	2.44594462381e-05	0.00171705312592	0.00155562078075	0	0	0	0	0	0	4.89188924763e-06	9.78377849525e-06	4.89188924763e-06	8.31621172097e-05	0	0	4.89188924763e-06	0	0	0	0	0	0	0	9.78377849525e-06	4.89188924763e-06	3.42432247334e-05	0	5.87026709715e-05	0	0	0	9.78377849525e-06	0	4.89188924763e-06	0	0	0	4.89188924763e-06	0.000322864690343	1.95675569905e-05	0.000454945700029	0.000107621563448	2.93513354858e-05	0	9.78377849525e-06	9.78377849525e-06	0	0	0	4.89188924763e-06	0	0
4.89188924763e-06	0.0174200176108	0.00329224146365	0	0	0	0	0	0	2.93513354858e-05	0	0.00039135113981	0	0.000180999902162	0	0	7.8270227962e-05	0.00159964778397	7.8270227962e-05	0.00108110752373	0	0.000117405341943	0.00159475589473	0.000831621172097	2.44594462381e-05	0.00127678309363	0.00522453771647	0.00990607572645	2.93513354858e-05	2.44594462381e-05	5.87026709715e-05	4.89188924763e-06	0	2.44594462381e-05	0.00115937775169	0	0.00276880931416	0.000498972703258	0	0	0	4.89188924763e-06	9.78377849525e-06	4.89188924763e-06	4.89188924763e-06	0	0.000259270130124	0	7.33783387144e-05	4.89188924763e-06	4.89188924763e-06	8.31621172097e-05	0.000234810683886	4.40270032286e-05	0.000141864788181	0	5.38107817239e-05	0.000450053810782	0.00037178358282	1.95675569905e-05	0.000582134820468	0.000552783484982	0.00127189120438	2.93513354858e-05	0	2.93513354858e-05	0	0	0	0.000332648468839	0.000528324038744	0.000904999510811	0.000802269836611	0.000298405244105	9.78377849525e-06	4.89188924763e-06	2.44594462381e-05	0.000161432345172	0.00123764797965	0.000298405244105	7.8270227962e-05	9.78377849525e-06	1.46756677429e-05	1.95675569905e-05
7.33783387144e-05	0.00329224146365	0.0387241952842	0	4.89188924763e-06	9.78377849525e-06	2.93513354858e-05	0.000132081009686	3.9135113981e-05	0.000132081009686	1.95675569905e-05	0.000176108012915	9.78377849525e-06	1.95675569905e-05	6.35945602192e-05	0	0.000640837491439	0.00948537325115	2.93513354858e-05	0.00157029644849	0	0.00236767439585	0.00262205263673	0.0167596125624	0.000112513452695	3.42432247334e-05	0.00549359162509	0.0127286958223	0.000768026611878	0.000454945700029	0.00136972898934	0	4.89188924763e-06	0.000347324136582	0.00520497015948	0	0.000807161725859	0.00018589179141	0	0	0	0	4.89188924763e-06	0	2.93513354858e-05	0	2.44594462381e-05	0	0	0	0	0.000136972898934	6.84864494668e-05	0	1.46756677429e-05	0	2.93513354858e-05	0.000567459152725	0.0002054593484	3.9135113981e-05	1.46756677429e-05	0.000122297231191	0.00037178358282	9.78377849525e-06	0	1.46756677429e-05	0	0	0	7.33783387144e-05	0.00388416006262	0.00328245768516	0.00437334898738	0.00137462087858	4.89188924763e-05	3.42432247334e-05	4.40270032286e-05	0.000229918794638	0.000303297133353	6.84864494668e-05	5.38107817239e-05	9.78377849525e-06	0	0
0	0	0	0	0	0	0	0	0	0	0	0	0	0	0	0	0	0	0	0	0	0	0	0	0	0	0	0	0	0	0	0	0	0	0	0	0	0	0	0	0	0	0	0	0	0	0	0	0	0	0	0	0	0	0	0	0	0	0	0	0	0	0	0	0	0	0	0	0	0	0	0	0	0	0	0	0	0	0	0	0	0	0	0
7.33783387144e-05	0	4.89188924763e-06	0	0.0184962332453	0	0.000513648371001	0.00138929654633	0.000122297231191	0.000626161823696	0.00229429605714	0	0.00347324136582	0	0.000117405341943	9.78377849525e-06	9.78377849525e-06	0	0	0	0.00841404950592	9.78377849525e-06	1.95675569905e-05	1.46756677429e-05	0.00745523921338	0	0	0	0.00592407787888	0.00028862146561	0.000151648566676	0	0	0.000117405341943	0.000146756677429	4.89188924763e-06	0	0	0	0.00283240387438	0	3.42432247334e-05	5.38107817239e-05	1.95675569905e-05	4.89188924763e-05	0.000454945700029	0	0.000225026905391	0	1.46756677429e-05	0	0	0	0	0	0.001027296742	0	0	0	9.29458957049e-05	0	0	0	0.00149691810977	0	0	0	0	0	0	4.89188924763e-05	0	3.9135113981e-05	9.78377849525e-06	5.38107817239e-05	0	0	4.89188924763e-06	0	0	0	0	0	0
3.42432247334e-05	0	9.78377849525e-06	0	0	0.00648664514235	0.00198121514529	1.46756677429e-05	0.00354661970453	9.78377849525e-06	4.89188924763e-06	9.78377849525e-06	4.89188924763e-06	0	0.00107132374523	0.00049408081401	4.89188924763e-06	1.95675569905e-05	0	4.89188924763e-06	0	4.89188924763e-06	0	1.46756677429e-05	9.78377849525e-06	0	9.78377849525e-06	0	0	0.00189316113883	1.46756677429e-05	0	0.0028764308776	2.93513354858e-05	0.0011398101947	0	0	0	0	0	0	0	0	0	0	0	0	0	0	0	0	0	0	0	0	0	0	0	0	0	0	0	0	0	0	0	0	0	0	0	5.87026709715e-05	0	0.000278837687115	0.000132081009686	0.000777810390373	0.000420702475296	0	0	0	0	0	0	0	0
0.000454945700029	0	2.93513354858e-05	0	0.000513648371001	0.00198121514529	0.0349280892281	0.00295959299481	0.0120389394384	0.000166324234419	0.00949515702964	1.95675569905e-05	0.00709813129831	0	0.00472556501321	0.00106153996674	9.78377849525e-06	1.95675569905e-05	0	1.46756677429e-05	0.000777810390373	6.84864494668e-05	4.40270032286e-05	9.78377849525e-05	0.000645729380687	0	2.44594462381e-05	0	0.000924567067802	0.00421680853145	0.000479405146267	0	0.00155562078075	0.000650621269934	0.00199589081303	0	0	0	0	0	0	9.78377849525e-06	9.78377849525e-06	0	1.95675569905e-05	0	0	4.89188924763e-06	0	0	0	4.89188924763e-06	0	0	0	0	4.89188924763e-06	0	0	2.93513354858e-05	0	0	0	1.95675569905e-05	0	0	0	0	0	0	0.000141864788181	1.95675569905e-05	0.000547891595734	0.000132081009686	0.000283729576362	0.000156540455924	0	0	0	0	0	0	0	0
0.00166813423344	0	0.000132081009686	0	0.00138929654633	1.46756677429e-05	0.00295959299481	0.0297720379611	0.00201056648077	0.00114959397319	0.00666275315527	0	0.00204970159476	0	0.00359064670776	6.84864494668e-05	0.000210351237648	5.38107817239e-05	0	1.95675569905e-05	0.000953918403287	0.00066040504843	0.000313080911848	0.000714215830154	0.00306721455826	0	1.95675569905e-05	1.46756677429e-05	0.0105762645534	0.00574796986596	0.00552294296057	0	9.78377849525e-06	0.00179043146463	0.00227472850015	4.89188924763e-06	0	0	0	1.46756677429e-05	0	2.44594462381e-05	6.84864494668e-05	0	0.000347324136582	3.42432247334e-05	0	4.40270032286e-05	0	0	4.89188924763e-06	1.46756677429e-05	4.89188924763e-06	0	0	1.46756677429e-05	4.89188924763e-06	3.9135113981e-05	9.78377849525e-06	0.00026905390862	0	0	0	6.84864494668e-05	0	0	0	0	0	0	0.000361999804324	3.9135113981e-05	0.000616378045201	0.000132081009686	0.000249486351629	1.46756677429e-05	4.89188924763e-06	1.95675569905e-05	4.89188924763e-06	4.89188924763e-06	0	1.46756677429e-05	0	0
0.00055767537423	0	3.9135113981e-05	0	0.000122297231191	0.00354661970453	0.0120389394384	0.00201056648077	0.0346834947657	7.33783387144e-05	0.00250464729479	5.87026709715e-05	0.000753350944135	4.89188924763e-06	0.0163927208688	0.000401134918305	5.38107817239e-05	2.44594462381e-05	0	2.93513354858e-05	0.000122297231191	9.78377849525e-05	3.9135113981e-05	0.000107621563448	0.000210351237648	0	3.42432247334e-05	9.78377849525e-06	0.000381567361315	0.00967615693181	0.000591918598963	0	0.00412386263575	0.00107132374523	0.00384502494864	0	0	0	0	0	0	0	9.78377849525e-06	0	1.46756677429e-05	0	0	0	0	0	0	0	0	0	0	0	0	0	0	1.46756677429e-05	0	0	0	9.78377849525e-06	0	0	0	0	0	0	0.000249486351629	3.42432247334e-05	0.00108599941297	0.000313080911848	0.000161432345172	0.000337540358086	4.89188924763e-06	4.89188924763e-06	0	0	0	0	0	0
0.000225026905391	2.93513354858e-05	0.000132081009686	0	0.000626161823696	9.78377849525e-06	0.000166324234419	0.00114959397319	7.33783387144e-05	0.0166128558849	0.00028862146561	4.89188924763e-06	0.00177575579689	0	0.000210351237648	0.000151648566676	0.000582134820468	3.9135113981e-05	0	9.78377849525e-06	0.00117894530868	0.000450053810782	0.00326289012817	0.000591918598963	0.00496037569709	0	1.46756677429e-05	0.000117405341943	0.00305743077977	0.00145289110655	0.00163878289796	0	4.89188924763e-06	0.000826729282849	0.00129145876137	3.9135113981e-05	0	4.89188924763e-06	0	0.000166324234419	0	0.000122297231191	0.000508756481753	4.40270032286e-05	0.00260737696899	0.000244594462381	0	0.000264162019372	0	2.93513354858e-05	4.89188924763e-06	0.000180999902162	4.89188924763e-06	0	0	0.000215243126896	2.93513354858e-05	0.000396243029058	6.84864494668e-05	0.00203991781626	0	0	0	0.00066040504843	9.78377849525e-06	0.000117405341943	0	0	0	4.89188924763e-05	0.000670188826925	4.40270032286e-05	0.000313080911848	7.8270227962e-05	0.000900107621563	9.78377849525e-06	0	0.0001027296742	2.44594462381e-05	6.35945602192e-05	9.78377849525e-06	9.78377849525e-05	0	0
0.000283729576362	0	1.95675569905e-05	0	0.00229429605714	4.89188924763e-06	0.00949515702964	0.00666275315527	0.00250464729479	0.00028862146561	0.0298552000783	0	0.00696605028862	0	0.00133059387535	4.40270032286e-05	9.78377849525e-06	0	0	0	0.00341453869484	6.84864494668e-05	3.42432247334e-05	4.89188924763e-05	0.00161921534096	0	9.78377849525e-06	0	0.00434399765189	0.00086586439683	0.000347324136582	0	0	0.000317972801096	0.000445161921534	0	0	0	0	4.89188924763e-06	0	4.89188924763e-06	9.78377849525e-06	0	7.8270227962e-05	4.89188924763e-06	0	1.46756677429e-05	0	0	0	0	0	0	0	9.78377849525e-06	0	0	0	6.35945602192e-05	0	0	0	1.46756677429e-05	0	0	0	0	0	0	7.33783387144e-05	4.89188924763e-06	0.000151648566676	1.95675569905e-05	8.31621172097e-05	4.89188924763e-06	0	0	0	0	0	0	0	0
4.89188924763e-06	0.00039135113981	0.000176108012915	0	0	9.78377849525e-06	1.95675569905e-05	0	5.87026709715e-05	4.89188924763e-06	0	0.0261862831425	0	0.00655513159182	7.8270227962e-05	4.89188924763e-06	9.78377849525e-06	0.000381567361315	0.00208394481949	0.00392818706584	0	1.95675569905e-05	1.95675569905e-05	9.29458957049e-05	0	0.00410918696801	0.00905977888661	0.00156540455924	0	0.000210351237648	2.93513354858e-05	4.89188924763e-05	1.46756677429e-05	9.78377849525e-06	0.00454456511105	0	0.000122297231191	9.78377849525e-06	0	0	0	0	0	0	4.89188924763e-06	0	0.000430486253791	0	0.000210351237648	0	0	4.89188924763e-06	4.89188924763e-06	2.93513354858e-05	6.84864494668e-05	0	0	4.89188924763e-06	0	0	0.000675080716173	0.000141864788181	0.000156540455924	0	0	0	1.95675569905e-05	0	0	4.89188924763e-05	0.000503864592506	0.00273456608942	0.00300851188729	0.000459837589277	0	0	0.000533215927991	3.42432247334e-05	0.00067997260542	8.80540064573e-05	1.95675569905e-05	0	4.89188924763e-06	4.40270032286e-05
0.000234810683886	0	9.78377849525e-06	0	0.00347324136582	4.89188924763e-06	0.00709813129831	0.00204970159476	0.000753350944135	0.00177575579689	0.00696605028862	0	0.0298062811858	0	0.000635945602192	0.000816945504354	4.89188924763e-06	9.78377849525e-06	0	0	0.00905488699736	2.44594462381e-05	1.95675569905e-05	4.89188924763e-05	0.00336561980237	0	0	4.89188924763e-06	0.00194208003131	0.000665296937677	0.000244594462381	0	0	0.000210351237648	0.00037178358282	0	0	0	0	0	0	4.89188924763e-06	1.46756677429e-05	0	7.33783387144e-05	1.46756677429e-05	0	1.46756677429e-05	0	0	0	9.78377849525e-06	0	0	0	1.95675569905e-05	0	4.89188924763e-06	0	5.87026709715e-05	0	0	0	1.46756677429e-05	0	4.89188924763e-06	0	0	0	0	7.33783387144e-05	4.89188924763e-06	0.000107621563448	2.44594462381e-05	0.000738675276392	0	0	0	0	0	0	0	0	0
0	0.000180999902162	1.95675569905e-05	0	0	0	0	0	4.89188924763e-06	0	0	0.00655513159182	0	0.0166715585559	0	0	0	4.89188924763e-05	0.000352216025829	0.000445161921534	0	0	0	9.78377849525e-06	0	0.00563545641327	0.00633499657568	0.00371294393895	0	1.46756677429e-05	4.89188924763e-06	0.000381567361315	0	4.89188924763e-06	0.00047451325702	0	0.000107621563448	1.46756677429e-05	0	0	0	0	0	0	0	0	0.000327756579591	0	0.000273945797867	0	0	0	2.44594462381e-05	1.46756677429e-05	6.84864494668e-05	0	0	0	4.89188924763e-06	0	0.000552783484982	0.000195675569905	0.000171216123667	0	0	0	4.89188924763e-06	0	0	3.9135113981e-05	0.000107621563448	0.00108599941297	0.000640837491439	0.0001027296742	0	0	0.00049408081401	4.89188924763e-06	0.000430486253791	4.89188924763e-05	4.89188924763e-06	0	0	3.9135113981e-05
0.00259759319049	0	6.35945602192e-05	0	0.000117405341943	0.00107132374523	0.00472556501321	0.00359064670776	0.0163927208688	0.000210351237648	0.00133059387535	7.8270227962e-05	0.000635945602192	0	0.0346492515409	0.000244594462381	8.31621172097e-05	3.9135113981e-05	0	1.95675569905e-05	0.0001027296742	0.000254378240877	0.000117405341943	0.000190783680657	0.000308189022601	0	2.93513354858e-05	3.9135113981e-05	0.000640837491439	0.0152088836709	0.00158986400548	0	0.00145289110655	0.00219156638294	0.00501907836807	0	0	0	0	0	0	0	4.89188924763e-06	0	7.8270227962e-05	0	0	9.78377849525e-06	0	0	0	9.78377849525e-06	0	0	0	9.78377849525e-06	0	1.95675569905e-05	4.89188924763e-06	5.38107817239e-05	0	4.89188924763e-06	0	1.95675569905e-05	0	0	0	0	0	4.89188924763e-06	0.000430486253791	6.35945602192e-05	0.00151159377752	0.000440270032286	9.29458957049e-05	6.84864494668e-05	4.89188924763e-06	9.78377849525e-06	4.89188924763e-06	0	0	0	0	0
9.78377849525e-06	0	0	0	9.78377849525e-06	0.00049408081401	0.00106153996674	6.84864494668e-05	0.000401134918305	0.000151648566676	4.40270032286e-05	4.89188924763e-06	0.000816945504354	0	0.000244594462381	0.00560121318853	4.89188924763e-06	4.89188924763e-06	0	4.89188924763e-06	2.93513354858e-05	4.89188924763e-06	9.78377849525e-06	1.46756677429e-05	8.80540064573e-05	0	4.89188924763e-06	0	4.89188924763e-05	0.000293513354858	4.89188924763e-05	0	2.93513354858e-05	2.93513354858e-05	0.000151648566676	0	0	0	0	0	0	0	0	0	4.89188924763e-06	0	0	0	0	0	0	0	0	0	0	0	0	0	0	9.78377849525e-06	0	0	0	4.89188924763e-06	0	0	0	0	0	0	3.9135113981e-05	4.89188924763e-06	7.8270227962e-05	1.46756677429e-05	0.00380099794541	2.44594462381e-05	0	0	0	0	0	0	0	0
6.35945602192e-05	7.8270227962e-05	0.000640837491439	0	9.78377849525e-06	4.89188924763e-06	9.78377849525e-06	0.000210351237648	5.38107817239e-05	0.000582134820468	9.78377849525e-06	9.78377849525e-06	4.89188924763e-06	0	8.31621172097e-05	4.89188924763e-06	0.0130906956267	9.78377849525e-05	0	2.44594462381e-05	0	0.002568241855	0.00257313374425	0.00633499657568	0.0016534585657	0	1.95675569905e-05	0.00181489091087	0.00195675569905	0.00049408081401	0.000787594168868	0	0	0.000386459250563	0.00110067508072	0	1.46756677429e-05	4.89188924763e-06	0	0	0	0	2.44594462381e-05	0	0.000146756677429	0	0	9.78377849525e-06	0	0	0	0.00104197240974	0	0	0	1.46756677429e-05	1.46756677429e-05	0.000166324234419	0.000327756579591	0.000146756677429	0	0	6.35945602192e-05	8.31621172097e-05	0	2.44594462381e-05	0	0	0	1.46756677429e-05	0.00047451325702	0.000122297231191	0.000440270032286	0.000122297231191	9.78377849525e-06	0	0	3.42432247334e-05	3.9135113981e-05	2.44594462381e-05	0	4.89188924763e-06	0	0
1.46756677429e-05	0.00159964778397	0.00948537325115	0	0	1.95675569905e-05	1.95675569905e-05	5.38107817239e-05	2.44594462381e-05	3.9135113981e-05	0	0.000381567361315	9.78377849525e-06	4.89188924763e-05	3.9135113981e-05	4.89188924763e-06	9.78377849525e-05	0.0280011740534	4.40270032286e-05	0.0067067801585	4.89188924763e-06	0.00138440465708	0.000611486155953	0.0105664807749	4.89188924763e-05	0.0001027296742	0.00818902260053	0.00405537618628	0.000190783680657	0.000239702573134	0.000572351041972	0	1.46756677429e-05	0.000161432345172	0.00625183445847	0	0.00037178358282	0.0001027296742	0	0	0	0	0	0	1.46756677429e-05	0	2.44594462381e-05	0	4.89188924763e-06	0	0	4.89188924763e-05	3.42432247334e-05	0	1.46756677429e-05	0	1.46756677429e-05	0.000141864788181	5.38107817239e-05	1.95675569905e-05	4.40270032286e-05	8.80540064573e-05	0.00018589179141	4.89188924763e-06	0	1.46756677429e-05	0	0	0	5.38107817239e-05	0.00282262009588	0.0027932687604	0.00416788963898	0.00142843166031	3.42432247334e-05	1.46756677429e-05	5.87026709715e-05	0.000127189120438	0.000171216123667	6.35945602192e-05	3.9135113981e-05	4.89188924763e-06	4.89188924763e-06	0
0	7.8270227962e-05	2.93513354858e-05	0	0	0	0	0	0	0	0	0.00208394481949	0	0.000352216025829	0	0	0	4.40270032286e-05	0.00636434791116	0.00290089032384	0	0	0	4.89188924763e-06	0	0.000347324136582	0.00418256530672	0.000381567361315	0	4.89188924763e-06	4.89188924763e-06	4.89188924763e-06	0	0	0.000234810683886	0	3.9135113981e-05	0	0	0	0	0	0	0	0	0	1.46756677429e-05	0	9.78377849525e-06	0	0	0	0	4.89188924763e-06	4.89188924763e-06	0	0	0	0	0	6.84864494668e-05	2.44594462381e-05	3.9135113981e-05	0	0	0	0	0	0	4.89188924763e-06	3.9135113981e-05	0.000146756677429	0.000151648566676	4.40270032286e-05	0	0	0	4.89188924763e-06	8.31621172097e-05	9.78377849525e-06	0	0	0	0
0	0.00108110752373	0.00157029644849	0	0	4.89188924763e-06	1.46756677429e-05	1.95675569905e-05	2.93513354858e-05	9.78377849525e-06	0	0.00392818706584	0	0.000445161921534	1.95675569905e-05	4.89188924763e-06	2.44594462381e-05	0.0067067801585	0.00290089032384	0.0216270423638	0	0.000136972898934	0.000127189120438	0.000851188729087	1.46756677429e-05	0.00047451325702	0.0124205067997	0.00248507973779	2.44594462381e-05	0.000151648566676	7.8270227962e-05	1.46756677429e-05	4.89188924763e-06	3.9135113981e-05	0.00550826729283	0	0.000303297133353	6.35945602192e-05	0	0	0	0	0	0	0	0	0.0001027296742	0	3.9135113981e-05	0	0	4.89188924763e-06	9.78377849525e-06	0	2.93513354858e-05	0	9.78377849525e-06	1.95675569905e-05	1.95675569905e-05	0	0.000171216123667	8.31621172097e-05	0.000156540455924	0	0	4.89188924763e-06	0	0	0	5.38107817239e-05	0.00121318853341	0.00199099892378	0.00264651208297	0.000753350944135	1.95675569905e-05	0	5.87026709715e-05	5.38107817239e-05	0.00026905390862	6.84864494668e-05	1.95675569905e-05	0	4.89188924763e-06	4.89188924763e-06
5.38107817239e-05	0	0	0	0.00841404950592	0	0.000777810390373	0.000953918403287	0.000122297231191	0.00117894530868	0.00341453869484	0	0.00905488699736	0	0.0001027296742	2.93513354858e-05	0	4.89188924763e-06	0	0	0.016930828686	2.44594462381e-05	0	2.93513354858e-05	0.00516583504549	0	0	4.89188924763e-06	0.00291067410234	0.000254378240877	0.000136972898934	0	0	8.31621172097e-05	8.80540064573e-05	0	0	0	0	0	0	0	9.78377849525e-06	0	1.95675569905e-05	4.89188924763e-06	0	9.78377849525e-06	0	0	0	0	0	0	0	4.89188924763e-06	0	0	0	1.46756677429e-05	0	0	0	9.78377849525e-06	0	0	0	0	0	0	2.93513354858e-05	0	1.46756677429e-05	0	6.35945602192e-05	0	0	0	0	0	0	0	0	0
0.000542999706487	0.000117405341943	0.00236767439585	0	9.78377849525e-06	4.89188924763e-06	6.84864494668e-05	0.00066040504843	9.78377849525e-05	0.000450053810782	6.84864494668e-05	1.95675569905e-05	2.44594462381e-05	0	0.000254378240877	4.89188924763e-06	0.002568241855	0.00138440465708	0	0.000136972898934	2.44594462381e-05	0.0347568731044	0.00106643185598	0.0205606105078	0.00108599941297	4.89188924763e-06	0.000190783680657	0.000689756383915	0.00550826729283	0.00347324136582	0.00923099501027	0	4.89188924763e-06	0.00166324234419	0.00474024068095	9.78377849525e-06	1.46756677429e-05	9.78377849525e-06	0	4.89188924763e-06	0	4.89188924763e-06	2.44594462381e-05	0	0.000107621563448	0	0	1.95675569905e-05	0	0	0	4.89188924763e-05	4.89188924763e-06	0	0	4.89188924763e-06	9.78377849525e-06	0.000127189120438	2.93513354858e-05	9.78377849525e-05	0	0	1.95675569905e-05	5.38107817239e-05	0	1.95675569905e-05	0	0	0	1.46756677429e-05	0.00178553957538	0.000538107817239	0.00209862048723	0.00055767537423	3.9135113981e-05	9.78377849525e-06	2.44594462381e-05	6.84864494668e-05	1.95675569905e-05	1.46756677429e-05	9.78377849525e-06	0	0	0
9.78377849525e-05	0.00159475589473	0.00262205263673	0	1.95675569905e-05	0	4.40270032286e-05	0.000313080911848	3.9135113981e-05	0.00326289012817	3.42432247334e-05	1.95675569905e-05	1.95675569905e-05	0	0.000117405341943	9.78377849525e-06	0.00257313374425	0.000611486155953	0	0.000127189120438	0	0.00106643185598	0.0176548282947	0.00378632227766	0.00165835045495	0	0.000171216123667	0.00342921436259	0.00180021524313	0.000826729282849	0.00112513452695	0	0	0.000547891595734	0.00186380980335	2.44594462381e-05	0.000332648468839	0.000136972898934	0	4.40270032286e-05	0	1.95675569905e-05	0.000229918794638	1.95675569905e-05	0.0011398101947	5.87026709715e-05	0	3.42432247334e-05	0	1.46756677429e-05	0	0.000552783484982	4.89188924763e-05	0	4.89188924763e-06	4.89188924763e-05	0.000112513452695	0.00180510713237	0.000406026807553	0.000733783387144	0	3.42432247334e-05	0.000352216025829	0.000415810586048	1.95675569905e-05	9.29458957049e-05	0	0	4.89188924763e-06	0.000132081009686	0.000953918403287	0.000450053810782	0.000895215732316	0.000264162019372	3.9135113981e-05	4.89188924763e-06	1.46756677429e-05	0.000176108012915	0.000220135016143	0.000117405341943	3.9135113981e-05	4.89188924763e-05	4.89188924763e-06	4.89188924763e-06
0.000361999804324	0.000831621172097	0.0167596125624	0	1.46756677429e-05	1.46756677429e-05	9.78377849525e-05	0.000714215830154	0.000107621563448	0.000591918598963	4.89188924763e-05	9.29458957049e-05	4.89188924763e-05	9.78377849525e-06	0.000190783680657	1.46756677429e-05	0.00633499657568	0.0105664807749	4.89188924763e-06	0.000851188729087	2.93513354858e-05	0.0205606105078	0.00378632227766	0.0664269640935	0.000895215732316	1.46756677429e-05	0.00127678309363	0.00786126602094	0.005156051267	0.00228940416789	0.00681929361119	0	9.78377849525e-06	0.00163878289796	0.0100870756286	9.78377849525e-06	0.000171216123667	5.38107817239e-05	0	4.89188924763e-06	0	9.78377849525e-06	4.40270032286e-05	9.78377849525e-06	0.000200567459153	1.46756677429e-05	4.89188924763e-06	1.46756677429e-05	0	0	0	0.000132081009686	2.44594462381e-05	0	9.78377849525e-06	9.78377849525e-06	1.95675569905e-05	0.000469621367772	0.000127189120438	0.000171216123667	4.89188924763e-06	3.42432247334e-05	8.31621172097e-05	6.84864494668e-05	0	3.42432247334e-05	0	0	0	4.89188924763e-05	0.00589472654339	0.00271499853243	0.00694159084238	0.00213286371197	0.000127189120438	4.40270032286e-05	7.33783387144e-05	0.000195675569905	9.29458957049e-05	2.93513354858e-05	1.95675569905e-05	1.46756677429e-05	0	0
0.000293513354858	2.44594462381e-05	0.000112513452695	0	0.00745523921338	9.78377849525e-06	0.000645729380687	0.00306721455826	0.000210351237648	0.00496037569709	0.00161921534096	0	0.00336561980237	0	0.000308189022601	8.80540064573e-05	0.0016534585657	4.89188924763e-05	0	1.46756677429e-05	0.00516583504549	0.00108599941297	0.00165835045495	0.000895215732316	0.0298062811858	0	9.78377849525e-06	4.89188924763e-05	0.0124889932492	0.00179043146463	0.00199099892378	0	0	0.000958810292535	0.00145289110655	1.46756677429e-05	0	0	0	0.000533215927991	0	2.44594462381e-05	0.000117405341943	4.89188924763e-06	0.000640837491439	5.38107817239e-05	0	6.84864494668e-05	0	9.78377849525e-06	0	4.89188924763e-05	0	0	0	3.9135113981e-05	1.46756677429e-05	8.80540064573e-05	1.95675569905e-05	0.00145778299579	0	0	0	0.000347324136582	0	1.46756677429e-05	0	0	0	9.78377849525e-06	0.000283729576362	2.44594462381e-05	0.000420702475296	0.000107621563448	0.000317972801096	4.89188924763e-06	0	2.93513354858e-05	0	1.46756677429e-05	0	1.46756677429e-05	0	0
0	0.00127678309363	3.42432247334e-05	0	0	0	0	0	0	0	0	0.00410918696801	0	0.00563545641327	0	0	0	0.0001027296742	0.000347324136582	0.00047451325702	0	4.89188924763e-06	0	1.46756677429e-05	0	0.0134624792095	0.00388905195186	0.00209862048723	0	9.78377849525e-06	0	9.78377849525e-06	0	0	0.00047451325702	0	0.000244594462381	2.93513354858e-05	0	0	0	0	0	0	0	0	0.000895215732316	0	0.000547891595734	0	0	4.89188924763e-06	2.93513354858e-05	7.33783387144e-05	0.000136972898934	0	0	0	0	0	0.00173662068291	0.000435378143039	0.000352216025829	0	0	0	9.78377849525e-06	0	0	0.0001027296742	6.35945602192e-05	0.00136972898934	0.000450053810782	7.8270227962e-05	0	0	0.000357107915077	1.46756677429e-05	0.0011300264162	0.000229918794638	1.95675569905e-05	0	0	0.000156540455924
4.89188924763e-06	0.00522453771647	0.00549359162509	0	0	9.78377849525e-06	2.44594462381e-05	1.95675569905e-05	3.42432247334e-05	1.46756677429e-05	9.78377849525e-06	0.00905977888661	0	0.00633499657568	2.93513354858e-05	4.89188924763e-06	1.95675569905e-05	0.00818902260053	0.00418256530672	0.0124205067997	0	0.000190783680657	0.000171216123667	0.00127678309363	9.78377849525e-06	0.00388905195186	0.0629537227277	0.0206095294003	4.89188924763e-05	0.000156540455924	0.000112513452695	0.000156540455924	9.78377849525e-06	4.40270032286e-05	0.00510224048528	0	0.00135505332159	0.000234810683886	0	0	0	4.89188924763e-06	0	4.89188924763e-06	1.46756677429e-05	0	0.000518540260249	0	0.000234810683886	4.89188924763e-06	9.78377849525e-06	1.46756677429e-05	0.000156540455924	4.40270032286e-05	0.000190783680657	0	1.95675569905e-05	4.40270032286e-05	0.000112513452695	4.89188924763e-06	0.00115937775169	0.000616378045201	0.000880540064573	0	0	4.89188924763e-06	4.89188924763e-06	0	0	0.000249486351629	0.00148713433128	0.00392818706584	0.00353194403679	0.000978377849525	1.95675569905e-05	4.89188924763e-06	0.000112513452695	8.31621172097e-05	0.00117405341943	0.000293513354858	5.87026709715e-05	9.78377849525e-06	4.89188924763e-06	3.42432247334e-05
1.95675569905e-05	0.00990607572645	0.0127286958223	0	0	0	0	1.46756677429e-05	9.78377849525e-06	0.000117405341943	0	0.00156540455924	4.89188924763e-06	0.00371294393895	3.9135113981e-05	0	0.00181489091087	0.00405537618628	0.000381567361315	0.00248507973779	4.89188924763e-06	0.000689756383915	0.00342921436259	0.00786126602094	4.89188924763e-05	0.00209862048723	0.0206095294003	0.059186968007	0.00028862146561	0.000151648566676	0.000347324136582	0.000176108012915	0	9.78377849525e-05	0.00314059289698	0	0.00156540455924	0.000332648468839	0	0	0	9.78377849525e-06	4.89188924763e-06	0	3.42432247334e-05	0	0.000180999902162	0	7.33783387144e-05	0	4.89188924763e-06	0.000146756677429	0.000132081009686	1.46756677429e-05	9.78377849525e-05	0	3.9135113981e-05	0.000523432149496	0.000278837687115	1.95675569905e-05	0.000469621367772	0.00039135113981	0.000826729282849	2.44594462381e-05	0	3.42432247334e-05	0	0	0	0.000210351237648	0.00167302612269	0.00210351237648	0.00238235006359	0.000728891497896	4.40270032286e-05	1.46756677429e-05	4.89188924763e-05	0.000151648566676	0.000880540064573	0.000200567459153	2.93513354858e-05	9.78377849525e-06	4.89188924763e-06	1.46756677429e-05
0.000591918598963	2.93513354858e-05	0.000768026611878	0	0.00592407787888	0	0.000924567067802	0.0105762645534	0.000381567361315	0.00305743077977	0.00434399765189	0	0.00194208003131	0	0.000640837491439	4.89188924763e-05	0.00195675569905	0.000190783680657	0	2.44594462381e-05	0.00291067410234	0.00550826729283	0.00180021524313	0.005156051267	0.0124889932492	0	4.89188924763e-05	0.00028862146561	0.0450102729674	0.00380099794541	0.00723021230799	0	4.89188924763e-06	0.00211818804422	0.00408961941102	4.89188924763e-06	4.89188924763e-06	0	0	0.000254378240877	0	2.93513354858e-05	0.000161432345172	9.78377849525e-06	0.000807161725859	0.000161432345172	0	9.29458957049e-05	0	0	4.89188924763e-06	7.33783387144e-05	0	0	0	0.000136972898934	0	0.000195675569905	2.44594462381e-05	0.000542999706487	0	0	9.78377849525e-06	0.000513648371001	0	1.95675569905e-05	0	0	0	9.78377849525e-06	0.000924567067802	0.000136972898934	0.00132570198611	0.000303297133353	0.000254378240877	9.78377849525e-06	9.78377849525e-06	5.87026709715e-05	0	1.95675569905e-05	0	2.44594462381e-05	4.89188924763e-06	0
0.00664807748753	2.44594462381e-05	0.000454945700029	0	0.00028862146561	0.00189316113883	0.00421680853145	0.00574796986596	0.00967615693181	0.00145289110655	0.00086586439683	0.000210351237648	0.000665296937677	1.46756677429e-05	0.0152088836709	0.000293513354858	0.00049408081401	0.000239702573134	4.89188924763e-06	0.000151648566676	0.000254378240877	0.00347324136582	0.000826729282849	0.00228940416789	0.00179043146463	9.78377849525e-06	0.000156540455924	0.000151648566676	0.00380099794541	0.0548478622444	0.0130662361804	0	0.00265629586146	0.0137853438998	0.0188044222679	0	9.78377849525e-06	4.89188924763e-06	0	9.78377849525e-06	0	9.78377849525e-06	8.80540064573e-05	0	0.000445161921534	2.44594462381e-05	4.89188924763e-06	5.87026709715e-05	0	4.89188924763e-06	0	2.93513354858e-05	0	0	0	3.42432247334e-05	4.89188924763e-06	0.000132081009686	4.89188924763e-06	0.000317972801096	0	4.89188924763e-06	0	9.29458957049e-05	0	2.44594462381e-05	0	0	0	4.89188924763e-06	0.00276391742491	0.000322864690343	0.00643772624988	0.00174151257216	0.000273945797867	0.000161432345172	2.44594462381e-05	5.87026709715e-05	1.95675569905e-05	4.89188924763e-06	4.89188924763e-06	0	0	0
0.00283240387438	5.87026709715e-05	0.00136972898934	0	0.000151648566676	1.46756677429e-05	0.000479405146267	0.00552294296057	0.000591918598963	0.00163878289796	0.000347324136582	2.93513354858e-05	0.000244594462381	4.89188924763e-06	0.00158986400548	4.89188924763e-05	0.000787594168868	0.000572351041972	4.89188924763e-06	7.8270227962e-05	0.000136972898934	0.00923099501027	0.00112513452695	0.00681929361119	0.00199099892378	0	0.000112513452695	0.000347324136582	0.00723021230799	0.0130662361804	0.032457685158	0	4.89188924763e-06	0.00624694256922	0.00929458957049	4.89188924763e-06	9.78377849525e-06	4.89188924763e-06	0	1.46756677429e-05	0	9.78377849525e-06	0.000127189120438	0	0.000469621367772	2.93513354858e-05	0	4.89188924763e-05	0	4.89188924763e-06	0	5.38107817239e-05	9.78377849525e-06	0	0	2.93513354858e-05	9.78377849525e-06	0.00018589179141	3.9135113981e-05	0.000332648468839	0	0	4.89188924763e-06	0.000156540455924	0	3.42432247334e-05	0	0	0	1.46756677429e-05	0.00208883670874	0.000406026807553	0.00277859309265	0.000738675276392	0.000107621563448	1.46756677429e-05	1.46756677429e-05	6.35945602192e-05	9.78377849525e-06	1.46756677429e-05	1.95675569905e-05	4.89188924763e-06	0	0
0	4.89188924763e-06	0	0	0	0	0	0	0	0	0	4.89188924763e-05	0	0.000381567361315	0	0	0	0	4.89188924763e-06	1.46756677429e-05	0	0	0	0	0	9.78377849525e-06	0.000156540455924	0.000176108012915	0	0	0	0.000381567361315	0	0	0	0	0	0	0	0	0	0	0	0	0	0	0	0	0	0	0	0	0	0	0	0	0	0	0	0	4.89188924763e-06	4.89188924763e-06	4.89188924763e-06	0	0	0	0	0	0	0	0	9.78377849525e-06	4.89188924763e-06	0	0	0	0	0	4.89188924763e-06	0	0	0	0	0
2.44594462381e-05	0	4.89188924763e-06	0	0	0.0028764308776	0.00155562078075	9.78377849525e-06	0.00412386263575	4.89188924763e-06	0	1.46756677429e-05	0	0	0.00145289110655	2.93513354858e-05	0	1.46756677429e-05	0	4.89188924763e-06	0	4.89188924763e-06	0	9.78377849525e-06	0	0	9.78377849525e-06	0	4.89188924763e-06	0.00265629586146	4.89188924763e-06	0	0.00710302318756	2.93513354858e-05	0.000880540064573	0	0	0	0	0	0	0	0	0	0	0	0	0	0	0	0	0	0	0	0	0	0	0	0	4.89188924763e-06	0	0	0	0	0	0	0	0	0	0	3.9135113981e-05	0	0.00018589179141	7.8270227962e-05	2.44594462381e-05	0.000337540358086	0	0	0	0	0	0	0	0
0.00171705312592	2.44594462381e-05	0.000347324136582	0	0.000117405341943	2.93513354858e-05	0.000650621269934	0.00179043146463	0.00107132374523	0.000826729282849	0.000317972801096	9.78377849525e-06	0.000210351237648	4.89188924763e-06	0.00219156638294	2.93513354858e-05	0.000386459250563	0.000161432345172	0	3.9135113981e-05	8.31621172097e-05	0.00166324234419	0.000547891595734	0.00163878289796	0.000958810292535	0	4.40270032286e-05	9.78377849525e-05	0.00211818804422	0.0137853438998	0.00624694256922	0	2.93513354858e-05	0.0169210449075	0.0110948048136	0	0	0	0	0	0	0	4.89188924763e-05	0	0.000234810683886	9.78377849525e-06	0	1.95675569905e-05	0	0	0	2.44594462381e-05	0	0	0	2.44594462381e-05	4.89188924763e-06	7.8270227962e-05	4.89188924763e-06	0.000146756677429	0	0	0	6.84864494668e-05	0	4.89188924763e-06	0	0	0	0	0.00241659328833	0.000273945797867	0.00419234908522	0.000963702181783	0.000132081009686	2.44594462381e-05	4.89188924763e-06	4.89188924763e-05	9.78377849525e-06	0	4.89188924763e-06	0	0	0
0.00155562078075	0.00115937775169	0.00520497015948	0	0.000146756677429	0.0011398101947	0.00199589081303	0.00227472850015	0.00384502494864	0.00129145876137	0.000445161921534	0.00454456511105	0.00037178358282	0.00047451325702	0.00501907836807	0.000151648566676	0.00110067508072	0.00625183445847	0.000234810683886	0.00550826729283	8.80540064573e-05	0.00474024068095	0.00186380980335	0.0100870756286	0.00145289110655	0.00047451325702	0.00510224048528	0.00314059289698	0.00408961941102	0.0188044222679	0.00929458957049	0	0.000880540064573	0.0110948048136	0.0579542119166	4.89188924763e-06	0.000283729576362	5.87026709715e-05	0	9.78377849525e-06	0	0	0.000132081009686	0	0.000445161921534	3.42432247334e-05	8.31621172097e-05	3.9135113981e-05	2.93513354858e-05	4.89188924763e-06	4.89188924763e-06	7.8270227962e-05	3.42432247334e-05	4.89188924763e-06	1.46756677429e-05	1.95675569905e-05	2.44594462381e-05	0.000234810683886	6.84864494668e-05	0.000293513354858	0.000112513452695	8.31621172097e-05	0.000132081009686	0.000166324234419	0	6.35945602192e-05	0	0	0	3.9135113981e-05	0.0117209666373	0.00498972703258	0.0245083651306	0.00746991488113	0.000386459250563	0.000254378240877	0.00026905390862	0.000322864690343	0.00028862146561	6.84864494668e-05	5.38107817239e-05	1.46756677429e-05	0	1.46756677429e-05
0	0	0	0	4.89188924763e-06	0	0	4.89188924763e-06	0	3.9135113981e-05	0	0	0	0	0	0	0	0	0	0	0	9.78377849525e-06	2.44594462381e-05	9.78377849525e-06	1.46756677429e-05	0	0	0	4.89188924763e-06	0	4.89188924763e-06	0	0	0	4.89188924763e-06	0.0168916935721	0	9.78377849525e-06	0	0.000112513452695	4.89188924763e-06	0.00211818804422	0.00573329419822	0.00531259172292	0.000254378240877	0.000611486155953	4.89188924763e-06	0.000308189022601	0	0.00633010468643	0.000327756579591	0.000132081009686	1.46756677429e-05	0	4.89188924763e-06	0.000112513452695	9.29458957049e-05	6.84864494668e-05	0.000136972898934	0.000792486058116	0	0	9.78377849525e-06	0.00125232364739	0.00313080911848	0.00236767439585	0	4.89188924763e-06	0.000117405341943	0.000322864690343	9.78377849525e-06	0	0	0	4.89188924763e-06	0	0	0.000728891497896	0.000132081009686	0.000601702377458	0.0002054593484	0.00154583700225	0.000200567459153	4.89188924763e-06
0	0.00276880931416	0.000807161725859	0	0	0	0	0	0	0	0	0.000122297231191	0	0.000107621563448	0	0	1.46756677429e-05	0.00037178358282	3.9135113981e-05	0.000303297133353	0	1.46756677429e-05	0.000332648468839	0.000171216123667	0	0.000244594462381	0.00135505332159	0.00156540455924	4.89188924763e-06	9.78377849525e-06	9.78377849525e-06	0	0	0	0.000283729576362	0	0.018471773799	0.00216221504745	0	0	0	4.89188924763e-06	1.46756677429e-05	1.95675569905e-05	1.46756677429e-05	0	0.000518540260249	0	0.000117405341943	4.89188924763e-06	0	0.000215243126896	0.00094902651404	4.40270032286e-05	0.00049408081401	0	0.0002054593484	0.00176597201839	0.000904999510811	4.40270032286e-05	0.00204480970551	0.00273945797867	0.00901575188338	4.89188924763e-05	4.89188924763e-06	5.38107817239e-05	4.89188924763e-06	4.89188924763e-06	4.89188924763e-06	0.00109089130222	8.31621172097e-05	0.000283729576362	0.000176108012915	3.9135113981e-05	9.78377849525e-06	4.89188924763e-06	0	0.00039135113981	0.00262205263673	0.0011398101947	0.000357107915077	1.95675569905e-05	1.95675569905e-05	0
0	0.000498972703258	0.00018589179141	0	0	0	0	0	0	4.89188924763e-06	0	9.78377849525e-06	0	1.46756677429e-05	0	0	4.89188924763e-06	0.0001027296742	0	6.35945602192e-05	0	9.78377849525e-06	0.000136972898934	5.38107817239e-05	0	2.93513354858e-05	0.000234810683886	0.000332648468839	0	4.89188924763e-06	4.89188924763e-06	0	0	0	5.87026709715e-05	9.78377849525e-06	0.00216221504745	0.0242050679973	0	0	0	9.78377849525e-06	0.000107621563448	4.89188924763e-06	3.42432247334e-05	4.89188924763e-06	0.000249486351629	4.89188924763e-06	3.9135113981e-05	9.78377849525e-06	0	0.000552783484982	0.0040260248508	3.42432247334e-05	0.000640837491439	0	0.000860972507582	0.00110556696996	0.0054740240681	6.35945602192e-05	0.000200567459153	0.00726445553273	0.00766559045103	0.000161432345172	9.78377849525e-06	0.000352216025829	0	0	1.95675569905e-05	0.00214753937971	3.9135113981e-05	8.80540064573e-05	3.9135113981e-05	1.95675569905e-05	4.89188924763e-06	0	0	0.00125721553664	0.00340475491635	0.00228940416789	0.000816945504354	5.87026709715e-05	7.33783387144e-05	1.95675569905e-05
0	0	0	0	0	0	0	0	0	0	0	0	0	0	0	0	0	0	0	0	0	0	0	0	0	0	0	0	0	0	0	0	0	0	0	0	0	0	0	0	0	0	0	0	0	0	0	0	0	0	0	0	0	0	0	0	0	0	0	0	0	0	0	0	0	0	0	0	0	0	0	0	0	0	0	0	0	0	0	0	0	0	0	0
0	0	0	0	0.00283240387438	0	0	1.46756677429e-05	0	0.000166324234419	4.89188924763e-06	0	0	0	0	0	0	0	0	0	0	4.89188924763e-06	4.40270032286e-05	4.89188924763e-06	0.000533215927991	0	0	0	0.000254378240877	9.78377849525e-06	1.46756677429e-05	0	0	0	9.78377849525e-06	0.000112513452695	0	0	0	0.0180266118775	0	0.00084629683984	0.00131102631836	0.000180999902162	0.000758242833382	0.00791507680266	0	0.00336561980237	0	0.000166324234419	4.89188924763e-06	3.9135113981e-05	0	0	0	0.00895215732316	1.46756677429e-05	3.9135113981e-05	2.93513354858e-05	0.00407983563252	0	0	4.89188924763e-06	0.00517561882399	1.46756677429e-05	6.35945602192e-05	0	0	0	2.44594462381e-05	4.89188924763e-06	0	4.89188924763e-06	0	4.89188924763e-06	0	0	4.40270032286e-05	1.46756677429e-05	3.9135113981e-05	1.95675569905e-05	7.8270227962e-05	4.89188924763e-06	0
0	0	0	0	0	0	0	0	0	0	0	0	0	0	0	0	0	0	0	0	0	0	0	0	0	0	0	0	0	0	0	0	0	0	0	4.89188924763e-06	0	0	0	0	0.00261226885823	0.00128167498288	4.89188924763e-06	0.000538107817239	0	9.78377849525e-06	4.89188924763e-06	0	0	9.29458957049e-05	0.000611486155953	0	0	0	0	0	0	0	0	4.89188924763e-06	0	0	0	4.89188924763e-06	7.33783387144e-05	0	0	0.000601702377458	0	6.35945602192e-05	0	0	0	0	0	0	0	1.46756677429e-05	0	2.93513354858e-05	1.46756677429e-05	0.000327756579591	0.000753350944135	0
4.89188924763e-06	4.89188924763e-06	0	0	3.42432247334e-05	0	9.78377849525e-06	2.44594462381e-05	0	0.000122297231191	4.89188924763e-06	0	4.89188924763e-06	0	0	0	0	0	0	0	0	4.89188924763e-06	1.95675569905e-05	9.78377849525e-06	2.44594462381e-05	0	4.89188924763e-06	9.78377849525e-06	2.93513354858e-05	9.78377849525e-06	9.78377849525e-06	0	0	0	0	0.00211818804422	4.89188924763e-06	9.78377849525e-06	0	0.00084629683984	0.00128167498288	0.0411554642403	0.00558164563154	0.0146756677429	0.000650621269934	0.0115497505136	4.89188924763e-05	0.00572840230897	0	0.00521964582722	0.00312102533999	9.78377849525e-05	0	4.89188924763e-06	4.89188924763e-06	0.002054593484	5.87026709715e-05	7.8270227962e-05	0.0001027296742	0.00195675569905	4.89188924763e-06	9.78377849525e-06	1.95675569905e-05	0.00147245866354	0.00124743175814	0.000322864690343	0	0.00111045885921	4.89188924763e-06	0.00086586439683	4.89188924763e-06	0	0	0	1.46756677429e-05	0	0	0.000689756383915	0.000132081009686	0.00106643185598	0.000332648468839	0.00426572742393	0.00211818804422	4.89188924763e-06
9.78377849525e-06	9.78377849525e-06	4.89188924763e-06	0	5.38107817239e-05	0	9.78377849525e-06	6.84864494668e-05	9.78377849525e-06	0.000508756481753	9.78377849525e-06	0	1.46756677429e-05	0	4.89188924763e-06	0	2.44594462381e-05	0	0	0	9.78377849525e-06	2.44594462381e-05	0.000229918794638	4.40270032286e-05	0.000117405341943	0	0	4.89188924763e-06	0.000161432345172	8.80540064573e-05	0.000127189120438	0	0	4.89188924763e-05	0.000132081009686	0.00573329419822	1.46756677429e-05	0.000107621563448	0	0.00131102631836	4.89188924763e-06	0.00558164563154	0.0494178651795	0.00541532139712	0.00190783680657	0.00900596810488	3.42432247334e-05	0.00148224244203	4.89188924763e-06	0.0045298894433	0.000479405146267	0.00132570198611	7.33783387144e-05	0	1.46756677429e-05	0.00136972898934	0.0011398101947	0.000704432051658	0.00127189120438	0.00730359064671	9.78377849525e-06	3.9135113981e-05	0.00018589179141	0.0174591527248	0.000454945700029	0.00932883279523	0	0	2.44594462381e-05	0.00118872908717	4.40270032286e-05	9.78377849525e-06	3.9135113981e-05	9.78377849525e-06	2.93513354858e-05	0	0	0.00192251247432	0.00049408081401	0.00107621563448	0.000469621367772	0.00173662068291	0.000215243126896	1.95675569905e-05
