0.0221546977089	0	0.000613426916602	0	0	3.32867319087e-05	7.13287112328e-05	0.0142609869992	0.00626741609366	4.75524741552e-06	0.00013790217505	2.37762370776e-05	0	0	0.011878608044	4.75524741552e-06	7.60839586484e-05	3.32867319087e-05	0	3.32867319087e-05	0	0.00445566682835	0	0.00657175192825	0.000152167917297	0	4.75524741552e-06	0.00120783284354	0.00623412936175	0.00919664850162	0.00398489733421	0	0	0.000218741381114	0.000737063349406	0	0	0	0	0	0	0	0	0	4.75524741552e-06	0	0	0	0	0	0	0	0	0	0	0	0	0	0	4.75524741552e-06	0	0	0	0	0	0	0	0	0	4.75524741552e-06	4.27972267397e-05	9.51049483105e-06	0.000665734638173	8.55944534794e-05	9.51049483105e-06	3.80419793242e-05	0	0	0	4.75524741552e-06	9.51049483105e-06	0	0	0
0	0.0262251894966	0.000328112071671	0	0	0	0	0.000213986133699	0	0.00423692544723	0	9.51049483105e-06	0	0.000142657422466	0	0	0.000989091462429	1.42657422466e-05	0	9.51049483105e-06	4.75524741552e-06	4.75524741552e-06	0.0115314749826	0.000109370690557	0.00621035312467	0.00489790483799	0.00747049368979	0.023471901243	0.00124111957545	0	0	1.42657422466e-05	0	0	0	9.03497008949e-05	0.0121829438786	0.000285314844931	0	4.75524741552e-06	0	4.75524741552e-06	0	1.90209896621e-05	0.000123636432804	4.75524741552e-06	9.51049483105e-06	4.75524741552e-06	0.000789371070977	0.000114125937973	0	5.70629689863e-05	0.000575384937278	6.65734638173e-05	0.000199720391452	4.75524741552e-06	1.42657422466e-05	9.51049483105e-05	0.000237762370776	0.000133146927635	0.0019306304507	0.00180223877048	0.00955329205779	3.80419793242e-05	1.42657422466e-05	1.42657422466e-05	0.000299580587178	0	0	0.00013790217505	0.000123636432804	0.00013790217505	0	0	0	0	1.42657422466e-05	0.00109846215299	0.00167384709026	0.000109370690557	1.90209896621e-05	4.75524741552e-06	0	0
0.000613426916602	0.000328112071671	0.0376520490361	0	0	0	0	0.000328112071671	0.000247272865607	0.000689510875251	4.75524741552e-05	0.000309091082009	0	0	0.000485035236383	0	0.000233007123361	0.00903497008949	3.80419793242e-05	0.000589650679525	9.51049483105e-06	0.00185454649205	6.18182164018e-05	0.0165244847689	4.75524741552e-05	0	0.0104567890667	0.0158872816153	0.000347133061333	4.75524741552e-06	0.000152167917297	0	0	0	0.00166433659543	5.70629689863e-05	0.00262489657337	0.00086069978221	0	0	4.75524741552e-06	0	4.75524741552e-06	0	4.75524741552e-05	0	9.51049483105e-06	0	0	8.08392060639e-05	0	3.80419793242e-05	0.0016548261006	3.80419793242e-05	0.000660979390758	0	0.000161678412128	0.000242517618192	0.000451748504475	9.51049483105e-06	1.42657422466e-05	0.00301482686144	0.001716644317	0.000123636432804	6.65734638173e-05	8.08392060639e-05	0	0	9.51049483105e-06	0.000389930288073	0.00572531788829	0.00304811359335	0.00233482648102	0.000708531864913	9.51049483105e-06	0	0	0.00218265856373	0.00162629461611	0.000437482762228	0.000394685535488	9.03497008949e-05	4.75524741552e-06	0
0	0	0	0	0	0	0	0	0	0	0	0	0	0	0	0	0	0	0	0	0	0	0	0	0	0	0	0	0	0	0	0	0	0	0	0	0	0	0	0	0	0	0	0	0	0	0	0	0	0	0	0	0	0	0	0	0	0	0	0	0	0	0	0	0	0	0	0	0	0	0	0	0	0	0	0	0	0	0	0	0	0	0	0
0	0	0	0	0.0204523191342	9.51049483105e-06	0.00190685421362	0.00321930250031	0.000989091462429	0.00210181935766	0.00236335796551	0.000194965144036	0.00359972229355	1.42657422466e-05	0.000385175040657	9.51049483105e-05	0	0	4.75524741552e-05	0.00013790217505	0.00819329129695	4.75524741552e-06	0	4.75524741552e-06	0.00336671517019	0	4.75524741552e-06	0	0.0033096522012	0.000161678412128	0	0	0	0	0.000394685535488	0.000175944154374	0	4.75524741552e-06	0	0.00953902631554	9.51049483105e-06	0.000646713648511	0	0.000884476019287	0.00155496590488	0.00614377966086	0.000271049102685	0.00379468743759	0.000123636432804	0.00100811245209	0.000128391680219	0	0	1.90209896621e-05	1.42657422466e-05	0.00428447792139	0	0	0	0.00544475829077	0	2.85314844931e-05	2.37762370776e-05	0.00364727476771	0.00107944116332	0	0	2.85314844931e-05	0	0.000951049483105	0.000466014246721	4.75524741552e-06	0.000727552854575	0.000199720391452	0.000556363947616	0	0	0.00036139880358	3.32867319087e-05	0.000960559977936	0.000432727514813	0.000399440782904	0.000128391680219	8.08392060639e-05
3.32867319087e-05	0	0	0	9.51049483105e-06	0.0059725907539	0.00403244980836	0.000389930288073	0.00296251913987	0.000109370690557	0.000133146927635	4.75524741552e-06	4.27972267397e-05	0	6.18182164018e-05	0.00123636432804	9.51049483105e-06	0	0	0	1.90209896621e-05	0	0	4.75524741552e-06	0.000171188906959	0	0	0	0.000584895432109	4.75524741552e-05	7.13287112328e-05	0	0.000451748504475	0	0.000675245133004	0	0	0	0	1.90209896621e-05	5.70629689863e-05	6.18182164018e-05	0	0.000242517618192	1.42657422466e-05	1.90209896621e-05	0	1.42657422466e-05	0	0.000128391680219	0	0	0	0	0	1.42657422466e-05	0	0	0	3.32867319087e-05	0	0	0	9.51049483105e-06	0.000171188906959	0	0	0.000104615443142	0	0.000508811473461	0.000252028113023	0	0.00177846253341	0.00147888194623	0.000565874442447	0.00205426688351	0	6.18182164018e-05	0	0.000513566720876	4.27972267397e-05	1.90209896621e-05	0.000161678412128	9.51049483105e-06
7.13287112328e-05	0	0	0	0.00190685421362	0.00403244980836	0.0512330356548	0.00648615747477	0.0273807146186	0.00126965105994	0.0206282632885	0.00371384823152	0.0137854622576	0.000152167917297	0.00366629575737	0.00315748428391	9.51049483105e-06	9.51049483105e-06	0.00077510532873	0.0030623793356	0.00732783626732	4.27972267397e-05	0	7.60839586484e-05	0.00135524551342	0.000190209896621	0.000104615443142	0	0.00304335834593	0.000285314844931	0.000128391680219	0	0.000104615443142	2.37762370776e-05	0.00276755399583	2.85314844931e-05	0	0	0	0.000394685535488	5.70629689863e-05	9.51049483105e-05	0	0.000356643556164	0.000175944154374	0.000366154050995	0	0.000204475638867	4.75524741552e-06	0.000271049102685	0	0	0	0	0	0.000256783360438	0	0	0	0.000580140184694	0	9.51049483105e-06	4.75524741552e-06	0.000161678412128	0.000494545731214	0	4.75524741552e-06	0.00013790217505	0	0.00100335720468	0.00205902213092	0.000466014246721	0.00869734752299	0.00288167993381	0.00325734447963	0.00177846253341	0.000166433659543	0.000194965144036	0	0.00116979086422	0.000347133061333	5.23077215708e-05	0.000242517618192	1.90209896621e-05
0.0142609869992	0.000213986133699	0.000328112071671	0	0.00321930250031	0.000389930288073	0.00648615747477	0.072669691004	0.0231913416455	0.00281986171741	0.0174184712831	0.00111272789523	0.000337622566502	1.90209896621e-05	0.0191826680742	0.0011032174004	0.000123636432804	9.03497008949e-05	0.000199720391452	0.000917762751196	0.00133146927635	0.00594881451682	0.000789371070977	0.00666685687656	0.00135049026601	0.000142657422466	0.000466014246721	0.00101286769951	0.0288643518122	0.0104282575822	0.00877343148164	4.75524741552e-06	4.75524741552e-06	0.00135524551342	0.00454601652924	9.51049483105e-06	3.80419793242e-05	1.42657422466e-05	0	0.00432727514813	9.51049483105e-06	3.32867319087e-05	0	7.60839586484e-05	0.00232531598619	0.00349510685041	4.27972267397e-05	0.000599161174356	6.65734638173e-05	0.00013790217505	9.51049483105e-06	9.51049483105e-06	9.51049483105e-06	0	0	0.000708531864913	0.000237762370776	0.000461258999306	5.70629689863e-05	0.00568252066155	3.80419793242e-05	1.90209896621e-05	2.85314844931e-05	0.00366629575737	0.000142657422466	0	4.75524741552e-06	1.90209896621e-05	0	0.00105090967883	0.00223972153271	9.03497008949e-05	0.00687133251543	0.00115552512197	0.000470769494137	0.000142657422466	1.42657422466e-05	0.000370909298411	4.75524741552e-06	0.00136951125567	0.00086069978221	9.51049483105e-06	0.000152167917297	0
0.00626741609366	0	0.000247272865607	0	0.000989091462429	0.00296251913987	0.0273807146186	0.0231913416455	0.0687513671336	0.000556363947616	0.0233720410473	0.0073516125044	0.00478853414743	0.0002758043501	0.0269479871038	0.000518321968292	3.32867319087e-05	9.9860195726e-05	0.00151692392555	0.00466489771463	0.00519273017775	0.00191636470846	0.00018069940179	0.00231105024394	0.000427972267397	0.000328112071671	0.00063720315368	0.000213986133699	0.0118738527966	0.00224923202754	0.000727552854575	4.75524741552e-06	0.00136475600826	0.000389930288073	0.00862126356434	4.27972267397e-05	1.42657422466e-05	4.75524741552e-06	0	0.000485035236383	6.18182164018e-05	0.000114125937973	0	0.000432727514813	0.000356643556164	0.000461258999306	0	0.000194965144036	4.75524741552e-06	0.000399440782904	4.75524741552e-06	0	4.75524741552e-06	4.75524741552e-06	0	0.000290070092347	0.000142657422466	0.000161678412128	2.85314844931e-05	0.000808392060639	9.51049483105e-06	1.42657422466e-05	0	0.000451748504475	0.000618182164018	4.75524741552e-06	0	0.000161678412128	0	0.00130769303927	0.00242517618192	0.000970070472767	0.016101267749	0.00350937259266	0.00342853338659	0.00190209896621	0.000370909298411	0.0002758043501	1.90209896621e-05	0.00163104986352	0.000608671669187	7.60839586484e-05	0.000290070092347	4.75524741552e-05
4.75524741552e-06	0.00423692544723	0.000689510875251	0	0.00210181935766	0.000109370690557	0.00126965105994	0.00281986171741	0.000556363947616	0.0393686933531	0.000941538988274	8.08392060639e-05	0.00301007161403	0.000118881185388	0.000271049102685	0.0030338478511	0.00296727438729	0.000394685535488	2.85314844931e-05	0.000104615443142	0.00163580511094	0.000641958401096	0.011935671013	0.00126489581253	0.0190685421362	0.00293398765538	0.00166909184285	0.00377566644793	0.0100668587787	0	0	0	0	0	7.13287112328e-05	0.000366154050995	0.000756084339068	0.000147412669881	0	0.00480755513709	4.75524741552e-06	0	5.23077215708e-05	6.18182164018e-05	0.0118405660647	0.0026962252846	3.32867319087e-05	0.000798881565808	0.000142657422466	0.000299580587178	9.51049483105e-06	0.000836923545132	4.27972267397e-05	5.23077215708e-05	4.27972267397e-05	0.000941538988274	0.00266769380011	0.0109656005402	0.00160251837903	0.00854993485311	0.000142657422466	0.000133146927635	0.00105566492625	0.00666685687656	0.000979580967598	0.00158825263678	8.55944534794e-05	2.85314844931e-05	0.000656224143342	0.00400391832387	0.00605818520738	0.00150741343072	0.000280559597516	0.00013790217505	0.00155972115229	2.85314844931e-05	1.90209896621e-05	0.00341426764435	0.000461258999306	0.00390881337556	0.00310042131492	0.000832168297717	0.000366154050995	0
0.00013790217505	0	4.75524741552e-05	0	0.00236335796551	0.000133146927635	0.0206282632885	0.0174184712831	0.0233720410473	0.000941538988274	0.0553225484322	0.00316699477874	0.00440335910677	0.000104615443142	0.00681902479386	0.000152167917297	1.42657422466e-05	0.000199720391452	0.000494545731214	0.00305286884077	0.00690461924734	5.70629689863e-05	0.000175944154374	6.65734638173e-05	8.08392060639e-05	0.000118881185388	0.000423217019982	0.000114125937973	0.00419888346791	0.00206377737834	1.42657422466e-05	0	9.51049483105e-06	0.000366154050995	0.00425594643689	9.51049483105e-06	4.75524741552e-06	0	0	0.00105566492625	0	0.000508811473461	0	0.00134573501859	8.55944534794e-05	0.00287692468639	9.51049483105e-06	0.00240615519225	1.42657422466e-05	0.000513566720876	0	0	0	0	0	0.0022349662853	0.000147412669881	0.000161678412128	3.32867319087e-05	0.00189258847138	4.75524741552e-06	1.90209896621e-05	4.75524741552e-06	0.00045650375189	0.000380419793242	0	4.75524741552e-06	3.32867319087e-05	0	0.000423217019982	0.00279608548033	0.000304335834593	0.0091300750378	0.00179272827565	0.00162629461611	0.000199720391452	8.55944534794e-05	0.000213986133699	2.37762370776e-05	0.00049930097863	0.00013790217505	2.37762370776e-05	5.70629689863e-05	0
2.37762370776e-05	9.51049483105e-06	0.000309091082009	0	0.000194965144036	4.75524741552e-06	0.00371384823152	0.00111272789523	0.0073516125044	8.08392060639e-05	0.00316699477874	0.0330917667646	0.00166433659543	0.00187832272913	0.00496923354922	1.90209896621e-05	0.000152167917297	0.000204475638867	0.00398489733421	0.0136095181032	0.00155496590488	7.13287112328e-05	3.80419793242e-05	0.000370909298411	9.03497008949e-05	0.000404196030319	0.00748000418462	0.000884476019287	0.00214937183182	0.00188307797655	0	0.000508811473461	0.000689510875251	3.80419793242e-05	0.0109941320247	0	1.90209896621e-05	9.51049483105e-06	0	7.60839586484e-05	0	4.75524741552e-06	0	9.51049483105e-06	4.27972267397e-05	7.60839586484e-05	0	9.51049483105e-06	0.00135524551342	9.51049483105e-06	0	0	0	4.75524741552e-06	4.75524741552e-06	1.90209896621e-05	4.75524741552e-06	0	4.75524741552e-06	7.60839586484e-05	0.00137426650309	4.75524741552e-05	0.000118881185388	3.80419793242e-05	2.37762370776e-05	0	1.42657422466e-05	0	0	1.90209896621e-05	0.0049930097863	0.00876392098681	0.0188307797655	0.00179272827565	4.27972267397e-05	1.42657422466e-05	0.00095580473052	0.000870210277041	4.27972267397e-05	5.23077215708e-05	2.85314844931e-05	4.75524741552e-06	4.75524741552e-06	2.85314844931e-05
0	0	0	0	0.00359972229355	4.27972267397e-05	0.0137854622576	0.000337622566502	0.00478853414743	0.00301007161403	0.00440335910677	0.00166433659543	0.0341331659486	4.75524741552e-06	0.00118405660647	0.00262965182078	0	4.75524741552e-06	0.000332867319087	0.00150265818331	0.00988615937687	0	1.90209896621e-05	0	0.00341902289176	4.75524741552e-06	2.85314844931e-05	9.51049483105e-06	0.000908252256365	2.85314844931e-05	0	0	0	0	0.000570629689863	4.75524741552e-05	9.51049483105e-06	0	0	0.00190685421362	9.51049483105e-06	0.00402769456095	0	0.00210657460508	0.000194965144036	0.00211608509991	0.000252028113023	0.00841678792548	9.9860195726e-05	0.000699021370082	0.000161678412128	0	0	9.51049483105e-06	0	0.00745622794754	0	4.75524741552e-06	0	0.000656224143342	0	0	9.51049483105e-06	0.000166433659543	0.000613426916602	9.51049483105e-06	0	1.90209896621e-05	0	0.000442238009644	0.00111748314265	9.9860195726e-05	0.0030005611192	0.000946294235689	0.0016548261006	9.51049483105e-06	2.85314844931e-05	0.000104615443142	0	0.000261538607854	6.65734638173e-05	2.37762370776e-05	6.18182164018e-05	0.000147412669881
0	0.000142657422466	0	0	1.42657422466e-05	0	0.000152167917297	1.90209896621e-05	0.0002758043501	0.000118881185388	0.000104615443142	0.00187832272913	4.75524741552e-06	0.00912531979039	6.18182164018e-05	0	0	0	0	4.75524741552e-06	0.000204475638867	0	0.000128391680219	0	9.03497008949e-05	0.00223972153271	0.00155972115229	0.000523077215708	9.51049483105e-06	0	0	0.000280559597516	9.51049483105e-06	0	0.000366154050995	0.000247272865607	3.32867319087e-05	0	0	1.90209896621e-05	0	2.37762370776e-05	0	1.90209896621e-05	0	4.75524741552e-06	0.000660979390758	0.000427972267397	0.00424168069465	0.000451748504475	0	0	4.75524741552e-06	1.90209896621e-05	0	0.000418461772566	0	0	1.42657422466e-05	0.000351888308749	0.00194489619295	0.000104615443142	0.000118881185388	9.51049483105e-06	0.000494545731214	4.75524741552e-06	0.000485035236383	4.75524741552e-06	0	0.000584895432109	9.51049483105e-06	0.0027865749855	0.000651468895927	0	4.75524741552e-06	4.75524741552e-06	0.00166433659543	7.13287112328e-05	0.000261538607854	0.000290070092347	9.51049483105e-06	0	0	0.000237762370776
0.011878608044	0	0.000485035236383	0	0.000385175040657	6.18182164018e-05	0.00366629575737	0.0191826680742	0.0269479871038	0.000271049102685	0.00681902479386	0.00496923354922	0.00118405660647	6.18182164018e-05	0.0449465985715	9.51049483105e-05	2.37762370776e-05	0.000147412669881	0.000494545731214	0.00215888232665	0.00099860195726	0.00329538645896	0.000171188906959	0.00450797454992	0.000204475638867	7.13287112328e-05	0.000656224143342	0.000461258999306	0.0102903554072	0.00895413088343	0.00127916155478	0	0.000299580587178	0.000418461772566	0.00858797683243	4.75524741552e-06	0	4.75524741552e-06	0	0.000342377813918	0	1.42657422466e-05	0	5.23077215708e-05	0.000133146927635	0.000347133061333	0	0.000104615443142	4.75524741552e-06	0.000104615443142	0	0	4.75524741552e-06	4.75524741552e-06	0	0.000171188906959	0.000133146927635	0.000152167917297	2.85314844931e-05	0.000618182164018	4.75524741552e-06	1.42657422466e-05	0	0.000323356824256	0.000118881185388	0	0	0	0	0.000342377813918	0.000613426916602	0.000290070092347	0.00711860538104	0.000380419793242	0.000727552854575	4.75524741552e-05	0.000133146927635	2.85314844931e-05	9.51049483105e-06	0.000408951277735	0.000185454649205	0	2.85314844931e-05	1.42657422466e-05
4.75524741552e-06	0	0	0	9.51049483105e-05	0.00123636432804	0.00315748428391	0.0011032174004	0.000518321968292	0.0030338478511	0.000152167917297	1.90209896621e-05	0.00262965182078	0	9.51049483105e-05	0.0091300750378	0.000252028113023	0	0	1.90209896621e-05	5.23077215708e-05	0.000118881185388	0	0.000218741381114	0.00249650489315	0	0	4.75524741552e-06	0.00258685459404	1.42657422466e-05	0	0	0	0	2.37762370776e-05	1.42657422466e-05	4.75524741552e-06	2.85314844931e-05	0	1.42657422466e-05	0	0	0	0	0.000261538607854	9.51049483105e-06	0	0	0	1.42657422466e-05	0	9.51049483105e-06	1.90209896621e-05	0	4.75524741552e-06	0	0	5.70629689863e-05	7.13287112328e-05	9.03497008949e-05	0	9.51049483105e-06	9.51049483105e-06	3.32867319087e-05	9.51049483105e-06	9.51049483105e-06	0	0	0	4.27972267397e-05	0.0015930078842	4.75524741552e-06	9.03497008949e-05	9.51049483105e-06	0.000703776617497	0	4.75524741552e-06	0.000114125937973	0	0.000133146927635	0.000128391680219	9.51049483105e-06	0	0
7.60839586484e-05	0.000989091462429	0.000233007123361	0	0	9.51049483105e-06	9.51049483105e-06	0.000123636432804	3.32867319087e-05	0.00296727438729	1.42657422466e-05	0.000152167917297	0	0	2.37762370776e-05	0.000252028113023	0.0329538645896	8.55944534794e-05	2.37762370776e-05	0.000213986133699	0	0.00362349853063	0.018321968292	0.0114791672611	0.00710433963879	0.000133146927635	0.000366154050995	0.00472671593103	0.00118405660647	7.13287112328e-05	0.000684755627835	0	0	4.75524741552e-06	0.000546853452785	1.90209896621e-05	0.000951049483105	0.0002758043501	0	0	0	0	0	0	8.08392060639e-05	0	0	4.75524741552e-06	4.75524741552e-06	2.37762370776e-05	0	0.00496447830181	8.55944534794e-05	9.51049483105e-06	1.90209896621e-05	4.75524741552e-06	0.00281510646999	0.0103664393658	0.0068000038042	4.27972267397e-05	9.51049483105e-06	3.32867319087e-05	0.00474098167328	0.00107468591591	2.37762370776e-05	2.85314844931e-05	0	0	0	0.000109370690557	0.00731357052507	0.00339049140727	0.000932028493443	0.000513566720876	0.000366154050995	3.80419793242e-05	0	0.000537342957954	0.000194965144036	0.000266293855269	0.000271049102685	5.70629689863e-05	0	0
3.32867319087e-05	1.42657422466e-05	0.00903497008949	0	0	0	9.51049483105e-06	9.03497008949e-05	9.9860195726e-05	0.000394685535488	0.000199720391452	0.000204475638867	4.75524741552e-06	0	0.000147412669881	0	8.55944534794e-05	0.025050643385	9.51049483105e-06	0.00347608586075	4.75524741552e-06	0.0012553853177	6.65734638173e-05	0.0116598666629	7.13287112328e-05	0	0.00311468705717	0.0065860176705	0.000252028113023	9.9860195726e-05	0.000194965144036	0	0	4.75524741552e-06	0.00610098243412	4.27972267397e-05	8.55944534794e-05	9.03497008949e-05	0	0	0	0	1.42657422466e-05	0	2.37762370776e-05	0	1.42657422466e-05	0	9.51049483105e-06	3.32867319087e-05	0	1.90209896621e-05	7.13287112328e-05	1.90209896621e-05	0.00013790217505	0	0.000114125937973	0.000147412669881	0.000213986133699	9.51049483105e-06	4.75524741552e-06	0.000480279988968	0.000123636432804	0.000147412669881	3.32867319087e-05	6.18182164018e-05	0	0	2.37762370776e-05	0.000104615443142	0.00345706487109	0.00244895241899	0.0061865768876	0.00081790255547	0	4.75524741552e-06	0	0.000470769494137	0.000228251875945	0.000247272865607	0.000261538607854	5.70629689863e-05	0	0
0	0	3.80419793242e-05	0	4.75524741552e-05	0	0.00077510532873	0.000199720391452	0.00151692392555	2.85314844931e-05	0.000494545731214	0.00398489733421	0.000332867319087	0	0.000494545731214	0	2.37762370776e-05	9.51049483105e-06	0.00438433811711	0.00298154012953	0.000351888308749	0	0	4.27972267397e-05	1.42657422466e-05	0	0.00124587482287	8.08392060639e-05	0.000309091082009	8.08392060639e-05	0	4.75524741552e-06	0	9.51049483105e-06	0.00119832234871	0	0	0	0	3.32867319087e-05	0	0	0	0	1.42657422466e-05	3.32867319087e-05	0	0	4.75524741552e-06	0	0	0	0	0	0	4.75524741552e-06	0	0	0	3.32867319087e-05	4.75524741552e-06	0	9.51049483105e-06	1.90209896621e-05	0	0	0	0	0	0	0.000565874442447	0.000494545731214	0.00246797340866	0.000347133061333	4.75524741552e-06	0	0	8.55944534794e-05	4.75524741552e-06	0	0	0	0	0
3.32867319087e-05	9.51049483105e-06	0.000589650679525	0	0.00013790217505	0	0.0030623793356	0.000917762751196	0.00466489771463	0.000104615443142	0.00305286884077	0.0136095181032	0.00150265818331	4.75524741552e-06	0.00215888232665	1.90209896621e-05	0.000213986133699	0.00347608586075	0.00298154012953	0.0217695226683	0.00135049026601	0.000171188906959	0.000123636432804	0.000836923545132	9.51049483105e-05	4.75524741552e-06	0.00480279988968	0.00144559521432	0.00190685421362	0.000589650679525	2.85314844931e-05	0	0	3.80419793242e-05	0.00736112299923	4.75524741552e-06	2.85314844931e-05	3.32867319087e-05	0	7.13287112328e-05	0	4.75524741552e-06	0	9.51049483105e-06	4.75524741552e-05	7.13287112328e-05	0	9.51049483105e-06	2.85314844931e-05	1.42657422466e-05	0	4.75524741552e-06	1.42657422466e-05	4.75524741552e-06	1.42657422466e-05	1.90209896621e-05	9.51049483105e-06	1.90209896621e-05	1.42657422466e-05	7.13287112328e-05	3.80419793242e-05	5.23077215708e-05	0.000233007123361	3.80419793242e-05	2.85314844931e-05	4.75524741552e-06	9.51049483105e-06	0	0	2.37762370776e-05	0.00569203115638	0.00392783436522	0.014831616689	0.000855944534794	4.27972267397e-05	4.75524741552e-06	0	0.000622937411434	3.80419793242e-05	8.08392060639e-05	5.70629689863e-05	2.37762370776e-05	4.75524741552e-06	0
0	4.75524741552e-06	9.51049483105e-06	0	0.00819329129695	1.90209896621e-05	0.00732783626732	0.00133146927635	0.00519273017775	0.00163580511094	0.00690461924734	0.00155496590488	0.00988615937687	0.000204475638867	0.00099860195726	5.23077215708e-05	0	4.75524741552e-06	0.000351888308749	0.00135049026601	0.0301720448515	0	4.75524741552e-06	0	0.00194965144036	3.80419793242e-05	4.75524741552e-05	4.75524741552e-06	0.000613426916602	9.9860195726e-05	0	0	0	0	0.00103664393658	0.00101762294692	1.90209896621e-05	4.75524741552e-06	0	0.00480279988968	3.80419793242e-05	0.00438909336453	1.90209896621e-05	0.00434154089037	0.000651468895927	0.00387077139624	0.00102237819434	0.0137283992886	0.000408951277735	0.00577762560986	0.00036139880358	0	1.42657422466e-05	0.000204475638867	7.60839586484e-05	0.013343224248	0	9.51049483105e-06	2.37762370776e-05	0.00531161136314	4.75524741552e-06	0.000133146927635	4.75524741552e-05	0.00117454611163	0.00400867357129	3.80419793242e-05	4.75524741552e-06	4.75524741552e-05	0	0.00264867281045	0.000932028493443	8.55944534794e-05	0.00319077101582	0.000851189287379	0.00130293779185	2.85314844931e-05	0	0.000489790483799	2.37762370776e-05	0.00149790293589	0.000451748504475	0.000213986133699	0.000199720391452	0.000299580587178
0.00445566682835	4.75524741552e-06	0.00185454649205	0	4.75524741552e-06	0	4.27972267397e-05	0.00594881451682	0.00191636470846	0.000641958401096	5.70629689863e-05	7.13287112328e-05	0	0	0.00329538645896	0.000118881185388	0.00362349853063	0.0012553853177	0	0.000171188906959	0	0.0479138729588	0.00117454611163	0.0329776408267	0.000194965144036	0	0.000532587710539	0.00381846367466	0.00846434039963	0.00148363719364	0.00676196182487	0	0	4.75524741552e-06	0.00549706601234	6.18182164018e-05	3.80419793242e-05	0.000133146927635	0	4.27972267397e-05	0	0	0	9.51049483105e-06	9.9860195726e-05	3.80419793242e-05	1.42657422466e-05	0	0	6.65734638173e-05	0	0.00122209858579	0.000166433659543	1.90209896621e-05	5.70629689863e-05	4.75524741552e-06	0.000408951277735	0.00106517542108	0.00138377699792	7.60839586484e-05	0	3.80419793242e-05	0.000185454649205	9.03497008949e-05	8.08392060639e-05	7.60839586484e-05	0	0	0	0.0002758043501	0.013595252361	0.00184028074981	0.00724699706126	0.00378042169534	0.000399440782904	4.75524741552e-05	0	0.000133146927635	8.08392060639e-05	0.00102237819434	0.00099860195726	0.000252028113023	0	4.75524741552e-06
0	0.0115314749826	6.18182164018e-05	0	0	0	0	0.000789371070977	0.00018069940179	0.011935671013	0.000175944154374	3.80419793242e-05	1.90209896621e-05	0.000128391680219	0.000171188906959	0	0.018321968292	6.65734638173e-05	0	0.000123636432804	4.75524741552e-06	0.00117454611163	0.0479519149381	0.00541147155887	0.01519777074	0.00414182049892	0.00398489733421	0.0213938581224	0.00220167955339	0	0	4.75524741552e-06	0	0	2.37762370776e-05	8.08392060639e-05	0.00691888498959	0.00128867204961	0	5.23077215708e-05	0	4.75524741552e-06	2.37762370776e-05	1.42657422466e-05	0.000218741381114	0	0	4.75524741552e-06	0.000213986133699	7.60839586484e-05	0	0.0036758062522	0.000228251875945	0	1.90209896621e-05	4.75524741552e-06	0.00393258961264	0.0177798700866	0.00970070472767	0.000765594833899	0.0002758043501	1.42657422466e-05	0.0142990289785	0.00313846329425	0.00018069940179	0.000504056226045	9.51049483105e-05	0	1.90209896621e-05	9.03497008949e-05	0.00101762294692	0.000936783740858	0.000228251875945	0.000123636432804	0.000370909298411	2.37762370776e-05	1.42657422466e-05	0.000813147308054	0.000218741381114	0.000147412669881	0.000123636432804	6.18182164018e-05	0	0
0.00657175192825	0.000109370690557	0.0165244847689	0	4.75524741552e-06	4.75524741552e-06	7.60839586484e-05	0.00666685687656	0.00231105024394	0.00126489581253	6.65734638173e-05	0.000370909298411	0	0	0.00450797454992	0.000218741381114	0.0114791672611	0.0116598666629	4.27972267397e-05	0.000836923545132	0	0.0329776408267	0.00541147155887	0.079821583117	0.000404196030319	0	0.00234909222327	0.0160822467593	0.00304335834593	0.00206377737834	0.00307188983043	0	0	4.75524741552e-06	0.00528783512606	0.000142657422466	0.000142657422466	0.000727552854575	0	7.60839586484e-05	0	0	9.51049483105e-06	3.32867319087e-05	0.000204475638867	6.18182164018e-05	1.42657422466e-05	0	0	0.000161678412128	0	0.00385650565399	0.000423217019982	3.32867319087e-05	0.000161678412128	4.75524741552e-06	0.000917762751196	0.00454126128182	0.00500252028113	0.000133146927635	9.51049483105e-06	0.000218741381114	0.00177846253341	0.000190209896621	0.000161678412128	0.000190209896621	0	0	1.42657422466e-05	0.000565874442447	0.0228346980893	0.00551133175459	0.00893510989377	0.00420363871532	0.000489790483799	5.23077215708e-05	0	0.000347133061333	0.00022349662853	0.00225398727496	0.00228727400687	0.000480279988968	0	0
0.000152167917297	0.00621035312467	4.75524741552e-05	0	0.00336671517019	0.000171188906959	0.00135524551342	0.00135049026601	0.000427972267397	0.0190685421362	8.08392060639e-05	9.03497008949e-05	0.00341902289176	9.03497008949e-05	0.000204475638867	0.00249650489315	0.00710433963879	7.13287112328e-05	1.42657422466e-05	9.51049483105e-05	0.00194965144036	0.000194965144036	0.01519777074	0.000404196030319	0.0417035198341	0.00239188945001	0.00319552626323	0.00772252180281	0.0118881185388	0.000261538607854	0.000556363947616	4.75524741552e-06	0	5.70629689863e-05	0.000584895432109	0.00018069940179	0.000437482762228	3.32867319087e-05	0	0.00117454611163	2.85314844931e-05	0	3.32867319087e-05	1.42657422466e-05	0.00643860500062	0.000323356824256	0	4.75524741552e-06	0.000175944154374	8.55944534794e-05	0.000109370690557	0.000133146927635	2.37762370776e-05	4.75524741552e-06	2.85314844931e-05	0	0.00183552550239	0.00672391984555	0.000737063349406	0.00422265970498	0.000228251875945	5.23077215708e-05	0.000537342957954	0.00370433773669	0.000485035236383	0.000784615823561	7.60839586484e-05	0	0.00031860157684	0.00257734409921	0.0016833575851	0.000280559597516	0.000732308101991	0.000537342957954	0.000651468895927	7.60839586484e-05	1.42657422466e-05	0.00144559521432	7.13287112328e-05	0.00256783360438	0.00199720391452	0.00072279760716	0.000261538607854	0
0	0.00489790483799	0	0	0	0	0.000190209896621	0.000142657422466	0.000328112071671	0.00293398765538	0.000118881185388	0.000404196030319	4.75524741552e-06	0.00223972153271	7.13287112328e-05	0	0.000133146927635	0	0	4.75524741552e-06	3.80419793242e-05	0	0.00414182049892	0	0.00239188945001	0.00940112414049	0.00201146965677	0.00441286960161	0.000218741381114	0	0	4.75524741552e-06	2.37762370776e-05	0	0.000370909298411	0	0.000342377813918	0	0	0	0	0	0	0	5.23077215708e-05	0	0	0	0.00081790255547	0	0	0	0	4.75524741552e-06	1.42657422466e-05	0	0	9.51049483105e-06	0	2.37762370776e-05	0.00123160908062	0.000228251875945	0.000703776617497	0	0	0	0.000123636432804	0	0	2.37762370776e-05	2.37762370776e-05	0.00124111957545	0.000632447906265	4.75524741552e-06	1.90209896621e-05	0	0.0012268538332	4.75524741552e-06	0	2.37762370776e-05	4.75524741552e-06	0	0	4.75524741552e-06
4.75524741552e-06	0.00747049368979	0.0104567890667	0	4.75524741552e-06	0	0.000104615443142	0.000466014246721	0.00063720315368	0.00166909184285	0.000423217019982	0.00748000418462	2.85314844931e-05	0.00155972115229	0.000656224143342	0	0.000366154050995	0.00311468705717	0.00124587482287	0.00480279988968	4.75524741552e-05	0.000532587710539	0.00398489733421	0.00234909222327	0.00319552626323	0.00201146965677	0.0645001759442	0.0267197352278	0.00155496590488	0.000190209896621	0.000147412669881	0.000822657802885	0	0	0.00189734371879	9.51049483105e-06	0.00818853604953	4.75524741552e-05	0	0	4.75524741552e-06	0	4.75524741552e-06	0	0.000152167917297	0	0.000142657422466	4.75524741552e-06	0.0108134326229	3.32867319087e-05	0	3.80419793242e-05	9.9860195726e-05	0.000922517998611	0.0012553853177	4.75524741552e-06	5.70629689863e-05	0.000156923164712	9.51049483105e-05	0.000166433659543	0.0160489600274	0.0140802875974	0.0125158111977	7.13287112328e-05	7.60839586484e-05	1.90209896621e-05	0.00319077101582	0	9.51049483105e-06	0.000199720391452	0.00613426916602	0.00952951582071	0.00532587710539	0.000328112071671	3.32867319087e-05	0	0.00068000038042	0.00113650413231	0.0019924486671	0.000104615443142	9.51049483105e-05	3.80419793242e-05	0	2.85314844931e-05
0.00120783284354	0.023471901243	0.0158872816153	0	0	0	0	0.00101286769951	0.000213986133699	0.00377566644793	0.000114125937973	0.000884476019287	9.51049483105e-06	0.000523077215708	0.000461258999306	4.75524741552e-06	0.00472671593103	0.0065860176705	8.08392060639e-05	0.00144559521432	4.75524741552e-06	0.00381846367466	0.0213938581224	0.0160822467593	0.00772252180281	0.00441286960161	0.0267197352278	0.104667750863	0.00310993180975	0.0014408399669	0.002082798368	0.000118881185388	0	5.23077215708e-05	0.00134097977118	0.000247272865607	0.0229298030377	0.0038612609014	0	0	0	4.75524741552e-06	8.08392060639e-05	7.13287112328e-05	0.000380419793242	0	7.60839586484e-05	9.51049483105e-06	0.00538294007437	0.000304335834593	0	0.000513566720876	0.00258685459404	0.000370909298411	0.00104615443142	9.51049483105e-06	0.000237762370776	0.00408475752993	0.00353314882973	0.000451748504475	0.00948196334655	0.00668112261881	0.0275138615462	0.000271049102685	9.03497008949e-05	0.000237762370776	0.00183077025498	0	3.32867319087e-05	0.000646713648511	0.0131767905884	0.00356643556164	0.00373286922119	0.00148363719364	0	0	0.00018069940179	0.0034618201185	0.00345706487109	0.00063720315368	0.000442238009644	0.000128391680219	0	4.75524741552e-06
0.00623412936175	0.00124111957545	0.000347133061333	0	0.0033096522012	0.000584895432109	0.00304335834593	0.0288643518122	0.0118738527966	0.0100668587787	0.00419888346791	0.00214937183182	0.000908252256365	9.51049483105e-06	0.0102903554072	0.00258685459404	0.00118405660647	0.000252028113023	0.000309091082009	0.00190685421362	0.000613426916602	0.00846434039963	0.00220167955339	0.00304335834593	0.0118881185388	0.000218741381114	0.00155496590488	0.00310993180975	0.0697880110702	0.00659552816533	0.00841678792548	4.75524741552e-06	9.51049483105e-06	0.00077510532873	0.00647189173253	2.85314844931e-05	6.65734638173e-05	1.42657422466e-05	0	0.00469342919912	4.75524741552e-06	1.42657422466e-05	9.51049483105e-06	3.32867319087e-05	0.00828839624526	0.00326685497446	2.85314844931e-05	0.000323356824256	4.27972267397e-05	0.000114125937973	9.51049483105e-06	3.80419793242e-05	2.37762370776e-05	3.32867319087e-05	4.75524741552e-05	0.00036139880358	0.000347133061333	0.00221594529563	0.000194965144036	0.00763692734933	2.85314844931e-05	9.03497008949e-05	5.70629689863e-05	0.00427972267397	0.000142657422466	9.03497008949e-05	9.51049483105e-06	4.75524741552e-06	5.23077215708e-05	0.00242517618192	0.003799442685	0.00031860157684	0.00755133289585	0.00248699439832	0.00111272789523	0.000323356824256	0	0.00156447639971	4.75524741552e-05	0.00295776389246	0.00235384747068	0.000394685535488	0.0002758043501	4.75524741552e-06
0.00919664850162	0	4.75524741552e-06	0	0.000161678412128	4.75524741552e-05	0.000285314844931	0.0104282575822	0.00224923202754	0	0.00206377737834	0.00188307797655	2.85314844931e-05	0	0.00895413088343	1.42657422466e-05	7.13287112328e-05	9.9860195726e-05	8.08392060639e-05	0.000589650679525	9.9860195726e-05	0.00148363719364	0	0.00206377737834	0.000261538607854	0	0.000190209896621	0.0014408399669	0.00659552816533	0.0297821145634	0.00586797531076	0	0.000527832463123	0.00295300864504	0.00625315035141	0	0	0	0	0.00013790217505	0	4.75524741552e-06	0	2.85314844931e-05	2.37762370776e-05	0.00013790217505	0	5.70629689863e-05	0	4.75524741552e-05	0	0	0	0	0	7.60839586484e-05	0	0	0	0.000313846329425	0	4.75524741552e-06	0	5.70629689863e-05	4.75524741552e-05	0	0	0	0	0.000166433659543	8.08392060639e-05	1.90209896621e-05	0.00302433735627	0.000152167917297	7.13287112328e-05	7.60839586484e-05	0	4.75524741552e-06	4.75524741552e-06	0.000199720391452	7.13287112328e-05	0	1.42657422466e-05	0
0.00398489733421	0	0.000152167917297	0	0	7.13287112328e-05	0.000128391680219	0.00877343148164	0.000727552854575	0	1.42657422466e-05	0	0	0	0.00127916155478	0	0.000684755627835	0.000194965144036	0	2.85314844931e-05	0	0.00676196182487	0	0.00307188983043	0.000556363947616	0	0.000147412669881	0.002082798368	0.00841678792548	0.00586797531076	0.026539035826	0	0	3.80419793242e-05	0.00544951353819	0	0	4.75524741552e-06	0	4.75524741552e-06	0	0	0	0	0	4.75524741552e-06	0	0	0	0	0	0	0	0	0	0	0	0	4.75524741552e-06	4.75524741552e-06	0	0	4.75524741552e-06	4.75524741552e-06	0	0	0	0	0	0	3.32867319087e-05	4.75524741552e-06	0.00330489695379	0.000599161174356	1.42657422466e-05	9.03497008949e-05	0	4.75524741552e-06	0	4.75524741552e-06	4.75524741552e-06	0	0	0
0	1.42657422466e-05	0	0	0	0	0	4.75524741552e-06	4.75524741552e-06	0	0	0.000508811473461	0	0.000280559597516	0	0	0	0	4.75524741552e-06	0	0	0	4.75524741552e-06	0	4.75524741552e-06	4.75524741552e-06	0.000822657802885	0.000118881185388	4.75524741552e-06	0	0	0.00127440630736	0	0	4.75524741552e-06	0	9.51049483105e-06	0	0	0	0	0	0	0	0	0	2.37762370776e-05	0	0.000965315225351	0	0	0	0	4.27972267397e-05	0	0	0	0	0	0	0.000504056226045	0.000204475638867	1.42657422466e-05	0	0	0	0.000575384937278	0	0	0	0	0.000575384937278	3.32867319087e-05	0	0	0	4.75524741552e-05	1.42657422466e-05	9.03497008949e-05	0	0	0	0	4.75524741552e-06
0	0	0	0	0	0.000451748504475	0.000104615443142	4.75524741552e-06	0.00136475600826	0	9.51049483105e-06	0.000689510875251	0	9.51049483105e-06	0.000299580587178	0	0	0	0	0	0	0	0	0	0	2.37762370776e-05	0	0	9.51049483105e-06	0.000527832463123	0	0	0.00203524589384	0	0.00118881185388	0	0	0	0	0	0	0	0	9.51049483105e-06	0	0	0	0	0	4.75524741552e-06	0	0	0	0	0	0	0	0	0	0	0	0	0	0	0	0	0	4.75524741552e-06	0	9.51049483105e-06	3.32867319087e-05	7.60839586484e-05	0.000565874442447	9.51049483105e-05	1.42657422466e-05	0.000313846329425	1.42657422466e-05	0	0	1.90209896621e-05	1.42657422466e-05	0	4.75524741552e-06	0
0.000218741381114	0	0	0	0	0	2.37762370776e-05	0.00135524551342	0.000389930288073	0	0.000366154050995	3.80419793242e-05	0	0	0.000418461772566	0	4.75524741552e-06	4.75524741552e-06	9.51049483105e-06	3.80419793242e-05	0	4.75524741552e-06	0	4.75524741552e-06	5.70629689863e-05	0	0	5.23077215708e-05	0.00077510532873	0.00295300864504	3.80419793242e-05	0	0	0.00328112071671	0.000494545731214	0	0	0	0	0	0	0	0	0	4.75524741552e-06	0	0	0	0	0	0	0	0	0	0	0	0	0	0	0	0	0	0	0	0	0	0	0	0	4.75524741552e-06	0	0	0.000323356824256	0	0	0	0	0	0	4.75524741552e-06	0	0	0	0
0.000737063349406	0	0.00166433659543	0	0.000394685535488	0.000675245133004	0.00276755399583	0.00454601652924	0.00862126356434	7.13287112328e-05	0.00425594643689	0.0109941320247	0.000570629689863	0.000366154050995	0.00858797683243	2.37762370776e-05	0.000546853452785	0.00610098243412	0.00119832234871	0.00736112299923	0.00103664393658	0.00549706601234	2.37762370776e-05	0.00528783512606	0.000584895432109	0.000370909298411	0.00189734371879	0.00134097977118	0.00647189173253	0.00625315035141	0.00544951353819	4.75524741552e-06	0.00118881185388	0.000494545731214	0.0402579246198	4.75524741552e-06	1.90209896621e-05	4.75524741552e-06	0	0.000423217019982	4.75524741552e-06	0	0	4.27972267397e-05	9.03497008949e-05	0.000404196030319	4.75524741552e-06	0.000109370690557	9.51049483105e-06	5.70629689863e-05	4.75524741552e-06	1.90209896621e-05	9.51049483105e-06	0	9.51049483105e-06	0.000161678412128	2.37762370776e-05	3.32867319087e-05	4.27972267397e-05	0.000694266122666	2.37762370776e-05	3.32867319087e-05	0	0.000233007123361	7.60839586484e-05	0	0	9.51049483105e-06	0	0.00031860157684	0.00100335720468	0.00104615443142	0.0272237914539	0.00232056073878	0.000256783360438	0.000608671669187	0.000323356824256	5.70629689863e-05	9.51049483105e-06	0.000461258999306	0.000194965144036	4.27972267397e-05	2.85314844931e-05	4.75524741552e-06
0	9.03497008949e-05	5.70629689863e-05	0	0.000175944154374	0	2.85314844931e-05	9.51049483105e-06	4.27972267397e-05	0.000366154050995	9.51049483105e-06	0	4.75524741552e-05	0.000247272865607	4.75524741552e-06	1.42657422466e-05	1.90209896621e-05	4.27972267397e-05	0	4.75524741552e-06	0.00101762294692	6.18182164018e-05	8.08392060639e-05	0.000142657422466	0.00018069940179	0	9.51049483105e-06	0.000247272865607	2.85314844931e-05	0	0	0	0	0	4.75524741552e-06	0.04447107383	0.000427972267397	0.00489314959057	0	0.000537342957954	9.51049483105e-06	0.000432727514813	0.0158539948834	0.00394210010747	0.00109846215299	0.000608671669187	0.000689510875251	0.00317650527357	0.000423217019982	0.0241328806338	0.000175944154374	4.75524741552e-06	0.00577762560986	0.000166433659543	0.000936783740858	0.00370433773669	0.00475049216811	0.00112699363748	0.00568727590897	0.00645762599028	4.75524741552e-06	0.00242517618192	0.00167384709026	0.00415608624117	0.0154640645953	0.0191256051052	0	9.51049483105e-06	0.00218265856373	0.00775580853472	0.000380419793242	1.42657422466e-05	0.000133146927635	7.60839586484e-05	1.42657422466e-05	2.85314844931e-05	0	0.000404196030319	9.03497008949e-05	0.00249650489315	0.000984336215013	4.75524741552e-05	0	3.32867319087e-05
0	0.0121829438786	0.00262489657337	0	0	0	0	3.80419793242e-05	1.42657422466e-05	0.000756084339068	4.75524741552e-06	1.90209896621e-05	9.51049483105e-06	3.32867319087e-05	0	4.75524741552e-06	0.000951049483105	8.55944534794e-05	0	2.85314844931e-05	1.90209896621e-05	3.80419793242e-05	0.00691888498959	0.000142657422466	0.000437482762228	0.000342377813918	0.00818853604953	0.0229298030377	6.65734638173e-05	0	0	9.51049483105e-06	0	0	1.90209896621e-05	0.000427972267397	0.0397776446309	0.000532587710539	0	1.90209896621e-05	4.75524741552e-06	4.75524741552e-06	9.51049483105e-06	4.75524741552e-05	0.00636727628939	4.75524741552e-06	4.75524741552e-05	1.42657422466e-05	0.00225398727496	0.000470769494137	0	0.00105566492625	0.00105566492625	0.000470769494137	0.000532587710539	1.42657422466e-05	0.000104615443142	0.00970545997508	0.00124111957545	0.00513566720876	0.00729930478283	0.00828839624526	0.0267720429494	0.000694266122666	0.000466014246721	0.000632447906265	0.000375664545826	0	9.51049483105e-05	0.000470769494137	0.000884476019287	0.000603916421771	3.80419793242e-05	4.75524741552e-06	2.85314844931e-05	0	1.90209896621e-05	0.00272000152168	0.00396112109713	0.000313846329425	0.000152167917297	3.32867319087e-05	4.75524741552e-06	0
