0.015037337607	6.39342585331e-05	0.000421966106318	0	0.000119343949262	1.27868517066e-05	0.000319671292665	0.00228458417158	0.00207999454428	0.00032819586047	0.000294097589252	0.000170491356088	0.000200327343404	4.26228390221e-05	0.00775309441811	1.70491356088e-05	0.000119343949262	0.00086950591605	3.83605551199e-05	0.000281310737546	0.000110819381457	0.00199901115013	0.000170491356088	0.00225048590036	0.000963276161899	2.1311419511e-05	0.000490162648754	0.000306884440959	0.00119343949262	0.0120153783203	0.00921505779657	8.52456780441e-06	2.98359873154e-05	0.00224196133256	0.00284294336277	5.54096907287e-05	4.68851229243e-05	4.26228390221e-06	0	5.96719746309e-05	0	5.11474068265e-05	0.000157704504382	4.26228390221e-05	0.000558359191189	6.39342585331e-05	0	1.27868517066e-05	0	5.54096907287e-05	4.26228390221e-06	1.70491356088e-05	8.52456780441e-06	4.26228390221e-06	0	3.40982712176e-05	1.70491356088e-05	7.24588263375e-05	7.67211102397e-05	0.000507211784363	4.26228390221e-06	2.98359873154e-05	7.67211102397e-05	0.000349507279981	3.83605551199e-05	2.55737034132e-05	0	0	1.27868517066e-05	2.1311419511e-05	0.000277048453643	0.000102294813653	0.00119343949262	0.000498687216558	0.000170491356088	5.54096907287e-05	2.1311419511e-05	0.000110819381457	2.98359873154e-05	7.67211102397e-05	3.40982712176e-05	4.68851229243e-05	8.52456780441e-06	0
6.39342585331e-05	0.0258507518669	0.0036698264398	0	1.27868517066e-05	8.52456780441e-06	2.98359873154e-05	8.95079619463e-05	7.24588263375e-05	0.000630818017527	4.26228390221e-06	0.000323933576568	1.27868517066e-05	0.000281310737546	0.000132130800968	4.26228390221e-06	0.000673440856549	0.00245933781157	5.96719746309e-05	0.00090786647117	1.27868517066e-05	0.000524260919971	0.00407900569441	0.00229310873939	0.000613768881918	0.0025147475023	0.00475244655096	0.0160091383367	0.00021311419511	0.00028983530535	0.000349507279981	2.98359873154e-05	4.26228390221e-06	0.000102294813653	0.00141934053943	8.52456780441e-06	0.00650424523477	0.00118065264091	0	2.1311419511e-05	0	2.55737034132e-05	0.000132130800968	3.40982712176e-05	0.000127868517066	1.27868517066e-05	0.000242950182426	8.52456780441e-06	7.67211102397e-05	4.26228390221e-05	4.26228390221e-06	0.000285573021448	0.000878030483854	0.000102294813653	0.000711801411668	8.52456780441e-06	0.000298359873154	0.000473113513145	0.00294950046033	0.000191802775599	6.39342585331e-05	0.00352490878712	0.00929604119071	0.000166229072186	1.27868517066e-05	8.09833941419e-05	8.52456780441e-06	1.27868517066e-05	0	0.00050294950046	0.00150458621748	0.00106983325945	0.000886555051659	0.000566883758993	0.000106557097555	3.40982712176e-05	3.83605551199e-05	0.000707539127766	0.000852456780441	0.000822620793126	0.000217376479013	2.1311419511e-05	1.27868517066e-05	1.27868517066e-05
0.000421966106318	0.0036698264398	0.033906468442	0	2.55737034132e-05	1.27868517066e-05	0.000132130800968	0.000583932894602	0.000600982030211	4.26228390221e-05	3.83605551199e-05	0.00025147475023	5.54096907287e-05	6.81965424353e-05	0.000494424932656	4.26228390221e-06	0.000298359873154	0.010157022539	5.54096907287e-05	0.000613768881918	3.83605551199e-05	0.00297507416374	0.00131704572578	0.0140911105807	0.000315409008763	8.95079619463e-05	0.00867374774099	0.01368619361	0.000818358509224	0.00124032461554	0.001743274116	8.52456780441e-06	1.70491356088e-05	0.000272786169741	0.00214392880281	3.40982712176e-05	0.000890817335561	0.00130852115798	0	8.52456780441e-06	0	3.40982712176e-05	0.000208851911208	3.40982712176e-05	0.000136393084871	3.40982712176e-05	9.80325297507e-05	1.27868517066e-05	1.27868517066e-05	5.11474068265e-05	0	0.000490162648754	0.000839669928735	2.98359873154e-05	0.000277048453643	0	0.000426228390221	0.000801309373615	0.0034737613803	0.000242950182426	4.26228390221e-06	0.00108688239506	0.00488883963583	0.000294097589252	1.70491356088e-05	0.000119343949262	0	0	0	0.000421966106318	0.00228884645548	0.0011508166536	0.00167933985747	0.00119343949262	0.000144917652675	8.09833941419e-05	1.70491356088e-05	0.000762948818495	0.000890817335561	0.000699014559962	0.000187540491697	5.11474068265e-05	8.52456780441e-06	0
0	0	0	0	0	0	0	0	0	0	0	0	0	0	0	0	0	0	0	0	0	0	0	0	0	0	0	0	0	0	0	0	0	0	0	0	0	0	0	0	0	0	0	0	0	0	0	0	0	0	0	0	0	0	0	0	0	0	0	0	0	0	0	0	0	0	0	0	0	0	0	0	0	0	0	0	0	0	0	0	0	0	0	0
0.000119343949262	1.27868517066e-05	2.55737034132e-05	0	0.0226156783851	2.55737034132e-05	0.00124032461554	0.000856719064343	0.0005796706107	0.000873768199952	0.00118065264091	0.000110819381457	0.00545572339482	3.40982712176e-05	0.00122753776384	0.000400654686807	8.52456780441e-06	1.27868517066e-05	1.70491356088e-05	4.26228390221e-05	0.0103914481536	8.95079619463e-05	1.70491356088e-05	9.37702458485e-05	0.0148156988441	2.1311419511e-05	8.09833941419e-05	4.26228390221e-05	0.00646588467965	0.00236130528182	0.000400654686807	0	2.55737034132e-05	0.00101868585263	0.00133835714529	2.98359873154e-05	4.26228390221e-06	4.26228390221e-06	0	0.00224622361646	0	0.000413441538514	0.000144917652675	0.000136393084871	0.00217376479013	0.00248064923108	1.70491356088e-05	0.00170065127698	4.26228390221e-06	0.000132130800968	4.26228390221e-05	0	4.26228390221e-06	0	0	0.00336720428274	8.52456780441e-06	8.52456780441e-06	8.52456780441e-06	0.00252753435401	0	2.1311419511e-05	1.70491356088e-05	0.000997374433116	7.67211102397e-05	1.27868517066e-05	8.52456780441e-06	0	4.26228390221e-06	6.81965424353e-05	0.000413441538514	5.54096907287e-05	0.000767211102397	0.000161966788284	0.000699014559962	2.98359873154e-05	1.27868517066e-05	0.000119343949262	2.1311419511e-05	0.000136393084871	6.39342585331e-05	8.95079619463e-05	2.98359873154e-05	8.52456780441e-06
1.27868517066e-05	8.52456780441e-06	1.27868517066e-05	0	2.55737034132e-05	0.00421539877928	0.00147901251407	3.40982712176e-05	0.000311146724861	0.000149179936577	4.26228390221e-06	8.52456780441e-06	5.54096907287e-05	4.26228390221e-06	0.00011508166536	0.000498687216558	1.27868517066e-05	4.26228390221e-06	0	4.26228390221e-06	5.11474068265e-05	1.70491356088e-05	1.27868517066e-05	3.40982712176e-05	8.09833941419e-05	4.26228390221e-06	4.26228390221e-06	8.52456780441e-06	5.11474068265e-05	0.000242950182426	4.26228390221e-05	0	0.000566883758993	4.26228390221e-05	0.000336720428274	0	4.26228390221e-06	4.26228390221e-06	0	4.26228390221e-06	0	4.26228390221e-06	1.70491356088e-05	4.26228390221e-06	2.98359873154e-05	8.52456780441e-06	4.26228390221e-06	1.27868517066e-05	0	0	0	0	1.70491356088e-05	0	8.52456780441e-06	1.70491356088e-05	1.27868517066e-05	4.26228390221e-06	5.11474068265e-05	2.1311419511e-05	4.26228390221e-06	8.52456780441e-06	3.40982712176e-05	2.55737034132e-05	4.26228390221e-06	8.52456780441e-06	4.26228390221e-06	4.26228390221e-06	0	4.26228390221e-06	0.000234425614621	1.70491356088e-05	0.000132130800968	8.52456780441e-05	0.00185409349746	0.000221638762915	8.52456780441e-06	2.98359873154e-05	1.27868517066e-05	5.11474068265e-05	7.67211102397e-05	4.26228390221e-06	0	0
0.000319671292665	2.98359873154e-05	0.000132130800968	0	0.00124032461554	0.00147901251407	0.0394133392437	0.00517441265728	0.0142402905173	0.000208851911208	0.0124927541174	0.000298359873154	0.0090871892795	9.37702458485e-05	0.00648719609916	0.000886555051659	3.40982712176e-05	0.000106557097555	3.40982712176e-05	5.96719746309e-05	0.00225474818427	0.000660654004842	3.40982712176e-05	0.000605244314113	0.00285146793058	1.70491356088e-05	0.000200327343404	0.000127868517066	0.00341408940567	0.00691768677328	0.00159409417943	4.26228390221e-06	0.00107835782726	0.00140655368773	0.0034694990964	5.96719746309e-05	4.26228390221e-06	4.26228390221e-06	0	0.000217376479013	0	7.24588263375e-05	0.000123606233164	4.26228390221e-05	0.000886555051659	0.000375080983394	2.1311419511e-05	0.000106557097555	1.27868517066e-05	5.54096907287e-05	0	8.52456780441e-06	1.27868517066e-05	4.26228390221e-06	8.52456780441e-06	0.000272786169741	8.52456780441e-06	8.52456780441e-06	2.98359873154e-05	0.00117212807311	0	1.70491356088e-05	4.68851229243e-05	0.000447539809732	3.83605551199e-05	0	0	0	4.26228390221e-06	3.83605551199e-05	0.000583932894602	0.000153442220479	0.0019350768916	0.000323933576568	0.00153015992089	0.00025147475023	5.96719746309e-05	8.95079619463e-05	3.83605551199e-05	9.37702458485e-05	3.83605551199e-05	4.68851229243e-05	2.1311419511e-05	1.27868517066e-05
0.00228458417158	8.95079619463e-05	0.000583932894602	0	0.000856719064343	3.40982712176e-05	0.00517441265728	0.0374313772292	0.00807702799468	0.000485900364852	0.00514457666996	0.000242950182426	0.000409179254612	0.000123606233164	0.00489310191973	0.000106557097555	0.000106557097555	0.00065639172094	5.54096907287e-05	0.000102294813653	0.000332458144372	0.00404490742319	0.000140655368773	0.00311999181641	0.00426654618611	2.55737034132e-05	0.000490162648754	0.000400654686807	0.0142829133563	0.0106173492004	0.00960718791557	1.70491356088e-05	9.37702458485e-05	0.00634654073038	0.00475244655096	7.24588263375e-05	2.55737034132e-05	8.52456780441e-06	0	0.000353769563883	0	0.000144917652675	0.00028983530535	0.000144917652675	0.00169212670918	0.000430490674123	2.55737034132e-05	8.52456780441e-05	2.1311419511e-05	0.000123606233164	8.52456780441e-06	2.1311419511e-05	1.70491356088e-05	4.26228390221e-06	1.27868517066e-05	0.000336720428274	2.1311419511e-05	5.11474068265e-05	8.52456780441e-05	0.00199048658233	4.26228390221e-06	3.40982712176e-05	8.95079619463e-05	0.000797047089713	4.68851229243e-05	2.1311419511e-05	0	0	4.26228390221e-06	7.67211102397e-05	0.000976063013605	0.000221638762915	0.00287277935009	0.000788522521908	0.000430490674123	0.000230163330719	4.26228390221e-05	0.000144917652675	1.70491356088e-05	0.000170491356088	8.09833941419e-05	7.67211102397e-05	3.40982712176e-05	1.70491356088e-05
0.00207999454428	7.24588263375e-05	0.000600982030211	0	0.0005796706107	0.000311146724861	0.0142402905173	0.00807702799468	0.0377212125345	0.000302622157057	0.00468425000852	0.000285573021448	0.00200753571794	9.37702458485e-05	0.0141422579875	0.000285573021448	0.000127868517066	0.000750161966788	5.11474068265e-05	0.000255737034132	0.00100163671702	0.00255737034132	0.000106557097555	0.00277474682034	0.00200753571794	8.52456780441e-06	0.000558359191189	0.000413441538514	0.00332884372762	0.011116036417	0.00640195042111	4.26228390221e-06	0.00157278275991	0.00196491287892	0.00533637944556	7.24588263375e-05	1.27868517066e-05	8.52456780441e-06	0	0.000255737034132	0	0.00011508166536	0.000281310737546	0.000106557097555	0.00114655436969	0.000358031847785	2.55737034132e-05	7.67211102397e-05	1.27868517066e-05	0.000127868517066	4.26228390221e-06	2.55737034132e-05	1.27868517066e-05	4.26228390221e-06	1.27868517066e-05	0.000225901046817	1.27868517066e-05	4.68851229243e-05	9.80325297507e-05	0.00144491424285	0	3.83605551199e-05	8.09833941419e-05	0.00061803116582	7.24588263375e-05	1.70491356088e-05	4.26228390221e-06	4.26228390221e-06	1.27868517066e-05	5.54096907287e-05	0.00102721042043	0.000221638762915	0.00296654959594	0.000805571657517	0.000554096907287	0.000430490674123	5.96719746309e-05	0.000183278207795	4.26228390221e-05	0.000153442220479	0.000106557097555	8.52456780441e-05	2.98359873154e-05	1.70491356088e-05
0.00032819586047	0.000630818017527	4.26228390221e-05	0	0.000873768199952	0.000149179936577	0.000208851911208	0.000485900364852	0.000302622157057	0.0168019231425	6.39342585331e-05	4.26228390221e-05	0.0021226173833	8.52456780441e-06	0.000630818017527	0.0005796706107	0.000860981348246	7.24588263375e-05	4.26228390221e-06	5.11474068265e-05	0.00126589831896	0.000933440174583	0.00384458007979	0.000519998636069	0.00638916356941	0.000119343949262	0.000127868517066	0.000635080301429	0.0023229447267	0.00184983121356	0.0023186824428	0	1.70491356088e-05	0.00175606096771	0.00277900910424	0.000306884440959	2.98359873154e-05	2.1311419511e-05	0	0.000379343267296	0	0.000311146724861	0.00121048862823	0.000306884440959	0.00574982098408	0.000558359191189	2.55737034132e-05	0.000311146724861	4.26228390221e-06	0.000345244996079	5.54096907287e-05	0.000179015923893	5.11474068265e-05	0	2.55737034132e-05	0.000528523203874	3.40982712176e-05	0.001351143997	0.000144917652675	0.00363999045248	0	4.26228390221e-05	0.000119343949262	0.0023229447267	0.000221638762915	0.000217376479013	0	4.26228390221e-06	1.27868517066e-05	0.000140655368773	0.00150884850138	8.09833941419e-05	0.000903604187268	0.000298359873154	0.00180294609063	9.37702458485e-05	4.26228390221e-06	0.00069475227606	9.80325297507e-05	0.000370818699492	0.000136393084871	0.000183278207795	3.40982712176e-05	8.52456780441e-06
0.000294097589252	4.26228390221e-06	3.83605551199e-05	0	0.00118065264091	4.26228390221e-06	0.0124927541174	0.00514457666996	0.00468425000852	6.39342585331e-05	0.0281055000511	0.000323933576568	0.00447966038122	0.000127868517066	0.00284720564667	7.67211102397e-05	8.52456780441e-06	4.68851229243e-05	3.83605551199e-05	4.68851229243e-05	0.00279605823985	0.000191802775599	8.52456780441e-06	0.000200327343404	0.00316687693934	2.1311419511e-05	0.000196065059501	0.000132130800968	0.00434752958025	0.00536195314898	0.000758686534593	8.52456780441e-06	6.39342585331e-05	0.00179442152283	0.00300491015106	2.55737034132e-05	4.26228390221e-06	0	0	0.000242950182426	0	6.39342585331e-05	8.95079619463e-05	3.83605551199e-05	0.000707539127766	0.000447539809732	8.52456780441e-06	0.000102294813653	0	6.39342585331e-05	8.52456780441e-06	4.26228390221e-06	0	4.26228390221e-06	0	0.000336720428274	4.26228390221e-06	8.52456780441e-06	4.26228390221e-06	0.00102721042043	0	2.1311419511e-05	8.52456780441e-06	0.000383605551199	3.40982712176e-05	4.26228390221e-06	0	0	4.26228390221e-06	2.98359873154e-05	0.000336720428274	0.000132130800968	0.00186688034917	0.000259999318035	0.000127868517066	8.52456780441e-05	2.98359873154e-05	2.98359873154e-05	1.27868517066e-05	5.96719746309e-05	4.26228390221e-05	3.83605551199e-05	1.27868517066e-05	8.52456780441e-06
0.000170491356088	0.000323933576568	0.00025147475023	0	0.000110819381457	8.52456780441e-06	0.000298359873154	0.000242950182426	0.000285573021448	4.26228390221e-05	0.000323933576568	0.0276920585126	0.000596719746309	0.00689637535377	0.00144917652675	1.27868517066e-05	2.98359873154e-05	0.00124884918335	0.00294523817642	0.00323507348177	0.000281310737546	0.000626555733624	0.000106557097555	0.00108262011116	0.00025147475023	0.00175606096771	0.0113632488833	0.00306884440959	0.00036655641559	0.00352064650322	0.000639342585331	0.00122327547993	9.80325297507e-05	0.000494424932656	0.00953472908924	1.70491356088e-05	0.000136393084871	2.98359873154e-05	0	3.40982712176e-05	0	4.68851229243e-05	5.11474068265e-05	3.83605551199e-05	0.000149179936577	4.26228390221e-05	0.000494424932656	4.26228390221e-06	0.000238687898524	4.68851229243e-05	0	1.70491356088e-05	2.55737034132e-05	0.000191802775599	0.000400654686807	1.70491356088e-05	3.83605551199e-05	6.81965424353e-05	9.80325297507e-05	0.000183278207795	0.000200327343404	0.000967538445801	0.000532785487776	8.95079619463e-05	2.98359873154e-05	1.27868517066e-05	8.09833941419e-05	1.70491356088e-05	0	0.000191802775599	0.000669178572646	0.00257868176083	0.00580949295871	0.000583932894602	6.39342585331e-05	2.98359873154e-05	0.000409179254612	6.81965424353e-05	0.00134261942919	0.000234425614621	5.54096907287e-05	1.70491356088e-05	1.27868517066e-05	2.1311419511e-05
0.000200327343404	1.27868517066e-05	5.54096907287e-05	0	0.00545572339482	5.54096907287e-05	0.0090871892795	0.000409179254612	0.00200753571794	0.0021226173833	0.00447966038122	0.000596719746309	0.0327599140724	0.000183278207795	0.00470129914413	0.00180720837454	8.52456780441e-06	2.55737034132e-05	8.09833941419e-05	9.80325297507e-05	0.0145386503904	0.000153442220479	1.70491356088e-05	0.000179015923893	0.00581375524261	3.83605551199e-05	0.000315409008763	0.000153442220479	0.00224196133256	0.00664490060354	0.000340982712176	1.27868517066e-05	9.80325297507e-05	0.000826883077028	0.00361441674907	2.1311419511e-05	0	0	0	0.000272786169741	4.26228390221e-06	0.000166229072186	6.81965424353e-05	6.81965424353e-05	0.00075442425069	0.000916391038974	2.1311419511e-05	0.00129147202237	1.27868517066e-05	5.96719746309e-05	2.55737034132e-05	0	0	1.27868517066e-05	4.26228390221e-06	0.000699014559962	4.26228390221e-06	4.26228390221e-06	1.27868517066e-05	0.000890817335561	0	1.70491356088e-05	1.27868517066e-05	0.000255737034132	2.98359873154e-05	4.26228390221e-06	4.26228390221e-06	0	0	3.40982712176e-05	0.000622293449722	0.000127868517066	0.00213540423501	0.000336720428274	0.00168786442527	7.67211102397e-05	3.83605551199e-05	4.26228390221e-05	3.83605551199e-05	7.67211102397e-05	5.54096907287e-05	7.67211102397e-05	1.70491356088e-05	4.26228390221e-06
4.26228390221e-05	0.000281310737546	6.81965424353e-05	0	3.40982712176e-05	4.26228390221e-06	9.37702458485e-05	0.000123606233164	9.37702458485e-05	8.52456780441e-06	0.000127868517066	0.00689637535377	0.000183278207795	0.0198878166877	0.000511474068265	0	3.40982712176e-05	0.000136393084871	0.000332458144372	0.000221638762915	8.95079619463e-05	0.000153442220479	8.95079619463e-05	0.00028983530535	0.000123606233164	0.00470982371194	0.00417703822416	0.00434752958025	0.000170491356088	0.00119770177652	0.00025147475023	0.00271933712961	5.96719746309e-05	0.00028983530535	0.00228032188768	1.27868517066e-05	5.11474068265e-05	1.70491356088e-05	0	2.1311419511e-05	0	2.98359873154e-05	5.96719746309e-05	2.55737034132e-05	6.39342585331e-05	0.000102294813653	0.00110819381457	2.1311419511e-05	0.00121901319603	5.11474068265e-05	0	2.55737034132e-05	4.68851229243e-05	0.000196065059501	0.000161966788284	3.83605551199e-05	2.98359873154e-05	4.26228390221e-05	5.54096907287e-05	9.80325297507e-05	0.000707539127766	0.00127016060286	0.000652129437038	5.11474068265e-05	2.1311419511e-05	4.26228390221e-06	0.000225901046817	1.70491356088e-05	4.26228390221e-06	0.000473113513145	0.000443277525829	0.00189671633648	0.00252753435401	0.00121901319603	2.98359873154e-05	0.000110819381457	0.000882292767757	4.68851229243e-05	0.00287277935009	0.00065639172094	8.09833941419e-05	2.98359873154e-05	1.27868517066e-05	0.000110819381457
0.00775309441811	0.000132130800968	0.000494424932656	0	0.00122753776384	0.00011508166536	0.00648719609916	0.00489310191973	0.0141422579875	0.000630818017527	0.00284720564667	0.00144917652675	0.00470129914413	0.000511474068265	0.0447497186893	0.00021311419511	0.000170491356088	0.000814096225321	0.000183278207795	0.00050294950046	0.00248917379889	0.00228032188768	0.000259999318035	0.00257441947693	0.00314130323593	0.000110819381457	0.00106557097555	0.000566883758993	0.00343966310908	0.0320438503768	0.00994390834385	6.81965424353e-05	0.00210130596379	0.00549408394994	0.0141166842841	0.00011508166536	4.68851229243e-05	8.52456780441e-06	0	0.000281310737546	4.26228390221e-06	0.000208851911208	0.000439015241927	0.000191802775599	0.00159835646333	0.000485900364852	5.54096907287e-05	0.000102294813653	4.26228390221e-05	0.000234425614621	1.70491356088e-05	3.40982712176e-05	1.27868517066e-05	2.98359873154e-05	3.83605551199e-05	0.000302622157057	3.40982712176e-05	0.000136393084871	0.00011508166536	0.00205015855696	8.52456780441e-06	7.67211102397e-05	0.000140655368773	0.00101442356873	0.000136393084871	2.98359873154e-05	4.26228390221e-06	4.26228390221e-06	1.27868517066e-05	0.000102294813653	0.00214392880281	0.000630818017527	0.00730555460838	0.00158983189552	0.000643604869233	0.000528523203874	0.000204589627306	0.000285573021448	9.80325297507e-05	0.000349507279981	0.000259999318035	0.000200327343404	7.67211102397e-05	2.55737034132e-05
1.70491356088e-05	4.26228390221e-06	4.26228390221e-06	0	0.000400654686807	0.000498687216558	0.000886555051659	0.000106557097555	0.000285573021448	0.0005796706107	7.67211102397e-05	1.27868517066e-05	0.00180720837454	0	0.00021311419511	0.00491015105534	8.52456780441e-06	4.26228390221e-06	4.26228390221e-06	4.26228390221e-06	0.000750161966788	1.70491356088e-05	1.27868517066e-05	3.40982712176e-05	0.000724588263375	0	1.70491356088e-05	4.26228390221e-06	0.00021311419511	0.000298359873154	0.000119343949262	0	2.98359873154e-05	0.000106557097555	0.000234425614621	4.26228390221e-06	0	0	0	0.000106557097555	0	3.40982712176e-05	8.52456780441e-06	4.26228390221e-06	0.000302622157057	0.000140655368773	0	8.95079619463e-05	0	4.26228390221e-06	1.27868517066e-05	0	0	0	0	0.000170491356088	0	0	8.52456780441e-06	0.000242950182426	0	0	8.52456780441e-06	0.000106557097555	8.52456780441e-06	0	0	0	0	0	0.000409179254612	1.70491356088e-05	0.000187540491697	8.52456780441e-05	0.00298786101545	1.27868517066e-05	0	8.52456780441e-06	4.26228390221e-06	4.26228390221e-06	4.26228390221e-06	8.52456780441e-06	0	0
0.000119343949262	0.000673440856549	0.000298359873154	0	8.52456780441e-06	1.27868517066e-05	3.40982712176e-05	0.000106557097555	0.000127868517066	0.000860981348246	8.52456780441e-06	2.98359873154e-05	8.52456780441e-06	3.40982712176e-05	0.000170491356088	8.52456780441e-06	0.0167166774645	0.00021311419511	2.1311419511e-05	5.54096907287e-05	8.52456780441e-06	0.00228884645548	0.00530228117434	0.00620588536161	0.00621014764551	3.40982712176e-05	0.000311146724861	0.00341408940567	0.00223769904866	0.00050294950046	0.000779997954104	0	1.27868517066e-05	0.000392130119003	0.00151311078528	0.000119343949262	9.37702458485e-05	1.70491356088e-05	0	2.1311419511e-05	0	5.96719746309e-05	0.000392130119003	0.000102294813653	0.00079278480581	4.26228390221e-05	1.27868517066e-05	1.27868517066e-05	4.26228390221e-06	0.000110819381457	1.70491356088e-05	0.0019265523238	2.55737034132e-05	0	2.98359873154e-05	1.27868517066e-05	0.000230163330719	0.00257868176083	0.000779997954104	0.000779997954104	0	8.09833941419e-05	0.000443277525829	0.000963276161899	8.95079619463e-05	0.000196065059501	0	0	1.70491356088e-05	5.96719746309e-05	0.00127868517066	0.000315409008763	0.00130425887408	0.000762948818495	0.000298359873154	0.000140655368773	1.27868517066e-05	0.000362294131688	0.000183278207795	0.000179015923893	8.52456780441e-05	4.26228390221e-05	2.55737034132e-05	0
0.00086950591605	0.00245933781157	0.010157022539	0	1.27868517066e-05	4.26228390221e-06	0.000106557097555	0.00065639172094	0.000750161966788	7.24588263375e-05	4.68851229243e-05	0.00124884918335	2.55737034132e-05	0.000136393084871	0.000814096225321	4.26228390221e-06	0.00021311419511	0.0354579397825	0.000242950182426	0.00805571657517	8.52456780441e-06	0.00575834555188	0.000600982030211	0.0136904558939	0.000332458144372	0.000259999318035	0.0139589797797	0.00941964742388	0.000886555051659	0.00225474818427	0.00379769495687	1.70491356088e-05	1.27868517066e-05	0.000362294131688	0.00716916152351	1.27868517066e-05	0.000805571657517	0.000490162648754	0	4.26228390221e-06	0	1.70491356088e-05	0.00011508166536	2.1311419511e-05	8.95079619463e-05	2.1311419511e-05	0.000136393084871	0	1.27868517066e-05	5.11474068265e-05	0	0.00017475363999	0.000498687216558	7.67211102397e-05	0.000413441538514	4.26228390221e-06	0.000153442220479	0.00025147475023	0.000988849865312	0.000132130800968	2.1311419511e-05	0.00150884850138	0.00213966651891	0.000166229072186	2.55737034132e-05	4.68851229243e-05	0	4.26228390221e-06	0	0.000200327343404	0.00190950318819	0.00122753776384	0.00258294404474	0.00161114331503	0.000200327343404	0.000119343949262	8.52456780441e-06	0.000294097589252	0.000647867153135	0.000323933576568	6.39342585331e-05	2.55737034132e-05	0	0
3.83605551199e-05	5.96719746309e-05	5.54096907287e-05	0	1.70491356088e-05	0	3.40982712176e-05	5.54096907287e-05	5.11474068265e-05	4.26228390221e-06	3.83605551199e-05	0.00294523817642	8.09833941419e-05	0.000332458144372	0.000183278207795	4.26228390221e-06	2.1311419511e-05	0.000242950182426	0.00764227503666	0.00219081392573	3.40982712176e-05	0.000136393084871	2.98359873154e-05	0.000255737034132	7.24588263375e-05	0.000809833941419	0.00633801616258	0.00128720973847	6.39342585331e-05	0.000481638080949	0.000132130800968	0.000132130800968	8.52456780441e-06	8.09833941419e-05	0.00132130800968	0	3.40982712176e-05	4.26228390221e-06	0	4.26228390221e-06	0	8.52456780441e-06	1.70491356088e-05	4.26228390221e-06	3.83605551199e-05	1.27868517066e-05	0.000234425614621	0	4.26228390221e-05	4.26228390221e-06	0	4.26228390221e-06	2.55737034132e-05	0.000123606233164	0.000306884440959	4.26228390221e-06	2.1311419511e-05	1.27868517066e-05	2.1311419511e-05	3.83605551199e-05	0.000123606233164	0.00050294950046	0.000323933576568	1.27868517066e-05	1.27868517066e-05	8.52456780441e-06	1.70491356088e-05	0	0	6.39342585331e-05	0.00032819586047	0.000690489992157	0.000971800729703	0.000208851911208	1.27868517066e-05	1.27868517066e-05	1.70491356088e-05	2.98359873154e-05	0.000451802093634	0.000119343949262	1.70491356088e-05	4.26228390221e-06	0	0
0.000281310737546	0.00090786647117	0.000613768881918	0	4.26228390221e-05	4.26228390221e-06	5.96719746309e-05	0.000102294813653	0.000255737034132	5.11474068265e-05	4.68851229243e-05	0.00323507348177	9.80325297507e-05	0.000221638762915	0.00050294950046	4.26228390221e-06	5.54096907287e-05	0.00805571657517	0.00219081392573	0.0189969993521	4.68851229243e-05	0.00129573430627	0.00017475363999	0.00235704299792	0.000196065059501	0.000993112149214	0.0126717700413	0.00416851365636	0.000272786169741	0.00125311146725	0.00122327547993	6.81965424353e-05	1.70491356088e-05	0.000302622157057	0.00702850615474	4.26228390221e-06	0.000439015241927	7.67211102397e-05	0	1.70491356088e-05	0	2.98359873154e-05	3.83605551199e-05	1.70491356088e-05	5.54096907287e-05	3.40982712176e-05	0.00036655641559	0	3.40982712176e-05	2.1311419511e-05	0	4.68851229243e-05	0.00025147475023	0.000187540491697	0.000699014559962	1.70491356088e-05	6.39342585331e-05	9.37702458485e-05	0.000217376479013	9.37702458485e-05	0.000119343949262	0.00150458621748	0.000937702458485	6.39342585331e-05	3.40982712176e-05	2.98359873154e-05	4.26228390221e-06	4.26228390221e-06	0	0.000166229072186	0.00144917652675	0.00121475091213	0.00280458280765	0.00108262011116	3.40982712176e-05	4.68851229243e-05	1.27868517066e-05	0.000221638762915	0.000882292767757	0.00032819586047	8.09833941419e-05	1.27868517066e-05	8.52456780441e-06	0
0.000110819381457	1.27868517066e-05	3.83605551199e-05	0	0.0103914481536	5.11474068265e-05	0.00225474818427	0.000332458144372	0.00100163671702	0.00126589831896	0.00279605823985	0.000281310737546	0.0145386503904	8.95079619463e-05	0.00248917379889	0.000750161966788	8.52456780441e-06	8.52456780441e-06	3.40982712176e-05	4.68851229243e-05	0.0228543662836	7.24588263375e-05	2.1311419511e-05	9.80325297507e-05	0.00852883008831	2.98359873154e-05	0.000153442220479	0.000123606233164	0.00266392743888	0.00359310532956	0.000268523885839	4.26228390221e-06	5.96719746309e-05	0.000605244314113	0.00200327343404	1.70491356088e-05	4.26228390221e-06	0	0	0.000379343267296	0	0.000106557097555	5.96719746309e-05	2.98359873154e-05	0.00106983325945	0.000652129437038	4.26228390221e-06	0.000417703822416	0	4.68851229243e-05	2.1311419511e-05	0	4.26228390221e-06	4.26228390221e-06	0	0.000652129437038	4.26228390221e-06	8.52456780441e-06	8.52456780441e-06	0.00117212807311	0	1.70491356088e-05	1.70491356088e-05	0.000375080983394	1.70491356088e-05	0	0	0	0	2.1311419511e-05	0.000485900364852	8.09833941419e-05	0.0011593412214	0.00017475363999	0.00106983325945	2.1311419511e-05	2.1311419511e-05	5.54096907287e-05	1.70491356088e-05	4.26228390221e-05	2.1311419511e-05	5.54096907287e-05	8.52456780441e-06	0
0.00199901115013	0.000524260919971	0.00297507416374	0	8.95079619463e-05	1.70491356088e-05	0.000660654004842	0.00404490742319	0.00255737034132	0.000933440174583	0.000191802775599	0.000626555733624	0.000153442220479	0.000153442220479	0.00228032188768	1.70491356088e-05	0.00228884645548	0.00575834555188	0.000136393084871	0.00129573430627	7.24588263375e-05	0.0561769018311	0.00297507416374	0.0347504006547	0.00265114058717	8.09833941419e-05	0.00262982916766	0.00283441879497	0.0125865243632	0.00652129437038	0.0148156988441	4.26228390221e-06	2.98359873154e-05	0.00207573226037	0.0112993146247	0.000183278207795	0.000166229072186	0.000119343949262	0	5.11474068265e-05	0	0.000136393084871	0.00104852183994	0.000161966788284	0.00151737306919	0.000157704504382	7.67211102397e-05	2.55737034132e-05	2.98359873154e-05	0.000208851911208	1.70491356088e-05	0.000852456780441	8.52456780441e-05	8.52456780441e-06	7.67211102397e-05	5.54096907287e-05	0.000264261601937	0.00285573021448	0.000814096225321	0.00165802843796	8.52456780441e-06	0.000191802775599	0.000664916288744	0.00240392812084	0.000136393084871	0.000456064377536	0	8.52456780441e-06	2.1311419511e-05	0.000149179936577	0.00280458280765	0.000801309373615	0.00859702663075	0.00441572612269	0.00138950455212	0.000809833941419	5.54096907287e-05	0.000835407644832	0.000242950182426	0.00036655641559	0.000187540491697	0.000157704504382	3.40982712176e-05	8.52456780441e-06
0.000170491356088	0.00407900569441	0.00131704572578	0	1.70491356088e-05	1.27868517066e-05	3.40982712176e-05	0.000140655368773	0.000106557097555	0.00384458007979	8.52456780441e-06	0.000106557097555	1.70491356088e-05	8.95079619463e-05	0.000259999318035	1.27868517066e-05	0.00530228117434	0.000600982030211	2.98359873154e-05	0.00017475363999	2.1311419511e-05	0.00297507416374	0.0279264841273	0.00896358304634	0.00373376069833	0.000494424932656	0.000737375115082	0.0101740716746	0.00183278207795	0.00075442425069	0.00107409554336	8.52456780441e-06	4.26228390221e-06	0.000728850547277	0.00175606096771	0.000136393084871	0.000430490674123	0.000157704504382	0	5.54096907287e-05	0	9.37702458485e-05	0.000933440174583	0.000123606233164	0.002702287994	0.000106557097555	4.26228390221e-05	3.40982712176e-05	8.52456780441e-06	0.000161966788284	2.1311419511e-05	0.00445408667781	0.000110819381457	4.26228390221e-06	5.96719746309e-05	3.83605551199e-05	0.000835407644832	0.010459644696	0.00453933235585	0.00225901046817	4.26228390221e-06	0.000183278207795	0.00335015514713	0.00267245200668	0.000110819381457	0.000532785487776	0	4.26228390221e-06	2.1311419511e-05	0.000238687898524	0.00129147202237	0.000387867835101	0.000937702458485	0.000652129437038	0.000268523885839	7.67211102397e-05	8.52456780441e-06	0.00100163671702	0.000468851229243	0.000396392402905	0.000183278207795	8.95079619463e-05	2.55737034132e-05	4.26228390221e-06
0.00225048590036	0.00229310873939	0.0140911105807	0	9.37702458485e-05	3.40982712176e-05	0.000605244314113	0.00311999181641	0.00277474682034	0.000519998636069	0.000200327343404	0.00108262011116	0.000179015923893	0.00028983530535	0.00257441947693	3.40982712176e-05	0.00620588536161	0.0136904558939	0.000255737034132	0.00235704299792	9.80325297507e-05	0.0347504006547	0.00896358304634	0.0946866368875	0.0021268796672	0.00017475363999	0.00548129709824	0.0211963378457	0.00646162239574	0.00674719541719	0.0105534149419	1.27868517066e-05	5.96719746309e-05	0.00170491356088	0.0132727520715	0.000102294813653	0.000507211784363	0.00065639172094	0	4.68851229243e-05	0	0.000110819381457	0.000882292767757	0.000140655368773	0.00102294813653	0.000144917652675	0.000110819381457	4.26228390221e-05	2.98359873154e-05	0.000187540491697	2.55737034132e-05	0.00624424591673	0.00036655641559	2.55737034132e-05	0.000170491356088	4.26228390221e-05	0.00189671633648	0.0113078391926	0.00831997817711	0.00201179800184	1.27868517066e-05	0.000609506598015	0.00421539877928	0.0025019606506	9.37702458485e-05	0.000660654004842	0	4.26228390221e-06	1.27868517066e-05	0.000417703822416	0.00797047089713	0.00237409213353	0.0144235687251	0.010374399018	0.00302195928666	0.00117639035701	8.09833941419e-05	0.00176032325161	0.00105704640775	0.00079278480581	0.000375080983394	0.000153442220479	4.68851229243e-05	1.70491356088e-05
0.000963276161899	0.000613768881918	0.000315409008763	0	0.0148156988441	8.09833941419e-05	0.00285146793058	0.00426654618611	0.00200753571794	0.00638916356941	0.00316687693934	0.00025147475023	0.00581375524261	0.000123606233164	0.00314130323593	0.000724588263375	0.00621014764551	0.000332458144372	7.24588263375e-05	0.000196065059501	0.00852883008831	0.00265114058717	0.00373376069833	0.0021268796672	0.0563473931872	9.37702458485e-05	0.000490162648754	0.00141081597163	0.0220999420329	0.00806850342688	0.00631244245917	1.70491356088e-05	4.68851229243e-05	0.00576687011968	0.0092747297712	0.000485900364852	0.000102294813653	3.40982712176e-05	0	0.00220786306134	0	0.000673440856549	0.00177737238722	0.000613768881918	0.00847342039759	0.00322654891397	5.54096907287e-05	0.000826883077028	1.70491356088e-05	0.000660654004842	9.80325297507e-05	0.000332458144372	4.26228390221e-05	0	5.11474068265e-05	0.0026980257101	0.000123606233164	0.00119770177652	0.000323933576568	0.00953472908924	4.26228390221e-06	8.09833941419e-05	0.000238687898524	0.00471408599584	0.000370818699492	0.000225901046817	0	0	2.98359873154e-05	0.000298359873154	0.0030816312613	0.000571146042896	0.00491441333924	0.00172196269649	0.00201606028574	0.000451802093634	5.96719746309e-05	0.000860981348246	0.000170491356088	0.000626555733624	0.000242950182426	0.000426228390221	8.09833941419e-05	1.27868517066e-05
2.1311419511e-05	0.0025147475023	8.95079619463e-05	0	2.1311419511e-05	4.26228390221e-06	1.70491356088e-05	2.55737034132e-05	8.52456780441e-06	0.000119343949262	2.1311419511e-05	0.00175606096771	3.83605551199e-05	0.00470982371194	0.000110819381457	0	3.40982712176e-05	0.000259999318035	0.000809833941419	0.000993112149214	2.98359873154e-05	8.09833941419e-05	0.000494424932656	0.00017475363999	9.37702458485e-05	0.0204547004467	0.00793637262591	0.0117383298667	5.11474068265e-05	0.000294097589252	0.000106557097555	0.000447539809732	8.52456780441e-06	6.81965424353e-05	0.000886555051659	1.27868517066e-05	0.000758686534593	3.83605551199e-05	0	2.1311419511e-05	0	4.26228390221e-05	6.81965424353e-05	2.1311419511e-05	4.26228390221e-05	6.81965424353e-05	0.00228884645548	2.1311419511e-05	0.00147475023016	5.54096907287e-05	0	2.1311419511e-05	0.000127868517066	0.000745899682886	0.00158983189552	1.70491356088e-05	5.96719746309e-05	4.68851229243e-05	7.24588263375e-05	7.24588263375e-05	0.00196917516282	0.00417703822416	0.00278753367204	5.11474068265e-05	6.39342585331e-05	2.98359873154e-05	0.000221638762915	5.96719746309e-05	0	0.000639342585331	0.000362294131688	0.000895079619463	0.000775735670202	0.000272786169741	8.52456780441e-06	4.26228390221e-06	0.000434752958025	0.000221638762915	0.00322228663007	0.00108688239506	0.000161966788284	3.40982712176e-05	2.55737034132e-05	0.000196065059501
0.000490162648754	0.00475244655096	0.00867374774099	0	8.09833941419e-05	4.26228390221e-06	0.000200327343404	0.000490162648754	0.000558359191189	0.000127868517066	0.000196065059501	0.0113632488833	0.000315409008763	0.00417703822416	0.00106557097555	1.70491356088e-05	0.000311146724861	0.0139589797797	0.00633801616258	0.0126717700413	0.000153442220479	0.00262982916766	0.000737375115082	0.00548129709824	0.000490162648754	0.00793637262591	0.0794361850854	0.0286894329457	0.000690489992157	0.00293245132472	0.00206294540867	0.00233999386231	3.40982712176e-05	0.000605244314113	0.00910850069901	2.55737034132e-05	0.00296228731203	0.000537047771678	0	5.11474068265e-05	0	0.000110819381457	0.000230163330719	5.96719746309e-05	0.000225901046817	0.000136393084871	0.00283868107887	2.55737034132e-05	0.000728850547277	0.000106557097555	0	0.000161966788284	0.00172622498039	0.00121475091213	0.00437310328366	4.68851229243e-05	0.000285573021448	0.000311146724861	0.00086950591605	0.000285573021448	0.000941964742388	0.0104468578443	0.00668752344256	0.000247212466328	8.95079619463e-05	0.000136393084871	0.000132130800968	5.54096907287e-05	0	0.00119770177652	0.00454359463975	0.00496129846217	0.00577113240359	0.00225048590036	0.000149179936577	7.67211102397e-05	9.37702458485e-05	0.00109966924677	0.00623998363283	0.00210556824769	0.000460326661438	4.68851229243e-05	1.70491356088e-05	3.83605551199e-05
0.000306884440959	0.0160091383367	0.01368619361	0	4.26228390221e-05	8.52456780441e-06	0.000127868517066	0.000400654686807	0.000413441538514	0.000635080301429	0.000132130800968	0.00306884440959	0.000153442220479	0.00434752958025	0.000566883758993	4.26228390221e-06	0.00341408940567	0.00941964742388	0.00128720973847	0.00416851365636	0.000123606233164	0.00283441879497	0.0101740716746	0.0211963378457	0.00141081597163	0.0117383298667	0.0286894329457	0.0999420329389	0.00133835714529	0.0017475363999	0.00150884850138	0.000775735670202	8.52456780441e-06	0.000673440856549	0.00648293381526	3.83605551199e-05	0.00507638012753	0.00179442152283	0	3.83605551199e-05	0	6.81965424353e-05	0.000349507279981	8.95079619463e-05	0.000400654686807	8.52456780441e-05	0.0019393391755	2.98359873154e-05	0.00061803116582	0.000119343949262	4.26228390221e-06	0.00362294131688	0.00152589763699	0.000818358509224	0.00280884509155	2.98359873154e-05	0.00112098066628	0.00612063968357	0.00741637398984	0.000724588263375	0.00112950523408	0.00787243836737	0.0131576704061	0.000741637398984	6.39342585331e-05	0.000259999318035	0.000127868517066	4.68851229243e-05	0	0.0011593412214	0.00754850479081	0.00430064445733	0.00509769154704	0.00332031915982	0.00050294950046	0.000144917652675	8.95079619463e-05	0.00155999590821	0.0040619565588	0.00184556892966	0.000413441538514	4.68851229243e-05	2.55737034132e-05	3.83605551199e-05
0.00119343949262	0.00021311419511	0.000818358509224	0	0.00646588467965	5.11474068265e-05	0.00341408940567	0.0142829133563	0.00332884372762	0.0023229447267	0.00434752958025	0.00036655641559	0.00224196133256	0.000170491356088	0.00343966310908	0.00021311419511	0.00223769904866	0.000886555051659	6.39342585331e-05	0.000272786169741	0.00266392743888	0.0125865243632	0.00183278207795	0.00646162239574	0.0220999420329	5.11474068265e-05	0.000690489992157	0.00133835714529	0.062497868858	0.00957735192826	0.0118150509769	1.27868517066e-05	9.37702458485e-05	0.00764653732056	0.0116232482013	0.000315409008763	8.52456780441e-05	3.83605551199e-05	0	0.00121901319603	4.26228390221e-06	0.000451802093634	0.00147901251407	0.000426228390221	0.00569867357725	0.00181573294234	8.09833941419e-05	0.000358031847785	2.98359873154e-05	0.000524260919971	3.40982712176e-05	0.000323933576568	4.68851229243e-05	8.52456780441e-06	7.24588263375e-05	0.00146196337846	0.00017475363999	0.00119770177652	0.000400654686807	0.00586916493334	4.26228390221e-06	9.80325297507e-05	0.000225901046817	0.00324786033348	0.000294097589252	0.000272786169741	4.26228390221e-06	8.52456780441e-06	1.27868517066e-05	0.000221638762915	0.00311999181641	0.000643604869233	0.0067642445528	0.00269376342619	0.00131704572578	0.000716063695571	9.37702458485e-05	0.000758686534593	0.000166229072186	0.00054131005558	0.00025147475023	0.000323933576568	8.52456780441e-05	4.26228390221e-06
0.0120153783203	0.00028983530535	0.00124032461554	0	0.00236130528182	0.000242950182426	0.00691768677328	0.0106173492004	0.011116036417	0.00184983121356	0.00536195314898	0.00352064650322	0.00664490060354	0.00119770177652	0.0320438503768	0.000298359873154	0.00050294950046	0.00225474818427	0.000481638080949	0.00125311146725	0.00359310532956	0.00652129437038	0.00075442425069	0.00674719541719	0.00806850342688	0.000294097589252	0.00293245132472	0.0017475363999	0.00957735192826	0.0788650390425	0.0304795921847	0.000123606233164	0.00252753435401	0.0238091178777	0.0367025266819	0.000430490674123	0.000132130800968	2.1311419511e-05	0	0.000635080301429	8.52456780441e-06	0.000554096907287	0.00150032393358	0.000515736352167	0.00495277389436	0.00102721042043	0.000140655368773	0.00021311419511	8.95079619463e-05	0.000596719746309	5.11474068265e-05	0.000123606233164	5.54096907287e-05	5.96719746309e-05	0.00011508166536	0.00054131005558	8.95079619463e-05	0.000392130119003	0.000294097589252	0.00595867289528	1.27868517066e-05	0.000221638762915	0.000349507279981	0.00321376206226	0.00046458894534	0.000161966788284	1.70491356088e-05	8.52456780441e-06	5.96719746309e-05	0.000311146724861	0.00589473863675	0.00164097930235	0.0192740478058	0.0044370375422	0.00147901251407	0.00140229140383	0.000443277525829	0.000924915606779	0.000315409008763	0.00100589900092	0.000605244314113	0.000562621475091	0.000157704504382	5.54096907287e-05
