0.0383515424165	0.000208868894602	0.0047919344473	0	0.000546272493573	0.000265102827763	0.000618573264781	0.00496866966581	0.0153157133676	0.00206057197943	0.000594473007712	0.000433804627249	0.00218508997429	8.03341902314e-05	0.0323666452442	6.02506426735e-05	0.00066677377892	0.00347445372751	0.000120501285347	0.000341420308483	0.00429787917738	0.00669183804627	0.00046192159383	0.00808161953728	0.00421754498715	4.01670951157e-06	0.00135764781491	0.000779241645244	0.00368332262211	0.0322099935733	0.0283981362468	7.63174807198e-05	4.01670951157e-05	0.0202723329049	0.00516548843188	0.00020485218509	8.03341902314e-06	8.03341902314e-06	0	0.000477988431877	0	2.8116966581e-05	0.00121706298201	0.000477988431877	0.00332583547558	0.00035748714653	4.82005141388e-05	1.20501285347e-05	0	0.000317320051414	4.01670951157e-06	0	8.03341902314e-06	3.21336760925e-05	2.8116966581e-05	0	1.20501285347e-05	2.8116966581e-05	1.20501285347e-05	0.00327361825193	0	1.60668380463e-05	2.8116966581e-05	0.00193203727506	0.000120501285347	1.60668380463e-05	0	0	0	8.03341902314e-06	0.00103229434447	6.82840616967e-05	0.00174726863753	0.00126928020566	0.00109656169666	0.000763174807198	3.21336760925e-05	0.000530205655527	2.41002570694e-05	0.000140584832905	0.000393637532134	5.6233933162e-05	4.01670951157e-06	4.01670951157e-06
0.000208868894602	0.0501044344473	0.00302458226221	0	2.00835475578e-05	0.000108451156812	0.000100417737789	4.01670951157e-06	8.03341902314e-06	0.00366323907455	0	4.41838046272e-05	0	0.00135764781491	0.000220919023136	4.01670951157e-06	0.00307679948586	0.000469955012853	8.03341902314e-06	0.000104434447301	4.01670951157e-06	0.00178341902314	0.0104313946015	0.00175931876607	0.00137773136247	0.004860218509	0.0104715616967	0.0476341580977	0.000658740359897	0.000341420308483	0.000626606683805	6.42673521851e-05	4.01670951157e-06	0.000325353470437	0.000763174807198	4.01670951157e-06	0.0214452120823	0.000919826478149	0	0.000108451156812	0	2.00835475578e-05	0.000558322622108	0.000361503856041	0.000586439588689	6.42673521851e-05	0.000397654241645	4.01670951157e-06	4.01670951157e-05	0.000265102827763	0	0.00160668380463	0.0045830655527	0.000212885604113	0.00179546915167	3.61503856041e-05	0.000807358611825	0.0044786311054	0.00373152313625	0.000405687660668	0.00121706298201	0.0040970437018	0.0153920308483	0.000477988431877	8.03341902314e-06	0.000212885604113	0	0	0	0.0011809125964	0.000843508997429	0.000224935732648	0.000510122107969	0.000377570694087	0.000273136246787	0.000112467866324	0	0.00279161311054	0.00153438303342	0.000598489717224	0.000297236503856	0.000160668380463	6.82840616967e-05	0
0.0047919344473	0.00302458226221	0.0636487789203	0	8.83676092545e-05	0.000148618251928	0	5.22172236504e-05	0.00107246143959	0.000224935732648	1.20501285347e-05	0.000176735218509	4.82005141388e-05	2.00835475578e-05	0.00486423521851	1.20501285347e-05	0.000273136246787	0.0129739717224	5.22172236504e-05	0.000253052699229	6.82840616967e-05	0.00608933161954	0.000429787917738	0.0237347365039	0.000389620822622	4.01670951157e-06	0.00988913881748	0.0357607647815	0.00132149742931	0.00502088688946	0.00700514138817	8.03341902314e-06	0	0.00300048200514	0.00927458226221	4.01670951157e-06	0.00255462724936	0.000293219794344	0	5.22172236504e-05	0	5.6233933162e-05	4.41838046272e-05	5.22172236504e-05	0.000389620822622	0.000156651670951	4.01670951157e-06	1.60668380463e-05	0	1.20501285347e-05	1.60668380463e-05	0.0051052377892	0.000108451156812	0	0	8.83676092545e-05	0.00140183161954	0.010057840617	0.00491645244216	0.000429787917738	0	2.00835475578e-05	0.00203245501285	0.000654723650386	0	7.23007712082e-05	0	0	0	2.00835475578e-05	0.0111423521851	0.00160266709512	0.0185049807198	0.013371625964	0.00548280848329	0.00317721722365	3.61503856041e-05	0.00251847686375	0.000518155526992	0.000208868894602	0.000104434447301	0.000160668380463	2.00835475578e-05	0
0	0	0	0	0	0	0	0	0	0	0	0	0	0	0	0	0	0	0	0	0	0	0	0	0	0	0	0	0	0	0	0	0	0	0	0	0	0	0	0	0	0	0	0	0	0	0	0	0	0	0	0	0	0	0	0	0	0	0	0	0	0	0	0	0	0	0	0	0	0	0	0	0	0	0	0	0	0	0	0	0	0	0	0
0.000546272493573	2.00835475578e-05	8.83676092545e-05	0	0.0263616645244	0.000168701799486	0.00147011568123	0.00102024421594	0.000799325192802	0.00153036632391	0.00130543059126	0.000554305912596	0.0078125	8.03341902314e-05	0.00154643316195	0.00122911311054	1.60668380463e-05	1.20501285347e-05	0.000124517994859	8.03341902314e-06	0.0106081298201	8.03341902314e-06	0	7.63174807198e-05	0.0127410025707	0	0.000321336760925	0.000136568123393	0.00385202442159	0.00622589974293	2.8116966581e-05	3.61503856041e-05	3.21336760925e-05	0.0020485218509	0.00588046272494	4.01670951157e-06	1.20501285347e-05	0	0	0.00334993573265	4.01670951157e-06	0.00189187017995	0.000261086118252	0.00146609897172	0.0016307840617	0.00786070051414	0.000494055269923	0.00111664524422	0	0.00132551413882	4.41838046272e-05	6.42673521851e-05	1.60668380463e-05	6.82840616967e-05	3.21336760925e-05	0.00615359897172	7.23007712082e-05	2.8116966581e-05	6.82840616967e-05	0.000855559125964	4.01670951157e-06	1.60668380463e-05	6.42673521851e-05	0.00076719151671	0.000598489717224	5.6233933162e-05	0	0	0	0.000321336760925	0.00214492287918	3.21336760925e-05	0.00449068123393	0.00251044344473	0.00148216580977	8.43508997429e-05	3.21336760925e-05	0.00158660025707	7.63174807198e-05	0.00142994858612	0.000859575835476	0.00292014781491	0.000112467866324	8.03341902314e-06
0.000265102827763	0.000108451156812	0.000148618251928	0	0.000168701799486	0.00980077120823	0.00390825835476	0.000353470437018	0.000317320051414	0.000779241645244	4.01670951157e-06	1.60668380463e-05	3.21336760925e-05	4.01670951157e-06	0.000490038560411	0.000369537275064	0.000401670951157	1.60668380463e-05	0	4.01670951157e-06	0.000317320051414	0.000196818766067	0.000638656812339	0.000534222365039	0.000875642673522	0	3.61503856041e-05	0.000132551413882	0.00110861182519	0.00271931233933	0.00137371465296	0	0.00124517994859	0.00231764138817	0.0041331940874	0	4.01670951157e-06	0	0	8.43508997429e-05	0	4.41838046272e-05	0.00012853470437	6.02506426735e-05	0.00166291773779	0.000120501285347	4.01670951157e-06	1.60668380463e-05	0	0	4.01670951157e-06	8.03341902314e-06	4.01670951157e-06	0	4.01670951157e-06	4.01670951157e-06	0	0.000196818766067	0	0.00143396529563	0	4.01670951157e-06	8.03341902314e-06	0.000939910025707	0	0	0	0	0	4.01670951157e-06	0.00214893958869	2.41002570694e-05	0.00424566195373	0.00381587403599	0.00749116323907	0.00218508997429	8.43508997429e-05	0.0004860218509	1.20501285347e-05	2.8116966581e-05	8.83676092545e-05	0.000172718508997	0	4.01670951157e-06
0.000618573264781	0.000100417737789	0	0	0.00147011568123	0.00390825835476	0.0403317802057	0.0040970437018	0.00903357969152	0.000437821336761	0.00824630462725	0.00112869537275	0.0098610218509	0.000156651670951	0.00540649100257	0.00384399100257	3.61503856041e-05	0	0.000433804627249	0.000253052699229	0.00855157455013	0.000100417737789	0.000228952442159	5.22172236504e-05	0.00208065552699	0	0.000791291773779	0.00012853470437	0.00429386246787	0.00861584190231	0.000867609254499	0.000136568123393	0.00185170308483	0.000763174807198	0.00767994858612	0	0	0	0	4.41838046272e-05	0	1.20501285347e-05	4.01670951157e-06	4.01670951157e-06	0.000317320051414	9.64010282776e-05	0	8.83676092545e-05	0	4.01670951157e-06	1.60668380463e-05	4.01670951157e-06	0	0	0	4.01670951157e-06	0	1.20501285347e-05	0	0.000253052699229	0	0	0	0.000136568123393	0	0	8.03341902314e-06	0	0	0	0.00539444087404	1.20501285347e-05	0.00392030848329	0.00175530205656	0.00667577120823	5.6233933162e-05	0.000120501285347	2.41002570694e-05	0	0	0	1.60668380463e-05	0	0
0.00496866966581	4.01670951157e-06	5.22172236504e-05	0	0.00102024421594	0.000353470437018	0.0040970437018	0.0290769601542	0.00804145244216	8.03341902314e-05	0.00142593187661	0.00165488431877	0.00025706940874	0.000104434447301	0.00897332904884	0.000297236503856	3.61503856041e-05	1.60668380463e-05	0.000530205655527	4.82005141388e-05	0.00271931233933	0.000401670951157	4.01670951157e-06	0.000397654241645	0.00283178020566	0	0.000437821336761	3.21336760925e-05	0.0161270886889	0.00971642030848	0.00829450514139	0.000289203084833	4.01670951157e-05	0.00667577120823	0.00616966580977	0	4.01670951157e-06	0	0	1.20501285347e-05	0	2.00835475578e-05	4.41838046272e-05	8.03341902314e-06	6.82840616967e-05	4.82005141388e-05	0	0	0	0	0	0	8.03341902314e-06	0	0	0	4.01670951157e-06	4.01670951157e-06	0	6.82840616967e-05	0	4.01670951157e-06	0	4.01670951157e-05	0	0	0	0	0	0	0.00102426092545	8.03341902314e-06	0.00216098971722	0.00157856683805	0.000964010282776	0.000160668380463	0	2.8116966581e-05	0	1.60668380463e-05	4.01670951157e-06	4.01670951157e-06	0	0
0.0153157133676	8.03341902314e-06	0.00107246143959	0	0.000799325192802	0.000317320051414	0.00903357969152	0.00804145244216	0.0432720115681	0.00138576478149	0.00179948586118	0.00056233933162	0.00234174164524	0.000249035989717	0.029860218509	0.000791291773779	0.000341420308483	0.000385604113111	5.6233933162e-05	6.42673521851e-05	0.0043741966581	0.0015986503856	0.000104434447301	0.00205253856041	0.00255864395887	0	0.000381587403599	0.000228952442159	0.00448666452442	0.0228349935733	0.0118774100257	4.01670951157e-06	0.00130944730077	0.00872027634961	0.00926253213368	0.000196818766067	8.03341902314e-06	8.03341902314e-06	0	0.000413721079692	0	1.60668380463e-05	0.00112066195373	0.000437821336761	0.00297236503856	0.000349453727506	4.01670951157e-05	3.21336760925e-05	0	0.000289203084833	4.01670951157e-06	2.41002570694e-05	4.01670951157e-06	2.41002570694e-05	2.00835475578e-05	0	8.03341902314e-06	6.42673521851e-05	0	0.00290408097686	0	1.20501285347e-05	8.03341902314e-06	0.00181153598972	0.000112467866324	1.20501285347e-05	0	0	0	4.01670951157e-06	0.00441436375321	0.000132551413882	0.0056233933162	0.0029844151671	0.000755141388175	0.000140584832905	0.000345437017995	0.000401670951157	2.00835475578e-05	0.000104434447301	0.000313303341902	8.03341902314e-05	0	4.01670951157e-06
0.00206057197943	0.00366323907455	0.000224935732648	0	0.00153036632391	0.000779241645244	0.000437821336761	8.03341902314e-05	0.00138576478149	0.0250562339332	0	1.60668380463e-05	0.0037516066838	0.000116484575835	0.00224132390746	0.00118492930591	0.00104836118252	0.000156651670951	0	1.20501285347e-05	0.00074309125964	0.00158660025707	0.0102024421594	0.00159463367609	0.00676815552699	0.000678823907455	7.23007712082e-05	0.00418541131105	0.000574389460154	0.00339813624679	0.00358692159383	4.01670951157e-06	3.21336760925e-05	0.00346642030848	0.00486423521851	6.02506426735e-05	3.21336760925e-05	0	0	0.000618573264781	0	1.20501285347e-05	0.00117689588689	0.000630623393316	0.00901349614396	0.000662757069409	3.21336760925e-05	6.42673521851e-05	0	0.000245019280206	0	7.23007712082e-05	2.41002570694e-05	3.21336760925e-05	3.21336760925e-05	8.03341902314e-06	8.03341902314e-06	0.00212483933162	5.22172236504e-05	0.00700514138817	0	1.60668380463e-05	7.23007712082e-05	0.00488833547558	1.20501285347e-05	4.41838046272e-05	0	0	0	8.03341902314e-06	0.00166291773779	2.8116966581e-05	0.00481603470437	0.00466339974293	0.0035748714653	0.000935893316195	0	0.00212885604113	0.000124517994859	4.01670951157e-05	0.000180751928021	4.82005141388e-05	0	0
0.000594473007712	0	1.20501285347e-05	0	0.00130543059126	4.01670951157e-06	0.00824630462725	0.00142593187661	0.00179948586118	0	0.0248071979434	0.00106844473008	0.00681233933162	0.000108451156812	0.0028116966581	5.6233933162e-05	0	1.60668380463e-05	0.000417737789203	0.000301253213368	0.00731844473008	4.01670951157e-06	0	8.03341902314e-06	0.000494055269923	4.01670951157e-06	0.00081940874036	3.21336760925e-05	0.00132551413882	0.0026028277635	2.00835475578e-05	0.000104434447301	2.00835475578e-05	4.41838046272e-05	0.00161070051414	0	4.01670951157e-06	4.01670951157e-06	0	0.000116484575835	0	0.00281973007712	0.000381587403599	0.00313705012853	0.000116484575835	0.00672798843188	0.000377570694087	0.00234977506427	0	0.00115279562982	4.01670951157e-06	4.01670951157e-06	0	9.23843187661e-05	3.21336760925e-05	0.000558322622108	4.01670951157e-06	0	4.01670951157e-06	6.82840616967e-05	4.01670951157e-06	4.01670951157e-05	4.82005141388e-05	0.000361503856041	0.000381587403599	3.21336760925e-05	8.03341902314e-06	0	0	0.000381587403599	0.000224935732648	1.20501285347e-05	0.000277152956298	0.000144601542416	4.01670951157e-05	1.60668380463e-05	1.20501285347e-05	0.000445854755784	7.23007712082e-05	0.00110057840617	0.000325353470437	0.00081940874036	0.000172718508997	3.21336760925e-05
0.000433804627249	4.41838046272e-05	0.000176735218509	0	0.000554305912596	1.60668380463e-05	0.00112869537275	0.00165488431877	0.00056233933162	1.60668380463e-05	0.00106844473008	0.0338287275064	0.0057278277635	0.00814187017995	0.0074991966581	7.63174807198e-05	0	0.00103229434447	0.0071858933162	0.00608531491003	0.00577201156812	0.000325353470437	1.60668380463e-05	0.000847525706941	0.0016669344473	0.00228550771208	0.0152152956298	0.0018758033419	0.00171915167095	0.0125803341902	0.00140183161954	0.00261487789203	0.000245019280206	0.00279964652956	0.0203366002571	0	4.01670951157e-06	1.60668380463e-05	0	0	0	1.20501285347e-05	1.60668380463e-05	1.60668380463e-05	1.60668380463e-05	2.00835475578e-05	0.000718991002571	4.01670951157e-06	0.000381587403599	8.03341902314e-06	0	1.60668380463e-05	1.60668380463e-05	0	2.41002570694e-05	4.01670951157e-06	0.000156651670951	0	0.000132551413882	1.60668380463e-05	0.000293219794344	9.64010282776e-05	0.000148618251928	5.6233933162e-05	0	4.01670951157e-05	2.8116966581e-05	0	0	5.6233933162e-05	0.00191195372751	0.00171111825193	0.00359897172237	0.000473971722365	0.000224935732648	0.000100417737789	0.000353470437018	0.000389620822622	0.000899742930591	2.8116966581e-05	1.20501285347e-05	4.01670951157e-06	1.20501285347e-05	0.000124517994859
0.00218508997429	0	4.82005141388e-05	0	0.0078125	3.21336760925e-05	0.0098610218509	0.00025706940874	0.00234174164524	0.0037516066838	0.00681233933162	0.0057278277635	0.0417978791774	0.00112066195373	0.00839492287918	0.0027434125964	3.21336760925e-05	8.03341902314e-06	0.0015625	0.000630623393316	0.0248674485861	8.03341902314e-06	8.03341902314e-06	0.000156651670951	0.0128494537275	4.01670951157e-06	0.00313303341902	0.000289203084833	0.00131748071979	0.0167135282776	0.000180751928021	0.000915809768638	0.000112467866324	0.00251446015424	0.0146891066838	0	0	0	0	0.00028116966581	0	0.00066677377892	2.8116966581e-05	0.000144601542416	0.000550289203085	0.000646690231362	5.22172236504e-05	0.00122911311054	4.01670951157e-06	4.82005141388e-05	8.03341902314e-06	0	4.01670951157e-06	0	4.01670951157e-06	0.00112869537275	4.01670951157e-06	0	0	0.000309286632391	0	0	0	5.22172236504e-05	8.03341902314e-06	4.01670951157e-06	2.8116966581e-05	0	0	6.02506426735e-05	0.00265102827763	0.000124517994859	0.00600096401028	0.00222927377892	0.00167898457584	1.60668380463e-05	0.000309286632391	0.000269119537275	2.41002570694e-05	0.000249035989717	0.000112467866324	0.000490038560411	0.000108451156812	1.20501285347e-05
8.03341902314e-05	0.00135764781491	2.00835475578e-05	0	8.03341902314e-05	4.01670951157e-06	0.000156651670951	0.000104434447301	0.000249035989717	0.000116484575835	0.000108451156812	0.00814187017995	0.00112066195373	0.0315231362468	0.00153839974293	1.20501285347e-05	0	4.01670951157e-05	0.000104434447301	5.22172236504e-05	0.00109656169666	8.03341902314e-06	0.000116484575835	6.82840616967e-05	0.000293219794344	0.0171995501285	0.00356282133676	0.0119135604113	0.000132551413882	0.00269521208226	0.000100417737789	0.00748312982005	8.43508997429e-05	0.000265102827763	0.00330173521851	0	0.000136568123393	0	0	0	0	4.01670951157e-06	4.01670951157e-06	8.03341902314e-06	8.03341902314e-06	4.01670951157e-06	0.00573987789203	4.01670951157e-06	0.00234977506427	4.01670951157e-06	0	0	5.6233933162e-05	0.000811375321337	0.000477988431877	0	0	4.01670951157e-06	0	0	0.00455093187661	0.00575192802057	0.000514138817481	0	0	0	0.000140584832905	0	0	8.03341902314e-05	0.00129739717224	0.00187178663239	0.000827442159383	6.82840616967e-05	4.82005141388e-05	4.01670951157e-06	0.000220919023136	8.03341902314e-05	0.00790488431877	2.41002570694e-05	4.01670951157e-06	4.01670951157e-06	2.00835475578e-05	0.000783258354756
0.0323666452442	0.000220919023136	0.00486423521851	0	0.00154643316195	0.000490038560411	0.00540649100257	0.00897332904884	0.029860218509	0.00224132390746	0.0028116966581	0.0074991966581	0.00839492287918	0.00153839974293	0.0696577763496	0.000602506426735	0.000755141388175	0.00347847043702	0.00184768637532	0.00101221079692	0.0115721401028	0.00683242287918	0.000530205655527	0.00827442159383	0.00733451156812	4.01670951157e-06	0.00414122750643	0.00108049485861	0.00904562982005	0.0581097365039	0.0308402956298	0.000875642673522	0.00226140745501	0.0268075192802	0.0260001606684	0.000212885604113	1.20501285347e-05	8.03341902314e-06	0	0.000566356041131	0	9.23843187661e-05	0.00127731362468	0.000502088688946	0.00408901028278	0.000441838046272	5.6233933162e-05	0.000180751928021	4.01670951157e-06	0.00033338688946	1.60668380463e-05	2.00835475578e-05	4.01670951157e-06	3.61503856041e-05	3.61503856041e-05	3.61503856041e-05	1.20501285347e-05	8.03341902314e-05	1.20501285347e-05	0.00392834190231	4.01670951157e-06	1.60668380463e-05	3.21336760925e-05	0.00211278920308	0.00012853470437	2.00835475578e-05	0	0	0	1.60668380463e-05	0.00718991002571	0.000245019280206	0.00949148457584	0.0053141066838	0.00218508997429	0.000803341902314	0.000510122107969	0.000787275064267	4.01670951157e-05	0.000184768637532	0.000510122107969	0.000216902313625	4.01670951157e-06	8.03341902314e-06
6.02506426735e-05	4.01670951157e-06	1.20501285347e-05	0	0.00122911311054	0.000369537275064	0.00384399100257	0.000297236503856	0.000791291773779	0.00118492930591	5.6233933162e-05	7.63174807198e-05	0.0027434125964	1.20501285347e-05	0.000602506426735	0.00810973650386	3.21336760925e-05	0	1.20501285347e-05	0	0.000827442159383	0	4.41838046272e-05	3.21336760925e-05	0.00165086760925	0	5.6233933162e-05	1.60668380463e-05	0.000739074550129	0.00117689588689	0.000140584832905	4.01670951157e-06	4.82005141388e-05	0.000377570694087	0.00113672879177	0	0	0	0	2.00835475578e-05	0	2.8116966581e-05	5.22172236504e-05	4.01670951157e-06	0.000176735218509	6.42673521851e-05	0	8.03341902314e-06	0	0	0	4.01670951157e-06	0	0	0	4.01670951157e-06	0	4.01670951157e-06	4.01670951157e-06	0.000160668380463	0	0	0	6.42673521851e-05	0	0	0	0	0	0	0.00167496786632	2.8116966581e-05	0.000968026992288	0.000723007712082	0.00329370179949	4.01670951157e-06	8.03341902314e-06	4.01670951157e-05	4.01670951157e-06	8.03341902314e-06	8.03341902314e-06	2.41002570694e-05	0	0
0.00066677377892	0.00307679948586	0.000273136246787	0	1.60668380463e-05	0.000401670951157	3.61503856041e-05	3.61503856041e-05	0.000341420308483	0.00104836118252	0	0	3.21336760925e-05	0	0.000755141388175	3.21336760925e-05	0.0246866966581	0.000313303341902	0	2.8116966581e-05	4.41838046272e-05	0.00301253213368	0.00731844473008	0.0121505462725	0.00837885604113	8.03341902314e-06	3.61503856041e-05	0.00509318766067	0.00139781491003	0.00144199871465	0.00254257712082	0	8.03341902314e-05	0.00138576478149	0.00280767994859	0	0	0	0	4.01670951157e-05	0	8.03341902314e-06	1.20501285347e-05	0	0.000277152956298	4.01670951157e-05	0	0	0	0	0	0.00234575835476	1.20501285347e-05	0	0	4.01670951157e-06	0.000992127249357	0.00245822622108	0.000317320051414	0.00100016066838	0	0	0	0.00056233933162	0	0	0	0	0	0	0.00314106683805	4.01670951157e-05	0.00555912596401	0.00237789203085	0.00112066195373	0.000903759640103	0	0.000172718508997	4.01670951157e-06	1.20501285347e-05	8.03341902314e-06	1.20501285347e-05	0	0
0.00347445372751	0.000469955012853	0.0129739717224	0	1.20501285347e-05	1.60668380463e-05	0	1.60668380463e-05	0.000385604113111	0.000156651670951	1.60668380463e-05	0.00103229434447	8.03341902314e-06	4.01670951157e-05	0.00347847043702	0	0.000313303341902	0.0316597043702	0.000325353470437	0.00422156169666	2.41002570694e-05	0.00412516066838	0.000208868894602	0.0153036632391	0.000373553984576	4.01670951157e-06	0.0123031812339	0.00868814267352	0.000116484575835	0.00383595758355	0.00435411311054	4.01670951157e-06	0	0.00326960154242	0.0121947300771	0	0.000188785347044	2.8116966581e-05	0	2.8116966581e-05	0	4.01670951157e-06	1.60668380463e-05	1.60668380463e-05	8.43508997429e-05	4.01670951157e-05	0	4.01670951157e-06	0	0	8.03341902314e-06	6.42673521851e-05	8.03341902314e-05	0	8.03341902314e-06	1.20501285347e-05	9.64010282776e-05	0.000293219794344	0.00020485218509	0.000108451156812	4.01670951157e-06	8.03341902314e-06	0.000245019280206	0.000136568123393	0	1.60668380463e-05	0	0	0	1.60668380463e-05	0.0013536311054	0.000220919023136	0.00618573264781	0.00492046915167	0.0010081940874	0.00223329048843	1.60668380463e-05	0.000618573264781	2.41002570694e-05	0.000196818766067	0.000124517994859	2.41002570694e-05	1.20501285347e-05	0
0.000120501285347	8.03341902314e-06	5.22172236504e-05	0	0.000124517994859	0	0.000433804627249	0.000530205655527	5.6233933162e-05	0	0.000417737789203	0.0071858933162	0.0015625	0.000104434447301	0.00184768637532	1.20501285347e-05	0	0.000325353470437	0.00870822622108	0.00179546915167	0.00159061696658	0.000144601542416	8.03341902314e-06	0.000293219794344	0.000425771208226	4.01670951157e-06	0.00494055269923	9.64010282776e-05	0.000566356041131	0.003297718509	0.0004860218509	6.82840616967e-05	0	0.000815392030848	0.0050008033419	0	0	8.03341902314e-06	0	0	0	0	0	0	0	0	4.01670951157e-06	0	0	0	0	0	4.01670951157e-06	0	0	0	8.03341902314e-06	0	4.01670951157e-06	0	0	0	4.01670951157e-06	0	0	4.01670951157e-06	0	0	0	4.01670951157e-06	0.000393637532134	0.000365520565553	0.000465938303342	0.000112467866324	3.21336760925e-05	4.82005141388e-05	0	2.00835475578e-05	4.01670951157e-06	8.03341902314e-06	8.03341902314e-06	0	0	4.01670951157e-06
0.000341420308483	0.000104434447301	0.000253052699229	0	8.03341902314e-06	4.01670951157e-06	0.000253052699229	4.82005141388e-05	6.42673521851e-05	1.20501285347e-05	0.000301253213368	0.00608531491003	0.000630623393316	5.22172236504e-05	0.00101221079692	0	2.8116966581e-05	0.00422156169666	0.00179546915167	0.0182840616967	0.000670790488432	0.000232969151671	1.20501285347e-05	0.00100417737789	0.000104434447301	0	0.0145123714653	0.00549887532134	6.02506426735e-05	0.00153036632391	0.000417737789203	2.41002570694e-05	0	0.000469955012853	0.0133836760925	0	4.41838046272e-05	4.01670951157e-06	0	2.41002570694e-05	0	8.03341902314e-06	3.21336760925e-05	1.20501285347e-05	4.01670951157e-05	2.41002570694e-05	4.01670951157e-06	0	0	8.03341902314e-06	0	1.60668380463e-05	3.21336760925e-05	0	4.01670951157e-06	1.20501285347e-05	8.83676092545e-05	4.82005141388e-05	0.000120501285347	0.000136568123393	0	1.20501285347e-05	0.000208868894602	0.000160668380463	4.01670951157e-06	4.82005141388e-05	0	0	0	4.01670951157e-05	0.00339010282776	0.00172718508997	0.00279964652956	0.00135764781491	3.61503856041e-05	2.41002570694e-05	4.01670951157e-06	0.000630623393316	3.21336760925e-05	7.63174807198e-05	3.61503856041e-05	1.20501285347e-05	0	0
0.00429787917738	4.01670951157e-06	6.82840616967e-05	0	0.0106081298201	0.000317320051414	0.00855157455013	0.00271931233933	0.0043741966581	0.00074309125964	0.00731844473008	0.00577201156812	0.0248674485861	0.00109656169666	0.0115721401028	0.000827442159383	4.41838046272e-05	2.41002570694e-05	0.00159061696658	0.000670790488432	0.0390866002571	2.8116966581e-05	1.20501285347e-05	0.000224935732648	0.0124236825193	4.01670951157e-06	0.00306876606684	0.000285186375321	0.00400064267352	0.0207864717224	0.000265102827763	0.000927859897172	0.000116484575835	0.00602506426735	0.0176454048843	0	4.01670951157e-06	0	0	0.000220919023136	4.01670951157e-06	0.000164685089974	0.000216902313625	5.6233933162e-05	0.000759158097686	0.0004860218509	1.60668380463e-05	0.000120501285347	4.01670951157e-06	3.21336760925e-05	8.03341902314e-06	8.03341902314e-06	1.20501285347e-05	0	4.01670951157e-06	0.000373553984576	8.03341902314e-06	1.20501285347e-05	1.20501285347e-05	0.000558322622108	0	0	0	0.000241002570694	1.60668380463e-05	4.01670951157e-06	2.8116966581e-05	0	0	1.60668380463e-05	0.00289203084833	0.000140584832905	0.00865199228792	0.00422557840617	0.00131748071979	0.000184768637532	0.000305269922879	0.000289203084833	1.20501285347e-05	9.64010282776e-05	7.23007712082e-05	0.000277152956298	1.60668380463e-05	0
0.00669183804627	0.00178341902314	0.00608933161954	0	8.03341902314e-06	0.000196818766067	0.000100417737789	0.000401670951157	0.0015986503856	0.00158660025707	4.01670951157e-06	0.000325353470437	8.03341902314e-06	8.03341902314e-06	0.00683242287918	0	0.00301253213368	0.00412516066838	0.000144601542416	0.000232969151671	2.8116966581e-05	0.0436616323907	0.00426172879177	0.0297557840617	0.00303663239075	0	0.00134559768638	0.00236985861183	0.00894521208226	0.011801092545	0.0178984575835	1.20501285347e-05	2.00835475578e-05	0.00966821979434	0.00886487789203	1.60668380463e-05	8.03341902314e-06	4.01670951157e-06	0	0.00040970437018	0	4.01670951157e-05	0.000220919023136	0.000120501285347	0.00330173521851	0.000148618251928	4.01670951157e-06	2.41002570694e-05	0	3.21336760925e-05	8.03341902314e-06	0.000955976863753	0	8.03341902314e-06	8.03341902314e-06	4.01670951157e-06	4.41838046272e-05	0.00146208226221	3.61503856041e-05	0.00321738431877	0	0	3.21336760925e-05	0.00216902313625	0	2.8116966581e-05	0	0	0	4.01670951157e-06	0.000779241645244	0.000236985861183	0.00444649742931	0.00254257712082	0.000714974293059	0.00074309125964	6.82840616967e-05	0.000931876606684	4.01670951157e-05	7.63174807198e-05	0.000337403598972	0.000120501285347	0	0
0.00046192159383	0.0104313946015	0.000429787917738	0	0	0.000638656812339	0.000228952442159	4.01670951157e-06	0.000104434447301	0.0102024421594	0	1.60668380463e-05	8.03341902314e-06	0.000116484575835	0.000530205655527	4.41838046272e-05	0.00731844473008	0.000208868894602	8.03341902314e-06	1.20501285347e-05	1.20501285347e-05	0.00426172879177	0.0294625642674	0.00547477506427	0.0037837403599	0.00069087403599	4.82005141388e-05	0.0142713688946	0.00147011568123	0.000903759640103	0.00182760282776	8.03341902314e-06	4.01670951157e-05	0.000815392030848	0.00227345758355	0	1.20501285347e-05	4.01670951157e-06	0	0.000417737789203	0	2.00835475578e-05	0.000232969151671	0.000192802056555	0.0040287596401	0.000180751928021	4.01670951157e-06	0.000112467866324	0	1.60668380463e-05	8.03341902314e-06	0.00411311053985	1.20501285347e-05	4.01670951157e-06	4.01670951157e-06	8.03341902314e-06	0.00104836118252	0.0065271529563	0.000566356041131	0.00308081619537	0	1.20501285347e-05	8.03341902314e-05	0.00228149100257	0	2.00835475578e-05	0	0	0	0	0.00104434447301	4.01670951157e-05	0.00422557840617	0.00406491002571	0.00225337403599	0.000775224935733	0	0.000494055269923	6.02506426735e-05	1.20501285347e-05	4.01670951157e-05	3.21336760925e-05	0	0
0.00808161953728	0.00175931876607	0.0237347365039	0	7.63174807198e-05	0.000534222365039	5.22172236504e-05	0.000397654241645	0.00205253856041	0.00159463367609	8.03341902314e-06	0.000847525706941	0.000156651670951	6.82840616967e-05	0.00827442159383	3.21336760925e-05	0.0121505462725	0.0153036632391	0.000293219794344	0.00100417737789	0.000224935732648	0.0297557840617	0.00547477506427	0.0919746143959	0.00199630462725	2.00835475578e-05	0.00322140102828	0.0135122107969	0.00813383676093	0.013198907455	0.0156772172237	3.61503856041e-05	8.03341902314e-06	0.0105960796915	0.0244215938303	0.000104434447301	4.01670951157e-05	2.8116966581e-05	0	0.000473971722365	0	5.6233933162e-05	0.000397654241645	0.000184768637532	0.00388415809769	0.000200835475578	4.01670951157e-05	6.02506426735e-05	0	0.000140584832905	2.41002570694e-05	0.00675208868895	9.23843187661e-05	4.41838046272e-05	5.22172236504e-05	2.00835475578e-05	0.0022212403599	0.00824630462725	0.0024662596401	0.00424566195373	0	6.02506426735e-05	0.000164685089974	0.003297718509	0	3.61503856041e-05	0	0	0	1.60668380463e-05	0.00704530848329	0.000550289203085	0.0219874678663	0.0126928020566	0.00678823907455	0.00502088688946	8.03341902314e-05	0.00234174164524	0.000245019280206	0.000265102827763	0.000196818766067	0.000184768637532	4.01670951157e-06	0
0.00421754498715	0.00137773136247	0.000389620822622	0	0.0127410025707	0.000875642673522	0.00208065552699	0.00283178020566	0.00255864395887	0.00676815552699	0.000494055269923	0.0016669344473	0.0128494537275	0.000293219794344	0.00733451156812	0.00165086760925	0.00837885604113	0.000373553984576	0.000425771208226	0.000104434447301	0.0124236825193	0.00303663239075	0.0037837403599	0.00199630462725	0.0508836760925	0	0.00079530848329	0.0018758033419	0.00904562982005	0.0162034061697	0.00860379177378	0.000220919023136	0.000241002570694	0.0100056233933	0.0147091902314	3.21336760925e-05	0	4.01670951157e-06	0	0.00163480077121	0	0.000184768637532	0.000465938303342	8.83676092545e-05	0.00467544987147	0.000931876606684	1.20501285347e-05	0.000385604113111	4.01670951157e-06	1.20501285347e-05	4.82005141388e-05	1.20501285347e-05	1.20501285347e-05	0	0	0.000120501285347	8.03341902314e-06	2.00835475578e-05	8.03341902314e-06	0.00489235218509	0	8.03341902314e-06	8.03341902314e-06	0.00216500642674	2.41002570694e-05	0	4.01670951157e-06	0	0	0	0.00524983933162	6.02506426735e-05	0.009202281491	0.00559527634961	0.00412516066838	0.000911793059126	0.000269119537275	0.00154241645244	1.60668380463e-05	6.42673521851e-05	0.000626606683805	0.000301253213368	0	0
4.01670951157e-06	0.004860218509	4.01670951157e-06	0	0	0	0	0	0	0.000678823907455	4.01670951157e-06	0.00228550771208	4.01670951157e-06	0.0171995501285	4.01670951157e-06	0	8.03341902314e-06	4.01670951157e-06	4.01670951157e-06	0	4.01670951157e-06	0	0.00069087403599	2.00835475578e-05	0	0.0250241002571	0.00230157455013	0.0141789845758	0	1.60668380463e-05	0	0.00337001928021	4.01670951157e-06	1.20501285347e-05	2.8116966581e-05	0	0.00119296272494	0	0	4.01670951157e-06	0	8.03341902314e-06	4.01670951157e-06	1.20501285347e-05	4.01670951157e-05	8.03341902314e-06	0.00551092544987	4.01670951157e-06	0.00238592544987	4.01670951157e-06	0	4.01670951157e-06	0.000232969151671	0.000662757069409	0.00116886246787	0	0	4.01670951157e-06	0	1.20501285347e-05	0.00514540488432	0.00665167095116	0.00136166452442	1.60668380463e-05	0	0	5.6233933162e-05	0	0	0.000301253213368	3.61503856041e-05	5.22172236504e-05	4.01670951157e-06	0	0	0	4.01670951157e-06	0.000285186375321	0.00728631105398	9.23843187661e-05	4.01670951157e-06	4.01670951157e-06	0	0.00089572622108
0.00135764781491	0.0104715616967	0.00988913881748	0	0.000321336760925	3.61503856041e-05	0.000791291773779	0.000437821336761	0.000381587403599	7.23007712082e-05	0.00081940874036	0.0152152956298	0.00313303341902	0.00356282133676	0.00414122750643	5.6233933162e-05	3.61503856041e-05	0.0123031812339	0.00494055269923	0.0145123714653	0.00306876606684	0.00134559768638	4.82005141388e-05	0.00322140102828	0.00079530848329	0.00230157455013	0.0783258354756	0.0395284383033	0.000554305912596	0.00685250642674	0.00157856683805	0.00368733933162	4.01670951157e-06	0.00172718508997	0.0211238753213	8.03341902314e-06	0.00726221079692	0.000622589974293	0	3.61503856041e-05	0	6.82840616967e-05	0.000598489717224	0.000413721079692	0.000518155526992	0.000156651670951	0.000968026992288	0	0	0.000265102827763	4.01670951157e-06	0.000172718508997	0.00296433161954	0.000502088688946	0.00178743573265	7.23007712082e-05	0.000915809768638	0.000393637532134	0.00255061053985	0.000361503856041	0.000212885604113	0.00162275064267	0.00338608611825	0.000546272493573	1.20501285347e-05	0.000265102827763	4.01670951157e-06	0	0	0.00141789845758	0.0108129820051	0.00846320694087	0.0064588688946	0.00238592544987	0.000232969151671	0.000224935732648	4.01670951157e-05	0.00353470437018	0.00247027634961	0.000642673521851	0.000341420308483	0.000164685089974	4.82005141388e-05	0
0.000779241645244	0.0476341580977	0.0357607647815	0	0.000136568123393	0.000132551413882	0.00012853470437	3.21336760925e-05	0.000228952442159	0.00418541131105	3.21336760925e-05	0.0018758033419	0.000289203084833	0.0119135604113	0.00108049485861	1.60668380463e-05	0.00509318766067	0.00868814267352	9.64010282776e-05	0.00549887532134	0.000285186375321	0.00236985861183	0.0142713688946	0.0135122107969	0.0018758033419	0.0141789845758	0.0395284383033	0.140681233933	0.00087162596401	0.00161070051414	0.00131748071979	0.00216500642674	8.03341902314e-06	0.00109656169666	0.012656651671	1.20501285347e-05	0.0219111503856	0.00108451156812	0	0.000156651670951	0	8.03341902314e-05	0.000638656812339	0.000441838046272	0.00109254498715	0.000184768637532	0.00220517352185	2.8116966581e-05	0.000365520565553	0.000289203084833	1.20501285347e-05	0.0102104755784	0.00488431876607	0.00112467866324	0.00293219794344	9.23843187661e-05	0.00299244858612	0.0161190552699	0.0100538239075	0.00112467866324	0.00273939588689	0.00841500642674	0.0165809768638	0.00112066195373	1.20501285347e-05	0.00025706940874	1.60668380463e-05	0	0	0.00160668380463	0.0171433161954	0.0048963688946	0.0165367930591	0.0108571658098	0.00341420308483	0.00118492930591	5.22172236504e-05	0.00573987789203	0.00570774421594	0.000919826478149	0.000417737789203	0.000301253213368	8.43508997429e-05	1.20501285347e-05
0.00368332262211	0.000658740359897	0.00132149742931	0	0.00385202442159	0.00110861182519	0.00429386246787	0.0161270886889	0.00448666452442	0.000574389460154	0.00132551413882	0.00171915167095	0.00131748071979	0.000132551413882	0.00904562982005	0.000739074550129	0.00139781491003	0.000116484575835	0.000566356041131	6.02506426735e-05	0.00400064267352	0.00894521208226	0.00147011568123	0.00813383676093	0.00904562982005	0	0.000554305912596	0.00087162596401	0.0470838688946	0.0145605719794	0.018388496144	0.000297236503856	0.000120501285347	0.0127289524422	0.0117006748072	1.60668380463e-05	0	4.01670951157e-06	0	0.0018396529563	0	0.000433804627249	0.000951960154242	8.03341902314e-05	0.00452683161954	0.00285588046272	4.01670951157e-06	8.03341902314e-05	0	1.20501285347e-05	0	0.000385604113111	8.03341902314e-06	0	0	3.21336760925e-05	2.41002570694e-05	0.000425771208226	2.00835475578e-05	0.0044786311054	0	4.01670951157e-06	8.03341902314e-06	0.00338608611825	1.20501285347e-05	8.03341902314e-06	0	0	0	0	0.00460314910026	0.000168701799486	0.00727426092545	0.00553904241645	0.00422156169666	0.000682840616967	5.6233933162e-05	0.000261086118252	0	3.61503856041e-05	3.61503856041e-05	5.6233933162e-05	0	0
0.0322099935733	0.000341420308483	0.00502088688946	0	0.00622589974293	0.00271931233933	0.00861584190231	0.00971642030848	0.0228349935733	0.00339813624679	0.0026028277635	0.0125803341902	0.0167135282776	0.00269521208226	0.0581097365039	0.00117689588689	0.00144199871465	0.00383595758355	0.003297718509	0.00153036632391	0.0207864717224	0.011801092545	0.000903759640103	0.013198907455	0.0162034061697	1.60668380463e-05	0.00685250642674	0.00161070051414	0.0145605719794	0.107587564267	0.0472646208226	0.00172718508997	0.00369938946015	0.051389781491	0.0608611825193	0.000345437017995	3.21336760925e-05	2.41002570694e-05	0	0.00178743573265	0	0.000598489717224	0.00261086118252	0.000919826478149	0.0135925449871	0.00144601542416	0.000136568123393	0.000803341902314	4.01670951157e-06	0.000494055269923	2.8116966581e-05	7.63174807198e-05	3.61503856041e-05	9.23843187661e-05	9.23843187661e-05	0.000212885604113	2.00835475578e-05	0.000180751928021	4.01670951157e-05	0.0120340616967	4.01670951157e-06	5.6233933162e-05	9.64010282776e-05	0.00443444730077	0.000148618251928	3.21336760925e-05	2.8116966581e-05	0	0	4.01670951157e-05	0.0129056876607	0.000421754498715	0.0271810732648	0.0151269280206	0.0075353470437	0.00143798200514	0.000931876606684	0.00459511568123	0.000253052699229	0.000453888174807	0.00110459511568	0.0019802377892	4.01670951157e-06	8.03341902314e-06
0.0283981362468	0.000626606683805	0.00700514138817	0	2.8116966581e-05	0.00137371465296	0.000867609254499	0.00829450514139	0.0118774100257	0.00358692159383	2.00835475578e-05	0.00140183161954	0.000180751928021	0.000100417737789	0.0308402956298	0.000140584832905	0.00254257712082	0.00435411311054	0.0004860218509	0.000417737789203	0.000265102827763	0.0178984575835	0.00182760282776	0.0156772172237	0.00860379177378	0	0.00157856683805	0.00131748071979	0.018388496144	0.0472646208226	0.0689990359897	0.00025706940874	9.23843187661e-05	0.0402393958869	0.0206217866324	0.000293219794344	1.20501285347e-05	1.20501285347e-05	0	0.00210073907455	0	0.000393637532134	0.00224935732648	0.000771208226221	0.0107326478149	0.00126526349614	0.000108451156812	0.000482005141388	0	0.000381587403599	1.60668380463e-05	8.03341902314e-06	8.03341902314e-06	6.02506426735e-05	4.01670951157e-05	8.03341902314e-05	3.21336760925e-05	0.000168701799486	2.8116966581e-05	0.0105518958869	0	3.21336760925e-05	6.42673521851e-05	0.00428984575835	0.000172718508997	2.41002570694e-05	0	0	0	2.00835475578e-05	0.00238994215938	8.83676092545e-05	0.00796111825193	0.00620581619537	0.0047557840617	0.00142593187661	1.20501285347e-05	0.0030205655527	7.63174807198e-05	0.000297236503856	0.000996143958869	0.00129338046272	4.01670951157e-06	4.01670951157e-06
7.63174807198e-05	6.42673521851e-05	8.03341902314e-06	0	3.61503856041e-05	0	0.000136568123393	0.000289203084833	4.01670951157e-06	4.01670951157e-06	0.000104434447301	0.00261487789203	0.000915809768638	0.00748312982005	0.000875642673522	4.01670951157e-06	0	4.01670951157e-06	6.82840616967e-05	2.41002570694e-05	0.000927859897172	1.20501285347e-05	8.03341902314e-06	3.61503856041e-05	0.000220919023136	0.00337001928021	0.00368733933162	0.00216500642674	0.000297236503856	0.00172718508997	0.00025706940874	0.00979675449871	0	0.000445854755784	0.00204048843188	0	1.60668380463e-05	0	0	0	0	0	0	0	4.01670951157e-06	0	0.00199228791774	0	0.000385604113111	0	0	0	4.01670951157e-06	0.000132551413882	4.01670951157e-06	0	0	0	0	0	0.00109656169666	0.00163881748072	8.43508997429e-05	0	0	0	4.01670951157e-05	0	0	0	0.00117689588689	0.00161873393316	0.000723007712082	2.00835475578e-05	3.21336760925e-05	0	8.03341902314e-06	2.00835475578e-05	0.00338206940874	0	0	0	1.20501285347e-05	2.8116966581e-05
4.01670951157e-05	4.01670951157e-06	0	0	3.21336760925e-05	0.00124517994859	0.00185170308483	4.01670951157e-05	0.00130944730077	3.21336760925e-05	2.00835475578e-05	0.000245019280206	0.000112467866324	8.43508997429e-05	0.00226140745501	4.82005141388e-05	8.03341902314e-05	0	0	0	0.000116484575835	2.00835475578e-05	4.01670951157e-05	8.03341902314e-06	0.000241002570694	4.01670951157e-06	4.01670951157e-06	8.03341902314e-06	0.000120501285347	0.00369938946015	9.23843187661e-05	0	0.0061455655527	0.000104434447301	0.00300449871465	0	0	0	0	0	0	4.01670951157e-06	4.01670951157e-06	4.01670951157e-06	7.63174807198e-05	0	4.01670951157e-06	1.60668380463e-05	4.01670951157e-06	0	0	4.01670951157e-06	0	0	0	4.01670951157e-06	0	1.20501285347e-05	0	6.02506426735e-05	4.01670951157e-06	0	0	3.21336760925e-05	0	0	0	0	0	0	0.000943926735219	4.01670951157e-06	0.00129739717224	0.000365520565553	0.000490038560411	0.000116484575835	0.000253052699229	2.00835475578e-05	4.01670951157e-06	0	0	2.00835475578e-05	0	4.01670951157e-06
