0.0172284399778	4.66137445287e-06	6.05978678873e-05	0	0.000214423224832	1.39841233586e-05	0.00121195735775	0.00587333181062	0.00354730595863	0.000386894079588	0.00128653934899	0	0.000564026308797	0	0.00649329461285	5.12751189816e-05	0.000172470854756	3.26296211701e-05	0	1.39841233586e-05	0.000410200951853	0.000522073938722	0.000270359718267	0.000447491947476	0.00130984622126	0	1.86454978115e-05	2.33068722644e-05	0.00174801541983	0.00775186571512	0.00364053344769	0	2.33068722644e-05	0.00122128010665	0.00185522703224	0	4.66137445287e-06	4.66137445287e-06	0	0	0	0	4.66137445287e-06	0	9.78888635103e-05	9.32274890574e-06	0	4.66137445287e-06	0	0	0	4.66137445287e-06	4.66137445287e-06	0	0	0	0	1.86454978115e-05	9.32274890574e-06	6.99206167931e-05	0	0	0	2.33068722644e-05	0	4.66137445287e-06	0	0	0	0	0.000685222044572	0.000144502608039	0.00107211612416	0.000442830573023	0.000335618960607	7.92433656988e-05	9.32274890574e-06	4.66137445287e-06	0	0	0	4.66137445287e-06	0	0
4.66137445287e-06	0.011126700819	0.00271291993157	0	0	0	0	4.66137445287e-06	0	9.32274890574e-06	0	9.32274890574e-05	0	5.12751189816e-05	4.66137445287e-06	0	0.000144502608039	0.00106745474971	1.39841233586e-05	0.000191116352568	0	0.000214423224832	0.00173869267092	0.0016221583096	0	0.000605978678873	0.00231670310308	0.00475926331638	2.79682467172e-05	2.79682467172e-05	0.000125857110228	0	0	4.66137445287e-06	0.000647931048949	0	0.00206498888262	0.000363587207324	0	0	0	9.32274890574e-06	0	4.66137445287e-06	0	0	9.32274890574e-06	0	4.66137445287e-06	0	0	7.92433656988e-05	0.000111872986869	0	4.19523700758e-05	0	4.66137445287e-05	0.000442830573023	0.000517412564269	4.66137445287e-06	6.52592423402e-05	0.000144502608039	0.000904306643857	1.86454978115e-05	4.66137445287e-06	1.39841233586e-05	0	0	0	0.000205100475926	0.000321634837248	0.00047079881974	0.000522073938722	0.000242391471549	1.39841233586e-05	9.32274890574e-06	4.66137445287e-06	6.52592423402e-05	0.00043816919857	8.85661146046e-05	1.39841233586e-05	0	9.32274890574e-06	4.66137445287e-06
6.05978678873e-05	0.00271291993157	0.0326109756723	0	0	0	1.39841233586e-05	9.78888635103e-05	2.79682467172e-05	3.7290995623e-05	0	0.000219084599285	4.66137445287e-06	5.12751189816e-05	4.19523700758e-05	4.66137445287e-06	0.000377571330683	0.00859091311664	4.66137445287e-06	0.000578010432156	0	0.00154757631835	0.000703867542384	0.0142032079579	6.99206167931e-05	0.000191116352568	0.0100406005715	0.0128980231111	0.000293666590531	0.00013051848468	0.000652592423402	0	0	5.59364934345e-05	0.00363587207324	0	0.000680560670119	0.000107211612416	0	0	0	0	0	0	4.66137445287e-06	0	4.66137445287e-06	0	4.66137445287e-06	0	0	1.86454978115e-05	3.7290995623e-05	0	4.66137445287e-06	0	1.86454978115e-05	0.000195777727021	0.000111872986869	4.66137445287e-06	5.59364934345e-05	7.92433656988e-05	0.000307650713889	4.66137445287e-06	0	0	0	0	0	7.45819912459e-05	0.00176199954319	0.00272224268048	0.00293200453086	0.00125390972782	5.12751189816e-05	9.78888635103e-05	4.19523700758e-05	8.85661146046e-05	0.000149163982492	4.66137445287e-05	1.39841233586e-05	0	0	0
0	0	0	0	0	0	0	0	0	0	0	0	0	0	0	0	0	0	0	0	0	0	0	0	0	0	0	0	0	0	0	0	0	0	0	0	0	0	0	0	0	0	0	0	0	0	0	0	0	0	0	0	0	0	0	0	0	0	0	0	0	0	0	0	0	0	0	0	0	0	0	0	0	0	0	0	0	0	0	0	0	0	0	0
0.000214423224832	0	0	0	0.0150003029893	0	0.000461476070834	0.00144502608039	0.000191116352568	4.19523700758e-05	0.00176666091764	0	0.000988211384009	0	0.000261036969361	0	4.66137445287e-06	4.66137445287e-06	0	0	0.00556568109673	9.32274890574e-06	9.32274890574e-06	9.32274890574e-06	0.00732301926546	0	0	0	0.00484316805653	0.000102550237963	4.66137445287e-05	0	0	2.33068722644e-05	6.05978678873e-05	1.39841233586e-05	0	0	0	0.0021955073673	0	3.7290995623e-05	3.26296211701e-05	0	2.79682467172e-05	0.000312312088342	0	0.000144502608039	0	1.86454978115e-05	0	0	0	0	0	0.0012166187322	0	0	0	8.85661146046e-05	0	0	0	0.000135179859133	0	0	0	0	0	0	3.26296211701e-05	4.66137445287e-06	1.39841233586e-05	4.66137445287e-06	2.33068722644e-05	0	0	4.66137445287e-06	0	0	0	4.66137445287e-06	0	0
1.39841233586e-05	0	0	0	0	0.00648397186394	0.00304387751772	1.39841233586e-05	0.00176199954319	0	9.32274890574e-06	9.32274890574e-06	4.66137445287e-06	0	0.00103948650299	0.000960243137291	0	0	0	0	0	0	0	0	4.66137445287e-06	0	0	0	0	0.000783110908082	0	0	0.0025917241958	0	0.00115135948986	0	0	0	0	0	0	0	0	0	0	0	0	0	0	0	0	0	0	0	0	0	0	0	0	0	0	0	0	0	0	0	0	0	0	0	1.39841233586e-05	0	0.000153825356945	1.86454978115e-05	0.000880999771593	0.00164080380741	0	0	0	0	0	0	0	0
0.00121195735775	0	1.39841233586e-05	0	0.000461476070834	0.00304387751772	0.0402369842772	0.00172936992202	0.0127908114987	6.05978678873e-05	0.013597229279	3.26296211701e-05	0.00798959581222	4.66137445287e-06	0.00553305147556	0.00192514764904	1.86454978115e-05	9.32274890574e-06	0	0	0.00197176139356	2.79682467172e-05	1.86454978115e-05	4.19523700758e-05	0.000745819912459	0	4.66137445287e-06	9.32274890574e-06	0.00141705783367	0.00221415286511	0.000191116352568	0	0.00165478793077	0.000214423224832	0.00165478793077	0	4.66137445287e-06	0	0	0	0	0	9.32274890574e-06	0	9.32274890574e-06	4.66137445287e-06	0	0	0	0	0	4.66137445287e-06	0	0	0	0	0	4.66137445287e-06	0	1.39841233586e-05	0	4.66137445287e-06	4.66137445287e-06	1.39841233586e-05	0	4.66137445287e-06	0	0	0	4.66137445287e-06	0.000219084599285	3.26296211701e-05	0.000675899295666	0.000186454978115	0.00231204172862	0.00084370877597	0	4.66137445287e-06	4.66137445287e-06	0	0	0	0	0
0.00587333181062	4.66137445287e-06	9.78888635103e-05	0	0.00144502608039	1.39841233586e-05	0.00172936992202	0.0382232705135	0.00219084599285	0.00126789385118	0.00600851166975	0	0.0013051848468	0	0.00469400407404	1.86454978115e-05	0.000661915172308	4.19523700758e-05	0	1.39841233586e-05	0.00153359219499	0.00123526423001	0.000792433656988	0.00102550237963	0.00659584485081	0	3.7290995623e-05	6.05978678873e-05	0.0150842077295	0.00299260239874	0.00688018869244	0	9.32274890574e-06	0.000596655929968	0.00153359219499	0	9.32274890574e-06	0	0	4.66137445287e-06	0	0	4.19523700758e-05	0	0.000307650713889	9.32274890574e-06	0	1.86454978115e-05	0	0	0	1.39841233586e-05	0	0	0	9.32274890574e-06	2.33068722644e-05	7.92433656988e-05	4.66137445287e-06	0.000205100475926	0	0	4.66137445287e-06	9.32274890574e-05	0	1.86454978115e-05	0	0	4.66137445287e-06	2.33068722644e-05	0.000703867542384	0.000186454978115	0.000853031524875	0.000330957586154	0.000330957586154	3.26296211701e-05	9.32274890574e-06	2.79682467172e-05	0	4.66137445287e-06	4.66137445287e-06	9.32274890574e-06	0	0
0.00354730595863	0	2.79682467172e-05	0	0.000191116352568	0.00176199954319	0.0127908114987	0.00219084599285	0.0362188794988	0.00013051848468	0.00577078157265	6.05978678873e-05	0.00157554456507	0	0.0179649371414	0.000321634837248	2.79682467172e-05	1.86454978115e-05	0	1.39841233586e-05	0.000554703559892	0.000116534361322	4.19523700758e-05	0.000121195735775	0.000494105692004	0	3.7290995623e-05	1.39841233586e-05	0.000801756405894	0.00474994056748	0.000573349057703	0	0.00262901519142	0.000307650713889	0.00297395690093	0	4.66137445287e-06	0	0	0	0	0	0	0	0	0	0	0	0	0	0	0	4.66137445287e-06	0	0	0	0	4.66137445287e-06	4.66137445287e-06	4.66137445287e-06	0	4.66137445287e-06	4.66137445287e-06	4.66137445287e-06	0	0	0	0	0	0	0.000424185075211	6.05978678873e-05	0.00110940711978	0.00037290995623	0.00123060285556	0.00103948650299	9.32274890574e-06	0	0	0	0	0	0	0
0.000386894079588	9.32274890574e-06	3.7290995623e-05	0	4.19523700758e-05	0	6.05978678873e-05	0.00126789385118	0.00013051848468	0.01473926602	7.45819912459e-05	0	0.000195777727021	0	0.000219084599285	0.000349603083965	0.000806417780347	2.33068722644e-05	0	0	5.59364934345e-05	0.000475460194193	0.00337017372943	0.000550042185439	0.0053512578719	0	9.32274890574e-06	0.000102550237963	0.00242857608995	0.000526735313174	0.00107677749861	0	0	0.000139841233586	0.000452153321929	4.66137445287e-05	4.66137445287e-06	9.32274890574e-06	0	2.33068722644e-05	0	1.39841233586e-05	0.000302989339437	0	0.00175733816873	4.19523700758e-05	0	6.05978678873e-05	0	9.32274890574e-06	4.66137445287e-06	0.000135179859133	0	0	0	6.05978678873e-05	5.59364934345e-05	0.000773788159177	6.99206167931e-05	0.00118398911103	4.66137445287e-06	0	1.39841233586e-05	0.00063394692559	1.39841233586e-05	0.000116534361322	0	0	1.39841233586e-05	7.45819912459e-05	0.000694544793478	0.000121195735775	0.000284343841625	0.000107211612416	0.00156622181616	1.39841233586e-05	9.32274890574e-06	8.85661146046e-05	4.66137445287e-06	3.26296211701e-05	1.39841233586e-05	1.39841233586e-05	4.66137445287e-06	0
0.00128653934899	0	0	0	0.00176666091764	9.32274890574e-06	0.013597229279	0.00600851166975	0.00577078157265	7.45819912459e-05	0.0394165823735	0	0.00774254296622	0	0.00319304150022	0.000121195735775	4.19523700758e-05	4.66137445287e-06	0	0	0.00431177136891	4.66137445287e-05	4.66137445287e-05	3.7290995623e-05	0.00213024812496	0	0	9.32274890574e-06	0.0058453635639	0.00063394692559	0.000261036969361	0	4.66137445287e-06	0.000167809480303	0.000428846449664	0	0	0	0	0.000312312088342	0	2.33068722644e-05	1.86454978115e-05	0	3.7290995623e-05	0.000526735313174	0	0.000177132229209	0	0	0	4.66137445287e-06	0	0	0	0.000293666590531	0	4.66137445287e-06	0	2.79682467172e-05	0	0	0	1.86454978115e-05	0	4.66137445287e-06	0	0	0	4.66137445287e-06	0.000125857110228	9.32274890574e-06	0.000219084599285	5.59364934345e-05	0.000316973462795	9.32274890574e-06	0	0	0	0	0	0	0	0
0	9.32274890574e-05	0.000219084599285	0	0	9.32274890574e-06	3.26296211701e-05	0	6.05978678873e-05	0	0	0.0336691076731	0	0.010683870246	0.000139841233586	4.66137445287e-06	4.66137445287e-06	0.000899645269404	0.00199040689138	0.00387826354479	0	3.26296211701e-05	9.32274890574e-06	0.000139841233586	0	0.00354264458418	0.0112012828102	0.00189717940232	4.66137445287e-06	0.000195777727021	4.19523700758e-05	1.39841233586e-05	1.39841233586e-05	0	0.00543516261205	0	0.000158486731398	9.32274890574e-06	0	0	0	0	0	0	0	0	5.12751189816e-05	0	0.000107211612416	0	0	0	1.39841233586e-05	0	5.12751189816e-05	0	0	0	0	0	0.000382232705135	0.000125857110228	0.000149163982492	0	0	0	0	0	0	3.26296211701e-05	0.000209761850379	0.00166877205413	0.00256375594908	0.000363587207324	1.86454978115e-05	8.85661146046e-05	0.000242391471549	4.66137445287e-06	0.000121195735775	1.39841233586e-05	4.66137445287e-06	4.66137445287e-06	0	5.12751189816e-05
0.000564026308797	0	4.66137445287e-06	0	0.000988211384009	4.66137445287e-06	0.00798959581222	0.0013051848468	0.00157554456507	0.000195777727021	0.00774254296622	0	0.025763416601	0	0.000936936265027	0.00114203674095	1.86454978115e-05	4.66137445287e-06	0	0	0.00672170196104	2.79682467172e-05	2.79682467172e-05	2.79682467172e-05	0.00140773508477	0	0	0	0.00160817418624	0.000424185075211	0.000177132229209	0	4.66137445287e-06	9.32274890574e-05	0.000298327964984	0	0	0	0	5.12751189816e-05	0	4.19523700758e-05	2.79682467172e-05	0	3.7290995623e-05	0.000275021092719	0	0.00131450759571	0	4.66137445287e-06	0	0	0	0	0	0.000792433656988	0	0	0	5.12751189816e-05	0	0	0	4.19523700758e-05	0	0	0	0	0	0	0.000116534361322	1.86454978115e-05	0.000153825356945	5.12751189816e-05	0.000745819912459	9.32274890574e-06	0	9.32274890574e-06	4.66137445287e-06	4.66137445287e-06	0	4.66137445287e-06	0	0
0	5.12751189816e-05	5.12751189816e-05	0	0	0	4.66137445287e-06	0	0	0	0	0.010683870246	0	0.0173356515902	9.32274890574e-06	4.66137445287e-06	0	0.000107211612416	0.000284343841625	0.000587333181062	0	9.32274890574e-06	0	1.39841233586e-05	0	0.004055395774	0.00529066000401	0.00250315808119	4.66137445287e-06	1.86454978115e-05	4.66137445287e-06	3.26296211701e-05	0	0	0.000694544793478	0	8.85661146046e-05	4.66137445287e-06	0	0	0	0	0	0	0	0	6.99206167931e-05	0	0.000261036969361	0	0	0	9.32274890574e-06	4.66137445287e-06	3.26296211701e-05	0	0	0	0	0	0.000293666590531	6.99206167931e-05	7.45819912459e-05	0	0	0	0	0	0	2.33068722644e-05	1.86454978115e-05	0.00056868768325	0.000447491947476	2.33068722644e-05	0	9.32274890574e-06	0.000177132229209	4.66137445287e-06	0.000121195735775	2.79682467172e-05	0	0	0	5.59364934345e-05
0.00649329461285	4.66137445287e-06	4.19523700758e-05	0	0.000261036969361	0.00103948650299	0.00553305147556	0.00469400407404	0.0179649371414	0.000219084599285	0.00319304150022	0.000139841233586	0.000936936265027	9.32274890574e-06	0.0365451757105	0.000209761850379	6.52592423402e-05	3.7290995623e-05	0	3.26296211701e-05	0.00050342844091	0.000209761850379	0.00013051848468	0.000205100475926	0.000871677022687	0	5.12751189816e-05	2.33068722644e-05	0.00119331185994	0.0132942399396	0.00110940711978	0	0.00195311589575	0.000731835789101	0.00497368654121	0	4.66137445287e-06	0	0	0	0	0	4.66137445287e-06	0	3.26296211701e-05	4.66137445287e-06	0	0	0	0	0	0	4.66137445287e-06	0	0	0	0	9.32274890574e-06	4.66137445287e-06	3.7290995623e-05	0	4.66137445287e-06	4.66137445287e-06	1.39841233586e-05	0	0	0	0	0	0	0.000722513040195	8.85661146046e-05	0.002027697887	0.000619962802232	0.00115135948986	0.00102550237963	2.33068722644e-05	9.32274890574e-06	0	0	0	0	0	0
5.12751189816e-05	0	4.66137445287e-06	0	0	0.000960243137291	0.00192514764904	1.86454978115e-05	0.000321634837248	0.000349603083965	0.000121195735775	4.66137445287e-06	0.00114203674095	4.66137445287e-06	0.000209761850379	0.00655389248074	9.32274890574e-06	9.32274890574e-06	0	0	9.32274890574e-06	4.66137445287e-06	9.32274890574e-06	2.33068722644e-05	5.59364934345e-05	0	0	0	3.7290995623e-05	8.85661146046e-05	9.32274890574e-06	0	3.7290995623e-05	9.32274890574e-06	9.32274890574e-05	0	0	0	0	0	0	0	0	0	0	0	0	0	0	0	0	0	0	0	0	0	0	0	4.66137445287e-06	0	0	0	0	4.66137445287e-06	0	0	0	0	0	0	0.000344941709512	3.26296211701e-05	6.99206167931e-05	3.26296211701e-05	0.00382698842581	0.000111872986869	0	4.66137445287e-06	0	0	0	0	0	0
0.000172470854756	0.000144502608039	0.000377571330683	0	4.66137445287e-06	0	1.86454978115e-05	0.000661915172308	2.79682467172e-05	0.000806417780347	4.19523700758e-05	4.66137445287e-06	1.86454978115e-05	0	6.52592423402e-05	9.32274890574e-06	0.0193633494772	7.92433656988e-05	0	0	4.66137445287e-06	0.00388758629369	0.00466603582732	0.00930410340793	0.00399013653166	0	3.7290995623e-05	0.0020370206359	0.00420455975649	0.000377571330683	0.00180861328771	0	0	0.000111872986869	0.00116068223876	9.32274890574e-06	2.79682467172e-05	4.66137445287e-06	0	4.66137445287e-06	0	0	4.19523700758e-05	0	0.000153825356945	9.32274890574e-06	0	9.32274890574e-06	0	0	0	0.000825063278158	0	0	0	4.66137445287e-06	6.99206167931e-05	0.00034028033506	0.000251714220455	0.000107211612416	0	4.66137445287e-06	6.99206167931e-05	9.78888635103e-05	0	6.99206167931e-05	0	0	0	2.33068722644e-05	0.000839047401517	0.000452153321929	0.000792433656988	0.000428846449664	6.05978678873e-05	4.19523700758e-05	0	4.19523700758e-05	2.33068722644e-05	1.86454978115e-05	9.32274890574e-06	4.66137445287e-06	0	0
3.26296211701e-05	0.00106745474971	0.00859091311664	0	4.66137445287e-06	0	9.32274890574e-06	4.19523700758e-05	1.86454978115e-05	2.33068722644e-05	4.66137445287e-06	0.000899645269404	4.66137445287e-06	0.000107211612416	3.7290995623e-05	9.32274890574e-06	7.92433656988e-05	0.0260850514383	7.45819912459e-05	0.00559364934345	0	0.000936936265027	0.000158486731398	0.00877736809476	2.79682467172e-05	0.00037290995623	0.00939266952254	0.00399945928056	9.32274890574e-05	0.000149163982492	0.000368248581777	0	0	2.33068722644e-05	0.00587799318507	0	0.000354264458418	6.52592423402e-05	0	0	0	0	0	0	9.32274890574e-06	0	1.39841233586e-05	0	9.32274890574e-06	0	0	4.66137445287e-06	1.86454978115e-05	0	0	0	4.66137445287e-06	1.39841233586e-05	4.19523700758e-05	9.32274890574e-06	6.05978678873e-05	8.39047401517e-05	0.000186454978115	0	0	0	0	0	0	2.79682467172e-05	0.00128187797454	0.0024332374644	0.00310913676007	0.00113271399205	3.7290995623e-05	8.39047401517e-05	5.59364934345e-05	3.7290995623e-05	7.45819912459e-05	1.86454978115e-05	4.66137445287e-06	0	0	0
0	1.39841233586e-05	4.66137445287e-06	0	0	0	0	0	0	0	0	0.00199040689138	0	0.000284343841625	0	0	0	7.45819912459e-05	0.00401344340392	0.00158020593952	0	9.32274890574e-06	0	9.32274890574e-06	0	0.000153825356945	0.00220949149066	0.000191116352568	0	0	9.32274890574e-06	0	0	0	9.32274890574e-05	0	0	0	0	0	0	0	0	0	0	0	4.66137445287e-06	0	0	0	0	0	0	0	4.66137445287e-06	0	0	0	0	0	1.39841233586e-05	0	0	0	0	0	0	0	0	0	4.66137445287e-06	4.19523700758e-05	5.12751189816e-05	4.66137445287e-06	0	0	0	0	4.66137445287e-06	0	0	0	0	0
1.39841233586e-05	0.000191116352568	0.000578010432156	0	0	0	0	1.39841233586e-05	1.39841233586e-05	0	0	0.00387826354479	0	0.000587333181062	3.26296211701e-05	0	0	0.00559364934345	0.00158020593952	0.0157414615273	0	4.19523700758e-05	4.66137445287e-06	0.00034028033506	0	0.000806417780347	0.0093274102802	0.0014543488293	9.32274890574e-06	4.66137445287e-05	3.7290995623e-05	0	0	0	0.0029180204075	0	0.000200439101473	2.33068722644e-05	0	0	0	0	0	0	0	0	2.79682467172e-05	0	2.33068722644e-05	0	0	0	1.39841233586e-05	0	1.39841233586e-05	0	0	0	4.66137445287e-06	0	0.000135179859133	0.000102550237963	0.000121195735775	0	0	0	0	0	0	9.32274890574e-06	0.000167809480303	0.000792433656988	0.000983550009556	0.000228407348191	0	2.33068722644e-05	1.39841233586e-05	4.66137445287e-06	4.19523700758e-05	4.66137445287e-06	0	0	0	9.32274890574e-06
0.000410200951853	0	0	0	0.00556568109673	0	0.00197176139356	0.00153359219499	0.000554703559892	5.59364934345e-05	0.00431177136891	0	0.00672170196104	0	0.00050342844091	9.32274890574e-06	4.66137445287e-06	0	0	0	0.016067757739	1.39841233586e-05	2.79682467172e-05	4.66137445287e-06	0.00336551235497	0	0	0	0.00323033249584	0.000172470854756	7.45819912459e-05	0	0	5.12751189816e-05	0.000125857110228	0	0	0	0	0.000512751189816	0	4.66137445287e-05	3.7290995623e-05	0	2.33068722644e-05	0.000302989339437	0	0.000419523700758	0	0	0	4.66137445287e-06	0	0	0	0.00107677749861	0	4.66137445287e-06	0	3.26296211701e-05	0	0	0	4.66137445287e-05	0	0	0	0	0	0	9.32274890574e-05	1.86454978115e-05	6.99206167931e-05	1.39841233586e-05	7.45819912459e-05	0	0	9.32274890574e-06	0	0	0	9.32274890574e-06	0	0
0.000522073938722	0.000214423224832	0.00154757631835	0	9.32274890574e-06	0	2.79682467172e-05	0.00123526423001	0.000116534361322	0.000475460194193	4.66137445287e-05	3.26296211701e-05	2.79682467172e-05	9.32274890574e-06	0.000209761850379	4.66137445287e-06	0.00388758629369	0.000936936265027	9.32274890574e-06	4.19523700758e-05	1.39841233586e-05	0.0379062970507	0.00195777727021	0.0211113648971	0.00154757631835	1.86454978115e-05	0.000214423224832	0.00118865048548	0.00668907233987	0.00108610024752	0.0134247584243	0	0	0.000209761850379	0.00512285052371	0	5.59364934345e-05	4.66137445287e-06	0	4.66137445287e-06	0	4.66137445287e-06	3.7290995623e-05	0	0.000102550237963	0	0	9.32274890574e-06	0	0	0	8.39047401517e-05	0	0	0	4.66137445287e-06	1.39841233586e-05	0.000205100475926	2.33068722644e-05	8.39047401517e-05	0	0	2.33068722644e-05	6.99206167931e-05	4.66137445287e-06	3.7290995623e-05	0	0	4.66137445287e-06	1.86454978115e-05	0.00190184077677	0.00123060285556	0.00225610523519	0.00115135948986	0.000111872986869	0.000116534361322	3.26296211701e-05	4.66137445287e-05	1.86454978115e-05	1.39841233586e-05	4.66137445287e-06	9.32274890574e-06	0	0
0.000270359718267	0.00173869267092	0.000703867542384	0	9.32274890574e-06	0	1.86454978115e-05	0.000792433656988	4.19523700758e-05	0.00337017372943	4.66137445287e-05	9.32274890574e-06	2.79682467172e-05	0	0.00013051848468	9.32274890574e-06	0.00466603582732	0.000158486731398	0	4.66137445287e-06	2.79682467172e-05	0.00195777727021	0.0185196407013	0.00423718937766	0.00285742253961	4.66137445287e-06	0.000107211612416	0.00304853889218	0.00295065002867	0.000517412564269	0.0021955073673	0	0	0.000158486731398	0.00126323247673	2.33068722644e-05	0.00013051848468	7.92433656988e-05	0	1.39841233586e-05	0	4.66137445287e-06	0.000149163982492	0	0.000582671806609	1.39841233586e-05	0	1.86454978115e-05	0	0	9.32274890574e-06	0.0004055395774	1.86454978115e-05	0	0	4.66137445287e-06	0.000116534361322	0.002027697887	0.000349603083965	0.000391555454041	0	4.66137445287e-06	0.000200439101473	0.000382232705135	0	0.000144502608039	0	0	4.66137445287e-06	0.000102550237963	0.000950920388386	0.000564026308797	0.000880999771593	0.000480121568646	6.52592423402e-05	1.86454978115e-05	1.39841233586e-05	0.000107211612416	7.45819912459e-05	5.59364934345e-05	1.86454978115e-05	2.33068722644e-05	4.66137445287e-06	0
0.000447491947476	0.0016221583096	0.0142032079579	0	9.32274890574e-06	0	4.19523700758e-05	0.00102550237963	0.000121195735775	0.000550042185439	3.7290995623e-05	0.000139841233586	2.79682467172e-05	1.39841233586e-05	0.000205100475926	2.33068722644e-05	0.00930410340793	0.00877736809476	9.32274890574e-06	0.00034028033506	4.66137445287e-06	0.0211113648971	0.00423718937766	0.0682565061134	0.00166877205413	6.52592423402e-05	0.00222813698847	0.0106978543693	0.00472197232076	0.00103016375408	0.00741158538007	0	0	0.000242391471549	0.00928079653567	4.66137445287e-06	0.000261036969361	7.45819912459e-05	0	0	0	4.66137445287e-06	3.7290995623e-05	0	0.000139841233586	0	0	4.66137445287e-06	0	0	0	0.000223745973738	9.32274890574e-06	0	0	4.66137445287e-06	1.86454978115e-05	0.000512751189816	0.000116534361322	9.32274890574e-05	9.32274890574e-06	1.86454978115e-05	0.000195777727021	6.99206167931e-05	4.66137445287e-06	3.26296211701e-05	0	0	4.66137445287e-06	2.79682467172e-05	0.00459611521053	0.00443762847913	0.00623225764349	0.00295065002867	0.000191116352568	0.000289005216078	0.000102550237963	0.000149163982492	7.45819912459e-05	1.39841233586e-05	4.66137445287e-06	0	0	0
0.00130984622126	0	6.99206167931e-05	0	0.00732301926546	4.66137445287e-06	0.000745819912459	0.00659584485081	0.000494105692004	0.0053512578719	0.00213024812496	0	0.00140773508477	0	0.000871677022687	5.59364934345e-05	0.00399013653166	2.79682467172e-05	0	0	0.00336551235497	0.00154757631835	0.00285742253961	0.00166877205413	0.0396216828494	0	9.32274890574e-06	0.000125857110228	0.0196430319444	0.00124924835337	0.00239594646878	0	4.66137445287e-06	0.000326296211701	0.000997534132914	1.86454978115e-05	0	0	0	9.32274890574e-06	0	0	0.000121195735775	0	0.000382232705135	9.32274890574e-06	0	1.39841233586e-05	0	4.66137445287e-06	0	2.79682467172e-05	0	0	0	2.33068722644e-05	4.66137445287e-06	8.39047401517e-05	1.39841233586e-05	0.000452153321929	0	0	9.32274890574e-06	0.000158486731398	0	1.86454978115e-05	0	0	4.66137445287e-06	1.86454978115e-05	0.000591994555515	0.000177132229209	0.000587333181062	0.000275021092719	0.000400878202947	3.26296211701e-05	0	3.26296211701e-05	4.66137445287e-06	1.39841233586e-05	4.66137445287e-06	9.32274890574e-06	0	0
0	0.000605978678873	0.000191116352568	0	0	0	0	0	0	0	0	0.00354264458418	0	0.004055395774	0	0	0	0.00037290995623	0.000153825356945	0.000806417780347	0	1.86454978115e-05	4.66137445287e-06	6.52592423402e-05	0	0.0117326794979	0.00426515762438	0.00254977182572	9.32274890574e-06	1.86454978115e-05	9.32274890574e-06	4.66137445287e-06	0	0	0.000587333181062	0	0.000591994555515	5.12751189816e-05	0	0	0	0	0	0	0	0	0.00016314810585	0	0.000289005216078	0	0	0	4.66137445287e-05	9.32274890574e-06	0.000135179859133	0	0	4.66137445287e-06	9.32274890574e-06	0	0.00130052347235	0.00047079881974	0.000410200951853	0	0	0	4.66137445287e-06	0	0	0.000121195735775	4.66137445287e-05	0.00047079881974	0.000312312088342	3.7290995623e-05	0	0	0.000107211612416	1.39841233586e-05	0.000363587207324	0.000107211612416	9.32274890574e-06	0	0	0.00013051848468
1.86454978115e-05	0.00231670310308	0.0100406005715	0	0	0	4.66137445287e-06	3.7290995623e-05	3.7290995623e-05	9.32274890574e-06	0	0.0112012828102	0	0.00529066000401	5.12751189816e-05	0	3.7290995623e-05	0.00939266952254	0.00220949149066	0.0093274102802	0	0.000214423224832	0.000107211612416	0.00222813698847	9.32274890574e-06	0.00426515762438	0.061129264575	0.0215262272234	4.66137445287e-05	0.000111872986869	8.85661146046e-05	8.85661146046e-05	0	9.32274890574e-06	0.00493173417114	0	0.00126323247673	0.000121195735775	0	0	0	0	0	0	0	0	8.85661146046e-05	0	8.39047401517e-05	4.66137445287e-06	0	4.66137445287e-06	9.78888635103e-05	4.66137445287e-06	0.000121195735775	0	9.32274890574e-06	3.7290995623e-05	8.85661146046e-05	4.66137445287e-06	0.000647931048949	0.000414862326306	0.000629285551138	4.66137445287e-06	4.66137445287e-06	0	0	0	0	0.000102550237963	0.000647931048949	0.00223745973738	0.00265232206368	0.000713190291289	1.39841233586e-05	6.05978678873e-05	5.12751189816e-05	4.66137445287e-05	0.000321634837248	8.39047401517e-05	2.79682467172e-05	0	0	4.66137445287e-05
2.33068722644e-05	0.00475926331638	0.0128980231111	0	0	0	9.32274890574e-06	6.05978678873e-05	1.39841233586e-05	0.000102550237963	9.32274890574e-06	0.00189717940232	0	0.00250315808119	2.33068722644e-05	0	0.0020370206359	0.00399945928056	0.000191116352568	0.0014543488293	0	0.00118865048548	0.00304853889218	0.0106978543693	0.000125857110228	0.00254977182572	0.0215262272234	0.0606211747596	0.000293666590531	8.85661146046e-05	0.000522073938722	6.05978678873e-05	0	3.26296211701e-05	0.00287140666297	0	0.00112805261759	0.000205100475926	0	0	0	0	4.66137445287e-06	0	9.32274890574e-06	0	4.66137445287e-05	0	1.86454978115e-05	0	0	7.92433656988e-05	9.32274890574e-05	4.66137445287e-06	4.66137445287e-05	0	9.32274890574e-06	0.000391555454041	0.000261036969361	1.39841233586e-05	0.000209761850379	0.000219084599285	0.000508089815363	2.33068722644e-05	0	1.39841233586e-05	0	0	0	0.000125857110228	0.00123526423001	0.0021861846184	0.00223279836293	0.000857692899328	2.79682467172e-05	6.52592423402e-05	2.33068722644e-05	6.99206167931e-05	0.000228407348191	6.99206167931e-05	4.66137445287e-06	0	4.66137445287e-06	1.39841233586e-05
0.00174801541983	2.79682467172e-05	0.000293666590531	0	0.00484316805653	0	0.00141705783367	0.0150842077295	0.000801756405894	0.00242857608995	0.0058453635639	4.66137445287e-06	0.00160817418624	4.66137445287e-06	0.00119331185994	3.7290995623e-05	0.00420455975649	9.32274890574e-05	0	9.32274890574e-06	0.00323033249584	0.00668907233987	0.00295065002867	0.00472197232076	0.0196430319444	9.32274890574e-06	4.66137445287e-05	0.000293666590531	0.0538948114241	0.00194379314685	0.00817138941588	0	0	0.000452153321929	0.00217220049504	1.39841233586e-05	4.66137445287e-06	4.66137445287e-06	0	1.39841233586e-05	0	9.32274890574e-06	0.000107211612416	0	0.000489444317551	9.32274890574e-06	0	1.86454978115e-05	0	9.32274890574e-06	0	2.33068722644e-05	0	0	0	9.32274890574e-06	1.86454978115e-05	0.000279682467172	2.79682467172e-05	0.000298327964984	0	0	1.39841233586e-05	0.000177132229209	9.32274890574e-06	6.52592423402e-05	0	0	1.86454978115e-05	5.59364934345e-05	0.00129120072345	0.000452153321929	0.00124458697892	0.000578010432156	0.000316973462795	7.92433656988e-05	1.39841233586e-05	5.12751189816e-05	1.39841233586e-05	2.33068722644e-05	9.32274890574e-06	9.32274890574e-06	0	0
0.00775186571512	2.79682467172e-05	0.00013051848468	0	0.000102550237963	0.000783110908082	0.00221415286511	0.00299260239874	0.00474994056748	0.000526735313174	0.00063394692559	0.000195777727021	0.000424185075211	1.86454978115e-05	0.0132942399396	8.85661146046e-05	0.000377571330683	0.000149163982492	0	4.66137445287e-05	0.000172470854756	0.00108610024752	0.000517412564269	0.00103016375408	0.00124924835337	1.86454978115e-05	0.000111872986869	8.85661146046e-05	0.00194379314685	0.0384843074829	0.00736031026108	0	0.00133781446797	0.00507157540472	0.00913629392763	4.66137445287e-06	4.66137445287e-06	4.66137445287e-06	0	0	0	0	1.39841233586e-05	0	0.00013051848468	0	0	0	0	4.66137445287e-06	0	1.86454978115e-05	0	0	4.66137445287e-06	0	0	6.05978678873e-05	9.32274890574e-06	9.78888635103e-05	4.66137445287e-06	0	0	3.7290995623e-05	0	9.32274890574e-06	0	0	0	0	0.00191116352568	0.000386894079588	0.00378503605573	0.00129120072345	0.000969565886197	0.00087633839714	4.19523700758e-05	5.12751189816e-05	9.32274890574e-06	0	0	9.32274890574e-06	0	0
0.00364053344769	0.000125857110228	0.000652592423402	0	4.66137445287e-05	0	0.000191116352568	0.00688018869244	0.000573349057703	0.00107677749861	0.000261036969361	4.19523700758e-05	0.000177132229209	4.66137445287e-06	0.00110940711978	9.32274890574e-06	0.00180861328771	0.000368248581777	9.32274890574e-06	3.7290995623e-05	7.45819912459e-05	0.0134247584243	0.0021955073673	0.00741158538007	0.00239594646878	9.32274890574e-06	8.85661146046e-05	0.000522073938722	0.00817138941588	0.00736031026108	0.0359764880273	0	0	0.00101617963073	0.00593859105296	4.66137445287e-06	2.33068722644e-05	1.39841233586e-05	0	9.32274890574e-06	0	4.66137445287e-06	6.99206167931e-05	0	0.000279682467172	1.39841233586e-05	0	2.33068722644e-05	0	4.66137445287e-06	4.66137445287e-06	2.79682467172e-05	0	0	0	9.32274890574e-06	1.86454978115e-05	0.000223745973738	2.79682467172e-05	0.000209761850379	4.66137445287e-06	0	9.32274890574e-06	0.000116534361322	9.32274890574e-06	4.66137445287e-05	0	0	4.66137445287e-06	1.86454978115e-05	0.00193447039794	0.000880999771593	0.00234933272425	0.000978888635103	0.000247052846002	0.000116534361322	1.39841233586e-05	4.66137445287e-05	9.32274890574e-06	1.86454978115e-05	1.39841233586e-05	4.66137445287e-06	4.66137445287e-06	0
0	0	0	0	0	0	0	0	0	0	0	1.39841233586e-05	0	3.26296211701e-05	0	0	0	0	0	0	0	0	0	0	0	4.66137445287e-06	8.85661146046e-05	6.05978678873e-05	0	0	0	0.000102550237963	0	0	0	0	0	0	0	0	0	0	0	0	0	0	0	0	0	0	0	0	0	0	0	0	0	0	0	0	0	0	0	0	0	0	0	0	0	0	0	0	0	0	0	0	0	0	0	0	0	0	0	0
2.33068722644e-05	0	0	0	0	0.0025917241958	0.00165478793077	9.32274890574e-06	0.00262901519142	0	4.66137445287e-06	1.39841233586e-05	4.66137445287e-06	0	0.00195311589575	3.7290995623e-05	0	0	0	0	0	0	0	0	4.66137445287e-06	0	0	0	0	0.00133781446797	0	0	0.0056775540836	9.32274890574e-06	0.000992872758462	0	0	0	0	0	0	0	0	0	0	0	0	0	0	0	0	0	0	0	0	0	0	0	0	0	0	0	0	0	0	0	0	0	0	0	1.39841233586e-05	0	0.000135179859133	3.26296211701e-05	0.000135179859133	0.000871677022687	0	0	0	0	0	0	0	0
0.00122128010665	4.66137445287e-06	5.59364934345e-05	0	2.33068722644e-05	0	0.000214423224832	0.000596655929968	0.000307650713889	0.000139841233586	0.000167809480303	0	9.32274890574e-05	0	0.000731835789101	9.32274890574e-06	0.000111872986869	2.33068722644e-05	0	0	5.12751189816e-05	0.000209761850379	0.000158486731398	0.000242391471549	0.000326296211701	0	9.32274890574e-06	3.26296211701e-05	0.000452153321929	0.00507157540472	0.00101617963073	0	9.32274890574e-06	0.00631616238364	0.00322100974693	0	0	0	0	0	0	0	0	0	3.7290995623e-05	0	0	0	0	0	0	0	0	0	0	0	0	1.39841233586e-05	4.66137445287e-06	2.79682467172e-05	0	0	0	4.66137445287e-06	0	0	0	0	0	0	0.000936936265027	0.000158486731398	0.00132383034462	0.00050342844091	0.000135179859133	6.52592423402e-05	9.32274890574e-06	2.79682467172e-05	0	0	0	4.66137445287e-06	0	0
0.00185522703224	0.000647931048949	0.00363587207324	0	6.05978678873e-05	0.00115135948986	0.00165478793077	0.00153359219499	0.00297395690093	0.000452153321929	0.000428846449664	0.00543516261205	0.000298327964984	0.000694544793478	0.00497368654121	9.32274890574e-05	0.00116068223876	0.00587799318507	9.32274890574e-05	0.0029180204075	0.000125857110228	0.00512285052371	0.00126323247673	0.00928079653567	0.000997534132914	0.000587333181062	0.00493173417114	0.00287140666297	0.00217220049504	0.00913629392763	0.00593859105296	0	0.000992872758462	0.00322100974693	0.0497881405311	4.66137445287e-06	0.000242391471549	3.26296211701e-05	0	0	0	0	1.39841233586e-05	0	7.45819912459e-05	0	9.32274890574e-06	0	2.79682467172e-05	4.66137445287e-06	0	1.39841233586e-05	9.32274890574e-06	0	4.66137445287e-06	0	4.66137445287e-06	8.85661146046e-05	5.12751189816e-05	5.12751189816e-05	0.000116534361322	4.19523700758e-05	0.000153825356945	3.26296211701e-05	4.66137445287e-06	4.66137445287e-06	0	0	4.66137445287e-06	6.05978678873e-05	0.00748616737131	0.00498767066457	0.0201790900065	0.00641405124715	0.00126789385118	0.00188785665341	0.000316973462795	0.000209761850379	6.52592423402e-05	4.66137445287e-05	1.39841233586e-05	9.32274890574e-06	0	9.32274890574e-06
0	0	0	0	1.39841233586e-05	0	0	0	0	4.66137445287e-05	0	0	0	0	0	0	9.32274890574e-06	0	0	0	0	0	2.33068722644e-05	4.66137445287e-06	1.86454978115e-05	0	0	0	1.39841233586e-05	4.66137445287e-06	4.66137445287e-06	0	0	0	4.66137445287e-06	0.0132522875695	0	4.66137445287e-06	0	0.000149163982492	1.86454978115e-05	0.00116534361322	0.00491775004778	0.00189251802787	0.000214423224832	0.00162681968405	9.32274890574e-06	0.00104414787744	0	0.00523938488503	9.32274890574e-05	0.00016314810585	2.79682467172e-05	0	0	0.000419523700758	0.000177132229209	0.000121195735775	0.000158486731398	0.000997534132914	0	4.66137445287e-06	9.32274890574e-06	0.00144502608039	0.0036498561966	0.000918290767216	0	9.32274890574e-06	0.000834386027064	0.00103016375408	9.32274890574e-06	4.66137445287e-06	1.39841233586e-05	4.66137445287e-06	9.32274890574e-06	0	0	0.000727174414648	0.000167809480303	0.000853031524875	0.000298327964984	0.000624624176685	5.59364934345e-05	0
4.66137445287e-06	0.00206498888262	0.000680560670119	0	0	0	4.66137445287e-06	9.32274890574e-06	4.66137445287e-06	4.66137445287e-06	0	0.000158486731398	0	8.85661146046e-05	4.66137445287e-06	0	2.79682467172e-05	0.000354264458418	0	0.000200439101473	0	5.59364934345e-05	0.00013051848468	0.000261036969361	0	0.000591994555515	0.00126323247673	0.00112805261759	4.66137445287e-06	4.66137445287e-06	2.33068722644e-05	0	0	0	0.000242391471549	0	0.0144689063017	0.00209761850379	0	0	0	4.66137445287e-06	4.66137445287e-06	4.66137445287e-06	9.32274890574e-06	0	0.000172470854756	0	4.66137445287e-05	0	0	0.000270359718267	0.00090896801831	3.7290995623e-05	0.000442830573023	0	0.000153825356945	0.00123060285556	0.00179462916436	9.32274890574e-06	0.0017014016753	0.00235865547315	0.0071505484107	2.33068722644e-05	4.66137445287e-06	4.19523700758e-05	4.66137445287e-06	0	0	0.00130052347235	3.7290995623e-05	0.000167809480303	0.000144502608039	4.19523700758e-05	0	4.66137445287e-06	4.66137445287e-06	0.000265698343814	0.00226076660964	0.000764465410271	0.000186454978115	9.32274890574e-06	4.66137445287e-06	2.33068722644e-05
4.66137445287e-06	0.000363587207324	0.000107211612416	0	0	0	0	0	0	9.32274890574e-06	0	9.32274890574e-06	0	4.66137445287e-06	0	0	4.66137445287e-06	6.52592423402e-05	0	2.33068722644e-05	0	4.66137445287e-06	7.92433656988e-05	7.45819912459e-05	0	5.12751189816e-05	0.000121195735775	0.000205100475926	4.66137445287e-06	4.66137445287e-06	1.39841233586e-05	0	0	0	3.26296211701e-05	4.66137445287e-06	0.00209761850379	0.0221788196468	0	0	0	2.33068722644e-05	4.66137445287e-05	1.39841233586e-05	2.33068722644e-05	4.66137445287e-06	4.66137445287e-05	0	9.32274890574e-06	1.86454978115e-05	0	0.000428846449664	0.00175267679428	0	0.000289005216078	0	0.000550042185439	0.000661915172308	0.00997534132914	9.32274890574e-06	0.000107211612416	0.00299260239874	0.0086934633546	8.39047401517e-05	1.86454978115e-05	0.000284343841625	0	0	0	0.00204168201036	9.32274890574e-06	4.66137445287e-06	1.86454978115e-05	1.39841233586e-05	0	0	0	0.000713190291289	0.00257774007244	0.00135179859133	0.000442830573023	1.86454978115e-05	1.39841233586e-05	1.86454978115e-05
0	0	0	0	0	0	0	0	0	0	0	0	0	0	0	0	0	0	0	0	0	0	0	0	0	0	0	0	0	0	0	0	0	0	0	0	0	0	0	0	0	0	0	0	0	0	0	0	0	0	0	0	0	0	0	0	0	0	0	0	0	0	0	0	0	0	0	0	0	0	0	0	0	0	0	0	0	0	0	0	0	0	0	0
0	0	0	0	0.0021955073673	0	0	4.66137445287e-06	0	2.33068722644e-05	0.000312312088342	0	5.12751189816e-05	0	0	0	4.66137445287e-06	0	0	0	0.000512751189816	4.66137445287e-06	1.39841233586e-05	0	9.32274890574e-06	0	0	0	1.39841233586e-05	0	9.32274890574e-06	0	0	0	0	0.000149163982492	0	0	0	0.0175547361895	0	0.00050342844091	0.000960243137291	6.99206167931e-05	0.000172470854756	0.00512285052371	0	0.00147299432711	0	0.000139841233586	4.66137445287e-06	1.39841233586e-05	0	0	0	0.00916426217434	1.86454978115e-05	4.66137445287e-06	1.39841233586e-05	0.0046287448317	0	0	0	0.00488045905216	6.99206167931e-05	2.79682467172e-05	0	0	2.33068722644e-05	5.12751189816e-05	4.66137445287e-06	0	0	0	0	0	0	4.19523700758e-05	0	3.7290995623e-05	2.79682467172e-05	3.7290995623e-05	4.66137445287e-06	0
0	0	0	0	0	0	0	0	0	0	0	0	0	0	0	0	0	0	0	0	0	0	0	0	0	0	0	0	0	0	0	0	0	0	0	1.86454978115e-05	0	0	0	0	0.00384097254917	0.00130984622126	4.66137445287e-06	0.000969565886197	4.66137445287e-06	9.32274890574e-06	0	1.39841233586e-05	0	0.000233068722644	0.000564026308797	0	0	0	0	0	0	0	0	0	0	0	0	4.66137445287e-06	0.000200439101473	0	0	0.00118865048548	0	0.000899645269404	0	0	0	0	0	0	0	9.32274890574e-06	0	6.52592423402e-05	0	0.000806417780347	0.00108610024752	0
0	9.32274890574e-06	0	0	3.7290995623e-05	0	0	0	0	1.39841233586e-05	2.33068722644e-05	0	4.19523700758e-05	0	0	0	0	0	0	0	4.66137445287e-05	4.66137445287e-06	4.66137445287e-06	4.66137445287e-06	0	0	0	0	9.32274890574e-06	0	4.66137445287e-06	0	0	0	0	0.00116534361322	4.66137445287e-06	2.33068722644e-05	0	0.00050342844091	0.00130984622126	0.0374774506011	0.00322100974693	0.00894983894951	0.000177132229209	0.0146833295265	4.66137445287e-06	0.00666110409315	4.66137445287e-06	0.00480587706091	0.0025917241958	2.33068722644e-05	4.66137445287e-06	0	0	0.00310913676007	1.39841233586e-05	9.32274890574e-06	5.12751189816e-05	0.000685222044572	4.66137445287e-06	9.32274890574e-06	1.86454978115e-05	0.00180395191326	0.00196243864466	0.000121195735775	0	0.000783110908082	9.78888635103e-05	0.00188319527896	0	0	4.66137445287e-06	4.66137445287e-06	0	0	0	0.000326296211701	6.52592423402e-05	0.000988211384009	0.000139841233586	0.00350069221411	0.00110008437088	9.32274890574e-06
4.66137445287e-06	0	0	0	3.26296211701e-05	0	9.32274890574e-06	4.19523700758e-05	0	0.000302989339437	1.86454978115e-05	0	2.79682467172e-05	0	4.66137445287e-06	0	4.19523700758e-05	0	0	0	3.7290995623e-05	3.7290995623e-05	0.000149163982492	3.7290995623e-05	0.000121195735775	0	0	4.66137445287e-06	0.000107211612416	1.39841233586e-05	6.99206167931e-05	0	0	0	1.39841233586e-05	0.00491775004778	4.66137445287e-06	4.66137445287e-05	0	0.000960243137291	4.66137445287e-06	0.00322100974693	0.0468654587492	0.00151028532273	0.00157554456507	0.00893585482615	4.66137445287e-06	0.00284343841625	0	0.00412531639079	6.99206167931e-05	0.00106279337525	6.05978678873e-05	0	4.66137445287e-06	0.00252646495346	0.000936936265027	0.000671237921213	0.0011373753665	0.00836250576845	0	9.32274890574e-06	9.32274890574e-05	0.0206312433284	0.00125857110228	0.0056076334668	0	0	0.00056868768325	0.00149630119937	3.7290995623e-05	4.66137445287e-06	9.32274890574e-06	0	1.39841233586e-05	0	0	0.000969565886197	0.000344941709512	0.000857692899328	0.000298327964984	0.000564026308797	3.26296211701e-05	4.66137445287e-06
0	4.66137445287e-06	0	0	0	0	0	0	0	0	0	0	0	0	0	0	0	0	0	0	0	0	0	0	0	0	0	0	0	0	0	0	0	0	0	0.00189251802787	4.66137445287e-06	1.39841233586e-05	0	6.99206167931e-05	0.000969565886197	0.00894983894951	0.00151028532273	0.0258892737112	3.7290995623e-05	0.00306252301554	2.33068722644e-05	0.000950920388386	1.39841233586e-05	0.0113131557971	0.000386894079588	3.7290995623e-05	0	0	4.66137445287e-06	0.000354264458418	3.7290995623e-05	1.86454978115e-05	6.52592423402e-05	0.000279682467172	4.66137445287e-06	9.32274890574e-06	1.39841233586e-05	0.000512751189816	0.00398081378275	0.000158486731398	0	0.00157554456507	0.000167809480303	0.00276885642501	9.32274890574e-06	4.66137445287e-06	0	0	0	0	0	0.00037290995623	0.000107211612416	0.00148697845047	0.000200439101473	0.00223745973738	0.00110008437088	4.66137445287e-06
