0.0189303184586	4.15959535456e-06	0.00387674287045	0	0	0	0.000295331270174	0.00522029216998	0.00615620112475	8.31919070913e-06	0.000482513061129	4.15959535456e-06	0	0	0.00921766330571	1.66383814183e-05	6.6553525673e-05	0.0016846361186	0	2.91171674819e-05	0	0.00090263219194	0	0.00456723569931	0.000295331270174	0	0.000973345312968	0.00107733519683	0.00163056137899	0.00544075072377	0.00718362117733	0	0	0.000128947455991	0.00127699577385	4.15959535456e-06	8.31919070913e-06	4.15959535456e-06	0	0	0	0	0	0	3.74363581911e-05	0	0	0	0	4.15959535456e-06	0	0	1.24787860637e-05	0	0.000141426242055	0	0	8.31919070913e-06	1.24787860637e-05	4.15959535456e-06	0	0	8.31919070913e-06	0	0	0	0	0	0	1.24787860637e-05	0.000112309074573	2.49575721274e-05	0.000798642308076	6.6553525673e-05	0	0	0	0.000212139363083	0.000137266646701	1.66383814183e-05	0	0	0	0
4.15959535456e-06	0.0358016372167	0.00210059565405	0	0	1.66383814183e-05	0	9.98302885095e-05	4.15959535456e-06	0.00444660743403	0.000103989883864	4.99151442548e-05	0.000133107051346	0.000345246414429	0	5.40747396093e-05	0.000465874679711	0.00111061195967	0	0.000141426242055	2.07979767728e-05	0.000162224218828	0.00569864563575	0.00306978137167	0.00232937339856	0.00199660577019	0.00562793251472	0.0285223453462	0.000320288842301	4.15959535456e-06	2.07979767728e-05	0	0	0	4.99151442548e-05	1.66383814183e-05	0.0189594356261	0.000424278726166	0	4.15959535456e-06	0	4.15959535456e-06	0	0	0.000524109014675	8.31919070913e-06	6.23939303185e-05	1.66383814183e-05	0.000632258493894	8.31919070913e-06	0	0.000228777744501	0.000782003926658	4.15959535456e-06	0.00119380386676	1.66383814183e-05	0.000124787860637	0.000798642308076	0.000840238261622	0.00028285248411	0.000989983694386	0.00139346444378	0.0213553625503	0	2.07979767728e-05	2.49575721274e-05	0.000228777744501	4.15959535456e-06	0	0.000195500981665	0.00115636750857	0.00014558583741	0.000108149479219	0.000108149479219	0.000515789823966	0	1.66383814183e-05	0.000698812019567	0.000445076702938	0.000440917107584	0.000170543409537	0	4.15959535456e-06	3.74363581911e-05
0.00387674287045	0.00210059565405	0.0299782037203	0	0	8.31919070913e-06	1.24787860637e-05	0.000915110978004	0.00218378756115	0.000270373698047	7.90323117367e-05	8.31919070913e-06	0	0	0.00283268443646	2.07979767728e-05	7.07131210276e-05	0.00652224551596	4.15959535456e-06	8.31919070913e-06	0	0.000207979767728	0.000112309074573	0.0208978070613	0.000116468669928	0	0.00774100695484	0.011696782137	0.00155984825796	6.6553525673e-05	0.00102326045722	0	4.15959535456e-06	2.49575721274e-05	0.000224618149146	0.000128947455991	0.00295331270174	0.000345246414429	0	0	0	0	0	4.15959535456e-06	0.000328608033011	0	8.31919070913e-06	8.31919070913e-06	0	5.40747396093e-05	0	0.000303650460883	0.00207563808193	2.49575721274e-05	0.000723769591694	8.31919070913e-06	0.000220458553792	0.000399321154038	0.00224202189611	7.48727163822e-05	0	0.000395161558684	0.00371867824698	0.000178862600246	0.000103989883864	7.48727163822e-05	0	4.15959535456e-06	0	0.00071960999634	0.00141842201591	0.000232937339856	0.000324448437656	0.000457555489002	8.31919070913e-06	0	0	0.00130195334598	0.00101910086187	0.00119380386676	0.000744567568467	0	0	4.15959535456e-06
0	0	0	0	0	0	0	0	0	0	0	0	0	0	0	0	0	0	0	0	0	0	0	0	0	0	0	0	0	0	0	0	0	0	0	0	0	0	0	0	0	0	0	0	0	0	0	0	0	0	0	0	0	0	0	0	0	0	0	0	0	0	0	0	0	0	0	0	0	0	0	0	0	0	0	0	0	0	0	0	0	0	0	0
0	0	0	0	0.0155818441982	9.15110978004e-05	0.000370203986556	0.000349406009783	0.00023709693521	0.000420119130811	0.00261222588267	2.49575721274e-05	0.00401816911251	0	0.000124787860637	0.000436757512229	4.15959535456e-06	4.15959535456e-06	8.31919070913e-06	2.07979767728e-05	0.00576103956607	0	0	0	0.00281604605504	0	0	0	0.00466706598782	0.00014558583741	0	0	5.40747396093e-05	0	0.000162224218828	2.91171674819e-05	0	0	0	0.00488752454161	3.74363581911e-05	1.66383814183e-05	0	0.000108149479219	0.00111893115038	4.57555489002e-05	8.31919070913e-06	0.00256647033377	4.15959535456e-06	8.73515024458e-05	0.000112309074573	0	0	4.15959535456e-06	0	0.00442996905261	0	0	0	0.00293667432032	0	1.24787860637e-05	0	0.000116468669928	9.15110978004e-05	4.15959535456e-06	0	1.66383814183e-05	0	0.000124787860637	2.07979767728e-05	0	0.000128947455991	7.90323117367e-05	0.000694652424212	1.66383814183e-05	0	3.74363581911e-05	4.15959535456e-06	0.000158064623473	2.07979767728e-05	0.000170543409537	1.66383814183e-05	1.24787860637e-05
0	1.66383814183e-05	8.31919070913e-06	0	9.15110978004e-05	0.00343582576287	0.00138930484842	0.000108149479219	7.90323117367e-05	0.000640577684603	7.48727163822e-05	0	0.000511630228611	0	8.31919070913e-06	0.00189677548168	0	1.66383814183e-05	0	0	3.74363581911e-05	0	0	1.24787860637e-05	0.0019134138631	0	0	4.15959535456e-05	0.000478353465775	8.31919070913e-06	0	0	0.000994143289741	0	0.000120628265282	4.15959535456e-06	0	0	0	2.91171674819e-05	0	0	0	0	4.15959535456e-05	0	0	4.15959535456e-06	0	4.15959535456e-06	0	0	8.31919070913e-06	0	1.66383814183e-05	4.15959535456e-06	4.15959535456e-06	0	1.66383814183e-05	4.57555489002e-05	0	1.24787860637e-05	1.66383814183e-05	4.15959535456e-06	8.31919070913e-06	0	0	0	0	3.74363581911e-05	4.57555489002e-05	0	4.15959535456e-05	8.31919070913e-06	0.00249159761738	0.000549066586802	0	8.31919070913e-06	4.15959535456e-06	9.15110978004e-05	6.23939303185e-05	2.91171674819e-05	4.15959535456e-06	8.31919070913e-06
0.000295331270174	0	1.24787860637e-05	0	0.000370203986556	0.00138930484842	0.05590080197	0.0131775980833	0.024038301554	0.000253735316628	0.0310014641776	0.00143090080197	0.0132607899903	7.90323117367e-05	0.0105612126052	0.00247911883132	8.31919070913e-06	2.07979767728e-05	0.00057402415893	0.000245416125919	0.00491248211374	5.40747396093e-05	4.15959535456e-06	0.000112309074573	0.00101494126651	0	0.000403480749393	2.91171674819e-05	0.00441749026655	0.00667615054408	0.000141426242055	3.32767628365e-05	0.0061977970783	0.000320288842301	0.00581095471033	1.66383814183e-05	0	0	0	0.000391001963329	0	0	0	9.15110978004e-05	0.000357725200492	4.99151442548e-05	0.000116468669928	2.49575721274e-05	2.91171674819e-05	7.48727163822e-05	0	8.31919070913e-06	0	1.66383814183e-05	6.23939303185e-05	0.000133107051346	1.24787860637e-05	2.49575721274e-05	1.24787860637e-05	0.000582343349639	0	0.000128947455991	2.07979767728e-05	0.000187181790955	0.000445076702938	0	1.66383814183e-05	0.000141426242055	4.15959535456e-06	0.00139346444378	0.00165551895112	0.000128947455991	0.00540747396093	0.00146833716016	0.00235849056604	0.00130611294133	2.91171674819e-05	0.000686333233503	0.000158064623473	0.00119796346211	7.07131210276e-05	0.000149745432764	0.00028285248411	0.000128947455991
0.00522029216998	9.98302885095e-05	0.000915110978004	0	0.000349406009783	0.000108149479219	0.0131775980833	0.0699477554823	0.0199951748694	0.00052826861003	0.0317085953878	0.00153905028119	0.000449236298293	4.57555489002e-05	0.0154986522911	0.000873515024458	4.57555489002e-05	0.000694652424212	0.000723769591694	0.00107733519683	0.000544906991448	0.00287012079465	7.07131210276e-05	0.0054657082959	0.000840238261622	0	0.000403480749393	0.000291171674819	0.0261513759941	0.0117716548534	0.00762037868956	1.24787860637e-05	0.000594822135703	0.00174287045356	0.0110354064757	2.07979767728e-05	2.91171674819e-05	2.91171674819e-05	0	0.00336095304649	8.31919070913e-06	0	0	4.99151442548e-05	0.0025997470966	0.000128947455991	0.000116468669928	0.00052826861003	4.15959535456e-06	5.40747396093e-05	4.99151442548e-05	1.66383814183e-05	2.91171674819e-05	1.24787860637e-05	6.23939303185e-05	0.00131027253669	3.32767628365e-05	0.000124787860637	9.5670693155e-05	0.00386842367974	0	0.000162224218828	7.90323117367e-05	0.000594822135703	0.000253735316628	8.31919070913e-06	0	9.15110978004e-05	4.15959535456e-06	0.00120628265282	0.00248743802203	0.000203820172374	0.0118090912116	0.00284932281788	0.000490832251839	3.32767628365e-05	1.66383814183e-05	0.000578183754284	0.00014558583741	0.00130195334598	0.000440917107584	0.000262054507338	0.000120628265282	2.91171674819e-05
0.00615620112475	4.15959535456e-06	0.00218378756115	0	0.00023709693521	7.90323117367e-05	0.024038301554	0.0199951748694	0.0578058966424	8.31919070913e-05	0.025527436691	0.00416791454527	0.00365628431666	6.6553525673e-05	0.0313134338292	0.000320288842301	0.000116468669928	0.00100246248045	0.00160560380686	0.00071960999634	0.003918338824	0.00101494126651	3.32767628365e-05	0.00361468836312	0.000457555489002	0	0.00136850687165	0.000777844331303	0.00680509800007	0.012857309241	0.00213803201225	3.32767628365e-05	0.00219626634721	0.000923430168713	0.010311636884	1.24787860637e-05	4.15959535456e-06	4.15959535456e-06	0	0.000153905028119	4.15959535456e-06	0	0	0.000112309074573	0.000303650460883	0	4.57555489002e-05	1.24787860637e-05	2.07979767728e-05	5.40747396093e-05	0	4.15959535456e-06	1.24787860637e-05	0	2.91171674819e-05	4.99151442548e-05	4.15959535456e-06	6.23939303185e-05	2.07979767728e-05	0.000391001963329	0	4.57555489002e-05	4.15959535456e-05	8.73515024458e-05	0.000324448437656	0	8.31919070913e-06	0.000133107051346	4.15959535456e-06	0.00090263219194	0.000985824099032	6.23939303185e-05	0.00991231572993	0.0018676583142	0.000116468669928	8.31919070913e-05	0	0.000357725200492	8.31919070913e-05	0.000732088782403	0.000183022195601	8.31919070913e-05	0.000278692888756	7.48727163822e-05
8.31919070913e-06	0.00444660743403	0.000270373698047	0	0.000420119130811	0.000640577684603	0.000253735316628	0.00052826861003	8.31919070913e-05	0.023780406642	0.000636418089248	0.000158064623473	0.00230441582643	8.73515024458e-05	7.48727163822e-05	0.00146833716016	1.66383814183e-05	0.000178862600246	0	2.07979767728e-05	0.00051994941932	4.15959535456e-06	0.00536587800739	0.000299490865529	0.00935492995241	0.000885993810522	0.000391001963329	0.00354813483744	0.00682173638148	0.000361884795847	7.48727163822e-05	1.66383814183e-05	0.000166383814183	4.15959535456e-06	0.000133107051346	0.00181774316994	0.000245416125919	1.24787860637e-05	0	0.00157232704403	0	8.31919070913e-06	2.91171674819e-05	9.98302885095e-05	0.00962946324582	4.15959535456e-06	0.000112309074573	0.000178862600246	6.23939303185e-05	0.0010981331736	4.15959535456e-06	2.91171674819e-05	3.74363581911e-05	0.00014558583741	0.000241256530565	0.000266214102692	3.74363581911e-05	0.000503311037902	0.000378523177265	0.00361468836312	6.23939303185e-05	0.000224618149146	0.000507470633257	0.000678014042794	0.0021421916076	0.00130611294133	2.07979767728e-05	5.40747396093e-05	0.00102326045722	0.00174703004892	0.0019134138631	0.000366044391202	0.000278692888756	0.000249575721274	0.00192173305381	4.15959535456e-06	0	0.000944228145486	0.000262054507338	0.0015473694719	0.00110229276896	0.000207979767728	7.90323117367e-05	3.32767628365e-05
0.000482513061129	0.000103989883864	7.90323117367e-05	0	0.00261222588267	7.48727163822e-05	0.0310014641776	0.0317085953878	0.025527436691	0.000636418089248	0.0693654121327	0.00363132674453	0.00903880070547	6.23939303185e-05	0.0155028118865	0.000553226182157	4.15959535456e-06	0.000503311037902	0.00192589264916	0.00235849056604	0.0064265748228	0.000203820172374	2.91171674819e-05	0.000910951382649	0.000499151442548	0	0.000578183754284	0.000166383814183	0.0143755615454	0.0123207214402	0.000291171674819	2.91171674819e-05	0.00130195334598	0.000653056470667	0.0124621476823	2.07979767728e-05	1.24787860637e-05	4.15959535456e-06	0	0.00519533459785	3.74363581911e-05	0	0	2.91171674819e-05	0.00339422980932	0.000212139363083	3.32767628365e-05	0.00162224218828	1.66383814183e-05	7.48727163822e-05	0.000166383814183	8.31919070913e-06	8.31919070913e-06	0	1.24787860637e-05	0.00433429835946	4.15959535456e-06	6.6553525673e-05	2.07979767728e-05	0.00550314465409	0	5.40747396093e-05	6.23939303185e-05	0.000128947455991	0.000341086819074	0	0	8.73515024458e-05	4.15959535456e-06	0.0010981331736	0.00180526438388	0.000187181790955	0.0120378689561	0.00228361784966	0.00047419387042	4.57555489002e-05	1.24787860637e-05	0.00038268277262	4.99151442548e-05	0.00110645236431	0.000320288842301	0.000374363581911	0.000128947455991	4.57555489002e-05
4.15959535456e-06	4.99151442548e-05	8.31919070913e-06	0	2.49575721274e-05	0	0.00143090080197	0.00153905028119	0.00416791454527	0.000158064623473	0.00363132674453	0.032989750757	0.000698812019567	0.00601893447805	0.00326112275798	3.74363581911e-05	3.74363581911e-05	0.00152657149512	0.0070213969585	0.00631426574823	0.00179278559782	9.15110978004e-05	2.49575721274e-05	0.000116468669928	0.000141426242055	0.00201740374696	0.00472114072743	0.000370203986556	0.000981664503677	0.00844813816512	0	0.00207563808193	0.000615620112475	0	0.01149712156	4.57555489002e-05	0.000178862600246	4.15959535456e-06	0	0.00023709693521	1.66383814183e-05	1.66383814183e-05	1.24787860637e-05	1.24787860637e-05	0.000486672656484	3.74363581911e-05	0.00128947455991	2.91171674819e-05	0.00397241356361	5.82343349639e-05	3.74363581911e-05	4.57555489002e-05	0	8.31919070913e-06	2.07979767728e-05	4.15959535456e-05	1.24787860637e-05	0.00014558583741	4.15959535456e-05	0.000653056470667	0.00202988253303	0.00116884629463	0.000515789823966	0.000207979767728	0.00023709693521	4.15959535456e-06	0.000299490865529	8.31919070913e-05	0	0.00138930484842	0.00137682606236	0.00425942564307	0.0114555256065	0.000594822135703	8.31919070913e-06	0	0.00112309074573	0.000199660577019	0.000836078666267	0.00118548467605	0.00095670693155	7.48727163822e-05	1.24787860637e-05	0.000910951382649
0	0.000133107051346	0	0	0.00401816911251	0.000511630228611	0.0132607899903	0.000449236298293	0.00365628431666	0.00230441582643	0.00903880070547	0.000698812019567	0.0351111443879	0	0.00301570663206	0.00392665801471	0	2.49575721274e-05	0.000303650460883	0.00023709693521	0.0127907557153	0	5.40747396093e-05	0	0.00254567235699	0	0.000128947455991	0.000199660577019	0.00153073109048	0.00160976340222	0	8.31919070913e-06	0.000786163522013	0	0.00142674120662	0	8.31919070913e-06	0	0	0.000116468669928	0	0	0	0	0.000103989883864	4.15959535456e-06	8.31919070913e-06	7.90323117367e-05	0	1.24787860637e-05	0	4.15959535456e-06	0	0	0	0.000108149479219	0	0	4.15959535456e-06	0.000133107051346	0	4.15959535456e-06	1.66383814183e-05	2.49575721274e-05	5.82343349639e-05	0	0	1.24787860637e-05	0	0.000137266646701	5.40747396093e-05	8.31919070913e-06	0.00129779375062	0.000220458553792	0.00247079964061	0.000103989883864	0	2.07979767728e-05	0	0.000128947455991	1.66383814183e-05	2.49575721274e-05	1.24787860637e-05	4.15959535456e-06
0	0.000345246414429	0	0	0	0	7.90323117367e-05	4.57555489002e-05	6.6553525673e-05	8.73515024458e-05	6.23939303185e-05	0.00601893447805	0	0.0177323549965	6.23939303185e-05	0	0	0	3.32767628365e-05	9.5670693155e-05	1.24787860637e-05	0	6.6553525673e-05	4.15959535456e-06	4.57555489002e-05	0.00558217696582	0.00292835512961	0.00465874679711	1.24787860637e-05	0.000149745432764	0	0.00201740374696	9.15110978004e-05	0	0.000216298958437	1.66383814183e-05	0.000249575721274	0	0	0	0	8.31919070913e-06	0	8.31919070913e-06	9.15110978004e-05	1.66383814183e-05	0.00102742005258	8.31919070913e-06	0.00561961332402	1.66383814183e-05	0	2.49575721274e-05	0	9.15110978004e-05	0.000249575721274	8.31919070913e-06	4.15959535456e-06	0.000137266646701	4.15959535456e-06	4.57555489002e-05	0.00496655685335	0.0059232637849	0.00299906825064	0	6.23939303185e-05	0	0.00102742005258	1.24787860637e-05	0	0.000133107051346	0.000141426242055	0.00129779375062	0.000353565605138	0.000203820172374	2.07979767728e-05	0	0.000694652424212	7.48727163822e-05	0.000403480749393	0.000116468669928	4.15959535456e-06	0	2.91171674819e-05	0.000490832251839
0.00921766330571	0	0.00283268443646	0	0.000124787860637	8.31919070913e-06	0.0105612126052	0.0154986522911	0.0313134338292	7.48727163822e-05	0.0155028118865	0.00326112275798	0.00301570663206	6.23939303185e-05	0.0448945126618	0.000120628265282	8.73515024458e-05	0.00129363415527	0.00119380386676	0.000553226182157	0.00270373698047	0.000831919070913	2.49575721274e-05	0.00502479118831	0.000320288842301	0	0.00128531496456	0.000632258493894	0.00424278726166	0.0148830321786	0.00328192073475	2.07979767728e-05	0.0022794582543	0.000732088782403	0.00734584539616	2.49575721274e-05	0	0	0	0.000153905028119	4.15959535456e-06	0	0	3.32767628365e-05	0.000245416125919	1.24787860637e-05	3.32767628365e-05	1.66383814183e-05	1.24787860637e-05	3.32767628365e-05	0	4.15959535456e-06	8.31919070913e-06	0	2.07979767728e-05	6.6553525673e-05	4.15959535456e-06	4.57555489002e-05	1.24787860637e-05	0.000320288842301	0	1.66383814183e-05	2.49575721274e-05	7.07131210276e-05	0.000212139363083	0	0	7.48727163822e-05	4.15959535456e-06	0.000565704968221	0.000486672656484	2.49575721274e-05	0.00704635453063	0.000969185717613	3.32767628365e-05	4.15959535456e-05	0	0.00028285248411	5.40747396093e-05	0.000490832251839	0.000124787860637	5.82343349639e-05	0.000141426242055	4.99151442548e-05
1.66383814183e-05	5.40747396093e-05	2.07979767728e-05	0	0.000436757512229	0.00189677548168	0.00247911883132	0.000873515024458	0.000320288842301	0.00146833716016	0.000553226182157	3.74363581911e-05	0.00392665801471	0	0.000120628265282	0.011110279192	0	3.74363581911e-05	1.24787860637e-05	8.31919070913e-06	0.000661375661376	8.31919070913e-06	8.31919070913e-06	8.31919070913e-05	0.00294083391568	0	9.98302885095e-05	0.000141426242055	0.00152241189977	0.000153905028119	2.07979767728e-05	0	0.000349406009783	0	0.000170543409537	4.99151442548e-05	4.15959535456e-05	8.31919070913e-06	0	4.99151442548e-05	0	4.15959535456e-06	4.99151442548e-05	5.82343349639e-05	0.00218378756115	4.15959535456e-06	0.000103989883864	1.66383814183e-05	8.31919070913e-06	2.91171674819e-05	4.15959535456e-06	4.15959535456e-06	3.32767628365e-05	6.23939303185e-05	0.000253735316628	3.74363581911e-05	8.31919070913e-06	3.74363581911e-05	0.000128947455991	8.31919070913e-05	0	0.000224618149146	0.000124787860637	4.57555489002e-05	4.99151442548e-05	6.6553525673e-05	0	5.40747396093e-05	1.24787860637e-05	0.000603141326412	0.000207979767728	5.40747396093e-05	0.000295331270174	9.15110978004e-05	0.00475857708562	0.000374363581911	0	0.00100246248045	0.00033692722372	0.00115220791321	0.000657216066021	0.000174703004892	0.000112309074573	3.32767628365e-05
6.6553525673e-05	0.000465874679711	7.07131210276e-05	0	4.15959535456e-06	0	8.31919070913e-06	4.57555489002e-05	0.000116468669928	1.66383814183e-05	4.15959535456e-06	3.74363581911e-05	0	0	8.73515024458e-05	0	0.0167506904928	5.82343349639e-05	2.07979767728e-05	0.000116468669928	0	0.00147665635087	0.00905127949153	0.00333183587901	0.00782835845729	0	0.000141426242055	0.00495823766264	0.00253319357093	6.6553525673e-05	0.000141426242055	0	4.15959535456e-06	0	0.000170543409537	0	0.000295331270174	1.66383814183e-05	0	1.66383814183e-05	0	4.15959535456e-06	0	0	2.07979767728e-05	0	0	8.31919070913e-06	0	0	0	7.48727163822e-05	8.31919070913e-06	0	4.15959535456e-06	1.24787860637e-05	9.15110978004e-05	0.00228777744501	0.000411799940102	1.66383814183e-05	0	0	0.00148081594622	4.15959535456e-06	4.15959535456e-06	0	0	8.31919070913e-06	0	4.15959535456e-06	0.00090263219194	0.000174703004892	0.000303650460883	0.000153905028119	8.31919070913e-06	0	0	0.000103989883864	4.15959535456e-06	1.24787860637e-05	1.24787860637e-05	0	4.15959535456e-06	0
0.0016846361186	0.00111061195967	0.00652224551596	0	4.15959535456e-06	1.66383814183e-05	2.07979767728e-05	0.000694652424212	0.00100246248045	0.000178862600246	0.000503311037902	0.00152657149512	2.49575721274e-05	0	0.00129363415527	3.74363581911e-05	5.82343349639e-05	0.0291837210076	0.00147665635087	0.00456723569931	0.000178862600246	0.000923430168713	7.48727163822e-05	0.017233203554	9.15110978004e-05	0	0.00599397690593	0.003918338824	0.000715450400985	0.000802801903431	0.00286180160394	0	8.31919070913e-06	5.82343349639e-05	0.00706299291205	2.07979767728e-05	0.000399321154038	0.00014558583741	0	0	0	4.15959535456e-06	0	0	0.000203820172374	0	4.15959535456e-06	0	0	8.31919070913e-06	0	0.000332767628365	0.00234601177997	1.24787860637e-05	0.00164304016505	0	0.000287012079465	0.000407640344747	0.00194669062594	7.90323117367e-05	0	0.000228777744501	0.0013185917274	0.000116468669928	1.66383814183e-05	4.57555489002e-05	0	0	0	0.000403480749393	0.00395993477754	0.00110229276896	0.00657632025557	0.00177198762104	1.66383814183e-05	0	0	0.0011813250807	0.00180526438388	0.000852717047686	0.000644737279957	0	0	0
0	0	4.15959535456e-06	0	8.31919070913e-06	0	0.00057402415893	0.000723769591694	0.00160560380686	0	0.00192589264916	0.0070213969585	0.000303650460883	3.32767628365e-05	0.00119380386676	1.24787860637e-05	2.07979767728e-05	0.00147665635087	0.00989567734851	0.00450484176899	0.000873515024458	6.23939303185e-05	0	4.99151442548e-05	2.07979767728e-05	8.31919070913e-06	0.00192173305381	0.000116468669928	0.000357725200492	0.00329855911617	0	1.24787860637e-05	4.15959535456e-06	0	0.00447572460151	0	0	0	0	0	0	0	0	0	1.24787860637e-05	0	1.24787860637e-05	0	0	0	0	0	0	8.31919070913e-06	1.24787860637e-05	0	0	8.31919070913e-06	4.15959535456e-06	1.24787860637e-05	8.31919070913e-06	0.000120628265282	8.31919070913e-06	0	0	0	0	0	0	2.07979767728e-05	0.0010981331736	0.000461715084357	0.00486672656484	0.000224618149146	4.15959535456e-06	0	0	9.5670693155e-05	2.49575721274e-05	1.66383814183e-05	4.15959535456e-06	0	0	0
2.91171674819e-05	0.000141426242055	8.31919070913e-06	0	2.07979767728e-05	0	0.000245416125919	0.00107733519683	0.00071960999634	2.07979767728e-05	0.00235849056604	0.00631426574823	0.00023709693521	9.5670693155e-05	0.000553226182157	8.31919070913e-06	0.000116468669928	0.00456723569931	0.00450484176899	0.0241630894147	0.000973345312968	0.000195500981665	2.91171674819e-05	0.000407640344747	0.000112309074573	0.000257894911983	0.00861036238395	0.00103989883864	0.00085687664304	0.00277445010149	8.31919070913e-06	1.24787860637e-05	7.07131210276e-05	0	0.00640161725067	4.15959535456e-06	0.000120628265282	4.15959535456e-06	0	4.15959535456e-06	0	0	0	0	4.57555489002e-05	0	2.49575721274e-05	4.15959535456e-06	0.000249575721274	4.15959535456e-06	0	1.24787860637e-05	5.82343349639e-05	2.07979767728e-05	0.00162640178363	4.15959535456e-06	9.15110978004e-05	0.000128947455991	5.82343349639e-05	3.32767628365e-05	0.000436757512229	0.0029200359389	0.00071129080563	8.31919070913e-06	1.24787860637e-05	4.15959535456e-05	0.000166383814183	0	0	9.98302885095e-05	0.00777428371768	0.00364796512595	0.0076536554524	0.00071129080563	9.98302885095e-05	0	0	0.000224618149146	0.000124787860637	0.000278692888756	1.66383814183e-05	0	4.15959535456e-06	1.24787860637e-05
0	2.07979767728e-05	0	0	0.00576103956607	3.74363581911e-05	0.00491248211374	0.000544906991448	0.003918338824	0.00051994941932	0.0064265748228	0.00179278559782	0.0127907557153	1.24787860637e-05	0.00270373698047	0.000661375661376	0	0.000178862600246	0.000873515024458	0.000973345312968	0.0210600312802	0	0	0	0.00123124022495	0	0.000253735316628	3.32767628365e-05	0.00261638547802	0.00352733686067	0	1.66383814183e-05	0.000499151442548	0	0.00376443379588	0	0	0	0	0.000328608033011	0	0	0	8.31919070913e-06	0.000195500981665	8.31919070913e-06	1.24787860637e-05	0.000128947455991	1.24787860637e-05	2.07979767728e-05	4.15959535456e-06	0	0	0	0	0.00028285248411	0	4.15959535456e-06	0	0.000357725200492	0	4.15959535456e-06	0	3.32767628365e-05	9.5670693155e-05	0	0	2.49575721274e-05	0	0.00028285248411	9.98302885095e-05	1.24787860637e-05	0.00325280356727	0.000623939303185	0.000366044391202	3.74363581911e-05	0	5.40747396093e-05	4.15959535456e-06	0.000262054507338	3.32767628365e-05	5.40747396093e-05	4.15959535456e-05	2.49575721274e-05
0.00090263219194	0.000162224218828	0.000207979767728	0	0	0	5.40747396093e-05	0.00287012079465	0.00101494126651	4.15959535456e-06	0.000203820172374	9.15110978004e-05	0	0	0.000831919070913	8.31919070913e-06	0.00147665635087	0.000923430168713	6.23939303185e-05	0.000195500981665	0	0.0337509567069	0.00163056137899	0.0166674985857	0.000391001963329	0	0.000478353465775	0.00133938970417	0.00606469002695	0.00223786230076	0.0111643539316	0	1.66383814183e-05	0.000183022195601	0.00534923962597	0	6.6553525673e-05	9.5670693155e-05	0	0	0	4.15959535456e-06	4.15959535456e-06	0	2.49575721274e-05	0	0	0	0	0	0	0.00028285248411	0.000112309074573	0	9.5670693155e-05	0	0.000199660577019	0.00212555322618	0.000948387740841	0	0	5.82343349639e-05	0.000486672656484	8.31919070913e-06	0	2.91171674819e-05	0	0	0	3.32767628365e-05	0.00399737113574	0.000220458553792	0.00396825396825	0.0010066220758	3.32767628365e-05	0	0	0.000120628265282	5.40747396093e-05	0.000149745432764	0.000124787860637	1.24787860637e-05	0	0
0	0.00569864563575	0.000112309074573	0	0	0	4.15959535456e-06	7.07131210276e-05	3.32767628365e-05	0.00536587800739	2.91171674819e-05	2.49575721274e-05	5.40747396093e-05	6.6553525673e-05	2.49575721274e-05	8.31919070913e-06	0.00905127949153	7.48727163822e-05	0	2.91171674819e-05	0	0.00163056137899	0.035206815081	0.00588998702206	0.011883963928	0.000836078666267	0.00033692722372	0.0117092609231	0.00245000166384	0.000103989883864	0.000203820172374	0	4.15959535456e-06	0	0.000295331270174	0	0.00236680975675	1.66383814183e-05	0	2.49575721274e-05	0	0	0	4.15959535456e-06	0.00081112109414	0	0	0	6.23939303185e-05	0	0	0.00180942397924	3.74363581911e-05	0	0.000178862600246	0	0.00187181790955	0.0149329473229	0.00293251472497	0.000158064623473	8.73515024458e-05	0.000120628265282	0.0103781904096	0.000823599880204	4.15959535456e-06	8.31919070913e-06	8.31919070913e-06	4.15959535456e-06	4.15959535456e-06	2.91171674819e-05	0.00112309074573	0.000162224218828	0.000553226182157	0.000366044391202	0.000565704968221	0	0	0.000673854447439	0.000133107051346	9.5670693155e-05	0.000116468669928	4.15959535456e-06	4.15959535456e-06	0
0.00456723569931	0.00306978137167	0.0208978070613	0	0	1.24787860637e-05	0.000112309074573	0.0054657082959	0.00361468836312	0.000299490865529	0.000910951382649	0.000116468669928	0	4.15959535456e-06	0.00502479118831	8.31919070913e-05	0.00333183587901	0.017233203554	4.99151442548e-05	0.000407640344747	0	0.0166674985857	0.00588998702206	0.0837784100363	0.000931749359422	0	0.00692572626535	0.0175451732056	0.00592742338025	0.00199244617484	0.00497487604406	0	3.32767628365e-05	0.000328608033011	0.00736248377758	0.000120628265282	0.00513710026289	0.00144337958803	0	4.15959535456e-06	0	0	8.31919070913e-06	0	0.00038268277262	0	2.91171674819e-05	8.31919070913e-06	0	4.15959535456e-05	0	0.0013643472763	0.00370619946092	3.32767628365e-05	0.00141842201591	8.31919070913e-06	0.000569864563575	0.00822352001597	0.00551562344015	0.000103989883864	4.15959535456e-06	0.000594822135703	0.0100371035906	0.000207979767728	9.5670693155e-05	8.73515024458e-05	0	0	0	0.000865195833749	0.0109064590197	0.00133938970417	0.00770357059665	0.00313217530199	0.000216298958437	0	0	0.0019134138631	0.00194253103058	0.00201324415161	0.00195500981665	1.66383814183e-05	0	0
0.000295331270174	0.00232937339856	0.000116468669928	0	0.00281604605504	0.0019134138631	0.00101494126651	0.000840238261622	0.000457555489002	0.00935492995241	0.000499151442548	0.000141426242055	0.00254567235699	4.57555489002e-05	0.000320288842301	0.00294083391568	0.00782835845729	9.15110978004e-05	2.07979767728e-05	0.000112309074573	0.00123124022495	0.000391001963329	0.011883963928	0.000931749359422	0.0411841536055	9.98302885095e-05	0.000332767628365	0.00429686200126	0.013655951549	0.000844397856976	0.00081112109414	1.24787860637e-05	0.000411799940102	4.15959535456e-06	0.000232937339856	0.000611460517121	0.000702971614921	1.24787860637e-05	0	0.000769525140594	4.15959535456e-06	4.15959535456e-05	0	0.000245416125919	0.00485008818342	0	9.5670693155e-05	2.07979767728e-05	8.31919070913e-06	0.000432597916875	8.31919070913e-06	4.15959535456e-06	2.49575721274e-05	3.32767628365e-05	0.000199660577019	3.32767628365e-05	0.00114388872251	0.00231689461249	0.00136018768094	0.00206731889122	4.15959535456e-06	0.000128947455991	0.000890153405877	0.000736248377758	0.000569864563575	0.00019134138631	0	0.000207979767728	0.000224618149146	0.000965026122259	0.00210059565405	0.00033692722372	0.000740407973112	0.000782003926658	0.00479185384846	0.000278692888756	0	0.000877674619813	0.000241256530565	0.00128115536921	0.000948387740841	0.000203820172374	0.000274533293401	4.15959535456e-05
0	0.00199660577019	0	0	0	0	0	0	0	0.000885993810522	0	0.00201740374696	0	0.00558217696582	0	0	0	0	8.31919070913e-06	0.000257894911983	0	0	0.000836078666267	0	9.98302885095e-05	0.0113848124854	0.00279524807827	0.00383930651226	0	0	0	9.15110978004e-05	0	0	2.49575721274e-05	1.66383814183e-05	0.000960866526904	0	0	0	0	4.15959535456e-06	0	0	0.000324448437656	8.31919070913e-06	0.000174703004892	1.24787860637e-05	0.00344830454893	1.24787860637e-05	0	2.91171674819e-05	0	0	0.000133107051346	1.66383814183e-05	8.31919070913e-06	0.000374363581911	4.15959535456e-06	0.000183022195601	0.00499983361619	0.00294499351103	0.00345662373964	0	1.24787860637e-05	0	0.00119380386676	0	0	2.91171674819e-05	5.40747396093e-05	4.99151442548e-05	0.000116468669928	0	4.15959535456e-06	0	0.000195500981665	2.07979767728e-05	9.98302885095e-05	4.99151442548e-05	0	0	0	6.23939303185e-05
0.000973345312968	0.00562793251472	0.00774100695484	0	0	0	0.000403480749393	0.000403480749393	0.00136850687165	0.000391001963329	0.000578183754284	0.00472114072743	0.000128947455991	0.00292835512961	0.00128531496456	9.98302885095e-05	0.000141426242055	0.00599397690593	0.00192173305381	0.00861036238395	0.000253735316628	0.000478353465775	0.00033692722372	0.00692572626535	0.000332767628365	0.00279524807827	0.0653555622109	0.0253360953046	0.00110645236431	0.00106069681541	0.000503311037902	0.00208395727264	5.40747396093e-05	1.24787860637e-05	0.00197580779342	0.000124787860637	0.00569032644504	0.000137266646701	0	4.15959535456e-05	1.24787860637e-05	4.57555489002e-05	8.31919070913e-06	8.31919070913e-06	0.00136018768094	7.90323117367e-05	0.000549066586802	0.000108149479219	0.0044674054108	8.31919070913e-05	2.91171674819e-05	0.000357725200492	0.000378523177265	0.000345246414429	0.00747479285215	0.000112309074573	0.000232937339856	0.00155152906725	0.000320288842301	0.000798642308076	0.00525772852817	0.012341519417	0.0118631659512	4.99151442548e-05	0.000137266646701	6.6553525673e-05	0.00216298958437	8.31919070913e-06	4.15959535456e-06	0.00122292103424	0.00595654054774	0.00281188645969	0.00221290472863	0.000320288842301	0.000137266646701	0	0	0.00249575721274	0.00138514525307	0.00179694519317	0.000524109014675	1.24787860637e-05	2.49575721274e-05	0.00028285248411
0.00107733519683	0.0285223453462	0.011696782137	0	0	4.15959535456e-05	2.91171674819e-05	0.000291171674819	0.000777844331303	0.00354813483744	0.000166383814183	0.000370203986556	0.000199660577019	0.00465874679711	0.000632258493894	0.000141426242055	0.00495823766264	0.003918338824	0.000116468669928	0.00103989883864	3.32767628365e-05	0.00133938970417	0.0117092609231	0.0175451732056	0.00429686200126	0.00383930651226	0.0253360953046	0.0921308775082	0.00133523010882	0.000158064623473	0.000341086819074	0.000361884795847	1.66383814183e-05	0	0.00274949252937	0.000112309074573	0.0224493361286	0.00061977970783	0	4.15959535456e-06	4.15959535456e-06	4.15959535456e-05	4.15959535456e-06	8.31919070913e-06	0.00123124022495	7.48727163822e-05	0.00042843832152	7.90323117367e-05	0.00419703171275	9.15110978004e-05	8.31919070913e-06	0.000694652424212	0.000885993810522	0.000141426242055	0.00391417922864	9.15110978004e-05	0.000166383814183	0.00725433429836	0.00135602808559	0.00076536554524	0.00422614888024	0.00727097267978	0.0301362683438	1.66383814183e-05	0.000103989883864	2.91171674819e-05	0.00180526438388	4.15959535456e-06	0	0.000935908954777	0.00556553858441	0.000166383814183	0.00298242986922	0.000532428205384	0.000840238261622	0	1.24787860637e-05	0.00178862600246	0.000707131210276	0.00210475524941	0.000553226182157	8.31919070913e-06	1.66383814183e-05	0.000266214102692
0.00163056137899	0.000320288842301	0.00155984825796	0	0.00466706598782	0.000478353465775	0.00441749026655	0.0261513759941	0.00680509800007	0.00682173638148	0.0143755615454	0.000981664503677	0.00153073109048	1.24787860637e-05	0.00424278726166	0.00152241189977	0.00253319357093	0.000715450400985	0.000357725200492	0.00085687664304	0.00261638547802	0.00606469002695	0.00245000166384	0.00592742338025	0.013655951549	0	0.00110645236431	0.00133523010882	0.0837617716549	0.00505806795115	0.00673854447439	1.66383814183e-05	0.00051994941932	0.000782003926658	0.00689244950251	0.00174287045356	7.90323117367e-05	8.73515024458e-05	0	0.0119754750258	4.99151442548e-05	0.000112309074573	3.74363581911e-05	0.000478353465775	0.0133315031114	0.000266214102692	0.000411799940102	0.00224618149146	2.49575721274e-05	0.00109397357825	0.000270373698047	8.31919070913e-05	0.000124787860637	0.000303650460883	0.000507470633257	0.00672606568833	0.000952547336195	0.00239592692423	0.00155984825796	0.0121709760075	8.31919070913e-06	0.000648896875312	0.000316129246947	0.00135602808559	0.00242088449636	0.000598981731057	4.15959535456e-06	0.000361884795847	0.000603141326412	0.00311969651592	0.00571528401717	0.000798642308076	0.00868939469568	0.00451732055506	0.00256231073841	0.00019134138631	1.24787860637e-05	0.00240840571029	0.00071960999634	0.00391417922864	0.00204236131909	0.00066553525673	0.000549066586802	0.00014558583741
0.00544075072377	4.15959535456e-06	6.6553525673e-05	0	0.00014558583741	8.31919070913e-06	0.00667615054408	0.0117716548534	0.012857309241	0.000361884795847	0.0123207214402	0.00844813816512	0.00160976340222	0.000149745432764	0.0148830321786	0.000153905028119	6.6553525673e-05	0.000802801903431	0.00329855911617	0.00277445010149	0.00352733686067	0.00223786230076	0.000103989883864	0.00199244617484	0.000844397856976	0	0.00106069681541	0.000158064623473	0.00505806795115	0.0484551262853	0.00951715417124	3.74363581911e-05	0.00392665801471	0.0038725832751	0.0211931383315	7.07131210276e-05	8.31919070913e-06	4.15959535456e-06	0	0.000723769591694	0	0	0	9.5670693155e-05	0.000723769591694	7.48727163822e-05	0.000116468669928	7.90323117367e-05	5.40747396093e-05	0.000112309074573	1.24787860637e-05	4.15959535456e-06	4.15959535456e-06	2.91171674819e-05	0.000470034275066	0.000266214102692	4.57555489002e-05	0.000128947455991	0.000108149479219	0.000935908954777	0	0.000149745432764	1.66383814183e-05	0.000341086819074	0.00066553525673	4.15959535456e-06	1.66383814183e-05	0.000187181790955	0	0.00210475524941	0.00148913513693	0.000203820172374	0.0156816744867	0.00235433097068	0.000108149479219	8.31919070913e-06	3.32767628365e-05	0.00141842201591	0.000561545372866	0.00200908455625	0.000424278726166	0.000316129246947	0.000320288842301	0.000141426242055
0.00718362117733	2.07979767728e-05	0.00102326045722	0	0	0	0.000141426242055	0.00762037868956	0.00213803201225	7.48727163822e-05	0.000291171674819	0	0	0	0.00328192073475	2.07979767728e-05	0.000141426242055	0.00286180160394	0	8.31919070913e-06	0	0.0111643539316	0.000203820172374	0.00497487604406	0.00081112109414	0	0.000503311037902	0.000341086819074	0.00673854447439	0.00951715417124	0.0413630162058	0	0	0.00238344813817	0.0092467804732	8.31919070913e-06	1.24787860637e-05	5.40747396093e-05	0	0	0	0	0	0	0.00014558583741	0	4.15959535456e-06	0	0	4.15959535456e-06	4.15959535456e-06	4.15959535456e-06	4.57555489002e-05	8.31919070913e-06	0.000806961498785	0	9.5670693155e-05	0.000885993810522	0.000361884795847	2.49575721274e-05	0	0.000112309074573	3.32767628365e-05	3.74363581911e-05	8.31919070913e-06	4.15959535456e-06	0	0	0	4.15959535456e-05	0.000449236298293	5.82343349639e-05	0.00435509633623	0.000511630228611	4.15959535456e-06	0	0	0.000994143289741	0.000915110978004	5.82343349639e-05	5.40747396093e-05	8.31919070913e-06	0	0
0	0	0	0	0	0	3.32767628365e-05	1.24787860637e-05	3.32767628365e-05	1.66383814183e-05	2.91171674819e-05	0.00207563808193	8.31919070913e-06	0.00201740374696	2.07979767728e-05	0	0	0	1.24787860637e-05	1.24787860637e-05	1.66383814183e-05	0	0	0	1.24787860637e-05	9.15110978004e-05	0.00208395727264	0.000361884795847	1.66383814183e-05	3.74363581911e-05	0	0.003460783335	4.15959535456e-06	0	4.99151442548e-05	0	1.24787860637e-05	0	0	1.66383814183e-05	0	0	4.15959535456e-06	0	2.07979767728e-05	0	1.24787860637e-05	0	0.000611460517121	0	0	0	0	4.15959535456e-06	4.15959535456e-06	0	0	0	0	3.32767628365e-05	0.000207979767728	0.000844397856976	0.000274533293401	8.31919070913e-06	4.15959535456e-06	0	0.000199660577019	0	0	7.90323117367e-05	4.57555489002e-05	0.000328608033011	6.6553525673e-05	4.15959535456e-06	0	0	0	8.31919070913e-06	0.000141426242055	7.90323117367e-05	6.6553525673e-05	4.15959535456e-06	0	2.49575721274e-05
0	0	4.15959535456e-06	0	5.40747396093e-05	0.000994143289741	0.0061977970783	0.000594822135703	0.00219626634721	0.000166383814183	0.00130195334598	0.000615620112475	0.000786163522013	9.15110978004e-05	0.0022794582543	0.000349406009783	4.15959535456e-06	8.31919070913e-06	4.15959535456e-06	7.07131210276e-05	0.000499151442548	1.66383814183e-05	4.15959535456e-06	3.32767628365e-05	0.000411799940102	0	5.40747396093e-05	1.66383814183e-05	0.00051994941932	0.00392665801471	0	4.15959535456e-06	0.00996223087418	0	0.00278692888756	1.66383814183e-05	0	0	0	0.000133107051346	0	0	0	4.99151442548e-05	0.000216298958437	1.24787860637e-05	4.15959535456e-05	2.07979767728e-05	2.49575721274e-05	3.74363581911e-05	0	8.31919070913e-06	0	1.24787860637e-05	3.74363581911e-05	5.82343349639e-05	1.24787860637e-05	8.31919070913e-06	1.24787860637e-05	0.000187181790955	0	5.82343349639e-05	1.66383814183e-05	6.23939303185e-05	0.000178862600246	0	1.24787860637e-05	7.90323117367e-05	0	0.00071960999634	0.00124787860637	9.98302885095e-05	0.00153073109048	0.000748727163822	0.000819440284849	0.000844397856976	0	0.000291171674819	8.73515024458e-05	0.000598981731057	0.000153905028119	4.99151442548e-05	0.000170543409537	6.23939303185e-05
0.000128947455991	0	2.49575721274e-05	0	0	0	0.000320288842301	0.00174287045356	0.000923430168713	4.15959535456e-06	0.000653056470667	0	0	0	0.000732088782403	0	0	5.82343349639e-05	0	0	0	0.000183022195601	0	0.000328608033011	4.15959535456e-06	0	1.24787860637e-05	0	0.000782003926658	0.0038725832751	0.00238344813817	0	0	0.0052826861003	0.00304482379954	0	0	0	0	0	0	0	0	0	2.07979767728e-05	0	0	0	0	0	0	0	0	0	3.32767628365e-05	0	0	0	0	0	0	4.15959535456e-06	0	0	0	0	0	0	0	2.49575721274e-05	1.66383814183e-05	1.24787860637e-05	0.000960866526904	2.91171674819e-05	0	0	0	3.74363581911e-05	3.74363581911e-05	2.91171674819e-05	1.24787860637e-05	4.15959535456e-06	0	0
0.00127699577385	4.99151442548e-05	0.000224618149146	0	0.000162224218828	0.000120628265282	0.00581095471033	0.0110354064757	0.010311636884	0.000133107051346	0.0124621476823	0.01149712156	0.00142674120662	0.000216298958437	0.00734584539616	0.000170543409537	0.000170543409537	0.00706299291205	0.00447572460151	0.00640161725067	0.00376443379588	0.00534923962597	0.000295331270174	0.00736248377758	0.000232937339856	2.49575721274e-05	0.00197580779342	0.00274949252937	0.00689244950251	0.0211931383315	0.0092467804732	4.99151442548e-05	0.00278692888756	0.00304482379954	0.0543659112842	2.49575721274e-05	0.000203820172374	0.000178862600246	0	0.000773684735949	4.15959535456e-06	4.15959535456e-06	4.15959535456e-06	0.000203820172374	0.000395161558684	7.07131210276e-05	0.000112309074573	8.73515024458e-05	4.15959535456e-05	0.000170543409537	3.32767628365e-05	1.24787860637e-05	0.000183022195601	1.66383814183e-05	0.00042843832152	0.000299490865529	0.000332767628365	0.000752886759176	0.000815280689495	0.000994143289741	0	0.000303650460883	0.000149745432764	0.000457555489002	0.000989983694386	4.15959535456e-06	4.15959535456e-06	0.000320288842301	0	0.0025997470966	0.00228361784966	0.000386842367974	0.0362300755383	0.00424278726166	0.00014558583741	0.000216298958437	7.90323117367e-05	0.001044058434	0.00047419387042	0.00245416125919	0.000615620112475	0.000370203986556	0.000607300921766	0.000162224218828
