0.0214144893381	0	0.0019375014163	0	0	0	0	0.003988307009	0.00505336626708	2.26608352784e-05	0	0	0	0	0.0102313671282	0	0	0	0	0	0	0.0016202497224	0	0.0038750028326	0.00185818849283	0	0	0	0.00511001835528	0.0130186498674	0.0184572503342	0	0	0.00527997461986	3.39912529176e-05	0	0	0	0	0	0	0	0	0	2.26608352784e-05	0	0	0	0	0	0	0	0	0	0	0	0	0	0	2.26608352784e-05	0	0	0	0	0	0	0	0	0	0	0	0	0	0	0	0	0	0	0	0	0	0	0	0
0	0.0320537515013	0.00423757619706	0	0	0	0	0	0	0.00512134877292	0	1.13304176392e-05	0	0.000192617099866	0	0	0.00098574633461	0	0	0	0	0	0.0108092184278	1.13304176392e-05	0.0044528541322	0.00464547123207	0.0118969385212	0.0294930771148	0	0	0	0	0	0	1.13304176392e-05	0	0.0126334156677	0	0	0	0	0	0	0	0	0	0	0	2.26608352784e-05	0	0	0	0	0	0	0	0	3.39912529176e-05	0	0	0.000158625846949	0.00194883183394	0.0125654331619	0	0	0	0	0	0	0	0	0	0	0	0	0	1.13304176392e-05	0	0	0	0	0	0	0
0.0019375014163	0.00423757619706	0.0708264406626	0	0	3.39912529176e-05	0	0	0.00308187359786	0.000883772575857	0	5.6652088196e-05	0	0	0.00330848195064	0	0.000237938770423	0.00182419723991	0	0	0	0.00207346642797	0.00371637698566	0.0325862811303	0.000305921276258	0	0.00654898139545	0.0271816719164	0.000543860046681	0.00377302907385	0.00146162387546	0	0	0.000113304176392	0.000339912529176	0	0.0138457703551	2.26608352784e-05	0	0	0	0	0	0	3.39912529176e-05	0	0	0	0	0	0	0.00380702032677	3.39912529176e-05	0	0	0	0	0.0107185750867	0.00583516508419	0	0	0	0.0210972376442	5.6652088196e-05	0	0	0	0	0	0	0.00595979967822	0.0019375014163	0.00827120487661	0.0078633098416	0.000305921276258	2.26608352784e-05	0	0.00014729542931	0.000101973758753	0.00013596501167	5.6652088196e-05	0	0	0
0	0	0	0	0	0	0	0	0	0	0	0	0	0	0	0	0	0	0	0	0	0	0	0	0	0	0	0	0	0	0	0	0	0	0	0	0	0	0	0	0	0	0	0	0	0	0	0	0	0	0	0	0	0	0	0	0	0	0	0	0	0	0	0	0	0	0	0	0	0	0	0	0	0	0	0	0	0	0	0	0	0	0	0
0	0	0	0	0.027102358993	0	0.00368238573274	0.000203947517505	0.00557456547848	0.000940424664053	0.00266264814521	0.00157492805185	0.0023114051984	0	0.00492873167305	4.53216705568e-05	0	0.000124634594031	0	0.000804459652383	0.00544993088445	0	0	0	0.020474064674	0	0.00123501552267	0	0.00977815042262	0.00625439053684	0	0	0	0.00318384735661	0.00578984341363	0	0	0	0	0.00163158014004	0	0	0.000101973758753	0	0.00721747603617	0.00158625846949	0	1.13304176392e-05	0	0	0	0	0	0	0	4.53216705568e-05	0	0	0	0.00819189195314	0	0	0	0.00721747603617	0	0	0	0	0	0	0.00107638967572	0	0.00496272292597	0.00028326044098	0.00013596501167	0	0	0	0	0	0	0	0	0
0	0	3.39912529176e-05	0	0	0.00511001835528	0.000351242946815	0	0.000464547123207	0.000555190464321	0	0	0	0	0	0.00171089306352	0	0.000113304176392	0	0	0	0.00084978132294	0	0.000747807564187	0.00041922545265	0	1.13304176392e-05	1.13304176392e-05	0.000249269188062	0	0	0	0.00056652088196	0	0.000668494640712	0	0	0	0	0	0	0	0	0	0	0	0	0	0	0	0	0	0	0	0	0	3.39912529176e-05	0	0	0	0	0	0	3.39912529176e-05	0	0	0	0	0	0	0.000555190464321	0	0.00172222348116	0.00166557139296	0.00355775113871	0.000362573364454	0	4.53216705568e-05	0	0	0	0	0	0
0	0	0	0	0.00368238573274	0.000351242946815	0.0390559496023	0.00182419723991	0.0177774252759	1.13304176392e-05	0.0168823222824	0.00305921276258	0.0160665322124	2.26608352784e-05	0.0120782252034	0.000226608352784	0	1.13304176392e-05	0.000294590858619	0.00118969385212	0.00489474042013	0	0	0	0.00126900677559	0	0.00258333522174	0	0.00466813206735	0.00597113009586	0	0	0.000271930023341	0	0.0056085567314	0	0	0	0	0	0	0	0	0	0	0	0	0.00152960638129	0	0	0	0	0	0	0	0	0	0	0	0	0	0	0	0	0	0	0	0	0	0	0.00186951891047	3.39912529176e-05	0.00184685807519	0.00013596501167	0.000271930023341	0.00013596501167	3.39912529176e-05	0	0	0	0	0	0	0
0.003988307009	0	0	0	0.000203947517505	0	0.00182419723991	0.0384667678851	0.0124181377326	0	0.00384101157969	0	0	0	0.00551791339029	0	0	0	0	0	0	0.00373903782093	0	0.00192617099866	0.000215277935145	0	0	0	0.0176641210995	0.0014163022049	0.0134831969906	0	0	0.000759137981826	0.000668494640712	0	0	0	0	0	0	0	0	0	0	0	0	0	0	0	0	0	0	0	0	0	0	0	0	0	0	0	0	0	0	0	0	0	0	0	0	0	1.13304176392e-05	0	0	0	0	0	0	0	0	0	0	0
0.00505336626708	0	0.00308187359786	0	0.00557456547848	0.000464547123207	0.0177774252759	0.0124181377326	0.0520179473815	0	0.00898502118788	0.000396564617372	0.00680958100116	0.000226608352784	0.0275895669514	2.26608352784e-05	0	0	0	0	0.00138231095198	0.00533662670806	0	0.00842983072356	0.00409028076775	2.26608352784e-05	0.000362573364454	0	0.0102087062929	0.00669627682476	0.00736477146548	0.000124634594031	0.00217544018673	2.26608352784e-05	0.00518933127875	0	0	0	0	0	0	0	0	0	0	0	0	0.000974415916971	0	0	0	0	0	0	0	0	0	0	0	0	0	0	0	0	0	0	0	0	0	0	0.00342178612704	0.000124634594031	0.00489474042013	0.000781798817104	0.000113304176392	0.001099050511	9.06433411136e-05	0	0	0	0	0	0	0
2.26608352784e-05	0.00512134877292	0.000883772575857	0	0.000940424664053	0.000555190464321	1.13304176392e-05	0	0	0.0312832831018	2.26608352784e-05	0	0.00123501552267	2.26608352784e-05	0	0.00478143624374	0.00084978132294	0	0	0	0.00056652088196	6.79825058352e-05	0.00712683269505	0.000509868793764	0.0218223843731	0.000407895035011	0.000781798817104	0.0050307054318	0.00481542749666	0.000668494640712	9.06433411136e-05	0	0	0.000691155475991	0.000611842552516	0	0	0	0	6.79825058352e-05	0	0	0	0	0.0104239842281	0	0	1.13304176392e-05	0	0	0	0.000396564617372	0	0	0	1.13304176392e-05	0	0.000883772575857	0	0.00594846926058	0	0	5.6652088196e-05	0.00819189195314	0	0	0	0	0	0	0.00186951891047	0	0.000192617099866	6.79825058352e-05	0.00585782591946	0	0	0.000373903782093	5.6652088196e-05	0	0	0	1.13304176392e-05	0
0	0	0	0	0.00266264814521	0	0.0168823222824	0.00384101157969	0.00898502118788	2.26608352784e-05	0.0344218087879	0.00322916902717	0.014729542931	0	0.00731944979492	1.13304176392e-05	0	0.00014729542931	1.13304176392e-05	0.00118969385212	0.00673026807768	0	0	0	0.00148428471073	0	0.0022547531102	0	0.00308187359786	0.00895102993496	0	0	0	0	0.00620906886628	0	0	0	0	0.000883772575857	0	0	1.13304176392e-05	0	0	0	0	0.00056652088196	0	0	0	0	0	0	0	0	0	0	0	5.6652088196e-05	0	0	0	5.6652088196e-05	0	0	0	0	0	0	0.00056652088196	0	0.0028326044098	0.000158625846949	5.6652088196e-05	0	5.6652088196e-05	0	0	0	0	0	0	0
0	1.13304176392e-05	5.6652088196e-05	0	0.00157492805185	0	0.00305921276258	0	0.000396564617372	0	0.00322916902717	0.0334247320356	0.00606177343697	0.00625439053684	0.00576718257835	0	0	0.0011557025992	0.0047701058261	0.00716082394797	0.00522332253167	0	1.13304176392e-05	0	0.00182419723991	0.00176754515171	0.0151940900542	0.000181286682227	0.00124634594031	0.015386707154	0	0.00307054318022	0.00223209227492	0.00126900677559	0.0196922658569	0	0	0	0	0	0	0	0	0	3.39912529176e-05	3.39912529176e-05	0.00182419723991	0.000317251693897	0.000917763828775	0	0	0	0	0	0	0	0	0	0	5.6652088196e-05	0.000815790070022	0.000430555870289	0.00014729542931	5.6652088196e-05	0	0	0.000113304176392	0	0	0	0.000917763828775	0.00336513403884	0.00580117383127	0.000385234199733	0	0	0.000351242946815	0.000192617099866	0.00172222348116	0	0	2.26608352784e-05	0	0.000804459652383
0	0	0	0	0.0023114051984	0	0.0160665322124	0	0.00680958100116	0.00123501552267	0.014729542931	0.00606177343697	0.0357814589046	0	0.010707244669	0.00130299802851	0	0.00014729542931	0.000237938770423	0.00243603979243	0.0136984749258	0	0	0	0.000532529629042	0	0.00453216705568	0	0	0.0122595118856	0	0	0	0	0.00883772575857	0	0	0	0	0.000396564617372	0	0	0	0	0	0	0	0.00348976863287	0	0	0	0	0	0	0	0	0	0	0	1.13304176392e-05	0	0	0	1.13304176392e-05	0	0	0	0	0	0	0.000487207958485	2.26608352784e-05	0.00296856942147	9.06433411136e-05	0.000509868793764	0	5.6652088196e-05	0	0	0	0	0	0	0
0	0.000192617099866	0	0	0	0	2.26608352784e-05	0	0.000226608352784	2.26608352784e-05	0	0.00625439053684	0	0.0184459199166	0.0013596501167	0	0	0	0	0	0	0	4.53216705568e-05	0	2.26608352784e-05	0.00794262276508	0.00137098053434	0.00629971220739	0	0.00172222348116	0	0.00499671417888	0.00158625846949	0	0.0023114051984	0	5.6652088196e-05	0	0	0	0	0	0	0	3.39912529176e-05	0	0.00336513403884	0	0.00430555870289	0	0	0	0	0	0	0	0	0	0	0	0.00328582111537	0.00404495909719	0.00124634594031	0	0	0	0.000305921276258	0	0	0.00028326044098	0	0.0025153527159	9.06433411136e-05	0	0	0	0.000407895035011	0	0.00247003104534	3.39912529176e-05	0	0	0	0.00137098053434
0.0102313671282	0	0.00330848195064	0	0.00492873167305	0	0.0120782252034	0.00551791339029	0.0275895669514	0	0.00731944979492	0.00576718257835	0.010707244669	0.0013596501167	0.0492533254776	0	0	0	0.00113304176392	0.000328582111537	0.00376169865621	0.00369371615038	0	0.00739876271839	0.00325182986245	0.000101973758753	0.00291191733327	0	0.00893969951732	0.0207346642797	0.0124181377326	0.000453216705568	0.00188084932811	0.000475877540846	0.00779532733577	0	0	0	0	0	0	0	0	0	0	0	0	0.00196016225158	0	0	0	0	0	0	0	0	0	0	0	0	0	0	0	0	0	0	0	0	0	0	0.000498538376125	0.000181286682227	0.000827120487661	0.000101973758753	1.13304176392e-05	0	0.00013596501167	0	0	0	0	0	0	0
0	0	0	0	4.53216705568e-05	0.00171089306352	0.000226608352784	0	2.26608352784e-05	0.00478143624374	1.13304176392e-05	0	0.00130299802851	0	0	0.00977815042262	0	0	0	0	0.000305921276258	0.000113304176392	0	4.53216705568e-05	0.00411294160303	0	0	0	0.00138231095198	0.000317251693897	5.6652088196e-05	0	0	0.000691155475991	0.00146162387546	0	0	0	0	0	0	0	0	0	2.26608352784e-05	0	0	3.39912529176e-05	0	0	0	0	0	0	0	0	0	0	0	0	0	0	0	1.13304176392e-05	0	0	0	0	0	0	0.00137098053434	0	0.00196016225158	0.00175621473408	0.00679825058352	0	0	2.26608352784e-05	0	0	0	0	0	0
0	0.00098574633461	0.000237938770423	0	0	0	0	0	0	0.00084978132294	0	0	0	0	0	0	0.0180040336287	0	0	0	0	0.000747807564187	0.0131659452967	0.00889437784677	0.00362573364454	0.00014729542931	3.39912529176e-05	0.00615241677808	0.00166557139296	0	0	0	0	0	0	0	0	0	0	0	0	0	0	0	0.000430555870289	0	0	0	0	0	0	0.00480409707902	0	0	0	0	0.000305921276258	0.00662829431893	0.000623172970156	0.00111038092864	0	0	0	0.00336513403884	0	0	0	0	0	0	0.00100840716989	0.000362573364454	0	0	0	0	0	1.13304176392e-05	1.13304176392e-05	0	0	0	0	0
0	0	0.00182419723991	0	0.000124634594031	0.000113304176392	1.13304176392e-05	0	0	0	0.00014729542931	0.0011557025992	0.00014729542931	0	0	0	0	0.0180493552992	0	0.00496272292597	9.06433411136e-05	0.000237938770423	0	0.00301389109203	0.00014729542931	0	0.00561988714904	6.79825058352e-05	0.000271930023341	0.000373903782093	4.53216705568e-05	0	0	0.00013596501167	0.0116363389155	0	4.53216705568e-05	3.39912529176e-05	0	0	0	0	0	0	0	0	0	2.26608352784e-05	0	0	0	1.13304176392e-05	0	0	0	0	0	0	9.06433411136e-05	0	0	6.79825058352e-05	0.00134831969906	0	0	0	0	0	0	0	0.000339912529176	1.13304176392e-05	0.00733078021256	0.00292324775091	0.000113304176392	0	0	0.000113304176392	0	9.06433411136e-05	0.000249269188062	0	0	0
0	0	0	0	0	0	0.000294590858619	0	0	0	1.13304176392e-05	0.0047701058261	0.000237938770423	0	0.00113304176392	0	0	0	0.00526864420223	0.000781798817104	0.000124634594031	0	0	0	0	0	0.00234539645131	0	0	0.00158625846949	0	0	0	0	0.00168823222824	0	0	0	0	0	0	0	0	0	0	0	0	0	0	0	0	0	0	0	0	0	0	0	0	0	0	0	0	0	0	0	0	0	0	0	4.53216705568e-05	3.39912529176e-05	4.53216705568e-05	3.39912529176e-05	0	0	0	0	0	0	0	0	0	0
0	0	0	0	0.000804459652383	0	0.00118969385212	0	0	0	0.00118969385212	0.00716082394797	0.00243603979243	0	0.000328582111537	0	0	0.00496272292597	0.000781798817104	0.0137324661787	0.00217544018673	1.13304176392e-05	0	3.39912529176e-05	0.000951755081692	0	0.00657164223073	0	0.0008384509053	0.00412427202067	0	0	0	0.000736477146548	0.011115139704	0	0	0	0	0	0	0	0	0	0	0	0	0.000203947517505	0	0	0	0	0	0	0	0	0	0	0	0	0	1.13304176392e-05	6.79825058352e-05	0	0	0	0	0	0	0	7.93129234744e-05	1.13304176392e-05	0.00487207958485	0.000679825058352	0	0	0	2.26608352784e-05	0	0	1.13304176392e-05	0	0	0
0	0	0	0	0.00544993088445	0	0.00489474042013	0	0.00138231095198	0.00056652088196	0.00673026807768	0.00522332253167	0.0136984749258	0	0.00376169865621	0.000305921276258	0	9.06433411136e-05	0.000124634594031	0.00217544018673	0.0192277187337	0	0	0	0.00331981236828	0	0.0039316549208	0	0.000158625846949	0.00905300369372	0	0	0	0	0.00741009313603	0	0	0	0	0.000951755081692	0	0	1.13304176392e-05	0	0.000317251693897	0.00013596501167	0	0.00174488431644	0	0	0	0	0	0	0	2.26608352784e-05	0	0	0	0.000351242946815	0	0	0	0.000339912529176	0	0	0	0	0	0	0.000215277935145	2.26608352784e-05	0.00279861315688	0.00013596501167	0.000430555870289	0	0	0	0	0	0	0	0	0
0.0016202497224	0	0.00207346642797	0	0	0.00084978132294	0	0.00373903782093	0.00533662670806	6.79825058352e-05	0	0	0	0	0.00369371615038	0.000113304176392	0.000747807564187	0.000237938770423	0	1.13304176392e-05	0	0.0403249563779	0.000600512134877	0.0249722404768	5.6652088196e-05	0	1.13304176392e-05	2.26608352784e-05	0.00687756350699	0.00201681433978	0.0105486188221	0	0	0.000725146728908	0.00864510865871	0	0	0	0	0	0	0	0	0	0	0	0	0	0	0	0	0.000645833805434	0	0	0	0	0.000317251693897	0.00122368510503	0	0.000543860046681	0	0	0	0.00125767635795	0	0	0	0	0	0	0.00177887556935	7.93129234744e-05	0.00755738856534	0.00346710779759	0.00202814475742	0.000385234199733	0	4.53216705568e-05	0	0	0	0	0	0
0	0.0108092184278	0.00371637698566	0	0	0	0	0	0	0.00712683269505	0	1.13304176392e-05	0	4.53216705568e-05	0	0	0.0131659452967	0	0	0	0	0.000600512134877	0.0452536880509	0.0169049831177	0.0123841464796	0.00169956264588	0.0019375014163	0.0215957760203	0.00350109905051	0	0	0	0	0	1.13304176392e-05	0	0	0	0	0	0	0	0	0	0.00360307280926	0	0	0	0	0	0	0.0140950395432	0	0	0	0	0.000577851299599	0.0213011851617	0.00581250424891	0.00316118652134	0	0	0.00236805728659	0.00763670148882	0	0	0	0	0	0	0	0	0	0	0	0	0	1.13304176392e-05	1.13304176392e-05	0	0	0	0	0
0.0038750028326	1.13304176392e-05	0.0325862811303	0	0	0.000747807564187	0	0.00192617099866	0.00842983072356	0.000509868793764	0	0	0	0	0.00739876271839	4.53216705568e-05	0.00889437784677	0.00301389109203	0	3.39912529176e-05	0	0.0249722404768	0.0169049831177	0.0966031407918	3.39912529176e-05	0	0.00149561512837	0.0108092184278	0.00430555870289	0.00577851299599	0.00819189195314	0	0	0.000237938770423	0.00601645176641	0	0	5.6652088196e-05	0	0	0	0	0	0	0	0	0	0	0	0	0	0.0153413854835	5.6652088196e-05	0	0	0	0.000623172970156	0.0226268440255	0.0153187246482	0.000509868793764	0	3.39912529176e-05	0.00217544018673	0.00268530898049	0	0	0	0	0	0	0.00521199211403	0.000963085499332	0.0157492805185	0.0137324661787	0.00216410976909	0.000396564617372	0	0.00014729542931	1.13304176392e-05	0.000215277935145	0.000124634594031	0	0	0
0.00185818849283	0.0044528541322	0.000305921276258	0	0.020474064674	0.00041922545265	0.00126900677559	0.000215277935145	0.00409028076775	0.0218223843731	0.00148428471073	0.00182419723991	0.000532529629042	2.26608352784e-05	0.00325182986245	0.00411294160303	0.00362573364454	0.00014729542931	0	0.000951755081692	0.00331981236828	5.6652088196e-05	0.0123841464796	3.39912529176e-05	0.0779985950282	0.00056652088196	0.00292324775091	0.00494006209069	0.0329941761653	0.0167236964355	0.00617507761336	0	0	0.0152507421424	0.015669967595	0	0	0	0	0.00114437218156	0	0	0.000113304176392	0	0.0222982619139	0.00159758888713	0	1.13304176392e-05	0	0	0	2.26608352784e-05	0	0	0	4.53216705568e-05	0	0.00293457816855	0	0.0207120034444	0	0	4.53216705568e-05	0.0196809354393	0	0	0	0	0	0	0.00557456547848	0.000158625846949	0.0109678442747	0.00250402229826	0.00494006209069	6.79825058352e-05	0	0.000305921276258	0.000101973758753	0	0	0	0	0
0	0.00464547123207	0	0	0	0	0	0	2.26608352784e-05	0.000407895035011	0	0.00176754515171	0	0.00794262276508	0.000101973758753	0	0.00014729542931	0	0	0	0	0	0.00169956264588	0	0.00056652088196	0.0172109043939	0.00474744499082	0.0105032971515	0	0.00013596501167	0	0.0019941535045	0.000498538376125	0	0.000815790070022	0	0.00313852568606	0	0	0	0	0	0	0	0	0	0.00208479684561	0	0.00271930023341	0	0	0	0	0	0	0	0	0	0	0	0.00370504656802	0.00282127399216	0.00403362867955	0	0	0	0.000158625846949	0	0	2.26608352784e-05	0	0.00133698928142	3.39912529176e-05	0	0	0	0.000589181717238	0	0.000951755081692	3.39912529176e-05	0	0	0	0.00104239842281
0	0.0118969385212	0.00654898139545	0	0.00123501552267	1.13304176392e-05	0.00258333522174	0	0.000362573364454	0.000781798817104	0.0022547531102	0.0151940900542	0.00453216705568	0.00137098053434	0.00291191733327	0	3.39912529176e-05	0.00561988714904	0.00234539645131	0.00657164223073	0.0039316549208	1.13304176392e-05	0.0019375014163	0.00149561512837	0.00292324775091	0.00474744499082	0.0897369077024	0.0276575494573	0.00130299802851	0.0104013233928	1.13304176392e-05	0.003988307009	0.000328582111537	0.00149561512837	0.0163724534886	0	0.01526207256	0	0	0	0	0	0	0	4.53216705568e-05	3.39912529176e-05	0.000679825058352	0.000101973758753	0.00041922545265	0	0	0.000124634594031	0	0.00318384735661	0.000917763828775	0	0	5.6652088196e-05	0.000124634594031	5.6652088196e-05	0.00185818849283	0.0156473067597	0.0177660948583	6.79825058352e-05	0	0	3.39912529176e-05	0	0	0	0.00924562079358	0.00898502118788	0.011557025992	0.00342178612704	1.13304176392e-05	3.39912529176e-05	0.000113304176392	0.000226608352784	0.00223209227492	0	2.26608352784e-05	2.26608352784e-05	0	7.93129234744e-05
0	0.0294930771148	0.0271816719164	0	0	1.13304176392e-05	0	0	0	0.0050307054318	0	0.000181286682227	0	0.00629971220739	0	0	0.00615241677808	6.79825058352e-05	0	0	0	2.26608352784e-05	0.0215957760203	0.0108092184278	0.00494006209069	0.0105032971515	0.0276575494573	0.101622515806	0.000260599605701	9.06433411136e-05	0	0.00207346642797	0	9.06433411136e-05	0.000124634594031	0	0.0268530898049	0	0	0	0	0	0	0	2.26608352784e-05	0	0.000169956264588	0	0.00185818849283	0	0	0.00714949353033	0	0.00041922545265	9.06433411136e-05	0	0	0.0203154388271	0.0030932040155	0	0.0025153527159	0.0133019103084	0.0409707901833	4.53216705568e-05	0	0	6.79825058352e-05	0	0	0	0.00270796981577	0.00129166761087	0.00041922545265	0.000260599605701	1.13304176392e-05	0	0	6.79825058352e-05	0.000498538376125	0	0	0	0	0
0.00511001835528	0	0.000543860046681	0	0.00977815042262	0.000249269188062	0.00466813206735	0.0176641210995	0.0102087062929	0.00481542749666	0.00308187359786	0.00124634594031	0	0	0.00893969951732	0.00138231095198	0.00166557139296	0.000271930023341	0	0.0008384509053	0.000158625846949	0.00687756350699	0.00350109905051	0.00430555870289	0.0329941761653	0	0.00130299802851	0.000260599605701	0.0954700990279	0.0289038953976	0.026943733146	0	0	0.0275215844456	0.0226155136078	0	0	0	0	1.13304176392e-05	0	0	2.26608352784e-05	0	0.0107299055043	0	0	0	0	0	0	0.000317251693897	0	0	0	0	9.06433411136e-05	0.00337646445648	0	0.0120668947857	0	0	3.39912529176e-05	0.0102087062929	0	0	0	0	0	0	0.00893969951732	0.000611842552516	0.0141970133019	0.00412427202067	0.000657164223073	0.000101973758753	0	0.000260599605701	9.06433411136e-05	0	0	0	0	0
0.0130186498674	0	0.00377302907385	0	0.00625439053684	0	0.00597113009586	0.0014163022049	0.00669627682476	0.000668494640712	0.00895102993496	0.015386707154	0.0122595118856	0.00172222348116	0.0207346642797	0.000317251693897	0	0.000373903782093	0.00158625846949	0.00412427202067	0.00905300369372	0.00201681433978	0	0.00577851299599	0.0167236964355	0.00013596501167	0.0104013233928	9.06433411136e-05	0.0289038953976	0.0780779079517	0.0246436583652	0.000498538376125	0.00214144893381	0.0286432957919	0.0394298533844	0	0	0	0	0.000215277935145	0	0	0.000226608352784	0	0.000951755081692	0.000623172970156	0	0.000917763828775	0	0	0	0	0	0	0	0.000113304176392	0	0	0	0.00312719526842	0	0	0.000237938770423	0.00241337895715	0	0	0	0	0	0	0.00770468399465	0.000362573364454	0.0187631716105	0.00172222348116	6.79825058352e-05	1.13304176392e-05	0.000169956264588	0.00137098053434	0.000226608352784	0	0	2.26608352784e-05	1.13304176392e-05	0
0.0184572503342	0	0.00146162387546	0	0	0	0	0.0134831969906	0.00736477146548	9.06433411136e-05	0	0	0	0	0.0124181377326	5.6652088196e-05	0	4.53216705568e-05	0	0	0	0.0105486188221	0	0.00819189195314	0.00617507761336	0	1.13304176392e-05	0	0.026943733146	0.0246436583652	0.0583176595889	0	0	0.0163724534886	0.00616374719572	0	0	0	0	0	0	0	0	0	7.93129234744e-05	0	0	0	0	0	0	0	0	0	0	0	0	0	0	3.39912529176e-05	0	0	1.13304176392e-05	1.13304176392e-05	0	0	0	0	0	0	1.13304176392e-05	0	0.00140497178726	0.000260599605701	6.79825058352e-05	1.13304176392e-05	0	3.39912529176e-05	1.13304176392e-05	0	0	0	0	0
0	0	0	0	0	0	0	0	0.000124634594031	0	0	0.00307054318022	0	0.00499671417888	0.000453216705568	0	0	0	0	0	0	0	0	0	0	0.0019941535045	0.003988307009	0.00207346642797	0	0.000498538376125	0	0.00969883749915	0.000203947517505	0	0.000521199211403	0	0	0	0	0	0	0	0	0	0	0	0.00233406603367	0	0.00334247320356	0	0	0	0	0	0	0	0	0	0	0	0.000725146728908	0.00344444696232	0.00140497178726	0	0	0	0.000339912529176	0	0	0	0	0.00294590858619	0	0	0	0	4.53216705568e-05	0	0.00358041197399	0	0	0	0	0.000260599605701
0	0	0	0	0	0.00056652088196	0.000271930023341	0	0.00217544018673	0	0	0.00223209227492	0	0.00158625846949	0.00188084932811	0	0	0	0	0	0	0	0	0	0	0.000498538376125	0.000328582111537	0	0	0.00214144893381	0	0.000203947517505	0.00593713884294	0	0.00447551496748	0	0	0	0	0	0	0	0	0	0	0	0	0	0	0	0	0	0	0	0	0	0	0	0	0	0	0	0	0	0	0	0	0	0	0	0.000793129234744	0.000260599605701	0.00159758888713	0.00028326044098	9.06433411136e-05	0.0014163022049	0.000158625846949	0	0	0	0	0	0	0
0.00527997461986	0	0.000113304176392	0	0.00318384735661	0	0	0.000759137981826	2.26608352784e-05	0.000691155475991	0	0.00126900677559	0	0	0.000475877540846	0.000691155475991	0	0.00013596501167	0	0.000736477146548	0	0.000725146728908	0	0.000237938770423	0.0152507421424	0	0.00149561512837	9.06433411136e-05	0.0275215844456	0.0286432957919	0.0163724534886	0	0	0.0346824083936	0.0188084932811	0	0	0	0	0	0	0	0	0	0.000895102993496	0	0	0	0	0	0	0	0	0	0	0	0	0	0	0.000169956264588	0	0	0.000101973758753	0.000657164223073	0	0	0	0	0	0	0.00256067438646	6.79825058352e-05	0.00982347209318	0.00230007478076	0.000101973758753	4.53216705568e-05	0	0.00056652088196	0.000101973758753	0	0	0	1.13304176392e-05	0
3.39912529176e-05	1.13304176392e-05	0.000339912529176	0	0.00578984341363	0.000668494640712	0.0056085567314	0.000668494640712	0.00518933127875	0.000611842552516	0.00620906886628	0.0196922658569	0.00883772575857	0.0023114051984	0.00779532733577	0.00146162387546	0	0.0116363389155	0.00168823222824	0.011115139704	0.00741009313603	0.00864510865871	1.13304176392e-05	0.00601645176641	0.015669967595	0.000815790070022	0.0163724534886	0.000124634594031	0.0226155136078	0.0394298533844	0.00616374719572	0.000521199211403	0.00447551496748	0.0188084932811	0.0844229418296	0	0	2.26608352784e-05	0	0.000215277935145	0	0	0.000226608352784	0	0.00100840716989	0.000623172970156	0	0.000589181717238	0	0	0	0	0	0	0	0.000113304176392	0	0	4.53216705568e-05	0.00307054318022	0	4.53216705568e-05	0.00116703301684	0.00235672686895	0	0	0	0	0	0	0.0127693806794	0.000634503387795	0.0407668426658	0.00852047406467	0.00108772009336	0.00103106800517	0.000532529629042	0.00172222348116	0.000305921276258	6.79825058352e-05	0.000203947517505	2.26608352784e-05	1.13304176392e-05	0
0	0	0	0	0	0	0	0	0	0	0	0	0	0	0	0	0	0	0	0	0	0	0	0	0	0	0	0	0	0	0	0	0	0	0	0.0287565999683	0	0	0	0	0	0.000373903782093	0.0128940152734	0.00207346642797	0	0.00104239842281	0	0	0	0.0220716535612	0	0	0	0	0	0	0.00267397856285	0	0.00544993088445	0	0	0	0	0.00454349747332	0.0126900677559	0.00395431575608	0	0	0.00014729542931	0.00133698928142	0	0	0	0	0	0	0	0	0	0	0	0	0	0
0	0.0126334156677	0.0138457703551	0	0	0	0	0	0	0	0	0	0	5.6652088196e-05	0	0	0	4.53216705568e-05	0	0	0	0	0	0	0	0.00313852568606	0.01526207256	0.0268530898049	0	0	0	0	0	0	0	0	0.044936436357	0	0	0	0	0	0	0	0.00174488431644	0	0	0	0.000203947517505	0	0	0.000475877540846	0	0	0	0	0	0.00564254798432	0	0.00337646445648	0.0017335538988	0.00538194837862	0.0411634072832	0.000532529629042	0	0	0	0	0	0	1.13304176392e-05	0	0	0	0	0	0	1.13304176392e-05	0	0	0	0	0	0
0	0	2.26608352784e-05	0	0	0	0	0	0	0	0	0	0	0	0	0	0	3.39912529176e-05	0	0	0	0	0	5.6652088196e-05	0	0	0	0	0	0	0	0	0	0	2.26608352784e-05	0	0	0.026003308482	0	0	0	0	1.13304176392e-05	1.13304176392e-05	0	0	0	0	0	3.39912529176e-05	0	0	0.00784064900632	0	0.00121235468739	0	0.000453216705568	0	0.0135398490788	0	0	0.00600512134877	0.00230007478076	9.06433411136e-05	0	1.13304176392e-05	0	0	0	0.000441886287929	0	0	9.06433411136e-05	9.06433411136e-05	0	0	0	3.39912529176e-05	0	0.00104239842281	0.000215277935145	5.6652088196e-05	0.000113304176392	0
0	0	0	0	0	0	0	0	0	0	0	0	0	0	0	0	0	0	0	0	0	0	0	0	0	0	0	0	0	0	0	0	0	0	0	0	0	0	0	0	0	0	0	0	0	0	0	0	0	0	0	0	0	0	0	0	0	0	0	0	0	0	0	0	0	0	0	0	0	0	0	0	0	0	0	0	0	0	0	0	0	0	0	0
0	0	0	0	0.00163158014004	0	0	0	0	6.79825058352e-05	0.000883772575857	0	0.000396564617372	0	0	0	0	0	0	0	0.000951755081692	0	0	0	0.00114437218156	0	0	0	1.13304176392e-05	0.000215277935145	0	0	0	0	0.000215277935145	0	0	0	0	0.012780711097	0.00014729542931	0.000747807564187	0.000203947517505	7.93129234744e-05	0.00124634594031	0.00372770740329	0.000611842552516	0.00380702032677	1.13304176392e-05	0.000532529629042	0.000407895035011	0	0	0.00014729542931	3.39912529176e-05	0.00752339731242	0	1.13304176392e-05	0	0.00243603979243	0	0	0	0.00356908155635	0.000475877540846	0	0	0	0	0.000430555870289	3.39912529176e-05	0	0.000215277935145	0	0	0	0	0.00013596501167	0	0.000634503387795	1.13304176392e-05	0.000237938770423	0	0
0	0	0	0	0	0	0	0	0	0	0	0	0	0	0	0	0	0	0	0	0	0	0	0	0	0	0	0	0	0	0	0	0	0	0	0	0	0	0	0.00014729542931	0.00568786965488	0.00311586485078	2.26608352784e-05	5.6652088196e-05	0.00156359763421	0	1.13304176392e-05	0.000543860046681	0	0	0.00291191733327	0	0	0	1.13304176392e-05	0.000158625846949	3.39912529176e-05	0	1.13304176392e-05	0.0014729542931	0	0	0	0.00041922545265	0	0	0	0.000362573364454	0	0.000543860046681	0	0	0	0	0	0	0	0.00028326044098	0	0.000226608352784	0.00041922545265	0.000861111740579	0.00194883183394	2.26608352784e-05
0	0	0	0	0	0	0	0	0	0	0	0	0	0	0	0	0	0	0	0	0	0	0	0	0	0	0	0	0	0	0	0	0	0	0	0.000373903782093	0	0	0	0.000747807564187	0.00311586485078	0.0277821840513	0.00133698928142	0.0111604613746	0.000713816311269	0.0135511794965	0.00216410976909	0.00446418454984	6.79825058352e-05	0.00311586485078	0.00452083663804	0	0	2.26608352784e-05	4.53216705568e-05	0.000997076752249	6.79825058352e-05	0	1.13304176392e-05	0.000577851299599	0	2.26608352784e-05	0	0.00111038092864	0.000929094246414	0	0	0.000725146728908	0	0.00364839447982	0	0	0	0	0	0	0	0.00108772009336	0.000169956264588	0.00327449069773	0.000906433411136	0.00217544018673	0.0028326044098	6.79825058352e-05
0	0	0	0	0.000101973758753	0	0	0	0	0	1.13304176392e-05	0	0	0	0	0	0	0	0	0	1.13304176392e-05	0	0	0	0.000113304176392	0	0	0	2.26608352784e-05	0.000226608352784	0	0	0	0	0.000226608352784	0.0128940152734	0	1.13304176392e-05	0	0.000203947517505	2.26608352784e-05	0.00133698928142	0.0684017312878	0.0106052709103	0	0.0116136780802	0.00155226721657	0	0	0.0265924901992	0.00014729542931	0	5.6652088196e-05	0.00156359763421	0.000940424664053	0.000226608352784	0.00903034285844	0	0.00414693285595	0.000759137981826	0	5.6652088196e-05	0	0.0255954134469	0.00773867524757	0.011840286433	0	0	3.39912529176e-05	0.00137098053434	0.000169956264588	0	0.000226608352784	0	0	0	0	0.000532529629042	1.13304176392e-05	0.00179020598699	1.13304176392e-05	3.39912529176e-05	9.06433411136e-05	0
0	0	0	0	0	0	0	0	0	0	0	0	0	0	0	0	0	0	0	0	0	0	0	0	0	0	0	0	0	0	0	0	0	0	0	0.00207346642797	0	1.13304176392e-05	0	7.93129234744e-05	5.6652088196e-05	0.0111604613746	0.0106052709103	0.0284053570215	0	0.0146728908428	0.000385234199733	0.00028326044098	0	0.0136871445081	0.00184685807519	0	5.6652088196e-05	4.53216705568e-05	4.53216705568e-05	0.00070248589363	0.00235672686895	0	0.0016202497224	2.26608352784e-05	0	0	0	0.00494006209069	0.00198282308686	0.000181286682227	0	0.000509868793764	0	0.00118969385212	0	0	0	0	0	0	0	9.06433411136e-05	4.53216705568e-05	0.0008384509053	0.000113304176392	0.00014729542931	0.000396564617372	1.13304176392e-05
2.26608352784e-05	0	3.39912529176e-05	0	0.00721747603617	0	0	0	0	0.0104239842281	0	3.39912529176e-05	0	3.39912529176e-05	0	2.26608352784e-05	0.000430555870289	0	0	0	0.000317251693897	0	0.00360307280926	0	0.0222982619139	0	4.53216705568e-05	2.26608352784e-05	0.0107299055043	0.000951755081692	7.93129234744e-05	0	0	0.000895102993496	0.00100840716989	0	0.00174488431644	0	0	0.00124634594031	0.00156359763421	0.000713816311269	0	0	0.0449930884452	0.00157492805185	0	0.00321783860953	0	0	0.0045095062204	0	0	0	0	0.000169956264588	0	0.00910965578191	0	0.0339119399941	0	0	0.000521199211403	0.022264270661	0	0	0	5.6652088196e-05	0	3.39912529176e-05	0.00155226721657	2.26608352784e-05	0.00028326044098	9.06433411136e-05	4.53216705568e-05	0	0	0.001099050511	0.000260599605701	0	0	0.000589181717238	2.26608352784e-05	0
0	0	0	0	0.00158625846949	0	0	0	0	0	0	3.39912529176e-05	0	0	0	0	0	0	0	0	0.00013596501167	0	0	0	0.00159758888713	0	3.39912529176e-05	0	0	0.000623172970156	0	0	0	0	0.000623172970156	0.00104239842281	0	0	0	0.00372770740329	0	0.0135511794965	0.0116136780802	0.0146728908428	0.00157492805185	0.0441659679576	0.00411294160303	0.00348976863287	2.26608352784e-05	0.0121235468739	0.00152960638129	0	0	0.00259466563938	0.000770468399465	0.00607310385461	0	0	0	0.0023114051984	0	5.6652088196e-05	0	0.0110698180335	0.00512134877292	0	0	0	0	0.00310453443314	0.000192617099866	0	0.000611842552516	0	0	0	0	0.000521199211403	0.000158625846949	0.00472478415554	0.000113304176392	0	0.00028326044098	2.26608352784e-05
0	0	0	0	0	0	0	0	0	0	0	0.00182419723991	0	0.00336513403884	0	0	0	0	0	0	0	0	0	0	0	0.00208479684561	0.000679825058352	0.000169956264588	0	0	0	0.00233406603367	0	0	0	0	0	0	0	0.000611842552516	1.13304176392e-05	0.00216410976909	0.00155226721657	0.000385234199733	0	0.00411294160303	0.0337306533119	0.00132565886379	0.00271930023341	0.000963085499332	2.26608352784e-05	0	0	0.0137664574316	0.00804459652383	0.0019375014163	0.000861111740579	0	1.13304176392e-05	0.000226608352784	0.00268530898049	0.00185818849283	4.53216705568e-05	0.00422624577942	0.00632237304267	0	0	0.00107638967572	0	0.0131092932085	0	0.00241337895715	0	0	0	0	0.000101973758753	0.000589181717238	0.00546126130209	0.0167010356002	0.000895102993496	0	0.000158625846949	0.00326316028009
0	0	0	0	1.13304176392e-05	0	0.00152960638129	0	0.000974415916971	1.13304176392e-05	0.00056652088196	0.000317251693897	0.00348976863287	0	0.00196016225158	3.39912529176e-05	0	2.26608352784e-05	0	0.000203947517505	0.00174488431644	0	0	0	1.13304176392e-05	0	0.000101973758753	0	0	0.000917763828775	0	0	0	0	0.000589181717238	0	0	0	0	0.00380702032677	0.000543860046681	0.00446418454984	0	0.00028326044098	0.00321783860953	0.00348976863287	0.00132565886379	0.020474064674	4.53216705568e-05	0.00125767635795	0.00401096784427	0	0	2.26608352784e-05	1.13304176392e-05	0.00684357225407	0	0	0	0.00317251693897	0	1.13304176392e-05	0	0.000804459652383	0.00171089306352	0	0	0	0	0.00139364136962	0	1.13304176392e-05	6.79825058352e-05	0	0	0	0	0	3.39912529176e-05	0.00152960638129	0.000101973758753	0.000509868793764	7.93129234744e-05	1.13304176392e-05
0	2.26608352784e-05	0	0	0	0	0	0	0	0	0	0.000917763828775	0	0.00430555870289	0	0	0	0	0	0	0	0	0	0	0	0.00271930023341	0.00041922545265	0.00185818849283	0	0	0	0.00334247320356	0	0	0	0	0.000203947517505	0	0	1.13304176392e-05	0	6.79825058352e-05	0	0	0	2.26608352784e-05	0.00271930023341	4.53216705568e-05	0.00946089872873	0	0	0	0	0	0	1.13304176392e-05	0	0	0	0	0.00381835074441	0.00192617099866	0.00265131772757	0	0	0	0.000464547123207	0	0	0.000169956264588	0	0.000385234199733	0	0	0	0	6.79825058352e-05	0	0.00107638967572	0.000226608352784	0	0	0	0.00116703301684
0	0	0	0	0	0	0	0	0	0	0	0	0	0	0	0	0	0	0	0	0	0	0	0	0	0	0	0	0	0	0	0	0	0	0	0.0220716535612	0	3.39912529176e-05	0	0.000532529629042	0	0.00311586485078	0.0265924901992	0.0136871445081	0	0.0121235468739	0.000963085499332	0.00125767635795	0	0.0557683156201	7.93129234744e-05	0	5.6652088196e-05	0.000294590858619	0.000192617099866	0.00416959369122	0.00508735752	0	0.00952888123456	0	0	1.13304176392e-05	0	0.00758004940062	0.0158512542772	0.00355775113871	0	5.6652088196e-05	0	0.000872442158218	0	0	0	0	0	0	0	0	0	0.000974415916971	0	0	1.13304176392e-05	0
0	0	0	0	0	0	0	0	0	0	0	0	0	0	0	0	0	0	0	0	0	0	0	0	0	0	0	0	0	0	0	0	0	0	0	0	0	0	0	0.000407895035011	0.00291191733327	0.00452083663804	0.00014729542931	0.00184685807519	0.0045095062204	0.00152960638129	2.26608352784e-05	0.00401096784427	0	7.93129234744e-05	0.0105599492397	0	0	1.13304176392e-05	2.26608352784e-05	0.00041922545265	2.26608352784e-05	0	0	0.00397697659136	0	1.13304176392e-05	0	0.0008384509053	0	0	0	2.26608352784e-05	0	0.000589181717238	0	0	0	0	0	0	0	2.26608352784e-05	5.6652088196e-05	0.000464547123207	0.000169956264588	0.0014163022049	0.000589181717238	1.13304176392e-05
0	0	0.00380702032677	0	0	0	0	0	0	0.000396564617372	0	0	0	0	0	0	0.00480409707902	1.13304176392e-05	0	0	0	0.000645833805434	0.0140950395432	0.0153413854835	2.26608352784e-05	0	0.000124634594031	0.00714949353033	0.000317251693897	0	0	0	0	0	0	0	0.000475877540846	0	0	0	0	0	0	0	0	0	0	0	0	0	0	0.0362120147749	0	0	0	0	0.000747807564187	0.0314192481135	0.0106845838338	0.00627705137211	0	0	0.00585782591946	0.00351242946815	0	0	0	0	0	0	0.000158625846949	0	0.000113304176392	0.000113304176392	0	0	0	0.00154093679893	0.000475877540846	1.13304176392e-05	1.13304176392e-05	0	0	0
0	0	3.39912529176e-05	0	0	0	0	0	0	0	0	0	0	0	0	0	0	0	0	0	0	0	0	5.6652088196e-05	0	0	0	0	0	0	0	0	0	0	0	0	0	0.00784064900632	0	0	0	0	5.6652088196e-05	5.6652088196e-05	0	0	0	0	0	5.6652088196e-05	0	0	0.0194996487571	0	0.00423757619706	0	0.00013596501167	0	0.00724013687145	0	0	0.00213011851617	0.00304788234494	0.000101973758753	0	0	0	0	0	0.00464547123207	0	0	5.6652088196e-05	5.6652088196e-05	0	0	0	0	0	0.00354642072107	0.00014729542931	0	9.06433411136e-05	0
0	0	0	0	0	0	0	0	0	0	0	0	0	0	0	0	0	0	0	0	0	0	0	0	0	0	0.00318384735661	0.00041922545265	0	0	0	0	0	0	0	0	0	0	0	0.00014729542931	0	2.26608352784e-05	0.00156359763421	4.53216705568e-05	0	0.00259466563938	0.0137664574316	2.26608352784e-05	0	0.000294590858619	1.13304176392e-05	0	0	0.0195789616805	0.00897369077024	0.000883772575857	0.000895102993496	0	1.13304176392e-05	0.000237938770423	5.6652088196e-05	0.00273063065105	5.6652088196e-05	0.00427156744998	0.0031498561037	0	0	7.93129234744e-05	0	0.0056652088196	0	0	0	0	0	0	0	0.00098574633461	0.00220943143964	0.0113757393098	0.000895102993496	0	0.00014729542931	4.53216705568e-05
0	0	0	0	0	0	0	0	0	0	0	0	0	0	0	0	0	0	0	0	0	0	0	0	0	0	0.000917763828775	9.06433411136e-05	0	0	0	0	0	0	0	0	0	0.00121235468739	0	3.39912529176e-05	1.13304176392e-05	4.53216705568e-05	0.000940424664053	4.53216705568e-05	0	0.000770468399465	0.00804459652383	1.13304176392e-05	0	0.000192617099866	2.26608352784e-05	0	0.00423757619706	0.00897369077024	0.0254707788529	6.79825058352e-05	0.000770468399465	0	3.39912529176e-05	7.93129234744e-05	0	0.00678692016588	0.00145029345782	0.00333114278592	0.00299123025675	0	0	6.79825058352e-05	0	0.0102087062929	1.13304176392e-05	0	0	0	0	0	0	0.00210745768089	0.00300256067439	0.00990278501666	0.00111038092864	0	0.000373903782093	0
0	0	0	0	4.53216705568e-05	0	0	0	0	1.13304176392e-05	0	0	0	0	0	0	0	0	0	0	2.26608352784e-05	0	0	0	4.53216705568e-05	0	0	0	0	0.000113304176392	0	0	0	0	0.000113304176392	0	0	0	0	0.00752339731242	0.000158625846949	0.000997076752249	0.000226608352784	0.00070248589363	0.000169956264588	0.00607310385461	0.0019375014163	0.00684357225407	1.13304176392e-05	0.00416959369122	0.00041922545265	0	0	0.000883772575857	6.79825058352e-05	0.0157379501008	0	1.13304176392e-05	0	0.000951755081692	0	1.13304176392e-05	0	0.00163158014004	0.0042489066147	0	0	0	0	0.0011557025992	3.39912529176e-05	0	0.000113304176392	0	0	0	0	0.000169956264588	3.39912529176e-05	0.00201681433978	1.13304176392e-05	0.000249269188062	1.13304176392e-05	0
0	0	0	0	0	3.39912529176e-05	0	0	0	0	0	0	0	0	0	0	0.000305921276258	0	0	0	0	0.000317251693897	0.000577851299599	0.000623172970156	0	0	0	0	9.06433411136e-05	0	0	0	0	0	0	0.00267397856285	0	0.000453216705568	0	0	3.39912529176e-05	6.79825058352e-05	0.00903034285844	0.00235672686895	0	0	0.000861111740579	0	0	0.00508735752	2.26608352784e-05	0.000747807564187	0.00013596501167	0.000895102993496	0.000770468399465	0	0.048267579143	0.000963085499332	0.0119195993564	1.13304176392e-05	0	3.39912529176e-05	0.000464547123207	0.0106052709103	0.000555190464321	0.00889437784677	0	0	0.000407895035011	0.00384101157969	3.39912529176e-05	0	3.39912529176e-05	3.39912529176e-05	3.39912529176e-05	0	0	0.00390899408552	0.00285526524508	0.00866776949398	0.00175621473408	0.000169956264588	0.000430555870289	0
0	3.39912529176e-05	0.0107185750867	0	0	0	0	0	0	0.000883772575857	0	0	0	0	0	0	0.00662829431893	0	0	0	0	0.00122368510503	0.0213011851617	0.0226268440255	0.00293457816855	0	5.6652088196e-05	0.0203154388271	0.00337646445648	0	0	0	0	0	0	0	0.00564254798432	0	0	1.13304176392e-05	0	0	0	0	0.00910965578191	0	0	0	0	0	0	0.0314192481135	0	0	0	1.13304176392e-05	0.000963085499332	0.0685943483877	0.0132225973849	0.0182306419815	0	0	0.0185252328401	0.00978948084026	0	0	0	0	0	0	0.000385234199733	4.53216705568e-05	2.26608352784e-05	1.13304176392e-05	0	0	0	1.13304176392e-05	1.13304176392e-05	0	0	0	0	0
0	0	0.00583516508419	0	0	0	0	0	0	0	0	0	0	0	0	0	0.000623172970156	9.06433411136e-05	0	0	0	0	0.00581250424891	0.0153187246482	0	0	0.000124634594031	0.0030932040155	0	0	0	0	0	0	4.53216705568e-05	0.00544993088445	0	0.0135398490788	0	0	1.13304176392e-05	1.13304176392e-05	0.00414693285595	0.0016202497224	0	0	1.13304176392e-05	0	0	0.00952888123456	0	0.0106845838338	0.00724013687145	1.13304176392e-05	3.39912529176e-05	0	0.0119195993564	0.0132225973849	0.078225203381	0	0	0.000555190464321	0.00635636429559	0.000339912529176	0.000475877540846	0.000124634594031	0	0	0.00028326044098	0.00294590858619	0.000158625846949	0	0.00278728273924	0.00278728273924	4.53216705568e-05	0	0	0.0092796120465	0.000883772575857	0.00443019329692	0.000668494640712	0.000351242946815	0.000181286682227	0
2.26608352784e-05	0	0	0	0.00819189195314	0	0	0	0	0.00594846926058	5.6652088196e-05	5.6652088196e-05	1.13304176392e-05	0	0	0	0.00111038092864	0	0	0	0.000351242946815	0.000543860046681	0.00316118652134	0.000509868793764	0.0207120034444	0	5.6652088196e-05	0	0.0120668947857	0.00312719526842	3.39912529176e-05	0	0	0.000169956264588	0.00307054318022	0	0.00337646445648	0	0	0.00243603979243	0.0014729542931	0.000577851299599	0.000759137981826	2.26608352784e-05	0.0339119399941	0.0023114051984	0.000226608352784	0.00317251693897	0	0	0.00397697659136	0.00627705137211	0	0.000237938770423	7.93129234744e-05	0.000951755081692	1.13304176392e-05	0.0182306419815	0	0.059382718847	0	1.13304176392e-05	0.0022547531102	0.0261166126583	0	0	0	0	0	0	0.00197149266922	0	0.00296856942147	2.26608352784e-05	0	0	0	0.00111038092864	5.6652088196e-05	0.000328582111537	6.79825058352e-05	0.000169956264588	0.00014729542931	0
0	0.000158625846949	0	0	0	0	0	0	0	0	0	0.000815790070022	0	0.00328582111537	0	0	0	0	0	0	0	0	0	0	0	0.00370504656802	0.00185818849283	0.0025153527159	0	0	0	0.000725146728908	0	0	0	0	0.0017335538988	0	0	0	0	0	0	0	0	0	0.00268530898049	0	0.00381835074441	0	0	0	0	5.6652088196e-05	0	0	0	0	0	0	0.00950622039928	0.00209612726325	0.00354642072107	0	0	0	7.93129234744e-05	0	0	0.000249269188062	0	0.000917763828775	0	0	0	0	0.000101973758753	0	0.000929094246414	0.000317251693897	0	0	0	0.00230007478076
0	0.00194883183394	0	0	0	0	0	0	0	0	0	0.000430555870289	0	0.00404495909719	0	0	0	6.79825058352e-05	0	1.13304176392e-05	0	0	0	3.39912529176e-05	0	0.00282127399216	0.0156473067597	0.0133019103084	0	0	0	0.00344444696232	0	0	4.53216705568e-05	0	0.00538194837862	0.00600512134877	0	0	0	2.26608352784e-05	5.6652088196e-05	0	0	5.6652088196e-05	0.00185818849283	1.13304176392e-05	0.00192617099866	1.13304176392e-05	1.13304176392e-05	0	0.00213011851617	0.00273063065105	0.00678692016588	1.13304176392e-05	3.39912529176e-05	0	0.000555190464321	1.13304176392e-05	0.00209612726325	0.0497405334361	0.0140497178726	0.000895102993496	7.93129234744e-05	0	0.000464547123207	0	0	0.00201681433978	3.39912529176e-05	0.000328582111537	0.000113304176392	0.000113304176392	0	0	0	0.00235672686895	0.00682091141879	0.00317251693897	0.000339912529176	0	0.000181286682227	0.000203947517505
