0.0129816774277	8.05564841928e-06	4.02782420964e-05	0	8.05564841928e-05	6.44451873542e-05	0.00208641294059	0.00312961941089	0.00365726438235	0.000181252089434	0.000410838069383	0	0.000741119654574	0	0.00905454882327	0.000104723429451	5.23617147253e-05	0	0	0	0.000358476354658	0.000132918198918	9.26399568217e-05	0.000132918198918	0.000294031167304	0	0	4.02782420964e-06	0.00055583974093	0.00333503844558	0.00138557152812	0	2.41669452578e-05	0.000656535346171	0.000934455216637	0	4.02782420964e-06	0	0	0	0	0	0	0	5.6389538935e-05	0	4.02782420964e-06	0	0	0	0	0	0	0	0	4.02782420964e-06	4.02782420964e-06	0	4.02782420964e-06	2.81947694675e-05	0	0	0	2.41669452578e-05	0	4.02782420964e-06	0	0	0	0	0.000406810245174	5.6389538935e-05	0.000422921542012	7.25008357735e-05	0.000382643299916	7.25008357735e-05	0	0	0	0	0	0	0	0
8.05564841928e-06	0.0169088060321	0.00169168616805	0	0	0	0	1.20834726289e-05	4.02782420964e-06	4.4306066306e-05	0	0.000479311080947	0	3.62504178868e-05	8.05564841928e-06	0	0.000237641628369	0.00130098721971	3.22225936771e-05	0.00106334559135	0	0.000193335562063	0.00200182863219	0.000882093501911	3.62504178868e-05	0.000749175302993	0.00418893717803	0.00851079255497	7.65286599832e-05	4.02782420964e-05	0.000132918198918	4.02782420964e-06	0	1.61112968386e-05	0.00116001337238	0	0.00299670121197	0.000467227608318	0	0	0	0	4.02782420964e-06	0	8.05564841928e-06	0	3.62504178868e-05	0	0.000104723429451	0	0	4.02782420964e-05	0.000217502507321	4.02782420964e-05	0.000140973847337	0	3.62504178868e-05	0.0003343094094	0.000209446858901	2.01391210482e-05	0.000471255432528	0.00107140123976	0.0015023784302	4.02782420964e-06	0	1.20834726289e-05	0	0	0	7.65286599832e-05	0.000507505850415	0.00067264664301	0.000865982205073	0.000241669452578	4.02782420964e-06	1.20834726289e-05	0	7.25008357735e-05	0.00044708848727	0.000173196441015	7.65286599832e-05	1.20834726289e-05	0	2.01391210482e-05
4.02782420964e-05	0.00169168616805	0.0254518211807	0	0	0	3.22225936771e-05	0.00022555815574	2.41669452578e-05	7.65286599832e-05	8.05564841928e-06	0.000161112968386	4.02782420964e-06	2.01391210482e-05	4.4306066306e-05	4.02782420964e-06	0.000926399568217	0.00402782420964	8.05564841928e-06	0.000471255432528	8.05564841928e-06	0.00217905289742	0.00165140792595	0.0114430485796	0.00022153033153	1.20834726289e-05	0.00395532337387	0.0097352511147	0.000547784092511	0.000245697276788	0.00140973847337	0	0	0.000136946023128	0.00370559827287	0	0.000386671124125	8.86121326121e-05	0	0	0	0	0	0	2.41669452578e-05	0	0	0	4.02782420964e-06	0	0	2.81947694675e-05	4.4306066306e-05	0	1.20834726289e-05	4.02782420964e-06	1.20834726289e-05	0.000241669452578	6.44451873542e-05	1.61112968386e-05	1.20834726289e-05	0.000100695605241	0.000181252089434	0	0	4.02782420964e-06	0	0	0	8.05564841928e-06	0.00225155373319	0.00183266001539	0.00336726103926	0.000974733458733	0.00011680690208	6.84730115639e-05	3.22225936771e-05	1.61112968386e-05	4.4306066306e-05	2.01391210482e-05	2.01391210482e-05	8.05564841928e-06	0	0
0	0	0	0	0	0	0	0	0	0	0	0	0	0	0	0	0	0	0	0	0	0	0	0	0	0	0	0	0	0	0	0	0	0	0	0	0	0	0	0	0	0	0	0	0	0	0	0	0	0	0	0	0	0	0	0	0	0	0	0	0	0	0	0	0	0	0	0	0	0	0	0	0	0	0	0	0	0	0	0	0	0	0	0
8.05564841928e-05	0	0	0	0.0163529662911	0	0.000753203127203	0.00118820814184	0.000153057319966	9.26399568217e-05	0.00183266001539	0	0.0038022660539	0	0.000104723429451	1.61112968386e-05	4.02782420964e-06	0	0	0	0.00501061331679	0	0	0	0.00168765834384	0	0	0	0.00373379304234	3.62504178868e-05	1.20834726289e-05	0	0	8.05564841928e-06	1.20834726289e-05	3.22225936771e-05	0	0	0	0.00388282253809	0	7.65286599832e-05	0.000157085144176	1.61112968386e-05	4.83338905157e-05	0.000821676138767	0	0.00122445855973	0	4.02782420964e-05	0	0	0	0	0	0.00427754931064	0	1.20834726289e-05	0	0.000298058991513	0	0	0	0.000310142464142	4.02782420964e-06	4.02782420964e-06	0	0	0	4.02782420964e-06	8.05564841928e-06	0	4.02782420964e-06	0	3.22225936771e-05	0	0	4.02782420964e-06	0	0	0	4.02782420964e-06	0	0
6.44451873542e-05	0	0	0	0	0.00686341245323	0.00386671124125	3.22225936771e-05	0.00228780415108	0	4.02782420964e-06	3.22225936771e-05	8.05564841928e-06	0	0.00146612801231	0.000914316095588	4.02782420964e-06	0	0	0	4.02782420964e-06	4.02782420964e-06	4.02782420964e-06	4.02782420964e-06	4.02782420964e-06	4.02782420964e-06	4.02782420964e-06	0	1.20834726289e-05	0.000813620490347	0	0	0.0020461346985	5.23617147253e-05	0.00101098387662	0	0	0	0	0	0	0	0	0	0	0	0	0	0	0	0	0	0	0	0	0	0	0	0	0	0	0	0	0	0	0	0	0	0	0	6.04173631446e-05	1.20834726289e-05	0.000249725100998	4.4306066306e-05	0.000620284928285	0.000680702291429	0	0	0	0	0	0	0	0
0.00208641294059	0	3.22225936771e-05	0	0.000753203127203	0.00386671124125	0.0426707696769	0.00464408131372	0.0167235261184	0.000197363386272	0.0103998421093	2.81947694675e-05	0.00988428061046	0	0.00657340911013	0.00250127883419	1.61112968386e-05	1.20834726289e-05	0	0	0.00384657212021	4.02782420964e-05	4.83338905157e-05	8.45843084024e-05	0.000439032838851	4.02782420964e-06	4.02782420964e-06	4.02782420964e-06	0.000970705634523	0.00304100727828	0.000281947694675	0	0.00153862884808	0.000475283256738	0.00161112968386	4.02782420964e-06	0	0	0	0	0	0	0	0	1.61112968386e-05	0	0	0	0	0	0	0	0	0	0	0	0	4.02782420964e-06	0	1.20834726289e-05	0	4.02782420964e-06	0	4.02782420964e-06	0	0	0	0	0	0	0.000422921542012	5.23617147253e-05	0.000688757939848	0.000145001671547	0.00188502173011	0.000656535346171	0	8.05564841928e-06	0	0	0	4.02782420964e-06	0	0
0.00312961941089	1.20834726289e-05	0.00022555815574	0	0.00118820814184	3.22225936771e-05	0.00464408131372	0.0482654175041	0.00278322652886	0.00203807905008	0.0113584642712	0	0.00278322652886	0	0.0040962972212	0.000145001671547	0.00044306066306	0.00011680690208	0	8.05564841928e-06	0.00360490266763	0.00140571064916	0.000757230951412	0.00110362383344	0.00480922210631	0	2.41669452578e-05	0.00011277907787	0.0146330853536	0.00368143132761	0.00882496284332	0	8.05564841928e-06	0.00120834726289	0.00211460771006	1.61112968386e-05	0	4.02782420964e-06	0	4.02782420964e-05	0	8.05564841928e-06	7.25008357735e-05	0	0.000612229279865	1.61112968386e-05	0	1.61112968386e-05	0	1.20834726289e-05	8.05564841928e-06	1.20834726289e-05	0	0	0	4.02782420964e-05	0	6.84730115639e-05	1.20834726289e-05	0.000394726772545	0	0	4.02782420964e-06	0.000124862550499	4.02782420964e-06	4.02782420964e-06	0	0	0	0	0.00115195772396	0.000257780749417	0.000910288271379	0.000302086815723	0.000588062334607	4.83338905157e-05	1.20834726289e-05	4.02782420964e-06	4.02782420964e-06	0	0	0	0	0
0.00365726438235	4.02782420964e-06	2.41669452578e-05	0	0.000153057319966	0.00228780415108	0.0167235261184	0.00278322652886	0.0353683243849	8.86121326121e-05	0.00289600560673	4.83338905157e-05	0.00181654871855	4.02782420964e-06	0.0143632211316	0.000318198112562	2.01391210482e-05	1.61112968386e-05	0	8.05564841928e-06	0.000813620490347	4.83338905157e-05	4.83338905157e-05	6.44451873542e-05	0.000269864222046	0	8.05564841928e-06	8.05564841928e-06	0.00044306066306	0.00444671792744	0.000439032838851	0	0.00175210353119	0.000620284928285	0.00187293825748	4.02782420964e-06	0	0	0	0	0	0	4.02782420964e-06	0	1.20834726289e-05	0	0	0	0	0	0	0	0	0	0	0	0	0	0	1.61112968386e-05	0	0	0	0	0	0	0	0	0	0	0.000394726772545	3.62504178868e-05	0.000805564841928	0.000157085144176	0.000853898732444	0.000652507521962	0	0	0	0	0	0	0	0
0.000181252089434	4.4306066306e-05	7.65286599832e-05	0	9.26399568217e-05	0	0.000197363386272	0.00203807905008	8.86121326121e-05	0.0165221349079	0.000140973847337	0	0.0010432064703	0	0.000233613804159	0.000185279913643	0.000491394553576	4.02782420964e-05	0	0	0.000149029495757	0.000362504178868	0.00280336564991	0.000439032838851	0.00552214699142	0	1.20834726289e-05	0.00011277907787	0.00207030164376	0.0006686188188	0.000962649986104	0	0	0.00033028158519	0.000696813588268	6.84730115639e-05	0	8.05564841928e-06	0	0.000209446858901	0	3.22225936771e-05	0.000435005014641	2.01391210482e-05	0.00321420371929	7.65286599832e-05	0	9.26399568217e-05	0	3.62504178868e-05	8.05564841928e-06	4.83338905157e-05	0	0	0	0.000177224265224	2.81947694675e-05	0.000366532003077	8.05564841928e-05	0.00190516085116	0	0	8.05564841928e-06	0.000640424049333	2.41669452578e-05	0.00011680690208	0	0	0	4.02782420964e-05	0.000857926556653	0.000153057319966	0.0003343094094	0.000100695605241	0.000986816931362	4.02782420964e-06	0	0.000149029495757	2.01391210482e-05	2.81947694675e-05	1.20834726289e-05	5.6389538935e-05	0	0
0.000410838069383	0	8.05564841928e-06	0	0.00183266001539	4.02782420964e-06	0.0103998421093	0.0113584642712	0.00289600560673	0.000140973847337	0.0316949487057	0	0.00525228276937	0	0.000978761282943	4.4306066306e-05	8.05564841928e-06	4.02782420964e-06	0	0	0.00638410137228	2.01391210482e-05	1.20834726289e-05	3.22225936771e-05	0.000596117983027	0	0	0	0.00537714531987	0.000269864222046	0.000153057319966	0	0	9.26399568217e-05	9.26399568217e-05	4.02782420964e-06	0	0	0	0.00067264664301	0	8.05564841928e-06	1.20834726289e-05	0	2.01391210482e-05	0.000136946023128	0	8.86121326121e-05	0	4.02782420964e-06	0	0	0	0	0	0.000487366729366	0	4.02782420964e-06	0	4.4306066306e-05	0	0	0	2.81947694675e-05	0	4.02782420964e-06	0	0	0	4.02782420964e-06	7.65286599832e-05	4.02782420964e-06	4.4306066306e-05	1.61112968386e-05	8.45843084024e-05	1.20834726289e-05	0	0	0	0	0	0	0	0
0	0.000479311080947	0.000161112968386	0	0	3.22225936771e-05	2.81947694675e-05	0	4.83338905157e-05	0	0	0.0304986849154	4.02782420964e-06	0.00719772186263	8.05564841928e-05	0	8.05564841928e-06	0.00113987425133	0.00127682027446	0.00469644302844	0	4.02782420964e-05	2.81947694675e-05	0.000149029495757	4.02782420964e-06	0.00255766837312	0.0105690107261	0.0017561313554	8.05564841928e-06	8.45843084024e-05	1.20834726289e-05	0.000769314424041	2.81947694675e-05	8.05564841928e-06	0.00589673464291	0	0.000326253760981	8.05564841928e-06	0	0	0	0	0	0	0	0	0.000265836397836	0	0.000410838069383	0	0	0	8.05564841928e-06	3.62504178868e-05	3.62504178868e-05	0	0	8.05564841928e-06	0	8.05564841928e-06	0.000636396225123	0.000318198112562	0.000290003343094	0	0	0	8.05564841928e-06	0	0	2.41669452578e-05	0.000378615475706	0.00234822151422	0.00316989765299	0.000322225936771	2.41669452578e-05	8.05564841928e-05	0.000189307737853	8.05564841928e-06	0.000370559827287	7.65286599832e-05	4.02782420964e-06	0	0	9.26399568217e-05
0.000741119654574	0	4.02782420964e-06	0	0.0038022660539	8.05564841928e-06	0.00988428061046	0.00278322652886	0.00181654871855	0.0010432064703	0.00525228276937	4.02782420964e-06	0.0287788039779	0	0.00123251420815	0.00128084809867	1.61112968386e-05	1.20834726289e-05	0	0	0.0104723429451	2.01391210482e-05	2.01391210482e-05	1.61112968386e-05	0.00201391210482	0	4.02782420964e-06	0	0.000922371744008	0.000483338905157	0.000145001671547	0	0	0.000169168616805	0.000257780749417	4.02782420964e-06	0	0	0	4.83338905157e-05	0	9.26399568217e-05	8.05564841928e-06	4.02782420964e-06	6.04173631446e-05	0.000551811916721	0	0.00194543909326	0	0	0	0	0	0	0	0.000362504178868	0	4.02782420964e-06	0	2.81947694675e-05	0	0	0	8.05564841928e-06	0	0	0	0	0	0	0.000201391210482	2.81947694675e-05	0.00010875125366	2.81947694675e-05	0.00102709517346	2.01391210482e-05	0	4.02782420964e-06	0	0	0	8.05564841928e-06	0	0
0	3.62504178868e-05	2.01391210482e-05	0	0	0	0	0	4.02782420964e-06	0	0	0.00719772186263	0	0.012470143753	0	0	0	5.6389538935e-05	7.65286599832e-05	0.000253752925207	0	0	0	4.02782420964e-06	0	0.0022998876237	0.00306920204775	0.00135737675865	0	0	0	0.000652507521962	0	0	0.000455144135689	0	0.00010875125366	8.05564841928e-06	0	0	0	0	0	0	0	0	0.000145001671547	0	0.000265836397836	0	0	0	1.20834726289e-05	0	1.61112968386e-05	0	0	0	4.02782420964e-06	0	0.00033833723361	0.00011277907787	0.00011277907787	0	0	0	4.02782420964e-06	0	0	2.81947694675e-05	0.000100695605241	0.000551811916721	0.000426949366222	8.86121326121e-05	4.02782420964e-06	8.05564841928e-06	0.000233613804159	6.44451873542e-05	0.000217502507321	8.05564841928e-05	6.44451873542e-05	8.05564841928e-06	0	0.00011277907787
0.00905454882327	8.05564841928e-06	4.4306066306e-05	0	0.000104723429451	0.00146612801231	0.00657340911013	0.0040962972212	0.0143632211316	0.000233613804159	0.000978761282943	8.05564841928e-05	0.00123251420815	0	0.0327099604065	0.000277919870465	6.44451873542e-05	1.61112968386e-05	0	8.05564841928e-06	0.000547784092511	0.000161112968386	0.000132918198918	0.000145001671547	0.000422921542012	0	1.20834726289e-05	1.20834726289e-05	0.000640424049333	0.0114470764038	0.00100695605241	0	0.00162724098069	0.00134529328602	0.00310545246563	0	4.02782420964e-06	0	0	0	0	0	1.20834726289e-05	0	5.6389538935e-05	0	0	0	0	0	0	0	0	0	0	0	8.05564841928e-06	4.02782420964e-06	4.02782420964e-06	2.81947694675e-05	0	0	0	8.05564841928e-06	0	8.05564841928e-06	0	0	0	0	0.000882093501911	8.86121326121e-05	0.00138557152812	0.000302086815723	0.0011277907787	0.000664590994591	0	1.20834726289e-05	0	0	0	4.02782420964e-06	0	0
0.000104723429451	0	4.02782420964e-06	0	1.61112968386e-05	0.000914316095588	0.00250127883419	0.000145001671547	0.000318198112562	0.000185279913643	4.4306066306e-05	0	0.00128084809867	0	0.000277919870465	0.00694799676163	0	0	0	0	4.4306066306e-05	8.05564841928e-06	1.61112968386e-05	1.61112968386e-05	2.81947694675e-05	0	0	4.02782420964e-06	4.4306066306e-05	0.000136946023128	4.4306066306e-05	0	1.61112968386e-05	3.22225936771e-05	8.45843084024e-05	0	0	0	0	0	0	0	0	0	2.01391210482e-05	0	0	0	0	0	0	0	0	0	0	0	0	8.05564841928e-06	0	8.05564841928e-06	0	0	0	8.05564841928e-06	0	0	0	0	0	0	0.00033833723361	1.61112968386e-05	9.26399568217e-05	2.81947694675e-05	0.00318198112562	1.20834726289e-05	0	1.61112968386e-05	0	4.02782420964e-06	0	4.02782420964e-06	0	0
5.23617147253e-05	0.000237641628369	0.000926399568217	0	4.02782420964e-06	4.02782420964e-06	1.61112968386e-05	0.00044306066306	2.01391210482e-05	0.000491394553576	8.05564841928e-06	8.05564841928e-06	1.61112968386e-05	0	6.44451873542e-05	0	0.0185843809033	0.00022555815574	0	2.01391210482e-05	8.05564841928e-06	0.00294031167304	0.00685938462902	0.0078139789667	0.00372976521813	0	0.000124862550499	0.00479713863368	0.00312156376247	0.000439032838851	0.00115598554817	0	0	0.000165140792595	0.00124459768078	4.02782420964e-06	8.05564841928e-06	0	0	0	0	0	2.41669452578e-05	0	0.000173196441015	0	0	4.02782420964e-06	4.02782420964e-06	0	0	3.62504178868e-05	0	0	0	8.05564841928e-06	8.05564841928e-06	0.000277919870465	3.62504178868e-05	0.00010875125366	0	0	2.41669452578e-05	4.83338905157e-05	0	4.02782420964e-06	0	0	0	1.61112968386e-05	0.00115598554817	0.000708897060897	0.00105931776714	0.000358476354658	7.25008357735e-05	3.22225936771e-05	0	3.22225936771e-05	2.01391210482e-05	1.61112968386e-05	8.05564841928e-06	8.05564841928e-06	0	0
0	0.00130098721971	0.00402782420964	0	0	0	1.20834726289e-05	0.00011680690208	1.61112968386e-05	4.02782420964e-05	4.02782420964e-06	0.00113987425133	1.20834726289e-05	5.6389538935e-05	1.61112968386e-05	0	0.00022555815574	0.024823480604	7.65286599832e-05	0.0055583974093	4.02782420964e-06	0.00190918867537	0.000402782420964	0.00741522436995	7.65286599832e-05	8.05564841928e-05	0.00585242857661	0.00308934116879	0.000201391210482	0.00011680690208	0.000789453545089	4.02782420964e-06	8.05564841928e-06	5.6389538935e-05	0.00870412811703	0	0.000342365057819	7.25008357735e-05	0	0	0	0	0	0	4.02782420964e-06	0	4.02782420964e-06	0	1.61112968386e-05	0	0	0	4.02782420964e-05	0	2.41669452578e-05	0	0	7.25008357735e-05	3.22225936771e-05	4.02782420964e-06	6.84730115639e-05	0.000145001671547	0.000217502507321	0	0	0	0	0	0	2.01391210482e-05	0.00166751922279	0.00198571733535	0.00388282253809	0.00102306734925	7.65286599832e-05	5.23617147253e-05	3.62504178868e-05	2.81947694675e-05	8.05564841928e-05	4.4306066306e-05	2.01391210482e-05	1.20834726289e-05	0	0
0	3.22225936771e-05	8.05564841928e-06	0	0	0	0	0	0	0	0	0.00127682027446	0	7.65286599832e-05	0	0	0	7.65286599832e-05	0.00286781083726	0.00136543240707	0	0	0	8.05564841928e-06	0	4.83338905157e-05	0.00138959935233	0.00011277907787	0	0	0	0	0	0	0.000173196441015	0	2.41669452578e-05	0	0	0	0	0	0	0	0	0	0	0	4.02782420964e-06	0	0	0	0	0	0	0	0	0	0	0	2.81947694675e-05	2.01391210482e-05	2.01391210482e-05	0	0	0	0	0	0	0	4.02782420964e-06	7.25008357735e-05	0.000124862550499	1.61112968386e-05	0	0	0	0	4.02782420964e-06	0	0	0	0	0
0	0.00106334559135	0.000471255432528	0	0	0	0	8.05564841928e-06	8.05564841928e-06	0	0	0.00469644302844	0	0.000253752925207	8.05564841928e-06	0	2.01391210482e-05	0.0055583974093	0.00136543240707	0.0181534037128	4.02782420964e-06	8.86121326121e-05	5.6389538935e-05	0.000350420706239	8.05564841928e-06	0.000310142464142	0.00994872579781	0.00223141461214	1.20834726289e-05	2.41669452578e-05	5.23617147253e-05	1.61112968386e-05	0	8.05564841928e-06	0.0040117129128	0	0.000342365057819	3.22225936771e-05	0	0	0	0	0	0	0	0	4.4306066306e-05	0	6.44451873542e-05	0	0	4.02782420964e-06	2.81947694675e-05	1.20834726289e-05	3.22225936771e-05	0	0	1.20834726289e-05	8.05564841928e-06	4.02782420964e-06	0.000189307737853	0.000233613804159	0.000189307737853	0	0	0	0	0	0	1.20834726289e-05	0.000402782420964	0.00128084809867	0.00182863219118	0.000358476354658	1.61112968386e-05	2.41669452578e-05	2.41669452578e-05	4.02782420964e-06	0.000100695605241	4.83338905157e-05	8.05564841928e-06	4.02782420964e-06	0	0
0.000358476354658	0	8.05564841928e-06	0	0.00501061331679	4.02782420964e-06	0.00384657212021	0.00360490266763	0.000813620490347	0.000149029495757	0.00638410137228	0	0.0104723429451	0	0.000547784092511	4.4306066306e-05	8.05564841928e-06	4.02782420964e-06	0	4.02782420964e-06	0.019808839463	8.05564841928e-06	1.61112968386e-05	4.02782420964e-06	0.00177627047645	0	4.02782420964e-06	0	0.00209446858901	0.000261808573627	0.00011277907787	0	0	0.000124862550499	0.000140973847337	4.02782420964e-06	0	0	0	0.000580006686188	0	6.44451873542e-05	3.62504178868e-05	4.02782420964e-06	3.22225936771e-05	0.00033028158519	0	0.000829731787186	0	4.02782420964e-06	0	0	0	0	0	0.000998900403991	0	8.05564841928e-06	0	2.41669452578e-05	0	0	0	2.81947694675e-05	4.02782420964e-06	0	0	0	0	4.02782420964e-06	6.84730115639e-05	1.20834726289e-05	5.23617147253e-05	3.22225936771e-05	8.86121326121e-05	1.61112968386e-05	0	0	0	0	0	0	0	0
0.000132918198918	0.000193335562063	0.00217905289742	0	0	4.02782420964e-06	4.02782420964e-05	0.00140571064916	4.83338905157e-05	0.000362504178868	2.01391210482e-05	4.02782420964e-05	2.01391210482e-05	0	0.000161112968386	8.05564841928e-06	0.00294031167304	0.00190918867537	0	8.86121326121e-05	8.05564841928e-06	0.0374909877433	0.00174807570698	0.0165342183806	0.0015466844965	0	0.00022555815574	0.00089417697454	0.00560270347561	0.00217905289742	0.0127158410298	0	0	0.000716952709316	0.00489783423892	0	2.01391210482e-05	1.20834726289e-05	0	8.05564841928e-06	0	0	8.05564841928e-06	0	0.000128890374708	0	0	4.02782420964e-06	0	0	0	1.61112968386e-05	0	0	0	4.02782420964e-06	8.05564841928e-06	8.05564841928e-05	2.41669452578e-05	4.4306066306e-05	4.02782420964e-06	4.02782420964e-06	1.20834726289e-05	2.81947694675e-05	0	1.61112968386e-05	0	0	0	8.05564841928e-06	0.00198974515956	0.000938483040846	0.00233211021738	0.000708897060897	0.000161112968386	5.6389538935e-05	2.41669452578e-05	2.01391210482e-05	8.05564841928e-06	1.20834726289e-05	8.05564841928e-06	0	0	0
9.26399568217e-05	0.00200182863219	0.00165140792595	0	0	4.02782420964e-06	4.83338905157e-05	0.000757230951412	4.83338905157e-05	0.00280336564991	1.20834726289e-05	2.81947694675e-05	2.01391210482e-05	0	0.000132918198918	1.61112968386e-05	0.00685938462902	0.000402782420964	0	5.6389538935e-05	1.61112968386e-05	0.00174807570698	0.0219476141183	0.00445074575165	0.00348004011713	0	0.000314170288352	0.00374587651497	0.0024650284163	0.000584034510398	0.00164738010174	0	4.02782420964e-06	0.000241669452578	0.00188904955432	2.41669452578e-05	0.000237641628369	0.000124862550499	0	1.61112968386e-05	0	4.02782420964e-06	0.000132918198918	0	0.000861954380863	4.02782420964e-06	0	4.02782420964e-06	4.02782420964e-06	4.02782420964e-06	0	0.000161112968386	3.62504178868e-05	0	4.02782420964e-06	1.61112968386e-05	0.000128890374708	0.00180849307013	0.00045111631148	0.000390698948335	1.20834726289e-05	3.62504178868e-05	0.00033833723361	0.000245697276788	4.02782420964e-06	9.66677810314e-05	0	0	0	0.00010875125366	0.0015869627386	0.000974733458733	0.00134126546181	0.000463199784109	0.000124862550499	3.22225936771e-05	0	0.000201391210482	8.86121326121e-05	0.000104723429451	7.25008357735e-05	2.01391210482e-05	4.02782420964e-06	0
0.000132918198918	0.000882093501911	0.0114430485796	0	0	4.02782420964e-06	8.45843084024e-05	0.00110362383344	6.44451873542e-05	0.000439032838851	3.22225936771e-05	0.000149029495757	1.61112968386e-05	4.02782420964e-06	0.000145001671547	1.61112968386e-05	0.0078139789667	0.00741522436995	8.05564841928e-06	0.000350420706239	4.02782420964e-06	0.0165342183806	0.00445074575165	0.0542306251586	0.00153460102387	1.20834726289e-05	0.00120431943868	0.00742328001837	0.00383851647179	0.00128890374708	0.00524019929674	0	4.02782420964e-06	0.000471255432528	0.00749578085414	0	0.000185279913643	2.81947694675e-05	0	8.05564841928e-06	0	0	2.41669452578e-05	0	0.000177224265224	0	0	0	0	0	0	3.62504178868e-05	1.20834726289e-05	0	4.02782420964e-06	4.02782420964e-06	3.22225936771e-05	0.000390698948335	0.00010875125366	8.05564841928e-05	8.05564841928e-06	2.81947694675e-05	0.000124862550499	6.44451873542e-05	0	2.01391210482e-05	0	0	0	2.01391210482e-05	0.00431782755273	0.00278322652886	0.00542547921039	0.00178432612487	0.00033028158519	0.000140973847337	4.4306066306e-05	6.84730115639e-05	3.62504178868e-05	4.02782420964e-05	3.22225936771e-05	1.20834726289e-05	0	0
0.000294031167304	3.62504178868e-05	0.00022153033153	0	0.00168765834384	4.02782420964e-06	0.000439032838851	0.00480922210631	0.000269864222046	0.00552214699142	0.000596117983027	4.02782420964e-06	0.00201391210482	0	0.000422921542012	2.81947694675e-05	0.00372976521813	7.65286599832e-05	0	8.05564841928e-06	0.00177627047645	0.0015466844965	0.00348004011713	0.00153460102387	0.0292903376525	0	2.41669452578e-05	0.000241669452578	0.0108912366629	0.000946538689265	0.00178835394908	0	0	0.000455144135689	0.000914316095588	2.81947694675e-05	0	8.05564841928e-06	0	0.00011277907787	0	2.41669452578e-05	0.000136946023128	4.02782420964e-06	0.000821676138767	1.20834726289e-05	0	1.61112968386e-05	0	2.41669452578e-05	0	2.01391210482e-05	0	0	0	4.83338905157e-05	8.05564841928e-06	0.00010875125366	2.01391210482e-05	0.0012526533292	0	4.02782420964e-06	4.02782420964e-06	0.000394726772545	1.61112968386e-05	3.62504178868e-05	0	0	0	1.61112968386e-05	0.000648479697752	0.000181252089434	0.000459171959899	0.000153057319966	0.000245697276788	1.20834726289e-05	0	2.81947694675e-05	0	1.20834726289e-05	4.02782420964e-06	1.20834726289e-05	0	0
0	0.000749175302993	1.20834726289e-05	0	0	4.02782420964e-06	4.02782420964e-06	0	0	0	0	0.00255766837312	0	0.0022998876237	0	0	0	8.05564841928e-05	4.83338905157e-05	0.000310142464142	0	0	0	1.20834726289e-05	0	0.00797106411088	0.00169571399226	0.00126070897762	0	0	0	3.22225936771e-05	0	0	0.000277919870465	0	0.000249725100998	4.02782420964e-06	0	0	0	0	0	0	0	0	0.000430977190432	0	0.000600145807236	0	0	4.02782420964e-06	1.20834726289e-05	4.4306066306e-05	6.04173631446e-05	0	0	4.02782420964e-06	4.02782420964e-06	0	0.00113987425133	0.00033028158519	0.000350420706239	0	0	0	1.20834726289e-05	0	0	2.81947694675e-05	8.05564841928e-06	0.000306114639933	0.000173196441015	4.02782420964e-06	0	4.02782420964e-06	7.65286599832e-05	4.02782420964e-06	0.00044708848727	7.25008357735e-05	4.02782420964e-06	0	0	0.000149029495757
0	0.00418893717803	0.00395532337387	0	0	4.02782420964e-06	4.02782420964e-06	2.41669452578e-05	8.05564841928e-06	1.20834726289e-05	0	0.0105690107261	4.02782420964e-06	0.00306920204775	1.20834726289e-05	0	0.000124862550499	0.00585242857661	0.00138959935233	0.00994872579781	4.02782420964e-06	0.00022555815574	0.000314170288352	0.00120431943868	2.41669452578e-05	0.00169571399226	0.0545327119743	0.0177788160614	6.04173631446e-05	3.22225936771e-05	0.000153057319966	0.000902232622959	8.05564841928e-06	2.01391210482e-05	0.0045554691811	0	0.0013372376376	0.000149029495757	0	0	0	0	0	0	0	0	0.000209446858901	0	0.00033028158519	0	0	4.02782420964e-06	9.66677810314e-05	4.02782420964e-05	0.000157085144176	0	1.20834726289e-05	6.04173631446e-05	4.4306066306e-05	4.02782420964e-06	0.0010432064703	0.000797509193509	0.000797509193509	0	4.02782420964e-06	4.02782420964e-06	0	0	0	7.25008357735e-05	0.000874037853492	0.00215891377637	0.00282350477096	0.000580006686188	1.61112968386e-05	3.62504178868e-05	3.62504178868e-05	3.62504178868e-05	0.000366532003077	0.000140973847337	3.62504178868e-05	8.05564841928e-06	0	4.83338905157e-05
4.02782420964e-06	0.00851079255497	0.0097352511147	0	0	0	4.02782420964e-06	0.00011277907787	8.05564841928e-06	0.00011277907787	0	0.0017561313554	0	0.00135737675865	1.20834726289e-05	4.02782420964e-06	0.00479713863368	0.00308934116879	0.00011277907787	0.00223141461214	0	0.00089417697454	0.00374587651497	0.00742328001837	0.000241669452578	0.00126070897762	0.0177788160614	0.0579321956073	0.000418893717803	0.00011277907787	0.000584034510398	0.000104723429451	0	6.04173631446e-05	0.00349212358976	0	0.00147015583652	0.000257780749417	0	0	0	0	1.20834726289e-05	0	4.83338905157e-05	0	6.04173631446e-05	0	0.00011680690208	0	0	6.04173631446e-05	0.000128890374708	1.61112968386e-05	8.86121326121e-05	4.02782420964e-06	2.41669452578e-05	0.000479311080947	0.000136946023128	3.22225936771e-05	0.000350420706239	0.00067667446722	0.000934455216637	1.61112968386e-05	0	4.02782420964e-06	0	0	0	5.23617147253e-05	0.00177627047645	0.0022555815574	0.0028839221341	0.000761258775622	4.4306066306e-05	4.83338905157e-05	3.22225936771e-05	6.44451873542e-05	0.000302086815723	0.00011680690208	5.6389538935e-05	1.61112968386e-05	0	1.61112968386e-05
0.00055583974093	7.65286599832e-05	0.000547784092511	0	0.00373379304234	1.20834726289e-05	0.000970705634523	0.0146330853536	0.00044306066306	0.00207030164376	0.00537714531987	8.05564841928e-06	0.000922371744008	0	0.000640424049333	4.4306066306e-05	0.00312156376247	0.000201391210482	0	1.20834726289e-05	0.00209446858901	0.00560270347561	0.0024650284163	0.00383851647179	0.0108912366629	0	6.04173631446e-05	0.000418893717803	0.0444269010323	0.00156279579334	0.00636799007544	0	0	0.000616257104075	0.00203002340166	2.81947694675e-05	4.02782420964e-06	8.05564841928e-06	0	0.00165946357437	0	4.02782420964e-05	0.000189307737853	2.41669452578e-05	0.000684730115639	0.000145001671547	0	0.000181252089434	0	2.01391210482e-05	8.05564841928e-06	2.01391210482e-05	0	0	0	0.00103515082188	1.20834726289e-05	0.000185279913643	3.22225936771e-05	0.00056389538935	0	0	0	0.000495422377786	4.02782420964e-06	3.62504178868e-05	0	0	0	1.61112968386e-05	0.0013775158797	0.000575978861979	0.00116001337238	0.000382643299916	0.000269864222046	2.41669452578e-05	0	3.22225936771e-05	1.20834726289e-05	8.05564841928e-06	4.02782420964e-06	1.20834726289e-05	0	0
0.00333503844558	4.02782420964e-05	0.000245697276788	0	3.62504178868e-05	0.000813620490347	0.00304100727828	0.00368143132761	0.00444671792744	0.0006686188188	0.000269864222046	8.45843084024e-05	0.000483338905157	0	0.0114470764038	0.000136946023128	0.000439032838851	0.00011680690208	0	2.41669452578e-05	0.000261808573627	0.00217905289742	0.000584034510398	0.00128890374708	0.000946538689265	0	3.22225936771e-05	0.00011277907787	0.00156279579334	0.0378776588675	0.00913510530746	0	0.000684730115639	0.0089417697454	0.00806773189191	1.20834726289e-05	1.61112968386e-05	0	0	4.02782420964e-06	0	4.02782420964e-06	3.62504178868e-05	0	0.000161112968386	0	4.02782420964e-06	4.02782420964e-06	0	4.02782420964e-06	0	0	0	0	0	4.02782420964e-06	1.20834726289e-05	5.23617147253e-05	8.05564841928e-06	0.000100695605241	0	4.02782420964e-06	4.02782420964e-06	3.22225936771e-05	4.02782420964e-06	1.20834726289e-05	0	0	0	4.02782420964e-06	0.00304503510249	0.000402782420964	0.0032987880277	0.000825703962976	0.001421821946	0.000696813588268	4.02782420964e-06	2.81947694675e-05	0	4.02782420964e-06	4.02782420964e-06	4.02782420964e-06	0	0
0.00138557152812	0.000132918198918	0.00140973847337	0	1.20834726289e-05	0	0.000281947694675	0.00882496284332	0.000439032838851	0.000962649986104	0.000153057319966	1.20834726289e-05	0.000145001671547	0	0.00100695605241	4.4306066306e-05	0.00115598554817	0.000789453545089	0	5.23617147253e-05	0.00011277907787	0.0127158410298	0.00164738010174	0.00524019929674	0.00178835394908	0	0.000153057319966	0.000584034510398	0.00636799007544	0.00913510530746	0.0390457278883	0	4.02782420964e-06	0.00253350142786	0.00749175302993	1.20834726289e-05	1.61112968386e-05	4.02782420964e-06	0	1.20834726289e-05	0	4.02782420964e-06	3.62504178868e-05	0	0.000245697276788	0	0	0	0	8.05564841928e-06	0	1.61112968386e-05	4.02782420964e-06	0	0	4.02782420964e-06	1.61112968386e-05	7.25008357735e-05	2.01391210482e-05	0.000128890374708	0	0	4.02782420964e-06	4.4306066306e-05	0	8.05564841928e-06	0	0	0	4.02782420964e-06	0.00287989430989	0.000918343919798	0.00277114305623	0.000801537017718	0.000378615475706	8.45843084024e-05	8.05564841928e-06	2.81947694675e-05	0	1.20834726289e-05	8.05564841928e-06	0	0	0
0	4.02782420964e-06	0	0	0	0	0	0	0	0	0	0.000769314424041	0	0.000652507521962	0	0	0	4.02782420964e-06	0	1.61112968386e-05	0	0	0	0	0	3.22225936771e-05	0.000902232622959	0.000104723429451	0	0	0	0.00123251420815	0	0	3.62504178868e-05	0	4.02782420964e-06	0	0	0	0	0	0	0	0	0	4.02782420964e-06	0	8.05564841928e-06	0	0	0	0	0	0	0	0	0	0	0	2.41669452578e-05	4.02782420964e-06	4.02782420964e-06	0	0	0	0	0	0	4.02782420964e-06	4.02782420964e-06	1.20834726289e-05	1.61112968386e-05	0	0	0	0	0	8.05564841928e-06	8.05564841928e-06	0	0	0	4.02782420964e-06
2.41669452578e-05	0	0	0	0	0.0020461346985	0.00153862884808	8.05564841928e-06	0.00175210353119	0	0	2.81947694675e-05	0	0	0.00162724098069	1.61112968386e-05	0	8.05564841928e-06	0	0	0	0	4.02782420964e-06	4.02782420964e-06	0	0	8.05564841928e-06	0	0	0.000684730115639	4.02782420964e-06	0	0.00362504178868	3.22225936771e-05	0.000632368400914	0	0	0	0	0	0	0	0	0	0	0	0	0	0	0	0	0	0	0	0	0	0	0	0	0	0	0	0	0	0	0	0	0	0	0	2.41669452578e-05	4.02782420964e-06	0.000157085144176	4.02782420964e-05	5.6389538935e-05	0.000362504178868	0	0	0	0	0	0	0	0
0.000656535346171	1.61112968386e-05	0.000136946023128	0	8.05564841928e-06	5.23617147253e-05	0.000475283256738	0.00120834726289	0.000620284928285	0.00033028158519	9.26399568217e-05	8.05564841928e-06	0.000169168616805	0	0.00134529328602	3.22225936771e-05	0.000165140792595	5.6389538935e-05	0	8.05564841928e-06	0.000124862550499	0.000716952709316	0.000241669452578	0.000471255432528	0.000455144135689	0	2.01391210482e-05	6.04173631446e-05	0.000616257104075	0.0089417697454	0.00253350142786	0	3.22225936771e-05	0.0110040157407	0.00479713863368	1.61112968386e-05	4.02782420964e-06	0	0	4.02782420964e-06	0	0	2.41669452578e-05	0	8.45843084024e-05	0	4.02782420964e-06	4.02782420964e-06	0	4.02782420964e-06	0	0	0	0	0	4.02782420964e-06	4.02782420964e-06	3.22225936771e-05	0	4.83338905157e-05	0	0	0	1.61112968386e-05	4.02782420964e-06	4.02782420964e-06	0	0	0	4.02782420964e-06	0.00195349474168	0.000265836397836	0.00164738010174	0.000414865893593	0.000515561498834	0.000124862550499	4.02782420964e-06	1.61112968386e-05	0	0	0	0	0	0
0.000934455216637	0.00116001337238	0.00370559827287	0	1.20834726289e-05	0.00101098387662	0.00161112968386	0.00211460771006	0.00187293825748	0.000696813588268	9.26399568217e-05	0.00589673464291	0.000257780749417	0.000455144135689	0.00310545246563	8.45843084024e-05	0.00124459768078	0.00870412811703	0.000173196441015	0.0040117129128	0.000140973847337	0.00489783423892	0.00188904955432	0.00749578085414	0.000914316095588	0.000277919870465	0.0045554691811	0.00349212358976	0.00203002340166	0.00806773189191	0.00749175302993	3.62504178868e-05	0.000632368400914	0.00479713863368	0.0498402967701	1.20834726289e-05	0.000350420706239	4.83338905157e-05	0	4.02782420964e-06	0	0	4.83338905157e-05	0	0.000197363386272	0	3.22225936771e-05	0	3.62504178868e-05	4.02782420964e-06	0	2.41669452578e-05	1.20834726289e-05	4.02782420964e-06	2.01391210482e-05	4.02782420964e-06	1.61112968386e-05	0.000197363386272	4.83338905157e-05	8.86121326121e-05	0.00011277907787	0.000140973847337	0.000197363386272	4.02782420964e-05	4.02782420964e-06	2.41669452578e-05	4.02782420964e-06	0	0	5.23617147253e-05	0.0100655326999	0.00478908298526	0.0203969017976	0.00482936122736	0.00160307403544	0.00144196106705	9.26399568217e-05	0.000181252089434	7.25008357735e-05	8.05564841928e-05	5.23617147253e-05	4.02782420964e-06	0	8.05564841928e-06
0	0	0	0	3.22225936771e-05	0	4.02782420964e-06	1.61112968386e-05	4.02782420964e-06	6.84730115639e-05	4.02782420964e-06	0	4.02782420964e-06	0	0	0	4.02782420964e-06	0	0	0	4.02782420964e-06	0	2.41669452578e-05	0	2.81947694675e-05	0	0	0	2.81947694675e-05	1.20834726289e-05	1.20834726289e-05	0	0	1.61112968386e-05	1.20834726289e-05	0.018713271278	4.02782420964e-06	4.4306066306e-05	0	0.000265836397836	1.61112968386e-05	0.00150640625441	0.00935663563899	0.00307322987196	0.000414865893593	0.000865982205073	8.05564841928e-06	0.000720980533526	0	0.00542145138618	0.000298058991513	6.04173631446e-05	2.01391210482e-05	0	8.05564841928e-06	0.000592090158817	0.000350420706239	0.000241669452578	0.000398754596754	0.00163529662911	0	4.02782420964e-06	3.22225936771e-05	0.00183266001539	0.00420102065065	0.0012526533292	0	2.41669452578e-05	0.000390698948335	0.00215891377637	2.01391210482e-05	4.02782420964e-06	4.02782420964e-06	0	4.02782420964e-06	0	0	0.0013372376376	0.000132918198918	0.000910288271379	0.000374587651497	0.000914316095588	4.83338905157e-05	8.05564841928e-06
4.02782420964e-06	0.00299670121197	0.000386671124125	0	0	0	0	0	0	0	0	0.000326253760981	0	0.00010875125366	4.02782420964e-06	0	8.05564841928e-06	0.000342365057819	2.41669452578e-05	0.000342365057819	0	2.01391210482e-05	0.000237641628369	0.000185279913643	0	0.000249725100998	0.0013372376376	0.00147015583652	4.02782420964e-06	1.61112968386e-05	1.61112968386e-05	4.02782420964e-06	0	4.02782420964e-06	0.000350420706239	4.02782420964e-06	0.0192006380074	0.00178029830066	0	0	0	0	1.61112968386e-05	4.02782420964e-06	4.4306066306e-05	0	0.000257780749417	0	0.000503478026205	4.02782420964e-06	0	0.000140973847337	0.00078139789667	0.00011680690208	0.000656535346171	0	0.000140973847337	0.00207835729217	0.000849870908234	5.6389538935e-05	0.00288794995831	0.00474880474317	0.0100051153367	2.81947694675e-05	8.05564841928e-06	5.23617147253e-05	0	0	0	0.000455144135689	0.000128890374708	0.000257780749417	0.000249725100998	6.84730115639e-05	0	4.02782420964e-06	0	0.000314170288352	0.00124056985657	0.000805564841928	0.000281947694675	2.81947694675e-05	4.02782420964e-06	2.81947694675e-05
0	0.000467227608318	8.86121326121e-05	0	0	0	0	4.02782420964e-06	0	8.05564841928e-06	0	8.05564841928e-06	0	8.05564841928e-06	0	0	0	7.25008357735e-05	0	3.22225936771e-05	0	1.20834726289e-05	0.000124862550499	2.81947694675e-05	8.05564841928e-06	4.02782420964e-06	0.000149029495757	0.000257780749417	8.05564841928e-06	0	4.02782420964e-06	0	0	0	4.83338905157e-05	4.4306066306e-05	0.00178029830066	0.0226041494645	0	4.02782420964e-06	0	8.05564841928e-06	0.000140973847337	8.05564841928e-06	4.4306066306e-05	0	4.83338905157e-05	0	1.61112968386e-05	1.61112968386e-05	4.02782420964e-06	0.000410838069383	0.00537311749566	8.05564841928e-06	0.000660563170381	4.02782420964e-06	0.00113181860291	0.0012123750871	0.0079388415172	0.000145001671547	6.04173631446e-05	0.00745147478783	0.00773342248251	0.000241669452578	2.41669452578e-05	0.00055986756514	0	0	0	0.00136140458286	4.83338905157e-05	2.01391210482e-05	2.81947694675e-05	1.61112968386e-05	0	4.02782420964e-06	0	0.00132918198918	0.00203002340166	0.00186488260906	0.00103112299767	8.45843084024e-05	3.22225936771e-05	1.20834726289e-05
0	0	0	0	0	0	0	0	0	0	0	0	0	0	0	0	0	0	0	0	0	0	0	0	0	0	0	0	0	0	0	0	0	0	0	0	0	0	0	0	0	0	0	0	0	0	0	0	0	0	0	0	0	0	0	0	0	0	0	0	0	0	0	0	0	0	0	0	0	0	0	0	0	0	0	0	0	0	0	0	0	0	0	0
0	0	0	0	0.00388282253809	0	0	4.02782420964e-05	0	0.000209446858901	0.00067264664301	0	4.83338905157e-05	0	0	0	0	0	0	0	0.000580006686188	8.05564841928e-06	1.61112968386e-05	8.05564841928e-06	0.00011277907787	0	0	0	0.00165946357437	4.02782420964e-06	1.20834726289e-05	0	0	4.02782420964e-06	4.02782420964e-06	0.000265836397836	0	4.02782420964e-06	0	0.017617703093	0	0.000547784092511	0.00192932779642	0.000197363386272	0.00089820479875	0.00323031501613	0	0.00216696942479	0	0.000257780749417	3.62504178868e-05	0	0	0	0	0.0108469305966	3.62504178868e-05	5.6389538935e-05	4.02782420964e-05	0.0058081225103	0	0	8.05564841928e-06	0.00449505181796	2.81947694675e-05	8.86121326121e-05	0	0	8.05564841928e-06	0.00011277907787	2.81947694675e-05	0	4.02782420964e-06	0	8.05564841928e-06	0	0	0.000104723429451	4.02782420964e-06	7.25008357735e-05	2.41669452578e-05	8.05564841928e-05	4.02782420964e-06	0
0	0	0	0	0	0	0	0	0	0	0	0	0	0	0	0	0	0	0	0	0	0	0	0	0	0	0	0	0	0	0	0	0	0	0	1.61112968386e-05	0	0	0	0	0.00227974850266	0.000310142464142	4.02782420964e-06	0.000310142464142	0	4.02782420964e-06	4.02782420964e-06	0	0	0.000205419034692	0.000346392882029	0	0	0	0	0	0	0	0	0	0	0	0	0	0.000306114639933	0	0	0.00107945688818	0	0.000326253760981	0	0	0	0	0	0	0	8.05564841928e-06	0	3.22225936771e-05	8.05564841928e-06	0.000624312752494	0.000491394553576	0
0	0	0	0	7.65286599832e-05	0	0	8.05564841928e-06	0	3.22225936771e-05	8.05564841928e-06	0	9.26399568217e-05	0	0	0	0	0	0	0	6.44451873542e-05	0	4.02782420964e-06	0	2.41669452578e-05	0	0	0	4.02782420964e-05	4.02782420964e-06	4.02782420964e-06	0	0	0	0	0.00150640625441	0	8.05564841928e-06	0	0.000547784092511	0.000310142464142	0.0299025669324	0.00279128217728	0.010009143161	0.000149029495757	0.00901024275697	1.20834726289e-05	0.00696008023426	4.02782420964e-06	0.00404393550648	0.00284767171622	8.05564841928e-06	4.02782420964e-06	0	0	0.00280739347412	4.02782420964e-05	3.22225936771e-05	4.02782420964e-05	0.000741119654574	0	0	8.05564841928e-06	0.000716952709316	0.00212266335848	0.00010875125366	0	0.000382643299916	4.83338905157e-05	0.00145001671547	1.20834726289e-05	0	0	0	0	0	0	0.0003343094094	2.81947694675e-05	0.000628340576704	0.000149029495757	0.00331087150032	0.000290003343094	0
0	4.02782420964e-06	0	0	0.000157085144176	0	0	7.25008357735e-05	4.02782420964e-06	0.000435005014641	1.20834726289e-05	0	8.05564841928e-06	0	1.20834726289e-05	0	2.41669452578e-05	0	0	0	3.62504178868e-05	8.05564841928e-06	0.000132918198918	2.41669452578e-05	0.000136946023128	0	0	1.20834726289e-05	0.000189307737853	3.62504178868e-05	3.62504178868e-05	0	0	2.41669452578e-05	4.83338905157e-05	0.00935663563899	1.61112968386e-05	0.000140973847337	0	0.00192932779642	4.02782420964e-06	0.00279128217728	0.0443906506144	0.00395935119808	0.001921272148	0.00521200452727	1.20834726289e-05	0.00192529997221	4.02782420964e-06	0.00530867230831	0.000285975518884	0.000350420706239	7.25008357735e-05	0	1.61112968386e-05	0.00324239848876	0.00148223930915	0.000737091830364	0.00174002005856	0.00886524108542	0	3.22225936771e-05	0.000100695605241	0.0162764376312	0.00124056985657	0.00642840743859	0	4.02782420964e-06	0.000153057319966	0.00197363386272	6.84730115639e-05	1.61112968386e-05	2.01391210482e-05	0	8.05564841928e-06	0	0	0.00171988093752	0.000265836397836	0.000930427392427	0.000426949366222	0.000813620490347	4.83338905157e-05	4.02782420964e-06
0	0	0	0	1.61112968386e-05	0	0	0	0	2.01391210482e-05	0	0	4.02782420964e-06	0	0	0	0	0	0	0	4.02782420964e-06	0	0	0	4.02782420964e-06	0	0	0	2.41669452578e-05	0	0	0	0	0	0	0.00307322987196	4.02782420964e-06	8.05564841928e-06	0	0.000197363386272	0.000310142464142	0.010009143161	0.00395935119808	0.0299186782292	0.00011680690208	0.00325045413718	1.61112968386e-05	0.00167557487121	4.02782420964e-06	0.0122284743005	0.00101098387662	2.01391210482e-05	8.05564841928e-06	0	4.02782420964e-06	0.000716952709316	5.23617147253e-05	6.04173631446e-05	9.66677810314e-05	0.000753203127203	0	4.02782420964e-06	1.20834726289e-05	0.000660563170381	0.00427352148643	0.000185279913643	0	0.000547784092511	0.000100695605241	0.00251336230682	1.61112968386e-05	0	0	0	0	0	0	0.000491394553576	5.6389538935e-05	0.000906260447169	0.000205419034692	0.0022153033153	0.000402782420964	4.02782420964e-06
