0.0214543725014	9.64097026725e-06	8.03414188937e-05	0	5.46321648477e-05	2.24955972902e-05	0.00230419189387	0.00803735554613	0.00424524057434	0.000414561721492	0.0012854627023	1.2854627023e-05	0.000157469181032	1.92819405345e-05	0.00649801396012	3.8563881069e-05	7.07004486265e-05	6.74867918707e-05	0	6.4273135115e-06	7.7127762138e-05	0.000607381126837	0.000112477986451	0.000494903140385	0.00105086575913	0	1.92819405345e-05	5.46321648477e-05	0.00217564562364	0.00781561322998	0.00463087938503	0	1.60682837787e-05	0.000584885529546	0.00130795829959	0	0	0	0	0	0	0	6.4273135115e-06	0	2.89229108017e-05	3.21365675575e-06	0	0	0	0	0	3.21365675575e-06	0	0	0	0	0	9.64097026725e-06	0	1.60682837787e-05	0	6.4273135115e-06	0	0	0	6.4273135115e-06	0	0	0	0	0.000925533145656	0.000131759926986	0.000809841502449	0.000202460375612	0.00049168948363	8.03414188937e-05	3.21365675575e-06	9.64097026725e-06	3.21365675575e-06	0	3.21365675575e-06	0	0	0
9.64097026725e-06	0.00867044592701	0.00116013008883	0	0	0	0	2.24955972902e-05	3.21365675575e-06	5.78458216035e-05	0	0.000289229108017	3.21365675575e-06	0.000141400897253	6.4273135115e-06	0	6.10594783592e-05	0.000732713740311	4.82048513362e-05	0.00030208373504	0	0.000179964778322	0.000973737996992	0.000555962618745	3.21365675575e-05	0.000530253364699	0.00150399136169	0.002934068618	2.89229108017e-05	2.89229108017e-05	8.35550756495e-05	2.24955972902e-05	0	3.21365675575e-06	0.000581671872791	0	0.00156183718329	0.000115691643207	0	0	0	0	3.21365675575e-06	0	0	0	0.000112477986451	0	6.10594783592e-05	0	0	2.89229108017e-05	4.17775378247e-05	1.2854627023e-05	8.03414188937e-05	0	1.2854627023e-05	0.000134973583741	8.03414188937e-05	0	0.000241024256681	0.000404920751224	0.00089982389161	6.4273135115e-06	0	1.2854627023e-05	0	0	0	6.4273135115e-05	0.00015104186752	0.000286015451262	0.000350288586377	0.000112477986451	2.5709254046e-05	1.2854627023e-05	1.92819405345e-05	3.21365675575e-05	0.00017353746481	0.000115691643207	6.4273135115e-06	0	0	0
8.03414188937e-05	0.00116013008883	0.0308736004525	0	0	0	1.2854627023e-05	0.000282801794506	9.64097026725e-06	6.10594783592e-05	3.21365675575e-06	0.000273160824239	0	4.49911945805e-05	2.89229108017e-05	3.21365675575e-06	0.000607381126837	0.006710115306	2.89229108017e-05	0.000597740156569	0	0.00259342100189	0.000758422994357	0.0111610299127	0.000199246718856	1.92819405345e-05	0.00740105150849	0.0116912832774	0.000472407543095	0.000170323808055	0.00124368516447	9.64097026725e-06	0	2.5709254046e-05	0.00463087938503	0	0.000649158664661	9.96233594282e-05	0	0	0	0	3.21365675575e-06	0	1.2854627023e-05	0	9.64097026725e-06	0	1.2854627023e-05	0	0	3.53502243132e-05	2.5709254046e-05	3.21365675575e-06	2.5709254046e-05	0	1.60682837787e-05	0.000138187240497	5.46321648477e-05	9.64097026725e-06	5.46321648477e-05	0.000109264329695	0.000440270975538	3.21365675575e-06	3.21365675575e-06	3.21365675575e-06	0	0	3.21365675575e-06	1.60682837787e-05	0.00184785263456	0.00129189001581	0.00310439242605	0.00110549792398	0.000170323808055	0.000109264329695	6.4273135115e-06	2.89229108017e-05	7.7127762138e-05	1.92819405345e-05	0	6.4273135115e-06	0	0
0	0	0	0	0	0	0	0	0	0	0	0	0	0	0	0	0	0	0	0	0	0	0	0	0	0	0	0	0	0	0	0	0	0	0	0	0	0	0	0	0	0	0	0	0	0	0	0	0	0	0	0	0	0	0	0	0	0	0	0	0	0	0	0	0	0	0	0	0	0	0	0	0	0	0	0	0	0	0	0	0	0	0	0
5.46321648477e-05	0	0	0	0.0159140282545	0	0.000626663067371	0.00118905299963	0.000205674032368	2.5709254046e-05	0.00236846502899	0	0.001815716067	0	3.53502243132e-05	3.21365675575e-06	0	0	0	0	0.00503580013626	3.21365675575e-06	3.21365675575e-06	3.21365675575e-06	0.00677760209788	0	0	3.21365675575e-06	0.00404920751224	2.24955972902e-05	1.92819405345e-05	0	0	0	6.4273135115e-06	3.21365675575e-06	0	0	0	0.0020406720399	0	7.7127762138e-05	2.24955972902e-05	9.64097026725e-06	0	0.000636304037638	0	0.000565603589012	0	1.2854627023e-05	3.21365675575e-06	0	0	0	0	0.00121154859692	0	0	0	0.000122118956718	0	0	0	0.000465980229584	0	0	0	0	0	0	6.4273135115e-06	0	1.2854627023e-05	0	9.64097026725e-06	0	0	0	0	0	0	3.21365675575e-06	0	0
2.24955972902e-05	0	0	0	0	0.00780918591647	0.00398493437713	6.4273135115e-06	0.00184142532104	3.21365675575e-06	9.64097026725e-06	1.60682837787e-05	3.21365675575e-06	1.92819405345e-05	0.0005591762755	0.00122118956718	3.21365675575e-06	0	0	0	0	3.21365675575e-06	0	9.64097026725e-06	0	0	0	0	6.4273135115e-06	0.000552748961989	6.4273135115e-06	0	0.00177715218593	3.21365675575e-06	0.000517398737676	0	0	0	0	0	0	0	0	0	0	0	0	0	0	0	0	0	0	0	0	0	0	0	0	0	0	0	0	0	0	0	0	0	0	0	1.2854627023e-05	3.21365675575e-06	0.000144614554009	1.92819405345e-05	0.000507757767408	0.000928746802412	0	0	0	0	0	0	0	0
0.00230419189387	0	1.2854627023e-05	0	0.000626663067371	0.00398493437713	0.0452161505534	0.00322972503953	0.019577596956	0.000138187240497	0.0107175452804	4.49911945805e-05	0.00425809520137	4.49911945805e-05	0.00523183319836	0.00258056637487	1.2854627023e-05	6.4273135115e-06	0	3.21365675575e-06	0.00129189001581	6.74867918707e-05	9.64097026725e-06	6.4273135115e-05	0.00102194284833	3.21365675575e-06	9.64097026725e-06	1.92819405345e-05	0.00141079531577	0.00249701129922	0.000337433959354	0	0.00128867635906	0.000109264329695	0.00141722262929	0	0	0	0	0	0	0	0	0	1.2854627023e-05	0	0	0	0	0	0	0	0	0	0	0	0	0	0	3.21365675575e-06	0	0	3.21365675575e-06	0	0	0	0	0	0	0	0.000437057318782	3.21365675575e-05	0.000870900980808	0.00023459694317	0.00111192523749	0.000433843662026	3.21365675575e-06	6.4273135115e-06	0	0	0	0	0	0
0.00803735554613	2.24955972902e-05	0.000282801794506	0	0.00118905299963	6.4273135115e-06	0.00322972503953	0.0513542349569	0.00381461056907	0.001815716067	0.00945136451866	9.64097026725e-06	0.000938387772679	3.21365675575e-06	0.00339362153407	6.4273135115e-05	0.000462766572828	0.000163896494543	3.21365675575e-06	2.24955972902e-05	0.000777704934891	0.00180607509673	0.000459552916072	0.00154898255627	0.00787345905159	0	4.82048513362e-05	0.000157469181032	0.0237071458872	0.00287300913964	0.0095863381024	0	6.4273135115e-06	0.000305297391796	0.00189605748589	0	6.4273135115e-06	0	0	0	0	3.21365675575e-06	2.89229108017e-05	3.21365675575e-06	0.000276374480994	1.60682837787e-05	0	6.4273135115e-06	0	6.4273135115e-06	0	6.4273135115e-06	0	0	0	3.21365675575e-06	1.92819405345e-05	5.1418508092e-05	3.21365675575e-06	0.000167110151299	0	0	3.21365675575e-06	3.8563881069e-05	6.4273135115e-06	6.4273135115e-06	0	0	0	6.4273135115e-06	0.00121154859692	0.000241024256681	0.000967310683481	0.000289229108017	0.000424202691759	8.35550756495e-05	3.21365675575e-06	1.92819405345e-05	6.4273135115e-06	6.4273135115e-06	9.64097026725e-06	3.21365675575e-06	0	0
0.00424524057434	3.21365675575e-06	9.64097026725e-06	0	0.000205674032368	0.00184142532104	0.019577596956	0.00381461056907	0.0448755029373	0.000118905299963	0.0058970601468	4.17775378247e-05	0.000745568367334	5.46321648477e-05	0.0136291183011	0.000437057318782	6.4273135115e-06	9.64097026725e-06	0	6.4273135115e-06	0.000314938362063	0.000115691643207	1.2854627023e-05	0.000102837016184	0.000581671872791	6.4273135115e-06	1.2854627023e-05	1.92819405345e-05	0.00102515650508	0.003631432134	0.000520612394431	0	0.0022077821912	0.000131759926986	0.00141400897253	0	0	0	0	0	0	0	0	0	9.64097026725e-06	0	0	0	0	0	0	0	0	0	0	0	0	0	0	3.21365675575e-06	0	0	0	0	0	0	0	0	0	0	0.000478834856607	6.10594783592e-05	0.000854832697029	0.000228169629658	0.00081626881596	0.000424202691759	0	0	0	0	0	0	0	0
0.000414561721492	5.78458216035e-05	6.10594783592e-05	0	2.5709254046e-05	3.21365675575e-06	0.000138187240497	0.001815716067	0.000118905299963	0.0145932153279	0.000141400897253	3.21365675575e-06	0.0010315838186	0	0.000118905299963	0.000250665226948	0.000205674032368	3.21365675575e-05	0	3.21365675575e-06	0.000109264329695	0.000334220302598	0.00186392091833	0.00040813440798	0.00772884449758	3.21365675575e-06	6.4273135115e-06	9.64097026725e-05	0.0025420024938	0.000356715899888	0.000700577172753	0	0	6.74867918707e-05	0.00043063000527	1.92819405345e-05	1.2854627023e-05	9.64097026725e-06	0	1.60682837787e-05	0	9.64097026725e-06	0.000186392091833	1.92819405345e-05	0.00157790546707	2.5709254046e-05	0	1.2854627023e-05	0	2.5709254046e-05	6.4273135115e-06	8.67687324052e-05	3.21365675575e-06	0	0	6.4273135115e-06	9.96233594282e-05	0.000289229108017	5.78458216035e-05	0.00079377321867	0	0	1.60682837787e-05	0.000250665226948	2.89229108017e-05	9.31960459167e-05	0	0	1.92819405345e-05	1.92819405345e-05	0.000311724705308	8.9982389161e-05	0.000215315002635	5.46321648477e-05	0.000581671872791	2.5709254046e-05	0	4.17775378247e-05	1.92819405345e-05	0	3.21365675575e-06	2.5709254046e-05	0	0
0.0012854627023	0	3.21365675575e-06	0	0.00236846502899	9.64097026725e-06	0.0107175452804	0.00945136451866	0.0058970601468	0.000141400897253	0.0351541912511	3.21365675575e-06	0.00379532862854	0	0.0021788592804	5.78458216035e-05	3.21365675575e-06	0	0	0	0.00301119638014	4.49911945805e-05	3.21365675575e-06	3.8563881069e-05	0.00213386808582	0	0	3.21365675575e-06	0.00524468782538	0.000350288586377	0.000228169629658	0	3.21365675575e-06	1.2854627023e-05	0.000125332613474	0	0	0	0	0.000417775378247	0	2.24955972902e-05	3.21365675575e-06	0	9.64097026725e-06	0.000465980229584	0	8.9982389161e-05	0	0	0	0	0	0	0	0.000334220302598	0	3.21365675575e-06	0	1.60682837787e-05	0	0	0	2.5709254046e-05	0	0	0	0	0	0	0.000115691643207	1.60682837787e-05	0.000102837016184	2.89229108017e-05	0.000122118956718	3.21365675575e-06	0	0	0	0	0	0	0	0
1.2854627023e-05	0.000289229108017	0.000273160824239	0	0	1.60682837787e-05	4.49911945805e-05	9.64097026725e-06	4.17775378247e-05	3.21365675575e-06	3.21365675575e-06	0.0272582366023	0	0.00661370560333	2.89229108017e-05	3.21365675575e-06	0	0.00125011247799	0.00225598704254	0.00517077372	0	3.8563881069e-05	6.4273135115e-06	0.000176751121566	3.21365675575e-06	0.00136901777795	0.00794415950021	0.00262234391269	3.21365675575e-06	0.00010605067294	3.21365675575e-05	0.00162611031841	3.21365675575e-06	6.4273135115e-06	0.00531538827401	0	0.000289229108017	6.4273135115e-06	0	0	0	0	0	0	0	0	0.000109264329695	0	0.00012854627023	0	0	0	1.2854627023e-05	9.64097026725e-06	2.5709254046e-05	0	0	0	6.4273135115e-06	0	0.000456339259316	0.000112477986451	0.000134973583741	0	0	0	0	0	0	6.4273135115e-06	0.00023459694317	0.00291157302071	0.00276374480994	0.000308511048552	3.21365675575e-05	3.53502243132e-05	0.000735927397067	6.4273135115e-06	7.39141053822e-05	9.64097026725e-06	0	0	0	3.21365675575e-06
0.000157469181032	3.21365675575e-06	0	0	0.001815716067	3.21365675575e-06	0.00425809520137	0.000938387772679	0.000745568367334	0.0010315838186	0.00379532862854	0	0.019156607921	3.21365675575e-06	0.000183178435078	0.00102837016184	3.21365675575e-06	0	0	0	0.00774812643811	6.4273135115e-06	6.4273135115e-06	9.64097026725e-06	0.00264162585323	0	0	3.21365675575e-06	0.000825909786228	3.21365675575e-05	3.21365675575e-05	0	0	3.21365675575e-06	2.24955972902e-05	3.21365675575e-06	0	0	0	1.60682837787e-05	0	1.92819405345e-05	9.64097026725e-06	3.21365675575e-06	3.21365675575e-05	5.1418508092e-05	0	0.000414561721492	0	0	0	0	0	0	0	4.49911945805e-05	0	3.21365675575e-06	0	2.5709254046e-05	0	0	0	1.2854627023e-05	3.21365675575e-06	0	0	0	0	3.21365675575e-06	3.8563881069e-05	0	1.92819405345e-05	6.4273135115e-06	0.000755209337601	0	0	3.21365675575e-06	0	3.21365675575e-06	0	0	0	0
1.92819405345e-05	0.000141400897253	4.49911945805e-05	0	0	1.92819405345e-05	4.49911945805e-05	3.21365675575e-06	5.46321648477e-05	0	0	0.00661370560333	3.21365675575e-06	0.0131824200121	3.53502243132e-05	9.64097026725e-06	0	8.9982389161e-05	0.000163896494543	0.000353502243132	0	1.60682837787e-05	3.21365675575e-06	4.17775378247e-05	3.21365675575e-06	0.00143971822658	0.00246487473166	0.00179000681295	3.21365675575e-06	0.00010605067294	1.92819405345e-05	0.00205674032368	1.2854627023e-05	1.60682837787e-05	0.00100587456455	0	0.000122118956718	3.21365675575e-06	0	0	0	0	0	0	0	0	0.000224955972902	0	0.000790559561914	0	0	0	0	3.21365675575e-06	1.92819405345e-05	0	0	0	3.21365675575e-06	0	0.000375997840423	7.39141053822e-05	5.1418508092e-05	0	0	0	0	0	0	9.64097026725e-06	0.000292442764773	0.00157469181032	0.000954456056458	0.000308511048552	3.21365675575e-05	4.17775378247e-05	0.000572030902523	3.53502243132e-05	8.03414188937e-05	4.17775378247e-05	2.24955972902e-05	0	0	1.60682837787e-05
0.00649801396012	6.4273135115e-06	2.89229108017e-05	0	3.53502243132e-05	0.0005591762755	0.00523183319836	0.00339362153407	0.0136291183011	0.000118905299963	0.0021788592804	2.89229108017e-05	0.000183178435078	3.53502243132e-05	0.0290128931909	0.000141400897253	2.24955972902e-05	1.2854627023e-05	0	3.21365675575e-06	6.10594783592e-05	0.000109264329695	2.5709254046e-05	0.000134973583741	0.000382425153934	0	1.92819405345e-05	1.60682837787e-05	0.000774491278136	0.00940637332408	0.000784132248403	0	0.000697363515998	0.000375997840423	0.00125332613474	0	0	0	0	0	0	0	0	0	3.21365675575e-06	0	0	0	0	0	0	0	0	0	0	0	0	0	0	9.64097026725e-06	0	0	0	0	0	0	0	0	0	0	0.000482048513362	1.60682837787e-05	0.000851619040274	0.000212101345879	0.000684508888975	0.000282801794506	0	3.21365675575e-06	0	0	3.21365675575e-06	0	0	0
3.8563881069e-05	0	3.21365675575e-06	0	3.21365675575e-06	0.00122118956718	0.00258056637487	6.4273135115e-05	0.000437057318782	0.000250665226948	5.78458216035e-05	3.21365675575e-06	0.00102837016184	9.64097026725e-06	0.000141400897253	0.00609952052241	0	0	0	0	3.21365675575e-05	1.2854627023e-05	3.21365675575e-06	9.64097026725e-06	6.4273135115e-05	0	0	6.4273135115e-06	1.60682837787e-05	9.31960459167e-05	2.5709254046e-05	0	3.8563881069e-05	6.4273135115e-06	9.31960459167e-05	0	0	0	0	0	0	0	0	0	3.21365675575e-06	0	0	0	0	0	0	0	0	0	0	0	0	3.21365675575e-06	0	3.21365675575e-06	0	0	0	0	0	0	0	0	0	0	0.000141400897253	3.21365675575e-06	8.67687324052e-05	2.5709254046e-05	0.00146221382387	4.17775378247e-05	0	3.21365675575e-06	0	0	0	0	0	0
7.07004486265e-05	6.10594783592e-05	0.000607381126837	0	0	3.21365675575e-06	1.2854627023e-05	0.000462766572828	6.4273135115e-06	0.000205674032368	3.21365675575e-06	0	3.21365675575e-06	0	2.24955972902e-05	0	0.0150816911547	7.39141053822e-05	0	6.4273135115e-06	0	0.00337112593678	0.00184785263456	0.00675189284383	0.00331328011518	0	4.49911945805e-05	0.00231383286414	0.00232990114792	0.000112477986451	0.000658799634929	0	0	1.92819405345e-05	0.000912678518633	0	2.24955972902e-05	9.64097026725e-06	0	0	0	0	3.21365675575e-06	0	3.53502243132e-05	0	0	0	0	0	0	1.92819405345e-05	0	0	3.21365675575e-06	0	1.92819405345e-05	0.000112477986451	2.24955972902e-05	9.64097026725e-06	3.21365675575e-06	6.4273135115e-06	4.49911945805e-05	9.64097026725e-06	0	9.64097026725e-06	0	0	0	0	0.0005591762755	0.000269947167483	0.000604167470081	0.000212101345879	6.10594783592e-05	4.49911945805e-05	3.21365675575e-06	1.2854627023e-05	6.4273135115e-06	0	0	0	0	0
6.74867918707e-05	0.000732713740311	0.006710115306	0	0	0	6.4273135115e-06	0.000163896494543	9.64097026725e-06	3.21365675575e-05	0	0.00125011247799	0	8.9982389161e-05	1.2854627023e-05	0	7.39141053822e-05	0.0282287609425	0.00030208373504	0.00518041469027	0	0.00212422711555	0.000157469181032	0.00632769015207	6.74867918707e-05	0.000144614554009	0.0113249264073	0.00400421631766	0.00017353746481	0.000584885529546	0.00103801113211	2.5709254046e-05	0	2.89229108017e-05	0.00954134690782	0	0.000478834856607	2.5709254046e-05	0	0	0	0	3.21365675575e-06	0	6.4273135115e-06	0	2.89229108017e-05	0	1.60682837787e-05	0	0	3.21365675575e-06	3.21365675575e-05	3.21365675575e-06	2.5709254046e-05	0	3.21365675575e-06	3.21365675575e-05	3.21365675575e-06	3.21365675575e-06	0.00010605067294	0.000144614554009	0.000269947167483	0	0	0	0	0	0	1.60682837787e-05	0.00155219621303	0.00138187240497	0.00402671191495	0.00119869396989	0.000102837016184	0.000131759926986	1.92819405345e-05	6.4273135115e-06	5.46321648477e-05	2.5709254046e-05	3.21365675575e-06	3.21365675575e-06	0	0
0	4.82048513362e-05	2.89229108017e-05	0	0	0	0	3.21365675575e-06	0	0	0	0.00225598704254	0	0.000163896494543	0	0	0	0.00030208373504	0.00496509968763	0.00244880644788	0	9.64097026725e-06	0	2.24955972902e-05	0	0.000102837016184	0.00229776458036	0.000353502243132	0	3.21365675575e-06	6.4273135115e-06	5.1418508092e-05	0	0	0.000318152018819	0	2.89229108017e-05	0	0	0	0	0	0	0	0	0	1.2854627023e-05	0	3.21365675575e-06	0	0	0	0	0	0	0	0	0	0	0	3.53502243132e-05	3.21365675575e-06	3.21365675575e-06	0	0	0	0	0	0	0	1.60682837787e-05	0.00010605067294	0.000183178435078	3.21365675575e-05	0	3.21365675575e-06	3.21365675575e-06	0	3.21365675575e-06	0	0	0	0	0
6.4273135115e-06	0.00030208373504	0.000597740156569	0	0	0	3.21365675575e-06	2.24955972902e-05	6.4273135115e-06	3.21365675575e-06	0	0.00517077372	0	0.000353502243132	3.21365675575e-06	0	6.4273135115e-06	0.00518041469027	0.00244880644788	0.0148631624953	0	0.000125332613474	1.92819405345e-05	0.000369570526911	6.4273135115e-06	0.000311724705308	0.00705397657887	0.00161004203463	1.92819405345e-05	2.89229108017e-05	7.39141053822e-05	9.64097026725e-05	0	3.21365675575e-06	0.00367963698533	0	0.000247451570193	6.4273135115e-06	0	0	0	0	0	0	0	0	5.1418508092e-05	0	4.49911945805e-05	0	0	3.21365675575e-06	6.4273135115e-06	3.21365675575e-06	1.2854627023e-05	0	0	0	3.21365675575e-06	0	0.000157469181032	6.4273135115e-05	0.000131759926986	0	0	0	0	0	0	3.21365675575e-06	0.00030208373504	0.000697363515998	0.00156826449681	0.000337433959354	1.60682837787e-05	2.24955972902e-05	2.24955972902e-05	3.21365675575e-06	3.53502243132e-05	6.4273135115e-06	0	0	0	0
7.7127762138e-05	0	0	0	0.00503580013626	0	0.00129189001581	0.000777704934891	0.000314938362063	0.000109264329695	0.00301119638014	0	0.00774812643811	0	6.10594783592e-05	3.21365675575e-05	0	0	0	0	0.0134877174039	6.4273135115e-06	3.21365675575e-06	6.4273135115e-06	0.00395601146633	0	0	3.21365675575e-06	0.000996233594282	1.92819405345e-05	2.5709254046e-05	0	0	0	1.2854627023e-05	0	0	0	0	0	0	0	0	0	3.21365675575e-06	0	0	0	0	0	0	0	0	0	0	0	0	0	0	0	0	0	0	0	0	0	0	0	0	3.21365675575e-06	3.21365675575e-06	0	9.64097026725e-06	3.21365675575e-06	1.60682837787e-05	0	0	3.21365675575e-06	0	3.21365675575e-06	0	0	0	0
0.000607381126837	0.000179964778322	0.00259342100189	0	3.21365675575e-06	3.21365675575e-06	6.74867918707e-05	0.00180607509673	0.000115691643207	0.000334220302598	4.49911945805e-05	3.8563881069e-05	6.4273135115e-06	1.60682837787e-05	0.000109264329695	1.2854627023e-05	0.00337112593678	0.00212422711555	9.64097026725e-06	0.000125332613474	6.4273135115e-06	0.0415911457329	0.00103801113211	0.0194940418804	0.00161646934814	9.64097026725e-06	0.000523826051187	0.00168716979677	0.00518684200378	0.00136259046444	0.0145064465955	3.21365675575e-06	0	0.000186392091833	0.00948671474297	0	7.07004486265e-05	1.60682837787e-05	0	0	0	0	9.64097026725e-06	0	5.78458216035e-05	0	3.21365675575e-06	0	3.21365675575e-06	0	0	9.64097026725e-06	3.21365675575e-06	3.21365675575e-06	6.4273135115e-06	0	9.64097026725e-06	8.03414188937e-05	2.24955972902e-05	3.53502243132e-05	6.4273135115e-06	1.2854627023e-05	5.1418508092e-05	1.92819405345e-05	0	3.21365675575e-06	0	0	0	9.64097026725e-06	0.00232990114792	0.000909464861877	0.00328435720438	0.000970524340236	0.000212101345879	0.000199246718856	3.21365675575e-06	4.17775378247e-05	1.2854627023e-05	1.2854627023e-05	9.64097026725e-06	0	3.21365675575e-06	0
0.000112477986451	0.000973737996992	0.000758422994357	0	3.21365675575e-06	0	9.64097026725e-06	0.000459552916072	1.2854627023e-05	0.00186392091833	3.21365675575e-06	6.4273135115e-06	6.4273135115e-06	3.21365675575e-06	2.5709254046e-05	3.21365675575e-06	0.00184785263456	0.000157469181032	0	1.92819405345e-05	3.21365675575e-06	0.00103801113211	0.0130378054581	0.00243595182086	0.00232668749116	3.21365675575e-06	7.39141053822e-05	0.00221420950471	0.00129510367257	0.000131759926986	0.000668440605196	0	0	5.46321648477e-05	0.000931960459167	0	0.000314938362063	0.000112477986451	0	0	0	3.21365675575e-06	2.89229108017e-05	0	0.000202460375612	0	0	3.21365675575e-06	0	3.21365675575e-06	0	0.000247451570193	1.92819405345e-05	0	0	0	9.31960459167e-05	0.00107336135642	0.000212101345879	9.31960459167e-05	3.21365675575e-06	1.92819405345e-05	0.000382425153934	7.39141053822e-05	6.4273135115e-06	3.8563881069e-05	0	0	3.21365675575e-06	3.21365675575e-05	0.000684508888975	0.000305297391796	0.000607381126837	0.000192819405345	0.00012854627023	3.53502243132e-05	0	6.74867918707e-05	8.67687324052e-05	3.8563881069e-05	1.2854627023e-05	3.21365675575e-06	0	0
0.000494903140385	0.000555962618745	0.0111610299127	0	3.21365675575e-06	9.64097026725e-06	6.4273135115e-05	0.00154898255627	0.000102837016184	0.00040813440798	3.8563881069e-05	0.000176751121566	9.64097026725e-06	4.17775378247e-05	0.000134973583741	9.64097026725e-06	0.00675189284383	0.00632769015207	2.24955972902e-05	0.000369570526911	6.4273135115e-06	0.0194940418804	0.00243595182086	0.0550113763449	0.001815716067	9.64097026725e-06	0.00149113673467	0.00762600748139	0.00366999601507	0.00211137248853	0.00646909104932	3.21365675575e-06	0	0.000154255524276	0.0111353206587	0	0.000298870078285	9.96233594282e-05	0	0	0	0	1.2854627023e-05	0	3.8563881069e-05	0	6.4273135115e-06	0	3.21365675575e-06	3.21365675575e-06	0	5.78458216035e-05	1.2854627023e-05	3.21365675575e-06	9.64097026725e-06	0	4.82048513362e-05	0.000334220302598	7.7127762138e-05	2.89229108017e-05	1.92819405345e-05	3.8563881069e-05	0.000250665226948	1.60682837787e-05	3.21365675575e-06	1.2854627023e-05	0	0	3.21365675575e-06	1.2854627023e-05	0.00394958415282	0.00173216099135	0.00538930237939	0.00173216099135	0.00038563881069	0.000289229108017	9.64097026725e-06	5.46321648477e-05	2.24955972902e-05	1.92819405345e-05	6.4273135115e-06	0	0	0
0.00105086575913	3.21365675575e-05	0.000199246718856	0	0.00677760209788	0	0.00102194284833	0.00787345905159	0.000581671872791	0.00772884449758	0.00213386808582	3.21365675575e-06	0.00264162585323	3.21365675575e-06	0.000382425153934	6.4273135115e-05	0.00331328011518	6.74867918707e-05	0	6.4273135115e-06	0.00395601146633	0.00161646934814	0.00232668749116	0.001815716067	0.0436639543404	0	1.60682837787e-05	0.000241024256681	0.0182053655213	0.000790559561914	0.00179000681295	0	0	0.000134973583741	0.00094481508619	3.21365675575e-06	3.21365675575e-06	0	0	2.24955972902e-05	0	6.4273135115e-06	7.7127762138e-05	6.4273135115e-06	0.000678081575463	1.60682837787e-05	0	3.21365675575e-06	0	3.21365675575e-06	0	4.17775378247e-05	3.21365675575e-06	0	0	0	4.17775378247e-05	0.000118905299963	2.89229108017e-05	0.000388852467446	0	0	6.4273135115e-06	0.000115691643207	1.2854627023e-05	4.17775378247e-05	0	0	9.64097026725e-06	2.89229108017e-05	0.000755209337601	0.000176751121566	0.000507757767408	9.96233594282e-05	0.000353502243132	2.89229108017e-05	0	3.21365675575e-05	1.60682837787e-05	9.64097026725e-06	6.4273135115e-06	1.2854627023e-05	0	0
0	0.000530253364699	1.92819405345e-05	0	0	0	3.21365675575e-06	0	6.4273135115e-06	3.21365675575e-06	0	0.00136901777795	0	0.00143971822658	0	0	0	0.000144614554009	0.000102837016184	0.000311724705308	0	9.64097026725e-06	3.21365675575e-06	9.64097026725e-06	0	0.00636946768989	0.00113120717802	0.00149113673467	0	6.4273135115e-06	0	8.67687324052e-05	0	0	0.000241024256681	0	0.000321365675575	3.21365675575e-06	0	0	0	0	0	0	0	0	0.000266733510727	0	0.000241024256681	0	0	0	3.21365675575e-06	1.92819405345e-05	1.60682837787e-05	0	0	0	3.21365675575e-06	0	0.00081626881596	0.000115691643207	0.000125332613474	0	0	0	0	0	0	1.2854627023e-05	5.1418508092e-05	0.000883755607831	0.000237810599925	2.89229108017e-05	0	3.21365675575e-06	0.000443484632293	1.60682837787e-05	8.35550756495e-05	3.53502243132e-05	1.2854627023e-05	0	0	6.4273135115e-06
1.92819405345e-05	0.00150399136169	0.00740105150849	0	0	0	9.64097026725e-06	4.82048513362e-05	1.2854627023e-05	6.4273135115e-06	0	0.00794415950021	0	0.00246487473166	1.92819405345e-05	0	4.49911945805e-05	0.0113249264073	0.00229776458036	0.00705397657887	0	0.000523826051187	7.39141053822e-05	0.00149113673467	1.60682837787e-05	0.00113120717802	0.049339272171	0.015380561233	6.74867918707e-05	0.000112477986451	0.000250665226948	0.00207280860746	3.21365675575e-06	1.2854627023e-05	0.00532824290103	0	0.00122118956718	4.17775378247e-05	0	0	0	0	0	0	0	0	0.000199246718856	0	0.000199246718856	0	0	6.4273135115e-06	3.8563881069e-05	4.82048513362e-05	0.000122118956718	0	3.21365675575e-06	2.89229108017e-05	1.92819405345e-05	0	0.000649158664661	0.000446698289049	0.000633090380883	0	0	0	0	0	0	2.5709254046e-05	0.000822696129472	0.00169681076704	0.0027669584667	0.00074878202409	3.21365675575e-05	6.74867918707e-05	6.74867918707e-05	1.92819405345e-05	0.000167110151299	6.10594783592e-05	0	0	0	0
5.46321648477e-05	0.002934068618	0.0116912832774	0	3.21365675575e-06	0	1.92819405345e-05	0.000157469181032	1.92819405345e-05	9.64097026725e-05	3.21365675575e-06	0.00262234391269	3.21365675575e-06	0.00179000681295	1.60682837787e-05	6.4273135115e-06	0.00231383286414	0.00400421631766	0.000353502243132	0.00161004203463	3.21365675575e-06	0.00168716979677	0.00221420950471	0.00762600748139	0.000241024256681	0.00149113673467	0.015380561233	0.0637139588395	0.000372784183667	0.00012854627023	0.00074878202409	0.00169681076704	6.4273135115e-06	1.2854627023e-05	0.00401707094469	0	0.00146864113738	0.000196033062101	0	0	0	0	3.21365675575e-06	0	1.60682837787e-05	0	0.000115691643207	0	0.000131759926986	0	0	5.1418508092e-05	4.49911945805e-05	9.64097026725e-06	7.07004486265e-05	0	2.5709254046e-05	0.000289229108017	0.000102837016184	0	0.000350288586377	0.000375997840423	0.000973737996992	6.4273135115e-06	0	6.4273135115e-06	0	0	0	4.82048513362e-05	0.00145900016711	0.00169681076704	0.00260627562891	0.000851619040274	0.000167110151299	0.000134973583741	5.46321648477e-05	4.17775378247e-05	0.000215315002635	7.07004486265e-05	1.92819405345e-05	6.4273135115e-06	0	0
0.00217564562364	2.89229108017e-05	0.000472407543095	0	0.00404920751224	6.4273135115e-06	0.00141079531577	0.0237071458872	0.00102515650508	0.0025420024938	0.00524468782538	3.21365675575e-06	0.000825909786228	3.21365675575e-06	0.000774491278136	1.60682837787e-05	0.00232990114792	0.00017353746481	0	1.92819405345e-05	0.000996233594282	0.00518684200378	0.00129510367257	0.00366999601507	0.0182053655213	0	6.74867918707e-05	0.000372784183667	0.0550917177638	0.00144935919684	0.00871543712159	0	0	0.000253878883704	0.00249379764246	0	1.92819405345e-05	9.64097026725e-06	0	9.64097026725e-06	0	3.21365675575e-06	2.89229108017e-05	0	0.000398493437713	9.64097026725e-06	0	1.2854627023e-05	0	9.64097026725e-06	0	2.24955972902e-05	3.21365675575e-06	0	0	3.21365675575e-06	3.21365675575e-05	0.000122118956718	1.92819405345e-05	0.000196033062101	0	0	9.64097026725e-06	5.46321648477e-05	1.2854627023e-05	2.24955972902e-05	0	0	3.21365675575e-06	2.89229108017e-05	0.00152648695898	0.000372784183667	0.00121154859692	0.000372784183667	0.000324579332331	9.64097026725e-05	3.21365675575e-06	3.53502243132e-05	1.2854627023e-05	9.64097026725e-06	9.64097026725e-06	3.21365675575e-06	0	0
0.00781561322998	2.89229108017e-05	0.000170323808055	0	2.24955972902e-05	0.000552748961989	0.00249701129922	0.00287300913964	0.003631432134	0.000356715899888	0.000350288586377	0.00010605067294	3.21365675575e-05	0.00010605067294	0.00940637332408	9.31960459167e-05	0.000112477986451	0.000584885529546	3.21365675575e-06	2.89229108017e-05	1.92819405345e-05	0.00136259046444	0.000131759926986	0.00211137248853	0.000790559561914	6.4273135115e-06	0.000112477986451	0.00012854627023	0.00144935919684	0.031998380317	0.00520291028756	3.21365675575e-06	0.000951242399702	0.00242631085059	0.00429023176893	3.21365675575e-06	3.21365675575e-06	0	0	0	0	0	3.21365675575e-06	0	3.21365675575e-05	3.21365675575e-06	0	0	0	0	0	0	0	0	0	0	0	9.64097026725e-06	0	1.2854627023e-05	0	6.4273135115e-06	6.4273135115e-06	0	3.21365675575e-06	3.21365675575e-06	0	0	0	6.4273135115e-06	0.00206316763719	0.000186392091833	0.00230097823712	0.000562389932256	0.00106693404291	0.000404920751224	6.4273135115e-06	1.2854627023e-05	6.4273135115e-06	3.21365675575e-06	3.21365675575e-06	0	0	0
0.00463087938503	8.35550756495e-05	0.00124368516447	0	1.92819405345e-05	6.4273135115e-06	0.000337433959354	0.0095863381024	0.000520612394431	0.000700577172753	0.000228169629658	3.21365675575e-05	3.21365675575e-05	1.92819405345e-05	0.000784132248403	2.5709254046e-05	0.000658799634929	0.00103801113211	6.4273135115e-06	7.39141053822e-05	2.5709254046e-05	0.0145064465955	0.000668440605196	0.00646909104932	0.00179000681295	0	0.000250665226948	0.00074878202409	0.00871543712159	0.00520291028756	0.0435386217269	0	0	0.000420989035003	0.00823338860823	3.21365675575e-06	2.89229108017e-05	6.4273135115e-06	0	0	0	0	1.60682837787e-05	0	9.64097026725e-05	0	0	0	0	0	0	1.92819405345e-05	0	0	3.21365675575e-06	0	1.2854627023e-05	8.03414188937e-05	1.2854627023e-05	5.1418508092e-05	3.21365675575e-06	6.4273135115e-06	2.5709254046e-05	6.4273135115e-06	3.21365675575e-06	9.64097026725e-06	0	0	0	9.64097026725e-06	0.00252593421002	0.000639517694394	0.00289871839369	0.000806627845693	0.000311724705308	0.000212101345879	3.21365675575e-06	3.8563881069e-05	1.60682837787e-05	6.4273135115e-06	6.4273135115e-06	0	3.21365675575e-06	0
0	2.24955972902e-05	9.64097026725e-06	0	0	0	0	0	0	0	0	0.00162611031841	0	0.00205674032368	0	0	0	2.5709254046e-05	5.1418508092e-05	9.64097026725e-05	0	3.21365675575e-06	0	3.21365675575e-06	0	8.67687324052e-05	0.00207280860746	0.00169681076704	0	3.21365675575e-06	0	0.00371498720965	0	0	8.03414188937e-05	0	3.21365675575e-05	0	0	0	0	0	0	0	0	0	1.60682837787e-05	0	9.64097026725e-06	0	0	0	0	3.21365675575e-06	6.4273135115e-06	0	0	0	3.21365675575e-06	0	4.82048513362e-05	2.24955972902e-05	1.92819405345e-05	0	0	0	0	0	0	0	6.4273135115e-06	0.000138187240497	3.21365675575e-05	6.4273135115e-06	3.21365675575e-06	3.21365675575e-06	1.92819405345e-05	0	9.64097026725e-06	3.21365675575e-06	0	0	0	0
1.60682837787e-05	0	0	0	0	0.00177715218593	0.00128867635906	6.4273135115e-06	0.0022077821912	0	3.21365675575e-06	3.21365675575e-06	0	1.2854627023e-05	0.000697363515998	3.8563881069e-05	0	0	0	0	0	0	0	0	0	0	3.21365675575e-06	6.4273135115e-06	0	0.000951242399702	0	0	0.00418096743923	3.21365675575e-06	0.000404920751224	0	0	0	0	0	0	0	0	0	0	0	0	0	0	0	0	0	0	0	0	0	0	0	0	0	0	0	0	0	0	0	0	0	0	0	1.92819405345e-05	6.4273135115e-06	7.7127762138e-05	1.2854627023e-05	9.64097026725e-05	0.000215315002635	0	0	0	0	0	0	0	0
0.000584885529546	3.21365675575e-06	2.5709254046e-05	0	0	3.21365675575e-06	0.000109264329695	0.000305297391796	0.000131759926986	6.74867918707e-05	1.2854627023e-05	6.4273135115e-06	3.21365675575e-06	1.60682837787e-05	0.000375997840423	6.4273135115e-06	1.92819405345e-05	2.89229108017e-05	0	3.21365675575e-06	0	0.000186392091833	5.46321648477e-05	0.000154255524276	0.000134973583741	0	1.2854627023e-05	1.2854627023e-05	0.000253878883704	0.00242631085059	0.000420989035003	0	3.21365675575e-06	0.00350931317728	0.00112799352127	3.21365675575e-06	6.4273135115e-06	9.64097026725e-06	0	0	0	0	0	0	6.4273135115e-06	0	0	0	0	0	0	3.21365675575e-06	0	0	0	0	0	3.21365675575e-06	6.4273135115e-06	3.21365675575e-06	0	0	6.4273135115e-06	0	0	0	0	0	0	0	0.000594526499814	7.39141053822e-05	0.000568817245768	0.000144614554009	0.000141400897253	5.78458216035e-05	0	9.64097026725e-06	0	0	0	0	0	0
0.00130795829959	0.000581671872791	0.00463087938503	0	6.4273135115e-06	0.000517398737676	0.00141722262929	0.00189605748589	0.00141400897253	0.00043063000527	0.000125332613474	0.00531538827401	2.24955972902e-05	0.00100587456455	0.00125332613474	9.31960459167e-05	0.000912678518633	0.00954134690782	0.000318152018819	0.00367963698533	1.2854627023e-05	0.00948671474297	0.000931960459167	0.0111353206587	0.00094481508619	0.000241024256681	0.00532824290103	0.00401707094469	0.00249379764246	0.00429023176893	0.00823338860823	8.03414188937e-05	0.000404920751224	0.00112799352127	0.0513574486136	6.4273135115e-06	0.000350288586377	5.46321648477e-05	0	0	0	0	6.4273135115e-06	0	4.82048513362e-05	3.21365675575e-06	3.8563881069e-05	0	2.5709254046e-05	0	3.21365675575e-06	2.89229108017e-05	3.21365675575e-05	6.4273135115e-06	3.21365675575e-05	0	9.64097026725e-06	0.000112477986451	4.49911945805e-05	1.92819405345e-05	0.000122118956718	0.000125332613474	0.000237810599925	3.21365675575e-06	3.21365675575e-06	0	0	0	3.21365675575e-06	2.24955972902e-05	0.00907858033499	0.00372462817991	0.0224216831849	0.00700898538429	0.00152970061574	0.00160040106436	0.000212101345879	0.000131759926986	8.67687324052e-05	5.46321648477e-05	1.92819405345e-05	1.2854627023e-05	0	3.21365675575e-06
0	0	0	0	3.21365675575e-06	0	0	0	0	1.92819405345e-05	0	0	3.21365675575e-06	0	0	0	0	0	0	0	0	0	0	0	3.21365675575e-06	0	0	0	0	3.21365675575e-06	3.21365675575e-06	0	0	3.21365675575e-06	6.4273135115e-06	0.0103511884103	3.21365675575e-06	5.78458216035e-05	0	5.1418508092e-05	3.21365675575e-06	0.000411348064736	0.00283123160182	0.00111513889424	8.9982389161e-05	0.000379211497178	0	0.00012854627023	0	0.00354144974484	4.17775378247e-05	7.07004486265e-05	1.60682837787e-05	0	3.21365675575e-06	4.17775378247e-05	0.000298870078285	3.8563881069e-05	0.000237810599925	0.000636304037638	0	3.21365675575e-06	3.53502243132e-05	0.000472407543095	0.00422274497705	0.00168395614001	0	3.21365675575e-06	0.000308511048552	0.00066522694844	6.4273135115e-06	0	0	0	6.4273135115e-06	0	0	0.000247451570193	2.24955972902e-05	0.000308511048552	8.03414188937e-05	7.39141053822e-05	3.21365675575e-05	0
0	0.00156183718329	0.000649158664661	0	0	0	0	6.4273135115e-06	0	1.2854627023e-05	0	0.000289229108017	0	0.000122118956718	0	0	2.24955972902e-05	0.000478834856607	2.89229108017e-05	0.000247451570193	0	7.07004486265e-05	0.000314938362063	0.000298870078285	3.21365675575e-06	0.000321365675575	0.00122118956718	0.00146864113738	1.92819405345e-05	3.21365675575e-06	2.89229108017e-05	3.21365675575e-05	0	6.4273135115e-06	0.000350288586377	3.21365675575e-06	0.0158851053437	0.00137544509146	0	0	0	0	2.24955972902e-05	0	0.000112477986451	0	0.000761636651113	0	0.000713431799776	3.21365675575e-06	0	0.000260306197216	0.000504544110653	0.000189605748589	0.000768063964624	0	0.000147828210764	0.0021499363696	0.00068772254573	5.46321648477e-05	0.00315259727739	0.00330363914491	0.0086929415243	4.17775378247e-05	6.4273135115e-06	4.49911945805e-05	0	0	0	0.000395279780957	7.07004486265e-05	0.000420989035003	0.000205674032368	5.46321648477e-05	3.21365675575e-06	6.4273135115e-06	3.8563881069e-05	0.000253878883704	0.0013722314347	0.000735927397067	0.000160682837787	6.4273135115e-06	9.64097026725e-06	1.2854627023e-05
0	0.000115691643207	9.96233594282e-05	0	0	0	0	0	0	9.64097026725e-06	0	6.4273135115e-06	0	3.21365675575e-06	0	0	9.64097026725e-06	2.5709254046e-05	0	6.4273135115e-06	0	1.60682837787e-05	0.000112477986451	9.96233594282e-05	0	3.21365675575e-06	4.17775378247e-05	0.000196033062101	9.64097026725e-06	0	6.4273135115e-06	0	0	9.64097026725e-06	5.46321648477e-05	5.78458216035e-05	0.00137544509146	0.0290578843855	0	6.4273135115e-06	0	6.4273135115e-06	0.000186392091833	1.60682837787e-05	9.96233594282e-05	9.64097026725e-06	8.9982389161e-05	3.21365675575e-06	1.92819405345e-05	6.10594783592e-05	3.21365675575e-06	0.00142043628604	0.00260627562891	3.53502243132e-05	0.000292442764773	0	0.00244880644788	0.001394727032	0.0135680588228	0.000244237913437	4.17775378247e-05	0.00449269214454	0.0123532965691	0.000530253364699	0.00010605067294	0.0012276168807	0	0	4.49911945805e-05	0.00136580412119	3.53502243132e-05	2.89229108017e-05	5.46321648477e-05	1.60682837787e-05	6.4273135115e-06	0	6.4273135115e-06	0.00182214338051	0.00309796511254	0.00193783502372	0.000719859113288	4.82048513362e-05	3.8563881069e-05	2.89229108017e-05
0	0	0	0	0	0	0	0	0	0	0	0	0	0	0	0	0	0	0	0	0	0	0	0	0	0	0	0	0	0	0	0	0	0	0	0	0	0	0	0	0	0	0	0	0	0	0	0	0	0	0	0	0	0	0	0	0	0	0	0	0	0	0	0	0	0	0	0	0	0	0	0	0	0	0	0	0	0	0	0	0	0	0	0
0	0	0	0	0.0020406720399	0	0	0	0	1.60682837787e-05	0.000417775378247	0	1.60682837787e-05	0	0	0	0	0	0	0	0	0	0	0	2.24955972902e-05	0	0	0	9.64097026725e-06	0	0	0	0	0	0	5.1418508092e-05	0	6.4273135115e-06	0	0.016656382965	0	0.00107336135642	0.000806627845693	0.000118905299963	0.00015104186752	0.00606095664134	0	0.00285372719911	0	0.000189605748589	1.60682837787e-05	9.64097026725e-06	0	0	0	0.00813055159205	1.2854627023e-05	1.60682837787e-05	1.2854627023e-05	0.00624413507642	0	0	6.4273135115e-06	0.00527039707943	9.64097026725e-05	6.4273135115e-05	0	0	1.92819405345e-05	8.03414188937e-05	0	0	0	0	0	0	0	4.49911945805e-05	3.21365675575e-06	3.8563881069e-05	6.4273135115e-06	2.24955972902e-05	6.4273135115e-06	3.21365675575e-06
0	0	0	0	0	0	0	0	0	0	0	0	0	0	0	0	0	0	0	0	0	0	0	0	0	0	0	0	0	0	0	0	0	0	0	3.21365675575e-06	0	0	0	0	0.00490404020927	0.00139151337524	3.21365675575e-06	0.000735927397067	9.64097026725e-06	6.4273135115e-06	3.21365675575e-06	6.4273135115e-06	3.21365675575e-06	0.00068772254573	0.000674867918707	0	0	0	0	0	3.21365675575e-06	0	6.4273135115e-06	6.4273135115e-06	0	3.21365675575e-06	3.21365675575e-06	6.4273135115e-06	0.000649158664661	6.4273135115e-06	0	0.00150720501845	9.64097026725e-06	0.000948028742946	0	0	0	0	0	0	0	2.89229108017e-05	3.21365675575e-06	0.000125332613474	4.49911945805e-05	0.00121154859692	0.000806627845693	0
0	0	0	0	7.7127762138e-05	0	0	3.21365675575e-06	0	9.64097026725e-06	2.24955972902e-05	0	1.92819405345e-05	0	0	0	0	0	0	0	0	0	3.21365675575e-06	0	6.4273135115e-06	0	0	0	3.21365675575e-06	0	0	0	0	0	0	0.000411348064736	0	6.4273135115e-06	0	0.00107336135642	0.00139151337524	0.0296781201393	0.00130795829959	0.0050036635687	9.96233594282e-05	0.00810162868124	3.21365675575e-06	0.00671975627627	0	0.00358644093942	0.00281194966128	1.60682837787e-05	0	0	0	0.00258378003162	5.78458216035e-05	2.24955972902e-05	6.10594783592e-05	0.00185749360482	0	3.21365675575e-06	1.2854627023e-05	0.000652372321417	0.00240060159654	0.000147828210764	0	0.000600953813325	0.000122118956718	0.0013143856131	0	0	0	0	0	0	0	0.000215315002635	4.17775378247e-05	0.000485262170118	0.000122118956718	0.00200853547234	0.000295656421529	3.21365675575e-06
6.4273135115e-06	3.21365675575e-06	3.21365675575e-06	0	2.24955972902e-05	0	0	2.89229108017e-05	0	0.000186392091833	3.21365675575e-06	0	9.64097026725e-06	0	0	0	3.21365675575e-06	3.21365675575e-06	0	0	0	9.64097026725e-06	2.89229108017e-05	1.2854627023e-05	7.7127762138e-05	0	0	3.21365675575e-06	2.89229108017e-05	3.21365675575e-06	1.60682837787e-05	0	0	0	6.4273135115e-06	0.00283123160182	2.24955972902e-05	0.000186392091833	0	0.000806627845693	3.21365675575e-06	0.00130795829959	0.0377636805368	0.00144935919684	0.00108621598344	0.00554677156042	3.21365675575e-06	0.000681295232219	3.21365675575e-06	0.00384996079339	6.4273135115e-05	0.000607381126837	5.1418508092e-05	0	0	0.000604167470081	0.00187677554536	0.000395279780957	0.0011761983726	0.00746532464361	0	3.21365675575e-06	0.000157469181032	0.0107175452804	0.00182857069402	0.00573959096577	0	3.21365675575e-06	0.000382425153934	0.00128867635906	6.4273135115e-06	0	6.4273135115e-06	0	1.60682837787e-05	0	0	0.000777704934891	0.000224955972902	0.000626663067371	0.000154255524276	0.00015104186752	3.53502243132e-05	0
0	0	0	0	9.64097026725e-06	0	0	3.21365675575e-06	0	1.92819405345e-05	0	0	3.21365675575e-06	0	0	0	0	0	0	0	0	0	0	0	6.4273135115e-06	0	0	0	0	0	0	0	0	0	0	0.00111513889424	0	1.60682837787e-05	0	0.000118905299963	0.000735927397067	0.0050036635687	0.00144935919684	0.0205577622665	5.1418508092e-05	0.00227205532631	1.60682837787e-05	0.00038563881069	0	0.011459899991	0.000340647616109	3.21365675575e-05	3.21365675575e-06	0	3.21365675575e-06	0.00017353746481	8.03414188937e-05	3.21365675575e-05	7.7127762138e-05	0.00074878202409	0	9.64097026725e-06	2.89229108017e-05	0.000331006645842	0.00465016132557	0.000292442764773	0	0.000800200532182	0.000212101345879	0.0020985178615	3.21365675575e-06	0	0	0	3.21365675575e-06	0	0	0.000305297391796	6.10594783592e-05	0.000732713740311	0.00023459694317	0.000694149859242	0.000343861272865	6.4273135115e-06
