0.0247290224048	5.1897213861e-05	0.00210554410522	0	0.000126036090805	2.59486069305e-05	0.00188312747439	0.0114136801056	0.00663913643036	0.00035957355318	0.00134562061654	0.000107501371569	0.000329918002402	2.59486069305e-05	0.0165144348393	2.22416630833e-05	3.33624946249e-05	0.00173114277665	1.48277753889e-05	0.000341038833944	0.000541213801693	0.00139381088655	7.04319330971e-05	0.0037217716226	0.000837769309471	1.11208315416e-05	0.000826648477929	0.000255779125458	0.00476712978752	0.00651310033956	0.00583472961552	0	5.1897213861e-05	0.000630180454026	0.0017978677659	8.15527646387e-05	4.07763823194e-05	3.70694384721e-06	0	8.15527646387e-05	0	3.70694384721e-05	0.000100087483875	5.56041577082e-05	0.000511558250916	4.81902700138e-05	0	3.70694384721e-06	0	6.30180454026e-05	3.70694384721e-06	4.44833261666e-05	0	0	0	4.07763823194e-05	9.63805400276e-05	0.000174226360819	4.07763823194e-05	0.000400349935499	0	2.22416630833e-05	5.56041577082e-05	0.000311383283166	7.78458207915e-05	7.41388769443e-05	0	0	3.70694384721e-06	7.04319330971e-05	0.000656129060957	0.000185347192361	0.00165329695586	0.000689491555582	0.000144570810041	4.44833261666e-05	3.70694384721e-06	8.52597084859e-05	2.22416630833e-05	9.26735961804e-05	4.81902700138e-05	7.41388769443e-06	0	0
5.1897213861e-05	0.0230052935158	0.00143088032502	0	1.11208315416e-05	0	2.59486069305e-05	6.30180454026e-05	2.96555507777e-05	0.000830355421776	1.11208315416e-05	0.0001334499785	1.11208315416e-05	0.000274313844694	4.07763823194e-05	7.41388769443e-06	0.000392936047805	0.00215744131908	4.44833261666e-05	0.000986047063359	1.48277753889e-05	0.000137156922347	0.00354013137409	0.000696905443276	0.00110466926647	0.00104535816491	0.00903011521181	0.0129372340268	0.000240951350069	7.41388769443e-05	0.000118622203111	0	3.70694384721e-06	2.22416630833e-05	0.000411470767041	5.56041577082e-05	0.0120253258404	0.00191648996901	0	1.11208315416e-05	7.41388769443e-06	0	3.33624946249e-05	4.44833261666e-05	7.04319330971e-05	1.85347192361e-05	0.000215002743138	7.41388769443e-06	0.000244658293916	6.30180454026e-05	3.70694384721e-06	0.000118622203111	0.000704319330971	0.000137156922347	0.000370694384721	3.70694384721e-06	0.000148277753889	0.000411470767041	0.000333624946249	8.15527646387e-05	0.00135674144808	0.00313978143859	0.00640559896799	8.52597084859e-05	7.41388769443e-05	9.63805400276e-05	1.85347192361e-05	0	0	0.000607938790943	0.000767337376373	0.000693198499429	0.000607938790943	0.000166812473125	2.22416630833e-05	0	5.1897213861e-05	0.000407763823194	0.000303969395472	0.000481902700138	0.000151984697736	3.70694384721e-06	1.11208315416e-05	0
0.00210554410522	0.00143088032502	0.040494654587	0	0	7.41388769443e-06	0.000285434676236	0.00250218709687	0.000785872095609	0.000111208315416	9.63805400276e-05	0.00020017496775	3.70694384721e-05	6.30180454026e-05	0.0015939858543	5.1897213861e-05	0.000448540205513	0.00968624427277	5.1897213861e-05	0.00121958452573	3.33624946249e-05	0.00215373437523	0.00173114277665	0.0174856541273	0.000400349935499	4.07763823194e-05	0.00886330273869	0.0175004819027	0.00263934401922	0.000619059622485	0.00227235657834	0	7.41388769443e-06	0.000118622203111	0.00164217612432	5.56041577082e-05	0.00320279948399	0.00159027891046	0	2.59486069305e-05	0	3.70694384721e-06	9.26735961804e-05	3.70694384721e-05	0.000122329146958	3.33624946249e-05	5.56041577082e-05	7.41388769443e-06	2.22416630833e-05	2.59486069305e-05	0	0.000856304028707	0.000437419373971	2.96555507777e-05	0.000103794427722	1.11208315416e-05	0.000307676339319	0.00307305644934	0.00190536913747	0.000148277753889	5.56041577082e-05	0.000593111015554	0.00421850209813	0.0001334499785	3.70694384721e-05	0.000185347192361	3.70694384721e-06	3.70694384721e-06	3.70694384721e-06	0.000448540205513	0.00386634243264	0.00257261902997	0.00312866060705	0.00152355392121	7.41388769443e-05	1.85347192361e-05	1.11208315416e-05	0.000455954093207	0.000270606900847	0.000463367980902	0.000237244406222	0	1.11208315416e-05	3.70694384721e-06
0	0	0	0	0	0	0	0	0	0	0	0	0	0	0	0	0	0	0	0	0	0	0	0	0	0	0	0	0	0	0	0	0	0	0	0	0	0	0	0	0	0	0	0	0	0	0	0	0	0	0	0	0	0	0	0	0	0	0	0	0	0	0	0	0	0	0	0	0	0	0	0	0	0	0	0	0	0	0	0	0	0	0	0
0.000126036090805	1.11208315416e-05	0	0	0.0199544787296	0	0.000656129060957	0.00108984149108	0.000322504114708	0.000600524903249	0.00113803176109	2.22416630833e-05	0.00296926202162	1.11208315416e-05	0.000348452721638	4.44833261666e-05	7.41388769443e-06	3.70694384721e-06	0	7.41388769443e-06	0.00772897792144	3.70694384721e-06	7.41388769443e-06	1.11208315416e-05	0.00564567547931	1.11208315416e-05	2.22416630833e-05	1.11208315416e-05	0.00533429219614	0.000218709686986	3.70694384721e-05	0	7.41388769443e-06	0.000107501371569	0.000270606900847	0.000177933304666	7.41388769443e-06	0	0	0.00504885751991	3.70694384721e-06	0.00029284856393	7.04319330971e-05	0.000189054136208	0.00110466926647	0.00340297445174	6.30180454026e-05	0.00232054684836	2.22416630833e-05	0.000255779125458	5.56041577082e-05	3.70694384721e-06	0	3.70694384721e-06	1.11208315416e-05	0.00605714624635	7.41388769443e-06	3.70694384721e-06	3.70694384721e-06	0.00157545113507	0	2.59486069305e-05	2.59486069305e-05	0.000908201242568	0.000422591598582	1.48277753889e-05	3.70694384721e-06	1.85347192361e-05	7.41388769443e-06	0.000326211058555	0.000118622203111	2.96555507777e-05	0.000233537462375	4.07763823194e-05	0.000137156922347	1.48277753889e-05	0	0.000111208315416	2.22416630833e-05	0.000248365237763	3.33624946249e-05	5.93111015554e-05	1.48277753889e-05	0
2.59486069305e-05	0	7.41388769443e-06	0	0	0.00359944247565	0.00237615100606	5.56041577082e-05	0.000374401328569	1.11208315416e-05	3.33624946249e-05	7.78458207915e-05	3.33624946249e-05	2.59486069305e-05	0.000192761080055	0.000774751264068	3.70694384721e-06	7.41388769443e-06	1.11208315416e-05	3.70694384721e-06	2.22416630833e-05	7.41388769443e-06	0	1.48277753889e-05	2.59486069305e-05	7.41388769443e-06	1.85347192361e-05	3.70694384721e-06	4.44833261666e-05	0.000140863866194	1.85347192361e-05	0	0.0011936359188	0	0.00045224714936	0	0	0	0	7.41388769443e-06	0	0	0	0	7.41388769443e-06	0	0	0	0	3.70694384721e-06	0	0	0	0	0	0	0	0	0	7.41388769443e-06	0	0	0	3.70694384721e-06	0	0	0	3.70694384721e-06	0	7.41388769443e-06	7.04319330971e-05	1.11208315416e-05	0.00015939858543	7.41388769443e-05	0.00045224714936	0.000556041577082	0	3.70694384721e-06	0	3.70694384721e-06	3.70694384721e-06	0	0	0
0.00188312747439	2.59486069305e-05	0.000285434676236	0	0.000656129060957	0.00237615100606	0.0527090345635	0.010094008096	0.0245955724263	0.000374401328569	0.0161919307246	0.000674663780193	0.0112765231832	0.000285434676236	0.0102756483445	0.00173114277665	1.85347192361e-05	0.00015939858543	0.000129743034653	0.000207588855444	0.00435195207663	0.000355866609333	3.33624946249e-05	0.000841476253318	0.000986047063359	9.63805400276e-05	0.000478195756291	0.0001334499785	0.00630180454026	0.00301745229163	0.000522679082457	0	0.00256520514227	0.000278020788541	0.00341409528328	5.1897213861e-05	3.70694384721e-06	0	0	0.000222416630833	3.70694384721e-06	2.96555507777e-05	8.89666523332e-05	3.70694384721e-05	0.000337331890097	8.89666523332e-05	0	3.70694384721e-05	7.41388769443e-06	4.81902700138e-05	7.41388769443e-06	0	0	0	0	0.000114915259264	2.22416630833e-05	2.59486069305e-05	1.85347192361e-05	0.000515265194763	3.70694384721e-06	1.11208315416e-05	1.48277753889e-05	0.000259486069305	2.96555507777e-05	2.96555507777e-05	3.70694384721e-06	3.70694384721e-06	7.41388769443e-06	5.93111015554e-05	0.00180898859744	0.000285434676236	0.00375513411723	0.00125294702036	0.00208700938598	0.00144200115657	1.85347192361e-05	2.96555507777e-05	1.11208315416e-05	8.89666523332e-05	5.56041577082e-05	3.70694384721e-06	3.70694384721e-06	0
0.0114136801056	6.30180454026e-05	0.00250218709687	0	0.00108984149108	5.56041577082e-05	0.010094008096	0.0648715173263	0.0124516243828	0.00156433030352	0.0142828546433	0.000344745777791	0.00097121928797	6.67249892499e-05	0.0122217938643	0.000166812473125	4.81902700138e-05	0.00172002194511	9.63805400276e-05	0.000392936047805	0.00141605254964	0.0030545217301	9.63805400276e-05	0.00653534200264	0.00376254800492	3.70694384721e-05	0.000960098456429	0.000348452721638	0.0331104224433	0.00588662682938	0.0107316024377	0	0.000114915259264	0.00294702035854	0.00584585044706	0.000467074924749	6.30180454026e-05	3.70694384721e-06	0	0.00185717886745	7.41388769443e-06	0.000348452721638	0.000704319330971	0.000315090227013	0.00340297445174	0.000908201242568	4.07763823194e-05	0.000255779125458	2.96555507777e-05	0.000363280497027	2.96555507777e-05	9.26735961804e-05	2.22416630833e-05	0	1.48277753889e-05	0.00128630951498	0.000185347192361	0.000259486069305	0.000122329146958	0.00498954641835	1.11208315416e-05	4.44833261666e-05	0.000103794427722	0.0023242537922	0.000570869352471	0.0001334499785	1.11208315416e-05	3.70694384721e-06	4.81902700138e-05	0.000459661037055	0.00245028988301	0.00038552216011	0.00483014783292	0.00150872614582	0.000526386026304	0.000270606900847	1.85347192361e-05	0.000278020788541	4.44833261666e-05	0.000455954093207	0.000174226360819	9.63805400276e-05	1.11208315416e-05	0
0.00663913643036	2.96555507777e-05	0.000785872095609	0	0.000322504114708	0.000374401328569	0.0245955724263	0.0124516243828	0.0444870331104	0.000322504114708	0.008855888851	0.00090449429872	0.0031953855963	0.000303969395472	0.0203733633843	0.00042629854243	3.33624946249e-05	0.000537506857846	0.0001334499785	0.000274313844694	0.00210554410522	0.00065242211711	3.70694384721e-05	0.00180528165359	0.000867424860248	9.26735961804e-05	0.000693198499429	0.000140863866194	0.00606456013404	0.00335478418173	0.00143088032502	0	0.00164588306816	0.000307676339319	0.00363280497027	6.30180454026e-05	1.85347192361e-05	0	0	0.000189054136208	3.70694384721e-06	3.33624946249e-05	0.000137156922347	5.56041577082e-05	0.000400349935499	9.63805400276e-05	3.70694384721e-06	3.70694384721e-05	1.48277753889e-05	6.30180454026e-05	3.70694384721e-06	2.22416630833e-05	0	3.70694384721e-06	0	9.63805400276e-05	5.56041577082e-05	7.41388769443e-05	2.59486069305e-05	0.000604231847096	7.41388769443e-06	2.96555507777e-05	4.81902700138e-05	0.000329918002402	7.41388769443e-05	3.70694384721e-05	3.70694384721e-06	0	3.70694384721e-06	9.26735961804e-05	0.00181640248514	0.000348452721638	0.00401832713038	0.00129372340268	0.00103794427722	0.000863717916401	2.22416630833e-05	6.30180454026e-05	1.85347192361e-05	0.000103794427722	6.67249892499e-05	7.41388769443e-06	7.41388769443e-06	0
0.00035957355318	0.000830355421776	0.000111208315416	0	0.000600524903249	1.11208315416e-05	0.000374401328569	0.00156433030352	0.000322504114708	0.0183864414822	0.000307676339319	4.81902700138e-05	0.000730267937901	1.85347192361e-05	0.000378108272416	0.000563455464777	0.00015939858543	0.000155691641583	1.11208315416e-05	6.30180454026e-05	0.000511558250916	0.000252072181611	0.00326952447324	0.000366987440874	0.00726560994054	2.59486069305e-05	0.000415177710888	0.000708026274818	0.00493394226064	0.00087854569179	0.00112320398571	0	0	0.000507851307068	0.000622766566332	0.00058569712786	0.000111208315416	3.70694384721e-05	0	0.00123441230112	0	0.000207588855444	0.000659836004804	0.000266899956999	0.00602007680788	0.00058569712786	4.07763823194e-05	0.000329918002402	1.48277753889e-05	0.000404056879346	3.70694384721e-05	0.00061164573479	2.22416630833e-05	7.41388769443e-06	1.48277753889e-05	0.00110837621032	0.000730267937901	0.00185717886745	0.000174226360819	0.00417772571581	1.11208315416e-05	5.56041577082e-05	0.000103794427722	0.00231683990451	0.000556041577082	0.000455954093207	3.70694384721e-06	7.41388769443e-06	7.04319330971e-05	0.000485609643985	0.00074509571329	0.000233537462375	0.000522679082457	0.000215002743138	0.00155691641583	4.44833261666e-05	0	0.000578283240165	0.000129743034653	0.000459661037055	0.000148277753889	9.63805400276e-05	2.22416630833e-05	0
0.00134562061654	1.11208315416e-05	9.63805400276e-05	0	0.00113803176109	3.33624946249e-05	0.0161919307246	0.0142828546433	0.008855888851	0.000307676339319	0.0391453270266	0.000266899956999	0.00471152562981	3.33624946249e-05	0.00488575199063	0.000129743034653	7.41388769443e-06	6.67249892499e-05	5.56041577082e-05	0.000163105529277	0.00550481161311	0.000114915259264	2.59486069305e-05	0.000278020788541	0.000967512344123	1.48277753889e-05	0.000289141620083	5.1897213861e-05	0.00900787354873	0.00201657745288	0.000181640248514	0	0.000137156922347	0.000541213801693	0.00239839266915	4.07763823194e-05	3.70694384721e-06	3.70694384721e-06	0	0.000418884654735	3.70694384721e-06	6.30180454026e-05	6.30180454026e-05	4.44833261666e-05	0.000430005486277	0.000329918002402	3.70694384721e-06	0.000248365237763	0	2.22416630833e-05	2.22416630833e-05	1.11208315416e-05	3.70694384721e-06	0	0	0.000548627689388	2.22416630833e-05	4.07763823194e-05	1.85347192361e-05	0.000722854050207	3.70694384721e-06	7.41388769443e-06	7.41388769443e-06	0.000259486069305	6.67249892499e-05	7.41388769443e-06	0	0	0	6.30180454026e-05	0.000822941534082	0.000118622203111	0.00194985246363	0.000337331890097	0.000233537462375	0.000140863866194	3.70694384721e-06	2.96555507777e-05	7.41388769443e-06	4.81902700138e-05	1.11208315416e-05	7.41388769443e-06	3.70694384721e-06	0
0.000107501371569	0.0001334499785	0.00020017496775	0	2.22416630833e-05	7.78458207915e-05	0.000674663780193	0.000344745777791	0.00090449429872	4.81902700138e-05	0.000266899956999	0.0238578906007	0.00029284856393	0.00378849661185	0.00147536365119	2.96555507777e-05	1.11208315416e-05	0.000619059622485	0.00287288148159	0.00340297445174	0.000229830518527	0.00015939858543	4.81902700138e-05	0.000478195756291	6.67249892499e-05	0.002135199656	0.00838140003855	0.000778458207915	0.000274313844694	0.00126036090805	0.000148277753889	3.70694384721e-06	0.000207588855444	6.30180454026e-05	0.0046559214721	1.48277753889e-05	0.00020017496775	7.41388769443e-06	0	7.41388769443e-06	0	3.70694384721e-06	2.59486069305e-05	7.41388769443e-06	4.81902700138e-05	7.41388769443e-06	0.000648715173263	7.41388769443e-06	0.00108984149108	2.22416630833e-05	0	3.70694384721e-06	1.11208315416e-05	8.89666523332e-05	4.81902700138e-05	7.41388769443e-06	1.48277753889e-05	1.85347192361e-05	1.85347192361e-05	2.59486069305e-05	0.000548627689388	0.000381815216263	0.000341038833944	3.70694384721e-05	2.96555507777e-05	1.48277753889e-05	0.000192761080055	3.70694384721e-06	0	0.000100087483875	0.00131596506576	0.00458178259516	0.00749544045907	0.000948977624887	5.1897213861e-05	5.1897213861e-05	0.00121587758189	4.07763823194e-05	0.000578283240165	8.15527646387e-05	2.22416630833e-05	0	0	2.59486069305e-05
0.000329918002402	1.11208315416e-05	3.70694384721e-05	0	0.00296926202162	3.33624946249e-05	0.0112765231832	0.00097121928797	0.0031953855963	0.000730267937901	0.00471152562981	0.00029284856393	0.029114336976	5.56041577082e-05	0.00329918002402	0.000978633175665	3.70694384721e-06	2.59486069305e-05	7.04319330971e-05	0.000114915259264	0.0113766106671	2.59486069305e-05	7.41388769443e-06	8.52597084859e-05	0.00262080929998	2.22416630833e-05	0.000259486069305	6.30180454026e-05	0.0020017496775	0.00130113729037	5.93111015554e-05	0	0.000103794427722	0.000111208315416	0.00155691641583	2.96555507777e-05	7.41388769443e-06	0	0	0.000274313844694	3.70694384721e-06	5.93111015554e-05	1.48277753889e-05	4.81902700138e-05	0.000229830518527	0.000348452721638	1.85347192361e-05	0.00176079832743	3.70694384721e-06	6.67249892499e-05	1.11208315416e-05	3.70694384721e-06	0	0	3.70694384721e-06	0.00106389288415	0	3.70694384721e-06	7.41388769443e-06	0.000285434676236	0	1.11208315416e-05	1.48277753889e-05	0.000103794427722	8.89666523332e-05	0	0	0	7.41388769443e-06	8.15527646387e-05	0.000556041577082	8.15527646387e-05	0.00136786227962	0.000207588855444	0.0012010498065	9.26735961804e-05	7.41388769443e-06	1.11208315416e-05	3.70694384721e-06	5.56041577082e-05	2.22416630833e-05	1.11208315416e-05	7.41388769443e-06	0
2.59486069305e-05	0.000274313844694	6.30180454026e-05	0	1.11208315416e-05	2.59486069305e-05	0.000285434676236	6.67249892499e-05	0.000303969395472	1.85347192361e-05	3.33624946249e-05	0.00378849661185	5.56041577082e-05	0.0144200115657	0.000285434676236	1.11208315416e-05	0	8.52597084859e-05	0.000174226360819	0.000211295799291	4.07763823194e-05	4.44833261666e-05	2.59486069305e-05	9.26735961804e-05	3.33624946249e-05	0.00489687282217	0.00474488812443	0.0020573538352	7.41388769443e-05	0.000155691641583	4.81902700138e-05	4.07763823194e-05	0.000103794427722	1.11208315416e-05	0.000485609643985	0	0.000296555507777	1.85347192361e-05	0	0	0	1.11208315416e-05	3.70694384721e-06	1.48277753889e-05	1.48277753889e-05	7.41388769443e-06	0.000960098456429	0	0.00178674693436	2.96555507777e-05	7.41388769443e-06	0	7.41388769443e-06	0.000111208315416	6.30180454026e-05	0	1.48277753889e-05	7.41388769443e-06	7.41388769443e-06	1.11208315416e-05	0.000978633175665	0.000533799913999	0.000474488812443	1.48277753889e-05	2.96555507777e-05	3.70694384721e-06	0.000259486069305	3.70694384721e-06	0	0.000163105529277	0.000396642991652	0.00221304547679	0.00156803724737	0.000819234590234	1.11208315416e-05	0.000170519416972	0.00155691641583	4.81902700138e-05	0.000567162408624	0.00015939858543	5.56041577082e-05	7.41388769443e-06	7.41388769443e-06	3.70694384721e-05
0.0165144348393	4.07763823194e-05	0.0015939858543	0	0.000348452721638	0.000192761080055	0.0102756483445	0.0122217938643	0.0203733633843	0.000378108272416	0.00488575199063	0.00147536365119	0.00329918002402	0.000285434676236	0.0447020358536	0.000144570810041	2.96555507777e-05	0.00131596506576	0.000229830518527	0.000567162408624	0.00258744680536	0.00109354843493	5.1897213861e-05	0.00294702035854	0.00108984149108	6.67249892499e-05	0.00141605254964	0.000289141620083	0.00581619489628	0.00996426506131	0.00405168962501	0	0.0012010498065	0.000559748520929	0.00623137260717	8.89666523332e-05	4.07763823194e-05	3.70694384721e-06	0	0.000155691641583	0	5.1897213861e-05	0.000155691641583	6.30180454026e-05	0.000593111015554	8.89666523332e-05	1.11208315416e-05	2.96555507777e-05	1.85347192361e-05	6.30180454026e-05	7.41388769443e-06	4.07763823194e-05	0	3.70694384721e-06	0	7.78458207915e-05	0.000118622203111	0.000137156922347	4.07763823194e-05	0.000704319330971	3.70694384721e-06	4.07763823194e-05	4.81902700138e-05	0.000485609643985	0.000103794427722	5.1897213861e-05	7.41388769443e-06	0	7.41388769443e-06	0.000140863866194	0.00203140522827	0.000481902700138	0.00563084770392	0.00136786227962	0.000667249892499	0.00058569712786	2.59486069305e-05	0.000114915259264	2.96555507777e-05	0.000107501371569	4.44833261666e-05	1.85347192361e-05	0	0
2.22416630833e-05	7.41388769443e-06	5.1897213861e-05	0	4.44833261666e-05	0.000774751264068	0.00173114277665	0.000166812473125	0.00042629854243	0.000563455464777	0.000129743034653	2.96555507777e-05	0.000978633175665	1.11208315416e-05	0.000144570810041	0.00661318782343	1.11208315416e-05	2.59486069305e-05	0	2.96555507777e-05	0.000111208315416	0.000103794427722	7.41388769443e-06	0.00022612357468	0.000300262451624	0	4.44833261666e-05	2.22416630833e-05	0.000311383283166	6.30180454026e-05	7.04319330971e-05	0	0.00015939858543	1.11208315416e-05	0.000137156922347	0	1.11208315416e-05	3.70694384721e-06	0	3.33624946249e-05	0	3.70694384721e-06	3.70694384721e-06	0	6.30180454026e-05	7.41388769443e-06	0	7.41388769443e-06	0	0	0	3.70694384721e-06	3.70694384721e-06	0	3.70694384721e-06	2.59486069305e-05	7.41388769443e-06	1.48277753889e-05	3.33624946249e-05	5.93111015554e-05	0	0	2.22416630833e-05	2.22416630833e-05	3.70694384721e-06	3.70694384721e-06	0	0	0	1.11208315416e-05	0.000192761080055	2.96555507777e-05	0.000248365237763	0.000229830518527	0.00298408979701	3.33624946249e-05	3.70694384721e-06	2.96555507777e-05	1.11208315416e-05	5.56041577082e-05	5.56041577082e-05	0	0	0
3.33624946249e-05	0.000392936047805	0.000448540205513	0	7.41388769443e-06	3.70694384721e-06	1.85347192361e-05	4.81902700138e-05	3.33624946249e-05	0.00015939858543	7.41388769443e-06	1.11208315416e-05	3.70694384721e-06	0	2.96555507777e-05	1.11208315416e-05	0.0131337020507	0.000233537462375	7.41388769443e-06	8.89666523332e-05	7.41388769443e-06	0.00260227458074	0.00428893403123	0.00538989635385	0.00269124123308	7.41388769443e-06	0.000374401328569	0.00231313296066	0.00161622751739	5.93111015554e-05	0.000144570810041	0	0	2.96555507777e-05	0.000322504114708	1.85347192361e-05	0.000126036090805	4.81902700138e-05	0	0	0	3.70694384721e-06	3.70694384721e-05	7.41388769443e-06	0.000122329146958	3.70694384721e-06	3.70694384721e-06	3.70694384721e-06	3.70694384721e-06	1.48277753889e-05	0	0.00132337895346	1.85347192361e-05	0	1.48277753889e-05	0	0.000515265194763	0.00256149819843	0.00115656648033	0.000151984697736	3.70694384721e-06	3.33624946249e-05	0.000270606900847	0.000203881911597	1.11208315416e-05	8.89666523332e-05	3.70694384721e-06	0	3.70694384721e-06	7.04319330971e-05	0.00134562061654	0.000511558250916	0.000448540205513	0.000263193013152	4.07763823194e-05	1.11208315416e-05	3.70694384721e-06	0.000166812473125	8.15527646387e-05	8.52597084859e-05	6.30180454026e-05	7.41388769443e-06	0	0
0.00173114277665	0.00215744131908	0.00968624427277	0	3.70694384721e-06	7.41388769443e-06	0.00015939858543	0.00172002194511	0.000537506857846	0.000155691641583	6.67249892499e-05	0.000619059622485	2.59486069305e-05	8.52597084859e-05	0.00131596506576	2.59486069305e-05	0.000233537462375	0.0334848237719	0.000170519416972	0.00795139455228	5.56041577082e-05	0.00203881911597	0.000607938790943	0.010019869219	0.000303969395472	7.78458207915e-05	0.0142087157664	0.00710991829896	0.00144570810041	0.00100828872644	0.00343633694637	0	1.11208315416e-05	0.000144570810041	0.00400349935499	3.33624946249e-05	0.00189795524977	0.000778458207915	0	1.48277753889e-05	0	1.11208315416e-05	7.04319330971e-05	2.59486069305e-05	7.78458207915e-05	2.22416630833e-05	3.70694384721e-05	1.85347192361e-05	1.48277753889e-05	3.70694384721e-05	0	4.44833261666e-05	0.000211295799291	1.85347192361e-05	8.15527646387e-05	1.11208315416e-05	6.67249892499e-05	0.00020017496775	0.000270606900847	7.78458207915e-05	4.44833261666e-05	0.000808113758693	0.00125294702036	3.70694384721e-05	3.70694384721e-05	8.52597084859e-05	0	0	0	0.00031879717086	0.00330288696787	0.00234649545529	0.00379961744339	0.00110096232262	2.96555507777e-05	2.22416630833e-05	2.96555507777e-05	0.000192761080055	0.000126036090805	0.000222416630833	8.15527646387e-05	3.70694384721e-06	0	0
1.48277753889e-05	4.44833261666e-05	5.1897213861e-05	0	0	1.11208315416e-05	0.000129743034653	9.63805400276e-05	0.0001334499785	1.11208315416e-05	5.56041577082e-05	0.00287288148159	7.04319330971e-05	0.000174226360819	0.000229830518527	0	7.41388769443e-06	0.000170519416972	0.00617947539331	0.00194985246363	3.33624946249e-05	4.07763823194e-05	3.70694384721e-06	9.26735961804e-05	7.41388769443e-06	6.30180454026e-05	0.00356607998102	0.000344745777791	6.67249892499e-05	0.000181640248514	3.33624946249e-05	0	2.96555507777e-05	1.48277753889e-05	0.000663542948651	0	7.04319330971e-05	0	0	3.70694384721e-06	0	0	3.70694384721e-06	0	3.70694384721e-06	0	4.44833261666e-05	0	7.78458207915e-05	3.70694384721e-06	0	0	0	1.11208315416e-05	1.85347192361e-05	0	7.41388769443e-06	0	1.48277753889e-05	7.41388769443e-06	0.000100087483875	0.000107501371569	0.0001334499785	3.70694384721e-06	7.41388769443e-06	0	2.22416630833e-05	0	0	2.59486069305e-05	0.000407763823194	0.000533799913999	0.00131596506576	0.000203881911597	7.41388769443e-06	7.41388769443e-06	7.41388769443e-06	7.41388769443e-06	1.11208315416e-05	2.22416630833e-05	3.70694384721e-06	0	0	0
0.000341038833944	0.000986047063359	0.00121958452573	0	7.41388769443e-06	3.70694384721e-06	0.000207588855444	0.000392936047805	0.000274313844694	6.30180454026e-05	0.000163105529277	0.00340297445174	0.000114915259264	0.000211295799291	0.000567162408624	2.96555507777e-05	8.89666523332e-05	0.00795139455228	0.00194985246363	0.0214187215492	0.000137156922347	0.000481902700138	0.000177933304666	0.00139010394271	0.000155691641583	0.000118622203111	0.0148314823327	0.00280615649234	0.000411470767041	0.000467074924749	0.000633887397874	0	1.85347192361e-05	6.30180454026e-05	0.00368470218413	1.48277753889e-05	0.000815527646387	0.000163105529277	0	3.70694384721e-06	0	3.70694384721e-06	3.33624946249e-05	1.85347192361e-05	3.33624946249e-05	1.11208315416e-05	6.67249892499e-05	1.48277753889e-05	8.52597084859e-05	2.22416630833e-05	0	2.22416630833e-05	5.93111015554e-05	2.22416630833e-05	5.93111015554e-05	1.11208315416e-05	2.96555507777e-05	4.81902700138e-05	9.63805400276e-05	2.59486069305e-05	0.000155691641583	0.000537506857846	0.000537506857846	2.96555507777e-05	1.85347192361e-05	2.22416630833e-05	1.48277753889e-05	0	3.70694384721e-06	0.000144570810041	0.00263563707537	0.0021982177014	0.00460402425824	0.000848890141012	2.96555507777e-05	1.11208315416e-05	1.48277753889e-05	9.26735961804e-05	6.67249892499e-05	0.000122329146958	4.44833261666e-05	3.70694384721e-06	0	0
0.000541213801693	1.48277753889e-05	3.33624946249e-05	0	0.00772897792144	2.22416630833e-05	0.00435195207663	0.00141605254964	0.00210554410522	0.000511558250916	0.00550481161311	0.000229830518527	0.0113766106671	4.07763823194e-05	0.00258744680536	0.000111208315416	7.41388769443e-06	5.56041577082e-05	3.33624946249e-05	0.000137156922347	0.0247772126748	3.33624946249e-05	1.11208315416e-05	7.41388769443e-05	0.00333254251865	1.85347192361e-05	0.000278020788541	5.1897213861e-05	0.0047893714506	0.00123070535728	0.000103794427722	0	8.15527646387e-05	0.00029284856393	0.00195355940748	7.04319330971e-05	1.11208315416e-05	0	0	0.00125665396421	0	0.000126036090805	5.93111015554e-05	6.30180454026e-05	0.000741388769443	0.000978633175665	1.48277753889e-05	0.000737681825596	1.11208315416e-05	0.000111208315416	4.07763823194e-05	3.70694384721e-06	3.70694384721e-06	0	3.70694384721e-06	0.00197580107057	7.41388769443e-06	1.11208315416e-05	1.11208315416e-05	0.0010045817826	0	3.70694384721e-06	1.48277753889e-05	0.000407763823194	0.000140863866194	7.41388769443e-06	0	1.11208315416e-05	3.70694384721e-06	9.26735961804e-05	0.00065242211711	9.63805400276e-05	0.00163476223662	0.000237244406222	0.000266899956999	6.67249892499e-05	7.41388769443e-06	6.30180454026e-05	3.70694384721e-06	0.000111208315416	2.59486069305e-05	1.48277753889e-05	7.41388769443e-06	0
0.00139381088655	0.000137156922347	0.00215373437523	0	3.70694384721e-06	7.41388769443e-06	0.000355866609333	0.0030545217301	0.00065242211711	0.000252072181611	0.000114915259264	0.00015939858543	2.59486069305e-05	4.44833261666e-05	0.00109354843493	0.000103794427722	0.00260227458074	0.00203881911597	4.07763823194e-05	0.000481902700138	3.33624946249e-05	0.0363910677481	0.000578283240165	0.0199841342803	0.000956391512581	2.96555507777e-05	0.0011306178734	0.000911908186415	0.00889295828947	0.00107130677185	0.010505478863	0	1.48277753889e-05	0.000240951350069	0.00553446716389	5.56041577082e-05	0.000148277753889	4.81902700138e-05	0	3.70694384721e-06	0	1.48277753889e-05	0.000107501371569	2.96555507777e-05	0.000303969395472	1.85347192361e-05	1.85347192361e-05	3.70694384721e-06	1.11208315416e-05	3.70694384721e-05	3.70694384721e-06	0.000622766566332	3.33624946249e-05	0	1.85347192361e-05	3.70694384721e-06	0.00067837072404	0.00177562610282	0.000433712430124	0.00029284856393	1.11208315416e-05	4.44833261666e-05	0.000181640248514	0.000404056879346	5.1897213861e-05	0.000218709686986	0	1.11208315416e-05	3.70694384721e-06	0.000107501371569	0.00311753977551	0.000711733218665	0.00478566450675	0.00228718435373	0.000370694384721	0.000103794427722	1.48277753889e-05	0.000266899956999	7.78458207915e-05	0.000148277753889	0.000100087483875	2.96555507777e-05	0	0
7.04319330971e-05	0.00354013137409	0.00173114277665	0	7.41388769443e-06	0	3.33624946249e-05	9.63805400276e-05	3.70694384721e-05	0.00326952447324	2.59486069305e-05	4.81902700138e-05	7.41388769443e-06	2.59486069305e-05	5.1897213861e-05	7.41388769443e-06	0.00428893403123	0.000607938790943	3.70694384721e-06	0.000177933304666	1.11208315416e-05	0.000578283240165	0.0178711762874	0.00311383283166	0.00440384929049	0.000107501371569	0.0014605358758	0.00633887397874	0.0013270858973	0.0001334499785	0.000270606900847	0	0	5.93111015554e-05	0.000337331890097	5.93111015554e-05	0.00175338443973	0.000185347192361	0	2.22416630833e-05	0	7.41388769443e-06	0.000103794427722	2.96555507777e-05	0.00090449429872	1.48277753889e-05	1.48277753889e-05	1.11208315416e-05	1.11208315416e-05	4.07763823194e-05	7.41388769443e-06	0.00238727183761	0.000100087483875	3.70694384721e-06	2.22416630833e-05	3.70694384721e-06	0.000659836004804	0.00658353227265	0.00210925104907	0.000552334633235	1.48277753889e-05	0.000114915259264	0.00235390934298	0.000504144363221	5.56041577082e-05	0.000211295799291	3.70694384721e-06	3.70694384721e-06	7.41388769443e-06	0.000203881911597	0.000897080411026	0.000474488812443	0.000459661037055	0.000215002743138	4.44833261666e-05	7.41388769443e-06	7.41388769443e-06	0.000355866609333	0.000177933304666	0.000218709686986	5.56041577082e-05	1.11208315416e-05	3.70694384721e-06	0
0.0037217716226	0.000696905443276	0.0174856541273	0	1.11208315416e-05	1.48277753889e-05	0.000841476253318	0.00653534200264	0.00180528165359	0.000366987440874	0.000278020788541	0.000478195756291	8.52597084859e-05	9.26735961804e-05	0.00294702035854	0.00022612357468	0.00538989635385	0.010019869219	9.26735961804e-05	0.00139010394271	7.41388769443e-05	0.0199841342803	0.00311383283166	0.0717738467698	0.00143458726887	4.81902700138e-05	0.00398125769191	0.00947865541733	0.00966400260969	0.00153838169659	0.00732862798594	0	3.33624946249e-05	0.000337331890097	0.00736940436826	7.04319330971e-05	0.000808113758693	0.000370694384721	0	2.96555507777e-05	0	1.11208315416e-05	0.000122329146958	3.70694384721e-05	0.000381815216263	3.33624946249e-05	2.59486069305e-05	1.85347192361e-05	2.22416630833e-05	2.96555507777e-05	0	0.00364021885796	0.000122329146958	1.85347192361e-05	4.81902700138e-05	2.22416630833e-05	0.000848890141012	0.00643525451876	0.00329176613633	0.000448540205513	2.22416630833e-05	0.00020017496775	0.0016570038997	0.000481902700138	4.44833261666e-05	0.000203881911597	0	3.70694384721e-06	7.41388769443e-06	0.000278020788541	0.00919322074109	0.00277279399772	0.00901899438027	0.0054566213431	0.000771044320221	0.000189054136208	4.81902700138e-05	0.000663542948651	0.000278020788541	0.000500437419374	0.000333624946249	7.41388769443e-06	1.11208315416e-05	0
0.000837769309471	0.00110466926647	0.000400349935499	0	0.00564567547931	2.59486069305e-05	0.000986047063359	0.00376254800492	0.000867424860248	0.00726560994054	0.000967512344123	6.67249892499e-05	0.00262080929998	3.33624946249e-05	0.00108984149108	0.000300262451624	0.00269124123308	0.000303969395472	7.41388769443e-06	0.000155691641583	0.00333254251865	0.000956391512581	0.00440384929049	0.00143458726887	0.0398088699752	3.33624946249e-05	0.000685784611735	0.00140122477425	0.0167294375825	0.00197580107057	0.00216485520677	0	2.22416630833e-05	0.000956391512581	0.00166812473125	0.000626473510179	0.000137156922347	8.15527646387e-05	0	0.00136415533577	3.70694384721e-06	0.000218709686986	0.000741388769443	0.000307676339319	0.00517489361071	0.000522679082457	3.70694384721e-05	0.000196468023902	2.59486069305e-05	0.000455954093207	3.70694384721e-05	0.000589404071707	2.22416630833e-05	1.11208315416e-05	1.11208315416e-05	0.000941563737193	0.000819234590234	0.0019943357898	0.000407763823194	0.00454842010053	2.22416630833e-05	4.81902700138e-05	0.000192761080055	0.00256891208612	0.000600524903249	0.000381815216263	0	1.48277753889e-05	7.41388769443e-05	0.000504144363221	0.00219451075755	0.00067837072404	0.00147907059504	0.000504144363221	0.000860010972554	6.30180454026e-05	7.41388769443e-06	0.000422591598582	9.26735961804e-05	0.000481902700138	0.000129743034653	6.30180454026e-05	1.85347192361e-05	0
1.11208315416e-05	0.00104535816491	4.07763823194e-05	0	1.11208315416e-05	7.41388769443e-06	9.63805400276e-05	3.70694384721e-05	9.26735961804e-05	2.59486069305e-05	1.48277753889e-05	0.002135199656	2.22416630833e-05	0.00489687282217	6.67249892499e-05	0	7.41388769443e-06	7.78458207915e-05	6.30180454026e-05	0.000118622203111	1.85347192361e-05	2.96555507777e-05	0.000107501371569	4.81902700138e-05	3.33624946249e-05	0.0118992897496	0.0032658175294	0.00222045936448	3.70694384721e-05	3.33624946249e-05	3.33624946249e-05	7.41388769443e-06	1.85347192361e-05	7.41388769443e-06	0.000129743034653	1.85347192361e-05	0.000867424860248	2.59486069305e-05	0	3.70694384721e-06	1.48277753889e-05	1.48277753889e-05	2.59486069305e-05	6.67249892499e-05	1.85347192361e-05	1.11208315416e-05	0.00118622203111	1.11208315416e-05	0.00174226360819	9.63805400276e-05	7.41388769443e-06	1.11208315416e-05	1.48277753889e-05	0.000129743034653	0.000107501371569	1.85347192361e-05	4.07763823194e-05	1.85347192361e-05	6.67249892499e-05	2.96555507777e-05	0.00163846918047	0.000641301285568	0.000771044320221	2.96555507777e-05	8.15527646387e-05	1.11208315416e-05	0.000274313844694	2.22416630833e-05	0	0.000622766566332	0.00020017496775	0.00131967200961	0.00097121928797	0.000637594341721	1.85347192361e-05	3.70694384721e-05	0.00152726086505	0.000222416630833	0.00121587758189	0.00065242211711	0.000378108272416	3.33624946249e-05	4.44833261666e-05	0.000140863866194
0.000826648477929	0.00903011521181	0.00886330273869	0	2.22416630833e-05	1.85347192361e-05	0.000478195756291	0.000960098456429	0.000693198499429	0.000415177710888	0.000289141620083	0.00838140003855	0.000259486069305	0.00474488812443	0.00141605254964	4.44833261666e-05	0.000374401328569	0.0142087157664	0.00356607998102	0.0148314823327	0.000278020788541	0.0011306178734	0.0014605358758	0.00398125769191	0.000685784611735	0.0032658175294	0.0869463679364	0.0275907830548	0.00120846369419	0.00103423733337	0.00117880814341	5.1897213861e-05	7.78458207915e-05	0.000126036090805	0.00528980886998	0.000114915259264	0.0115879064664	0.00179416082205	0	1.48277753889e-05	0	1.48277753889e-05	0.000144570810041	8.89666523332e-05	0.000129743034653	8.15527646387e-05	0.00188683441823	4.81902700138e-05	0.00284693287466	0.000181640248514	3.70694384721e-06	0.000114915259264	0.000941563737193	0.000763630432526	0.0013975178304	3.33624946249e-05	0.000196468023902	0.00031879717086	0.000485609643985	0.000107501371569	0.00441497012203	0.00829984727391	0.00823312228466	0.000114915259264	0.000211295799291	0.000211295799291	0.000511558250916	2.59486069305e-05	3.70694384721e-06	0.00136415533577	0.00793656677689	0.0100828872644	0.00970477899201	0.00245399682686	7.78458207915e-05	5.1897213861e-05	0.000344745777791	0.000763630432526	0.000993460951054	0.00112691092955	0.000381815216263	7.41388769443e-06	1.48277753889e-05	2.96555507777e-05
0.000255779125458	0.0129372340268	0.0175004819027	0	1.11208315416e-05	3.70694384721e-06	0.0001334499785	0.000348452721638	0.000140863866194	0.000708026274818	5.1897213861e-05	0.000778458207915	6.30180454026e-05	0.0020573538352	0.000289141620083	2.22416630833e-05	0.00231313296066	0.00710991829896	0.000344745777791	0.00280615649234	5.1897213861e-05	0.000911908186415	0.00633887397874	0.00947865541733	0.00140122477425	0.00222045936448	0.0275907830548	0.0718183300959	0.000997167894901	0.000274313844694	0.000474488812443	1.85347192361e-05	7.41388769443e-06	5.93111015554e-05	0.00210554410522	9.63805400276e-05	0.0117102356134	0.00365133968951	0	2.22416630833e-05	3.70694384721e-06	1.11208315416e-05	0.000114915259264	5.93111015554e-05	0.000118622203111	3.70694384721e-05	0.000537506857846	0	0.000682077667887	7.41388769443e-05	7.41388769443e-06	0.00163105529277	0.000911908186415	0.000237244406222	0.000563455464777	3.70694384721e-06	0.000478195756291	0.00516377277917	0.00297296896547	0.000192761080055	0.00137156922347	0.00379961744339	0.0102682344568	0.000203881911597	0.000103794427722	0.000266899956999	0.000166812473125	3.70694384721e-06	3.70694384721e-06	0.00103423733337	0.0044594534482	0.00345116472176	0.00334737029403	0.00126777479575	6.30180454026e-05	2.59486069305e-05	0.000140863866194	0.000767337376373	0.000570869352471	0.000885959579484	0.000352159665485	1.11208315416e-05	2.22416630833e-05	3.70694384721e-06
0.00476712978752	0.000240951350069	0.00263934401922	0	0.00533429219614	4.44833261666e-05	0.00630180454026	0.0331104224433	0.00606456013404	0.00493394226064	0.00900787354873	0.000274313844694	0.0020017496775	7.41388769443e-05	0.00581619489628	0.000311383283166	0.00161622751739	0.00144570810041	6.67249892499e-05	0.000411470767041	0.0047893714506	0.00889295828947	0.0013270858973	0.00966400260969	0.0167294375825	3.70694384721e-05	0.00120846369419	0.000997167894901	0.084336679468	0.00640189202414	0.012229207752	0	0.000111208315416	0.00320279948399	0.00735086964903	0.00119734286265	0.000155691641583	7.41388769443e-05	0	0.0033918536202	2.22416630833e-05	0.000474488812443	0.00148277753889	0.000622766566332	0.00959727762044	0.00140122477425	9.26735961804e-05	0.00051897213861	4.07763823194e-05	0.000845183197165	7.78458207915e-05	0.00104535816491	3.33624946249e-05	1.11208315416e-05	3.70694384721e-05	0.00246141071455	0.00145682893196	0.00311383283166	0.000496730475527	0.00933037766344	1.48277753889e-05	0.0001334499785	0.000296555507777	0.00526756720689	0.00128260257114	0.000822941534082	1.48277753889e-05	3.33624946249e-05	0.000151984697736	0.00113803176109	0.00624249343871	0.00136044839193	0.00673181002654	0.00243916905147	0.000930442905651	0.000315090227013	1.48277753889e-05	0.00103423733337	0.000248365237763	0.00111579009801	0.000441126317819	0.000222416630833	5.56041577082e-05	0
0.00651310033956	7.41388769443e-05	0.000619059622485	0	0.000218709686986	0.000140863866194	0.00301745229163	0.00588662682938	0.00335478418173	0.00087854569179	0.00201657745288	0.00126036090805	0.00130113729037	0.000155691641583	0.00996426506131	6.30180454026e-05	5.93111015554e-05	0.00100828872644	0.000181640248514	0.000467074924749	0.00123070535728	0.00107130677185	0.0001334499785	0.00153838169659	0.00197580107057	3.33624946249e-05	0.00103423733337	0.000274313844694	0.00640189202414	0.0370879731914	0.0113469551163	0	0.000663542948651	0.00769190848297	0.0106055663469	0.000215002743138	2.59486069305e-05	1.48277753889e-05	0	0.000144570810041	0	5.93111015554e-05	0.000270606900847	8.15527646387e-05	0.00137156922347	9.26735961804e-05	3.33624946249e-05	1.48277753889e-05	2.22416630833e-05	0.000126036090805	3.70694384721e-06	9.26735961804e-05	1.11208315416e-05	3.70694384721e-06	3.70694384721e-06	9.26735961804e-05	0.000181640248514	0.000215002743138	5.93111015554e-05	0.00104165122107	3.70694384721e-06	2.59486069305e-05	3.33624946249e-05	0.000808113758693	0.000237244406222	0.000144570810041	0	3.70694384721e-06	2.96555507777e-05	0.000259486069305	0.00111579009801	0.000381815216263	0.00447428122359	0.000923029017956	0.000300262451624	0.000155691641583	2.59486069305e-05	0.000155691641583	4.07763823194e-05	0.000252072181611	7.41388769443e-05	2.96555507777e-05	3.70694384721e-06	0
