0.0298358931991	0	0	0	2.81647827556e-05	0	0	0.00697547786248	0.00240339479515	0	9.38826091855e-06	2.81647827556e-05	0	0	0.0168049870442	0	0	0.000122047391941	2.81647827556e-05	9.38826091855e-05	0	0.00251605392617	0	0.0036426452364	0.000168988696534	0	4.69413045927e-05	0	0.00518232002704	0.0168519283488	0.0214240114161	0	0	0.00575500394307	0.00288219610199	0	0	0	0	0	0	0	0	0	0	0	0	0	0	0	0	0	0	0	0	0	0	0	3.75530436742e-05	0	0	0	0	0	0	0	0	0	0	0	0	2.81647827556e-05	0.000769837395321	0.00013143565286	9.38826091855e-06	0	0	9.38826091855e-06	0	0	9.38826091855e-06	0	0	0
0	0.0187108040107	0	0	0	0	0	0	0	0.00162416913891	0	0	0	9.38826091855e-06	0	0	8.44943482669e-05	1.87765218371e-05	0	9.38826091855e-06	0	0	0.00420594089151	9.38826091855e-06	0.00245033609974	0.00176499305269	0.000234706522964	0.0150024409478	0	0	0	0	0	0	0	0	0.0115193961471	0	0	0	0	0	0	0	0	0	0	0	0	0	0	2.81647827556e-05	0	0	0	0	0	7.51060873484e-05	0	0	0	0.000150212174697	0.0133031657216	0	0	0	0	0	0	0	0	0	0	0	0	0	0	0	0	0	0	0	0	0
0	0	0.0477768598145	0	0	0	0	0	0	0	0	0	0	2.81647827556e-05	0	0	1.87765218371e-05	0.0177719779188	0	0.00289158436291	0	0	0	0.018213226182	3.75530436742e-05	0	0.00693792481881	0.0232171692516	2.81647827556e-05	0	0	0	0	1.87765218371e-05	0.000901273048181	0	0.000159600435615	0	0	0	0	0	0	0	5.63295655113e-05	0	0	0	0	0	0	0.00102332044012	0	0	0	0	0	0.00107965000563	6.57178264298e-05	1.87765218371e-05	0	0	0.00794246873709	9.38826091855e-06	0	0	0	0	0	0	0.00236584175147	0.000300424349394	0.000882496526343	0.000525742611439	0	0	0	0.000281647827556	0.000309812610312	5.63295655113e-05	0	0	0	0
0	0	0	0	0	0	0	0	0	0	0	0	0	0	0	0	0	0	0	0	0	0	0	0	0	0	0	0	0	0	0	0	0	0	0	0	0	0	0	0	0	0	0	0	0	0	0	0	0	0	0	0	0	0	0	0	0	0	0	0	0	0	0	0	0	0	0	0	0	0	0	0	0	0	0	0	0	0	0	0	0	0	0	0
2.81647827556e-05	0	0	0	0.0248131736077	0.000600848698787	0.00269443088362	0.00146456870329	0.00457208306733	0.000920049570018	0.0016711104435	0.00071350782981	0.00464718915468	0	0.00212174696759	0.00377408088926	0	0	0.000140823913778	0.00064779000338	0.00745427916933	0	0	0	0.0168425400879	0	4.69413045927e-05	0	0.00770776221413	0.00225318262045	0	0	0	6.57178264298e-05	0.00154906305156	0	0	0	0	0.00772653873596	9.38826091855e-06	0.00347365653986	0	0	0.00568928611664	0.00206541740208	9.38826091855e-06	0.00595215742236	0	9.38826091855e-06	3.75530436742e-05	0	0	0	9.38826091855e-06	0.00767020917045	0	0	0	0.00626197003267	9.38826091855e-06	0	0	0.00214052348943	1.87765218371e-05	0	0	0	0	2.81647827556e-05	8.44943482669e-05	0.000112659131023	0.000675954786135	0.000187765218371	0.000760449134402	0	9.38826091855e-06	0.000159600435615	0	0.00013143565286	9.38826091855e-05	8.44943482669e-05	0	0
0	0	0	0	0.000600848698787	0.00605542829246	0.00405572871681	9.38826091855e-06	0.00172744000901	0.000168988696534	0.000206541740208	0	9.38826091855e-06	0	0	0.0029854669721	0	0	0	0	0	0	0	0	0.00155845131248	0	0	0	0.0011641443539	0	0	0	0.0010139321792	0	2.81647827556e-05	0	0	0	0	0	0	0	0	0	0	0	0	0	0	0	0	0	0	0	0	0	0	0	0	0	0	0	0	0	0	0	0	0	0	0	0.00144579218146	0	2.81647827556e-05	0	0.00301363175485	0.000366142175823	0	0	0	0	0	0	0	0
0	0	0	0	0.00269443088362	0.00405572871681	0.0278455818844	0.00124863870217	0.0124957752826	9.38826091855e-05	0.00474107176387	9.38826091855e-05	0.00562356829021	0	0.00105148522288	0.00605542829246	0	0	0	6.57178264298e-05	0.00234706522964	0	0	9.38826091855e-06	0.00301363175485	0	2.81647827556e-05	0	0.00648728829472	0.00276953697097	0	0	0.00114536783206	9.38826091855e-06	0.00211235870667	0	0	0	0	1.87765218371e-05	0	9.38826091855e-06	0	0	1.87765218371e-05	0	0	1.87765218371e-05	0	0	0	0	0	0	0	1.87765218371e-05	0	0	0	0	9.38826091855e-06	0	0	0	0	0	0	0	0	0	0.00242217131699	0.000262871305719	0.00336099740884	0.000704119568891	0.00174621653085	0.000460024785009	5.63295655113e-05	0	0	0	0	9.38826091855e-06	0	0
0.00697547786248	0	0	0	0.00146456870329	9.38826091855e-06	0.00124863870217	0.0493634759097	0.0078955274325	0	0.00569867437756	0.000901273048181	3.75530436742e-05	0.000244094783882	0.00836494047843	7.51060873484e-05	0	0	0.000394306958579	0.000816778699914	0	9.38826091855e-06	0	1.87765218371e-05	0.00260054827444	0	0.000666566525217	9.38826091855e-06	0.0296481279808	0.00644973525104	0.00662811220849	0	0	0.0030887378422	0.00381163393293	5.63295655113e-05	0	0	0	0.00659994742574	0	0.000291036088475	0	9.38826091855e-06	0.00939764917947	0.00165233392166	0.000140823913778	0.00143640392054	9.38826091855e-06	6.57178264298e-05	5.63295655113e-05	0	0	9.38826091855e-06	8.44943482669e-05	0.00183071087912	0	0	0	0.00929437830936	0	9.38826091855e-06	0	0.00352998610537	8.44943482669e-05	0	0	0	0	0.000215930001127	0.000159600435615	0	0.00203725261932	0.000591460437868	0	0	0	4.69413045927e-05	9.38826091855e-06	0.000253483044801	1.87765218371e-05	3.75530436742e-05	0	0
0.00240339479515	0	0	0	0.00457208306733	0.00172744000901	0.0124957752826	0.0078955274325	0.0349994367043	0	0.00638401742461	0.00013143565286	0.00143640392054	0.000732284351647	0.0126929287619	0.0014176273987	0	0	5.63295655113e-05	0.00013143565286	0.000891884787262	0	0	0	0.00380224567201	0	0.000103270870104	0	0.0116226670172	0.0045063652409	0.000356753914905	0	0.00168988696534	0.000572683916031	0.00274137218822	0	0	0	0	1.87765218371e-05	0	0	0	0	1.87765218371e-05	0	0	1.87765218371e-05	0	0	0	0	0	0	0	1.87765218371e-05	0	0	0	1.87765218371e-05	6.57178264298e-05	0	0	0	0	0	0	0	0	0	0.00245972436066	0.000244094783882	0.00351120958354	0.000206541740208	0.000431860002253	0.000328589132149	0.000394306958579	0.000206541740208	0	0	0	9.38826091855e-06	0	0
0	0.00162416913891	0	0	0.000920049570018	0.000168988696534	9.38826091855e-05	0	0	0.0116883848436	0	0	0.001267415224	0	0	0.000882496526343	0	0	0	0	0.00128619174584	0	0.00291974914567	0	0.00545457959368	0.000262871305719	0	0.00120169739757	0.000262871305719	1.87765218371e-05	0	0	0	0	9.38826091855e-06	0	0.000206541740208	0	0	0.000901273048181	1.87765218371e-05	0.000281647827556	0	0	0.00255360696984	0.000103270870104	0	0.0013143565286	0	0	0.000122047391941	0	0	0	0	0.00107026174471	0	4.69413045927e-05	0	0.00105148522288	0	0	0.000262871305719	1.87765218371e-05	0	0	0	0	0	0	0.000375530436742	0	1.87765218371e-05	0	0.000807390438995	0	0	0	0	0	0	1.87765218371e-05	0	0
9.38826091855e-06	0	0	0	0.0016711104435	0.000206541740208	0.00474107176387	0.00569867437756	0.00638401742461	0	0.0142326035525	0.000159600435615	0.00013143565286	0	0.00277892523189	0.00114536783206	0	0	5.63295655113e-05	0.000150212174697	0.000525742611439	0	0	0	0.000206541740208	0	9.38826091855e-06	0	0.0075951030831	0.000769837395321	0	0	0	0	0.000178376957452	0	0	0	0	0	0	0	0	0	0	0	0	0	0	0	0	0	0	0	0	0	0	0	0	0	0	0	0	0	0	0	0	0	0	0	9.38826091855e-06	0	8.44943482669e-05	9.38826091855e-06	0	0	0	0	0	0	0	0	0	0
2.81647827556e-05	0	0	0	0.00071350782981	0	9.38826091855e-05	0.000901273048181	0.00013143565286	0	0.000159600435615	0.0284933718878	0.00122986218033	0.00407450523865	0.00637462916369	0	0	0	0.00645912351196	0.00736039656014	0.00195275827106	0	0	1.87765218371e-05	0.000431860002253	0.000356753914905	0.00839310526118	4.69413045927e-05	0.00229073566413	0.012336174847	0	0.00038491869766	0.00153967479064	0.000610236959706	0.0171429644373	0	0	0	0	0.00013143565286	0	2.81647827556e-05	0	0	0.000112659131023	1.87765218371e-05	0	0.000197153479289	9.38826091855e-06	0	0	0	0	0	0	0.000206541740208	0	0	0	0.000206541740208	3.75530436742e-05	0.000122047391941	0	9.38826091855e-06	0	0	0	0	0	0	4.69413045927e-05	0.00051635435052	0.00195275827106	0	0	0	0.000178376957452	0	0.000234706522964	0	0	0	0	0.000197153479289
0	0	0	0	0.00464718915468	9.38826091855e-06	0.00562356829021	3.75530436742e-05	0.00143640392054	0.001267415224	0.00013143565286	0.00122986218033	0.024897667956	3.75530436742e-05	0.00230951218596	0.00504149611326	0	0	0.000460024785009	0.000694731307973	0.0110218183184	0	0	3.75530436742e-05	0.0044030943708	0	0.000497577828683	1.87765218371e-05	0.000863720004506	0.00566112133388	0	0	0	3.75530436742e-05	0.00432798828345	0	0	0	0	0.000413083480416	1.87765218371e-05	0.00437492958804	9.38826091855e-06	0.00226257088137	0.000337977393068	0.00205602914116	0.00121108565849	0.00701303090615	0.000291036088475	0.00259116001352	3.75530436742e-05	0	0	3.75530436742e-05	0	0.0030887378422	0	0	0	0.000253483044801	8.44943482669e-05	0.00013143565286	9.38826091855e-06	9.38826091855e-06	0.000328589132149	0	0	0	0	0.0014176273987	0.000309812610312	0.000722896090728	0.00252544218709	0.00112659131023	0.000863720004506	0	0.000215930001127	0.000497577828683	0	0.00223440609861	0.000535130872357	0.000995155657366	0.000262871305719	3.75530436742e-05
0	9.38826091855e-06	2.81647827556e-05	0	0	0	0	0.000244094783882	0.000732284351647	0	0	0.00407450523865	3.75530436742e-05	0.0135660370273	0.00180254609636	0	9.38826091855e-06	0	0	0	2.81647827556e-05	0	0	9.38826091855e-06	7.51060873484e-05	0.00212174696759	0.00195275827106	0.0022250178377	0.000234706522964	0.00297607871118	0	0.00328589132149	0.000957602613692	0.000281647827556	0.00328589132149	0	4.69413045927e-05	0	0	2.81647827556e-05	0	0	0	0	3.75530436742e-05	1.87765218371e-05	0.00051635435052	3.75530436742e-05	0.00296669045026	0	0	9.38826091855e-06	0	0	0	3.75530436742e-05	0	9.38826091855e-06	0	4.69413045927e-05	0.000976379135529	0.000262871305719	0.000666566525217	0	0	0	0	0	0	0	0.000478801306846	0.00045063652409	0.00144579218146	0.000413083480416	0	4.69413045927e-05	0.000638401742461	5.63295655113e-05	0.00237523001239	0	0	0	0	0.000863720004506
0.0168049870442	0	0	0	0.00212174696759	0	0.00105148522288	0.00836494047843	0.0126929287619	0	0.00277892523189	0.00637462916369	0.00230951218596	0.00180254609636	0.0524616020128	0	0	8.44943482669e-05	0.00178376957452	0.000769837395321	0.00216868827218	0.0021780765331	0	0.00320139697322	0.0049100604604	0	0.0018213226182	0	0.0154061361673	0.0344549175711	0.0139040144204	0	0.00214052348943	0.0126553757182	0.0178846370498	0	0	0	0	5.63295655113e-05	0	0	0	0	3.75530436742e-05	0	0	5.63295655113e-05	0	9.38826091855e-06	0	0	0	0	0	5.63295655113e-05	0	0	3.75530436742e-05	0.000103270870104	0.000122047391941	0	0	0	9.38826091855e-06	0	0	0	0	0	0.00038491869766	0.000356753914905	0.00241278305607	0.000319200871231	9.38826091855e-06	0	0.000600848698787	0.000215930001127	0	0	9.38826091855e-06	0	0	0
0	0	0	0	0.00377408088926	0.0029854669721	0.00605542829246	7.51060873484e-05	0.0014176273987	0.000882496526343	0.00114536783206	0	0.00504149611326	0	0	0.0147020165984	0.000197153479289	0	0	0	0.00429043523978	0.000844943482669	0	0.00199031131473	0.00424349393518	0	0	0	0.00345488001803	0.000112659131023	0	0	4.69413045927e-05	5.63295655113e-05	0.000779225656239	0	0	0	0	0.000197153479289	9.38826091855e-06	0.00013143565286	0	0	0.000422471741335	6.57178264298e-05	0	0.000206541740208	0	0	9.38826091855e-06	5.63295655113e-05	0	0	0	0.000197153479289	1.87765218371e-05	0	0.00140823913778	0.000187765218371	0	0	9.38826091855e-06	0.000140823913778	0	0	0	0	0	0	1.87765218371e-05	9.38826091855e-06	0.00307934958128	0.00306996132037	0.00436554132712	7.51060873484e-05	0	0.000206541740208	0	0	2.81647827556e-05	9.38826091855e-06	0	0
0	8.44943482669e-05	1.87765218371e-05	0	0	0	0	0	0	0	0	0	0	9.38826091855e-06	0	0.000197153479289	0.0244751962147	0	0	0	0	0.00160539261707	0.00515415524428	0.00727590221187	0.00844004656577	0	0	0.00631829959818	0.00204664088024	0	0	0	0	0	8.44943482669e-05	0	0	0	0	0	0	0	0	0	0.00387735175936	0	0	0	0	0	0	0.00963235570243	0	0	4.69413045927e-05	0	0	0.0130402944159	0	0.00891884787262	0	0	0.000234706522964	0.000441248263172	0	0	0	0	0	0	0.00307934958128	0	0.000657178264298	0.0010139321792	0.000441248263172	0.000309812610312	0	0.00114536783206	0.000544519133276	0	0	0	0	0
0.000122047391941	1.87765218371e-05	0.0177719779188	0	0	0	0	0	0	0	0	0	0	0	8.44943482669e-05	0	0	0.0305869540726	0	0.00864658830598	0	0.000140823913778	0	0.00701303090615	0	0	0.00960419091967	0.00427165871794	3.75530436742e-05	0.000262871305719	0.000356753914905	0	0	0.000253483044801	0.00459085958917	0	0	7.51060873484e-05	0	0	0	0	0	0	0	0	0	0	0	0	0	0	0	0	0	0	0	0	9.38826091855e-06	0	0	8.44943482669e-05	0.000685343047054	0	0	0	0	0	0	0	5.63295655113e-05	9.38826091855e-05	0.000488189567764	0.000159600435615	0	0	0	0	0.000291036088475	9.38826091855e-06	0	0	0	0
2.81647827556e-05	0	0	0	0.000140823913778	0	0	0.000394306958579	5.63295655113e-05	0	5.63295655113e-05	0.00645912351196	0.000460024785009	0	0.00178376957452	0	0	0	0.00885313004619	0.00350182132262	0.000751060873484	0	0	2.81647827556e-05	0.000168988696534	0	0.00489128393856	0	0.00071350782981	0.00331405610425	0	0	0	0.000206541740208	0.0034924330617	0	0	0	0	4.69413045927e-05	0	2.81647827556e-05	0	0	6.57178264298e-05	1.87765218371e-05	0	0.000103270870104	0	0	0	0	0	0	0	0.000112659131023	0	2.81647827556e-05	0	0.000112659131023	0	0	0	9.38826091855e-06	0	0	0	0	0	0	0.000506966089602	0.000600848698787	0.000732284351647	6.57178264298e-05	0	0	0	2.81647827556e-05	9.38826091855e-06	0	0	0	0	0
9.38826091855e-05	9.38826091855e-06	0.00289158436291	0	0.00064779000338	0	6.57178264298e-05	0.000816778699914	0.00013143565286	0	0.000150212174697	0.00736039656014	0.000694731307973	0	0.000769837395321	0	0	0.00864658830598	0.00350182132262	0.025470351872	0.00134252131135	3.75530436742e-05	0	0.000506966089602	0.000328589132149	0	0.01349093094	0.00202786435841	0.0022250178377	0.004149611326	0.000187765218371	0	0	0.000722896090728	0.0118292087574	0	0	0.000103270870104	0	0.000103270870104	0	2.81647827556e-05	0	0	9.38826091855e-05	1.87765218371e-05	1.87765218371e-05	0.000159600435615	0	0	0	0	0	1.87765218371e-05	9.38826091855e-06	0.000168988696534	0	0	0	0.000168988696534	0	0.000225318262045	0.000544519133276	9.38826091855e-06	0	0	0	0	0	0	0.00138007435503	0.00180254609636	0.0026850426227	0.000206541740208	0	0	9.38826091855e-06	9.38826091855e-06	0.000291036088475	9.38826091855e-06	0	0	0	0
0	0	0	0	0.00745427916933	0	0.00234706522964	0	0.000891884787262	0.00128619174584	0.000525742611439	0.00195275827106	0.0110218183184	2.81647827556e-05	0.00216868827218	0.00429043523978	0	0	0.000751060873484	0.00134252131135	0.0154906305156	0	0	0	0.00558601524654	0	0.000741672612565	0	0.00231890044688	0.00562356829021	0	0	0	9.38826091855e-06	0.00412144654324	0	0	0	0	0.000675954786135	9.38826091855e-06	0.000225318262045	0	0	0.000394306958579	7.51060873484e-05	0	0.000826166960832	0	0	1.87765218371e-05	0	0	0	0	0.000835555221751	0	0	0	0.000319200871231	9.38826091855e-06	0	0	0	0	0	0	0	0	0	0.000140823913778	0.000488189567764	0.00145518044237	0.000760449134402	0.000694731307973	0	5.63295655113e-05	6.57178264298e-05	0	0	0	2.81647827556e-05	0	0
0.00251605392617	0	0	0	0	0	0	9.38826091855e-06	0	0	0	0	0	0	0.0021780765331	0.000844943482669	0.00160539261707	0.000140823913778	0	3.75530436742e-05	0	0.0515697172256	0	0.0315445566863	0.00071350782981	0	9.38826091855e-06	0	0.0173682826993	0.00310751436404	0.0233767696872	0	0	0.00267565436179	0.00627135829359	0	0	0	0	0	0	0	0	0	0	0	0	0	0	0	0	0.000938826091855	0	0	0	0	1.87765218371e-05	0.00132374478952	0.000422471741335	0.00136129783319	0	0	0	0.000168988696534	0	0	0	0	0	0	0.00442187089264	8.44943482669e-05	0.00928499004844	0.00405572871681	0.00123925044125	0.000553907394194	0	9.38826091855e-06	9.38826091855e-06	9.38826091855e-06	9.38826091855e-06	0	0	0
0	0.00420594089151	0	0	0	0	0	0	0	0.00291974914567	0	0	0	0	0	0	0.00515415524428	0	0	0	0	0	0.0159506553006	0.000244094783882	0.0084024935221	0.000272259566638	0	0.00310751436404	0.000403695219498	0	0	0	0	0	0	0	0.000497577828683	0	0	0	0	0	0	0	0.00238461827331	0	0	0	0	0	0	0	0	0	0	0	0	0.00206541740208	0	0.0023282887078	0.000112659131023	0	0.000488189567764	0	0	0	0	0	0	0	0	0	0	0	0	0	0	0	0	0	0	0	0	0
0.0036426452364	9.38826091855e-06	0.018213226182	0	0	0	9.38826091855e-06	1.87765218371e-05	0	0	0	1.87765218371e-05	3.75530436742e-05	9.38826091855e-06	0.00320139697322	0.00199031131473	0.00727590221187	0.00701303090615	2.81647827556e-05	0.000506966089602	0	0.0315445566863	0.000244094783882	0.112452589282	0.00013143565286	0	0.000413083480416	0.029732622329	0.00596154568328	0.00431860002253	0.0191989935784	0	0	0.00252544218709	0.00697547786248	0	0	9.38826091855e-06	0	0	0	0	0	0	9.38826091855e-05	0	0	0	0	0	0	0.0157347252995	0	0	6.57178264298e-05	0	9.38826091855e-06	0.0170678583499	0.00437492958804	0.0055672387247	0	0	0.00170866348718	0.000159600435615	0	0	0	0	0	0	0.0107683352736	0.00096699087461	0.0220436366367	0.0147301813812	0.00505088437418	0.000798002178077	0	0.0010608734838	0.000563295655113	0.000563295655113	0.000291036088475	0	0	0
0.000168988696534	0.00245033609974	3.75530436742e-05	0	0.0168425400879	0.00155845131248	0.00301363175485	0.00260054827444	0.00380224567201	0.00545457959368	0.000206541740208	0.000431860002253	0.0044030943708	7.51060873484e-05	0.0049100604604	0.00424349393518	0.00844004656577	0	0.000168988696534	0.000328589132149	0.00558601524654	0.00071350782981	0.0084024935221	0.00013143565286	0.080100642157	5.63295655113e-05	0.000215930001127	0.00155845131248	0.025583011003	0.0107307822299	0.000760449134402	0	2.81647827556e-05	0.0101299335311	0.013021517894	0.00159600435615	0.000215930001127	0	0	0.0111626422322	9.38826091855e-06	0.00313567914679	0	9.38826091855e-06	0.0326993127793	0.00358631567089	0.000244094783882	0.0059709339442	2.81647827556e-05	0.000835555221751	0.000140823913778	7.51060873484e-05	0	1.87765218371e-05	0.000215930001127	0.00844004656577	0	0.00299485523302	1.87765218371e-05	0.0325866536483	9.38826091855e-06	9.38826091855e-06	0.000309812610312	0.00515415524428	0.00170866348718	0	0	0	0	0.000506966089602	0.00520109654888	0.000178376957452	0.00409328176049	0.00253483044801	0.00380224567201	0.00051635435052	1.87765218371e-05	0.00239400653423	9.38826091855e-05	0.00045063652409	0.000103270870104	0.000103270870104	0	0
0	0.00176499305269	0	0	0	0	0	0	0	0.000262871305719	0	0.000356753914905	0	0.00212174696759	0	0	0	0	0	0	0	0	0.000272259566638	0	5.63295655113e-05	0.00999849787825	0.000309812610312	0.0069848661234	0	0	0	0.000225318262045	0	0	0	0	0.00245033609974	0	0	0	0	0	0	0	0	0	0.000253483044801	0	0.00183071087912	0	0	0	0	0	0	0	0	0	0	0	0.00183071087912	0.00220624131586	0.00579255698674	0	0	0	0	0	0	0	0	0	0	0	0	0	0	0	0.000497577828683	0	0	0	0	0.000535130872357
4.69413045927e-05	0.000234706522964	0.00693792481881	0	4.69413045927e-05	0	2.81647827556e-05	0.000666566525217	0.000103270870104	0	9.38826091855e-06	0.00839310526118	0.000497577828683	0.00195275827106	0.0018213226182	0	0	0.00960419091967	0.00489128393856	0.01349093094	0.000741672612565	9.38826091855e-06	0	0.000413083480416	0.000215930001127	0.000309812610312	0.066731758609	0.0189267340118	0.000798002178077	0.00362386871456	1.87765218371e-05	0.00446881219723	0.000159600435615	0.000525742611439	0.0068346539487	0	0.000291036088475	0.000206541740208	0	7.51060873484e-05	0	2.81647827556e-05	0	0	0.000103270870104	9.38826091855e-06	0.00341732697435	0.000140823913778	0.00433737654437	0	0	0	0	0.00187765218371	0.000215930001127	0.000140823913778	0	3.75530436742e-05	0	0.000140823913778	0	0.010608734838	0.00337038566976	0	0	0	0	0	0	2.81647827556e-05	0.00226257088137	0.00305118479853	0.00236584175147	0.000215930001127	0	0	0	5.63295655113e-05	0.0042528821961	3.75530436742e-05	0	0	0	9.38826091855e-06
0	0.0150024409478	0.0232171692516	0	0	0	0	9.38826091855e-06	0	0.00120169739757	0	4.69413045927e-05	1.87765218371e-05	0.0022250178377	0	0	0.00631829959818	0.00427165871794	0	0.00202786435841	0	0	0.00310751436404	0.029732622329	0.00155845131248	0.0069848661234	0.0189267340118	0.127210935446	2.81647827556e-05	3.75530436742e-05	0	0.000403695219498	0	4.69413045927e-05	0.000535130872357	0	0.0166923279132	0.000281647827556	0	0	0	9.38826091855e-06	0	0	0.00013143565286	0	0.00176499305269	9.38826091855e-06	0.00134252131135	0	0	0.0191802170566	0	0.00111720304931	0.000272259566638	0	0	0.0219873070712	0.000319200871231	0.00058207217695	0.000610236959706	0.0125333283263	0.0490912163431	9.38826091855e-06	0	0	0	0	0	9.38826091855e-06	0.00505088437418	0.000619625220624	0.0022250178377	0.0019245934883	0	0	0	0.000657178264298	0.00168988696534	6.57178264298e-05	9.38826091855e-06	0	0	0.000356753914905
0.00518232002704	0	2.81647827556e-05	0	0.00770776221413	0.0011641443539	0.00648728829472	0.0296481279808	0.0116226670172	0.000262871305719	0.0075951030831	0.00229073566413	0.000863720004506	0.000234706522964	0.0154061361673	0.00345488001803	0.00204664088024	3.75530436742e-05	0.00071350782981	0.0022250178377	0.00231890044688	0.0173682826993	0.000403695219498	0.00596154568328	0.025583011003	0	0.000798002178077	2.81647827556e-05	0.0995249539975	0.0213301288069	0.0257707762214	0	0	0.0164200683465	0.0216211648954	0.000178376957452	0	0	0	0.0120263622367	0	0.00118292087574	0	1.87765218371e-05	0.0188140748808	0.0032389500169	0.000150212174697	0.00461902437193	9.38826091855e-06	0.000206541740208	8.44943482669e-05	0	0	9.38826091855e-06	0.000112659131023	0.00631829959818	0	8.44943482669e-05	9.38826091855e-06	0.0190393931428	0	9.38826091855e-06	3.75530436742e-05	0.00602726350971	0.000225318262045	0	0	0	0	0.000281647827556	0.00137068609411	2.81647827556e-05	0.0073885613429	0.00336099740884	0.00137068609411	0.00071350782981	9.38826091855e-06	0.00113597957114	1.87765218371e-05	0.000291036088475	1.87765218371e-05	8.44943482669e-05	0	0
0.0168519283488	0	0	0	0.00225318262045	0	0.00276953697097	0.00644973525104	0.0045063652409	1.87765218371e-05	0.000769837395321	0.012336174847	0.00566112133388	0.00297607871118	0.0344549175711	0.000112659131023	0	0.000262871305719	0.00331405610425	0.004149611326	0.00562356829021	0.00310751436404	0	0.00431860002253	0.0107307822299	0	0.00362386871456	3.75530436742e-05	0.0213301288069	0.0715291599384	0.0221093544632	0	0.00416838784784	0.026859814488	0.0415712193473	3.75530436742e-05	0	0	0	0.000413083480416	0	9.38826091855e-05	0	9.38826091855e-06	0.000600848698787	0.000197153479289	2.81647827556e-05	0.000638401742461	9.38826091855e-06	5.63295655113e-05	0	0	0	0	9.38826091855e-06	0.000619625220624	0	0	3.75530436742e-05	0.00138007435503	0.000178376957452	0	0	2.81647827556e-05	6.57178264298e-05	0	0	0	0	5.63295655113e-05	0.00137068609411	0.00110781478839	0.00949153178865	0.0027319839273	2.81647827556e-05	0.000159600435615	0.000920049570018	0.000657178264298	0	3.75530436742e-05	9.38826091855e-06	0.000112659131023	0	0
0.0214240114161	0	0	0	0	0	0	0.00662811220849	0.000356753914905	0	0	0	0	0	0.0139040144204	0	0	0.000356753914905	0	0.000187765218371	0	0.0233767696872	0	0.0191989935784	0.000760449134402	0	1.87765218371e-05	0	0.0257707762214	0.0221093544632	0.0624319351083	0	0	0.0105524052724	0.0068815952533	0	0	0	0	0	0	0	0	0	0	0	0	0	0	0	0	0	0	0	0	0	0	0	3.75530436742e-05	0	0	0	0	0	0	0	0	0	0	0	0	2.81647827556e-05	0.000788613917158	0.00013143565286	9.38826091855e-06	0	0	9.38826091855e-06	0	0	9.38826091855e-06	0	0	0
0	0	0	0	0	0	0	0	0	0	0	0.00038491869766	0	0.00328589132149	0	0	0	0	0	0	0	0	0	0	0	0.000225318262045	0.00446881219723	0.000403695219498	0	0	0	0.00587705133501	0	0	0	0	0	0	0	0	0	0	0	0	0	0	4.69413045927e-05	0	0.00369897480191	0	0	0	0	0	0	0	0	0	0	0	0.000150212174697	0.000122047391941	0.000122047391941	0	0	0	0	0	0	0	0	8.44943482669e-05	0	0	0	0	0	0	0.00199031131473	0	0	0	0	0.000103270870104
0	0	0	0	0	0.0010139321792	0.00114536783206	0	0.00168988696534	0	0	0.00153967479064	0	0.000957602613692	0.00214052348943	4.69413045927e-05	0	0	0	0	0	0	0	0	2.81647827556e-05	0	0.000159600435615	0	0	0.00416838784784	0	0	0.00726651395096	0	0.00484434263397	0	0	0	0	0	0	0	0	0	0	0	0	0	0	0	0	0	0	0	0	0	0	0	0	0	0	0	0	0	0	0	0	0	0	0	0.000741672612565	0	0.000976379135529	0	0.000704119568891	0.000751060873484	0.000300424349394	0	0	0	0	0	0	0
0.00575500394307	0	1.87765218371e-05	0	6.57178264298e-05	0	9.38826091855e-06	0.0030887378422	0.000572683916031	0	0	0.000610236959706	3.75530436742e-05	0.000281647827556	0.0126553757182	5.63295655113e-05	0	0.000253483044801	0.000206541740208	0.000722896090728	9.38826091855e-06	0.00267565436179	0	0.00252544218709	0.0101299335311	0	0.000525742611439	4.69413045927e-05	0.0164200683465	0.026859814488	0.0105524052724	0	0	0.0304742949416	0.0240339479515	2.81647827556e-05	0	2.81647827556e-05	0	9.38826091855e-06	0	8.44943482669e-05	0	9.38826091855e-06	0.00155845131248	7.51060873484e-05	4.69413045927e-05	0.000159600435615	9.38826091855e-06	4.69413045927e-05	0	0	0	1.87765218371e-05	4.69413045927e-05	0.000150212174697	0	0	2.81647827556e-05	0.00107026174471	0	9.38826091855e-06	0.000103270870104	0	5.63295655113e-05	0	0	0	0	4.69413045927e-05	0.00187765218371	8.44943482669e-05	0.00448758871907	0.00169927522626	5.63295655113e-05	0.000197153479289	0	0.00183071087912	8.44943482669e-05	6.57178264298e-05	9.38826091855e-06	0.000140823913778	0	0
0.00288219610199	0	0.000901273048181	0	0.00154906305156	2.81647827556e-05	0.00211235870667	0.00381163393293	0.00274137218822	9.38826091855e-06	0.000178376957452	0.0171429644373	0.00432798828345	0.00328589132149	0.0178846370498	0.000779225656239	8.44943482669e-05	0.00459085958917	0.0034924330617	0.0118292087574	0.00412144654324	0.00627135829359	0	0.00697547786248	0.013021517894	0	0.0068346539487	0.000535130872357	0.0216211648954	0.0415712193473	0.0068815952533	0	0.00484434263397	0.0240339479515	0.0716605955913	1.87765218371e-05	0	0.000112659131023	0	0.000394306958579	0	0.00013143565286	0	9.38826091855e-06	0.00394306958579	0.000413083480416	0.000150212174697	0.00102332044012	9.38826091855e-06	3.75530436742e-05	0	1.87765218371e-05	0	8.44943482669e-05	0.000215930001127	0.00105148522288	0	0	2.81647827556e-05	0.00213113522851	0.000178376957452	9.38826091855e-05	0.000751060873484	4.69413045927e-05	4.69413045927e-05	0	0	0	0	4.69413045927e-05	0.00567989785572	0.00139885087686	0.0181287318337	0.00475046002479	0.000675954786135	0.000920049570018	0.00107965000563	0.00443125915355	0.000722896090728	0.000168988696534	9.38826091855e-06	0.000262871305719	0	0
0	0	0	0	0	0	0	5.63295655113e-05	0	0	0	0	0	0	0	0	0	0	0	0	0	0	0	0	0.00159600435615	0	0	0	0.000178376957452	3.75530436742e-05	0	0	0	2.81647827556e-05	1.87765218371e-05	0.0238461827331	0	0	0	0.00226257088137	0	0.000112659131023	0.00553907394194	0.00307934958128	0.00136129783319	0.000431860002253	0	1.87765218371e-05	0	0.01441098051	4.69413045927e-05	0	0	0	0	9.38826091855e-06	0.00205602914116	0	0.00117353261482	0.0124300574562	0	0	0	0.00657178264298	0.0158286079087	0.00224379435953	0	0	0.00038491869766	0.000178376957452	1.87765218371e-05	0	2.81647827556e-05	0	0	0	0	0	0	0.000197153479289	0	1.87765218371e-05	0	0
0	0.0115193961471	0.000159600435615	0	0	0	0	0	0	0.000206541740208	0	0	0	4.69413045927e-05	0	0	0	0	0	0	0	0	0.000497577828683	0	0.000215930001127	0.00245033609974	0.000291036088475	0.0166923279132	0	0	0	0	0	0	0	0	0.0215742235908	0	0	0	0	0	0	0	0.000563295655113	0	0	0	9.38826091855e-06	0	0	0.000150212174697	0	0	0	0	0	0.00333283262608	0	0.000403695219498	0.00151151000789	0.000122047391941	0.0204100792369	0	0	0	0	0	0	0	0	0	0	0	0	0	0	0	0	0	0	0	0	0
0	0	0	0	0	0	0	0	0	0	0	0	0	0	0	0	0	7.51060873484e-05	0	0.000103270870104	0	0	0	9.38826091855e-06	0	0	0.000206541740208	0.000281647827556	0	0	0	0	0	2.81647827556e-05	0.000112659131023	0	0	0.0262308010064	0	0	0	9.38826091855e-06	0	0	0.000140823913778	9.38826091855e-06	0	9.38826091855e-06	0	0	0	0.000225318262045	0.00753877351759	0	0.00421532915243	0	0	4.69413045927e-05	0.00904089526456	0	0	0.00475046002479	0.00535130872357	0	0	0	0	0	0	0.000112659131023	0.000234706522964	2.81647827556e-05	0	0	0	0	0	0.000506966089602	0.000300424349394	0.000309812610312	2.81647827556e-05	0	0	0
0	0	0	0	0	0	0	0	0	0	0	0	0	0	0	0	0	0	0	0	0	0	0	0	0	0	0	0	0	0	0	0	0	0	0	0	0	0	0	0	0	0	0	0	0	0	0	0	0	0	0	0	0	0	0	0	0	0	0	0	0	0	0	0	0	0	0	0	0	0	0	0	0	0	0	0	0	0	0	0	0	0	0	0
0	0	0	0	0.00772653873596	0	1.87765218371e-05	0.00659994742574	1.87765218371e-05	0.000901273048181	0	0.00013143565286	0.000413083480416	2.81647827556e-05	5.63295655113e-05	0.000197153479289	0	0	4.69413045927e-05	0.000103270870104	0.000675954786135	0	0	0	0.0111626422322	0	7.51060873484e-05	0	0.0120263622367	0.000413083480416	0	0	0	9.38826091855e-06	0.000394306958579	0.00226257088137	0	0	0	0.0447913928424	6.57178264298e-05	0.00562356829021	0.00502271959142	0.00219685305494	0.0216681062	0.0144015922491	0.00203725261932	0.0128619174584	0.000122047391941	0.00437492958804	0.00165233392166	9.38826091855e-06	0.000976379135529	0.000272259566638	0.00275076044913	0.019133275752	0	0	1.87765218371e-05	0.0301550940704	9.38826091855e-06	4.69413045927e-05	0	0.0139040144204	0.00388674002028	0	0	0	0	0.00365203349731	4.69413045927e-05	0	0.000291036088475	0.00013143565286	0.000159600435615	0	0	0.00038491869766	2.81647827556e-05	0.00402756393406	0.000159600435615	0.000460024785009	9.38826091855e-06	0
0	0	0	0	9.38826091855e-06	0	0	0	0	1.87765218371e-05	0	0	1.87765218371e-05	0	0	9.38826091855e-06	0	0	0	0	9.38826091855e-06	0	0	0	9.38826091855e-06	0	0	0	0	0	0	0	0	0	0	0	0	0	0	6.57178264298e-05	0.00393368132487	0.002074805663	0	0.000816778699914	0.000262871305719	3.75530436742e-05	0	0.000281647827556	0	0	0.00120169739757	0	0	0	0	1.87765218371e-05	0	0	0	6.57178264298e-05	0	0	0	1.87765218371e-05	0	0	0	0.000469413045927	0	0	0	0	0	0	9.38826091855e-06	0	0	0.000779225656239	0	0	0	0.00229073566413	0.00137068609411	0
0	0	0	0	0.00347365653986	0	9.38826091855e-06	0.000291036088475	0	0.000281647827556	0	2.81647827556e-05	0.00437492958804	0	0	0.00013143565286	0	0	2.81647827556e-05	2.81647827556e-05	0.000225318262045	0	0	0	0.00313567914679	0	2.81647827556e-05	9.38826091855e-06	0.00118292087574	9.38826091855e-05	0	0	0	8.44943482669e-05	0.00013143565286	0.000112659131023	0	9.38826091855e-06	0	0.00562356829021	0.002074805663	0.0349055540952	2.81647827556e-05	0.008759247437	0.00421532915243	0.0146269105111	0.000675954786135	0.0178189192234	0.000262871305719	0.00256299523076	0.00443125915355	0	0	0	0	0.00923804874385	0	0	0	0.00427165871794	9.38826091855e-06	7.51060873484e-05	6.57178264298e-05	0.00265687783995	0.000244094783882	0	0	0	0	0.000938826091855	0.000159600435615	0	9.38826091855e-05	0	0.000150212174697	0	9.38826091855e-06	0.00479740132938	0	0.00200908783657	0.000901273048181	0.00920049570018	0.00112659131023	7.51060873484e-05
0	0	0	0	0	0	0	0	0	0	0	0	9.38826091855e-06	0	0	0	0	0	0	0	0	0	0	0	0	0	0	0	0	0	0	0	0	0	0	0.00553907394194	0	0	0	0.00502271959142	0	2.81647827556e-05	0.0735194712531	0.0193867587968	0	0.0124676104998	0.00071350782981	0.000300424349394	1.87765218371e-05	0.0215460588081	0	9.38826091855e-06	0.000122047391941	0.000112659131023	0.000610236959706	0.00198092305381	0.00445003567539	0	0.000215930001127	0.00965113222427	0	0	0	0.0392710954223	0.00198092305381	0.00996094483458	0	0	0	0.000863720004506	0	0	0	0	0	0	0	3.75530436742e-05	9.38826091855e-06	0.00100454391828	9.38826091855e-06	3.75530436742e-05	0	0
0	0	0	0	0	0	0	9.38826091855e-06	0	0	0	0	0.00226257088137	0	0	0	0	0	0	0	0	0	0	0	9.38826091855e-06	0	0	0	1.87765218371e-05	9.38826091855e-06	0	0	0	9.38826091855e-06	9.38826091855e-06	0.00307934958128	0	0	0	0.00219685305494	0.000816778699914	0.008759247437	0.0193867587968	0.0451950880619	0	0.0125145518044	0.0015208982688	0.00620564046716	7.51060873484e-05	0.0282868301476	0.000319200871231	0	0	9.38826091855e-06	0	0.00521987307071	0.000563295655113	0	0	0.00292913740659	6.57178264298e-05	9.38826091855e-06	1.87765218371e-05	0.00766082090953	0.00071350782981	0.000525742611439	0	0.00234706522964	0	0.00199969957565	1.87765218371e-05	0	1.87765218371e-05	0	0	0	0	0.00176499305269	0	0.000760449134402	0.000253483044801	0.00390551654212	0.00356753914905	0.000225318262045
0	0	5.63295655113e-05	0	0.00568928611664	0	1.87765218371e-05	0.00939764917947	1.87765218371e-05	0.00255360696984	0	0.000112659131023	0.000337977393068	3.75530436742e-05	3.75530436742e-05	0.000422471741335	0.00387735175936	0	6.57178264298e-05	9.38826091855e-05	0.000394306958579	0	0.00238461827331	9.38826091855e-05	0.0326993127793	0	0.000103270870104	0.00013143565286	0.0188140748808	0.000600848698787	0	0	0	0.00155845131248	0.00394306958579	0.00136129783319	0.000563295655113	0.000140823913778	0	0.0216681062	0.000262871305719	0.00421532915243	0	0	0.062582147283	0.00537008524541	0.000506966089602	0.0105430170115	3.75530436742e-05	0.000760449134402	0.00220624131586	0.000197153479289	0	0.000168988696534	0.000422471741335	0.0103552517932	0	0.00895640091629	1.87765218371e-05	0.0495136880844	0.000441248263172	0.000112659131023	0.000882496526343	0.0085527056968	0.00145518044237	0	0	0	0	0.000544519133276	0.00473168350295	0.000319200871231	0.000976379135529	0.000638401742461	0.00045063652409	8.44943482669e-05	0	0.00747305569116	0.000816778699914	0.000741672612565	0.000112659131023	0.000854331743588	0	0
0	0	0	0	0.00206541740208	0	0	0.00165233392166	0	0.000103270870104	0	1.87765218371e-05	0.00205602914116	1.87765218371e-05	0	6.57178264298e-05	0	0	1.87765218371e-05	1.87765218371e-05	7.51060873484e-05	0	0	0	0.00358631567089	0	9.38826091855e-06	0	0.0032389500169	0.000197153479289	0	0	0	7.51060873484e-05	0.000413083480416	0.000431860002253	0	9.38826091855e-06	0	0.0144015922491	3.75530436742e-05	0.0146269105111	0.0124676104998	0.0125145518044	0.00537008524541	0.054752337677	0.00282586653648	0.012101468324	0.000197153479289	0.00750122047392	0.00135190957227	0	0.000760449134402	0.000291036088475	0.00209358218484	0.0179034135717	0	0	0	0.00643095872921	1.87765218371e-05	8.44943482669e-05	4.69413045927e-05	0.0160727026926	0.00219685305494	0	0	0	0	0.00371775132374	0.000291036088475	0	0.000281647827556	3.75530436742e-05	3.75530436742e-05	0	0	0.00252544218709	4.69413045927e-05	0.00472229524203	0.000478801306846	0.00421532915243	0.000244094783882	5.63295655113e-05
0	0	0	0	9.38826091855e-06	0	0	0.000140823913778	0	0	0	0	0.00121108565849	0.00051635435052	0	0	0	0	0	1.87765218371e-05	0	0	0	0	0.000244094783882	0.000253483044801	0.00341732697435	0.00176499305269	0.000150212174697	2.81647827556e-05	0	4.69413045927e-05	0	4.69413045927e-05	0.000150212174697	0	0	0	0	0.00203725261932	0	0.000675954786135	0.00071350782981	0.0015208982688	0.000506966089602	0.00282586653648	0.0303616358106	0.00235645349056	0.00314506740771	0.00253483044801	0	8.44943482669e-05	0.000600848698787	0.00715385481993	0.00370836306283	0.00312629088588	0	5.63295655113e-05	9.38826091855e-05	0.000741672612565	0.000675954786135	0.00303240827669	0.000122047391941	0.000506966089602	0.00259116001352	0	0	0.00119230913666	0	0.0130590709377	0.000225318262045	9.38826091855e-06	9.38826091855e-06	0	0	0	0	0.00163355739983	0.00398062262946	0.0128337526757	0.000431860002253	0.000610236959706	0.000629013481543	0.00270381914454
0	0	0	0	0.00595215742236	0	1.87765218371e-05	0.00143640392054	1.87765218371e-05	0.0013143565286	0	0.000197153479289	0.00701303090615	3.75530436742e-05	5.63295655113e-05	0.000206541740208	0	0	0.000103270870104	0.000159600435615	0.000826166960832	0	0	0	0.0059709339442	0	0.000140823913778	9.38826091855e-06	0.00461902437193	0.000638401742461	0	0	0	0.000159600435615	0.00102332044012	1.87765218371e-05	0	9.38826091855e-06	0	0.0128619174584	0.000281647827556	0.0178189192234	0.000300424349394	0.00620564046716	0.0105430170115	0.012101468324	0.00235645349056	0.040914041083	0.000413083480416	0.004149611326	0.00345488001803	0	0.000347365653986	0.000140823913778	0.000788613917158	0.0219309775057	0	0.000103270870104	0	0.0111344774494	3.75530436742e-05	0.000159600435615	6.57178264298e-05	0.000741672612565	0.000938826091855	0	0	0	0	0.00316384392955	0.000553907394194	0	0.000704119568891	0.000159600435615	0.000244094783882	0	9.38826091855e-06	0.00399001089038	2.81647827556e-05	0.00489128393856	0.00127680348492	0.00524803785347	0.000732284351647	7.51060873484e-05
0	0	0	0	0	0	0	9.38826091855e-06	0	0	0	9.38826091855e-06	0.000291036088475	0.00296669045026	0	0	0	0	0	0	0	0	0	0	2.81647827556e-05	0.00183071087912	0.00433737654437	0.00134252131135	9.38826091855e-06	9.38826091855e-06	0	0.00369897480191	0	9.38826091855e-06	9.38826091855e-06	0	9.38826091855e-06	0	0	0.000122047391941	0	0.000262871305719	1.87765218371e-05	7.51060873484e-05	3.75530436742e-05	0.000197153479289	0.00314506740771	0.000413083480416	0.0153498066018	0.000103270870104	0	0	0	0	0	0.000460024785009	0	0	0	8.44943482669e-05	0.00264748957903	0.00115475609298	0.00260054827444	5.63295655113e-05	0.000103270870104	0	4.69413045927e-05	6.57178264298e-05	0	0.000826166960832	0	0	0	0	0	0	0	0	0.0044030943708	0.00188704044463	9.38826091855e-06	0.000103270870104	8.44943482669e-05	0.00239400653423
0	0	0	0	9.38826091855e-06	0	0	6.57178264298e-05	0	0	0	0	0.00259116001352	0	9.38826091855e-06	0	0	0	0	0	0	0	0	0	0.000835555221751	0	0	0	0.000206541740208	5.63295655113e-05	0	0	0	4.69413045927e-05	3.75530436742e-05	0.01441098051	0	0	0	0.00437492958804	0	0.00256299523076	0.0215460588081	0.0282868301476	0.000760449134402	0.00750122047392	0.00253483044801	0.004149611326	0.000103270870104	0.051522775921	4.69413045927e-05	0	0	9.38826091855e-06	2.81647827556e-05	0.00351120958354	0.00163355739983	0	0.000751060873484	0.00973562657253	0	9.38826091855e-05	1.87765218371e-05	0.00721018438544	0.0139040144204	0.00144579218146	0	0.000375530436742	0.000112659131023	0.00288219610199	1.87765218371e-05	0	3.75530436742e-05	0	0	0	0	0.000807390438995	0	0.00219685305494	0.000206541740208	0.00155845131248	0.00172744000901	0.000103270870104
0	0	0	0	3.75530436742e-05	0	0	5.63295655113e-05	0	0.000122047391941	0	0	3.75530436742e-05	0	0	9.38826091855e-06	0	0	0	0	1.87765218371e-05	0	0	0	0.000140823913778	0	0	0	8.44943482669e-05	0	0	0	0	0	0	4.69413045927e-05	0	0	0	0.00165233392166	0.00120169739757	0.00443125915355	0	0.000319200871231	0.00220624131586	0.00135190957227	0	0.00345488001803	0	4.69413045927e-05	0.00689098351421	0	0	0	0	0.000441248263172	0	0	0	0.00159600435615	0	0	0	0.000356753914905	4.69413045927e-05	0	0	0	0	0	9.38826091855e-06	0	0	0	6.57178264298e-05	0	0	6.57178264298e-05	0	0	0	0.00285403131924	9.38826091855e-06	0
0	2.81647827556e-05	0.00102332044012	0	0	0	0	0	0	0	0	0	0	9.38826091855e-06	0	5.63295655113e-05	0.00963235570243	0	0	0	0	0.000938826091855	0	0.0157347252995	7.51060873484e-05	0	0	0.0191802170566	0	0	0	0	0	0	1.87765218371e-05	0	0.000150212174697	0.000225318262045	0	9.38826091855e-06	0	0	9.38826091855e-06	0	0.000197153479289	0	8.44943482669e-05	0	0	0	0	0.0479364602501	4.69413045927e-05	1.87765218371e-05	0.000262871305719	0	0.000835555221751	0.0289815614556	0.00576439220399	0.0106838409253	7.51060873484e-05	1.87765218371e-05	0.0135284839836	0.00291036088475	0	2.81647827556e-05	0	0	9.38826091855e-06	0.000657178264298	0.000375530436742	0	0.000328589132149	0.000356753914905	6.57178264298e-05	0	0	0.0108152765782	0.00230951218596	0.00171805174809	0.000422471741335	0	0	0
0	0	0	0	0	0	0	0	0	0	0	0	0	0	0	0	0	0	0	0	0	0	0	0	0	0	0	0	0	0	0	0	0	0	0	0	0	0.00753877351759	0	0.000976379135529	0	0	0.000122047391941	0	0	0.000760449134402	0.000600848698787	0.000347365653986	0	0	0	4.69413045927e-05	0.024202936648	0.000253483044801	0.00411205828232	0.000751060873484	0.000178376957452	0	0.00801757482444	0.00013143565286	0	0.000563295655113	0.00972623831162	0.000675954786135	0.000225318262045	0	0	0	0	0.00488189567764	0	0	0	0	0	0	0	9.38826091855e-06	0	0.00408389349957	0	0	0	0
0	0	0	0	0	0	0	9.38826091855e-06	0	0	0	0	3.75530436742e-05	0	0	0	0	0	0	1.87765218371e-05	0	0	0	0	1.87765218371e-05	0	0.00187765218371	0.00111720304931	9.38826091855e-06	0	0	0	0	1.87765218371e-05	8.44943482669e-05	0	0	0	0	0.000272259566638	0	0	0.000112659131023	9.38826091855e-06	0.000168988696534	0.000291036088475	0.00715385481993	0.000140823913778	0	9.38826091855e-06	0	1.87765218371e-05	0.000253483044801	0.0073416200383	0.000572683916031	0.000309812610312	0	4.69413045927e-05	0	4.69413045927e-05	0	0.00119230913666	3.75530436742e-05	4.69413045927e-05	6.57178264298e-05	0	0	0	0	0.000478801306846	0.000140823913778	0	0	0	0	0	0	0.00120169739757	0.00158661609523	0.00250666566525	0.000262871305719	5.63295655113e-05	0	0
