0.0365680683195	0	1.10812328241e-05	0	0	7.38748854939e-06	0.0012410980763	0.0185906149345	0.0181806093201	7.38748854939e-06	0.00137037912591	0.00330220738158	2.21624656482e-05	3.6937442747e-06	0.0208216364765	0.000166218492361	0.000107118583966	5.17124198457e-05	0.00172497857628	0.000709198900742	5.54061641204e-05	8.12623740433e-05	0.00018099346946	7.38748854939e-05	0.000203155935108	0	0.000317662007624	0.00018838095801	0.00272598327473	0.0090939984043	0.00522295440442	5.17124198457e-05	0.000232705889306	0.000269643332053	0.00737271357229	0	0	0	0	4.80186755711e-05	0	0	0.000103424839691	0	0.000107118583966	0	0	3.6937442747e-06	0	0	0	0	2.21624656482e-05	0	0	3.6937442747e-06	0	0	7.38748854939e-06	4.80186755711e-05	0	1.10812328241e-05	7.38748854939e-06	0.000206849679383	0	2.58562099229e-05	0	0	0	3.6937442747e-06	0.000206849679383	3.6937442747e-05	0.0100765343814	0.00149966017553	0.000432168080139	3.6937442747e-06	1.47749770988e-05	0	0	0	0	0	0	0
0	0.0109778079844	0	0	3.6937442747e-05	0	0	0	0	0.00126695428622	0	1.84687213735e-05	0	0.00160677875949	0	5.54061641204e-05	0.00307319523655	0	0	0	0	0.000579917851127	0.00604665937768	0.00108226707249	0.00442141189681	0.00198354067551	0.00012558730534	0.0069774829349	0.000210543423658	0	0	0.00018099346946	0	0	2.95499541976e-05	0	0.00115614195798	0	0	0	0	0	0	0	0.000162524748087	0	0	0	9.97310954168e-05	0	0	8.86498625927e-05	0	0	0	0	0	0.000820011228983	0	0.000332436984723	0.000192074702284	9.97310954168e-05	0.000768298809137	1.10812328241e-05	0	0	0	0	0	0	3.6937442747e-06	0	7.38748854939e-06	0	2.21624656482e-05	0	1.10812328241e-05	0	7.38748854939e-06	0	0	0	0	3.6937442747e-06
1.10812328241e-05	0	0.0250398924382	0	0	0	0	0.000727667622115	7.38748854939e-06	0	2.21624656482e-05	8.12623740433e-05	0	3.6937442747e-06	0	1.47749770988e-05	2.21624656482e-05	0.00748352590053	2.95499541976e-05	0.000236399633581	1.10812328241e-05	0.000402618125942	3.6937442747e-06	0.00682973316391	1.47749770988e-05	0	0.00379716911439	0.00770515055702	0.000428474335865	0	3.6937442747e-05	7.38748854939e-06	0	0	0.0006131615496	0	2.21624656482e-05	0.000997310954168	0	0	0	0	1.84687213735e-05	0	0	0	0	0	0	0	0	1.84687213735e-05	0.000240093377855	0	7.38748854939e-06	0	7.38748854939e-06	0.000971454744245	0.000576224106853	1.84687213735e-05	0	0.000169912236636	0.00410005614491	4.06311870217e-05	0	0	0	0	0	0.000398924381667	0.00103794214119	4.43249312964e-05	0.00113028574806	0.000247480866405	7.38748854939e-06	3.6937442747e-06	0	0.000284418309152	8.12623740433e-05	5.54061641204e-05	1.47749770988e-05	0	0	0
0	0	0	0	0	0	0	0	0	0	0	0	0	0	0	0	0	0	0	0	0	0	0	0	0	0	0	0	0	0	0	0	0	0	0	0	0	0	0	0	0	0	0	0	0	0	0	0	0	0	0	0	0	0	0	0	0	0	0	0	0	0	0	0	0	0	0	0	0	0	0	0	0	0	0	0	0	0	0	0	0	0	0	0
0	3.6937442747e-05	0	0	0.017951597175	0.00011819981679	0.000398924381667	1.84687213735e-05	0.00012558730534	0.00269273957625	0.000602080316776	7.38748854939e-06	0.00595062202654	1.10812328241e-05	1.47749770988e-05	0.00155876008392	3.32436984723e-05	3.6937442747e-06	3.6937442747e-06	0	0.00814101238143	0	8.12623740433e-05	3.6937442747e-06	0.00353860701516	5.17124198457e-05	0	1.84687213735e-05	0.00854732425165	0	0	0	7.38748854939e-06	0	1.47749770988e-05	0	3.6937442747e-06	0	0	0.0038969002098	0	3.32436984723e-05	0	3.6937442747e-06	0.00226426524039	0.000151443515263	3.6937442747e-06	0.000502349221359	0	1.84687213735e-05	2.21624656482e-05	0	0	0	0	0.00260039596939	7.38748854939e-06	4.06311870217e-05	0	0.00343148843119	0	0	0	0.000531899175556	1.84687213735e-05	0	0	0	0	2.95499541976e-05	0	0	1.84687213735e-05	3.6937442747e-06	0.00125217930912	0	0	0	0	2.58562099229e-05	3.6937442747e-06	3.6937442747e-06	0	0
7.38748854939e-06	0	0	0	0.00011819981679	0.00391906267545	0.00235660884726	0	0.00121524186638	0.00018838095801	3.6937442747e-06	7.01811412192e-05	0.000247480866405	0	0	0.00104163588546	0	0	7.38748854939e-06	0	8.12623740433e-05	0	0	0	0.000140362282438	0	7.38748854939e-06	0	5.17124198457e-05	0	0	3.6937442747e-06	0.000639017759522	0	0.000254868354954	0	0	0	0	0	0	0	0	0	0	0	0	0	0	0	0	0	0	0	0	0	0	0	0	0	0	0	0	0	0	0	0	0	0	0	4.06311870217e-05	4.43249312964e-05	0.000103424839691	0.000251174610679	0.000627936526698	0.000683342690819	3.6937442747e-05	3.6937442747e-06	3.6937442747e-06	0	0	0	0	0
0.0012410980763	0	0	0	0.000398924381667	0.00235660884726	0.0419276912621	0.00776055672114	0.0240536627168	0.000443249312964	0.0140546969652	0.00318400756479	0.00938949794628	7.38748854939e-06	0.00323202624036	0.00491637362962	2.58562099229e-05	3.6937442747e-06	0.00200200939689	9.97310954168e-05	0.0018247096717	1.47749770988e-05	0	5.17124198457e-05	0.000240093377855	0	0.000838479950356	5.17124198457e-05	0.00465042404184	0.0011672231908	7.38748854939e-06	0.000321355751899	0.00378608788156	0	0.00492745486244	0	7.38748854939e-06	0	0	0.00238615880145	0	0	5.54061641204e-05	0	0.0015181288969	2.58562099229e-05	1.10812328241e-05	1.47749770988e-05	1.84687213735e-05	0	0	0	0	0	0	0.00012558730534	0	0	0	0.0027592269732	0	2.95499541976e-05	1.47749770988e-05	0.00212759670223	1.47749770988e-05	0	3.6937442747e-06	0	0	0.000107118583966	0.00267427085488	0.000251174610679	0.00190597204574	0.000679648946544	0.00419609349606	0.00120046688928	5.17124198457e-05	2.58562099229e-05	3.6937442747e-05	0.000129281049614	2.21624656482e-05	0	0	0
0.0185906149345	0	0.000727667622115	0	1.84687213735e-05	0	0.00776055672114	0.0591072958837	0.0204965869803	0.00018838095801	0.00824074347685	0.00156984131675	0.000210543423658	7.38748854939e-06	0.012532874324	0.00179885346178	0.000103424839691	0.0006131615496	0.000720280133566	0.000753523832038	2.58562099229e-05	0.00196137820986	4.80186755711e-05	0.00346842587394	0.000494961732809	0	0.000288112053426	0.00096776099997	0.0163078809728	0.00750568836618	0.00851408055318	8.12623740433e-05	0.000110812328241	0.0006131615496	0.0057511598357	1.10812328241e-05	3.6937442747e-06	2.21624656482e-05	0	0.00305472651517	3.6937442747e-06	7.38748854939e-06	0.00011819981679	0	0.0018542596259	0	3.6937442747e-06	7.38748854939e-06	7.38748854939e-06	1.47749770988e-05	7.38748854939e-06	0	7.01811412192e-05	0	0	0.000195768446559	3.32436984723e-05	6.27936526698e-05	8.4956118318e-05	0.00366050057622	0	2.95499541976e-05	5.90999083951e-05	0.00298823911823	0	3.6937442747e-06	0	0	0	5.17124198457e-05	0.00149966017553	7.75686297686e-05	0.00862858662569	0.0024526461984	0.00091235483585	3.32436984723e-05	0	2.95499541976e-05	7.38748854939e-06	0.000107118583966	7.75686297686e-05	3.6937442747e-06	0	0
0.0181806093201	0	7.38748854939e-06	0	0.00012558730534	0.00121524186638	0.0240536627168	0.0204965869803	0.0633514080553	0.00018099346946	0.013541266511	0.00733946987382	0.00373806920599	8.12623740433e-05	0.0209509175261	0.00210543423658	7.38748854939e-05	7.38748854939e-06	0.00386735025561	0.000210543423658	0.0015181288969	4.43249312964e-05	2.21624656482e-05	5.17124198457e-05	0.000173605980911	0	0.00148119145415	8.12623740433e-05	0.00537439791968	0.00700333914482	0.00112289825951	0.000639017759522	0.00505304216778	0.000450636801513	0.0121856623622	0	3.6937442747e-06	0	0	0.00234183387016	0	7.38748854939e-06	1.47749770988e-05	0	0.00154029136255	0	3.6937442747e-06	1.10812328241e-05	3.6937442747e-06	3.6937442747e-06	3.6937442747e-06	0	1.84687213735e-05	0	0	0.000107118583966	0	0	7.38748854939e-06	0.00253760231672	0	2.58562099229e-05	1.47749770988e-05	0.00195029697704	7.38748854939e-06	3.6937442747e-06	3.6937442747e-06	0	0	3.32436984723e-05	0.00155506633965	0.000229012145031	0.00703288909902	0.00142578529003	0.00293652669838	0.00084956118318	2.95499541976e-05	7.38748854939e-06	7.38748854939e-06	3.6937442747e-05	3.6937442747e-06	0	0	0
7.38748854939e-06	0.00126695428622	0	0	0.00269273957625	0.00018838095801	0.000443249312964	0.00018838095801	0.00018099346946	0.0205446056559	7.38748854939e-06	1.47749770988e-05	0.00221255282054	0.000162524748087	7.38748854939e-06	0.00306211400372	0.000199462190834	0	0	0	0.000616855293874	1.10812328241e-05	0.00588782837387	3.6937442747e-06	0.0125033243698	0.00105641086256	7.38748854939e-06	0.000169912236636	0.00582872846547	4.80186755711e-05	3.6937442747e-06	2.58562099229e-05	3.6937442747e-06	0	3.6937442747e-06	0	4.80186755711e-05	0	0	0.00220885907627	0	0	8.4956118318e-05	0	0.00925652315239	0	0	0.000454330545788	1.10812328241e-05	0	1.84687213735e-05	0	0	0	0	0.00166218492361	7.75686297686e-05	0.000410005614491	7.38748854939e-06	0.007328388641	4.06311870217e-05	0	2.58562099229e-05	0.00526727933572	0	1.10812328241e-05	0	0	0	0	1.84687213735e-05	0	3.6937442747e-06	0	0.00198723441979	0	3.6937442747e-06	8.86498625927e-05	1.84687213735e-05	1.10812328241e-05	0	3.6937442747e-06	0	3.6937442747e-06
0.00137037912591	0	2.21624656482e-05	0	0.000602080316776	3.6937442747e-06	0.0140546969652	0.00824074347685	0.013541266511	7.38748854939e-06	0.0411076800331	0.00760172571733	0.00405573121362	8.12623740433e-05	0.00188011583582	0.00120046688928	0	8.86498625927e-05	0.00433645577849	0.00288850802281	0.00482403002275	7.38748854939e-06	0	3.32436984723e-05	7.38748854939e-06	0	0.00163263496942	0.000199462190834	0.00678171448834	0.00122262935492	7.38748854939e-06	0.000483880499985	0.000277030820602	0	0.00841065571348	0	2.58562099229e-05	0	0	0.00120046688928	0	0	0	0	0.000402618125942	8.12623740433e-05	0	0.000121893561065	0	0	0	0	0	0	3.6937442747e-06	0.000816317484708	0	0	0	0.00134082917171	3.6937442747e-06	4.80186755711e-05	4.43249312964e-05	0.000646405248072	0	0	0	0	0	7.38748854939e-06	0.000328743240448	4.43249312964e-05	0.00639756508377	0.000771992553412	0.000698117667918	7.01811412192e-05	1.84687213735e-05	7.38748854939e-06	7.38748854939e-06	1.10812328241e-05	7.38748854939e-06	0	0	0
0.00330220738158	1.84687213735e-05	8.12623740433e-05	0	7.38748854939e-06	7.01811412192e-05	0.00318400756479	0.00156984131675	0.00733946987382	1.47749770988e-05	0.00760172571733	0.0453665671818	0.000871723648828	0.00951877899589	0.00287373304571	0.000129281049614	0.000890192370202	0.000365680683195	0.0123260246447	0.00900904228598	0.000343518217547	0.000461718034337	3.6937442747e-06	0.000831092461807	0.000882804881652	0.00480925504565	0.00733577612955	0.000801542507609	0.00253390857244	0.000964067255696	0.00011819981679	0.0045839366449	0.000801542507609	0	0.0209915487131	0	0.000435861824414	3.6937442747e-06	0	0.000672261457995	0	0	3.6937442747e-06	0	0.000461718034337	0	0.00018838095801	0	0.00623504033569	0	0	0	0	0	4.06311870217e-05	4.43249312964e-05	0	2.95499541976e-05	3.6937442747e-06	0.00072397387784	0.00195029697704	0.00307319523655	0.00118938565645	0.00048757424426	3.6937442747e-06	0	0.000454330545788	0	0	3.6937442747e-06	0.00391536893118	0.00365680683195	0.0136742413049	0.000816317484708	0.000269643332053	4.80186755711e-05	0.000539286664106	3.32436984723e-05	0.00195029697704	0	0	0	0	0.000155137259537
2.21624656482e-05	0	0	0	0.00595062202654	0.000247480866405	0.00938949794628	0.000210543423658	0.00373806920599	0.00221255282054	0.00405573121362	0.000871723648828	0.0313451139151	0	0.000443249312964	0.00475384888153	0	0	0.000964067255696	3.32436984723e-05	0.0111846576638	3.6937442747e-06	0	3.6937442747e-06	0.00192444076712	0	0.000376761916019	7.38748854939e-06	0.00354230075943	8.12623740433e-05	3.6937442747e-06	0.000121893561065	0.000184687213735	0	0.00145902898851	3.6937442747e-06	0	0	0	0.00154398510682	0	0.000749830087763	3.6937442747e-05	1.10812328241e-05	0.000417393103041	5.17124198457e-05	0.000240093377855	0.00394861262965	5.54061641204e-05	0.000225318400756	0.000483880499985	0	3.6937442747e-06	3.6937442747e-06	0	0.00300301409533	0	0	0	0.000964067255696	0	2.95499541976e-05	1.10812328241e-05	8.4956118318e-05	0.00029919328625	0	3.6937442747e-06	7.38748854939e-05	0	0.000295499541976	0.000107118583966	3.6937442747e-06	0.000757217576313	1.10812328241e-05	0.00356446322508	6.27936526698e-05	0	1.84687213735e-05	7.38748854939e-06	0.000273337076328	3.6937442747e-06	4.80186755711e-05	0	7.38748854939e-06
3.6937442747e-06	0.00160677875949	3.6937442747e-06	0	1.10812328241e-05	0	7.38748854939e-06	7.38748854939e-06	8.12623740433e-05	0.000162524748087	8.12623740433e-05	0.00951877899589	0	0.0234515824	0	1.47749770988e-05	0.00100469844272	0	0	3.6937442747e-06	0	0.000295499541976	0.000746136343489	0.000517124198457	0.000535592919831	0.0115170946485	0.00363833811058	0.00503457344641	7.38748854939e-05	1.47749770988e-05	0	0.00401879377087	0	0	0.00231597766023	1.47749770988e-05	0.000598386572501	0	0	1.84687213735e-05	0	0	0	0	3.32436984723e-05	4.06311870217e-05	0.000147749770988	0	0.00726190124405	0	0	3.6937442747e-05	0	0	3.6937442747e-06	2.95499541976e-05	0	0.000288112053426	0	0.000162524748087	0.00544088531663	0.00345734464112	0.00391906267545	1.47749770988e-05	2.21624656482e-05	0	0.000402618125942	0	0	4.43249312964e-05	0.000251174610679	0.00110073579386	0.000820011228983	3.6937442747e-06	3.6937442747e-06	0	0.000771992553412	1.10812328241e-05	0.00167695990071	5.17124198457e-05	0	0	0	0.000158831003812
0.0208216364765	0	0	0	1.47749770988e-05	0	0.00323202624036	0.012532874324	0.0209509175261	7.38748854939e-06	0.00188011583582	0.00287373304571	0.000443249312964	0	0.0377648414645	0.000801542507609	6.27936526698e-05	3.32436984723e-05	0.00105641086256	0.000199462190834	0.000472799267161	7.01811412192e-05	9.60373511421e-05	8.4956118318e-05	6.27936526698e-05	0	0.000158831003812	0.000140362282438	0.00104902337401	0.0091530983127	0.00369743801897	2.95499541976e-05	0.00134821666026	7.38748854939e-05	0.00579179102272	0	3.6937442747e-06	0	0	0.00048757424426	0	3.6937442747e-06	5.17124198457e-05	0	0.000302887030525	0	1.10812328241e-05	1.10812328241e-05	7.38748854939e-06	0	3.6937442747e-06	0	1.84687213735e-05	0	0	1.47749770988e-05	0	0	7.38748854939e-06	0.000528205431282	0	1.10812328241e-05	0	0.000450636801513	7.38748854939e-06	1.84687213735e-05	0	0	0	5.54061641204e-05	0.000797848763334	7.01811412192e-05	0.00583242220975	0.00110073579386	0.00130389172897	0.000158831003812	0	1.84687213735e-05	1.47749770988e-05	6.64873969445e-05	7.38748854939e-06	0	0	0
0.000166218492361	5.54061641204e-05	1.47749770988e-05	0	0.00155876008392	0.00104163588546	0.00491637362962	0.00179885346178	0.00210543423658	0.00306211400372	0.00120046688928	0.000129281049614	0.00475384888153	1.47749770988e-05	0.000801542507609	0.0194734198162	0.000524511687007	0	3.32436984723e-05	2.95499541976e-05	0.00189489081292	0.000509736709908	0.000199462190834	0.000376761916019	0.00255607103809	8.4956118318e-05	5.90999083951e-05	7.75686297686e-05	0.00425149966018	1.84687213735e-05	5.54061641204e-05	0	0.000284418309152	0	0.000258562099229	7.01811412192e-05	1.47749770988e-05	2.58562099229e-05	0	0.000454330545788	0	4.06311870217e-05	0.000524511687007	0	0.000347211961821	2.58562099229e-05	1.84687213735e-05	5.90999083951e-05	1.84687213735e-05	8.86498625927e-05	3.32436984723e-05	0	2.95499541976e-05	0	3.6937442747e-06	4.43249312964e-05	1.47749770988e-05	1.47749770988e-05	4.43249312964e-05	0.000949292278597	0	1.47749770988e-05	9.23436068674e-05	0.00155876008392	5.54061641204e-05	7.38748854939e-06	0	0	0	0.000313968263349	0.00279985816022	5.90999083951e-05	0.000206849679383	9.23436068674e-05	0.00564404125174	5.90999083951e-05	0	0.000121893561065	7.01811412192e-05	0.000446943057238	0.000240093377855	0	0	0
0.000107118583966	0.00307319523655	2.21624656482e-05	0	3.32436984723e-05	0	2.58562099229e-05	0.000103424839691	7.38748854939e-05	0.000199462190834	0	0.000890192370202	0	0.00100469844272	6.27936526698e-05	0.000524511687007	0.0308575396708	2.95499541976e-05	0.000240093377855	0.000258562099229	0	0.00562926627464	0.0128837800301	0.00658594604178	0.0157021069117	0.000225318400756	0.000952986022872	0.00585458467539	0.00711045772879	0.000114506072516	0.000476493011436	0.000354599450371	7.38748854939e-06	0	0.000129281049614	7.38748854939e-06	0.000295499541976	0.000236399633581	0	0	0	0	0.000321355751899	0	0.000609467805325	0	7.38748854939e-06	0	6.64873969445e-05	0	0	0.00895363612186	0.000236399633581	0	7.38748854939e-06	0	0.0024083212671	0.0104496025531	0.00159200378239	0.000454330545788	6.64873969445e-05	0.000184687213735	0.00102686090837	0.00230859017169	7.38748854939e-06	7.38748854939e-05	3.6937442747e-06	0	3.6937442747e-06	0.000350905706096	0.00425149966018	0.00156984131675	0.00152551638545	0.00012558730534	0.000398924381667	0	3.6937442747e-06	0.00132605419462	0.000380455660294	0.000325049496173	9.60373511421e-05	0	0	0
5.17124198457e-05	0	0.00748352590053	0	3.6937442747e-06	0	3.6937442747e-06	0.0006131615496	7.38748854939e-06	0	8.86498625927e-05	0.000365680683195	0	0	3.32436984723e-05	0	2.95499541976e-05	0.0263327029343	9.97310954168e-05	0.00593215330516	1.10812328241e-05	0.000513430454183	3.6937442747e-06	0.0066709021601	2.21624656482e-05	0	0.00464303655329	0.0072692887326	0.000121893561065	7.38748854939e-06	0.000520817942732	3.6937442747e-06	0	0	0.00615377796164	4.06311870217e-05	0.000232705889306	9.23436068674e-05	0	1.84687213735e-05	0	0	0	0	3.6937442747e-06	1.84687213735e-05	7.38748854939e-06	0	0	2.95499541976e-05	0	1.47749770988e-05	0.000790461274785	0	0.000387843148843	1.84687213735e-05	3.6937442747e-06	1.10812328241e-05	2.58562099229e-05	1.84687213735e-05	0	0.00127803551904	0.000476493011436	2.21624656482e-05	4.80186755711e-05	4.43249312964e-05	0	0	0	8.86498625927e-05	0.00133344168317	0.000391536893118	0.0033723885228	0.000273337076328	1.10812328241e-05	3.6937442747e-06	0	0.000240093377855	6.27936526698e-05	5.90999083951e-05	1.47749770988e-05	0	0	0
0.00172497857628	0	2.95499541976e-05	0	3.6937442747e-06	7.38748854939e-06	0.00200200939689	0.000720280133566	0.00386735025561	0	0.00433645577849	0.0123260246447	0.000964067255696	0	0.00105641086256	3.32436984723e-05	0.000240093377855	9.97310954168e-05	0.018328359091	0.00455808043498	0.000439555568689	0.000280724564877	0	0.000450636801513	0.000229012145031	0	0.00559602257617	0.000313968263349	0.00102316716409	0.000232705889306	4.43249312964e-05	0.000107118583966	9.60373511421e-05	0	0.00960004136994	0	1.10812328241e-05	0	0	0.000221624656482	0	0	3.6937442747e-06	0	0.000155137259537	0	0	0	0.000173605980911	0	0	0	0	1.10812328241e-05	1.10812328241e-05	3.6937442747e-06	0	0	0	0.000225318400756	2.95499541976e-05	0.00103424839691	0.000531899175556	0.000177299725185	3.6937442747e-06	0	4.80186755711e-05	0	0	3.6937442747e-06	0.00258192724801	0.00176191601903	0.00536701043113	0.000240093377855	0.00024378712213	1.84687213735e-05	1.84687213735e-05	2.21624656482e-05	3.6937442747e-06	0	0	0	0	0
0.000709198900742	0	0.000236399633581	0	0	0	9.97310954168e-05	0.000753523832038	0.000210543423658	0	0.00288850802281	0.00900904228598	3.32436984723e-05	3.6937442747e-06	0.000199462190834	2.95499541976e-05	0.000258562099229	0.00593215330516	0.00455808043498	0.0267279335717	5.17124198457e-05	0.000616855293874	3.6937442747e-06	0.00184317839307	0.000221624656482	3.6937442747e-06	0.0072988386868	0.00509736709908	0.000986229721344	2.21624656482e-05	0.0003065807748	3.6937442747e-06	3.6937442747e-06	0	0.0118901628202	3.6937442747e-06	0.000790461274785	2.95499541976e-05	0	1.47749770988e-05	0	0	1.47749770988e-05	0	1.10812328241e-05	1.10812328241e-05	0	0	0	3.6937442747e-06	0	7.38748854939e-06	0.000458024290062	1.10812328241e-05	0.000916048580125	1.10812328241e-05	7.38748854939e-06	1.10812328241e-05	1.10812328241e-05	1.10812328241e-05	2.21624656482e-05	0.00175452853048	0.000823704973257	2.95499541976e-05	3.6937442747e-06	3.6937442747e-06	0	0	0	6.27936526698e-05	0.00509367335481	0.00185056588162	0.0135708164652	0.00108226707249	5.17124198457e-05	1.47749770988e-05	0	0.00018838095801	9.23436068674e-05	6.27936526698e-05	7.38748854939e-06	0	0	0
5.54061641204e-05	0	1.10812328241e-05	0	0.00814101238143	8.12623740433e-05	0.0018247096717	2.58562099229e-05	0.0015181288969	0.000616855293874	0.00482403002275	0.000343518217547	0.0111846576638	0	0.000472799267161	0.00189489081292	0	1.10812328241e-05	0.000439555568689	5.17124198457e-05	0.0190338642475	7.38748854939e-06	0	1.47749770988e-05	0.00137037912591	0	0.000103424839691	5.17124198457e-05	0.00442141189681	9.60373511421e-05	7.38748854939e-06	7.38748854939e-06	8.12623740433e-05	0	0.000579917851127	0	0	0	0	0.00042478059159	0	0	0	0	0.000177299725185	7.38748854939e-06	0	0.000217930912207	0	0	0	0	0	0	0	0.000432168080139	0	0	0	0.000494961732809	0	0	0	2.58562099229e-05	0	0	0	0	0	7.38748854939e-06	7.75686297686e-05	3.32436984723e-05	0.00151074140835	0.000458024290062	0.0024821961526	7.38748854939e-05	0	7.38748854939e-06	7.38748854939e-06	3.6937442747e-06	0	0	0	0
8.12623740433e-05	0.000579917851127	0.000402618125942	0	0	0	1.47749770988e-05	0.00196137820986	4.43249312964e-05	1.10812328241e-05	7.38748854939e-06	0.000461718034337	3.6937442747e-06	0.000295499541976	7.01811412192e-05	0.000509736709908	0.00562926627464	0.000513430454183	0.000280724564877	0.000616855293874	7.38748854939e-06	0.0356926509264	0.00352013829379	0.0208918176177	0.00329112614875	8.4956118318e-05	0.00102686090837	0.00197615318696	0.00804128128601	0.000221624656482	0.00899426730889	0.000147749770988	3.6937442747e-06	4.43249312964e-05	0.00383780030141	1.47749770988e-05	2.21624656482e-05	7.38748854939e-06	0	0	0	0	0.000151443515263	0	8.12623740433e-05	0	3.6937442747e-06	0	1.84687213735e-05	1.47749770988e-05	0	0.0021165154694	4.06311870217e-05	0	0	0	0.000650098992347	0.00297346414113	0.000679648946544	3.6937442747e-05	1.47749770988e-05	2.21624656482e-05	9.60373511421e-05	0.000561449129754	3.6937442747e-06	4.80186755711e-05	0	0	0	8.12623740433e-05	0.005795484767	0.00123371058775	0.00517862947312	0.000783073786236	0.000727667622115	7.38748854939e-06	0	0.00018099346946	4.06311870217e-05	0.000147749770988	8.4956118318e-05	0	0	0
0.00018099346946	0.00604665937768	3.6937442747e-06	0	8.12623740433e-05	0	0	4.80186755711e-05	2.21624656482e-05	0.00588782837387	0	3.6937442747e-06	0	0.000746136343489	9.60373511421e-05	0.000199462190834	0.0128837800301	3.6937442747e-06	0	3.6937442747e-06	0	0.00352013829379	0.0323978310334	0.00645666499217	0.0169653674537	0.00055036789693	7.75686297686e-05	0.00735055110665	0.00538917289678	0.000421086847315	7.38748854939e-05	0.000110812328241	0	1.47749770988e-05	1.84687213735e-05	0	0.000535592919831	0.000206849679383	0	0	0	0	0.000561449129754	0	0.00525619810289	0	0	0	1.47749770988e-05	0	0	0.00754262580893	5.90999083951e-05	0	3.6937442747e-06	0	0.00229012145031	0.0137998286103	0.00137776661446	0.00174344729766	2.95499541976e-05	5.54061641204e-05	0.00202786560681	0.00488312993115	3.6937442747e-06	6.64873969445e-05	0	0	0	5.54061641204e-05	6.64873969445e-05	3.6937442747e-06	2.58562099229e-05	3.6937442747e-06	0.000177299725185	0	0	0.000694423923643	0.00011819981679	4.06311870217e-05	1.10812328241e-05	0	0	0
7.38748854939e-05	0.00108226707249	0.00682973316391	0	3.6937442747e-06	0	5.17124198457e-05	0.00346842587394	5.17124198457e-05	3.6937442747e-06	3.32436984723e-05	0.000831092461807	3.6937442747e-06	0.000517124198457	8.4956118318e-05	0.000376761916019	0.00658594604178	0.0066709021601	0.000450636801513	0.00184317839307	1.47749770988e-05	0.0208918176177	0.00645666499217	0.0595099140096	0.00173236606483	0.000147749770988	0.00170650985491	0.0106158210455	0.00606882184333	8.86498625927e-05	0.00222363405337	0.000217930912207	1.47749770988e-05	2.58562099229e-05	0.00501241098076	1.47749770988e-05	6.64873969445e-05	2.58562099229e-05	0	7.38748854939e-06	0	3.6937442747e-06	9.60373511421e-05	0	5.90999083951e-05	0	3.6937442747e-06	3.6937442747e-06	3.32436984723e-05	1.47749770988e-05	3.6937442747e-06	0.00858056795012	1.10812328241e-05	0	1.10812328241e-05	0	0.000380455660294	0.0108005082592	0.00179146597323	4.06311870217e-05	2.95499541976e-05	4.43249312964e-05	0.00385626902278	0.000240093377855	0	7.38748854939e-06	0	0	0	3.6937442747e-05	0.0103646464348	0.00281463313732	0.00605035312195	0.000871723648828	0.000742442599214	2.95499541976e-05	0	0.000162524748087	2.95499541976e-05	7.01811412192e-05	7.01811412192e-05	0	0	0
0.000203155935108	0.00442141189681	1.47749770988e-05	0	0.00353860701516	0.000140362282438	0.000240093377855	0.000494961732809	0.000173605980911	0.0125033243698	7.38748854939e-06	0.000882804881652	0.00192444076712	0.000535592919831	6.27936526698e-05	0.00255607103809	0.0157021069117	2.21624656482e-05	0.000229012145031	0.000221624656482	0.00137037912591	0.00329112614875	0.0169653674537	0.00173236606483	0.0530052303419	0.00146641647705	0.000923436068674	0.00332436984723	0.0206073993085	0.000339824473272	0.000720280133566	0.000347211961821	0	0	0.000158831003812	0	0.00018838095801	0.00029919328625	0	0.000716586389291	0	0	0.00103055465264	0	0.0151886764576	1.10812328241e-05	0	2.58562099229e-05	4.80186755711e-05	3.6937442747e-06	1.47749770988e-05	0.00245633994267	0.000203155935108	0	1.10812328241e-05	0.000417393103041	0.0024821961526	0.00876894890813	0.00116352944653	0.00916417954552	6.27936526698e-05	0.000107118583966	0.000273337076328	0.0139254159156	1.10812328241e-05	0.000114506072516	0	0	0	0.000376761916019	0.00417762477468	0.00152182264117	0.0014738039656	0.000132974793889	0.00154029136255	0	0	0.000923436068674	0.000203155935108	0.000380455660294	9.23436068674e-05	3.6937442747e-06	3.6937442747e-06	0
0	0.00198354067551	0	0	5.17124198457e-05	0	0	0	0	0.00105641086256	0	0.00480925504565	0	0.0115170946485	0	8.4956118318e-05	0.000225318400756	0	0	3.6937442747e-06	0	8.4956118318e-05	0.00055036789693	0.000147749770988	0.00146641647705	0.0152994887858	0.00110442953813	0.00234552761443	0.000107118583966	7.38748854939e-06	0	0.00161047250377	0	0	0.00130019798469	0	0.000310274519074	0	0	3.6937442747e-06	0	0	0	0	3.6937442747e-05	1.10812328241e-05	6.64873969445e-05	0	0.0057659348128	0	0	1.10812328241e-05	0	0	1.10812328241e-05	7.38748854939e-06	0	0.000147749770988	0	0.00011819981679	0.00496439230519	0.00168434738926	0.00247111491977	3.6937442747e-06	3.6937442747e-06	0	5.54061641204e-05	0	0	1.10812328241e-05	2.95499541976e-05	0.000258562099229	0.000114506072516	0	3.32436984723e-05	0	0.000517124198457	7.38748854939e-06	0.00127803551904	1.10812328241e-05	0	0	0	0.000147749770988
0.000317662007624	0.00012558730534	0.00379716911439	0	0	7.38748854939e-06	0.000838479950356	0.000288112053426	0.00148119145415	7.38748854939e-06	0.00163263496942	0.00733577612955	0.000376761916019	0.00363833811058	0.000158831003812	5.90999083951e-05	0.000952986022872	0.00464303655329	0.00559602257617	0.0072988386868	0.000103424839691	0.00102686090837	7.75686297686e-05	0.00170650985491	0.000923436068674	0.00110442953813	0.0642600691469	0.0189267456635	0.000982535977069	3.6937442747e-06	1.84687213735e-05	0.00465781153039	2.95499541976e-05	0	0.00306211400372	4.43249312964e-05	0.0063790963624	0.000653792736621	0	0.000151443515263	0	0	5.54061641204e-05	0	8.12623740433e-05	0.000103424839691	1.84687213735e-05	4.43249312964e-05	0.00133713542744	2.95499541976e-05	0	9.23436068674e-05	0.00180624095033	0.00011819981679	0.00148119145415	0.000151443515263	4.06311870217e-05	0.000151443515263	8.12623740433e-05	0.000280724564877	0.00421086847315	0.00951508525162	0.0113028574806	0.000214237167932	6.64873969445e-05	4.80186755711e-05	0.000373068171744	0	0	0.000217930912207	0.0103092402707	0.0055184539464	0.00755001329748	0.000620549038149	0.000310274519074	1.47749770988e-05	3.6937442747e-06	0.00218669661062	0.00102686090837	0.000350905706096	9.97310954168e-05	0	0	0
0.00018838095801	0.0069774829349	0.00770515055702	0	1.84687213735e-05	0	5.17124198457e-05	0.00096776099997	8.12623740433e-05	0.000169912236636	0.000199462190834	0.000801542507609	7.38748854939e-06	0.00503457344641	0.000140362282438	7.75686297686e-05	0.00585458467539	0.0072692887326	0.000313968263349	0.00509736709908	5.17124198457e-05	0.00197615318696	0.00735055110665	0.0106158210455	0.00332436984723	0.00234552761443	0.0189267456635	0.0919299075086	0.000657486480896	2.95499541976e-05	0.000834786206081	0.00055036789693	7.38748854939e-06	0	0.00414068733193	1.47749770988e-05	0.0237914068733	0.000627936526698	0	7.38748854939e-05	0	0	3.6937442747e-05	0	5.54061641204e-05	0.00011819981679	0	5.17124198457e-05	0.000195768446559	0	0	0.00291436423274	0.000653792736621	1.47749770988e-05	0.000664873969445	0.000151443515263	5.54061641204e-05	0.00993617209893	0.00131866670607	0.000147749770988	0.00490159865252	0.00155876008392	0.0365902307851	9.97310954168e-05	2.95499541976e-05	0	0	0	0	0.000646405248072	0.0104717650188	0.00217192163352	0.00545196654945	0.00117830442363	0.000151443515263	1.84687213735e-05	7.38748854939e-05	0.00171020359918	0.00106749209539	0.000265949587778	5.90999083951e-05	0	0	1.10812328241e-05
0.00272598327473	0.000210543423658	0.000428474335865	0	0.00854732425165	5.17124198457e-05	0.00465042404184	0.0163078809728	0.00537439791968	0.00582872846547	0.00678171448834	0.00253390857244	0.00354230075943	7.38748854939e-05	0.00104902337401	0.00425149966018	0.00711045772879	0.000121893561065	0.00102316716409	0.000986229721344	0.00442141189681	0.00804128128601	0.00538917289678	0.00606882184333	0.0206073993085	0.000107118583966	0.000982535977069	0.000657486480896	0.0784994533258	0.00115244821371	0.00585458467539	0.000229012145031	0.00011819981679	1.47749770988e-05	0.00277030820602	1.10812328241e-05	4.06311870217e-05	0.000158831003812	0	0.007852900328	3.6937442747e-06	1.10812328241e-05	0.00262255843503	0	0.0163448184155	0.000132974793889	1.84687213735e-05	0.000683342690819	1.84687213735e-05	7.38748854939e-06	1.10812328241e-05	0.000923436068674	0.00018099346946	0	2.21624656482e-05	0.00371590674034	0.00114506072516	0.00411483112201	0.000554061641204	0.0130241423126	1.10812328241e-05	0.00012558730534	0.000332436984723	0.0163115747171	9.23436068674e-05	0.000354599450371	0	3.6937442747e-06	2.21624656482e-05	0.000639017759522	0.00458763038917	0.0012263230992	0.00652315238911	0.00165110369079	0.00199462190834	3.32436984723e-05	7.38748854939e-06	0.00193182825567	0.000402618125942	0.000705505156467	0.000147749770988	7.38748854939e-06	0	0
0.0090939984043	0	0	0	0	0	0.0011672231908	0.00750568836618	0.00700333914482	4.80186755711e-05	0.00122262935492	0.000964067255696	8.12623740433e-05	1.47749770988e-05	0.0091530983127	1.84687213735e-05	0.000114506072516	7.38748854939e-06	0.000232705889306	2.21624656482e-05	9.60373511421e-05	0.000221624656482	0.000421086847315	8.86498625927e-05	0.000339824473272	7.38748854939e-06	3.6937442747e-06	2.95499541976e-05	0.00115244821371	0.0246963742206	0.00471691143879	3.6937442747e-06	0.000103424839691	0.00159200378239	0.00591368458379	0	0	0	0	0.000332436984723	0	3.6937442747e-06	0.000254868354954	0	0.000450636801513	0	7.38748854939e-06	3.6937442747e-06	7.38748854939e-06	0	3.6937442747e-06	0	3.6937442747e-06	0	0	3.6937442747e-06	0	0	0	0.000336130728997	7.38748854939e-06	3.6937442747e-06	0	0.000657486480896	0	7.01811412192e-05	0	0	0	2.21624656482e-05	1.10812328241e-05	7.38748854939e-06	0.00253021482817	8.86498625927e-05	7.38748854939e-06	0	0	0	7.38748854939e-06	1.10812328241e-05	0	0	0	7.38748854939e-06
0.00522295440442	0	3.6937442747e-05	0	0	0	7.38748854939e-06	0.00851408055318	0.00112289825951	3.6937442747e-06	7.38748854939e-06	0.00011819981679	3.6937442747e-06	0	0.00369743801897	5.54061641204e-05	0.000476493011436	0.000520817942732	4.43249312964e-05	0.0003065807748	7.38748854939e-06	0.00899426730889	7.38748854939e-05	0.00222363405337	0.000720280133566	0	1.84687213735e-05	0.000834786206081	0.00585458467539	0.00471691143879	0.032043231583	7.38748854939e-06	3.6937442747e-06	0.000720280133566	0.00570683490441	1.10812328241e-05	0	0	0	0	0	0	4.80186755711e-05	0	3.6937442747e-05	0	0	0	0	1.10812328241e-05	0	0	2.95499541976e-05	0	0	0	1.10812328241e-05	4.80186755711e-05	8.12623740433e-05	0	0	7.38748854939e-06	3.6937442747e-06	7.01811412192e-05	0	1.10812328241e-05	0	0	0	4.43249312964e-05	0.0003065807748	1.47749770988e-05	0.00523403563724	0.000446943057238	0.000169912236636	0	0	2.21624656482e-05	1.47749770988e-05	5.54061641204e-05	4.43249312964e-05	0	0	0
5.17124198457e-05	0.00018099346946	7.38748854939e-06	0	0	3.6937442747e-06	0.000321355751899	8.12623740433e-05	0.000639017759522	2.58562099229e-05	0.000483880499985	0.0045839366449	0.000121893561065	0.00401879377087	2.95499541976e-05	0	0.000354599450371	3.6937442747e-06	0.000107118583966	3.6937442747e-06	7.38748854939e-06	0.000147749770988	0.000110812328241	0.000217930912207	0.000347211961821	0.00161047250377	0.00465781153039	0.00055036789693	0.000229012145031	3.6937442747e-06	7.38748854939e-06	0.00877633639668	3.6937442747e-06	0	0.000801542507609	0	0.000217930912207	0	0	3.6937442747e-05	0	0	0	0	2.58562099229e-05	7.38748854939e-06	4.43249312964e-05	0	0.00186534085872	0	0	1.10812328241e-05	0	0	3.6937442747e-06	3.6937442747e-06	0	0.00011819981679	0	0.000129281049614	0.00125217930912	0.00257453975946	0.00195399072131	3.32436984723e-05	0	0	0.000350905706096	0	0	7.38748854939e-06	0.000956679767146	0.000760911320587	0.00139623533584	0.000199462190834	6.64873969445e-05	3.6937442747e-06	1.84687213735e-05	1.84687213735e-05	0.000206849679383	7.38748854939e-06	0	0	0	0
0.000232705889306	0	0	0	7.38748854939e-06	0.000639017759522	0.00378608788156	0.000110812328241	0.00505304216778	3.6937442747e-06	0.000277030820602	0.000801542507609	0.000184687213735	0	0.00134821666026	0.000284418309152	7.38748854939e-06	0	9.60373511421e-05	3.6937442747e-06	8.12623740433e-05	3.6937442747e-06	0	1.47749770988e-05	0	0	2.95499541976e-05	7.38748854939e-06	0.00011819981679	0.000103424839691	3.6937442747e-06	3.6937442747e-06	0.00626828403416	0	0.0012410980763	0	3.6937442747e-06	0	0	1.84687213735e-05	0	0	3.6937442747e-06	0	7.38748854939e-06	0	3.6937442747e-06	0	0	0	0	0	0	0	0	0	0	0	0	1.84687213735e-05	0	0	0	2.21624656482e-05	0	0	0	0	0	7.38748854939e-06	0.000834786206081	0.000166218492361	0.000583611595402	0.000406311870217	0.00111181702668	0.000779380041961	2.95499541976e-05	1.10812328241e-05	7.38748854939e-06	1.10812328241e-05	0	0	0	0
0.000269643332053	0	0	0	0	0	0	0.0006131615496	0.000450636801513	0	0	0	0	0	7.38748854939e-05	0	0	0	0	0	0	4.43249312964e-05	1.47749770988e-05	2.58562099229e-05	0	0	0	0	1.47749770988e-05	0.00159200378239	0.000720280133566	0	0	0.00197245944269	0.000934517301498	0	0	0	0	0	0	0	7.38748854939e-06	0	1.10812328241e-05	0	0	0	0	0	0	0	0	0	0	0	0	0	0	0	0	0	0	1.47749770988e-05	0	7.38748854939e-06	0	0	0	0	0	0	0.000254868354954	0	0	0	0	0	0	0	0	0	0	0
0.00737271357229	2.95499541976e-05	0.0006131615496	0	1.47749770988e-05	0.000254868354954	0.00492745486244	0.0057511598357	0.0121856623622	3.6937442747e-06	0.00841065571348	0.0209915487131	0.00145902898851	0.00231597766023	0.00579179102272	0.000258562099229	0.000129281049614	0.00615377796164	0.00960004136994	0.0118901628202	0.000579917851127	0.00383780030141	1.84687213735e-05	0.00501241098076	0.000158831003812	0.00130019798469	0.00306211400372	0.00414068733193	0.00277030820602	0.00591368458379	0.00570683490441	0.000801542507609	0.0012410980763	0.000934517301498	0.0518601696167	0	0.000177299725185	3.6937442747e-06	0	0.000779380041961	0	0	2.58562099229e-05	0	0.000502349221359	3.6937442747e-06	5.17124198457e-05	3.6937442747e-06	0.000317662007624	0	0	0	9.23436068674e-05	0	0.000192074702284	5.90999083951e-05	0	2.21624656482e-05	1.47749770988e-05	0.000812623740433	0.000350905706096	0.000295499541976	0.000206849679383	0.000609467805325	7.38748854939e-06	0	3.6937442747e-06	0	0	3.6937442747e-05	0.00178777222895	0.000587305339677	0.0222400342779	0.000989923465619	0.000491267988535	0.000376761916019	0.00115983570225	0.000107118583966	0.000328743240448	4.43249312964e-05	3.6937442747e-06	0	0	0.000144056026713
0	0	0	0	0	0	0	1.10812328241e-05	0	0	0	0	3.6937442747e-06	1.47749770988e-05	0	7.01811412192e-05	7.38748854939e-06	4.06311870217e-05	0	3.6937442747e-06	0	1.47749770988e-05	0	1.47749770988e-05	0	0	4.43249312964e-05	1.47749770988e-05	1.10812328241e-05	0	1.10812328241e-05	0	0	0	0	0.0305989775716	3.6937442747e-06	7.38748854939e-06	0	0.000960373511421	0	0.000631630270973	0.0116389882096	0.00048757424426	0	0.00284418309152	0.000712892645016	0.000627936526698	2.58562099229e-05	0.0137222599805	0	7.38748854939e-06	0.00511952956473	0.000587305339677	0.000901273603026	0.00103055465264	0.00226795898466	3.6937442747e-06	0.00141839780148	0.000491267988535	2.21624656482e-05	0.00158831003812	0.000469105522886	0.00289958925564	0.0136373038622	0.00619810289294	0	7.38748854939e-06	0.000483880499985	0.00412591235484	2.95499541976e-05	0	1.10812328241e-05	0	3.6937442747e-06	0	0	0.000269643332053	0.000155137259537	0.00301778907243	0.0012115481221	3.6937442747e-06	7.38748854939e-06	0
0	0.00115614195798	2.21624656482e-05	0	3.6937442747e-06	0	7.38748854939e-06	3.6937442747e-06	3.6937442747e-06	4.80186755711e-05	2.58562099229e-05	0.000435861824414	0	0.000598386572501	3.6937442747e-06	1.47749770988e-05	0.000295499541976	0.000232705889306	1.10812328241e-05	0.000790461274785	0	2.21624656482e-05	0.000535592919831	6.64873969445e-05	0.00018838095801	0.000310274519074	0.0063790963624	0.0237914068733	4.06311870217e-05	0	0	0.000217930912207	3.6937442747e-06	0	0.000177299725185	3.6937442747e-06	0.0406274932774	4.80186755711e-05	0	7.75686297686e-05	3.6937442747e-06	0	7.38748854939e-06	0	0.00449528678231	0.000110812328241	1.10812328241e-05	7.38748854939e-05	0.000672261457995	0	2.95499541976e-05	0.00183209716025	0.000269643332053	3.32436984723e-05	0.000842173694631	0.000151443515263	0.000136668538164	0.0136853225378	0.00012558730534	0.00773100676694	0.00849930557608	0.00168065364499	0.03162583848	0.000406311870217	7.38748854939e-06	0	0	0	0	0.000129281049614	0.000203155935108	3.6937442747e-06	0.000635324015248	1.47749770988e-05	1.10812328241e-05	0	7.38748854939e-06	0.00168065364499	0.00114136698088	0.000258562099229	4.06311870217e-05	3.6937442747e-06	0	7.75686297686e-05
0	0	0.000997310954168	0	0	0	0	2.21624656482e-05	0	0	0	3.6937442747e-06	0	0	0	2.58562099229e-05	0.000236399633581	9.23436068674e-05	0	2.95499541976e-05	0	7.38748854939e-06	0.000206849679383	2.58562099229e-05	0.00029919328625	0	0.000653792736621	0.000627936526698	0.000158831003812	0	0	0	0	0	3.6937442747e-06	7.38748854939e-06	4.80186755711e-05	0.0279210129724	0	7.38748854939e-06	0	0	0.00219777784344	8.12623740433e-05	7.38748854939e-05	1.10812328241e-05	3.6937442747e-06	0	0	0.000121893561065	0	2.95499541976e-05	0.00620549038149	3.6937442747e-06	0.000332436984723	3.6937442747e-06	0.000520817942732	0.000568836618303	0.0103905026447	6.27936526698e-05	0	0.00893516740049	0.00890931119057	0.00267796459915	7.38748854939e-06	2.95499541976e-05	0	7.38748854939e-06	0	0.000764605064862	4.80186755711e-05	1.10812328241e-05	1.10812328241e-05	3.6937442747e-06	0	0	0	0.000845867438905	0.000114506072516	0.00138515410301	0.000535592919831	3.6937442747e-06	0	0
0	0	0	0	0	0	0	0	0	0	0	0	0	0	0	0	0	0	0	0	0	0	0	0	0	0	0	0	0	0	0	0	0	0	0	0	0	0	0	0	0	0	0	0	0	0	0	0	0	0	0	0	0	0	0	0	0	0	0	0	0	0	0	0	0	0	0	0	0	0	0	0	0	0	0	0	0	0	0	0	0	0	0	0
4.80186755711e-05	0	0	0	0.0038969002098	0	0.00238615880145	0.00305472651517	0.00234183387016	0.00220885907627	0.00120046688928	0.000672261457995	0.00154398510682	1.84687213735e-05	0.00048757424426	0.000454330545788	0	1.84687213735e-05	0.000221624656482	1.47749770988e-05	0.00042478059159	0	0	7.38748854939e-06	0.000716586389291	3.6937442747e-06	0.000151443515263	7.38748854939e-05	0.007852900328	0.000332436984723	0	3.6937442747e-05	1.84687213735e-05	0	0.000779380041961	0.000960373511421	7.75686297686e-05	7.38748854939e-06	0	0.0309683519991	0.000325049496173	0.00123740433202	0.000229012145031	0.000358293194646	0.0063643213853	0.00509736709908	0.000169912236636	0.00463195532047	5.90999083951e-05	0.00118938565645	0.00111551077096	0	0.000110812328241	7.01811412192e-05	0.000450636801513	0.017305191927	0	7.38748854939e-06	7.38748854939e-06	0.0162413935758	2.95499541976e-05	0.000517124198457	0.000528205431282	0.00962589757986	0.0021608404007	3.6937442747e-06	0	4.43249312964e-05	0	0.00328004491593	7.38748854939e-06	3.6937442747e-06	4.80186755711e-05	2.58562099229e-05	0.000531899175556	1.10812328241e-05	0	0.00125956679767	0.000291805797701	0.00339085724417	0.000989923465619	0.000753523832038	7.38748854939e-06	0
