0.0351959222682	2.54858235107e-05	0.000441754274185	0	4.24763725178e-05	2.12381862589e-05	0.00220452373367	0.0193564829564	0.0183582882022	0.00014441966656	0.00826590209196	0.00167781671445	0.000696612509292	4.24763725178e-06	0.01676967187	4.24763725178e-06	1.27429117553e-05	0.000522459381969	0.00142295847935	0.00174153127323	0.00378039715408	0.0013210151853	0	0.00175002654773	0.00455346713391	0	0.00159286396942	0.000560688117235	0.0111925241584	0.0148072634597	0.00820643517044	1.69905490071e-05	5.94669215249e-05	0.00528406074121	0.00892428586599	0.000297334607625	2.97334607625e-05	2.54858235107e-05	0	0.00026335350961	0	0.000152914941064	6.37145587767e-05	1.69905490071e-05	0.000505468832962	0.000611659764256	6.79621960285e-05	0.000373792078157	2.12381862589e-05	5.52192842731e-05	8.49527450356e-06	5.52192842731e-05	3.8228735266e-05	0	2.12381862589e-05	0.000378039715408	0.00115110969523	0.00138897738133	1.69905490071e-05	0.00138897738133	0	2.54858235107e-05	2.54858235107e-05	0.00166082616545	9.76956567909e-05	2.97334607625e-05	1.27429117553e-05	4.24763725178e-06	4.24763725178e-06	9.76956567909e-05	0.00100244239142	9.34480195391e-05	0.0052500796432	0.0019199320378	0.000356801529149	0.000199638950834	4.24763725178e-06	0.000250610597855	3.8228735266e-05	0.000140172029309	5.09716470213e-05	5.09716470213e-05	4.24763725178e-06	2.54858235107e-05
2.54858235107e-05	0.0283997026654	0.00122756716576	0	0	0	0	2.97334607625e-05	4.24763725178e-06	0.00147817776362	0	1.69905490071e-05	0	0.000416268450674	1.69905490071e-05	0	0.000552192842731	0.000747584156313	0	2.12381862589e-05	0	0.000174153127323	0.00431984708506	0.000798555803334	0.00076457470532	0.00225124774344	0.00732292662207	0.0224997345227	0.000352553891898	0	7.6457470532e-05	4.24763725178e-06	0	2.12381862589e-05	5.52192842731e-05	0	0.015503875969	0.00122331952851	0	0	0	0	8.49527450356e-06	0	5.94669215249e-05	0	5.52192842731e-05	4.24763725178e-06	0.00112987150897	0	0	9.34480195391e-05	0.00011893384305	0	0.000165657852819	0	4.24763725178e-06	0.000208134225337	2.54858235107e-05	5.09716470213e-05	0.00396729319316	0.00319422321334	0.0152702559201	2.12381862589e-05	0	8.49527450356e-06	4.67240097696e-05	0	0	5.94669215249e-05	0.00120208134225	0.000556440479983	4.67240097696e-05	2.54858235107e-05	0	1.27429117553e-05	0	0.000152914941064	6.37145587767e-05	0.000148667303812	7.22098332802e-05	0	0	2.97334607625e-05
0.000441754274185	0.00122756716576	0.0313220770946	0	0	1.27429117553e-05	2.12381862589e-05	0.00104067112669	0.000208134225337	2.12381862589e-05	3.39810980142e-05	8.49527450356e-06	4.24763725178e-06	0	0.000513964107465	0	3.8228735266e-05	0.00622278857386	6.37145587767e-05	0.000152914941064	8.49527450356e-06	0.000959966018902	0.000904746734629	0.0106870553255	3.39810980142e-05	0	0.00713178294574	0.0183285547414	0.000530954656472	0.000713603058299	0.000615907401508	0	1.27429117553e-05	0.000569183391738	0.000713603058299	4.24763725178e-06	0.00265902091961	0.000683869597536	0	0	0	0	1.27429117553e-05	4.24763725178e-06	2.12381862589e-05	0	4.24763725178e-06	0	8.49527450356e-06	0	0	5.09716470213e-05	0.000717850695551	0	8.07051077838e-05	0	8.49527450356e-05	0.000496973558458	0.0019029414888	0	8.49527450356e-06	0.000293086970373	0.00351279600722	7.6457470532e-05	4.24763725178e-06	1.27429117553e-05	0	4.24763725178e-06	0	2.12381862589e-05	0.00742062227886	0.0010746522247	0.000802803440586	0.000467240097696	0	4.67240097696e-05	0	0.000726345970054	5.09716470213e-05	5.09716470213e-05	5.94669215249e-05	0	0	0
0	0	0	0	0	0	0	0	0	0	0	0	0	0	0	0	0	0	0	0	0	0	0	0	0	0	0	0	0	0	0	0	0	0	0	0	0	0	0	0	0	0	0	0	0	0	0	0	0	0	0	0	0	0	0	0	0	0	0	0	0	0	0	0	0	0	0	0	0	0	0	0	0	0	0	0	0	0	0	0	0	0	0	0
4.24763725178e-05	0	0	0	0.0211702240629	9.34480195391e-05	0.00153339704789	0.000280344058617	0.000993947116916	0.00129552936179	0.00294361261548	0.000229372411596	0.0074078793671	1.27429117553e-05	0.00031007751938	0.0011893384305	0	3.8228735266e-05	0.00019114367633	5.52192842731e-05	0.00666454284804	8.49527450356e-06	1.27429117553e-05	4.24763725178e-05	0.0121142614421	8.49527450356e-06	0.000161410215568	1.27429117553e-05	0.00515238398641	0.000522459381969	0	0	0.00011893384305	2.54858235107e-05	0.000773069979824	0.000101943294043	4.24763725178e-06	0	0	0.00529255601572	0	0.00116385260699	4.24763725178e-06	0.000161410215568	0.00352553891898	0.00242964850802	0.000331315705639	0.00555166188807	5.09716470213e-05	0.000964213656154	8.49527450356e-06	0	0	0	0	0.00526282255495	0	1.27429117553e-05	4.24763725178e-06	0.00365296803653	0	2.12381862589e-05	4.24763725178e-06	1.69905490071e-05	0.000594669215249	0	1.27429117553e-05	4.24763725178e-05	0	0.000293086970373	0.000174153127323	2.12381862589e-05	0.000807051077838	0.000420516087926	0.000981204205161	0.00014441966656	1.69905490071e-05	6.37145587767e-05	0.000178400764575	0.000314325156632	1.69905490071e-05	1.69905490071e-05	0	0
2.12381862589e-05	0	1.27429117553e-05	0	9.34480195391e-05	0.00841881703303	0.00419666560476	0.000475735372199	0.00352553891898	0.000106190931294	0.000535202293724	4.67240097696e-05	0.000161410215568	4.24763725178e-06	0.00281193586068	0.00163958797919	0	0	8.49527450356e-06	4.24763725178e-06	4.24763725178e-05	0	0	4.24763725178e-06	0.000242115323351	0	3.39810980142e-05	2.12381862589e-05	0.000242115323351	0.00178400764575	0	8.49527450356e-06	0.00443028565361	8.49527450356e-06	0.00112987150897	4.24763725178e-06	0	0	0	5.09716470213e-05	4.24763725178e-06	2.97334607625e-05	0	0.000127429117553	8.07051077838e-05	2.97334607625e-05	0.000462992460444	3.39810980142e-05	2.54858235107e-05	4.24763725178e-05	0	8.49527450356e-06	4.24763725178e-06	0	4.24763725178e-06	5.94669215249e-05	0	4.24763725178e-06	0	7.22098332802e-05	0	4.24763725178e-06	0	8.49527450356e-06	9.76956567909e-05	0	0	9.76956567909e-05	0	0.000318572793883	0.000845279813104	6.37145587767e-05	0.000513964107465	0.000802803440586	0.0020346182436	0.001788255283	8.49527450356e-06	0	5.09716470213e-05	8.92003822874e-05	0	0	4.67240097696e-05	5.52192842731e-05
0.00220452373367	0	2.12381862589e-05	0	0.00153339704789	0.00419666560476	0.0414611872146	0.00796431984709	0.0237825209727	0.000420516087926	0.0160390782627	0.00116810024424	0.0072762026123	2.54858235107e-05	0.0060953594563	0.00269724965488	1.27429117553e-05	0.000127429117553	0.000594669215249	7.22098332802e-05	0.00368694913454	1.27429117553e-05	4.24763725178e-06	0.00019114367633	0.00257406817458	0	0.000492725921206	5.94669215249e-05	0.00425613252628	0.00469788680047	2.12381862589e-05	1.27429117553e-05	0.0040692364872	0.000178400764575	0.00413295104598	3.39810980142e-05	0	0	0	0.000314325156632	4.24763725178e-06	0.000157162578316	0	0.000161410215568	0.000403525538919	0.000556440479983	0.000607412127004	0.00062015503876	4.24763725178e-05	0.00014441966656	0	1.27429117553e-05	1.69905490071e-05	0	4.24763725178e-06	0.000641393225019	2.54858235107e-05	4.24763725178e-05	1.69905490071e-05	0.000777317617076	0	8.49527450356e-06	4.24763725178e-06	6.79621960285e-05	0.000199638950834	0	0	0.000114686205798	0	0.000412020813423	0.00187320802803	6.79621960285e-05	0.00428586598704	0.00147817776362	0.00366571094829	0.00189444621429	1.27429117553e-05	2.54858235107e-05	5.52192842731e-05	0.000106190931294	3.39810980142e-05	4.24763725178e-06	3.8228735266e-05	2.12381862589e-05
0.0193564829564	2.97334607625e-05	0.00104067112669	0	0.000280344058617	0.000475735372199	0.00796431984709	0.0688287140278	0.0202357438675	0.000407773176171	0.0135202293724	0.000896251460125	0.000641393225019	2.97334607625e-05	0.0162981841351	0.000259105872359	8.49527450356e-06	0.000416268450674	0.000734841244558	0.000598916852501	0.00100244239142	0.00377190187958	0.000157162578316	0.00292237442922	0.00818944462143	0	0.000586173940745	0.00042901136243	0.0311734097908	0.0139407454603	0.00843155994478	8.49527450356e-06	0.000679621960285	0.0105808643942	0.0100159286397	0.000254858235107	6.37145587767e-05	2.97334607625e-05	0	0.00794308166083	8.49527450356e-06	0.000254858235107	7.6457470532e-05	1.27429117553e-05	0.00773919507274	0.00454921949665	8.49527450356e-05	0.00138897738133	5.52192842731e-05	0.000101943294043	6.37145587767e-05	0.000135924392057	5.09716470213e-05	0	4.24763725178e-06	0.00447276202612	0.00228947647871	0.00282043113518	0.000301582244876	0.011438887119	0	2.54858235107e-05	8.92003822874e-05	0.00595943506425	0.000123181480302	3.39810980142e-05	2.12381862589e-05	4.24763725178e-06	0	0.000280344058617	0.00237442922374	0.000127429117553	0.00486354465329	0.0026250398216	0.00101093766592	0.000564935754487	1.27429117553e-05	0.000407773176171	0.000110438568546	0.000395030264415	0.000208134225337	8.49527450356e-05	0	2.12381862589e-05
0.0183582882022	4.24763725178e-06	0.000208134225337	0	0.000993947116916	0.00352553891898	0.0237825209727	0.0202357438675	0.0634936816396	0.000420516087926	0.0227545927578	0.0027397260274	0.00499097377084	7.6457470532e-05	0.0287437612828	0.00146543485186	1.27429117553e-05	7.22098332802e-05	0.00183922693002	0.00136773919507	0.00604014017203	0.000624402676011	4.24763725178e-06	0.000543697568228	0.00396729319316	0	0.0016735690772	0.000127429117553	0.0100456621005	0.018455983859	0.00200488478284	1.69905490071e-05	0.00403525538919	0.00131676754805	0.00982478496336	0.000254858235107	4.24763725178e-06	0	0	0.000488478283955	0	0.000424763725178	3.39810980142e-05	0.00014441966656	0.000700860146543	0.0010831474992	0.000590421577997	0.00101518530318	5.09716470213e-05	0.000297334607625	1.69905490071e-05	4.67240097696e-05	0	0	1.69905490071e-05	0.00088350854837	0.000598916852501	0.000705107783795	1.27429117553e-05	0.00195391313582	4.24763725178e-06	2.12381862589e-05	4.24763725178e-06	0.00100244239142	0.000297334607625	8.49527450356e-06	1.69905490071e-05	6.37145587767e-05	4.24763725178e-06	0.000399277901667	0.00337262397791	5.94669215249e-05	0.0086057130721	0.00258256344908	0.0032154613996	0.0028714027822	4.67240097696e-05	0.00026335350961	8.49527450356e-05	0.000271848784114	7.6457470532e-05	6.79621960285e-05	8.49527450356e-06	0.000131676754805
0.00014441966656	0.00147817776362	2.12381862589e-05	0	0.00129552936179	0.000106190931294	0.000420516087926	0.000407773176171	0.000420516087926	0.0238462355315	0.000373792078157	3.8228735266e-05	0.00213231390039	5.94669215249e-05	0.000450249548689	0.0010746522247	0.000378039715408	3.8228735266e-05	2.12381862589e-05	8.49527450356e-06	0.000658383774026	0.00138048210683	0.00509291706488	0.000348306254646	0.0126622066476	0.000280344058617	0.000212381862589	0.000688117234788	0.00663056175003	0.00266751619412	0.00204311351811	4.24763725178e-06	7.22098332802e-05	0.00447276202612	0.0049060210258	0.00132951045981	0.000866517999363	8.07051077838e-05	0	0.00123606244027	0	2.54858235107e-05	0.000675374323033	0	0.0119061272167	0.00076457470532	0.000212381862589	0.000492725921206	6.37145587767e-05	8.49527450356e-05	0	0.00121057661676	9.76956567909e-05	8.49527450356e-05	0.000276096421366	0.00139322501858	0.000216629499841	0.00183497929277	0.00104916640119	0.00511840288839	1.69905490071e-05	0.000161410215568	0.00104916640119	0.00284591695869	0.000526707019221	0.000399277901667	2.97334607625e-05	0	0.000148667303812	0.000662631411277	0.00232345757672	0.000250610597855	0.000713603058299	0.00102368057768	0.00176276945949	7.22098332802e-05	8.49527450356e-06	0.00198789423383	0.000110438568546	0.00119358606775	0.000522459381969	0	0	0
0.00826590209196	0	3.39810980142e-05	0	0.00294361261548	0.000535202293724	0.0160390782627	0.0135202293724	0.0227545927578	0.000373792078157	0.0536051821174	0.00210682807688	0.00654985664224	1.69905490071e-05	0.0105893596687	0.000203886588085	0	0.000484230646703	0.00183073165552	0.00255282998832	0.0113284485505	2.54858235107e-05	0	0.000361049166401	0.00404799830095	4.24763725178e-06	0.00260380163534	0.000288839333121	0.0139195072741	0.0102495486885	5.52192842731e-05	2.54858235107e-05	0.000598916852501	0.00179250292025	0.0099182329829	0.000530954656472	0	0	0	0.00220027609642	0	0.000739088881809	0.000114686205798	0.000386534989912	0.00193692258681	0.00335138579165	0.000288839333121	0.00645216098545	8.92003822874e-05	0.00103642348943	2.12381862589e-05	1.27429117553e-05	0	0	2.54858235107e-05	0.00444727620261	1.27429117553e-05	4.24763725178e-06	1.27429117553e-05	0.00324944249761	4.24763725178e-06	4.67240097696e-05	4.24763725178e-06	3.8228735266e-05	0.000598916852501	2.12381862589e-05	5.09716470213e-05	2.12381862589e-05	4.24763725178e-06	0.000412020813423	0.0016650738027	2.97334607625e-05	0.00801529149411	0.00249336306679	0.000734841244558	0.000314325156632	2.97334607625e-05	0.000437506636933	0.00014441966656	0.00050122119571	0.000135924392057	0.000114686205798	4.24763725178e-06	3.8228735266e-05
0.00167781671445	1.69905490071e-05	8.49527450356e-06	0	0.000229372411596	4.67240097696e-05	0.00116810024424	0.000896251460125	0.0027397260274	3.8228735266e-05	0.00210682807688	0.0244918763938	0.000526707019221	0.00427737071254	0.00291812679197	0.000195391313582	0	0.000140172029309	0.00630774131889	0.00287989805671	0.00112137623447	0.000250610597855	0	0.000284591695869	0.00093023255814	0.00147817776362	0.00575979611341	8.07051077838e-05	0.00149516831263	0.00667303812254	0.00011893384305	0.000794308166083	0.0010746522247	0.000637145587767	0.00945524052246	4.67240097696e-05	0	0	0	7.6457470532e-05	0	0.000101943294043	4.24763725178e-06	0	0.00011893384305	0.000182648401826	0.000964213656154	0.000250610597855	0.00161410215568	0.000203886588085	0	0	0	0	1.27429117553e-05	0.000165657852819	0	8.49527450356e-06	0	0.000199638950834	0.000284591695869	0.00014441966656	0	1.27429117553e-05	0.000216629499841	0	0.000369544440905	0	0	0.000242115323351	0.000908994371881	0.0047658489965	0.00554316661357	0.000297334607625	0.000569183391738	0.000951470744398	0.000615907401508	0.000280344058617	0.00208558989062	0.000182648401826	4.24763725178e-06	4.24763725178e-06	0	0.000246362960603
0.000696612509292	0	4.24763725178e-06	0	0.0074078793671	0.000161410215568	0.0072762026123	0.000641393225019	0.00499097377084	0.00213231390039	0.00654985664224	0.000526707019221	0.0458192630349	8.49527450356e-05	0.00174577891048	0.00235743867474	0	0.000361049166401	0.000373792078157	0.000254858235107	0.0160815546352	2.12381862589e-05	1.69905490071e-05	0.000216629499841	0.00716576404375	7.6457470532e-05	0.000709355421047	4.67240097696e-05	0.00177126473399	0.00219602845917	2.97334607625e-05	1.27429117553e-05	0.000250610597855	0.000348306254646	0.00340235743867	0.000968461293406	0	0	0	0.00213656153764	4.24763725178e-06	0.0159541255177	6.37145587767e-05	0.00389083572263	0.000773069979824	0.00819369225868	0.00264627800786	0.0234894340023	0.00119358606775	0.00695338218116	0.00233195285123	4.24763725178e-06	2.97334607625e-05	8.92003822874e-05	0.000233620048848	0.00270574492938	1.69905490071e-05	1.69905490071e-05	4.24763725178e-05	0.00148242540087	0	0.000229372411596	1.69905490071e-05	8.49527450356e-05	0.00618031220134	8.49527450356e-06	0.000212381862589	0.000220877137092	0	0.0045449718594	0.000841032175852	0.000127429117553	0.00364447276203	0.00198789423383	0.00149941594988	0.000518211744717	0.00011893384305	0.00151640649888	0.00272273547839	0.00470638207497	0.000348306254646	0.000802803440586	4.24763725178e-06	3.39810980142e-05
4.24763725178e-06	0.000416268450674	0	0	1.27429117553e-05	4.24763725178e-06	2.54858235107e-05	2.97334607625e-05	7.6457470532e-05	5.94669215249e-05	1.69905490071e-05	0.00427737071254	8.49527450356e-05	0.0183625358394	0.00026335350961	8.49527450356e-06	0	1.27429117553e-05	1.27429117553e-05	0	4.24763725178e-06	2.97334607625e-05	7.22098332802e-05	2.12381862589e-05	8.49527450356e-06	0.00838483593501	0.00341934798768	0.00398003610492	8.49527450356e-06	0.000293086970373	2.12381862589e-05	0.00140172029309	0.000135924392057	2.12381862589e-05	0.00042901136243	3.8228735266e-05	4.67240097696e-05	0	0	4.24763725178e-06	0	9.34480195391e-05	0	0	8.49527450356e-06	4.67240097696e-05	0.00293086970373	0.000101943294043	0.00741637464161	0.000182648401826	0	0	0	0	0	4.24763725178e-06	0	4.24763725178e-06	0	1.27429117553e-05	0.00444727620261	0.000412020813423	0.000101943294043	0	0.000199638950834	0	0.00088350854837	4.24763725178e-06	0	0.000327068068387	2.12381862589e-05	0.00113836678348	0.000607412127004	0.00014441966656	5.09716470213e-05	0.000199638950834	0.00069236487204	0	0.00327068068387	0.000254858235107	0	0	0	0.000853775087608
0.01676967187	1.69905490071e-05	0.000513964107465	0	0.00031007751938	0.00281193586068	0.0060953594563	0.0162981841351	0.0287437612828	0.000450249548689	0.0105893596687	0.00291812679197	0.00174577891048	0.00026335350961	0.048975257513	0.000815546352342	8.49527450356e-06	0.000399277901667	0.00132951045981	0.0002378676861	0.00237442922374	0.00140172029309	8.49527450356e-06	0.0017797600085	0.00260804927259	0	0.000802803440586	0.000386534989912	0.00663905702453	0.0246278007858	0.00575130083891	8.49527450356e-06	0.00462992460444	0.00441754274185	0.0076457470532	0.000522459381969	2.12381862589e-05	1.69905490071e-05	0	0.000271848784114	0	0.000284591695869	0	0.00011893384305	0.00129128172454	0.000127429117553	0.000564935754487	0.000305829882128	4.67240097696e-05	0.000250610597855	1.27429117553e-05	5.09716470213e-05	1.69905490071e-05	0	1.69905490071e-05	0.000131676754805	0.00110013804821	0.00125730062653	2.54858235107e-05	0.00115110969523	0	1.27429117553e-05	2.97334607625e-05	0.00141871084209	0.000225124774344	0	0	5.52192842731e-05	1.27429117553e-05	0.000348306254646	0.00174577891048	0.00011893384305	0.00544971859403	0.00255707762557	0.00162684506743	0.00268025910587	6.37145587767e-05	0.000386534989912	0.000106190931294	0.000254858235107	7.6457470532e-05	1.69905490071e-05	1.27429117553e-05	0.000174153127323
4.24763725178e-06	0	0	0	0.0011893384305	0.00163958797919	0.00269724965488	0.000259105872359	0.00146543485186	0.0010746522247	0.000203886588085	0.000195391313582	0.00235743867474	8.49527450356e-06	0.000815546352342	0.00929807794414	0	4.24763725178e-06	0.000135924392057	0	0.000446001911437	0	4.24763725178e-05	4.24763725178e-06	0.00246362960603	0	7.6457470532e-05	4.24763725178e-06	0.000437506636933	0.00108739513646	0.000127429117553	0	0.000569183391738	0.000182648401826	0.000535202293724	0	0	0	0	0.000399277901667	0	8.49527450356e-06	0	1.27429117553e-05	0.000586173940745	0.000254858235107	2.97334607625e-05	0.000186896039078	4.24763725178e-06	4.24763725178e-06	0	4.24763725178e-06	1.69905490071e-05	0	0	0.00045449718594	2.97334607625e-05	4.67240097696e-05	0.000174153127323	0.000569183391738	0	4.24763725178e-06	8.49527450356e-06	3.39810980142e-05	1.27429117553e-05	0	0	8.49527450356e-06	0	3.8228735266e-05	0.000250610597855	0	0.000547945205479	0.000250610597855	0.00551343315281	0.000195391313582	0	3.39810980142e-05	0	5.52192842731e-05	7.6457470532e-05	0	0	8.49527450356e-06
1.27429117553e-05	0.000552192842731	3.8228735266e-05	0	0	0	1.27429117553e-05	8.49527450356e-06	1.27429117553e-05	0.000378039715408	0	0	0	0	8.49527450356e-06	0	0.0168886057131	1.69905490071e-05	0	8.49527450356e-06	0	0.000866517999363	0.0125305298927	0.00639269406393	0.00211107571413	0	3.8228735266e-05	0.00316448975258	0.000679621960285	2.54858235107e-05	8.07051077838e-05	0	0	1.69905490071e-05	4.24763725178e-05	0	0.000314325156632	0.000131676754805	0	0	0	0	4.24763725178e-06	0	0	0	0	0	0	0	0	0.00293086970373	3.8228735266e-05	0	4.24763725178e-06	0	0.000951470744398	0.00632897950515	0.00234044812573	0.000658383774026	0	4.24763725178e-06	0.000543697568228	0.00247212488054	0	4.24763725178e-06	0	0	0	0	0.000849527450356	0.000233620048848	0.000284591695869	0.000386534989912	3.8228735266e-05	8.49527450356e-06	0	2.12381862589e-05	4.24763725178e-06	1.69905490071e-05	1.27429117553e-05	0	0	0
0.000522459381969	0.000747584156313	0.00622278857386	0	3.8228735266e-05	0	0.000127429117553	0.000416268450674	7.22098332802e-05	3.8228735266e-05	0.000484230646703	0.000140172029309	0.000361049166401	1.27429117553e-05	0.000399277901667	4.24763725178e-06	1.69905490071e-05	0.0379441435701	8.92003822874e-05	0.00471912498673	0.000450249548689	0.00276521185091	0.000352553891898	0.0158904109589	0.000271848784114	0	0.013193161304	0.00716576404375	0.000628650313263	0.000195391313582	0.00192842731231	1.27429117553e-05	0	0.000157162578316	0.00717850695551	4.24763725178e-06	0.00225549538069	0.000607412127004	0	1.69905490071e-05	4.24763725178e-06	2.12381862589e-05	1.27429117553e-05	1.27429117553e-05	5.09716470213e-05	2.97334607625e-05	3.39810980142e-05	5.52192842731e-05	4.24763725178e-06	1.27429117553e-05	0	3.39810980142e-05	0.00236593394924	0	0.00011893384305	3.39810980142e-05	0.000420516087926	5.94669215249e-05	0.001788255283	6.79621960285e-05	0	0.000641393225019	0.00473611553573	0.000161410215568	8.49527450356e-06	1.27429117553e-05	0	4.24763725178e-06	0	0.000535202293724	0.00372093023256	0.00217903791016	0.00798555803334	0.00428586598704	0.000123181480302	2.97334607625e-05	8.49527450356e-05	0.00106190931294	0.000140172029309	0.000301582244876	0.000535202293724	4.24763725178e-06	4.24763725178e-06	0
0.00142295847935	0	6.37145587767e-05	0	0.00019114367633	8.49527450356e-06	0.000594669215249	0.000734841244558	0.00183922693002	2.12381862589e-05	0.00183073165552	0.00630774131889	0.000373792078157	1.27429117553e-05	0.00132951045981	0.000135924392057	0	8.92003822874e-05	0.0129977699904	0.00225549538069	0.00116810024424	0.000543697568228	4.24763725178e-06	0.000530954656472	0.000904746734629	0	0.00447276202612	0.0002378676861	0.00114261442073	0.0038143782521	0.000356801529149	2.12381862589e-05	0.000165657852819	0.000344058617394	0.00609960709355	2.97334607625e-05	8.49527450356e-06	4.24763725178e-06	0	0.000178400764575	0	3.39810980142e-05	4.24763725178e-06	0	0.000195391313582	0.000356801529149	1.69905490071e-05	0.000373792078157	1.27429117553e-05	3.39810980142e-05	0	0	4.24763725178e-06	0	5.52192842731e-05	0.000327068068387	4.24763725178e-06	8.49527450356e-06	0	0.000462992460444	0	0.000135924392057	1.27429117553e-05	1.27429117553e-05	2.97334607625e-05	0	4.24763725178e-06	0	0	1.69905490071e-05	0.00203886588085	0.00286715514495	0.00505893596687	0.000709355421047	0.000271848784114	0.00019114367633	2.12381862589e-05	0.000662631411277	8.49527450356e-06	2.54858235107e-05	8.49527450356e-06	1.27429117553e-05	0	0
0.00174153127323	2.12381862589e-05	0.000152914941064	0	5.52192842731e-05	4.24763725178e-06	7.22098332802e-05	0.000598916852501	0.00136773919507	8.49527450356e-06	0.00255282998832	0.00287989805671	0.000254858235107	0	0.0002378676861	0	8.49527450356e-06	0.00471912498673	0.00225549538069	0.0232558139535	0.00111288095997	0.00101093766592	2.54858235107e-05	0.0013210151853	0.000756079430817	0	0.0181544016141	0.00128278645004	0.0019029414888	0.00161834979293	0.000356801529149	0	1.27429117553e-05	0.00105766167569	0.00725496442604	8.49527450356e-06	0.000157162578316	8.92003822874e-05	0	5.09716470213e-05	0	3.39810980142e-05	1.69905490071e-05	4.24763725178e-06	7.6457470532e-05	0.000131676754805	4.24763725178e-06	0.000157162578316	0	2.97334607625e-05	4.24763725178e-06	1.69905490071e-05	0.00160560688117	0	8.07051077838e-05	0.000140172029309	5.09716470213e-05	4.24763725178e-05	0.000169905490071	0.000225124774344	0	0.000441754274185	0.00038228735266	0.000106190931294	5.52192842731e-05	2.54858235107e-05	0	0	0	0.000475735372199	0.00304555590953	0.00274397366465	0.0088265902092	0.00202187533185	2.54858235107e-05	1.69905490071e-05	4.24763725178e-06	0.000700860146543	0.000484230646703	0.000208134225337	7.22098332802e-05	6.79621960285e-05	0	0
0.00378039715408	0	8.49527450356e-06	0	0.00666454284804	4.24763725178e-05	0.00368694913454	0.00100244239142	0.00604014017203	0.000658383774026	0.0113284485505	0.00112137623447	0.0160815546352	4.24763725178e-06	0.00237442922374	0.000446001911437	0	0.000450249548689	0.00116810024424	0.00111288095997	0.0261696931082	2.97334607625e-05	1.69905490071e-05	0.000267601146862	0.00678347669109	4.24763725178e-06	0.00173303599873	0.000127429117553	0.00259955399809	0.00361898693852	3.8228735266e-05	2.12381862589e-05	9.34480195391e-05	0.000339810980142	0.00587872995646	0.0002378676861	0	0	0	0.0022639906552	0	0.0027482213019	3.39810980142e-05	0.000913242009132	0.00126579590103	0.00270149729213	0.000726345970054	0.00769247106297	0.00019114367633	0.00178400764575	0.000152914941064	8.49527450356e-06	1.69905490071e-05	8.49527450356e-06	1.69905490071e-05	0.00371668259531	8.49527450356e-06	1.69905490071e-05	1.69905490071e-05	0.00222151428268	0	4.24763725178e-05	0	5.09716470213e-05	0.00124880535202	8.49527450356e-06	3.39810980142e-05	6.37145587767e-05	0	0.000959966018902	0.000981204205161	8.49527450356e-05	0.0054879473293	0.00249761070405	0.000743336519061	0.000199638950834	8.92003822874e-05	0.000335563342891	0.000513964107465	0.000934480195391	6.79621960285e-05	0.000140172029309	4.24763725178e-06	2.97334607625e-05
0.0013210151853	0.000174153127323	0.000959966018902	0	8.49527450356e-06	0	1.27429117553e-05	0.00377190187958	0.000624402676011	0.00138048210683	2.54858235107e-05	0.000250610597855	2.12381862589e-05	2.97334607625e-05	0.00140172029309	0	0.000866517999363	0.00276521185091	0.000543697568228	0.00101093766592	2.97334607625e-05	0.0375278751195	0.00148667303812	0.022185409366	0.000947223107147	0	0.00179250292025	0.00169480726346	0.0072846978868	0.00421790379102	0.0102707868748	3.8228735266e-05	2.97334607625e-05	0.00419666560476	0.00666454284804	0.000106190931294	0.000242115323351	8.92003822874e-05	0	8.49527450356e-06	0	1.27429117553e-05	0.000135924392057	0	0.00176276945949	0	3.8228735266e-05	1.27429117553e-05	8.49527450356e-06	8.49527450356e-06	0	0.000458744823192	0.000101943294043	1.69905490071e-05	5.94669215249e-05	4.24763725178e-06	0.000488478283955	0.00231496230222	0.000106190931294	0.000768822342572	0	2.54858235107e-05	0.000301582244876	0.0023871721355	0.000131676754805	7.22098332802e-05	4.24763725178e-06	0	1.27429117553e-05	0.000123181480302	0.00212381862589	0.000509716470213	0.0068174577891	0.00437931400658	0.00111288095997	0.000734841244558	1.69905490071e-05	0.000713603058299	1.27429117553e-05	0.000131676754805	4.24763725178e-05	8.49527450356e-06	0	0
0	0.00431984708506	0.000904746734629	0	1.27429117553e-05	0	4.24763725178e-06	0.000157162578316	4.24763725178e-06	0.00509291706488	0	0	1.69905490071e-05	7.22098332802e-05	8.49527450356e-06	4.24763725178e-05	0.0125305298927	0.000352553891898	4.24763725178e-06	2.54858235107e-05	1.69905490071e-05	0.00148667303812	0.0359817351598	0.0103260061591	0.00368694913454	0.000717850695551	0.000339810980142	0.0125772539025	0.0013125199108	3.8228735266e-05	0.000403525538919	4.24763725178e-06	4.24763725178e-06	3.39810980142e-05	0.000106190931294	0	0.00534777529999	0.000208134225337	0	7.22098332802e-05	0	0	0	0	0.000267601146862	0	0	0	3.39810980142e-05	0	0	0.00508017415313	3.39810980142e-05	0	0	4.24763725178e-06	0.00170330253796	0.0160008495275	0.0106955506	0.00152914941064	4.24763725178e-05	2.12381862589e-05	0.00624827439737	0.00436232345758	0	4.24763725178e-06	0	0	0	1.69905490071e-05	0.00109589041096	0.000220877137092	2.54858235107e-05	4.24763725178e-05	0.000135924392057	8.49527450356e-06	0	0.000276096421366	2.54858235107e-05	1.69905490071e-05	8.49527450356e-06	0	0	0
0.00175002654773	0.000798555803334	0.0106870553255	0	4.24763725178e-05	4.24763725178e-06	0.00019114367633	0.00292237442922	0.000543697568228	0.000348306254646	0.000361049166401	0.000284591695869	0.000216629499841	2.12381862589e-05	0.0017797600085	4.24763725178e-06	0.00639269406393	0.0158904109589	0.000530954656472	0.0013210151853	0.000267601146862	0.022185409366	0.0103260061591	0.0826080492726	0.000297334607625	0	0.00347881490921	0.0121227567166	0.00326218540937	0.0020261229691	0.00588722523097	3.39810980142e-05	2.97334607625e-05	0.00149941594988	0.0056026335351	8.49527450356e-06	0.00217054263566	0.00169905490071	0	2.97334607625e-05	0	2.97334607625e-05	4.24763725178e-05	1.27429117553e-05	7.22098332802e-05	2.54858235107e-05	5.94669215249e-05	6.37145587767e-05	0	2.97334607625e-05	0	0.00292662206648	0.0010661569502	7.22098332802e-05	0.000259105872359	2.97334607625e-05	0.00273123075289	0.0129765318042	0.0148030158224	0.000832536901349	0	0.000259105872359	0.00460868641818	0.0045364765849	1.69905490071e-05	4.24763725178e-05	0	0	0	0.000208134225337	0.00993097589466	0.0021577997239	0.0106828076882	0.00950196453223	0.00138897738133	0.000709355421047	4.24763725178e-06	0.000564935754487	9.34480195391e-05	0.000981204205161	0.00120208134225	4.24763725178e-06	0	0
0.00455346713391	0.00076457470532	3.39810980142e-05	0	0.0121142614421	0.000242115323351	0.00257406817458	0.00818944462143	0.00396729319316	0.0126622066476	0.00404799830095	0.00093023255814	0.00716576404375	8.49527450356e-06	0.00260804927259	0.00246362960603	0.00211107571413	0.000271848784114	0.000904746734629	0.000756079430817	0.00678347669109	0.000947223107147	0.00368694913454	0.000297334607625	0.052636720824	4.67240097696e-05	0.00135074864607	0.000675374323033	0.0247212488054	0.00492725921206	0.00253583943931	2.12381862589e-05	0.000148667303812	0.00460868641818	0.00826590209196	0.00278220239992	0.000288839333121	5.52192842731e-05	0	0.00650313263247	0	0.000148667303812	0.000140172029309	4.67240097696e-05	0.0171349686737	0.00414569395774	0.000339810980142	0.00241265795901	8.49527450356e-05	0.000101943294043	1.27429117553e-05	0.000297334607625	8.49527450356e-05	8.49527450356e-05	0.000301582244876	0.00582351067219	2.97334607625e-05	0.000564935754487	0.000654136136774	0.0134182860784	1.69905490071e-05	0.000152914941064	0.000446001911437	0.00282043113518	0.000751831793565	2.97334607625e-05	3.39810980142e-05	1.69905490071e-05	0.000148667303812	0.000866517999363	0.00136773919507	8.07051077838e-05	0.00462142932994	0.00282892640968	0.00300732717426	0.000284591695869	1.69905490071e-05	0.00203037060635	0.00019114367633	0.00138897738133	0.000539449930976	3.39810980142e-05	4.24763725178e-06	1.69905490071e-05
0	0.00225124774344	0	0	8.49527450356e-06	0	0	0	0	0.000280344058617	4.24763725178e-06	0.00147817776362	7.6457470532e-05	0.00838483593501	0	0	0	0	0	0	4.24763725178e-06	0	0.000717850695551	0	4.67240097696e-05	0.012517786981	0.00192842731231	0.00443028565361	0	4.24763725178e-06	0	0.000569183391738	0	0	4.24763725178e-06	3.8228735266e-05	0.000152914941064	0	0	0	0	8.92003822874e-05	0	0	4.24763725178e-06	4.67240097696e-05	0.00276096421366	9.76956567909e-05	0.00543272804502	0.000178400764575	0	0	0	0	0	0	0	4.24763725178e-06	0	8.49527450356e-06	0.00429436126155	0.000386534989912	0.000526707019221	0	0.000195391313582	0	0.00050122119571	0	0	0.000305829882128	0	0.000114686205798	5.09716470213e-05	0	0	0	0.000246362960603	0	0.00204736115536	0.00026335350961	0	0	0	0.000832536901349
0.00159286396942	0.00732292662207	0.00713178294574	0	0.000161410215568	3.39810980142e-05	0.000492725921206	0.000586173940745	0.0016735690772	0.000212381862589	0.00260380163534	0.00575979611341	0.000709355421047	0.00341934798768	0.000802803440586	7.6457470532e-05	3.8228735266e-05	0.013193161304	0.00447276202612	0.0181544016141	0.00173303599873	0.00179250292025	0.000339810980142	0.00347881490921	0.00135074864607	0.00192842731231	0.0941743655092	0.0354677710524	0.00169905490071	0.00288414569396	0.00101518530318	0.00374216841882	0.000157162578316	0.000777317617076	0.00988425188489	2.54858235107e-05	0.0114006583838	0.000250610597855	0	0.000161410215568	4.24763725178e-06	7.6457470532e-05	5.09716470213e-05	8.49527450356e-06	0.000271848784114	0.000331315705639	0.00147393012637	0.000369544440905	0.00774769034724	0.000101943294043	4.24763725178e-06	4.24763725178e-05	0.00278645003717	0.000157162578316	0.0017967505575	0.000352553891898	0.000101943294043	0.000101943294043	0.000522459381969	0.000526707019221	0.00581501539769	0.0156780290963	0.0133970478921	0.000327068068387	0.000148667303812	5.52192842731e-05	0.00201762769459	8.49527450356e-06	0	0.00130827227355	0.007760433259	0.0101858341298	0.0122629287459	0.00404799830095	0.000327068068387	0.000462992460444	0.000135924392057	0.00372517786981	0.00304980354678	0.00138048210683	0.000564935754487	9.34480195391e-05	4.24763725178e-06	0.000271848784114
0.000560688117235	0.0224997345227	0.0183285547414	0	1.27429117553e-05	2.12381862589e-05	5.94669215249e-05	0.00042901136243	0.000127429117553	0.000688117234788	0.000288839333121	8.07051077838e-05	4.67240097696e-05	0.00398003610492	0.000386534989912	4.24763725178e-06	0.00316448975258	0.00716576404375	0.0002378676861	0.00128278645004	0.000127429117553	0.00169480726346	0.0125772539025	0.0121227567166	0.000675374323033	0.00443028565361	0.0354677710524	0.100974832749	0.00118509079325	0.000361049166401	0.00126579590103	0.000475735372199	2.12381862589e-05	0.000233620048848	0.00134225337156	0	0.0229372411596	0.00262928745885	0	8.49527450356e-06	0	0	5.09716470213e-05	4.24763725178e-06	0.000161410215568	2.97334607625e-05	0.000675374323033	2.54858235107e-05	0.00614208346607	0	0	0.000925984920888	0.000773069979824	3.39810980142e-05	0.00133375809706	2.54858235107e-05	0.000611659764256	0.00573855792715	0.00660082828926	0.000110438568546	0.0090729531698	0.0133290856961	0.0239779122863	0.000344058617394	4.24763725178e-06	5.09716470213e-05	0.00062015503876	4.24763725178e-06	0	0.000479983009451	0.00935754486567	0.00238292449825	0.00196240841032	0.00207709461612	1.69905490071e-05	5.94669215249e-05	0	0.00279069767442	0.00118084315599	0.00107040458745	0.000777317617076	0	0	0.000297334607625
0.0111925241584	0.000352553891898	0.000530954656472	0	0.00515238398641	0.000242115323351	0.00425613252628	0.0311734097908	0.0100456621005	0.00663056175003	0.0139195072741	0.00149516831263	0.00177126473399	8.49527450356e-06	0.00663905702453	0.000437506636933	0.000679621960285	0.000628650313263	0.00114261442073	0.0019029414888	0.00259955399809	0.0072846978868	0.0013125199108	0.00326218540937	0.0247212488054	0	0.00169905490071	0.00118509079325	0.0767972815122	0.00925560157163	0.00832961665074	1.69905490071e-05	0.000284591695869	0.00754380375916	0.0119061272167	0.00223425719444	0.000870765636615	0.000581926303494	0	0.00947223107147	0	0.000208134225337	0.000229372411596	2.54858235107e-05	0.0170542635659	0.00458320059467	0.000339810980142	0.00292237442922	9.76956567909e-05	0.000140172029309	4.24763725178e-06	0.000250610597855	0.000301582244876	0.000106190931294	0.000331315705639	0.00617606456409	8.07051077838e-05	0.000560688117235	0.000603164489753	0.0150238929595	4.24763725178e-06	0.000666879048529	0.00129977699904	0.00375491133057	0.000705107783795	0.000106190931294	3.8228735266e-05	4.24763725178e-06	0.000135924392057	0.000959966018902	0.00565360518212	0.00163109270468	0.00744610810237	0.00337262397791	0.00124880535202	0.000433258999681	8.49527450356e-06	0.0022724859297	0.00026335350961	0.0015588828714	0.000734841244558	4.24763725178e-05	4.24763725178e-06	3.8228735266e-05
0.0148072634597	0	0.000713603058299	0	0.000522459381969	0.00178400764575	0.00469788680047	0.0139407454603	0.018455983859	0.00266751619412	0.0102495486885	0.00667303812254	0.00219602845917	0.000293086970373	0.0246278007858	0.00108739513646	2.54858235107e-05	0.000195391313582	0.0038143782521	0.00161834979293	0.00361898693852	0.00421790379102	3.8228735266e-05	0.0020261229691	0.00492725921206	4.24763725178e-06	0.00288414569396	0.000361049166401	0.00925560157163	0.05659976638	0.0113326961877	3.39810980142e-05	0.00441754274185	0.0206350217691	0.0238674737177	0.000998194754168	4.24763725178e-06	4.24763725178e-06	0	0.000441754274185	0	0.000318572793883	0.000450249548689	0.000246362960603	0.00495699267283	0.000807051077838	0.000594669215249	0.000832536901349	6.37145587767e-05	0.000348306254646	1.69905490071e-05	0.000101943294043	0.000233620048848	2.97334607625e-05	0.000114686205798	0.000683869597536	0.00165233089094	0.00180524583201	0.000518211744717	0.00338536688967	4.24763725178e-06	5.09716470213e-05	6.79621960285e-05	0.00270149729213	0.000433258999681	0.000101943294043	4.24763725178e-06	5.94669215249e-05	2.54858235107e-05	0.000671126685781	0.00354677710524	0.000195391313582	0.0102113199533	0.00409047467346	0.00210258043963	0.00219602845917	5.94669215249e-05	0.00244663905702	0.000148667303812	0.000976956567909	0.000560688117235	0.000135924392057	2.12381862589e-05	8.92003822874e-05
0.00820643517044	7.6457470532e-05	0.000615907401508	0	0	0	2.12381862589e-05	0.00843155994478	0.00200488478284	0.00204311351811	5.52192842731e-05	0.00011893384305	2.97334607625e-05	2.12381862589e-05	0.00575130083891	0.000127429117553	8.07051077838e-05	0.00192842731231	0.000356801529149	0.000356801529149	3.8228735266e-05	0.0102707868748	0.000403525538919	0.00588722523097	0.00253583943931	0	0.00101518530318	0.00126579590103	0.00832961665074	0.0113326961877	0.0348433683763	2.97334607625e-05	2.54858235107e-05	0.00708505893597	0.00696612509292	0.000760327068068	9.76956567909e-05	4.67240097696e-05	0	0.000101943294043	0	8.49527450356e-06	3.8228735266e-05	0	0.00255282998832	8.49527450356e-06	6.79621960285e-05	8.49527450356e-06	2.12381862589e-05	1.27429117553e-05	0	0.000369544440905	0.000110438568546	2.97334607625e-05	9.76956567909e-05	4.24763725178e-06	0.000403525538919	0.00129128172454	0.000280344058617	0.00166082616545	0	2.97334607625e-05	0.000182648401826	0.00148242540087	0.000182648401826	3.39810980142e-05	4.24763725178e-06	0	2.97334607625e-05	0.000203886588085	0.00170330253796	0.000403525538919	0.00470638207497	0.00383986407561	0.000968461293406	0.000339810980142	0	0.000768822342572	2.97334607625e-05	0.000327068068387	0.000199638950834	4.24763725178e-06	0	0
1.69905490071e-05	4.24763725178e-06	0	0	0	8.49527450356e-06	1.27429117553e-05	8.49527450356e-06	1.69905490071e-05	4.24763725178e-06	2.54858235107e-05	0.000794308166083	1.27429117553e-05	0.00140172029309	8.49527450356e-06	0	0	1.27429117553e-05	2.12381862589e-05	0	2.12381862589e-05	3.8228735266e-05	4.24763725178e-06	3.39810980142e-05	2.12381862589e-05	0.000569183391738	0.00374216841882	0.000475735372199	1.69905490071e-05	3.39810980142e-05	2.97334607625e-05	0.00384835935011	8.49527450356e-06	1.69905490071e-05	0.000131676754805	4.24763725178e-06	4.24763725178e-06	0	0	8.49527450356e-06	0	4.24763725178e-06	4.24763725178e-06	0	8.49527450356e-06	1.27429117553e-05	0.000386534989912	1.27429117553e-05	0.00174153127323	4.24763725178e-06	0	0	0	4.24763725178e-06	0	1.27429117553e-05	0	0	0	1.69905490071e-05	0.000615907401508	0.000186896039078	4.24763725178e-06	0	8.49527450356e-06	0	0.000564935754487	0	0	4.24763725178e-05	0.000110438568546	0.000743336519061	0.000182648401826	8.07051077838e-05	0	1.69905490071e-05	0	2.12381862589e-05	0.000552192842731	2.54858235107e-05	0	0	0	5.09716470213e-05
5.94669215249e-05	0	1.27429117553e-05	0	0.00011893384305	0.00443028565361	0.0040692364872	0.000679621960285	0.00403525538919	7.22098332802e-05	0.000598916852501	0.0010746522247	0.000250610597855	0.000135924392057	0.00462992460444	0.000569183391738	0	0	0.000165657852819	1.27429117553e-05	9.34480195391e-05	2.97334607625e-05	4.24763725178e-06	2.97334607625e-05	0.000148667303812	0	0.000157162578316	2.12381862589e-05	0.000284591695869	0.00441754274185	2.54858235107e-05	8.49527450356e-06	0.00853775087608	0.000131676754805	0.00262079218435	4.24763725178e-06	0	0	0	1.69905490071e-05	4.24763725178e-06	3.8228735266e-05	0	0.000127429117553	5.09716470213e-05	2.12381862589e-05	0.000471487734947	4.67240097696e-05	2.54858235107e-05	5.09716470213e-05	4.24763725178e-06	8.49527450356e-06	4.24763725178e-06	0	4.24763725178e-06	3.8228735266e-05	0	4.24763725178e-06	4.24763725178e-06	5.52192842731e-05	0	4.24763725178e-06	0	8.49527450356e-06	0.000110438568546	0	0	9.76956567909e-05	0	0.000318572793883	0.000654136136774	7.22098332802e-05	0.000951470744398	0.00101093766592	0.000713603058299	0.00148242540087	8.49527450356e-06	8.49527450356e-06	5.52192842731e-05	9.76956567909e-05	8.49527450356e-06	8.49527450356e-06	4.67240097696e-05	4.24763725178e-05
