0.0279853996794	0.000204718098822	0.00222140915743	0	0.000265697958046	0	0.00112812739564	0.0081320997979	0.00890741515088	0.000814516691059	0.00133284549446	0.000209073803052	0.000156805352289	8.27583803749e-05	0.0153277231863	7.40469719144e-05	0.000265697958046	0.00136333542407	3.92013380723e-05	0.000252630845355	0.000182939577671	0.00145916091714	0.000413791901875	0.00375897275071	0.00109763746603	2.61342253816e-05	0.000975677747578	0.000557530141473	0.00416840894836	0.0121524148024	0.0137204683253	1.30671126908e-05	0.000235208028434	0.00276587218622	0.00402031500453	9.58254930657e-05	0.00017422816921	6.53355634539e-05	0	0.000182939577671	0	7.84026761447e-05	0.000187295281901	7.40469719144e-05	0.0014243152833	0.000265697958046	4.35570423026e-06	0.000100181197296	1.7422816921e-05	0.000239563732664	4.35570423026e-06	1.30671126908e-05	5.22684507631e-05	8.71140846052e-06	1.30671126908e-05	0.000200362394592	9.14697888355e-05	0.000287476479197	0.000130671126908	0.00152449648059	1.7422816921e-05	8.71140846052e-05	0.000104536901526	0.000522684507631	0.000187295281901	5.66241549934e-05	0	8.71140846052e-06	3.48456338421e-05	0.000148093943829	0.000553174437243	0.000200362394592	0.00226932190397	0.000892919367203	0.000479127465329	0.000413791901875	5.22684507631e-05	0.000178583873441	6.53355634539e-05	0.000156805352289	8.27583803749e-05	4.35570423026e-06	8.71140846052e-06	8.71140846052e-06
0.000204718098822	0.0230460310823	0.00310997282041	0	4.35570423026e-06	1.30671126908e-05	7.40469719144e-05	0.000100181197296	0.000104536901526	0.00136333542407	8.71140846052e-06	0.000274409366506	8.71140846052e-06	0.000126315422678	0.000139382535368	0.000130671126908	0.000557530141473	0.00330597951077	6.09798592236e-05	0.00118475155063	4.35570423026e-06	0.000317966408809	0.00371106000418	0.00150271795944	0.000853718029131	0.000858073733361	0.00558401282319	0.0129451529723	0.000278765070737	0.000357167746881	0.000583664366855	8.71140846052e-06	1.30671126908e-05	0.000143738239599	0.00254373127047	2.17785211513e-05	0.00936476409506	0.00228674472089	0	8.71140846052e-06	0	4.35570423026e-06	8.27583803749e-05	2.17785211513e-05	0.000156805352289	1.7422816921e-05	0.000152449648059	4.35570423026e-06	1.7422816921e-05	6.96912676842e-05	0	9.14697888355e-05	0.00145044950868	7.84026761447e-05	0.000814516691059	1.30671126908e-05	0.00016987246498	0.000492194578019	0.000949543522197	0.00016987246498	0.000300543591888	0.00366314725765	0.00305770436964	0.000130671126908	6.53355634539e-05	6.53355634539e-05	8.71140846052e-06	0	0	0.000814516691059	0.00175099310056	0.000953899226427	0.00209509373476	0.000993100564499	0.000344100634191	0.00016987246498	3.48456338421e-05	0.000749181127605	0.000601087183776	0.000810160986828	0.000248275141125	0	0	8.71140846052e-06
0.00222140915743	0.00310997282041	0.0427120356819	0	2.61342253816e-05	8.71140846052e-06	0.000217785211513	0.00167694612865	0.000919053592585	0.000191650986131	4.79127465329e-05	0.000243919436895	2.17785211513e-05	6.53355634539e-05	0.00124137570562	1.30671126908e-05	0.00084500662067	0.00909471043278	3.48456338421e-05	0.000588020071085	8.71140846052e-06	0.00102794619834	0.00210380514322	0.0206503937557	0.000518328803401	6.96912676842e-05	0.00857202592515	0.0165255418496	0.00105408042372	0.00131977838177	0.0043469928218	2.17785211513e-05	5.66241549934e-05	0.000361523451112	0.0036849257788	3.92013380723e-05	0.00282685204544	0.00148093943829	0	2.61342253816e-05	4.35570423026e-06	8.71140846052e-06	0.000135026831138	1.30671126908e-05	0.000296187887658	1.7422816921e-05	6.96912676842e-05	4.35570423026e-06	2.17785211513e-05	8.27583803749e-05	0	0.00033974492996	0.00101923478988	2.17785211513e-05	0.000187295281901	2.61342253816e-05	0.000479127465329	0.00318401979232	0.00217785211513	0.000352812042651	6.96912676842e-05	0.000958254930657	0.00252630845355	0.000235208028434	4.35570423026e-05	7.40469719144e-05	0	0	0	0.000583664366855	0.00281814063698	0.00139382535368	0.00393320091992	0.00234772458011	0.000588020071085	0.000431214718796	3.48456338421e-05	0.000814516691059	0.000561885845704	0.000718691197993	0.000344100634191	4.35570423026e-06	4.35570423026e-06	1.30671126908e-05
0	0	0	0	0	0	0	0	0	0	0	0	0	0	0	0	0	0	0	0	0	0	0	0	0	0	0	0	0	0	0	0	0	0	0	0	0	0	0	0	0	0	0	0	0	0	0	0	0	0	0	0	0	0	0	0	0	0	0	0	0	0	0	0	0	0	0	0	0	0	0	0	0	0	0	0	0	0	0	0	0	0	0	0
0.000265697958046	4.35570423026e-06	2.61342253816e-05	0	0.0267396682696	4.35570423026e-06	0.000770959648756	0.00144609380445	0.000714335493763	0.00209944943899	0.00394191232839	8.71140846052e-06	0.00426423444142	8.71140846052e-06	0.000418147606105	0.000243919436895	4.35570423026e-06	4.35570423026e-06	0	8.71140846052e-06	0.00635061676772	0	1.7422816921e-05	3.04899296118e-05	0.00920795874277	4.35570423026e-06	8.71140846052e-06	4.35570423026e-06	0.00943445536274	0.00050526169071	5.66241549934e-05	0	5.22684507631e-05	0.000143738239599	0.000357167746881	0.000239563732664	0	8.71140846052e-06	0	0.0077008850791	4.35570423026e-06	0.000784026761447	0.000204718098822	0.000296187887658	0.00249146281971	0.00376332845494	8.71140846052e-06	0.00634626106349	4.35570423026e-06	0.000762248240295	6.09798592236e-05	0	2.17785211513e-05	0	0	0.00680361000767	2.17785211513e-05	3.04899296118e-05	3.48456338421e-05	0.00316224127117	4.35570423026e-06	1.7422816921e-05	1.7422816921e-05	0.00116732873371	0.000553174437243	3.48456338421e-05	8.71140846052e-06	8.71140846052e-06	4.79127465329e-05	0.000387657676493	7.84026761447e-05	1.30671126908e-05	0.000217785211513	6.53355634539e-05	0.000596731479546	0.000104536901526	1.30671126908e-05	0.000196006690362	3.04899296118e-05	0.000309255000348	0.000100181197296	3.48456338421e-05	1.30671126908e-05	4.35570423026e-06
0	1.30671126908e-05	8.71140846052e-06	0	4.35570423026e-06	0.00334082514461	0.00171614746672	1.7422816921e-05	0.00104536901526	0.000126315422678	2.17785211513e-05	2.61342253816e-05	3.04899296118e-05	0	0.000117604014217	0.00131542267754	2.17785211513e-05	4.35570423026e-06	0	0	8.71140846052e-06	8.71140846052e-06	2.61342253816e-05	3.04899296118e-05	2.17785211513e-05	4.35570423026e-06	1.7422816921e-05	2.17785211513e-05	3.04899296118e-05	0.000130671126908	3.48456338421e-05	0	0.00111941598718	2.61342253816e-05	0.000200362394592	4.35570423026e-06	0	0	0	4.35570423026e-06	0	0	0	0	2.17785211513e-05	4.35570423026e-06	0	1.30671126908e-05	4.35570423026e-06	0	0	0	0	0	0	1.30671126908e-05	4.35570423026e-06	2.61342253816e-05	8.71140846052e-06	2.61342253816e-05	0	0	0	8.71140846052e-06	4.35570423026e-06	0	0	0	0	0	3.04899296118e-05	8.71140846052e-06	0.00016116105652	0.000135026831138	0.000461704648408	0.000209073803052	0	4.35570423026e-06	0	0	0	0	0	0
0.00112812739564	7.40469719144e-05	0.000217785211513	0	0.000770959648756	0.00171614746672	0.0473639277998	0.00381124120148	0.025424245592	0.000596731479546	0.0122482402955	0.00127622133947	0.00575388528817	0.000431214718796	0.0093124956443	0.00138511394522	0.000139382535368	0.000148093943829	0.000113248309987	0.000265697958046	0.00172050317095	0.00016116105652	0.000135026831138	0.000596731479546	0.000692556972611	0.000213429507283	0.000792738169907	0.00033974492996	0.0027353822566	0.00557530141473	0.000605442888006	4.35570423026e-05	0.00598038190815	0.00050526169071	0.00707801937417	6.96912676842e-05	6.96912676842e-05	2.61342253816e-05	0	0.000200362394592	4.35570423026e-06	0.000100181197296	0.000135026831138	5.22684507631e-05	0.000871140846052	0.000357167746881	4.35570423026e-05	0.000135026831138	8.71140846052e-05	0.000113248309987	8.71140846052e-06	4.35570423026e-06	3.92013380723e-05	0	2.17785211513e-05	0.000261342253816	2.17785211513e-05	7.84026761447e-05	5.22684507631e-05	0.0011368388041	0.000108892605756	8.27583803749e-05	8.27583803749e-05	0.000313610704579	0.00016551676075	2.17785211513e-05	8.71140846052e-06	0	2.61342253816e-05	0.000143738239599	0.00240870443933	0.000444281831487	0.00369363718726	0.00139818105791	0.00466931493484	0.00376332845494	0.000248275141125	9.58254930657e-05	0.000117604014217	0.000152449648059	0.000108892605756	0	8.71140846052e-06	4.79127465329e-05
0.0081320997979	0.000100181197296	0.00167694612865	0	0.00144609380445	1.7422816921e-05	0.00381124120148	0.0466583037145	0.00953899226427	0.00197748972054	0.0084631333194	0.000152449648059	0.00033974492996	9.58254930657e-05	0.00717384486724	0.000143738239599	0.000178583873441	0.000609798592236	8.71140846052e-06	0.000100181197296	0.000365879155342	0.00144173810022	0.000187295281901	0.00381124120148	0.00259599972123	3.04899296118e-05	0.000487838873789	0.000278765070737	0.0208246219249	0.00653355634539	0.00938218691198	8.71140846052e-06	0.000317966408809	0.00234336887588	0.00400289218761	0.000139382535368	6.96912676842e-05	1.7422816921e-05	0	0.000958254930657	4.35570423026e-06	0.00016987246498	0.000248275141125	8.71140846052e-05	0.00263955676354	0.000984389156039	1.30671126908e-05	0.000762248240295	3.04899296118e-05	0.000287476479197	1.7422816921e-05	2.61342253816e-05	1.7422816921e-05	0	1.30671126908e-05	0.00134591260715	5.22684507631e-05	0.00016551676075	9.58254930657e-05	0.00322757683462	1.7422816921e-05	5.22684507631e-05	3.04899296118e-05	0.00083193950798	0.000222140915743	2.61342253816e-05	0	1.30671126908e-05	2.17785211513e-05	0.00016987246498	0.000792738169907	0.000200362394592	0.00257422120008	0.000810160986828	0.000966966339118	0.000936476409506	9.14697888355e-05	0.000156805352289	3.04899296118e-05	0.000182939577671	7.40469719144e-05	8.71140846052e-06	1.7422816921e-05	1.7422816921e-05
0.00890741515088	0.000104536901526	0.000919053592585	0	0.000714335493763	0.00104536901526	0.025424245592	0.00953899226427	0.0612455571817	0.00108457035333	0.0112028712802	0.00160725486097	0.00249146281971	0.000413791901875	0.0230678096035	0.000818872395289	0.000182939577671	0.000400724789184	0.00016551676075	0.000348456338421	0.00131106697331	0.000535751620322	0.000256986549585	0.00192957697401	0.00120653007178	0.000230852324204	0.00106714753641	0.000474771761098	0.00605007317583	0.00937783120775	0.003972402258	5.66241549934e-05	0.00415098613144	0.00127622133947	0.00764861662834	0.000148093943829	6.09798592236e-05	2.61342253816e-05	0	0.000405080493414	0	0.00016116105652	0.000256986549585	0.000117604014217	0.00190344274862	0.000544463028782	5.66241549934e-05	0.000204718098822	6.53355634539e-05	0.000283120774967	4.35570423026e-06	8.71140846052e-06	2.61342253816e-05	4.35570423026e-06	2.61342253816e-05	0.000513973099171	5.66241549934e-05	0.000200362394592	6.53355634539e-05	0.00236950310126	9.58254930657e-05	0.000121959718447	0.000113248309987	0.000683845564151	0.000296187887658	3.92013380723e-05	0	0	3.48456338421e-05	0.000204718098822	0.00173357028364	0.000396369084954	0.00347149627152	0.00121959718447	0.00299236880619	0.00266569098892	0.000200362394592	0.000209073803052	0.000121959718447	0.000191650986131	0.000113248309987	4.35570423026e-06	4.35570423026e-06	2.61342253816e-05
0.000814516691059	0.00136333542407	0.000191650986131	0	0.00209944943899	0.000126315422678	0.000596731479546	0.00197748972054	0.00108457035333	0.0231287894627	0.00106714753641	6.09798592236e-05	0.00130671126908	3.04899296118e-05	0.00105408042372	0.00175970450903	0.000853718029131	0.000191650986131	0	5.22684507631e-05	0.000858073733361	0.000252630845355	0.00340180500383	0.000413791901875	0.00749616698028	1.7422816921e-05	0.000322322113039	0.00129364415639	0.00460397937138	0.00224318767858	0.00219091922782	0	9.58254930657e-05	0.00167694612865	0.00253501986201	0.000204718098822	6.09798592236e-05	3.48456338421e-05	0	0.0022606104955	4.35570423026e-06	0.00016116105652	0.00050961739494	0.000200362394592	0.00713028782494	0.00159854345251	8.71140846052e-06	0.0024609728901	2.17785211513e-05	0.000378946268033	3.92013380723e-05	8.27583803749e-05	1.7422816921e-05	0	3.04899296118e-05	0.00346714056729	0.000213429507283	0.0011368388041	0.000209073803052	0.00734371733222	1.30671126908e-05	3.04899296118e-05	8.27583803749e-05	0.00192522126977	0.000370234859572	0.000226496619974	4.35570423026e-06	1.30671126908e-05	3.48456338421e-05	0.000274409366506	0.000953899226427	0.00016987246498	0.0012805770437	0.000522684507631	0.00281378493275	0.000344100634191	2.17785211513e-05	0.000474771761098	0.000204718098822	0.000296187887658	0.000191650986131	2.61342253816e-05	1.30671126908e-05	1.7422816921e-05
0.00133284549446	8.71140846052e-06	4.79127465329e-05	0	0.00394191232839	2.17785211513e-05	0.0122482402955	0.0084631333194	0.0112028712802	0.00106714753641	0.0365748484215	0.000222140915743	0.00244790577741	0.000104536901526	0.00541414035821	5.66241549934e-05	2.17785211513e-05	5.22684507631e-05	8.71140846052e-06	6.09798592236e-05	0.00309690570771	4.35570423026e-05	4.35570423026e-05	0.000113248309987	0.000927765001045	6.53355634539e-05	0.000130671126908	7.40469719144e-05	0.00701703951495	0.00250888563663	0.000187295281901	4.35570423026e-06	0.000409436197644	0.000226496619974	0.00259599972123	4.79127465329e-05	4.35570423026e-06	8.71140846052e-06	0	0.00137640253676	4.35570423026e-06	0.000108892605756	8.71140846052e-05	6.53355634539e-05	0.00114119450833	0.000945187817966	8.71140846052e-06	0.00121524148024	1.30671126908e-05	0.000152449648059	1.7422816921e-05	4.35570423026e-06	1.30671126908e-05	4.35570423026e-06	0	0.00167259042442	4.35570423026e-06	2.61342253816e-05	2.61342253816e-05	0.00163774479058	1.30671126908e-05	1.30671126908e-05	8.71140846052e-06	0.000383301972263	0.000104536901526	1.7422816921e-05	0	0	1.7422816921e-05	4.79127465329e-05	0.000409436197644	0.000108892605756	0.00135897971984	0.000409436197644	0.000596731479546	0.000775315352986	5.22684507631e-05	2.17785211513e-05	2.17785211513e-05	3.48456338421e-05	1.7422816921e-05	4.35570423026e-06	8.71140846052e-06	8.71140846052e-06
0.000209073803052	0.000274409366506	0.000243919436895	0	8.71140846052e-06	2.61342253816e-05	0.00127622133947	0.000152449648059	0.00160725486097	6.09798592236e-05	0.000222140915743	0.0328812112342	5.66241549934e-05	0.00744825423374	0.00133720119869	3.04899296118e-05	8.71140846052e-05	0.000770959648756	0.00439926127256	0.00601087183776	3.04899296118e-05	0.000135026831138	0.000117604014217	0.000574952958394	0.000108892605756	0.00683845564151	0.0120130322671	0.00239128162241	0.000217785211513	0.00241306014356	0.000370234859572	0.00152014077636	0.000583664366855	0.00016987246498	0.0101662136734	1.7422816921e-05	0.000317966408809	4.35570423026e-05	0	2.17785211513e-05	0	1.30671126908e-05	2.17785211513e-05	8.71140846052e-06	7.40469719144e-05	4.35570423026e-05	0.00207767091783	2.17785211513e-05	0.00119781866332	6.96912676842e-05	0	1.7422816921e-05	8.71140846052e-05	0.000522684507631	0.000265697958046	1.30671126908e-05	3.92013380723e-05	6.96912676842e-05	6.09798592236e-05	9.14697888355e-05	0.00125444281831	0.00185988570632	0.000879852254513	4.79127465329e-05	0.000100181197296	1.7422816921e-05	0.000317966408809	4.35570423026e-06	4.35570423026e-06	0.000544463028782	0.00150271795944	0.00335824796153	0.00558401282319	0.000945187817966	0.00016987246498	0.000148093943829	0.000631577113388	0.000152449648059	0.000409436197644	0.000588020071085	8.71140846052e-05	0	4.35570423026e-06	3.48456338421e-05
0.000156805352289	8.71140846052e-06	2.17785211513e-05	0	0.00426423444142	3.04899296118e-05	0.00575388528817	0.00033974492996	0.00249146281971	0.00130671126908	0.00244790577741	5.66241549934e-05	0.0252892187609	4.79127465329e-05	0.000984389156039	0.00138946964945	4.35570423026e-06	1.30671126908e-05	8.71140846052e-06	2.17785211513e-05	0.00918182451739	1.30671126908e-05	3.48456338421e-05	3.04899296118e-05	0.00302721444003	1.30671126908e-05	6.09798592236e-05	7.40469719144e-05	0.00103230190257	0.000544463028782	5.22684507631e-05	4.35570423026e-06	0.000182939577671	5.22684507631e-05	0.000792738169907	5.66241549934e-05	0	4.35570423026e-06	0	0.000130671126908	0	0.000919053592585	2.61342253816e-05	0.000196006690362	0.000283120774967	0.00142867098753	2.17785211513e-05	0.00269618091853	1.30671126908e-05	0.000426859014565	8.71140846052e-05	4.35570423026e-06	4.35570423026e-06	0	0	0.000601087183776	2.61342253816e-05	2.61342253816e-05	1.7422816921e-05	0.000213429507283	4.35570423026e-06	8.71140846052e-06	1.7422816921e-05	6.09798592236e-05	0.000431214718796	1.30671126908e-05	0	4.35570423026e-06	1.7422816921e-05	0.000204718098822	0.000182939577671	7.40469719144e-05	0.000448637535717	0.000213429507283	0.00131542267754	0.000270053662276	4.79127465329e-05	8.27583803749e-05	2.17785211513e-05	0.000196006690362	6.53355634539e-05	2.17785211513e-05	1.7422816921e-05	4.35570423026e-06
8.27583803749e-05	0.000126315422678	6.53355634539e-05	0	8.71140846052e-06	0	0.000431214718796	9.58254930657e-05	0.000413791901875	3.04899296118e-05	0.000104536901526	0.00744825423374	4.79127465329e-05	0.0171484075545	0.000457348944177	8.71140846052e-06	4.35570423026e-05	0.000104536901526	0.000392013380723	0.000357167746881	3.04899296118e-05	7.40469719144e-05	2.61342253816e-05	0.000182939577671	6.53355634539e-05	0.0068079657119	0.00400724789184	0.00295316746812	0.000152449648059	0.000644644226078	0.00016116105652	0.00143302669176	0.000222140915743	0.00016551676075	0.00218220781936	2.61342253816e-05	0.000191650986131	3.48456338421e-05	0	2.17785211513e-05	8.71140846052e-06	4.35570423026e-05	3.92013380723e-05	1.30671126908e-05	9.14697888355e-05	8.71140846052e-05	0.00147658373406	2.17785211513e-05	0.00199926824169	0.000130671126908	0	4.35570423026e-06	2.61342253816e-05	0.000287476479197	0.000104536901526	2.17785211513e-05	5.66241549934e-05	2.17785211513e-05	6.09798592236e-05	0.000130671126908	0.00114990591679	0.00129799986062	0.000631577113388	6.96912676842e-05	0.000204718098822	2.61342253816e-05	0.000213429507283	1.30671126908e-05	0	0.000757892536065	0.000265697958046	0.00114119450833	0.00251324134086	0.00102794619834	9.14697888355e-05	0.000614154296467	0.00142867098753	0.000196006690362	0.000622865704927	0.00099745626873	0.000557530141473	0	3.04899296118e-05	0.000300543591888
0.0153277231863	0.000139382535368	0.00124137570562	0	0.000418147606105	0.000117604014217	0.0093124956443	0.00717384486724	0.0230678096035	0.00105408042372	0.00541414035821	0.00133720119869	0.000984389156039	0.000457348944177	0.0462183775873	0.000209073803052	0.000278765070737	0.000736114014914	0.000130671126908	0.000322322113039	0.000740469719144	0.000892919367203	0.000357167746881	0.00219091922782	0.00134591260715	0.000200362394592	0.00105408042372	0.000566241549934	0.00488710014635	0.0201930448115	0.0082627709248	5.22684507631e-05	0.00615896578159	0.00337567077845	0.00889434803819	0.000100181197296	0.000130671126908	3.92013380723e-05	0	0.000226496619974	0	0.000113248309987	0.000278765070737	0.000113248309987	0.00173357028364	0.000396369084954	2.61342253816e-05	0.00016551676075	9.58254930657e-05	0.000291832183427	8.71140846052e-06	1.30671126908e-05	3.92013380723e-05	4.35570423026e-06	1.7422816921e-05	0.000309255000348	8.27583803749e-05	0.000300543591888	0.000100181197296	0.00206460380514	7.84026761447e-05	0.000139382535368	0.000143738239599	0.000662067043	0.000235208028434	6.96912676842e-05	0	0	2.61342253816e-05	0.000209073803052	0.00152014077636	0.000431214718796	0.00400724789184	0.00148965084675	0.00206460380514	0.00249581852394	0.000187295281901	0.000252630845355	0.000130671126908	0.000252630845355	0.000148093943829	4.35570423026e-06	4.35570423026e-06	3.04899296118e-05
7.40469719144e-05	0.000130671126908	1.30671126908e-05	0	0.000243919436895	0.00131542267754	0.00138511394522	0.000143738239599	0.000818872395289	0.00175970450903	5.66241549934e-05	3.04899296118e-05	0.00138946964945	8.71140846052e-06	0.000209073803052	0.00622430134504	3.92013380723e-05	1.30671126908e-05	4.35570423026e-06	8.71140846052e-06	0.000117604014217	3.92013380723e-05	0.000196006690362	6.96912676842e-05	0.00049655028225	4.35570423026e-06	1.7422816921e-05	0.000148093943829	0.000326677817269	0.000291832183427	0.000191650986131	0	0.000117604014217	0.000152449648059	0.000357167746881	8.71140846052e-06	0	4.35570423026e-06	0	7.84026761447e-05	0	4.35570423026e-06	2.17785211513e-05	4.35570423026e-06	0.000261342253816	3.48456338421e-05	0	0.000108892605756	4.35570423026e-06	8.71140846052e-06	0	8.71140846052e-06	0	0	0	0.000100181197296	1.7422816921e-05	6.09798592236e-05	3.92013380723e-05	0.000191650986131	0	4.35570423026e-06	4.35570423026e-06	7.40469719144e-05	1.30671126908e-05	8.71140846052e-06	4.35570423026e-06	0	4.35570423026e-06	8.71140846052e-06	0.000104536901526	1.30671126908e-05	0.000304899296118	0.000213429507283	0.00330597951077	0.000121959718447	0	8.71140846052e-06	1.30671126908e-05	1.30671126908e-05	4.35570423026e-06	0	0	0
0.000265697958046	0.000557530141473	0.00084500662067	0	4.35570423026e-06	2.17785211513e-05	0.000139382535368	0.000178583873441	0.000182939577671	0.000853718029131	2.17785211513e-05	8.71140846052e-05	4.35570423026e-06	4.35570423026e-05	0.000278765070737	3.92013380723e-05	0.0234903129138	0.000378946268033	1.30671126908e-05	0.000121959718447	0	0.00345842915883	0.00774879782563	0.00854153599554	0.00776186493832	1.30671126908e-05	0.000387657676493	0.0058148651474	0.00375026134225	0.00050961739494	0.00107585894487	0	3.04899296118e-05	0.000296187887658	0.00223447627012	9.58254930657e-05	0.000113248309987	8.71140846052e-05	0	4.35570423026e-05	0	2.17785211513e-05	0.00016116105652	5.22684507631e-05	0.00137640253676	7.84026761447e-05	2.61342253816e-05	4.35570423026e-06	1.7422816921e-05	0.000121959718447	4.35570423026e-06	0.000640288521848	7.40469719144e-05	8.71140846052e-06	3.92013380723e-05	8.71140846052e-06	0.000731758310684	0.0036849257788	0.00156805352289	0.00144609380445	2.17785211513e-05	8.27583803749e-05	0.000348456338421	0.000892919367203	0.000108892605756	0.000178583873441	4.35570423026e-06	0	1.7422816921e-05	0.00016116105652	0.00206895950937	0.000579308662625	0.00261777824239	0.00192522126977	0.000696912676842	0.000365879155342	1.7422816921e-05	0.000592375775315	0.000418147606105	0.000226496619974	0.000178583873441	1.7422816921e-05	0	8.71140846052e-06
0.00136333542407	0.00330597951077	0.00909471043278	0	4.35570423026e-06	4.35570423026e-06	0.000148093943829	0.000609798592236	0.000400724789184	0.000191650986131	5.22684507631e-05	0.000770959648756	1.30671126908e-05	0.000104536901526	0.000736114014914	1.30671126908e-05	0.000378946268033	0.0351766673636	0.000139382535368	0.00754843543104	8.71140846052e-06	0.00177712732595	0.000892919367203	0.0128101261412	0.000252630845355	0.000200362394592	0.0108544149418	0.00897275071434	0.000561885845704	0.00183810718517	0.00426859014565	3.92013380723e-05	1.7422816921e-05	0.000588020071085	0.00940832113736	8.71140846052e-06	0.00306206007387	0.00121088577601	0	1.30671126908e-05	0	1.30671126908e-05	7.84026761447e-05	2.17785211513e-05	0.00017422816921	2.17785211513e-05	0.000108892605756	8.71140846052e-06	3.92013380723e-05	6.09798592236e-05	0	8.27583803749e-05	0.000814516691059	4.79127465329e-05	0.000492194578019	1.30671126908e-05	0.000182939577671	0.000731758310684	0.000797093874138	0.000209073803052	0.000196006690362	0.00186859711478	0.00140253676214	0.000139382535368	3.92013380723e-05	3.92013380723e-05	1.7422816921e-05	0	4.35570423026e-06	0.000474771761098	0.00171179176249	0.00114990591679	0.00440797268102	0.0021734964109	0.000435570423026	0.000357167746881	6.96912676842e-05	0.000548818733013	0.000400724789184	0.000553174437243	0.00016987246498	0	0	1.30671126908e-05
3.92013380723e-05	6.09798592236e-05	3.48456338421e-05	0	0	0	0.000113248309987	8.71140846052e-06	0.00016551676075	0	8.71140846052e-06	0.00439926127256	8.71140846052e-06	0.000392013380723	0.000130671126908	4.35570423026e-06	1.30671126908e-05	0.000139382535368	0.00780542198063	0.00289654331312	0	8.71140846052e-06	2.17785211513e-05	8.27583803749e-05	1.7422816921e-05	0.000618510000697	0.00458220085023	0.000466060352638	3.04899296118e-05	0.000252630845355	4.79127465329e-05	0.000130671126908	7.84026761447e-05	3.48456338421e-05	0.00117168443794	4.35570423026e-06	6.53355634539e-05	1.7422816921e-05	0	0	0	4.35570423026e-06	0	0	1.30671126908e-05	8.71140846052e-06	0.000248275141125	4.35570423026e-06	0.000113248309987	8.71140846052e-06	0	4.35570423026e-06	1.30671126908e-05	0.000152449648059	8.71140846052e-05	0	4.35570423026e-06	2.17785211513e-05	4.35570423026e-06	8.71140846052e-06	0.000322322113039	0.000487838873789	0.000291832183427	0	1.7422816921e-05	0	6.53355634539e-05	0	0	7.84026761447e-05	0.000283120774967	0.000648999930309	0.000749181127605	0.000148093943829	1.7422816921e-05	2.17785211513e-05	6.09798592236e-05	5.22684507631e-05	0.000100181197296	9.14697888355e-05	1.30671126908e-05	0	0	0
0.000252630845355	0.00118475155063	0.000588020071085	0	8.71140846052e-06	0	0.000265697958046	0.000100181197296	0.000348456338421	5.22684507631e-05	6.09798592236e-05	0.00601087183776	2.17785211513e-05	0.000357167746881	0.000322322113039	8.71140846052e-06	0.000121959718447	0.00754843543104	0.00289654331312	0.0245792389714	4.35570423026e-06	0.000322322113039	0.000213429507283	0.00120217436755	7.40469719144e-05	0.000727402606453	0.0145393407206	0.00383301972263	0.000156805352289	0.000818872395289	0.000705624085302	0.000156805352289	6.53355634539e-05	0.000217785211513	0.00766168374103	8.71140846052e-06	0.00154191929751	0.000191650986131	0	8.71140846052e-06	0	8.71140846052e-06	3.92013380723e-05	0	6.96912676842e-05	1.7422816921e-05	0.000300543591888	8.71140846052e-06	6.09798592236e-05	1.30671126908e-05	0	3.04899296118e-05	0.000143738239599	0.000196006690362	0.000679489859921	4.35570423026e-06	4.79127465329e-05	9.58254930657e-05	0.000117604014217	7.40469719144e-05	0.000862429437591	0.0018424628894	0.00066642274723	6.09798592236e-05	1.7422816921e-05	1.7422816921e-05	3.48456338421e-05	0	0	0.000317966408809	0.0015549864102	0.00162467767789	0.00310126141195	0.00102359049411	0.000121959718447	9.58254930657e-05	6.53355634539e-05	0.000235208028434	0.000252630845355	0.000418147606105	9.14697888355e-05	4.35570423026e-06	0	4.35570423026e-06
0.000182939577671	4.35570423026e-06	8.71140846052e-06	0	0.00635061676772	8.71140846052e-06	0.00172050317095	0.000365879155342	0.00131106697331	0.000858073733361	0.00309690570771	3.04899296118e-05	0.00918182451739	3.04899296118e-05	0.000740469719144	0.000117604014217	0	8.71140846052e-06	0	4.35570423026e-06	0.0165081190327	0	4.35570423026e-06	2.17785211513e-05	0.00353683183497	4.35570423026e-06	2.61342253816e-05	2.17785211513e-05	0.00216914070667	0.000383301972263	1.30671126908e-05	0	0.000121959718447	3.48456338421e-05	0.000418147606105	3.92013380723e-05	0	4.35570423026e-06	0	0.000862429437591	0	0.000222140915743	8.71140846052e-06	5.66241549934e-05	0.000322322113039	0.000570597254164	0	0.00111506028295	1.30671126908e-05	0.000143738239599	3.04899296118e-05	0	0	0	0	0.000762248240295	0	8.71140846052e-06	4.35570423026e-06	0.000352812042651	0	4.35570423026e-06	4.35570423026e-06	0.000139382535368	0.000117604014217	8.71140846052e-06	0	4.35570423026e-06	8.71140846052e-06	5.22684507631e-05	5.66241549934e-05	3.04899296118e-05	0.000213429507283	7.40469719144e-05	0.000304899296118	0.000130671126908	2.17785211513e-05	2.17785211513e-05	8.71140846052e-06	4.35570423026e-05	2.61342253816e-05	4.35570423026e-06	0	4.35570423026e-06
0.00145916091714	0.000317966408809	0.00102794619834	0	0	8.71140846052e-06	0.00016116105652	0.00144173810022	0.000535751620322	0.000252630845355	4.35570423026e-05	0.000135026831138	1.30671126908e-05	7.40469719144e-05	0.000892919367203	3.92013380723e-05	0.00345842915883	0.00177712732595	8.71140846052e-06	0.000322322113039	0	0.0337044393338	0.00164210049481	0.0185596557251	0.00116297302948	4.35570423026e-05	0.000553174437243	0.000910342184124	0.00346278486306	0.00211251655168	0.0122700188166	4.35570423026e-06	3.92013380723e-05	0.00106714753641	0.00778364345947	7.40469719144e-05	0.000196006690362	0.000113248309987	0	2.17785211513e-05	0	8.71140846052e-06	0.000108892605756	1.30671126908e-05	0.000731758310684	3.04899296118e-05	1.7422816921e-05	0	1.7422816921e-05	6.96912676842e-05	0	0.000213429507283	9.14697888355e-05	1.30671126908e-05	2.61342253816e-05	1.7422816921e-05	0.000448637535717	0.00185117429786	0.000370234859572	0.000770959648756	3.48456338421e-05	0.00016987246498	0.000178583873441	0.000679489859921	6.96912676842e-05	0.000139382535368	0	0	1.30671126908e-05	0.000104536901526	0.00119346295909	0.000474771761098	0.00415098613144	0.00187730852324	0.000631577113388	0.000439926127256	6.09798592236e-05	0.000418147606105	0.000326677817269	0.000152449648059	9.58254930657e-05	4.35570423026e-06	0	8.71140846052e-06
0.000413791901875	0.00371106000418	0.00210380514322	0	1.7422816921e-05	2.61342253816e-05	0.000135026831138	0.000187295281901	0.000256986549585	0.00340180500383	4.35570423026e-05	0.000117604014217	3.48456338421e-05	2.61342253816e-05	0.000357167746881	0.000196006690362	0.00774879782563	0.000892919367203	2.17785211513e-05	0.000213429507283	4.35570423026e-06	0.00164210049481	0.0283120774967	0.00526169071015	0.00653791204962	4.79127465329e-05	0.00100616767719	0.00880287824936	0.00172921457941	0.000879852254513	0.00159418774828	8.71140846052e-06	1.7422816921e-05	0.000588020071085	0.00285734197505	6.09798592236e-05	0.00106279183218	0.000300543591888	0	0.000113248309987	0	8.71140846052e-06	0.000187295281901	5.22684507631e-05	0.00171179176249	7.40469719144e-05	4.79127465329e-05	2.61342253816e-05	3.04899296118e-05	0.000135026831138	4.35570423026e-06	0.00135462401561	0.000296187887658	2.17785211513e-05	6.09798592236e-05	3.48456338421e-05	0.00131106697331	0.00861993867168	0.00300979162311	0.00193393267824	6.96912676842e-05	0.000252630845355	0.00182504007248	0.00127186563524	9.14697888355e-05	0.000270053662276	1.30671126908e-05	0	1.30671126908e-05	0.000396369084954	0.00312739563733	0.00084065091644	0.0025045299324	0.00187295281901	0.000910342184124	0.000322322113039	1.7422816921e-05	0.00116732873371	0.000736114014914	0.000487838873789	0.000304899296118	2.17785211513e-05	4.35570423026e-06	1.30671126908e-05
0.00375897275071	0.00150271795944	0.0206503937557	0	3.04899296118e-05	3.04899296118e-05	0.000596731479546	0.00381124120148	0.00192957697401	0.000413791901875	0.000113248309987	0.000574952958394	3.04899296118e-05	0.000182939577671	0.00219091922782	6.96912676842e-05	0.00854153599554	0.0128101261412	8.27583803749e-05	0.00120217436755	2.17785211513e-05	0.0185596557251	0.00526169071015	0.0768084883964	0.00181197295979	0.000108892605756	0.00314481845425	0.0148834413548	0.00424245592027	0.00358038887727	0.0113640323367	2.61342253816e-05	0.000143738239599	0.00110634887449	0.0121916161405	8.27583803749e-05	0.00106279183218	0.000609798592236	0	6.96912676842e-05	0	2.61342253816e-05	0.000248275141125	4.35570423026e-05	0.000936476409506	0.000113248309987	6.96912676842e-05	8.71140846052e-06	4.35570423026e-05	0.000108892605756	0	0.00158983204404	0.000535751620322	2.17785211513e-05	0.000143738239599	6.53355634539e-05	0.00159854345251	0.00838908634748	0.00463882500523	0.00117604014217	9.58254930657e-05	0.000583664366855	0.00234336887588	0.00107585894487	8.71140846052e-05	0.000243919436895	8.71140846052e-06	0	2.17785211513e-05	0.000557530141473	0.00513973099171	0.00205153669245	0.0125705624085	0.00767475085372	0.0024609728901	0.00163774479058	0.000156805352289	0.00141995957906	0.00084500662067	0.000705624085302	0.000413791901875	0	0	2.17785211513e-05
0.00109763746603	0.000853718029131	0.000518328803401	0	0.00920795874277	2.17785211513e-05	0.000692556972611	0.00259599972123	0.00120653007178	0.00749616698028	0.000927765001045	0.000108892605756	0.00302721444003	6.53355634539e-05	0.00134591260715	0.00049655028225	0.00776186493832	0.000252630845355	1.7422816921e-05	7.40469719144e-05	0.00353683183497	0.00116297302948	0.00653791204962	0.00181197295979	0.0432042302599	2.17785211513e-05	0.000405080493414	0.00210380514322	0.0151622064255	0.00269618091853	0.00301414732734	1.30671126908e-05	0.000104536901526	0.00197748972054	0.00373719422956	0.000256986549585	0.000126315422678	5.66241549934e-05	0	0.00175970450903	0	0.000113248309987	0.000596731479546	0.000235208028434	0.00616332148582	0.000766603944526	1.30671126908e-05	0.00111070457872	2.17785211513e-05	0.000518328803401	2.17785211513e-05	0.000135026831138	6.09798592236e-05	4.35570423026e-06	1.7422816921e-05	0.00163774479058	0.000431214718796	0.00158547633981	0.000492194578019	0.00626785838734	1.30671126908e-05	8.27583803749e-05	0.000200362394592	0.00209073803052	0.000365879155342	0.000274409366506	0	1.30671126908e-05	6.53355634539e-05	0.000383301972263	0.00173792598787	0.000283120774967	0.00216914070667	0.00122830859293	0.00138946964945	0.000452993239947	7.40469719144e-05	0.000757892536065	0.000317966408809	0.000418147606105	0.000278765070737	3.04899296118e-05	1.7422816921e-05	2.17785211513e-05
2.61342253816e-05	0.000858073733361	6.96912676842e-05	0	4.35570423026e-06	4.35570423026e-06	0.000213429507283	3.04899296118e-05	0.000230852324204	1.7422816921e-05	6.53355634539e-05	0.00683845564151	1.30671126908e-05	0.0068079657119	0.000200362394592	4.35570423026e-06	1.30671126908e-05	0.000200362394592	0.000618510000697	0.000727402606453	4.35570423026e-06	4.35570423026e-05	4.79127465329e-05	0.000108892605756	2.17785211513e-05	0.018158930936	0.00546205310475	0.00274844936929	3.92013380723e-05	0.000387657676493	7.40469719144e-05	0.000897275071434	0.000121959718447	3.92013380723e-05	0.00166387901596	1.30671126908e-05	0.000744825423374	6.53355634539e-05	0	0	0	2.17785211513e-05	1.30671126908e-05	8.71140846052e-06	8.71140846052e-06	3.92013380723e-05	0.00326242246846	1.30671126908e-05	0.00196442260785	8.27583803749e-05	0	1.30671126908e-05	6.09798592236e-05	0.000814516691059	0.000392013380723	4.35570423026e-06	3.48456338421e-05	3.48456338421e-05	6.09798592236e-05	1.7422816921e-05	0.00385479824378	0.00338438218691	0.00187730852324	3.92013380723e-05	0.000143738239599	1.30671126908e-05	0.00049655028225	4.35570423026e-06	4.35570423026e-06	0.00084500662067	0.000291832183427	0.00138075824099	0.00125879852255	0.000196006690362	5.22684507631e-05	3.48456338421e-05	0.000479127465329	0.000265697958046	0.000805805282598	0.000901630775664	0.000143738239599	0	0	8.27583803749e-05
0.000975677747578	0.00558401282319	0.00857202592515	0	8.71140846052e-06	1.7422816921e-05	0.000792738169907	0.000487838873789	0.00106714753641	0.000322322113039	0.000130671126908	0.0120130322671	6.09798592236e-05	0.00400724789184	0.00105408042372	1.7422816921e-05	0.000387657676493	0.0108544149418	0.00458220085023	0.0145393407206	2.61342253816e-05	0.000553174437243	0.00100616767719	0.00314481845425	0.000405080493414	0.00546205310475	0.0752099449439	0.0232638162938	0.000426859014565	0.0021734964109	0.00223012056589	0.00304463725695	0.000217785211513	0.00049655028225	0.0113074081818	4.35570423026e-05	0.00667729458499	0.00118475155063	0	4.79127465329e-05	0	1.7422816921e-05	0.000121959718447	3.04899296118e-05	0.000226496619974	6.53355634539e-05	0.0018860199317	1.30671126908e-05	0.000648999930309	0.000113248309987	0	6.53355634539e-05	0.000827583803749	0.000984389156039	0.00239128162241	2.61342253816e-05	0.00016987246498	0.000457348944177	0.00066642274723	0.000256986549585	0.00476949613213	0.00824970381211	0.00398546937069	0.000182939577671	0.000135026831138	5.66241549934e-05	0.000235208028434	0	0	0.00149836225521	0.00399853648338	0.0048217645829	0.00714335493763	0.00235643598857	0.00033974492996	0.000226496619974	0.000243919436895	0.000971322043348	0.00119781866332	0.00175534880479	0.000370234859572	4.35570423026e-06	8.71140846052e-06	2.17785211513e-05
0.000557530141473	0.0129451529723	0.0165255418496	0	4.35570423026e-06	2.17785211513e-05	0.00033974492996	0.000278765070737	0.000474771761098	0.00129364415639	7.40469719144e-05	0.00239128162241	7.40469719144e-05	0.00295316746812	0.000566241549934	0.000148093943829	0.0058148651474	0.00897275071434	0.000466060352638	0.00383301972263	2.17785211513e-05	0.000910342184124	0.00880287824936	0.0148834413548	0.00210380514322	0.00274844936929	0.0232638162938	0.0808941389644	0.00100616767719	0.00126315422678	0.00162032197366	0.000374590563802	0.000117604014217	0.000422503310335	0.00880723395359	6.09798592236e-05	0.00631141542965	0.00163774479058	0	2.61342253816e-05	0	2.61342253816e-05	0.00017422816921	4.35570423026e-05	0.000348456338421	6.96912676842e-05	0.000474771761098	4.35570423026e-06	0.000130671126908	0.000143738239599	4.35570423026e-06	0.000788382465677	0.00119346295909	0.000222140915743	0.00111941598718	3.04899296118e-05	0.000866785141822	0.00487403303366	0.00323628824308	0.00050090598648	0.00141560387483	0.00413356331452	0.00400289218761	0.000448637535717	0.000113248309987	0.000100181197296	2.17785211513e-05	0	4.35570423026e-06	0.00106279183218	0.00612847585198	0.00376332845494	0.0082192138825	0.00426859014565	0.00107150324064	0.000601087183776	0.000117604014217	0.00118910725486	0.000984389156039	0.00121524148024	0.000439926127256	4.35570423026e-06	0	2.61342253816e-05
0.00416840894836	0.000278765070737	0.00105408042372	0	0.00943445536274	3.04899296118e-05	0.0027353822566	0.0208246219249	0.00605007317583	0.00460397937138	0.00701703951495	0.000217785211513	0.00103230190257	0.000152449648059	0.00488710014635	0.000326677817269	0.00375026134225	0.000561885845704	3.04899296118e-05	0.000156805352289	0.00216914070667	0.00346278486306	0.00172921457941	0.00424245592027	0.0151622064255	3.92013380723e-05	0.000426859014565	0.00100616767719	0.0667337445118	0.00812774409367	0.0120217436755	4.35570423026e-06	0.000313610704579	0.00500034845634	0.00917311310893	0.000422503310335	8.71140846052e-05	6.09798592236e-05	0	0.0048217645829	4.35570423026e-06	0.0003310335215	0.000779671057217	0.000278765070737	0.00772266360025	0.00280942922852	2.61342253816e-05	0.00270924803122	3.92013380723e-05	0.00067513415569	3.48456338421e-05	0.000104536901526	7.40469719144e-05	8.71140846052e-06	8.71140846052e-06	0.00463882500523	0.00033538922573	0.00105843612795	0.000400724789184	0.00828454944595	1.7422816921e-05	9.14697888355e-05	0.000152449648059	0.00277458359468	0.000622865704927	0.000270053662276	0	2.61342253816e-05	8.27583803749e-05	0.000544463028782	0.00274409366506	0.000483483169559	0.00543156317513	0.00249146281971	0.00185988570632	0.00141560387483	0.000148093943829	0.000749181127605	0.000278765070737	0.000548818733013	0.000300543591888	3.48456338421e-05	3.48456338421e-05	1.7422816921e-05
0.0121524148024	0.000357167746881	0.00131977838177	0	0.00050526169071	0.000130671126908	0.00557530141473	0.00653355634539	0.00937783120775	0.00224318767858	0.00250888563663	0.00241306014356	0.000544463028782	0.000644644226078	0.0201930448115	0.000291832183427	0.00050961739494	0.00183810718517	0.000252630845355	0.000818872395289	0.000383301972263	0.00211251655168	0.000879852254513	0.00358038887727	0.00269618091853	0.000387657676493	0.0021734964109	0.00126315422678	0.00812774409367	0.0544942156248	0.0198837898111	5.66241549934e-05	0.00494808000558	0.0157023137501	0.0218699909401	0.000413791901875	0.000287476479197	0.000104536901526	0	0.000439926127256	4.35570423026e-06	0.000187295281901	0.000784026761447	0.000274409366506	0.00496114711827	0.000736114014914	8.27583803749e-05	0.000213429507283	0.000148093943829	0.00066642274723	1.7422816921e-05	6.53355634539e-05	0.000113248309987	3.04899296118e-05	3.48456338421e-05	0.000435570423026	0.000217785211513	0.000744825423374	0.000304899296118	0.00516586521709	0.000139382535368	0.000265697958046	0.000270053662276	0.00201233535438	0.000596731479546	0.000187295281901	4.35570423026e-06	2.61342253816e-05	9.58254930657e-05	0.000513973099171	0.00333211373615	0.000871140846052	0.0105756498711	0.00376332845494	0.00324064394731	0.00363265732804	0.000348456338421	0.000705624085302	0.00033538922573	0.000566241549934	0.000326677817269	1.30671126908e-05	1.30671126908e-05	6.53355634539e-05
