0.0171889121257	4.36599241191e-06	2.18299620595e-05	0	2.18299620595e-05	4.36599241191e-05	0.0020520164336	0.00505145322057	0.00324829835446	0.000261959544714	0.000650532869374	1.74639696476e-05	0.000515187104605	4.8025916531e-05	0.00348842793711	0.000410403286719	0.000104783817886	3.49279392952e-05	4.36599241191e-06	4.36599241191e-06	0.00016154171924	0.000209567635771	0.000157175726829	0.000222665613007	0.000759682679672	0	1.30979772357e-05	3.05619468833e-05	0.000702924778317	0.00701614980593	0.00356701580053	0	4.36599241191e-06	0.00172020101029	0.0024187597962	4.36599241191e-06	4.36599241191e-06	4.36599241191e-06	0	0	0	0	1.30979772357e-05	0	6.54898861786e-05	0	0	4.36599241191e-06	0	0	0	2.18299620595e-05	0	0	0	0	8.73198482381e-06	5.23919089429e-05	1.30979772357e-05	2.18299620595e-05	0	4.36599241191e-06	4.36599241191e-06	3.49279392952e-05	4.36599241191e-06	1.74639696476e-05	0	0	4.36599241191e-06	0	0.00125740581463	0.000148443742005	0.00123120986016	0.000484625157721	0.000619970922491	3.05619468833e-05	0	8.73198482381e-06	0	0	0	0	0	0
4.36599241191e-06	0.0146086106102	0.00220482616801	0	0	0	4.36599241191e-06	3.05619468833e-05	4.36599241191e-06	5.67579013548e-05	8.73198482381e-06	0.000379841339836	0	0.000135345764769	0	8.73198482381e-06	9.60518330619e-05	0.00107840012574	5.23919089429e-05	0.000637434892138	0	0.000179005688888	0.0019428666233	0.000807708596202	3.05619468833e-05	0.000471527180486	0.00314788052898	0.00621717319455	5.23919089429e-05	4.36599241191e-06	4.36599241191e-05	4.36599241191e-06	0	0	0.000969250315443	0	0.00227031605419	0.000222665613007	0	0	0	0	4.36599241191e-06	0	4.36599241191e-06	0	7.85878634143e-05	0	0.0001833716813	4.36599241191e-06	0	3.05619468833e-05	0.000144077749593	2.18299620595e-05	0.000117881795121	0	8.73198482381e-06	0.000157175726829	0.000122247787533	0	0.000864466497557	0.000820806573438	0.00133599367804	4.36599241191e-06	8.73198482381e-06	8.73198482381e-06	4.36599241191e-06	0	0	5.23919089429e-05	0.000401671301895	0.00100854424715	0.000764048672083	0.000301253476421	3.92939317071e-05	2.18299620595e-05	8.73198482381e-06	9.60518330619e-05	0.000423501263955	9.60518330619e-05	4.36599241191e-05	0	0	8.73198482381e-06
2.18299620595e-05	0.00220482616801	0.0276105360129	0	0	4.36599241191e-06	1.74639696476e-05	8.73198482381e-05	2.18299620595e-05	3.92939317071e-05	1.30979772357e-05	0.000218299620595	4.36599241191e-06	6.11238937667e-05	1.74639696476e-05	3.05619468833e-05	0.000314351453657	0.00309112262763	4.36599241191e-05	0.000309985461245	0	0.0013578236401	0.00120501390569	0.00849622123357	8.73198482381e-05	1.30979772357e-05	0.00559283627965	0.00980165296473	0.000279423514362	6.11238937667e-05	0.000515187104605	0	8.73198482381e-06	3.49279392952e-05	0.00357574778535	4.36599241191e-06	0.00110896207262	0.000148443742005	0	0	0	0	8.73198482381e-06	0	8.73198482381e-06	0	2.61959544714e-05	0	3.49279392952e-05	0	0	3.49279392952e-05	8.73198482381e-05	0	5.67579013548e-05	0	1.30979772357e-05	0.000196469658536	0.000117881795121	4.36599241191e-06	0.000148443742005	0.00029688748401	0.000598140960431	4.36599241191e-06	0	1.74639696476e-05	0	0	0	1.30979772357e-05	0.00203455246395	0.00266762136367	0.00281606510568	0.00107840012574	0.00020520164336	3.49279392952e-05	8.73198482381e-06	7.42218710024e-05	0.000209567635771	4.8025916531e-05	8.73198482381e-06	0	0	0
0	0	0	0	0	0	0	0	0	0	0	0	0	0	0	0	0	0	0	0	0	0	0	0	0	0	0	0	0	0	0	0	0	0	0	0	0	0	0	0	0	0	0	0	0	0	0	0	0	0	0	0	0	0	0	0	0	0	0	0	0	0	0	0	0	0	0	0	0	0	0	0	0	0	0	0	0	0	0	0	0	0	0	0
2.18299620595e-05	0	0	0	0.00771034259942	0	0.00020520164336	0.000349279392952	8.29538558262e-05	8.29538558262e-05	0.00327886030134	0	0.00133599367804	0	1.30979772357e-05	1.30979772357e-05	0	0	0	0	0.00410403286719	8.73198482381e-06	4.36599241191e-06	1.30979772357e-05	0.00153682932899	0	0	4.36599241191e-06	0.00261522945473	8.73198482381e-06	3.49279392952e-05	0	0	8.73198482381e-06	3.49279392952e-05	4.36599241191e-06	0	0	0	0.00127923577669	0	0	8.73198482381e-06	0	4.36599241191e-06	0	0	4.36599241191e-06	0	0	0	4.36599241191e-06	0	0	0	6.54898861786e-05	4.36599241191e-06	4.36599241191e-06	0	7.42218710024e-05	0	0	0	1.74639696476e-05	0	4.36599241191e-06	0	0	0	4.36599241191e-06	1.74639696476e-05	4.36599241191e-06	1.74639696476e-05	8.73198482381e-06	1.30979772357e-05	0	0	0	0	0	0	0	0	0
4.36599241191e-05	0	4.36599241191e-06	0	0	0.00521736093223	0.00279423514362	2.18299620595e-05	0.00181188685094	0	8.73198482381e-06	3.92939317071e-05	8.73198482381e-06	0.000192103666124	0.000890662452029	0.000523919089429	0	8.73198482381e-06	0	8.73198482381e-06	0	0	4.36599241191e-06	4.36599241191e-06	4.36599241191e-06	0	2.18299620595e-05	4.36599241191e-06	4.36599241191e-06	0.000624336914902	1.74639696476e-05	0	0.00185118078265	8.73198482381e-06	0.000689826801081	0	0	0	0	0	0	0	0	0	0	0	0	0	0	0	0	0	0	0	0	0	0	0	0	0	0	0	0	0	0	0	0	0	0	0	4.36599241191e-05	4.36599241191e-06	0.0001833716813	2.18299620595e-05	0.000519553097017	0.000541383059076	0	0	0	0	0	0	0	0
0.0020520164336	4.36599241191e-06	1.74639696476e-05	0	0.00020520164336	0.00279423514362	0.0431229070524	0.00373292351218	0.0197735796335	0.000257593552302	0.0125827901311	6.54898861786e-05	0.00787188431867	0.000375475347424	0.00674109228398	0.00306056068075	3.49279392952e-05	2.61959544714e-05	0	2.18299620595e-05	0.00158048925311	5.23919089429e-05	4.36599241191e-05	5.23919089429e-05	0.000742218710024	0	1.74639696476e-05	3.49279392952e-05	0.00102164222439	0.00306056068075	0.000436599241191	0	0.00116135398157	0.000292521491598	0.00239692983414	0	0	0	0	3.05619468833e-05	0	0	4.36599241191e-06	0	5.67579013548e-05	0	0	6.54898861786e-05	0	0	0	8.73198482381e-06	0	0	0	1.30979772357e-05	0	1.74639696476e-05	4.36599241191e-06	2.18299620595e-05	0	0	4.36599241191e-06	1.30979772357e-05	0	0	0	0	0	0	0.000528285081841	6.98558785905e-05	0.00106093615609	0.000340547408129	0.000737852717612	0.000401671301895	4.36599241191e-06	4.36599241191e-06	0	0	0	4.36599241191e-06	0	0
0.00505145322057	3.05619468833e-05	8.73198482381e-05	0	0.000349279392952	2.18299620595e-05	0.00373292351218	0.0448867679868	0.00392066118589	0.00247988368996	0.00636561693656	4.36599241191e-06	0.0015411953214	1.74639696476e-05	0.0026414254092	0.000331815423305	0.000484625157721	6.98558785905e-05	4.36599241191e-06	1.30979772357e-05	0.00113952401951	0.0009168584065	0.000615604930079	0.000685460808669	0.00926900189047	0	5.67579013548e-05	0.000144077749593	0.0119104272997	0.00159795322276	0.0111114506883	0	1.74639696476e-05	0.000812074588614	0.00287718899945	4.36599241191e-05	4.36599241191e-06	4.36599241191e-06	0	2.18299620595e-05	0	0	0.00011351580271	0	0.000541383059076	4.36599241191e-06	0	2.18299620595e-05	0	8.73198482381e-06	4.36599241191e-06	8.73198482381e-05	4.36599241191e-06	0	0	1.30979772357e-05	4.8025916531e-05	0.0001833716813	5.23919089429e-05	0.000327449430893	4.36599241191e-06	4.36599241191e-06	1.30979772357e-05	0.000165907711652	2.61959544714e-05	0.00011351580271	0	0	8.73198482381e-06	3.05619468833e-05	0.00182935082059	0.000384207332248	0.00149753539728	0.000685460808669	0.00066363084661	6.11238937667e-05	0	3.92939317071e-05	1.30979772357e-05	2.18299620595e-05	8.73198482381e-06	4.36599241191e-06	0	0
0.00324829835446	4.36599241191e-06	2.18299620595e-05	0	8.29538558262e-05	0.00181188685094	0.0197735796335	0.00392066118589	0.0394161794947	0.000179005688888	0.00357138179294	0.000104783817886	0.00211314032736	0.000336181415717	0.0170317363988	0.00175512894959	4.36599241191e-05	4.36599241191e-05	0	3.49279392952e-05	0.000423501263955	8.29538558262e-05	4.36599241191e-05	8.73198482381e-05	0.00066363084661	8.73198482381e-06	3.05619468833e-05	3.49279392952e-05	0.0005501150439	0.0044751422222	0.000637434892138	0	0.00147570543522	0.000379841339836	0.00285535903739	4.36599241191e-06	0	0	0	4.36599241191e-06	0	0	4.36599241191e-06	0	3.92939317071e-05	0	0	1.74639696476e-05	0	0	0	4.36599241191e-06	0	0	0	0	0	1.74639696476e-05	4.36599241191e-06	2.18299620595e-05	0	0	4.36599241191e-06	2.18299620595e-05	0	4.36599241191e-06	0	0	0	0	0.000637434892138	9.168584065e-05	0.00127050379186	0.000414769279131	0.000711656763141	0.000401671301895	8.73198482381e-06	8.73198482381e-06	0	0	0	4.36599241191e-06	0	0
0.000261959544714	5.67579013548e-05	3.92939317071e-05	0	8.29538558262e-05	0	0.000257593552302	0.00247988368996	0.000179005688888	0.0170884943002	0.000279423514362	0	0.00155429329864	4.36599241191e-06	0.000109149810298	0.000375475347424	0.000445331226014	1.30979772357e-05	0	4.36599241191e-06	0.000179005688888	0.000248861567479	0.00335744816476	0.000257593552302	0.0102644481604	0	8.73198482381e-06	0.000283789506774	0.00213933628183	0.000144077749593	0.000851368520322	0	4.36599241191e-06	8.73198482381e-05	0.000619970922491	7.85878634143e-05	1.30979772357e-05	1.30979772357e-05	0	3.92939317071e-05	0	1.74639696476e-05	0.0003667433626	4.36599241191e-06	0.00228778002384	2.18299620595e-05	4.36599241191e-06	2.61959544714e-05	4.36599241191e-06	3.05619468833e-05	8.73198482381e-06	0.000344913400541	1.74639696476e-05	0	0	3.49279392952e-05	0.000170273704064	0.000873198482381	0.000227031605419	0.00115698798915	0	0	4.8025916531e-05	0.000615604930079	6.54898861786e-05	0.000432233248779	0	0	4.36599241191e-05	0.00016154171924	0.000541383059076	0.000187737673712	0.000371109355012	0.000179005688888	0.000838270543086	8.73198482381e-06	0	0.000130979772357	5.23919089429e-05	4.8025916531e-05	3.05619468833e-05	3.05619468833e-05	0	8.73198482381e-06
0.000650532869374	8.73198482381e-06	1.30979772357e-05	0	0.00327886030134	8.73198482381e-06	0.0125827901311	0.00636561693656	0.00357138179294	0.000279423514362	0.0412193343608	8.73198482381e-06	0.0126439140249	4.36599241191e-06	0.000702924778317	0.000248861567479	1.74639696476e-05	4.36599241191e-06	0	0	0.00809018393926	1.30979772357e-05	1.74639696476e-05	1.30979772357e-05	0.0013185297084	0	0	1.30979772357e-05	0.00740035713818	0.000222665613007	0.000231397597831	0	0	8.73198482381e-05	0.00027505752195	0	0	0	0	0.000685460808669	0	0	1.74639696476e-05	0	4.8025916531e-05	4.36599241191e-06	0	0.00038857332466	0	0	0	0	0	0	0	5.23919089429e-05	4.36599241191e-06	0	4.36599241191e-06	1.74639696476e-05	0	0	0	1.30979772357e-05	0	8.73198482381e-06	0	0	0	0	0.000144077749593	1.74639696476e-05	0.000165907711652	6.54898861786e-05	0.000117881795121	4.36599241191e-06	0	4.36599241191e-06	4.36599241191e-06	0	0	0	0	0
1.74639696476e-05	0.000379841339836	0.000218299620595	0	0	3.92939317071e-05	6.54898861786e-05	4.36599241191e-06	0.000104783817886	0	8.73198482381e-06	0.0286059822828	8.73198482381e-06	0.00630012705038	0.00011351580271	1.74639696476e-05	1.30979772357e-05	0.0015761232607	0.0037765834363	0.00863593299075	0	6.11238937667e-05	1.30979772357e-05	0.000170273704064	4.36599241191e-06	0.00140584955663	0.00896338242164	0.00192103666124	1.30979772357e-05	0.000227031605419	1.74639696476e-05	0.000384207332248	2.18299620595e-05	0	0.00706854171487	0	0.000122247787533	4.36599241191e-06	0	0	0	0	0	0	0	0	0.000253227559891	0	0.00048025916531	0	0	0	0	8.73198482381e-06	5.23919089429e-05	0	0	4.36599241191e-06	0	0	0.00084700252791	0.00027505752195	0.000266325537126	0	0	0	4.36599241191e-06	0	0	8.73198482381e-06	0.000436599241191	0.00209567635771	0.0033006902634	0.000545749051488	3.49279392952e-05	3.92939317071e-05	0.000510821112193	8.73198482381e-06	0.000174639696476	4.8025916531e-05	1.74639696476e-05	0	0	2.18299620595e-05
0.000515187104605	0	4.36599241191e-06	0	0.00133599367804	8.73198482381e-06	0.00787188431867	0.0015411953214	0.00211314032736	0.00155429329864	0.0126439140249	8.73198482381e-06	0.0337316573744	0	0.000589408975607	0.00110896207262	1.30979772357e-05	0	0	0	0.00804215802273	1.74639696476e-05	1.30979772357e-05	4.36599241191e-06	0.00160668520758	0	0	4.36599241191e-06	0.000925590391324	0.000248861567479	0.000139711757181	0	1.74639696476e-05	9.60518330619e-05	0.000292521491598	1.30979772357e-05	0	0	0	0.000506455119781	0	1.74639696476e-05	3.05619468833e-05	4.36599241191e-06	0.000126613779945	2.61959544714e-05	0	0.00223102212248	0	1.30979772357e-05	8.73198482381e-06	4.36599241191e-06	0	0	0	0.000580676990783	0	1.30979772357e-05	8.73198482381e-06	0.00027505752195	0	0	0	4.36599241191e-05	4.36599241191e-06	1.30979772357e-05	0	0	0	4.36599241191e-06	0.00016154171924	0	0.000187737673712	5.23919089429e-05	0.00066363084661	1.74639696476e-05	0	0	0	4.36599241191e-06	0	4.36599241191e-06	0	0
4.8025916531e-05	0.000135345764769	6.11238937667e-05	0	0	0.000192103666124	0.000375475347424	1.74639696476e-05	0.000336181415717	4.36599241191e-06	4.36599241191e-06	0.00630012705038	0	0.0153988552368	0.000362377370188	3.92939317071e-05	8.73198482381e-06	0.000139711757181	0.000318717446069	0.000881930467205	0	2.61959544714e-05	4.36599241191e-06	6.11238937667e-05	2.18299620595e-05	0.00152809734417	0.00309112262763	0.00182061883576	2.61959544714e-05	0.000484625157721	3.49279392952e-05	0.000860100505145	0.000144077749593	1.74639696476e-05	0.00183808280541	0	3.05619468833e-05	0	0	0	0	0	0	0	0	0	0.000314351453657	0	0.0015761232607	0	0	0	0	1.30979772357e-05	1.30979772357e-05	0	4.36599241191e-06	8.73198482381e-06	4.36599241191e-06	0	0.000523919089429	0.000152809734417	0.000135345764769	0	0	0	4.36599241191e-06	0	0	8.73198482381e-06	0.000244495575067	0.000877564474793	0.00141894753387	0.000488991150133	0.000117881795121	0.000323083438481	0.000392939317071	4.36599241191e-06	0.000122247787533	7.42218710024e-05	1.30979772357e-05	0	0	8.73198482381e-05
0.00348842793711	0	1.74639696476e-05	0	1.30979772357e-05	0.000890662452029	0.00674109228398	0.0026414254092	0.0170317363988	0.000109149810298	0.000702924778317	0.00011351580271	0.000589408975607	0.000362377370188	0.0271783027641	0.000908126421676	1.74639696476e-05	3.92939317071e-05	0	2.61959544714e-05	0.000117881795121	6.54898861786e-05	5.23919089429e-05	8.29538558262e-05	0.000392939317071	8.73198482381e-06	2.18299620595e-05	2.61959544714e-05	0.000270691529538	0.00756189885742	0.000523919089429	0	0.00108713211056	0.000475893172898	0.00289028697668	0	0	0	0	0	0	0	8.73198482381e-06	0	4.36599241191e-06	0	0	8.73198482381e-06	0	0	0	4.36599241191e-06	0	0	0	0	0	8.73198482381e-06	0	8.73198482381e-06	0	0	0	1.30979772357e-05	0	4.36599241191e-06	0	0	0	0	0.000633068899726	6.11238937667e-05	0.00128796776151	0.000401671301895	0.000667996839021	0.000261959544714	8.73198482381e-06	0	0	0	0	0	0	0
0.000410403286719	8.73198482381e-06	3.05619468833e-05	0	1.30979772357e-05	0.000523919089429	0.00306056068075	0.000331815423305	0.00175512894959	0.000375475347424	0.000248861567479	1.74639696476e-05	0.00110896207262	3.92939317071e-05	0.000908126421676	0.00809891592408	3.05619468833e-05	1.74639696476e-05	0	1.30979772357e-05	6.54898861786e-05	3.92939317071e-05	3.05619468833e-05	9.60518330619e-05	0.000209567635771	0	8.73198482381e-06	1.74639696476e-05	0.000126613779945	0.00048025916531	0.000109149810298	0	8.29538558262e-05	0.000104783817886	0.000785878634143	0	4.36599241191e-06	8.73198482381e-06	0	0	0	0	0	0	2.61959544714e-05	0	0	0	0	0	0	2.18299620595e-05	1.30979772357e-05	0	0	0	8.73198482381e-06	2.61959544714e-05	8.73198482381e-06	1.74639696476e-05	0	0	4.36599241191e-06	8.73198482381e-06	0	4.36599241191e-06	0	0	0	4.36599241191e-06	0.000781512641731	0.00011351580271	0.000812074588614	0.000528285081841	0.00233143994796	5.23919089429e-05	0	8.29538558262e-05	2.18299620595e-05	1.30979772357e-05	3.05619468833e-05	0	0	0
0.000104783817886	9.60518330619e-05	0.000314351453657	0	0	0	3.49279392952e-05	0.000484625157721	4.36599241191e-05	0.000445331226014	1.74639696476e-05	1.30979772357e-05	1.30979772357e-05	8.73198482381e-06	1.74639696476e-05	3.05619468833e-05	0.0170142724292	5.67579013548e-05	0	0	0	0.0023489039176	0.00370672755771	0.0063437869745	0.00311295258969	0	3.05619468833e-05	0.00218736219836	0.0029688748401	0.000117881795121	0.000899394436852	0	0	7.42218710024e-05	0.0013185297084	0	5.67579013548e-05	5.23919089429e-05	0	0	0	0	0	0	4.8025916531e-05	0	0	0	0	0	0	0.000523919089429	1.30979772357e-05	0	0	0	4.8025916531e-05	0.000288155499186	0.000371109355012	3.05619468833e-05	0	1.74639696476e-05	0.000126613779945	3.49279392952e-05	0	3.49279392952e-05	0	0	0	2.18299620595e-05	0.00114825600433	0.000781512641731	0.000899394436852	0.000475893172898	0.000192103666124	2.61959544714e-05	4.36599241191e-06	3.05619468833e-05	3.49279392952e-05	2.18299620595e-05	2.61959544714e-05	0	0	0
3.49279392952e-05	0.00107840012574	0.00309112262763	0	0	8.73198482381e-06	2.61959544714e-05	6.98558785905e-05	4.36599241191e-05	1.30979772357e-05	4.36599241191e-06	0.0015761232607	0	0.000139711757181	3.92939317071e-05	1.74639696476e-05	5.67579013548e-05	0.0224979588985	0.000410403286719	0.00403854298101	0	0.00075531668726	0.000170273704064	0.00478076169104	2.61959544714e-05	0.000104783817886	0.0100854424715	0.00270691529538	0.000130979772357	0.000104783817886	0.000288155499186	8.73198482381e-06	4.36599241191e-06	8.73198482381e-06	0.00870142287693	0	0.000392939317071	3.49279392952e-05	0	0	0	0	4.36599241191e-06	0	0	0	4.36599241191e-05	0	3.49279392952e-05	0	0	4.36599241191e-06	8.73198482381e-06	0	3.49279392952e-05	0	0	2.18299620595e-05	1.30979772357e-05	0	0.000218299620595	0.000218299620595	0.000227031605419	0	0	8.73198482381e-06	0	0	0	4.36599241191e-06	0.00183808280541	0.00174203097235	0.00399488305689	0.00136218963251	0.000122247787533	4.8025916531e-05	1.74639696476e-05	2.61959544714e-05	9.60518330619e-05	2.61959544714e-05	1.30979772357e-05	0	0	0
4.36599241191e-06	5.23919089429e-05	4.36599241191e-05	0	0	0	0	4.36599241191e-06	0	0	0	0.0037765834363	0	0.000318717446069	0	0	0	0.000410403286719	0.00687207205634	0.00437035840432	0	8.73198482381e-06	0	2.18299620595e-05	0	0.000109149810298	0.00225285208454	0.000327449430893	0	4.36599241191e-06	8.73198482381e-06	3.49279392952e-05	0	0	0.000598140960431	0	4.36599241191e-06	0	0	0	0	0	0	0	0	0	2.18299620595e-05	0	3.05619468833e-05	0	0	0	0	4.36599241191e-06	4.36599241191e-06	0	0	0	0	0	7.85878634143e-05	1.30979772357e-05	3.05619468833e-05	0	0	0	0	0	0	0	3.49279392952e-05	0.000117881795121	0.000240129582655	4.8025916531e-05	4.36599241191e-06	1.30979772357e-05	4.36599241191e-06	0	1.30979772357e-05	4.36599241191e-06	0	0	0	4.36599241191e-06
4.36599241191e-06	0.000637434892138	0.000309985461245	0	0	8.73198482381e-06	2.18299620595e-05	1.30979772357e-05	3.49279392952e-05	4.36599241191e-06	0	0.00863593299075	0	0.000881930467205	2.61959544714e-05	1.30979772357e-05	0	0.00403854298101	0.00437035840432	0.0185030758417	0	6.54898861786e-05	1.74639696476e-05	0.000270691529538	4.36599241191e-06	0.00038857332466	0.0104958457582	0.00210877433495	4.36599241191e-06	4.36599241191e-05	2.61959544714e-05	6.98558785905e-05	4.36599241191e-06	0	0.0045100701615	0	0.000170273704064	1.30979772357e-05	0	0	0	0	0	0	0	0	7.42218710024e-05	0	0.000139711757181	0	0	0	0	4.36599241191e-06	4.8025916531e-05	0	0	0	4.36599241191e-06	0	0.000401671301895	0.000244495575067	0.000200835650948	0	0	0	4.36599241191e-06	0	0	4.36599241191e-06	0.000406037294307	0.000742218710024	0.00185991276747	0.00038857332466	3.49279392952e-05	2.61959544714e-05	1.30979772357e-05	1.30979772357e-05	0.00011351580271	2.18299620595e-05	4.36599241191e-06	0	0	8.73198482381e-06
0.00016154171924	0	0	0	0.00410403286719	0	0.00158048925311	0.00113952401951	0.000423501263955	0.000179005688888	0.00809018393926	0	0.00804215802273	0	0.000117881795121	6.54898861786e-05	0	0	0	0	0.016577673188	0	4.36599241191e-06	4.36599241191e-06	0.000807708596202	0	0	0	0.00316534449863	4.8025916531e-05	6.54898861786e-05	0	0	3.92939317071e-05	3.49279392952e-05	0	0	0	0	0.000558847028724	0	0	4.36599241191e-06	0	1.74639696476e-05	0	0	0.00011351580271	0	0	0	0	0	0	0	4.36599241191e-05	0	0	0	0	0	0	0	0	4.36599241191e-06	8.73198482381e-06	0	0	4.36599241191e-06	4.36599241191e-06	3.05619468833e-05	4.36599241191e-06	3.05619468833e-05	1.74639696476e-05	5.67579013548e-05	0	0	0	0	0	0	0	0	0
0.000209567635771	0.000179005688888	0.0013578236401	0	8.73198482381e-06	0	5.23919089429e-05	0.0009168584065	8.29538558262e-05	0.000248861567479	1.30979772357e-05	6.11238937667e-05	1.74639696476e-05	2.61959544714e-05	6.54898861786e-05	3.92939317071e-05	0.0023489039176	0.00075531668726	8.73198482381e-06	6.54898861786e-05	0	0.031915404531	0.00108713211056	0.0163768375371	0.000890662452029	0	0.000362377370188	0.00111769405745	0.00690263400322	0.000323083438481	0.00858354108181	0	0	8.73198482381e-05	0.00625210113385	0	0.000122247787533	3.92939317071e-05	0	0	0	0	8.73198482381e-06	0	5.23919089429e-05	0	4.36599241191e-06	0	8.73198482381e-06	0	0	3.92939317071e-05	8.73198482381e-06	0	0	0	2.61959544714e-05	0.000222665613007	9.60518330619e-05	1.30979772357e-05	1.30979772357e-05	1.74639696476e-05	7.42218710024e-05	1.74639696476e-05	0	3.05619468833e-05	0	0	0	4.36599241191e-06	0.00223102212248	0.0011351580271	0.00276803918915	0.00112642604227	0.000318717446069	6.98558785905e-05	0	3.92939317071e-05	6.11238937667e-05	1.74639696476e-05	2.18299620595e-05	0	0	0
0.000157175726829	0.0019428666233	0.00120501390569	0	4.36599241191e-06	4.36599241191e-06	4.36599241191e-05	0.000615604930079	4.36599241191e-05	0.00335744816476	1.74639696476e-05	1.30979772357e-05	1.30979772357e-05	4.36599241191e-06	5.23919089429e-05	3.05619468833e-05	0.00370672755771	0.000170273704064	0	1.74639696476e-05	4.36599241191e-06	0.00108713211056	0.0188610872194	0.00340547408129	0.00284226106015	0	0.000157175726829	0.00547495448453	0.00167654108617	0.000117881795121	0.000886296459617	0	0	4.36599241191e-05	0.00164597913929	2.18299620595e-05	0.000785878634143	0.000231397597831	0	4.36599241191e-06	0	0	7.85878634143e-05	4.36599241191e-06	0.000222665613007	4.36599241191e-06	8.73198482381e-06	0	1.30979772357e-05	8.73198482381e-06	4.36599241191e-06	0.000580676990783	9.60518330619e-05	0	4.36599241191e-06	0	0.000292521491598	0.00222229013766	0.000807708596202	0.000152809734417	1.74639696476e-05	5.67579013548e-05	0.000628702907314	0.000227031605419	5.67579013548e-05	0.000266325537126	0	0	3.05619468833e-05	0.000165907711652	0.00141894753387	0.00112642604227	0.00122684386775	0.000580676990783	0.000209567635771	2.61959544714e-05	0	0.000253227559891	0.000253227559891	0.00011351580271	5.67579013548e-05	1.74639696476e-05	0	4.36599241191e-06
0.000222665613007	0.000807708596202	0.00849622123357	0	1.30979772357e-05	4.36599241191e-06	5.23919089429e-05	0.000685460808669	8.73198482381e-05	0.000257593552302	1.30979772357e-05	0.000170273704064	4.36599241191e-06	6.11238937667e-05	8.29538558262e-05	9.60518330619e-05	0.0063437869745	0.00478076169104	2.18299620595e-05	0.000270691529538	4.36599241191e-06	0.0163768375371	0.00340547408129	0.0523438830263	0.000864466497557	4.36599241191e-06	0.00193413463847	0.00773217256148	0.00320463843034	0.000266325537126	0.00317844247587	0	1.30979772357e-05	0.000117881795121	0.00996319468397	0	0.000667996839021	0.000139711757181	0	0	0	0	4.36599241191e-06	0	3.92939317071e-05	0	0	0	1.30979772357e-05	0	0	0.000152809734417	5.23919089429e-05	0	2.18299620595e-05	0	7.85878634143e-05	0.000563213021136	0.000283789506774	2.61959544714e-05	7.42218710024e-05	0.000104783817886	0.000401671301895	3.92939317071e-05	4.36599241191e-06	6.11238937667e-05	0	0	4.36599241191e-06	3.92939317071e-05	0.00510384512952	0.00302563274145	0.00620844120973	0.00248861567479	0.00064180088455	0.00011351580271	8.73198482381e-06	0.000139711757181	0.000165907711652	3.92939317071e-05	3.49279392952e-05	0	0	0
0.000759682679672	3.05619468833e-05	8.73198482381e-05	0	0.00153682932899	4.36599241191e-06	0.000742218710024	0.00926900189047	0.00066363084661	0.0102644481604	0.0013185297084	4.36599241191e-06	0.00160668520758	2.18299620595e-05	0.000392939317071	0.000209567635771	0.00311295258969	2.61959544714e-05	0	4.36599241191e-06	0.000807708596202	0.000890662452029	0.00284226106015	0.000864466497557	0.0419353571163	0	8.73198482381e-06	0.000266325537126	0.0147526883598	0.000467161188074	0.00226595006178	0	4.36599241191e-06	0.000301253476421	0.0015411953214	3.92939317071e-05	8.73198482381e-06	4.36599241191e-06	0	4.36599241191e-05	0	1.30979772357e-05	0.000227031605419	4.36599241191e-06	0.00119628192086	1.30979772357e-05	0	2.61959544714e-05	0	2.18299620595e-05	1.30979772357e-05	0.000174639696476	4.36599241191e-06	0	0	2.61959544714e-05	0.000109149810298	0.000419135271543	0.000157175726829	0.000724754740376	4.36599241191e-06	4.36599241191e-06	2.61959544714e-05	0.00027505752195	1.30979772357e-05	0.000244495575067	0	0	3.49279392952e-05	7.85878634143e-05	0.00111332806504	0.000392939317071	0.000833904550674	0.000449697218426	0.000580676990783	3.05619468833e-05	0	0.000100417825474	1.74639696476e-05	3.49279392952e-05	8.73198482381e-06	2.61959544714e-05	0	0
0	0.000471527180486	1.30979772357e-05	0	0	0	0	0	8.73198482381e-06	0	0	0.00140584955663	0	0.00152809734417	8.73198482381e-06	0	0	0.000104783817886	0.000109149810298	0.00038857332466	0	0	0	4.36599241191e-06	0	0.00601197155119	0.00123557585257	0.00130543173116	0	4.36599241191e-06	0	1.74639696476e-05	0	0	0.000270691529538	0	7.42218710024e-05	0	0	0	0	0	0	0	0	0	0.000227031605419	0	0.000537017066664	0	0	0	0	1.74639696476e-05	1.74639696476e-05	0	0	0	0	0	0.00100417825474	0.000222665613007	0.000187737673712	0	0	0	1.74639696476e-05	0	0	0	8.73198482381e-06	0.000698558785905	0.000165907711652	1.30979772357e-05	0	0	0.000244495575067	1.30979772357e-05	0.000130979772357	3.92939317071e-05	2.18299620595e-05	0	0	2.18299620595e-05
1.30979772357e-05	0.00314788052898	0.00559283627965	0	0	2.18299620595e-05	1.74639696476e-05	5.67579013548e-05	3.05619468833e-05	8.73198482381e-06	0	0.00896338242164	0	0.00309112262763	2.18299620595e-05	8.73198482381e-06	3.05619468833e-05	0.0100854424715	0.00225285208454	0.0104958457582	0	0.000362377370188	0.000157175726829	0.00193413463847	8.73198482381e-06	0.00123557585257	0.0501084949114	0.0138358299533	8.73198482381e-05	4.8025916531e-05	0.000179005688888	0.00093868836856	8.73198482381e-06	4.36599241191e-06	0.00622153918696	4.36599241191e-06	0.000951786345795	5.23919089429e-05	0	0	0	0	8.73198482381e-06	0	0	0	0.000222665613007	0	0.000493357142545	0	0	4.36599241191e-06	5.23919089429e-05	3.49279392952e-05	0.000126613779945	0	8.73198482381e-06	2.61959544714e-05	3.49279392952e-05	0	0.00130106573875	0.000737852717612	0.000829538558262	0	0	1.74639696476e-05	1.30979772357e-05	0	0	1.74639696476e-05	0.0012836017691	0.00262396143956	0.00353208786123	0.00106966814092	9.60518330619e-05	3.92939317071e-05	3.92939317071e-05	2.61959544714e-05	0.000427867256367	0.000109149810298	3.05619468833e-05	0	0	2.18299620595e-05
3.05619468833e-05	0.00621717319455	0.00980165296473	0	4.36599241191e-06	4.36599241191e-06	3.49279392952e-05	0.000144077749593	3.49279392952e-05	0.000283789506774	1.30979772357e-05	0.00192103666124	4.36599241191e-06	0.00182061883576	2.61959544714e-05	1.74639696476e-05	0.00218736219836	0.00270691529538	0.000327449430893	0.00210877433495	0	0.00111769405745	0.00547495448453	0.00773217256148	0.000266325537126	0.00130543173116	0.0138358299533	0.0548194007239	0.000340547408129	4.8025916531e-05	0.000484625157721	0.000502089127369	4.36599241191e-06	3.92939317071e-05	0.00369362958047	0	0.00204328444877	0.00027505752195	0	0	0	0	4.36599241191e-06	0	4.36599241191e-06	0	0.000109149810298	0	0.000192103666124	0	0	0.000192103666124	0.000144077749593	3.05619468833e-05	0.000117881795121	0	4.8025916531e-05	0.000519553097017	0.000344913400541	8.73198482381e-06	0.000785878634143	0.0007334867252	0.00134035967045	4.36599241191e-06	4.36599241191e-06	1.30979772357e-05	1.30979772357e-05	0	0	2.61959544714e-05	0.00176386093441	0.00302999873386	0.00277677117397	0.000964884323031	0.000209567635771	3.92939317071e-05	8.73198482381e-06	0.000109149810298	0.000506455119781	6.98558785905e-05	3.92939317071e-05	4.36599241191e-06	0	0
0.000702924778317	5.23919089429e-05	0.000279423514362	0	0.00261522945473	4.36599241191e-06	0.00102164222439	0.0119104272997	0.0005501150439	0.00213933628183	0.00740035713818	1.30979772357e-05	0.000925590391324	2.61959544714e-05	0.000270691529538	0.000126613779945	0.0029688748401	0.000130979772357	0	4.36599241191e-06	0.00316534449863	0.00690263400322	0.00167654108617	0.00320463843034	0.0147526883598	0	8.73198482381e-05	0.000340547408129	0.0473972136236	0.000449697218426	0.00392066118589	0	0	0.000283789506774	0.00281169911327	8.73198482381e-06	2.18299620595e-05	1.30979772357e-05	0	0.000170273704064	0	4.36599241191e-06	0.00011351580271	4.36599241191e-06	0.000427867256367	0	0	4.36599241191e-06	4.36599241191e-06	8.73198482381e-06	1.30979772357e-05	0.000148443742005	0	0	0	8.73198482381e-06	3.92939317071e-05	0.000353645385364	0.00011351580271	0.000261959544714	0	8.73198482381e-06	3.05619468833e-05	0.000144077749593	4.36599241191e-06	0.000152809734417	0	0	1.30979772357e-05	2.61959544714e-05	0.00196469658536	0.000798976611379	0.00167217509376	0.000816440581026	0.000414769279131	4.8025916531e-05	0	8.29538558262e-05	3.92939317071e-05	3.05619468833e-05	2.18299620595e-05	4.36599241191e-06	0	4.36599241191e-06
0.00701614980593	4.36599241191e-06	6.11238937667e-05	0	8.73198482381e-06	0.000624336914902	0.00306056068075	0.00159795322276	0.0044751422222	0.000144077749593	0.000222665613007	0.000227031605419	0.000248861567479	0.000484625157721	0.00756189885742	0.00048025916531	0.000117881795121	0.000104783817886	4.36599241191e-06	4.36599241191e-05	4.8025916531e-05	0.000323083438481	0.000117881795121	0.000266325537126	0.000467161188074	4.36599241191e-06	4.8025916531e-05	4.8025916531e-05	0.000449697218426	0.0253707819056	0.00374602148941	0	0.00108276611815	0.00300380277939	0.00509074715228	0	8.73198482381e-06	4.36599241191e-06	0	0	0	0	4.36599241191e-06	0	4.36599241191e-05	0	0	0	0	0	0	1.74639696476e-05	0	0	4.36599241191e-06	0	8.73198482381e-06	4.8025916531e-05	1.30979772357e-05	2.18299620595e-05	0	4.36599241191e-06	0	3.49279392952e-05	4.36599241191e-06	1.74639696476e-05	0	0	4.36599241191e-06	4.36599241191e-06	0.00119191592845	0.000130979772357	0.00194723261571	0.000624336914902	0.000737852717612	0.000235763590243	4.36599241191e-06	1.30979772357e-05	0	0	0	0	0	0
0.00356701580053	4.36599241191e-05	0.000515187104605	0	3.49279392952e-05	1.74639696476e-05	0.000436599241191	0.0111114506883	0.000637434892138	0.000851368520322	0.000231397597831	1.74639696476e-05	0.000139711757181	3.49279392952e-05	0.000523919089429	0.000109149810298	0.000899394436852	0.000288155499186	8.73198482381e-06	2.61959544714e-05	6.54898861786e-05	0.00858354108181	0.000886296459617	0.00317844247587	0.00226595006178	0	0.000179005688888	0.000484625157721	0.00392066118589	0.00374602148941	0.0366656042752	0	8.73198482381e-06	0.000563213021136	0.00701178381352	8.73198482381e-06	3.92939317071e-05	1.74639696476e-05	0	4.36599241191e-06	0	0	4.8025916531e-05	0	0.000170273704064	0	0	0	0	8.73198482381e-06	0	3.92939317071e-05	8.73198482381e-06	0	4.36599241191e-06	0	4.36599241191e-05	0.000179005688888	4.36599241191e-05	0.000104783817886	0	8.73198482381e-06	1.74639696476e-05	7.42218710024e-05	8.73198482381e-06	8.29538558262e-05	0	0	4.36599241191e-06	1.30979772357e-05	0.00279423514362	0.000908126421676	0.00288155499186	0.00122247787533	0.000454063210838	7.42218710024e-05	4.36599241191e-06	5.67579013548e-05	1.74639696476e-05	1.30979772357e-05	8.73198482381e-06	4.36599241191e-06	4.36599241191e-06	0
0	4.36599241191e-06	0	0	0	0	0	0	0	0	0	0.000384207332248	0	0.000860100505145	0	0	0	8.73198482381e-06	3.49279392952e-05	6.98558785905e-05	0	0	0	0	0	1.74639696476e-05	0.00093868836856	0.000502089127369	0	0	0	0.00148880341246	0	0	1.74639696476e-05	0	4.36599241191e-06	0	0	0	0	0	0	0	0	0	1.30979772357e-05	0	8.73198482381e-06	0	0	0	0	4.36599241191e-06	4.36599241191e-06	0	0	0	0	0	2.61959544714e-05	8.73198482381e-06	0	0	0	0	0	0	0	0	0	1.30979772357e-05	8.73198482381e-06	0	0	0	0	0	4.36599241191e-06	0	0	0	0	0
4.36599241191e-06	0	8.73198482381e-06	0	0	0.00185118078265	0.00116135398157	1.74639696476e-05	0.00147570543522	4.36599241191e-06	0	2.18299620595e-05	1.74639696476e-05	0.000144077749593	0.00108713211056	8.29538558262e-05	0	4.36599241191e-06	0	4.36599241191e-06	0	0	0	1.30979772357e-05	4.36599241191e-06	0	8.73198482381e-06	4.36599241191e-06	0	0.00108276611815	8.73198482381e-06	0	0.00362377370188	4.36599241191e-06	0.000698558785905	0	0	0	0	0	0	0	0	0	0	0	0	0	0	0	0	0	0	0	0	0	0	0	0	0	0	0	0	0	0	0	0	0	0	0	2.61959544714e-05	8.73198482381e-06	0.000130979772357	1.74639696476e-05	3.92939317071e-05	0.00029688748401	4.36599241191e-06	0	0	0	0	0	0	0
0.00172020101029	0	3.49279392952e-05	0	8.73198482381e-06	8.73198482381e-06	0.000292521491598	0.000812074588614	0.000379841339836	8.73198482381e-05	8.73198482381e-05	0	9.60518330619e-05	1.74639696476e-05	0.000475893172898	0.000104783817886	7.42218710024e-05	8.73198482381e-06	0	0	3.92939317071e-05	8.73198482381e-05	4.36599241191e-05	0.000117881795121	0.000301253476421	0	4.36599241191e-06	3.92939317071e-05	0.000283789506774	0.00300380277939	0.000563213021136	0	4.36599241191e-06	0.00541819658317	0.00180752085853	0	0	0	0	0	0	0	0	0	2.61959544714e-05	0	0	0	0	0	0	1.30979772357e-05	0	0	0	0	0	1.74639696476e-05	4.36599241191e-06	1.74639696476e-05	0	0	0	4.36599241191e-06	0	0	0	0	0	0	0.000672362831433	0.000109149810298	0.000759682679672	0.000336181415717	0.000248861567479	1.74639696476e-05	0	4.36599241191e-06	0	0	0	0	0	0
0.0024187597962	0.000969250315443	0.00357574778535	0	3.49279392952e-05	0.000689826801081	0.00239692983414	0.00287718899945	0.00285535903739	0.000619970922491	0.00027505752195	0.00706854171487	0.000292521491598	0.00183808280541	0.00289028697668	0.000785878634143	0.0013185297084	0.00870142287693	0.000598140960431	0.0045100701615	3.49279392952e-05	0.00625210113385	0.00164597913929	0.00996319468397	0.0015411953214	0.000270691529538	0.00622153918696	0.00369362958047	0.00281169911327	0.00509074715228	0.00701178381352	1.74639696476e-05	0.000698558785905	0.00180752085853	0.0573822382697	8.73198482381e-06	0.000454063210838	8.29538558262e-05	0	0	0	0	8.73198482381e-06	0	0.000100417825474	0	6.11238937667e-05	0	0.000104783817886	4.36599241191e-06	0	8.29538558262e-05	4.36599241191e-05	0	5.23919089429e-05	0	3.92939317071e-05	0.000248861567479	0.000144077749593	6.11238937667e-05	0.000257593552302	0.000209567635771	0.000270691529538	3.49279392952e-05	4.36599241191e-06	4.36599241191e-05	0	0	0	4.36599241191e-05	0.0125303982222	0.00489864348616	0.0263793261527	0.00984094689643	0.00288592098427	0.00082517256585	0.000130979772357	0.000248861567479	0.000152809734417	8.29538558262e-05	7.42218710024e-05	4.36599241191e-06	0	4.36599241191e-06
4.36599241191e-06	0	4.36599241191e-06	0	4.36599241191e-06	0	0	4.36599241191e-05	4.36599241191e-06	7.85878634143e-05	0	0	1.30979772357e-05	0	0	0	0	0	0	0	0	0	2.18299620595e-05	0	3.92939317071e-05	0	4.36599241191e-06	0	8.73198482381e-06	0	8.73198482381e-06	0	0	0	8.73198482381e-06	0.0177826870937	8.73198482381e-06	6.98558785905e-05	0	0.000227031605419	2.18299620595e-05	0.00187737673712	0.00573691402924	0.00325703033928	0.000253227559891	0.0001833716813	2.18299620595e-05	0.000637434892138	1.74639696476e-05	0.00728247534306	0.000886296459617	0.000244495575067	3.49279392952e-05	0	4.36599241191e-06	0.000475893172898	0.000633068899726	0.000174639696476	0.000628702907314	0.00168963906341	4.36599241191e-06	0	5.67579013548e-05	0.00111769405745	0.00663194247368	0.00444021428291	0	1.30979772357e-05	0.00160668520758	0.00225285208454	4.36599241191e-06	0	4.36599241191e-06	4.36599241191e-06	4.36599241191e-06	0	0	0.000947420353383	0.000257593552302	0.000908126421676	0.00027505752195	0.000628702907314	0.000170273704064	2.18299620595e-05
4.36599241191e-06	0.00227031605419	0.00110896207262	0	0	0	0	4.36599241191e-06	0	1.30979772357e-05	0	0.000122247787533	0	3.05619468833e-05	0	4.36599241191e-06	5.67579013548e-05	0.000392939317071	4.36599241191e-06	0.000170273704064	0	0.000122247787533	0.000785878634143	0.000667996839021	8.73198482381e-06	7.42218710024e-05	0.000951786345795	0.00204328444877	2.18299620595e-05	8.73198482381e-06	3.92939317071e-05	4.36599241191e-06	0	0	0.000454063210838	8.73198482381e-06	0.0189964329842	0.00175076295717	0	0	0	1.30979772357e-05	3.05619468833e-05	0	3.05619468833e-05	0	0.000200835650948	0	0.000292521491598	8.73198482381e-06	1.30979772357e-05	0.000440965233602	0.000855734512733	5.23919089429e-05	0.000602506952843	0	0.000196469658536	0.0024187597962	0.0013185297084	2.18299620595e-05	0.00314788052898	0.00415205878372	0.0101683963273	6.98558785905e-05	1.30979772357e-05	0.000100417825474	1.30979772357e-05	0	4.36599241191e-06	0.000323083438481	0.000200835650948	0.000960518330619	0.000358011377776	0.000109149810298	1.30979772357e-05	4.36599241191e-06	8.73198482381e-06	0.000611238937667	0.00174639696476	0.000676728823845	0.000292521491598	8.73198482381e-06	1.74639696476e-05	1.74639696476e-05
4.36599241191e-06	0.000222665613007	0.000148443742005	0	0	0	0	4.36599241191e-06	0	1.30979772357e-05	0	4.36599241191e-06	0	0	0	8.73198482381e-06	5.23919089429e-05	3.49279392952e-05	0	1.30979772357e-05	0	3.92939317071e-05	0.000231397597831	0.000139711757181	4.36599241191e-06	0	5.23919089429e-05	0.00027505752195	1.30979772357e-05	4.36599241191e-06	1.74639696476e-05	0	0	0	8.29538558262e-05	6.98558785905e-05	0.00175076295717	0.0248861567479	0	0	0	4.36599241191e-06	0.000130979772357	1.74639696476e-05	1.30979772357e-05	0	0.000100417825474	4.36599241191e-06	4.8025916531e-05	2.61959544714e-05	8.73198482381e-06	0.000929956383736	0.0044751422222	2.61959544714e-05	0.000375475347424	0	0.0013927515794	0.00111769405745	0.0108713211056	6.98558785905e-05	0.000117881795121	0.00543129456041	0.00705107774523	0.000179005688888	0.000104783817886	0.000746584702436	0	0	3.92939317071e-05	0.00114389001192	5.67579013548e-05	0.000139711757181	5.67579013548e-05	2.18299620595e-05	8.73198482381e-06	0	0	0.00236200189484	0.00296450884768	0.00213497028942	0.0010260082168	2.61959544714e-05	6.11238937667e-05	3.92939317071e-05
0	0	0	0	0	0	0	0	0	0	0	0	0	0	0	0	0	0	0	0	0	0	0	0	0	0	0	0	0	0	0	0	0	0	0	0	0	0	0	0	0	0	0	0	0	0	0	0	0	0	0	0	0	0	0	0	0	0	0	0	0	0	0	0	0	0	0	0	0	0	0	0	0	0	0	0	0	0	0	0	0	0	0	0
0	0	0	0	0.00127923577669	0	3.05619468833e-05	2.18299620595e-05	4.36599241191e-06	3.92939317071e-05	0.000685460808669	0	0.000506455119781	0	0	0	0	0	0	0	0.000558847028724	0	4.36599241191e-06	0	4.36599241191e-05	0	0	0	0.000170273704064	0	4.36599241191e-06	0	0	0	0	0.000227031605419	0	0	0	0.0131460031522	0	0.000235763590243	0.00136655562493	0.000135345764769	0.000174639696476	0.000672362831433	0	0.00104783817886	0	0.000222665613007	5.23919089429e-05	1.30979772357e-05	0	0	0	0.00442711630567	1.30979772357e-05	1.30979772357e-05	2.18299620595e-05	0.00875381478587	0	0	4.36599241191e-06	0.00375475347424	8.73198482381e-05	6.54898861786e-05	0	0	1.74639696476e-05	6.98558785905e-05	0	4.36599241191e-06	0	0	0	0	0	5.23919089429e-05	1.30979772357e-05	5.23919089429e-05	1.30979772357e-05	4.8025916531e-05	1.30979772357e-05	0
0	0	0	0	0	0	0	0	0	0	0	0	0	0	0	0	0	0	0	0	0	0	0	0	0	0	0	0	0	0	0	0	0	0	0	2.18299620595e-05	0	0	0	0	0.00333998419511	0.000729120732788	4.36599241191e-06	0.000716022755552	0	4.36599241191e-06	1.30979772357e-05	8.73198482381e-06	8.73198482381e-06	0.000170273704064	0.000624336914902	4.36599241191e-06	0	0	4.36599241191e-06	4.36599241191e-06	4.36599241191e-06	0	0	0	4.36599241191e-06	4.36599241191e-06	4.36599241191e-06	4.36599241191e-06	0.000432233248779	1.74639696476e-05	0	0.000873198482381	0	0.000593774968019	0	0	0	0	0	0	0	2.18299620595e-05	1.30979772357e-05	0.000174639696476	2.61959544714e-05	0.000868832489969	0.00122684386775	4.36599241191e-06
0	0	0	0	0	0	0	0	0	1.74639696476e-05	0	0	1.74639696476e-05	0	0	0	0	0	0	0	0	0	0	0	1.30979772357e-05	0	0	0	4.36599241191e-06	0	0	0	0	0	0	0.00187737673712	1.30979772357e-05	4.36599241191e-06	0	0.000235763590243	0.000729120732788	0.0211183052964	0.0024580537279	0.00604689949049	5.23919089429e-05	0.0012836017691	3.49279392952e-05	0.00313914854416	1.74639696476e-05	0.0027855031588	0.00436599241191	3.92939317071e-05	1.30979772357e-05	0	0	0.00105657016368	7.42218710024e-05	2.18299620595e-05	8.29538558262e-05	0.00120064791327	1.74639696476e-05	8.73198482381e-06	2.61959544714e-05	0.000519553097017	0.00243622376584	0.000196469658536	0	0.000510821112193	0.000117881795121	0.00139711757181	0	0	0	0	0	0	0	0.000283789506774	8.73198482381e-05	0.000707290770729	0.000148443742005	0.00151936535934	0.00057194500596	4.36599241191e-06
