0.0267283220671	0	0.00148608341129	0	1.05896680139e-05	7.05977867594e-06	0.000165904798885	0.00786106355566	0.00441236167246	0	1.41195573519e-05	1.05896680139e-05	2.11793360278e-05	7.05977867594e-06	0.0145749130765	3.52988933797e-06	1.05896680139e-05	0.000914241338534	0	0.000222383028292	2.11793360278e-05	0.00308159339205	0	0.00632909158298	4.94184507316e-05	0	4.58885613936e-05	0.00120722215359	0.00397112550522	0.0137524488607	0.017744753702	0	3.52988933797e-06	0.00540779046577	0.00273566423693	0	0	0	0	7.05977867594e-06	0	0	0	0	5.29483400695e-05	0	0	3.52988933797e-06	0	0	0	0	0	0	0	3.52988933797e-06	3.52988933797e-06	2.82391147038e-05	3.52988933797e-06	6.00081187455e-05	3.52988933797e-06	0	7.05977867594e-06	3.88287827177e-05	0	0	0	0	0	0	7.76575654353e-05	1.41195573519e-05	0.00225559928696	0.000345929155121	5.64782294075e-05	2.11793360278e-05	3.52988933797e-06	3.17690040417e-05	0	3.52988933797e-06	0	0	0	0
0	0.0211157980197	0	0	3.52988933797e-06	0.000833053883761	0.000501244285992	2.82391147038e-05	3.88287827177e-05	0.00278508268766	7.05977867594e-06	2.82391147038e-05	7.05977867594e-06	0.000105896680139	0	3.17690040417e-05	0.000811874547733	4.58885613936e-05	0	6.35380080834e-05	0	0	0.00530189378563	0.000300040593727	0.000970719567942	0.00206851515205	0.000232972696306	0.017285868088	0.000335339487107	0	0	0	7.05977867594e-06	0	0	3.52988933797e-06	0.0108579396036	3.52988933797e-06	0	2.11793360278e-05	0	3.52988933797e-06	0	0	0.000596551298117	0	2.11793360278e-05	3.52988933797e-05	7.76575654353e-05	0	7.05977867594e-06	0.000268271589686	5.64782294075e-05	2.11793360278e-05	0.000148255352195	0	0	0.000998958682645	3.52988933797e-06	0.000653029527524	1.05896680139e-05	0.000349459044459	0.01167687393	1.41195573519e-05	3.52988933797e-06	0	0	0	0	4.58885613936e-05	0.000991898903969	1.76494466898e-05	0	3.52988933797e-06	0.00106602658007	0	0	4.94184507316e-05	0.00020826347094	3.52988933797e-05	0	0	0	0
0.00148608341129	0	0.0401419015514	0	1.41195573519e-05	0	7.05977867594e-06	3.52988933797e-06	0.000155315130871	3.52988933797e-06	0	1.05896680139e-05	1.41195573519e-05	1.05896680139e-05	0.00145784429658	6.00081187455e-05	3.88287827177e-05	0.0120898709825	2.82391147038e-05	0.00145784429658	1.05896680139e-05	0.00104484724404	0	0.0133465115869	0.000215323249616	1.05896680139e-05	0.00639262959106	0.0197214917312	0.000374168269825	0.00221677050424	0.00276390335163	3.52988933797e-06	7.05977867594e-06	0.00131664872306	0.00166610776752	3.52988933797e-06	0.000508304064668	0.00108367602676	0	2.11793360278e-05	0	7.05977867594e-06	3.52988933797e-05	1.76494466898e-05	0.000250622142996	4.94184507316e-05	6.00081187455e-05	3.17690040417e-05	0	3.52988933797e-06	0	0.00143313507122	0.000282391147038	1.05896680139e-05	0.000148255352195	3.88287827177e-05	1.76494466898e-05	0.00183554245574	0.000748336539649	0.000218853138954	3.52988933797e-06	0.000561252404737	0.00440530189379	0.000123546126829	0	0	0	0	0	0.000338869376445	0.003300446531	0.00181436311972	0.00252740076599	0.00118604281756	0.000130605905505	1.41195573519e-05	1.05896680139e-05	0.00156021108738	0.000850703330451	0.000607140966131	0.000169434688223	7.76575654353e-05	3.52988933797e-06	0
0	0	0	0	0	0	0	0	0	0	0	0	0	0	0	0	0	0	0	0	0	0	0	0	0	0	0	0	0	0	0	0	0	0	0	0	0	0	0	0	0	0	0	0	0	0	0	0	0	0	0	0	0	0	0	0	0	0	0	0	0	0	0	0	0	0	0	0	0	0	0	0	0	0	0	0	0	0	0	0	0	0	0	0
1.05896680139e-05	3.52988933797e-06	1.41195573519e-05	0	0.0238585220353	0.000105896680139	0.00406643251734	0.00230148784836	0.00318396018285	0.00100248857198	0.00104484724404	0.000621260523483	0.00568665172347	8.82472334492e-05	0.00181436311972	0.00288038969978	7.05977867594e-06	3.52988933797e-06	0.000123546126829	0.00022591291763	0.00923066061879	3.52988933797e-06	3.52988933797e-06	3.17690040417e-05	0.01418309536	0	0.000430646499232	3.17690040417e-05	0.00811521558799	0.0033745742071	1.41195573519e-05	2.11793360278e-05	1.05896680139e-05	0.000197673802926	0.00300040593727	0	0	7.05977867594e-06	0	0.00566900227678	0	0.0021285232708	1.41195573519e-05	0.000247092253658	0.00474770115957	0.00187437123846	0.000360048712473	0.00431705466034	1.05896680139e-05	3.88287827177e-05	0.000137665684181	0.000130605905505	3.52988933797e-06	0.000127076016167	7.76575654353e-05	0.00572901039552	0	7.05977867594e-06	0	0.00357577789936	0.000144725462857	7.76575654353e-05	0.000130605905505	0.00125664060432	2.47092253658e-05	0	0	3.52988933797e-06	0	0.000176494466898	0.00097424945728	0.000194143913588	0.00116486348153	0.000412997052542	0.000511833954006	0	5.64782294075e-05	0.000628320302159	0.000324749819093	0.00022591291763	7.41276760974e-05	0.000187084134912	3.52988933797e-06	0
7.05977867594e-06	0.000833053883761	0	0	0.000105896680139	0.00858822075928	0.00563723327274	2.11793360278e-05	0.00165551809951	0.00100248857198	8.11874547733e-05	0	0.000130605905505	0	6.70678974214e-05	0.00133782805909	0	0	0	0	8.11874547733e-05	0	0.000628320302159	0	0.00193790924655	5.29483400695e-05	0	0.000737746871636	0.00158492031275	9.88369014631e-05	2.11793360278e-05	0	0.00146490407526	1.76494466898e-05	0.000250622142996	0	4.23586720556e-05	0	0	1.76494466898e-05	0	0	0	0	4.23586720556e-05	3.52988933797e-06	0	1.76494466898e-05	0	0	0	0	0	0	0	1.76494466898e-05	0	0	0	5.64782294075e-05	3.52988933797e-06	0	5.29483400695e-05	0	0	0	0	0	0	0	0.00410526130006	3.52988933797e-06	7.05977867594e-06	3.52988933797e-06	0.00567606205545	0.000582431740765	0	0	0	0	3.52988933797e-06	0	0	0
0.000165904798885	0.000501244285992	7.05977867594e-06	0	0.00406643251734	0.00563723327274	0.045945039623	0.00308512328139	0.0176282673538	0.000684798531566	0.00597257275984	0.00102719779735	0.0114686104591	0.000289450925713	0.00455708713532	0.00424998676291	3.52988933797e-06	7.05977867594e-06	0.000105896680139	0.000201203692264	0.00615965689476	0.000148255352195	0.000268271589686	7.05977867594e-05	0.00583490707566	4.23586720556e-05	0.000607140966131	0.000462415503274	0.0108897086076	0.00682680597963	0.00022591291763	2.11793360278e-05	0.00126723027233	0.000321219929755	0.0057078310595	0	2.82391147038e-05	0	0	5.64782294075e-05	3.52988933797e-06	3.52988933797e-05	0	3.17690040417e-05	0.000123546126829	5.64782294075e-05	3.17690040417e-05	0.000158845020209	0	1.41195573519e-05	7.05977867594e-06	1.76494466898e-05	0	2.11793360278e-05	7.05977867594e-06	0.000155315130871	0	0	0	0.000310630261741	0.000494184507316	7.05977867594e-06	4.58885613936e-05	2.82391147038e-05	0	0	0	7.05977867594e-06	0	0	0.00417232919748	0.00104837713338	0.00403819340264	0.001524912194	0.00440883178312	3.52988933797e-05	0.000624790412821	0.000169434688223	4.23586720556e-05	1.41195573519e-05	0.000158845020209	5.29483400695e-05	1.76494466898e-05	0
0.00786106355566	2.82391147038e-05	3.52988933797e-06	0	0.00230148784836	2.11793360278e-05	0.00308512328139	0.0398171517323	0.00934714696694	6.00081187455e-05	0.00397818528389	7.05977867594e-05	0.000412997052542	7.76575654353e-05	0.00783282444095	0.000120016237491	0	3.52988933797e-06	1.41195573519e-05	3.88287827177e-05	0.000554192626061	0.000878942445154	0	0.000377698159163	0.00189555057449	0	7.05977867594e-05	2.82391147038e-05	0.0218570747807	0.00525600522424	0.00625496390688	0	1.76494466898e-05	0.00234384652041	0.00222736017226	4.58885613936e-05	0	0	0	0.00451472846326	3.52988933797e-06	0.00103425757602	0.000455355724598	0.000307100372403	0.00696094177448	0.00147196385393	8.11874547733e-05	0.00204380592668	0	0.000102366790801	1.41195573519e-05	3.17690040417e-05	7.76575654353e-05	5.64782294075e-05	0.000201203692264	0.00253093065532	3.52988933797e-06	0	1.05896680139e-05	0.00771986798214	0	3.17690040417e-05	3.52988933797e-05	0.00192378968919	8.11874547733e-05	0	0	3.52988933797e-06	0	0.00022591291763	0.000370638380487	1.41195573519e-05	0.00146490407526	0.000515363843344	6.35380080834e-05	9.17771227872e-05	3.52988933797e-06	0.000352988933797	9.17771227872e-05	0.000247092253658	3.17690040417e-05	7.41276760974e-05	0	0
0.00441236167246	3.88287827177e-05	0.000155315130871	0	0.00318396018285	0.00165551809951	0.0176282673538	0.00934714696694	0.0483983127129	0.000169434688223	0.0044441306765	0.00050477417533	0.0028168516917	0.00022591291763	0.0204521788242	0.000928360895886	0	4.94184507316e-05	7.05977867594e-05	0.000134135794843	0.00277449301964	0.000755396318325	2.47092253658e-05	0.0013484177271	0.00277096313031	0	0.000338869376445	0.000134135794843	0.0151432252599	0.00987663036764	0.00590197497308	7.05977867594e-06	0.00159198009142	0.00299687604794	0.00410173141072	0	0	7.05977867594e-06	0	6.00081187455e-05	0	5.29483400695e-05	3.88287827177e-05	7.05977867594e-06	0.000155315130871	0.000162374909547	4.23586720556e-05	0.000585961630103	0	3.52988933797e-06	0	1.76494466898e-05	0	2.47092253658e-05	1.05896680139e-05	0.000585961630103	0	0	3.52988933797e-06	0.000720097424946	2.47092253658e-05	1.76494466898e-05	1.76494466898e-05	7.05977867594e-06	0	0	0	0	0	1.05896680139e-05	0.00197673802926	0.000137665684181	0.00348753066591	0.000533013290033	0.000963659789266	7.76575654353e-05	7.76575654353e-05	0.000123546126829	5.64782294075e-05	1.05896680139e-05	1.76494466898e-05	3.17690040417e-05	3.52988933797e-06	0
0	0.00278508268766	3.52988933797e-06	0	0.00100248857198	0.00100248857198	0.000684798531566	6.00081187455e-05	0.000169434688223	0.0144690163963	0	0	0.00178612400501	0	0.000116486348153	0.00170846643958	1.76494466898e-05	0	0	0	0.00133782805909	0	0.00371344358354	7.05977867594e-06	0.00656912405796	0.000345929155121	3.52988933797e-06	0.0020543955947	0.000963659789266	0.000120016237491	0	0	1.05896680139e-05	0	2.11793360278e-05	2.47092253658e-05	0.000130605905505	1.05896680139e-05	0	0.000667149084876	0	9.17771227872e-05	1.05896680139e-05	0	0.00315572106814	1.41195573519e-05	3.52988933797e-06	0.000596551298117	0	0	0.000116486348153	7.05977867594e-06	3.52988933797e-06	0	7.05977867594e-06	0.000292980815051	0	6.70678974214e-05	7.05977867594e-06	0.00209675426675	3.52988933797e-06	7.05977867594e-06	0.00017296457756	4.23586720556e-05	2.82391147038e-05	0	0	0	0	0	0.00166610776752	7.05977867594e-06	3.17690040417e-05	7.05977867594e-06	0.00221677050424	0	0	0.000130605905505	7.05977867594e-06	7.05977867594e-06	1.05896680139e-05	2.11793360278e-05	0	0
1.41195573519e-05	7.05977867594e-06	0	0	0.00104484724404	8.11874547733e-05	0.00597257275984	0.00397818528389	0.0044441306765	0	0.0157821352301	3.88287827177e-05	0.0009389505639	0	0.000741276760974	0.00026121181101	3.52988933797e-06	0	7.05977867594e-06	2.11793360278e-05	0.000854233219789	0	3.52988933797e-06	3.52988933797e-06	0.00022591291763	0	3.52988933797e-05	7.05977867594e-06	0.00587020596904	0.000232972696306	0	0	3.52988933797e-06	1.76494466898e-05	0.000109426569477	0	0	0	0	2.11793360278e-05	0	1.76494466898e-05	0	0	1.76494466898e-05	3.52988933797e-06	0	1.76494466898e-05	0	0	0	7.05977867594e-06	0	0	0	2.11793360278e-05	0	0	3.52988933797e-06	2.47092253658e-05	0	0	1.05896680139e-05	0	0	0	0	0	0	0	3.52988933797e-05	0	7.76575654353e-05	3.17690040417e-05	3.52988933797e-05	0	3.52988933797e-06	3.52988933797e-06	0	7.05977867594e-06	0	0	0	0
1.05896680139e-05	2.82391147038e-05	1.05896680139e-05	0	0.000621260523483	0	0.00102719779735	7.05977867594e-05	0.00050477417533	0	3.88287827177e-05	0.0290933479235	0.00143666496055	0.00427469598828	0.0049736140772	0.000180024356236	3.52988933797e-06	1.41195573519e-05	0.00565488271943	0.00472652182354	0.00178612400501	7.05977867594e-06	0	1.05896680139e-05	0.000656559416862	0.000787165322367	0.0114897897951	0.000349459044459	0.00161668931679	0.00951658165517	4.58885613936e-05	0.000575371962089	0.00136606717379	0.000105896680139	0.013681851074	0	8.11874547733e-05	0	0	0	0	0	0	0	4.94184507316e-05	0	0.000716567535608	3.52988933797e-06	0.000720097424946	0	0	7.05977867594e-06	0	7.05977867594e-06	0	0	0	4.58885613936e-05	3.52988933797e-06	4.58885613936e-05	0.000720097424946	0.00024356236432	0.000158845020209	0	0	0	7.05977867594e-06	0	0	0	0.000155315130871	0.000854233219789	0.00195908858257	0.000374168269825	4.58885613936e-05	3.52988933797e-06	0.00019061402425	7.05977867594e-06	0.000953070121252	3.52988933797e-06	1.41195573519e-05	0	0	0.000525953511357
2.11793360278e-05	7.05977867594e-06	1.41195573519e-05	0	0.00568665172347	0.000130605905505	0.0114686104591	0.000412997052542	0.0028168516917	0.00178612400501	0.0009389505639	0.00143666496055	0.0388958506151	0.000321219929755	0.00359695723539	0.00572195061685	7.05977867594e-06	7.05977867594e-06	0.00024356236432	0.000427116609894	0.0136289027339	1.05896680139e-05	0	7.05977867594e-05	0.0058101978503	3.52988933797e-06	0.000875412555816	6.00081187455e-05	0.00258034910606	0.0071303764627	2.82391147038e-05	6.00081187455e-05	2.11793360278e-05	0.000176494466898	0.00659030339399	0.000335339487107	0.000137665684181	1.05896680139e-05	0	0.000289450925713	4.94184507316e-05	0.00696094177448	0.000264741700348	0.00717273513475	0.000734216982298	0.00735981926967	0.00433823399636	0.0138230466475	0.000458885613936	0.00176847455832	0.000257681921672	0.000257681921672	6.70678974214e-05	0.00048712472864	0.00095660001059	0.00450413879525	5.64782294075e-05	9.53070121252e-05	9.17771227872e-05	0.00101660812934	0.000607140966131	0.00017296457756	0.000360048712473	0.000134135794843	0.000663619195538	0.000105896680139	0	7.05977867594e-06	0	0.00373462291957	0.00124252104697	0.00103425757602	0.00373109303023	0.00147196385393	0.00108720591609	7.05977867594e-06	0.000585961630103	0.0017014066609	0.000607140966131	0.00516422810145	0.000430646499232	0.00409820152138	6.35380080834e-05	0.000197673802926
7.05977867594e-06	0.000105896680139	1.05896680139e-05	0	8.82472334492e-05	0	0.000289450925713	7.76575654353e-05	0.00022591291763	0	0	0.00427469598828	0.000321219929755	0.0181965795372	0.00101660812934	7.05977867594e-06	3.17690040417e-05	0	0.000109426569477	7.76575654353e-05	0.00020826347094	3.17690040417e-05	0	7.41276760974e-05	0.000292980815051	0.00543249969113	0.00216735205351	0.00371344358354	0.000349459044459	0.00177906422634	2.11793360278e-05	0.00432058454967	0.000437706277908	0.000349459044459	0.00208616459874	0	0.000300040593727	0	0	3.52988933797e-06	0	7.05977867594e-06	0	3.17690040417e-05	0.000201203692264	1.41195573519e-05	0.00145784429658	2.47092253658e-05	0.00567606205545	1.41195573519e-05	0	1.76494466898e-05	0	3.52988933797e-06	7.05977867594e-06	3.52988933797e-06	0	0.000183554245574	3.52988933797e-06	0.000187084134912	0.00272154467957	0.000465945392612	0.00169787677156	7.05977867594e-06	3.52988933797e-06	0	2.11793360278e-05	3.52988933797e-06	0	2.47092253658e-05	0.000250622142996	0.000762456097001	0.00127429005101	0.00073068709296	1.05896680139e-05	8.11874547733e-05	0.000384757937839	1.41195573519e-05	0.00355812845267	9.53070121252e-05	3.52988933797e-05	2.47092253658e-05	1.76494466898e-05	0.00108367602676
0.0145749130765	0	0.00145784429658	0	0.00181436311972	6.70678974214e-05	0.00455708713532	0.00783282444095	0.0204521788242	0.000116486348153	0.000741276760974	0.0049736140772	0.00359695723539	0.00101660812934	0.0531813127658	0.000571842072751	0	0.000522423622019	0.000780105543691	0.000617730634145	0.003551068674	0.00226265906564	0	0.0046665137048	0.00176141477965	3.52988933797e-06	0.00270036534355	0.00123546126829	0.0126193543832	0.0318607811645	0.0143419403802	0.000112956458815	0.00266506645017	0.0107591027021	0.0141160274625	0	0	7.05977867594e-06	0	3.17690040417e-05	0	3.17690040417e-05	1.05896680139e-05	1.76494466898e-05	0.000123546126829	3.88287827177e-05	4.58885613936e-05	0.000194143913588	0	1.05896680139e-05	0	2.11793360278e-05	0	2.47092253658e-05	3.52988933797e-06	0.000194143913588	0	3.52988933797e-06	3.52988933797e-06	0.000317690040417	4.94184507316e-05	2.11793360278e-05	3.17690040417e-05	1.05896680139e-05	0	0	0	3.52988933797e-06	0	0	0.00126723027233	0.000211793360278	0.00489242662243	0.000649499638186	0.00024356236432	4.58885613936e-05	0.000187084134912	0.000116486348153	5.64782294075e-05	7.05977867594e-06	3.17690040417e-05	3.17690040417e-05	1.41195573519e-05	0
3.52988933797e-06	3.17690040417e-05	6.00081187455e-05	0	0.00288038969978	0.00133782805909	0.00424998676291	0.000120016237491	0.000928360895886	0.00170846643958	0.00026121181101	0.000180024356236	0.00572195061685	7.05977867594e-06	0.000571842072751	0.0155562223124	0.000141195573519	3.52988933797e-06	3.52988933797e-05	0.000105896680139	0.00418997864417	0.000402407384528	1.05896680139e-05	0.00108720591609	0.00353341922731	3.52988933797e-06	0.000148255352195	0.000247092253658	0.00251328120863	0.00134488783777	2.11793360278e-05	0	7.76575654353e-05	0.000247092253658	0.00263682733546	3.52988933797e-06	4.23586720556e-05	1.41195573519e-05	0	7.41276760974e-05	0	4.58885613936e-05	7.05977867594e-06	7.05977867594e-06	0.000836583773099	2.11793360278e-05	9.53070121252e-05	9.17771227872e-05	0	0	7.05977867594e-06	0.000116486348153	2.11793360278e-05	3.88287827177e-05	7.05977867594e-05	6.70678974214e-05	6.35380080834e-05	3.17690040417e-05	0.000204733581602	0.000352988933797	6.00081187455e-05	8.82472334492e-05	0.000381228048501	0.000232972696306	7.05977867594e-06	0	0	0	0	0.000105896680139	0.00115074392418	0.000102366790801	0.00289803914647	0.00274978379428	0.00554898603929	2.47092253658e-05	1.76494466898e-05	0.000603611076793	0.000155315130871	0.0006600893062	0.000275331368362	1.76494466898e-05	0	0
1.05896680139e-05	0.000811874547733	3.88287827177e-05	0	7.05977867594e-06	0	3.52988933797e-06	0	0	1.76494466898e-05	3.52988933797e-06	3.52988933797e-06	7.05977867594e-06	3.17690040417e-05	0	0.000141195573519	0.0166646075646	3.52988933797e-06	7.05977867594e-06	7.05977867594e-06	1.05896680139e-05	0.00123899115763	0.00380522070633	0.00396406572654	0.00428175576696	3.88287827177e-05	5.29483400695e-05	0.00286274025309	0.00103425757602	2.82391147038e-05	0.000137665684181	0	0	2.82391147038e-05	5.29483400695e-05	0	0.000144725462857	1.76494466898e-05	0	1.05896680139e-05	0	1.05896680139e-05	0	3.52988933797e-06	0.00243209375386	3.52988933797e-06	1.05896680139e-05	1.05896680139e-05	3.52988933797e-06	0	0	0.00606081999329	3.52988933797e-06	0	2.11793360278e-05	1.05896680139e-05	3.52988933797e-06	0.00551721703525	0.000165904798885	0.00473358160222	4.94184507316e-05	3.52988933797e-05	0.000349459044459	0.00188496090648	3.52988933797e-06	3.52988933797e-06	0	0	0	1.76494466898e-05	0.000674208863552	0.000137665684181	0.000328279708431	0.000480064949964	0.000112956458815	3.52988933797e-06	0	0.00104484724404	0.000363578601811	7.05977867594e-05	5.64782294075e-05	1.05896680139e-05	0	0
0.000914241338534	4.58885613936e-05	0.0120898709825	0	3.52988933797e-06	0	7.05977867594e-06	3.52988933797e-06	4.94184507316e-05	0	0	1.41195573519e-05	7.05977867594e-06	0	0.000522423622019	3.52988933797e-06	3.52988933797e-06	0.0291145272596	6.00081187455e-05	0.00864116909935	7.05977867594e-06	0.00137312695247	0	0.00774104731817	4.58885613936e-05	2.82391147038e-05	0.00911770415997	0.0052524753349	0.00019061402425	0.00199085758661	0.00288744947846	0	0	0.00174729522229	0.00471240226619	0	5.29483400695e-05	0.000116486348153	0	0	0	0	0	0	4.94184507316e-05	0	0.000105896680139	0	0	0	0	7.76575654353e-05	3.52988933797e-05	1.76494466898e-05	6.70678974214e-05	0	3.52988933797e-06	2.11793360278e-05	5.29483400695e-05	3.17690040417e-05	6.00081187455e-05	0.000197673802926	0.000900121781182	2.47092253658e-05	0	0	0	0	0	3.88287827177e-05	0.000963659789266	0.000825994105085	0.00212146349212	0.000977779346617	3.52988933797e-06	0	4.58885613936e-05	0.000254152032334	0.000257681921672	8.47173441113e-05	3.17690040417e-05	0	0	0
0	0	2.82391147038e-05	0	0.000123546126829	0	0.000105896680139	1.41195573519e-05	7.05977867594e-05	0	7.05977867594e-06	0.00565488271943	0.00024356236432	0.000109426569477	0.000780105543691	3.52988933797e-05	7.05977867594e-06	6.00081187455e-05	0.00884237279161	0.00328985686299	0.000345929155121	3.52988933797e-06	0	9.53070121252e-05	0.000105896680139	2.11793360278e-05	0.00502656241727	0.000165904798885	0.000335339487107	0.00139783617784	1.05896680139e-05	3.52988933797e-06	0	2.47092253658e-05	0.00164845832083	0	0	0	0	0	0	0	0	0	1.05896680139e-05	0	3.88287827177e-05	0	5.29483400695e-05	0	0	7.05977867594e-06	0	0	0	0	0	0	0	3.52988933797e-06	3.52988933797e-06	5.29483400695e-05	3.17690040417e-05	0	0	0	3.52988933797e-06	0	0	0	0.000744806650312	0.0009389505639	0.000285921036376	0.000105896680139	1.05896680139e-05	0	0	1.05896680139e-05	9.17771227872e-05	0	0	0	0	0
0.000222383028292	6.35380080834e-05	0.00145784429658	0	0.00022591291763	0	0.000201203692264	3.88287827177e-05	0.000134135794843	0	2.11793360278e-05	0.00472652182354	0.000427116609894	7.76575654353e-05	0.000617730634145	0.000105896680139	7.05977867594e-06	0.00864116909935	0.00328985686299	0.0254540320161	0.000600081187455	0.000271801479024	0	0.00109779558411	0.000254152032334	5.64782294075e-05	0.0184154326762	0.00443354100849	0.000578901851427	0.00197673802926	0.000607140966131	7.05977867594e-06	0	0.000525953511357	0.00761044141266	0	6.70678974214e-05	7.05977867594e-05	0	0	0	0	0	0	8.47173441113e-05	0	0.000621260523483	0	2.82391147038e-05	0	0	4.23586720556e-05	3.88287827177e-05	8.47173441113e-05	9.53070121252e-05	0	0	3.52988933797e-05	7.41276760974e-05	4.23586720556e-05	1.76494466898e-05	0.0010413173547	0.0011895727069	2.82391147038e-05	0	0	0	0	0	3.52988933797e-05	0.00163433876348	0.00232972696306	0.00288038969978	0.00137312695247	1.76494466898e-05	3.52988933797e-06	7.05977867594e-06	0.000134135794843	0.00048712472864	4.23586720556e-05	1.05896680139e-05	0	0	0
2.11793360278e-05	0	1.05896680139e-05	0	0.00923066061879	8.11874547733e-05	0.00615965689476	0.000554192626061	0.00277449301964	0.00133782805909	0.000854233219789	0.00178612400501	0.0136289027339	0.00020826347094	0.003551068674	0.00418997864417	1.05896680139e-05	7.05977867594e-06	0.000345929155121	0.000600081187455	0.0202898039146	1.05896680139e-05	0	6.70678974214e-05	0.00800225912918	0	0.00108720591609	5.29483400695e-05	0.00464180447943	0.00677385763956	3.88287827177e-05	3.88287827177e-05	3.52988933797e-05	0.000204733581602	0.00662913217671	0	0	3.52988933797e-06	0	0.000864822887802	3.52988933797e-06	0.000388287827177	7.05977867594e-06	2.82391147038e-05	0.00110132547345	0.000240032474982	0.00022591291763	0.000797754990381	0	1.41195573519e-05	7.05977867594e-05	0.000148255352195	0	0.000151785241533	2.82391147038e-05	0.00106249669073	0	0	0	0.00123899115763	0.000423586720556	8.47173441113e-05	0.000151785241533	0.000158845020209	7.05977867594e-06	0	0	7.05977867594e-06	0	3.52988933797e-06	0.00144372473923	0.000847173441113	0.00307100372403	0.00123546126829	0.000723627314284	1.05896680139e-05	0.000409467163204	0.000773045765015	0.000391817716515	2.82391147038e-05	0.000151785241533	0.000183554245574	1.41195573519e-05	0
0.00308159339205	0	0.00104484724404	0	3.52988933797e-06	0	0.000148255352195	0.000878942445154	0.000755396318325	0	0	7.05977867594e-06	1.05896680139e-05	3.17690040417e-05	0.00226265906564	0.000402407384528	0.00123899115763	0.00137312695247	3.52988933797e-06	0.000271801479024	1.05896680139e-05	0.0473499355795	7.76575654353e-05	0.0291074674809	0.000381228048501	0	0.00020826347094	0.000762456097001	0.0101554916253	0.00314866128947	0.0179106585009	0	0	0.00211087382411	0.00605729010396	0	1.41195573519e-05	1.76494466898e-05	0	0	0	0	3.52988933797e-06	0	3.17690040417e-05	0	3.17690040417e-05	0	0	0	0	0.00336751442842	3.52988933797e-06	0	2.11793360278e-05	0	7.05977867594e-06	0.00341340298982	5.64782294075e-05	0.0030215852733	3.52988933797e-06	4.58885613936e-05	7.76575654353e-05	0.00022591291763	0	0	0	0	0	2.47092253658e-05	0.00188143101714	0.000338869376445	0.00661854250869	0.00219559116822	0.000751866428987	3.17690040417e-05	3.52988933797e-06	0.000141195573519	0.000127076016167	0.000120016237491	0.000102366790801	0	0	0
0	0.00530189378563	0	0	3.52988933797e-06	0.000628320302159	0.000268271589686	0	2.47092253658e-05	0.00371344358354	3.52988933797e-06	0	0	0	0	1.05896680139e-05	0.00380522070633	0	0	0	0	7.76575654353e-05	0.014246633368	0.000900121781182	0.00493478529448	0.000345929155121	3.52988933797e-06	0.00477241038493	0.000317690040417	0	0	0	3.52988933797e-06	0	0	0	0.000151785241533	0	0	0	0	0	0	0	0.000833053883761	0	0	0	7.05977867594e-06	0	0	6.70678974214e-05	0	0	0	0	0	0.000758926207663	0	0.000769515875677	0	0	0.00019061402425	0.000127076016167	0	0	0	0	0	0	0.000762456097001	0	0	0	0.000801284879719	0	0	0	0	0	0	0	0	0
0.00632909158298	0.000300040593727	0.0133465115869	0	3.17690040417e-05	0	7.05977867594e-05	0.000377698159163	0.0013484177271	7.05977867594e-06	3.52988933797e-06	1.05896680139e-05	7.05977867594e-05	7.41276760974e-05	0.0046665137048	0.00108720591609	0.00396406572654	0.00774104731817	9.53070121252e-05	0.00109779558411	6.70678974214e-05	0.0291074674809	0.000900121781182	0.0913005877266	0.000363578601811	2.11793360278e-05	0.00200144725463	0.0219064932314	0.0060431705466	0.00493478529448	0.0150585079158	0	1.41195573519e-05	0.00150726274731	0.00658677350465	0	9.17771227872e-05	0.000187084134912	0	1.76494466898e-05	0	2.11793360278e-05	4.23586720556e-05	1.05896680139e-05	0.000462415503274	3.52988933797e-05	9.88369014631e-05	5.29483400695e-05	7.05977867594e-06	0	0	0.0120616318678	1.76494466898e-05	7.05977867594e-06	4.58885613936e-05	5.64782294075e-05	0.000176494466898	0.0123757920189	0.00134135794843	0.00427469598828	8.11874547733e-05	0.000247092253658	0.00257328932738	0.000670678974214	0	0	0	0	0	8.47173441113e-05	0.00899062814381	0.00304982438801	0.0160398171517	0.0108508798249	0.00325455796961	0.000271801479024	7.76575654353e-05	0.00170493655024	0.000360048712473	0.000737746871636	0.00046947528195	3.17690040417e-05	0	0
4.94184507316e-05	0.000970719567942	0.000215323249616	0	0.01418309536	0.00193790924655	0.00583490707566	0.00189555057449	0.00277096313031	0.00656912405796	0.00022591291763	0.000656559416862	0.0058101978503	0.000292980815051	0.00176141477965	0.00353341922731	0.00428175576696	4.58885613936e-05	0.000105896680139	0.000254152032334	0.00800225912918	0.000381228048501	0.00493478529448	0.000363578601811	0.0605058331421	3.17690040417e-05	0.000571842072751	0.000787165322367	0.016011578037	0.00579254840361	0.000349459044459	3.52988933797e-05	1.76494466898e-05	0.0035793077887	0.00870117721809	0.00160256975944	0.000300040593727	0.000102366790801	0	0.00597963253852	2.47092253658e-05	0.00211440371344	0.000631850191496	0.000653029527524	0.0245433205669	0.00214264282815	0.000458885613936	0.00363578601811	3.52988933797e-05	0.0011154450308	0.000734216982298	0.000501244285992	0.000127076016167	0.00024356236432	0.000476535060626	0.00395700594786	2.11793360278e-05	0.00100954835066	0.000137665684181	0.0209957817822	0.000268271589686	0.000345929155121	0.000705977867594	0.00375227236626	0.00147902363261	0	0	7.05977867594e-06	6.70678974214e-05	0.000794225101043	0.00541132035511	0.00064243985951	0.0030674738347	0.00214264282815	0.00342399265783	3.17690040417e-05	0.000127076016167	0.00485359783971	0.000822464215747	0.000914241338534	0.000377698159163	0.000829523994423	2.82391147038e-05	1.05896680139e-05
0	0.00206851515205	1.05896680139e-05	0	0	5.29483400695e-05	4.23586720556e-05	0	0	0.000345929155121	0	0.000787165322367	3.52988933797e-06	0.00543249969113	3.52988933797e-06	3.52988933797e-06	3.88287827177e-05	2.82391147038e-05	2.11793360278e-05	5.64782294075e-05	0	0	0.000345929155121	2.11793360278e-05	3.17690040417e-05	0.0166398983392	0.00329691664166	0.0103743447643	2.82391147038e-05	3.52988933797e-06	0	0.000804814769057	0	0	3.88287827177e-05	0	0.00324043841226	7.05977867594e-06	0	0	0	0	0	0	0.000289450925713	0	0.000988369014631	3.17690040417e-05	0.0038299299317	0	0	7.05977867594e-06	0	7.05977867594e-05	1.41195573519e-05	0	0	0.000292980815051	0	0.000222383028292	0.00358283767804	0.00217088194285	0.00816463403872	1.05896680139e-05	0	0	1.05896680139e-05	0	0	0	0.000151785241533	0.000120016237491	1.76494466898e-05	3.52988933797e-06	6.70678974214e-05	0	4.23586720556e-05	4.23586720556e-05	0.00158492031275	3.52988933797e-06	0	0	0	0.00046947528195
4.58885613936e-05	0.000232972696306	0.00639262959106	0	0.000430646499232	0	0.000607140966131	7.05977867594e-05	0.000338869376445	3.52988933797e-06	3.52988933797e-05	0.0114897897951	0.000875412555816	0.00216735205351	0.00270036534355	0.000148255352195	5.29483400695e-05	0.00911770415997	0.00502656241727	0.0184154326762	0.00108720591609	0.00020826347094	3.52988933797e-06	0.00200144725463	0.000571842072751	0.00329691664166	0.0739158827371	0.0235373021056	0.00109073580543	0.00500891297058	0.000162374909547	0.00230148784836	0.000342399265783	0.000201203692264	0.00909299493461	0	0.000910711449196	0.000681268642228	0	1.76494466898e-05	0	1.05896680139e-05	2.47092253658e-05	2.82391147038e-05	0.000430646499232	5.64782294075e-05	0.00319101996152	4.23586720556e-05	0.00247445242592	3.52988933797e-06	0	0.000158845020209	0.000554192626061	0.000324749819093	0.00216382216418	5.64782294075e-05	3.52988933797e-06	0.000285921036376	0.000109426569477	0.000201203692264	0.000476535060626	0.00746924583914	0.00800225912918	0.000137665684181	0	0	5.64782294075e-05	0	0	0.000480064949964	0.00478652994229	0.00625849379622	0.00300393582661	0.00135194761644	2.11793360278e-05	3.52988933797e-06	1.76494466898e-05	0.000614200744807	0.00511480965072	0.000307100372403	2.82391147038e-05	1.41195573519e-05	0	0.000282391147038
0.00120722215359	0.017285868088	0.0197214917312	0	3.17690040417e-05	0.000737746871636	0.000462415503274	2.82391147038e-05	0.000134135794843	0.0020543955947	7.05977867594e-06	0.000349459044459	6.00081187455e-05	0.00371344358354	0.00123546126829	0.000247092253658	0.00286274025309	0.0052524753349	0.000165904798885	0.00443354100849	5.29483400695e-05	0.000762456097001	0.00477241038493	0.0219064932314	0.000787165322367	0.0103743447643	0.0235373021056	0.115028503856	0.000656559416862	0.00157786053407	0.00169434688223	0.000494184507316	3.17690040417e-05	0.000850703330451	0.00171552621825	3.52988933797e-06	0.0150690975838	0.00123899115763	0	4.23586720556e-05	0	2.82391147038e-05	2.11793360278e-05	1.41195573519e-05	0.000967189678604	3.88287827177e-05	0.00145784429658	7.76575654353e-05	0.00185319190243	3.52988933797e-06	7.05977867594e-06	0.00907534548792	0.000698918088918	0.000218853138954	0.00151432252599	3.17690040417e-05	6.70678974214e-05	0.011895727069	0.00156727086606	0.00124252104697	0.00116133359219	0.0076422104167	0.0375015443266	0.00020826347094	3.52988933797e-06	0	4.58885613936e-05	0	0	0.000928360895886	0.00850703330451	0.0029474575972	0.00399936461992	0.00463121481142	0.00194849891456	0.000123546126829	2.82391147038e-05	0.00170846643958	0.00265094689281	0.00124252104697	0.000292980815051	0.000112956458815	7.05977867594e-06	6.00081187455e-05
0.00397112550522	0.000335339487107	0.000374168269825	0	0.00811521558799	0.00158492031275	0.0108897086076	0.0218570747807	0.0151432252599	0.000963659789266	0.00587020596904	0.00161668931679	0.00258034910606	0.000349459044459	0.0126193543832	0.00251328120863	0.00103425757602	0.00019061402425	0.000335339487107	0.000578901851427	0.00464180447943	0.0101554916253	0.000317690040417	0.0060431705466	0.016011578037	2.82391147038e-05	0.00109073580543	0.000656559416862	0.0826488289592	0.0178824193862	0.0163857463069	1.05896680139e-05	4.58885613936e-05	0.0105896680139	0.0169328791542	7.41276760974e-05	1.41195573519e-05	4.94184507316e-05	0	0.00614200744807	2.82391147038e-05	0.00163433876348	0.000547132847385	0.000518893732681	0.0122769551175	0.00191320002118	0.000338869376445	0.00263329744613	0	0.000296510704389	7.41276760974e-05	0.00026121181101	8.11874547733e-05	0.000215323249616	0.000285921036376	0.00318749007219	7.05977867594e-06	4.94184507316e-05	0.000134135794843	0.012167528548	4.94184507316e-05	0.000194143913588	0.000314160151079	0.00273213434759	0.000204733581602	0	0	1.05896680139e-05	7.05977867594e-06	0.000360048712473	0.00460297569671	0.000483594839302	0.00641733881643	0.0028909793678	0.00194849891456	0.000105896680139	8.82472334492e-05	0.00183201256641	0.000547132847385	0.000448295945922	0.000204733581602	0.000518893732681	2.47092253658e-05	0
0.0137524488607	0	0.00221677050424	0	0.0033745742071	9.88369014631e-05	0.00682680597963	0.00525600522424	0.00987663036764	0.000120016237491	0.000232972696306	0.00951658165517	0.0071303764627	0.00177906422634	0.0318607811645	0.00134488783777	2.82391147038e-05	0.00199085758661	0.00139783617784	0.00197673802926	0.00677385763956	0.00314866128947	0	0.00493478529448	0.00579254840361	3.52988933797e-06	0.00500891297058	0.00157786053407	0.0178824193862	0.0672055631056	0.0234066962001	0.000158845020209	0.00298275649058	0.0232407914012	0.0338128099684	3.52988933797e-06	0	0	0	0.000112956458815	3.52988933797e-06	0.000102366790801	1.76494466898e-05	6.35380080834e-05	0.000518893732681	0.000123546126829	0.000162374909547	0.000423586720556	0	3.17690040417e-05	4.23586720556e-05	0.000123546126829	0	0.000109426569477	2.11793360278e-05	0.000412997052542	3.52988933797e-06	3.17690040417e-05	7.05977867594e-06	0.00130605905505	0.000600081187455	6.35380080834e-05	0.000148255352195	0.000222383028292	7.05977867594e-06	0	0	1.05896680139e-05	3.52988933797e-06	0	0.00324043841226	0.00135194761644	0.0126228842726	0.00328632697365	0.000649499638186	0.000229442806968	0.000861292998464	0.000773045765015	0.000250622142996	2.82391147038e-05	0.000201203692264	0.00020826347094	3.17690040417e-05	0
0.017744753702	0	0.00276390335163	0	1.41195573519e-05	2.11793360278e-05	0.00022591291763	0.00625496390688	0.00590197497308	0	0	4.58885613936e-05	2.82391147038e-05	2.11793360278e-05	0.0143419403802	2.11793360278e-05	0.000137665684181	0.00288744947846	1.05896680139e-05	0.000607140966131	3.88287827177e-05	0.0179106585009	0	0.0150585079158	0.000349459044459	0	0.000162374909547	0.00169434688223	0.0163857463069	0.0234066962001	0.0543744153621	0	1.05896680139e-05	0.0123051942322	0.00931184807356	0	0	0	0	0	0	0	3.52988933797e-06	0	0.000349459044459	3.52988933797e-06	3.52988933797e-06	3.52988933797e-06	0	0	0	3.52988933797e-06	0	0	3.52988933797e-06	3.52988933797e-06	3.52988933797e-06	4.23586720556e-05	1.05896680139e-05	0.000345929155121	1.41195573519e-05	0	2.11793360278e-05	5.64782294075e-05	0	0	0	0	0	0	0.000127076016167	4.58885613936e-05	0.00669972996347	0.00069538819958	0.000120016237491	5.29483400695e-05	1.76494466898e-05	7.41276760974e-05	3.52988933797e-06	1.41195573519e-05	0	0	0	0
0	0	3.52988933797e-06	0	2.11793360278e-05	0	2.11793360278e-05	0	7.05977867594e-06	0	0	0.000575371962089	6.00081187455e-05	0.00432058454967	0.000112956458815	0	0	0	3.52988933797e-06	7.05977867594e-06	3.88287827177e-05	0	0	0	3.52988933797e-05	0.000804814769057	0.00230148784836	0.000494184507316	1.05896680139e-05	0.000158845020209	0	0.005326603011	0	0	0.00017296457756	0	4.58885613936e-05	0	0	0	0	7.05977867594e-06	0	1.41195573519e-05	3.52988933797e-05	1.41195573519e-05	0.000617730634145	2.11793360278e-05	0.00304276460933	0	0	0	0	0	0	3.52988933797e-06	0	3.52988933797e-05	0	3.52988933797e-05	0.000610670855469	0.000102366790801	0.000360048712473	0	3.52988933797e-06	0	1.05896680139e-05	0	0	2.11793360278e-05	4.58885613936e-05	0.000187084134912	3.52988933797e-06	0	0	0	1.05896680139e-05	3.52988933797e-06	0.00207204504139	9.88369014631e-05	0	7.05977867594e-06	0	0.000384757937839
3.52988933797e-06	7.05977867594e-06	7.05977867594e-06	0	1.05896680139e-05	0.00146490407526	0.00126723027233	1.76494466898e-05	0.00159198009142	1.05896680139e-05	3.52988933797e-06	0.00136606717379	2.11793360278e-05	0.000437706277908	0.00266506645017	7.76575654353e-05	0	0	0	0	3.52988933797e-05	0	3.52988933797e-06	1.41195573519e-05	1.76494466898e-05	0	0.000342399265783	3.17690040417e-05	4.58885613936e-05	0.00298275649058	1.05896680139e-05	0	0.00701036022521	7.05977867594e-06	0.00295451737588	0	0	0	0	3.52988933797e-06	0	3.52988933797e-06	0	0	7.05977867594e-06	0	7.05977867594e-06	3.52988933797e-06	0	0	0	3.52988933797e-06	0	0	3.52988933797e-06	3.52988933797e-06	0	3.52988933797e-06	0	3.52988933797e-06	0	3.52988933797e-06	3.52988933797e-06	0	0	0	0	0	0	0	0.00045182583526	1.05896680139e-05	0.000289450925713	3.52988933797e-06	0.000578901851427	0.000631850191496	6.00081187455e-05	3.52988933797e-06	3.52988933797e-06	0	0	0	0	0
0.00540779046577	0	0.00131664872306	0	0.000197673802926	1.76494466898e-05	0.000321219929755	0.00234384652041	0.00299687604794	0	1.76494466898e-05	0.000105896680139	0.000176494466898	0.000349459044459	0.0107591027021	0.000247092253658	2.82391147038e-05	0.00174729522229	2.47092253658e-05	0.000525953511357	0.000204733581602	0.00211087382411	0	0.00150726274731	0.0035793077887	0	0.000201203692264	0.000850703330451	0.0105896680139	0.0232407914012	0.0123051942322	0	7.05977867594e-06	0.0265624172682	0.0192414267813	1.05896680139e-05	0	3.52988933797e-06	0	0.000105896680139	3.52988933797e-06	9.53070121252e-05	1.05896680139e-05	8.11874547733e-05	0.00176494466898	9.17771227872e-05	6.70678974214e-05	0.000134135794843	0	2.47092253658e-05	7.05977867594e-06	9.88369014631e-05	3.52988933797e-06	4.23586720556e-05	4.58885613936e-05	0.000148255352195	0	8.11874547733e-05	2.11793360278e-05	0.00185672179177	0	2.11793360278e-05	0.000105896680139	0.000370638380487	1.41195573519e-05	0	0	0	3.52988933797e-06	2.11793360278e-05	0.00225206939762	0.000105896680139	0.00647381704584	0.00186378157045	0.000112956458815	0.000120016237491	3.52988933797e-06	0.000917771227872	0.000130605905505	3.88287827177e-05	7.05977867594e-06	0.000102366790801	3.52988933797e-06	0
0.00273566423693	0	0.00166610776752	0	0.00300040593727	0.000250622142996	0.0057078310595	0.00222736017226	0.00410173141072	2.11793360278e-05	0.000109426569477	0.013681851074	0.00659030339399	0.00208616459874	0.0141160274625	0.00263682733546	5.29483400695e-05	0.00471240226619	0.00164845832083	0.00761044141266	0.00662913217671	0.00605729010396	0	0.00658677350465	0.00870117721809	3.88287827177e-05	0.00909299493461	0.00171552621825	0.0169328791542	0.0338128099684	0.00931184807356	0.00017296457756	0.00295451737588	0.0192414267813	0.0658041970384	1.05896680139e-05	3.52988933797e-06	0.000134135794843	0	0.000183554245574	1.05896680139e-05	0.000292980815051	3.52988933797e-05	0.000169434688223	0.00517481776946	0.00020826347094	0.000822464215747	0.00045182583526	3.52988933797e-06	5.29483400695e-05	2.82391147038e-05	0.000515363843344	1.76494466898e-05	0.000367108491149	0.000338869376445	0.000423586720556	1.76494466898e-05	0.000187084134912	0.000134135794843	0.00315925095748	0.000600081187455	0.000367108491149	0.00067773875289	0.00090365167052	2.11793360278e-05	0	0	1.41195573519e-05	3.52988933797e-06	7.76575654353e-05	0.00820699271078	0.00226618895498	0.021818245998	0.0057643092889	0.00102366790801	0.000331809597769	0.000914241338534	0.00414056019344	0.00125664060432	0.000314160151079	0.000264741700348	0.000412997052542	4.23586720556e-05	0
0	3.52988933797e-06	3.52988933797e-06	0	0	0	0	4.58885613936e-05	0	2.47092253658e-05	0	0	0.000335339487107	0	0	3.52988933797e-06	0	0	0	0	0	0	0	0	0.00160256975944	0	0	3.52988933797e-06	7.41276760974e-05	3.52988933797e-06	0	0	0	1.05896680139e-05	1.05896680139e-05	0.0231348947211	1.05896680139e-05	1.41195573519e-05	0	0.00189202068515	0	0.000773045765015	0.00991192926102	0.00599022220653	0.00151079263665	0.00156727086606	9.88369014631e-05	0.000462415503274	3.52988933797e-06	0.0135477152791	4.94184507316e-05	1.41195573519e-05	2.47092253658e-05	0	4.94184507316e-05	9.17771227872e-05	0.00196967825059	1.05896680139e-05	0.00242150408585	0.00440177200445	0	4.23586720556e-05	3.52988933797e-05	0.00547485836319	0.011436841455	0.00353694911665	0	0	0.000232972696306	0.000412997052542	1.05896680139e-05	0	3.52988933797e-06	0	0	0	0	0.000137665684181	2.11793360278e-05	0.00050477417533	0.000169434688223	1.05896680139e-05	0	0
