8367	0	5	0	185	0	372	5170	2776	0	1412	584	28	0	4542	0	0	175	13	36	225	5	0	2	31	0	83	11	1848	3239	2723	0	2	259	1507	0	0	0	0	0	0	0	0	0	0	0	0	0	0	0	0	0	0	0	0	0	0	0	0	0	0	0	1	0	0	0	0	0	0	0	5	0	1058	2	0	0	0	0	0	0	0	0	0	0
0	7255	97	0	0	1	8	0	0	638	0	0	0	12	0	54	304	0	0	2	0	3	2052	48	1148	75	1148	6076	13	0	0	0	0	0	2	0	4082	0	0	0	24	0	0	0	172	1	2	1	32	0	52	55	0	8	3	1	18	271	5	107	427	38	4346	29	0	0	3	0	0	0	52	46	3	1	54	0	0	26	31	0	0	8	0	3
5	97	7323	0	0	2	3	306	8	2	0	83	0	12	5	4	5	1275	1	81	0	155	196	2789	7	1	2102	2714	583	5	731	0	0	3	185	0	86	2	0	0	0	0	0	0	11	0	4	0	0	0	0	7	0	1	1	0	1	275	8	22	1	1	549	19	0	0	0	0	0	0	897	188	1110	607	0	1	2	10	1	11	14	1	0	0
0	0	0	0	0	0	0	0	0	0	0	0	0	0	0	0	0	0	0	0	0	0	0	0	0	0	0	0	0	0	0	0	0	0	0	0	0	0	0	0	0	0	0	0	0	0	0	0	0	0	0	0	0	0	0	0	0	0	0	0	0	0	0	0	0	0	0	0	0	0	0	0	0	0	0	0	0	0	0	0	0	0	0	0
185	0	0	0	3207	0	40	826	125	67	413	170	384	2	226	11	0	10	8	28	1427	0	0	2	1283	0	65	1	1248	275	1	0	0	6	417	0	0	0	0	407	1	2	0	2	171	20	0	83	0	0	2	0	0	0	0	335	0	0	0	186	0	0	0	131	0	0	0	0	0	0	29	1	503	28	9	41	0	0	0	0	0	14	0	0
0	1	2	0	0	1312	511	0	119	15	0	0	21	0	0	281	0	0	0	0	0	0	1	4	11	0	0	0	1	0	0	0	545	0	102	0	0	0	0	0	0	0	0	0	0	0	1	0	0	0	0	0	0	0	0	0	0	0	0	0	0	0	0	0	0	0	0	0	0	0	3	0	15	8	426	165	0	0	1	1	0	0	0	0
372	8	3	0	40	511	10222	1809	5288	159	3148	449	2176	17	1579	1020	3	50	54	96	659	6	10	9	227	0	103	3	788	867	14	0	161	383	914	0	0	0	0	13	3	1	0	2	34	0	3	25	1	0	6	0	0	0	0	14	1	1	1	0	0	0	0	3	0	0	0	0	0	0	106	8	562	26	245	77	0	1	1	3	1	32	0	1
5170	0	306	0	826	0	1809	17582	4773	42	5423	1855	193	7	4069	7	0	731	121	497	1487	182	0	465	730	0	805	222	7573	3959	3733	0	2	2106	4334	0	1	0	0	442	1	0	0	0	374	56	2	4	0	0	1	0	0	2	0	336	3	2	15	645	0	1	3	505	0	0	0	0	0	1	144	6	3762	132	2	70	0	29	6	3	0	2	0	0
2776	0	8	0	125	119	5288	4773	12491	0	3356	597	639	237	5408	120	3	99	38	94	545	9	0	21	57	3	84	13	1515	1932	574	0	275	459	1716	0	0	0	0	3	1	19	0	27	0	2	159	6	25	0	0	0	0	70	3	5	0	0	0	34	0	5	5	11	1	0	0	0	0	127	407	30	912	90	32	64	35	28	36	188	3	13	12	4
0	638	2	0	67	15	159	42	0	4647	0	0	731	1	0	762	1	0	0	1	8	0	1045	10	3485	0	40	158	417	5	2	0	2	10	37	0	175	0	0	214	3	0	0	0	1280	1	8	14	67	0	11	112	0	25	3	77	0	184	1	969	88	27	148	102	1	0	3	0	1	1	72	5	45	11	684	1	0	49	12	22	6	10	3	0
1412	0	0	0	413	0	3148	5423	3356	0	9294	1050	477	1	1412	5	0	63	42	143	1081	0	0	1	6	0	156	3	2604	1687	19	0	2	367	1644	0	0	0	0	27	0	0	0	0	3	1	2	1	0	0	0	0	0	2	0	1	1	0	0	49	0	0	0	43	0	0	0	0	0	1	26	2	1347	8	1	3	0	1	0	2	0	0	0	0
584	0	83	0	170	0	449	1855	597	0	1050	9898	815	1640	233	0	13	194	733	1275	1301	210	0	165	82	363	1758	124	985	2650	253	371	165	428	5409	0	17	0	0	2	2	11	1	13	12	1	208	7	552	1	5	1	0	77	0	1	2	14	2	44	351	80	23	15	1	0	38	0	0	55	569	1238	4982	402	1	6	306	30	145	89	3	7	1	109
28	0	0	0	384	21	2176	193	639	731	477	815	6859	3	935	638	2	6	74	107	3151	2	0	3	943	0	240	3	138	712	0	0	4	0	1186	0	1	0	0	18	3	4	0	11	47	1	27	79	12	0	9	0	0	7	0	21	10	3	21	14	0	1	3	17	0	0	0	0	0	26	77	4	969	1	361	1	0	47	11	28	0	39	0	0
0	12	12	0	2	0	17	7	237	1	1	1640	3	4274	2	0	0	0	7	11	3	9	1	25	2	1185	1051	1078	28	207	3	629	117	1	386	0	72	1	0	3	5	8	0	12	34	8	289	11	1426	4	9	3	0	15	1	12	0	40	0	34	1241	300	84	3	3	0	132	3	0	13	131	876	604	294	0	33	298	17	147	66	2	6	14	191
4542	0	5	0	226	0	1579	4069	5408	0	1412	233	935	2	10725	60	4	108	11	27	930	4	0	8	61	0	53	10	1175	3155	1605	0	46	159	873	0	0	0	0	3	0	46	0	86	0	3	365	11	69	4	0	0	0	147	4	3	5	5	0	48	0	6	6	13	7	0	0	1	0	332	36	6	490	2	2	0	0	22	68	397	1	34	1	0
0	54	4	0	11	281	1020	7	120	762	5	0	638	0	60	3071	15	0	0	2	12	95	71	100	682	0	5	3	219	15	0	0	39	1	133	0	21	4	0	3	1	0	0	0	29	0	14	3	0	0	6	19	0	12	5	3	3	31	8	99	0	8	49	97	0	0	0	0	0	1	129	9	353	278	1255	28	0	69	26	31	35	8	0	0
0	304	5	0	0	0	3	0	3	1	0	13	2	0	4	15	4259	0	1	0	3	951	2391	1953	1010	0	29	803	499	9	0	0	0	0	21	0	144	0	0	0	0	0	0	0	0	0	3	0	1	0	0	477	0	6	0	0	621	1340	254	232	25	5	161	480	0	0	0	0	0	0	187	64	34	21	3	2	0	3	3	0	0	0	0	0
175	0	1275	0	10	0	50	731	99	0	63	194	6	0	108	0	0	7973	29	2596	33	756	0	1772	25	0	3610	789	1323	314	1965	0	0	274	3208	0	0	1	0	1	0	0	1	0	3	0	0	0	0	0	0	0	0	0	0	0	2	0	3	2	1	6	7	2	0	1	0	0	0	0	72	9	2002	91	0	0	0	1	0	1	4	1	0	0
13	0	1	0	8	0	54	121	38	0	42	733	74	7	11	0	1	29	1400	997	96	53	0	20	5	0	416	3	73	117	66	0	0	60	542	0	0	0	0	0	0	1	0	1	0	0	1	0	0	0	0	0	0	1	0	0	0	0	0	1	0	0	0	0	0	0	0	0	0	1	93	6	460	16	0	0	0	0	0	2	0	0	0	0
36	2	81	0	28	0	96	497	94	1	143	1275	107	11	27	2	0	2596	997	5502	176	311	0	253	25	0	2562	229	412	278	800	0	0	273	2661	0	4	0	0	1	0	0	0	0	3	0	0	1	0	0	0	0	0	7	3	0	2	0	2	3	4	13	28	3	0	0	0	0	0	0	486	76	2035	190	2	0	2	1	2	6	8	0	0	0
225	0	0	0	1427	0	659	1487	545	8	1081	1301	3151	3	930	12	3	33	96	176	6331	4	0	9	685	0	329	5	406	1152	2	0	0	8	2094	0	1	0	0	8	0	0	0	0	1	3	2	20	0	0	0	0	0	2	0	3	10	2	22	27	0	1	3	24	0	0	0	0	0	1	114	5	1786	2	0	25	0	50	11	2	0	0	0	0
5	3	155	0	0	0	6	182	9	0	0	210	2	9	4	95	951	756	53	311	4	8093	254	3363	25	0	272	115	2317	135	2195	0	0	46	2116	0	23	1	0	0	0	0	0	0	0	0	3	0	1	0	0	35	0	6	0	0	469	666	69	104	22	7	33	329	0	0	0	0	0	0	570	101	1683	300	11	4	0	5	6	4	4	0	0	1
0	2052	196	0	0	1	10	0	0	1045	0	0	0	1	0	71	2391	0	0	0	0	254	8028	2373	2117	2	132	3283	258	0	0	0	0	0	0	0	416	0	0	0	1	0	0	0	5	0	1	0	5	0	1	1388	0	5	0	0	469	3404	1030	304	19	5	1732	336	0	0	0	0	0	0	36	14	0	0	71	0	0	2	1	0	0	0	0	0
2	48	2789	0	2	4	9	465	21	10	1	165	3	25	8	100	1953	1772	20	253	9	3363	2373	14840	177	4	866	1265	1830	73	1872	0	1	37	961	0	70	19	0	0	0	9	3	11	16	14	23	12	1	0	0	1000	3	25	25	13	779	2730	1348	199	40	56	1100	442	0	1	0	0	0	11	1852	453	2307	1506	20	7	1	117	30	137	149	9	8	0
31	1148	7	0	1283	11	227	730	57	3485	6	82	943	2	61	682	1010	25	5	25	685	25	2117	177	10271	1	173	714	2903	284	59	0	2	187	408	1	204	0	0	488	7	6	7	4	1883	49	28	49	23	14	14	279	0	14	5	443	51	398	4	1854	39	16	208	682	28	0	2	0	0	4	408	88	463	96	539	18	1	81	17	191	143	38	2	0
0	75	1	0	0	0	0	0	3	0	0	363	0	1185	0	0	0	0	0	0	0	0	2	4	1	2181	745	835	0	4	0	191	2	0	6	0	317	0	0	0	2	0	0	1	32	0	52	0	695	1	3	2	0	105	2	0	0	43	0	14	1054	156	251	1	1	0	29	1	0	3	8	148	41	0	0	0	141	0	16	3	0	0	0	124
83	1148	2102	0	65	0	103	805	84	40	156	1758	240	1051	53	5	29	3610	416	2562	329	272	132	866	173	745	21458	6521	743	279	953	849	0	250	2137	0	2400	40	0	2	21	13	2	18	140	1	683	3	1278	0	43	86	3	596	81	1	17	293	17	181	2058	2571	4349	119	1	1	138	0	0	17	3103	1953	3382	781	5	8	58	75	109	54	16	12	9	57
11	6076	2714	0	1	0	3	222	13	158	3	124	3	1078	10	3	803	789	3	229	5	115	3283	1265	714	835	6521	20860	223	13	274	176	0	5	201	0	5341	26	0	0	29	2	0	4	217	2	274	4	830	0	60	206	2	207	39	2	31	1475	184	193	1708	1086	7987	105	1	0	132	0	0	1	2317	976	760	325	1	9	61	126	105	25	15	9	2	26
1848	13	583	0	1248	1	788	7573	1515	417	2604	985	138	28	1175	219	499	1323	73	412	406	2317	258	1830	2903	0	743	223	18232	3364	4329	0	1	2213	4005	1	40	1	0	919	2	6	0	6	1436	66	18	29	10	4	2	311	0	10	4	602	91	590	7	1923	34	25	60	1227	11	0	2	0	0	5	1227	178	3795	509	45	87	1	45	12	161	117	20	2	0
3239	0	5	0	275	0	867	3959	1932	5	1687	2650	712	207	3155	15	9	314	117	278	1152	135	0	73	284	4	279	13	3364	13461	3174	0	202	3165	5862	1	0	1	0	7	2	54	3	90	46	3	394	13	57	3	0	0	0	167	5	4	8	5	2	88	0	8	11	28	6	0	0	1	0	342	429	35	3041	147	6	1	38	43	89	444	11	39	8	1
2723	0	731	0	1	0	14	3733	574	2	19	253	0	3	1605	0	0	1965	66	800	2	2195	0	1872	59	0	953	274	4329	3174	12609	0	0	1139	4453	1	0	1	0	0	0	0	0	0	3	0	0	0	0	0	0	0	0	0	1	0	3	0	3	3	0	1	3	2	0	0	0	0	0	0	40	2	2113	107	0	0	1	1	0	3	6	0	0	0
0	0	0	0	0	0	0	0	0	0	0	371	0	629	0	0	0	0	0	0	0	0	0	0	0	191	849	176	0	0	0	1150	0	1	1	0	23	0	0	0	3	0	0	0	13	0	170	0	467	0	5	2	0	50	0	0	0	19	0	7	306	269	72	2	0	0	34	0	0	1	43	167	11	0	0	0	9	0	64	2	0	0	0	25
2	0	0	0	0	545	161	2	275	2	2	165	4	117	46	39	0	0	0	0	0	0	0	1	2	2	0	0	1	202	0	0	987	0	283	0	0	0	0	0	0	0	0	0	0	0	0	0	0	0	0	0	0	0	0	0	0	0	0	0	0	0	0	0	0	0	0	0	0	0	0	5	70	0	116	128	25	0	0	0	0	0	0	0
259	0	3	0	6	0	383	2106	459	10	367	428	0	1	159	1	0	274	60	273	8	46	0	37	187	0	250	5	2213	3165	1139	1	0	4079	2281	0	5	0	0	1	1	4	6	3	125	0	14	1	6	2	0	0	0	6	1	1	0	5	0	70	5	1	2	13	2	0	0	0	0	7	8	3	1491	130	0	0	1	10	1	49	25	1	4	0
1507	2	185	0	417	102	914	4334	1716	37	1644	5409	1186	386	873	133	21	3208	542	2661	2094	2116	0	961	408	6	2137	201	4005	5862	4453	1	283	2281	18276	0	28	1	0	31	4	56	19	75	552	15	387	15	57	8	2	4	0	222	7	16	14	32	16	508	24	31	69	178	8	2	1	0	1	262	829	100	11608	925	26	174	55	233	127	543	138	36	29	12
0	0	0	0	0	0	0	0	0	0	0	0	0	0	0	0	0	0	0	0	0	0	0	0	1	0	0	0	1	1	1	0	0	0	0	4743	0	292	0	3	0	259	1215	369	1	259	157	36	0	2392	2	0	251	48	488	197	159	0	581	482	0	320	272	511	1543	1061	0	1	145	1067	0	0	1	1	0	0	0	8	2	891	11	2	3	0
0	4082	86	0	0	0	0	1	0	175	0	17	1	72	0	21	144	0	0	4	1	23	416	70	204	317	2400	5341	40	0	0	23	0	5	28	0	10575	0	0	0	181	0	0	0	1765	1	104	2	1241	0	326	694	3	534	12	1	301	3278	27	1351	3962	1181	9372	307	0	0	73	0	0	0	72	142	35	4	21	0	0	93	68	3	2	50	1	24
0	0	2	0	0	0	0	0	0	0	0	0	0	1	0	4	0	1	0	0	0	1	0	19	0	0	40	26	1	1	1	0	0	0	1	292	0	5980	0	11	0	122	301	150	0	48	162	10	0	279	3	1	1879	64	345	32	136	0	1590	92	0	1948	1463	147	173	249	0	0	2	823	2	12	22	21	0	0	0	107	98	1194	193	3	0	0
0	0	0	0	0	0	0	0	0	0	0	0	0	0	0	0	0	0	0	0	0	0	0	0	0	0	0	0	0	0	0	0	0	0	0	0	0	0	0	0	0	0	0	0	0	0	0	0	0	0	0	0	0	0	0	0	0	0	0	0	0	0	0	0	0	0	0	0	0	0	0	0	0	0	0	0	0	0	0	0	0	0	0	0
0	0	0	0	407	0	13	442	3	214	27	2	18	3	3	3	0	1	0	1	8	0	0	0	488	0	2	0	919	7	0	0	0	1	31	3	0	11	0	4645	20	235	0	208	1146	456	126	1174	17	21	53	0	0	62	12	3263	0	0	7	2160	0	42	47	1421	29	0	0	1	0	50	1	0	37	3	0	1	0	41	29	270	47	102	70	0
0	24	0	0	1	0	3	1	1	3	0	2	3	5	0	1	0	0	0	0	0	0	1	0	7	2	21	29	2	2	0	3	0	1	4	0	181	0	0	20	2179	553	2	316	739	6	2	26	45	3	1228	0	0	19	0	13	0	194	0	680	158	25	161	13	2	0	5	108	0	53	2	0	4	2	0	0	0	45	0	36	15	652	365	0
0	0	0	0	2	0	1	0	19	0	0	11	4	8	46	0	0	0	1	0	0	0	0	9	6	0	13	2	6	54	0	0	0	4	56	259	0	122	0	235	553	12009	731	6523	43	5509	524	4286	135	843	1097	0	13	124	118	890	0	0	12	1142	0	213	126	750	1090	18	1	64	11	572	33	2	56	10	0	5	0	599	12	1154	23	1055	577	0
0	0	0	0	0	0	0	0	0	0	0	1	0	0	0	0	0	1	0	0	0	0	0	3	7	0	2	0	0	3	0	0	0	6	19	1215	0	301	0	0	2	731	8210	1076	22	1263	129	10	0	1276	6	0	210	248	652	35	64	0	242	741	0	636	297	3235	1196	1737	0	0	153	522	4	2	20	16	0	0	0	15	6	855	18	3	0	0
0	0	0	0	2	0	2	0	27	0	0	13	11	12	86	0	0	0	1	0	0	0	0	11	4	1	18	4	6	90	0	0	0	3	75	369	0	150	0	208	316	6523	1076	10471	22	3674	492	2120	241	2406	127	0	13	46	106	980	0	0	13	1279	9	223	139	628	1150	27	0	370	10	837	35	7	76	18	0	6	1	740	19	1221	47	743	802	18
0	172	11	0	171	0	34	374	0	1280	3	12	47	34	0	29	0	3	0	3	1	0	5	16	1883	32	140	217	1436	46	3	13	0	125	552	1	1765	0	0	1146	739	43	22	22	7973	27	169	617	586	22	1245	320	0	256	6	806	4	2398	5	5652	1458	264	1443	936	40	0	40	0	2	67	215	3	603	294	7	15	0	185	45	414	265	442	24	3
0	1	0	0	20	0	0	56	2	1	1	1	1	8	3	0	0	0	0	0	3	0	0	14	49	0	1	2	66	3	0	0	0	0	15	259	1	48	0	456	6	5509	1263	3674	27	11709	860	4057	37	836	542	0	0	704	345	3442	2	0	18	2287	0	370	381	1159	715	0	0	8	29	828	16	0	20	6	0	3	0	203	74	1671	60	91	80	3
0	2	4	0	0	1	3	2	159	8	2	208	27	289	365	14	3	0	1	0	2	3	1	23	28	52	683	274	18	394	0	170	0	14	387	157	104	162	0	126	2	524	129	492	169	860	11601	1157	2193	478	9	7	68	3926	1184	937	53	47	277	882	283	888	415	242	560	132	138	200	0	4179	64	115	482	162	7	63	17	1191	1909	4797	356	23	314	309
0	1	0	0	83	0	25	4	6	14	1	7	79	11	11	3	0	0	0	1	20	0	0	12	49	0	3	4	29	13	0	0	0	1	15	36	2	10	0	1174	26	4286	10	2120	617	4057	1157	9885	160	561	593	0	0	659	269	3356	3	1	16	1005	1	179	211	277	627	0	2	26	3	656	13	0	23	7	0	3	0	176	52	1711	47	350	197	3
0	32	0	0	0	0	1	0	25	67	0	552	12	1426	69	0	1	0	0	0	0	1	5	1	23	695	1278	830	10	57	0	467	0	6	57	0	1241	0	0	17	45	135	0	241	586	37	2193	160	7043	118	96	79	0	251	0	76	14	950	2	362	3303	920	1135	25	126	0	475	124	0	635	5	301	76	13	0	5	13	37	439	888	3	7	183	762
0	0	0	0	0	0	0	0	0	0	0	1	0	4	4	0	0	0	0	0	0	0	0	0	14	1	0	0	4	3	0	0	0	2	8	2392	0	279	0	21	3	843	1276	2406	22	836	478	561	118	7322	0	0	177	57	397	527	115	0	430	658	3	304	253	278	2015	407	0	126	59	1130	0	0	9	5	0	0	0	13	2	892	12	2	83	2
0	52	0	0	2	0	6	1	0	11	0	5	9	9	0	6	0	0	0	0	0	0	1	0	14	3	43	60	2	0	0	5	0	0	2	2	326	3	0	53	1228	1097	6	127	1245	542	9	593	96	0	3036	0	0	44	4	80	0	354	0	1003	284	50	286	78	4	0	11	4	0	6	0	0	2	1	1	1	0	4	2	20	3	644	35	0
0	55	7	0	0	0	0	0	0	112	0	1	0	3	0	19	477	0	0	0	0	35	1388	1000	279	2	86	206	311	0	0	2	0	0	4	0	694	1	0	0	0	0	0	0	320	0	7	0	79	0	0	5754	0	28	5	0	923	4584	943	1742	220	40	1312	982	0	0	12	0	0	0	272	68	20	6	5	0	0	51	34	1	1	0	0	1
0	0	0	0	0	0	0	0	0	0	0	0	0	0	0	0	0	0	0	0	0	0	0	3	0	0	3	2	0	0	0	0	0	0	0	251	3	1879	0	0	0	13	210	13	0	0	68	0	0	177	0	0	4471	72	606	0	241	0	2376	9	0	785	462	348	50	789	0	0	3	1133	0	1	3	3	0	0	0	0	38	106	15	0	0	0
0	8	1	0	0	0	0	2	70	25	2	77	7	15	147	12	6	0	1	7	2	6	5	25	14	105	596	207	10	167	0	50	0	6	222	48	534	64	0	62	19	124	248	46	256	704	3926	659	251	57	44	28	72	5752	1171	733	34	268	109	814	574	1131	759	187	100	104	4	0	1	1296	38	55	308	113	5	46	0	694	1199	2308	198	5	1	6
0	3	1	0	0	0	0	0	3	3	0	0	0	1	4	5	0	0	0	3	0	0	0	25	5	2	81	39	4	5	1	0	0	1	7	488	12	345	0	12	0	118	652	106	6	345	1184	269	0	397	4	5	606	1171	5554	256	114	1	363	281	7	1277	342	337	148	666	0	0	5	1218	14	64	37	31	1	2	0	328	532	1312	115	1	0	0
0	1	0	0	335	0	14	336	5	77	1	1	21	12	3	3	0	0	0	0	3	0	0	13	443	0	1	2	602	4	0	0	0	1	16	197	1	32	0	3263	13	890	35	980	806	3442	937	3356	76	527	80	0	0	733	256	7738	1	0	25	3345	0	336	377	1178	555	0	0	6	19	786	17	0	21	5	0	3	0	219	97	1733	97	148	167	2
0	18	1	0	0	0	1	3	0	0	1	2	10	0	5	3	621	2	0	2	10	469	469	779	51	0	17	31	91	8	3	0	0	0	14	159	301	136	0	0	0	0	64	0	4	2	53	3	14	115	0	923	241	34	114	1	8625	1646	3422	213	95	408	857	2352	136	2457	1	0	6	1042	21	5	17	15	0	0	0	531	287	1210	356	8	0	1
0	271	275	0	0	0	1	2	0	184	0	14	3	40	5	31	1340	0	0	0	2	666	3404	2730	398	43	293	1475	590	5	0	19	0	5	32	0	3278	0	0	0	194	0	0	0	2398	0	47	1	950	0	354	4584	0	268	1	0	1646	11653	1501	3578	2209	347	4799	1897	0	0	61	0	0	1	781	248	46	4	16	0	0	143	93	18	1	53	4	3
0	5	8	0	0	0	1	15	0	1	0	2	21	0	0	8	254	3	0	2	22	69	1030	1348	4	0	17	184	7	2	3	0	0	0	16	581	27	1590	0	7	0	12	242	13	5	18	277	16	2	430	0	943	2376	109	363	25	3422	1501	12346	61	3	1151	1796	930	161	1706	0	0	5	1740	48	5	57	51	1	1	0	1225	299	1637	993	63	1	2
0	107	22	0	186	0	0	645	34	969	49	44	14	34	48	99	232	2	1	3	27	104	304	199	1854	14	181	193	1923	88	3	7	0	70	508	482	1351	92	0	2160	680	1142	741	1279	5652	2287	882	1005	362	658	1003	1742	9	814	281	3345	213	3578	61	16555	910	657	1724	5154	2016	14	25	22	543	824	801	182	608	201	38	24	0	734	451	2495	397	246	145	6
0	427	1	0	0	0	0	0	0	88	0	351	0	1241	0	0	25	1	0	4	0	22	19	40	39	1054	2058	1708	34	0	0	306	0	5	24	0	3962	0	0	0	158	0	0	9	1458	0	283	1	3303	3	284	220	0	574	7	0	95	2209	3	910	6760	1639	3699	114	2	0	208	3	0	12	55	280	33	3	0	0	24	18	133	38	1	46	6	340
0	38	1	0	0	0	0	1	5	27	0	80	1	300	6	8	5	6	0	13	1	7	5	56	16	156	2571	1086	25	8	1	269	0	1	31	320	1181	1948	0	42	25	213	636	223	264	370	888	179	920	304	50	40	785	1131	1277	336	408	347	1151	657	1639	12669	5208	748	133	793	160	0	2	667	98	125	99	61	0	2	0	834	1198	1922	216	8	1	5
1	4346	549	0	0	0	0	3	5	148	0	23	3	84	6	49	161	7	0	28	3	33	1732	1100	208	251	4349	7987	60	11	3	72	0	2	69	272	9372	1463	0	47	161	126	297	139	1443	381	415	211	1135	253	286	1312	462	759	342	377	857	4799	1796	1724	3699	5208	25650	990	144	256	81	0	0	1046	197	420	190	116	27	4	0	2075	1437	3009	790	63	4	5
0	29	19	0	131	0	3	505	11	102	43	15	17	3	13	97	480	2	0	3	24	329	336	442	682	1	119	105	1227	28	2	2	0	13	178	511	307	147	0	1421	13	750	3235	628	936	1159	242	277	25	278	78	982	348	187	337	1178	2352	1897	930	5154	114	748	990	14435	1514	2253	5	2	321	442	649	186	228	95	39	10	0	1534	1284	1961	288	27	46	2
0	0	0	0	0	0	0	0	1	1	0	1	0	3	7	0	0	0	0	0	0	0	0	0	28	1	1	1	11	6	0	0	0	2	8	1543	0	173	0	29	2	1090	1196	1150	40	715	560	627	126	2015	4	0	50	100	148	555	136	0	161	2016	2	133	144	1514	8154	826	0	114	1146	1751	0	0	9	4	0	0	0	26	2	1043	4	7	123	1
0	0	0	0	0	0	0	0	0	0	0	0	0	0	0	0	0	1	0	0	0	0	0	1	0	0	1	0	0	0	0	0	0	0	2	1061	0	249	0	0	0	18	1737	27	0	0	132	0	0	407	0	0	789	104	666	0	2457	0	1706	14	0	793	256	2253	826	8159	0	0	121	1934	0	2	2	2	0	0	0	2	3	963	4	0	0	0
0	3	0	0	0	0	0	0	0	3	0	38	0	132	0	0	0	0	0	0	0	0	0	0	2	29	138	132	2	0	0	34	0	0	1	0	73	0	0	0	5	1	0	0	40	0	138	2	475	0	11	12	0	4	0	0	1	61	0	25	208	160	81	5	0	0	518	0	0	3	1	22	1	0	0	0	0	0	9	4	0	2	0	0
0	0	0	0	0	0	0	0	0	0	0	0	0	3	1	0	0	0	0	0	0	0	0	0	0	1	0	0	0	1	0	0	0	0	0	1	0	0	0	1	108	64	0	370	0	8	200	26	124	126	4	0	0	0	0	6	0	0	0	22	3	0	0	2	114	0	0	693	0	392	0	0	1	0	0	0	0	1	0	170	17	30	261	2
0	0	0	0	0	0	0	0	0	1	0	0	0	0	0	0	0	0	0	0	0	0	0	0	0	0	0	0	0	0	0	0	0	0	1	145	0	2	0	0	0	11	153	10	2	29	0	3	0	59	0	0	3	1	5	19	6	0	5	543	0	2	0	321	1146	121	0	0	1249	231	0	0	1	0	0	0	0	0	0	43	0	0	0	0
0	0	0	0	0	0	0	1	127	1	1	55	26	13	332	1	0	0	1	0	1	0	0	11	4	3	17	1	5	342	0	1	0	7	262	1067	0	823	0	50	53	572	522	837	67	828	4179	656	635	1130	6	0	1133	1296	1218	786	1042	1	1740	824	12	667	1046	442	1751	1934	3	392	231	10446	16	4	299	88	1	30	2	157	204	5052	87	20	578	28
5	52	897	0	29	3	106	144	407	72	26	569	77	131	36	129	187	72	93	486	114	570	36	1852	408	8	3103	2317	1227	429	40	43	0	8	829	0	72	2	0	1	2	33	4	35	215	16	64	13	5	0	0	272	0	38	14	17	21	781	48	801	55	98	197	649	0	0	1	0	0	16	10952	1722	2077	509	219	75	2	525	158	121	28	29	38	0
0	46	188	0	1	0	8	6	30	5	2	1238	4	876	6	9	64	9	6	76	5	101	14	453	88	148	1953	976	178	35	2	167	5	3	100	0	142	12	0	0	0	2	2	7	3	0	115	0	301	0	0	68	1	55	64	0	5	248	5	182	280	125	420	186	0	2	22	0	0	4	1722	4587	530	320	6	7	188	66	205	32	0	1	6	109
1058	3	1110	0	503	15	562	3762	912	45	1347	4982	969	604	490	353	34	2002	460	2035	1786	1683	0	2307	463	41	3382	760	3795	3041	2113	11	70	1491	11608	1	35	22	0	37	4	56	20	76	603	20	482	23	76	9	2	20	3	308	37	21	17	46	57	608	33	99	190	228	9	2	1	1	1	299	2077	530	17885	3998	121	281	166	245	153	768	288	40	31	29
2	1	607	0	28	8	26	132	90	11	8	402	1	294	2	278	21	91	16	190	2	300	0	1506	96	0	781	325	509	147	107	0	0	130	925	1	4	21	0	3	2	10	16	18	294	6	162	7	13	5	1	6	3	113	31	5	15	4	51	201	3	61	116	95	4	2	0	0	0	88	509	320	3998	4218	62	132	16	109	52	360	231	13	14	14
0	54	0	0	9	426	245	2	32	684	1	1	361	0	2	1255	3	0	0	2	0	11	71	20	539	0	5	1	45	6	0	0	116	0	26	0	21	0	0	0	0	0	0	0	7	0	7	0	0	0	1	5	0	5	1	0	0	16	1	38	0	0	27	39	0	0	0	0	0	1	219	6	121	62	1991	56	0	39	13	7	3	2	0	0
0	0	1	0	41	165	77	70	64	1	3	6	1	33	0	28	2	0	0	0	25	4	0	7	18	0	8	9	87	1	0	0	128	0	174	0	0	0	0	1	0	5	0	6	15	3	63	3	5	0	1	0	0	46	2	3	0	0	1	24	0	2	4	10	0	0	0	0	0	30	75	7	281	132	56	595	0	21	13	65	1	4	0	2
0	0	2	0	0	0	0	0	35	0	0	306	0	298	0	0	0	0	0	2	0	0	0	1	1	141	58	61	1	38	1	9	25	1	55	0	0	0	0	0	0	0	0	1	0	0	17	0	13	0	0	0	0	0	0	0	0	0	0	0	24	0	0	0	0	0	0	0	0	2	2	188	166	16	0	0	478	0	12	20	0	0	2	26
0	26	10	0	0	0	1	29	28	49	1	30	47	17	22	69	3	1	0	1	50	5	2	117	81	0	75	126	45	43	1	0	0	10	233	8	93	107	0	41	45	599	15	740	185	203	1191	176	37	13	4	51	0	694	328	219	531	143	1225	734	18	834	2075	1534	26	2	0	1	0	157	525	66	245	109	39	21	0	8506	3704	1563	700	483	284	46
0	31	1	0	0	1	1	6	36	12	0	145	11	147	68	26	3	0	0	2	11	6	1	30	17	16	109	105	12	89	0	64	0	1	127	2	68	98	0	29	0	12	6	19	45	74	1909	52	439	2	2	34	38	1199	532	97	287	93	299	451	133	1198	1437	1284	2	3	9	0	0	204	158	205	153	52	13	13	12	3704	6253	1219	203	6	16	101
0	0	11	0	0	1	3	3	188	22	2	89	28	66	397	31	0	1	2	6	2	4	0	137	191	3	54	25	161	444	3	2	0	49	543	891	3	1194	0	270	36	1154	855	1221	414	1671	4797	1711	888	892	20	1	106	2308	1312	1733	1210	18	1637	2495	38	1922	3009	1961	1043	963	4	170	43	5052	121	32	768	360	7	65	20	1563	1219	15033	1906	118	661	245
0	0	14	0	0	0	1	0	3	6	0	3	0	2	1	35	0	4	0	8	0	4	0	149	143	0	16	15	117	11	6	0	0	25	138	11	2	193	0	47	15	23	18	47	265	60	356	47	3	12	3	1	15	198	115	97	356	1	993	397	1	216	790	288	4	4	0	17	0	87	28	0	288	231	3	1	0	700	203	1906	2915	64	54	16
0	8	1	0	14	0	32	2	13	10	0	7	39	6	34	8	0	1	0	0	0	0	0	9	38	0	12	9	20	39	0	0	0	1	36	2	50	3	0	102	652	1055	3	743	442	91	23	350	7	2	644	0	0	5	1	148	8	53	63	246	46	8	63	27	7	0	2	30	0	20	29	1	40	13	2	4	0	483	6	118	64	2245	347	1
0	0	0	0	0	0	0	0	12	3	0	1	0	14	1	0	0	0	0	0	0	0	0	8	2	0	9	2	2	8	0	0	0	4	29	3	1	0	0	70	365	577	0	802	24	80	314	197	183	83	35	0	0	1	0	167	0	4	1	145	6	1	4	46	123	0	0	261	0	578	38	6	31	14	0	0	2	284	16	661	54	347	1422	20
0	3	0	0	0	0	1	0	4	0	0	109	0	191	0	0	0	0	0	0	0	1	0	0	0	124	57	26	0	1	0	25	0	0	12	0	24	0	0	0	0	0	0	18	3	3	309	3	762	2	0	1	0	6	0	2	1	3	2	6	340	5	5	2	1	0	0	2	0	28	0	109	29	14	0	2	26	46	101	245	16	1	20	909
