0.0355417925093	0	2.12392688594e-05	0	0.000785852947798	0	0.00158020160314	0.0219614040006	0.0117920420707	0	0.0059979695259	0.00248074660278	0.000118939905613	0	0.0192937518319	0	0	0.000743374410079	5.52220990345e-05	0.000152922735788	0.000955767098673	2.12392688594e-05	0	8.49570754376e-06	0.000131683466928	0	0.000352571863066	4.67263914907e-05	0.00785003377044	0.0137587983671	0.0115669058208	0	8.49570754376e-06	0.00110019412692	0.00640151563423	0	0	0	0	0	0	0	0	0	0	0	0	0	0	0	0	0	0	0	0	0	0	0	0	0	0	0	4.24785377188e-06	0	0	0	0	0	0	0	2.12392688594e-05	0	0.00449422929065	8.49570754376e-06	0	0	0	0	0	0	0	0	0	0
0	0.030818179115	0.000412041815873	0	0	4.24785377188e-06	3.39828301751e-05	0	0	0.00271013070646	0	0	0	5.09742452626e-05	0	0.000229384103682	0.00129134754665	0	0	8.49570754376e-06	0	1.27435613156e-05	0.0087165959399	0.00020389698105	0.00487653613012	0.000318589032891	0.00487653613012	0.025809959518	5.52220990345e-05	0	0	0	0	0	8.49570754376e-06	0	0.0173397390968	0	0	0	0.000101948490525	0	0	0	0.000730630848764	4.24785377188e-06	8.49570754376e-06	4.24785377188e-06	0.0001359313207	0	0.000220888396138	0.000233631957453	0	3.39828301751e-05	1.27435613156e-05	4.24785377188e-06	7.64613678939e-05	0.00115116837218	2.12392688594e-05	0.000454520353591	0.00181383356059	0.000161418443332	0.0184611724926	0.000123187759385	0	0	1.27435613156e-05	0	0	0	0.000220888396138	0.000195401273507	1.27435613156e-05	4.24785377188e-06	0.000229384103682	0	0	0.000110444198069	0.000131683466928	0	0	3.39828301751e-05	0	1.27435613156e-05
2.12392688594e-05	0.000412041815873	0.0311070331715	0	0	8.49570754376e-06	1.27435613156e-05	0.0012998432542	3.39828301751e-05	8.49570754376e-06	0	0.000352571863066	0	5.09742452626e-05	2.12392688594e-05	1.69914150875e-05	2.12392688594e-05	0.00541601355915	4.24785377188e-06	0.000344076155522	0	0.000658417334642	0.000832579339289	0.0118472641698	2.97349764032e-05	4.24785377188e-06	0.0089289886285	0.0115286751369	0.00247649874901	2.12392688594e-05	0.00310518110725	0	0	1.27435613156e-05	0.000785852947798	0	0.000365315424382	8.49570754376e-06	0	0	0	0	0	0	4.67263914907e-05	0	1.69914150875e-05	0	0	0	0	2.97349764032e-05	0	4.24785377188e-06	4.24785377188e-06	0	4.24785377188e-06	0.00116815978727	3.39828301751e-05	9.34527829814e-05	4.24785377188e-06	4.24785377188e-06	0.00233207172076	8.07092216658e-05	0	0	0	0	0	0	0.00381032483338	0.000798596509114	0.00471511768679	0.00257844723953	0	4.24785377188e-06	8.49570754376e-06	4.24785377188e-05	4.24785377188e-06	4.67263914907e-05	5.94699528063e-05	4.24785377188e-06	0	0
0	0	0	0	0	0	0	0	0	0	0	0	0	0	0	0	0	0	0	0	0	0	0	0	0	0	0	0	0	0	0	0	0	0	0	0	0	0	0	0	0	0	0	0	0	0	0	0	0	0	0	0	0	0	0	0	0	0	0	0	0	0	0	0	0	0	0	0	0	0	0	0	0	0	0	0	0	0	0	0	0	0	0	0
0.000785852947798	0	0	0	0.0136228670464	0	0.000169914150875	0.00350872721557	0.000530981721485	0.000284606202716	0.00175436360779	0.00072213514122	0.0016311758484	8.49570754376e-06	0.000960014952445	4.67263914907e-05	0	4.24785377188e-05	3.39828301751e-05	0.000118939905613	0.00606168733248	0	0	8.49570754376e-06	0.00544999638932	0	0.000276110495172	4.24785377188e-06	0.00530132150731	0.00116815978727	4.24785377188e-06	0	0	2.54871226313e-05	0.00177135502287	0	0	0	0	0.00172887648516	4.24785377188e-06	8.49570754376e-06	0	8.49570754376e-06	0.000726382994992	8.49570754376e-05	0	0.000352571863066	0	0	8.49570754376e-06	0	0	0	0	0.00142303101358	0	0	0	0.00079010080157	0	0	0	0.000556468844117	0	0	0	0	0	0	0.000123187759385	4.24785377188e-06	0.00213667044726	0.000118939905613	3.82306839469e-05	0.000174162004647	0	0	0	0	0	5.94699528063e-05	0	0
0	4.24785377188e-06	8.49570754376e-06	0	0	0.00557318414871	0.00217065327743	0	0.000505494598854	6.37178065782e-05	0	0	8.92049292095e-05	0	0	0.0011936469099	0	0	0	0	0	0	4.24785377188e-06	1.69914150875e-05	4.67263914907e-05	0	0	0	4.24785377188e-06	0	0	0	0.00231508030568	0	0.000433281084732	0	0	0	0	0	0	0	0	0	0	0	4.24785377188e-06	0	0	0	0	0	0	0	0	0	0	0	0	0	0	0	0	0	0	0	0	0	0	0	1.27435613156e-05	0	6.37178065782e-05	3.39828301751e-05	0.00180958570682	0.00070089587236	0	0	4.24785377188e-06	4.24785377188e-06	0	0	0	0
0.00158020160314	3.39828301751e-05	1.27435613156e-05	0	0.000169914150875	0.00217065327743	0.0434215612562	0.00768436747333	0.0224626507457	0.000675408749729	0.0133722436739	0.00190728634357	0.00924332980761	7.2213514122e-05	0.0067073611058	0.00433281084732	1.27435613156e-05	0.000212392688594	0.000229384103682	0.000407793962101	0.00279933563567	2.54871226313e-05	4.24785377188e-05	3.82306839469e-05	0.000964262806217	0	0.000437528938504	1.27435613156e-05	0.00334730877224	0.00368288922022	5.94699528063e-05	0	0.000683904457273	0.00162692799463	0.0038825383475	0	0	0	0	5.52220990345e-05	1.27435613156e-05	4.24785377188e-06	0	8.49570754376e-06	0.000144427028244	0	1.27435613156e-05	0.000106196344297	4.24785377188e-06	0	2.54871226313e-05	0	0	0	0	5.94699528063e-05	4.24785377188e-06	4.24785377188e-06	4.24785377188e-06	0	0	0	0	1.27435613156e-05	0	0	0	0	0	0	0.000450272499819	3.39828301751e-05	0.0023872938198	0.000110444198069	0.00104072417411	0.000327084740435	0	4.24785377188e-06	4.24785377188e-06	1.27435613156e-05	4.24785377188e-06	0.0001359313207	0	4.24785377188e-06
0.0219614040006	0	0.0012998432542	0	0.00350872721557	0	0.00768436747333	0.0746857650172	0.0202750060532	0.000178409858419	0.0230361110049	0.00787976874684	0.000819835777973	2.97349764032e-05	0.0172845169978	2.97349764032e-05	0	0.00310518110725	0.000513990306398	0.00211118332463	0.00631655855879	0.000773109386482	0	0.00197525200393	0.00310093325347	0	0.00341952228636	0.000943023537358	0.0321689966145	0.0168172530829	0.0158572381304	0	8.49570754376e-06	0.00894598004358	0.0184101982473	0	4.24785377188e-06	0	0	0.00187755136717	4.24785377188e-06	0	0	0	0.00158869731068	0.000237879811225	8.49570754376e-06	1.69914150875e-05	0	0	4.24785377188e-06	0	0	8.49570754376e-06	0	0.00142727886735	1.27435613156e-05	8.49570754376e-06	6.37178065782e-05	0.00273986568286	0	4.24785377188e-06	1.27435613156e-05	0.0021451661548	0	0	0	0	0	4.24785377188e-06	0.000611690943151	2.54871226313e-05	0.0159804258898	0.000560716697888	8.49570754376e-06	0.000297349764032	0	0.000123187759385	2.54871226313e-05	1.27435613156e-05	0	8.49570754376e-06	0	0
0.0117920420707	0	3.39828301751e-05	0	0.000530981721485	0.000505494598854	0.0224626507457	0.0202750060532	0.0530599414646	0	0.0142557972584	0.00253596870181	0.00271437856023	0.00100674134394	0.0229723931983	0.000509742452626	1.27435613156e-05	0.000420537523416	0.000161418443332	0.000399298254557	0.00231508030568	3.82306839469e-05	0	8.92049292095e-05	0.000242127664997	1.27435613156e-05	0.000356819716838	5.52220990345e-05	0.0064354984644	0.00820685348728	0.00243826806506	0	0.00116815978727	0.00194976488129	0.00728931707255	0	0	0	0	1.27435613156e-05	4.24785377188e-06	8.07092216658e-05	0	0.000114692051841	0	8.49570754376e-06	0.000675408749729	2.54871226313e-05	0.000106196344297	0	0	0	0	0.000297349764032	1.27435613156e-05	2.12392688594e-05	0	0	0	0.000144427028244	0	2.12392688594e-05	2.12392688594e-05	4.67263914907e-05	4.24785377188e-06	0	0	0	0	0.000539477429029	0.00172887648516	0.000127435613156	0.00387404263996	0.000382306839469	0.0001359313207	0.0002718626414	0.000148674882016	0.000118939905613	0.000152922735788	0.000798596509114	1.27435613156e-05	5.52220990345e-05	5.09742452626e-05	1.69914150875e-05
0	0.00271013070646	8.49570754376e-06	0	0.000284606202716	6.37178065782e-05	0.000675408749729	0.000178409858419	0	0.0197397764779	0	0	0.00310518110725	4.24785377188e-06	0	0.00323686457417	4.24785377188e-06	0	0	4.24785377188e-06	3.39828301751e-05	0	0.00443900719162	4.24785377188e-05	0.014803770395	0	0.000169914150875	0.000671160895957	0.00177135502287	2.12392688594e-05	8.49570754376e-06	0	8.49570754376e-06	4.24785377188e-05	0.00015717058956	0	0.000743374410079	0	0	0.000909040707183	1.27435613156e-05	0	0	0	0.00543725282801	4.24785377188e-06	3.39828301751e-05	5.94699528063e-05	0.000284606202716	0	4.67263914907e-05	0.000475759622451	0	0.000106196344297	1.27435613156e-05	0.000327084740435	0	0.000781605094026	4.24785377188e-06	0.00411617030495	0.000373811131926	0.000114692051841	0.000628682358239	0.000433281084732	4.24785377188e-06	0	1.27435613156e-05	0	4.24785377188e-06	4.24785377188e-06	0.000305845471575	2.12392688594e-05	0.000191153419735	4.67263914907e-05	0.00290553197997	4.24785377188e-06	0	0.000208144834822	5.09742452626e-05	9.34527829814e-05	2.54871226313e-05	4.24785377188e-05	1.27435613156e-05	0
0.0059979695259	0	0	0	0.00175436360779	0	0.0133722436739	0.0230361110049	0.0142557972584	0	0.0394795529559	0.00446024646048	0.00202622624919	4.24785377188e-06	0.0059979695259	2.12392688594e-05	0	0.000267614787629	0.000178409858419	0.000607443089379	0.0045919299274	0	0	4.24785377188e-06	2.54871226313e-05	0	0.000662665188414	1.27435613156e-05	0.011061411222	0.00716612931316	8.07092216658e-05	0	8.49570754376e-06	0.00155896233428	0.00698347160097	0	0	0	0	0.000114692051841	0	0	0	0	1.27435613156e-05	4.24785377188e-06	8.49570754376e-06	4.24785377188e-06	0	0	0	0	0	8.49570754376e-06	0	4.24785377188e-06	4.24785377188e-06	0	0	0.000208144834822	0	0	0	0.000182657712191	0	0	0	0	0	4.24785377188e-06	0.000110444198069	8.49570754376e-06	0.00572185903072	3.39828301751e-05	4.24785377188e-06	1.27435613156e-05	0	4.24785377188e-06	0	8.49570754376e-06	0	0	0	0
0.00248074660278	0	0.000352571863066	0	0.00072213514122	0	0.00190728634357	0.00787976874684	0.00253596870181	0	0.00446024646048	0.0420452566341	0.00346200082408	0.00696648018589	0.000989749928848	0	5.52220990345e-05	0.000824083631745	0.00311367681479	0.00541601355915	0.00552645775722	0.000892049292095	0	0.00070089587236	0.000348324009294	0.00154197091919	0.00746772693097	0.000526733867713	0.0041841359653	0.0112568124955	0.00107470700429	0.00157595374937	0.00070089587236	0.00181808141437	0.0229766410521	0	7.2213514122e-05	0	0	8.49570754376e-06	8.49570754376e-06	4.67263914907e-05	4.24785377188e-06	5.52220990345e-05	5.09742452626e-05	4.24785377188e-06	0.000883553584551	2.97349764032e-05	0.00234481528208	4.24785377188e-06	2.12392688594e-05	4.24785377188e-06	0	0.000327084740435	0	4.24785377188e-06	8.49570754376e-06	5.94699528063e-05	8.49570754376e-06	0.000186905565963	0.00149099667393	0.000339828301751	9.77006367533e-05	6.37178065782e-05	4.24785377188e-06	0	0.000161418443332	0	0	0.000233631957453	0.0024170287962	0.00525884296959	0.0211628074915	0.0017076372163	4.24785377188e-06	2.54871226313e-05	0.0012998432542	0.000127435613156	0.000615938796923	0.000378058985697	1.27435613156e-05	2.97349764032e-05	4.24785377188e-06	0.000463016061135
0.000118939905613	0	0	0	0.0016311758484	8.92049292095e-05	0.00924332980761	0.000819835777973	0.00271437856023	0.00310518110725	0.00202622624919	0.00346200082408	0.0291360290213	1.27435613156e-05	0.00397174327671	0.00271013070646	8.49570754376e-06	2.54871226313e-05	0.000314341179119	0.000454520353591	0.0133849872352	8.49570754376e-06	0	1.27435613156e-05	0.00400572610688	0	0.00101948490525	1.27435613156e-05	0.00058620382052	0.00302447188558	0	0	1.69914150875e-05	0	0.00503795457345	0	4.24785377188e-06	0	0	7.64613678939e-05	1.27435613156e-05	1.69914150875e-05	0	4.67263914907e-05	0.000199649127278	4.24785377188e-06	0.000114692051841	0.000335580447979	5.09742452626e-05	0	3.82306839469e-05	0	0	2.97349764032e-05	0	8.92049292095e-05	4.24785377188e-05	1.27435613156e-05	8.92049292095e-05	5.94699528063e-05	0	4.24785377188e-06	1.27435613156e-05	7.2213514122e-05	0	0	0	0	0	0.000110444198069	0.000327084740435	1.69914150875e-05	0.00411617030495	4.24785377188e-06	0.00153347521165	4.24785377188e-06	0	0.000199649127278	4.67263914907e-05	0.000118939905613	0	0.000165666297103	0	0
0	5.09742452626e-05	5.09742452626e-05	0	8.49570754376e-06	0	7.2213514122e-05	2.97349764032e-05	0.00100674134394	4.24785377188e-06	4.24785377188e-06	0.00696648018589	1.27435613156e-05	0.018155327021	8.49570754376e-06	0	0	0	2.97349764032e-05	4.67263914907e-05	1.27435613156e-05	3.82306839469e-05	4.24785377188e-06	0.000106196344297	8.49570754376e-06	0.00503370671968	0.00446449431425	0.00457918636609	0.000118939905613	0.00087930573078	1.27435613156e-05	0.00267190002251	0.00049699889131	4.24785377188e-06	0.00163967155595	0	0.000305845471575	4.24785377188e-06	0	1.27435613156e-05	2.12392688594e-05	3.39828301751e-05	0	5.09742452626e-05	0.000144427028244	3.39828301751e-05	0.00122762974007	4.67263914907e-05	0.0060574394787	1.69914150875e-05	3.82306839469e-05	1.27435613156e-05	0	6.37178065782e-05	4.24785377188e-06	5.09742452626e-05	0	0.000169914150875	0	0.000144427028244	0.00527158653091	0.00127435613156	0.000356819716838	1.27435613156e-05	1.27435613156e-05	0	0.000560716697888	1.27435613156e-05	0	5.52220990345e-05	0.000556468844117	0.00372111990417	0.00256570367822	0.00124886900893	0	0.000140179174472	0.00126586042402	7.2213514122e-05	0.000624434504467	0.000280358348944	8.49570754376e-06	2.54871226313e-05	5.94699528063e-05	0.000811340070429
0.0192937518319	0	2.12392688594e-05	0	0.000960014952445	0	0.0067073611058	0.0172845169978	0.0229723931983	0	0.0059979695259	0.000989749928848	0.00397174327671	8.49570754376e-06	0.0455582317034	0.000254871226313	1.69914150875e-05	0.000458768207363	4.67263914907e-05	0.000114692051841	0.00395050400785	1.69914150875e-05	0	3.39828301751e-05	0.000259119080085	0	0.00022513624991	4.24785377188e-05	0.00499122818196	0.0134019786503	0.00681780530387	0	0.000195401273507	0.000675408749729	0.00370837634285	0	0	0	0	1.27435613156e-05	0	0.000195401273507	0	0.000365315424382	0	1.27435613156e-05	0.00155046662674	4.67263914907e-05	0.00029310191026	1.69914150875e-05	0	0	0	0.000624434504467	1.69914150875e-05	1.27435613156e-05	2.12392688594e-05	2.12392688594e-05	0	0.00020389698105	0	2.54871226313e-05	2.54871226313e-05	5.52220990345e-05	2.97349764032e-05	0	0	4.24785377188e-06	0	0.00141028745226	0.000152922735788	2.54871226313e-05	0.00208144834822	8.49570754376e-06	8.49570754376e-06	0	0	9.34527829814e-05	0.000288854056488	0.00168639794744	4.24785377188e-06	0.000144427028244	4.24785377188e-06	0
0	0.000229384103682	1.69914150875e-05	0	4.67263914907e-05	0.0011936469099	0.00433281084732	2.97349764032e-05	0.000509742452626	0.00323686457417	2.12392688594e-05	0	0.00271013070646	0	0.000254871226313	0.0130451589334	6.37178065782e-05	0	0	8.49570754376e-06	5.09742452626e-05	0.000403546108329	0.000301597617804	0.000424785377188	0.00289703627242	0	2.12392688594e-05	1.27435613156e-05	0.000930279976042	6.37178065782e-05	0	0	0.000165666297103	4.24785377188e-06	0.00056496455166	0	8.92049292095e-05	1.69914150875e-05	0	1.27435613156e-05	4.24785377188e-06	0	0	0	0.000123187759385	0	5.94699528063e-05	1.27435613156e-05	0	0	2.54871226313e-05	8.07092216658e-05	0	5.09742452626e-05	2.12392688594e-05	1.27435613156e-05	1.27435613156e-05	0.000131683466928	3.39828301751e-05	0.000420537523416	0	3.39828301751e-05	0.000208144834822	0.000412041815873	0	0	0	0	0	4.24785377188e-06	0.000547973136573	3.82306839469e-05	0.00149949238147	0.00118090334858	0.00533105648371	0.000118939905613	0	0.00029310191026	0.000110444198069	0.000131683466928	0.000148674882016	3.39828301751e-05	0	0
0	0.00129134754665	2.12392688594e-05	0	0	0	1.27435613156e-05	0	1.27435613156e-05	4.24785377188e-06	0	5.52220990345e-05	8.49570754376e-06	0	1.69914150875e-05	6.37178065782e-05	0.0180916092144	0	4.24785377188e-06	0	1.27435613156e-05	0.00403970893706	0.0101566183686	0.00829605841649	0.0042903323096	0	0.000123187759385	0.00341102657882	0.00211967903217	3.82306839469e-05	0	0	0	0	8.92049292095e-05	0	0.000611690943151	0	0	0	0	0	0	0	0	0	1.27435613156e-05	0	4.24785377188e-06	0	0	0.00202622624919	0	2.54871226313e-05	0	0	0.00263791719234	0.00569212405432	0.00107895485806	0.000985502075077	0.000106196344297	2.12392688594e-05	0.000683904457273	0.0020389698105	0	0	0	0	0	0	0.000794348655342	0.0002718626414	0.000144427028244	8.92049292095e-05	1.27435613156e-05	8.49570754376e-06	0	1.27435613156e-05	1.27435613156e-05	0	0	0	0	0
0.000743374410079	0	0.00541601355915	0	4.24785377188e-05	0	0.000212392688594	0.00310518110725	0.000420537523416	0	0.000267614787629	0.000824083631745	2.54871226313e-05	0	0.000458768207363	0	0	0.0338681381232	0.000123187759385	0.0110274283918	0.000140179174472	0.00321137745154	0	0.00752719688377	0.000106196344297	0	0.0153347521165	0.00335155662601	0.0056199105402	0.00133382608437	0.00834703266175	0	0	0.0011639119335	0.0136271149002	0	0	4.24785377188e-06	0	4.24785377188e-06	0	0	4.24785377188e-06	0	1.27435613156e-05	0	0	0	0	0	0	0	0	0	0	0	8.49570754376e-06	0	1.27435613156e-05	8.49570754376e-06	4.24785377188e-06	2.54871226313e-05	2.97349764032e-05	8.49570754376e-06	0	4.24785377188e-06	0	0	0	0	0.000305845471575	3.82306839469e-05	0.00850420325131	0.000386554693241	0	0	0	4.24785377188e-06	0	4.24785377188e-06	1.69914150875e-05	4.24785377188e-06	0	0
5.52220990345e-05	0	4.24785377188e-06	0	3.39828301751e-05	0	0.000229384103682	0.000513990306398	0.000161418443332	0	0.000178409858419	0.00311367681479	0.000314341179119	2.97349764032e-05	4.67263914907e-05	0	4.24785377188e-06	0.000123187759385	0.00594699528063	0.00423511021057	0.000407793962101	0.00022513624991	0	8.49570754376e-05	2.12392688594e-05	0	0.0017671071691	1.27435613156e-05	0.000310093325347	0.00049699889131	0.000280358348944	0	0	0.000254871226313	0.00230233674436	0	0	0	0	0	0	4.24785377188e-06	0	4.24785377188e-06	0	0	4.24785377188e-06	0	0	0	0	0	0	4.24785377188e-06	0	0	0	0	0	4.24785377188e-06	0	0	0	0	0	0	0	0	0	4.24785377188e-06	0.000395050400785	2.54871226313e-05	0.00195401273507	6.79656603501e-05	0	0	0	0	0	8.49570754376e-06	0	0	0	0
0.000152922735788	8.49570754376e-06	0.000344076155522	0	0.000118939905613	0	0.000407793962101	0.00211118332463	0.000399298254557	4.24785377188e-06	0.000607443089379	0.00541601355915	0.000454520353591	4.67263914907e-05	0.000114692051841	8.49570754376e-06	0	0.0110274283918	0.00423511021057	0.0233716914529	0.000747622263851	0.00132108252306	0	0.00107470700429	0.000106196344297	0	0.0108830013636	0.000972758513761	0.00175011575402	0.00118090334858	0.00339828301751	0	0	0.00115966407972	0.011303538887	0	1.69914150875e-05	0	0	4.24785377188e-06	0	0	0	0	1.27435613156e-05	0	0	4.24785377188e-06	0	0	0	0	0	2.97349764032e-05	1.27435613156e-05	0	8.49570754376e-06	0	8.49570754376e-06	1.27435613156e-05	1.69914150875e-05	5.52220990345e-05	0.000118939905613	1.27435613156e-05	0	0	0	0	0	0	0.00206445693313	0.000322836886663	0.00864438242578	0.000807092216658	8.49570754376e-06	0	8.49570754376e-06	4.24785377188e-06	8.49570754376e-06	2.54871226313e-05	3.39828301751e-05	0	0	0
0.000955767098673	0	0	0	0.00606168733248	0	0.00279933563567	0.00631655855879	0.00231508030568	3.39828301751e-05	0.0045919299274	0.00552645775722	0.0133849872352	1.27435613156e-05	0.00395050400785	5.09742452626e-05	1.27435613156e-05	0.000140179174472	0.000407793962101	0.000747622263851	0.0268931622298	1.69914150875e-05	0	3.82306839469e-05	0.00290977983374	0	0.00139754389095	2.12392688594e-05	0.00172462863138	0.00489352754521	8.49570754376e-06	0	0	3.39828301751e-05	0.00889500579832	0	4.24785377188e-06	0	0	3.39828301751e-05	0	0	0	0	4.24785377188e-06	1.27435613156e-05	8.49570754376e-06	8.49570754376e-05	0	0	0	0	0	8.49570754376e-06	0	1.27435613156e-05	4.24785377188e-05	8.49570754376e-06	9.34527829814e-05	0.000114692051841	0	4.24785377188e-06	1.27435613156e-05	0.000101948490525	0	0	0	0	0	4.24785377188e-06	0.000484255329995	2.12392688594e-05	0.00758666683658	8.49570754376e-06	0	0.000106196344297	0	0.000212392688594	4.67263914907e-05	8.49570754376e-06	0	0	0	0
2.12392688594e-05	1.27435613156e-05	0.000658417334642	0	0	0	2.54871226313e-05	0.000773109386482	3.82306839469e-05	0	0	0.000892049292095	8.49570754376e-06	3.82306839469e-05	1.69914150875e-05	0.000403546108329	0.00403970893706	0.00321137745154	0.00022513624991	0.00132108252306	1.69914150875e-05	0.0343778805758	0.00107895485806	0.0142855322348	0.000106196344297	0	0.00115541622595	0.000488503183766	0.00984227718945	0.000573460259204	0.00932403902928	0	0	0.000195401273507	0.0089884585813	0	9.77006367533e-05	4.24785377188e-06	0	0	0	0	0	0	0	0	1.27435613156e-05	0	4.24785377188e-06	0	0	0.000148674882016	0	2.54871226313e-05	0	0	0.00199224341901	0.00282907061207	0.00029310191026	0.000441776792276	9.34527829814e-05	2.97349764032e-05	0.000140179174472	0.00139754389095	0	0	0	0	0	0	0.00242127664997	0.00042903323096	0.00714913789808	0.00127435613156	4.67263914907e-05	1.69914150875e-05	0	2.12392688594e-05	2.54871226313e-05	1.69914150875e-05	1.69914150875e-05	0	0	4.24785377188e-06
0	0.0087165959399	0.000832579339289	0	0	4.24785377188e-06	4.24785377188e-05	0	0	0.00443900719162	0	0	0	4.24785377188e-06	0	0.000301597617804	0.0101566183686	0	0	0	0	0.00107895485806	0.0341017700807	0.0100801570007	0.00899270643507	8.49570754376e-06	0.000560716697888	0.0139457039331	0.00109594627315	0	0	0	0	0	0	0	0.0017671071691	0	0	0	4.24785377188e-06	0	0	0	2.12392688594e-05	0	4.24785377188e-06	0	2.12392688594e-05	0	4.24785377188e-06	0.00589602103537	0	2.12392688594e-05	0	0	0.00199224341901	0.0144596942395	0.00437528938504	0.00129134754665	8.07092216658e-05	2.12392688594e-05	0.0073572827329	0.00142727886735	0	0	0	0	0	0	0.000152922735788	5.94699528063e-05	0	0	0.000301597617804	0	0	8.49570754376e-06	4.24785377188e-06	0	0	0	0	0
8.49570754376e-06	0.00020389698105	0.0118472641698	0	8.49570754376e-06	1.69914150875e-05	3.82306839469e-05	0.00197525200393	8.92049292095e-05	4.24785377188e-05	4.24785377188e-06	0.00070089587236	1.27435613156e-05	0.000106196344297	3.39828301751e-05	0.000424785377188	0.00829605841649	0.00752719688377	8.49570754376e-05	0.00107470700429	3.82306839469e-05	0.0142855322348	0.0100801570007	0.0630381499747	0.000751870117623	1.69914150875e-05	0.00367864136645	0.00537353502143	0.00777357240254	0.000310093325347	0.00795198226096	0	4.24785377188e-06	0.00015717058956	0.00408218747478	0	0.000297349764032	8.07092216658e-05	0	0	0	3.82306839469e-05	1.27435613156e-05	4.67263914907e-05	6.79656603501e-05	5.94699528063e-05	9.77006367533e-05	5.09742452626e-05	4.24785377188e-06	0	0	0.00424785377188	1.27435613156e-05	0.000106196344297	0.000106196344297	5.52220990345e-05	0.0033090780883	0.0115966407972	0.0057261068845	0.000845322900604	0.000169914150875	0.000237879811225	0.00467263914907	0.00187755136717	0	4.24785377188e-06	0	0	0	4.67263914907e-05	0.00786702518553	0.00192427775866	0.00979979865173	0.00639726778045	8.49570754376e-05	2.97349764032e-05	4.24785377188e-06	0.00049699889131	0.000127435613156	0.000581955966748	0.00063293021201	3.82306839469e-05	3.39828301751e-05	0
0.000131683466928	0.00487653613012	2.97349764032e-05	0	0.00544999638932	4.67263914907e-05	0.000964262806217	0.00310093325347	0.000242127664997	0.014803770395	2.54871226313e-05	0.000348324009294	0.00400572610688	8.49570754376e-06	0.000259119080085	0.00289703627242	0.0042903323096	0.000106196344297	2.12392688594e-05	0.000106196344297	0.00290977983374	0.000106196344297	0.00899270643507	0.000751870117623	0.043629706091	4.24785377188e-06	0.000734878702536	0.00303296759312	0.0123315194998	0.00120639047121	0.000250623372541	0	8.49570754376e-06	0.000794348655342	0.00173312433893	4.24785377188e-06	0.000866562169464	0	0	0.00207295264068	2.97349764032e-05	2.54871226313e-05	2.97349764032e-05	1.69914150875e-05	0.00799870865245	0.000208144834822	0.000118939905613	0.000208144834822	9.77006367533e-05	5.94699528063e-05	5.94699528063e-05	0.00118515120236	0	5.94699528063e-05	2.12392688594e-05	0.00188179922094	0.000216640542366	0.00169064580121	1.69914150875e-05	0.00787552089307	0.000165666297103	6.79656603501e-05	0.000883553584551	0.00289703627242	0.000118939905613	0	8.49570754376e-06	0	0	1.69914150875e-05	0.00173312433893	0.000373811131926	0.00196675629638	0.000407793962101	0.00228959318304	7.64613678939e-05	4.24785377188e-06	0.000344076155522	7.2213514122e-05	0.000811340070429	0.000607443089379	0.000161418443332	8.49570754376e-06	0
0	0.000318589032891	4.24785377188e-06	0	0	0	0	0	1.27435613156e-05	0	0	0.00154197091919	0	0.00503370671968	0	0	0	0	0	0	0	0	8.49570754376e-06	1.69914150875e-05	4.24785377188e-06	0.00926456907647	0.00316465106005	0.00354695789952	0	1.69914150875e-05	0	0.000811340070429	8.49570754376e-06	0	2.54871226313e-05	0	0.00134656964569	0	0	0	8.49570754376e-06	0	0	4.24785377188e-06	0.0001359313207	0	0.000220888396138	0	0.00295225837146	4.24785377188e-06	1.27435613156e-05	8.49570754376e-06	0	0.000446024646048	8.49570754376e-06	0	0	0.000182657712191	0	5.94699528063e-05	0.00447723787556	0.000662665188414	0.00106621129674	4.24785377188e-06	4.24785377188e-06	0	0.000123187759385	4.24785377188e-06	0	1.27435613156e-05	3.39828301751e-05	0.000628682358239	0.000174162004647	0	0	0	0.000598947381835	0	6.79656603501e-05	1.27435613156e-05	0	0	0	0.000526733867713
0.000352571863066	0.00487653613012	0.0089289886285	0	0.000276110495172	0	0.000437528938504	0.00341952228636	0.000356819716838	0.000169914150875	0.000662665188414	0.00746772693097	0.00101948490525	0.00446449431425	0.00022513624991	2.12392688594e-05	0.000123187759385	0.0153347521165	0.0017671071691	0.0108830013636	0.00139754389095	0.00115541622595	0.000560716697888	0.00367864136645	0.000734878702536	0.00316465106005	0.091150446237	0.0277002544464	0.00315615535251	0.00118515120236	0.0040482046446	0.00360642785233	0	0.00106196344297	0.00907766351051	0	0.0101948490525	0.000169914150875	0	8.49570754376e-06	8.92049292095e-05	5.52220990345e-05	8.49570754376e-06	7.64613678939e-05	0.000594699528063	4.24785377188e-06	0.0029012841262	1.27435613156e-05	0.00542875712046	0	0.000182657712191	0.000365315424382	1.27435613156e-05	0.00253172084804	0.000344076155522	4.24785377188e-06	7.2213514122e-05	0.00124462115516	7.2213514122e-05	0.000768861532711	0.00874208306253	0.0109212320475	0.0184739160539	0.000505494598854	4.24785377188e-06	4.24785377188e-06	0.00058620382052	0	0	7.2213514122e-05	0.0131810902541	0.00829605841649	0.0143662414565	0.00331757379584	2.12392688594e-05	3.39828301751e-05	0.000246375518769	0.000318589032891	0.000463016061135	0.000229384103682	6.79656603501e-05	5.09742452626e-05	3.82306839469e-05	0.000242127664997
4.67263914907e-05	0.025809959518	0.0115286751369	0	4.24785377188e-06	0	1.27435613156e-05	0.000943023537358	5.52220990345e-05	0.000671160895957	1.27435613156e-05	0.000526733867713	1.27435613156e-05	0.00457918636609	4.24785377188e-05	1.27435613156e-05	0.00341102657882	0.00335155662601	1.27435613156e-05	0.000972758513761	2.12392688594e-05	0.000488503183766	0.0139457039331	0.00537353502143	0.00303296759312	0.00354695789952	0.0277002544464	0.0886102296815	0.00094727139113	5.52220990345e-05	0.0011639119335	0.000747622263851	0	2.12392688594e-05	0.000853818608148	0	0.0226877869956	0.000110444198069	0	0	0.000123187759385	8.49570754376e-06	0	1.69914150875e-05	0.000921784268498	8.49570754376e-06	0.0011639119335	1.69914150875e-05	0.00352571863066	0	0.000254871226313	0.000875057877008	8.49570754376e-06	0.00087930573078	0.000165666297103	8.49570754376e-06	0.000131683466928	0.00626558431353	0.000781605094026	0.000819835777973	0.00725533424237	0.00461316919626	0.033927608076	0.000446024646048	4.24785377188e-06	0	0.000560716697888	0	0	4.24785377188e-06	0.00984227718945	0.00414590528136	0.00322836886663	0.00138055247586	4.24785377188e-06	3.82306839469e-05	0.000259119080085	0.000535229575257	0.000446024646048	0.000106196344297	6.37178065782e-05	3.82306839469e-05	8.49570754376e-06	0.000110444198069
0.00785003377044	5.52220990345e-05	0.00247649874901	0	0.00530132150731	4.24785377188e-06	0.00334730877224	0.0321689966145	0.0064354984644	0.00177135502287	0.011061411222	0.0041841359653	0.00058620382052	0.000118939905613	0.00499122818196	0.000930279976042	0.00211967903217	0.0056199105402	0.000310093325347	0.00175011575402	0.00172462863138	0.00984227718945	0.00109594627315	0.00777357240254	0.0123315194998	0	0.00315615535251	0.00094727139113	0.0774468699689	0.0142897800886	0.0183889589785	0	4.24785377188e-06	0.00940050039717	0.0170126543564	4.24785377188e-06	0.000169914150875	4.24785377188e-06	0	0.00390377761636	8.49570754376e-06	2.54871226313e-05	0	2.54871226313e-05	0.00609991801642	0.000280358348944	7.64613678939e-05	0.000123187759385	4.24785377188e-05	1.69914150875e-05	8.49570754376e-06	0.00132108252306	0	4.24785377188e-05	1.69914150875e-05	0.00255720797067	0.000386554693241	0.00250623372541	2.97349764032e-05	0.00816862280333	0.000144427028244	0.000106196344297	0.000254871226313	0.0052121165781	4.67263914907e-05	0	8.49570754376e-06	0	0	2.12392688594e-05	0.0052121165781	0.000756117971395	0.0161206050643	0.00216215756989	0.000191153419735	0.000369563278154	4.24785377188e-06	0.000191153419735	5.09742452626e-05	0.000683904457273	0.00049699889131	8.49570754376e-05	8.49570754376e-06	0
0.0137587983671	0	2.12392688594e-05	0	0.00116815978727	0	0.00368288922022	0.0168172530829	0.00820685348728	2.12392688594e-05	0.00716612931316	0.0112568124955	0.00302447188558	0.00087930573078	0.0134019786503	6.37178065782e-05	3.82306839469e-05	0.00133382608437	0.00049699889131	0.00118090334858	0.00489352754521	0.000573460259204	0	0.000310093325347	0.00120639047121	1.69914150875e-05	0.00118515120236	5.52220990345e-05	0.0142897800886	0.0571803596233	0.013482687872	0	0.00085806646192	0.013444457188	0.0249009188108	4.24785377188e-06	0	4.24785377188e-06	0	2.97349764032e-05	8.49570754376e-06	0.000229384103682	1.27435613156e-05	0.000382306839469	0.000195401273507	1.27435613156e-05	0.00167365438612	5.52220990345e-05	0.000242127664997	1.27435613156e-05	0	0	0	0.000709391579904	2.12392688594e-05	1.69914150875e-05	3.39828301751e-05	2.12392688594e-05	8.49570754376e-06	0.000373811131926	0	3.39828301751e-05	4.67263914907e-05	0.000118939905613	2.54871226313e-05	0	0	4.24785377188e-06	0	0.00145276598998	0.00182232926814	0.000148674882016	0.0129177233203	0.000624434504467	2.54871226313e-05	4.24785377188e-06	0.000161418443332	0.000182657712191	0.000378058985697	0.00188604707472	4.67263914907e-05	0.000165666297103	3.39828301751e-05	4.24785377188e-06
0.0115669058208	0	0.00310518110725	0	4.24785377188e-06	0	5.94699528063e-05	0.0158572381304	0.00243826806506	8.49570754376e-06	8.07092216658e-05	0.00107470700429	0	1.27435613156e-05	0.00681780530387	0	0	0.00834703266175	0.000280358348944	0.00339828301751	8.49570754376e-06	0.00932403902928	0	0.00795198226096	0.000250623372541	0	0.0040482046446	0.0011639119335	0.0183889589785	0.013482687872	0.0535611882097	0	0	0.00483830544617	0.0189156928462	4.24785377188e-06	0	4.24785377188e-06	0	0	0	0	0	0	1.27435613156e-05	0	0	0	0	0	0	0	0	0	4.24785377188e-06	0	1.27435613156e-05	0	1.27435613156e-05	1.27435613156e-05	0	4.24785377188e-06	1.27435613156e-05	8.49570754376e-06	0	0	0	0	0	0	0.000169914150875	8.49570754376e-06	0.00897571501999	0.000454520353591	0	0	4.24785377188e-06	4.24785377188e-06	0	1.27435613156e-05	2.54871226313e-05	0	0	0
0	0	0	0	0	0	0	0	0	0	0	0.00157595374937	0	0.00267190002251	0	0	0	0	0	0	0	0	0	0	0	0.000811340070429	0.00360642785233	0.000747622263851	0	0	0	0.00488503183766	0	4.24785377188e-06	4.24785377188e-06	0	9.77006367533e-05	0	0	0	1.27435613156e-05	0	0	0	5.52220990345e-05	0	0.00072213514122	0	0.00198374771147	0	2.12392688594e-05	8.49570754376e-06	0	0.000212392688594	0	0	0	8.07092216658e-05	0	2.97349764032e-05	0.0012998432542	0.00114267266464	0.000305845471575	8.49570754376e-06	0	0	0.000144427028244	0	0	4.24785377188e-06	0.000182657712191	0.000709391579904	4.67263914907e-05	0	0	0	3.82306839469e-05	0	0.0002718626414	8.49570754376e-06	0	0	0	0.000106196344297
8.49570754376e-06	0	0	0	0	0.00231508030568	0.000683904457273	8.49570754376e-06	0.00116815978727	8.49570754376e-06	8.49570754376e-06	0.00070089587236	1.69914150875e-05	0.00049699889131	0.000195401273507	0.000165666297103	0	0	0	0	0	0	0	4.24785377188e-06	8.49570754376e-06	8.49570754376e-06	0	0	4.24785377188e-06	0.00085806646192	0	0	0.00419263167285	0	0.00120214261744	0	0	0	0	0	0	0	0	0	0	0	0	0	0	0	0	0	0	0	0	0	0	0	0	0	0	0	0	0	0	0	0	0	0	0	0	2.12392688594e-05	0.000297349764032	0	0.000492751037538	0.000543725282801	0.000106196344297	0	0	0	0	0	0	0
0.00110019412692	0	1.27435613156e-05	0	2.54871226313e-05	0	0.00162692799463	0.00894598004358	0.00194976488129	4.24785377188e-05	0.00155896233428	0.00181808141437	0	4.24785377188e-06	0.000675408749729	4.24785377188e-06	0	0.0011639119335	0.000254871226313	0.00115966407972	3.39828301751e-05	0.000195401273507	0	0.00015717058956	0.000794348655342	0	0.00106196344297	2.12392688594e-05	0.00940050039717	0.013444457188	0.00483830544617	4.24785377188e-06	0	0.0173269955355	0.00968935445366	0	2.12392688594e-05	0	0	4.24785377188e-06	4.24785377188e-06	1.69914150875e-05	2.54871226313e-05	1.27435613156e-05	0.000530981721485	0	5.94699528063e-05	4.24785377188e-06	2.54871226313e-05	8.49570754376e-06	0	0	0	2.54871226313e-05	4.24785377188e-06	4.24785377188e-06	0	2.12392688594e-05	0	0.000297349764032	2.12392688594e-05	4.24785377188e-06	8.49570754376e-06	5.52220990345e-05	8.49570754376e-06	0	0	0	0	2.97349764032e-05	3.39828301751e-05	1.27435613156e-05	0.00633354997388	0.000552220990345	0	0	4.24785377188e-06	4.24785377188e-05	4.24785377188e-06	0.000208144834822	0.000106196344297	4.24785377188e-06	1.69914150875e-05	0
0.00640151563423	8.49570754376e-06	0.000785852947798	0	0.00177135502287	0.000433281084732	0.0038825383475	0.0184101982473	0.00728931707255	0.00015717058956	0.00698347160097	0.0229766410521	0.00503795457345	0.00163967155595	0.00370837634285	0.00056496455166	8.92049292095e-05	0.0136271149002	0.00230233674436	0.011303538887	0.00889500579832	0.0089884585813	0	0.00408218747478	0.00173312433893	2.54871226313e-05	0.00907766351051	0.000853818608148	0.0170126543564	0.0249009188108	0.0189156928462	4.24785377188e-06	0.00120214261744	0.00968935445366	0.0776337755349	0	0.000118939905613	4.24785377188e-06	0	0.000131683466928	1.69914150875e-05	0.000237879811225	8.07092216658e-05	0.000318589032891	0.00234481528208	6.37178065782e-05	0.00164391940972	6.37178065782e-05	0.000242127664997	3.39828301751e-05	8.49570754376e-06	1.69914150875e-05	0	0.000943023537358	2.97349764032e-05	6.79656603501e-05	5.94699528063e-05	0.0001359313207	6.79656603501e-05	0.00215790971612	0.000101948490525	0.000131683466928	0.00029310191026	0.000756117971395	3.39828301751e-05	8.49570754376e-06	4.24785377188e-06	0	4.24785377188e-06	0.00111293768823	0.00352147077689	0.000424785377188	0.049309086584	0.00392926473899	0.000110444198069	0.000739126556307	0.000233631957453	0.000989749928848	0.000539477429029	0.00230658459813	0.00058620382052	0.000152922735788	0.000123187759385	5.09742452626e-05
0	0	0	0	0	0	0	0	0	0	0	0	0	0	0	0	0	0	0	0	0	0	0	0	4.24785377188e-06	0	0	0	4.24785377188e-06	4.24785377188e-06	4.24785377188e-06	0	0	0	0	0.02014757044	0	0.00124037330139	0	1.27435613156e-05	0	0.00110019412692	0.00516114233284	0.00156745804182	4.24785377188e-06	0.00110019412692	0.000666913042185	0.000152922735788	0	0.0101608662223	8.49570754376e-06	0	0.00106621129674	0.00020389698105	0.00207295264068	0.000836827193061	0.000675408749729	0	0.00246800304146	0.00204746551805	0	0.001359313207	0.00115541622595	0.00217065327743	0.00655443837001	0.00450697285197	0	4.24785377188e-06	0.000615938796923	0.0045324599746	0	0	4.24785377188e-06	4.24785377188e-06	0	0	0	3.39828301751e-05	8.49570754376e-06	0.00378483771075	4.67263914907e-05	8.49570754376e-06	1.27435613156e-05	0
0	0.0173397390968	0.000365315424382	0	0	0	0	4.24785377188e-06	0	0.000743374410079	0	7.2213514122e-05	4.24785377188e-06	0.000305845471575	0	8.92049292095e-05	0.000611690943151	0	0	1.69914150875e-05	4.24785377188e-06	9.77006367533e-05	0.0017671071691	0.000297349764032	0.000866562169464	0.00134656964569	0.0101948490525	0.0226877869956	0.000169914150875	0	0	9.77006367533e-05	0	2.12392688594e-05	0.000118939905613	0	0.0449210536376	0	0	0	0.000768861532711	0	0	0	0.00749746190737	4.24785377188e-06	0.000441776792276	8.49570754376e-06	0.00527158653091	0	0.00138480032963	0.00294801051769	1.27435613156e-05	0.00226835391418	5.09742452626e-05	4.24785377188e-06	0.00127860398534	0.0139244646642	0.000114692051841	0.00573885044581	0.0168299966442	0.00501671530459	0.0398108855501	0.00130409110797	0	0	0.000310093325347	0	0	0	0.000305845471575	0.000603195235607	0.000148674882016	1.69914150875e-05	8.92049292095e-05	0	0	0.000395050400785	0.000288854056488	1.27435613156e-05	8.49570754376e-06	0.000212392688594	4.24785377188e-06	0.000101948490525
0	0	8.49570754376e-06	0	0	0	0	0	0	0	0	0	0	4.24785377188e-06	0	1.69914150875e-05	0	4.24785377188e-06	0	0	0	4.24785377188e-06	0	8.07092216658e-05	0	0	0.000169914150875	0.000110444198069	4.24785377188e-06	4.24785377188e-06	4.24785377188e-06	0	0	0	4.24785377188e-06	0.00124037330139	0	0.0254021655559	0	4.67263914907e-05	0	0.00051823816017	0.00127860398534	0.000637178065782	0	0.00020389698105	0.000688152311045	4.24785377188e-05	0	0.00118515120236	1.27435613156e-05	4.24785377188e-06	0.00798171723737	0.0002718626414	0.0014655095513	0.0001359313207	0.000577708112976	0	0.00675408749729	0.000390802547013	0	0.00827481914763	0.00621461006826	0.000624434504467	0.000734878702536	0.0010577155892	0	0	8.49570754376e-06	0.00349598365426	8.49570754376e-06	5.09742452626e-05	9.34527829814e-05	8.92049292095e-05	0	0	0	0.000454520353591	0.000416289669644	0.00507193740363	0.000819835777973	1.27435613156e-05	0	0
0	0	0	0	0	0	0	0	0	0	0	0	0	0	0	0	0	0	0	0	0	0	0	0	0	0	0	0	0	0	0	0	0	0	0	0	0	0	0	0	0	0	0	0	0	0	0	0	0	0	0	0	0	0	0	0	0	0	0	0	0	0	0	0	0	0	0	0	0	0	0	0	0	0	0	0	0	0	0	0	0	0	0	0
0	0	0	0	0.00172887648516	0	5.52220990345e-05	0.00187755136717	1.27435613156e-05	0.000909040707183	0.000114692051841	8.49570754376e-06	7.64613678939e-05	1.27435613156e-05	1.27435613156e-05	1.27435613156e-05	0	4.24785377188e-06	0	4.24785377188e-06	3.39828301751e-05	0	0	0	0.00207295264068	0	8.49570754376e-06	0	0.00390377761636	2.97349764032e-05	0	0	0	4.24785377188e-06	0.000131683466928	1.27435613156e-05	0	4.67263914907e-05	0	0.0197312807704	8.49570754376e-05	0.000998245636392	0	0.000883553584551	0.00486804042258	0.00193702131998	0.000535229575257	0.00498698032819	7.2213514122e-05	8.92049292095e-05	0.00022513624991	0	0	0.000263366933857	5.09742452626e-05	0.0138607468577	0	0	2.97349764032e-05	0.00917536414726	0	0.000178409858419	0.000199649127278	0.00603620020984	0.000123187759385	0	0	4.24785377188e-06	0	0.000212392688594	4.24785377188e-06	0	0.00015717058956	1.27435613156e-05	0	4.24785377188e-06	0	0.000174162004647	0.000123187759385	0.00114692051841	0.000199649127278	0.000433281084732	0.000297349764032	0
0	0.000101948490525	0	0	4.24785377188e-06	0	1.27435613156e-05	4.24785377188e-06	4.24785377188e-06	1.27435613156e-05	0	8.49570754376e-06	1.27435613156e-05	2.12392688594e-05	0	4.24785377188e-06	0	0	0	0	0	0	4.24785377188e-06	0	2.97349764032e-05	8.49570754376e-06	8.92049292095e-05	0.000123187759385	8.49570754376e-06	8.49570754376e-06	0	1.27435613156e-05	0	4.24785377188e-06	1.69914150875e-05	0	0.000768861532711	0	0	8.49570754376e-05	0.00925607336893	0.00234906313585	8.49570754376e-06	0.00134232179191	0.00313916393742	2.54871226313e-05	8.49570754376e-06	0.000110444198069	0.000191153419735	1.27435613156e-05	0.00521636443187	0	0	8.07092216658e-05	0	5.52220990345e-05	0	0.000824083631745	0	0.00288854056488	0.000671160895957	0.000106196344297	0.000683904457273	5.52220990345e-05	8.49570754376e-06	0	2.12392688594e-05	0.000458768207363	0	0.00022513624991	8.49570754376e-06	0	1.69914150875e-05	8.49570754376e-06	0	0	0	0.000191153419735	0	0.000152922735788	6.37178065782e-05	0.00276960065927	0.00155046662674	0
