0.045274720292	0	0	0	0.00028339208996	0	0.000884183320675	0.0214131063174	0.0125826087942	6.80141015904e-05	0.00804833535486	0.00332135529433	0.00115623972704	0.000158699570378	0.022864073818	0	3.40070507952e-05	0	0.000362741875149	7.93497851888e-05	0.00112223267624	0.00518040740447	0	0.00157566002018	0.00291327068479	0	0	1.13356835984e-05	0.0223879751068	0.0176156523119	0.0109389346725	0	0.000238049355566	0.000736819433896	0.00744754412415	0	0	0	0	1.13356835984e-05	0	0	3.40070507952e-05	0	0.00028339208996	2.26713671968e-05	0	0	0	0	0	0	0	0	0	0	0	0	7.93497851888e-05	0.000317399140755	0	0	7.93497851888e-05	0.000136028203181	0	0	0	0	0	0	0.00191573052813	0	0.00902320414433	0.00205175873131	3.40070507952e-05	1.13356835984e-05	0	7.93497851888e-05	0	0	0	0	0	0
0	0.0214924561026	0	0	0	0	0	0	0	0.00307197025517	0	0	0	1.13356835984e-05	0	0	5.6678417992e-05	0.000136028203181	3.40070507952e-05	0	0	0	0.00499903646689	0	0.0042395456658	0.00111089699264	0.00455694480656	0.0152918371742	0.000816169219085	0	0	1.13356835984e-05	0	0	0	0	0.0129340149858	0	0	0	0	0	0	0	0	0	0	0	0.000555448496322	0	0	0	0.000181370937574	0	0.000181370937574	0	0	0	0	0.000453427343936	0.000963533105864	0.000657469648707	0.0134327850641	0	0	0	0.000328734824354	0	0	0	0	0	0	0	0	0	0	0	0	0	0	0	0	0
0	0	0.0416132944897	0	0	0	0	0.000385413242346	0	0	0	4.53427343936e-05	0	0	0	0	1.13356835984e-05	0.00255052880964	0	5.6678417992e-05	0	0.00180237369215	0	0.022920752236	0	0	0.00828638471043	0.0111429769772	0.000385413242346	0	0.00172302390696	0	0	0	5.6678417992e-05	0	0.000725483750298	0	0	0	0	0	0	0	0	0	0	0	0	0	0	0.000170035253976	0	0	0	0	0	0.00198374462972	0.00129226793022	0	0	0	0.00380878968906	0	0	0	0	0	0	0.000170035253976	0.00163233843817	0	0.000702812383101	0.000521441445526	4.53427343936e-05	0	0	0.00106555425825	0	0.000385413242346	0.000102021152386	0	0	0
0	0	0	0	0	0	0	0	0	0	0	0	0	0	0	0	0	0	0	0	0	0	0	0	0	0	0	0	0	0	0	0	0	0	0	0	0	0	0	0	0	0	0	0	0	0	0	0	0	0	0	0	0	0	0	0	0	0	0	0	0	0	0	0	0	0	0	0	0	0	0	0	0	0	0	0	0	0	0	0	0	0	0	0
0.00028339208996	0	0	0	0.0218098552433	0	0.000102021152386	0.00167768117256	3.40070507952e-05	0.00245984334085	0.000702812383101	0.000362741875149	0.00300395615358	6.80141015904e-05	0	0	0	0	0	0	0.00234648650487	0	0	0	0.00736819433896	0	0	0	0.0121405171339	0.000124692519582	0	0	0	0	0.000408084609542	0	0	0	0	0.0103948218597	0	0.000158699570378	0	0	0.00648401101828	0.00542979244363	9.06854687872e-05	0.00137161771541	1.13356835984e-05	1.13356835984e-05	1.13356835984e-05	0	0	0	0	0.00257320017684	0	0	0	0.00720949476858	0	0	0	0.00604191935795	0.000102021152386	0	0	0	0	9.06854687872e-05	0.000374077558747	0	0.000419420293141	1.13356835984e-05	0	0	0	0	0	9.06854687872e-05	0	0.000102021152386	0	1.13356835984e-05
0	0	0	0	0	0.00316265572395	0.00131493929741	0	5.6678417992e-05	0	0	0	0	0	1.13356835984e-05	0.000521441445526	0	0	0	0	0	0	0	0	0	0	0	0	0	0	0	0	0.00035140619155	0	2.26713671968e-05	0	0	0	0	0	0	0	0	0	0	0	0	0	0	0	0	0	0	0	0	0	0	0	0	0	0	0	0	0	0	0	0	0	0	0	0.000306063457157	0	5.6678417992e-05	0	0.00146230318419	0.000793497851888	0	0	0	0	0	0	0	0
0.000884183320675	0	0	0	0.000102021152386	0.00131493929741	0.0287019508711	0.0104968430121	0.0170148610812	0.000306063457157	0.0159946495573	0.000464763027534	0.00346871918111	6.80141015904e-05	0.00251652175884	0.00172302390696	1.13356835984e-05	0	0	0	0.000238049355566	4.53427343936e-05	0	0.000238049355566	0.00056678417992	0	0	0	0.0056791774828	0.00113356835984	0	0	0.00172302390696	2.26713671968e-05	0.000963533105864	0	0	0	0	1.13356835984e-05	0	0	1.13356835984e-05	0	2.26713671968e-05	2.26713671968e-05	0	0	0	0	0	0	0	0	0	2.26713671968e-05	0	0	0	4.53427343936e-05	0	0	0	1.13356835984e-05	3.40070507952e-05	0	0	0	0	3.40070507952e-05	0.00182504505934	0	0.00175703095775	0.000102021152386	0.00251652175884	0.000158699570378	0	0	0	2.26713671968e-05	0	3.40070507952e-05	1.13356835984e-05	0
0.0214131063174	0	0.000385413242346	0	0.00167768117256	0	0.0104968430121	0.0789303648957	0.0226146887788	0.000884183320675	0.0264121427843	0.00358207601709	0.000419420293141	7.93497851888e-05	0.0114150333836	0	0	0	0.000623462597912	0.000328734824354	0.000136028203181	0.00550914222882	0	0.00191573052813	0.00180237369215	0	0	0.000170035253976	0.0464196243354	0.00841107723001	0.00842241291361	0	0.000113356835984	0.0035253975991	0.00784429305009	0	0	0	0	0.00489701531451	0	0.000442091660338	0	7.93497851888e-05	0.00433023113459	0.00340070507952	0.000272056406362	0.000974868789462	0	0.000170035253976	0	0	0	3.40070507952e-05	0	0.00225580103608	0	0	0.000147363886779	0.00735685865536	0	2.26713671968e-05	0.000136028203181	0.00333269097793	0.000328734824354	0	0	0	0	0.000272056406362	0.00317399140755	0	0.00976002357822	0.00302662752077	0.000102021152386	1.13356835984e-05	0	0.000136028203181	1.13356835984e-05	0.000294727773558	2.26713671968e-05	0	0	0
0.0125826087942	0	0	0	3.40070507952e-05	5.6678417992e-05	0.0170148610812	0.0226146887788	0.0474738429101	1.13356835984e-05	0.0203362163755	0.000170035253976	0.000578119863518	0.000113356835984	0.0156545790494	0.000600791230715	0	0	0	0	0.000113356835984	0.0013942890826	0	1.13356835984e-05	0.00163233843817	0	0	0	0.0164707482685	0.00224446535248	0	0	0.00177970232495	1.13356835984e-05	0.00035140619155	0	0	0	0	0	0	0	1.13356835984e-05	0	7.93497851888e-05	2.26713671968e-05	0	0	0	0	0	0	0	0	0	2.26713671968e-05	0	0	0	0.000102021152386	0	0	0	4.53427343936e-05	0	0	0	0	0	0	0.000657469648707	0	0.00117891109423	5.6678417992e-05	0.000838840586282	0	0	0	0	0	0	0	0	0
6.80141015904e-05	0.00307197025517	0	0	0.00245984334085	0	0.000306063457157	0.000884183320675	1.13356835984e-05	0.0347552059127	0	0	0.00132627498101	0	0	0.00231247945407	1.13356835984e-05	6.80141015904e-05	0.000136028203181	0.000102021152386	1.13356835984e-05	0	0.00739086570616	1.13356835984e-05	0.0214471133682	0.000838840586282	0.00105421857465	0.0035480689663	0.0121858598683	7.93497851888e-05	0	0	0	6.80141015904e-05	0.00231247945407	0.000113356835984	6.80141015904e-05	0	0	0.00479499416212	0	0	2.26713671968e-05	0	0.0135234705329	0.000487434394731	0	6.80141015904e-05	0.000192706621173	0.000816169219085	0	0.000328734824354	0	0	1.13356835984e-05	4.53427343936e-05	0	0.00621195461192	0	0.0132854211773	0.000306063457157	0.000238049355566	0.000736819433896	0.00332135529433	0.00056678417992	0	0.000124692519582	0	0.000396748925944	0.000555448496322	0.00571318453359	0.00035140619155	4.53427343936e-05	1.13356835984e-05	0.00372943990387	0	0	0.00126959656302	3.40070507952e-05	0.000464763027534	0.000294727773558	0.000317399140755	0.000170035253976	0
0.00804833535486	0	0	0	0.000702812383101	0	0.0159946495573	0.0264121427843	0.0203362163755	0	0.0506251629505	0.00216511556729	0.00240316492286	0.000226713671968	0.00537311402564	0	0	0	0.000238049355566	1.13356835984e-05	0.00382012537266	0	0	0	3.40070507952e-05	0	0	0	0.014452996588	0.00552047791242	0	0	0.000793497851888	0	0.00479499416212	0	0	0	0	0.00435290250179	0	0.0014169604498	0	0.000170035253976	0.00310597730596	0.00818436355804	0.000861511953478	0.00248251470805	0	0.000464763027534	0	0	0	7.93497851888e-05	0	0.007084802249	0	0	0	0.0084904270152	0	0.000102021152386	0	0.0013942890826	0.00109956130904	0	0	0	0	0.000861511953478	0.000442091660338	0	0.00520307877167	0.00109956130904	1.13356835984e-05	1.13356835984e-05	0	0	0	0.000861511953478	0	0	0	0
0.00332135529433	0	4.53427343936e-05	0	0.000362741875149	0	0.000464763027534	0.00358207601709	0.000170035253976	0	0.00216511556729	0.0389154017933	0.00292460636839	0.0092159107655	0.00193840189533	0	0	0.0014282961334	0.00945396012107	0.00673339605745	0.00153031728578	9.06854687872e-05	0	1.13356835984e-05	0.00108822562545	0.000396748925944	0.00389947515785	0	0.00192706621173	0.00926125349989	0.000102021152386	0.000170035253976	0.00175703095775	0.00157566002018	0.0147137173107	0	0	0	0	0	0	0	2.26713671968e-05	0	6.80141015904e-05	0	0.000408084609542	0	0.00300395615358	0	0	0.000102021152386	0	0	0	0	0	1.13356835984e-05	0.000340070507952	7.93497851888e-05	0.00243717197366	0	0.000589455547117	4.53427343936e-05	0	0	0.000102021152386	0	0	1.13356835984e-05	0.00629130439711	0.00574719158439	0.0204609088951	0.000816169219085	0	0	0.00131493929741	0.000453427343936	0.000260720722763	1.13356835984e-05	0	0	0	0
0.00115623972704	0	0	0	0.00300395615358	0	0.00346871918111	0.000419420293141	0.000578119863518	0.00132627498101	0.00240316492286	0.00292460636839	0.02009816702	0.000702812383101	0.00049877007833	0.00106555425825	1.13356835984e-05	0	0	0	0.00555448496322	7.93497851888e-05	0	0.000362741875149	0.00472698006053	0	0	0	0.0021084371493	0.00325334119274	0	0	0.000192706621173	4.53427343936e-05	0.00387680379065	0	0	0	0	9.06854687872e-05	0	0.0020971014657	1.13356835984e-05	0.00129226793022	0.000249385039165	0.00021537798837	2.26713671968e-05	0.00416019588061	2.26713671968e-05	0.000260720722763	0.00153031728578	0	0	0	0	0.000113356835984	0	0	0	0.000124692519582	0	0	0	1.13356835984e-05	7.93497851888e-05	0	0	0	0	7.93497851888e-05	0.000124692519582	0	0.00377478263827	0.000102021152386	0.000578119863518	0	0	1.13356835984e-05	0	6.80141015904e-05	0	0.000147363886779	0	2.26713671968e-05
0.000158699570378	1.13356835984e-05	0	0	6.80141015904e-05	0	6.80141015904e-05	7.93497851888e-05	0.000113356835984	0	0.000226713671968	0.0092159107655	0.000702812383101	0.0121858598683	0.000408084609542	0	0	0	0	0	0.000442091660338	0	0	0	0.000158699570378	0.000419420293141	0.000827504902683	0.000306063457157	7.93497851888e-05	0.00103154720745	0	0.000317399140755	0.000362741875149	0	0.00116757541064	0	2.26713671968e-05	0	0	0	0	0	0	0	0	0	0.000340070507952	0	0.00455694480656	0	0	0	0	0	0	0	0	0	0	0	0.0035707403335	0	0.00126959656302	0	0	0	0.000838840586282	0	0	0	0.000181370937574	0.00409218177902	0.00317399140755	0.000102021152386	0	0	0.00105421857465	0	0.000249385039165	0	0	0	0	0
0.022864073818	0	0	0	0	1.13356835984e-05	0.00251652175884	0.0114150333836	0.0156545790494	0	0.00537311402564	0.00193840189533	0.00049877007833	0.000408084609542	0.0389607445277	0	2.26713671968e-05	0	0	0	0.000124692519582	0.00376344695467	0	0.00119024677783	0.00230114377048	0	0	0	0.012900007935	0.011006948774	0.00408084609542	0	0.00369543285308	0.000430755976739	0.00227847240328	0	0	0	0	0	0	0	5.6678417992e-05	0	0.000306063457157	2.26713671968e-05	0	0	0	0	0	0	0	0	0	2.26713671968e-05	0	0	6.80141015904e-05	0.000328734824354	0	0	6.80141015904e-05	0.000181370937574	0	0	0	0	0	0	0.00168901685616	0	0.00437557386898	0.000827504902683	0.000680141015904	0	0	6.80141015904e-05	0	0	0	0	0	0
0	0	0	0	0	0.000521441445526	0.00172302390696	0	0.000600791230715	0.00231247945407	0	0	0.00106555425825	0	0	0.00603058367435	0	0	0	0	0	0	0	0	0.00206309441491	0	0	0	9.06854687872e-05	0	0	0	0	0	1.13356835984e-05	0	0	0	0	7.93497851888e-05	0	0	0	0	9.06854687872e-05	0	0	0	0	0	0	0	0	0	0	0	0	0	0	7.93497851888e-05	0	0	0	1.13356835984e-05	0	0	0	0	0	0	0.00204042304771	0	1.13356835984e-05	0	0.00491968668171	6.80141015904e-05	0	0	0	0	0	1.13356835984e-05	0	0
3.40070507952e-05	5.6678417992e-05	1.13356835984e-05	0	0	0	1.13356835984e-05	0	0	1.13356835984e-05	0	0	1.13356835984e-05	0	2.26713671968e-05	0	0.0258340229208	5.6678417992e-05	0.00021537798837	7.93497851888e-05	0	0.00243717197366	0.0200074815512	0.00762891506172	0.00552047791242	0	0.000249385039165	0.00514640035367	0.00208576578211	4.53427343936e-05	2.26713671968e-05	0	0	0	1.13356835984e-05	0	0	0	0	0	0	0	0	0	1.13356835984e-05	0	0	0	0	1.13356835984e-05	0	0.0120951743995	0	0	0	0	0.000940861738667	0.0135688132673	0.00136028203181	0.00121291814503	0	0	0	0.00206309441491	0	0	0	0	0	0	0.00226713671968	0.000827504902683	4.53427343936e-05	6.80141015904e-05	0	0	0	0.000306063457157	0.00028339208996	0	1.13356835984e-05	1.13356835984e-05	1.13356835984e-05	0
0	0.000136028203181	0.00255052880964	0	0	0	0	0	0	6.80141015904e-05	0	0.0014282961334	0	0	0	0	5.6678417992e-05	0.0311844655792	3.40070507952e-05	0.0070961379326	0	0.000510105761928	9.06854687872e-05	0.00655202511987	6.80141015904e-05	0	0.0145550177403	0.000589455547117	0.000113356835984	2.26713671968e-05	4.53427343936e-05	0	0	0	0.00558849201401	0	0.00155298865298	0	0	0	0	0	0	0	7.93497851888e-05	0	0	0	0	2.26713671968e-05	0	0.000124692519582	0.00150764591859	0	0.00420553861501	0	0	0.000113356835984	0.00056678417992	5.6678417992e-05	0	0.00338936939592	0.00251652175884	7.93497851888e-05	0	0	0	0	0	0.00157566002018	0.00336669802872	0.00191573052813	0.00460228754095	0.000238049355566	0.000102021152386	0	0	0.00252785744244	0.000759490801093	0.00198374462972	0.000147363886779	1.13356835984e-05	0	0
0.000362741875149	3.40070507952e-05	0	0	0	0	0	0.000623462597912	0	0.000136028203181	0.000238049355566	0.00945396012107	0	0	0	0	0.00021537798837	3.40070507952e-05	0.0202001881723	0.00406951041183	0	5.6678417992e-05	9.06854687872e-05	0.000306063457157	0.000158699570378	0	0.00979403062902	0.00021537798837	0.000589455547117	0.000793497851888	3.40070507952e-05	0	0	0.000476098711133	0.000963533105864	0	0.000600791230715	0	0	0	0	0	2.26713671968e-05	0	0.00028339208996	0	0	0	0.000544112812723	4.53427343936e-05	0	9.06854687872e-05	0	3.40070507952e-05	4.53427343936e-05	0	0	0.000136028203181	0.000249385039165	0.000272056406362	0	0.00410351746262	0.00454560912296	0.000238049355566	3.40070507952e-05	0	6.80141015904e-05	0	1.13356835984e-05	3.40070507952e-05	0.00711880929979	0.0027999138488	0.00508972193568	0.000294727773558	0	0	0	0.000442091660338	5.6678417992e-05	4.53427343936e-05	3.40070507952e-05	2.26713671968e-05	1.13356835984e-05	0
7.93497851888e-05	0	5.6678417992e-05	0	0	0	0	0.000328734824354	0	0.000102021152386	1.13356835984e-05	0.00673339605745	0	0	0	0	7.93497851888e-05	0.0070961379326	0.00406951041183	0.0164934196357	0	0.000170035253976	4.53427343936e-05	0.000158699570378	0.000136028203181	0	0.00648401101828	0	0.000328734824354	0.000510105761928	0.000102021152386	0	0	0.000476098711133	0.0049423580489	0	1.13356835984e-05	0	0	0	0	0	2.26713671968e-05	0	0.000181370937574	0	0	0	0	5.6678417992e-05	0	0.000113356835984	0	0	0.000872847637077	0	0	5.6678417992e-05	0.000317399140755	0.000136028203181	0	0.000385413242346	0.000374077558747	0.000136028203181	0	0	0	0	0	1.13356835984e-05	0.00414886019701	0.000986204473061	0.00682408152624	0.000317399140755	0	0	0	0.000464763027534	1.13356835984e-05	2.26713671968e-05	0	1.13356835984e-05	0	0
0.00112223267624	0	0	0	0.00234648650487	0	0.000238049355566	0.000136028203181	0.000113356835984	1.13356835984e-05	0.00382012537266	0.00153031728578	0.00555448496322	0.000442091660338	0.000124692519582	0	0	0	0	0	0.0137728555721	0	0	0	0.00180237369215	0	0	0	0.00307197025517	0.00181370937574	0	0	0.000113356835984	0	0.0020971014657	0	0	0	0	0.00124692519582	0	0.0014282961334	0	0.00021537798837	0.00149631023499	0.00317399140755	0.000963533105864	0.00190439484453	7.93497851888e-05	0.000147363886779	0.000294727773558	0	0	0	0	0.00369543285308	0	0	0	0.00333269097793	2.26713671968e-05	5.6678417992e-05	0	0.000600791230715	0.00103154720745	0	0	0	0	0.000997540156659	7.93497851888e-05	0	0.0021424442001	1.13356835984e-05	0	0	0	0	0	0.000986204473061	0	3.40070507952e-05	0	6.80141015904e-05
0.00518040740447	0	0.00180237369215	0	0	0	4.53427343936e-05	0.00550914222882	0.0013942890826	0	0	9.06854687872e-05	7.93497851888e-05	0	0.00376344695467	0	0.00243717197366	0.000510105761928	5.6678417992e-05	0.000170035253976	0	0.0528356212521	0.00435290250179	0.0279651314373	0.0014509675006	0	0.000192706621173	0.000555448496322	0.0201321740708	0.00149631023499	0.0124692519582	0	0	0.000158699570378	0.00464763027534	0	1.13356835984e-05	0	0	0	0	0	0	0	0	0	0	0	0	0	0	0.00411485314622	0	0	2.26713671968e-05	0	0.000328734824354	0.00468163732614	0.000362741875149	0.000963533105864	0	1.13356835984e-05	0.00028339208996	0.00221045830169	0	0	0	0	0	0.000124692519582	0.00434156681819	0.000612126914314	0.00683541720983	0.00303796320437	0.000362741875149	0	0	0.00085017626988	0.000328734824354	0.00035140619155	0.00028339208996	6.80141015904e-05	0	0
0	0.00499903646689	0	0	0	0	0	0	0	0.00739086570616	0	0	0	0	0	0	0.0200074815512	9.06854687872e-05	9.06854687872e-05	4.53427343936e-05	0	0.00435290250179	0.0541278891824	0.00832039176123	0.0172529104368	0.000770826484691	0.000419420293141	0.0210163573914	0.00614394051033	0	0	0	0	0	0.000963533105864	6.80141015904e-05	0.00542979244363	0	0	0.000136028203181	0	0	1.13356835984e-05	0	0.000872847637077	0	0	5.6678417992e-05	5.6678417992e-05	0.000827504902683	0	0.0189872700273	0	0	1.13356835984e-05	0	0.00103154720745	0.0305156602469	0.0014282961334	0.0049310223653	7.93497851888e-05	9.06854687872e-05	0.00752689390934	0.00479499416212	0.000487434394731	0	2.26713671968e-05	0	0.000340070507952	0.00049877007833	0.0021537798837	0.00021537798837	0	0	0	0	0	0.00121291814503	0.000204042304771	0.000838840586282	0.000589455547117	0.000396748925944	0.000430755976739	0
0.00157566002018	0	0.022920752236	0	0	0	0.000238049355566	0.00191573052813	1.13356835984e-05	1.13356835984e-05	0	1.13356835984e-05	0.000362741875149	0	0.00119024677783	0	0.00762891506172	0.00655202511987	0.000306063457157	0.000158699570378	0	0.0279651314373	0.00832039176123	0.0815829148577	3.40070507952e-05	0	0.00155298865298	0.00901186846073	0.0077762789485	0.000328734824354	0.00603058367435	0	0	0	0.00445492365417	0	5.6678417992e-05	0	0	0	0	0	0	0	1.13356835984e-05	0	0	0	0	0	0	0.00985070904701	0	0	1.13356835984e-05	0	0.000555448496322	0.0108142421529	0.00584921273677	0.000929526055069	0	1.13356835984e-05	0.00383146105626	0.000600791230715	0	0	0	0	0	0.000124692519582	0.00753822959294	0.00155298865298	0.00724350181938	0.00722083045218	0.00170035253976	0	0	0.00223312966888	0.000408084609542	0.00240316492286	0.00252785744244	5.6678417992e-05	0	0
0.00291327068479	0.0042395456658	0	0	0.00736819433896	0	0.00056678417992	0.00180237369215	0.00163233843817	0.0214471133682	3.40070507952e-05	0.00108822562545	0.00472698006053	0.000158699570378	0.00230114377048	0.00206309441491	0.00552047791242	6.80141015904e-05	0.000158699570378	0.000136028203181	0.00180237369215	0.0014509675006	0.0172529104368	3.40070507952e-05	0.061110670279	0.000770826484691	0.00049877007833	0.00329868392713	0.0311731298956	0.00769692916331	0.00294727773558	0	2.26713671968e-05	0.00535044265844	0.00582654136958	6.80141015904e-05	2.26713671968e-05	0	0	0.00431889545099	0	0	1.13356835984e-05	0	0.0102587936566	0.000226713671968	0	0.000238049355566	0.000136028203181	0.000442091660338	0	0.0028112495324	0	0	2.26713671968e-05	0.000158699570378	7.93497851888e-05	0.00768559347971	5.6678417992e-05	0.0120044889307	0.000136028203181	0.000102021152386	0.000408084609542	0.00468163732614	0.000204042304771	0	9.06854687872e-05	0	0.000102021152386	0.000147363886779	0.00545246381083	7.93497851888e-05	0.002822585216	0.000714148066699	0.00323066982554	0	0	0.00111089699264	3.40070507952e-05	0.000487434394731	0.000317399140755	0.000294727773558	0.000226713671968	0
0	0.00111089699264	0	0	0	0	0	0	0	0.000838840586282	0	0.000396748925944	0	0.000419420293141	0	0	0	0	0	0	0	0	0.000770826484691	0	0.000770826484691	0.00349139054831	0.000136028203181	0.000600791230715	0	0	0	0	0	0	0	0	0.00028339208996	0	0	0	0	0	0	0	0	0	0	0	0.000374077558747	0	0	0	0	0	0	0	0	0	0	0.000136028203181	0.000770826484691	0	0.000702812383101	0	0	0	0.000170035253976	0	0	0	0	0.00028339208996	0	0	0	0	0.000578119863518	0	0	0	0	0	0	0
0	0.00455694480656	0.00828638471043	0	0	0	0	0	0	0.00105421857465	0	0.00389947515785	0	0.000827504902683	0	0	0.000249385039165	0.0145550177403	0.00979403062902	0.00648401101828	0	0.000192706621173	0.000419420293141	0.00155298865298	0.00049877007833	0.000136028203181	0.0735912579208	0.0207102939343	6.80141015904e-05	0	3.40070507952e-05	0.00106555425825	0	0	0.000487434394731	0	0.00964666674224	0	0	0	0	0	0	0	0.000249385039165	0	0	0	0.00342337644672	6.80141015904e-05	0	6.80141015904e-05	0.00174569527415	3.40070507952e-05	0.00440958091978	0	0	0.000192706621173	0.000170035253976	0.000226713671968	0.00228980808688	0.0120611673487	0.0217871838761	0.000170035253976	4.53427343936e-05	0	0.00132627498101	0	1.13356835984e-05	0.00146230318419	0.00445492365417	0.00338936939592	0.0014169604498	0.000204042304771	7.93497851888e-05	0	0	0.0014282961334	0.000419420293141	0.00156432433658	0.000124692519582	3.40070507952e-05	2.26713671968e-05	0
1.13356835984e-05	0.0152918371742	0.0111429769772	0	0	0	0	0.000170035253976	0	0.0035480689663	0	0	0	0.000306063457157	0	0	0.00514640035367	0.000589455547117	0.00021537798837	0	0	0.000555448496322	0.0210163573914	0.00901186846073	0.00329868392713	0.000600791230715	0.0207102939343	0.0904247480644	0.00119024677783	1.13356835984e-05	0.000238049355566	0.000997540156659	0	0	4.53427343936e-05	0	0.0242243558498	0	0	0	0	0	0	0	3.40070507952e-05	0	0	0	0.00116757541064	0	0	0.00745887980775	0.000793497851888	1.13356835984e-05	0.000827504902683	0	2.26713671968e-05	0.0184204858474	0.00609859777594	0.000419420293141	0.000952197422266	0.00137161771541	0.0366482650736	3.40070507952e-05	0	0	0.000487434394731	0	0	0.000487434394731	0.00553181359602	0.00028339208996	0.000680141015904	0.000702812383101	0.000328734824354	0	0	0.00331001961073	0.000521441445526	0.00150764591859	0.000555448496322	0	0	0
0.0223879751068	0.000816169219085	0.000385413242346	0	0.0121405171339	0	0.0056791774828	0.0464196243354	0.0164707482685	0.0121858598683	0.014452996588	0.00192706621173	0.0021084371493	7.93497851888e-05	0.012900007935	9.06854687872e-05	0.00208576578211	0.000113356835984	0.000589455547117	0.000328734824354	0.00307197025517	0.0201321740708	0.00614394051033	0.0077762789485	0.0311731298956	0	6.80141015904e-05	0.00119024677783	0.116644184228	0.0202001881723	0.0102814650237	0	7.93497851888e-05	0.00896652572633	0.00889851162474	1.13356835984e-05	1.13356835984e-05	0	0	0.0152578301234	0	0.00137161771541	5.6678417992e-05	0.000124692519582	0.0214924561026	0.00853576974959	0.00078216216829	0.00235782218847	2.26713671968e-05	0.000555448496322	6.80141015904e-05	0.00225580103608	0	3.40070507952e-05	2.26713671968e-05	0.00489701531451	0.000113356835984	0.00586054842037	0.000396748925944	0.0241450060646	1.13356835984e-05	0.000102021152386	0.000374077558747	0.0125486017434	0.00106555425825	0	0	0	3.40070507952e-05	0.000838840586282	0.00714148066699	0.000113356835984	0.00817302787445	0.0042168742986	0.00085017626988	1.13356835984e-05	0	0.00149631023499	9.06854687872e-05	0.00111089699264	0.000396748925944	0.00021537798837	9.06854687872e-05	5.6678417992e-05
0.0176156523119	0	0	0	0.000124692519582	0	0.00113356835984	0.00841107723001	0.00224446535248	7.93497851888e-05	0.00552047791242	0.00926125349989	0.00325334119274	0.00103154720745	0.011006948774	0	4.53427343936e-05	2.26713671968e-05	0.000793497851888	0.000510105761928	0.00181370937574	0.00149631023499	0	0.000328734824354	0.00769692916331	0	0	1.13356835984e-05	0.0202001881723	0.0474625072265	0.0105308500629	0	0.00242583629006	0.0121745241847	0.0153598512758	0	0	0	0	2.26713671968e-05	0	0	0.000430755976739	0	0.00164367412177	1.13356835984e-05	0	0	0	0	0	0	0	0	0	1.13356835984e-05	0	1.13356835984e-05	2.26713671968e-05	0.00176836664135	0	0	2.26713671968e-05	0.00130360361382	0	0	0	0	0	0	0.00120158246143	1.13356835984e-05	0.0137048414705	0.00189305916093	0.000102021152386	0	1.13356835984e-05	6.80141015904e-05	0	0	0	0	0	0
0.0109389346725	0	0.00172302390696	0	0	0	0	0.00842241291361	0	0	0	0.000102021152386	0	0	0.00408084609542	0	2.26713671968e-05	4.53427343936e-05	3.40070507952e-05	0.000102021152386	0	0.0124692519582	0	0.00603058367435	0.00294727773558	0	3.40070507952e-05	0.000238049355566	0.0102814650237	0.0105308500629	0.0440504664634	0	0	0.00262987859483	0.00818436355804	0	0	0	0	0	0	0	0	0	0	0	0	0	0	0	0	0	0	0	0	0	0	0	0.000102021152386	0	0	0	9.06854687872e-05	0	0	0	0	0	0	0	0.00091819037147	0	0.011290340864	0.00163233843817	2.26713671968e-05	0	0	0.000102021152386	0	0	0	0	0	0
0	1.13356835984e-05	0	0	0	0	0	0	0	0	0	0.000170035253976	0	0.000317399140755	0	0	0	0	0	0	0	0	0	0	0	0	0.00106555425825	0.000997540156659	0	0	0	0.00123558951223	0	0	0	0	2.26713671968e-05	0	0	0	0	0	0	0	0	0	0	0	9.06854687872e-05	0	0	0	0	0	0	0	0	0	0	0	1.13356835984e-05	0	3.40070507952e-05	0	0	0	1.13356835984e-05	0	0	0	0	7.93497851888e-05	0	0	0	0	0	0	0	0	0	0	0	0
0.000238049355566	0	0	0	0	0.00035140619155	0.00172302390696	0.000113356835984	0.00177970232495	0	0.000793497851888	0.00175703095775	0.000192706621173	0.000362741875149	0.00369543285308	0	0	0	0	0	0.000113356835984	0	0	0	2.26713671968e-05	0	0	0	7.93497851888e-05	0.00242583629006	0	0	0.00741353707335	0	0.00267522132922	0	0	0	0	0	0	0	0	0	0	2.26713671968e-05	0	0	0	0	0	0	0	0	0	2.26713671968e-05	0	0	0	2.26713671968e-05	0	0	0	0	0	0	0	0	0	0	0.00150764591859	1.13356835984e-05	0.00336669802872	0.000249385039165	0.000668805332306	0.000170035253976	1.13356835984e-05	0	0	0	0	0	0	0
0.000736819433896	0	0	0	0	0	2.26713671968e-05	0.0035253975991	1.13356835984e-05	6.80141015904e-05	0	0.00157566002018	4.53427343936e-05	0	0.000430755976739	0	0	0	0.000476098711133	0.000476098711133	0	0.000158699570378	0	0	0.00535044265844	0	0	0	0.00896652572633	0.0121745241847	0.00262987859483	0	0	0.0137728555721	0.00595123388916	0	0	0	0	0	0	0	0.00028339208996	0	0.000714148066699	0	0	0	0	0	0	0	0	0	0	0	0	4.53427343936e-05	4.53427343936e-05	0.000748155117494	0	0	4.53427343936e-05	0.000544112812723	0	0	0	0	0	0	0.000521441445526	0	0.00477232279493	0.00162100275457	9.06854687872e-05	0	0	9.06854687872e-05	0	0	0	0	0	0
0.00744754412415	0	5.6678417992e-05	0	0.000408084609542	2.26713671968e-05	0.000963533105864	0.00784429305009	0.00035140619155	0.00231247945407	0.00479499416212	0.0147137173107	0.00387680379065	0.00116757541064	0.00227847240328	1.13356835984e-05	1.13356835984e-05	0.00558849201401	0.000963533105864	0.0049423580489	0.0020971014657	0.00464763027534	0.000963533105864	0.00445492365417	0.00582654136958	0	0.000487434394731	4.53427343936e-05	0.00889851162474	0.0153598512758	0.00818436355804	0	0.00267522132922	0.00595123388916	0.0505798202161	4.53427343936e-05	0	0	0	1.13356835984e-05	0	0	0.000204042304771	0	0.00224446535248	3.40070507952e-05	2.26713671968e-05	2.26713671968e-05	0	0.000294727773558	0	0.000147363886779	0	0	0	4.53427343936e-05	0	0.00208576578211	6.80141015904e-05	0.00204042304771	0	0	6.80141015904e-05	0.00108822562545	0.000272056406362	0	0	0	0.00021537798837	0.000340070507952	0.00535044265844	4.53427343936e-05	0.0337690014396	0.00309464162236	0.000192706621173	4.53427343936e-05	1.13356835984e-05	0.00028339208996	4.53427343936e-05	0.000192706621173	0.000102021152386	6.80141015904e-05	4.53427343936e-05	0
0	0	0	0	0	0	0	0	0	0.000113356835984	0	0	0	0	0	0	0	0	0	0	0	0	6.80141015904e-05	0	6.80141015904e-05	0	0	0	1.13356835984e-05	0	0	0	0	0	4.53427343936e-05	0.0122198669191	0	0	0	0	0	0	0.00828638471043	6.80141015904e-05	3.40070507952e-05	0	0	0	0	0.00502170783409	0	0	9.06854687872e-05	0	0	0	7.93497851888e-05	9.06854687872e-05	9.06854687872e-05	0.0021197728329	0	0	0	0.00316265572395	0.00396748925944	0.000748155117494	0	0	0.00151898160219	0.00206309441491	7.93497851888e-05	3.40070507952e-05	0	0	0	0	0	0	0	1.13356835984e-05	0	0	0	0
0	0.0129340149858	0.000725483750298	0	0	0	0	0	0	6.80141015904e-05	0	0	0	2.26713671968e-05	0	0	0	0.00155298865298	0.000600791230715	1.13356835984e-05	0	1.13356835984e-05	0.00542979244363	5.6678417992e-05	2.26713671968e-05	0.00028339208996	0.00964666674224	0.0242243558498	1.13356835984e-05	0	0	2.26713671968e-05	0	0	0	0	0.0493442307038	0	0	0.00125826087942	0	0	0	0	0.00454560912296	0	0	0.000929526055069	0.00131493929741	0	0	0.000102021152386	0.000668805332306	0	0.00131493929741	0	0	0.0163347200653	0	0.0105195143793	0.00581520568598	0.0028112495324	0.0416019588061	0.000136028203181	0	0	0.000226713671968	0	0	0.000419420293141	0	0	5.6678417992e-05	6.80141015904e-05	5.6678417992e-05	0	0	1.13356835984e-05	0	0.000544112812723	6.80141015904e-05	0	0	0
0	0	0	0	0	0	0	0	0	0	0	0	0	0	0	0	0	0	0	0	0	0	0	0	0	0	0	0	0	0	0	0	0	0	0	0	0	0.0370223426324	0	0	0	0	0.000294727773558	0	0	0	0	0	0	0	0	0	0.00307197025517	0	0	0	0.000385413242346	0	0.0198374462972	0	0	0.00820703492524	0.00877381910516	0.000476098711133	0	0.000419420293141	0	0	0	0	0	0	0	0	0	0	0	0	0	0	0	0	0	0
0	0	0	0	0	0	0	0	0	0	0	0	0	0	0	0	0	0	0	0	0	0	0	0	0	0	0	0	0	0	0	0	0	0	0	0	0	0	0	0	0	0	0	0	0	0	0	0	0	0	0	0	0	0	0	0	0	0	0	0	0	0	0	0	0	0	0	0	0	0	0	0	0	0	0	0	0	0	0	0	0	0	0	0
1.13356835984e-05	0	0	0	0.0103948218597	0	1.13356835984e-05	0.00489701531451	0	0.00479499416212	0.00435290250179	0	9.06854687872e-05	0	0	7.93497851888e-05	0	0	0	0	0.00124692519582	0	0.000136028203181	0	0.00431889545099	0	0	0	0.0152578301234	2.26713671968e-05	0	0	0	0	1.13356835984e-05	0	0.00125826087942	0	0	0.0354693539794	0.00108822562545	0.00296994910278	0.000147363886779	0.000147363886779	0.0216058129385	0.0124579162746	0.00228980808688	0.00698278109661	6.80141015904e-05	0.000419420293141	0.00187038779374	0	0	5.6678417992e-05	0	0.0105195143793	0	0.0021084371493	0	0.0269449199134	0.000532777129125	0.000408084609542	0.000657469648707	0.0123105523879	0.00251652175884	0	0	0	0	0.00233515082127	0.000884183320675	0	2.26713671968e-05	2.26713671968e-05	7.93497851888e-05	0	0	0.000793497851888	0	0.00231247945407	0	0.000748155117494	0	0.000124692519582
0	0	0	0	0	0	0	0	0	0	0	0	0	0	0	0	0	0	0	0	0	0	0	0	0	0	0	0	0	0	0	0	0	0	0	0	0	0	0	0.00108822562545	0.00433023113459	0.000170035253976	0	0.000294727773558	0.00183638074294	0	0	0.000487434394731	0	0	0.00310597730596	0	0	0	0	0.000226713671968	0	0	0	0.001439631817	0	0	0	0	0	0	0	0.000521441445526	0	0	0	0	0	0	0	0	0	0	0	0	0	0.00200641599692	0.000113356835984	0
0	0	0	0	0.000158699570378	0	0	0.000442091660338	0	0	0.0014169604498	0	0.0020971014657	0	0	0	0	0	0	0	0.0014282961334	0	0	0	0	0	0	0	0.00137161771541	0	0	0	0	0	0	0	0	0	0	0.00296994910278	0.000170035253976	0.0448666356825	0.00379745400546	0.0171962320188	0.00157566002018	0.0272056406362	0.00489701531451	0.0188285704569	0.00063479828151	0.00741353707335	0.00750422254214	0	0	0.000589455547117	4.53427343936e-05	0.0129226793022	0	0	0	0.00375211127107	6.80141015904e-05	0.000419420293141	0	0.000657469648707	0.00651801806908	0	0	0.000113356835984	0	0.00562249906481	4.53427343936e-05	0	0	0	0	0	0	0.00134894634821	0	0.00572452021719	2.26713671968e-05	0.00235782218847	0.00112223267624	0.000306063457157
3.40070507952e-05	0	0	0	0	0	1.13356835984e-05	0	1.13356835984e-05	2.26713671968e-05	0	2.26713671968e-05	1.13356835984e-05	0	5.6678417992e-05	0	0	0	2.26713671968e-05	2.26713671968e-05	0	0	1.13356835984e-05	0	1.13356835984e-05	0	0	0	5.6678417992e-05	0.000430755976739	0	0	0	0.00028339208996	0.000204042304771	0.00828638471043	0	0.000294727773558	0	0.000147363886779	0	0.00379745400546	0.0520307877167	0.00757223664373	0.000589455547117	0.00518040740447	0.000158699570378	4.53427343936e-05	9.06854687872e-05	0.0180577439723	0.000294727773558	0.000317399140755	3.40070507952e-05	0	0	0.000872847637077	0.00287926363399	1.13356835984e-05	0.00091819037147	0.00793497851888	0	3.40070507952e-05	0.000226713671968	0.0175929809447	0.00502170783409	0.00690343131143	0	0	0.00192706621173	0.0042735527166	0.000453427343936	0	0.000147363886779	5.6678417992e-05	0	0	0	0.00249385039165	0	0.00234648650487	0.00049877007833	0.00035140619155	0.000736819433896	3.40070507952e-05
0	0	0	0	0	0	0	7.93497851888e-05	0	0	0.000170035253976	0	0.00129226793022	0	0	0	0	0	0	0	0.00021537798837	0	0	0	0	0	0	0	0.000124692519582	0	0	0	0	0	0	6.80141015904e-05	0	0	0	0.000147363886779	0.000294727773558	0.0171962320188	0.00757223664373	0.032488069193	0.000147363886779	0.0119591461963	3.40070507952e-05	0.00875114773796	2.26713671968e-05	0.0122878810207	0.00476098711133	2.26713671968e-05	0	0	0	0.0077649432649	0	0	0	0.00146230318419	0.00028339208996	1.13356835984e-05	0	0.00232381513767	0.000544112812723	0	0	0.00193840189533	0	0.00192706621173	1.13356835984e-05	0	0	0	0	0	0	0.00104288289105	0	0.000872847637077	0.000192706621173	0.000793497851888	0.00241450060646	0.000272056406362
0.00028339208996	0	0	0	0.00648401101828	0	2.26713671968e-05	0.00433023113459	7.93497851888e-05	0.0135234705329	0.00310597730596	6.80141015904e-05	0.000249385039165	0	0.000306063457157	9.06854687872e-05	1.13356835984e-05	7.93497851888e-05	0.00028339208996	0.000181370937574	0.00149631023499	0	0.000872847637077	1.13356835984e-05	0.0102587936566	0	0.000249385039165	3.40070507952e-05	0.0214924561026	0.00164367412177	0	0	0	0.000714148066699	0.00224446535248	3.40070507952e-05	0.00454560912296	0	0	0.0216058129385	0.00183638074294	0.00157566002018	0.000589455547117	0.000147363886779	0.0459661969915	0.00682408152624	0.000940861738667	0.00645000396749	2.26713671968e-05	0.000555448496322	0.00344604781391	0.000181370937574	0	5.6678417992e-05	2.26713671968e-05	0.005645170432	0	0.0121971955519	0	0.0406837684347	0.00085017626988	0.000136028203181	0.00232381513767	0.0118571250439	0.00119024677783	0	0	0	3.40070507952e-05	0.00102021152386	0.00362741875149	0.000317399140755	0.000408084609542	0.000158699570378	7.93497851888e-05	0	0	0.000816169219085	6.80141015904e-05	0.000952197422266	0	0.0014282961334	0	5.6678417992e-05
2.26713671968e-05	0	0	0	0.00542979244363	0	2.26713671968e-05	0.00340070507952	2.26713671968e-05	0.000487434394731	0.00818436355804	0	0.00021537798837	0	2.26713671968e-05	0	0	0	0	0	0.00317399140755	0	0	0	0.000226713671968	0	0	0	0.00853576974959	1.13356835984e-05	0	0	2.26713671968e-05	0	3.40070507952e-05	0	0	0	0	0.0124579162746	0	0.0272056406362	0.00518040740447	0.0119591461963	0.00682408152624	0.056621739574	0.00324200550914	0.0128546652006	0.00035140619155	0.00633664713151	0.00293594205199	0	0	0.000181370937574	0.000158699570378	0.0218098552433	0	0	0	0.0161306777605	4.53427343936e-05	0.000453427343936	0	0.00759490801093	0.00459095185735	0	0	0	0	0.00363875443509	0.000453427343936	0	7.93497851888e-05	0.000102021152386	1.13356835984e-05	0	0	0.00221045830169	0	0.00402416767743	0.000124692519582	0.000340070507952	0.000328734824354	0.000260720722763
0	0	0	0	9.06854687872e-05	0	0	0.000272056406362	0	0	0.000861511953478	0.000408084609542	2.26713671968e-05	0.000340070507952	0	0	0	0	0	0	0.000963533105864	0	0	0	0	0	0	0	0.00078216216829	0	0	0	0	0	2.26713671968e-05	0	0	0	0	0.00228980808688	0	0.00489701531451	0.000158699570378	3.40070507952e-05	0.000940861738667	0.00324200550914	0.0256979947176	0.0049877007833	0.0070507951982	0.00303796320437	0.000487434394731	0	0	0.00261854291123	0.00116757541064	0.00504437920129	0	0	0	0.00164367412177	0.00147363886779	0.00310597730596	3.40070507952e-05	0.000408084609542	0.00881916183955	0	0.000306063457157	0.000238049355566	0	0.0134327850641	4.53427343936e-05	0.000623462597912	0	0	0	0	5.6678417992e-05	0.000963533105864	0.00239182923926	0.0111996553952	1.13356835984e-05	0.000453427343936	0	0.00156432433658
0	0	0	0	0.00137161771541	0	0	0.000974868789462	0	6.80141015904e-05	0.00248251470805	0	0.00416019588061	0	0	0	0	0	0	0	0.00190439484453	0	5.6678417992e-05	0	0.000238049355566	0	0	0	0.00235782218847	0	0	0	0	0	2.26713671968e-05	0	0.000929526055069	0	0	0.00698278109661	0.000487434394731	0.0188285704569	4.53427343936e-05	0.00875114773796	0.00645000396749	0.0128546652006	0.0049877007833	0.0336896516544	0.000646133965109	0.00719815908498	0.00685808857703	0	0	0.000646133965109	0.000124692519582	0.0157452645182	0	0.00137161771541	0	0.00723216613578	0.00035140619155	0.000396748925944	0.000770826484691	0.000476098711133	0.00699411678021	0	0	0	0	0.00593989820556	6.80141015904e-05	0	0	0	0	0	0	0.000238049355566	0	0.0056791774828	0	0.00148497455139	7.93497851888e-05	0.000294727773558
0	0.000555448496322	0	0	1.13356835984e-05	0	0	0	0	0.000192706621173	0	0.00300395615358	2.26713671968e-05	0.00455694480656	0	0	0	0	0.000544112812723	0	7.93497851888e-05	0	5.6678417992e-05	0	0.000136028203181	0.000374077558747	0.00342337644672	0.00116757541064	2.26713671968e-05	0	0	9.06854687872e-05	0	0	0	0	0.00131493929741	0	0	6.80141015904e-05	0	0.00063479828151	9.06854687872e-05	2.26713671968e-05	2.26713671968e-05	0.00035140619155	0.0070507951982	0.000646133965109	0.022920752236	0.0021084371493	0.000272056406362	0	0	0	0	0.000555448496322	0	0	0	7.93497851888e-05	0.00760624369453	0.00289059931759	0.00645000396749	3.40070507952e-05	0.0027999138488	0	0.00338936939592	0.000226713671968	0	0.00366142580228	0	0.0020971014657	0	0	0	0	5.6678417992e-05	0.000158699570378	0.00274323543081	0.00266388564562	0	0.000181370937574	0	0.00133761066461
0	0	0	0	1.13356835984e-05	0	0	0.000170035253976	0	0.000816169219085	0.000464763027534	0	0.000260720722763	0	0	0	1.13356835984e-05	2.26713671968e-05	4.53427343936e-05	5.6678417992e-05	0.000147363886779	0	0.000827504902683	0	0.000442091660338	0	6.80141015904e-05	0	0.000555448496322	0	0	0	0	0	0.000294727773558	0.00502170783409	0	0	0	0.000419420293141	0	0.00741353707335	0.0180577439723	0.0122878810207	0.000555448496322	0.00633664713151	0.00303796320437	0.00719815908498	0.0021084371493	0.0492875522858	0.00129226793022	0.00153031728578	0.00113356835984	0	0	0.00632531144791	0.00035140619155	0.000884183320675	0.000759490801093	0.0027999138488	0.000158699570378	5.6678417992e-05	4.53427343936e-05	0.00952197422266	0.0117097611571	0.00652935375268	0	0.00158699570378	0	0.00533910697485	0.000544112812723	7.93497851888e-05	0	0	0	0	0	0.000385413242346	0	0.00267522132922	4.53427343936e-05	0.000668805332306	0.000861511953478	0.00021537798837
0	0	0	0	1.13356835984e-05	0	0	0	0	0	0	0	0.00153031728578	0	0	0	0	0	0	0	0.000294727773558	0	0	0	0	0	0	0	6.80141015904e-05	0	0	0	0	0	0	0	0	0	0	0.00187038779374	0.00310597730596	0.00750422254214	0.000294727773558	0.00476098711133	0.00344604781391	0.00293594205199	0.000487434394731	0.00685808857703	0.000272056406362	0.00129226793022	0.0137841912557	0	0	0	0	0.00115623972704	0	0	0	0.00265254996203	6.80141015904e-05	0	0	0.000204042304771	0.00113356835984	0	0	0	0	0.00113356835984	0	0	0	0	0	0	0	0.000272056406362	0	0.000940861738667	0	0.0035367332827	0.000124692519582	0.000249385039165
0	0	0.000170035253976	0	0	0	0	0	0	0.000328734824354	0	0.000102021152386	0	0	0	0	0.0120951743995	0.000124692519582	9.06854687872e-05	0.000113356835984	0	0.00411485314622	0.0189872700273	0.00985070904701	0.0028112495324	0	6.80141015904e-05	0.00745887980775	0.00225580103608	0	0	0	0	0	0.000147363886779	0	0.000102021152386	0	0	0	0	0	0.000317399140755	2.26713671968e-05	0.000181370937574	0	0	0	0	0.00153031728578	0	0.03934615777	0	0	0	0	0.00386546810705	0.0287359579219	0.00376344695467	0.00389947515785	0	0	0.00333269097793	0.00858111248399	0.000680141015904	0	0	0	0	2.26713671968e-05	0.000725483750298	3.40070507952e-05	0.000204042304771	0.000136028203181	0	0	0	0.00461362322455	0.00049877007833	0.0014509675006	0.00120158246143	0.000532777129125	0.000521441445526	0
0	0.000181370937574	0	0	0	0	0	0	0	0	0	0	0	0	0	0	0	0.00150764591859	0	0	0	0	0	0	0	0	0.00174569527415	0.000793497851888	0	0	0	0	0	0	0	9.06854687872e-05	0.000668805332306	0.00307197025517	0	0	0	0	3.40070507952e-05	0	0	0	0	0	0	0.00113356835984	0	0	0.0273756758901	0	0.00460228754095	0	0.0035140619155	0	0.0120838387159	0	0	0.0035707403335	0.0106895496333	0.00257320017684	0.00119024677783	0.00380878968906	0	0	0	0.00201775168052	0	0	1.13356835984e-05	0	0	0	0	3.40070507952e-05	3.40070507952e-05	3.40070507952e-05	0	0	0	0
0	0	0	0	0	0	0	3.40070507952e-05	0	0	7.93497851888e-05	0	0	0	0	0	0	0	3.40070507952e-05	0	0	0	0	0	0	0	3.40070507952e-05	1.13356835984e-05	3.40070507952e-05	0	0	0	0	0	0	0	0	0	0	5.6678417992e-05	0	0.000589455547117	0	0	5.6678417992e-05	0.000181370937574	0.00261854291123	0.000646133965109	0	0	0	0	0	0.00557715633041	0.000442091660338	0.00085017626988	1.13356835984e-05	0	4.53427343936e-05	7.93497851888e-05	0	0.000181370937574	0.000102021152386	0	0.000861511953478	0	0	0	0	0.00228980808688	0	0	0	0	0	0	0	0.00114490404344	0.00128093224662	0.00243717197366	0.000102021152386	0	0	0.000170035253976
