0.0185492813184	1.64882500608e-05	0.000671896189978	0	0.000148394250547	8.2441250304e-06	0.00021434725079	0.0065087367115	0.00777420990367	0.00040396212649	0.00021434725079	0.000383351813914	1.23661875456e-05	0.000152516313062	0.0092210538465	4.1220625152e-06	0.000230835500851	0.00176836481902	4.53426876672e-05	0.000527624001946	2.47323750912e-05	0.000791436002918	6.1830937728e-05	0.00119952019192	0.000890365503283	1.23661875456e-05	0.000680140315008	0.000882121378253	0.000746093315251	0.00700338421332	0.00423335820311	4.1220625152e-06	0.000453426876672	2.88544376064e-05	0.00298025119849	0	0.000239079625882	1.23661875456e-05	0	0	0	0	0	0	0.000704872690099	0	0	0	8.2441250304e-06	4.1220625152e-06	0	4.1220625152e-06	2.88544376064e-05	7.00750627584e-05	8.65633128192e-05	0	0	2.0610312576e-05	0	0.000338009126246	6.1830937728e-05	0.000366863563853	0.000148394250547	0.00107173625395	4.1220625152e-05	0	0	0	0	5.35868126976e-05	0.000140150125517	4.94647501824e-05	0.00151691900559	0.000276178188518	2.0610312576e-05	7.83191877888e-05	4.1220625152e-06	0.000156638375578	6.59530002432e-05	4.94647501824e-05	1.23661875456e-05	0	4.1220625152e-06	0
1.64882500608e-05	0.0234875122116	0.00110059069156	0	4.1220625152e-05	8.2441250304e-06	6.1830937728e-05	0.000189614875699	0.000131906000486	0.00454251289175	4.1220625152e-05	0.000321520876186	0.000976928816102	0.00154989550572	2.47323750912e-05	1.23661875456e-05	0.000581210814643	0.000366863563853	1.64882500608e-05	0.000445182751642	2.47323750912e-05	8.2441250304e-05	0.0060470657098	0.00052350193943	0.00493823089321	0.00132730412989	0.00448892607905	0.0131576235485	0.000272056126003	2.0610312576e-05	0.000201981063245	0	2.0610312576e-05	0	0.000350375313792	0	0.0103711092882	0.000387473876429	0	1.23661875456e-05	0	0	4.1220625152e-06	0	7.41971252736e-05	0	4.1220625152e-05	8.2441250304e-06	0.000131906000486	4.1220625152e-06	4.1220625152e-06	0.000107173625395	0.000247323750912	4.1220625152e-05	0.000127783937971	1.23661875456e-05	2.0610312576e-05	0.000255567875942	5.77088752128e-05	0.000123661875456	0.00202805475748	0.00320696463683	0.00833893246825	6.59530002432e-05	6.1830937728e-05	1.64882500608e-05	1.23661875456e-05	4.53426876672e-05	0	6.1830937728e-05	0.00147982044296	0.00030915468864	0.000469915126733	0.000148394250547	3.70985626368e-05	1.23661875456e-05	2.88544376064e-05	0.000123661875456	0.000160760438093	8.2441250304e-06	4.1220625152e-06	4.1220625152e-06	4.1220625152e-06	3.70985626368e-05
0.000671896189978	0.00110059069156	0.0427911309703	0	1.64882500608e-05	1.23661875456e-05	0.00259689938458	0.00874289459474	0.00456724526684	0.00112944512916	0.000655407939917	0.000131906000486	4.1220625152e-06	9.06853753344e-05	0.002848345198	1.23661875456e-05	0.000465793064218	0.00501242801848	2.0610312576e-05	0.000873877253222	8.2441250304e-06	0.00210225188275	0.00130669381732	0.016554203061	0.000581210814643	4.1220625152e-06	0.0045301467042	0.0210884718278	0.00372634451374	0.00030091056361	0.00164058088105	0	9.89295003648e-05	0	0.000436938626611	0.000115417750426	0.00520204289418	0.000865633128192	0	1.23661875456e-05	0	1.64882500608e-05	0.000313276751155	2.0610312576e-05	0.00122837462953	8.2441250304e-06	2.0610312576e-05	4.1220625152e-06	4.1220625152e-06	4.53426876672e-05	2.47323750912e-05	0.000321520876186	0.00199507825736	8.2441250304e-05	0.000119539812941	1.23661875456e-05	0.00030915468864	0.00229186675845	0.00148806456799	0.000667774127462	7.41971252736e-05	0.00237430800876	0.00639331896108	0.00144272188032	0.000234957563366	0.000531746064461	0	4.1220625152e-06	7.83191877888e-05	0.000148394250547	0.00263812000973	0.00010305156288	0.00172302213135	0.00131493794235	5.35868126976e-05	9.06853753344e-05	0	0.00081616837801	0.000387473876429	0.000131906000486	7.00750627584e-05	2.0610312576e-05	4.1220625152e-06	4.1220625152e-06
0	0	0	0	0	0	0	0	0	0	0	0	0	0	0	0	0	0	0	0	0	0	0	0	0	0	0	0	0	0	0	0	0	0	0	0	0	0	0	0	0	0	0	0	0	0	0	0	0	0	0	0	0	0	0	0	0	0	0	0	0	0	0	0	0	0	0	0	0	0	0	0	0	0	0	0	0	0	0	0	0	0	0	0
0.000148394250547	4.1220625152e-05	1.64882500608e-05	0	0.0204248197628	4.1220625152e-05	0.00150867488056	0.00193736938214	0.00427870089078	0.000857389003162	0.00774123340355	0.000486403376794	0.00394069176453	0.00072960506519	0.000812046315494	0.000107173625395	5.77088752128e-05	2.88544376064e-05	7.41971252736e-05	0.000296788501094	0.00760932740306	6.1830937728e-05	7.83191877888e-05	7.41971252736e-05	0.0050701368937	2.0610312576e-05	0.00021434725079	0.000107173625395	0.00337184713743	0.000894487565798	7.41971252736e-05	0	0.000972806753587	2.0610312576e-05	0.000568844627098	0	0	0	0	0.00129020556726	0	4.1220625152e-05	4.1220625152e-06	0	0.000383351813914	0.000185492813184	1.23661875456e-05	0.00126959525468	4.1220625152e-06	2.47323750912e-05	4.53426876672e-05	0	0	1.64882500608e-05	0	0.00136852475505	0	1.23661875456e-05	4.1220625152e-06	0.00126135112965	2.47323750912e-05	5.77088752128e-05	2.47323750912e-05	0.000329765001216	0.00010305156288	0	1.23661875456e-05	0	0	6.59530002432e-05	0.000882121378253	1.64882500608e-05	0.000886243440768	6.1830937728e-05	0.00091921994089	0.000737849190221	4.1220625152e-06	0	4.1220625152e-06	4.53426876672e-05	2.88544376064e-05	0.000144272188032	0	0
8.2441250304e-06	8.2441250304e-06	1.23661875456e-05	0	4.1220625152e-05	0.00632324389832	0.00420862582802	0.000115417750426	0.000964562628557	0.000164882500608	0.000119539812941	0.000131906000486	0.000239079625882	8.65633128192e-05	0.00010305156288	0.00120364225444	0	0	8.2441250304e-06	7.41971252736e-05	3.29765001216e-05	0	1.23661875456e-05	1.23661875456e-05	0.000173126625638	0	0.000160760438093	5.35868126976e-05	5.35868126976e-05	1.64882500608e-05	0	1.23661875456e-05	0.00340894570007	0	6.59530002432e-05	0	8.2441250304e-06	0	0	0	0	0	0	0	0	0	0	0	0	4.1220625152e-06	0	4.1220625152e-06	4.1220625152e-06	0	0	0	4.1220625152e-06	8.2441250304e-06	0	4.1220625152e-06	0	1.23661875456e-05	1.64882500608e-05	2.0610312576e-05	8.2441250304e-06	0	0	0	0	8.2441250304e-06	0.00139737919265	5.35868126976e-05	0.000173126625638	0.000148394250547	0.00199507825736	0.000379229751398	1.23661875456e-05	8.2441250304e-06	8.2441250304e-06	4.1220625152e-06	0	0	0	0
0.00021434725079	6.1830937728e-05	0.00259689938458	0	0.00150867488056	0.00420862582802	0.054238098575	0.0142376039275	0.0304331875497	0.002984373261	0.0209071010771	0.000325642938701	0.0114181131671	0.000325642938701	0.00697865183823	0.00243201688397	0.000280300251034	0.000305032626125	2.47323750912e-05	0.000218469313306	0.00416328314035	0.000255567875942	0.000399840063974	0.000812046315494	0.00412618457772	1.23661875456e-05	0.000535868126976	0.00133967031744	0.00393656970202	0.000338009126246	0.00124486287959	1.23661875456e-05	0.00993004859912	0	0.00112944512916	1.23661875456e-05	0.00031739881367	1.64882500608e-05	0	0.00137264681756	0	4.53426876672e-05	8.2441250304e-06	1.23661875456e-05	0.00135203650499	4.94647501824e-05	8.2441250304e-06	0.000338009126246	4.1220625152e-06	0.000276178188518	4.1220625152e-06	0.000173126625638	8.2441250304e-06	4.94647501824e-05	0	0.000902731690829	0.000115417750426	0.000251445813427	0.000152516313062	0.00218881519557	3.29765001216e-05	0.000535868126976	0.000717238877645	0.00124074081708	0.000436938626611	4.1220625152e-06	4.1220625152e-06	4.1220625152e-06	0	0.000387473876429	0.00289368788567	0.000173126625638	0.00121600844198	0.000453426876672	0.00521440908173	0.000708994752614	4.1220625152e-05	0.000478159251763	0.000201981063245	0.000140150125517	0	8.2441250304e-06	4.1220625152e-06	0
0.0065087367115	0.000189614875699	0.00874289459474	0	0.00193736938214	0.000115417750426	0.0142376039275	0.0801658717956	0.0254743463439	0.00517318845658	0.0244355865901	0.00116242162929	0.00115005544174	0.00119539812941	0.0178732630659	0.000680140315008	0.000737849190221	0.0034171898251	0.000267934063488	0.00183843988178	0.00030915468864	0.00247735957164	0.00122837462953	0.00755161852785	0.00908914784602	6.59530002432e-05	0.00285246726052	0.00490113233057	0.0265254722853	0.00608004220992	0.0116077280428	8.2441250304e-06	0.00285246726052	0.000292666438579	0.00476098220506	8.2441250304e-06	0.000931586128435	7.41971252736e-05	0	0.00356970613816	0	2.47323750912e-05	1.23661875456e-05	1.23661875456e-05	0.00382527401411	0.000783191877888	4.1220625152e-05	0.000226713438336	2.88544376064e-05	6.59530002432e-05	7.00750627584e-05	0.000375107688883	0.000127783937971	0.000247323750912	0.000123661875456	0.0034707766378	0.000193736938214	0.000552356377037	0.000350375313792	0.00651285877402	0.000210225188275	0.00164470294356	0.00163233675602	0.00320284257431	0.000502891626854	3.29765001216e-05	0	0	4.1220625152e-06	0.00052350193943	0.00258041113452	0.000177248688154	0.00590691558428	0.00146745425541	0.0011129568791	0.00299673944855	4.1220625152e-05	0.00134791444247	0.000638919689856	0.000527624001946	8.2441250304e-05	0.000107173625395	1.23661875456e-05	8.2441250304e-06
0.00777420990367	0.000131906000486	0.00456724526684	0	0.00427870089078	0.000964562628557	0.0304331875497	0.0254743463439	0.0731130228321	0.00316986607419	0.0302229623614	0.0086769415945	0.00846671640622	0.00920456559644	0.0260555571586	0.000379229751398	0.000733727127706	0.00163233675602	0.000972806753587	0.00395718001459	0.00874701665725	0.000605943189734	0.000840900753101	0.00191675906957	0.00576264339625	7.41971252736e-05	0.00411381839017	0.00373458863877	0.00531746064461	0.00316574401167	0.00366863563853	2.88544376064e-05	0.012345577233	3.29765001216e-05	0.0119993239817	8.2441250304e-06	0.000432816564096	3.29765001216e-05	0	0.00257216700948	0	7.41971252736e-05	4.1220625152e-05	3.29765001216e-05	0.00201568856993	6.1830937728e-05	2.47323750912e-05	0.000478159251763	0.000107173625395	0.000230835500851	1.23661875456e-05	0.00019785900073	8.2441250304e-05	7.41971252736e-05	3.70985626368e-05	0.00179721925663	0.000160760438093	0.000333887063731	0.00019785900073	0.00407671982753	0.000362741501338	0.00103875975383	0.00102639356628	0.00236606388372	0.00030091056361	2.47323750912e-05	0.00011129568791	1.23661875456e-05	4.1220625152e-06	0.000276178188518	0.00320284257431	0.000193736938214	0.00729192858939	0.00110883481659	0.00498357358088	0.00191263700705	3.70985626368e-05	0.000556478439552	0.000230835500851	0.000181370750669	1.23661875456e-05	2.0610312576e-05	4.1220625152e-06	0
0.00040396212649	0.00454251289175	0.00112944512916	0	0.000857389003162	0.000164882500608	0.002984373261	0.00517318845658	0.00316986607419	0.0315131679287	0.00224240200827	0.000428694501581	0.00477747045512	0.000948074378496	0.000651285877402	0.00280712457285	0.00286895551058	0.000115417750426	8.65633128192e-05	0.000342131188762	0.000305032626125	0.00030091056361	0.00795970271685	0.000910975815859	0.0193448393838	0.00102639356628	0.000478159251763	0.00258041113452	0.00541639014497	0.000931586128435	0.00091921994089	4.1220625152e-06	0.00081616837801	7.41971252736e-05	0.00061006525225	0.000280300251034	0.000123661875456	3.29765001216e-05	0	0.00241965069642	0	3.29765001216e-05	0.000243201688397	2.0610312576e-05	0.0111460570411	2.88544376064e-05	2.47323750912e-05	0.000651285877402	4.1220625152e-06	0.000210225188275	0.000210225188275	0.000469915126733	2.47323750912e-05	8.2441250304e-06	1.64882500608e-05	0.0016818015062	0.00082441250304	0.00428282295329	0.000148394250547	0.00963326009802	1.23661875456e-05	0.000119539812941	0.000564722564582	0.0071600225889	0.00061006525225	0.00198271206981	4.1220625152e-06	0	0.000338009126246	0.00030915468864	0.00495884120579	0.000350375313792	0.00130669381732	0.000614187314765	0.000136028063002	0.000160760438093	4.1220625152e-05	0.00184256194429	0.000696628565069	0.000181370750669	0.000127783937971	0.00041220625152	4.1220625152e-06	0
0.00021434725079	4.1220625152e-05	0.000655407939917	0	0.00774123340355	0.000119539812941	0.0209071010771	0.0244355865901	0.0302229623614	0.00224240200827	0.0713322918255	0.00730429477693	0.00929937303429	0.00772474515348	0.00910975815859	0.00041220625152	0.00031739881367	0.000276178188518	0.00091921994089	0.00375932101386	0.00919632147141	0.00030091056361	0.00030091056361	0.000647163814886	0.00526387383191	2.47323750912e-05	0.00287307757309	0.00147569838044	0.0122301594826	0.00186729431939	0.000362741501338	2.0610312576e-05	0.00446831576648	8.2441250304e-06	0.00788962765409	1.23661875456e-05	6.1830937728e-05	0	0	0.00259689938458	0	5.77088752128e-05	1.23661875456e-05	1.64882500608e-05	0.00171890006884	0.000441060689126	4.1220625152e-05	0.000333887063731	0.00011129568791	3.70985626368e-05	2.47323750912e-05	6.59530002432e-05	0	7.83191877888e-05	1.23661875456e-05	0.00262163175967	3.70985626368e-05	0.000107173625395	4.53426876672e-05	0.00373871070129	0.000313276751155	0.000453426876672	0.000342131188762	0.00133142619241	0.000144272188032	2.88544376064e-05	8.65633128192e-05	8.2441250304e-06	8.2441250304e-06	0.000136028063002	0.0029019320107	8.65633128192e-05	0.00579561989637	0.000428694501581	0.00344604426271	0.00345016632522	8.2441250304e-06	0.000370985626368	0.000156638375578	0.000136028063002	8.2441250304e-06	8.65633128192e-05	4.1220625152e-06	4.1220625152e-06
0.000383351813914	0.000321520876186	0.000131906000486	0	0.000486403376794	0.000131906000486	0.000325642938701	0.00116242162929	0.0086769415945	0.000428694501581	0.00730429477693	0.0383186931413	0.00149630869302	0.0182318825047	0.00241965069642	2.88544376064e-05	0.000185492813184	0.00169828975626	0.00635209833592	0.010857512665	0.00233720944612	0.000783191877888	0.000164882500608	0.000993417066163	0.000531746064461	0.000498769564339	0.0107462169771	0.00279475838531	0.000894487565798	0.000395718001459	0.000436938626611	0.000230835500851	0.000906853753344	0	0.0166984752491	0	0.000272056126003	2.47323750912e-05	0	0.000288544376064	0	2.88544376064e-05	4.1220625152e-06	8.2441250304e-06	0.00031739881367	4.1220625152e-06	0.000333887063731	2.0610312576e-05	0.00161584850596	2.47323750912e-05	0	1.64882500608e-05	8.2441250304e-06	0.000201981063245	0.000201981063245	0.000210225188275	2.0610312576e-05	5.77088752128e-05	4.1220625152e-05	0.000659530002432	0.00254743463439	0.000923342003405	0.000853266940646	0.000333887063731	4.94647501824e-05	1.23661875456e-05	0.000181370750669	0	8.2441250304e-06	7.83191877888e-05	0.00480632489272	0.00285246726052	0.0109317097903	0.00410557426514	0.000647163814886	0.00030091056361	0.000750215377766	9.48074378496e-05	0.000375107688883	0.00011129568791	1.64882500608e-05	0	0	0.000189614875699
1.23661875456e-05	0.000976928816102	4.1220625152e-06	0	0.00394069176453	0.000239079625882	0.0114181131671	0.00115005544174	0.00846671640622	0.00477747045512	0.00929937303429	0.00149630869302	0.0323128480567	0.00201568856993	0.00143447775529	0.00364390326344	1.23661875456e-05	1.23661875456e-05	0.00021434725079	0.000791436002918	0.0137017358005	3.29765001216e-05	0.00104700387886	3.70985626368e-05	0.00502067214351	0.000379229751398	0.000906853753344	0.000391595938944	0.00107998037898	0.000325642938701	4.53426876672e-05	8.2441250304e-06	0.00322345288689	8.2441250304e-06	0.00183431781926	0	8.2441250304e-06	0	0	9.89295003648e-05	0	0	0	0	2.0610312576e-05	2.47323750912e-05	0	0.000622431439795	4.53426876672e-05	0	0	0	0	0	0	0.00011129568791	0	0	0	0.000136028063002	0.000127783937971	0.000115417750426	8.2441250304e-05	6.59530002432e-05	1.23661875456e-05	0	4.53426876672e-05	0	0	1.23661875456e-05	0.000659530002432	1.64882500608e-05	0.000939830253466	7.00750627584e-05	0.00091921994089	0.000267934063488	4.1220625152e-06	8.2441250304e-06	8.2441250304e-06	1.23661875456e-05	0	0	0	0
0.000152516313062	0.00154989550572	9.06853753344e-05	0	0.00072960506519	8.65633128192e-05	0.000325642938701	0.00119539812941	0.00920456559644	0.000948074378496	0.00772474515348	0.0182318825047	0.00201568856993	0.0347489870031	0.00208576363269	2.88544376064e-05	0.000276178188518	0.000498769564339	0.00122425256701	0.00418389345293	0.00293490851082	0.000552356377037	0.00120776431695	0.000556478439552	0.00133554825492	0.00407671982753	0.00936944809705	0.00487227789297	0.000915097878374	0.000210225188275	0.000247323750912	0.00100990531622	0.000972806753587	4.1220625152e-06	0.01153765298	0	0.000333887063731	1.23661875456e-05	0	0.000292666438579	0	2.88544376064e-05	4.1220625152e-06	8.2441250304e-06	0.000136028063002	4.1220625152e-06	0.00106761419144	2.88544376064e-05	0.00527211795694	5.77088752128e-05	0	2.0610312576e-05	4.1220625152e-06	7.00750627584e-05	6.59530002432e-05	0.00021434725079	4.1220625152e-06	2.0610312576e-05	1.23661875456e-05	0.000441060689126	0.00632324389832	0.0013561585675	0.000981050878618	0.000177248688154	7.83191877888e-05	4.1220625152e-06	0.000766703627827	1.23661875456e-05	1.23661875456e-05	0.000119539812941	0.00205278713257	0.00358207232571	0.0072136094016	0.00154165138068	0.000976928816102	0.00113356719168	0.00132730412989	5.35868126976e-05	0.000840900753101	0.000152516313062	1.64882500608e-05	0	0	0.000424572439066
0.0092210538465	2.47323750912e-05	0.002848345198	0	0.000812046315494	0.00010305156288	0.00697865183823	0.0178732630659	0.0260555571586	0.000651285877402	0.00910975815859	0.00241965069642	0.00143447775529	0.00208576363269	0.0425231969068	7.83191877888e-05	0.000210225188275	0.00166531325614	0.000449304814157	0.000836778690586	0.00159111613087	0.000474037189248	0.000255567875942	0.00180134131914	0.00211049600778	2.0610312576e-05	0.00106761419144	0.00205278713257	0.00345016632522	0.0124774832335	0.00480632489272	4.1220625152e-06	0.0011665436918	0.000313276751155	0.00595638033446	4.1220625152e-06	0.00040396212649	1.23661875456e-05	0	0.000754337440282	0	3.70985626368e-05	1.23661875456e-05	8.2441250304e-06	0.000527624001946	2.88544376064e-05	1.23661875456e-05	0.000127783937971	0	0.000127783937971	1.23661875456e-05	0.000107173625395	7.83191877888e-05	4.94647501824e-05	3.70985626368e-05	0.000539990189491	5.35868126976e-05	0.000160760438093	8.65633128192e-05	0.00120364225444	3.29765001216e-05	0.000535868126976	0.000333887063731	0.000968684691072	0.000169004563123	8.2441250304e-06	4.1220625152e-06	4.1220625152e-06	0	0.000169004563123	0.000684262377523	5.77088752128e-05	0.00287307757309	0.000812046315494	0.00093570819095	0.000416328314035	1.23661875456e-05	0.000185492813184	0.000107173625395	0.000107173625395	4.94647501824e-05	1.64882500608e-05	0	0
4.1220625152e-06	1.23661875456e-05	1.23661875456e-05	0	0.000107173625395	0.00120364225444	0.00243201688397	0.000680140315008	0.000379229751398	0.00280712457285	0.00041220625152	2.88544376064e-05	0.00364390326344	2.88544376064e-05	7.83191877888e-05	0.0071311681513	1.23661875456e-05	0	0	4.1220625152e-06	0.000234957563366	0.000131906000486	7.00750627584e-05	0.000593577002189	0.0026587303223	0	2.47323750912e-05	0.00010305156288	0.000750215377766	3.70985626368e-05	0	0	0.000395718001459	1.23661875456e-05	3.29765001216e-05	0	0	0	0	0	0	0	0	0	2.88544376064e-05	0	0	0	0	0	0	4.1220625152e-06	0	4.1220625152e-06	4.1220625152e-06	0	0	2.88544376064e-05	4.1220625152e-06	1.23661875456e-05	0	4.1220625152e-06	8.2441250304e-06	3.70985626368e-05	0	0	0	0	0	4.1220625152e-06	0.000432816564096	2.0610312576e-05	0.000329765001216	0.000342131188762	0.000494647501824	7.83191877888e-05	0	8.2441250304e-06	1.23661875456e-05	8.2441250304e-06	1.64882500608e-05	0	0	0
0.000230835500851	0.000581210814643	0.000465793064218	0	5.77088752128e-05	0	0.000280300251034	0.000737849190221	0.000733727127706	0.00286895551058	0.00031739881367	0.000185492813184	1.23661875456e-05	0.000276178188518	0.000210225188275	1.23661875456e-05	0.0290770289822	0.000193736938214	6.59530002432e-05	0.000321520876186	4.53426876672e-05	0.00509074720627	0.0102474474128	0.0083801530934	0.00976928816102	0.00011129568791	0.000696628565069	0.00608828633495	0.00518555464412	0.00030915468864	0.00105112594138	2.88544376064e-05	0.000148394250547	8.2441250304e-06	0.000725483002675	0.000181370750669	0.000758459502797	0.00019785900073	0	3.29765001216e-05	0	4.53426876672e-05	2.88544376064e-05	2.47323750912e-05	3.70985626368e-05	2.0610312576e-05	0	4.1220625152e-06	2.88544376064e-05	0.000177248688154	0	0.00392420351447	0.00010305156288	8.2441250304e-06	1.23661875456e-05	3.70985626368e-05	0.00166119119363	0.00537104745731	0.000774947752858	0.000873877253222	5.35868126976e-05	0.000123661875456	0.00227537850839	0.00275353776015	0.000366863563853	0.00164058088105	0	4.1220625152e-06	0.000144272188032	9.06853753344e-05	0.00404786538993	0.000643041752371	0.000873877253222	0.000461671001702	6.1830937728e-05	0.000164882500608	2.0610312576e-05	0.00112120100413	0.00133967031744	5.35868126976e-05	2.47323750912e-05	0	0	1.23661875456e-05
0.00176836481902	0.000366863563853	0.00501242801848	0	2.88544376064e-05	0	0.000305032626125	0.0034171898251	0.00163233675602	0.000115417750426	0.000276178188518	0.00169828975626	1.23661875456e-05	0.000498769564339	0.00166531325614	0	0.000193736938214	0.0305032626125	0.000391595938944	0.00777008784115	7.41971252736e-05	0.00291017613573	0.000218469313306	0.00686323408781	0.000181370750669	1.64882500608e-05	0.00464144239212	0.0104288181635	0.000807924252979	0.000758459502797	0.00409320807759	3.29765001216e-05	7.83191877888e-05	8.2441250304e-06	0.00830595596813	1.23661875456e-05	0.00298025119849	2.47323750912e-05	0	0	0	4.1220625152e-06	1.64882500608e-05	0	5.35868126976e-05	0	0	0	2.0610312576e-05	2.47323750912e-05	0	5.77088752128e-05	0.000502891626854	0.000502891626854	0.00106761419144	0	2.0610312576e-05	0.000115417750426	0.000156638375578	7.83191877888e-05	0.000960440566042	0.00583684052152	0.00148394250547	0.000119539812941	4.1220625152e-05	4.1220625152e-05	4.1220625152e-06	0	1.23661875456e-05	5.77088752128e-05	0.000968684691072	0.00041220625152	0.00182195163172	0.000655407939917	2.0610312576e-05	1.23661875456e-05	8.2441250304e-06	2.88544376064e-05	4.1220625152e-05	0.000140150125517	0.000115417750426	0	0	0
4.53426876672e-05	1.64882500608e-05	2.0610312576e-05	0	7.41971252736e-05	8.2441250304e-06	2.47323750912e-05	0.000267934063488	0.000972806753587	8.65633128192e-05	0.00091921994089	0.00635209833592	0.00021434725079	0.00122425256701	0.000449304814157	0	6.59530002432e-05	0.000391595938944	0.00822763678034	0.00305444832376	0.000379229751398	0.000218469313306	3.70985626368e-05	0.000272056126003	4.53426876672e-05	2.0610312576e-05	0.00358207232571	0.000346253251277	0.000181370750669	3.29765001216e-05	9.89295003648e-05	2.47323750912e-05	1.64882500608e-05	0	0.00172714419387	0	4.94647501824e-05	0	0	8.2441250304e-05	0	1.23661875456e-05	0	0	7.41971252736e-05	0	0	0	0	0	0	4.1220625152e-06	4.1220625152e-06	6.1830937728e-05	7.41971252736e-05	7.00750627584e-05	0	8.2441250304e-06	0	0.000181370750669	0.00030915468864	0.000387473876429	0.000226713438336	0.00010305156288	8.2441250304e-06	0	4.1220625152e-06	0	0	8.2441250304e-06	0.00111707894162	0.000461671001702	0.00153752931817	0.000861511065677	5.35868126976e-05	1.64882500608e-05	0	8.2441250304e-06	8.2441250304e-06	4.1220625152e-06	0	0	0	0
0.000527624001946	0.000445182751642	0.000873877253222	0	0.000296788501094	7.41971252736e-05	0.000218469313306	0.00183843988178	0.00395718001459	0.000342131188762	0.00375932101386	0.010857512665	0.000791436002918	0.00418389345293	0.000836778690586	4.1220625152e-06	0.000321520876186	0.00777008784115	0.00305444832376	0.0261462425339	0.0014385998178	0.00104700387886	0.00010305156288	0.0017889751316	0.000490525439309	0.000201981063245	0.0115005544174	0.00465793064218	0.000696628565069	0.000144272188032	0.00120364225444	4.53426876672e-05	0.000127783937971	0	0.00922517590902	1.64882500608e-05	0.00072136094016	1.64882500608e-05	0	7.00750627584e-05	0	2.47323750912e-05	1.64882500608e-05	1.23661875456e-05	0.000321520876186	4.1220625152e-06	1.64882500608e-05	1.23661875456e-05	2.47323750912e-05	2.88544376064e-05	0	8.2441250304e-06	1.23661875456e-05	0.000865633128192	0.00093570819095	2.47323750912e-05	2.88544376064e-05	7.00750627584e-05	4.53426876672e-05	0.000387473876429	0.00195797969472	0.00229598882097	0.00161997056847	0.000325642938701	5.35868126976e-05	6.1830937728e-05	4.94647501824e-05	0	8.2441250304e-06	3.70985626368e-05	0.00446007164145	0.000688384440038	0.00684674583775	0.00247323750912	0.000432816564096	4.53426876672e-05	4.1220625152e-06	4.53426876672e-05	2.47323750912e-05	5.77088752128e-05	3.70985626368e-05	0	0	4.1220625152e-06
2.47323750912e-05	2.47323750912e-05	8.2441250304e-06	0	0.00760932740306	3.29765001216e-05	0.00416328314035	0.00030915468864	0.00874701665725	0.000305032626125	0.00919632147141	0.00233720944612	0.0137017358005	0.00293490851082	0.00159111613087	0.000234957563366	4.53426876672e-05	7.41971252736e-05	0.000379229751398	0.0014385998178	0.0216696826424	7.83191877888e-05	3.70985626368e-05	7.00750627584e-05	0.00127783937971	1.64882500608e-05	0.00133967031744	0.000408084189005	0.000577088752128	0.000185492813184	3.70985626368e-05	1.64882500608e-05	0.00187966050693	0	0.00253094638433	0	0	0	0	9.06853753344e-05	0	0	0	0	2.0610312576e-05	2.0610312576e-05	0	0.000597699064704	1.23661875456e-05	4.1220625152e-06	0	0	0	0	0	0.00010305156288	0	8.2441250304e-06	4.1220625152e-06	0.000131906000486	0.00011129568791	0.000131906000486	8.65633128192e-05	6.1830937728e-05	4.1220625152e-06	0	5.77088752128e-05	0	0	4.1220625152e-06	0.00109646862904	8.2441250304e-06	0.00146745425541	4.1220625152e-05	0.00145508806787	0.000544112252006	4.1220625152e-06	8.2441250304e-06	4.1220625152e-06	0	0	0	0	0
0.000791436002918	8.2441250304e-05	0.00210225188275	0	6.1830937728e-05	0	0.000255567875942	0.00247735957164	0.000605943189734	0.00030091056361	0.00030091056361	0.000783191877888	3.29765001216e-05	0.000552356377037	0.000474037189248	0.000131906000486	0.00509074720627	0.00291017613573	0.000218469313306	0.00104700387886	7.83191877888e-05	0.0437144729737	0.00537104745731	0.0222014287069	0.00134791444247	7.41971252736e-05	0.0012737173172	0.00240728450888	0.0126052671715	0.00160348231841	0.0115871177302	2.47323750912e-05	2.0610312576e-05	6.59530002432e-05	0.00809160871734	1.23661875456e-05	0.000461671001702	3.29765001216e-05	0	2.47323750912e-05	4.1220625152e-06	4.1220625152e-06	3.29765001216e-05	0	8.65633128192e-05	2.47323750912e-05	4.1220625152e-06	0	4.1220625152e-06	8.2441250304e-06	2.0610312576e-05	0.00244438307151	4.53426876672e-05	0.000148394250547	0.000173126625638	2.88544376064e-05	0.00273704951009	0.00544112252006	0.00133554825492	0.000383351813914	0.000173126625638	0.000577088752128	0.000704872690099	0.000972806753587	2.0610312576e-05	0.000630675564826	1.64882500608e-05	0	2.0610312576e-05	4.1220625152e-05	0.00254743463439	0.0011376892542	0.00724658590172	0.00258041113452	0.000647163814886	0.000939830253466	4.1220625152e-05	0.000325642938701	0.000362741501338	4.53426876672e-05	2.88544376064e-05	2.0610312576e-05	4.1220625152e-06	0
6.1830937728e-05	0.0060470657098	0.00130669381732	0	7.83191877888e-05	1.23661875456e-05	0.000399840063974	0.00122837462953	0.000840900753101	0.00795970271685	0.00030091056361	0.000164882500608	0.00104700387886	0.00120776431695	0.000255567875942	7.00750627584e-05	0.0102474474128	0.000218469313306	3.70985626368e-05	0.00010305156288	3.70985626368e-05	0.00537104745731	0.0409444469635	0.00967035866066	0.0107379728521	0.00131493794235	0.000931586128435	0.0101485179124	0.00361092676332	0.000131906000486	0.00185492813184	8.2441250304e-06	0.000156638375578	0	0.00106349212892	0.000173126625638	0.00349550901289	0.000428694501581	0	5.35868126976e-05	8.2441250304e-06	4.1220625152e-06	4.53426876672e-05	4.1220625152e-06	0.000230835500851	2.47323750912e-05	1.64882500608e-05	2.0610312576e-05	5.77088752128e-05	0.000152516313062	4.1220625152e-05	0.0102680577254	0.000177248688154	0	3.29765001216e-05	4.53426876672e-05	0.00281536869788	0.0181741736295	0.00338421332498	0.00159523819338	0.000148394250547	7.00750627584e-05	0.00452602464169	0.00321933082437	0.000234957563366	0.000585332877158	0	0	6.59530002432e-05	9.06853753344e-05	0.00408084189005	0.00112944512916	0.0005152578144	0.000263812000973	0.00010305156288	6.1830937728e-05	4.1220625152e-06	0.000630675564826	0.000651285877402	9.48074378496e-05	5.77088752128e-05	3.70985626368e-05	1.23661875456e-05	1.23661875456e-05
0.00119952019192	0.00052350193943	0.016554203061	0	7.41971252736e-05	1.23661875456e-05	0.000812046315494	0.00755161852785	0.00191675906957	0.000910975815859	0.000647163814886	0.000993417066163	3.70985626368e-05	0.000556478439552	0.00180134131914	0.000593577002189	0.0083801530934	0.00686323408781	0.000272056126003	0.0017889751316	7.00750627584e-05	0.0222014287069	0.00967035866066	0.0705367337601	0.0025227022593	6.1830937728e-05	0.00281124663537	0.0170323623128	0.00711467990124	0.000857389003162	0.00834717659328	3.29765001216e-05	0.00011129568791	6.1830937728e-05	0.00805863221722	5.77088752128e-05	0.00112532306665	0.000338009126246	0	0.000131906000486	8.2441250304e-06	1.23661875456e-05	0.00010305156288	1.23661875456e-05	0.000770825690342	2.47323750912e-05	2.47323750912e-05	1.23661875456e-05	1.64882500608e-05	6.59530002432e-05	3.70985626368e-05	0.00654171321162	0.000185492813184	0.000173126625638	0.000210225188275	9.89295003648e-05	0.000494647501824	0.00910975815859	0.00190439288202	0.00100166119119	0.000259689938458	0.000746093315251	0.0034707766378	0.00144272188032	0.000226713438336	0.0005152578144	1.23661875456e-05	0	6.59530002432e-05	0.00021434725079	0.00911388022111	0.0016282146935	0.00631087771077	0.00359856057577	0.000915097878374	0.000350375313792	4.53426876672e-05	0.00134791444247	0.000869755190707	0.000144272188032	6.1830937728e-05	3.70985626368e-05	0	4.1220625152e-06
0.000890365503283	0.00493823089321	0.000581210814643	0	0.0050701368937	0.000173126625638	0.00412618457772	0.00908914784602	0.00576264339625	0.0193448393838	0.00526387383191	0.000531746064461	0.00502067214351	0.00133554825492	0.00211049600778	0.0026587303223	0.00976928816102	0.000181370750669	4.53426876672e-05	0.000490525439309	0.00127783937971	0.00134791444247	0.0107379728521	0.0025227022593	0.0549347271401	0.00101814944125	0.00102639356628	0.00503716039357	0.019377815884	0.00268758475991	0.00289780994819	1.64882500608e-05	0.00151691900559	0.000156638375578	0.0016529470686	0.000226713438336	0.00083265662807	3.29765001216e-05	0	0.00092746406592	0	4.53426876672e-05	2.47323750912e-05	2.88544376064e-05	0.00322345288689	4.94647501824e-05	3.29765001216e-05	0.000445182751642	1.23661875456e-05	0.000181370750669	0.00010305156288	0.000375107688883	7.00750627584e-05	2.47323750912e-05	4.1220625152e-06	0.000902731690829	0.000882121378253	0.00290605407322	7.83191877888e-05	0.00328940588713	4.94647501824e-05	0.000131906000486	0.00117890987935	0.00277827013524	0.000474037189248	0.00183431781926	1.23661875456e-05	0	0.000210225188275	0.000152516313062	0.00668186333714	0.000568844627098	0.00226713438336	0.00104700387886	0.000853266940646	0.00139325713014	7.83191877888e-05	0.00112532306665	0.000985172941133	7.83191877888e-05	1.64882500608e-05	0.000247323750912	0	4.1220625152e-06
1.23661875456e-05	0.00132730412989	4.1220625152e-06	0	2.0610312576e-05	0	1.23661875456e-05	6.59530002432e-05	7.41971252736e-05	0.00102639356628	2.47323750912e-05	0.000498769564339	0.000379229751398	0.00407671982753	2.0610312576e-05	0	0.00011129568791	1.64882500608e-05	2.0610312576e-05	0.000201981063245	1.64882500608e-05	7.41971252736e-05	0.00131493794235	6.1830937728e-05	0.00101814944125	0.00779069815373	0.00191675906957	0.00271643919752	0.000107173625395	1.23661875456e-05	6.1830937728e-05	2.0610312576e-05	0	0	6.59530002432e-05	0	0	0	0	4.1220625152e-06	0	0	0	0	2.47323750912e-05	0	0.000329765001216	1.64882500608e-05	0.00146745425541	2.0610312576e-05	0	0	0	2.88544376064e-05	0	4.1220625152e-06	0	0	0	1.23661875456e-05	0.00296376294843	0.000840900753101	0.00153752931817	8.2441250304e-06	3.29765001216e-05	0	0.000218469313306	8.2441250304e-06	4.1220625152e-06	4.1220625152e-05	0.000243201688397	0.000350375313792	0.000119539812941	2.47323750912e-05	0	8.2441250304e-06	0.000193736938214	8.2441250304e-06	0.000152516313062	7.41971252736e-05	0	0	0	0.000131906000486
0.000680140315008	0.00448892607905	0.0045301467042	0	0.00021434725079	0.000160760438093	0.000535868126976	0.00285246726052	0.00411381839017	0.000478159251763	0.00287307757309	0.0107462169771	0.000906853753344	0.00936944809705	0.00106761419144	2.47323750912e-05	0.000696628565069	0.00464144239212	0.00358207232571	0.0115005544174	0.00133967031744	0.0012737173172	0.000931586128435	0.00281124663537	0.00102639356628	0.00191675906957	0.0659447561182	0.0220406682688	0.000770825690342	4.53426876672e-05	0.00131906000486	0.000989295003648	0.00030091056361	4.1220625152e-06	0.00731253890196	0.000342131188762	0.0061295069601	4.94647501824e-05	0	2.0610312576e-05	0	3.29765001216e-05	6.59530002432e-05	3.29765001216e-05	0.000457548939187	1.23661875456e-05	0.00042045037655	1.64882500608e-05	0.00267934063488	0.000379229751398	8.2441250304e-06	4.1220625152e-05	0.00042045037655	0.000725483002675	0.00139737919265	2.47323750912e-05	5.77088752128e-05	9.89295003648e-05	0.000218469313306	0.000342131188762	0.0111831556037	0.0125434362338	0.0121188637947	0.000445182751642	0.000441060689126	0.000346253251277	0.00123661875456	1.64882500608e-05	1.64882500608e-05	0.000173126625638	0.00655820146168	0.00314101163658	0.00553592995791	0.00224240200827	0.000643041752371	9.48074378496e-05	6.1830937728e-05	0.000259689938458	0.000255567875942	0.000136028063002	8.2441250304e-06	8.2441250304e-06	0	4.94647501824e-05
0.000882121378253	0.0131576235485	0.0210884718278	0	0.000107173625395	5.35868126976e-05	0.00133967031744	0.00490113233057	0.00373458863877	0.00258041113452	0.00147569838044	0.00279475838531	0.000391595938944	0.00487227789297	0.00205278713257	0.00010305156288	0.00608828633495	0.0104288181635	0.000346253251277	0.00465793064218	0.000408084189005	0.00240728450888	0.0101485179124	0.0170323623128	0.00503716039357	0.00271643919752	0.0220406682688	0.101786089688	0.00312040132401	0.000156638375578	0.00115005544174	0.000185492813184	0.000292666438579	0	0.00804626602967	0.000107173625395	0.0137841770508	0.00106761419144	0	3.29765001216e-05	0	6.1830937728e-05	0.000247323750912	2.47323750912e-05	0.00146745425541	0	0.000131906000486	1.64882500608e-05	0.00231659913354	0.000107173625395	2.47323750912e-05	0.00125722906714	0.000671896189978	0.000416328314035	0.000766703627827	1.23661875456e-05	0.000272056126003	0.00467441889224	0.00217232694551	0.00152928519314	0.00531333858209	0.00663239858696	0.0183514223177	0.00188790463196	0.0005152578144	0.000964562628557	0.00109234656653	9.48074378496e-05	0.000189614875699	0.000338009126246	0.0144601953033	0.00171890006884	0.00940654665969	0.00382115195159	0.00052350193943	0.000189614875699	4.1220625152e-05	0.00204454300754	0.00164470294356	0.000391595938944	0.000375107688883	2.47323750912e-05	8.2441250304e-06	3.29765001216e-05
0.000746093315251	0.000272056126003	0.00372634451374	0	0.00337184713743	5.35868126976e-05	0.00393656970202	0.0265254722853	0.00531746064461	0.00541639014497	0.0122301594826	0.000894487565798	0.00107998037898	0.000915097878374	0.00345016632522	0.000750215377766	0.00518555464412	0.000807924252979	0.000181370750669	0.000696628565069	0.000577088752128	0.0126052671715	0.00361092676332	0.00711467990124	0.019377815884	0.000107173625395	0.000770825690342	0.00312040132401	0.0714765640136	0.00295139676088	0.01017737235	2.47323750912e-05	0.00105937006641	0.00040396212649	0.00431992151593	7.00750627584e-05	0.000465793064218	7.00750627584e-05	0	0.00170653388129	0	4.53426876672e-05	2.47323750912e-05	2.88544376064e-05	0.00237018594624	0.000655407939917	2.47323750912e-05	0.000358619438822	2.47323750912e-05	4.94647501824e-05	0.000119539812941	0.00147569838044	6.59530002432e-05	4.1220625152e-05	2.0610312576e-05	0.00227950057091	0.00277414807273	0.00520204289418	0.00124898494211	0.00375519895135	7.00750627584e-05	0.000391595938944	0.000770825690342	0.00246087132157	0.000251445813427	0.00185492813184	8.2441250304e-06	4.1220625152e-06	0.000140150125517	0.000148394250547	0.004744493955	0.000539990189491	0.00643041752371	0.00163233675602	0.00137264681756	0.00271643919752	4.94647501824e-05	0.00194561350717	0.000906853753344	0.00010305156288	2.88544376064e-05	0.000226713438336	8.2441250304e-06	8.2441250304e-06
0.00700338421332	2.0610312576e-05	0.00030091056361	0	0.000894487565798	1.64882500608e-05	0.000338009126246	0.00608004220992	0.00316574401167	0.000931586128435	0.00186729431939	0.000395718001459	0.000325642938701	0.000210225188275	0.0124774832335	3.70985626368e-05	0.00030915468864	0.000758459502797	3.29765001216e-05	0.000144272188032	0.000185492813184	0.00160348231841	0.000131906000486	0.000857389003162	0.00268758475991	1.23661875456e-05	4.53426876672e-05	0.000156638375578	0.00295139676088	0.0243819997774	0.00385412845171	0	0.000251445813427	0.00173951038141	0.00328528382461	0	0.000313276751155	0	0	0.000255567875942	0	0	0	0	0.000762581565312	4.1220625152e-06	0	8.2441250304e-06	0	8.2441250304e-06	8.2441250304e-06	4.1220625152e-06	0	3.29765001216e-05	3.29765001216e-05	0.000131906000486	2.47323750912e-05	3.70985626368e-05	4.1220625152e-06	0.000552356377037	2.0610312576e-05	0.000346253251277	9.48074378496e-05	0.00109646862904	1.23661875456e-05	1.23661875456e-05	0	0	0	8.2441250304e-06	7.41971252736e-05	8.2441250304e-06	0.0010841024415	0.000127783937971	3.70985626368e-05	6.59530002432e-05	0	7.00750627584e-05	1.23661875456e-05	4.1220625152e-06	4.1220625152e-06	8.2441250304e-06	0	0
0.00423335820311	0.000201981063245	0.00164058088105	0	7.41971252736e-05	0	0.00124486287959	0.0116077280428	0.00366863563853	0.00091921994089	0.000362741501338	0.000436938626611	4.53426876672e-05	0.000247323750912	0.00480632489272	0	0.00105112594138	0.00409320807759	9.89295003648e-05	0.00120364225444	3.70985626368e-05	0.0115871177302	0.00185492813184	0.00834717659328	0.00289780994819	6.1830937728e-05	0.00131906000486	0.00115005544174	0.01017737235	0.00385412845171	0.0388834157059	0	0.000247323750912	0.000152516313062	0.00770001277839	0	0.00072136094016	3.70985626368e-05	0	8.2441250304e-06	0	1.23661875456e-05	4.1220625152e-06	1.23661875456e-05	0.000791436002918	0	0	0	4.1220625152e-06	1.23661875456e-05	0	0.000234957563366	7.83191877888e-05	0.000144272188032	0.000144272188032	0	0.00041220625152	0.000465793064218	0.00011129568791	0.000544112252006	0.000181370750669	0.000939830253466	0.000321520876186	0.00062655350231	7.83191877888e-05	0.000284422313549	0	0	4.1220625152e-06	7.83191877888e-05	0.000164882500608	0.000185492813184	0.00243613894648	0.000366863563853	7.00750627584e-05	0.000115417750426	8.2441250304e-06	0.000251445813427	0.000136028063002	9.48074378496e-05	5.35868126976e-05	0	4.1220625152e-06	0
4.1220625152e-06	0	0	0	0	1.23661875456e-05	1.23661875456e-05	8.2441250304e-06	2.88544376064e-05	4.1220625152e-06	2.0610312576e-05	0.000230835500851	8.2441250304e-06	0.00100990531622	4.1220625152e-06	0	2.88544376064e-05	3.29765001216e-05	2.47323750912e-05	4.53426876672e-05	1.64882500608e-05	2.47323750912e-05	8.2441250304e-06	3.29765001216e-05	1.64882500608e-05	2.0610312576e-05	0.000989295003648	0.000185492813184	2.47323750912e-05	0	0	0.0013561585675	1.23661875456e-05	0	0.000169004563123	0	0	0	0	0	0	0	0	0	8.2441250304e-06	0	2.88544376064e-05	0	0.000234957563366	0	0	0	0	4.1220625152e-06	1.64882500608e-05	0	0	0	0	0	0.000234957563366	7.83191877888e-05	0	1.23661875456e-05	0	0	8.65633128192e-05	0	0	0	0.000169004563123	6.1830937728e-05	0.000119539812941	8.2441250304e-06	2.88544376064e-05	0	0	4.1220625152e-06	0	0	0	0	0	0
