0.0193624853271	0	6.83784060994e-05	0	0	0	0	0.00668968739672	0.00700878662518	0	5.69820050828e-05	0	0	0	0.0119320318643	0	0	0	0	0	0	0.00268955063991	0	0.00626802055911	5.69820050828e-05	0	0	0.000478648842695	0.00247301902059	0.00377220873648	0.00713414703637	0	0	0	0	0	0	0	0	0	0	0	0	0	0	0	0	0	0	0	0	0	0	0	0	0	0	0	0	0	0	0	0	0	0	0	0	0	0	0	0	0	0	0	0	0	0	0	0	0	0	0	0	0
0	0.0411068184667	0.00406851516291	0	0	0	0	0	0	0.0019943701779	0	0.000615405654894	0	0.00069518046201	0	2.27928020331e-05	0	0.00437621799036	0	0	0	2.27928020331e-05	0.00515117325948	0.00445599279747	0.00338473110192	0.00254139742669	0.00697459742213	0.03094122876	2.27928020331e-05	0	0	2.27928020331e-05	0	0	0	0	0.0253911814649	0.000740766066076	0	0	0	0	0	0	2.27928020331e-05	0	0	0	0.000672387659977	0	0	0	0.00160689254333	0	0.00242743341653	0	0	0.000227928020331	0.00125360411182	2.27928020331e-05	0.000752162467093	0.000809144472176	0.0257558662974	0	0	0	0.000638198456927	0	0	0.000421666837613	0.000182342416265	0	7.97748071159e-05	1.13964010166e-05	2.27928020331e-05	0	0	3.41892030497e-05	3.41892030497e-05	0.000501441644729	0.000307702827447	0	0	1.13964010166e-05
6.83784060994e-05	0.00406851516291	0.0293457326176	0	0	0	0	0	1.13964010166e-05	0	0	0	0	0	6.83784060994e-05	4.55856040662e-05	0	0.00686063341197	0	0	0	0	0	0.0197271701597	1.13964010166e-05	0	0.0149520781337	0.0144962220931	5.69820050828e-05	0	0	0	0	0	1.13964010166e-05	0	0.00348729871107	0.000159549614232	0	0	0	0	0	0	0	0	0	0	0	0	0	0	0.000717973264043	0	2.27928020331e-05	0	0	1.13964010166e-05	0.00066099125896	0	0	2.27928020331e-05	0.00469531721882	0	0	0	0	0	0	0.000353288431513	3.41892030497e-05	0	9.11712081325e-05	2.27928020331e-05	1.13964010166e-05	0	0	2.27928020331e-05	1.13964010166e-05	0.000558423649811	0.00039887403558	0	0	0
0	0	0	0	0	0	0	0	0	0	0	0	0	0	0	0	0	0	0	0	0	0	0	0	0	0	0	0	0	0	0	0	0	0	0	0	0	0	0	0	0	0	0	0	0	0	0	0	0	0	0	0	0	0	0	0	0	0	0	0	0	0	0	0	0	0	0	0	0	0	0	0	0	0	0	0	0	0	0	0	0	0	0	0
0	0	0	0	0.0173339259462	0.000581216451845	0.000478648842695	0.000968694086408	0.000159549614232	0.00141315372605	0.00394315475173	2.27928020331e-05	0.00630220976216	0	0.000136756812199	0.00133337891894	0	0	0	0	0.00687202981299	0	0	0	0.00426225398019	0	2.27928020331e-05	0	0.00712275063535	5.69820050828e-05	0	0	3.41892030497e-05	0	3.41892030497e-05	5.69820050828e-05	0	0	0	0.00499162364525	0	0	0	0	0.000387477634563	0	0	0.00369243392937	0	2.27928020331e-05	0	0	0	0	0	0.00482067763	0	0	0	0.0037152267314	0	0	0	0.000113964010166	7.97748071159e-05	0	0	0	1.13964010166e-05	2.27928020331e-05	0	0	3.41892030497e-05	1.13964010166e-05	0.00275792904601	0	0	0	0	0	0	0	0	0
0	0	0	0	0.000581216451845	0.00209693778705	0.000193738817282	0	0	0.000683784060994	0	0	0.00111684729962	0	0	0.00177783855858	0	1.13964010166e-05	0	0	0	0	0	1.13964010166e-05	0.00110545089861	0	1.13964010166e-05	0	0.000273513624397	0	0	0	0.000148153213215	0	2.27928020331e-05	0	0	0	0	0	0	0	0	0	0	0	0	0	0	0	0	0	4.55856040662e-05	0	0	0	0	0	4.55856040662e-05	0	0	0	1.13964010166e-05	0	0	0	0	0	0	0	5.69820050828e-05	0	0	0	0.00175504575655	3.41892030497e-05	0	0	0	6.83784060994e-05	6.83784060994e-05	0	0	0
0	0	0	0	0.000478648842695	0.000193738817282	0.0362519516337	0.00941342723968	0.0196701881546	1.13964010166e-05	0.0201032513932	0.00142455012707	0.00561842570116	0.000136756812199	0.00638198456927	0.00129918971589	0	0	0.000547027248795	4.55856040662e-05	0.00349869511208	0	0	0	0	0	0.00033049562948	0	0.00159549614232	0.00379500153851	0	0	0.00259837943178	0.000626802055911	0.00264396503584	1.13964010166e-05	0	0	0	1.13964010166e-05	0	0	0	0	1.13964010166e-05	0	0	0	0	0	0	0	0	0	0	0	0	0	0	2.27928020331e-05	0	0	0	1.13964010166e-05	1.13964010166e-05	0	0	0	0	3.41892030497e-05	0.000866126477258	3.41892030497e-05	0.00264396503584	0.00066099125896	0.00157270334029	0.00036468483253	1.13964010166e-05	0.000102567609149	0	3.41892030497e-05	0	0	0	0
0.00668968739672	0	0	0	0.000968694086408	0	0.00941342723968	0.0772675988923	0.0135959064128	0.000524234446762	0.0278072184804	0.00305423547244	6.83784060994e-05	0	0.0107126169556	0	0	0.00104846889352	0.00233626220839	0.00267815423889	0.000376081233546	0.00480928122899	0	0.003441713107	0.000113964010166	0	0.000113964010166	0	0.0299383454705	0.0108607701688	0.0129121223518	0	0.000148153213215	0.00287189305617	0.00733928225466	0	0	0	0	0.00604009253878	5.69820050828e-05	0	0	0	0.00307702827447	0.0012422077108	0	0.00104846889352	0	0	7.97748071159e-05	0	0	0	0	0.00232486580738	0	0	0	0.00643896657436	0	0	0	0.000900315680308	0	0	0	0	0	0.000113964010166	0.000376081233546	0	0.00762419228008	0.0019943701779	0.000102567609149	0	0	0.000125360411182	0	0.000113964010166	2.27928020331e-05	0.000159549614232	0	1.13964010166e-05
0.00700878662518	0	1.13964010166e-05	0	0.000159549614232	0	0.0196701881546	0.0135959064128	0.0448334415991	0	0.0189408184895	0.00284910025414	0.00288328945719	1.13964010166e-05	0.021345459104	0.000341892030497	0	0.000159549614232	0.00126500051284	0.000569820050828	0.00271234344194	0.00235905501043	0	0.00517396606152	0	0	0.000262117223381	0.000250720822364	0.00335054189887	0.00650734498046	0.000284910025414	0	0.00112824370064	0.000649594857944	0.0033049562948	0	0	0	0	0	0	0	0	0	0	0	0	0	0	0	0	0	0	0	0	0	0	0	0	0	0	0	0	0	0	0	0	0	0	0	6.83784060994e-05	1.13964010166e-05	0.00304283907142	0.000182342416265	0.00033049562948	0	1.13964010166e-05	4.55856040662e-05	0	0	0	0	0	0
0	0.0019943701779	0	0	0.00141315372605	0.000683784060994	1.13964010166e-05	0.000524234446762	0	0.0219038827538	0.000638198456927	0	0.00380639793953	0	0	0.00263256863483	5.69820050828e-05	0	0	1.13964010166e-05	0.000341892030497	0	0.00524234446762	1.13964010166e-05	0.0122853202959	0.000490045243712	1.13964010166e-05	0.00110545089861	0.00633639896521	0	0	0	0	0	2.27928020331e-05	0.00183482056367	0.000102567609149	0	0	0.00119662210674	0	0	0	0.000193738817282	0.00830797634107	0	4.55856040662e-05	2.27928020331e-05	0	0.0015157213352	1.13964010166e-05	0	0	0.000113964010166	1.13964010166e-05	0.000113964010166	1.13964010166e-05	0.000854730076242	7.97748071159e-05	0.00305423547244	0	0.00033049562948	9.11712081325e-05	0.000683784060994	0.00159549614232	0.000717973264043	0	0	0.000626802055911	0.000866126477258	0.000638198456927	1.13964010166e-05	2.27928020331e-05	0	0.00267815423889	0	0	0.000923108482341	0	0.00129918971589	0.00118522570572	0.000353288431513	1.13964010166e-05	0
5.69820050828e-05	0	0	0	0.00394315475173	0	0.0201032513932	0.0278072184804	0.0189408184895	0.000638198456927	0.0607200246162	0.00496883084322	0.00348729871107	0	0.0072253182445	0.000113964010166	0	0.00235905501043	0.00412549716799	0.00437621799036	0.00419387557409	0	0	0	0.000125360411182	0	0.000113964010166	0	0.0132084287782	0.00774955269126	0	0	0.000341892030497	0.000980090487424	0.00801166991464	0	0	0	0	0.0118864462603	0.000182342416265	0	0	0	0.00312261387854	0.00186900976672	0	0.00490045243712	0	0	0.000216531619315	0	0	0	0	0.00926527402646	0	0	0	0.0118978426613	0	0	0	0.000547027248795	0	0	0	0	0	0	0.000170946015248	0	0.00781793109736	0.00152711773622	0.00036468483253	0	0	4.55856040662e-05	0	0	0	0.000592612852861	0	0
0	0.000615405654894	0	0	2.27928020331e-05	0	0.00142455012707	0.00305423547244	0.00284910025414	0	0.00496883084322	0.0376423125577	0.000307702827447	0.00933365243256	0.00150432493419	0	0	0.00443319999544	0.0100174364936	0.00968694086408	0.00145873933012	3.41892030497e-05	0	2.27928020331e-05	1.13964010166e-05	0.00115103650267	0.00333914549785	0.00066099125896	0.000501441644729	0.0100516256966	0	0.00258698303076	0.000512838045745	0.000284910025414	0.0164108174638	0	0.000717973264043	0	0	0.000125360411182	0	0	0	1.13964010166e-05	1.13964010166e-05	0.000125360411182	0.00190319896977	0	0.00777234549329	0	0	0	0	0	0	0	0	1.13964010166e-05	0	0.000125360411182	0.00267815423889	0.00194878457383	0.00234765860941	0	1.13964010166e-05	0	0.00291747866024	2.27928020331e-05	0	2.27928020331e-05	0.000182342416265	0.00388617274665	0.0135503208087	6.83784060994e-05	0	0	0.001378964523	2.27928020331e-05	0.00036468483253	2.27928020331e-05	0	0	2.27928020331e-05	0.001378964523
0	0	0	0	0.00630220976216	0.00111684729962	0.00561842570116	6.83784060994e-05	0.00288328945719	0.00380639793953	0.00348729871107	0.000307702827447	0.0238526673277	2.27928020331e-05	0.00209693778705	0.00678085860485	0	4.55856040662e-05	7.97748071159e-05	4.55856040662e-05	0.0101427969047	0	0	0	0.00439901079239	0	7.97748071159e-05	0	0.00332774909684	0.000866126477258	0	0	0.000433063238629	0	0.000592612852861	0	0	0	0	0	0	0	0	0	0	0	0	0	0	0	0	0	0	0	0	0	0	0	0	0	0	0	0	0	0	0	0	0	0	0	0	1.13964010166e-05	0.000467252441679	3.41892030497e-05	0.00464973161476	0	1.13964010166e-05	0	0	0	0	0	0	0
0	0.00069518046201	0	0	0	0	0.000136756812199	0	1.13964010166e-05	0	0	0.00933365243256	2.27928020331e-05	0.0208440174593	0	0	0	0	2.27928020331e-05	0.000182342416265	0	0	0	0	0	0.00490045243712	0.00346450590903	0.00683784060994	0	0.000638198456927	0	0.00247301902059	0.000501441644729	0	0.000740766066076	0	0.000809144472176	0	0	0	0	0	0	0	0	0	0.00133337891894	0	0.00933365243256	0	0	0	0	0	0	0	0	0	0	0	0.00609707454386	0.00733928225466	0.00533351567575	0	0	0	0.00356707351818	0	0	0	0	0.00176644215757	0.000216531619315	4.55856040662e-05	0	0	0.000421666837613	0	0.000501441644729	0	0	0	0	0.000957297685391
0.0119320318643	0	6.83784060994e-05	0	0.000136756812199	0	0.00638198456927	0.0107126169556	0.021345459104	0	0.0072253182445	0.00150432493419	0.00209693778705	0	0.0336421758009	0.000170946015248	0	5.69820050828e-05	0.000410270436596	0.000205135218298	0.00140175732504	0.00169806375147	0	0.00499162364525	0	0	1.13964010166e-05	0.000421666837613	0.00231346940636	0.00769257068618	0.00325937069074	0	0.00170946015248	0.000319099228464	0.00164108174638	0	0	0	0	0	0	0	0	0	0	0	0	0	0	0	0	0	0	0	0	0	0	0	0	0	0	0	0	0	0	0	0	0	0	0	1.13964010166e-05	0	0.00136756812199	3.41892030497e-05	0.000170946015248	0	0	1.13964010166e-05	0	0	0	0	0	0
0	2.27928020331e-05	4.55856040662e-05	0	0.00133337891894	0.00177783855858	0.00129918971589	0	0.000341892030497	0.00263256863483	0.000113964010166	0	0.00678085860485	0	0.000170946015248	0.0109747341789	0	7.97748071159e-05	0	1.13964010166e-05	0.000991486888441	0	0	7.97748071159e-05	0.00427365038121	0	2.27928020331e-05	2.27928020331e-05	0.00189180256875	1.13964010166e-05	0	0	1.13964010166e-05	0	0	0	6.83784060994e-05	0	0	0	0	0	0	0	9.11712081325e-05	0	0	0	0	0	0	0	9.11712081325e-05	0	1.13964010166e-05	0	0	0.000250720822364	9.11712081325e-05	0	0	1.13964010166e-05	0.000410270436596	0	0	0	0	0	0	0	1.13964010166e-05	0	0.000113964010166	0	0.00605148893979	0	0	0.00033049562948	6.83784060994e-05	0.000626802055911	0.000638198456927	0	0	0
0	0	0	0	0	0	0	0	0	5.69820050828e-05	0	0	0	0	0	0	0.0180632956112	0	0	0	0	0.00116243290369	0.0126500051284	0.00145873933012	0.010290950118	0	0	0.00442180359442	0.00267815423889	0	0	0	0	0	0	0	0	0	0	0	0	0	0	0	0	0	0	0	0	0	0	0.00101427969047	2.27928020331e-05	0	0	0	0.00112824370064	0.00643896657436	0.00177783855858	0	0	0	0.00338473110192	0.000136756812199	0	0	0	0	0	0	0.000592612852861	0	1.13964010166e-05	0	0	0	0	9.11712081325e-05	0	2.27928020331e-05	1.13964010166e-05	0	0	0
0	0.00437621799036	0.00686063341197	0	0	1.13964010166e-05	0	0.00104846889352	0.000159549614232	0	0.00235905501043	0.00443319999544	4.55856040662e-05	0	5.69820050828e-05	7.97748071159e-05	0	0.0318073552372	0.00396594755376	0.00711135423433	0.00033049562948	0.000182342416265	0	0.0134135639965	2.27928020331e-05	0	0.00787491310244	0.00471811002086	0.00243882981754	0.00239324421348	9.11712081325e-05	0	0	0	0.0106670313515	0	0.0030314426704	6.83784060994e-05	0	0.000102567609149	0	0	0	0	1.13964010166e-05	0.000102567609149	0	0	0	0	0	0	0.00108265809657	0	0.00176644215757	0	0	4.55856040662e-05	0.000717973264043	0.000102567609149	0	2.27928020331e-05	0.00519675886355	0	0	0	0	0	0	0.000854730076242	0.00162968534537	0	0.008946174798	0.00110545089861	0.000227928020331	0	0	0.00123081130979	0.000376081233546	0.00257558662974	0.00190319896977	0	0	0
0	0	0	0	0	0	0.000547027248795	0.00233626220839	0.00126500051284	0	0.00412549716799	0.0100174364936	7.97748071159e-05	2.27928020331e-05	0.000410270436596	0	0	0.00396594755376	0.0141543300626	0.00811423752379	0.000923108482341	0	0	0	2.27928020331e-05	0	0.00200576657891	0.000307702827447	0.000455856040662	0.00472950642187	0	0	0	0.000148153213215	0.00793189510753	0	0	0	0	0.000125360411182	0	0	0	0	3.41892030497e-05	0.000125360411182	0	0	0	0	0	0	0	0	1.13964010166e-05	0	0	0	0	0.000125360411182	0	0.000307702827447	0	0	0	0	0	0	0	0	0.00121941490877	0.00033049562948	0.00786351670143	0.000170946015248	0	0	0	3.41892030497e-05	0	0	0	0	0	0
0	0	0	0	0	0	4.55856040662e-05	0.00267815423889	0.000569820050828	1.13964010166e-05	0.00437621799036	0.00968694086408	4.55856040662e-05	0.000182342416265	0.000205135218298	1.13964010166e-05	0	0.00711135423433	0.00811423752379	0.0316933912271	0.000410270436596	7.97748071159e-05	0	0.000227928020331	0.000125360411182	0.000205135218298	0.00811423752379	0.00139036092402	0.00101427969047	0.00422806477714	4.55856040662e-05	0	0	0.000239324421348	0.0127297799355	3.41892030497e-05	0	0	0	0.000125360411182	0	0	0	1.13964010166e-05	0.000250720822364	0.000125360411182	0	0	0.000284910025414	3.41892030497e-05	0	0	0	3.41892030497e-05	0.000501441644729	0	0	9.11712081325e-05	0	0.000125360411182	0.000911712081325	0.00513977685847	0.000307702827447	0	1.13964010166e-05	1.13964010166e-05	0.000170946015248	0	1.13964010166e-05	1.13964010166e-05	0.00730509305161	0.00361265912225	0.0125588339202	0.00039887403558	0	0	0	0.000592612852861	0.000490045243712	1.13964010166e-05	0	0	0	0
0	0	0	0	0.00687202981299	0	0.00349869511208	0.000376081233546	0.00271234344194	0.000341892030497	0.00419387557409	0.00145873933012	0.0101427969047	0	0.00140175732504	0.000991486888441	0	0.00033049562948	0.000923108482341	0.000410270436596	0.017231358337	0	0	0	0.000717973264043	0	0.000307702827447	0	0.00496883084322	0.00157270334029	0	0	0.000421666837613	0	0.00145873933012	0	0	0	0	0.000638198456927	0	0	0	0	7.97748071159e-05	1.13964010166e-05	0	0.000444459639646	0	0	0	0	0	0	0	0.000558423649811	0	0	0	0.000638198456927	0	0	0	1.13964010166e-05	0	0	0	0	0	0	0	0	0.00143594652809	0	0.000387477634563	0	0	0	0	0	0	0	0	0
0.00268955063991	2.27928020331e-05	0	0	0	0	0	0.00480928122899	0.00235905501043	0	0	3.41892030497e-05	0	0	0.00169806375147	0	0.00116243290369	0.000182342416265	0	7.97748071159e-05	0	0.0364115012479	0.00145873933012	0.0166615382862	0.000125360411182	0	1.13964010166e-05	0.000296306426431	0.00728230024958	0.00262117223381	0.0140175732504	0	0	0.000455856040662	0.00472950642187	0	0.000182342416265	3.41892030497e-05	0	0	0	0	0	0	0	0	0	0	0	0	0	0.000262117223381	0.000125360411182	0	0	0	0.000125360411182	0.00175504575655	0.000433063238629	0	0	0	0.000888919279292	0	0	0	0	0	0	9.11712081325e-05	0.0021311269901	0	0.0015840997413	0.000102567609149	0.000125360411182	0	0	5.69820050828e-05	0	0.000250720822364	0.000182342416265	0	0	0
0	0.00515117325948	0	0	0	0	0	0	0	0.00524234446762	0	0	0	0	0	0	0.0126500051284	0	0	0	0	0.00145873933012	0.0462010097211	0.00704297582823	0.0221773963782	0.000410270436596	1.13964010166e-05	0.0142227084687	0.00559563289913	0	0	0	0	0	0	4.55856040662e-05	0.00486626323407	1.13964010166e-05	0	0	0	0	0	0	0.000831937274209	0	1.13964010166e-05	0	0	3.41892030497e-05	0	0.00203995578196	0.000353288431513	1.13964010166e-05	0	0	0.00198297377688	0.021995053962	0.00286049665516	0.000490045243712	0	1.13964010166e-05	0.016547574276	0.0014473429291	0	1.13964010166e-05	0	0	0	5.69820050828e-05	0.000205135218298	0	0	0	0	0	0	0.00133337891894	0	0.000227928020331	0.000148153213215	7.97748071159e-05	0	0
0.00626802055911	0.00445599279747	0.0197271701597	0	0	1.13964010166e-05	0	0.003441713107	0.00517396606152	1.13964010166e-05	0	2.27928020331e-05	0	0	0.00499162364525	7.97748071159e-05	0.00145873933012	0.0134135639965	0	0.000227928020331	0	0.0166615382862	0.00704297582823	0.0871824677767	0.000205135218298	0	0.00927667042748	0.0178353675909	0.0085359043614	0.000752162467093	0.00455856040662	0	0	0	0.00501441644729	0	0.00692901181807	0.000854730076242	0	0	0	0	0	0	4.55856040662e-05	0	0	0	0	0	0	0.000478648842695	0.00166387454842	0	0.000113964010166	0	0	0.00709995783332	0.00200576657891	0	0	2.27928020331e-05	0.0118864462603	1.13964010166e-05	0	0	0	0	0	0.0012422077108	0.00592612852861	0	0.00333914549785	0.000934504883358	0.000421666837613	0	0	0.00108265809657	0.000376081233546	0.00299725346736	0.00230207300534	6.83784060994e-05	0	0
5.69820050828e-05	0.00338473110192	1.13964010166e-05	0	0.00426225398019	0.00110545089861	0	0.000113964010166	0	0.0122853202959	0.000125360411182	1.13964010166e-05	0.00439901079239	0	0	0.00427365038121	0.010290950118	2.27928020331e-05	2.27928020331e-05	0.000125360411182	0.000717973264043	0.000125360411182	0.0221773963782	0.000205135218298	0.0501783536759	0.000638198456927	2.27928020331e-05	0.00503720924932	0.016501988672	0.00036468483253	0.000478648842695	0	2.27928020331e-05	0.000102567609149	0.00119662210674	0.0015157213352	0.000444459639646	0	0	0.000376081233546	0	0	0	0.000148153213215	0.00725950744755	0	1.13964010166e-05	0	0	0.00118522570572	0	0.000239324421348	0.000387477634563	7.97748071159e-05	1.13964010166e-05	0	0.00210833418806	0.00621103855402	0.00312261387854	0.00253000102568	0	0.000262117223381	0.000957297685391	0.00184621696468	0.00139036092402	0.000421666837613	0	0	0.000478648842695	0.000945901284374	0.00128779331487	0	0.00118522570572	0.000569820050828	0.00611986734589	0	0	0.00141315372605	0	0.00133337891894	0.00119662210674	0.00033049562948	1.13964010166e-05	1.13964010166e-05
0	0.00254139742669	0	0	0	0	0	0	0	0.000490045243712	0	0.00115103650267	0	0.00490045243712	0	0	0	0	0	0.000205135218298	0	0	0.000410270436596	0	0.000638198456927	0.00994905808746	0.00169806375147	0.00320238868565	0	0	0	9.11712081325e-05	0	0	0	0	0.000262117223381	0	0	0	0	0	0	0	0	0	1.13964010166e-05	0	0.00245022621856	0	0	0	0	0	0	0	0	0	0	0	0.00305423547244	0.00162968534537	0.00169806375147	0	0	0	0.00036468483253	0	0	0	0	0	0	0	0	0	5.69820050828e-05	0	0	0	0	0	0	5.69820050828e-05
0	0.00697459742213	0.0149520781337	0	2.27928020331e-05	1.13964010166e-05	0.00033049562948	0.000113964010166	0.000262117223381	1.13964010166e-05	0.000113964010166	0.00333914549785	7.97748071159e-05	0.00346450590903	1.13964010166e-05	2.27928020331e-05	0	0.00787491310244	0.00200576657891	0.00811423752379	0.000307702827447	1.13964010166e-05	1.13964010166e-05	0.00927667042748	2.27928020331e-05	0.00169806375147	0.0676376400333	0.0255849202822	0.000262117223381	0.00039887403558	0	0.00234765860941	0	1.13964010166e-05	0.00072936966506	3.41892030497e-05	0.00533351567575	0	0	0	0	0	0	1.13964010166e-05	0.000170946015248	0	0	0	0.00299725346736	3.41892030497e-05	0	0	0.000284910025414	4.55856040662e-05	0.00622243495504	0	0	0.000102567609149	3.41892030497e-05	0	0.0038519835436	0.00838775114819	0.00850171515835	0	1.13964010166e-05	1.13964010166e-05	0.000831937274209	0	1.13964010166e-05	0.000102567609149	0.00556144369608	0.0030314426704	0.0014473429291	0.000205135218298	0	0	0	0.000843333675225	0.000980090487424	0.000319099228464	0.000113964010166	0	0	3.41892030497e-05
0.000478648842695	0.03094122876	0.0144962220931	0	0	0	0	0	0.000250720822364	0.00110545089861	0	0.00066099125896	0	0.00683784060994	0.000421666837613	2.27928020331e-05	0.00442180359442	0.00471811002086	0.000307702827447	0.00139036092402	0	0.000296306426431	0.0142227084687	0.0178353675909	0.00503720924932	0.00320238868565	0.0255849202822	0.0944875608283	0.000615405654894	0	0	7.97748071159e-05	0	0	0.000478648842695	0	0.0287645161658	0.00133337891894	0	0	0	0	0	0	6.83784060994e-05	0	0	0	0.00238184781246	0	0	0.000957297685391	0.00201716297993	0	0.0030314426704	0	4.55856040662e-05	0.0118066714532	0.00202855938095	0.000136756812199	0.003441713107	0.00629081336114	0.0359214560042	0	0	0	0.00101427969047	0	0	0.000672387659977	0.000239324421348	0	0.00159549614232	0.000136756812199	0.000170946015248	0	0	0	0.000296306426431	0.000900315680308	0.000547027248795	0	0	1.13964010166e-05
0.00247301902059	2.27928020331e-05	5.69820050828e-05	0	0.00712275063535	0.000273513624397	0.00159549614232	0.0299383454705	0.00335054189887	0.00633639896521	0.0132084287782	0.000501441644729	0.00332774909684	0	0.00231346940636	0.00189180256875	0.00267815423889	0.00243882981754	0.000455856040662	0.00101427969047	0.00496883084322	0.00728230024958	0.00559563289913	0.0085359043614	0.016501988672	0	0.000262117223381	0.000615405654894	0.102955086784	0.00752162467093	0.0084675259553	0	0.000182342416265	0.00240464061449	0.0107695989606	0.00184621696468	4.55856040662e-05	1.13964010166e-05	0	0.0138580236361	0.000205135218298	0	0	0.000250720822364	0.0153167629663	0.000786351670143	3.41892030497e-05	0.00306563187345	0	0.00152711773622	0.000239324421348	0.000205135218298	0.000490045243712	5.69820050828e-05	7.97748071159e-05	0.00605148893979	0.0022678838023	0.00637058816826	0.00340752390395	0.015818204611	0	0.000102567609149	0.000250720822364	0.00414828997003	0.00113964010166	0.000125360411182	0	6.83784060994e-05	0.000239324421348	0.000968694086408	0.00467252441679	0	0.0138808164382	0.00417108277206	0.00431923598528	0	0	0.00216531619315	0	0.00183482056367	0.00159549614232	0.000945901284374	7.97748071159e-05	5.69820050828e-05
0.00377220873648	0	0	0	5.69820050828e-05	0	0.00379500153851	0.0108607701688	0.00650734498046	0	0.00774955269126	0.0100516256966	0.000866126477258	0.000638198456927	0.00769257068618	1.13964010166e-05	0	0.00239324421348	0.00472950642187	0.00422806477714	0.00157270334029	0.00262117223381	0	0.000752162467093	0.00036468483253	0	0.00039887403558	0	0.00752162467093	0.0403774488017	0.00993766168644	0	0.00292887506126	0.00372662313241	0.0186673048651	0	0	0	0	0.000182342416265	0	0	0	0	2.27928020331e-05	0.000182342416265	0	0	0	0	0	0	0	2.27928020331e-05	0	0	0	0	0	0.000193738817282	0	3.41892030497e-05	0	0	0	0	0	0	0	5.69820050828e-05	0.000250720822364	3.41892030497e-05	0.0119548246664	0.000934504883358	1.13964010166e-05	0	1.13964010166e-05	3.41892030497e-05	0	5.69820050828e-05	0	0	0	0
0.00713414703637	0	0	0	0	0	0	0.0129121223518	0.000284910025414	0	0	0	0	0	0.00325937069074	0	0	9.11712081325e-05	0	4.55856040662e-05	0	0.0140175732504	0	0.00455856040662	0.000478648842695	0	0	0	0.0084675259553	0.00993766168644	0.0493350200007	0	0	0.00191459537078	0.00835356194514	0	0	0	0	0	0	0	0	0	0	0	0	0	0	0	0	0	0	0	0	0	0	0	0	0	0	0	0	0	0	0	0	0	0	0	0	0	0.00506000205135	4.55856040662e-05	0	0	0	0	0	0	0	0	0	0
0	2.27928020331e-05	0	0	0	0	0	0	0	0	0	0.00258698303076	0	0.00247301902059	0	0	0	0	0	0	0	0	0	0	0	9.11712081325e-05	0.00234765860941	7.97748071159e-05	0	0	0	0.00401153315783	0	0	0	0	3.41892030497e-05	0	0	0	0	0	0	0	0	0	4.55856040662e-05	0	0.00150432493419	0	0	0	0	0	0	0	0	0	0	0	0.000512838045745	0.00120801850776	0.000284910025414	0	1.13964010166e-05	0	0.000467252441679	1.13964010166e-05	0	1.13964010166e-05	0.000125360411182	0.000558423649811	3.41892030497e-05	0	0	0	0	0	0.000307702827447	1.13964010166e-05	0	0	1.13964010166e-05	0.000102567609149
0	0	0	0	3.41892030497e-05	0.000148153213215	0.00259837943178	0.000148153213215	0.00112824370064	0	0.000341892030497	0.000512838045745	0.000433063238629	0.000501441644729	0.00170946015248	1.13964010166e-05	0	0	0	0	0.000421666837613	0	0	0	2.27928020331e-05	0	0	0	0.000182342416265	0.00292887506126	0	0	0.00617684935097	0	0.00239324421348	2.27928020331e-05	0	0	0	3.41892030497e-05	0	0	0	0	2.27928020331e-05	0	0	0	0	0	0	0	0	0	0	0	0	0	0	5.69820050828e-05	0	0	0	2.27928020331e-05	2.27928020331e-05	0	0	0	0	5.69820050828e-05	0.000854730076242	3.41892030497e-05	0.00132198251792	0.000387477634563	0.000467252441679	0.000296306426431	0	4.55856040662e-05	0	5.69820050828e-05	0	0	0	0
0	0	0	0	0	0	0.000626802055911	0.00287189305617	0.000649594857944	0	0.000980090487424	0.000284910025414	0	0	0.000319099228464	0	0	0	0.000148153213215	0.000239324421348	0	0.000455856040662	0	0	0.000102567609149	0	1.13964010166e-05	0	0.00240464061449	0.00372662313241	0.00191459537078	0	0	0.00574378611235	0.00329355989379	0	0	0	0	0	0	0	0	0	0	0	0	0	0	0	0	0	0	0	0	0	0	0	0	0	0	0	0	0	0	0	0	0	0	0	0	0	0.00125360411182	0	0	0	0	0	0	0	0	0	0	0
0	0	1.13964010166e-05	0	3.41892030497e-05	2.27928020331e-05	0.00264396503584	0.00733928225466	0.0033049562948	2.27928020331e-05	0.00801166991464	0.0164108174638	0.000592612852861	0.000740766066076	0.00164108174638	0	0	0.0106670313515	0.00793189510753	0.0127297799355	0.00145873933012	0.00472950642187	0	0.00501441644729	0.00119662210674	0	0.00072936966506	0.000478648842695	0.0107695989606	0.0186673048651	0.00835356194514	0	0.00239324421348	0.00329355989379	0.0542012832348	0	1.13964010166e-05	0	0	0.000296306426431	0	0	0	0	0.00177783855858	0.000216531619315	3.41892030497e-05	1.13964010166e-05	0	0	0	0	2.27928020331e-05	5.69820050828e-05	6.83784060994e-05	1.13964010166e-05	0	0.000273513624397	2.27928020331e-05	0.000307702827447	0	7.97748071159e-05	1.13964010166e-05	3.41892030497e-05	0	0	0	0	0	0.000170946015248	0.00118522570572	0.000113964010166	0.0356821315828	0.00456995680764	0.000250720822364	5.69820050828e-05	0.000113964010166	0.00174364935553	2.27928020331e-05	0.000216531619315	5.69820050828e-05	1.13964010166e-05	0	0
0	0	0	0	5.69820050828e-05	0	1.13964010166e-05	0	0	0.00183482056367	0	0	0	0	0	0	0	0	0	3.41892030497e-05	0	0	4.55856040662e-05	0	0.0015157213352	0	3.41892030497e-05	0	0.00184621696468	0	0	0	2.27928020331e-05	0	0	0.0484688935234	0	0.000227928020331	0	0.000717973264043	0.000444459639646	0.00103707249251	0.00259837943178	0.00588054292454	0.00531072287372	0.0136300956158	0.000307702827447	0.00300864986837	0	0.0348274015066	0.000512838045745	0	0.000387477634563	0.00107126169556	1.13964010166e-05	0.00449018200052	0.00533351567575	0.000136756812199	0.00407991156393	0.0177327999818	0	0.000831937274209	0	0.00981230127526	0.0169122591086	0.0134819424026	0	1.13964010166e-05	0	0.00194878457383	0.00066099125896	4.55856040662e-05	6.83784060994e-05	6.83784060994e-05	0	0	0	6.83784060994e-05	0	0.000649594857944	0.000148153213215	2.27928020331e-05	2.27928020331e-05	0
0	0.0253911814649	0.00348729871107	0	0	0	0	0	0	0.000102567609149	0	0.000717973264043	0	0.000809144472176	0	6.83784060994e-05	0	0.0030314426704	0	0	0	0.000182342416265	0.00486626323407	0.00692901181807	0.000444459639646	0.000262117223381	0.00533351567575	0.0287645161658	4.55856040662e-05	0	0	3.41892030497e-05	0	0	1.13964010166e-05	0	0.0510444801532	0.00177783855858	0	0	0	0	0	0	0.00600590333573	0	6.83784060994e-05	0	0.0017208565535	0	0	0.000717973264043	0.00308842467549	0	0.00160689254333	0	9.11712081325e-05	0.0130374827629	0.00317959588362	0.00706576863027	0.00474090282289	0.00145873933012	0.0391238446898	0	0	0	0.000763558868109	0	0	0.00121941490877	0.000376081233546	0	0.000387477634563	2.27928020331e-05	3.41892030497e-05	0	0	0	1.13964010166e-05	0.0015157213352	0.000774955269126	0	0	1.13964010166e-05
0	0.000740766066076	0.000159549614232	0	0	0	0	0	0	0	0	0	0	0	0	0	0	6.83784060994e-05	0	0	0	3.41892030497e-05	1.13964010166e-05	0.000854730076242	0	0	0	0.00133337891894	1.13964010166e-05	0	0	0	0	0	0	0.000227928020331	0.00177783855858	0.0340524462375	0	0	0	0	0.00264396503584	0.000193738817282	0	0	0	0	0	0.00066099125896	0	0	0.00890058919393	0	0.000170946015248	0	0.00182342416265	1.13964010166e-05	0.0198069449668	0	0	0.0072936966506	0.0155446909866	0.0035100915131	0	0.00136756812199	0	0	0	0	5.69820050828e-05	0	5.69820050828e-05	0	0	0	0	0	0	5.69820050828e-05	5.69820050828e-05	0	0	0
0	0	0	0	0	0	0	0	0	0	0	0	0	0	0	0	0	0	0	0	0	0	0	0	0	0	0	0	0	0	0	0	0	0	0	0	0	0	0	0	0	0	0	0	0	0	0	0	0	0	0	0	0	0	0	0	0	0	0	0	0	0	0	0	0	0	0	0	0	0	0	0	0	0	0	0	0	0	0	0	0	0	0	0
0	0	0	0	0.00499162364525	0	1.13964010166e-05	0.00604009253878	0	0.00119662210674	0.0118864462603	0.000125360411182	0	0	0	0	0	0.000102567609149	0.000125360411182	0.000125360411182	0.000638198456927	0	0	0	0.000376081233546	0	0	0	0.0138580236361	0.000182342416265	0	0	3.41892030497e-05	0	0.000296306426431	0.000717973264043	0	0	0	0.0326848781155	0.000911712081325	0	0	0.000125360411182	0.0100972113007	0.00490045243712	0.000888919279292	0.0083307691431	0	3.41892030497e-05	0.00102567609149	0	0	0.00215391979213	0	0.0168438807025	0	0	0	0.0268043351909	0	0.0015840997413	0	0.00447878559951	0.00174364935553	0	0	0.000182342416265	0	0.00435342518833	3.41892030497e-05	0	0.000341892030497	0.000136756812199	0	0	0	7.97748071159e-05	3.41892030497e-05	0.00355567711717	0.000273513624397	0.0015157213352	0.000205135218298	6.83784060994e-05
0	0	0	0	0	0	0	5.69820050828e-05	0	0	0.000182342416265	0	0	0	0	0	0	0	0	0	0	0	0	0	0	0	0	0	0.000205135218298	0	0	0	0	0	0	0.000444459639646	0	0	0	0.000911712081325	0.00680365140689	0.00100288328946	0	0.000911712081325	0.00343031670598	0	2.27928020331e-05	0.0019259917718	0	0.000341892030497	0.00559563289913	0	0	2.27928020331e-05	0	0.00127639691385	0	0	3.41892030497e-05	0.00270094704092	0	1.13964010166e-05	0	0	0.000421666837613	0	0	0.000797748071159	0.000136756812199	0.000239324421348	0	0	0	0	0	0	0	1.13964010166e-05	0	9.11712081325e-05	3.41892030497e-05	0.000923108482341	0.000547027248795	0
0	0	0	0	0	0	0	0	0	0	0	0	0	0	0	0	0	0	0	0	0	0	0	0	0	0	0	0	0	0	0	0	0	0	0	0.00103707249251	0	0	0	0	0.00100288328946	0.0225990632158	0.00135617172097	0.00929946322951	0.000113964010166	0.0101200041027	0	0.0066782909957	0	0.000991486888441	0.00518536246253	0	0	0	0	0.00149292853317	0	0	0	0.000216531619315	0	0	0	0.00201716297993	0.000296306426431	0	0	0.000672387659977	0	0	0	0	0	0	0	0	0	0.000193738817282	0	0	0	0.001378964523	0.000296306426431	0
0	0	0	0	0	0	0	0	0	0	0	0	0	0	0	0	0	0	0	0	0	0	0	0	0	0	0	0	0	0	0	0	0	0	0	0.00259837943178	0	0.00264396503584	0	0	0	0.00135617172097	0.0472608750157	0.00335054189887	0	0.00521955166558	0	0	0	0.00752162467093	0.000102567609149	0	0.00251860462466	0	0	0	0.00944761644273	0	0.0105758601434	0.00439901079239	0	0	0	0.0304055979122	1.13964010166e-05	0.0138466272351	0	0	0	0.000296306426431	0	0	0	0	0	0	0	0	0	0.000193738817282	0	0	0	0
0	0	0	0	0	0	0	0	0	0.000193738817282	0	1.13964010166e-05	0	0	0	0	0	0	0	1.13964010166e-05	0	0	0	0	0.000148153213215	0	1.13964010166e-05	0	0.000250720822364	0	0	0	0	0	0	0.00588054292454	0	0.000193738817282	0	0.000125360411182	0.000911712081325	0.00929946322951	0.00335054189887	0.0253569922618	0.000444459639646	0.00725950744755	0	0.00461554241171	0	0.0105644637424	0.00483207403102	0	5.69820050828e-05	0	0	0.00227928020331	0.000877522878275	0	0.000820540873192	0.00243882981754	0	0	0	0.00149292853317	0.000478648842695	0.00117382930471	0	0.0019943701779	0	0.000672387659977	3.41892030497e-05	5.69820050828e-05	4.55856040662e-05	4.55856040662e-05	0	0	0	0.000284910025414	0	0.000341892030497	0.000102567609149	0.00170946015248	0.000752162467093	1.13964010166e-05
0	2.27928020331e-05	0	0	0.000387477634563	0	1.13964010166e-05	0.00307702827447	0	0.00830797634107	0.00312261387854	1.13964010166e-05	0	0	0	9.11712081325e-05	0	1.13964010166e-05	3.41892030497e-05	0.000250720822364	7.97748071159e-05	0	0.000831937274209	4.55856040662e-05	0.00725950744755	0	0.000170946015248	6.83784060994e-05	0.0153167629663	2.27928020331e-05	0	0	2.27928020331e-05	0	0.00177783855858	0.00531072287372	0.00600590333573	0	0	0.0100972113007	0.00343031670598	0.000113964010166	0	0.000444459639646	0.04540326165	1.13964010166e-05	0.000113964010166	0.00333914549785	0.000341892030497	0.00390896554868	0.00439901079239	0.000227928020331	9.11712081325e-05	0.000353288431513	9.11712081325e-05	0.00418247917308	7.97748071159e-05	0.011008923382	0.00072936966506	0.0271804164245	0.00202855938095	0.000717973264043	0.00400013675681	0.00257558662974	0.00682644420892	0.00319099228464	0	2.27928020331e-05	0.00335054189887	0.00313401027955	0.00369243392937	0.000182342416265	0.00182342416265	0.00113964010166	4.55856040662e-05	0	0	0.00454716400561	0.000250720822364	0.00273513624397	0.00208554138603	0.00218810899518	3.41892030497e-05	3.41892030497e-05
0	0	0	0	0	0	0	0.0012422077108	0	0	0.00186900976672	0.000125360411182	0	0	0	0	0	0.000102567609149	0.000125360411182	0.000125360411182	1.13964010166e-05	0	0	0	0	0	0	0	0.000786351670143	0.000182342416265	0	0	0	0	0.000216531619315	0.0136300956158	0	0	0	0.00490045243712	0	0.0101200041027	0.00521955166558	0.00725950744755	1.13964010166e-05	0.0415398817054	0.00140175732504	0.00857009356445	0	0.00996045448847	0.00116243290369	0	0	0.00305423547244	0	0.00606288534081	0	0	0	0.0120801850776	0	0.00191459537078	0	0.0149976637378	0.0105302745393	0	0	0	0	0.00638198456927	1.13964010166e-05	0	0.000227928020331	6.83784060994e-05	0	0	0	0	5.69820050828e-05	0.00388617274665	0	1.13964010166e-05	0	3.41892030497e-05
0	0	0	0	0	0	0	0	0	4.55856040662e-05	0	0.00190319896977	0	0.00133337891894	0	0	0	0	0	0	0	0	1.13964010166e-05	0	1.13964010166e-05	1.13964010166e-05	0	0	3.41892030497e-05	0	0	4.55856040662e-05	0	0	3.41892030497e-05	0.000307702827447	6.83784060994e-05	0	0	0.000888919279292	2.27928020331e-05	0	0	0	0.000113964010166	0.00140175732504	0.0244908657846	3.41892030497e-05	0.00455856040662	0.000113964010166	2.27928020331e-05	0	2.27928020331e-05	0.00752162467093	0.00159549614232	7.97748071159e-05	1.13964010166e-05	0	4.55856040662e-05	0.000626802055911	0.000877522878275	0.00186900976672	2.27928020331e-05	0.000911712081325	0.00241603701551	4.55856040662e-05	3.41892030497e-05	0.00101427969047	0	0.00917410281833	0.00033049562948	0.00164108174638	4.55856040662e-05	3.41892030497e-05	0	0	0.000683784060994	0.000250720822364	0.00100288328946	0.00561842570116	0.000626802055911	0	0	0.00246162261958
0	0	0	0	0.00369243392937	0	0	0.00104846889352	0	2.27928020331e-05	0.00490045243712	0	0	0	0	0	0	0	0	0	0.000444459639646	0	0	0	0	0	0	0	0.00306563187345	0	0	0	0	0	1.13964010166e-05	0.00300864986837	0	0	0	0.0083307691431	0.0019259917718	0.0066782909957	0	0.00461554241171	0.00333914549785	0.00857009356445	3.41892030497e-05	0.0267701459879	0	0.00257558662974	0.00517396606152	0	0	9.11712081325e-05	0	0.0148609069256	0	0	0	0.00847892235632	0	6.83784060994e-05	0	0.000136756812199	0.000877522878275	0	0	9.11712081325e-05	0	0.000102567609149	0	0	1.13964010166e-05	1.13964010166e-05	0	0	0	0	0	2.27928020331e-05	0	0.00194878457383	9.11712081325e-05	0
0	0.000672387659977	0	0	0	0	0	0	0	0	0	0.00777234549329	0	0.00933365243256	0	0	0	0	0	0.000284910025414	0	0	0	0	0	0.00245022621856	0.00299725346736	0.00238184781246	0	0	0	0.00150432493419	0	0	0	0	0.0017208565535	0	0	0	0	0	0	0	0.000341892030497	0	0.00455856040662	0	0.0205249182308	1.13964010166e-05	0	0	0	0	0	0	0	0.000341892030497	0	6.83784060994e-05	0.0106214457474	0.00421666837613	0.00555004729506	0	0.000615405654894	0	0.00404572236088	0.000535630847778	0	0.00115103650267	0	0.002062748584	0	0	0	0	0.000843333675225	0	0.000900315680308	0.000102567609149	0	0	0	0.00272373984296
0	0	0	0	2.27928020331e-05	0	0	0	0	0.0015157213352	0	0	0	0	0	0	0	0	0	3.41892030497e-05	0	0	3.41892030497e-05	0	0.00118522570572	0	3.41892030497e-05	0	0.00152711773622	0	0	0	0	0	0	0.0348274015066	0	0.00066099125896	0	3.41892030497e-05	0.000341892030497	0.000991486888441	0.00752162467093	0.0105644637424	0.00390896554868	0.00996045448847	0.000113964010166	0.00257558662974	1.13964010166e-05	0.0521613274528	0.000410270436596	0	0.000569820050828	0.00033049562948	0	0.00386337994461	0.00863847197055	0.000125360411182	0.00683784060994	0.013744059626	0	0.00033049562948	0	0.00738486785873	0.0101427969047	0.0149862673368	0	4.55856040662e-05	0	0.000512838045745	0.000421666837613	4.55856040662e-05	2.27928020331e-05	3.41892030497e-05	0	0	0	0	1.13964010166e-05	0.000102567609149	0	0	0	1.13964010166e-05
0	0	0	0	0	0	0	7.97748071159e-05	0	1.13964010166e-05	0.000216531619315	0	0	0	0	0	0	0	0	0	0	0	0	0	0	0	0	0	0.000239324421348	0	0	0	0	0	0	0.000512838045745	0	0	0	0.00102567609149	0.00559563289913	0.00518536246253	0.000102567609149	0.00483207403102	0.00439901079239	0.00116243290369	2.27928020331e-05	0.00517396606152	0	0.000410270436596	0.0129121223518	0	0	2.27928020331e-05	0	0.00233626220839	0	0	3.41892030497e-05	0.00314540668057	0	1.13964010166e-05	0	0.000262117223381	0.000478648842695	0	0	0.000136756812199	0.000136756812199	0.000182342416265	0	0	0	0	0	0	0	1.13964010166e-05	0	9.11712081325e-05	3.41892030497e-05	0.00280351465007	0.000205135218298	0
0	0	0	0	0	0	0	0	0	0	0	0	0	0	0	0	0.00101427969047	0	0	0	0	0.000262117223381	0.00203995578196	0.000478648842695	0.000239324421348	0	0	0.000957297685391	0.000205135218298	0	0	0	0	0	0	0	0.000717973264043	0	0	0	0	0	0	0	0.000227928020331	0	0	0	0	0	0	0.0150774385449	0	0	0	0	0.000763558868109	0.0101314005037	0.00304283907142	0.000900315680308	0	1.13964010166e-05	0.00601729973674	0.000136756812199	0	0	0	0	0	0	4.55856040662e-05	0	0	0	0	0	0	0.00201716297993	0	0.000239324421348	7.97748071159e-05	1.13964010166e-05	0	0
0	0.00160689254333	0.000717973264043	0	0	4.55856040662e-05	0	0	0	0	0	0	0	0	0	9.11712081325e-05	2.27928020331e-05	0.00108265809657	0	0	0	0.000125360411182	0.000353288431513	0.00166387454842	0.000387477634563	0	0.000284910025414	0.00201716297993	0.000490045243712	0	0	0	0	0	2.27928020331e-05	0.000387477634563	0.00308842467549	0.00890058919393	0	0	0	0	0.00251860462466	5.69820050828e-05	9.11712081325e-05	0	2.27928020331e-05	0	0	0.000569820050828	0	0	0.0333572657755	0.00139036092402	0.00428504678223	0	0.00498022724424	0.000455856040662	0.0239894241399	0.00039887403558	0	0.00286049665516	0.00690621901603	0.006883426214	0	0.000672387659977	0	0	0	0.0057779753154	0.000239324421348	0	0.000319099228464	6.83784060994e-05	0.000273513624397	0	0	0.000170946015248	0	0.00321378508667	0.000991486888441	3.41892030497e-05	0	0
0	0	0	0	0	0	0	0	0	0.000113964010166	0	0	0	0	0	0	0	0	0	3.41892030497e-05	0	0	1.13964010166e-05	0	7.97748071159e-05	0	4.55856040662e-05	0	5.69820050828e-05	2.27928020331e-05	0	0	0	0	5.69820050828e-05	0.00107126169556	0	0	0	0.00215391979213	2.27928020331e-05	0	0	0	0.000353288431513	0.00305423547244	0.00752162467093	9.11712081325e-05	0	0.00033049562948	2.27928020331e-05	0	0.00139036092402	0.0175390611645	0.00418247917308	0.000569820050828	1.13964010166e-05	0	9.11712081325e-05	0.00188040616773	0	0.00409130796494	6.83784060994e-05	0.00118522570572	0.00223369459925	7.97748071159e-05	0	0	0	0.00821680513294	0.000125360411182	1.13964010166e-05	3.41892030497e-05	3.41892030497e-05	0	0	0	0.00302004626939	0.00215391979213	0.00982369767627	0.00240464061449	0	0	0
0	0.00242743341653	2.27928020331e-05	0	0	0	0	0	0	1.13964010166e-05	0	0	0	0	0	1.13964010166e-05	0	0.00176644215757	1.13964010166e-05	0.000501441644729	0	0	0	0.000113964010166	1.13964010166e-05	0	0.00622243495504	0.0030314426704	7.97748071159e-05	0	0	0	0	0	6.83784060994e-05	1.13964010166e-05	0.00160689254333	0.000170946015248	0	0	0	0	0	0	9.11712081325e-05	0	0.00159549614232	0	0	0	0	0	0.00428504678223	0.00418247917308	0.0290836153943	0	3.41892030497e-05	4.55856040662e-05	0.000307702827447	2.27928020331e-05	0	0.00542468688388	0.00275792904601	1.13964010166e-05	1.13964010166e-05	1.13964010166e-05	0	0	0	0.00700878662518	0.00201716297993	2.27928020331e-05	0.000193738817282	6.83784060994e-05	1.13964010166e-05	0	0	0.00307702827447	0.000455856040662	0.00970973366611	0.00275792904601	0	0	0
0	0	0	0	0.00482067763	0	0	0.00232486580738	0	0.000113964010166	0.00926527402646	0	0	0	0	0	0	0	0	0	0.000558423649811	0	0	0	0	0	0	0	0.00605148893979	0	0	0	0	0	1.13964010166e-05	0.00449018200052	0	0	0	0.0168438807025	0.00127639691385	0.00149292853317	0	0.00227928020331	0.00418247917308	0.00606288534081	7.97748071159e-05	0.0148609069256	0	0.00386337994461	0.00233626220839	0	0	0.000569820050828	0	0.0258698303076	0	0	0	0.0168552771035	0	0.000626802055911	0	0.000615405654894	0.0018576133657	0	0	4.55856040662e-05	0	0.000923108482341	2.27928020331e-05	0	1.13964010166e-05	1.13964010166e-05	0	0	0	1.13964010166e-05	0	0.000604009253878	0.000148153213215	0.0015840997413	3.41892030497e-05	2.27928020331e-05
