0.0346224120474	4.65511422487e-05	0.000756456061541	0	0	0	2.32755711243e-05	0.0201915579504	0.00748309611647	0.000686629348168	0.00134998312521	5.81889278108e-05	0.000209480140119	5.81889278108e-05	0.0248699477463	5.81889278108e-05	1.16377855622e-05	0.00053533813586	0	0.000290944639054	0.000186204568995	0.00274651739267	0	0.00303746203172	0.00506243671954	0	0.000104740070059	0.000302582424616	0.00567923935434	0.00648224655812	0.00783222968334	0	0	0.000570251492546	0.00513226343291	0	0.000139653426746	0	0	1.16377855622e-05	0	0	0	0	0.000512062564735	0	0	1.16377855622e-05	0	0	0	0	0.000139653426746	0	6.9826713373e-05	0	0	2.32755711243e-05	0	0.000826282774914	0	0	0.000314220210178	4.65511422487e-05	0	0	0	0	0	0	0	0	0.00226936818462	0	0.000104740070059	0	0	2.32755711243e-05	0	0	0	1.16377855622e-05	0	0
4.65511422487e-05	0.0335517357757	0.00533010578747	0	0	0	0	6.9826713373e-05	1.16377855622e-05	0.004305980658	0	0	0	0.000779731632665	4.65511422487e-05	0	0.000104740070059	0.000709904919292	0	0.00108231405728	0	3.49133566865e-05	0.00934514180642	0.000209480140119	0.0083675678192	0.00250212389587	0.0149080033051	0.0238574604024	0	5.81889278108e-05	5.81889278108e-05	0	0	0	0.000116377855622	0	0.0144541296682	0.000104740070059	0	0	0	0	0	0	0.000465511422487	0	1.16377855622e-05	0	0.000651715991481	0	0	0	0.00243229718249	0.000116377855622	0.000931022844973	0	0	0.00325857995741	0.00146636098083	0.000465511422487	0.00112886519953	0.00281634410604	0.0124757061226	0	0	0	1.16377855622e-05	0	0	6.9826713373e-05	2.32755711243e-05	0	2.32755711243e-05	0	0	0	0	0	4.65511422487e-05	0	0	0	0	6.9826713373e-05
0.000756456061541	0.00533010578747	0.0566178267599	0	0	0	0	0.000709904919292	0.000116377855622	3.49133566865e-05	0	0	0	0	0.000709904919292	0	3.49133566865e-05	0.0172006470609	0	0.000500424779173	0	0.000232755711243	0.000872833917162	0.0187251969695	3.49133566865e-05	0	0.0106951249316	0.030700478313	6.9826713373e-05	0.000104740070059	0.000442235851362	0	0	0	0.000756456061541	0	0.00657534884262	0.000768093847103	0	0	0	0	0	1.16377855622e-05	2.32755711243e-05	0	0	0	0	0	0	0.000186204568995	0.00469002758155	0	0.00147799876639	0	2.32755711243e-05	0.00546975921422	0.00212971475788	4.65511422487e-05	0	5.81889278108e-05	0.0122778637681	3.49133566865e-05	0	0	0	0	0	3.49133566865e-05	0.00188532126107	0	0.00144308540971	1.16377855622e-05	0	0	0	0.000884471702724	0.000581889278108	0.000174566783432	1.16377855622e-05	0	0	0
0	0	0	0	0	0	0	0	0	0	0	0	0	0	0	0	0	0	0	0	0	0	0	0	0	0	0	0	0	0	0	0	0	0	0	0	0	0	0	0	0	0	0	0	0	0	0	0	0	0	0	0	0	0	0	0	0	0	0	0	0	0	0	0	0	0	0	0	0	0	0	0	0	0	0	0	0	0	0	0	0	0	0	0
0	0	0	0	0.0230660909842	0	2.32755711243e-05	0.000907747273849	8.14644989351e-05	0.00663353777043	0.00169911669208	5.81889278108e-05	0.00493442107836	8.14644989351e-05	8.14644989351e-05	0.000244393496805	0	0	4.65511422487e-05	2.32755711243e-05	0.0110908096407	0	0	0	0.0113468409231	0	0.000104740070059	0	0.0114050298509	0.00180385676214	0	0	0	2.32755711243e-05	0.00208316361563	0	0	0	0	0.00523700350297	0	2.32755711243e-05	0.000174566783432	0	0.00263013953705	0.00425942951575	0	0.000779731632665	0	0	3.49133566865e-05	0	0	0	0	0.000733180490416	0	0	0	0.00591199506558	0	0	0	0.00840248117588	0	0	0	0	0	0.000139653426746	0.000628440420357	0	0.00140817205302	0.000768093847103	0.000302582424616	0.00059352706367	0	0.000709904919292	0	0	0	0.000186204568995	0	0
0	0	0	0	0	0.00178058119101	5.81889278108e-05	0	0	0	0	0	0	0	0	0	0	0	0	0	0	0	0	0	0	0	0	0	0	1.16377855622e-05	0	0	0.00112886519953	0	0.000186204568995	0	0	0	0	0	0	0	0	0	0	0	0	0	0	0	0	0	0	0	0	0	0	0	0	0	0	0	0	0	0	0	0	0	0	0	0	0	0	0	0.000418960280238	0.00145472319527	0	0	0	0	0	0	0	0
2.32755711243e-05	0	0	0	2.32755711243e-05	5.81889278108e-05	0.0253820103111	0.000384046923551	0.00501588557729	0	0.0114399432076	0.000302582424616	0.00960117308878	0.000197842354557	0.00893781931174	0.00144308540971	0	0	0	0	0.000581889278108	0	0	0	0	0	0	0	0.000523700350297	0.0052602790741	0	0	0.00141980983858	0	0.00159437662202	0	0	0	0	0	0	0	0	0	0	0	0	1.16377855622e-05	0	0	0	0	0	0	0	0	0	0	0	0	0	0	0	0	0	0	0	0	0	0	0.00130343198296	1.16377855622e-05	5.81889278108e-05	0	0.00239738382581	0.000896109488287	0	0	0	0	0	0	0	0
0.0201915579504	6.9826713373e-05	0.000709904919292	0	0.000907747273849	0	0.000384046923551	0.0587359037322	0.00787878082558	0.000977573987222	0.00968263758772	0.000418960280238	0.00103576291503	0.00026766906793	0.0209945651541	0	0	0.000465511422487	0.000477149208049	0.000570251492546	0.000686629348168	0.00233919489799	0	0.00372409137989	0.00323530438628	0	0.000558613706984	0.000290944639054	0.0199471644535	0.00779731632665	0.0123127771248	0	1.16377855622e-05	0.000849558346038	0.0085188590315	0	0.000151291212308	0	0	0.00118705412734	0	0	0	0	0.00141980983858	2.32755711243e-05	0	6.9826713373e-05	0	0	0	1.16377855622e-05	0.000104740070059	0	3.49133566865e-05	0	0	3.49133566865e-05	0	0.00168747890651	0	0	0.000314220210178	0.00152454990864	0	0	0	0	0	0	0.0012917941974	0	0.00406158716119	0.00069826713373	2.32755711243e-05	0	0	0.000360771352427	0	0	0	2.32755711243e-05	0	0
0.00748309611647	1.16377855622e-05	0.000116377855622	0	8.14644989351e-05	0	0.00501588557729	0.00787878082558	0.0237759959035	0	0.00790205639671	0.000128015641184	0.00343314674084	6.9826713373e-05	0.0161416085747	0.000360771352427	0	0.000104740070059	4.65511422487e-05	8.14644989351e-05	0.000512062564735	0.00118705412734	0	0.00235083268356	0.00016292899787	0	0.000104740070059	4.65511422487e-05	0.0030141864606	0.00121032969846	0.000651715991481	0	0.000116377855622	0	0.00124524305515	0	1.16377855622e-05	0	0	0	0	0	0	0	0	0	0	0.000651715991481	0	0	0	0	4.65511422487e-05	0	3.49133566865e-05	0	0	1.16377855622e-05	0	0	0	0	2.32755711243e-05	0	0	0	0	0	0	0	1.16377855622e-05	0	0.00105903848616	2.32755711243e-05	1.16377855622e-05	2.32755711243e-05	0	0	0	0	0	0	0	0
0.000686629348168	0.004305980658	3.49133566865e-05	0	0.00663353777043	0	0	0.000977573987222	0	0.0341103494827	0.000477149208049	0	0.00166420333539	0.00016292899787	0.000314220210178	0.00115214077065	0.00350297345421	2.32755711243e-05	0	1.16377855622e-05	0.00281634410604	0	0.00876325252831	0	0.0229613509141	0.000896109488287	0.00246721053918	0.00360771352427	0.00776240296996	0.00296763531835	1.16377855622e-05	0	0	0.00121032969846	0.00265341510817	0	0	0	0	0.00290944639054	0	3.49133566865e-05	0.000104740070059	0	0.0129528553307	0.00290944639054	1.16377855622e-05	0.00155946326533	0	0	4.65511422487e-05	0.000640078205919	3.49133566865e-05	5.81889278108e-05	0.000151291212308	0.000139653426746	0.000395684709114	0.00304909981729	1.16377855622e-05	0.00985720437115	0	3.49133566865e-05	3.49133566865e-05	0.00789041861115	1.16377855622e-05	8.14644989351e-05	0	0	0	0.000395684709114	0.00403831159007	2.32755711243e-05	0.000570251492546	0.000232755711243	0.0012917941974	0.000116377855622	0	0.00401503601895	0.000209480140119	0.000128015641184	2.32755711243e-05	0.000791369418227	0	0
0.00134998312521	0	0	0	0.00169911669208	0	0.0114399432076	0.00968263758772	0.00790205639671	0.000477149208049	0.0367754023764	0.00190859683219	0.0138140514623	0.000884471702724	0.0126851862628	0	0	0	0.00196678576001	0.000337495781303	0.00800679646677	0	0	0	0.000814644989351	0	0.00266505289374	0	0.00595854620783	0.00548139699978	0	0	5.81889278108e-05	2.32755711243e-05	0.008798165885	0	0	0	0	6.9826713373e-05	0	0	5.81889278108e-05	0	0	0.000174566783432	0	0.00202497468782	0	0	0	0	0	0	0	0	0	0	0	0	0	0	0	0.00016292899787	0	0	0	0	0	8.14644989351e-05	0.000325857995741	0	0.00337495781303	0.00111722741397	0	0.000570251492546	0	0.000349133566865	0	0	0	0	0	0
5.81889278108e-05	0	0	0	5.81889278108e-05	0	0.000302582424616	0.000418960280238	0.000128015641184	0	0.00190859683219	0.0222979971371	0.00242065939693	0.00513226343291	0.00069826713373	0	0	1.16377855622e-05	0.00200169911669	0.00558613706984	0.00288617081942	0	0	0	0.000128015641184	0.000290944639054	0.00531846800191	1.16377855622e-05	0.000128015641184	0.00299091088948	0	0.000465511422487	0.000686629348168	0	0.0129644931162	0	0	0	0	0	0	0	0	0	0	0	0.000302582424616	0.000407322494676	0.000488786993611	0	0	1.16377855622e-05	0	0	0	0	0	0	0	0	0	0.000605164849232	0	0	0	0	0.00069826713373	0	0	3.49133566865e-05	0.000418960280238	0.00169911669208	0.00486459436498	1.16377855622e-05	0	0	0.000279306853492	0	0.000628440420357	0	0	0	0	0
0.000209480140119	0	0	0	0.00493442107836	0	0.00960117308878	0.00103576291503	0.00343314674084	0.00166420333539	0.0138140514623	0.00242065939693	0.0311892653066	0.000814644989351	0.00941496851979	0.000756456061541	0	0	0.00128015641184	9.31022844973e-05	0.0124640683371	0	0	0	0.00109395184284	0	0.00212971475788	0	0.00196678576001	0.00620293970463	0	0	5.81889278108e-05	0	0.00565596378321	0	0	0	0	0.000244393496805	0	0	1.16377855622e-05	0	0.000418960280238	6.9826713373e-05	0	0.00415468944569	0	0	0	0	0	0	0	4.65511422487e-05	0	0	0	4.65511422487e-05	0	0	0	9.31022844973e-05	0	0	0	0	0	2.32755711243e-05	0.000104740070059	0	0.000686629348168	4.65511422487e-05	0.000372409137989	1.16377855622e-05	0	0.000360771352427	0	0	0	0.000314220210178	0	0
5.81889278108e-05	0.000779731632665	0	0	8.14644989351e-05	0	0.000197842354557	0.00026766906793	6.9826713373e-05	0.00016292899787	0.000884471702724	0.00513226343291	0.000814644989351	0.0220652414259	0.000954298416097	0	0	0	0	0	0.00102412512947	0	0.000128015641184	0	0.000151291212308	0.00958953530322	0.00537665692972	0.00614475077682	0.000104740070059	0.00223445482794	0	0.00342150895528	0.000907747273849	0	0.00372409137989	0	0.000721542704854	0	0	0	0	0	0	0	0	0	0.00201333690225	2.32755711243e-05	0.00222281704237	0	0	0	0	0.000756456061541	4.65511422487e-05	0	0	0	0	0	0.00212971475788	0.00606328627789	0.000791369418227	0	0	0	0.00332840667078	0	0	0.000651715991481	0.000279306853492	0.00253703725255	0.00230428154131	0	0	0	0.000733180490416	0	0.00272324182155	0	0	0	0	0.000337495781303
0.0248699477463	4.65511422487e-05	0.000709904919292	0	8.14644989351e-05	0	0.00893781931174	0.0209945651541	0.0161416085747	0.000314220210178	0.0126851862628	0.00069826713373	0.00941496851979	0.000954298416097	0.0579328965284	0.000931022844973	1.16377855622e-05	0.000477149208049	0.000128015641184	0.000302582424616	0.00175730561989	0.00202497468782	0	0.00157110105089	0.00508571229067	0	0.000256031282368	0.000302582424616	0.00721542704854	0.0164092776427	0.00684301791055	0	0.00302582424616	0	0.0101365112246	0	0.000139653426746	0	0	2.32755711243e-05	0	1.16377855622e-05	2.32755711243e-05	1.16377855622e-05	0.000244393496805	6.9826713373e-05	0	0.00111722741397	0	0	0	0	0.000116377855622	0	4.65511422487e-05	0	1.16377855622e-05	3.49133566865e-05	0	0.000395684709114	0	0	0.000290944639054	0.000151291212308	0	0	0	0	0	6.9826713373e-05	0.0037822803077	1.16377855622e-05	0.00424779173019	0.000418960280238	0.00309565095954	0.00126851862628	0	0.000174566783432	0	0	0	0	0	0
5.81889278108e-05	0	0	0	0.000244393496805	0	0.00144308540971	0	0.000360771352427	0.00115214077065	0	0	0.000756456061541	0	0.000931022844973	0.0038753825922	0	0	0	0	0.000395684709114	0	0	0	0.00053533813586	0	0	0	8.14644989351e-05	0.000302582424616	0	0	8.14644989351e-05	1.16377855622e-05	0	0	0	0	0	2.32755711243e-05	0	0	0	0	0	0	0	0	0	0	0	0	0	0	0	2.32755711243e-05	0	0	0	0	0	0	0	0	0	0	0	0	0	0	0	0	0	0	0.00133834533965	0	0	0	0	0	0	0	0	0
1.16377855622e-05	0.000104740070059	3.49133566865e-05	0	0	0	0	0	0	0.00350297345421	0	0	0	0	1.16377855622e-05	0	0.0270113002898	4.65511422487e-05	0	2.32755711243e-05	0	0.0038753825922	0.013290351112	0.00551631035647	0.0140118938168	0	0.000116377855622	0.00243229718249	0.00313056431622	0	1.16377855622e-05	0	0	0	0.00130343198296	0	1.16377855622e-05	1.16377855622e-05	0	0	0	0	0	0	0.00644733320144	0	0	0	0	0	0	0.00807662318014	4.65511422487e-05	0	3.49133566865e-05	0	0.00451546079812	0.0141980983858	0.000803007203789	0.00218790368569	0	3.49133566865e-05	5.81889278108e-05	0.00543484585753	0	0	0	0	0	0	0.00331676888522	0.000651715991481	0.00144308540971	0.000302582424616	0.000197842354557	2.32755711243e-05	0	0.00117541634178	0.00105903848616	0	0	0	0	0
0.00053533813586	0.000709904919292	0.0172006470609	0	0	0	0	0.000465511422487	0.000104740070059	2.32755711243e-05	0	1.16377855622e-05	0	0	0.000477149208049	0	4.65511422487e-05	0.0280587009904	0	0.00279306853492	0	0.00103576291503	0	0.00711068697848	2.32755711243e-05	0	0.00560941264096	0.00661026219931	0.000465511422487	0.00108231405728	0.000663353777043	0	0	0	0.00502752336285	0	0.00123360526959	0	0	0	0	0	0	0	1.16377855622e-05	0	0	0	0	0	0	0	0.00147799876639	0	0.00130343198296	0	0	0.000279306853492	4.65511422487e-05	1.16377855622e-05	0	0.000232755711243	0.00357280016758	1.16377855622e-05	0	0	0	0	0	8.14644989351e-05	0.000500424779173	2.32755711243e-05	0.00183877011882	5.81889278108e-05	0	0	0	0.000872833917162	0.000756456061541	0.00102412512947	0	0	0	0
0	0	0	0	4.65511422487e-05	0	0	0.000477149208049	4.65511422487e-05	0	0.00196678576001	0.00200169911669	0.00128015641184	0	0.000128015641184	0	0	0	0.00706413583623	0.00217626590012	0.0012917941974	2.32755711243e-05	0	1.16377855622e-05	0.000128015641184	0	0.00519045236072	0.000325857995741	0.000279306853492	0.000558613706984	0	0	0	0	0.0038753825922	0	0	0	0	0	0	0	0	0	0	0	0	0.000360771352427	0	0	0	2.32755711243e-05	0	0	1.16377855622e-05	0	0	2.32755711243e-05	0	0	0	1.16377855622e-05	0	0	0	0	0	0	0	0	0.000384046923551	0.000139653426746	0.00239738382581	5.81889278108e-05	0	0	0	0	0	0	0	0	0	0
0.000290944639054	0.00108231405728	0.000500424779173	0	2.32755711243e-05	0	0	0.000570251492546	8.14644989351e-05	1.16377855622e-05	0.000337495781303	0.00558613706984	9.31022844973e-05	0	0.000302582424616	0	2.32755711243e-05	0.00279306853492	0.00217626590012	0.0238574604024	0.000116377855622	0.000674991562605	0	0.00151291212308	0.000209480140119	0	0.0156411837955	0.000651715991481	0.000337495781303	0.000686629348168	0.000244393496805	0	0	0	0.0132321621842	0	0.00171075447764	0	0	0	0	2.32755711243e-05	0	2.32755711243e-05	1.16377855622e-05	0	0	2.32755711243e-05	0	2.32755711243e-05	0	3.49133566865e-05	2.32755711243e-05	0	0.00194351018888	0	0	8.14644989351e-05	0	0	0	0.00211807697231	0.00059352706367	0	0	0	0	0	0	1.16377855622e-05	0.00251376168143	0.000709904919292	0.00740163161754	0.000477149208049	0	0	0	0.000337495781303	0.000384046923551	0.000197842354557	0	0	0	0
0.000186204568995	0	0	0	0.0110908096407	0	0.000581889278108	0.000686629348168	0.000512062564735	0.00281634410604	0.00800679646677	0.00288617081942	0.0124640683371	0.00102412512947	0.00175730561989	0.000395684709114	0	0	0.0012917941974	0.000116377855622	0.0230311776275	0	0	0	0.004305980658	0	0.00243229718249	0	0.00470166536711	0.00330513109965	0	0	0	0	0.00708741140736	0	0	0	0	0.00212971475788	0	0	0.000104740070059	0	0.000186204568995	0.00226936818462	0	0.00174566783432	0	0	0	0	0	0	0	0.000581889278108	0	0	0	0.000104740070059	0	0	0	0.00218790368569	0	0	0	0	0	0.000116377855622	0.000349133566865	0	0.00221117925681	0.000779731632665	0.000337495781303	0.000500424779173	0	0.000558613706984	0	0	0	0.000128015641184	0	0
0.00274651739267	3.49133566865e-05	0.000232755711243	0	0	0	0	0.00233919489799	0.00118705412734	0	0	0	0	0	0.00202497468782	0	0.0038753825922	0.00103576291503	2.32755711243e-05	0.000674991562605	0	0.0517765079661	0.00140817205302	0.0277677563513	0.00100084955835	0	0.000674991562605	3.49133566865e-05	0.0185971813283	0.00053533813586	0.0141049961013	0	0	0	0.00975246430109	0	1.16377855622e-05	0.00016292899787	0	0	0	0	0	0.000104740070059	0	0	3.49133566865e-05	0	0	2.32755711243e-05	0	0.00231591932687	0.000128015641184	0	9.31022844973e-05	0	0.000651715991481	0.00296763531835	0.00131506976852	0.000128015641184	0	1.16377855622e-05	0.000128015641184	2.32755711243e-05	0	0	3.49133566865e-05	0	0	0	0.00491114550723	0.00096593620166	0.0109627939996	0.00126851862628	0.00096593620166	0.000337495781303	0	0.000709904919292	0.000756456061541	1.16377855622e-05	0.000104740070059	0	0	0
0	0.00934514180642	0.000872833917162	0	0	0	0	0	0	0.00876325252831	0	0	0	0.000128015641184	0	0	0.013290351112	0	0	0	0	0.00140817205302	0.0422218860195	0.0101365112246	0.0166303955683	0.00100084955835	0.00297927310391	0.0211458563665	1.16377855622e-05	0	0	0	0	0	0	0	0.000104740070059	5.81889278108e-05	0	0	0	0	0	0	0.00386374480664	0	0	0	0	0	0	0.0107882272161	1.16377855622e-05	0	0	0	0.000989211772784	0.0191557950353	0.000279306853492	0.00159437662202	0	0	0.00599345956451	0.00243229718249	0	0	0	0	0	0	1.16377855622e-05	0	0	0	0	0	0	0.000256031282368	0.000279306853492	0	0	0	0	0
0.00303746203172	0.000209480140119	0.0187251969695	0	0	0	0	0.00372409137989	0.00235083268356	0	0	0	0	0	0.00157110105089	0	0.00551631035647	0.00711068697848	1.16377855622e-05	0.00151291212308	0	0.0277677563513	0.0101365112246	0.0953832904675	3.49133566865e-05	0	0.00141980983858	0.0213087853643	0.00539993250084	0.00309565095954	0.00771585182771	0	0	0	0.00766930068547	0	0.000325857995741	0.00096593620166	0	0	0	0	0	0.000256031282368	0	0	0	0	0	3.49133566865e-05	0	0.0109046050717	0.000814644989351	0	0.000209480140119	0	0.000104740070059	0.0127550129761	0.00357280016758	0.000244393496805	0	0	0.000791369418227	3.49133566865e-05	0	0	0	0	0	0	0.013848964819	0.00178058119101	0.0133601778254	0.0016292899787	0.00371245359433	0.000931022844973	0	0.00152454990864	0.00145472319527	4.65511422487e-05	0.000279306853492	0	0	0
0.00506243671954	0.0083675678192	3.49133566865e-05	0	0.0113468409231	0	0	0.00323530438628	0.00016292899787	0.0229613509141	0.000814644989351	0.000128015641184	0.00109395184284	0.000151291212308	0.00508571229067	0.00053533813586	0.0140118938168	2.32755711243e-05	0.000128015641184	0.000209480140119	0.004305980658	0.00100084955835	0.0166303955683	3.49133566865e-05	0.0717702235619	0.000989211772784	0.00300254867504	0.00708741140736	0.026685442294	0.00967099980216	0.000581889278108	0	0	0.00164092776427	0.00681974233943	0	0	0	0	0.0033516822419	0	3.49133566865e-05	0.000151291212308	0	0.0117541634178	0.004305980658	0	0.00126851862628	0	0	4.65511422487e-05	0.00218790368569	1.16377855622e-05	0	2.32755711243e-05	0.00016292899787	0.00340987116971	0.00853049681707	8.14644989351e-05	0.00971755094441	0	3.49133566865e-05	0	0.014139909458	0	2.32755711243e-05	0	0	0	0.000151291212308	0.00623785306132	0.000104740070059	0.00340987116971	0.000826282774914	0.00128015641184	0.000232755711243	0	0.00147799876639	0.000512062564735	2.32755711243e-05	0	0.000500424779173	0	0
0	0.00250212389587	0	0	0	0	0	0	0	0.000896109488287	0	0.000290944639054	0	0.00958953530322	0	0	0	0	0	0	0	0	0.00100084955835	0	0.000989211772784	0.0134067289676	0.00521372793185	0.00663353777043	0	0	0	0.00190859683219	0	0	0	0	0.00121032969846	0	0	0	0	0	0	0	0	0	0.000756456061541	0	0.00187368347551	0	0	0	0	0.000884471702724	4.65511422487e-05	0	0	0	0	0	0.00325857995741	0.00484131879386	0.00155946326533	0	0	0	0.00210643918675	0	0	0.000500424779173	0	2.32755711243e-05	0	0	0	0	0.00016292899787	0	0.00126851862628	0	0	0	0	0.000360771352427
0.000104740070059	0.0149080033051	0.0106951249316	0	0.000104740070059	0	0	0.000558613706984	0.000104740070059	0.00246721053918	0.00266505289374	0.00531846800191	0.00212971475788	0.00537665692972	0.000256031282368	0	0.000116377855622	0.00560941264096	0.00519045236072	0.0156411837955	0.00243229718249	0.000674991562605	0.00297927310391	0.00141980983858	0.00300254867504	0.00521372793185	0.0878536432088	0.0253936480966	0.000465511422487	0.000674991562605	0.000104740070059	0.00143144762415	0	0	0.0109860695707	0	0.0124524305515	0	0	0	0	2.32755711243e-05	0	2.32755711243e-05	4.65511422487e-05	0	0.00212971475788	0.000512062564735	0.00069826713373	2.32755711243e-05	0	0.000116377855622	0.000407322494676	0.00194351018888	0.0102994402225	0	1.16377855622e-05	0.000221117925681	0	1.16377855622e-05	0.00199006133113	0.0193652751754	0.00975246430109	1.16377855622e-05	0	0	0.00250212389587	0	0	9.31022844973e-05	0.00661026219931	0.00801843425233	0.00884471702724	0.000721542704854	0	0	0	0.00125688084071	0.00398012266226	0.00125688084071	0	0	0	0
0.000302582424616	0.0238574604024	0.030700478313	0	0	0	0	0.000290944639054	4.65511422487e-05	0.00360771352427	0	1.16377855622e-05	0	0.00614475077682	0.000302582424616	0	0.00243229718249	0.00661026219931	0.000325857995741	0.000651715991481	0	3.49133566865e-05	0.0211458563665	0.0213087853643	0.00708741140736	0.00663353777043	0.0253936480966	0.0974315407264	1.16377855622e-05	1.16377855622e-05	1.16377855622e-05	0.00146636098083	0	0	9.31022844973e-05	0	0.0142097361714	0.00069826713373	0	0	0	0	0	1.16377855622e-05	4.65511422487e-05	0	0.00125688084071	0	0.000674991562605	0	0	0.00805334760902	0.00394520930557	0.00148963655196	0.000558613706984	0	0	0.0179454653369	0.00236247046912	0.000128015641184	0.00217626590012	0.00541157028641	0.0222863593515	0	0	0	0.00168747890651	0	0	0.000128015641184	0.00199006133113	0.000803007203789	0.000628440420357	8.14644989351e-05	0	0	1.16377855622e-05	0.000221117925681	0.00157110105089	0	1.16377855622e-05	0	0	3.49133566865e-05
0.00567923935434	0	6.9826713373e-05	0	0.0114050298509	0	0.000523700350297	0.0199471644535	0.0030141864606	0.00776240296996	0.00595854620783	0.000128015641184	0.00196678576001	0.000104740070059	0.00721542704854	8.14644989351e-05	0.00313056431622	0.000465511422487	0.000279306853492	0.000337495781303	0.00470166536711	0.0185971813283	1.16377855622e-05	0.00539993250084	0.026685442294	0	0.000465511422487	1.16377855622e-05	0.0840131739733	0.00844903231813	0.0153153257998	0	2.32755711243e-05	0.0026766906793	0.0157226482945	0	0	2.32755711243e-05	0	0.0035378868109	0	2.32755711243e-05	6.9826713373e-05	0	0.00441072072806	0.00229264375575	0	0.000663353777043	0	0	3.49133566865e-05	0.00026766906793	3.49133566865e-05	0	3.49133566865e-05	3.49133566865e-05	0.000244393496805	0.000418960280238	0.000104740070059	0.00687793126724	0	1.16377855622e-05	2.32755711243e-05	0.00676155341162	0	2.32755711243e-05	0	0	0	0.000116377855622	0.00772748961328	3.49133566865e-05	0.0105554715049	0.00266505289374	0.00101248734391	0.000779731632665	0	0.00133834533965	0.00016292899787	2.32755711243e-05	0	0.000174566783432	0	0
0.00648224655812	5.81889278108e-05	0.000104740070059	0	0.00180385676214	1.16377855622e-05	0.0052602790741	0.00779731632665	0.00121032969846	0.00296763531835	0.00548139699978	0.00299091088948	0.00620293970463	0.00223445482794	0.0164092776427	0.000302582424616	0	0.00108231405728	0.000558613706984	0.000686629348168	0.00330513109965	0.00053533813586	0	0.00309565095954	0.00967099980216	0	0.000674991562605	1.16377855622e-05	0.00844903231813	0.0571182515391	0.00584216835221	0	0.00358443795315	0.00570251492546	0.0245790031073	0	4.65511422487e-05	0	0	0.000104740070059	0	1.16377855622e-05	5.81889278108e-05	1.16377855622e-05	0.00195514797444	0.000186204568995	1.16377855622e-05	0.000628440420357	0	0	0	0	3.49133566865e-05	2.32755711243e-05	5.81889278108e-05	0	2.32755711243e-05	3.49133566865e-05	0	0.00223445482794	0	3.49133566865e-05	0.000104740070059	0.000709904919292	0	1.16377855622e-05	0	0	0	0.000139653426746	0.00615638856238	1.16377855622e-05	0.00752964725872	0.00251376168143	0.00330513109965	0.00266505289374	0	0.00272324182155	5.81889278108e-05	3.49133566865e-05	1.16377855622e-05	2.32755711243e-05	0	0
0.00783222968334	5.81889278108e-05	0.000442235851362	0	0	0	0	0.0123127771248	0.000651715991481	1.16377855622e-05	0	0	0	0	0.00684301791055	0	1.16377855622e-05	0.000663353777043	0	0.000244393496805	0	0.0141049961013	0	0.00771585182771	0.000581889278108	0	0.000104740070059	1.16377855622e-05	0.0153153257998	0.00584216835221	0.0455619304759	0	0	0.000139653426746	0.00740163161754	0	0.000116377855622	0	0	0	0	0	0	0	0	0	0	0	0	0	0	0	8.14644989351e-05	0	4.65511422487e-05	0	0	0	0	0	0	0	0.000349133566865	0	0	0	0	0	0	0	0	0	0.00131506976852	0	0	0	0	0	0	0	0	0	0	0
0	0	0	0	0	0	0	0	0	0	0	0.000465511422487	0	0.00342150895528	0	0	0	0	0	0	0	0	0	0	0	0.00190859683219	0.00143144762415	0.00146636098083	0	0	0	0.00351461123977	0	0	0	0	0	0	0	0	0	0	0	0	0	0	0.0008611961316	0	0.000546975921422	0	0	0	0	0	0	0	0	0	0	0	0.000290944639054	0.00239738382581	2.32755711243e-05	0	0	0	0.00136162091077	0	0	0.000104740070059	0.000104740070059	0.000779731632665	8.14644989351e-05	0	0	0	1.16377855622e-05	0	0.00101248734391	0	0	0	0	0
0	0	0	0	0	0.00112886519953	0.00141980983858	1.16377855622e-05	0.000116377855622	0	5.81889278108e-05	0.000686629348168	5.81889278108e-05	0.000907747273849	0.00302582424616	8.14644989351e-05	0	0	0	0	0	0	0	0	0	0	0	0	2.32755711243e-05	0.00358443795315	0	0	0.00598182177895	0	0.00257195060924	0	0	0	0	0	0	0	0	0	0	0	0	0	0	0	0	0	0	0	0	0	0	0	0	0	0	0	0	0	0	0	0	0	0	0	0.00118705412734	0	0.000418960280238	0.000290944639054	0.00166420333539	0.00288617081942	0	0	0	0	0	0	0	0
0.000570251492546	0	0	0	2.32755711243e-05	0	0	0.000849558346038	0	0.00121032969846	2.32755711243e-05	0	0	0	0	1.16377855622e-05	0	0	0	0	0	0	0	0	0.00164092776427	0	0	0	0.0026766906793	0.00570251492546	0.000139653426746	0	0	0.00712232476404	0.00189695904663	0	0	0	0	1.16377855622e-05	0	0	0	0	0.000768093847103	0	0	0	0	0	0	0	0	0	0	0	0	0	0	0.000663353777043	0	0	0	0.000151291212308	0	1.16377855622e-05	0	0	0	1.16377855622e-05	0.000384046923551	0	0.00133834533965	0.000407322494676	0.000151291212308	6.9826713373e-05	0	0.000989211772784	0	1.16377855622e-05	0	2.32755711243e-05	0	0
0.00513226343291	0.000116377855622	0.000756456061541	0	0.00208316361563	0.000186204568995	0.00159437662202	0.0085188590315	0.00124524305515	0.00265341510817	0.008798165885	0.0129644931162	0.00565596378321	0.00372409137989	0.0101365112246	0	0.00130343198296	0.00502752336285	0.0038753825922	0.0132321621842	0.00708741140736	0.00975246430109	0	0.00766930068547	0.00681974233943	0	0.0109860695707	9.31022844973e-05	0.0157226482945	0.0245790031073	0.00740163161754	0	0.00257195060924	0.00189695904663	0.0787528948992	0	0.000139653426746	1.16377855622e-05	0	0.000221117925681	0	2.32755711243e-05	8.14644989351e-05	2.32755711243e-05	0.00114050298509	0.000325857995741	1.16377855622e-05	0.00114050298509	0	5.81889278108e-05	0	0.000151291212308	0.000197842354557	3.49133566865e-05	0.000244393496805	0	1.16377855622e-05	2.32755711243e-05	0.000116377855622	0.00110558962841	0	3.49133566865e-05	0.00059352706367	0.000779731632665	0	5.81889278108e-05	0	0	0	0.000570251492546	0.0129644931162	0.000104740070059	0.0310845252365	0.00479476765161	0.00246721053918	0.00266505289374	2.32755711243e-05	0.00549303478534	0.000197842354557	9.31022844973e-05	2.32755711243e-05	1.16377855622e-05	0	0
0	0	0	0	0	0	0	0	0	0	0	0	0	0	0	0	0	0	0	0	0	0	0	0	0	0	0	0	0	0	0	0	0	0	0	0.0232173821965	0	0.000151291212308	0	0	0	0	0.00928695287861	0.00269996625042	0	0	0	0	0	0.0120218324857	0	0	0.000221117925681	0	0	0	0.0004305980658	0	0.00432925622912	0.00375900473658	0	0	0	0.00601673513564	0.00967099980216	0.00708741140736	0	0	0.00146636098083	6.9826713373e-05	0	0	0	0	0	0	0	0	0	4.65511422487e-05	0	0	0	0
0.000139653426746	0.0144541296682	0.00657534884262	0	0	0	0	0.000151291212308	1.16377855622e-05	0	0	0	0	0.000721542704854	0.000139653426746	0	1.16377855622e-05	0.00123360526959	0	0.00171075447764	0	1.16377855622e-05	0.000104740070059	0.000325857995741	0	0.00121032969846	0.0124524305515	0.0142097361714	0	4.65511422487e-05	0.000116377855622	0	0	0	0.000139653426746	0	0.0430947199367	0.000174566783432	0	0	0	0	0	0	0.00594690842227	0	0	0	0.00381719366439	0	0	0.00186204568995	0.00414305166013	0.000465511422487	0.00252539946699	0	0	0.0127550129761	0.00153618769421	0.00743654497422	0.00748309611647	0.00553958592759	0.0326789018586	0	0	0	0	0	0	0.000302582424616	0.000337495781303	0	0.000209480140119	0	0	0	0	0.000209480140119	0.000290944639054	4.65511422487e-05	0	0	0	0.000302582424616
0	0.000104740070059	0.000768093847103	0	0	0	0	0	0	0	0	0	0	0	0	0	1.16377855622e-05	0	0	0	0	0.00016292899787	5.81889278108e-05	0.00096593620166	0	0	0	0.00069826713373	2.32755711243e-05	0	0	0	0	0	1.16377855622e-05	0.000151291212308	0.000174566783432	0.0306190138141	0	0	0	0	2.32755711243e-05	0.000849558346038	0	0	0	0	0	0.000279306853492	0	0.000337495781303	0.00438744515694	0	0.00338659559859	0	0.000221117925681	0.000779731632665	0.0184691656872	0	0	0.00773912739884	0.0140700827447	0.000197842354557	0	0	0	0	0	0	0.000174566783432	0	0.000616802634795	0	0.000674991562605	4.65511422487e-05	0	0	0	0.000232755711243	2.32755711243e-05	0	0	0
0	0	0	0	0	0	0	0	0	0	0	0	0	0	0	0	0	0	0	0	0	0	0	0	0	0	0	0	0	0	0	0	0	0	0	0	0	0	0	0	0	0	0	0	0	0	0	0	0	0	0	0	0	0	0	0	0	0	0	0	0	0	0	0	0	0	0	0	0	0	0	0	0	0	0	0	0	0	0	0	0	0	0	0
1.16377855622e-05	0	0	0	0.00523700350297	0	0	0.00118705412734	0	0.00290944639054	6.9826713373e-05	0	0.000244393496805	0	2.32755711243e-05	2.32755711243e-05	0	0	0	0	0.00212971475788	0	0	0	0.0033516822419	0	0	0	0.0035378868109	0.000104740070059	0	0	0	1.16377855622e-05	0.000221117925681	0	0	0	0	0.0131623354708	0	0.00016292899787	1.16377855622e-05	0	0.00366590245208	0.0022460926135	6.9826713373e-05	0.00115214077065	4.65511422487e-05	8.14644989351e-05	0.00069826713373	0	0	1.16377855622e-05	0	0.00317711545847	0	0	0	0.00837920560476	0	0	0	0.00608656184901	0.00016292899787	0	2.32755711243e-05	0	0	0.000197842354557	0.00026766906793	0	5.81889278108e-05	0	3.49133566865e-05	2.32755711243e-05	0	0.000128015641184	0	9.31022844973e-05	0	0.000989211772784	0	0
0	0	0	0	0	0	0	0	0	0	0	0	0	0	0	0	0	0	0	0	0	0	0	0	0	0	0	0	0	0	0	0	0	0	0	0	0	0	0	0	0.00166420333539	0.000651715991481	0	0	0	0	0	1.16377855622e-05	0	0	0.00026766906793	0	0	0	0	0	0	0	0	0	0	0	0	0	0	0	0	0.000302582424616	0	4.65511422487e-05	0	0	0	0	0	0	0	0	0	0	0	0.000442235851362	0.000197842354557	0
0	0	0	0	2.32755711243e-05	0	0	0	0	3.49133566865e-05	0	0	0	0	1.16377855622e-05	0	0	0	0	2.32755711243e-05	0	0	0	0	3.49133566865e-05	0	2.32755711243e-05	0	2.32755711243e-05	1.16377855622e-05	0	0	0	0	2.32755711243e-05	0	0	0	0	0.00016292899787	0.000651715991481	0.038195212215	0.00557449928428	0.0252539946699	5.81889278108e-05	0.0187019213984	0.000104740070059	0.00792533196783	0	0.00723870261967	0.00304909981729	0	0	0	5.81889278108e-05	0.00180385676214	0	0	0	0.000512062564735	0	3.49133566865e-05	0	0.0059352706367	0.00167584112095	0	0	0.000756456061541	0.000325857995741	0.00237410825468	0.000384046923551	0	4.65511422487e-05	0	0	2.32755711243e-05	0	0.00250212389587	3.49133566865e-05	0.00154782547977	0.000151291212308	0.000849558346038	0.00069826713373	0
0	0	0	0	0.000174566783432	0	0	0	0	0.000104740070059	5.81889278108e-05	0	1.16377855622e-05	0	2.32755711243e-05	0	0	0	0	0	0.000104740070059	0	0	0	0.000151291212308	0	0	0	6.9826713373e-05	5.81889278108e-05	0	0	0	0	8.14644989351e-05	0.00928695287861	0	2.32755711243e-05	0	1.16377855622e-05	0	0.00557449928428	0.0674758806894	0.0150243811608	0	0.013581295751	0	0	0	0.0135347446088	0.000314220210178	0	0.000209480140119	2.32755711243e-05	0.000314220210178	1.16377855622e-05	0.00668008891268	0	0.00451546079812	0.00467838979599	0	0.000139653426746	0	0.032667264073	0.00976410208665	0.0102179757236	0	0	0.00347969788309	0.00272324182155	0.000197842354557	1.16377855622e-05	5.81889278108e-05	0	0	2.32755711243e-05	0	0.000325857995741	0.000151291212308	0.00104740070059	0.000453873636924	0	0	0
0	0	1.16377855622e-05	0	0	0	0	0	0	0	0	0	0	0	1.16377855622e-05	0	0	0	0	2.32755711243e-05	0	0.000104740070059	0	0.000256031282368	0	0	2.32755711243e-05	1.16377855622e-05	0	1.16377855622e-05	0	0	0	0	2.32755711243e-05	0.00269996625042	0	0.000849558346038	0	0	0	0.0252539946699	0.0150243811608	0.058503148021	0	0.0177592607679	0.000174566783432	0.00491114550723	3.49133566865e-05	0.0170609936341	0.00235083268356	4.65511422487e-05	0.00130343198296	0	0.000139653426746	0.00250212389587	0.00238574604024	0	0.00588871949445	0.00256031282368	0	5.81889278108e-05	0	0.0147916254495	0.00237410825468	0	0	0.00155946326533	0.00144308540971	0.00555122371315	0.000512062564735	1.16377855622e-05	0.000314220210178	0	0	2.32755711243e-05	0	0.00351461123977	5.81889278108e-05	0.00331676888522	0.000744818275978	0.00069826713373	0.000546975921422	0
0.000512062564735	0.000465511422487	2.32755711243e-05	0	0.00263013953705	0	0	0.00141980983858	0	0.0129528553307	0	0	0.000418960280238	0	0.000244393496805	0	0.00644733320144	1.16377855622e-05	0	1.16377855622e-05	0.000186204568995	0	0.00386374480664	0	0.0117541634178	0	4.65511422487e-05	4.65511422487e-05	0.00441072072806	0.00195514797444	0	0	0	0.000768093847103	0.00114050298509	0	0.00594690842227	0	0	0.00366590245208	0	5.81889278108e-05	0	0	0.0339823338415	2.32755711243e-05	0	0.00174566783432	0.00146636098083	0	0.00136162091077	0.00107067627172	1.16377855622e-05	0	2.32755711243e-05	5.81889278108e-05	0.00228100597018	0.016746773424	0	0.0231591932687	0.00251376168143	1.16377855622e-05	0.00453873636924	0.0079369697534	0	4.65511422487e-05	0	0	0	0.000151291212308	0.00145472319527	4.65511422487e-05	0.000314220210178	0.000139653426746	8.14644989351e-05	3.49133566865e-05	0	0.00157110105089	0.000395684709114	4.65511422487e-05	0	0.00189695904663	0	9.31022844973e-05
0	0	0	0	0.00425942951575	0	0	2.32755711243e-05	0	0.00290944639054	0.000174566783432	0	6.9826713373e-05	0	6.9826713373e-05	0	0	0	0	0	0.00226936818462	0	0	0	0.004305980658	0	0	0	0.00229264375575	0.000186204568995	0	0	0	0	0.000325857995741	0	0	0	0	0.0022460926135	0	0.0187019213984	0.013581295751	0.0177592607679	2.32755711243e-05	0.0436416958581	0.000628440420357	0.00155946326533	5.81889278108e-05	0.00508571229067	0.000628440420357	0	0	0.000384046923551	0.000128015641184	0.00263013953705	0	0	1.16377855622e-05	0.00250212389587	0	0.000139653426746	0	0.0141166338869	0.00417796501682	0	0.000104740070059	0	0.000826282774914	0.0026766906793	0.000581889278108	0	0.000128015641184	0	1.16377855622e-05	0.000104740070059	0	0.000779731632665	6.9826713373e-05	0.00128015641184	0.000477149208049	0.00016292899787	0	0
0	1.16377855622e-05	0	0	0	0	0	0	0	1.16377855622e-05	0	0.000302582424616	0	0.00201333690225	0	0	0	0	0	0	0	3.49133566865e-05	0	0	0	0.000756456061541	0.00212971475788	0.00125688084071	0	1.16377855622e-05	0	0.0008611961316	0	0	1.16377855622e-05	0	0	0	0	6.9826713373e-05	0	0.000104740070059	0	0.000174566783432	0	0.000628440420357	0.0323646816484	0	0.00670336448381	0.00265341510817	0	0	0	0.0056908771399	0.000290944639054	0	0	0	0	0	0.000407322494676	0.00579561720996	1.16377855622e-05	0	0.00462020086818	0	0.00583053056664	0.000663353777043	0	0.0125920839783	4.65511422487e-05	0.00256031282368	0	0	0	0	4.65511422487e-05	0.000418960280238	0.00940333073423	0.00599345956451	0.000384046923551	3.49133566865e-05	0	0.00328185552853
1.16377855622e-05	0	0	0	0.000779731632665	0	1.16377855622e-05	6.9826713373e-05	0.000651715991481	0.00155946326533	0.00202497468782	0.000407322494676	0.00415468944569	2.32755711243e-05	0.00111722741397	0	0	0	0.000360771352427	2.32755711243e-05	0.00174566783432	0	0	0	0.00126851862628	0	0.000512062564735	0	0.000663353777043	0.000628440420357	0	0	0	0	0.00114050298509	0	0	0	0	0.00115214077065	1.16377855622e-05	0.00792533196783	0	0.00491114550723	0.00174566783432	0.00155946326533	0	0.0182247721903	0	0.00481804322274	0.00180385676214	0	0	0	0	0.00462020086818	0	0	0	0.0024904861103	0	0	0	0.000209480140119	0.00207152583007	0	0	0	0	0	0	0	1.16377855622e-05	0	0	0	0	0.000197842354557	0	0	0	0.00183877011882	0	0
0	0.000651715991481	0	0	0	0	0	0	0	0	0	0.000488786993611	0	0.00222281704237	0	0	0	0	0	0	0	0	0	0	0	0.00187368347551	0.00069826713373	0.000674991562605	0	0	0	0.000546975921422	0	0	0	0	0.00381719366439	0	0	4.65511422487e-05	0	0	0	3.49133566865e-05	0.00146636098083	5.81889278108e-05	0.00670336448381	0	0.0186902836128	0.000442235851362	0	0	0	0.000779731632665	0	0	0	0.00148963655196	0	0.00146636098083	0.00725034040523	0.00446890965587	0.00432925622912	0	0.000628440420357	0	0.00311892653066	0.000372409137989	0	0.00469002758155	0	0.00225773039906	0	0	0	0	0.000523700350297	0	0.00616802634795	0.000849558346038	3.49133566865e-05	0	0	0.00432925622912
0	0	0	0	0	0	0	0	0	0	0	0	0	0	0	0	0	0	0	2.32755711243e-05	0	2.32755711243e-05	0	3.49133566865e-05	0	0	2.32755711243e-05	0	0	0	0	0	0	0	5.81889278108e-05	0.0120218324857	0	0.000279306853492	0	8.14644989351e-05	0	0.00723870261967	0.0135347446088	0.0170609936341	0	0.00508571229067	0.00265341510817	0.00481804322274	0.000442235851362	0.0472610471679	0.000395684709114	0	0.00016292899787	0	2.32755711243e-05	0.0034447845264	0.000837920560476	0	0.00506243671954	0.00252539946699	0	2.32755711243e-05	0	0.00780895411221	0.0160252307191	0.00325857995741	0	0.00218790368569	0.000453873636924	0.00477149208049	0.000523700350297	0	5.81889278108e-05	0	0	0	0	0.0020598880445	1.16377855622e-05	0.00203661247338	0.00026766906793	0.000290944639054	0	0
0	0	0	0	3.49133566865e-05	0	0	0	0	4.65511422487e-05	0	0	0	0	0	0	0	0	0	0	0	0	0	0	4.65511422487e-05	0	0	0	3.49133566865e-05	0	0	0	0	0	0	0	0	0	0	0.00069826713373	0.00026766906793	0.00304909981729	0.000314220210178	0.00235083268356	0.00136162091077	0.000628440420357	0	0.00180385676214	0	0.000395684709114	0.0062145774902	0	0	0	0	0.00069826713373	0	0	0	0.00180385676214	0	0	0	0.000616802634795	3.49133566865e-05	0	0	0	0	0	0	0	0	0	0	0	0	0	0	0	0	0.00208316361563	0	0
0	0	0.000186204568995	0	0	0	0	1.16377855622e-05	0	0.000640078205919	0	1.16377855622e-05	0	0	0	0	0.00807662318014	0	2.32755711243e-05	3.49133566865e-05	0	0.00231591932687	0.0107882272161	0.0109046050717	0.00218790368569	0	0.000116377855622	0.00805334760902	0.00026766906793	0	0	0	0	0	0.000151291212308	0	0.00186204568995	0.000337495781303	0	0	0	0	0	4.65511422487e-05	0.00107067627172	0	0	0	0	0	0	0.0420822325928	9.31022844973e-05	0	0.000116377855622	0	0.00555122371315	0.0278143074936	0.00610983742014	0.00389865816332	0	9.31022844973e-05	0.00502752336285	0.00169911669208	0	0	0	0	0	3.49133566865e-05	0.00114050298509	0	0.000244393496805	1.16377855622e-05	0.000116377855622	0	0	0.00705249805067	0.0016292899787	0.000279306853492	0.000477149208049	3.49133566865e-05	0	0
0.000139653426746	0.00243229718249	0.00469002758155	0	0	0	0	0.000104740070059	4.65511422487e-05	3.49133566865e-05	0	0	0	0	0.000116377855622	0	4.65511422487e-05	0.00147799876639	0	2.32755711243e-05	0	0.000128015641184	1.16377855622e-05	0.000814644989351	1.16377855622e-05	0	0.000407322494676	0.00394520930557	3.49133566865e-05	3.49133566865e-05	8.14644989351e-05	0	0	0	0.000197842354557	0.000221117925681	0.00414305166013	0.00438744515694	0	0	0	0	0.000209480140119	0.00130343198296	1.16377855622e-05	0	0	0	0	0.00016292899787	0	9.31022844973e-05	0.024427711895	3.49133566865e-05	0.00901928381068	0	0.000256031282368	0.00243229718249	0.00572579049658	0	0	0.00244393496805	0.00914729945186	0.000325857995741	0	0	0	0	0	0.00204825025894	0.00165256554983	0.000337495781303	0.000896109488287	0	0	0	0	0.000709904919292	0.000209480140119	0.000407322494676	0	0	0	0
0	0.000116377855622	0	0	0	0	0	0	0	5.81889278108e-05	0	0	0	0.000756456061541	0	0	0	0	0	0	0	0	0	0	0	0.000884471702724	0.00194351018888	0.00148963655196	0	2.32755711243e-05	0	0	0	0	3.49133566865e-05	0	0.000465511422487	0	0	1.16377855622e-05	0	0	2.32755711243e-05	0	0	0.000384046923551	0.0056908771399	0	0.000779731632665	0	0	0	3.49133566865e-05	0.0128248396895	0.00311892653066	0	0	0	0	6.9826713373e-05	0.000931022844973	0.00346806009752	0.000768093847103	0.000104740070059	0.00100084955835	4.65511422487e-05	0	0	0	0.00274651739267	5.81889278108e-05	4.65511422487e-05	0	0	0	0	0	0.00131506976852	0.00247884832474	0.00187368347551	0.000384046923551	1.16377855622e-05	0	0
6.9826713373e-05	0.000931022844973	0.00147799876639	0	0	0	0	3.49133566865e-05	3.49133566865e-05	0.000151291212308	0	0	0	4.65511422487e-05	4.65511422487e-05	0	3.49133566865e-05	0.00130343198296	1.16377855622e-05	0.00194351018888	0	9.31022844973e-05	0	0.000209480140119	2.32755711243e-05	4.65511422487e-05	0.0102994402225	0.000558613706984	3.49133566865e-05	5.81889278108e-05	4.65511422487e-05	0	0	0	0.000244393496805	0	0.00252539946699	0.00338659559859	0	0	0	5.81889278108e-05	0.000314220210178	0.000139653426746	2.32755711243e-05	0.000128015641184	0.000290944639054	0	0	2.32755711243e-05	0	0.000116377855622	0.00901928381068	0.00311892653066	0.0401154468328	0	0	2.32755711243e-05	8.14644989351e-05	0.000116377855622	5.81889278108e-05	0.0217277456446	0.00889126816949	0.000314220210178	0.000116377855622	5.81889278108e-05	0	0	1.16377855622e-05	0.00570251492546	0.00096593620166	0.000942660630535	0.000570251492546	0	0	0	0	0.00466675201043	0.00694775798061	0.00443399629918	0.000349133566865	0	0	0
