0.0254821322516	9.71174785314e-05	0.00242793696329	0	0.000717175226078	0.000168087943612	0.000698498787899	0.0108584811573	0.00758636918836	0.000507999118472	0.00173690875066	0.000646204760998	0.000657410623905	7.47057527165e-05	0.0190761139562	3.36175887224e-05	4.48234516299e-05	0.000926351333684	5.97646021732e-05	0.000257734846872	0.000948763059499	0.00183029094155	0.000164352655976	0.00472887414695	0.00107949812675	1.86764381791e-05	0.00125879193327	0.000552822570102	0.00435161009574	0.0111460983053	0.0100441884527	2.98823010866e-05	0.00033991117486	0.00149411505433	0.00412375754995	2.61470134508e-05	7.84410403523e-05	2.61470134508e-05	0	0.000112058629075	3.73528763582e-06	0.000175558518884	0.000306293586138	6.72351774448e-05	0.000702234075535	0.000265205422144	1.12058629075e-05	7.84410403523e-05	7.47057527165e-06	4.48234516299e-05	2.61470134508e-05	2.24117258149e-05	5.22940269015e-05	3.73528763582e-06	7.47057527165e-06	0.000123264491982	1.86764381791e-05	0.000100852766167	6.3499889809e-05	0.000657410623905	7.47057527165e-06	2.98823010866e-05	0.000175558518884	0.000306293586138	3.73528763582e-05	2.98823010866e-05	0	3.73528763582e-06	0	3.73528763582e-05	0.000511734406108	0.000190499669427	0.00216273154114	0.000750792814801	0.000126999779618	7.84410403523e-05	1.49411505433e-05	0.000145676217797	8.21763279881e-05	9.33821908956e-05	4.10881639941e-05	4.85587392657e-05	2.61470134508e-05	7.47057527165e-06
9.71174785314e-05	0.0178845572003	0.00316005333991	0	7.47057527165e-06	0	1.49411505433e-05	0.000156882080705	7.09704650807e-05	0.00088526316969	1.49411505433e-05	0.000287617147958	0	0.000351117037767	9.33821908956e-05	7.47057527165e-06	0.0002502642716	0.00233829006003	7.09704650807e-05	0.00118782146819	1.12058629075e-05	0.000298823010866	0.00224864315677	0.00140820343871	0.00102346881222	0.000687292924992	0.00446366872481	0.00906180780451	0.00033991117486	0.000138205642526	0.00038473462649	2.61470134508e-05	0	5.97646021732e-05	0.00131855653545	1.12058629075e-05	0.00786651576105	0.000810557416974	0	1.12058629075e-05	0	2.98823010866e-05	5.60293145374e-05	6.3499889809e-05	9.71174785314e-05	2.24117258149e-05	7.47057527165e-05	1.86764381791e-05	0.000153146793069	1.12058629075e-05	0	0.000168087943612	0.00136711527471	3.36175887224e-05	0.000549087282466	1.12058629075e-05	8.96469032598e-05	0.00128120365909	0.000466910954478	9.33821908956e-05	0.000638734185726	0.00123638020746	0.00577475468498	7.47057527165e-05	0	6.72351774448e-05	2.24117258149e-05	0	3.73528763582e-06	0.000171823231248	0.00100479237404	0.000541616707195	0.000795616266431	0.000440763941027	5.22940269015e-05	1.49411505433e-05	3.73528763582e-06	0.000481852105021	0.000657410623905	0.000691028212628	0.000141940930161	1.86764381791e-05	3.73528763582e-06	1.86764381791e-05
0.00242793696329	0.00316005333991	0.0501537070862	0	1.86764381791e-05	4.48234516299e-05	6.72351774448e-05	0.00265578950907	0.000818027992246	0.000220381970514	6.3499889809e-05	0.00033991117486	2.61470134508e-05	6.3499889809e-05	0.0018452320921	1.12058629075e-05	0.000351117037767	0.0103205997378	8.96469032598e-05	0.000825498567517	4.48234516299e-05	0.0032011415039	0.00132602711072	0.0223930493768	0.0005005285432	3.36175887224e-05	0.0129801245345	0.0223669023633	0.00118782146819	0.00145302689034	0.00506131474654	7.47057527165e-06	2.61470134508e-05	0.000437028653391	0.00331320013298	4.10881639941e-05	0.00378011108745	0.00143808573979	0	1.12058629075e-05	0	3.73528763582e-05	0.000212911395242	0.000104588053803	0.000253999559236	5.60293145374e-05	5.97646021732e-05	7.47057527165e-06	5.60293145374e-05	7.09704650807e-05	7.47057527165e-06	0.00102720409985	0.00251758386655	2.24117258149e-05	0.000373528763582	1.12058629075e-05	0.000522940269015	0.0030554652861	0.00239431937456	0.000332440599588	0.000171823231248	0.000698498787899	0.00711945823388	0.000302558298502	4.48234516299e-05	0.000190499669427	7.47057527165e-06	0	3.73528763582e-06	0.000504263830836	0.00261470134508	0.0015015856296	0.0035447879664	0.00233455477239	0.00016061736834	8.21763279881e-05	1.49411505433e-05	0.00109070398966	0.00134843883653	0.001292409522	0.000291352435594	3.73528763582e-05	2.61470134508e-05	0
0	0	0	0	0	0	0	0	0	0	0	0	0	0	0	0	0	0	0	0	0	0	0	0	0	0	0	0	0	0	0	0	0	0	0	0	0	0	0	0	0	0	0	0	0	0	0	0	0	0	0	0	0	0	0	0	0	0	0	0	0	0	0	0	0	0	0	0	0	0	0	0	0	0	0	0	0	0	0	0	0	0	0	0
0.000717175226078	7.47057527165e-06	1.86764381791e-05	0	0.0182506153886	2.61470134508e-05	0.000537881419559	0.00097491007295	0.000776939828251	0.00126999779618	0.0039930224827	0.000194234957063	0.00245781926437	2.24117258149e-05	0.00122517434455	4.48234516299e-05	1.12058629075e-05	1.12058629075e-05	1.12058629075e-05	2.24117258149e-05	0.00697751730372	3.36175887224e-05	3.36175887224e-05	6.3499889809e-05	0.00573366652099	3.73528763582e-06	6.3499889809e-05	2.61470134508e-05	0.00892733744962	0.00192367313245	0.000642469473362	3.73528763582e-06	5.60293145374e-05	0.00126252722091	0.00151652678014	7.47057527165e-06	3.73528763582e-06	3.73528763582e-06	0	0.00123264491982	0	0.000216646682878	0.000227852545785	4.85587392657e-05	0.00167714414849	0.00100852766167	1.12058629075e-05	0.000743322239529	3.73528763582e-06	4.10881639941e-05	1.49411505433e-05	0	0	0	0	0.00135964469944	0	1.12058629075e-05	0	0.0018452320921	0	1.49411505433e-05	1.12058629075e-05	0.000504263830836	2.61470134508e-05	3.73528763582e-06	0	0	0	7.47057527165e-06	0.000253999559236	2.98823010866e-05	0.000832969142789	0.00013447035489	0.000298823010866	1.86764381791e-05	3.73528763582e-06	4.48234516299e-05	1.49411505433e-05	4.10881639941e-05	3.73528763582e-06	3.36175887224e-05	3.73528763582e-06	3.73528763582e-06
0.000168087943612	0	4.48234516299e-05	0	2.61470134508e-05	0.00562534317955	0.00141940930161	0.000130735067254	0.00112432157838	5.22940269015e-05	8.5911615624e-05	0.0002502642716	9.71174785314e-05	2.61470134508e-05	0.000638734185726	0.00051920498138	0	1.12058629075e-05	1.12058629075e-05	1.12058629075e-05	7.47057527165e-05	2.24117258149e-05	3.73528763582e-06	7.09704650807e-05	5.22940269015e-05	3.73528763582e-06	8.21763279881e-05	2.24117258149e-05	0.000153146793069	0.000765733965344	9.33821908956e-05	1.12058629075e-05	0.0025960249069	0.000141940930161	0.00142687987688	7.47057527165e-06	3.73528763582e-06	7.47057527165e-06	0	7.47057527165e-06	0	3.73528763582e-06	2.98823010866e-05	0	3.73528763582e-05	1.12058629075e-05	3.73528763582e-06	7.47057527165e-06	3.73528763582e-06	0	3.73528763582e-06	7.47057527165e-06	3.73528763582e-06	0	0	7.47057527165e-06	0	7.47057527165e-06	7.47057527165e-06	2.98823010866e-05	3.73528763582e-06	1.12058629075e-05	2.24117258149e-05	2.61470134508e-05	7.47057527165e-06	0	3.73528763582e-06	0	0	3.73528763582e-06	0.000168087943612	5.22940269015e-05	0.000593910734096	0.000126999779618	0.000847910293332	0.000392205201762	3.73528763582e-06	3.36175887224e-05	7.47057527165e-06	2.24117258149e-05	2.61470134508e-05	3.73528763582e-06	3.73528763582e-06	0
0.000698498787899	1.49411505433e-05	6.72351774448e-05	0	0.000537881419559	0.00141940930161	0.0235734002697	0.00278652457632	0.0103915702029	0.000220381970514	0.00626034207764	0.000220381970514	0.00430305135647	3.73528763582e-05	0.00264084835853	0.00101226294931	0	1.12058629075e-05	1.12058629075e-05	1.86764381791e-05	0.0016995558743	9.71174785314e-05	3.36175887224e-05	0.00017929380652	0.00107202755148	1.49411505433e-05	0.000130735067254	4.85587392657e-05	0.00287990676722	0.00237564293638	0.000422087502848	1.12058629075e-05	0.000683557637356	0.000646204760998	0.0014492916027	3.73528763582e-06	3.73528763582e-06	0	0	9.71174785314e-05	0	5.60293145374e-05	0.000108323341439	1.86764381791e-05	0.000403411064669	0.000265205422144	7.47057527165e-06	9.71174785314e-05	0	1.12058629075e-05	0	0	0	0	0	0.000119529204346	0	7.47057527165e-06	0	0.000410881639941	0	7.47057527165e-06	1.49411505433e-05	0.000175558518884	7.47057527165e-06	3.73528763582e-06	0	0	0	1.12058629075e-05	0.000183029094155	4.10881639941e-05	0.000668616486813	0.000164352655976	0.000451969803935	0.000186764381791	1.12058629075e-05	1.49411505433e-05	7.47057527165e-06	1.86764381791e-05	3.73528763582e-06	1.49411505433e-05	3.73528763582e-06	0
0.0108584811573	0.000156882080705	0.00265578950907	0	0.00097491007295	0.000130735067254	0.00278652457632	0.0451895098182	0.00926351333684	0.00138579171289	0.00548713753703	0.000485587392657	0.00029508772323	5.97646021732e-05	0.0101786588076	8.21763279881e-05	6.72351774448e-05	0.000676087062084	4.48234516299e-05	0.00020544081997	0.000493057967929	0.00352984681585	0.00029508772323	0.00611093057221	0.00217020211641	3.73528763582e-06	0.00103840996276	0.000732116376622	0.0203050235883	0.00708957593279	0.0129614480963	1.49411505433e-05	0.000261470134508	0.00376143464928	0.00484466806366	7.47057527165e-05	6.72351774448e-05	2.61470134508e-05	0	0.00033991117486	0	0.000399675777033	0.000691028212628	0.000212911395242	0.00189379083136	0.000877792594419	1.86764381791e-05	0.000298823010866	3.73528763582e-06	0.000100852766167	2.98823010866e-05	8.21763279881e-05	3.73528763582e-05	1.12058629075e-05	1.12058629075e-05	0.000373528763582	4.10881639941e-05	0.000168087943612	8.96469032598e-05	0.00165099713503	7.47057527165e-06	6.3499889809e-05	0.00020544081997	0.000743322239529	0.000138205642526	6.72351774448e-05	3.73528763582e-06	0	1.86764381791e-05	7.09704650807e-05	0.000915145470777	0.000201705532335	0.0029508772323	0.0010010570864	0.000212911395242	8.96469032598e-05	2.24117258149e-05	0.000310028873773	0.000130735067254	0.000216646682878	7.47057527165e-05	8.21763279881e-05	5.60293145374e-05	3.73528763582e-06
0.00758636918836	7.09704650807e-05	0.000818027992246	0	0.000776939828251	0.00112432157838	0.0103915702029	0.00926351333684	0.0361575843148	0.000593910734096	0.00540869649667	0.000601381309368	0.00230093718367	0.000100852766167	0.0175707930389	0.00042955807812	2.61470134508e-05	0.000276411285051	3.36175887224e-05	0.000100852766167	0.00168087943612	0.000732116376622	0.000141940930161	0.00167340886085	0.0016061736834	1.86764381791e-05	0.000470646242114	0.000306293586138	0.00539002005849	0.00911410183141	0.00293220079412	2.98823010866e-05	0.00090393960787	0.00131855653545	0.00387722856599	2.98823010866e-05	4.85587392657e-05	1.49411505433e-05	0	0.000190499669427	3.73528763582e-06	0.000227852545785	0.000354852325403	8.21763279881e-05	0.000945027771864	0.000575234295917	1.12058629075e-05	0.000171823231248	7.47057527165e-06	5.97646021732e-05	7.47057527165e-06	7.47057527165e-06	2.24117258149e-05	3.73528763582e-06	3.73528763582e-06	0.000227852545785	1.12058629075e-05	5.97646021732e-05	2.61470134508e-05	0.00100852766167	3.73528763582e-06	1.86764381791e-05	8.96469032598e-05	0.000418352215212	5.97646021732e-05	1.86764381791e-05	0	0	0	2.61470134508e-05	0.000664881199177	0.000112058629075	0.0017518499012	0.000481852105021	0.000377264051218	0.000216646682878	3.36175887224e-05	0.000119529204346	3.73528763582e-05	7.84410403523e-05	2.24117258149e-05	5.22940269015e-05	1.12058629075e-05	0
0.000507999118472	0.00088526316969	0.000220381970514	0	0.00126999779618	5.22940269015e-05	0.000220381970514	0.00138579171289	0.000593910734096	0.0208204932821	0.000605116597004	0.000145676217797	0.00155014436887	5.97646021732e-05	0.000705969363171	0.000377264051218	8.96469032598e-05	0.00017929380652	2.24117258149e-05	0.000190499669427	0.000989851223493	0.00059017544646	0.00271928939888	0.000627528322818	0.00611093057221	7.47057527165e-05	0.000414616927577	0.00102720409985	0.004441256999	0.00158749724523	0.00282761274032	7.47057527165e-06	8.21763279881e-05	0.00154640908123	0.0033468177217	0.000235323121057	8.21763279881e-05	2.61470134508e-05	0	0.000687292924992	7.47057527165e-06	0.000556557857738	0.00154640908123	0.000407146352305	0.00763866321526	0.00117661560528	4.10881639941e-05	0.000847910293332	2.24117258149e-05	0.000268940709779	5.22940269015e-05	5.97646021732e-05	2.24117258149e-05	1.12058629075e-05	2.98823010866e-05	0.000993586511129	7.47057527165e-05	0.000183029094155	0.000100852766167	0.00407519881068	2.24117258149e-05	5.60293145374e-05	0.000156882080705	0.00157255609468	0.000328705311953	0.000186764381791	0	0	5.97646021732e-05	0.000115793916711	0.00172943817539	0.000197970244699	0.00177052633938	0.000799351554066	0.00187137910555	4.10881639941e-05	1.12058629075e-05	0.000818027992246	0.000261470134508	0.000478116817386	0.000194234957063	0.000201705532335	7.09704650807e-05	7.47057527165e-06
0.00173690875066	1.49411505433e-05	6.3499889809e-05	0	0.0039930224827	8.5911615624e-05	0.00626034207764	0.00548713753703	0.00540869649667	0.000605116597004	0.030237153412	0.000541616707195	0.0034514057755	6.72351774448e-05	0.00429931606883	0.000115793916711	0	2.24117258149e-05	3.36175887224e-05	9.33821908956e-05	0.00487828565239	6.72351774448e-05	2.98823010866e-05	0.000145676217797	0.00133349768599	3.73528763582e-06	0.000242793696329	0.000108323341439	0.0109518633482	0.004400168835	0.000582704871189	7.47057527165e-06	0.000171823231248	0.00261843663271	0.00338043531042	1.49411505433e-05	1.49411505433e-05	0	0	0.000444499228663	0	0.000201705532335	0.000186764381791	4.85587392657e-05	0.00121023319401	0.000825498567517	1.49411505433e-05	0.000463175666842	7.47057527165e-06	2.61470134508e-05	3.73528763582e-06	3.73528763582e-06	0	7.47057527165e-06	0	0.00072464580135	3.73528763582e-06	1.86764381791e-05	0	0.00145302689034	1.12058629075e-05	2.98823010866e-05	2.98823010866e-05	0.000336175887224	1.49411505433e-05	0	0	0	0	3.73528763582e-06	0.000351117037767	5.60293145374e-05	0.00177052633938	0.000298823010866	0.000119529204346	6.3499889809e-05	1.49411505433e-05	4.10881639941e-05	1.86764381791e-05	4.85587392657e-05	1.12058629075e-05	1.12058629075e-05	3.73528763582e-06	0
0.000646204760998	0.000287617147958	0.00033991117486	0	0.000194234957063	0.0002502642716	0.000220381970514	0.000485587392657	0.000601381309368	0.000145676217797	0.000541616707195	0.0325605023215	0.000541616707195	0.00739960480657	0.00187884968082	7.47057527165e-06	3.73528763582e-05	0.001251321358	0.00503143244546	0.00668990015576	0.000444499228663	0.000265205422144	9.33821908956e-05	0.000784410403523	0.000414616927577	0.00242046638801	0.0113179215365	0.00420593387794	0.000646204760998	0.00450849217644	0.000534146131923	0.00146423275324	0.000638734185726	0.00124758607037	0.012348860924	1.12058629075e-05	0.00042955807812	5.22940269015e-05	0	2.61470134508e-05	3.73528763582e-06	4.10881639941e-05	9.33821908956e-05	4.48234516299e-05	0.000153146793069	7.47057527165e-05	0.000945027771864	2.98823010866e-05	0.00122890963219	3.73528763582e-05	1.12058629075e-05	1.86764381791e-05	0.000108323341439	0.00020544081997	0.000414616927577	4.10881639941e-05	1.12058629075e-05	9.33821908956e-05	4.85587392657e-05	0.000168087943612	0.00088526316969	0.00127746837145	0.000668616486813	8.21763279881e-05	1.12058629075e-05	1.86764381791e-05	0.000246528983964	3.73528763582e-06	0	7.84410403523e-05	0.00137085056235	0.00351117037767	0.00538628477086	0.00106455697621	1.49411505433e-05	1.86764381791e-05	0.000100852766167	0.000130735067254	0.000971174785314	0.000194234957063	4.10881639941e-05	1.12058629075e-05	0	0.000115793916711
0.000657410623905	0	2.61470134508e-05	0	0.00245781926437	9.71174785314e-05	0.00430305135647	0.00029508772323	0.00230093718367	0.00155014436887	0.0034514057755	0.000541616707195	0.0234912239417	6.3499889809e-05	0.00278278928869	0.000321234736681	0	1.12058629075e-05	4.10881639941e-05	3.36175887224e-05	0.0104588053803	3.73528763582e-05	3.73528763582e-06	4.48234516299e-05	0.00437028653391	1.86764381791e-05	0.000186764381791	4.48234516299e-05	0.00159870310813	0.00322728851735	0.000141940930161	1.49411505433e-05	0.000197970244699	0.00076946925298	0.00223370200622	7.47057527165e-06	0	0	0	0.000459440379206	0	0.000627528322818	8.5911615624e-05	0.000119529204346	0.000216646682878	0.000963704210043	4.48234516299e-05	0.00311896517591	1.49411505433e-05	7.47057527165e-05	7.47057527165e-06	3.73528763582e-06	3.73528763582e-06	3.73528763582e-06	1.12058629075e-05	0.00121023319401	0	3.73528763582e-06	3.73528763582e-06	0.000347381750132	1.12058629075e-05	2.24117258149e-05	1.12058629075e-05	0.000119529204346	2.61470134508e-05	0	0	0	0	6.3499889809e-05	0.000141940930161	3.73528763582e-05	0.000821763279881	9.71174785314e-05	0.000567763720645	1.12058629075e-05	0	3.73528763582e-05	3.36175887224e-05	9.71174785314e-05	1.12058629075e-05	3.36175887224e-05	3.73528763582e-06	7.47057527165e-06
7.47057527165e-05	0.000351117037767	6.3499889809e-05	0	2.24117258149e-05	2.61470134508e-05	3.73528763582e-05	5.97646021732e-05	0.000100852766167	5.97646021732e-05	6.72351774448e-05	0.00739960480657	6.3499889809e-05	0.0184747326468	0.000287617147958	3.73528763582e-06	1.49411505433e-05	0.000145676217797	0.000683557637356	0.000564028433009	5.22940269015e-05	2.98823010866e-05	8.5911615624e-05	0.000108323341439	8.5911615624e-05	0.00509493233526	0.0039519343187	0.00578222526026	0.000115793916711	0.000593910734096	5.97646021732e-05	0.00121770376928	8.21763279881e-05	0.000130735067254	0.00158749724523	0	0.000280146572687	2.61470134508e-05	0	3.73528763582e-06	0	1.12058629075e-05	1.12058629075e-05	2.61470134508e-05	2.61470134508e-05	1.12058629075e-05	0.00140446815107	3.73528763582e-06	0.00191620255718	2.24117258149e-05	0	7.47057527165e-06	3.36175887224e-05	0.000168087943612	0.000268940709779	3.73528763582e-06	0	2.24117258149e-05	7.47057527165e-06	3.36175887224e-05	0.00129988009727	0.00135964469944	0.000537881419559	1.49411505433e-05	3.73528763582e-06	0	0.000455705091571	3.73528763582e-06	0	8.21763279881e-05	0.000257734846872	0.00172943817539	0.000717175226078	0.000171823231248	3.73528763582e-06	3.73528763582e-06	0.000183029094155	4.48234516299e-05	0.00112432157838	0.000194234957063	1.49411505433e-05	0	0	0.00013447035489
0.0190761139562	9.33821908956e-05	0.0018452320921	0	0.00122517434455	0.000638734185726	0.00264084835853	0.0101786588076	0.0175707930389	0.000705969363171	0.00429931606883	0.00187884968082	0.00278278928869	0.000287617147958	0.0432546308228	0.000115793916711	5.22940269015e-05	0.000735851664257	0.000164352655976	0.000310028873773	0.00255867203054	0.0015015856296	0.000171823231248	0.0035970819933	0.00219261384223	6.3499889809e-05	0.00138579171289	0.000631263610454	0.00587934273879	0.0234239887643	0.00860983800058	8.5911615624e-05	0.00221129028041	0.00296955367048	0.00905807251687	5.60293145374e-05	8.21763279881e-05	1.86764381791e-05	0	0.000183029094155	7.47057527165e-06	0.00029508772323	0.000481852105021	0.000130735067254	0.00110190985257	0.000459440379206	2.98823010866e-05	0.000130735067254	1.86764381791e-05	7.84410403523e-05	2.98823010866e-05	1.49411505433e-05	4.85587392657e-05	1.86764381791e-05	1.12058629075e-05	0.000212911395242	1.86764381791e-05	8.21763279881e-05	5.22940269015e-05	0.00104588053803	2.24117258149e-05	5.97646021732e-05	0.000149411505433	0.000418352215212	8.5911615624e-05	4.48234516299e-05	1.12058629075e-05	3.73528763582e-06	3.73528763582e-06	5.22940269015e-05	0.00106082168857	0.000268940709779	0.00359334670566	0.000926351333684	0.000324970024317	0.000171823231248	2.61470134508e-05	0.000171823231248	8.21763279881e-05	0.00013447035489	5.22940269015e-05	5.97646021732e-05	3.36175887224e-05	7.47057527165e-06
3.36175887224e-05	7.47057527165e-06	1.12058629075e-05	0	4.48234516299e-05	0.00051920498138	0.00101226294931	8.21763279881e-05	0.00042955807812	0.000377264051218	0.000115793916711	7.47057527165e-06	0.000321234736681	3.73528763582e-06	0.000115793916711	0.00376890522455	0	3.73528763582e-06	0	0	7.09704650807e-05	3.73528763582e-06	2.24117258149e-05	7.47057527165e-06	0.000141940930161	0	3.73528763582e-06	1.86764381791e-05	0.000108323341439	7.84410403523e-05	4.48234516299e-05	0	3.36175887224e-05	4.10881639941e-05	6.72351774448e-05	0	0	3.73528763582e-06	0	3.73528763582e-06	0	7.47057527165e-06	1.12058629075e-05	0	4.48234516299e-05	1.86764381791e-05	0	7.47057527165e-06	0	0	0	0	7.47057527165e-06	0	0	3.73528763582e-06	0	3.73528763582e-06	0	2.98823010866e-05	0	0	1.12058629075e-05	3.73528763582e-06	0	0	0	0	0	0	0.000209176107606	0	6.72351774448e-05	4.48234516299e-05	0.00216646682878	3.73528763582e-06	0	1.49411505433e-05	7.47057527165e-06	0	1.12058629075e-05	3.73528763582e-06	0	0
4.48234516299e-05	0.0002502642716	0.000351117037767	0	1.12058629075e-05	0	0	6.72351774448e-05	2.61470134508e-05	8.96469032598e-05	0	3.73528763582e-05	0	1.49411505433e-05	5.22940269015e-05	0	0.0137906819515	0.000190499669427	1.86764381791e-05	0.000100852766167	3.73528763582e-06	0.001897526119	0.0040042283456	0.00636866541908	0.00242420167565	1.86764381791e-05	0.000328705311953	0.00338790588569	0.00121023319401	9.71174785314e-05	0.000313764161409	0	0	7.47057527165e-05	0.000564028433009	1.12058629075e-05	8.21763279881e-05	5.22940269015e-05	0	0	0	1.49411505433e-05	7.84410403523e-05	1.49411505433e-05	0.000190499669427	2.24117258149e-05	3.73528763582e-06	0	7.47057527165e-06	2.61470134508e-05	0	0.00063499889809	5.22940269015e-05	0	1.86764381791e-05	0	0.000209176107606	0.00195729072117	0.000818027992246	0.000201705532335	7.47057527165e-06	2.61470134508e-05	0.000283881860323	0.000149411505433	1.86764381791e-05	0.00016061736834	0	0	3.73528763582e-06	5.97646021732e-05	0.00093008662132	0.000302558298502	0.00104961582567	0.00084043971806	0.000126999779618	5.97646021732e-05	7.47057527165e-06	0.000224117258149	0.000227852545785	0.000115793916711	7.84410403523e-05	1.49411505433e-05	7.47057527165e-06	0
0.000926351333684	0.00233829006003	0.0103205997378	0	1.12058629075e-05	1.12058629075e-05	1.12058629075e-05	0.000676087062084	0.000276411285051	0.00017929380652	2.24117258149e-05	0.001251321358	1.12058629075e-05	0.000145676217797	0.000735851664257	3.73528763582e-06	0.000190499669427	0.0355412618549	0.000422087502848	0.00581210756134	1.49411505433e-05	0.00256614260581	0.000564028433009	0.013529211817	0.000272675997415	7.09704650807e-05	0.0118744793943	0.0076013103389	0.000578969583553	0.00116167445474	0.00440763941027	1.49411505433e-05	1.12058629075e-05	0.000298823010866	0.00750419286037	1.12058629075e-05	0.00241299581274	0.000612587172275	0	3.73528763582e-06	0	2.24117258149e-05	8.21763279881e-05	4.85587392657e-05	0.00013447035489	1.12058629075e-05	4.10881639941e-05	1.12058629075e-05	8.21763279881e-05	2.61470134508e-05	7.47057527165e-06	0.000164352655976	0.00143435045216	5.22940269015e-05	0.00063499889809	3.73528763582e-06	0.000175558518884	0.000888998457326	0.000657410623905	0.000104588053803	0.000209176107606	0.000907674895505	0.00338043531042	8.96469032598e-05	2.24117258149e-05	8.21763279881e-05	3.73528763582e-05	0	3.73528763582e-06	0.000190499669427	0.00172196760012	0.00141567401398	0.00280146572687	0.0013969975758	7.09704650807e-05	2.98823010866e-05	7.47057527165e-06	0.000455705091571	0.000765733965344	0.000616322459911	0.00016061736834	1.86764381791e-05	1.49411505433e-05	3.73528763582e-06
5.97646021732e-05	7.09704650807e-05	8.96469032598e-05	0	1.12058629075e-05	1.12058629075e-05	1.12058629075e-05	4.48234516299e-05	3.36175887224e-05	2.24117258149e-05	3.36175887224e-05	0.00503143244546	4.10881639941e-05	0.000683557637356	0.000164352655976	0	1.86764381791e-05	0.000422087502848	0.00928218977502	0.00307414172428	3.73528763582e-05	4.85587392657e-05	4.10881639941e-05	0.000197970244699	4.10881639941e-05	0.000201705532335	0.00473634472223	0.00147543861615	5.22940269015e-05	0.00038473462649	0.000104588053803	8.96469032598e-05	4.10881639941e-05	0.000115793916711	0.00116914503001	0	0.00017929380652	1.49411505433e-05	0	3.73528763582e-06	0	0	3.73528763582e-06	0	2.98823010866e-05	0	6.3499889809e-05	7.47057527165e-06	0.000216646682878	0	0	3.73528763582e-06	4.48234516299e-05	6.3499889809e-05	0.00017929380652	3.73528763582e-06	0	1.86764381791e-05	2.24117258149e-05	2.98823010866e-05	0.000317499449045	0.000410881639941	0.000313764161409	1.12058629075e-05	0	0	5.22940269015e-05	0	0	1.49411505433e-05	0.000336175887224	0.000496793255565	0.000687292924992	0.000209176107606	3.73528763582e-06	1.12058629075e-05	3.73528763582e-06	4.85587392657e-05	0.000123264491982	5.60293145374e-05	1.12058629075e-05	0	0	2.24117258149e-05
0.000257734846872	0.00118782146819	0.000825498567517	0	2.24117258149e-05	1.12058629075e-05	1.86764381791e-05	0.00020544081997	0.000100852766167	0.000190499669427	9.33821908956e-05	0.00668990015576	3.36175887224e-05	0.000564028433009	0.000310028873773	0	0.000100852766167	0.00581210756134	0.00307414172428	0.0255381615661	7.09704650807e-05	0.000455705091571	0.000399675777033	0.00146796804088	0.000265205422144	0.000336175887224	0.013723446774	0.00569631364463	0.000310028873773	0.000698498787899	0.000761998677708	5.22940269015e-05	2.61470134508e-05	0.000298823010866	0.00822136808645	1.12058629075e-05	0.0016995558743	0.000123264491982	0	7.47057527165e-06	0	3.73528763582e-06	3.73528763582e-05	1.12058629075e-05	5.60293145374e-05	1.86764381791e-05	0.000149411505433	3.73528763582e-06	0.000257734846872	1.12058629075e-05	0	3.73528763582e-05	0.00047438152975	0.000112058629075	0.000941292484228	3.73528763582e-06	5.22940269015e-05	0.000183029094155	0.000153146793069	5.22940269015e-05	0.000709704650807	0.00154640908123	0.00163979127213	3.73528763582e-05	7.47057527165e-06	2.98823010866e-05	7.47057527165e-05	0	0	0.000126999779618	0.0018041439281	0.00153893850596	0.00341031761151	0.00115046859183	2.24117258149e-05	2.24117258149e-05	1.12058629075e-05	0.0002502642716	0.000470646242114	0.000302558298502	5.97646021732e-05	1.49411505433e-05	1.12058629075e-05	1.12058629075e-05
0.000948763059499	1.12058629075e-05	4.48234516299e-05	0	0.00697751730372	7.47057527165e-05	0.0016995558743	0.000493057967929	0.00168087943612	0.000989851223493	0.00487828565239	0.000444499228663	0.0104588053803	5.22940269015e-05	0.00255867203054	7.09704650807e-05	3.73528763582e-06	1.49411505433e-05	3.73528763582e-05	7.09704650807e-05	0.0211678750322	4.10881639941e-05	1.86764381791e-05	6.72351774448e-05	0.00431052193174	1.49411505433e-05	0.000175558518884	7.47057527165e-05	0.00526675556651	0.00339537646096	0.00029508772323	1.86764381791e-05	0.000194234957063	0.00143061516452	0.00258855433163	7.47057527165e-06	3.73528763582e-06	3.73528763582e-06	0	0.000537881419559	3.73528763582e-06	0.000186764381791	0.000156882080705	5.22940269015e-05	0.0010533511133	0.000803086841702	1.49411505433e-05	0.000623793035183	7.47057527165e-06	1.86764381791e-05	1.49411505433e-05	3.73528763582e-06	0	3.73528763582e-06	0	0.00103467467512	0	1.12058629075e-05	0	0.00131855653545	1.12058629075e-05	1.86764381791e-05	7.47057527165e-06	0.000324970024317	1.12058629075e-05	3.73528763582e-06	3.73528763582e-06	0	0	2.24117258149e-05	0.000212911395242	4.10881639941e-05	0.00116540974238	0.000149411505433	0.000257734846872	2.61470134508e-05	3.73528763582e-06	2.98823010866e-05	2.61470134508e-05	4.48234516299e-05	1.12058629075e-05	1.86764381791e-05	1.12058629075e-05	3.73528763582e-06
0.00183029094155	0.000298823010866	0.0032011415039	0	3.36175887224e-05	2.24117258149e-05	9.71174785314e-05	0.00352984681585	0.000732116376622	0.00059017544646	6.72351774448e-05	0.000265205422144	3.73528763582e-05	2.98823010866e-05	0.0015015856296	3.73528763582e-06	0.001897526119	0.00256614260581	4.85587392657e-05	0.000455705091571	4.10881639941e-05	0.0511398230221	0.00338043531042	0.0332590011094	0.00133349768599	1.86764381791e-05	0.00140820343871	0.00272675997415	0.0096445126757	0.00165473242267	0.016072942697	0	3.36175887224e-05	0.00103467467512	0.00677954705902	0.000119529204346	0.00016061736834	0.000112058629075	0	2.61470134508e-05	3.73528763582e-06	9.71174785314e-05	0.000504263830836	0.000130735067254	0.00213658452769	0.000126999779618	7.47057527165e-06	4.85587392657e-05	3.73528763582e-06	8.21763279881e-05	2.24117258149e-05	0.000511734406108	0.000153146793069	3.73528763582e-06	2.61470134508e-05	2.61470134508e-05	0.000466910954478	0.00177052633938	0.000354852325403	0.00123638020746	3.73528763582e-06	5.97646021732e-05	0.000478116817386	0.000959968922407	0.000171823231248	0.000844175005696	3.73528763582e-06	0	2.24117258149e-05	0.000164352655976	0.00270434824834	0.000728381088986	0.00615575402384	0.00336549415988	0.000328705311953	0.000168087943612	2.24117258149e-05	0.000698498787899	0.000556557857738	0.000362322900675	0.000175558518884	5.97646021732e-05	4.10881639941e-05	0
0.000164352655976	0.00224864315677	0.00132602711072	0	3.36175887224e-05	3.73528763582e-06	3.36175887224e-05	0.00029508772323	0.000141940930161	0.00271928939888	2.98823010866e-05	9.33821908956e-05	3.73528763582e-06	8.5911615624e-05	0.000171823231248	2.24117258149e-05	0.0040042283456	0.000564028433009	4.10881639941e-05	0.000399675777033	1.86764381791e-05	0.00338043531042	0.0273908642335	0.00830727970207	0.0047027271335	0.000123264491982	0.00106455697621	0.00628648909109	0.00269687767307	0.000422087502848	0.00147917390379	3.73528763582e-06	2.24117258149e-05	0.000306293586138	0.00176305576411	0.000171823231248	0.000186764381791	0.000186764381791	0	3.36175887224e-05	0	0.000100852766167	0.000620057747547	0.000164352655976	0.00420966916557	0.000156882080705	2.98823010866e-05	6.3499889809e-05	1.86764381791e-05	0.000183029094155	1.49411505433e-05	0.00307414172428	0.000175558518884	0	5.60293145374e-05	2.24117258149e-05	0.00124011549509	0.0101786588076	0.00295461251994	0.00231961362185	5.60293145374e-05	0.000104588053803	0.00153146793069	0.00145676217797	0.000224117258149	0.00109817456493	3.73528763582e-06	0	2.61470134508e-05	0.000347381750132	0.00175558518884	0.000537881419559	0.00201332003571	0.0013447035489	0.000231587833421	8.96469032598e-05	1.86764381791e-05	0.00121396848164	0.00102720409985	0.000646204760998	0.000336175887224	8.5911615624e-05	5.97646021732e-05	0
0.00472887414695	0.00140820343871	0.0223930493768	0	6.3499889809e-05	7.09704650807e-05	0.00017929380652	0.00611093057221	0.00167340886085	0.000627528322818	0.000145676217797	0.000784410403523	4.48234516299e-05	0.000108323341439	0.0035970819933	7.47057527165e-06	0.00636866541908	0.013529211817	0.000197970244699	0.00146796804088	6.72351774448e-05	0.0332590011094	0.00830727970207	0.0964563326199	0.00186764381791	5.60293145374e-05	0.00651060634924	0.0197596715935	0.00699245845426	0.0030554652861	0.0158787077399	3.73528763582e-06	8.21763279881e-05	0.00112058629075	0.0125991251956	0.00013447035489	0.000989851223493	0.000664881199177	0	2.98823010866e-05	0	0.000104588053803	0.000642469473362	0.000194234957063	0.00172196760012	0.000153146793069	4.48234516299e-05	4.48234516299e-05	5.22940269015e-05	0.00013447035489	2.98823010866e-05	0.00345514106314	0.000986115935858	1.12058629075e-05	0.000235323121057	1.12058629075e-05	0.00156135023177	0.00997321798765	0.00485587392657	0.00153146793069	7.47057527165e-05	0.00029508772323	0.00442258056082	0.00113926272893	0.000183029094155	0.00109817456493	1.86764381791e-05	0	1.86764381791e-05	0.000620057747547	0.00733236962912	0.00260349548217	0.0142949457823	0.00922989574812	0.00120276261874	0.000578969583553	6.3499889809e-05	0.00172943817539	0.00163232069686	0.00131108596017	0.000623793035183	9.33821908956e-05	7.09704650807e-05	7.47057527165e-06
0.00107949812675	0.00102346881222	0.0005005285432	0	0.00573366652099	5.22940269015e-05	0.00107202755148	0.00217020211641	0.0016061736834	0.00611093057221	0.00133349768599	0.000414616927577	0.00437028653391	8.5911615624e-05	0.00219261384223	0.000141940930161	0.00242420167565	0.000272675997415	4.10881639941e-05	0.000265205422144	0.00431052193174	0.00133349768599	0.0047027271335	0.00186764381791	0.0408416350101	4.48234516299e-05	0.000698498787899	0.00270808353597	0.0148402977771	0.00387349327835	0.00386975799071	1.12058629075e-05	0.000141940930161	0.00262964249562	0.00523687326543	9.71174785314e-05	0.000100852766167	4.48234516299e-05	0	0.000836704430425	3.73528763582e-06	0.000478116817386	0.00109817456493	0.000231587833421	0.00450849217644	0.00132229182308	5.22940269015e-05	0.000691028212628	1.12058629075e-05	0.00017929380652	6.3499889809e-05	0.000227852545785	5.60293145374e-05	7.47057527165e-06	4.85587392657e-05	0.0010421452504	0.000119529204346	0.000593910734096	0.000190499669427	0.00386228741544	3.36175887224e-05	8.96469032598e-05	0.000257734846872	0.0013036153849	0.000186764381791	0.000209176107606	0	3.73528763582e-06	3.36175887224e-05	0.000104588053803	0.00202826118625	0.000306293586138	0.00298449482102	0.0013447035489	0.000945027771864	5.97646021732e-05	3.73528763582e-05	0.00054535199483	0.000231587833421	0.000380999338854	0.000153146793069	0.000138205642526	3.36175887224e-05	1.12058629075e-05
1.86764381791e-05	0.000687292924992	3.36175887224e-05	0	3.73528763582e-06	3.73528763582e-06	1.49411505433e-05	3.73528763582e-06	1.86764381791e-05	7.47057527165e-05	3.73528763582e-06	0.00242046638801	1.86764381791e-05	0.00509493233526	6.3499889809e-05	0	1.86764381791e-05	7.09704650807e-05	0.000201705532335	0.000336175887224	1.49411505433e-05	1.86764381791e-05	0.000123264491982	5.60293145374e-05	4.48234516299e-05	0.00996574741238	0.00171823231248	0.00302184769738	2.24117258149e-05	0.000153146793069	4.48234516299e-05	0.000280146572687	1.49411505433e-05	2.61470134508e-05	0.000459440379206	3.73528763582e-06	0.000481852105021	1.86764381791e-05	0	0	0	7.47057527165e-06	1.49411505433e-05	0	1.86764381791e-05	7.47057527165e-06	0.00159870310813	3.73528763582e-06	0.00198343773462	2.61470134508e-05	0	3.73528763582e-06	4.48234516299e-05	8.5911615624e-05	0.000242793696329	3.73528763582e-06	3.73528763582e-06	2.61470134508e-05	7.47057527165e-06	1.49411505433e-05	0.00222249614332	0.00117661560528	0.000511734406108	0	1.49411505433e-05	0	0.000373528763582	0	0	0.000138205642526	0.000119529204346	0.000631263610454	0.000190499669427	4.48234516299e-05	7.47057527165e-06	0	0.000115793916711	2.98823010866e-05	0.00107949812675	0.000283881860323	2.61470134508e-05	7.47057527165e-06	0	0.000291352435594
0.00125879193327	0.00446366872481	0.0129801245345	0	6.3499889809e-05	8.21763279881e-05	0.000130735067254	0.00103840996276	0.000470646242114	0.000414616927577	0.000242793696329	0.0113179215365	0.000186764381791	0.0039519343187	0.00138579171289	3.73528763582e-06	0.000328705311953	0.0118744793943	0.00473634472223	0.013723446774	0.000175558518884	0.00140820343871	0.00106455697621	0.00651060634924	0.000698498787899	0.00171823231248	0.0819260637165	0.0299607421269	0.000818027992246	0.00217020211641	0.0027529069876	0.00165099713503	0.000224117258149	0.000664881199177	0.00899457262707	5.22940269015e-05	0.00826245625044	0.000829233855153	0	1.49411505433e-05	3.73528763582e-06	4.85587392657e-05	0.000112058629075	0.000123264491982	0.000183029094155	6.3499889809e-05	0.00109070398966	2.61470134508e-05	0.00171449702484	7.47057527165e-05	1.49411505433e-05	0.000201705532335	0.00246528983964	0.000657410623905	0.00389590500416	2.24117258149e-05	0.000183029094155	0.000649940048633	0.000642469473362	0.000276411285051	0.00434040423283	0.00722778157532	0.00821763279881	0.000145676217797	2.98823010866e-05	8.21763279881e-05	0.000347381750132	3.73528763582e-06	7.47057527165e-06	0.000485587392657	0.0032534355308	0.00378011108745	0.00516216751271	0.00184896737973	4.85587392657e-05	2.24117258149e-05	2.98823010866e-05	0.00105708640094	0.00248770156546	0.00152399735542	0.000302558298502	3.36175887224e-05	7.47057527165e-06	9.33821908956e-05
0.000552822570102	0.00906180780451	0.0223669023633	0	2.61470134508e-05	2.24117258149e-05	4.85587392657e-05	0.000732116376622	0.000306293586138	0.00102720409985	0.000108323341439	0.00420593387794	4.48234516299e-05	0.00578222526026	0.000631263610454	1.86764381791e-05	0.00338790588569	0.0076013103389	0.00147543861615	0.00569631364463	7.47057527165e-05	0.00272675997415	0.00628648909109	0.0197596715935	0.00270808353597	0.00302184769738	0.0299607421269	0.0983650646018	0.00233455477239	0.000989851223493	0.00171449702484	0.00033991117486	5.97646021732e-05	0.000414616927577	0.00689907626337	5.22940269015e-05	0.00788145691159	0.00163232069686	0	1.12058629075e-05	0	5.22940269015e-05	0.000283881860323	0.000175558518884	0.000362322900675	8.5911615624e-05	0.000657410623905	1.86764381791e-05	0.00115046859183	9.33821908956e-05	1.12058629075e-05	0.00192740842009	0.00262590720798	0.000351117037767	0.0022000844175	1.12058629075e-05	0.000761998677708	0.00632010667981	0.00347381750132	0.000530410844287	0.00317499449045	0.00424702204193	0.0105820698723	0.000463175666842	4.10881639941e-05	0.000220381970514	0.000220381970514	3.73528763582e-06	3.73528763582e-06	0.00067982234972	0.00498660899383	0.00322728851735	0.00636493013144	0.00366431717074	0.000324970024317	0.000123264491982	4.85587392657e-05	0.0015538796565	0.00229720189603	0.00189005554373	0.000541616707195	3.73528763582e-05	5.97646021732e-05	5.97646021732e-05
0.00435161009574	0.00033991117486	0.00118782146819	0	0.00892733744962	0.000153146793069	0.00287990676722	0.0203050235883	0.00539002005849	0.004441256999	0.0109518633482	0.000646204760998	0.00159870310813	0.000115793916711	0.00587934273879	0.000108323341439	0.00121023319401	0.000578969583553	5.22940269015e-05	0.000310028873773	0.00526675556651	0.0096445126757	0.00269687767307	0.00699245845426	0.0148402977771	2.24117258149e-05	0.000818027992246	0.00233455477239	0.0726065210652	0.00934942495247	0.0128680659054	1.49411505433e-05	0.000362322900675	0.00690654683864	0.0108958340337	0.000224117258149	0.000104588053803	5.60293145374e-05	0	0.00138579171289	1.12058629075e-05	0.000888998457326	0.00183029094155	0.000478116817386	0.00701113489244	0.002502642716	6.3499889809e-05	0.00119155675583	1.49411505433e-05	0.000336175887224	0.000104588053803	0.000268940709779	7.47057527165e-05	1.12058629075e-05	5.22940269015e-05	0.00186390853028	0.000164352655976	0.000702234075535	0.000220381970514	0.00582331342425	2.24117258149e-05	8.5911615624e-05	0.000268940709779	0.00227479017022	0.000377264051218	0.000399675777033	3.73528763582e-06	3.73528763582e-06	4.85587392657e-05	0.000216646682878	0.00343272933732	0.00059017544646	0.00678328234666	0.00267446594725	0.000537881419559	0.000156882080705	5.97646021732e-05	0.00106829226385	0.000369793475947	0.000601381309368	0.000197970244699	0.000272675997415	8.21763279881e-05	1.49411505433e-05
0.0111460983053	0.000138205642526	0.00145302689034	0	0.00192367313245	0.000765733965344	0.00237564293638	0.00708957593279	0.00911410183141	0.00158749724523	0.004400168835	0.00450849217644	0.00322728851735	0.000593910734096	0.0234239887643	7.84410403523e-05	9.71174785314e-05	0.00116167445474	0.00038473462649	0.000698498787899	0.00339537646096	0.00165473242267	0.000422087502848	0.0030554652861	0.00387349327835	0.000153146793069	0.00217020211641	0.000989851223493	0.00934942495247	0.0581957813661	0.0189117613002	0.000175558518884	0.00353731739113	0.0178994983509	0.0250451035982	0.000130735067254	0.00013447035489	2.98823010866e-05	0	0.000242793696329	1.12058629075e-05	0.000522940269015	0.00101599823694	0.000302558298502	0.00215152567823	0.000780675115887	9.71174785314e-05	0.000183029094155	7.47057527165e-05	0.00020544081997	5.60293145374e-05	7.84410403523e-05	7.84410403523e-05	2.24117258149e-05	2.61470134508e-05	0.000302558298502	5.97646021732e-05	0.000171823231248	8.21763279881e-05	0.00188632025609	7.47057527165e-05	0.000119529204346	0.000253999559236	0.00100479237404	0.000224117258149	0.000126999779618	1.49411505433e-05	3.73528763582e-06	1.49411505433e-05	0.000100852766167	0.0030031712592	0.000567763720645	0.0104737465309	0.00214031981533	0.000414616927577	0.000321234736681	7.84410403523e-05	0.000463175666842	0.000261470134508	0.000313764161409	0.000130735067254	0.000156882080705	5.22940269015e-05	2.98823010866e-05
