0.0388167705094	0	4.62379636801e-05	0	0.000786045382561	0	0	0.016183287288	0.0103688633553	0.000682009964281	0.00275115883896	0	0.00019651134564	0	0.0259394976245	0	2.311898184e-05	0.00186107803812	0	3.46784727601e-05	0.00195355396548	0.00343316880325	0	0.00559479360529	0.00752522858893	0	1.155949092e-05	0	0.0104151013189	0.00765238298905	0.00950190153626	0	0	0.00142181738316	0.00484342669549	0	3.46784727601e-05	0	0	3.46784727601e-05	0	0	0	0	0.000612653018761	0	0	1.155949092e-05	0	0	0	0	5.77974546001e-05	0	0	0	0	1.155949092e-05	0	0.00157209076512	0	0	0	3.46784727601e-05	0	0	0	0	0	0	0	0	0.000959437746362	0	1.155949092e-05	0	0	0	0	0	0	2.311898184e-05	0	0
0	0.0211885468564	0.00357188269429	0	0	0	0	0	0	0.00261244494792	0	0	0	1.155949092e-05	0	0	0	0.0001733923638	0	0	0	0	0.0093516281543	0	0.00410361927661	0.00134090094672	0.00761770451629	0.0159289784878	0	0	0	0	0	0	0	0	0.00463535585893	0	0	0	0	0	0	0	1.155949092e-05	0	0	0	0	0	0	0	3.46784727601e-05	0	4.62379636801e-05	0	0	0.00016183287288	0	1.155949092e-05	0	0.000901640291762	0.00345628778509	0	0	0	0	0	0	0	0	0	0	0	0	0	0	0	0	0	0	0	0	0
4.62379636801e-05	0.00357188269429	0.0529655873955	0	0	0	1.155949092e-05	0	4.62379636801e-05	0.00106347316464	0	0	0	0	4.62379636801e-05	0	8.09164364401e-05	0.0167843808159	0	0.000450820145881	0	0.00012715440012	0.00142181738316	0.0168306187795	0.000936318764522	0	0.0100683165913	0.0256736293334	3.46784727601e-05	1.155949092e-05	1.155949092e-05	0	0	0	0.000866961819001	5.77974546001e-05	0.011709764302	0.000786045382561	0	0	0	0	0	0	0	0	0	0	0	5.77974546001e-05	0	2.311898184e-05	0.00639239847877	0	0.00251996902056	0	0	0.00627680356957	0.0019073160018	0	0	3.46784727601e-05	0.00928227120878	2.311898184e-05	0	0	0	0	0	0.000728247927961	0.00203447040192	0.000312106254841	0.001444936365	0.00012715440012	1.155949092e-05	0	0	0.00025430880024	0.00013871389104	0.000520177091401	0	0	0	0
0	0	0	0	0	0	0	0	0	0	0	0	0	0	0	0	0	0	0	0	0	0	0	0	0	0	0	0	0	0	0	0	0	0	0	0	0	0	0	0	0	0	0	0	0	0	0	0	0	0	0	0	0	0	0	0	0	0	0	0	0	0	0	0	0	0	0	0	0	0	0	0	0	0	0	0	0	0	0	0	0	0	0	0
0.000786045382561	0	0	0	0.0214544151476	0	0.00013871389104	0.000820723855321	0.000335225236681	0.00151429331052	0.00304014611197	0.000635772000601	0.00586066189645	0.00013871389104	0.00135246043764	6.93569455201e-05	0	0	0.00019651134564	0.00021963032748	0.0111780277197	0	0	0	0.00677386167913	0	6.93569455201e-05	0	0.0101723520096	0.00239281462044	0	0	0	0	0.00191887549272	0	0	0	0	0.00353720422153	0	0	0.00016183287288	0	0.00019651134564	0.00485498618641	0	1.155949092e-05	0	0	0	0	0	0	0	0.000705128946121	0	0	0	0.0021963032748	0	0	0	0.00517865193217	0	0	0	0	0	0	0	4.62379636801e-05	0.0010981516374	6.93569455201e-05	0.000346784727601	0	0	4.62379636801e-05	0	0	0	2.311898184e-05	0	0
0	0	0	0	0	0.000890080800842	0.00018495185472	0	0	0	0	0	0	0	0	0.000300546763921	0	0	0	0	0	0	0	0	0	0	0	0	0	0	0	0	0.000439260654961	0	0	0	0	0	0	0	0	0	0	0	0	0	0	0	0	0	0	0	0	0	0	0	0	0	0	0	0	0	0	0	0	0	0	0	0	0	0	0	0	0	0.000439260654961	0.000427701164041	0	0	0	0	0	0	0	0
0	0	1.155949092e-05	0	0.00013871389104	0.00018495185472	0.0303783421378	0.00240437411136	0.0136517587765	0	0.0155012773237	6.93569455201e-05	0.0113629795744	0.0001733923638	0.0117791212475	0.000924759273602	0	1.155949092e-05	0	2.311898184e-05	0.000554855564161	0	0	0	0	0	4.62379636801e-05	0	0.000439260654961	0.00368747760349	0	0	0.00275115883896	0	0.00198823243824	0	1.155949092e-05	0	0	0	0	0	0	1.155949092e-05	1.155949092e-05	0	0	0.000404582182201	0	1.155949092e-05	0	0	0	0	0	0	0	0	0	0	0	0	0	0	0	0	0	0	0	0	0.00220786276572	3.46784727601e-05	0.000439260654961	3.46784727601e-05	0.00191887549272	0.000901640291762	0	0.00010403541828	2.311898184e-05	0	0	0	0	0
0.016183287288	0	0	0	0.000820723855321	0	0.00240437411136	0.0579130495093	0.00961749644546	0	0.0128079159394	0.000335225236681	0.000589534036921	9.24759273602e-05	0.0214312961657	0	0	0.000624212509681	0.00010403541828	0.00012715440012	0.00181484007444	0.00297078916645	0	0.00316730051209	0.00233501716584	0	3.46784727601e-05	0	0.0181946387081	0.00735183622513	0.0137211157221	0	0	2.311898184e-05	0.00187263752904	0	1.155949092e-05	0	0	0	0	0	0	0	0	0	0	0	0	0	0	0	1.155949092e-05	0	0	0	0	0	0	6.93569455201e-05	0	0	0	0	0	0	0	0	0	0	9.24759273602e-05	1.155949092e-05	0.000947878255442	1.155949092e-05	2.311898184e-05	1.155949092e-05	0	0	0	0	0	0	0	0
0.0103688633553	0	4.62379636801e-05	0	0.000335225236681	0	0.0136517587765	0.00961749644546	0.0359500167613	0	0.013293414558	3.46784727601e-05	0.00525956836861	3.46784727601e-05	0.0228531135489	0.000300546763921	1.155949092e-05	0.000624212509681	1.155949092e-05	4.62379636801e-05	0.00149117432868	0.00178016160168	0	0.00368747760349	0.000994116219122	0	2.311898184e-05	0	0.00556011513253	0.00234657665676	0.0018495185472	0	0.0013871389104	0	0.00358344218521	0	3.46784727601e-05	0	0	0	0	0	0	1.155949092e-05	0	0	0	1.155949092e-05	0	1.155949092e-05	0	0	5.77974546001e-05	0	0	0	0	1.155949092e-05	0	0.00015027338196	0	0	0	0	0	0	0	0	0	0	0.00143337687408	2.311898184e-05	0.00108659214648	9.24759273602e-05	0.000335225236681	3.46784727601e-05	0	1.155949092e-05	0	0	0	0	0	0
0.000682009964281	0.00261244494792	0.00106347316464	0	0.00151429331052	0	0	0	0	0.0185414234357	0	3.46784727601e-05	0.00119062756476	0	0.000369903709441	1.155949092e-05	0	0	2.311898184e-05	2.311898184e-05	0.0013293414558	4.62379636801e-05	0.00263556392976	4.62379636801e-05	0.00833439295333	0	0.000577974546001	0.00278583731172	0.00367591811257	0.00153741229236	6.93569455201e-05	0	0	0.000693569455201	0.00136401992856	3.46784727601e-05	0	0	0	0.000335225236681	0	2.311898184e-05	0	2.311898184e-05	0.00762926400721	0.0002311898184	0	0.00018495185472	0	1.155949092e-05	0	0	1.155949092e-05	0	1.155949092e-05	3.46784727601e-05	0	3.46784727601e-05	0	0.00418453571305	0	0	0	0.000878521309922	3.46784727601e-05	9.24759273602e-05	0	0	1.155949092e-05	5.77974546001e-05	0.00291299171185	2.311898184e-05	0.000774485891641	0.00024274930932	0.000959437746362	0	0	0.00165300720156	0	6.93569455201e-05	0	0.000531736582321	0	0
0.00275115883896	0	0	0	0.00304014611197	0	0.0155012773237	0.0128079159394	0.013293414558	0	0.041914714076	0.002022910911	0.0115710504109	0.000670450473361	0.018495185472	0.0002311898184	0	0	0.000589534036921	0.00013871389104	0.0112358251743	0	0	0	0.000959437746362	0	0.00010403541828	0	0.00639239847877	0.00480874822273	3.46784727601e-05	0	0	0	0.00324821694853	0	0	0	0	0.000797604873481	0	0	3.46784727601e-05	0	0	0.00151429331052	0	0	0	0	0	0	0	0	0	0.000323665745761	0	0	0	6.93569455201e-05	0	0	0	0.000497058109561	0	0	0	0	0	0	0	2.311898184e-05	0.00147961483776	3.46784727601e-05	1.155949092e-05	0	0	1.155949092e-05	0	0	0	0	0	0
0	0	0	0	0.000635772000601	0	6.93569455201e-05	0.000335225236681	3.46784727601e-05	3.46784727601e-05	0.002022910911	0.024274930932	0.0024852905478	0.00692413506109	0.0010981516374	0	0	0	0.00426545214949	0.00662358829717	0.00199979192916	0	0	0.00025430880024	0.000901640291762	2.311898184e-05	0.00469315331353	0.0002311898184	0.000866961819001	0.00646175542429	0	0.000786045382561	0.00100567571004	2.311898184e-05	0.0136864372493	0	0	0	0	0	0	0	0	0	4.62379636801e-05	0	0	0.000335225236681	1.155949092e-05	0	0	0.00013871389104	0	0	0	0	0	2.311898184e-05	0	3.46784727601e-05	0	0	2.311898184e-05	0	0	0	0	0	0	0	0.00279739680264	0.00339849033049	0.0088314510629	0.0012137465466	0	0	0.00024274930932	0.000705128946121	0	0	0	0	0	0
0.00019651134564	0	0	0	0.00586066189645	0	0.0113629795744	0.000589534036921	0.00525956836861	0.00119062756476	0.0115710504109	0.0024852905478	0.0297888081009	0.00197667294732	0.00903952189946	0.000635772000601	0	0	0.000612653018761	5.77974546001e-05	0.0126576425574	0	0	0	0.00131778196488	0	0.0001733923638	0	0.00152585280144	0.00498214058653	0	0	0	0	0.00350252574877	0	0	0	0	0.000462379636801	0	0	2.311898184e-05	0	1.155949092e-05	0.000300546763921	0	0.00240437411136	0	0	0	0	0	0	0	6.93569455201e-05	0	0	0	1.155949092e-05	0	0	0	0.00010403541828	0	0	0	0	0	0	0	0	0.00149117432868	0	0.000543296073241	0	0	1.155949092e-05	0	0	0	4.62379636801e-05	0	0
0	1.155949092e-05	0	0	0.00013871389104	0	0.0001733923638	9.24759273602e-05	3.46784727601e-05	0	0.000670450473361	0.00692413506109	0.00197667294732	0.0242286929684	0.0017917210926	0	0	0	0.000554855564161	0	0.0015027338196	0	1.155949092e-05	0.00018495185472	0.00019651134564	0.00420765469489	0.00304014611197	0.00524800887769	0.00020807083656	0.00524800887769	0	0.00312106254841	0.00174548312892	0	0.00743275266157	0	0.000705128946121	0	0	0	0	0	0	0	0	0	0.00130622247396	0.000866961819001	0.00336381185773	0	0	6.93569455201e-05	0	0.000300546763921	0	0	0	4.62379636801e-05	0	0	0.000369903709441	0.0027742778208	0.000346784727601	0	0	0	0.00245061207504	0	0	1.155949092e-05	0.00172236414708	0.00519021142309	0.00412673825845	0.0012715440012	0	0.000288987273	0.000577974546001	0.000427701164041	0.00251996902056	1.155949092e-05	0	0	0	0.00018495185472
0.0259394976245	0	4.62379636801e-05	0	0.00135246043764	0	0.0117791212475	0.0214312961657	0.0228531135489	0.000369903709441	0.018495185472	0.0010981516374	0.00903952189946	0.0017917210926	0.0584216671098	0.000300546763921	2.311898184e-05	0.0018495185472	1.155949092e-05	8.09164364401e-05	0.00560635309621	0.0013293414558	0	0.00238125512952	0.00547919869609	0	3.46784727601e-05	0	0.0111664682287	0.0117906807384	0.00553699615069	0	0.00317886000301	0.000520177091401	0.00783733484377	0	3.46784727601e-05	0	0	2.311898184e-05	0	0	0	0	0.000335225236681	0	0	0.000658890982441	0	0	0	0	5.77974546001e-05	0	0	0	0	2.311898184e-05	0	0.00129466298304	0	0	1.155949092e-05	2.311898184e-05	0	0	0	0	0	0	0.00119062756476	2.311898184e-05	0.00154897178328	0.000369903709441	0.000786045382561	0.000855402328081	0	2.311898184e-05	0	0	0	0	0	0
0	0	0	0	6.93569455201e-05	0.000300546763921	0.000924759273602	0	0.000300546763921	1.155949092e-05	0.0002311898184	0	0.000635772000601	0	0.000300546763921	0.00209226785652	0	0	0	0	0.0001733923638	0	0	0	1.155949092e-05	0	0	0	0	0	0	0	1.155949092e-05	0	0	0	0	0	0	4.62379636801e-05	0	0	0	0	0	0	0	0	0	0	0	0	0	0	0	0	0	0	0	0	0	0	0	0	0	0	0	0	0	0	0	0	0	0	0.000901640291762	6.93569455201e-05	0	0	0	0	0	0	0	0
2.311898184e-05	0	8.09164364401e-05	0	0	0	0	0	1.155949092e-05	0	0	0	0	0	2.311898184e-05	0	0.0228877920216	0	0	0	0	0.00330601440313	0.0142990902681	0.00372215607625	0.0120796680114	0	0	0.00186107803812	0.00239281462044	0	1.155949092e-05	0	0	3.46784727601e-05	0.00174548312892	0	0.0001155949092	0	0	0	0	0	0	0	0.00516709244125	0	0	0	0	0	0	0.00805696517125	6.93569455201e-05	0	1.155949092e-05	0	0.00295922967553	0.0119640731022	9.24759273602e-05	0.002311898184	0	0	0.00013871389104	0.00575662647817	0	0	0	0	0	5.77974546001e-05	0.00246217156596	0.00105191367372	0.00153741229236	0.000612653018761	0.0002311898184	1.155949092e-05	0	0.00018495185472	0.00016183287288	5.77974546001e-05	0	0	0	0
0.00186107803812	0.0001733923638	0.0167843808159	0	0	0	1.155949092e-05	0.000624212509681	0.000624212509681	0	0	0	0	0	0.0018495185472	0	0	0.0308754002474	0	0.00195355396548	0	0.00293611069369	0	0.00690101607925	0	0	0.00514397345941	0.00390710793097	0.00010403541828	0.00168768567432	0.000901640291762	0	0	0	0.00685477811557	3.46784727601e-05	0.00885457004474	1.155949092e-05	0	0	0	0	0	0	0	0	0	0	0	3.46784727601e-05	0	0.0001733923638	0.00484342669549	0	0.00469315331353	0	0	0.00262400443884	0.000404582182201	0	0	0.00135246043764	0.00473939127721	2.311898184e-05	0	0	0	0	0	0.00026586829116	0.00108659214648	0.00018495185472	0.00351408523969	0.000393022691281	1.155949092e-05	0	0	0.000381463200361	0.0001733923638	0.0002311898184	0	0	0	0
0	0	0	0	0.00019651134564	0	0	0.00010403541828	1.155949092e-05	2.311898184e-05	0.000589534036921	0.00426545214949	0.000612653018761	0.000554855564161	1.155949092e-05	0	0	0	0.00843842837161	0.00445040400421	0.000358344218521	0	0	0.00019651134564	0.000381463200361	0	0.00332913338497	0.00114438960108	0.000300546763921	0.000866961819001	0	0	0	2.311898184e-05	0.00295922967553	0	0	0	0	0	0	0	0	0	4.62379636801e-05	0	0	0	0	0	0	0.00012715440012	0	0	0	0	0	0	0	3.46784727601e-05	0	0	0	0	0	0	0	0	0	0	0.00174548312892	0.00183795905628	0.00373371556717	0.000554855564161	0	0	0	0.00018495185472	0	0	0	0	0	0
3.46784727601e-05	0	0.000450820145881	0	0.00021963032748	0	2.311898184e-05	0.00012715440012	4.62379636801e-05	2.311898184e-05	0.00013871389104	0.00662358829717	5.77974546001e-05	0	8.09164364401e-05	0	0	0.00195355396548	0.00445040400421	0.0335109641771	5.77974546001e-05	0.00152585280144	0	0.00158365025604	0.0001733923638	0	0.0243674068594	0.00135246043764	0.000797604873481	0.000531736582321	0.000577974546001	0	1.155949092e-05	2.311898184e-05	0.0110508733195	0	0.00495902160469	0	0	0	0	0	0	0	4.62379636801e-05	0	0	0	0	0	0	0.000369903709441	0	4.62379636801e-05	0.00710908691581	0	0	0.00010403541828	5.77974546001e-05	3.46784727601e-05	0	0.00771018044365	0.0010403541828	0	0	0	0	0	0	8.09164364401e-05	0.00507461651389	0.00314418153025	0.0110046353559	0.000739807418881	2.311898184e-05	0	0	0.00018495185472	0.000427701164041	9.24759273602e-05	0	0	0	0
0.00195355396548	0	0	0	0.0111780277197	0	0.000554855564161	0.00181484007444	0.00149117432868	0.0013293414558	0.0112358251743	0.00199979192916	0.0126576425574	0.0015027338196	0.00560635309621	0.0001733923638	0	0	0.000358344218521	5.77974546001e-05	0.0249916193691	0	0	0	0.00368747760349	0	0.00010403541828	0	0.00476251025905	0.00431169011317	0	0	0	0	0.00341004982141	0	0	0	0	0.00245061207504	0	0	6.93569455201e-05	0	2.311898184e-05	0.00304014611197	0	0.001444936365	0	0	0	0	0	0	0	0.000774485891641	0	0	0	0.00019651134564	0	0	0	0.00137557941948	0	0	0	0	0	0	0	0	0.00122530603752	0	0.000658890982441	0	0	2.311898184e-05	0	0	0	2.311898184e-05	0	0
0.00343316880325	0	0.00012715440012	0	0	0	0	0.00297078916645	0.00178016160168	4.62379636801e-05	0	0	0	0	0.0013293414558	0	0.00330601440313	0.00293611069369	0	0.00152585280144	0	0.0546532730699	0.000577974546001	0.0300431169011	0.00193043498364	0	0.00124842501936	0.00020807083656	0.0182871146355	0.00246217156596	0.0172352009617	0	0	4.62379636801e-05	0.0123339768117	0	9.24759273602e-05	0	0	0	0	0	0	0	0.00019651134564	0	0	0	0	0	0	0.00149117432868	0.00016183287288	0	3.46784727601e-05	0	0.00125998451028	0.000901640291762	0.00210382734744	0.000288987273	0	0	0	4.62379636801e-05	0	0	0	0	0	9.24759273602e-05	0.00497058109561	0.00134090094672	0.014160376377	0.00497058109561	0.000982556728202	0.00015027338196	0	0.000300546763921	9.24759273602e-05	8.09164364401e-05	0.000866961819001	0.000323665745761	0	0
0	0.0093516281543	0.00142181738316	0	0	0	0	0	0	0.00263556392976	0	0	0	1.155949092e-05	0	0	0.0142990902681	0	0	0	0	0.000577974546001	0.0377764163266	0.00784889433469	0.0165531909975	0.000843842837161	0.00299390814829	0.012426452739	6.93569455201e-05	0	0	0	0	0	4.62379636801e-05	0.00024274930932	0	0	0	0	0	0	0	0	0.00660046931533	0	0	0	0	0.00015027338196	0	0.0100336381186	0	0	0	0	0.0021385058202	0.0141141384133	0	0.00306326509381	0	0	0	0.00617276815129	0.00016183287288	0.00021963032748	0	0	3.46784727601e-05	1.155949092e-05	0.00025430880024	0	0.00015027338196	0.00015027338196	0	0	0	0.00025430880024	0.00012715440012	1.155949092e-05	0	0	0	0
0.00559479360529	0	0.0168306187795	0	0	0	0	0.00316730051209	0.00368747760349	4.62379636801e-05	0	0.00025430880024	0	0.00018495185472	0.00238125512952	0	0.00372215607625	0.00690101607925	0.00019651134564	0.00158365025604	0	0.0300431169011	0.00784889433469	0.0959090961634	0.000601093527841	0	0.00135246043764	0.025719867297	0.00493590262285	0.00298234865737	0.00828815498965	0	2.311898184e-05	0.000312106254841	0.00791825128021	0	0.0001155949092	0.00024274930932	0	0	0	0	0	0	0.0001155949092	0	0	0	0	1.155949092e-05	0	0.0147961483776	0.000554855564161	0	9.24759273602e-05	0	0.00157209076512	0.0145187205955	0.00584910240553	0.000369903709441	0	2.311898184e-05	0.00152585280144	2.311898184e-05	0	0	0	0	0	6.93569455201e-05	0.0137904726676	0.000994116219122	0.0187610537632	0.00752522858893	0.000936318764522	0.000300546763921	0	0.000751366909801	0.000497058109561	9.24759273602e-05	0.002022910911	0.000335225236681	0	0
0.00752522858893	0.00410361927661	0.000936318764522	0	0.00677386167913	0	0	0.00233501716584	0.000994116219122	0.00833439295333	0.000959437746362	0.000901640291762	0.00131778196488	0.00019651134564	0.00547919869609	1.155949092e-05	0.0120796680114	0	0.000381463200361	0.0001733923638	0.00368747760349	0.00193043498364	0.0165531909975	0.000601093527841	0.0656579084257	4.62379636801e-05	0.00100567571004	0.00470471280445	0.0294767018461	0.0100451976095	0.00255464749332	0	0	0.00505149753205	0.0110161948468	0.000323665745761	2.311898184e-05	0	0	0.001444936365	0	0	0.00012715440012	0	0.0105769341918	0.00402270284017	0	0.0001155949092	0	0.00018495185472	0	0.00233501716584	3.46784727601e-05	0	2.311898184e-05	0.000462379636801	0.00262400443884	0.00657735033349	3.46784727601e-05	0.00668138575177	0	0	2.311898184e-05	0.0117791212475	0.00025430880024	0.000312106254841	0	0	5.77974546001e-05	9.24759273602e-05	0.00653111236981	0.000450820145881	0.00707440844305	0.0022541007294	0.00168768567432	0.0001733923638	0	0.000774485891641	0	4.62379636801e-05	0	0.00027742778208	0	0
0	0.00134090094672	0	0	0	0	0	0	0	0	0	2.311898184e-05	0	0.00420765469489	0	0	0	0	0	0	0	0	0.000843842837161	0	4.62379636801e-05	0.00810320313493	5.77974546001e-05	0.00396490538557	0	0	0	2.311898184e-05	0	0	0	0	0.00147961483776	0	0	0	0	0	0	0	0	0	0.000404582182201	0	0.00238125512952	0	0	0	0	0.00012715440012	0	0	0	0	0	0	0.00116750858292	0.00152585280144	0.000682009964281	0	0	0	0.00108659214648	0	0	0	0	0.00013871389104	0	0	0	0	0.0001733923638	0	0.000970997237282	0	0	0	0	0.00012715440012
1.155949092e-05	0.00761770451629	0.0100683165913	0	6.93569455201e-05	0	4.62379636801e-05	3.46784727601e-05	2.311898184e-05	0.000577974546001	0.00010403541828	0.00469315331353	0.0001733923638	0.00304014611197	3.46784727601e-05	0	0	0.00514397345941	0.00332913338497	0.0243674068594	0.00010403541828	0.00124842501936	0.00299390814829	0.00135246043764	0.00100567571004	5.77974546001e-05	0.0749055011617	0.0206221318013	0.000543296073241	0.000393022691281	0.000566415055081	0.00162988821972	1.155949092e-05	0	0.00625368458773	0	0.0192234334	0	0	0	0	0	0	0	1.155949092e-05	0	0.000381463200361	2.311898184e-05	0.000369903709441	0	0	0.00015027338196	0.00026586829116	0.000739807418881	0.0113283011016	0	0	6.93569455201e-05	0	1.155949092e-05	0.000485498618641	0.0167843808159	0.00972153186374	0	0	0	0.0010403541828	0	0	0.00027742778208	0.00528268735045	0.00819567906229	0.00728247927961	0.000554855564161	3.46784727601e-05	0	0	0.000520177091401	0.00183795905628	0.00026586829116	0	0	0	0
0	0.0159289784878	0.0256736293334	0	0	0	0	0	0	0.00278583731172	0	0.0002311898184	0	0.00524800887769	0	0	0.00186107803812	0.00390710793097	0.00114438960108	0.00135246043764	0	0.00020807083656	0.012426452739	0.025719867297	0.00470471280445	0.00396490538557	0.0206221318013	0.0889502826296	0.00015027338196	0	0	0.000577974546001	0	4.62379636801e-05	0.000404582182201	0	0.0105191367372	0.000577974546001	0	0	0	0	0	0	1.155949092e-05	0	0.000635772000601	0	0.0017917210926	0	0	0.00959437746362	0.000450820145881	0.000589534036921	0.000693569455201	0	0	0.0153625634327	0.000658890982441	2.311898184e-05	0.000682009964281	0.00427701164041	0.015177611578	0	0	0	0.00176860211076	0	0	2.311898184e-05	0.00360656116705	0.00130622247396	0.00139869840132	0.000947878255442	0	0.00015027338196	2.311898184e-05	0.00015027338196	0.00145649585592	2.311898184e-05	0	0	0	6.93569455201e-05
0.0104151013189	0	3.46784727601e-05	0	0.0101723520096	0	0.000439260654961	0.0181946387081	0.00556011513253	0.00367591811257	0.00639239847877	0.000866961819001	0.00152585280144	0.00020807083656	0.0111664682287	0	0.00239281462044	0.00010403541828	0.000300546763921	0.000797604873481	0.00476251025905	0.0182871146355	6.93569455201e-05	0.00493590262285	0.0294767018461	0	0.000543296073241	0.00015027338196	0.0828584309147	0.0108659214648	0.0197898484551	2.311898184e-05	1.155949092e-05	0.00509773549573	0.014599637032	0	6.93569455201e-05	0	0	0.0023696956386	0	0	0.0001155949092	0	0.00270492087528	0.00365279913073	0	3.46784727601e-05	0	0	0	0.00019651134564	8.09164364401e-05	0	3.46784727601e-05	0.000531736582321	2.311898184e-05	0.00019651134564	0	0.00505149753205	0	0	0	0.00477406974997	0	0	0	0	0	9.24759273602e-05	0.00482030771365	0.000739807418881	0.0112820631379	0.0025430880024	0.00149117432868	0.00026586829116	0	0.000520177091401	0	3.46784727601e-05	0	0.00012715440012	0	0
0.00765238298905	0	1.155949092e-05	0	0.00239281462044	0	0.00368747760349	0.00735183622513	0.00234657665676	0.00153741229236	0.00480874822273	0.00646175542429	0.00498214058653	0.00524800887769	0.0117906807384	0	0	0.00168768567432	0.000866961819001	0.000531736582321	0.00431169011317	0.00246217156596	0	0.00298234865737	0.0100451976095	0	0.000393022691281	0	0.0108659214648	0.0525494457224	0.00928227120878	2.311898184e-05	0.00386086996729	0.00487810516825	0.0217549619115	0	1.155949092e-05	0	0	6.93569455201e-05	0	0	0	1.155949092e-05	0.00245061207504	0	0	0.000728247927961	0	1.155949092e-05	0	0	0	0	0	0	0	1.155949092e-05	0	0.00255464749332	0	0	1.155949092e-05	5.77974546001e-05	0	0	0	0	0	0	0.00218474378388	0.0001155949092	0.00581442393277	0.000739807418881	0.000832283346241	0.000947878255442	0	0.00021963032748	2.311898184e-05	0	0	8.09164364401e-05	0	0
0.00950190153626	0	1.155949092e-05	0	0	0	0	0.0137211157221	0.0018495185472	6.93569455201e-05	3.46784727601e-05	0	0	0	0.00553699615069	0	1.155949092e-05	0.000901640291762	0	0.000577974546001	0	0.0172352009617	0	0.00828815498965	0.00255464749332	0	0.000566415055081	0	0.0197898484551	0.00928227120878	0.0493821452103	0	0	0.00203447040192	0.00881989157198	0	4.62379636801e-05	0	0	0	0	0	0	0	6.93569455201e-05	0	0	0	0	0	0	1.155949092e-05	2.311898184e-05	0	1.155949092e-05	0	0	0	0	6.93569455201e-05	0	0	0	0	0	0	0	0	0	1.155949092e-05	5.77974546001e-05	0	0.00273959934804	9.24759273602e-05	0	2.311898184e-05	0	1.155949092e-05	0	0	0	1.155949092e-05	0	0
0	0	0	0	0	0	0	0	0	0	0	0.000786045382561	0	0.00312106254841	0	0	0	0	0	0	0	0	0	0	0	2.311898184e-05	0.00162988821972	0.000577974546001	2.311898184e-05	2.311898184e-05	0	0.00352564473061	0	0	2.311898184e-05	0	0	0	0	0	0	0	0	0	0	0	0.000485498618641	0	0.000647331491521	0	0	2.311898184e-05	0	8.09164364401e-05	0	0	0	0	0	0	0	0.000855402328081	1.155949092e-05	0	0	0	0.000901640291762	0	0	0	0.000312106254841	0.0013293414558	0.0002311898184	9.24759273602e-05	0	0	0	0	0.000901640291762	0	0	0	0	0
0	0	0	0	0	0.000439260654961	0.00275115883896	0	0.0013871389104	0	0	0.00100567571004	0	0.00174548312892	0.00317886000301	1.155949092e-05	0	0	0	1.155949092e-05	0	0	0	2.311898184e-05	0	0	1.155949092e-05	0	1.155949092e-05	0.00386086996729	0	0	0.00751366909801	0	0.00505149753205	0	0	0	0	0	0	0	0	0	0	0	0	0	0	0	0	1.155949092e-05	0	0	0	0	0	1.155949092e-05	0	0	0	0	1.155949092e-05	0	0	0	0	0	0	0	0.00297078916645	1.155949092e-05	0.00110971112832	0.000508617600481	0.00159520974696	0.00269336138436	0	0	0	0	0	0	0	0
0.00142181738316	0	0	0	0	0	0	2.311898184e-05	0	0.000693569455201	0	2.311898184e-05	0	0	0.000520177091401	0	3.46784727601e-05	0	2.311898184e-05	2.311898184e-05	0	4.62379636801e-05	0	0.000312106254841	0.00505149753205	0	0	4.62379636801e-05	0.00509773549573	0.00487810516825	0.00203447040192	0	0	0.00835751193517	0.00409205978569	0	0	0	0	1.155949092e-05	0	0	0	0	0.000994116219122	2.311898184e-05	0	0	0	0	0	0	0	0	0	0	1.155949092e-05	1.155949092e-05	0	0.000393022691281	0	0	0	0.00012715440012	0	0	0	0	0	3.46784727601e-05	0.00142181738316	0	0.0024274930932	0.000728247927961	0.00026586829116	0.00015027338196	0	0.000416141673121	0	1.155949092e-05	0	1.155949092e-05	0	0
0.00484342669549	0	0.000866961819001	0	0.00191887549272	0	0.00198823243824	0.00187263752904	0.00358344218521	0.00136401992856	0.00324821694853	0.0136864372493	0.00350252574877	0.00743275266157	0.00783733484377	0	0.00174548312892	0.00685477811557	0.00295922967553	0.0110508733195	0.00341004982141	0.0123339768117	4.62379636801e-05	0.00791825128021	0.0110161948468	0	0.00625368458773	0.000404582182201	0.014599637032	0.0217549619115	0.00881989157198	2.311898184e-05	0.00505149753205	0.00409205978569	0.0666982626085	2.311898184e-05	0.000797604873481	0	0	0	0	0	0	1.155949092e-05	0.00218474378388	0	0	0.000866961819001	0	3.46784727601e-05	0	0.00027742778208	0.000913199782682	0	0.000416141673121	0	3.46784727601e-05	6.93569455201e-05	6.93569455201e-05	0.000947878255442	0	0	6.93569455201e-05	0.0002311898184	0	0	0	0	0	0.00013871389104	0.00973309135466	0.00013871389104	0.0314186963206	0.00505149753205	0.00298234865737	0.00182639956536	0	0.00171080465616	8.09164364401e-05	8.09164364401e-05	0	0	0	0
0	0	5.77974546001e-05	0	0	0	0	0	0	3.46784727601e-05	0	0	0	0	0	0	0	3.46784727601e-05	0	0	0	0	0.00024274930932	0	0.000323665745761	0	0	0	0	0	0	0	0	0	2.311898184e-05	0.0259048191518	1.155949092e-05	0.000520177091401	0	0	0	0	0.00776797789825	0.00015027338196	0.000393022691281	1.155949092e-05	0	0	0	0.0158827405241	0	1.155949092e-05	0.000809164364401	0	0	0	0.00166456669248	3.46784727601e-05	0.00950190153626	0.00352564473061	0	0	0	0.00538672276873	0.0104151013189	0.00490122415009	0	0	0.000404582182201	0.000843842837161	3.46784727601e-05	1.155949092e-05	2.311898184e-05	0	0	0	0	0.00021963032748	0	0.00101723520096	0.00024274930932	1.155949092e-05	0	0
3.46784727601e-05	0.00463535585893	0.011709764302	0	0	0	1.155949092e-05	1.155949092e-05	3.46784727601e-05	0	0	0	0	0.000705128946121	3.46784727601e-05	0	0.0001155949092	0.00885457004474	0	0.00495902160469	0	9.24759273602e-05	0	0.0001155949092	2.311898184e-05	0.00147961483776	0.0192234334	0.0105191367372	6.93569455201e-05	1.155949092e-05	4.62379636801e-05	0	0	0	0.000797604873481	1.155949092e-05	0.0515784484851	1.155949092e-05	0	0	0	0	0	0	0.00575662647817	0	0	0	0.00309794356657	1.155949092e-05	0	0.000751366909801	0.00448508247697	0.00019651134564	0.00846154735345	0	0	0.0116866453201	0	0.00803384618941	0.00591845935105	0.00988336473662	0.0315805291935	0.00016183287288	0	0	0.00021963032748	0	0	0.000612653018761	0.00162988821972	0.00025430880024	0.0012137465466	8.09164364401e-05	1.155949092e-05	0	2.311898184e-05	0.00026586829116	0.00025430880024	0.000473939127721	0	0	0	0.00016183287288
0	0	0.000786045382561	0	0	0	0	0	0	0	0	0	0	0	0	0	0	1.155949092e-05	0	0	0	0	0	0.00024274930932	0	0	0	0.000577974546001	0	0	0	0	0	0	0	0.000520177091401	1.155949092e-05	0.0336265590863	0	0	0	0	2.311898184e-05	0	0	0	0	0	0	0.000947878255442	0	0.00216162480204	0.00328289542129	0	0.002022910911	0	0.000762926400721	0.000786045382561	0.0206568102741	0	0	0.00909731935406	0.0154088013964	0.00015027338196	0	0	0	0	0	0	0	0	3.46784727601e-05	0	0	0	0	0.00019651134564	0	3.46784727601e-05	3.46784727601e-05	0	0	0
0	0	0	0	0	0	0	0	0	0	0	0	0	0	0	0	0	0	0	0	0	0	0	0	0	0	0	0	0	0	0	0	0	0	0	0	0	0	0	0	0	0	0	0	0	0	0	0	0	0	0	0	0	0	0	0	0	0	0	0	0	0	0	0	0	0	0	0	0	0	0	0	0	0	0	0	0	0	0	0	0	0	0	0
3.46784727601e-05	0	0	0	0.00353720422153	0	0	0	0	0.000335225236681	0.000797604873481	0	0.000462379636801	0	2.311898184e-05	4.62379636801e-05	0	0	0	0	0.00245061207504	0	0	0	0.001444936365	0	0	0	0.0023696956386	6.93569455201e-05	0	0	0	1.155949092e-05	0	0	0	0	0	0.00920135477234	4.62379636801e-05	0	6.93569455201e-05	0	0.00021963032748	0.00344472829417	0	0.000485498618641	0	2.311898184e-05	5.77974546001e-05	0	0	0	0	0.00323665745761	0	0	0	0.00323665745761	0	0	0	0.00194199447456	4.62379636801e-05	0	0	0	0	8.09164364401e-05	1.155949092e-05	0	0	0	0	0	0	0.00010403541828	0	2.311898184e-05	0	8.09164364401e-05	0	0
0	0	0	0	0	0	0	0	0	0	0	0	0	0	0	0	0	0	0	0	0	0	0	0	0	0	0	0	0	0	0	0	0	0	0	0	0	0	0	4.62379636801e-05	0.00319041949393	0.000612653018761	0	1.155949092e-05	0.00143337687408	0	0	0	0	0	0.00189575651088	0	0	0	0	0.000288987273	0	0	0	0.001444936365	0	0	0	0	0	0	0	8.09164364401e-05	0	0	0	0	0	0	0	0	0	0	0	0	0	0.00189575651088	3.46784727601e-05	0
0	0	0	0	0	0	0	0	0	2.311898184e-05	0	0	0	0	0	0	0	0	0	0	0	0	0	0	0	0	0	0	0	0	0	0	0	0	0	0	0	0	0	0	0.000612653018761	0.0346784727601	0.00582598342369	0.0241130980592	2.311898184e-05	0.0155243963056	4.62379636801e-05	0.00842686888069	2.311898184e-05	0.00446196349513	0.00175704261984	0	0	0	0	0.00402270284017	0	0	0	0.00013871389104	0	0	0	0.00421921418581	0.000959437746362	0	0	0.000497058109561	0.00010403541828	0.000705128946121	0.0001155949092	0	0	0	0	0	0	0.00243905258412	0	0.00120218705568	2.311898184e-05	0.001733923638	0.000994116219122	4.62379636801e-05
0	0	0	0	0.00016183287288	0	0	0	0	0	3.46784727601e-05	0	2.311898184e-05	0	0	0	0	0	0	0	6.93569455201e-05	0	0	0	0.00012715440012	0	0	0	0.0001155949092	0	0	0	0	0	0	0.00776797789825	0	2.311898184e-05	0	6.93569455201e-05	0	0.00582598342369	0.0614155752581	0.0143800067045	0	0.016044573397	0	0	0	0.0113283011016	6.93569455201e-05	0	0	0	0	0	0.00633460102417	0	0.00361812065797	0.00425389265857	0	0	0	0.0325515264308	0.00660046931533	0.00629992255141	0	0	0.00016183287288	0.00114438960108	0.0001155949092	0	0	0	0	0	0	9.24759273602e-05	0	0.000820723855321	9.24759273602e-05	2.311898184e-05	0	0
0	0	0	0	0	0	1.155949092e-05	0	1.155949092e-05	2.311898184e-05	0	0	0	0	0	0	0	0	0	0	0	0	0	0	0	0	0	0	0	1.155949092e-05	0	0	0	0	1.155949092e-05	0.00015027338196	0	0	0	0	1.155949092e-05	0.0241130980592	0.0143800067045	0.0477522569906	2.311898184e-05	0.0176166641621	0.00116750858292	0.00722468182501	0.00024274930932	0.0147267914321	0.00105191367372	0	0	0	0	0.00476251025905	0	0	0	0.00142181738316	9.24759273602e-05	0	0	0.010114554555	0.00374527505809	0.00012715440012	0	0.00151429331052	0.00016183287288	0.00293611069369	0.0001155949092	0	0	0	1.155949092e-05	0	0	0.00264712342068	0	0.0019651134564	5.77974546001e-05	0.00128310349212	0.000601093527841	0.000566415055081
0.000612653018761	1.155949092e-05	0	0	0.00019651134564	0	1.155949092e-05	0	0	0.00762926400721	0	4.62379636801e-05	1.155949092e-05	0	0.000335225236681	0	0.00516709244125	0	4.62379636801e-05	4.62379636801e-05	2.311898184e-05	0.00019651134564	0.00660046931533	0.0001155949092	0.0105769341918	0	1.155949092e-05	1.155949092e-05	0.00270492087528	0.00245061207504	6.93569455201e-05	0	0	0.000994116219122	0.00218474378388	0.000393022691281	0.00575662647817	0	0	0.00021963032748	0.00143337687408	2.311898184e-05	0	2.311898184e-05	0.035695707961	1.155949092e-05	0	0.000658890982441	0.0015605312742	0.00020807083656	0.00270492087528	0.000473939127721	0	0	0	0.000427701164041	0.00178016160168	0.0152354090326	0	0.022402293403	0.00233501716584	0.00015027338196	0.00371059658533	0.00639239847877	0.000346784727601	0.000404582182201	0	0	8.09164364401e-05	6.93569455201e-05	0.00304014611197	0	0.00151429331052	0.000647331491521	5.77974546001e-05	1.155949092e-05	0	0.00183795905628	2.311898184e-05	8.09164364401e-05	0	0.00263556392976	2.311898184e-05	0.0001155949092
0	0	0	0	0.00485498618641	0	0	0	0	0.0002311898184	0.00151429331052	0	0.000300546763921	0	0	0	0	0	0	0	0.00304014611197	0	0	0	0.00402270284017	0	0	0	0.00365279913073	0	0	0	0	2.311898184e-05	0	1.155949092e-05	0	0	0	0.00344472829417	0	0.0155243963056	0.016044573397	0.0176166641621	1.155949092e-05	0.0461917257164	0.00010403541828	0.00101723520096	3.46784727601e-05	0.00435792807685	0.00012715440012	0	0	0	0	0.00305170560289	0	0	0	0.00130622247396	0	4.62379636801e-05	0	0.0127963564485	0.00401114334925	0	4.62379636801e-05	0	0.0001155949092	0.00146805534684	0.00025430880024	0	0	0	0	0	0	0.000878521309922	2.311898184e-05	0.0010403541828	6.93569455201e-05	1.155949092e-05	0	0
0	0	0	0	0	0	0	0	0	0	0	0	0	0.00130622247396	0	0	0	0	0	0	0	0	0	0	0	0.000404582182201	0.000381463200361	0.000635772000601	0	0	0	0.000485498618641	0	0	0	0	0	0	0	0	0	4.62379636801e-05	0	0.00116750858292	0	0.00010403541828	0.0317886000301	1.155949092e-05	0.00604561375117	0.00329445491221	0	0	0	0.00750210960709	0.000866961819001	4.62379636801e-05	0	0	0	0	0.00116750858292	0.00226566022032	2.311898184e-05	1.155949092e-05	0.00580286444185	0	0.00245061207504	0.00120218705568	0	0.0127038805211	0	0.00123686552844	0	0	0	0	0	0.000393022691281	0.00656579084257	0.00595313782381	0.00018495185472	0	0	0.00329445491221
1.155949092e-05	0	0	0	1.155949092e-05	0	0.000404582182201	0	1.155949092e-05	0.00018495185472	0	0.000335225236681	0.00240437411136	0.000866961819001	0.000658890982441	0	0	0	0	0	0.001444936365	0	0	0	0.0001155949092	0	2.311898184e-05	0	3.46784727601e-05	0.000728247927961	0	0	0	0	0.000866961819001	0	0	0	0	0.000485498618641	0	0.00842686888069	0	0.00722468182501	0.000658890982441	0.00101723520096	1.155949092e-05	0.0161370493243	0	0.00215006531112	0.000820723855321	0	0	0	0	0.00643863644245	0	0	0	0.00147961483776	0	0	0	0.000312106254841	0.001444936365	0	0	0	0	1.155949092e-05	0	0	0.000358344218521	0	1.155949092e-05	0	0	1.155949092e-05	0	1.155949092e-05	0	0.00012715440012	0	0
0	0	0	0	0	0	0	0	0	0	0	1.155949092e-05	0	0.00336381185773	0	0	0	0	0	0	0	0	0	0	0	0.00238125512952	0.000369903709441	0.0017917210926	0	0	0	0.000647331491521	0	0	0	0	0.00309794356657	0	0	0	0	2.311898184e-05	0	0.00024274930932	0.0015605312742	3.46784727601e-05	0.00604561375117	0	0.015755586124	0.000369903709441	0	0	0	0.0015605312742	0	0	0	0.0015605312742	0	0.0015605312742	0.00508617600481	0.00356032320337	0.00288987273	0	0.000670450473361	0	0.00211538683836	0.0001155949092	0	0.000982556728202	0	0.000774485891641	0	0	0	0	0	0	0.00411517876753	0.000970997237282	0	0	0	0.00235813614768
0	0	5.77974546001e-05	0	0	0	1.155949092e-05	0	1.155949092e-05	1.155949092e-05	0	0	0	0	0	0	0	3.46784727601e-05	0	0	0	0	0.00015027338196	1.155949092e-05	0.00018495185472	0	0	0	0	1.155949092e-05	0	0	0	0	3.46784727601e-05	0.0158827405241	1.155949092e-05	0.000947878255442	0	2.311898184e-05	0	0.00446196349513	0.0113283011016	0.0147267914321	0.00020807083656	0.00435792807685	0.00329445491221	0.00215006531112	0.000369903709441	0.0570345281994	8.09164364401e-05	2.311898184e-05	0.00112127061924	0	1.155949092e-05	0.00204602989284	0.00362968014889	2.311898184e-05	0.00953658000902	0.00573350749633	6.93569455201e-05	0	0	0.0116866453201	0.0201944306373	0.0019073160018	0.00024274930932	0.00134090094672	0.000473939127721	0.00648487440613	9.24759273602e-05	1.155949092e-05	2.311898184e-05	0	1.155949092e-05	0	0	0.00211538683836	2.311898184e-05	0.00377995353085	0.00013871389104	0.000577974546001	8.09164364401e-05	0.000427701164041
0	0	0	0	0	0	0	0	0	0	0	0	0	0	0	0	0	0	0	0	0	0	0	0	0	0	0	0	0	0	0	0	0	0	0	0	0	0	0	5.77974546001e-05	0.00189575651088	0.00175704261984	6.93569455201e-05	0.00105191367372	0.00270492087528	0.00012715440012	0	0.000820723855321	0	8.09164364401e-05	0.00601093527841	0	0	0	0	0.000658890982441	0	0	0	0.00235813614768	0	0	0	6.93569455201e-05	0	0	0	0	0	0	0	0	0	0	0	0	0	0	0	0	0	0.00273959934804	0	0
0	0	2.311898184e-05	0	0	0	0	0	0	0	0	0.00013871389104	0	6.93569455201e-05	0	0	0.00805696517125	0.0001733923638	0.00012715440012	0.000369903709441	0	0.00149117432868	0.0100336381186	0.0147961483776	0.00233501716584	0	0.00015027338196	0.00959437746362	0.00019651134564	0	1.155949092e-05	2.311898184e-05	1.155949092e-05	0	0.00027742778208	1.155949092e-05	0.000751366909801	0.00216162480204	0	0	0	0	0	0	0.000473939127721	0	0	0	0	2.311898184e-05	0	0.0547688679791	1.155949092e-05	0	0	0	0.00495902160469	0.0256389508606	0.00810320313493	0.00350252574877	0	0	0.00426545214949	0.00251996902056	0	0	0	0	0	2.311898184e-05	0.0010981516374	0.000531736582321	0.00380307251269	0.00107503265556	2.311898184e-05	3.46784727601e-05	0	0.0165994289611	0.00300546763921	0.00020807083656	0.00026586829116	2.311898184e-05	2.311898184e-05	0
5.77974546001e-05	3.46784727601e-05	0.00639239847877	0	0	0	0	1.155949092e-05	5.77974546001e-05	1.155949092e-05	0	0	0	0	5.77974546001e-05	0	6.93569455201e-05	0.00484342669549	0	0	0	0.00016183287288	0	0.000554855564161	3.46784727601e-05	0	0.00026586829116	0.000450820145881	8.09164364401e-05	0	2.311898184e-05	0	0	0	0.000913199782682	0.000809164364401	0.00448508247697	0.00328289542129	0	0	0	0	0	0	0	0	0	0	0	0.00112127061924	0	1.155949092e-05	0.0256158318788	6.93569455201e-05	0.0101492330278	0	0	0.00278583731172	0.00380307251269	3.46784727601e-05	0	0.00357188269429	0.00531736582321	2.311898184e-05	0.000404582182201	6.93569455201e-05	0	0	4.62379636801e-05	0.00319041949393	0.0020807083656	0.000670450473361	0.00149117432868	0.00012715440012	0	0	0	0.0013293414558	0.000531736582321	1.155949092e-05	0	0	0	0
0	0	0	0	0	0	0	0	0	0	0	0	0	0.000300546763921	0	0	0	0	0	4.62379636801e-05	0	0	0	0	0	0.00012715440012	0.000739807418881	0.000589534036921	0	0	0	8.09164364401e-05	0	0	0	0	0.00019651134564	0	0	0	0	0	0	0	0	0	0.00750210960709	0	0.0015605312742	0	0	0	6.93569455201e-05	0.0153394444509	0.00356032320337	0	0	1.155949092e-05	0	0	4.62379636801e-05	0.00388398894913	0.00284363476632	1.155949092e-05	0.000635772000601	0	8.09164364401e-05	0	0	0.00477406974997	0	3.46784727601e-05	0	0	0	0	1.155949092e-05	0.000508617600481	0.00390710793097	0.00307482458473	0.00016183287288	0	0	0
0	4.62379636801e-05	0.00251996902056	0	0	0	0	0	0	1.155949092e-05	0	0	0	0	0	0	1.155949092e-05	0.00469315331353	0	0.00710908691581	0	3.46784727601e-05	0	9.24759273602e-05	2.311898184e-05	0	0.0113283011016	0.000693569455201	3.46784727601e-05	0	1.155949092e-05	0	0	0	0.000416141673121	0	0.00846154735345	0.002022910911	0	0	0	0	0	0	0	0	0.000866961819001	0	0	1.155949092e-05	0	0	0.0101492330278	0.00356032320337	0.0432671745136	0	0	0.000439260654961	0.0001155949092	0	0	0.0220786276572	0.0101261140459	0	0.00015027338196	0	0	0	0	0.00798760822573	0.000809164364401	0.0001733923638	0.000774485891641	5.77974546001e-05	0	0	0	0.00238125512952	0.00628836306049	0.00362968014889	0	0	0	0
0	0	0	0	0.000705128946121	0	0	0	0	3.46784727601e-05	0.000323665745761	0	6.93569455201e-05	0	0	0	0	0	0	0	0.000774485891641	0	0	0	0.000462379636801	0	0	0	0.000531736582321	0	0	0	0	0	0	0	0	0	0	0.00323665745761	0.000288987273	0.00402270284017	0	0.00476251025905	0.000427701164041	0.00305170560289	4.62379636801e-05	0.00643863644245	0	0.00204602989284	0.000658890982441	0	0	0	0	0.0127963564485	0	0	0	0.00165300720156	0	1.155949092e-05	0	0.00024274930932	0.0015605312742	0	0	0	0	6.93569455201e-05	0	0	0	0	0	0	0	4.62379636801e-05	2.311898184e-05	6.93569455201e-05	0	0.000323665745761	0	0
0	0	0	0	0	0	0	0	0	0	0	0	0	0	0	0	0.00295922967553	0	0	0	0	0.00125998451028	0.0021385058202	0.00157209076512	0.00262400443884	0	0	0	2.311898184e-05	0	0	0	0	1.155949092e-05	3.46784727601e-05	0.00166456669248	0	0.000762926400721	0	0	0	0	0.00633460102417	0	0.00178016160168	0	0	0	0	0.00362968014889	0	0.00495902160469	0	0	0	0	0.0438682680415	0.0027164803662	0.02399750315	0.000312106254841	0	0	2.311898184e-05	0.0142644117953	0.000520177091401	0.00722468182501	0	0	0.000520177091401	0.00305170560289	4.62379636801e-05	0	0.0015027338196	0.000693569455201	6.93569455201e-05	0	0	0.00394178640373	0.00110971112832	0.00478562924089	0.00201135142008	0.000393022691281	3.46784727601e-05	0
1.155949092e-05	0.00016183287288	0.00627680356957	0	0	0	0	0	1.155949092e-05	3.46784727601e-05	0	2.311898184e-05	0	4.62379636801e-05	2.311898184e-05	0	0.0119640731022	0.00262400443884	0	0.00010403541828	0	0.000901640291762	0.0141141384133	0.0145187205955	0.00657735033349	0	6.93569455201e-05	0.0153625634327	0.00019651134564	1.155949092e-05	0	0	1.155949092e-05	1.155949092e-05	6.93569455201e-05	3.46784727601e-05	0.0116866453201	0.000786045382561	0	0	0	0	0	0	0.0152354090326	0	0	0	0.0015605312742	2.311898184e-05	0	0.0256389508606	0.00278583731172	1.155949092e-05	0.000439260654961	0	0.0027164803662	0.0615889676219	0.00204602989284	0.0174317123074	0.00233501716584	0.00015027338196	0.0191193979817	0.00589534036921	1.155949092e-05	1.155949092e-05	0	0	0	0.000346784727601	0.00102879469188	0.000589534036921	0.000312106254841	0.0001155949092	0	8.09164364401e-05	0	0.000797604873481	0.000762926400721	0.00018495185472	0	1.155949092e-05	0	0.0001155949092
