8673	31	623	0	60	20	655	4725	3040	282	601	174	33	40	4588	13	49	648	33	224	24	378	76	796	592	1	454	255	1159	2312	1770	8	24	81	1621	3	38	21	0	19	0	0	37	5	160	18	1	0	4	13	0	10	3	2	3	9	30	78	28	137	6	22	54	125	19	27	0	0	3	20	314	60	928	290	110	80	1	33	9	15	7	1	0	0
31	4164	270	0	1	3	12	66	27	549	13	121	7	126	26	13	88	157	42	123	1	65	706	239	354	199	633	1973	120	39	45	48	1	3	184	1	1828	223	0	2	0	0	17	3	23	5	87	1	108	5	0	15	38	60	116	0	20	170	89	29	528	504	1269	29	7	12	0	0	0	45	165	82	151	32	19	3	10	63	115	75	13	0	0	5
623	270	11189	0	4	5	72	1260	320	55	34	105	4	35	424	4	115	2402	26	188	5	782	201	4515	187	5	2729	4312	925	167	647	19	11	12	922	4	884	386	0	1	0	0	21	8	28	6	10	0	11	19	0	52	114	12	32	1	34	326	213	34	18	296	1090	44	16	15	1	1	1	38	893	332	1004	313	37	42	2	87	94	56	23	0	1	1
0	0	0	0	0	0	0	0	0	0	0	0	0	0	0	0	0	0	0	0	0	0	0	0	0	0	0	0	0	0	0	0	0	0	0	0	0	0	0	0	0	0	0	0	0	0	0	0	0	0	0	0	0	0	0	0	0	0	0	0	0	0	0	0	0	0	0	0	0	0	0	0	0	0	0	0	0	0	0	0	0	0	0	0
60	1	4	0	5905	12	360	724	276	170	927	15	856	5	135	42	1	3	2	4	2022	2	1	3	2420	1	7	10	1996	74	6	1	10	0	82	1	1	0	0	948	2	79	7	15	55	299	5	304	1	36	6	0	1	1	0	600	1	1	1	182	0	2	1	318	59	0	0	2	2	47	38	3	115	14	60	20	0	11	1	26	0	13	6	0
20	3	5	0	12	2423	1462	96	521	75	78	36	38	12	94	497	3	6	2	10	13	7	4	10	64	0	17	13	69	108	11	1	571	5	213	0	0	1	0	1	0	0	0	1	10	1	0	0	0	1	0	0	0	0	0	1	1	2	0	10	0	0	1	9	1	0	0	0	0	3	95	7	129	53	284	187	0	2	0	3	2	0	0	0
655	12	72	0	360	1462	15632	2571	8578	258	5639	207	1931	52	1544	1000	7	68	12	76	749	54	11	106	464	0	151	79	1375	509	102	16	606	12	829	0	4	3	0	15	0	1	7	4	57	9	0	5	2	4	2	0	0	0	2	7	3	11	2	82	3	5	5	60	7	2	0	0	1	7	406	34	664	173	688	145	5	8	2	3	2	2	0	0
4725	66	1260	0	724	96	2571	21646	5090	975	4235	234	265	92	4274	135	76	762	44	268	256	1256	137	2211	2256	4	658	495	10660	1882	3267	13	87	104	2228	4	83	55	0	144	0	11	78	20	467	94	3	27	6	33	9	25	14	3	6	79	53	186	73	621	4	32	103	413	66	41	0	1	8	69	930	109	1992	550	467	226	8	90	25	47	14	10	3	0
3040	27	320	0	276	521	8578	5090	19067	269	5166	570	638	138	6693	172	28	280	35	224	392	207	40	447	647	9	427	215	1925	1426	440	45	862	36	1952	2	23	8	0	25	1	3	19	6	144	18	5	4	8	14	2	7	2	0	4	10	17	45	12	166	7	15	28	135	19	16	0	0	2	14	650	73	1360	337	645	171	13	25	9	13	4	2	0	0
282	549	55	0	170	75	258	975	269	7709	170	25	478	37	288	474	84	30	6	20	113	60	1030	112	3641	28	75	301	1825	480	286	6	13	43	265	18	27	25	0	301	3	28	190	37	1838	213	11	103	4	70	24	30	7	2	3	163	114	348	73	1493	6	11	47	1001	127	117	0	1	18	150	393	32	408	178	568	55	3	147	40	101	31	38	10	1
601	13	34	0	927	78	5639	4235	5166	170	13996	151	1033	44	1744	59	3	43	17	59	702	35	9	76	510	0	99	61	2469	552	80	7	80	9	699	3	8	7	0	378	0	60	16	24	76	316	5	218	4	67	4	0	2	1	3	408	4	12	6	185	4	6	9	95	81	2	0	1	1	70	304	19	752	109	183	84	3	29	7	50	7	8	3	0
174	121	105	0	15	36	207	234	570	25	151	8858	31	1810	467	6	17	577	821	1757	27	109	18	197	52	190	2717	751	136	797	119	787	133	4	3577	1	183	13	0	2	0	1	3	1	11	4	127	0	280	3	0	2	3	33	30	2	5	18	9	17	340	197	163	10	10	5	1	0	0	22	226	965	1626	221	41	45	287	5	94	29	5	1	1	6
33	7	4	0	856	38	1931	265	638	478	1033	31	5984	4	223	452	2	7	2	12	2836	4	3	4	991	1	20	15	437	93	3	3	17	1	114	0	2	1	0	15	0	0	2	0	28	8	0	20	0	0	1	0	0	0	0	7	1	2	0	42	1	1	2	30	0	0	0	0	0	0	43	5	108	17	219	18	1	1	0	0	0	4	0	0
40	126	35	0	5	12	52	92	138	37	44	1810	4	4836	105	4	22	58	47	107	6	48	27	83	67	427	816	700	103	168	36	880	35	10	627	0	167	6	0	3	0	0	4	2	20	4	237	0	630	4	0	3	4	20	16	1	6	18	13	14	472	164	133	12	15	3	4	1	2	35	205	1037	787	344	56	290	310	14	144	47	13	1	1	24
4588	26	424	0	135	94	1544	4274	6693	288	1744	467	223	105	12750	37	33	424	47	220	156	264	54	555	614	7	430	226	1324	3727	868	23	372	77	1848	2	32	15	0	32	0	2	37	8	152	15	5	6	6	17	1	10	2	1	1	13	22	48	19	155	11	18	43	130	25	17	0	0	1	16	513	72	1134	281	319	103	10	30	14	12	3	4	0	0
13	13	4	0	42	497	1000	135	172	474	59	6	452	4	37	2195	6	3	0	0	55	5	13	9	289	0	6	9	176	29	12	1	27	5	40	0	2	1	0	7	0	0	0	2	30	2	0	2	0	1	1	2	1	0	0	1	8	5	12	25	1	1	6	19	3	4	0	0	0	6	43	3	53	22	602	19	1	14	4	6	8	3	1	0
49	88	115	0	1	3	7	76	28	84	3	17	2	22	33	6	5535	68	2	23	1	1052	1356	1829	1809	3	62	943	881	43	233	1	3	15	310	0	25	42	0	0	0	2	12	8	35	5	2	0	0	8	0	251	14	0	6	0	112	688	334	38	0	15	113	51	7	33	0	0	2	23	609	198	385	188	79	47	3	41	28	22	18	3	1	1
648	157	2402	0	3	6	68	762	280	30	43	577	7	58	424	3	68	9487	163	2299	7	787	67	1968	96	13	3771	2062	434	362	964	33	13	8	3304	1	438	102	0	1	0	1	7	2	23	0	21	1	26	7	1	11	44	31	50	1	16	63	52	22	54	301	528	16	12	6	1	0	0	20	625	259	1140	350	33	28	6	53	75	37	17	0	0	0
33	42	26	0	2	2	12	44	35	6	17	821	2	47	47	0	2	163	1694	918	2	34	4	32	5	19	617	106	24	57	32	43	8	1	313	0	49	2	0	0	0	0	2	0	2	2	19	0	38	1	0	2	1	10	5	0	0	2	2	4	69	37	35	3	2	0	1	0	0	7	44	39	153	29	4	4	3	0	12	9	2	0	0	1
224	123	188	0	4	10	76	268	224	20	59	1757	12	107	220	0	23	2299	918	5539	11	211	21	338	50	38	2468	868	145	252	238	68	27	4	2476	0	217	18	0	0	0	1	3	0	8	1	45	0	73	2	0	4	4	34	42	0	3	20	13	14	171	200	216	13	6	0	0	0	0	14	359	133	1063	274	29	23	9	17	43	24	6	1	1	4
24	1	5	0	2022	13	749	256	392	113	702	27	2836	6	156	55	1	7	2	11	4657	1	0	5	1446	0	18	9	587	88	2	2	13	0	100	0	0	0	0	14	0	1	2	1	12	9	0	2	0	1	0	0	0	0	0	8	0	0	0	25	0	0	0	14	1	0	0	0	0	1	38	4	99	12	68	15	0	0	0	1	0	2	0	0
378	65	782	0	2	7	54	1256	207	60	35	109	4	48	264	5	1052	787	34	211	1	13082	372	6066	488	2	373	647	2704	575	4282	5	6	44	2838	4	88	80	0	1	0	0	16	4	49	11	1	0	1	7	1	148	16	3	11	0	59	464	234	41	3	26	158	57	4	28	0	0	2	14	859	241	1554	643	237	154	3	48	27	22	20	4	1	0
76	706	201	0	1	4	11	137	40	1030	9	18	3	27	54	13	1356	67	4	21	0	372	5734	977	1351	24	96	1162	604	79	227	7	0	11	221	6	122	165	0	4	0	0	31	5	153	10	7	1	1	10	0	482	26	3	12	1	257	1720	593	118	9	31	379	171	17	68	0	0	3	46	368	93	209	87	46	22	1	93	73	56	26	3	3	0
796	239	4515	0	3	10	106	2211	447	112	76	197	4	83	555	9	1829	1968	32	338	5	6066	977	20207	670	4	997	3724	2632	787	2073	12	14	29	3615	5	419	428	0	1	0	3	46	6	93	21	7	1	6	13	0	449	77	7	17	1	139	1576	811	81	11	97	862	127	16	55	1	0	0	48	2101	573	2623	1117	298	203	3	153	119	67	55	6	4	2
592	354	187	0	2420	64	464	2256	647	3641	510	52	991	67	614	289	1809	96	5	50	1446	488	1351	670	16134	15	102	683	6989	996	853	3	28	126	876	9	32	43	0	142	1	21	133	25	846	103	10	36	1	46	8	106	12	4	6	64	188	544	185	804	2	16	59	665	91	92	0	0	19	108	1125	157	1049	440	495	147	8	148	60	86	35	18	6	3
1	199	5	0	1	0	0	4	9	28	0	190	1	427	7	0	3	13	19	38	0	2	24	4	15	1410	159	432	1	14	3	53	3	1	65	0	176	2	0	0	0	0	0	0	0	0	116	0	196	1	0	0	0	14	14	0	1	1	3	0	328	101	85	0	5	0	0	1	0	11	11	208	39	6	2	0	173	4	37	17	1	0	0	8
454	633	2729	0	7	17	151	658	427	75	99	2717	20	816	430	6	62	3771	617	2468	18	373	96	997	102	159	17564	5437	331	413	472	1206	45	14	2764	4	1596	154	0	1	0	1	17	4	21	8	287	0	475	15	0	14	72	212	337	1	15	65	61	21	932	1378	1676	23	32	8	8	0	0	84	1026	626	1898	494	47	43	24	65	226	148	21	0	1	14
255	1973	4312	0	10	13	79	495	215	301	61	751	15	700	226	9	943	2062	106	868	9	647	1162	3724	683	432	5437	24150	669	250	307	442	15	16	1937	5	2680	697	0	2	0	0	39	9	43	4	234	1	369	20	0	138	182	167	298	1	79	864	495	39	808	1452	3055	77	26	32	5	0	1	111	1862	709	1994	581	81	56	27	205	323	212	49	3	0	11
1159	120	925	0	1996	69	1375	10660	1925	1825	2469	136	437	103	1324	176	881	434	24	145	587	2704	604	2632	6989	1	331	669	24000	1391	3825	6	58	220	2163	18	72	76	0	190	1	25	161	37	1227	138	7	43	2	69	12	113	10	3	6	94	238	804	215	1061	1	23	133	849	112	145	0	0	20	138	1401	181	2142	774	526	252	8	187	82	104	36	26	7	1
2312	39	167	0	74	108	509	1882	1426	480	552	797	93	168	3727	29	43	362	57	252	88	575	79	787	996	14	413	250	1391	11303	2172	45	368	645	3227	2	32	16	0	29	0	2	57	10	288	21	6	5	11	22	1	13	7	2	2	10	33	73	38	237	18	25	49	213	49	39	0	0	10	45	574	124	1870	578	177	191	16	43	24	30	15	4	1	2
1770	45	647	0	6	11	102	3267	440	286	80	119	3	36	868	12	233	964	32	238	2	4282	227	2073	853	3	472	307	3825	2172	13875	4	14	295	3025	2	47	31	0	8	0	3	33	3	229	12	1	0	1	8	1	63	14	3	5	3	77	270	86	123	6	20	76	165	14	42	0	0	7	21	332	114	1166	428	118	98	2	46	20	24	14	0	2	1
8	48	19	0	1	1	16	13	45	6	7	787	3	880	23	1	1	33	43	68	2	5	7	12	3	53	1206	442	6	45	4	1704	9	0	194	0	79	3	0	0	0	1	0	0	2	2	68	0	130	0	0	0	3	13	8	0	0	1	3	1	173	76	47	0	4	1	0	0	0	7	35	229	139	18	5	1	19	1	28	9	1	0	0	4
24	1	11	0	10	571	606	87	862	13	80	133	17	35	372	27	3	13	8	27	13	6	0	14	28	3	45	15	58	368	14	9	1893	3	451	0	0	0	0	1	0	0	0	1	9	0	0	1	1	1	0	0	0	0	0	1	0	2	1	12	0	3	0	10	0	1	0	0	0	0	83	21	216	44	115	146	5	1	1	0	0	0	0	0
81	3	12	0	0	5	12	104	36	43	9	4	1	10	77	5	15	8	1	4	0	44	11	29	126	1	14	16	220	645	295	0	3	998	535	0	0	1	0	0	0	1	5	0	38	2	0	0	0	0	0	2	1	0	0	0	3	13	5	22	1	0	2	21	3	7	0	0	0	4	46	8	331	119	22	22	2	5	1	3	2	0	0	0
1621	184	922	0	82	213	829	2228	1952	265	699	3577	114	627	1848	40	310	3304	313	2476	100	2838	221	3615	876	65	2764	1937	2163	3227	3025	194	451	535	18535	3	299	109	0	26	0	5	31	8	186	16	28	3	49	18	2	39	28	24	36	8	60	235	131	181	98	178	360	148	38	32	0	0	8	51	1475	653	8551	2087	409	557	93	99	80	58	38	4	6	2
3	1	4	0	1	0	0	4	2	18	3	1	0	0	2	0	0	1	0	0	0	4	6	5	9	0	4	5	18	2	2	0	0	0	3	3458	10	180	0	44	1	45	1251	208	44	205	16	20	4	1729	3	22	130	6	28	39	206	26	452	221	1	71	70	334	1336	904	0	3	70	176	8	0	6	2	2	0	0	39	21	120	32	7	1	0
38	1828	884	0	1	0	4	83	23	27	8	183	2	167	32	2	25	438	49	217	0	88	122	419	32	176	1596	2680	72	32	47	79	0	0	299	10	9347	790	0	4	1	2	49	16	534	20	304	15	721	42	7	227	231	183	414	4	109	1492	324	605	2089	2111	6113	227	52	59	5	1	6	190	215	153	240	58	8	5	11	340	499	320	86	5	1	26
21	223	386	0	0	1	3	55	8	25	7	13	1	6	15	1	42	102	2	18	0	80	165	428	43	2	154	697	76	16	31	3	0	1	109	180	790	10754	0	14	1	45	656	206	121	124	44	7	8	457	3	307	983	41	256	10	1028	877	5329	338	23	1685	4695	788	324	847	0	2	40	474	139	68	110	42	5	7	1	1099	980	651	278	13	7	9
0	0	0	0	0	0	0	0	0	0	0	0	0	0	0	0	0	0	0	0	0	0	0	0	0	0	0	0	0	0	0	0	0	0	0	0	0	0	0	0	0	0	0	0	0	0	0	0	0	0	0	0	0	0	0	0	0	0	0	0	0	0	0	0	0	0	0	0	0	0	0	0	0	0	0	0	0	0	0	0	0	0	0	0
19	2	1	0	948	1	15	144	25	301	378	2	15	3	32	7	0	1	0	0	14	1	4	1	142	0	1	2	190	29	8	0	1	0	26	44	4	14	0	6518	9	518	112	200	381	2578	39	1339	6	456	80	7	4	6	9	3485	21	21	30	2848	3	10	29	2326	638	41	0	11	20	605	13	2	30	4	27	8	0	145	23	356	57	100	21	2
0	0	0	0	2	0	0	0	1	3	0	0	0	0	0	0	0	0	0	0	0	0	0	0	1	0	0	0	1	0	0	0	0	0	0	1	1	1	0	9	1345	352	10	183	47	26	1	40	0	84	345	0	0	0	1	15	1	3	4	49	0	2	0	27	107	4	0	419	1	181	0	0	0	0	0	0	0	16	1	56	8	510	462	1
0	0	0	0	79	0	1	11	3	28	60	1	0	0	2	0	2	1	0	1	1	0	0	3	21	0	1	0	25	2	3	1	0	1	5	45	2	45	0	518	352	9076	371	1952	62	3234	58	1969	14	1464	1040	7	10	6	17	1134	54	15	81	622	2	29	34	560	1209	82	0	140	19	757	11	3	10	5	4	0	0	202	33	486	59	1020	92	3
37	17	21	0	7	0	7	78	19	190	16	3	2	4	37	0	12	7	2	3	2	16	31	46	133	0	17	39	161	57	33	0	0	5	31	1251	49	656	0	112	10	371	13070	1580	430	2227	47	46	15	3042	27	93	131	14	47	53	1149	191	1473	1545	8	94	287	4906	1353	2946	2	4	175	1000	63	6	55	21	14	7	1	419	137	653	214	62	25	8
5	3	8	0	15	1	4	20	6	37	24	1	0	2	8	2	8	2	0	0	1	4	5	6	25	0	4	9	37	10	3	0	1	0	8	208	16	206	0	200	183	1952	1580	7794	72	1953	49	408	7	4510	161	25	73	6	20	416	229	42	484	605	1	48	88	743	1041	500	0	208	19	618	22	2	15	8	3	2	2	212	43	473	93	353	151	4
160	23	28	0	55	10	57	467	144	1838	76	11	28	20	152	30	35	23	2	8	12	49	153	93	846	0	21	43	1227	288	229	2	9	38	186	44	534	121	0	381	47	62	430	72	7353	239	17	544	22	154	405	164	28	10	16	187	412	2096	265	4273	69	83	414	2112	254	400	0	0	60	298	335	26	275	126	94	36	5	465	171	224	76	309	34	1
18	5	6	0	299	1	9	94	18	213	316	4	8	4	15	2	5	0	2	1	9	11	10	21	103	0	8	4	138	21	12	2	0	2	16	205	20	124	0	2578	26	3234	2227	1953	239	13625	149	1909	31	2520	162	29	28	25	32	3287	207	50	312	2521	10	50	102	2981	2000	325	1	18	53	1622	20	5	19	10	16	3	0	387	82	1008	178	231	40	6
1	87	10	0	5	0	0	3	5	11	5	127	0	237	5	0	2	21	19	45	0	1	7	7	10	116	287	234	7	6	1	68	0	0	28	16	304	44	0	39	1	58	47	49	17	149	8591	54	2438	252	3	12	70	1399	827	65	27	26	71	75	1040	1552	646	62	735	26	28	22	5	1458	10	231	27	5	1	3	50	153	1002	2077	87	10	22	367
0	1	0	0	304	0	5	27	4	103	218	0	20	0	6	2	0	1	0	0	2	0	1	1	36	0	0	1	43	5	0	0	1	0	3	20	15	7	0	1339	40	1969	46	408	544	1909	54	7300	11	716	552	5	2	11	15	3379	14	39	18	928	4	28	26	467	844	18	0	14	8	566	5	0	5	1	8	0	0	151	39	357	41	465	40	6
4	108	11	0	1	0	2	6	8	4	4	280	0	630	6	0	0	26	38	73	0	1	1	6	1	196	475	369	2	11	1	130	1	0	49	4	721	8	0	6	0	14	15	7	22	31	2438	11	6673	57	0	8	10	144	79	14	4	66	13	41	2534	1372	1484	24	160	9	101	6	0	398	9	469	28	3	0	0	89	51	553	563	15	2	2	236
13	5	19	0	36	1	4	33	14	70	67	3	0	4	17	1	8	7	1	2	1	7	10	13	46	1	15	20	69	22	8	0	1	0	18	1729	42	457	0	456	84	1464	3042	4510	154	2520	252	716	57	13182	122	58	245	44	89	819	514	78	1095	1151	13	170	238	1366	5063	1318	2	170	61	1886	25	5	24	9	3	4	2	452	132	1398	210	297	233	29
0	0	0	0	6	0	2	9	2	24	4	0	1	0	1	1	0	1	0	0	0	1	0	0	8	0	0	0	12	1	1	0	0	0	2	3	7	3	0	80	345	1040	27	161	405	162	3	552	0	122	2304	0	0	0	2	107	4	13	9	272	0	3	4	108	71	9	0	59	2	58	1	0	4	4	2	0	0	21	4	28	7	1324	140	0
10	15	52	0	0	0	0	25	7	30	0	2	0	3	10	2	251	11	2	4	0	148	482	449	106	0	14	138	113	13	63	0	0	2	39	22	227	307	0	7	0	7	93	25	164	29	12	5	8	58	0	7195	112	7	35	8	1094	2759	2839	1060	21	99	2054	937	57	198	0	0	7	232	72	26	63	36	7	6	2	1010	595	321	224	40	4	3
3	38	114	0	1	0	0	14	2	7	2	3	0	4	2	1	14	44	1	4	0	16	26	77	12	0	72	182	10	7	14	3	0	1	28	130	231	983	0	4	0	10	131	73	28	28	70	2	10	245	0	112	5400	88	739	3	475	127	2251	88	10	1111	1149	144	269	452	1	0	51	685	27	15	32	13	2	4	0	317	300	494	159	3	5	4
2	60	12	0	1	0	0	3	0	2	1	33	0	20	1	0	0	31	10	34	0	3	3	7	4	14	212	167	3	2	3	13	0	0	24	6	183	41	0	6	0	6	14	6	10	25	1399	11	144	44	0	7	88	3455	1697	11	19	11	56	15	179	1383	449	23	108	11	3	0	0	272	6	41	19	3	0	1	1	157	555	560	61	1	2	8
3	116	32	0	0	0	2	6	4	3	3	30	0	16	1	0	6	50	5	42	0	11	12	17	6	14	337	298	6	2	5	8	0	0	36	28	414	256	0	9	1	17	47	20	16	32	827	15	79	89	2	35	739	1697	6026	13	78	54	269	43	145	3079	1321	66	189	69	2	0	7	632	11	27	24	11	2	0	3	382	825	902	126	4	5	11
9	0	1	0	600	1	7	79	10	163	408	2	7	1	13	1	0	1	0	0	8	0	1	1	64	0	1	1	94	10	3	0	1	0	8	39	4	10	0	3485	15	1134	53	416	187	3287	65	3379	14	819	107	8	3	11	13	6903	15	6	25	1365	5	29	33	937	1024	20	0	8	9	793	6	1	9	2	15	1	0	205	44	488	58	133	29	5
30	20	34	0	1	1	3	53	17	114	4	5	1	6	22	8	112	16	0	3	0	59	257	139	188	1	15	79	238	33	77	0	0	3	60	206	109	1028	0	21	1	54	1149	229	412	207	27	14	4	514	4	1094	475	19	78	15	14945	1135	7637	820	9	169	621	4222	462	4665	0	3	222	1211	96	26	84	51	12	7	2	1083	408	1124	575	65	22	6
78	170	326	0	1	2	11	186	45	348	12	18	2	18	48	5	688	63	2	20	0	464	1720	1576	544	1	65	864	804	73	270	1	2	13	235	26	1492	877	0	21	3	15	191	42	2096	50	26	39	66	78	13	2759	127	11	54	6	1135	9853	2407	2102	191	225	2796	1229	88	457	0	0	26	210	356	125	254	102	42	28	3	588	438	264	130	23	11	3
28	89	213	0	1	0	2	73	12	73	6	9	0	13	19	12	334	52	2	13	0	234	593	811	185	3	61	495	215	38	86	3	1	5	131	452	324	5329	0	30	4	81	1473	484	265	312	71	18	13	1095	9	2839	2251	56	269	25	7637	2407	22561	833	22	661	3598	2243	1246	2991	0	5	487	1612	169	68	174	101	27	18	3	2559	1467	1808	1206	148	44	17
137	29	34	0	182	10	82	621	166	1493	185	17	42	14	155	25	38	22	4	14	25	41	118	81	804	0	21	39	1061	237	123	1	12	22	181	221	605	338	0	2848	49	622	1545	605	4273	2521	75	928	41	1151	272	1060	88	15	43	1365	820	2102	833	17779	81	139	740	8071	1751	1010	1	12	241	1803	206	13	250	99	94	31	2	1355	422	1193	389	294	60	9
6	528	18	0	0	0	3	4	7	6	4	340	1	472	11	1	0	54	69	171	0	3	9	11	2	328	932	808	1	18	6	173	0	1	98	1	2089	23	0	3	0	2	8	1	69	10	1040	4	2534	13	0	21	10	179	145	5	9	191	22	81	5303	1172	1867	23	41	11	11	1	0	169	20	383	69	4	4	0	93	42	265	196	13	0	0	105
22	504	296	0	2	0	5	32	15	11	6	197	1	164	18	1	15	301	37	200	0	26	31	97	16	101	1378	1452	23	25	20	76	3	0	178	71	2111	1685	0	10	2	29	94	48	83	50	1552	28	1372	170	3	99	1111	1383	3079	29	169	225	661	139	1172	15622	5849	147	310	158	84	2	15	729	93	223	146	41	7	1	15	875	2048	1399	263	10	10	46
54	1269	1090	0	1	1	5	103	28	47	9	163	2	133	43	6	113	528	35	216	0	158	379	862	59	85	1676	3055	133	49	76	47	0	2	360	70	6113	4695	0	29	0	34	287	88	414	102	646	26	1484	238	4	2054	1149	449	1321	33	621	2796	3598	740	1867	5849	26568	796	268	283	21	2	15	1011	328	272	322	106	19	9	17	2367	2961	1676	552	11	17	31
125	29	44	0	318	9	60	413	135	1001	95	10	30	12	130	19	51	16	3	13	14	57	171	127	665	0	23	77	849	213	165	0	10	21	148	334	227	788	0	2326	27	560	4906	743	2112	2981	62	467	24	1366	108	937	144	23	66	937	4222	1229	2243	8071	23	147	796	20328	1690	2929	2	14	318	1842	255	18	234	90	73	22	2	1340	411	1335	483	166	52	11
19	7	16	0	59	1	7	66	19	127	81	10	0	15	25	3	7	12	2	6	1	4	17	16	91	5	32	26	112	49	14	4	0	3	38	1336	52	324	0	638	107	1209	1353	1041	254	2000	735	844	160	5063	71	57	269	108	189	1024	462	88	1246	1751	41	310	268	1690	14779	1681	4	349	1574	6189	40	13	51	22	7	8	2	814	260	3345	363	194	259	57
27	12	15	0	0	0	2	41	16	117	2	5	0	3	17	4	33	6	0	0	0	28	68	55	92	0	8	32	145	39	42	1	1	7	32	904	59	847	0	41	4	82	2946	500	400	325	26	18	9	1318	9	198	452	11	69	20	4665	457	2991	1010	11	158	283	2929	1681	11743	0	6	582	1410	63	10	56	30	12	7	0	386	157	804	333	37	24	4
0	0	1	0	0	0	0	0	0	0	0	1	0	4	0	0	0	1	1	0	0	0	0	1	0	0	8	5	0	0	0	0	0	0	0	0	5	0	0	0	0	0	2	0	0	1	28	0	101	2	0	0	1	3	2	0	0	0	0	1	11	84	21	2	4	0	117	0	0	4	0	4	0	0	0	0	1	3	19	14	0	0	0	0
0	0	1	0	2	0	0	1	0	1	1	0	0	1	0	0	0	0	0	0	0	0	0	0	0	1	0	0	0	0	0	0	0	0	0	3	1	2	0	11	419	140	4	208	0	18	22	14	6	170	59	0	0	0	0	8	3	0	5	12	1	2	2	14	349	6	0	1125	2	455	1	1	0	0	0	0	0	28	5	112	16	112	351	2
3	0	1	0	2	0	1	8	2	18	1	0	0	2	1	0	2	0	0	0	0	2	3	0	19	0	0	1	20	10	7	0	0	0	8	70	6	40	0	20	1	19	175	19	60	53	5	8	0	61	2	7	51	0	7	9	222	26	487	241	0	15	15	318	1574	582	0	2	2069	981	5	1	7	4	2	2	0	45	17	155	47	5	6	1
20	45	38	0	47	3	7	69	14	150	70	22	0	35	16	6	23	20	7	14	1	14	46	48	108	11	84	111	138	45	21	7	0	4	51	176	190	474	0	605	181	757	1000	618	298	1622	1458	566	398	1886	58	232	685	272	632	793	1211	210	1612	1803	169	729	1011	1842	6189	1410	4	455	981	13973	62	25	68	35	14	12	4	1388	806	7288	1223	174	595	217
314	165	893	0	38	95	406	930	650	393	304	226	43	205	513	43	609	625	44	359	38	859	368	2101	1125	11	1026	1862	1401	574	332	35	83	46	1475	8	215	139	0	13	0	11	63	22	335	20	10	5	9	25	1	72	27	6	11	6	96	356	169	206	20	93	328	255	40	63	0	1	5	62	12142	1300	3432	1286	1142	258	61	158	77	79	39	13	3	0
60	82	332	0	3	7	34	109	73	32	19	965	5	1037	72	3	198	259	39	133	4	241	93	573	157	208	626	709	181	124	114	229	21	8	653	0	153	68	0	2	0	3	6	2	26	5	231	0	469	5	0	26	15	41	27	1	26	125	68	13	383	223	272	18	13	10	4	1	1	25	1300	5178	907	395	34	37	353	33	250	47	14	0	2	9
928	151	1004	0	115	129	664	1992	1360	408	752	1626	108	787	1134	53	385	1140	153	1063	99	1554	209	2623	1049	39	1898	1994	2142	1870	1166	139	216	331	8551	6	240	110	0	30	0	10	55	15	275	19	27	5	28	24	4	63	32	19	24	9	84	254	174	250	69	146	322	234	51	56	0	0	7	68	3432	907	15520	4912	931	1052	214	166	96	92	85	9	6	8
290	32	313	0	14	53	173	550	337	178	109	221	17	344	281	22	188	350	29	274	12	643	87	1117	440	6	494	581	774	578	428	18	44	119	2087	2	58	42	0	4	0	5	21	8	126	10	5	1	3	9	4	36	13	3	11	2	51	102	101	99	4	41	106	90	22	30	0	0	4	35	1286	395	4912	5393	675	817	52	110	54	61	74	6	4	8
110	19	37	0	60	284	688	467	645	568	183	41	219	56	319	602	79	33	4	29	68	237	46	298	495	2	47	81	526	177	118	5	115	22	409	2	8	5	0	27	0	4	14	3	94	16	1	8	0	3	2	7	2	0	2	15	12	42	27	94	4	7	19	73	7	12	0	0	2	14	1142	34	931	675	3687	354	1	17	6	9	11	10	0	0
80	3	42	0	20	187	145	226	171	55	84	45	18	290	103	19	47	28	4	23	15	154	22	203	147	0	43	56	252	191	98	1	146	22	557	0	5	7	0	8	0	0	7	2	36	3	3	0	0	4	0	6	4	1	0	1	7	28	18	31	0	1	9	22	8	7	0	0	2	12	258	37	1052	817	354	1758	14	11	6	8	8	2	0	3
1	10	2	0	0	0	5	8	13	3	3	287	1	310	10	1	3	6	3	9	0	3	1	3	8	173	24	27	8	16	2	19	5	2	93	0	11	1	0	0	0	0	1	2	5	0	50	0	89	2	0	2	0	1	3	0	2	3	3	2	93	15	17	2	2	0	1	0	0	4	61	353	214	52	1	14	750	2	16	6	4	0	0	5
33	63	87	0	11	2	8	90	25	147	29	5	1	14	30	14	41	53	0	17	0	48	93	153	148	4	65	205	187	43	46	1	1	5	99	39	340	1099	0	145	16	202	419	212	465	387	153	151	51	452	21	1010	317	157	382	205	1083	588	2559	1355	42	875	2367	1340	814	386	3	28	45	1388	158	33	166	110	17	11	2	11806	4916	2066	980	90	129	96
9	115	94	0	1	0	2	25	9	40	7	94	0	144	14	4	28	75	12	43	0	27	73	119	60	37	226	323	82	24	20	28	1	1	80	21	499	980	0	23	1	33	137	43	171	82	1002	39	553	132	4	595	300	555	825	44	408	438	1467	422	265	2048	2961	411	260	157	19	5	17	806	77	250	96	54	6	6	16	4916	10286	2067	859	20	38	221
15	75	56	0	26	3	3	47	13	101	50	29	0	47	12	6	22	37	9	24	1	22	56	67	86	17	148	212	104	30	24	9	0	3	58	120	320	651	0	356	56	486	653	473	224	1008	2077	357	563	1398	28	321	494	560	902	488	1124	264	1808	1193	196	1399	1676	1335	3345	804	14	112	155	7288	79	47	92	61	9	8	6	2066	2067	13045	2717	142	471	362
7	13	23	0	0	2	2	14	4	31	7	5	0	13	3	8	18	17	2	6	0	20	26	55	35	1	21	49	36	15	14	1	0	2	38	32	86	278	0	57	8	59	214	93	76	178	87	41	15	210	7	224	159	61	126	58	575	130	1206	389	13	263	552	483	363	333	0	16	47	1223	39	14	85	74	11	8	4	980	859	2717	4054	132	147	104
1	0	0	0	13	0	2	10	2	38	8	1	4	1	4	3	3	0	0	1	2	4	3	6	18	0	0	3	26	4	0	0	0	0	4	7	5	13	0	100	510	1020	62	353	309	231	10	465	2	297	1324	40	3	1	4	133	65	23	148	294	0	10	11	166	194	37	0	112	5	174	13	0	9	6	10	2	0	90	20	142	132	2969	289	1
0	0	1	0	6	0	0	3	0	10	3	1	0	1	0	1	1	0	0	1	0	1	3	4	6	0	1	0	7	1	2	0	0	0	6	1	1	7	0	21	462	92	25	151	34	40	22	40	2	233	140	4	5	2	5	29	22	11	44	60	0	10	17	52	259	24	0	351	6	595	3	2	6	4	0	0	0	129	38	471	147	289	1323	12
0	5	1	0	0	0	0	0	0	1	0	6	0	24	0	0	1	0	1	4	0	0	0	2	3	8	14	11	1	2	1	4	0	0	2	0	26	9	0	2	1	3	8	4	1	6	367	6	236	29	0	3	4	8	11	5	6	3	17	9	105	46	31	11	57	4	0	2	1	217	0	9	8	8	0	3	5	96	221	362	104	1	12	792
