0.0292299707464	0.000104477008318	0.00209965084458	0	0.000202213564486	6.74045214953e-05	0.00220749807897	0.0159243182033	0.0102454872673	0.000950403753084	0.00202550587093	0.000586419337009	0.000111217460467	0.000134809042991	0.015462597231	4.38129389719e-05	0.000165141077663	0.00218390649645	0.000111217460467	0.000754930640747	8.08854257944e-05	0.00127394545626	0.000256137181682	0.00268269995551	0.00199517383626	3.37022607477e-06	0.00153008263794	0.000859407649065	0.00390609202065	0.00779196268486	0.00596530015233	2.69618085981e-05	8.08854257944e-05	0.000272988312056	0.00546313646719	1.01106782243e-05	0.000128068590841	7.07747475701e-05	0	6.40342954205e-05	0	0	0.000124698364766	1.68511303738e-05	0.000539236171962	6.06640693458e-05	3.37022607477e-06	0	1.34809042991e-05	4.38129389719e-05	0	3.37022607477e-05	1.01106782243e-05	6.74045214953e-06	1.01106782243e-05	3.03320346729e-05	0.000101106782243	0.000262877633832	9.43663300934e-05	0.000461720972243	2.02213564486e-05	7.41449736448e-05	0.000181992208037	0.000421278259346	6.40342954205e-05	9.09961040187e-05	0	0	1.01106782243e-05	6.74045214953e-05	0.00105825098748	0.000202213564486	0.00312756979738	0.000977365561682	0.000370724868224	0.000269618085981	3.37022607477e-06	0.000111217460467	3.03320346729e-05	5.05533911215e-05	2.35915825234e-05	3.37022607477e-06	0	0
0.000104477008318	0.0140336213753	0.000909961040187	0	3.37022607477e-06	1.01106782243e-05	4.04427128972e-05	0.000222434920934	9.09961040187e-05	0.00185025411505	4.38129389719e-05	0.000407797355047	2.35915825234e-05	0.00042464848542	8.76258779439e-05	4.38129389719e-05	0.000296579894579	0.000529125493738	0.00014154949514	0.000414537807196	3.37022607477e-06	0.00021906469486	0.00237937960878	0.000805484031869	0.00119306003047	0.000670674988878	0.00213335310533	0.00664945604551	0.000404427128972	0.000131438816916	0.000151660173364	0.000161770851589	3.37022607477e-06	1.01106782243e-05	0.000620121597757	3.37022607477e-06	0.00616077326467	0.000751560414673	0	6.74045214953e-06	0	0	5.7293843271e-05	1.01106782243e-05	7.75151997196e-05	1.68511303738e-05	0.000293209668505	3.37022607477e-06	0.000363984416075	1.68511303738e-05	0	5.05533911215e-05	0.000128068590841	0.000202213564486	0.000390946224673	0	6.74045214953e-05	0.00057293843271	0.000299950120654	9.77365561682e-05	0.00177947936748	0.00169859394168	0.00427681688888	9.77365561682e-05	2.35915825234e-05	4.04427128972e-05	0	0	0	0.000151660173364	0.000556087302336	0.000276358538131	0.00050890413729	0.000107847234392	6.40342954205e-05	1.01106782243e-05	3.37022607477e-05	0.00021232424271	0.000387575998598	0.000252766955607	4.38129389719e-05	0	0	1.68511303738e-05
0.00209965084458	0.000909961040187	0.0377094595505	0	1.34809042991e-05	1.68511303738e-05	0.000242656277383	0.0042464848542	0.00107847234392	0.000185362434112	0.000114587686542	0.00035387373785	1.34809042991e-05	0.000117957912617	0.0014289758557	1.34809042991e-05	0.000387575998598	0.00809528303159	8.76258779439e-05	0.000633602502056	1.68511303738e-05	0.00263551679047	0.000677415441028	0.0152165707276	0.000630232275981	1.68511303738e-05	0.00919734695803	0.0145324148344	0.00311745911916	0.000562827754486	0.00218053627037	6.40342954205e-05	3.70724868224e-05	4.04427128972e-05	0.00310734844093	1.34809042991e-05	0.00297927985009	0.00130090726486	0	3.37022607477e-06	0	0	7.07747475701e-05	2.69618085981e-05	9.43663300934e-05	2.02213564486e-05	3.37022607477e-05	0	3.70724868224e-05	6.40342954205e-05	0	0.000175251755888	0.000384205772523	4.04427128972e-05	0.000107847234392	3.37022607477e-06	0.000114587686542	0.00109869370037	0.000717858153925	0.000114587686542	6.06640693458e-05	0.00099758691813	0.00367354642149	0.00014828994729	5.39236171962e-05	5.05533911215e-05	3.37022607477e-06	3.37022607477e-06	3.37022607477e-06	0.000128068590841	0.00300961188477	0.00111891505682	0.00338370697906	0.0010548807614	0.000124698364766	0.00014154949514	6.74045214953e-06	0.000293209668505	0.000316801251028	0.000188732660187	7.75151997196e-05	0	3.37022607477e-06	3.37022607477e-06
0	0	0	0	0	0	0	0	0	0	0	0	0	0	0	0	0	0	0	0	0	0	0	0	0	0	0	0	0	0	0	0	0	0	0	0	0	0	0	0	0	0	0	0	0	0	0	0	0	0	0	0	0	0	0	0	0	0	0	0	0	0	0	0	0	0	0	0	0	0	0	0	0	0	0	0	0	0	0	0	0	0	0	0
0.000202213564486	3.37022607477e-06	1.34809042991e-05	0	0.0199011849715	4.04427128972e-05	0.00121328138692	0.00244004367813	0.000930182396635	0.00057293843271	0.00312419957131	5.05533911215e-05	0.00288491352	1.68511303738e-05	0.000454980520093	0.00014154949514	3.37022607477e-06	1.01106782243e-05	6.74045214953e-06	1.34809042991e-05	0.00681459712318	6.74045214953e-06	3.37022607477e-06	1.01106782243e-05	0.00815594710093	3.37022607477e-06	2.35915825234e-05	3.37022607477e-05	0.00672697124523	0.000249396729533	2.02213564486e-05	3.37022607477e-06	3.37022607477e-05	0	0.000276358538131	3.37022607477e-06	3.37022607477e-06	0	0	0.00319497431888	6.74045214953e-06	0.000266247859906	2.35915825234e-05	5.05533911215e-05	0.000185362434112	0.00100769759635	1.68511303738e-05	0.00102454872673	3.37022607477e-06	0.000121328138692	2.02213564486e-05	0	3.37022607477e-06	3.37022607477e-06	0	0.00202213564486	3.37022607477e-06	3.37022607477e-06	3.37022607477e-06	0.000613381145607	0	6.74045214953e-06	3.37022607477e-06	0.00107173189178	0.000198843338411	0	0	6.74045214953e-06	6.74045214953e-06	0.000158400625514	0.000128068590841	1.01106782243e-05	0.000387575998598	4.71831650467e-05	0.000202213564486	6.74045214953e-05	0	3.70724868224e-05	3.37022607477e-06	8.76258779439e-05	0	4.38129389719e-05	2.02213564486e-05	0
6.74045214953e-05	1.01106782243e-05	1.68511303738e-05	0	4.04427128972e-05	0.00816605777916	0.00492727052131	0.000323541703177	0.00175588778495	0.000252766955607	0.000262877633832	0.000121328138692	0.000128068590841	4.04427128972e-05	0.000316801251028	0.00167500235916	1.01106782243e-05	2.02213564486e-05	6.74045214953e-06	3.37022607477e-05	4.38129389719e-05	2.35915825234e-05	1.34809042991e-05	3.37022607477e-05	0.000215694468785	0	5.7293843271e-05	4.38129389719e-05	0.000232545599159	0.000363984416075	3.70724868224e-05	3.37022607477e-06	0.00192439908869	1.68511303738e-05	0.000717858153925	0	0	3.37022607477e-06	0	3.37022607477e-06	0	0	0	3.37022607477e-06	3.37022607477e-05	3.37022607477e-06	0	0	0	3.37022607477e-06	0	0	0	0	0	3.37022607477e-06	3.37022607477e-06	6.74045214953e-06	0	3.37022607477e-05	0	0	3.37022607477e-06	3.03320346729e-05	3.37022607477e-06	0	0	0	0	1.01106782243e-05	0.000320171477103	2.35915825234e-05	0.000434759163645	0.000178621981963	0.000957144205233	0.000630232275981	0	6.74045214953e-06	0	1.01106782243e-05	6.74045214953e-06	0	0	0
0.00220749807897	4.04427128972e-05	0.000242656277383	0	0.00121328138692	0.00492727052131	0.0526833740007	0.00866485123822	0.0289097992693	0.000869518327289	0.0190047048356	0.000697636797476	0.00650790655037	0.000175251755888	0.00520362905944	0.00337022607477	2.35915825234e-05	0.000229175373084	4.04427128972e-05	0.000256137181682	0.00252429933	0.000181992208037	3.70724868224e-05	0.000357243963925	0.00156378489869	0	0.00050890413729	0.000266247859906	0.0046340608528	0.00171544507206	0.000343763059626	5.39236171962e-05	0.00204235700131	4.04427128972e-05	0.00279391741598	0	1.34809042991e-05	1.01106782243e-05	0	5.05533911215e-05	0	3.37022607477e-06	2.35915825234e-05	1.34809042991e-05	0.000192102886262	3.03320346729e-05	0	1.68511303738e-05	6.74045214953e-06	1.34809042991e-05	6.74045214953e-06	0	0	0	6.74045214953e-06	2.35915825234e-05	1.01106782243e-05	3.70724868224e-05	6.74045214953e-06	0.000276358538131	1.01106782243e-05	1.68511303738e-05	1.68511303738e-05	0.000202213564486	2.35915825234e-05	6.74045214953e-06	0	0	3.37022607477e-06	2.35915825234e-05	0.00136831178635	0.000114587686542	0.00223783011364	0.000583049110934	0.00231871553944	0.000488682780841	1.68511303738e-05	2.69618085981e-05	6.74045214953e-06	1.01106782243e-05	6.74045214953e-06	6.74045214953e-06	0	0
0.0159243182033	0.000222434920934	0.0042464848542	0	0.00244004367813	0.000323541703177	0.00866485123822	0.0729519136144	0.0171544507206	0.0032859704229	0.0142729074266	0.000788632901495	0.000893109909813	0.000310060798878	0.0144043462435	0.000454980520093	0.000256137181682	0.00256811226897	0.00014828994729	0.000903220588037	0.00086277787514	0.0042330039499	0.000461720972243	0.00745156985131	0.00760323002467	1.34809042991e-05	0.0022176087572	0.00166826190701	0.035926609957	0.00634276547271	0.0110105285863	4.38129389719e-05	0.000293209668505	0.000350503511776	0.00750886369458	1.34809042991e-05	0.000279728764206	0.000185362434112	0	0.000485312554766	0	3.70724868224e-05	0.000262877633832	6.74045214953e-05	0.00157389557692	0.000316801251028	1.01106782243e-05	9.09961040187e-05	2.02213564486e-05	0.000111217460467	3.03320346729e-05	8.42556518691e-05	4.71831650467e-05	1.01106782243e-05	2.02213564486e-05	0.000266247859906	0.000178621981963	0.000626862049906	0.000246026503458	0.00209291039243	1.34809042991e-05	0.000107847234392	0.000347133285701	0.00139190336888	0.000222434920934	0.000138179269065	0	3.37022607477e-06	2.69618085981e-05	0.000232545599159	0.00313431024953	0.000367354642149	0.00671349034093	0.00185362434112	0.00157389557692	0.000761671092897	2.69618085981e-05	0.000303320346729	8.42556518691e-05	0.000158400625514	4.71831650467e-05	3.37022607477e-05	1.01106782243e-05	0
0.0102454872673	9.09961040187e-05	0.00107847234392	0	0.000930182396635	0.00175588778495	0.0289097992693	0.0171544507206	0.0642601005675	0.000906590814112	0.0174105879022	0.00192102886262	0.0021502042357	0.000465091198318	0.0225569231184	0.00057967888486	9.43663300934e-05	0.000943663300934	0.000117957912617	0.000754930640747	0.00132112862131	0.000697636797476	0.000134809042991	0.00150649105542	0.00218053627037	3.03320346729e-05	0.00143908653392	0.000724598606074	0.00648768519392	0.00480594238262	0.0014828994729	0.000151660173364	0.00290513487645	0.000121328138692	0.00657868129794	6.74045214953e-06	7.75151997196e-05	2.69618085981e-05	0	8.42556518691e-05	3.37022607477e-06	1.01106782243e-05	6.40342954205e-05	2.02213564486e-05	0.000485312554766	6.06640693458e-05	1.68511303738e-05	1.34809042991e-05	2.69618085981e-05	4.71831650467e-05	6.74045214953e-06	2.35915825234e-05	6.74045214953e-06	0	1.34809042991e-05	3.37022607477e-05	5.7293843271e-05	0.000151660173364	4.04427128972e-05	0.000559457528411	2.35915825234e-05	5.05533911215e-05	9.43663300934e-05	0.000454980520093	6.40342954205e-05	5.39236171962e-05	0	0	6.74045214953e-06	4.71831650467e-05	0.0021906469486	0.000246026503458	0.00458350746168	0.0011357661872	0.00217379581822	0.000576308658785	4.38129389719e-05	8.42556518691e-05	3.03320346729e-05	4.38129389719e-05	1.34809042991e-05	6.74045214953e-06	0	0
0.000950403753084	0.00185025411505	0.000185362434112	0	0.00057293843271	0.000252766955607	0.000869518327289	0.0032859704229	0.000906590814112	0.0259810728104	0.00057293843271	8.42556518691e-05	0.00161096806374	0.000124698364766	0.000970625109532	0.00159748715944	0.00028309899028	0.000101106782243	2.02213564486e-05	6.74045214953e-05	0.000380835546448	0.000202213564486	0.00347133285701	0.000377465320374	0.0122709931382	9.43663300934e-05	0.000252766955607	0.0010144380485	0.00615066258645	0.00161770851589	0.000963884657383	2.02213564486e-05	4.38129389719e-05	0.000144919721215	0.000893109909813	6.06640693458e-05	9.09961040187e-05	8.42556518691e-05	0	0.0010144380485	1.01106782243e-05	9.43663300934e-05	0.000640342954205	0.000124698364766	0.00619447552542	0.000717858153925	3.70724868224e-05	0.000347133285701	1.34809042991e-05	0.000235915825234	8.08854257944e-05	0.000101106782243	2.35915825234e-05	6.74045214953e-06	1.01106782243e-05	0.000549346850187	0.000384205772523	0.00117283867402	0.000246026503458	0.00503174752962	2.02213564486e-05	3.70724868224e-05	0.000158400625514	0.00337359630084	0.000428018711495	0.000394316450748	0	3.37022607477e-06	6.06640693458e-05	0.000505533911215	0.00132449884738	0.000107847234392	0.0013750522385	0.000599900241308	0.00191428841047	0.000185362434112	1.01106782243e-05	0.00049542323299	0.000134809042991	0.000340392833551	0.000104477008318	0.000128068590841	3.37022607477e-05	3.37022607477e-06
0.00202550587093	4.38129389719e-05	0.000114587686542	0	0.00312419957131	0.000262877633832	0.0190047048356	0.0142729074266	0.0174105879022	0.00057293843271	0.0471696841424	0.00050890413729	0.00348144353523	0.00014828994729	0.00587767427439	0.000198843338411	1.01106782243e-05	0.000144919721215	5.7293843271e-05	0.000198843338411	0.00236589870449	0.000117957912617	3.03320346729e-05	0.000256137181682	0.00171881529813	0	0.000333652381402	0.000205583790561	0.0083210881786	0.00186036479327	0.000269618085981	2.35915825234e-05	0.000269618085981	3.03320346729e-05	0.00235578802626	1.01106782243e-05	2.69618085981e-05	2.35915825234e-05	0	0.00127394545626	0	0.000202213564486	5.39236171962e-05	8.08854257944e-05	0.000256137181682	0.00106499143963	1.68511303738e-05	0.000734709284299	1.34809042991e-05	0.000225805147009	1.34809042991e-05	0	6.74045214953e-06	3.37022607477e-06	1.01106782243e-05	0.0013750522385	1.34809042991e-05	4.04427128972e-05	2.02213564486e-05	0.000623491823832	1.34809042991e-05	2.02213564486e-05	3.03320346729e-05	0.000320171477103	0.000272988312056	6.74045214953e-06	0	3.37022607477e-06	3.37022607477e-06	0.000235915825234	0.00102454872673	6.40342954205e-05	0.00253441000822	0.000367354642149	0.000616751371682	0.00028309899028	1.01106782243e-05	9.77365561682e-05	2.35915825234e-05	0.000168511303738	2.35915825234e-05	2.69618085981e-05	1.01106782243e-05	0
0.000586419337009	0.000407797355047	0.00035387373785	0	5.05533911215e-05	0.000121328138692	0.000697636797476	0.000788632901495	0.00192102886262	8.42556518691e-05	0.00050890413729	0.0298534625703	0.000104477008318	0.00610010919532	0.00157389557692	2.02213564486e-05	5.7293843271e-05	0.00194462044514	0.00276695560738	0.00592148721336	9.09961040187e-05	0.000367354642149	6.06640693458e-05	0.000663934536729	0.000175251755888	0.000640342954205	0.00915690424514	0.00253103978215	0.000458350746168	0.00268607018159	0.000401056902897	0.00265236792084	0.000448240067944	1.34809042991e-05	0.0120552986694	3.37022607477e-06	0.000616751371682	4.38129389719e-05	0	6.74045214953e-06	0	3.37022607477e-06	1.01106782243e-05	3.37022607477e-06	3.70724868224e-05	1.34809042991e-05	0.000428018711495	0	0.000943663300934	1.01106782243e-05	0	6.74045214953e-06	1.01106782243e-05	0.000111217460467	0.000101106782243	6.74045214953e-06	1.68511303738e-05	6.06640693458e-05	3.03320346729e-05	5.7293843271e-05	0.00114587686542	0.000663934536729	0.000549346850187	3.37022607477e-05	3.37022607477e-05	1.68511303738e-05	3.37022607477e-06	0	0	7.41449736448e-05	0.000761671092897	0.00325226816215	0.00547998759757	0.000744819962523	0.000138179269065	0.000151660173364	0.000967254883458	1.68511303738e-05	0.000316801251028	9.77365561682e-05	1.68511303738e-05	3.37022607477e-06	3.37022607477e-06	2.02213564486e-05
0.000111217460467	2.35915825234e-05	1.34809042991e-05	0	0.00288491352	0.000128068590841	0.00650790655037	0.000893109909813	0.0021502042357	0.00161096806374	0.00348144353523	0.000104477008318	0.0201674328314	1.34809042991e-05	0.000751560414673	0.00152334218579	6.74045214953e-06	2.35915825234e-05	6.74045214953e-06	4.04427128972e-05	0.00955796114803	1.34809042991e-05	1.01106782243e-05	1.34809042991e-05	0.00333989404009	3.37022607477e-06	6.74045214953e-05	5.05533911215e-05	0.00147278879467	0.000313431024953	1.01106782243e-05	1.01106782243e-05	5.7293843271e-05	3.37022607477e-06	0.000384205772523	0	6.74045214953e-06	3.37022607477e-06	0	5.05533911215e-05	0	0	6.74045214953e-06	0	9.43663300934e-05	2.69618085981e-05	0	6.74045214953e-05	0	0	3.37022607477e-06	0	0	0	0	2.35915825234e-05	3.37022607477e-06	6.74045214953e-06	0	0.00014154949514	3.37022607477e-06	3.37022607477e-06	6.74045214953e-06	0.000101106782243	0	0	0	0	0	0	0.000144919721215	1.68511303738e-05	0.000363984416075	5.7293843271e-05	0.000738079510374	6.06640693458e-05	3.37022607477e-06	3.37022607477e-06	0	0	0	1.34809042991e-05	0	0
0.000134809042991	0.00042464848542	0.000117957912617	0	1.68511303738e-05	4.04427128972e-05	0.000175251755888	0.000310060798878	0.000465091198318	0.000124698364766	0.00014828994729	0.00610010919532	1.34809042991e-05	0.0162984132976	0.00035387373785	1.34809042991e-05	7.41449736448e-05	0.000195473112336	0.000158400625514	0.00036061419	2.02213564486e-05	0.000161770851589	9.09961040187e-05	0.000279728764206	0.000225805147009	0.00143908653392	0.00275010447701	0.00235915825234	0.000347133285701	0.000566197980561	0.000121328138692	0.00296579894579	0.000117957912617	3.37022607477e-05	0.00211313174888	0	0.000562827754486	2.02213564486e-05	0	1.01106782243e-05	0	0	1.34809042991e-05	6.74045214953e-06	6.74045214953e-05	1.34809042991e-05	0.000798743579719	0	0.0021232424271	1.34809042991e-05	0	1.01106782243e-05	1.34809042991e-05	6.74045214953e-05	5.39236171962e-05	3.37022607477e-06	2.02213564486e-05	6.06640693458e-05	4.38129389719e-05	4.71831650467e-05	0.00159074670729	0.000552717076261	0.000448240067944	4.04427128972e-05	5.05533911215e-05	1.01106782243e-05	1.34809042991e-05	3.37022607477e-06	6.74045214953e-06	0.000117957912617	0.000690896345327	0.00349492443953	0.00265236792084	0.00115935776972	0.000188732660187	0.000977365561682	0.00104477008318	4.71831650467e-05	0.000485312554766	0.000158400625514	4.38129389719e-05	3.37022607477e-06	3.37022607477e-06	8.08854257944e-05
0.015462597231	8.76258779439e-05	0.0014289758557	0	0.000454980520093	0.000316801251028	0.00520362905944	0.0144043462435	0.0225569231184	0.000970625109532	0.00587767427439	0.00157389557692	0.000751560414673	0.00035387373785	0.0429703824533	0.000124698364766	0.000111217460467	0.0014289758557	0.000158400625514	0.000741449736448	0.000525755267663	0.000889739683738	0.000181992208037	0.00187047547149	0.00206931880991	2.35915825234e-05	0.00144919721215	0.000761671092897	0.00446217932299	0.0125608325806	0.0029253562329	7.75151997196e-05	0.00125372409981	0.000259507407757	0.00622817778617	6.74045214953e-06	0.000107847234392	5.05533911215e-05	0	0.000107847234392	0	6.74045214953e-06	0.000124698364766	2.69618085981e-05	0.000512274363364	5.05533911215e-05	1.68511303738e-05	2.02213564486e-05	2.02213564486e-05	5.7293843271e-05	3.37022607477e-06	3.37022607477e-05	6.74045214953e-06	3.37022607477e-06	3.37022607477e-06	4.38129389719e-05	7.41449736448e-05	0.000161770851589	6.40342954205e-05	0.000522385041589	3.70724868224e-05	6.06640693458e-05	0.000144919721215	0.000438129389719	8.42556518691e-05	5.7293843271e-05	0	0	3.37022607477e-06	5.39236171962e-05	0.00172892597635	0.000242656277383	0.00382183636878	0.000947033527009	0.00107510211785	0.000347133285701	3.37022607477e-05	0.000101106782243	4.71831650467e-05	4.04427128972e-05	1.01106782243e-05	1.34809042991e-05	0	0
4.38129389719e-05	4.38129389719e-05	1.34809042991e-05	0	0.00014154949514	0.00167500235916	0.00337022607477	0.000454980520093	0.00057967888486	0.00159748715944	0.000198843338411	2.02213564486e-05	0.00152334218579	1.34809042991e-05	0.000124698364766	0.00739764623411	2.02213564486e-05	1.01106782243e-05	0	0	0.000185362434112	1.68511303738e-05	4.38129389719e-05	3.03320346729e-05	0.000973995335607	0	2.02213564486e-05	3.03320346729e-05	0.000593159789159	9.77365561682e-05	4.04427128972e-05	3.37022607477e-06	9.09961040187e-05	1.68511303738e-05	0.000134809042991	0	6.74045214953e-06	3.37022607477e-06	0	2.35915825234e-05	0	0	0	6.74045214953e-06	0.000101106782243	6.74045214953e-06	0	6.74045214953e-06	0	3.37022607477e-06	3.37022607477e-06	6.74045214953e-06	3.37022607477e-06	0	0	3.37022607477e-06	2.69618085981e-05	1.68511303738e-05	4.04427128972e-05	8.42556518691e-05	3.37022607477e-06	3.37022607477e-06	2.02213564486e-05	6.40342954205e-05	1.01106782243e-05	1.34809042991e-05	0	0	0	2.02213564486e-05	0.000144919721215	1.01106782243e-05	0.000178621981963	7.41449736448e-05	0.00202887609701	6.40342954205e-05	3.37022607477e-06	4.71831650467e-05	1.34809042991e-05	2.02213564486e-05	2.69618085981e-05	1.01106782243e-05	3.37022607477e-06	0
0.000165141077663	0.000296579894579	0.000387575998598	0	3.37022607477e-06	1.01106782243e-05	2.35915825234e-05	0.000256137181682	9.43663300934e-05	0.00028309899028	1.01106782243e-05	5.7293843271e-05	6.74045214953e-06	7.41449736448e-05	0.000111217460467	2.02213564486e-05	0.0186542013238	0.000229175373084	6.74045214953e-06	7.75151997196e-05	3.37022607477e-06	0.00354547783065	0.00457002655738	0.00616414349075	0.00609673896925	1.01106782243e-05	0.000208954016635	0.0031781231885	0.00296916917187	0.000144919721215	0.00078526267542	3.37022607477e-06	1.01106782243e-05	5.05533911215e-05	0.00104477008318	0	8.42556518691e-05	0.00014154949514	0	0	0	6.74045214953e-06	4.04427128972e-05	2.69618085981e-05	0.000117957912617	1.68511303738e-05	6.74045214953e-06	0	0	2.69618085981e-05	0	0.000845926744766	4.71831650467e-05	0	2.02213564486e-05	0	0.000377465320374	0.00231871553944	0.00112565550897	0.000128068590841	0	5.05533911215e-05	0.000380835546448	0.000171881529813	2.35915825234e-05	0.000111217460467	0	0	6.74045214953e-06	7.75151997196e-05	0.00205246767953	0.000667304762803	0.00129753703878	0.000633602502056	0.000266247859906	0.000158400625514	1.01106782243e-05	0.000138179269065	9.43663300934e-05	7.41449736448e-05	6.06640693458e-05	1.01106782243e-05	3.37022607477e-06	3.37022607477e-06
0.00218390649645	0.000529125493738	0.00809528303159	0	1.01106782243e-05	2.02213564486e-05	0.000229175373084	0.00256811226897	0.000943663300934	0.000101106782243	0.000144919721215	0.00194462044514	2.35915825234e-05	0.000195473112336	0.0014289758557	1.01106782243e-05	0.000229175373084	0.0319733347713	0.000549346850187	0.00774814974588	2.35915825234e-05	0.00265236792084	0.000225805147009	0.00663260491514	0.000323541703177	4.38129389719e-05	0.0127091225279	0.00694940616617	0.00146267811645	0.00122002183906	0.00324889793607	0.000111217460467	4.38129389719e-05	2.69618085981e-05	0.011135226951	3.37022607477e-06	0.00147615902075	0.000343763059626	0	3.37022607477e-06	0	3.37022607477e-06	2.35915825234e-05	6.74045214953e-06	7.75151997196e-05	0	7.07747475701e-05	3.37022607477e-06	8.76258779439e-05	2.35915825234e-05	3.37022607477e-06	3.70724868224e-05	0.00014828994729	0.000104477008318	0.000168511303738	3.37022607477e-06	5.39236171962e-05	0.00021232424271	0.000175251755888	7.41449736448e-05	0.000181992208037	0.0010144380485	0.00177947936748	5.39236171962e-05	4.04427128972e-05	2.02213564486e-05	3.37022607477e-06	0	0	6.74045214953e-05	0.00210639129673	0.000872888553364	0.00384205772523	0.00117957912617	0.000111217460467	9.43663300934e-05	2.02213564486e-05	0.000178621981963	0.000252766955607	0.000124698364766	5.7293843271e-05	0	0	0
0.000111217460467	0.00014154949514	8.76258779439e-05	0	6.74045214953e-06	6.74045214953e-06	4.04427128972e-05	0.00014828994729	0.000117957912617	2.02213564486e-05	5.7293843271e-05	0.00276695560738	6.74045214953e-06	0.000158400625514	0.000158400625514	0	6.74045214953e-06	0.000549346850187	0.00570916297065	0.00309386753663	6.74045214953e-06	0.000114587686542	1.34809042991e-05	0.000107847234392	1.68511303738e-05	6.40342954205e-05	0.00207942948813	0.000357243963925	8.08854257944e-05	0.000192102886262	0.000107847234392	0.000144919721215	2.69618085981e-05	3.37022607477e-06	0.0010548807614	0	0.000165141077663	6.74045214953e-06	0	0	0	0	6.74045214953e-06	0	6.74045214953e-06	6.74045214953e-06	6.40342954205e-05	0	0.000128068590841	3.37022607477e-06	0	6.74045214953e-06	3.37022607477e-06	3.37022607477e-05	1.68511303738e-05	0	0	6.74045214953e-06	6.74045214953e-06	1.34809042991e-05	0.000232545599159	0.000124698364766	0.000117957912617	1.01106782243e-05	6.74045214953e-06	0	3.37022607477e-06	0	0	2.35915825234e-05	0.00014828994729	0.000131438816916	0.000515644589439	9.77365561682e-05	1.34809042991e-05	1.34809042991e-05	1.01106782243e-05	0	4.04427128972e-05	3.03320346729e-05	6.74045214953e-06	0	0	3.37022607477e-06
0.000754930640747	0.000414537807196	0.000633602502056	0	1.34809042991e-05	3.37022607477e-05	0.000256137181682	0.000903220588037	0.000754930640747	6.74045214953e-05	0.000198843338411	0.00592148721336	4.04427128972e-05	0.00036061419	0.000741449736448	0	7.75151997196e-05	0.00774814974588	0.00309386753663	0.0186676822281	3.70724868224e-05	0.000711117701775	7.07747475701e-05	0.00113913641327	0.000168511303738	0.000128068590841	0.00831771795252	0.0029253562329	0.000488682780841	0.000849296970841	0.000802113805794	0.000229175373084	9.09961040187e-05	1.34809042991e-05	0.00834467976112	0	0.000731339058224	6.06640693458e-05	0	0	0	3.37022607477e-06	1.01106782243e-05	0	2.69618085981e-05	3.37022607477e-06	0.000151660173364	0	0.000246026503458	6.74045214953e-06	0	1.34809042991e-05	1.34809042991e-05	0.000114587686542	0.00014154949514	0	1.01106782243e-05	6.74045214953e-05	4.38129389719e-05	4.71831650467e-05	0.000576308658785	0.000674045214953	0.000727968832149	4.38129389719e-05	2.02213564486e-05	0	0	0	0	4.71831650467e-05	0.00120991116084	0.000448240067944	0.00358255031748	0.000923441944486	9.77365561682e-05	7.75151997196e-05	3.03320346729e-05	5.7293843271e-05	0.000144919721215	8.08854257944e-05	2.02213564486e-05	3.37022607477e-06	3.37022607477e-06	1.34809042991e-05
8.08854257944e-05	3.37022607477e-06	1.68511303738e-05	0	0.00681459712318	4.38129389719e-05	0.00252429933	0.00086277787514	0.00132112862131	0.000380835546448	0.00236589870449	9.09961040187e-05	0.00955796114803	2.02213564486e-05	0.000525755267663	0.000185362434112	3.37022607477e-06	2.35915825234e-05	6.74045214953e-06	3.70724868224e-05	0.0156951428302	3.37022607477e-06	0	1.68511303738e-05	0.00487334690411	0	6.06640693458e-05	3.03320346729e-05	0.00197832270589	0.000296579894579	6.74045214953e-06	6.74045214953e-06	4.38129389719e-05	0	0.000337022607477	0	0	0	0	4.71831650467e-05	0	3.37022607477e-06	6.74045214953e-06	3.37022607477e-06	4.04427128972e-05	3.03320346729e-05	0	6.74045214953e-06	0	3.37022607477e-06	0	0	0	0	0	2.69618085981e-05	0	0	0	8.42556518691e-05	0	0	0	4.71831650467e-05	3.37022607477e-06	0	0	0	0	3.37022607477e-06	0.000128068590841	1.34809042991e-05	0.000333652381402	4.04427128972e-05	0.000229175373084	5.05533911215e-05	0	0	0	3.37022607477e-06	0	6.74045214953e-06	0	0
0.00127394545626	0.00021906469486	0.00263551679047	0	6.74045214953e-06	2.35915825234e-05	0.000181992208037	0.0042330039499	0.000697636797476	0.000202213564486	0.000117957912617	0.000367354642149	1.34809042991e-05	0.000161770851589	0.000889739683738	1.68511303738e-05	0.00354547783065	0.00265236792084	0.000114587686542	0.000711117701775	3.37022607477e-06	0.0440892975101	0.00125372409981	0.0204437913695	0.00164467032449	6.74045214953e-06	0.00125709432589	0.00218053627037	0.00911309130616	0.00193787999299	0.0144313080521	1.68511303738e-05	2.02213564486e-05	0.00014828994729	0.00956470160018	1.34809042991e-05	0.000296579894579	0.000269618085981	0	3.37022607477e-06	0	0	5.39236171962e-05	1.34809042991e-05	0.000165141077663	3.70724868224e-05	3.37022607477e-06	0	3.37022607477e-06	2.35915825234e-05	3.37022607477e-06	0.000498793459065	5.39236171962e-05	1.01106782243e-05	3.70724868224e-05	0	0.000198843338411	0.00156378489869	0.000788632901495	0.000138179269065	1.01106782243e-05	8.76258779439e-05	0.000532495719813	0.000192102886262	1.34809042991e-05	9.43663300934e-05	0	0	6.74045214953e-06	4.71831650467e-05	0.00289502419822	0.000812224484018	0.00523733132018	0.00216705536607	0.000798743579719	0.000519014815514	1.01106782243e-05	0.000161770851589	9.09961040187e-05	7.41449736448e-05	6.74045214953e-05	1.34809042991e-05	3.37022607477e-06	0
0.000256137181682	0.00237937960878	0.000677415441028	0	3.37022607477e-06	1.34809042991e-05	3.70724868224e-05	0.000461720972243	0.000134809042991	0.00347133285701	3.03320346729e-05	6.06640693458e-05	1.01106782243e-05	9.09961040187e-05	0.000181992208037	4.38129389719e-05	0.00457002655738	0.000225805147009	1.34809042991e-05	7.07747475701e-05	0	0.00125372409981	0.0193248763127	0.00329271087505	0.00455317542701	8.08854257944e-05	0.000323541703177	0.00391620269888	0.00203561654916	0.000266247859906	0.000765041318972	2.35915825234e-05	0	3.70724868224e-05	0.000744819962523	2.02213564486e-05	0.000411167581121	0.000556087302336	0	1.34809042991e-05	0	0	0.000104477008318	1.68511303738e-05	0.000515644589439	3.37022607477e-05	2.35915825234e-05	3.37022607477e-06	3.37022607477e-06	3.37022607477e-05	0	0.00162444896804	8.76258779439e-05	1.01106782243e-05	4.04427128972e-05	3.37022607477e-06	0.000866148101215	0.0057967888486	0.00199854406234	0.000397686676822	3.03320346729e-05	0.000104477008318	0.00127731568234	0.000576308658785	5.7293843271e-05	0.000229175373084	0	0	1.01106782243e-05	0.000155030399439	0.00124024319551	0.000313431024953	0.000704377249626	0.000293209668505	0.000155030399439	7.41449736448e-05	3.37022607477e-06	0.000313431024953	0.000246026503458	0.000188732660187	8.76258779439e-05	1.01106782243e-05	1.01106782243e-05	0
0.00268269995551	0.000805484031869	0.0152165707276	0	1.01106782243e-05	3.37022607477e-05	0.000357243963925	0.00745156985131	0.00150649105542	0.000377465320374	0.000256137181682	0.000663934536729	1.34809042991e-05	0.000279728764206	0.00187047547149	3.03320346729e-05	0.00616414349075	0.00663260491514	0.000107847234392	0.00113913641327	1.68511303738e-05	0.0204437913695	0.00329271087505	0.0681021582928	0.00225805147009	1.34809042991e-05	0.00336011539654	0.0125507219024	0.00887043502878	0.00265236792084	0.00698647865299	4.04427128972e-05	4.71831650467e-05	9.77365561682e-05	0.0121833672603	1.68511303738e-05	0.00141212472533	0.00144245676	0	3.37022607477e-06	0	1.01106782243e-05	0.000155030399439	2.02213564486e-05	0.000313431024953	7.07747475701e-05	2.35915825234e-05	3.37022607477e-06	2.02213564486e-05	4.38129389719e-05	0	0.00151323150757	0.000259507407757	2.35915825234e-05	5.7293843271e-05	3.37022607477e-06	0.000468461424392	0.00531147629383	0.00273325334663	0.000272988312056	3.70724868224e-05	0.000326911929252	0.00290513487645	0.000428018711495	5.39236171962e-05	0.000185362434112	3.37022607477e-06	0	0	0.000161770851589	0.00708084498308	0.00193113954084	0.00884010299411	0.00376454252551	0.00100432737028	0.000684155893177	1.01106782243e-05	0.000515644589439	0.000401056902897	0.000225805147009	0.000185362434112	2.02213564486e-05	1.34809042991e-05	6.74045214953e-06
0.00199517383626	0.00119306003047	0.000630232275981	0	0.00815594710093	0.000215694468785	0.00156378489869	0.00760323002467	0.00218053627037	0.0122709931382	0.00171881529813	0.000175251755888	0.00333989404009	0.000225805147009	0.00206931880991	0.000973995335607	0.00609673896925	0.000323541703177	1.68511303738e-05	0.000168511303738	0.00487334690411	0.00164467032449	0.00455317542701	0.00225805147009	0.0543752274903	5.05533911215e-05	0.000343763059626	0.00230186440906	0.0235545100365	0.00335674517047	0.00287480284177	1.01106782243e-05	9.43663300934e-05	0.00042464848542	0.00295231804149	3.03320346729e-05	0.000107847234392	0.000144919721215	0	0.000478572102617	3.37022607477e-06	7.07747475701e-05	0.000448240067944	8.42556518691e-05	0.00285121125925	0.000347133285701	3.37022607477e-05	0.000121328138692	3.37022607477e-06	0.000155030399439	2.69618085981e-05	0.000357243963925	4.04427128972e-05	1.34809042991e-05	2.02213564486e-05	0.000215694468785	0.000633602502056	0.00183340298467	0.000623491823832	0.00270966176411	6.74045214953e-06	5.39236171962e-05	0.000198843338411	0.00224120033972	0.000306690572804	0.000310060798878	0	0	6.40342954205e-05	0.000363984416075	0.00379150433411	0.000529125493738	0.00353536715243	0.0014828994729	0.00166826190701	0.00049542323299	2.69618085981e-05	0.000498793459065	0.000202213564486	0.00028983944243	0.000117957912617	6.06640693458e-05	2.02213564486e-05	1.01106782243e-05
3.37022607477e-06	0.000670674988878	1.68511303738e-05	0	3.37022607477e-06	0	0	1.34809042991e-05	3.03320346729e-05	9.43663300934e-05	0	0.000640342954205	3.37022607477e-06	0.00143908653392	2.35915825234e-05	0	1.01106782243e-05	4.38129389719e-05	6.40342954205e-05	0.000128068590841	0	6.74045214953e-06	8.08854257944e-05	1.34809042991e-05	5.05533911215e-05	0.00475201876542	0.000535865945888	0.0014559376643	3.37022607477e-06	4.71831650467e-05	1.01106782243e-05	0.000178621981963	1.01106782243e-05	3.37022607477e-06	0.00021906469486	0	0.000593159789159	6.74045214953e-06	0	0	0	0	0	0	0	0	0.000390946224673	0	0.000660564310654	3.37022607477e-06	0	0	0	4.71831650467e-05	4.71831650467e-05	0	3.37022607477e-06	3.37022607477e-06	1.01106782243e-05	0	0.00110543415252	0.000340392833551	0.000286469216355	0	1.68511303738e-05	0	0	3.37022607477e-06	0	3.70724868224e-05	3.70724868224e-05	0.000701007023551	0.000131438816916	2.02213564486e-05	6.74045214953e-06	0	0.000583049110934	1.34809042991e-05	0.000124698364766	5.7293843271e-05	3.37022607477e-06	0	0	2.69618085981e-05
0.00153008263794	0.00213335310533	0.00919734695803	0	2.35915825234e-05	5.7293843271e-05	0.00050890413729	0.0022176087572	0.00143908653392	0.000252766955607	0.000333652381402	0.00915690424514	6.74045214953e-05	0.00275010447701	0.00144919721215	2.02213564486e-05	0.000208954016635	0.0127091225279	0.00207942948813	0.00831771795252	6.06640693458e-05	0.00125709432589	0.000323541703177	0.00336011539654	0.000343763059626	0.000535865945888	0.0591946507772	0.0183239191685	0.00111554483075	0.00139190336888	0.00159074670729	0.00406449264617	0.000151660173364	4.71831650467e-05	0.00931530487065	1.34809042991e-05	0.00537888081533	0.000519014815514	0	3.37022607477e-06	0	3.37022607477e-06	5.7293843271e-05	1.34809042991e-05	7.07747475701e-05	2.69618085981e-05	0.000967254883458	0	0.00160085738551	5.05533911215e-05	0	4.71831650467e-05	0.000242656277383	0.00071448792785	0.0011357661872	3.37022607477e-06	5.05533911215e-05	0.00021906469486	0.000205583790561	7.07747475701e-05	0.00314105070168	0.00464417153103	0.00564849890131	7.75151997196e-05	0.000107847234392	2.69618085981e-05	2.69618085981e-05	0	0	0.00028309899028	0.00345785195271	0.0021097615228	0.0063966890899	0.00166489168093	0.000158400625514	0.000144919721215	8.08854257944e-05	0.00021906469486	0.000761671092897	0.000498793459065	7.07747475701e-05	0	3.37022607477e-06	4.71831650467e-05
0.000859407649065	0.00664945604551	0.0145324148344	0	3.37022607477e-05	4.38129389719e-05	0.000266247859906	0.00166826190701	0.000724598606074	0.0010144380485	0.000205583790561	0.00253103978215	5.05533911215e-05	0.00235915825234	0.000761671092897	3.03320346729e-05	0.0031781231885	0.00694940616617	0.000357243963925	0.0029253562329	3.03320346729e-05	0.00218053627037	0.00391620269888	0.0125507219024	0.00230186440906	0.0014559376643	0.0183239191685	0.0813909597056	0.00225468124402	0.000842556518691	0.00103465940495	0.00148963992505	5.05533911215e-05	5.39236171962e-05	0.00652812790682	1.68511303738e-05	0.00903220588037	0.00234904757411	0	6.74045214953e-06	0	0	0.000131438816916	3.03320346729e-05	0.000144919721215	1.34809042991e-05	0.000788632901495	3.37022607477e-06	0.00124361342159	6.74045214953e-05	0	0.000465091198318	0.000613381145607	0.000562827754486	0.00100432737028	3.37022607477e-06	0.000266247859906	0.0029118753286	0.00166826190701	0.000131438816916	0.00272314266841	0.00489356826056	0.0102960406584	0.000259507407757	8.76258779439e-05	0.000107847234392	1.68511303738e-05	0	3.37022607477e-06	0.000374095094299	0.00627536095121	0.00238949028701	0.00672023079308	0.00195810134944	0.000272988312056	0.000188732660187	9.09961040187e-05	0.000690896345327	0.00108858302215	0.00071448792785	0.000165141077663	1.01106782243e-05	0	3.70724868224e-05
0.00390609202065	0.000404427128972	0.00311745911916	0	0.00672697124523	0.000232545599159	0.0046340608528	0.035926609957	0.00648768519392	0.00615066258645	0.0083210881786	0.000458350746168	0.00147278879467	0.000347133285701	0.00446217932299	0.000593159789159	0.00296916917187	0.00146267811645	8.08854257944e-05	0.000488682780841	0.00197832270589	0.00911309130616	0.00203561654916	0.00887043502878	0.0235545100365	3.37022607477e-06	0.00111554483075	0.00225468124402	0.0808854257944	0.00468798447	0.012891114736	2.02213564486e-05	0.000195473112336	0.000741449736448	0.00728979899972	6.06640693458e-05	0.000242656277383	0.000256137181682	0	0.000640342954205	3.37022607477e-06	8.42556518691e-05	0.000542606398037	0.000124698364766	0.00413526739374	0.000465091198318	2.35915825234e-05	0.000144919721215	6.74045214953e-06	0.000232545599159	4.04427128972e-05	0.000380835546448	3.37022607477e-05	1.01106782243e-05	2.02213564486e-05	0.000316801251028	0.000802113805794	0.00270966176411	0.000724598606074	0.00357580986533	3.37022607477e-06	7.75151997196e-05	0.000448240067944	0.00286132193748	0.000377465320374	0.000488682780841	0	0	6.74045214953e-05	0.000465091198318	0.00472168673075	0.000610010919532	0.00721902425215	0.00260855498187	0.00177273891533	0.000849296970841	2.69618085981e-05	0.000630232275981	0.000276358538131	0.000350503511776	0.000121328138692	8.76258779439e-05	2.35915825234e-05	3.37022607477e-06
0.00779196268486	0.000131438816916	0.000562827754486	0	0.000249396729533	0.000363984416075	0.00171544507206	0.00634276547271	0.00480594238262	0.00161770851589	0.00186036479327	0.00268607018159	0.000313431024953	0.000566197980561	0.0125608325806	9.77365561682e-05	0.000144919721215	0.00122002183906	0.000192102886262	0.000849296970841	0.000296579894579	0.00193787999299	0.000266247859906	0.00265236792084	0.00335674517047	4.71831650467e-05	0.00139190336888	0.000842556518691	0.00468798447	0.0380936653231	0.00732013103439	0.000151660173364	0.00124024319551	0.00217379581822	0.0108757195433	6.74045214953e-06	0.000107847234392	5.39236171962e-05	0	9.77365561682e-05	0	6.74045214953e-06	0.000192102886262	3.37022607477e-05	0.000970625109532	7.07747475701e-05	2.02213564486e-05	1.68511303738e-05	3.70724868224e-05	7.41449736448e-05	3.37022607477e-06	4.38129389719e-05	2.35915825234e-05	6.74045214953e-06	6.74045214953e-06	3.37022607477e-05	0.000111217460467	0.000246026503458	0.000128068590841	0.000798743579719	6.06640693458e-05	8.42556518691e-05	0.000165141077663	0.000717858153925	0.000165141077663	0.000131438816916	0	0	3.37022607477e-05	0.000151660173364	0.00193450976692	0.000417908033271	0.00630232275981	0.00194799067121	0.000596530015233	0.00064371318028	5.39236171962e-05	0.000144919721215	8.08854257944e-05	0.000101106782243	5.05533911215e-05	1.34809042991e-05	3.37022607477e-06	6.74045214953e-06
0.00596530015233	0.000151660173364	0.00218053627037	0	2.02213564486e-05	3.70724868224e-05	0.000343763059626	0.0110105285863	0.0014828994729	0.000963884657383	0.000269618085981	0.000401056902897	1.01106782243e-05	0.000121328138692	0.0029253562329	4.04427128972e-05	0.00078526267542	0.00324889793607	0.000107847234392	0.000802113805794	6.74045214953e-06	0.0144313080521	0.000765041318972	0.00698647865299	0.00287480284177	1.01106782243e-05	0.00159074670729	0.00103465940495	0.012891114736	0.00732013103439	0.0467618867874	1.34809042991e-05	4.71831650467e-05	0.000994216692056	0.0101949338762	6.74045214953e-06	0.000158400625514	0.000104477008318	0	2.69618085981e-05	0	1.01106782243e-05	0.000111217460467	1.01106782243e-05	0.000771781771121	4.04427128972e-05	3.37022607477e-06	0	3.37022607477e-06	2.69618085981e-05	3.37022607477e-06	0.00021232424271	4.71831650467e-05	1.01106782243e-05	1.68511303738e-05	1.01106782243e-05	0.000259507407757	0.000909961040187	0.00028983944243	0.000414537807196	2.02213564486e-05	6.74045214953e-05	0.000256137181682	0.000556087302336	4.71831650467e-05	0.00014154949514	0	0	2.35915825234e-05	7.07747475701e-05	0.00111891505682	0.000384205772523	0.00392968360318	0.00144245676	0.000397686676822	0.000330282155327	6.74045214953e-06	0.000155030399439	6.74045214953e-05	8.08854257944e-05	4.71831650467e-05	0	6.74045214953e-06	3.37022607477e-06
