0.0321775099787	0.000229580431692	0.00502257540912	0	0.000535687673947	0.000120831806154	0.000499438132101	0.00973098812223	0.00406397641363	0.00106331989415	0.00234413703938	0.00287982471333	0.000543743127691	0.00105929216728	0.0194216989757	0.000173192255487	0.000149025894256	0.00140970440512	0.000318190422871	0.00161511847559	0.00438619456337	0.00656519480101	0.000108748625538	0.00861128005188	0.00140970440512	0.000346384510974	0.00495813177917	0.00207427933897	0.00890530411352	0.0164854860862	0.0140044063332	0.000366523145332	0.000100693171795	0.00122442896902	0.00893752592849	1.20831806154e-05	0.000144998167384	0.000467216317127	0	0.000386661779691	0	0.000136942713641	5.23604493332e-05	0.00018124770923	0.000729018563793	0.000116804079282	0.000108748625538	0.000366523145332	8.05545374357e-05	0.000253746792922	0	1.61109074871e-05	2.41663612307e-05	9.66654449228e-05	1.20831806154e-05	7.24990836921e-05	0.000108748625538	5.6388176205e-05	0.000302079515384	0.00090221081928	0.000104720898666	0.000128887259897	0.000100693171795	0.000978737629844	6.04159030768e-05	0.000153053621128	0	4.02772687179e-06	0	7.24990836921e-05	0.000829711735588	0.000306107242256	0.00848239279198	0.000298051788512	0.000326245876615	0	4.02772687179e-06	0.000237635885435	3.62495418461e-05	9.26377180511e-05	4.43049955896e-05	0.000193330889846	3.22218149743e-05	1.61109074871e-05
0.000229580431692	0.0249276016095	0.00170775619364	0	1.20831806154e-05	4.02772687179e-06	0	9.26377180511e-05	8.05545374357e-06	0.00336315193794	1.20831806154e-05	5.23604493332e-05	3.22218149743e-05	8.45822643075e-05	0.000185275436102	1.20831806154e-05	0.000853878096818	0.000644436299486	4.02772687179e-06	4.83327224614e-05	6.04159030768e-05	0.000213469524205	0.00678269205209	0.000575964942665	0.00361689873086	0.00155873029938	0.00657325025475	0.0212583424293	0.00018124770923	0.000241663612307	0.000209441797333	4.02772687179e-06	0	3.22218149743e-05	0.000600131303896	0	0.00974709902972	0.0029120465283	0	1.20831806154e-05	0	0	0	1.61109074871e-05	3.62495418461e-05	8.05545374357e-06	3.62495418461e-05	0	7.24990836921e-05	4.02772687179e-06	0	1.20831806154e-05	0.000217497251076	5.23604493332e-05	7.24990836921e-05	0	1.20831806154e-05	4.02772687179e-05	7.24990836921e-05	4.02772687179e-05	0.000149025894256	0.00169567301302	0.00740296199034	4.02772687179e-06	4.02772687179e-06	0	0	0	0	0.000144998167384	0.00140164895138	0.00072096311005	0.000708879929434	2.81940881025e-05	3.62495418461e-05	0	3.22218149743e-05	0.000277913154153	4.83327224614e-05	8.45822643075e-05	1.20831806154e-05	0	0	6.04159030768e-05
0.00502257540912	0.00170775619364	0.0559008212535	0	0	3.62495418461e-05	3.22218149743e-05	0.00114790215846	0.000475271770871	0.000144998167384	2.01386343589e-05	9.26377180511e-05	5.6388176205e-05	8.05545374357e-06	0.00276302063404	2.01386343589e-05	0.00029402406164	0.0122845669589	2.01386343589e-05	0.000459160863384	9.26377180511e-05	0.00614228347947	0.00179233845794	0.024722187539	0.000261802246666	4.02772687179e-06	0.0112051361573	0.017560889161	0.0014983143963	0.00383036825507	0.00678671977896	4.02772687179e-06	1.20831806154e-05	0.000394717233435	0.00168358983241	8.05545374357e-05	0.00227163795569	0.0122966501396	0	4.02772687179e-06	0	0.000261802246666	0.000124859533025	0.00040680041405	4.83327224614e-05	0.000217497251076	1.20831806154e-05	1.20831806154e-05	0	0.000161109074871	8.05545374357e-06	0.000974709902972	0.00281135335651	4.43049955896e-05	0.000169164528615	4.02772687179e-06	0.00161109074871	0.00544548673065	0.00797892693301	3.62495418461e-05	0	0.00482924451927	0.00353634419343	0.000217497251076	4.43049955896e-05	0.000237635885435	0	0	8.05545374357e-06	0.000958598995485	0.00582812078347	0.00113179125097	0.00158692438748	6.84713568204e-05	1.61109074871e-05	4.02772687179e-06	0	0.00051957676646	0.000249719066051	0.000716935383178	0.000124859533025	1.20831806154e-05	1.61109074871e-05	0
0	0	0	0	0	0	0	0	0	0	0	0	0	0	0	0	0	0	0	0	0	0	0	0	0	0	0	0	0	0	0	0	0	0	0	0	0	0	0	0	0	0	0	0	0	0	0	0	0	0	0	0	0	0	0	0	0	0	0	0	0	0	0	0	0	0	0	0	0	0	0	0	0	0	0	0	0	0	0	0	0	0	0	0
0.000535687673947	1.20831806154e-05	0	0	0.0251450988606	2.01386343589e-05	0.000253746792922	0.0022555270482	0.000318190422871	0.00319398740933	0.000849850369947	0.00109151398225	0.00286371380584	0.000374578599076	0.00135734395579	7.24990836921e-05	3.62495418461e-05	2.01386343589e-05	0	0.000140970440512	0.00820447963783	2.81940881025e-05	2.01386343589e-05	1.61109074871e-05	0.01485828443	1.61109074871e-05	0.000523604493332	0.000177219982359	0.0101740380781	0.0026985770041	0.000463188590255	0.00018124770923	0	0.000954571268613	0.00258580065169	0	4.02772687179e-06	0	0	0.00460369181445	0	6.04159030768e-05	0	3.62495418461e-05	0.00564284534737	0.00312954377938	2.41663612307e-05	0.00362092645774	2.41663612307e-05	8.45822643075e-05	4.83327224614e-05	0	0	4.02772687179e-06	0	0.00866766822808	4.02772687179e-06	4.02772687179e-06	1.20831806154e-05	0.00568715034296	1.20831806154e-05	2.81940881025e-05	8.05545374357e-06	0.000165136801743	8.05545374357e-06	1.61109074871e-05	4.02772687179e-06	0	0	6.84713568204e-05	0.000801517647485	0.000149025894256	0.00234816476625	0.000124859533025	0.000503465858973	0	0	1.20831806154e-05	0	6.44436299486e-05	0	0.000197358616717	0	0
0.000120831806154	4.02772687179e-06	3.62495418461e-05	0	2.01386343589e-05	0.00550590263373	0.00216691705702	0.000140970440512	0.000700824475691	1.61109074871e-05	4.02772687179e-05	0	7.24990836921e-05	2.41663612307e-05	0.000664574933845	0.00127678941836	2.41663612307e-05	1.20831806154e-05	0	0	8.05545374357e-06	1.61109074871e-05	0	6.04159030768e-05	5.23604493332e-05	0	0	2.41663612307e-05	0.000217497251076	0.000628325391999	7.24990836921e-05	0	0.00238844203497	2.41663612307e-05	0.00108345852851	0	0	0	0	8.05545374357e-06	0	0	0	0	0	0	0	0	0	0	0	0	0	0	0	0	4.02772687179e-06	0	0	1.20831806154e-05	0	0	0	2.01386343589e-05	0	4.02772687179e-06	0	0	0	0	0.000273885427281	1.20831806154e-05	0.000285968607897	0.000140970440512	0.0017842830042	0.00056388176205	2.41663612307e-05	0	0	0	0	0	0	0
0.000499438132101	0	3.22218149743e-05	0	0.000253746792922	0.00216691705702	0.025978838323	0.00452716500389	0.0113340234172	0.000209441797333	0.00924363317075	0.000310134969127	0.00634769754993	9.26377180511e-05	0.00449494318891	0.00260593928605	4.43049955896e-05	8.05545374357e-06	4.02772687179e-06	8.05545374357e-06	0.00202191888964	0.000132914986769	6.04159030768e-05	0.000289996334769	0.000330273603486	0	8.45822643075e-05	7.24990836921e-05	0.00235219249312	0.00151039757692	0.00045110540964	2.41663612307e-05	0.000781379013126	0.000434994502153	0.00122845669589	0	0	0	0	0.000161109074871	0	1.20831806154e-05	8.05545374357e-06	0	0.000116804079282	0.000116804079282	4.02772687179e-06	0.000116804079282	0	1.20831806154e-05	0	0	0	0	0	6.84713568204e-05	4.43049955896e-05	2.81940881025e-05	4.02772687179e-06	0.000410828140922	0	0	0	0.000273885427281	8.05545374357e-06	0	0	4.02772687179e-06	0	1.20831806154e-05	0.000132914986769	1.20831806154e-05	0.000765268105639	0.000132914986769	0.00254955110984	0.000153053621128	2.41663612307e-05	0	4.02772687179e-06	4.02772687179e-05	0	1.61109074871e-05	0	0
0.00973098812223	9.26377180511e-05	0.00114790215846	0	0.0022555270482	0.000140970440512	0.00452716500389	0.0582288473854	0.00845017097701	0.00206622388523	0.0143266244829	0.00045110540964	0.000837767189331	0.000132914986769	0.0111286093467	0.000680685841332	0.000265829973538	0.000334301330358	2.41663612307e-05	0.000136942713641	0.000954571268613	0.00448688773517	0.000487354951486	0.00650880662481	0.0062389489244	4.02772687179e-06	0.000660547206973	0.000455133136512	0.0355567728241	0.0121597074259	0.0127356723686	5.6388176205e-05	2.41663612307e-05	0.00911474591085	0.00951349087116	4.02772687179e-06	8.05545374357e-06	0.000108748625538	0	0.00408411504799	0	0.000821656281844	0.000410828140922	0.000596103577024	0.00455535909199	0.00142581531261	0.000116804079282	0.00200580798215	9.26377180511e-05	0.000986793083587	8.05545374357e-06	3.22218149743e-05	8.05545374357e-06	4.02772687179e-06	4.02772687179e-06	0.00191719799097	0.000285968607897	0.000189303162974	0.000120831806154	0.00704852202562	4.02772687179e-06	2.41663612307e-05	7.65268105639e-05	0.00352828873968	0.000177219982359	0.000298051788512	8.05545374357e-06	1.20831806154e-05	0	0.000253746792922	0.00159095211436	0.000426939048409	0.00804739828983	0.00045110540964	0.00103915353292	0	8.05545374357e-06	0.000253746792922	2.81940881025e-05	0.000302079515384	5.6388176205e-05	0.000982765356716	1.20831806154e-05	7.24990836921e-05
0.00406397641363	8.05545374357e-06	0.000475271770871	0	0.000318190422871	0.000700824475691	0.0113340234172	0.00845017097701	0.0317787650184	0.00074512947128	0.00915502317957	0.000547770854563	0.00168761755928	0.000277913154153	0.0173353364562	0.000366523145332	0.000120831806154	1.20831806154e-05	0.000104720898666	0.000173192255487	0.00135734395579	0.000934432634254	0.000108748625538	0.00217497251076	0.000664574933845	0	0.000132914986769	0.000120831806154	0.00526021129455	0.00475674543558	0.00160303529497	2.01386343589e-05	0.000374578599076	0.000507493585845	0.00162317392933	0	4.02772687179e-06	8.05545374357e-06	0	0.000177219982359	0	8.05545374357e-05	8.05545374357e-05	4.43049955896e-05	0.000177219982359	0.000289996334769	3.62495418461e-05	0.000310134969127	2.01386343589e-05	0.000104720898666	0	8.05545374357e-06	4.02772687179e-06	4.02772687179e-06	0	0.000173192255487	0.000193330889846	5.23604493332e-05	2.81940881025e-05	0.000886099911793	4.02772687179e-06	0	4.83327224614e-05	0.00108748625538	4.83327224614e-05	0.000289996334769	0	8.05545374357e-06	0	5.6388176205e-05	0.000978737629844	5.23604493332e-05	0.00180844936543	0.000567909488922	0.000958598995485	9.66654449228e-05	4.43049955896e-05	0.000161109074871	8.05545374357e-06	0.000120831806154	2.81940881025e-05	0.000128887259897	4.02772687179e-06	8.05545374357e-06
0.00106331989415	0.00336315193794	0.000144998167384	0	0.00319398740933	1.61109074871e-05	0.000209441797333	0.00206622388523	0.00074512947128	0.0331884694235	0.00100693171795	0.000660547206973	0.000777351286255	0.000241663612307	0.00157081348	0.000189303162974	0.00129692805271	6.84713568204e-05	3.62495418461e-05	6.84713568204e-05	0.000805545374357	0.00179636618482	0.00735865699475	0.000189303162974	0.0145602326415	0.000741101744409	0.00130901123333	0.00251330156799	0.00730629654542	0.00350412237845	0.00347592829035	2.81940881025e-05	8.05545374357e-06	0.00412842004358	0.00763254242203	0.000467216317127	0.000153053621128	9.26377180511e-05	0	0.0026985770041	0	0.00138553804389	0.000459160863384	0.00153859166502	0.017907273672	0.00295635152389	9.66654449228e-05	0.00479299497742	8.86099911793e-05	0.00179233845794	8.86099911793e-05	6.44436299486e-05	0	0	0	0.00530048856327	0.00026985770041	0.00142581531261	8.45822643075e-05	0.0124577592144	1.20831806154e-05	5.23604493332e-05	0.000257774519794	0.0062671430125	0.000636380845742	7.24990836921e-05	0	2.81940881025e-05	1.61109074871e-05	0.000245691339179	0.00509910221968	0.000330273603486	0.00381022962071	0.000326245876615	0.00107137534789	0	2.41663612307e-05	0.0013412330483	2.81940881025e-05	0.00105929216728	0.000298051788512	0.00167553437866	0.000378606325948	0.000108748625538
0.00234413703938	1.20831806154e-05	2.01386343589e-05	0	0.000849850369947	4.02772687179e-05	0.00924363317075	0.0143266244829	0.00915502317957	0.00100693171795	0.0345256747449	0.000797489920614	0.00454730363825	0.000177219982359	0.00688741295075	0.000527632220204	4.83327224614e-05	2.81940881025e-05	3.62495418461e-05	0.000217497251076	0.00200983570902	0.000346384510974	0.000116804079282	0.000692769021947	0.000982765356716	3.62495418461e-05	0.00120831806154	0.000543743127691	0.0102223708006	0.0058240930566	0.000539715400819	8.45822643075e-05	5.6388176205e-05	0.00292815743579	0.00495007632542	0	8.05545374357e-06	8.05545374357e-06	0	0.000185275436102	0	4.43049955896e-05	1.20831806154e-05	4.02772687179e-06	0.000326245876615	0.000821656281844	4.02772687179e-06	0.00056388176205	4.02772687179e-06	1.61109074871e-05	0	4.02772687179e-06	0	4.02772687179e-06	0	0.000797489920614	5.6388176205e-05	6.04159030768e-05	8.05545374357e-06	0.00132512214082	4.02772687179e-06	4.02772687179e-06	3.22218149743e-05	0.000430966775281	8.05545374357e-06	4.02772687179e-06	0	4.02772687179e-06	0	1.20831806154e-05	0.000483327224614	0.000144998167384	0.00437008365589	0.000177219982359	0.000346384510974	0	0	8.05545374357e-06	4.02772687179e-06	3.22218149743e-05	1.61109074871e-05	1.61109074871e-05	0	0
0.00287982471333	5.23604493332e-05	9.26377180511e-05	0	0.00109151398225	0	0.000310134969127	0.00045110540964	0.000547770854563	0.000660547206973	0.000797489920614	0.033047498983	0.00301676742697	0.00811989737352	0.0113823561397	8.05545374357e-06	4.83327224614e-05	0.000588048123281	0.00341954011415	0.0069800506688	0.00591673077465	0.000173192255487	0.000124859533025	0.00026985770041	0.000680685841332	0.00117206851969	0.0093644649769	0.00094651581487	0.00245288566492	0.0107540307477	0.000761240378767	0.00209039024646	8.05545374357e-06	0.000487354951486	0.0182093531873	4.02772687179e-06	6.84713568204e-05	1.20831806154e-05	0	0.000241663612307	0	0.000237635885435	7.65268105639e-05	0.000354439964717	0.000128887259897	9.66654449228e-05	0.000652491753229	0.00067665811446	0.00116804079282	0.000535687673947	0	4.43049955896e-05	0	2.81940881025e-05	1.61109074871e-05	6.84713568204e-05	0	8.05545374357e-06	4.02772687179e-06	0.000841794916203	0.000326245876615	0.000153053621128	0.000116804079282	0.000724990836921	5.6388176205e-05	1.20831806154e-05	3.22218149743e-05	0	0	0.000124859533025	0.00219511114512	0.00523604493332	0.0152852234784	0.000386661779691	4.43049955896e-05	0	0.000640408572614	6.04159030768e-05	0.000402772687179	0.000108748625538	1.61109074871e-05	0.000511521312717	4.02772687179e-06	0.00018124770923
0.000543743127691	3.22218149743e-05	5.6388176205e-05	0	0.00286371380584	7.24990836921e-05	0.00634769754993	0.000837767189331	0.00168761755928	0.000777351286255	0.00454730363825	0.00301676742697	0.0351459446832	0.00126067851087	0.00809170328542	0.00107137534789	4.83327224614e-05	0.000120831806154	3.62495418461e-05	0.000285968607897	0.0157766061568	3.62495418461e-05	4.83327224614e-05	0.000124859533025	0.00245691339179	8.05545374357e-05	0.00182456027292	0.000547770854563	0.0026985770041	0.00487354951486	0.000173192255487	0.000600131303896	5.6388176205e-05	0.000201386343589	0.00599728531209	8.05545374357e-06	2.41663612307e-05	8.05545374357e-06	0	0.000185275436102	4.02772687179e-06	0.00258177292481	1.20831806154e-05	0.0011277635241	0.000402772687179	0.00103109807918	0.000592075850152	0.0061382557526	0.00038263405282	0.00103109807918	0.000173192255487	0	0	4.83327224614e-05	2.81940881025e-05	0.00344773420225	0	8.05545374357e-06	1.61109074871e-05	0.000193330889846	6.44436299486e-05	4.43049955896e-05	2.01386343589e-05	3.62495418461e-05	0.000253746792922	2.41663612307e-05	1.20831806154e-05	4.02772687179e-06	0	0.000825684008716	0.00189705935661	0.00078943446687	0.00491382678358	0.000169164528615	0.00251732929487	0	0.000100693171795	4.02772687179e-05	0.000116804079282	0.00060818675764	1.20831806154e-05	0.000322218149743	2.81940881025e-05	0.000128887259897
0.00105929216728	8.45822643075e-05	8.05545374357e-06	0	0.000374578599076	2.41663612307e-05	9.26377180511e-05	0.000132914986769	0.000277913154153	0.000241663612307	0.000177219982359	0.00811989737352	0.00126067851087	0.0201426620858	0.00223941614071	1.20831806154e-05	2.81940881025e-05	4.02772687179e-06	3.22218149743e-05	0.000173192255487	0.00207427933897	2.81940881025e-05	4.43049955896e-05	4.02772687179e-05	0.000205414070461	0.00531659947076	0.00610200621075	0.0014701203082	0.000910266273023	0.00250524611425	5.6388176205e-05	0.00292412970892	1.61109074871e-05	0.000144998167384	0.00447077682768	0	9.26377180511e-05	1.20831806154e-05	0	0.000124859533025	0	0.000346384510974	5.6388176205e-05	0.000233608158564	7.24990836921e-05	7.24990836921e-05	0.00267038291599	0.000543743127691	0.00478091179681	0.000221524977948	0	2.01386343589e-05	0	5.23604493332e-05	8.05545374357e-06	0.000265829973538	0	4.02772687179e-06	0	0.000447077682768	0.00200983570902	0.000289996334769	0.000157081348	0.000289996334769	4.02772687179e-05	4.02772687179e-06	9.26377180511e-05	7.65268105639e-05	0	0.000124859533025	0.00051957676646	0.0033832905723	0.00460771954132	0.00104720898666	3.62495418461e-05	0	0.00172386710112	0.000140970440512	0.00156275802625	0.000318190422871	0.000161109074871	0.000277913154153	0.000132914986769	0.00123248442277
0.0194216989757	0.000185275436102	0.00276302063404	0	0.00135734395579	0.000664574933845	0.00449494318891	0.0111286093467	0.0173353364562	0.00157081348	0.00688741295075	0.0113823561397	0.00809170328542	0.00223941614071	0.0579106569625	0.000306107242256	0.000253746792922	0.000527632220204	0.00168761755928	0.00433786184091	0.0117649901925	0.00418883594666	0.000205414070461	0.00666186024593	0.00188900390287	0.000386661779691	0.00613020029886	0.00155067484564	0.0108023634701	0.0285726944284	0.00832933917085	0.00110762488974	0.000463188590255	0.00166747892492	0.0208072370196	8.05545374357e-06	0.000149025894256	0.00029402406164	0	0.000346384510974	0	0.000213469524205	0.000144998167384	0.000193330889846	0.000894155365536	0.000245691339179	0.000104720898666	0.000366523145332	8.45822643075e-05	0.000229580431692	0	2.41663612307e-05	1.20831806154e-05	6.84713568204e-05	4.02772687179e-06	0.000165136801743	0.000201386343589	8.86099911793e-05	0.000233608158564	0.00112373579723	0.000100693171795	0.000116804079282	0.000144998167384	0.00155067484564	6.44436299486e-05	0.000402772687179	4.02772687179e-06	4.02772687179e-06	0	8.05545374357e-05	0.00372967508327	0.00107540307477	0.0161834065708	0.000986793083587	0.000620269938255	4.02772687179e-05	8.05545374357e-05	0.000334301330358	2.81940881025e-05	0.000144998167384	6.04159030768e-05	0.000213469524205	3.62495418461e-05	1.20831806154e-05
0.000173192255487	1.20831806154e-05	2.01386343589e-05	0	7.24990836921e-05	0.00127678941836	0.00260593928605	0.000680685841332	0.000366523145332	0.000189303162974	0.000527632220204	8.05545374357e-06	0.00107137534789	1.20831806154e-05	0.000306107242256	0.00637589163804	4.02772687179e-06	1.61109074871e-05	0	0	0.000418883594666	4.02772687179e-06	2.41663612307e-05	4.43049955896e-05	0.000330273603486	4.02772687179e-06	2.41663612307e-05	2.01386343589e-05	0.000741101744409	0.000447077682768	0.000334301330358	4.02772687179e-06	0.000374578599076	0.000354439964717	0.000491382678358	0	0	0	0	8.05545374357e-06	0	0	8.05545374357e-06	4.02772687179e-06	1.61109074871e-05	8.05545374357e-06	0	8.05545374357e-06	0	0	0	8.05545374357e-06	0	0	0	8.05545374357e-06	8.05545374357e-06	4.02772687179e-06	4.02772687179e-06	3.22218149743e-05	0	0	4.02772687179e-06	4.43049955896e-05	0	4.02772687179e-06	0	0	0	0	0.000314162695999	3.22218149743e-05	0.000515549039589	8.05545374357e-05	0.00434188956778	0	0	8.05545374357e-06	0	8.05545374357e-06	8.05545374357e-06	0	0	0
0.000149025894256	0.000853878096818	0.00029402406164	0	3.62495418461e-05	2.41663612307e-05	4.43049955896e-05	0.000265829973538	0.000120831806154	0.00129692805271	4.83327224614e-05	4.83327224614e-05	4.83327224614e-05	2.81940881025e-05	0.000253746792922	4.02772687179e-06	0.0253988456535	0.00018124770923	0	9.26377180511e-05	6.44436299486e-05	0.00686324658952	0.0129209478047	0.00891738729413	0.00908655182275	1.61109074871e-05	0.000398744960307	0.00452716500389	0.00257371747107	0.00124053987651	0.000890127638665	4.02772687179e-06	2.41663612307e-05	0.00132109441395	0.00166345119805	8.05545374357e-06	4.43049955896e-05	2.81940881025e-05	0	6.04159030768e-05	0	1.61109074871e-05	1.61109074871e-05	1.20831806154e-05	0.000994848537331	4.02772687179e-06	4.02772687179e-06	8.05545374357e-06	8.05545374357e-06	1.20831806154e-05	2.01386343589e-05	0.00201386343589	0	8.05545374357e-06	8.05545374357e-06	0	0.000821656281844	0.00348398374409	0.000559854035178	0.000418883594666	8.05545374357e-06	2.01386343589e-05	0.000362495418461	0.00125262305713	2.01386343589e-05	0	0	0	4.02772687179e-06	4.43049955896e-05	0.00503465858973	0.00148623121569	0.000696796748819	0.000285968607897	8.05545374357e-06	0	1.20831806154e-05	0.000116804079282	2.01386343589e-05	4.83327224614e-05	2.01386343589e-05	4.02772687179e-06	0	0
0.00140970440512	0.000644436299486	0.0122845669589	0	2.01386343589e-05	1.20831806154e-05	8.05545374357e-06	0.000334301330358	1.20831806154e-05	6.84713568204e-05	2.81940881025e-05	0.000588048123281	0.000120831806154	4.02772687179e-06	0.000527632220204	1.61109074871e-05	0.00018124770923	0.0275778458911	0.000100693171795	0.00328259740051	0.000161109074871	0.00381022962071	0.000475271770871	0.0110843043512	0.000241663612307	4.02772687179e-06	0.00880863866859	0.00654102843978	0.000507493585845	0.00227163795569	0.00407605959425	4.02772687179e-06	0	0.000434994502153	0.00399147732994	4.02772687179e-06	0.000124859533025	0.000849850369947	0	4.02772687179e-06	0	1.20831806154e-05	1.20831806154e-05	3.22218149743e-05	3.22218149743e-05	1.20831806154e-05	3.22218149743e-05	0	0	4.02772687179e-06	0	1.61109074871e-05	9.66654449228e-05	4.02772687179e-05	0.000116804079282	0	2.41663612307e-05	1.61109074871e-05	0.000567909488922	8.05545374357e-06	0	0.000189303162974	0.000124859533025	2.81940881025e-05	0	3.22218149743e-05	0	0	0	0.000261802246666	0.00316579332122	0.000930404907382	0.0014419262201	5.23604493332e-05	4.02772687179e-06	0	0	0.000140970440512	2.01386343589e-05	8.86099911793e-05	8.05545374357e-06	4.02772687179e-06	0	0
0.000318190422871	4.02772687179e-06	2.01386343589e-05	0	0	0	4.02772687179e-06	2.41663612307e-05	0.000104720898666	3.62495418461e-05	3.62495418461e-05	0.00341954011415	3.62495418461e-05	3.22218149743e-05	0.00168761755928	0	0	0.000100693171795	0.00480105043117	0.00328259740051	0.000161109074871	4.43049955896e-05	0	3.62495418461e-05	4.02772687179e-05	8.05545374357e-06	0.00158289666061	4.02772687179e-05	4.02772687179e-05	0.00177622755046	0.000229580431692	2.01386343589e-05	0	6.04159030768e-05	0.002042057524	0	8.05545374357e-06	0	0	1.20831806154e-05	0	0	0	0	2.01386343589e-05	0	0.000205414070461	0	0.000257774519794	0	0	0	0	1.20831806154e-05	0	0	0	0	0	1.20831806154e-05	9.26377180511e-05	0.000197358616717	1.20831806154e-05	8.05545374357e-06	0	0	7.65268105639e-05	0	0	0	0.000221524977948	0.000483327224614	0.000729018563793	1.61109074871e-05	4.02772687179e-06	0	0	4.02772687179e-06	2.01386343589e-05	4.02772687179e-06	0	0	0	0
0.00161511847559	4.83327224614e-05	0.000459160863384	0	0.000140970440512	0	8.05545374357e-06	0.000136942713641	0.000173192255487	6.84713568204e-05	0.000217497251076	0.0069800506688	0.000285968607897	0.000173192255487	0.00433786184091	0	9.26377180511e-05	0.00328259740051	0.00328259740051	0.0187047635926	0.00104318125979	0.000285968607897	7.65268105639e-05	0.000326245876615	0.000257774519794	2.81940881025e-05	0.00879655548798	0.000523604493332	0.00056388176205	0.00459966408758	0.00146206485446	0.000366523145332	0	0.000503465858973	0.00818434100347	0	0.000100693171795	4.02772687179e-06	0	1.61109074871e-05	0	4.02772687179e-06	0	8.05545374357e-06	6.04159030768e-05	8.05545374357e-06	0.000410828140922	0	0.00033832905723	4.02772687179e-06	0	4.02772687179e-06	8.05545374357e-06	0.000177219982359	9.66654449228e-05	0	0	0	8.05545374357e-06	4.02772687179e-05	0.000185275436102	0.000410828140922	0.00011277635241	2.41663612307e-05	4.02772687179e-06	0	0.000104720898666	0	0	0.000108748625538	0.00216288933015	0.00302079515384	0.00414453095107	0.000209441797333	1.20831806154e-05	0	8.05545374357e-06	0.000104720898666	2.41663612307e-05	4.83327224614e-05	8.05545374357e-06	0	8.05545374357e-06	0
0.00438619456337	6.04159030768e-05	9.26377180511e-05	0	0.00820447963783	8.05545374357e-06	0.00202191888964	0.000954571268613	0.00135734395579	0.000805545374357	0.00200983570902	0.00591673077465	0.0157766061568	0.00207427933897	0.0117649901925	0.000418883594666	6.44436299486e-05	0.000161109074871	0.000161109074871	0.00104318125979	0.0312914100669	4.02772687179e-05	6.84713568204e-05	0.000149025894256	0.00574756624604	0.000298051788512	0.00405189323302	0.00130095577959	0.00551395808747	0.00919932817516	0.000140970440512	0.000962626722357	8.05545374357e-06	0.00083373946246	0.012030820166	0	7.24990836921e-05	8.05545374357e-06	0	0.00105123671354	0	2.81940881025e-05	4.02772687179e-06	2.01386343589e-05	0.00197358616717	0.000668602660716	5.23604493332e-05	0.0009706821761	6.04159030768e-05	8.05545374357e-06	4.02772687179e-05	0	4.02772687179e-06	6.44436299486e-05	0	0.00200580798215	0	1.20831806154e-05	2.01386343589e-05	0.00182456027292	8.86099911793e-05	7.65268105639e-05	5.23604493332e-05	4.02772687179e-05	0	3.62495418461e-05	4.02772687179e-06	0	0	1.61109074871e-05	0.00211858433456	0.000874016731177	0.010806391197	0.000217497251076	0.00105929216728	0	2.01386343589e-05	4.43049955896e-05	8.05545374357e-06	1.20831806154e-05	4.02772687179e-06	0.00011277635241	4.02772687179e-06	0
0.00656519480101	0.000213469524205	0.00614228347947	0	2.81940881025e-05	1.61109074871e-05	0.000132914986769	0.00448688773517	0.000934432634254	0.00179636618482	0.000346384510974	0.000173192255487	3.62495418461e-05	2.81940881025e-05	0.00418883594666	4.02772687179e-06	0.00686324658952	0.00381022962071	4.43049955896e-05	0.000285968607897	4.02772687179e-05	0.056545257553	0.00691963476573	0.0337966561812	0.00206219615835	8.05545374357e-06	0.00144595394697	0.00171581164738	0.00646450162922	0.0064524184486	0.0200339134603	4.02772687179e-06	1.20831806154e-05	0.00349606692471	0.00702032793752	0.000149025894256	4.43049955896e-05	0.000418883594666	0	2.41663612307e-05	0	5.6388176205e-05	0.000128887259897	0.000132914986769	0.00224747159446	2.41663612307e-05	0	4.83327224614e-05	8.05545374357e-06	0.000136942713641	4.83327224614e-05	0.00128887259897	2.01386343589e-05	0	1.20831806154e-05	8.05545374357e-06	0.00355648282779	0.00396328324184	0.000990820810459	0.000704852202562	1.20831806154e-05	2.01386343589e-05	0.000128887259897	0.00280732562963	7.24990836921e-05	0.000588048123281	0	0	0	2.41663612307e-05	0.00510312994655	0.00200580798215	0.00495813177917	0.000853878096818	2.01386343589e-05	0	1.61109074871e-05	0.000479299497742	4.83327224614e-05	0.00011277635241	7.24990836921e-05	1.20831806154e-05	4.02772687179e-05	0
0.000108748625538	0.00678269205209	0.00179233845794	0	2.01386343589e-05	0	6.04159030768e-05	0.000487354951486	0.000108748625538	0.00735865699475	0.000116804079282	0.000124859533025	4.83327224614e-05	4.43049955896e-05	0.000205414070461	2.41663612307e-05	0.0129209478047	0.000475271770871	0	7.65268105639e-05	6.84713568204e-05	0.00691963476573	0.0448729050786	0.0143669017517	0.00997265173454	0.00101901489856	0.00217900023764	0.0205816843148	0.00283551971774	0.000640408572614	0.000439022229025	8.05545374357e-06	0	0.000579992669537	0.00117609624656	6.84713568204e-05	0.00122040124215	0.00120429033466	0	6.04159030768e-05	0	5.23604493332e-05	3.62495418461e-05	7.65268105639e-05	0.00349606692471	1.61109074871e-05	8.05545374357e-06	8.45822643075e-05	8.05545374357e-06	7.24990836921e-05	0.00011277635241	0.00804739828983	8.05545374357e-06	1.20831806154e-05	2.41663612307e-05	1.20831806154e-05	0.00337120739168	0.0156316079894	0.00262205019353	0.00104720898666	8.05545374357e-06	9.26377180511e-05	0.00444258273958	0.0034396787485	6.84713568204e-05	0.000209441797333	0	0	8.05545374357e-06	0.000302079515384	0.00323023695117	0.000978737629844	0.000922349453639	0.000140970440512	0.000153053621128	4.02772687179e-06	2.41663612307e-05	0.000249719066051	3.62495418461e-05	0.000314162695999	0.000165136801743	8.05545374357e-06	1.20831806154e-05	4.02772687179e-06
0.00861128005188	0.000575964942665	0.024722187539	0	1.61109074871e-05	6.04159030768e-05	0.000289996334769	0.00650880662481	0.00217497251076	0.000189303162974	0.000692769021947	0.00026985770041	0.000124859533025	4.02772687179e-05	0.00666186024593	4.43049955896e-05	0.00891738729413	0.0110843043512	3.62495418461e-05	0.000326245876615	0.000149025894256	0.0337966561812	0.0143669017517	0.0994324932838	0.00127276169148	0	0.00176011664297	0.0190551758304	0.00797892693301	0.00509104676594	0.0125987296549	1.61109074871e-05	2.01386343589e-05	0.00156275802625	0.0061100616645	0.000144998167384	0.000100693171795	0.00193330889846	0	2.41663612307e-05	0	0.000217497251076	0.000229580431692	0.000285968607897	0.000801517647485	0.000298051788512	1.61109074871e-05	9.26377180511e-05	4.02772687179e-06	0.000221524977948	0.000108748625538	0.00767684741762	8.86099911793e-05	2.81940881025e-05	6.04159030768e-05	2.81940881025e-05	0.00533673810512	0.0174521405354	0.0131988609588	0.000318190422871	4.02772687179e-06	9.66654449228e-05	0.00122040124215	0.000934432634254	0.000108748625538	0.00167150665179	0	0	1.61109074871e-05	0.000640408572614	0.0145843990027	0.00331079148861	0.00636783618429	0.000680685841332	5.23604493332e-05	1.61109074871e-05	1.61109074871e-05	0.000813600828101	0.000201386343589	0.000559854035178	0.000273885427281	5.23604493332e-05	2.81940881025e-05	0
0.00140970440512	0.00361689873086	0.000261802246666	0	0.01485828443	5.23604493332e-05	0.000330273603486	0.0062389489244	0.000664574933845	0.0145602326415	0.000982765356716	0.000680685841332	0.00245691339179	0.000205414070461	0.00188900390287	0.000330273603486	0.00908655182275	0.000241663612307	4.02772687179e-05	0.000257774519794	0.00574756624604	0.00206219615835	0.00997265173454	0.00127276169148	0.0579227401431	0.000471244043999	0.00159095211436	0.00457952545322	0.0275053468074	0.00584423169096	0.0051393794884	6.44436299486e-05	2.41663612307e-05	0.00457549772635	0.00706866065998	0.000161109074871	0.000165136801743	4.43049955896e-05	0	0.00428147366471	0	0.000378606325948	0.000487354951486	0.000430966775281	0.0134042750293	0.00321009831681	8.05545374357e-06	0.00294829607015	1.20831806154e-05	0.000366523145332	5.6388176205e-05	1.61109074871e-05	0	8.05545374357e-06	8.05545374357e-06	0.00640005799927	0.000229580431692	0.000950543541741	0.000205414070461	0.0109876389062	2.01386343589e-05	5.23604493332e-05	0.000205414070461	0.00408411504799	0.000302079515384	4.02772687179e-05	0	0	3.22218149743e-05	0.000233608158564	0.00564284534737	0.00113179125097	0.00530048856327	0.00108748625538	0.00149025894256	8.05545374357e-06	1.61109074871e-05	0.000539715400819	1.61109074871e-05	0.000801517647485	0.000459160863384	0.000298051788512	0.000237635885435	4.02772687179e-06
0.000346384510974	0.00155873029938	4.02772687179e-06	0	1.61109074871e-05	0	0	4.02772687179e-06	0	0.000741101744409	3.62495418461e-05	0.00117206851969	8.05545374357e-05	0.00531659947076	0.000386661779691	4.02772687179e-06	1.61109074871e-05	4.02772687179e-06	8.05545374357e-06	2.81940881025e-05	0.000298051788512	8.05545374357e-06	0.00101901489856	0	0.000471244043999	0.0119502656286	0.00317787650184	0.00326648649302	2.81940881025e-05	0.000354439964717	3.22218149743e-05	0.000342356784102	0	0	0.000507493585845	0	0.000463188590255	3.62495418461e-05	0	0	0	0	0	4.02772687179e-06	1.20831806154e-05	0	0.00235622021999	0	0.00320204286307	4.02772687179e-06	0	0	0	0.000261802246666	4.02772687179e-05	0	4.02772687179e-06	0	0	4.02772687179e-06	0.00227163795569	0.000628325391999	0.000571937215794	4.02772687179e-06	4.02772687179e-06	8.05545374357e-06	4.02772687179e-05	4.02772687179e-06	8.05545374357e-06	2.81940881025e-05	0.000366523145332	0.00208233479271	0.000483327224614	4.02772687179e-06	4.02772687179e-06	4.02772687179e-06	0.00105123671354	2.81940881025e-05	0.00127678941836	8.45822643075e-05	6.04159030768e-05	0	0	0.00111165261661
0.00495813177917	0.00657325025475	0.0112051361573	0	0.000523604493332	0	8.45822643075e-05	0.000660547206973	0.000132914986769	0.00130901123333	0.00120831806154	0.0093644649769	0.00182456027292	0.00610200621075	0.00613020029886	2.41663612307e-05	0.000398744960307	0.00880863866859	0.00158289666061	0.00879655548798	0.00405189323302	0.00144595394697	0.00217900023764	0.00176011664297	0.00159095211436	0.00317787650184	0.0968426649052	0.0292815743579	0.00173192255487	0.0085790582369	0.00296440697763	0.00381022962071	0	0.00129290032584	0.0134969127474	4.83327224614e-05	0.00954168495926	0.0030127397001	0	0.00018124770923	4.02772687179e-06	2.81940881025e-05	2.01386343589e-05	0.000116804079282	0.000189303162974	0.000165136801743	0.00455133136512	0.000173192255487	0.00513132403465	0.000201386343589	0	3.62495418461e-05	0.00469230180563	0.00381022962071	0.00532062719763	0.000100693171795	0.00011277635241	5.6388176205e-05	0.000507493585845	0.000422911321537	0.00599728531209	0.0227163795569	0.00916710636018	0.000237635885435	8.05545374357e-05	0.000108748625538	0.000769295832511	0	1.20831806154e-05	0.00169567301302	0.00698810612255	0.0083937828008	0.010460006686	0.000334301330358	8.45822643075e-05	1.20831806154e-05	0.000120831806154	0.00100290399107	0.000954571268613	0.000841794916203	0.00029402406164	9.26377180511e-05	1.20831806154e-05	0.000185275436102
0.00207427933897	0.0212583424293	0.017560889161	0	0.000177219982359	2.41663612307e-05	7.24990836921e-05	0.000455133136512	0.000120831806154	0.00251330156799	0.000543743127691	0.00094651581487	0.000547770854563	0.0014701203082	0.00155067484564	2.01386343589e-05	0.00452716500389	0.00654102843978	4.02772687179e-05	0.000523604493332	0.00130095577959	0.00171581164738	0.0205816843148	0.0190551758304	0.00457952545322	0.00326648649302	0.0292815743579	0.0973259921298	0.00106331989415	0.00280732562963	0.00138553804389	0.000253746792922	2.01386343589e-05	0.000471244043999	0.00513132403465	4.83327224614e-05	0.0175125564385	0.0058240930566	0	4.83327224614e-05	0	2.41663612307e-05	5.23604493332e-05	5.23604493332e-05	0.000209441797333	8.05545374357e-05	0.000443049955896	3.62495418461e-05	0.00112373579723	8.05545374357e-05	2.41663612307e-05	0.00353231646656	0.00094651581487	0.000418883594666	0.000249719066051	4.83327224614e-05	0.000350412237845	0.00998070718828	0.00240052521558	0.000177219982359	0.00366523145332	0.00760434833393	0.0194740594251	0.000120831806154	6.04159030768e-05	7.24990836921e-05	3.22218149743e-05	0	1.61109074871e-05	0.000886099911793	0.0134364968443	0.00489368814922	0.00474868998183	0.000273885427281	4.43049955896e-05	2.01386343589e-05	2.81940881025e-05	0.000986793083587	0.000233608158564	0.00051957676646	0.000149025894256	1.61109074871e-05	8.05545374357e-06	0.000108748625538
0.00890530411352	0.00018124770923	0.0014983143963	0	0.0101740380781	0.000217497251076	0.00235219249312	0.0355567728241	0.00526021129455	0.00730629654542	0.0102223708006	0.00245288566492	0.0026985770041	0.000910266273023	0.0108023634701	0.000741101744409	0.00257371747107	0.000507493585845	4.02772687179e-05	0.00056388176205	0.00551395808747	0.00646450162922	0.00283551971774	0.00797892693301	0.0275053468074	2.81940881025e-05	0.00173192255487	0.00106331989415	0.0795878829865	0.0113420788709	0.0147374526239	0.000515549039589	6.44436299486e-05	0.00608992303014	0.0117086020163	5.6388176205e-05	1.20831806154e-05	0.000253746792922	0	0.00562673443988	0	0.000942488087998	0.0015990075681	0.00090221081928	0.0141896817693	0.00410828140922	0.00011277635241	0.00384245143568	7.65268105639e-05	0.00111165261661	3.62495418461e-05	6.84713568204e-05	8.05545374357e-06	1.61109074871e-05	8.05545374357e-06	0.00665380479219	0.000463188590255	0.000455133136512	0.000289996334769	0.0139762122451	1.61109074871e-05	4.02772687179e-05	0.000136942713641	0.00678671977896	0.00029402406164	0.00123651214964	1.20831806154e-05	0	2.41663612307e-05	0.000503465858973	0.00479299497742	0.00110359716287	0.0104438957785	0.00128081714523	0.001413732132	8.05545374357e-06	8.05545374357e-06	0.000551798581435	2.81940881025e-05	0.000761240378767	0.000354439964717	0.00103915353292	5.6388176205e-05	4.02772687179e-05
0.0164854860862	0.000241663612307	0.00383036825507	0	0.0026985770041	0.000628325391999	0.00151039757692	0.0121597074259	0.00475674543558	0.00350412237845	0.0058240930566	0.0107540307477	0.00487354951486	0.00250524611425	0.0285726944284	0.000447077682768	0.00124053987651	0.00227163795569	0.00177622755046	0.00459966408758	0.00919932817516	0.0064524184486	0.000640408572614	0.00509104676594	0.00584423169096	0.000354439964717	0.0085790582369	0.00280732562963	0.0113420788709	0.0654787557546	0.0169929796721	0.000845822643075	0.000688741295075	0.017750192324	0.037413554912	1.61109074871e-05	0.000144998167384	0.000108748625538	0	0.000741101744409	0	0.000487354951486	0.000281940881025	0.00051957676646	0.00200580798215	0.000326245876615	0.000144998167384	0.000761240378767	9.66654449228e-05	0.000567909488922	0	1.20831806154e-05	2.01386343589e-05	0.000120831806154	6.84713568204e-05	0.00022555270482	0.000165136801743	2.01386343589e-05	5.6388176205e-05	0.00216288933015	0.000120831806154	0.000157081348	0.000120831806154	0.00234010931251	0.00011277635241	0.000136942713641	0	8.05545374357e-06	0	0.000136942713641	0.00522396175271	0.00119623488092	0.0258741174243	0.00201789116276	0.000724990836921	7.65268105639e-05	0.000128887259897	0.000285968607897	4.02772687179e-05	0.000273885427281	9.26377180511e-05	0.000535687673947	6.84713568204e-05	5.23604493332e-05
0.0140044063332	0.000209441797333	0.00678671977896	0	0.000463188590255	7.24990836921e-05	0.00045110540964	0.0127356723686	0.00160303529497	0.00347592829035	0.000539715400819	0.000761240378767	0.000173192255487	5.6388176205e-05	0.00832933917085	0.000334301330358	0.000890127638665	0.00407605959425	0.000229580431692	0.00146206485446	0.000140970440512	0.0200339134603	0.000439022229025	0.0125987296549	0.0051393794884	3.22218149743e-05	0.00296440697763	0.00138553804389	0.0147374526239	0.0169929796721	0.0485421642588	4.02772687179e-06	4.83327224614e-05	0.0096504335848	0.0113944393203	0.000124859533025	6.44436299486e-05	0.000410828140922	0	0.00056388176205	0	0.000430966775281	0.00067665811446	0.00078943446687	0.00314162695999	0.000257774519794	0.000104720898666	0.000620269938255	6.84713568204e-05	0.000785406739998	0	2.01386343589e-05	2.41663612307e-05	3.62495418461e-05	7.24990836921e-05	0.000362495418461	0.000153053621128	3.62495418461e-05	0.000281940881025	0.00205414070461	2.81940881025e-05	6.44436299486e-05	6.84713568204e-05	0.00182858799979	0.000261802246666	0.000712907656306	0	0	8.05545374357e-06	0.000173192255487	0.0024689965724	0.00109151398225	0.0074231006247	0.000958598995485	0.00090221081928	0	2.01386343589e-05	0.000571937215794	3.62495418461e-05	0.000330273603486	0.000132914986769	0.000668602660716	0.000104720898666	4.83327224614e-05
0.000366523145332	4.02772687179e-06	4.02772687179e-06	0	0.00018124770923	0	2.41663612307e-05	5.6388176205e-05	2.01386343589e-05	2.81940881025e-05	8.45822643075e-05	0.00209039024646	0.000600131303896	0.00292412970892	0.00110762488974	4.02772687179e-06	4.02772687179e-06	4.02772687179e-06	2.01386343589e-05	0.000366523145332	0.000962626722357	4.02772687179e-06	8.05545374357e-06	1.61109074871e-05	6.44436299486e-05	0.000342356784102	0.00381022962071	0.000253746792922	0.000515549039589	0.000845822643075	4.02772687179e-06	0.0038263405282	0	2.01386343589e-05	0.001727894828	0	2.41663612307e-05	0	0	7.24990836921e-05	0	4.02772687179e-06	1.20831806154e-05	2.41663612307e-05	1.20831806154e-05	1.61109074871e-05	0.000157081348	9.66654449228e-05	0.000765268105639	6.44436299486e-05	0	1.20831806154e-05	0	0	0	1.20831806154e-05	0	4.02772687179e-06	0	0.000189303162974	0.000330273603486	2.81940881025e-05	2.81940881025e-05	0.000104720898666	2.01386343589e-05	0	0	0	0	2.41663612307e-05	6.04159030768e-05	0.000177219982359	0.0017560889161	8.05545374357e-06	1.20831806154e-05	0	6.04159030768e-05	0	7.24990836921e-05	1.61109074871e-05	0	5.6388176205e-05	0	2.81940881025e-05
