0.0176230826987	0	0	0	4.29046444278e-05	0	0	0.00898852300762	0.000729378955272	0	0.000461224927598	0.000268154027673	0	0	0.00775501448032	0	0	4.29046444278e-05	0.000257427866567	0.000150166255497	0.000214523222139	0.000182344738818	0	1.07261611069e-05	0.00258500482677	0	2.14523222139e-05	0	0.00452643998713	0.00898852300762	0.00574922235332	0	0	0.00160892416604	0.000321784833208	0	0	0	0	1.07261611069e-05	0	0	0	0	0	0	0	0	0	0	0	0	0	0	0	0	0	0	0	0	0	0	0	0	0	0	0	0	0	0	0	0	4.29046444278e-05	0	0	0	0	0	0	0	0	0	0	0
0	0.0226214737745	0	0	0	0	0	0	0	0.00645714898638	0	0	0	0.000568486538668	0	0	0.000107261611069	0	0	0	0	0	0.00703636168615	0	0.0061889949587	0.00288533733777	0.000257427866567	0.0197146841146	0	0	0	0	0	0	0	0	0.00992169902392	0	0	0	0	0	0	0	0	0	0	0	0.00027888018878	0	0	4.29046444278e-05	1.07261611069e-05	0	0	0	0	4.29046444278e-05	0	0	0.0013944009439	0.000150166255497	0.0107797919125	0	0	0	0	0	0	0	0	0	0	0	0	0	0	0	0	0	0	0	0	0
0	0	0.0390003217848	0	0	0	0	1.07261611069e-05	4.29046444278e-05	1.07261611069e-05	0	9.65354499625e-05	0	0	1.07261611069e-05	1.07261611069e-05	3.21784833208e-05	0.0101576745683	5.36308055347e-05	0.000160892416604	0	0.000707926633058	1.07261611069e-05	0.013343344417	0.000117987772176	0	0.0109085058458	0.0153920411885	0.000128713933283	0	8.58092888555e-05	0	0	0	0.000461224927598	0	0.000300332510994	0	0	0	0	0	0	1.07261611069e-05	1.07261611069e-05	0	1.07261611069e-05	0	0	0	0	0	0.000214523222139	0	0	0	1.07261611069e-05	1.07261611069e-05	0.00024670170546	0	0	3.21784833208e-05	0.00272444492116	9.65354499625e-05	0	0	0	0	0	1.07261611069e-05	0.00102971146627	0.000954628338518	0.00276734956559	0.00164110264936	9.65354499625e-05	0	0	0.00257427866567	0.00208087525475	9.65354499625e-05	0.000203797061032	1.07261611069e-05	0	0
0	0	0	0	0	0	0	0	0	0	0	0	0	0	0	0	0	0	0	0	0	0	0	0	0	0	0	0	0	0	0	0	0	0	0	0	0	0	0	0	0	0	0	0	0	0	0	0	0	0	0	0	0	0	0	0	0	0	0	0	0	0	0	0	0	0	0	0	0	0	0	0	0	0	0	0	0	0	0	0	0	0	0	0
4.29046444278e-05	0	0	0	0.0136865815725	0.000107261611069	0.00124423468841	0.000697200471951	0.00137294862169	0.00456934463156	0.0080446208302	0.00116915156066	0.00328220529872	7.50831277486e-05	0.000182344738818	0.000900997532983	0	0	0.000707926633058	0.000482677249812	0.00975008044621	0	0	0	0.00378633487075	0	0.000117987772176	0	0.00722943258608	0.000289606349887	0	0	0	0.000128713933283	0.00157674568272	0	0	0	0	0.00638206585863	0	0	0	0	0.0012335085273	0.00013944009439	0	0	0	0	0	0	0	0	0	0.000257427866567	0	0	0	0.00634988737531	0	0	0	0.0026279094712	0	0	0	0	0	0	0	1.07261611069e-05	0.00109406843291	5.36308055347e-05	0.00013944009439	0.00027888018878	2.14523222139e-05	0	0	0	0	0	0	0
0	0	0	0	0.000107261611069	0.00583503164218	0.00406521505953	0	0.00264936179341	0.000321784833208	0.00207014909364	0	0.00117987772176	0	0	0.00407594122064	0	0	0	0	0.000471951088705	0	0	0	0.000117987772176	0	0	0	1.07261611069e-05	4.29046444278e-05	0	0	0.00106188994959	0	0	0	0	0	0	6.43569666416e-05	0	0	0	0	0.000117987772176	0	0	0	0	0	1.07261611069e-05	0	0	0	0	0	0	0	0	0.000160892416604	0	0	0	3.21784833208e-05	0	0	0	0	0	0	0.000214523222139	0	0	0	0.00155529336051	0.000193070899925	0	0	0	0	0	1.07261611069e-05	0	0
0	0	0	0	0.00124423468841	0.00406521505953	0.0428617397833	0.00434409524831	0.0271157352783	0.000343237155422	0.0256462512067	0.00322857449319	0.0155100289606	6.43569666416e-05	0.00480532017591	0.00724015874718	0	0	0.00168400729379	0.000697200471951	0.00718652794165	0	0	0	0.000150166255497	0	0.000439772605385	0	0.0024670170546	0.00115842539955	0	0	0.000332510994315	0	0.00444063069827	0	0	0	0	0.000579212699775	0	0	0	0	0.000128713933283	1.07261611069e-05	0	0.00300332510994	0	0	1.07261611069e-05	0	0	0	0	0	0	0	0	0.000171618577711	0	0	0	2.14523222139e-05	0	0	0	0	0	0	0.000214523222139	0	0.000793735921914	0	0.000707926633058	0	0	0	0	0	0	1.07261611069e-05	0	0
0.00898852300762	0	1.07261611069e-05	0	0.000697200471951	0	0.00434409524831	0.0645607637027	0.00893489220208	0	0.00492330794809	0.00195216132146	0	3.21784833208e-05	0.0127319532339	0	0	0.000375415638743	0.00122278236619	0.00180199506597	0.000268154027673	0.00213450606028	0	0.00493403410919	0.00655368443634	0	0.000396867960957	2.14523222139e-05	0.0242840287461	0.00722943258608	0.0225463906468	0	0	0.00497693875362	0.00342164539311	0	0	0	0	0.000117987772176	0	0	0	0	0	0	0	0	0	0	0	0	0	0	0	8.58092888555e-05	0	0	0	0.000740105116379	0	0	0	0.0013836747828	0	0	0	0	0	0	1.07261611069e-05	0	0.00297114662662	0.000117987772176	7.50831277486e-05	0.000815188244127	1.07261611069e-05	0	0	0	0	0	0	0
0.000729378955272	0	4.29046444278e-05	0	0.00137294862169	0.00264936179341	0.0271157352783	0.00893489220208	0.0526332725518	0.000407594122064	0.0172691193822	0.00357181164861	0.0115198970289	0.000289606349887	0.014941542422	0.00572777003111	0	0.000160892416604	0.00112624691623	0.000235975544353	0.00662876756409	3.21784833208e-05	1.07261611069e-05	0.00130859165505	0.000171618577711	0	0.000675748149737	0.000461224927598	0.00360399013193	0.00284243269334	0.000815188244127	1.07261611069e-05	0.000225249383246	0	0.00592084093103	0	1.07261611069e-05	0	0	0.000643569666416	0	0	0	7.50831277486e-05	0.000193070899925	8.58092888555e-05	0.000150166255497	0.00204869677143	3.21784833208e-05	0	1.07261611069e-05	0	0	1.07261611069e-05	0	0.000193070899925	2.14523222139e-05	1.07261611069e-05	0	0.000268154027673	1.07261611069e-05	0.000300332510994	0.00013944009439	0.00013944009439	0	0	0	0	0	9.65354499625e-05	0.00552397297007	0.000182344738818	0.000943902177411	9.65354499625e-05	0.00319639600987	0.000461224927598	2.14523222139e-05	0.00091172369409	0.000107261611069	0.000321784833208	1.07261611069e-05	1.07261611069e-05	0	0
0	0.00645714898638	1.07261611069e-05	0	0.00456934463156	0.000321784833208	0.000343237155422	0	0.000407594122064	0.0431084414888	0.00460152311488	0	0.00404376273732	8.58092888555e-05	4.29046444278e-05	0.00336801458758	0.00474096320927	0	0	0	0.00667167220852	1.07261611069e-05	0.0180306768208	0.001705459616	0.0315778182988	0.00080446208302	0	0.00501984339805	0.00424755979835	0	0	0	0	0	0.000107261611069	0	7.50831277486e-05	0	0	0.00604955486431	0	0	0	0	0.00762630054703	4.29046444278e-05	2.14523222139e-05	0	0	1.07261611069e-05	7.50831277486e-05	0.00637133969752	0	0	0	0.000343237155422	0.00163037648825	0.0106725303014	0.0021666845436	0.020765847903	0	1.07261611069e-05	0.000107261611069	0.00918159390754	3.21784833208e-05	0	0	0	3.21784833208e-05	0.000117987772176	0.000117987772176	1.07261611069e-05	8.58092888555e-05	7.50831277486e-05	0.00197361364368	0	0	0.000439772605385	4.29046444278e-05	0.000107261611069	4.29046444278e-05	7.50831277486e-05	0	0
0.000461224927598	0	0	0	0.0080446208302	0.00207014909364	0.0256462512067	0.00492330794809	0.0172691193822	0.00460152311488	0.0557438592728	0.00981443741285	0.0164646572992	0.00024670170546	0.00388287032071	0.00405448889842	0	0.000128713933283	0.00681111230291	0.00537380671458	0.0159176230827	0	0	0	0.00144803174944	0	0.000600665021989	0	0.0141049018556	0.00343237155422	0	0	0	0.00038614179985	0.0124101684007	0	0	0	0	0.00551324680897	0	0	0	0	0.00109406843291	5.36308055347e-05	1.07261611069e-05	0.0040223104151	0	0	0	0	0	0	0	0.000160892416604	0	0	0	0.00513783117022	0	0	0	0.00148021023276	0	0	0	0	0	0	2.14523222139e-05	3.21784833208e-05	0.00431191676499	0.000439772605385	6.43569666416e-05	2.14523222139e-05	3.21784833208e-05	1.07261611069e-05	0	1.07261611069e-05	1.07261611069e-05	0	0	0
0.000268154027673	0	9.65354499625e-05	0	0.00116915156066	0	0.00322857449319	0.00195216132146	0.00357181164861	0	0.00981443741285	0.0395366298402	0.00406521505953	0.00729378955272	0.0058779362866	0.000107261611069	0	0.000836640566341	0.0130537380671	0.0125281561729	0.00344309771533	0	2.14523222139e-05	0.00027888018878	0.000547034216454	0.000547034216454	0.00686474310844	0.000632843505309	0.00376488254854	0.00769065751368	0	0.000643569666416	0.000707926633058	0.0016947334549	0.0225249383246	0	0	0	0	0.000718652794165	0	0	0	0	0	2.14523222139e-05	0.000589938860882	0.00171618577711	0.00420465515392	0	0	0	0	0	0	0	3.21784833208e-05	3.21784833208e-05	9.65354499625e-05	0	0.00234902928242	0.00122278236619	0.000107261611069	0	0	0	0.00252064786013	0	0	0	0.00458007079266	0.00360399013193	0.0112195645179	0.00343237155422	5.36308055347e-05	0	0.000547034216454	3.21784833208e-05	0.00013944009439	0	0	0	0	0
0	0	0	0	0.00328220529872	0.00117987772176	0.0155100289606	0	0.0115198970289	0.00404376273732	0.0164646572992	0.00406521505953	0.0338410382924	7.50831277486e-05	0.00257427866567	0.00430119060388	0	0	0.00302477743216	0.00165182881047	0.0131180950338	0	0	0	0.00222031534914	0	0.000439772605385	0	0.00160892416604	0.000825914405234	0	0	0	0	0.00517000965354	0	0	0	0	0.00290678965998	3.21784833208e-05	0.000954628338518	0	0.000504129572026	0.00189853051593	0.000107261611069	1.07261611069e-05	0.00603882870321	0	1.07261611069e-05	0.000643569666416	0	0	0	0	0.00208087525475	0	0	0	0.00436554757052	0	0	0	0.000482677249812	2.14523222139e-05	0	0	0	0	1.07261611069e-05	0	0	0.00146948407165	5.36308055347e-05	0.000922449855197	0	0	0	0	1.07261611069e-05	0	0.00024670170546	0	0
0	0.000568486538668	0	0	7.50831277486e-05	0	6.43569666416e-05	3.21784833208e-05	0.000289606349887	8.58092888555e-05	0.00024670170546	0.00729378955272	7.50831277486e-05	0.0119596696342	0.000182344738818	0	0	0	0	0	0.000160892416604	3.21784833208e-05	8.58092888555e-05	0	0.00013944009439	0.00243483857128	0.00091172369409	0.00128713933283	0.000128713933283	0.000160892416604	0	0.000718652794165	0.000193070899925	1.07261611069e-05	0.000697200471951	0	0	0	0	6.43569666416e-05	0	0	0	0	0.000171618577711	0	0.000600665021989	4.29046444278e-05	0.00406521505953	0	0	0	0	0	0	0	0	0	0	0	0.0018556258715	0.00107261611069	6.43569666416e-05	0	0	0	0.00229539847689	0	0	0	0.00013944009439	0.00237048160463	0.000568486538668	0.000482677249812	0	9.65354499625e-05	0.00038614179985	0	2.14523222139e-05	0.000203797061032	0	0	0	0.00027888018878
0.00775501448032	0	1.07261611069e-05	0	0.000182344738818	0	0.00480532017591	0.0127319532339	0.014941542422	4.29046444278e-05	0.00388287032071	0.0058779362866	0.00257427866567	0.000182344738818	0.0368979942079	0.00013944009439	0	0.00111552075512	0.00157674568272	0.000740105116379	0.00119060388287	0.000300332510994	1.07261611069e-05	0.00127641317173	0.000493403410919	0	0.000214523222139	0.000150166255497	0.00511637884801	0.00919232006865	0.00638206585863	0	0.000514855733133	0.000128713933283	0.0085058457578	0	4.29046444278e-05	0	0	5.36308055347e-05	0	0	0	4.29046444278e-05	4.29046444278e-05	4.29046444278e-05	0.000107261611069	0.000868819049662	2.14523222139e-05	0	0	0	0	1.07261611069e-05	0	4.29046444278e-05	0	1.07261611069e-05	0	2.14523222139e-05	2.14523222139e-05	1.07261611069e-05	6.43569666416e-05	4.29046444278e-05	0	0	0	0	0	7.50831277486e-05	0.000675748149737	3.21784833208e-05	0.00153384103829	1.07261611069e-05	3.21784833208e-05	0.000150166255497	1.07261611069e-05	0.00027888018878	1.07261611069e-05	0.000150166255497	0	0	0	0
0	0	1.07261611069e-05	0	0.000900997532983	0.00407594122064	0.00724015874718	0	0.00572777003111	0.00336801458758	0.00405448889842	0.000107261611069	0.00430119060388	0	0.00013944009439	0.0145339482999	9.65354499625e-05	0	6.43569666416e-05	2.14523222139e-05	0.00203797061032	3.21784833208e-05	0.000193070899925	0	0.0035503593264	0	0	1.07261611069e-05	0.000128713933283	0	0	0	0.000117987772176	0	0.000718652794165	0	0	0	0	0.000471951088705	0	0	0	0	0.000868819049662	1.07261611069e-05	2.14523222139e-05	9.65354499625e-05	0	0	5.36308055347e-05	0	0	0	0	0	0	0.000300332510994	0	0.000622117344203	0	0	1.07261611069e-05	0.000193070899925	1.07261611069e-05	0	0	0	2.14523222139e-05	2.14523222139e-05	0	0	0.00196288748257	0.000332510994315	0.00255282634345	1.07261611069e-05	0	0.00038614179985	5.36308055347e-05	4.29046444278e-05	3.21784833208e-05	5.36308055347e-05	0	0
0	0.000107261611069	3.21784833208e-05	0	0	0	0	0	0	0.00474096320927	0	0	0	0	0	9.65354499625e-05	0.0227394615467	0	0	0	0	0.0013944009439	0.0170331438378	0.00619972111981	0.00364689477636	0	0	0.00397940577067	0.000675748149737	0	0	0	0	0	0.000407594122064	0	0	0	0	0	0	0	0	0	0	0	0	0	0	0	0	0.00939611712968	0	0	0	0	0.00490185562587	0.0138796524724	0.00411884586506	0.00134077013837	0	0	9.65354499625e-05	0.00197361364368	0	0	0	0	0	0	0.00160892416604	2.14523222139e-05	0.000568486538668	0.000493403410919	0.000482677249812	3.21784833208e-05	0	2.14523222139e-05	2.14523222139e-05	1.07261611069e-05	0	0	0	0
4.29046444278e-05	0	0.0101576745683	0	0	0	0	0.000375415638743	0.000160892416604	0	0.000128713933283	0.000836640566341	0	0	0.00111552075512	0	0	0.0299688941328	0.000332510994315	0.00526654510351	0	0.000429046444278	0	0.00234902928242	7.50831277486e-05	0	0.0141049018556	0.0103614716293	0.000429046444278	0.000117987772176	0.000976080660732	0	0	0.00024670170546	0.0061782687976	0	0.000976080660732	0	0	0	0	0	0	0	0	0	0	0	0	0	0	0	0	0	0	0	0	0	0	0	0	0.000557760377561	0.00238120776574	0	0	0	0	0	0	0	7.50831277486e-05	0	0.00211305373807	0.000128713933283	0	0	0	6.43569666416e-05	5.36308055347e-05	2.14523222139e-05	1.07261611069e-05	0	0	0
0.000257427866567	0	5.36308055347e-05	0	0.000707926633058	0	0.00168400729379	0.00122278236619	0.00112624691623	0	0.00681111230291	0.0130537380671	0.00302477743216	0	0.00157674568272	6.43569666416e-05	0	0.000332510994315	0.0138152955057	0.0077335621581	0.00241338624906	0	1.07261611069e-05	0.000128713933283	0.000332510994315	0	0.00109406843291	0.000214523222139	0.00249919553792	0.00303550359326	0	0	0	0.00116915156066	0.00997532982945	0	0	0	0	0.000429046444278	0	0	0	0	0	2.14523222139e-05	0	0.00129786549394	0	0	0	0	0	0	0	0	2.14523222139e-05	2.14523222139e-05	6.43569666416e-05	0	0	0	6.43569666416e-05	0	0	0	0	0	0	0	0.00219886302692	5.36308055347e-05	0.00460152311488	0.00209160141585	0	0	0	2.14523222139e-05	3.21784833208e-05	0	0	0	0	0
0.000150166255497	0	0.000160892416604	0	0.000482677249812	0	0.000697200471951	0.00180199506597	0.000235975544353	0	0.00537380671458	0.0125281561729	0.00165182881047	0	0.000740105116379	2.14523222139e-05	0	0.00526654510351	0.0077335621581	0.0239836962351	0.00167328113268	3.21784833208e-05	3.21784833208e-05	0.000589938860882	0.000461224927598	0	0.00975008044621	0.00125496084951	0.00330365762094	0.00153384103829	0.000214523222139	0	0	0.00136222246058	0.0173763809932	0	0	0	0	0.00027888018878	0	0	0	0	0	1.07261611069e-05	0	0.000493403410919	0	0	0	1.07261611069e-05	0	0	0	0	5.36308055347e-05	5.36308055347e-05	0.000128713933283	0	0	1.07261611069e-05	7.50831277486e-05	0	0	0	0	0	0	0	0.00420465515392	0.000160892416604	0.0116593371232	0.00333583610426	4.29046444278e-05	0	0	5.36308055347e-05	5.36308055347e-05	0	0	0	0	0
0.000214523222139	0	0	0	0.00975008044621	0.000471951088705	0.00718652794165	0.000268154027673	0.00662876756409	0.00667167220852	0.0159176230827	0.00344309771533	0.0131180950338	0.000160892416604	0.00119060388287	0.00203797061032	0	0	0.00241338624906	0.00167328113268	0.0267617719618	0	0	0	0.00380778719296	0	0.000171618577711	0	0.00569559154779	0.000825914405234	0	0	0	0	0.00444063069827	0	0	0	0	0.00758339590261	0	0	0	0	0.00189853051593	0.00013944009439	0	0.000171618577711	0	0	0	0	0	0	0	0.000375415638743	0	0	0	0.00743322964711	0	0	0	0.00245629089349	0	0	0	0	0	0	1.07261611069e-05	1.07261611069e-05	0.00209160141585	0.000235975544353	0.000321784833208	0.000193070899925	2.14523222139e-05	0	0	0	0	0	0	0
0.000182344738818	0	0.000707926633058	0	0	0	0	0.00213450606028	3.21784833208e-05	1.07261611069e-05	0	0	0	3.21784833208e-05	0.000300332510994	3.21784833208e-05	0.0013944009439	0.000429046444278	0	3.21784833208e-05	0	0.0249275984125	4.29046444278e-05	0.0132468089671	7.50831277486e-05	0	0	0.000128713933283	0.00968572347957	5.36308055347e-05	0.00609245950874	0	0	0	0.00453716614824	0	0	0	0	0	0	0	0	0	7.50831277486e-05	0	0	0	0	0	0	0	0	0	0	0	0.000160892416604	0.000182344738818	0.000353963316529	2.14523222139e-05	0	0	0.000257427866567	2.14523222139e-05	0	0	0	0	0	0	0.000557760377561	6.43569666416e-05	0.00382923951518	0.00104043762737	0.000654295827523	5.36308055347e-05	0	0	0	4.29046444278e-05	5.36308055347e-05	0	0	0
0	0.00703636168615	1.07261611069e-05	0	0	0	0	0	1.07261611069e-05	0.0180306768208	0	2.14523222139e-05	0	8.58092888555e-05	1.07261611069e-05	0.000193070899925	0.0170331438378	0	1.07261611069e-05	3.21784833208e-05	0	4.29046444278e-05	0.0400300332511	0.00692910007508	0.0154242196718	0.00080446208302	3.21784833208e-05	0.0120883835675	0	0	0	0	0	0	3.21784833208e-05	0	0.00027888018878	0	0	0	0	0	0	0	6.43569666416e-05	0	0	0	0	0	0	0.0160141585327	0	0	0	0	0.00515928349244	0.0223318674246	0.0054059851979	0.00332510994315	0	0	0.0013836747828	0.00353963316529	0	0	0	0	0	0	0.000536308055347	6.43569666416e-05	4.29046444278e-05	4.29046444278e-05	0	0	0	5.36308055347e-05	2.14523222139e-05	0	0	1.07261611069e-05	0	0
1.07261611069e-05	0	0.013343344417	0	0	0	0	0.00493403410919	0.00130859165505	0.001705459616	0	0.00027888018878	0	0	0.00127641317173	0	0.00619972111981	0.00234902928242	0.000128713933283	0.000589938860882	0	0.0132468089671	0.00692910007508	0.0659766169688	0.000107261611069	0	0.00186635203261	0.010929958168	0.00681111230291	0	0.00496621259251	0	0	0	0.0035503593264	0	0.00027888018878	0	0	0	0	0	0	0	1.07261611069e-05	0	0	0	0	0	0	0.0103507454682	0	0	0	0	0.00166255497158	0.00894561836319	0.00747613429154	0	0	0	0.00506274804248	5.36308055347e-05	0	0	0	0	0	0	0.00450498766491	3.21784833208e-05	0.00712217097501	0.0046444277593	0.000300332510994	0	0	5.36308055347e-05	3.21784833208e-05	0.000407594122064	0.000697200471951	0	0	0
0.00258500482677	0.0061889949587	0.000117987772176	0	0.00378633487075	0.000117987772176	0.000150166255497	0.00655368443634	0.000171618577711	0.0315778182988	0.00144803174944	0.000547034216454	0.00222031534914	0.00013944009439	0.000493403410919	0.0035503593264	0.00364689477636	7.50831277486e-05	0.000332510994315	0.000461224927598	0.00380778719296	7.50831277486e-05	0.0154242196718	0.000107261611069	0.0760913868926	0.0007722835997	0.000117987772176	0.00511637884801	0.0169366083879	0.00728306339161	0.00332510994315	0	0	0.00614609031428	0.00740105116379	5.36308055347e-05	7.50831277486e-05	0	0	0.0027888018878	0	0	1.07261611069e-05	0	0.010833422718	0	0.000203797061032	0	0	0.000547034216454	0	0.00347527619865	3.21784833208e-05	0	0	8.58092888555e-05	0.00146948407165	0.0095891880296	0.000568486538668	0.0253030140513	0	0	0.000439772605385	0.0116915156066	0.00114769923844	0.000450498766491	0	0	0.00102971146627	0.00145875791054	0.00168400729379	0	0.0092674031964	0.00350745468197	0.0030891343988	0.000890271371876	0	0.000697200471951	5.36308055347e-05	0.000976080660732	0.000536308055347	0	0	0
0	0.00288533733777	0	0	0	0	0	0	0	0.00080446208302	0	0.000547034216454	0	0.00243483857128	0	0	0	0	0	0	0	0	0.00080446208302	0	0.0007722835997	0.00678965998069	0.00027888018878	0.00406521505953	0	0	0	0	0	0	0	0	2.14523222139e-05	0	0	0	0	0	0	0	0	0	3.21784833208e-05	0	0.00106188994959	0	0	0	0	0	0	0	0	0	0	0	0.0013944009439	5.36308055347e-05	0.000654295827523	0	0	0	0	0	0	0	0	0.00027888018878	0	0	0	0	0.000225249383246	0	0	0	0	0	0	0.00013944009439
2.14523222139e-05	0.000257427866567	0.0109085058458	0	0.000117987772176	0	0.000439772605385	0.000396867960957	0.000675748149737	0	0.000600665021989	0.00686474310844	0.000439772605385	0.00091172369409	0.000214523222139	0	0	0.0141049018556	0.00109406843291	0.00975008044621	0.000171618577711	0	3.21784833208e-05	0.00186635203261	0.000117987772176	0.00027888018878	0.0693768100397	0.0244985519683	0.000343237155422	2.14523222139e-05	2.14523222139e-05	0.00243483857128	1.07261611069e-05	0.000107261611069	0.00608173334763	0	0.000482677249812	0	0	5.36308055347e-05	0	0	0	0	0	0	0.000128713933283	0.000235975544353	0.0148342808109	0	0	0	0	0.000171618577711	0	0	6.43569666416e-05	4.29046444278e-05	6.43569666416e-05	0	0.0109835889735	0.0101684007294	0.0119274911509	0	0	0	0.00307840823769	0	0	0	0.00873109514105	0.000890271371876	0.0104687332404	0.00385069183739	0.000268154027673	0	1.07261611069e-05	0.000128713933283	0.000160892416604	0	0	0	0	1.07261611069e-05
0	0.0197146841146	0.0153920411885	0	0	0	0	2.14523222139e-05	0.000461224927598	0.00501984339805	0	0.000632843505309	0	0.00128713933283	0.000150166255497	1.07261611069e-05	0.00397940577067	0.0103614716293	0.000214523222139	0.00125496084951	0	0.000128713933283	0.0120883835675	0.010929958168	0.00511637884801	0.00406521505953	0.0244985519683	0.125903679073	0.000203797061032	1.07261611069e-05	9.65354499625e-05	0.000257427866567	1.07261611069e-05	0	0.00180199506597	0	0.0259573098788	0	0	0	0	0	0	1.07261611069e-05	2.14523222139e-05	0	0.000193070899925	0	0.0143516035611	0	0	0.00807679931353	0.00168400729379	0.000171618577711	0.000740105116379	0	0.000128713933283	0.0111873860345	0.00669312453073	2.14523222139e-05	0.0177303443098	0.0148342808109	0.0577174729164	0.000160892416604	0	0	0.00156601952161	0	0	1.07261611069e-05	0.00404376273732	0.00254210018234	0.00697200471951	0.0041724766706	0.000289606349887	0	3.21784833208e-05	0.00490185562587	0.00389359648182	0.00066502198863	0.000579212699775	1.07261611069e-05	0	0.000128713933283
0.00452643998713	0	0.000128713933283	0	0.00722943258608	1.07261611069e-05	0.0024670170546	0.0242840287461	0.00360399013193	0.00424755979835	0.0141049018556	0.00376488254854	0.00160892416604	0.000128713933283	0.00511637884801	0.000128713933283	0.000675748149737	0.000429046444278	0.00249919553792	0.00330365762094	0.00569559154779	0.00968572347957	0	0.00681111230291	0.0169366083879	0	0.000343237155422	0.000203797061032	0.0709750080446	0.00714362329722	0.0100825914405	0	0	0.00333583610426	0.00969644964067	0	0	0	0	0.00392577496514	0	0	0	0	0.000847366727448	0	1.07261611069e-05	0	0	0	0	0	0	0	0	0.000107261611069	2.14523222139e-05	8.58092888555e-05	0.000353963316529	0.00934248632414	0	0	0.000321784833208	0.00483749865923	0	0	0	0	0	0	0.000150166255497	9.65354499625e-05	0.00909578461868	0.00215595838249	0.0012335085273	0.0007722835997	1.07261611069e-05	1.07261611069e-05	0	2.14523222139e-05	0.000268154027673	0	0	0
0.00898852300762	0	0	0	0.000289606349887	4.29046444278e-05	0.00115842539955	0.00722943258608	0.00284243269334	0	0.00343237155422	0.00769065751368	0.000825914405234	0.000160892416604	0.00919232006865	0	0	0.000117987772176	0.00303550359326	0.00153384103829	0.000825914405234	5.36308055347e-05	0	0	0.00728306339161	0	2.14523222139e-05	1.07261611069e-05	0.00714362329722	0.0331760163038	0.00434409524831	0	0.00229539847689	0.00855947656334	0.0114126354178	0	0	0	0	9.65354499625e-05	0	0	0	0	0	0	2.14523222139e-05	0.000547034216454	2.14523222139e-05	0	0	0	0	0	0	0	0	0	0	0	2.14523222139e-05	0	0	0	0	0	0	0	0	0	1.07261611069e-05	5.36308055347e-05	0.00104043762737	8.58092888555e-05	1.07261611069e-05	0.000729378955272	1.07261611069e-05	1.07261611069e-05	0	0	0	0	0	0
0.00574922235332	0	8.58092888555e-05	0	0	0	0	0.0225463906468	0.000815188244127	0	0	0	0	0	0.00638206585863	0	0	0.000976080660732	0	0.000214523222139	0	0.00609245950874	0	0.00496621259251	0.00332510994315	0	2.14523222139e-05	9.65354499625e-05	0.0100825914405	0.00434409524831	0.0437520111552	0	0	0.000182344738818	0.00604955486431	0	0	0	0	0	0	0	0	0	0	0	0	0	0	0	0	0	0	0	0	0	0	0	0	0	0	0	0	0	0	0	0	0	0	0	0	0	0.00279952804891	3.21784833208e-05	0	0	0	0	0	0	0	0	0	0
0	0	0	0	0	0	0	0	1.07261611069e-05	0	0	0.000643569666416	0	0.000718652794165	0	0	0	0	0	0	0	0	0	0	0	0	0.00243483857128	0.000257427866567	0	0	0	0.00271371876006	0	0	0	0	0	0	0	0	0	0	0	0	0	0	0	0	0.00176981658265	0	0	0	0	0	0	0	0	0	0	0	0.000504129572026	0.00141585326612	5.36308055347e-05	0	0	0	0.00161965032715	0	0	0	0.00024670170546	0.000235975544353	0.000128713933283	0	1.07261611069e-05	0	0	0	1.07261611069e-05	0	0	0	0	0
0	0	0	0	0	0.00106188994959	0.000332510994315	0	0.000225249383246	0	0	0.000707926633058	0	0.000193070899925	0.000514855733133	0.000117987772176	0	0	0	0	0	0	0	0	0	0	1.07261611069e-05	1.07261611069e-05	0	0.00229539847689	0	0	0.00406521505953	0	0.0018556258715	0	0	0	0	0	0	0	0	0	0	0	2.14523222139e-05	0	2.14523222139e-05	0	0	0	0	0	0	0	0	0	0	0	2.14523222139e-05	0	0	0	0	0	0	0	0	0	0.000461224927598	5.36308055347e-05	0.000117987772176	0.000107261611069	0.000643569666416	0.000943902177411	2.14523222139e-05	0	0	0	0	0	0	0
0.00160892416604	0	0	0	0.000128713933283	0	0	0.00497693875362	0	0	0.00038614179985	0.0016947334549	0	1.07261611069e-05	0.000128713933283	0	0	0.00024670170546	0.00116915156066	0.00136222246058	0	0	0	0	0.00614609031428	0	0.000107261611069	0	0.00333583610426	0.00855947656334	0.000182344738818	0	0	0.012335085273	0.00395795344846	0	0	0	0	0	0	0	0	0	2.14523222139e-05	0	0	0	0	0	0	0	0	0	0	0	0	0	0	3.21784833208e-05	0	0	0	0.000353963316529	0	0	0	0	0	0	2.14523222139e-05	0	0.00268154027673	0.000171618577711	0	0	0	0.000235975544353	0	0	0	0	0	0
0.000321784833208	0	0.000461224927598	0	0.00157674568272	0	0.00444063069827	0.00342164539311	0.00592084093103	0.000107261611069	0.0124101684007	0.0225249383246	0.00517000965354	0.000697200471951	0.0085058457578	0.000718652794165	0.000407594122064	0.0061782687976	0.00997532982945	0.0173763809932	0.00444063069827	0.00453716614824	3.21784833208e-05	0.0035503593264	0.00740105116379	0	0.00608173334763	0.00180199506597	0.00969644964067	0.0114126354178	0.00604955486431	0	0.0018556258715	0.00395795344846	0.0601415853266	0	6.43569666416e-05	0	0	0.000836640566341	0	0	0	1.07261611069e-05	0.00027888018878	4.29046444278e-05	0.000171618577711	0.00198433980478	0.00013944009439	1.07261611069e-05	0	2.14523222139e-05	0	0	0	2.14523222139e-05	5.36308055347e-05	0.000943902177411	0.000300332510994	0.000150166255497	0.00013944009439	6.43569666416e-05	0.000429046444278	0.000396867960957	5.36308055347e-05	1.07261611069e-05	0	0	6.43569666416e-05	5.36308055347e-05	0.00178054274375	0.000396867960957	0.0316421752655	0.0080446208302	0.00244556473238	0.00140512710501	0.00013944009439	0.000815188244127	8.58092888555e-05	9.65354499625e-05	0.000235975544353	0	1.07261611069e-05	0
0	0	0	0	0	0	0	0	0	0	0	0	0	0	0	0	0	0	0	0	0	0	0	0	5.36308055347e-05	0	0	0	0	0	0	0	0	0	0	0.0205084200365	0	0	0	2.14523222139e-05	0	0.000471951088705	0.00799099002467	0.00359326397082	5.36308055347e-05	0.000643569666416	0	0.000815188244127	0	0.0135042368336	1.07261611069e-05	3.21784833208e-05	0.000332510994315	0	1.07261611069e-05	0.00176981658265	0.00171618577711	3.21784833208e-05	0.0023168507991	0.00159819800493	0	1.07261611069e-05	0	0.00404376273732	0.00366834709857	0.00743322964711	0	0	0.000193070899925	4.29046444278e-05	0	0	0	0	0	0	0	0	1.07261611069e-05	1.07261611069e-05	1.07261611069e-05	0	1.07261611069e-05	0
0	0.00992169902392	0.000300332510994	0	0	0	0	0	1.07261611069e-05	7.50831277486e-05	0	0	0	0	4.29046444278e-05	0	0	0.000976080660732	0	0	0	0	0.00027888018878	0.00027888018878	7.50831277486e-05	2.14523222139e-05	0.000482677249812	0.0259573098788	0	0	0	0	0	0	6.43569666416e-05	0	0.0364474954414	0	0	0	0	0	0	0	0.00024670170546	0	1.07261611069e-05	0	0.000235975544353	0	0	0.00150166255497	0.000225249383246	0	0	0	0	0.00681111230291	0	0.00376488254854	0.00619972111981	0.00204869677143	0.0312024026601	0	0	0	0	0	0	0	2.14523222139e-05	0	0.000160892416604	3.21784833208e-05	0	0	0	0.000182344738818	9.65354499625e-05	0.000214523222139	6.43569666416e-05	0	0	0
0	0	0	0	0	0	0	0	0	0	0	0	0	0	0	0	0	0	0	0	0	0	0	0	0	0	0	0	0	0	0	0	0	0	0	0	0	0.0267510458007	0	0	0	0	8.58092888555e-05	0	0	0	0	0	0	0	0	0.000150166255497	0.00800171618578	0	7.50831277486e-05	0	0.00160892416604	0	0.0114769923844	0.000396867960957	0	0.00892416604097	0.00634988737531	0.00153384103829	0	6.43569666416e-05	0	0	0	0	0	0	0	0	0	0	0	0	0	0	3.21784833208e-05	0	0	0
0	0	0	0	0	0	0	0	0	0	0	0	0	0	0	0	0	0	0	0	0	0	0	0	0	0	0	0	0	0	0	0	0	0	0	0	0	0	0	0	0	0	0	0	0	0	0	0	0	0	0	0	0	0	0	0	0	0	0	0	0	0	0	0	0	0	0	0	0	0	0	0	0	0	0	0	0	0	0	0	0	0	0	0
1.07261611069e-05	0	0	0	0.00638206585863	6.43569666416e-05	0.000579212699775	0.000117987772176	0.000643569666416	0.00604955486431	0.00551324680897	0.000718652794165	0.00290678965998	6.43569666416e-05	5.36308055347e-05	0.000471951088705	0	0	0.000429046444278	0.00027888018878	0.00758339590261	0	0	0	0.0027888018878	0	5.36308055347e-05	0	0.00392577496514	9.65354499625e-05	0	0	0	0	0.000836640566341	2.14523222139e-05	0	0	0	0.0160892416604	3.21784833208e-05	0.000289606349887	6.43569666416e-05	0.000450498766491	0.00156601952161	0.000268154027673	0.000418320283171	0.00137294862169	1.07261611069e-05	3.21784833208e-05	6.43569666416e-05	0	0	1.07261611069e-05	0.000214523222139	0.0024670170546	0	0	0	0.0129464764561	0	0.00013944009439	0	0.00455861847045	0.000107261611069	0	0	0.000171618577711	0	0.000643569666416	0.000353963316529	0	0.000514855733133	3.21784833208e-05	0.000471951088705	2.14523222139e-05	2.14523222139e-05	0.000514855733133	0.000160892416604	0.00091172369409	0.000268154027673	0.000193070899925	0.000439772605385	0
0	0	0	0	0	0	0	0	0	0	0	0	3.21784833208e-05	0	0	0	0	0	0	0	0	0	0	0	0	0	0	0	0	0	0	0	0	0	0	0	0	0	0	3.21784833208e-05	0.00249919553792	0.000622117344203	0	0.000514855733133	0	0	2.14523222139e-05	0.000407594122064	0	0	0.00112624691623	0	0	0	0	0.000407594122064	0	0	0	3.21784833208e-05	0	0	0	2.14523222139e-05	0	0	0	0.000632843505309	0	0.000557760377561	0	0	0	0	0	0	0	1.07261611069e-05	0	0	0	0.000783009760807	0.00101898530516	0
0	0	0	0	0	0	0	0	0	0	0	0	0.000954628338518	0	0	0	0	0	0	0	0	0	0	0	0	0	0	0	0	0	0	0	0	0	0	0.000471951088705	0	0	0	0.000289606349887	0.000622117344203	0.0229110801244	0.00442990453717	0.0046337015982	1.07261611069e-05	0.00418320283171	0	0.0100504129572	0	2.14523222139e-05	0.00338946690979	0	0	0	0	0.00763702670814	0	0	0	0.00922449855197	0	0	0	0.00912796310201	1.07261611069e-05	0	0	3.21784833208e-05	0	1.07261611069e-05	2.14523222139e-05	0	0	0	0	0	0	8.58092888555e-05	0	0	0	0.00141585326612	0	0
0	0	0	0	0	0	0	0	0	0	0	0	0	0	0	0	0	0	0	0	0	0	0	0	1.07261611069e-05	0	0	0	0	0	0	0	0	0	0	0.00799099002467	0	8.58092888555e-05	0	6.43569666416e-05	0	0.00442990453717	0.0652472380135	0.00704708784726	1.07261611069e-05	0.00408666738174	0.000289606349887	0.000600665021989	2.14523222139e-05	0.0195323393757	2.14523222139e-05	0.000225249383246	0.000203797061032	0	3.21784833208e-05	1.07261611069e-05	0.00595301941435	1.07261611069e-05	0.00786227609139	0.00920304622975	0	3.21784833208e-05	0	0.0318888769709	0.005416711359	0.0174943687654	0	8.58092888555e-05	0.000933176016304	0.00415102434839	2.14523222139e-05	0	0	0	0	0	0	0.000268154027673	5.36308055347e-05	0.000568486538668	0.000493403410919	0	0.000429046444278	0
0	0	1.07261611069e-05	0	0	0	0	0	7.50831277486e-05	0	0	0	0.000504129572026	0	4.29046444278e-05	0	0	0	0	0	0	0	0	0	0	0	0	1.07261611069e-05	0	0	0	0	0	0	1.07261611069e-05	0.00359326397082	0	0	0	0.000450498766491	0.000514855733133	0.0046337015982	0.00704708784726	0.0271479137617	0	0.00151238871608	0.00130859165505	0.00283170653223	2.14523222139e-05	0.00589938860882	0.001705459616	0	0	3.21784833208e-05	3.21784833208e-05	0.00364689477636	0.000257427866567	0	0.000321784833208	0.00662876756409	0	8.58092888555e-05	1.07261611069e-05	0.00434409524831	0.00136222246058	0.000847366727448	0	0.00237048160463	0	0.00146948407165	0.000117987772176	2.14523222139e-05	1.07261611069e-05	0	1.07261611069e-05	0	0	0.00400085809289	0.000182344738818	0.0016947334549	0.0007722835997	0.00363616861525	0.00300332510994	0
0	0	1.07261611069e-05	0	0.0012335085273	0.000117987772176	0.000128713933283	0	0.000193070899925	0.00762630054703	0.00109406843291	0	0.00189853051593	0.000171618577711	4.29046444278e-05	0.000868819049662	0	0	0	0	0.00189853051593	7.50831277486e-05	6.43569666416e-05	1.07261611069e-05	0.010833422718	0	0	2.14523222139e-05	0.000847366727448	0	0	0	0	2.14523222139e-05	0.00027888018878	5.36308055347e-05	0.00024670170546	0	0	0.00156601952161	0	1.07261611069e-05	1.07261611069e-05	0	0.0245629089349	3.21784833208e-05	0.00038614179985	0.000890271371876	8.58092888555e-05	0.000536308055347	0.00258500482677	0.000289606349887	1.07261611069e-05	0	0	0.000504129572026	0	0.00519146197576	2.14523222139e-05	0.0167757159713	0.000160892416604	1.07261611069e-05	4.29046444278e-05	0.000847366727448	0.00116915156066	0.000439772605385	0	0	0.00104043762737	0.00149093639386	0.000707926633058	1.07261611069e-05	0.000600665021989	0.000235975544353	0.000997532982945	2.14523222139e-05	0	0.00156601952161	0.000150166255497	0.00115842539955	0.000461224927598	0.00241338624906	0	9.65354499625e-05
0	0	0	0	0.00013944009439	0	1.07261611069e-05	0	8.58092888555e-05	4.29046444278e-05	5.36308055347e-05	2.14523222139e-05	0.000107261611069	0	4.29046444278e-05	1.07261611069e-05	0	0	2.14523222139e-05	1.07261611069e-05	0.00013944009439	0	0	0	0	0	0	0	0	0	0	0	0	0	4.29046444278e-05	0.000643569666416	0	0	0	0.000268154027673	0	0.00418320283171	0.00408666738174	0.00151238871608	3.21784833208e-05	0.0154778504773	0.000611391183096	0.00365762093747	0	0.000547034216454	0.000150166255497	0	0	0	0.000514855733133	0.00471951088705	0	0	0	0.000514855733133	0	0.000450498766491	0	0.00493403410919	0.000128713933283	0	0	0	0	0.00104043762737	0.00013944009439	0	4.29046444278e-05	0	0	0	0	0.000225249383246	0.000300332510994	0.00111552075512	0	0	0	0
0	0	1.07261611069e-05	0	0	0	0	0	0.000150166255497	2.14523222139e-05	1.07261611069e-05	0.000589938860882	1.07261611069e-05	0.000600665021989	0.000107261611069	2.14523222139e-05	0	0	0	0	0	0	0	0	0.000203797061032	3.21784833208e-05	0.000128713933283	0.000193070899925	1.07261611069e-05	2.14523222139e-05	0	0	2.14523222139e-05	0	0.000171618577711	0	1.07261611069e-05	0	0	0.000418320283171	2.14523222139e-05	0	0.000289606349887	0.00130859165505	0.00038614179985	0.000611391183096	0.0302799528049	0.000847366727448	0.00528799742572	0.00328220529872	0	1.07261611069e-05	0	0.002005792127	0.000686474310844	0.00350745468197	0	6.43569666416e-05	0.000203797061032	0.00350745468197	0.00102971146627	0.000836640566341	0.000182344738818	0.00269226643784	0.00496621259251	0	0.000750831277486	0.000868819049662	0	0.0111015767457	0.000396867960957	0.000933176016304	0.000235975544353	1.07261611069e-05	0	0	0.000311058672101	0.00341091923201	0.00616754263649	0.0141049018556	0.00179126890486	0	0.00157674568272	0.00191998283814
0	0	0	0	0	0	0.00300332510994	0	0.00204869677143	0	0.0040223104151	0.00171618577711	0.00603882870321	4.29046444278e-05	0.000868819049662	9.65354499625e-05	0	0	0.00129786549394	0.000493403410919	0.000171618577711	0	0	0	0	0	0.000235975544353	0	0	0.000547034216454	0	0	0	0	0.00198433980478	0.000815188244127	0	0	0	0.00137294862169	0.000407594122064	0.0100504129572	0.000600665021989	0.00283170653223	0.000890271371876	0.00365762093747	0.000847366727448	0.0293575029497	5.36308055347e-05	0.00121205620508	0.00331438378204	0	0	0	0.000375415638743	0.0184919017484	0	0	0	0.0080338946691	0	0.000375415638743	0	0.00225249383246	0.00091172369409	0	0	0	0	0.00117987772176	0.000107261611069	0	0.000514855733133	0	0	0	0	0.000364689477636	0.000493403410919	0.00130859165505	0	0.00155529336051	8.58092888555e-05	0
0	0.00027888018878	0	0	0	0	0	0	3.21784833208e-05	0	0	0.00420465515392	0	0.00406521505953	2.14523222139e-05	0	0	0	0	0	0	0	0	0	0	0.00106188994959	0.0148342808109	0.0143516035611	0	2.14523222139e-05	0	0.00176981658265	2.14523222139e-05	0	0.00013944009439	0	0.000235975544353	0	0	1.07261611069e-05	0	0	2.14523222139e-05	2.14523222139e-05	8.58092888555e-05	0	0.00528799742572	5.36308055347e-05	0.0299581679717	4.29046444278e-05	0	0	0	0	0	7.50831277486e-05	0	1.07261611069e-05	0	0.000150166255497	0.0151346133219	0.00855947656334	0.0105438163681	6.43569666416e-05	4.29046444278e-05	0	0.00717580178054	0	0	0.000235975544353	4.29046444278e-05	0.00287461117666	0.000160892416604	0	0	0	0.000311058672101	5.36308055347e-05	0.00255282634345	0.000600665021989	0	0	3.21784833208e-05	0.00174836426043
0	0	0	0	0	0	0	0	0	1.07261611069e-05	0	0	1.07261611069e-05	0	0	0	0	0	0	0	0	0	0	0	0.000547034216454	0	0	0	0	0	0	0	0	0	1.07261611069e-05	0.0135042368336	0	0	0	3.21784833208e-05	0	2.14523222139e-05	0.0195323393757	0.00589938860882	0.000536308055347	0.000547034216454	0.00328220529872	0.00121205620508	4.29046444278e-05	0.0406628767564	5.36308055347e-05	8.58092888555e-05	0.000514855733133	0	0.000171618577711	0.00205942293253	0.00180199506597	0.000353963316529	0.00287461117666	0.0043226429261	0	0.000171618577711	0	0.00923522471308	0.0152740534163	0.00594229325324	0	0.000268154027673	0.00304622975437	0.0078837284136	0	0	1.07261611069e-05	1.07261611069e-05	0	0	0	0.000117987772176	0.00080446208302	0.0024777432157	0.000268154027673	0	0.000332510994315	0
0	0	0	0	0	1.07261611069e-05	1.07261611069e-05	0	1.07261611069e-05	7.50831277486e-05	0	0	0.000643569666416	0	0	5.36308055347e-05	0	0	0	0	0	0	0	0	0	0	0	0	0	0	0	0	0	0	0	1.07261611069e-05	0	0	0	6.43569666416e-05	0.00112624691623	0.00338946690979	2.14523222139e-05	0.001705459616	0.00258500482677	0.000150166255497	0	0.00331438378204	0	5.36308055347e-05	0.00897779684651	0	0	0	0	0.00288533733777	0	3.21784833208e-05	0	0.00390432264293	0	0	0	8.58092888555e-05	5.36308055347e-05	0	0	0	0	0	0	0	0	0	3.21784833208e-05	0	0	0	0	0	0	0.00496621259251	8.58092888555e-05	0
0	4.29046444278e-05	0	0	0	0	0	0	0	0.00637133969752	0	0	0	0	0	0	0.00939611712968	0	0	1.07261611069e-05	0	0	0.0160141585327	0.0103507454682	0.00347527619865	0	0	0.00807679931353	0	0	0	0	0	0	2.14523222139e-05	3.21784833208e-05	0.00150166255497	0.000150166255497	0	0	0	0	0.000225249383246	0	0.000289606349887	0	1.07261611069e-05	0	0	8.58092888555e-05	0	0.0378311702242	0.00013944009439	0	0	0	0.00163037648825	0.0284457792556	0.0119918481176	0.00802316850799	0.000193070899925	2.14523222139e-05	0.00495548643141	0.00405448889842	9.65354499625e-05	0.000268154027673	0	0	8.58092888555e-05	9.65354499625e-05	3.21784833208e-05	0	2.14523222139e-05	2.14523222139e-05	0	0	0	0.00238120776574	0.000128713933283	3.21784833208e-05	0.00013944009439	0	0	0
0	1.07261611069e-05	0.000214523222139	0	0	0	0	0	0	0	0	0	0	0	0	0	0	0	0	0	0	0	0	0	3.21784833208e-05	0	0	0.00168400729379	0	0	0	0	0	0	0	0.000332510994315	0.000225249383246	0.00800171618578	0	0	0	0	0.000203797061032	0	1.07261611069e-05	0	0	0	0	0.000514855733133	0	0.00013944009439	0.0266545103507	0.000707926633058	0.00416175050949	0	0.00186635203261	3.21784833208e-05	0.00789445457471	0.000418320283171	0	0.00143730558833	0.00877399978548	0.0013944009439	0.000622117344203	0.000300332510994	0	0	0.000396867960957	0.00165182881047	1.07261611069e-05	5.36308055347e-05	0	0	0	0	0	8.58092888555e-05	0	0.00391504880403	0.000225249383246	0	0	0
0	0	0	0	0	0	0	0	1.07261611069e-05	0	0	0	0	0	1.07261611069e-05	0	0	0	0	0	0	0	0	0	0	0	0.000171618577711	0.000171618577711	0	0	0	0	0	0	0	0	0	0	0	1.07261611069e-05	0	0	0	3.21784833208e-05	0	0	0.002005792127	0	0	0	0	0	0.000707926633058	0.00887053523544	0.00193070899925	3.21784833208e-05	0	0	0	0.000128713933283	4.29046444278e-05	0.0046337015982	0	0.000235975544353	0	0	0	0	0	0.000150166255497	1.07261611069e-05	0	0	0	0	0	0	0.00459079695377	0.00673602917516	0.0018556258715	0	2.14523222139e-05	0	0.000268154027673
0	0	0	0	0	0	0	0	0	0	0	0	0	0	0	0	0	0	0	0	0	0	0	0	0	0	0	0.000740105116379	0	0	0	0	0	0	0	1.07261611069e-05	0	7.50831277486e-05	0	0.000214523222139	0	0	3.21784833208e-05	3.21784833208e-05	0	0.000514855733133	0.000686474310844	0.000375415638743	0	0.000171618577711	0	0	0.00416175050949	0.00193070899925	0.0179663198541	0.00158747184383	0	0	4.29046444278e-05	0.00160892416604	0	0.00998605599056	0.00267081411563	0.00156601952161	0.000514855733133	0	0	0	0	0.0040223104151	0	2.14523222139e-05	0	0	0	0	0	0.00309986055991	0.00563123458114	0.00811970395795	5.36308055347e-05	1.07261611069e-05	0	0
0	0	0	0	0.000257427866567	0	0	8.58092888555e-05	0.000193070899925	0.000343237155422	0.000160892416604	0	0.00208087525475	0	4.29046444278e-05	0	0	0	0	0	0.000375415638743	0	0	0	8.58092888555e-05	0	0	0	0.000107261611069	0	0	0	0	0	2.14523222139e-05	0.00176981658265	0	0	0	0.0024670170546	0.000407594122064	0.00763702670814	1.07261611069e-05	0.00364689477636	0.000504129572026	0.00471951088705	0.00350745468197	0.0184919017484	7.50831277486e-05	0.00205942293253	0.00288533733777	0	0	3.21784833208e-05	0.00158747184383	0.0259465837177	0	0	0	0.00780864528585	0	0.0015445671994	0	0.00116915156066	0.00136222246058	0	0	0	0	0.00490185562587	0.000332510994315	0	5.36308055347e-05	0	0	2.14523222139e-05	0	0.000686474310844	0.00197361364368	0.00519146197576	0	0.00124423468841	0.000107261611069	0
