0.0244354387181	3.11053047876e-05	0.00244843184828	0	4.44361496965e-05	5.77669946055e-05	0.000462135956844	0.00967374978893	0.00977150931826	0.000586557175994	0.000622106095751	0.000395481732299	0.000155526523938	0.000191075443695	0.0113978723972	0.000102203144302	0.000177744598786	0.00133752810586	0.00012442121915	0.000279947743088	0.000266616898179	0.00202184481119	0.000306609432906	0.00435029905529	0.00123088134659	1.3330844909e-05	0.00116867073702	0.000568782716115	0.00316829747336	0.0101269985158	0.00874947787524	4.44361496965e-06	4.44361496965e-05	0.00172856622319	0.00272837959137	6.22106095751e-05	3.11053047876e-05	4.88797646662e-05	0	0.000106646759272	0	4.88797646662e-05	8.8872299393e-05	9.33159143627e-05	0.00050657210654	5.33233796358e-05	4.44361496965e-06	3.99925347269e-05	4.44361496965e-06	8.8872299393e-05	4.44361496965e-06	1.77744598786e-05	8.8872299393e-06	8.8872299393e-06	1.3330844909e-05	0.000119977604181	2.22180748483e-05	4.44361496965e-05	7.55414544841e-05	0.000657655015508	4.44361496965e-06	6.22106095751e-05	0.000119977604181	0.000311053047876	5.77669946055e-05	3.55489197572e-05	0	0	4.44361496965e-06	7.55414544841e-05	0.000982038908293	0.000231067978422	0.00146639293998	0.000488797646662	0.000119977604181	0	8.8872299393e-06	0.000119977604181	1.3330844909e-05	9.77595293323e-05	4.44361496965e-05	2.22180748483e-05	8.8872299393e-06	0
3.11053047876e-05	0.0162236382542	0.00241732654349	0	0	0	8.8872299393e-06	2.22180748483e-05	3.11053047876e-05	0.00129309195617	4.44361496965e-06	0.000182188213756	8.8872299393e-06	0.000111090374241	8.8872299393e-06	2.66616898179e-05	0.000479910416722	0.000417699807147	7.10978395144e-05	0.000226624363452	8.8872299393e-06	0.000195519058665	0.00468357017801	0.000662098630478	0.000839843229264	0.00160414500404	0.00236844677882	0.0110823757343	0.000191075443695	7.55414544841e-05	0.000137752064059	1.3330844909e-05	0	3.55489197572e-05	0.000417699807147	3.55489197572e-05	0.00549230810249	0.00100870059811	0	4.44361496965e-06	0	4.44361496965e-06	3.99925347269e-05	8.8872299393e-06	0.000115533989211	8.8872299393e-06	4.44361496965e-05	4.44361496965e-06	5.33233796358e-05	2.66616898179e-05	0	0.000146639293998	0.000284391358058	6.22106095751e-05	0.000262173283209	4.44361496965e-06	7.10978395144e-05	0.00075985815981	0.000551008256237	0.000119977604181	0.000271060513149	0.000999813368171	0.00556784955697	0.000115533989211	0	3.99925347269e-05	1.77744598786e-05	0	0	0.000102203144302	0.000573226331085	0.000417699807147	0.000391038117329	7.10978395144e-05	1.3330844909e-05	0	0	0.000311053047876	0.000173300983816	0.000168857368847	6.22106095751e-05	4.44361496965e-06	4.44361496965e-06	4.44361496965e-06
0.00244843184828	0.00241732654349	0.0467157241759	0	4.44361496965e-06	8.8872299393e-06	8.8872299393e-05	0.00182188213756	0.00187964913216	0.000231067978422	7.99850694537e-05	0.000213293518543	4.44361496965e-05	5.33233796358e-05	0.00141306956035	0.000106646759272	0.000622106095751	0.00609663973836	9.33159143627e-05	0.000453248726904	5.33233796358e-05	0.00226624363452	0.00284835719555	0.0173034366918	0.000808737924476	3.99925347269e-05	0.0084473120573	0.0174411887559	0.00115533989211	0.00141306956035	0.00341269629669	0	4.44361496965e-06	0.000399925347269	0.00300388371948	7.99850694537e-05	0.00283502635064	0.00251952968779	0	1.3330844909e-05	0	2.22180748483e-05	5.77669946055e-05	6.66542245448e-05	0.000182188213756	3.11053047876e-05	2.66616898179e-05	1.77744598786e-05	2.22180748483e-05	0.000106646759272	0	0.00136418979568	0.000595444405933	3.55489197572e-05	0.000244398823331	2.66616898179e-05	0.000497684876601	0.00152415993459	0.00261284560215	0.000302165817936	4.88797646662e-05	0.000822068769385	0.00642546724611	0.00037770727242	5.33233796358e-05	0.000222180748483	4.44361496965e-06	0	4.44361496965e-06	0.000319940277815	0.00642102363114	0.00257285306743	0.0038792758685	0.000782076234658	7.99850694537e-05	4.44361496965e-06	1.77744598786e-05	0.000679873090356	0.000466579571813	0.000408812577208	0.000222180748483	1.77744598786e-05	3.11053047876e-05	4.44361496965e-06
0	0	0	0	0	0	0	0	0	0	0	0	0	0	0	0	0	0	0	0	0	0	0	0	0	0	0	0	0	0	0	0	0	0	0	0	0	0	0	0	0	0	0	0	0	0	0	0	0	0	0	0	0	0	0	0	0	0	0	0	0	0	0	0	0	0	0	0	0	0	0	0	0	0	0	0	0	0	0	0	0	0	0	0
4.44361496965e-05	0	4.44361496965e-06	0	0.0166324508314	0	0.000448805111935	0.000902053838839	0.000324383892784	0.000284391358058	0.00229290532434	9.33159143627e-05	0.00215070964531	4.88797646662e-05	0.000168857368847	3.99925347269e-05	0	0	3.55489197572e-05	4.44361496965e-05	0.00439029159001	8.8872299393e-06	8.8872299393e-06	1.3330844909e-05	0.00563450378152	0	6.22106095751e-05	1.77744598786e-05	0.00537233049831	0.000444361496965	2.22180748483e-05	0	0	7.99850694537e-05	0.000457692341874	3.11053047876e-05	0	0	0	0.00420810337626	8.8872299393e-06	0.000328827507754	5.33233796358e-05	0.000177744598786	0.000755414544841	0.000817625154416	3.55489197572e-05	0.00280836466082	0	0.000195519058665	3.11053047876e-05	0	0	4.44361496965e-06	0	0.00552341340728	4.44361496965e-06	0	4.44361496965e-06	0.00110201651247	4.44361496965e-06	1.3330844909e-05	0	0.000431030652056	0.000213293518543	0	0	4.44361496965e-06	0	0.000155526523938	0.000115533989211	4.44361496965e-06	0.000328827507754	0.000102203144302	8.8872299393e-05	4.44361496965e-06	4.44361496965e-06	5.33233796358e-05	8.8872299393e-06	0.000119977604181	2.22180748483e-05	7.99850694537e-05	1.3330844909e-05	0
5.77669946055e-05	0	8.8872299393e-06	0	0	0.00593222598448	0.0031327485536	0.000151082908968	0.00199962673634	0.000111090374241	0.00013330844909	3.55489197572e-05	0.000102203144302	9.33159143627e-05	0.00050657210654	0.00179522044774	4.44361496965e-06	8.8872299393e-06	8.8872299393e-06	1.3330844909e-05	8.44286844234e-05	2.66616898179e-05	8.8872299393e-06	5.33233796358e-05	5.77669946055e-05	0	2.66616898179e-05	2.22180748483e-05	0.00012442121915	0.000226624363452	3.99925347269e-05	0	0.000746527314901	8.8872299393e-06	0.000359932812542	0	4.44361496965e-06	0	0	8.8872299393e-06	0	0	0	0	1.3330844909e-05	0	4.44361496965e-06	4.44361496965e-06	0	4.44361496965e-06	0	0	0	0	8.8872299393e-06	8.8872299393e-06	1.3330844909e-05	0	1.3330844909e-05	1.77744598786e-05	0	0	2.22180748483e-05	0	4.44361496965e-06	0	0	0	0	8.8872299393e-06	0.000164413753877	1.3330844909e-05	0.000195519058665	7.55414544841e-05	0.0013330844909	0.000528790181388	4.44361496965e-06	1.3330844909e-05	0	4.44361496965e-05	6.66542245448e-05	8.8872299393e-06	4.44361496965e-06	0
0.000462135956844	8.8872299393e-06	8.8872299393e-05	0	0.000448805111935	0.0031327485536	0.037046418002	0.00808737924476	0.0180632948516	0.000328827507754	0.0125665431342	0.000782076234658	0.00658099377005	0.000777632619689	0.00293278587997	0.00234622870398	3.11053047876e-05	5.33233796358e-05	0.000155526523938	0.000235511593391	0.00280836466082	0.000102203144302	2.66616898179e-05	0.00025772966824	0.00119533242684	1.77744598786e-05	0.000448805111935	9.77595293323e-05	0.00417699807147	0.00277725935603	0.000275504128118	4.44361496965e-06	0.000977595293323	0.000373263657451	0.00253730414767	1.3330844909e-05	4.44361496965e-06	8.8872299393e-06	0	0.000244398823331	0	1.77744598786e-05	4.44361496965e-05	5.33233796358e-05	0.000435474267026	9.77595293323e-05	1.3330844909e-05	0.000159970138907	1.3330844909e-05	5.77669946055e-05	0	0	0	4.44361496965e-06	0	0.000395481732299	4.44361496965e-06	0	1.3330844909e-05	0.000608775250842	4.44361496965e-06	1.77744598786e-05	8.8872299393e-06	0.000195519058665	5.77669946055e-05	1.77744598786e-05	0	0	0	4.88797646662e-05	0.000719865625083	0.000115533989211	0.00176855875792	0.000813181539446	0.00318607193324	0.000364376427511	3.11053047876e-05	2.66616898179e-05	1.3330844909e-05	5.77669946055e-05	4.44361496965e-05	1.77744598786e-05	1.77744598786e-05	1.77744598786e-05
0.00967374978893	2.22180748483e-05	0.00182188213756	0	0.000902053838839	0.000151082908968	0.00808737924476	0.061201908977	0.0149038846082	0.0018307693675	0.0128287164174	0.000622106095751	0.00117311435199	0.000444361496965	0.00841620675252	0.000479910416722	0.00025772966824	0.000408812577208	0.000164413753877	0.000302165817936	0.00129753557114	0.00335048568712	0.000351045582602	0.0061055269683	0.00620328649763	2.22180748483e-05	0.000675429475387	0.000355489197572	0.0289812568321	0.00856284604652	0.0131531003102	4.44361496965e-06	6.66542245448e-05	0.00491463815643	0.00552341340728	0.000102203144302	3.11053047876e-05	3.55489197572e-05	0	0.00156859608429	4.44361496965e-06	0.000288834973027	0.000462135956844	0.000373263657451	0.00284391358058	0.000879835763991	2.66616898179e-05	0.000808737924476	8.8872299393e-06	0.00038215088739	1.3330844909e-05	5.33233796358e-05	8.8872299393e-06	1.3330844909e-05	1.3330844909e-05	0.00219514579501	7.10978395144e-05	7.10978395144e-05	9.33159143627e-05	0.0045680361888	1.77744598786e-05	6.66542245448e-05	0.000137752064059	0.00149749824477	0.000328827507754	0.000102203144302	4.44361496965e-06	4.44361496965e-06	0	0.000288834973027	0.00235955954888	0.000293278587997	0.00371486211463	0.00166191199865	0.000670985860417	1.3330844909e-05	3.55489197572e-05	0.000351045582602	3.99925347269e-05	0.000328827507754	0.00013330844909	8.44286844234e-05	5.33233796358e-05	0
0.00977150931826	3.11053047876e-05	0.00187964913216	0	0.000324383892784	0.00199962673634	0.0180632948516	0.0149038846082	0.0557184881044	0.00063099332569	0.00961598279432	0.00219514579501	0.00346601967633	0.00211960434052	0.0217292772016	0.000826512384355	0.000168857368847	0.000702091165205	0.000373263657451	0.000617662480781	0.00326605700269	0.00138196425556	0.000217737133513	0.00339936545178	0.00200851396628	6.22106095751e-05	0.00146194932501	0.000439917881995	0.00563894739649	0.00965597532905	0.00422143422117	3.99925347269e-05	0.0015952577741	0.0011420090472	0.00666542245448	6.66542245448e-05	2.66616898179e-05	4.44361496965e-05	0	0.000284391358058	0	9.33159143627e-05	0.00013330844909	0.000168857368847	0.00076430177478	0.000195519058665	4.44361496965e-05	0.000204406288604	2.22180748483e-05	0.000155526523938	0	2.22180748483e-05	4.44361496965e-06	1.3330844909e-05	4.44361496965e-06	0.000431030652056	3.99925347269e-05	2.66616898179e-05	8.8872299393e-05	0.00127976111126	8.8872299393e-06	8.44286844234e-05	0.000119977604181	0.000479910416722	0.00013330844909	3.55489197572e-05	4.44361496965e-06	0	0	0.000177744598786	0.00209294265071	0.000435474267026	0.00415033638165	0.00208849903574	0.00187520551719	0.000431030652056	7.99850694537e-05	0.000182188213756	4.88797646662e-05	0.000239955208361	0.00012886483412	4.44361496965e-05	2.66616898179e-05	2.22180748483e-05
0.000586557175994	0.00129309195617	0.000231067978422	0	0.000284391358058	0.000111090374241	0.000328827507754	0.0018307693675	0.00063099332569	0.0175967152798	0.000311053047876	9.77595293323e-05	0.00102203144302	3.99925347269e-05	0.00063099332569	0.00121310688671	0.000395481732299	8.8872299393e-05	1.77744598786e-05	4.88797646662e-05	0.000244398823331	0.000279947743088	0.00404813323735	0.000391038117329	0.00619439926769	0.000266616898179	0.0002488424383	0.00105758036278	0.00510571360013	0.00155082162441	0.00188409274713	0	8.8872299393e-06	0.00109312928253	0.00155082162441	0.000195519058665	4.44361496965e-05	3.11053047876e-05	0	0.00107091120769	8.8872299393e-06	0.00012442121915	0.000524346566419	0.000191075443695	0.00503017214564	0.00038659450236	3.55489197572e-05	0.000466579571813	4.44361496965e-06	0.000293278587997	3.55489197572e-05	9.77595293323e-05	3.11053047876e-05	8.8872299393e-06	2.22180748483e-05	0.00115533989211	0.000151082908968	0.000359932812542	0.000142195679029	0.00383928333378	8.8872299393e-06	4.88797646662e-05	6.22106095751e-05	0.00139529510047	0.000302165817936	0.000159970138907	4.44361496965e-06	0	2.66616898179e-05	0.00025772966824	0.000755414544841	0.000119977604181	0.000728752855023	0.000319940277815	0.00142195679029	0	4.44361496965e-06	0.000346601967633	3.99925347269e-05	0.000444361496965	0.000146639293998	0.000119977604181	3.55489197572e-05	0
0.000622106095751	4.44361496965e-06	7.99850694537e-05	0	0.00229290532434	0.00013330844909	0.0125665431342	0.0128287164174	0.00961598279432	0.000311053047876	0.0384683747923	0.000950933603505	0.00565672185636	0.000479910416722	0.00294611672488	0.000239955208361	3.99925347269e-05	3.99925347269e-05	0.000235511593391	0.000395481732299	0.0084473120573	7.99850694537e-05	2.22180748483e-05	0.000164413753877	0.00302165817936	8.8872299393e-06	0.000599888020903	0.000102203144302	0.0100247953715	0.00446138942953	0.000168857368847	8.8872299393e-06	4.88797646662e-05	0.000839843229264	0.00418588530141	2.66616898179e-05	8.8872299393e-06	0	0	0.000648767785569	4.44361496965e-06	5.33233796358e-05	8.44286844234e-05	9.33159143627e-05	0.000817625154416	0.000404368962238	1.77744598786e-05	0.000444361496965	8.8872299393e-06	0.000102203144302	4.44361496965e-06	0	0	8.8872299393e-06	8.8872299393e-06	0.0010398059029	0	0	8.8872299393e-06	0.00128420472623	8.8872299393e-06	2.22180748483e-05	8.8872299393e-06	0.000302165817936	7.10978395144e-05	8.8872299393e-06	0	4.44361496965e-06	4.44361496965e-06	4.44361496965e-05	0.000870948534051	0.000146639293998	0.00294611672488	0.00102203144302	0.00050212849157	4.44361496965e-06	8.8872299393e-06	3.55489197572e-05	1.77744598786e-05	7.55414544841e-05	3.99925347269e-05	5.33233796358e-05	1.77744598786e-05	4.44361496965e-06
0.000395481732299	0.000182188213756	0.000213293518543	0	9.33159143627e-05	3.55489197572e-05	0.000782076234658	0.000622106095751	0.00219514579501	9.77595293323e-05	0.000950933603505	0.0310786430977	0.00120866327174	0.00899832031354	0.00216404049022	3.99925347269e-05	2.22180748483e-05	0.000684316705326	0.00544787195279	0.00663431714969	0.00121755050168	0.000102203144302	0.000102203144302	0.000391038117329	0.000328827507754	0.00239066485367	0.0110068342798	0.00205295011598	0.000515459336479	0.00475466801753	0.000311053047876	0.000910941068778	0.000102203144302	0.000222180748483	0.00966041894402	4.44361496965e-06	0.000297722202967	8.8872299393e-06	0	3.55489197572e-05	0	2.66616898179e-05	3.99925347269e-05	3.55489197572e-05	0.000111090374241	3.99925347269e-05	0.00103536228793	3.55489197572e-05	0.00132864087593	2.66616898179e-05	0	1.3330844909e-05	4.44361496965e-06	0.000404368962238	2.66616898179e-05	3.55489197572e-05	4.44361496965e-06	5.33233796358e-05	1.77744598786e-05	0.000186631828725	0.00127976111126	0.00120866327174	0.000519902951449	6.22106095751e-05	2.22180748483e-05	0	0.000368820042481	0	0	8.8872299393e-05	0.00125754303641	0.00302165817936	0.00688315958799	0.000577669946055	0.000155526523938	4.44361496965e-06	0.00012442121915	7.10978395144e-05	0.000693203935265	0.000195519058665	3.55489197572e-05	8.8872299393e-06	8.8872299393e-06	0.000102203144302
0.000155526523938	8.8872299393e-06	4.44361496965e-05	0	0.00215070964531	0.000102203144302	0.00658099377005	0.00117311435199	0.00346601967633	0.00102203144302	0.00565672185636	0.00120866327174	0.0292389865003	0.000613218865812	0.00145306209508	0.00101314421308	1.77744598786e-05	4.44361496965e-05	0.000266616898179	0.000497684876601	0.0127887238827	3.11053047876e-05	3.11053047876e-05	7.99850694537e-05	0.00184854382737	2.66616898179e-05	0.000666542245448	0.000168857368847	0.00229734893931	0.00346157606136	0.000102203144302	4.44361496965e-06	4.44361496965e-05	0.000191075443695	0.00389705032838	4.44361496965e-06	1.77744598786e-05	4.44361496965e-06	0	0.000484354031692	1.3330844909e-05	0.00127087388132	5.77669946055e-05	0.000471023186783	0.000342158352663	0.000564339101146	3.99925347269e-05	0.0046702393331	1.3330844909e-05	0.000279947743088	7.55414544841e-05	0	4.44361496965e-06	3.55489197572e-05	1.3330844909e-05	0.00227068724949	1.77744598786e-05	0	1.3330844909e-05	0.000399925347269	1.3330844909e-05	3.55489197572e-05	2.66616898179e-05	0.000119977604181	0.000297722202967	4.44361496965e-06	0	8.8872299393e-06	0	0.000302165817936	0.000484354031692	0.000164413753877	0.00260395837221	0.000879835763991	0.00142195679029	1.3330844909e-05	1.77744598786e-05	0.00012442121915	3.55489197572e-05	0.000302165817936	9.77595293323e-05	0.000137752064059	2.66616898179e-05	1.77744598786e-05
0.000191075443695	0.000111090374241	5.33233796358e-05	0	4.88797646662e-05	9.33159143627e-05	0.000777632619689	0.000444361496965	0.00211960434052	3.99925347269e-05	0.000479910416722	0.00899832031354	0.000613218865812	0.0197029887754	0.00165746838368	5.33233796358e-05	4.44361496965e-06	5.33233796358e-05	0.000715422010114	0.000408812577208	0.000546564641267	3.99925347269e-05	3.99925347269e-05	9.33159143627e-05	0.000164413753877	0.00367042596493	0.00394593009305	0.00273282320633	0.000306609432906	0.00292389865003	0.000106646759272	0.00104869313284	0.00025328605327	7.99850694537e-05	0.00431030652056	4.44361496965e-06	0.000137752064059	0	0	1.77744598786e-05	0	8.8872299393e-06	0	8.8872299393e-06	5.77669946055e-05	8.8872299393e-06	0.00116422712205	8.8872299393e-06	0.00170634814835	2.22180748483e-05	0	0	0	0.000279947743088	8.8872299393e-06	1.3330844909e-05	4.44361496965e-06	8.8872299393e-06	8.8872299393e-06	7.10978395144e-05	0.00114645266217	0.000813181539446	0.000271060513149	3.11053047876e-05	1.77744598786e-05	4.44361496965e-06	0.000337714737693	0	0	7.99850694537e-05	0.000284391358058	0.00159081415913	0.00219958940998	0.000368820042481	0.000204406288604	2.66616898179e-05	0.000155526523938	3.99925347269e-05	0.000862061304112	0.00012886483412	2.66616898179e-05	4.44361496965e-06	4.44361496965e-06	0.00013330844909
0.0113978723972	8.8872299393e-06	0.00141306956035	0	0.000168857368847	0.00050657210654	0.00293278587997	0.00841620675252	0.0217292772016	0.00063099332569	0.00294611672488	0.00216404049022	0.00145306209508	0.00165746838368	0.0379529154558	0.000271060513149	0.000155526523938	0.000786519849628	0.000399925347269	0.000675429475387	0.00180410767768	0.00118200158193	0.000231067978422	0.00251064245785	0.00158637054417	6.22106095751e-05	0.00139529510047	0.000399925347269	0.00351934305596	0.0146239368651	0.00437251713014	2.22180748483e-05	0.00135974618071	0.00235067231894	0.00691870850775	5.33233796358e-05	8.8872299393e-06	3.11053047876e-05	0	0.000182188213756	0	5.77669946055e-05	0.000102203144302	0.000119977604181	0.000622106095751	7.99850694537e-05	3.55489197572e-05	7.99850694537e-05	1.77744598786e-05	0.000115533989211	0	3.99925347269e-05	4.44361496965e-06	1.3330844909e-05	1.3330844909e-05	0.000186631828725	3.11053047876e-05	2.66616898179e-05	5.77669946055e-05	0.000848730459203	1.3330844909e-05	5.33233796358e-05	5.77669946055e-05	0.000324383892784	8.8872299393e-05	2.66616898179e-05	4.44361496965e-06	0	0	0.000142195679029	0.0015374907795	0.000359932812542	0.00326161338772	0.00129309195617	0.000484354031692	0.000102203144302	5.77669946055e-05	0.000168857368847	3.99925347269e-05	0.000164413753877	9.33159143627e-05	3.55489197572e-05	3.55489197572e-05	0
0.000102203144302	2.66616898179e-05	0.000106646759272	0	3.99925347269e-05	0.00179522044774	0.00234622870398	0.000479910416722	0.000826512384355	0.00121310688671	0.000239955208361	3.99925347269e-05	0.00101314421308	5.33233796358e-05	0.000271060513149	0.0105313674781	8.44286844234e-05	5.77669946055e-05	8.8872299393e-06	1.77744598786e-05	0.000177744598786	0.000213293518543	0.00013330844909	0.000351045582602	0.000675429475387	4.44361496965e-06	7.10978395144e-05	0.000111090374241	0.000817625154416	0.000519902951449	0.000315496662845	0	7.55414544841e-05	0.000422143422117	0.00118200158193	1.77744598786e-05	4.44361496965e-06	3.11053047876e-05	0	4.88797646662e-05	0	0	4.44361496965e-05	2.22180748483e-05	0.000164413753877	1.77744598786e-05	8.8872299393e-06	3.55489197572e-05	0	2.66616898179e-05	4.44361496965e-06	2.66616898179e-05	2.66616898179e-05	0	1.77744598786e-05	7.10978395144e-05	5.33233796358e-05	2.22180748483e-05	0.000115533989211	0.000182188213756	0	2.22180748483e-05	8.44286844234e-05	6.22106095751e-05	1.77744598786e-05	8.8872299393e-06	4.44361496965e-06	0	4.44361496965e-06	4.44361496965e-05	0.000804294309507	8.8872299393e-05	0.000844286844234	0.00038659450236	0.00356822282063	2.66616898179e-05	0	0.000102203144302	2.66616898179e-05	0.000222180748483	0.000279947743088	3.55489197572e-05	8.8872299393e-06	0
0.000177744598786	0.000479910416722	0.000622106095751	0	0	4.44361496965e-06	3.11053047876e-05	0.00025772966824	0.000168857368847	0.000395481732299	3.99925347269e-05	2.22180748483e-05	1.77744598786e-05	4.44361496965e-06	0.000155526523938	8.44286844234e-05	0.0200007109784	0.000284391358058	4.44361496965e-06	3.11053047876e-05	1.77744598786e-05	0.00451471280916	0.00822957492379	0.00798961971543	0.00886501186445	4.44361496965e-05	0.000244398823331	0.00459025426365	0.00379484718408	0.000328827507754	0.00162636307889	0	0	0.000186631828725	0.00137752064059	4.88797646662e-05	0.000106646759272	0.000159970138907	0	2.22180748483e-05	0	2.22180748483e-05	0.000173300983816	3.99925347269e-05	0.000733196469992	2.66616898179e-05	8.8872299393e-06	8.8872299393e-06	1.3330844909e-05	6.22106095751e-05	0	0.00132419726096	7.99850694537e-05	8.8872299393e-06	2.22180748483e-05	1.3330844909e-05	0.000786519849628	0.00130642280108	0.000657655015508	0.000697647550235	8.8872299393e-06	9.33159143627e-05	0.000279947743088	0.000990926138232	4.88797646662e-05	0.00050657210654	0	0	8.8872299393e-06	0.000191075443695	0.00216848410519	0.000733196469992	0.00103091867296	0.000359932812542	4.44361496965e-05	0	8.8872299393e-06	0.000266616898179	7.55414544841e-05	0.000177744598786	0.00012886483412	3.11053047876e-05	1.77744598786e-05	0
0.00133752810586	0.000417699807147	0.00609663973836	0	0	8.8872299393e-06	5.33233796358e-05	0.000408812577208	0.000702091165205	8.8872299393e-05	3.99925347269e-05	0.000684316705326	4.44361496965e-05	5.33233796358e-05	0.000786519849628	5.77669946055e-05	0.000284391358058	0.0263906293048	0.000311053047876	0.00425253952596	5.33233796358e-05	0.00277725935603	0.000364376427511	0.00842509398246	0.000413256192177	3.55489197572e-05	0.00978484016317	0.00464802125825	0.000551008256237	0.00171523537828	0.00358599728051	4.44361496965e-06	0	0.000213293518543	0.00586557175994	8.8872299393e-06	0.000462135956844	0.000195519058665	0	0	0	0	2.66616898179e-05	0	5.33233796358e-05	8.8872299393e-06	3.99925347269e-05	0	1.77744598786e-05	8.8872299393e-06	0	6.66542245448e-05	7.10978395144e-05	2.66616898179e-05	0.00013330844909	4.44361496965e-06	4.44361496965e-05	9.77595293323e-05	0.000146639293998	7.10978395144e-05	5.77669946055e-05	0.000622106095751	0.000839843229264	7.10978395144e-05	1.3330844909e-05	2.22180748483e-05	4.44361496965e-06	0	0	5.33233796358e-05	0.00359932812542	0.00209738626567	0.00347490690627	0.000617662480781	3.99925347269e-05	4.44361496965e-06	1.3330844909e-05	0.000102203144302	7.99850694537e-05	7.55414544841e-05	6.66542245448e-05	0	8.8872299393e-06	0
0.00012442121915	7.10978395144e-05	9.33159143627e-05	0	3.55489197572e-05	8.8872299393e-06	0.000155526523938	0.000164413753877	0.000373263657451	1.77744598786e-05	0.000235511593391	0.00544787195279	0.000266616898179	0.000715422010114	0.000399925347269	8.8872299393e-06	4.44361496965e-06	0.000311053047876	0.0105002621733	0.00460358510856	0.000279947743088	5.33233796358e-05	3.55489197572e-05	0.000102203144302	9.77595293323e-05	0.000297722202967	0.00737195723465	0.000946489988535	0.00012442121915	0.00100425698314	0.00012442121915	4.88797646662e-05	2.22180748483e-05	6.66542245448e-05	0.00185743105731	0	0.000191075443695	4.44361496965e-06	0	1.77744598786e-05	0	1.3330844909e-05	8.8872299393e-06	1.77744598786e-05	1.77744598786e-05	8.8872299393e-06	0.000204406288604	1.77744598786e-05	0.000262173283209	8.8872299393e-06	0	1.3330844909e-05	4.44361496965e-06	0.000222180748483	4.88797646662e-05	1.3330844909e-05	0	8.8872299393e-06	0	4.88797646662e-05	0.000333271122724	0.000608775250842	0.000266616898179	1.77744598786e-05	0	4.44361496965e-06	0.000146639293998	0	0	3.99925347269e-05	0.000493241261631	0.000746527314901	0.00142640040526	0.000155526523938	2.22180748483e-05	0	4.44361496965e-06	3.55489197572e-05	0.000111090374241	7.10978395144e-05	2.22180748483e-05	4.44361496965e-06	8.8872299393e-06	0
0.000279947743088	0.000226624363452	0.000453248726904	0	4.44361496965e-05	1.3330844909e-05	0.000235511593391	0.000302165817936	0.000617662480781	4.88797646662e-05	0.000395481732299	0.00663431714969	0.000497684876601	0.000408812577208	0.000675429475387	1.77744598786e-05	3.11053047876e-05	0.00425253952596	0.00460358510856	0.0181299490762	0.000542121026297	0.000306609432906	0.000111090374241	0.000782076234658	0.000204406288604	0.0002488424383	0.00904275646324	0.00220847663992	0.000275504128118	0.00174634068307	0.00051101572151	1.77744598786e-05	8.8872299393e-06	0.000146639293998	0.00589223344976	4.44361496965e-06	0.00037770727242	2.22180748483e-05	0	1.77744598786e-05	0	4.44361496965e-06	8.8872299393e-06	8.8872299393e-06	3.99925347269e-05	8.8872299393e-06	0.000137752064059	1.77744598786e-05	0.000106646759272	1.3330844909e-05	0	4.44361496965e-06	1.77744598786e-05	0.000159970138907	0.000119977604181	1.77744598786e-05	4.44361496965e-06	2.66616898179e-05	3.11053047876e-05	6.22106095751e-05	0.000293278587997	0.000706534780174	0.000439917881995	2.22180748483e-05	8.8872299393e-06	4.44361496965e-06	5.77669946055e-05	0	0	3.55489197572e-05	0.00223069471476	0.00142640040526	0.00434585544032	0.000848730459203	3.99925347269e-05	4.44361496965e-06	4.44361496965e-06	7.55414544841e-05	7.10978395144e-05	8.44286844234e-05	3.99925347269e-05	4.44361496965e-06	8.8872299393e-06	4.44361496965e-06
0.000266616898179	8.8872299393e-06	5.33233796358e-05	0	0.00439029159001	8.44286844234e-05	0.00280836466082	0.00129753557114	0.00326605700269	0.000244398823331	0.0084473120573	0.00121755050168	0.0127887238827	0.000546564641267	0.00180410767768	0.000177744598786	1.77744598786e-05	5.33233796358e-05	0.000279947743088	0.000542121026297	0.0234756178847	3.99925347269e-05	1.3330844909e-05	0.000106646759272	0.0026794998267	3.55489197572e-05	0.000715422010114	0.000159970138907	0.00389705032838	0.00414144915171	7.55414544841e-05	8.8872299393e-06	3.55489197572e-05	0.000319940277815	0.00443028412474	2.66616898179e-05	1.3330844909e-05	0	0	0.00088427937896	8.8872299393e-06	0.000479910416722	6.22106095751e-05	0.00025328605327	0.000431030652056	0.000559895486176	5.77669946055e-05	0.00141751317532	1.77744598786e-05	0.00025328605327	1.77744598786e-05	0	8.8872299393e-06	1.77744598786e-05	0	0.00260840198718	1.3330844909e-05	0	1.77744598786e-05	0.000697647550235	3.11053047876e-05	1.77744598786e-05	8.8872299393e-06	0.000186631828725	0.000208849903574	0	0	8.8872299393e-06	0	0.000213293518543	0.000653211400539	0.000182188213756	0.00311053047876	0.0010398059029	0.00037770727242	8.8872299393e-06	1.77744598786e-05	9.77595293323e-05	3.55489197572e-05	0.00025772966824	5.77669946055e-05	7.55414544841e-05	3.99925347269e-05	1.77744598786e-05
0.00202184481119	0.000195519058665	0.00226624363452	0	8.8872299393e-06	2.66616898179e-05	0.000102203144302	0.00335048568712	0.00138196425556	0.000279947743088	7.99850694537e-05	0.000102203144302	3.11053047876e-05	3.99925347269e-05	0.00118200158193	0.000213293518543	0.00451471280916	0.00277725935603	5.33233796358e-05	0.000306609432906	3.99925347269e-05	0.0471600856729	0.00322606446797	0.0271460438496	0.003221620853	2.66616898179e-05	0.000919828298718	0.00197296504652	0.00816292069925	0.00155526523938	0.0200318162832	4.44361496965e-06	4.44361496965e-06	0.000524346566419	0.00657655015508	0.000115533989211	0.000111090374241	0.000155526523938	0	4.88797646662e-05	0	1.3330844909e-05	0.000239955208361	7.10978395144e-05	0.000777632619689	2.66616898179e-05	1.3330844909e-05	1.3330844909e-05	4.44361496965e-06	0.000142195679029	4.44361496965e-06	0.000666542245448	6.66542245448e-05	8.8872299393e-06	1.77744598786e-05	3.11053047876e-05	0.00075985815981	0.000710978395144	0.00038659450236	0.000879835763991	1.3330844909e-05	7.99850694537e-05	0.000244398823331	0.00111979097235	0.00012442121915	0.000604331635872	0	0	2.22180748483e-05	0.000177744598786	0.00429253206068	0.00123088134659	0.00430586290559	0.00122199411665	0.000137752064059	0	2.22180748483e-05	0.000319940277815	7.99850694537e-05	0.000271060513149	0.000222180748483	3.99925347269e-05	2.66616898179e-05	0
0.000306609432906	0.00468357017801	0.00284835719555	0	8.8872299393e-06	8.8872299393e-06	2.66616898179e-05	0.000351045582602	0.000217737133513	0.00404813323735	2.22180748483e-05	0.000102203144302	3.11053047876e-05	3.99925347269e-05	0.000231067978422	0.00013330844909	0.00822957492379	0.000364376427511	3.55489197572e-05	0.000111090374241	1.3330844909e-05	0.00322606446797	0.0328605327006	0.00826956745852	0.00774077727713	0.000848730459203	0.000768745389749	0.0104824877134	0.00248398076803	0.000742083699932	0.00230623616925	4.44361496965e-06	0	0.000515459336479	0.0017418970681	0.000182188213756	0.000524346566419	0.00038215088739	0	3.99925347269e-05	0	4.88797646662e-05	0.000479910416722	0.00012442121915	0.00258618391234	6.66542245448e-05	1.3330844909e-05	1.77744598786e-05	1.3330844909e-05	0.000195519058665	1.3330844909e-05	0.00452804365407	0.000235511593391	4.44361496965e-06	7.10978395144e-05	2.22180748483e-05	0.00176855875792	0.00583891007012	0.00323495169791	0.00210627349561	3.55489197572e-05	0.000195519058665	0.00181743852259	0.00219958940998	0.000191075443695	0.00100870059811	4.44361496965e-06	0	8.8872299393e-06	0.000408812577208	0.00159970138907	0.000582113561024	0.00088872299393	0.000346601967633	0.000111090374241	0	1.3330844909e-05	0.000724309240053	0.000222180748483	0.000448805111935	0.0002488424383	6.66542245448e-05	6.22106095751e-05	0
0.00435029905529	0.000662098630478	0.0173034366918	0	1.3330844909e-05	5.33233796358e-05	0.00025772966824	0.0061055269683	0.00339936545178	0.000391038117329	0.000164413753877	0.000391038117329	7.99850694537e-05	9.33159143627e-05	0.00251064245785	0.000351045582602	0.00798961971543	0.00842509398246	0.000102203144302	0.000782076234658	0.000106646759272	0.0271460438496	0.00826956745852	0.0876325308165	0.00294611672488	5.33233796358e-05	0.00318162831827	0.0145706134855	0.00627882795212	0.00253730414767	0.0133708374437	4.44361496965e-06	1.3330844909e-05	0.000733196469992	0.00915829045245	0.000106646759272	0.000426587037086	0.000777632619689	0	3.99925347269e-05	0	3.11053047876e-05	0.000226624363452	7.55414544841e-05	0.000582113561024	5.77669946055e-05	2.22180748483e-05	3.11053047876e-05	1.3330844909e-05	0.000137752064059	4.44361496965e-06	0.00518125505461	0.000306609432906	2.22180748483e-05	8.8872299393e-05	3.99925347269e-05	0.0019329725118	0.00360821535536	0.00428364483074	0.000906497453809	2.66616898179e-05	0.000266616898179	0.00181743852259	0.00126643026635	9.33159143627e-05	0.00100870059811	0	0	4.44361496965e-06	0.000497684876601	0.0151527270465	0.0036304334302	0.00882501932973	0.0026794998267	0.000328827507754	8.8872299393e-06	7.55414544841e-05	0.000702091165205	0.000368820042481	0.000533233796358	0.00050657210654	7.55414544841e-05	5.33233796358e-05	4.44361496965e-06
0.00123088134659	0.000839843229264	0.000808737924476	0	0.00563450378152	5.77669946055e-05	0.00119533242684	0.00620328649763	0.00200851396628	0.00619439926769	0.00302165817936	0.000328827507754	0.00184854382737	0.000164413753877	0.00158637054417	0.000675429475387	0.00886501186445	0.000413256192177	9.77595293323e-05	0.000204406288604	0.0026794998267	0.003221620853	0.00774077727713	0.00294611672488	0.0482354404956	0.00012442121915	0.00051101572151	0.0018307693675	0.0266039228233	0.00395926093796	0.00572781969588	0	8.8872299393e-06	0.00251952968779	0.00552785702224	0.000177744598786	7.55414544841e-05	9.77595293323e-05	0	0.00159081415913	4.44361496965e-06	0.000168857368847	0.000537677411328	0.000266616898179	0.0043191937505	0.000724309240053	3.55489197572e-05	0.000844286844234	1.77744598786e-05	0.000373263657451	2.22180748483e-05	0.000244398823331	6.66542245448e-05	2.22180748483e-05	3.55489197572e-05	0.00220847663992	0.00037770727242	0.000537677411328	0.000226624363452	0.00466579571813	1.77744598786e-05	7.99850694537e-05	0.000168857368847	0.00200851396628	0.000297722202967	0.000431030652056	0	0	2.22180748483e-05	0.000328827507754	0.0034704632913	0.000755414544841	0.00311053047876	0.00121755050168	0.000662098630478	4.44361496965e-06	1.3330844909e-05	0.000493241261631	6.66542245448e-05	0.000426587037086	0.000195519058665	0.000199962673634	5.77669946055e-05	4.44361496965e-06
1.3330844909e-05	0.00160414500404	3.99925347269e-05	0	0	0	1.77744598786e-05	2.22180748483e-05	6.22106095751e-05	0.000266616898179	8.8872299393e-06	0.00239066485367	2.66616898179e-05	0.00367042596493	6.22106095751e-05	4.44361496965e-06	4.44361496965e-05	3.55489197572e-05	0.000297722202967	0.0002488424383	3.55489197572e-05	2.66616898179e-05	0.000848730459203	5.33233796358e-05	0.00012442121915	0.010686894002	0.00228846170937	0.0032793878476	3.11053047876e-05	0.000119977604181	1.3330844909e-05	0.000173300983816	0	1.3330844909e-05	0.000262173283209	0	0.000666542245448	1.77744598786e-05	0	4.44361496965e-06	0	1.3330844909e-05	0	1.77744598786e-05	8.8872299393e-06	0	0.000795407079567	8.8872299393e-06	0.00113312181726	2.66616898179e-05	0	0	8.8872299393e-06	0.000244398823331	2.66616898179e-05	8.8872299393e-06	4.44361496965e-06	2.22180748483e-05	1.3330844909e-05	1.77744598786e-05	0.00166635561362	0.000950933603505	0.000488797646662	8.8872299393e-06	2.66616898179e-05	4.44361496965e-06	0.000279947743088	0	0	8.44286844234e-05	6.22106095751e-05	0.000368820042481	0.000346601967633	3.99925347269e-05	4.44361496965e-06	0	6.22106095751e-05	3.11053047876e-05	0.000484354031692	0.000142195679029	4.44361496965e-06	4.44361496965e-06	4.44361496965e-06	0.000102203144302
0.00116867073702	0.00236844677882	0.0084473120573	0	6.22106095751e-05	2.66616898179e-05	0.000448805111935	0.000675429475387	0.00146194932501	0.0002488424383	0.000599888020903	0.0110068342798	0.000666542245448	0.00394593009305	0.00139529510047	7.10978395144e-05	0.000244398823331	0.00978484016317	0.00737195723465	0.00904275646324	0.000715422010114	0.000919828298718	0.000768745389749	0.00318162831827	0.00051101572151	0.00228846170937	0.0723776006257	0.0247153864612	0.000666542245448	0.00299499648954	0.00176855875792	0.000595444405933	2.22180748483e-05	0.000275504128118	0.00701202442211	1.77744598786e-05	0.00532345073364	0.000724309240053	0	3.11053047876e-05	0	3.55489197572e-05	3.11053047876e-05	3.55489197572e-05	0.00013330844909	5.33233796358e-05	0.0012886483412	3.55489197572e-05	0.00147528016992	6.22106095751e-05	0	0.000111090374241	0.000266616898179	0.00141306956035	0.00126198665138	3.99925347269e-05	5.77669946055e-05	0.000217737133513	0.000208849903574	0.000195519058665	0.00287501888536	0.00823401853876	0.00715422010114	9.33159143627e-05	3.99925347269e-05	1.3330844909e-05	0.000710978395144	4.44361496965e-06	0	0.000351045582602	0.00519014228455	0.00553674425218	0.0065010087006	0.00113312181726	9.33159143627e-05	4.44361496965e-06	2.66616898179e-05	0.000426587037086	0.00103536228793	0.000524346566419	0.000146639293998	0	1.3330844909e-05	2.66616898179e-05
0.000568782716115	0.0110823757343	0.0174411887559	0	1.77744598786e-05	2.22180748483e-05	9.77595293323e-05	0.000355489197572	0.000439917881995	0.00105758036278	0.000102203144302	0.00205295011598	0.000168857368847	0.00273282320633	0.000399925347269	0.000111090374241	0.00459025426365	0.00464802125825	0.000946489988535	0.00220847663992	0.000159970138907	0.00197296504652	0.0104824877134	0.0145706134855	0.0018307693675	0.0032793878476	0.0247153864612	0.0873125905387	0.0010398059029	0.000982038908293	0.00112867820229	6.22106095751e-05	8.8872299393e-06	0.000266616898179	0.00444805858462	7.10978395144e-05	0.00903831284827	0.00250175522791	0	8.8872299393e-06	0	1.77744598786e-05	6.66542245448e-05	5.77669946055e-05	0.000271060513149	3.55489197572e-05	0.000573226331085	8.8872299393e-06	0.000648767785569	0.00012442121915	0	0.00319495916318	0.000648767785569	0.000679873090356	0.00116867073702	1.3330844909e-05	0.000724309240053	0.00311941770869	0.00323495169791	0.000435474267026	0.00155526523938	0.00612330142818	0.0125709867491	0.000391038117329	7.10978395144e-05	0.000235511593391	0.000359932812542	0	0	0.000519902951449	0.00869615449561	0.0045680361888	0.00547009002764	0.00100870059811	9.77595293323e-05	4.44361496965e-06	3.11053047876e-05	0.000919828298718	0.000959820833444	0.000710978395144	0.000337714737693	5.77669946055e-05	5.33233796358e-05	2.22180748483e-05
0.00316829747336	0.000191075443695	0.00115533989211	0	0.00537233049831	0.00012442121915	0.00417699807147	0.0289812568321	0.00563894739649	0.00510571360013	0.0100247953715	0.000515459336479	0.00229734893931	0.000306609432906	0.00351934305596	0.000817625154416	0.00379484718408	0.000551008256237	0.00012442121915	0.000275504128118	0.00389705032838	0.00816292069925	0.00248398076803	0.00627882795212	0.0266039228233	3.11053047876e-05	0.000666542245448	0.0010398059029	0.0776521715946	0.00742528061429	0.0158903671315	4.44361496965e-06	1.3330844909e-05	0.00483020947201	0.00818069515913	0.000275504128118	6.22106095751e-05	7.55414544841e-05	0	0.00484354031692	2.66616898179e-05	0.000533233796358	0.00105313674781	0.000719865625083	0.00720754348077	0.00185298744234	6.66542245448e-05	0.00212404795549	1.77744598786e-05	0.000897610223869	7.55414544841e-05	0.00012442121915	5.33233796358e-05	3.55489197572e-05	3.55489197572e-05	0.00558562401685	0.000279947743088	0.000271060513149	0.000217737133513	0.00910052345784	1.77744598786e-05	9.33159143627e-05	0.000182188213756	0.00383483971881	0.000795407079567	0.00038659450236	4.44361496965e-06	1.3330844909e-05	3.99925347269e-05	0.000666542245448	0.00421254699123	0.000790963464598	0.00472356271274	0.00186631828725	0.000848730459203	8.8872299393e-06	1.3330844909e-05	0.00088427937896	0.000115533989211	0.000919828298718	0.000315496662845	0.000346601967633	0.000111090374241	1.77744598786e-05
0.0101269985158	7.55414544841e-05	0.00141306956035	0	0.000444361496965	0.000226624363452	0.00277725935603	0.00856284604652	0.00965597532905	0.00155082162441	0.00446138942953	0.00475466801753	0.00346157606136	0.00292389865003	0.0146239368651	0.000519902951449	0.000328827507754	0.00171523537828	0.00100425698314	0.00174634068307	0.00414144915171	0.00155526523938	0.000742083699932	0.00253730414767	0.00395926093796	0.000119977604181	0.00299499648954	0.000982038908293	0.00742528061429	0.0512704295198	0.0128953706419	4.44361496965e-05	0.000733196469992	0.0123799113054	0.0220047813297	0.000159970138907	3.55489197572e-05	4.88797646662e-05	0	0.000391038117329	0	6.66542245448e-05	0.000333271122724	0.000186631828725	0.00139973871544	0.000213293518543	8.8872299393e-05	0.000191075443695	3.11053047876e-05	0.000284391358058	1.3330844909e-05	5.77669946055e-05	1.77744598786e-05	2.66616898179e-05	2.22180748483e-05	0.000444361496965	6.22106095751e-05	5.77669946055e-05	9.33159143627e-05	0.00197740866149	4.44361496965e-05	0.00013330844909	0.000119977604181	0.00088427937896	0.000235511593391	8.8872299393e-05	4.44361496965e-06	0	4.44361496965e-06	0.000217737133513	0.0032793878476	0.000768745389749	0.0106024653176	0.00359044089548	0.000653211400539	4.88797646662e-05	4.44361496965e-05	0.000359932812542	6.66542245448e-05	0.000368820042481	0.000164413753877	5.77669946055e-05	4.88797646662e-05	2.22180748483e-05
