0.00709075741695	0	0	0	0	0	0	0.00122992021561	0	0	0	0	0	0	0.00161493871789	0	0	0	0	0	0	0	0	0	0	0	0	0	9.62546255695e-05	0.00626724562041	0.00471647665291	0	0	0	4.27798335864e-05	0	0	0	0	0	0	0	0	0	0	0	0	0	0	0	0	0	0	0	0	0	0	0	0	0	0	0	0	0	0	0	0	0	0	0	0	0	1.06949583966e-05	0	0	0	0	0	0	0	0	0	0	0
0	0.0379777972664	0.00120853029882	0	0	0	0	0	0	0.00152937905072	0	0	0	0.000181814292742	0	0	0.00527261448953	1.06949583966e-05	0	3.20848751898e-05	0	0	0.00735813137687	3.20848751898e-05	0.005689717867	0.00119783534042	0.00681268849864	0.0354217022096	0	0	0	0	0	0	2.13899167932e-05	0	0.016395371222	0	0	0	0	0	0	0	0	0	2.13899167932e-05	0	0	0	0	0	0.00141173450835	4.27798335864e-05	0.000673782378987	0	2.13899167932e-05	0.00318709760219	4.27798335864e-05	0	0.000128339500759	0.000716562212573	0.0238818420996	0	0	0	0	0	0	2.13899167932e-05	0	0	8.55596671729e-05	8.55596671729e-05	0	0	0	0	0	0.000278068918312	0.000128339500759	0	0	0
0	0.00120853029882	0.0302239524288	0	0	0	0	0.00113366559004	0.00115505550683	0	0	0	0	0	0.00066308742059	0	0	0.011946268529	3.20848751898e-05	0.000491968086244	0	0.00116575046523	0.000941156338902	0.0104168894783	0	0	0.00686616329062	0.0132082736198	0.00211760176253	0.000459883211054	0.00130478492439	0	0	0	0.000481273127848	0	0.000352933627088	5.34747919831e-05	0	0	0	0	0	0	0	0	0	0	0	0	0	0.00148659921713	5.34747919831e-05	0	5.34747919831e-05	0	5.34747919831e-05	0.000791426921349	0.0050587153216	0	0	1.06949583966e-05	0.00591431199333	2.13899167932e-05	0	0	0	0	0	3.20848751898e-05	0.000128339500759	0	0.00509080019679	0.00460952706894	0.000267373959915	3.20848751898e-05	0	3.20848751898e-05	0	0.000556137836624	0.00217107655451	0	0	0
0	0	0	0	0	0	0	0	0	0	0	0	0	0	0	0	0	0	0	0	0	0	0	0	0	0	0	0	0	0	0	0	0	0	0	0	0	0	0	0	0	0	0	0	0	0	0	0	0	0	0	0	0	0	0	0	0	0	0	0	0	0	0	0	0	0	0	0	0	0	0	0	0	0	0	0	0	0	0	0	0	0	0	0
0	0	0	0	0.0217321554619	0	0.000930461380505	0.00381810014759	0.00143312442515	0.00459883211054	0.00140103954996	0.00145451434194	0.00678060362345	0.000513358003037	0.00164702359308	0.000491968086244	0	0	0.000363628585485	0.000224594126329	0.00943295330581	0	0	0	0.0101067356848	1.06949583966e-05	0.000160424375949	0	0.00759342046159	0.00196787234498	0	0	5.34747919831e-05	0	0.00186092276101	0	0	0	0	0.00621377082843	3.20848751898e-05	0.000128339500759	0	1.06949583966e-05	0.00562554811662	0.00271651943274	0	0.00649183974674	0	8.55596671729e-05	0.000149729417553	0	0	0	0	0.0088340356356	0	0	0	0.00553998844944	0	0	0	0.00118714038202	8.55596671729e-05	0	0	0	0	0	0.000128339500759	1.06949583966e-05	0.000812816838142	0	0.000759342046159	2.13899167932e-05	0	0	0	0	0	0.000299458835105	0	0
0	0	0	0	0	0.00279138414152	0.000716562212573	1.06949583966e-05	0	0.000374323543881	0	0	0	0	1.06949583966e-05	0.00128339500759	0	0	0	0	0	0	0	0	0.000427798335864	0	0	0	6.41697503797e-05	2.13899167932e-05	1.06949583966e-05	0	0.000802121879746	2.13899167932e-05	0.000245984043122	0	0	0	0	0	0	0	0	0	0	0	0	0	0	0	0	0	0	0	0	0	0	0	0	0	0	0	0	0	0	0	0	0	0	0	0.000481273127848	0	8.55596671729e-05	2.13899167932e-05	0.00174327821865	0.000288763876709	5.34747919831e-05	0	0	0	0	0	0	0
0	0	0	0	0.000930461380505	0.000716562212573	0.0254326110671	0.00680199354025	0.0152724005904	0	0.0124275416569	0.00132617484118	0.00413894889949	0.000673782378987	0.00322987743578	0.00143312442515	0	0	0.000128339500759	1.06949583966e-05	0.00272721439114	0	0	0	0.000299458835105	2.13899167932e-05	0.000267373959915	0	0.00286624885029	0.0022245513465	1.06949583966e-05	0	0.00161493871789	2.13899167932e-05	0.00187161771941	0	0	0	0	0	0	0	0	0	0	0	0	0	0	0	0	0	0	0	0	0	0	0	0	0	0	0	0	0	0	0	0	0	0	3.20848751898e-05	0.00146520930034	8.55596671729e-05	0.00124061517401	2.13899167932e-05	0.00179675301063	0.000160424375949	3.20848751898e-05	0	0	0	0	0	0	0
0.00122992021561	0	0.00113366559004	0	0.00381810014759	1.06949583966e-05	0.00680199354025	0.0677739513593	0.0147055677953	0.00288763876709	0.0125558811576	0.00279138414152	0	0.000673782378987	0.0115612500267	0.000417103377468	0	0.00136895467477	0.00149729417553	0.00148659921713	0.000235289084725	0.00513358003037	0	0.0114649954012	0.00460952706894	6.41697503797e-05	0.00056683279502	0	0.0322025197322	0.0103206348527	0.0231545849287	0	0.000459883211054	0.00390365981476	0.00744369104404	0	0	0	0	0.00269512951595	0	0	0	0	0.00684477337383	0.00826720284058	0	0.00604265149409	0	0	0	0	0	0	0	0.00818164317341	0	0	0	0.0101281256016	0	0	0	0.000737952129366	0	0	0	0	0	0	0.000834206754936	0.000106949583966	0.00586083720134	0.000128339500759	0.000160424375949	0.000459883211054	0.000128339500759	0	0	0	0	0	0	0
0	0	0.00115505550683	0	0.00143312442515	0	0.0152724005904	0.0147055677953	0.0406836217407	0	0.0161066073453	0.000470578169451	0.00362559089645	0.000149729417553	0.0152510106736	0.000759342046159	0	0.00130478492439	2.13899167932e-05	0.000235289084725	0.00486620607046	1.06949583966e-05	0	0.0031443177686	0.000502663044641	0	0.000406408419071	1.06949583966e-05	0.00982866676649	0.00457744219375	0.00387157493957	0	0.000459883211054	0	0.0018823126778	0	0	0	0	0	0	0	0	0	0	0	0	0	0	0	0	0	0	0	0	0	0	0	0	0	0	0	0	0	0	0	0	0	0	0	0.000577527753417	0	0.00105880088126	0	0.000524052961434	0	0	0	0	0	0	0	0	0
0	0.00152937905072	0	0	0.00459883211054	0.000374323543881	0	0.00288763876709	0	0.0269726850763	0.00130478492439	0.000106949583966	0.00131547988278	0.000139034459156	0	0.00170049838506	0.00203204209536	0	0	0	0.00130478492439	0	0.00422450856666	0	0.0172830527689	0	0	0.00171119334346	0.00822442300699	0.000149729417553	0	0	0	0	0.000203204209536	0	6.41697503797e-05	0	0	0.00671643387307	0	0	0	0	0.0154328249663	0.00318709760219	0	0.00414964385789	0	0	0	0	0	0	0	0.00659878933071	0	0.000299458835105	0	0.0173044426857	0	0	0.000310153793502	0.00576458257577	0	0	0	0	0	0.000139034459156	0.000491968086244	0	0.000139034459156	0	0.00243845051443	0	0	9.62546255695e-05	8.55596671729e-05	0.000117644542363	0	0.000320848751898	0	0
0	0	0	0	0.00140103954996	0	0.0124275416569	0.0125558811576	0.0161066073453	0.00130478492439	0.0336784239909	0.00266304464076	0.00258817993198	0.000524052961434	0.00471647665291	0.000513358003037	0	0	0.00182883788582	0.0006310025454	0.00342238668692	0	0	1.06949583966e-05	0.000395713460675	0	0.000106949583966	1.06949583966e-05	0.0124275416569	0.00380740518919	1.06949583966e-05	0	7.48647087763e-05	0	0.00312292785181	3.20848751898e-05	0	0	0	0.00185022780261	0	0.000192509251139	0	3.20848751898e-05	0.00224594126329	0.00117644542363	0.000149729417553	0.00218177151291	0	3.20848751898e-05	0	0	0	1.06949583966e-05	0	0.00272721439114	0	0	1.06949583966e-05	0.00228872109687	0	0	0	0.000470578169451	3.20848751898e-05	0	0	0	0	0.000160424375949	0.000235289084725	0	0.00167910846827	0	3.20848751898e-05	0	0	0	1.06949583966e-05	9.62546255695e-05	0	0	0	0
0	0	0	0	0.00145451434194	0	0.00132617484118	0.00279138414152	0.000470578169451	0.000106949583966	0.00266304464076	0.0393253620243	0.0015828538427	0.015935488011	0.00445979765139	8.55596671729e-05	0	0.000171119334346	0.00722979187611	0.00793565913029	0.00262026480717	0.000363628585485	0	9.62546255695e-05	0.00128339500759	0.000299458835105	0.00627794057881	0	0.00528330944793	0.0157001989262	0.000245984043122	0.00382879510599	0.00357211610447	0.00072725717097	0.0238176723493	0	0	0	0	0	0	0	0	0	1.06949583966e-05	0	0.00258817993198	0	0.000866291630126	8.55596671729e-05	0	0	0	0	0	0	0	0	0	5.34747919831e-05	3.20848751898e-05	0.000288763876709	4.27798335864e-05	1.06949583966e-05	0.000128339500759	0	4.27798335864e-05	0	0	0.00141173450835	0.00245984043122	0.00356142114607	0.0112617911916	0.000876986588522	0.000245984043122	2.13899167932e-05	0.000213899167932	0.000395713460675	0.00325126735257	0.000770037004556	0	9.62546255695e-05	0	0.00059891767021
0	0	0	0	0.00678060362345	0	0.00413894889949	0	0.00362559089645	0.00131547988278	0.00258817993198	0.0015828538427	0.0234968235974	0.000791426921349	0.00339030181173	0.000983936172488	0	0	1.06949583966e-05	0	0.015101281256	0	0	1.06949583966e-05	0.00295180851746	1.06949583966e-05	0.000160424375949	0	0.000106949583966	0.0025133152232	0	0	7.48647087763e-05	0	0.00182883788582	0.000117644542363	0	0	0	0.000331543710295	0	0.00610682124447	0	0.00247053538962	1.06949583966e-05	0.00520844473915	0.00163632863468	0.00732604650168	0	0.00319779256059	0	0	0	0.000320848751898	0	0.000919766422109	0	0	0	6.41697503797e-05	0	0	1.06949583966e-05	0	0.00234219588886	0	0	0	0	0.00177536309384	0.000139034459156	0	0.000213899167932	0	0.00072725717097	0	0	0	0.000117644542363	0.000887681546919	0	1.06949583966e-05	0	1.06949583966e-05
0	0.000181814292742	0	0	0.000513358003037	0	0.000673782378987	0.000673782378987	0.000149729417553	0.000139034459156	0.000524052961434	0.015935488011	0.000791426921349	0.0294753053411	0.00282346901671	2.13899167932e-05	0.000149729417553	0	0	5.34747919831e-05	0.000866291630126	9.62546255695e-05	0.000171119334346	1.06949583966e-05	0.000716562212573	0.00741160616885	0.00368976064683	0.00328335222776	0.00132617484118	0.00696241791619	0.000106949583966	0.00770037004556	0.0031443177686	0.000310153793502	0.00902654488674	0	0	0	0	0	0	0	5.34747919831e-05	8.55596671729e-05	0	9.62546255695e-05	0.00802121879746	0	0.00549720861586	0.000192509251139	0	0	0	3.20848751898e-05	0	1.06949583966e-05	1.06949583966e-05	0	0	0.000245984043122	0.00257748497358	0.00232080597206	0.000545442878227	0.000160424375949	0.000481273127848	0	0.000983936172488	1.06949583966e-05	0	0.00208551688734	0.00192509251139	0.0028555538919	0.00447049260978	0.000449188252658	7.48647087763e-05	2.13899167932e-05	0.000491968086244	0.000331543710295	0.0072511817929	0.00151868409232	0.000310153793502	4.27798335864e-05	0	0.00286624885029
0.00161493871789	0	0.00066308742059	0	0.00164702359308	1.06949583966e-05	0.00322987743578	0.0115612500267	0.0152510106736	0	0.00471647665291	0.00445979765139	0.00339030181173	0.00282346901671	0.0471326816539	0.000267373959915	0	0.00132617484118	9.62546255695e-05	4.27798335864e-05	0.00509080019679	0.000203204209536	0	0.00397852452354	0.00114436054844	1.06949583966e-05	0.000363628585485	1.06949583966e-05	0.00951851297298	0.0237428076405	0.0187803469445	0	0.00551859853265	0.00161493871789	0.00640628007957	0	0	0	0	0	0	0	0	0	0	0	0	0	0	0	0	0	0	0	0	0	0	0	0	0	0	0	0	0	0	0	0	0	0	0	0.00164702359308	0.000139034459156	0.00288763876709	0.000181814292742	0.000941156338902	0.00142242946675	0.000203204209536	1.06949583966e-05	0	0	0	0	0	0
0	0	0	0	0.000491968086244	0.00128339500759	0.00143312442515	0.000417103377468	0.000759342046159	0.00170049838506	0.000513358003037	8.55596671729e-05	0.000983936172488	2.13899167932e-05	0.000267373959915	0.00869500117645	0	0	3.20848751898e-05	0	0.000524052961434	4.27798335864e-05	0	0.000106949583966	0.00367906568843	0	3.20848751898e-05	0	0.000342238668692	0.000149729417553	0	0	0.000139034459156	0	0.000128339500759	0	0	0	0	0	0	0	0	0	0	0	0	0	0	0	0	0	0	0	0	0	0	0	0	0	0	0	0	0	0	0	0	0	0	0	0.00124061517401	0	0.000181814292742	0.000149729417553	0.00594639686852	4.27798335864e-05	0	0	0	0	0	0	0	0
0	0.00527261448953	0	0	0	0	0	0	0	0.00203204209536	0	0	0	0.000149729417553	0	0	0.039774550277	0	4.27798335864e-05	0.000106949583966	0	0.00524052961434	0.0335286945734	0.0047485615281	0.019550383949	0.000748647087763	0.000310153793502	0.00997839618404	0.00575388761738	1.06949583966e-05	0	0	0	0	4.27798335864e-05	0	6.41697503797e-05	0	0	0	0	0	0	0	0.0112831811084	0	0	3.20848751898e-05	0	0	0	0.0082030330902	0	0	0	0	0.00451327244337	0.0129729845351	0.00565763299181	0.00792496417189	0	0	0.000385018502278	0.0085345768005	0	0	0	0	0	0	0.00129408996599	0.000299458835105	0.000310153793502	0.000299458835105	4.27798335864e-05	2.13899167932e-05	0	3.20848751898e-05	0	0	0	0	0	0
0	1.06949583966e-05	0.011946268529	0	0	0	0	0.00136895467477	0.00130478492439	0	0	0.000171119334346	0	0	0.00132617484118	0	0	0.0351543282497	5.34747919831e-05	0.00746508096084	0	0.00066308742059	0	0.0100746508096	0	0	0.017069153601	0.0112938760668	0.000748647087763	0.00199995722017	0.00484481615367	0	0	0	0.00484481615367	0	2.13899167932e-05	0	0	0	0	0	0	0	0	0	0	0	0	0	0	0	0.000139034459156	0	0.000267373959915	0	0	0	1.06949583966e-05	0	0	0.000267373959915	0.000192509251139	0	0	0	0	0	0	0	3.20848751898e-05	0	0.00298389339265	0.000524052961434	0	0	0	0	0	0.000267373959915	0.000278068918312	0	0	0
0	0	3.20848751898e-05	0	0.000363628585485	0	0.000128339500759	0.00149729417553	2.13899167932e-05	0	0.00182883788582	0.00722979187611	1.06949583966e-05	0	9.62546255695e-05	3.20848751898e-05	4.27798335864e-05	5.34747919831e-05	0.0105452289791	0.00425659344185	0.000620307587003	0.000171119334346	0	0.000331543710295	0.000481273127848	0	0.00407477914911	3.20848751898e-05	0.0028555538919	0.00452396740177	0.000117644542363	0	0	0.000427798335864	0.00540095399029	0	0	0	0	0	0	0	0	0	4.27798335864e-05	0	0	0	0	0	0	1.06949583966e-05	0	0	0	0	0	1.06949583966e-05	0	1.06949583966e-05	0	0	0	2.13899167932e-05	0	0	0	0	0	0	0.00173258326025	0.00225663622169	0.0041068640243	0.000128339500759	7.48647087763e-05	0	0	6.41697503797e-05	0	0	0	0	0	0
0	3.20848751898e-05	0.000491968086244	0	0.000224594126329	0	1.06949583966e-05	0.00148659921713	0.000235289084725	0	0.0006310025454	0.00793565913029	0	5.34747919831e-05	4.27798335864e-05	0	0.000106949583966	0.00746508096084	0.00425659344185	0.0293897456739	1.06949583966e-05	0.000310153793502	0	0.00106949583966	0.000427798335864	0	0.0192509251139	0.00553998844944	0.00151868409232	0.0019037025946	0.000213899167932	0	0	0.000342238668692	0.0134114778294	0	3.20848751898e-05	1.06949583966e-05	0	2.13899167932e-05	0	0	0	4.27798335864e-05	7.48647087763e-05	0	0	0	0	3.20848751898e-05	0	1.06949583966e-05	0.000160424375949	0	0.000534747919831	0	0	1.06949583966e-05	1.06949583966e-05	3.20848751898e-05	4.27798335864e-05	0.00124061517401	0.00137964963316	2.13899167932e-05	0	0	0	0	0	0	0.00435284806742	0.00358281106286	0.00986075164168	0.00155076896751	0	0	0	0.000331543710295	3.20848751898e-05	0.000556137836624	0.000502663044641	7.48647087763e-05	3.20848751898e-05	0
0	0	0	0	0.00943295330581	0	0.00272721439114	0.000235289084725	0.00486620607046	0.00130478492439	0.00342238668692	0.00262026480717	0.015101281256	0.000866291630126	0.00509080019679	0.000524052961434	0	0	0.000620307587003	1.06949583966e-05	0.0219674445466	0	0	0	0.00445979765139	1.06949583966e-05	0.000235289084725	0	0.00244914547282	0.00393574468995	0	0	9.62546255695e-05	0	0.0028555538919	3.20848751898e-05	0	0	0	0.000705867254176	0	0.00275929926633	0	0.000994631130885	0.000449188252658	0.0028448589335	0.00115505550683	0.00354003122928	0	0.00141173450835	0	0	0	0.000235289084725	0	0.000705867254176	0	0	0	0.000385018502278	0	0	0	5.34747919831e-05	0.00137964963316	0	0	0	0	0.00121922525721	0.000117644542363	0	0.000267373959915	0	0.000855596671729	0	0	0	5.34747919831e-05	0.000588222711814	0	3.20848751898e-05	0	0
0	0	0.00116575046523	0	0	0	0	0.00513358003037	1.06949583966e-05	0	0	0.000363628585485	0	9.62546255695e-05	0.000203204209536	4.27798335864e-05	0.00524052961434	0.00066308742059	0.000171119334346	0.000310153793502	0	0.046651408526	0.00491968086244	0.0239353168916	0.00133686979958	0	0.000524052961434	2.13899167932e-05	0.0169942888922	0.00273790934953	0.0171440183098	0	0	0.00301597826784	0.00412825394109	0	0	0	0	0	0	0	0	0	0.00229941605527	0	0	0	0	0	0	0.00432076319223	0	0	0	0	0.00304806314303	0.00380740518919	4.27798335864e-05	0.00257748497358	0	0	0	0.003155012727	0	0	0	0	0	0	0.00416033881628	0.000481273127848	0.00612821116126	0.00524052961434	0.00116575046523	0.00124061517401	4.27798335864e-05	1.06949583966e-05	0	0	0	0	0	0
0	0.00735813137687	0.000941156338902	0	0	0	0	0	0	0.00422450856666	0	0	0	0.000171119334346	0	0	0.0335286945734	0	0	0	0	0.00491968086244	0.0622232679515	0.0109409424397	0.0186947872773	0.000834206754936	0.000181814292742	0.0257320699022	0.00311223289341	0	0	0	0	0	0	0	0.000181814292742	0	0	0	0	0	0	0	0.0101495155184	0	0	2.13899167932e-05	0	0	0	0.0216893756283	0	0	0	0	0.0031443177686	0.027935231332	0.0128232551175	0.0088233406772	0	0	0.00512288507198	0.00697311287459	0	0	0	0	0	0	1.06949583966e-05	1.06949583966e-05	0	0	0	0	0	0	0	0	0	0	0	0
0	3.20848751898e-05	0.0104168894783	0	0	0	0	0.0114649954012	0.0031443177686	0	1.06949583966e-05	9.62546255695e-05	1.06949583966e-05	1.06949583966e-05	0.00397852452354	0.000106949583966	0.0047485615281	0.0100746508096	0.000331543710295	0.00106949583966	0	0.0239353168916	0.0109409424397	0.084671985626	1.06949583966e-05	0	0.00228872109687	0.00950781801459	0.0111869264829	0.00304806314303	0.0194006545315	0	0	0.0012513101324	0.00310153793502	0	0	0	0	0	0	0	1.06949583966e-05	0	0.0006310025454	1.06949583966e-05	0	0	0	0	0	0.0078821843383	0	0	1.06949583966e-05	0	0.000791426921349	0.0109837222733	0.0138499711236	0.00247053538962	0	0	0.00331543710295	0.000748647087763	0	0	0	0	0	1.06949583966e-05	0.00881264571881	0.000449188252658	0.00880195076041	0.00963615751535	0.00235289084725	0.00179675301063	1.06949583966e-05	2.13899167932e-05	0	0.000128339500759	0.0012513101324	0	0	0
0	0.005689717867	0	0	0.0101067356848	0.000427798335864	0.000299458835105	0.00460952706894	0.000502663044641	0.0172830527689	0.000395713460675	0.00128339500759	0.00295180851746	0.000716562212573	0.00114436054844	0.00367906568843	0.019550383949	0	0.000481273127848	0.000427798335864	0.00445979765139	0.00133686979958	0.0186947872773	1.06949583966e-05	0.0661910975166	0.000866291630126	0.000342238668692	0.00543303886548	0.0239887916836	0.00321918247738	0.00140103954996	0	5.34747919831e-05	0.000417103377468	0.00373254048042	0	0.000160424375949	0	0	0.00930461380505	0	0	0	0	0.0332078458215	0.00475925648649	0	0.00462022202734	0	0	3.20848751898e-05	0.000256679001519	0	0	0	0.00827789779898	0.00218177151291	0.000919766422109	0	0.0302239524288	0	0	0.000224594126329	0.0154007400911	0	0	0	0	0	1.06949583966e-05	0.00225663622169	0.000470578169451	0.00402130435713	0.00170049838506	0.00544373382388	0.000149729417553	0.000181814292742	0.00142242946675	1.06949583966e-05	1.06949583966e-05	0	0.000203204209536	1.06949583966e-05	0
0	0.00119783534042	0	0	1.06949583966e-05	0	2.13899167932e-05	6.41697503797e-05	0	0	0	0.000299458835105	1.06949583966e-05	0.00741160616885	1.06949583966e-05	0	0.000748647087763	0	0	0	1.06949583966e-05	0	0.000834206754936	0	0.000866291630126	0.0168445594747	0.00885542555239	0.0103954995615	7.48647087763e-05	0.000128339500759	0	0.00320848751898	1.06949583966e-05	0	0.000128339500759	0	0.00150798913392	0	0	0	0	0	0	4.27798335864e-05	0	0	0.00424589848345	0	0.00545442878227	0	0	0	0	0	0	0	0	0	0	0	0.00579666745096	0.00499454557122	0.00380740518919	0	7.48647087763e-05	0	0.0022245513465	0	0	0.000171119334346	3.20848751898e-05	1.06949583966e-05	0.000128339500759	0	0	0	1.06949583966e-05	0	0.00274860430793	0.000160424375949	0	0	0	0.00135825971637
0	0.00681268849864	0.00686616329062	0	0.000160424375949	0	0.000267373959915	0.00056683279502	0.000406408419071	0	0.000106949583966	0.00627794057881	0.000160424375949	0.00368976064683	0.000363628585485	3.20848751898e-05	0.000310153793502	0.017069153601	0.00407477914911	0.0192509251139	0.000235289084725	0.000524052961434	0.000181814292742	0.00228872109687	0.000342238668692	0.00885542555239	0.0853350730466	0.0399991444033	0.000887681546919	0.00119783534042	0.000459883211054	0.00414964385789	0	0.000128339500759	0.00670573891468	0	0.00668434899788	1.06949583966e-05	0	2.13899167932e-05	0	0	0	3.20848751898e-05	0.000128339500759	0	0.00279138414152	0	0.00291972364228	6.41697503797e-05	0	2.13899167932e-05	0.00187161771941	0.000288763876709	0.00212829672093	0	3.20848751898e-05	2.13899167932e-05	0.000139034459156	3.20848751898e-05	0.00582875232615	0.011325960942	0.0173793073945	3.20848751898e-05	5.34747919831e-05	0	0.00197856730337	0	0	0.000117644542363	0.00680199354025	0.00640628007957	0.00699450279138	0.00186092276101	7.48647087763e-05	0	0	0.000502663044641	0.00204273705375	0.00114436054844	0.000652392462193	5.34747919831e-05	2.13899167932e-05	0.000139034459156
0	0.0354217022096	0.0132082736198	0	0	0	0	0	1.06949583966e-05	0.00171119334346	1.06949583966e-05	0	0	0.00328335222776	1.06949583966e-05	0	0.00997839618404	0.0112938760668	3.20848751898e-05	0.00553998844944	0	2.13899167932e-05	0.0257320699022	0.00950781801459	0.00543303886548	0.0103954995615	0.0399991444033	0.119837008834	0	1.06949583966e-05	0.000331543710295	0.00239567068084	0	0	0.000224594126329	0	0.0185343629013	5.34747919831e-05	0	0	0	0	0	0	0	0	0.00163632863468	0	0.00271651943274	0	0	0.0116895895275	0.00264165472396	5.34747919831e-05	0.00196787234498	0	8.55596671729e-05	0.0148766871297	0.0166413552651	1.06949583966e-05	0.00575388761738	0.00797843896387	0.0464802891917	3.20848751898e-05	0	0	0.00144381938354	0	0	7.48647087763e-05	0.000652392462193	1.06949583966e-05	0.00457744219375	0.00427798335864	8.55596671729e-05	0	0	0.000181814292742	0.000502663044641	0.00115505550683	0.0018930076362	0	0	3.20848751898e-05
9.62546255695e-05	0	0.00211760176253	0	0.00759342046159	6.41697503797e-05	0.00286624885029	0.0322025197322	0.00982866676649	0.00822442300699	0.0124275416569	0.00528330944793	0.000106949583966	0.00132617484118	0.00951851297298	0.000342238668692	0.00575388761738	0.000748647087763	0.0028555538919	0.00151868409232	0.00244914547282	0.0169942888922	0.00311223289341	0.0111869264829	0.0239887916836	7.48647087763e-05	0.000887681546919	0	0.116168638104	0.0256679001519	0.0288549977541	0	0.000331543710295	0.0145665333362	0.0236037731813	0	0	0	0	0.01380719129	0	0	0	0	0.0300421381361	0.0119676584458	0	0.00863083142607	0	0	0	0.000449188252658	0	0	0	0.0152189257984	0.00217107655451	0.000588222711814	0	0.0308656499326	0	0	0	0.011486385318	0	0	0	0	0	1.06949583966e-05	0.0037860152724	0.00120853029882	0.0191867553635	0.0053581741567	0.00149729417553	0.000780731962953	0.000470578169451	0.00113366559004	1.06949583966e-05	1.06949583966e-05	0	0	1.06949583966e-05	0
0.00626724562041	0	0.000459883211054	0	0.00196787234498	2.13899167932e-05	0.0022245513465	0.0103206348527	0.00457744219375	0.000149729417553	0.00380740518919	0.0157001989262	0.0025133152232	0.00696241791619	0.0237428076405	0.000149729417553	1.06949583966e-05	0.00199995722017	0.00452396740177	0.0019037025946	0.00393574468995	0.00273790934953	0	0.00304806314303	0.00321918247738	0.000128339500759	0.00119783534042	1.06949583966e-05	0.0256679001519	0.0682552244872	0.0270796346602	0	0.00495176573763	0.0173151376441	0.0307587003487	0	0	0	0	0	0	0	0	0	6.41697503797e-05	0	0	0	0	0	0	0	0	0	0	0	0	0	0	0.000406408419071	0	0	1.06949583966e-05	0.000267373959915	1.06949583966e-05	0	0	0	0	0.00134756475797	0.00253470514	0.000513358003037	0.0110265021069	0.000770037004556	0.000352933627088	0.00147590425873	0.000374323543881	0.00100532608928	0.000417103377468	0.00069517229578	0	9.62546255695e-05	0	0.000181814292742
0.00471647665291	0	0.00130478492439	0	0	1.06949583966e-05	1.06949583966e-05	0.0231545849287	0.00387157493957	0	1.06949583966e-05	0.000245984043122	0	0.000106949583966	0.0187803469445	0	0	0.00484481615367	0.000117644542363	0.000213899167932	0	0.0171440183098	0	0.0194006545315	0.00140103954996	0	0.000459883211054	0.000331543710295	0.0288549977541	0.0270796346602	0.0713353725054	0	0.000149729417553	0.00886612051079	0.00924044405467	0	0	0	0	0	0	0	0	0	6.41697503797e-05	0	0	0	0	0	0	0	0	0	0	0	0	0	0	0.000106949583966	0	0	1.06949583966e-05	0.000106949583966	0	0	0	0	0	0	0.000203204209536	0.000128339500759	0.003775320314	0.000385018502278	0	0.000181814292742	2.13899167932e-05	6.41697503797e-05	0	0	0	0	0	0
0	0	0	0	0	0	0	0	0	0	0	0.00382879510599	0	0.00770037004556	0	0	0	0	0	0	0	0	0	0	0	0.00320848751898	0.00414964385789	0.00239567068084	0	0	0	0.00902654488674	0	0	0	0	0	0	0	0	0	0	0	0	0	0	0.0050373254048	0	0.00302667322624	8.55596671729e-05	0	0	0	1.06949583966e-05	0	0	0	0	0	0	0.00142242946675	0.00238497572244	0.00105880088126	0	0.000117644542363	0	0.00072725717097	0	0	0.000128339500759	0.000117644542363	0.0006310025454	1.06949583966e-05	0	0	0	0	0	0.00427798335864	0.000117644542363	0	0	0	0.000427798335864
0	0	0	0	5.34747919831e-05	0.000802121879746	0.00161493871789	0.000459883211054	0.000459883211054	0	7.48647087763e-05	0.00357211610447	7.48647087763e-05	0.0031443177686	0.00551859853265	0.000139034459156	0	0	0	0	9.62546255695e-05	0	0	0	5.34747919831e-05	1.06949583966e-05	0	0	0.000331543710295	0.00495176573763	0.000149729417553	0	0.00960407264016	0.000470578169451	0.00530469936472	0	0	0	0	0	0	0	0	0	0	0	0	0	0	0	0	0	0	0	0	0	0	0	0	0	0	0	0	0	0	0	0	0	0	0	0.00182883788582	0.000139034459156	0.00290902868388	0.000278068918312	0.000973241214092	0.00213899167932	0.000352933627088	3.20848751898e-05	0	0	0	0	0	0
0	0	0	0	0	2.13899167932e-05	2.13899167932e-05	0.00390365981476	0	0	0	0.00072725717097	0	0.000310153793502	0.00161493871789	0	0	0	0.000427798335864	0.000342238668692	0	0.00301597826784	0	0.0012513101324	0.000417103377468	0	0.000128339500759	0	0.0145665333362	0.0173151376441	0.00886612051079	0	0.000470578169451	0.0206305747471	0.0125237962824	0	0	0	0	0	0	0	0	0	0.000181814292742	0	0	0	0	0	0	0	0	0	0	0	0	0	0	0.000106949583966	0	0	0	0.000106949583966	0	0	0	0	0	0	0.000406408419071	0.000320848751898	0.00392504973156	0.00140103954996	0	0.00066308742059	0.000192509251139	8.55596671729e-05	0	0	0	0	0	0
4.27798335864e-05	2.13899167932e-05	0.000481273127848	0	0.00186092276101	0.000245984043122	0.00187161771941	0.00744369104404	0.0018823126778	0.000203204209536	0.00312292785181	0.0238176723493	0.00182883788582	0.00902654488674	0.00640628007957	0.000128339500759	4.27798335864e-05	0.00484481615367	0.00540095399029	0.0134114778294	0.0028555538919	0.00412825394109	0	0.00310153793502	0.00373254048042	0.000128339500759	0.00670573891468	0.000224594126329	0.0236037731813	0.0307587003487	0.00924044405467	0	0.00530469936472	0.0125237962824	0.065528010096	0	0	0	0	0	0	0	0	0	0.000770037004556	0	0	0	0	0	0	0	3.20848751898e-05	0	0.000171119334346	0	0	0	1.06949583966e-05	0.000502663044641	0	0.000385018502278	0.000278068918312	0.000235289084725	1.06949583966e-05	0	0	0	0	0.00135825971637	0.00487690102885	0.000919766422109	0.0273256187033	0.00345447156211	0.000363628585485	0.00130478492439	0.000641697503797	0.00197856730337	0.000577527753417	0.00108019079806	0.000406408419071	9.62546255695e-05	0	0.000181814292742
0	0	0	0	0	0	0	0	0	0	3.20848751898e-05	0	0.000117644542363	0	0	0	0	0	0	0	3.20848751898e-05	0	0	0	0	0	0	0	0	0	0	0	0	0	0	0.0323415541914	0	0	0	2.13899167932e-05	0	0.000641697503797	0.00918696926269	0.00290902868388	0	0.00484481615367	0.00151868409232	0.000374323543881	0	0.0184488032342	0	0	0	0.00116575046523	0.000737952129366	0.000716562212573	0.00295180851746	0	0.00573249770058	0.00494107077923	0	0	0	0.00976449701611	0.00814955829822	0.00824581292379	0	0	0.000181814292742	0.00194648242818	0	0	0	0	0	0	0	0	0	0.00172188830185	3.20848751898e-05	0	0.000106949583966	0
0	0.016395371222	0.000352933627088	0	0	0	0	0	0	6.41697503797e-05	0	0	0	0	0	0	6.41697503797e-05	2.13899167932e-05	0	3.20848751898e-05	0	0	0.000181814292742	0	0.000160424375949	0.00150798913392	0.00668434899788	0.0185343629013	0	0	0	0	0	0	0	0	0.032063485273	0	0	0	0	0	0	0	0.00768967508716	0	0	0	0	0	0	0	0.000673782378987	0	0.000171119334346	0	0	0.0102136852688	0	0.00750786079442	0.00227802613848	0.000844901713332	0.0259245791534	0	0	0	0	0	0	0	0	0	0	0	0	0	0	0	0	1.06949583966e-05	0	0	0	0
0	0	5.34747919831e-05	0	0	0	0	0	0	0	0	0	0	0	0	0	0	0	0	1.06949583966e-05	0	0	0	0	0	0	1.06949583966e-05	5.34747919831e-05	0	0	0	0	0	0	0	0	0	0.0220636991722	0	0	0	0	0.000224594126329	0	0	0	2.13899167932e-05	0	0	0	0	0	0.00780731962953	2.13899167932e-05	2.13899167932e-05	0	2.13899167932e-05	0	0.00839554234134	0	0	0.00896237513636	0.00541164894869	0.000171119334346	0	1.06949583966e-05	0	0	0	0.000139034459156	0	0	6.41697503797e-05	7.48647087763e-05	0	0	0	1.06949583966e-05	0	0.000128339500759	9.62546255695e-05	0	0	0
0	0	0	0	0	0	0	0	0	0	0	0	0	0	0	0	0	0	0	0	0	0	0	0	0	0	0	0	0	0	0	0	0	0	0	0	0	0	0	0	0	0	0	0	0	0	0	0	0	0	0	0	0	0	0	0	0	0	0	0	0	0	0	0	0	0	0	0	0	0	0	0	0	0	0	0	0	0	0	0	0	0	0	0
0	0	0	0	0.00621377082843	0	0	0.00269512951595	0	0.00671643387307	0.00185022780261	0	0.000331543710295	0	0	0	0	0	0	2.13899167932e-05	0.000705867254176	0	0	0	0.00930461380505	0	2.13899167932e-05	0	0.01380719129	0	0	0	0	0	0	2.13899167932e-05	0	0	0	0.0306517507647	0.000909071463712	0.000245984043122	0.000556137836624	7.48647087763e-05	0.0216679857115	0.00453466236016	7.48647087763e-05	0.00633141537079	0	6.41697503797e-05	0.00193578746979	0	0	3.20848751898e-05	1.06949583966e-05	0.0130799341191	0	0	0	0.0245235396034	0	0	0	0.00708006245856	4.27798335864e-05	0	0	0	0	0.000139034459156	2.13899167932e-05	0	0	0	2.13899167932e-05	0	0	0.00128339500759	3.20848751898e-05	0.000181814292742	0	0.000139034459156	2.13899167932e-05	0
0	0	0	0	3.20848751898e-05	0	0	0	0	0	0	0	0	0	0	0	0	0	0	0	0	0	0	0	0	0	0	0	0	0	0	0	0	0	0	0	0	0	0	0.000909071463712	0.00214968663772	5.34747919831e-05	0	1.06949583966e-05	0.00132617484118	0	0	0.000534747919831	0	1.06949583966e-05	0.00194648242818	0	0	0	0	0.000213899167932	0	0	0	0.000951851297298	0	0	0	0	0	0	0	5.34747919831e-05	0	0	0	0	0	0	0	0	0	0	0	0	0	0.000545442878227	0.000192509251139	0
0	0	0	0	0.000128339500759	0	0	0	0	0	0.000192509251139	0	0.00610682124447	0	0	0	0	0	0	0	0.00275929926633	0	0	0	0	0	0	0	0	0	0	0	0	0	0	0.000641697503797	0	0	0	0.000245984043122	5.34747919831e-05	0.0303415969712	0.00163632863468	0.0124489315737	0.000245984043122	0.0177322410216	0.00310153793502	0.0134328677461	0	0.00763620029518	0.00115505550683	0	0	0.000930461380505	3.20848751898e-05	0.00170049838506	1.06949583966e-05	0	0	0.000256679001519	1.06949583966e-05	0	0	0.000245984043122	0.0050480203632	0	0	0.000310153793502	0	0.00382879510599	0	0	0	0	0	0	0	0.0012620050908	0.000342238668692	0.00253470514	0	0.00249192530641	0.000716562212573	0.000128339500759
0	0	0	0	0	0	0	0	0	0	0	0	0	5.34747919831e-05	0	0	0	0	0	0	0	0	0	1.06949583966e-05	0	0	0	0	0	0	0	0	0	0	0	0.00918696926269	0	0.000224594126329	0	0.000556137836624	0	0.00163632863468	0.057517486257	0.00996770122564	0	0.012727000492	0.000181814292742	0	0	0.0153686552159	0	0	0.00218177151291	0.000139034459156	1.06949583966e-05	0	0.00527261448953	0	0.00987144660007	0.00337960685333	0	3.20848751898e-05	4.27798335864e-05	0.0259459690702	0.00357211610447	0.0103420247695	0	0	0	0.00365767577164	1.06949583966e-05	0	0	0	0	0	2.13899167932e-05	0.000320848751898	3.20848751898e-05	0.00214968663772	0.000128339500759	0	0.000331543710295	2.13899167932e-05
0	0	0	0	1.06949583966e-05	0	0	0	0	0	3.20848751898e-05	0	0.00247053538962	8.55596671729e-05	0	0	0	0	0	4.27798335864e-05	0.000994631130885	0	0	0	0	4.27798335864e-05	3.20848751898e-05	0	0	0	0	0	0	0	0	0.00290902868388	0	0	0	7.48647087763e-05	1.06949583966e-05	0.0124489315737	0.00996770122564	0.0378815426408	1.06949583966e-05	0.014480973669	5.34747919831e-05	0.00427798335864	0	0.0222775983401	0.000267373959915	0	0	0	0	0.00111227567325	0.00279138414152	0	0.00359350602126	0.00059891767021	8.55596671729e-05	0	0	0.00155076896751	0.00120853029882	0.00405338923232	0	0.000684477337383	0	0.00111227567325	4.27798335864e-05	1.06949583966e-05	0	0	0	0	0	0.00237428076405	3.20848751898e-05	0.0015721588843	8.55596671729e-05	0.00359350602126	0.00210690680413	0.000117644542363
0	0	0	0	0.00562554811662	0	0	0.00684477337383	0	0.0154328249663	0.00224594126329	1.06949583966e-05	1.06949583966e-05	0	0	0	0.0112831811084	0	4.27798335864e-05	7.48647087763e-05	0.000449188252658	0.00229941605527	0.0101495155184	0.0006310025454	0.0332078458215	0	0.000128339500759	0	0.0300421381361	6.41697503797e-05	6.41697503797e-05	0	0	0.000181814292742	0.000770037004556	0	0.00768967508716	0	0	0.0216679857115	0.00132617484118	0.000245984043122	0	1.06949583966e-05	0.0779341618361	0.00873778101003	0	0.00937947851383	0	1.06949583966e-05	0.00295180851746	0.0025240101816	0	0	1.06949583966e-05	0.0157857585934	0.00356142114607	0.0166092703899	0	0.0676349169002	0.000278068918312	0.000160424375949	0.00719770700092	0.0223738529657	0	0	0	0	0	0	0.000887681546919	0.000235289084725	4.27798335864e-05	2.13899167932e-05	3.20848751898e-05	0	0	0.00195717738658	0.000171119334346	1.06949583966e-05	0	0.000427798335864	1.06949583966e-05	0
0	0	0	0	0.00271651943274	0	0	0.00826720284058	0	0.00318709760219	0.00117644542363	0	0.00520844473915	9.62546255695e-05	0	0	0	0	0	0	0.0028448589335	0	0	1.06949583966e-05	0.00475925648649	0	0	0	0.0119676584458	0	0	0	0	0	0	0.00484481615367	0	0	0	0.00453466236016	0	0.0177322410216	0.012727000492	0.014480973669	0.00873778101003	0.0660413680991	0.00497315565442	0.0189621612372	1.06949583966e-05	0.0126093559496	1.06949583966e-05	0	0	0.00241706059763	0.00109088575645	0.0179568351479	3.20848751898e-05	0	0.000716562212573	0.0164916258476	1.06949583966e-05	0	0	0.0118286239867	0.0100746508096	0.000128339500759	0	0	0	0.00739021625206	1.06949583966e-05	0	0	0	1.06949583966e-05	0	1.06949583966e-05	0.00195717738658	0.000588222711814	0.00639558512117	0.000331543710295	6.41697503797e-05	0.00069517229578	0.000267373959915
0	2.13899167932e-05	0	0	0	0	0	0	0	0	0.000149729417553	0.00258817993198	0.00163632863468	0.00802121879746	0	0	0	0	0	0	0.00115505550683	0	0	0	0	0.00424589848345	0.00279138414152	0.00163632863468	0	0	0	0.0050373254048	0	0	0	0.00151868409232	0	2.13899167932e-05	0	7.48647087763e-05	0	0.00310153793502	0.000181814292742	5.34747919831e-05	0	0.00497315565442	0.0303950717632	0.00260956984877	0.0056683279502	0.000673782378987	0	0	5.34747919831e-05	0.0075720305448	0.00390365981476	0.00072725717097	0.000128339500759	0	6.41697503797e-05	9.62546255695e-05	0.00242775555603	0.00170049838506	0.00069517229578	0.000705867254176	0.00336891189493	1.06949583966e-05	0.00104810592287	0	0	0.0103527197279	0	0.000427798335864	0	0	0	0	0	0.00120853029882	0.00826720284058	0.00863083142607	0.000213899167932	0	0	0.00282346901671
0	0	0	0	0.00649183974674	0	0	0.00604265149409	0	0.00414964385789	0.00218177151291	0	0.00732604650168	0	0	0	3.20848751898e-05	0	0	0	0.00354003122928	0	2.13899167932e-05	0	0.00462022202734	0	0	0	0.00863083142607	0	0	0	0	0	0	0.000374323543881	0	0	0	0.00633141537079	0.000534747919831	0.0134328677461	0	0.00427798335864	0.00937947851383	0.0189621612372	0.00260956984877	0.0380954418087	0	0.00595709182691	0.00306945305983	0	0	0.000716562212573	1.06949583966e-05	0.0183525486086	0	2.13899167932e-05	0	0.0106949583966	1.06949583966e-05	0	0	0.000363628585485	0.00479134136168	0	0	0	0	0.00331543710295	0	0	0	0	3.20848751898e-05	0	0	1.06949583966e-05	0.000331543710295	0.00195717738658	0	0.000481273127848	0	0.000117644542363
0	0	0	0	0	0	0	0	0	0	0	0.000866291630126	0	0.00549720861586	0	0	0	0	0	0	0	0	0	0	0	0.00545442878227	0.00291972364228	0.00271651943274	0	0	0	0.00302667322624	0	0	0	0	0	0	0	0	0	0	0	0	0	1.06949583966e-05	0.0056683279502	0	0.0101281256016	0	0	0	0	0	0	0	0	0	0	0	0.00383949006438	0.00332613206135	0.00199995722017	0	0	0	0.00269512951595	0	0	4.27798335864e-05	0	0.000192509251139	0	0	0	0	2.13899167932e-05	0	0.00365767577164	2.13899167932e-05	0	0	0	0.0018823126778
0	0	0	0	8.55596671729e-05	0	0	0	0	0	3.20848751898e-05	8.55596671729e-05	0.00319779256059	0.000192509251139	0	0	0	0	0	3.20848751898e-05	0.00141173450835	0	0	0	0	0	6.41697503797e-05	0	0	0	0	8.55596671729e-05	0	0	0	0.0184488032342	0	0	0	6.41697503797e-05	1.06949583966e-05	0.00763620029518	0.0153686552159	0.0222775983401	1.06949583966e-05	0.0126093559496	0.000673782378987	0.00595709182691	0	0.0497315565442	8.55596671729e-05	0	0	0.000139034459156	0	0.00166841350987	0.00403199931552	0	0.00525122457274	0.00327265726936	0.000139034459156	0	0	0.00650253470514	0.00934739363864	0.0075827255032	0	0	9.62546255695e-05	0.00368976064683	3.20848751898e-05	2.13899167932e-05	0	0	0	0	0	0.00218177151291	0.000919766422109	0.00320848751898	0.000299458835105	0.00235289084725	0.00109088575645	0.000844901713332
0	0	0	0	0.000149729417553	0	0	0	0	0	0	0	0	0	0	0	0	0	0	0	0	0	0	0	3.20848751898e-05	0	0	0	0	0	0	0	0	0	0	0	0	0	0	0.00193578746979	0.00194648242818	0.00115505550683	0	0.000267373959915	0.00295180851746	1.06949583966e-05	0	0.00306945305983	0	8.55596671729e-05	0.00602126157729	0	0	0	0	0.00161493871789	0	0	0	0.00217107655451	0	0	0	1.06949583966e-05	0	0	0	1.06949583966e-05	0	0	0	0	0	0	0	0	0	2.13899167932e-05	0	0	0	0.000866291630126	0	0
0	0	0.00148659921713	0	0	0	0	0	0	0	0	0	0	0	0	0	0.0082030330902	0	1.06949583966e-05	1.06949583966e-05	0	0.00432076319223	0.0216893756283	0.0078821843383	0.000256679001519	0	2.13899167932e-05	0.0116895895275	0.000449188252658	0	0	0	0	0	0	0	0	0	0	0	0	0	0	0	0.0025240101816	0	0	0	0	0	0	0.0339137130757	0	0	0	0	0.00281277405831	0.0273683985369	0.00795704904708	0.00753994566961	0	1.06949583966e-05	0.00428867831704	0.00326196231097	0	0	0	0	0	0	4.27798335864e-05	3.20848751898e-05	0.000106949583966	0.000117644542363	0	0	0	0.000427798335864	9.62546255695e-05	0	3.20848751898e-05	0	0	0
0	0.00141173450835	5.34747919831e-05	0	0	0	0	0	0	0	0	0	0	0	0	0	0	0.000139034459156	0	0.000160424375949	0	0	0	0	0	0	0.00187161771941	0.00264165472396	0	0	0	0	0	0	3.20848751898e-05	0	0.000673782378987	0.00780731962953	0	0	0	0	0.00218177151291	0	0	0	5.34747919831e-05	0	0	0	0	0	0.0275822977049	0.000128339500759	0.00350794635409	0	0.00187161771941	0	0.00708006245856	0	0	0.00714423220894	0.0079035742551	0.00227802613848	0	8.55596671729e-05	0	0	0	0.00453466236016	1.06949583966e-05	0	0.000106949583966	9.62546255695e-05	0	0	0	1.06949583966e-05	0	0.00162563367628	0.000235289084725	0	0	0
0	4.27798335864e-05	0	0	0	0	0	0	0	0	1.06949583966e-05	0	0.000320848751898	3.20848751898e-05	0	0	0	0	0	0	0.000235289084725	0	0	0	0	0	0.000288763876709	5.34747919831e-05	0	0	0	1.06949583966e-05	0	0	0	0.00116575046523	0	2.13899167932e-05	0	3.20848751898e-05	0	0.000930461380505	0.000139034459156	0	0	0.00241706059763	0.0075720305448	0.000716562212573	0	0.000139034459156	0	0	0.000128339500759	0.011892793737	0.00497315565442	0.000534747919831	0.000117644542363	0	6.41697503797e-05	2.13899167932e-05	0	0.00145451434194	0.00069517229578	0.000481273127848	0.0015828538427	1.06949583966e-05	0	0	0	0.00587153215974	0	0	0	0	0	0	0	0.00156146392591	0.0019037025946	0.00749716583602	0.000203204209536	0	0	0
0	0.000673782378987	5.34747919831e-05	0	0	0	0	0	0	0	0	0	0	0	0	0	0	0.000267373959915	0	0.000534747919831	0	0	0	1.06949583966e-05	0	0	0.00212829672093	0.00196787234498	0	0	0	0	0	0	0.000171119334346	0.000737952129366	0.000171119334346	2.13899167932e-05	0	1.06949583966e-05	0	3.20848751898e-05	1.06949583966e-05	0	1.06949583966e-05	0.00109088575645	0.00390365981476	1.06949583966e-05	0	0	0	0	0.00350794635409	0.00497315565442	0.0223524630489	0.000278068918312	0.000128339500759	0	0.000513358003037	0	0.000181814292742	0.00771106500396	0.00572180274219	0.000310153793502	0.000855596671729	2.13899167932e-05	0	0	0	0.00967893734893	5.34747919831e-05	0	0.000310153793502	0.000320848751898	0	0	0	0.00207482192894	0.000983936172488	0.010192295352	0.00111227567325	0	0	0
0	0	0	0	0.0088340356356	0	0	0.00818164317341	0	0.00659878933071	0.00272721439114	0	0.000919766422109	1.06949583966e-05	0	0	0	0	0	0	0.000705867254176	0	0	0	0.00827789779898	0	0	0	0.0152189257984	0	0	0	0	0	0	0.000716562212573	0	0	0	0.0130799341191	0.000213899167932	0.00170049838506	0	0.00111227567325	0.0157857585934	0.0179568351479	0.00072725717097	0.0183525486086	0	0.00166841350987	0.00161493871789	0	0	0.000534747919831	0.000278068918312	0.0339671878676	0	0	0	0.0184060234006	0	0	0	0.00486620607046	0.00160424375949	0	0	0	0	0.00129408996599	0	0	0	0	3.20848751898e-05	0	0	0.000919766422109	4.27798335864e-05	0.00140103954996	7.48647087763e-05	0.000417103377468	0.000267373959915	1.06949583966e-05
0	2.13899167932e-05	5.34747919831e-05	0	0	0	0	0	0	0	0	0	0	1.06949583966e-05	0	0	0.00451327244337	0	0	0	0	0.00304806314303	0.0031443177686	0.000791426921349	0.00218177151291	0	3.20848751898e-05	8.55596671729e-05	0.00217107655451	0	0	0	0	0	0	0.00295180851746	0	2.13899167932e-05	0	0	0	1.06949583966e-05	0.00527261448953	0.00279138414152	0.00356142114607	3.20848751898e-05	0.000128339500759	0	0	0.00403199931552	0	0.00281277405831	0.00187161771941	0.000117644542363	0.000128339500759	0	0.0449188252658	0.00224594126329	0.0168445594747	0.00124061517401	0	0.000192509251139	0.000256679001519	0.0129622895767	0.0034865564373	0.0155932493423	0	0	0.00225663622169	0.00623516074522	3.20848751898e-05	1.06949583966e-05	2.13899167932e-05	2.13899167932e-05	1.06949583966e-05	0	1.06949583966e-05	0.00429937327544	0.000406408419071	0.00340099677012	0.00195717738658	0.000342238668692	0.000181814292742	0
