0.0261359159253	0.000233642719052	0.00471866667888	0	9.16245957065e-06	4.58122978532e-05	0.00014659935313	0.0078339029329	0.00625795988675	0.000348173463685	0.000261130097763	0.0011865385144	1.83249191413e-05	9.62058254918e-05	0.0185723055497	4.58122978532e-05	8.70433659211e-05	0.00276248156055	0.00014659935313	0.00248302654365	2.74873787119e-05	0.00227687120331	9.62058254918e-05	0.00726583043952	0.00115905113569	0.000114530744633	0.00297779936046	0.00303277411788	0.00371995858568	0.0124701074757	0.0128366058585	0	0.000109949514848	0.000632209710375	0.00311065502423	5.49747574239e-05	0.000503935276386	0.000380242072182	0	9.16245957065e-06	0	0	0.00035275469347	4.58122978532e-06	0.000279455016905	0	4.58122978532e-06	4.58122978532e-06	0	4.58122978532e-05	4.58122978532e-06	1.3743689356e-05	0.000393985761538	4.58122978532e-06	0	9.16245957065e-06	0	2.29061489266e-05	0.000595559872092	0.000293198706261	3.66498382826e-05	0.000109949514848	0.000169505502057	0.000128274433989	3.20686084973e-05	8.24621361358e-05	0	0	0	0.000224480259481	0.0008429462805	0.000160343042486	0.00144766861216	0.000288617476475	6.87184467799e-05	0	0	0.000270292557334	7.78809063505e-05	3.66498382826e-05	1.83249191413e-05	0	0	0
0.000233642719052	0.0243767236877	0.00314730486252	0	9.16245957065e-06	0.000233642719052	0.000114530744633	9.16245957065e-05	6.41372169945e-05	0.00251051392236	1.83249191413e-05	4.12310680679e-05	5.95559872092e-05	0.000274873787119	0.00020615534034	0.000407729450894	0.00175461100778	0.00152096828873	9.16245957065e-06	0.000109949514848	0	0.000160343042486	0.00642288415902	0.00164466149293	0.00204780971404	0.00188288544177	0.00336720389221	0.016474102308	0.000306942395617	0.000160343042486	0.000210736570125	0	4.12310680679e-05	1.3743689356e-05	0.000467285438103	0	0.0111461320677	0.00196076634812	0	9.16245957065e-06	0	4.58122978532e-06	4.58122978532e-06	0	0.000114530744633	0	0	4.58122978532e-06	4.58122978532e-06	4.58122978532e-06	4.58122978532e-06	0.000100787055277	0.00113156375697	0	1.83249191413e-05	4.58122978532e-06	3.20686084973e-05	0.00013743689356	0.00188288544177	6.41372169945e-05	3.20686084973e-05	0.000879596118782	0.00772853464784	8.70433659211e-05	4.58122978532e-06	9.16245957065e-06	0	0	0	0.000238223948837	0.00186914175241	0.00042147314025	0.000586397412521	0.000329848544543	0.0004993540466	1.83249191413e-05	4.58122978532e-06	0.000645953399731	0.000632209710375	5.95559872092e-05	1.3743689356e-05	0	0	1.3743689356e-05
0.00471866667888	0.00314730486252	0.0440485243859	0	1.83249191413e-05	4.58122978532e-06	0	0.00150264336959	0.000682603238013	4.12310680679e-05	1.3743689356e-05	0.000361917153041	4.58122978532e-06	4.12310680679e-05	0.00430177476842	0	0.000522260195527	0.007554447916	6.87184467799e-05	0.000426054370035	4.58122978532e-06	0.00305109903703	0.000586397412521	0.019740519145	8.24621361358e-05	5.03935276386e-05	0.0087409864304	0.0212935560422	0.00109491391869	0.00164008026315	0.00425596247057	4.58122978532e-06	1.3743689356e-05	1.83249191413e-05	0.00180500453542	4.58122978532e-06	0.00499812169579	0.0061800789804	0	0	0	4.58122978532e-06	9.16245957065e-06	0	7.32996765652e-05	0	4.58122978532e-06	4.58122978532e-06	9.16245957065e-06	0	4.58122978532e-06	6.41372169945e-05	0.00377493334311	0	0.000109949514848	0	4.12310680679e-05	8.24621361358e-05	0.00563033140616	4.12310680679e-05	5.49747574239e-05	0.00132397540796	0.00366040259847	6.87184467799e-05	9.16245957065e-06	8.24621361358e-05	0	0	0	0.00165840518229	0.00237765825858	0.0011865385144	0.00164008026315	0.000311523625402	1.83249191413e-05	2.74873787119e-05	0	0.000357335923255	0.000439798059391	0.000114530744633	1.83249191413e-05	0	0	0
0	0	0	0	0	0	0	0	0	0	0	0	0	0	0	0	0	0	0	0	0	0	0	0	0	0	0	0	0	0	0	0	0	0	0	0	0	0	0	0	0	0	0	0	0	0	0	0	0	0	0	0	0	0	0	0	0	0	0	0	0	0	0	0	0	0	0	0	0	0	0	0	0	0	0	0	0	0	0	0	0	0	0	0
9.16245957065e-06	9.16245957065e-06	1.83249191413e-05	0	0.0172758175205	9.16245957065e-06	0.00101245178256	0.000398566991323	0.000879596118782	0.000865852429426	0.00411852557701	0.00013743689356	0.00117279482504	1.83249191413e-05	0.000201574110554	5.49747574239e-05	9.16245957065e-06	9.16245957065e-06	2.74873787119e-05	7.32996765652e-05	0.00388488285795	4.58122978532e-06	1.83249191413e-05	9.16245957065e-06	0.00938693983013	9.16245957065e-06	0.000100787055277	2.29061489266e-05	0.00729331781824	0.000238223948837	1.3743689356e-05	0	4.12310680679e-05	0.000256548867978	0.000929989646421	9.16245957065e-06	4.58122978532e-06	0	0	0.00432926214713	0	6.87184467799e-05	9.16245957065e-06	5.95559872092e-05	0.00208445955232	0.000187830421198	0.000142018123345	0.000416891910464	4.58122978532e-06	7.32996765652e-05	9.16245957065e-06	0	4.58122978532e-06	0.000192411650984	0	0.00366956505804	0	2.74873787119e-05	0	0.00299154304982	4.58122978532e-06	8.70433659211e-05	9.16245957065e-06	0.000233642719052	3.20686084973e-05	4.58122978532e-06	0	0	0	4.58122978532e-05	0.000169505502057	2.29061489266e-05	0.0010307767017	0.000572653723165	0.000105368285062	9.16245957065e-06	0	0.000210736570125	0.000142018123345	0.000458122978532	0	1.3743689356e-05	3.20686084973e-05	0
4.58122978532e-05	0.000233642719052	4.58122978532e-06	0	9.16245957065e-06	0.00758193529471	0.0032160233093	0.00014659935313	0.000806296442217	0.000975801944274	4.12310680679e-05	0	0.000229061489266	5.03935276386e-05	0.000389404531753	0.00374286473461	4.58122978532e-06	4.58122978532e-06	0	0	2.74873787119e-05	4.58122978532e-06	0.000311523625402	4.12310680679e-05	0.000334429774329	0.000119111974418	2.29061489266e-05	0.000224480259481	0.00020615534034	0.000522260195527	0.000132855663774	0	0.0031518860923	0.000339011004114	0.000641372169945	0	0	0	0	4.58122978532e-05	0	0	0	0	0.000169505502057	0	0	4.58122978532e-06	0	0	0	0	0	0	0	0	0	2.74873787119e-05	4.58122978532e-06	0.000155761812701	0	0	0	2.29061489266e-05	0	0	0	0	0	0	0.000375660842397	9.16245957065e-06	0.000251967638193	0.000119111974418	0.00304193657745	0.00117737605483	0	4.58122978532e-06	0	1.3743689356e-05	2.29061489266e-05	1.3743689356e-05	0	0
0.00014659935313	0.000114530744633	0	0	0.00101245178256	0.0032160233093	0.0417808156422	0.00272125049248	0.0142430434026	0.000462704208318	0.0179080272308	0.00148431845044	0.00996875601286	0.000389404531753	0.00970304468532	0.00389862654731	0	2.74873787119e-05	0.000343592233899	0.000311523625402	0.00302361165831	1.3743689356e-05	0.000132855663774	2.74873787119e-05	0.000806296442217	0.00014659935313	0.000902502267709	0.00013743689356	0.00239598317772	0.00303735534767	1.3743689356e-05	0	0.0078980401499	0.000142018123345	0.0040589695898	0	0	0	0	3.20686084973e-05	4.58122978532e-06	0	1.3743689356e-05	9.16245957065e-06	0.000407729450894	4.58122978532e-06	0	9.62058254918e-05	4.58122978532e-06	0	8.70433659211e-05	0	0	0	0	1.83249191413e-05	0	0	0	0.000270292557334	0	2.74873787119e-05	1.3743689356e-05	5.95559872092e-05	0	4.58122978532e-06	0	0	0	0	0.000229061489266	0.000265711327549	0.00163091780358	0.000238223948837	0.00346799094749	0.000494772816815	9.16245957065e-06	9.16245957065e-06	2.29061489266e-05	1.3743689356e-05	1.83249191413e-05	0.000123693204204	0	0
0.0078339029329	9.16245957065e-05	0.00150264336959	0	0.000398566991323	0.00014659935313	0.00272125049248	0.0478692700268	0.0109583016465	0.00224022136502	0.0103031857872	0.000929989646421	0.000109949514848	8.70433659211e-05	0.0155853437297	0.00020615534034	0.000132855663774	0.000302361165831	0.000196992880769	0.000609303561448	0.00020615534034	0.00236849579901	0.000142018123345	0.00351838447513	0.00486526603201	9.16245957065e-05	0.000911664727279	0.000787971523076	0.0248119405173	0.00441172428327	0.00712839354596	0	0.00181874822477	0.00180500453542	0.00379783949203	1.3743689356e-05	8.70433659211e-05	3.20686084973e-05	0	0.0004993540466	0	5.49747574239e-05	0.000357335923255	9.62058254918e-05	0.00275790033076	0.000151180582916	4.58122978532e-06	0	0	4.58122978532e-05	0	1.3743689356e-05	2.74873787119e-05	1.3743689356e-05	2.29061489266e-05	8.24621361358e-05	2.29061489266e-05	5.95559872092e-05	0.000178667961628	0.00321144207951	3.20686084973e-05	0.000109949514848	0.000169505502057	0.0010628453102	2.29061489266e-05	0.000169505502057	0	0	0	0.000142018123345	0.0015301307483	0.000416891910464	0.00359168415169	0.00103993916127	0.000416891910464	0.000128274433989	4.58122978532e-06	0.000856689969856	0.000151180582916	0.000100787055277	2.29061489266e-05	0	0	0
0.00625795988675	6.41372169945e-05	0.000682603238013	0	0.000879596118782	0.000806296442217	0.0142430434026	0.0109583016465	0.0472553852356	0.000540585114668	0.0157411055424	0.00119111974418	0.00331681036457	0.00103993916127	0.0276156531459	0.000581816182736	6.41372169945e-05	0.000142018123345	0.00013743689356	0.000196992880769	0.00207071586297	0.00092082718685	5.49747574239e-05	0.0014659935313	0.00220815275653	0.000174086731842	0.000458122978532	0.000710090616725	0.00722459937146	0.00400857606216	0.00220357152674	0	0.00845236895392	0.000219899029696	0.00301903042853	5.49747574239e-05	0.000109949514848	2.74873787119e-05	0	0.000105368285062	4.58122978532e-06	4.58122978532e-06	0.000192411650984	8.70433659211e-05	0.00109033268891	2.29061489266e-05	0	1.83249191413e-05	4.58122978532e-06	0.000105368285062	1.83249191413e-05	9.16245957065e-06	9.62058254918e-05	0	0	3.20686084973e-05	0	4.58122978532e-06	0.000183249191413	0.00123235081225	9.16245957065e-06	7.32996765652e-05	0.000119111974418	0.000174086731842	2.29061489266e-05	6.87184467799e-05	0	0	0	6.87184467799e-05	0.00187830421198	0.000389404531753	0.00267543819463	0.000792552752861	0.00151180582916	0.00077422783372	7.78809063505e-05	0.000306942395617	9.16245957065e-05	0.000109949514848	0.000164924272272	4.12310680679e-05	3.66498382826e-05	4.58122978532e-06
0.000348173463685	0.00251051392236	4.12310680679e-05	0	0.000865852429426	0.000975801944274	0.000462704208318	0.00224022136502	0.000540585114668	0.0251967638193	0.000398566991323	2.29061489266e-05	0.000659697089087	1.3743689356e-05	0.000650534629516	0.00150722459937	0.000105368285062	0.00035275469347	4.58122978532e-06	5.95559872092e-05	9.62058254918e-05	6.41372169945e-05	0.00410936311744	0.000293198706261	0.0143942239855	0.000815458901788	0.000513097735956	0.00142476246324	0.00361917153041	0.00142018123345	0.00154387443765	0	0.000169505502057	0.000801715212432	0.000494772816815	0.000229061489266	4.58122978532e-05	5.49747574239e-05	0	0.000609303561448	2.29061489266e-05	3.20686084973e-05	0.000210736570125	0.000105368285062	0.0111461320677	3.66498382826e-05	4.58122978532e-06	1.83249191413e-05	0	0.000155761812701	3.66498382826e-05	1.83249191413e-05	0.000229061489266	0	0.000261130097763	0.000210736570125	2.74873787119e-05	0.000306942395617	0.000114530744633	0.00816375147745	4.58122978532e-06	0.000339011004114	0.000407729450894	0.00169505502057	0.000192411650984	9.62058254918e-05	0	1.83249191413e-05	9.16245957065e-06	0.000820040131573	0.00163091780358	8.70433659211e-05	0.000769646603934	0.00014659935313	0.00268001942441	1.3743689356e-05	0	0.00355503431341	0.000984964403845	0.000531422655098	8.24621361358e-05	3.20686084973e-05	2.29061489266e-05	0
0.000261130097763	1.83249191413e-05	1.3743689356e-05	0	0.00411852557701	4.12310680679e-05	0.0179080272308	0.0103031857872	0.0157411055424	0.000398566991323	0.0543333852539	0.00243263301601	0.00557535664874	0.00035275469347	0.0101565864341	0.000229061489266	4.58122978532e-06	5.03935276386e-05	0.000586397412521	0.000916245957065	0.00493856570858	2.74873787119e-05	4.12310680679e-05	2.74873787119e-05	0.00287701230518	0.000196992880769	0.00162633657379	0.00013743689356	0.0138902887091	0.00502102784471	2.74873787119e-05	0	0.00343134110921	0.0008429462805	0.00716962461403	0.000109949514848	0	9.16245957065e-06	0	0.000540585114668	4.58122978532e-06	0.00014659935313	1.3743689356e-05	0.000142018123345	0.000219899029696	0.00104452039105	0.000416891910464	0.000746740455008	4.58122978532e-06	0.00042147314025	1.83249191413e-05	0	9.16245957065e-06	0.0004993540466	5.95559872092e-05	0.00210278447146	0	0	3.20686084973e-05	0.000233642719052	4.58122978532e-06	0.000306942395617	5.03935276386e-05	0.000934570876206	0.000357335923255	0	0	4.58122978532e-06	0	0.000311523625402	0.00114530744633	0.000320686084973	0.00446669904069	0.00136062524624	0.000339011004114	0.000545166344454	2.29061489266e-05	9.16245957065e-05	0.000361917153041	0.00112698252719	3.66498382826e-05	2.74873787119e-05	3.66498382826e-05	2.29061489266e-05
0.0011865385144	4.12310680679e-05	0.000361917153041	0	0.00013743689356	0	0.00148431845044	0.000929989646421	0.00119111974418	2.29061489266e-05	0.00243263301601	0.0374057411972	0.00131939417817	0.0114118433952	0.00572653723165	1.83249191413e-05	6.41372169945e-05	0.000829202591144	0.00522718318505	0.00687642590777	0.000902502267709	0.000334429774329	1.83249191413e-05	0.000847527510285	0.000426054370035	0.00548831328282	0.0130061113605	0.00129648802925	0.000801715212432	0.00785222785204	0.000572653723165	0.000100787055277	0.000192411650984	6.87184467799e-05	0.0178301463245	4.58122978532e-06	5.95559872092e-05	4.12310680679e-05	0	8.24621361358e-05	0	1.83249191413e-05	1.83249191413e-05	1.3743689356e-05	0.00013743689356	4.12310680679e-05	0.000971220714489	3.20686084973e-05	0.0026525320457	2.74873787119e-05	0	1.3743689356e-05	2.74873787119e-05	0.000151180582916	8.24621361358e-05	4.58122978532e-05	4.58122978532e-06	1.3743689356e-05	5.03935276386e-05	0.000366498382826	0.00132855663774	0.00174544854821	0.00142934369302	7.78809063505e-05	1.83249191413e-05	4.58122978532e-06	5.03935276386e-05	0	0	0.00013743689356	0.00170879870993	0.00146141230152	0.0060884543847	0.00151180582916	5.49747574239e-05	1.3743689356e-05	8.24621361358e-05	7.32996765652e-05	0.00174086731842	5.03935276386e-05	1.83249191413e-05	0	0	0.000471866667888
1.83249191413e-05	5.95559872092e-05	4.58122978532e-06	0	0.00117279482504	0.000229061489266	0.00996875601286	0.000109949514848	0.00331681036457	0.000659697089087	0.00557535664874	0.00131939417817	0.0285548052519	0.000467285438103	0.00363291521976	0.00201115987576	0	2.74873787119e-05	0.000274873787119	0.000187830421198	0.00928157154507	9.16245957065e-06	7.32996765652e-05	1.3743689356e-05	0.000623047250804	0.000105368285062	0.000737577995437	9.16245957065e-05	0.000856689969856	0.00288159353497	2.29061489266e-05	0	0.00103535793148	3.66498382826e-05	0.00446211781091	5.03935276386e-05	4.58122978532e-06	0	0	6.41372169945e-05	4.58122978532e-06	0.000361917153041	9.16245957065e-06	0.000210736570125	0.000467285438103	0.000916245957065	0.00124609450161	0.00504393399364	1.3743689356e-05	0.000746740455008	0.000105368285062	4.58122978532e-06	4.58122978532e-06	0.00171337993971	0.000114530744633	0.00435216829606	4.58122978532e-06	0	1.3743689356e-05	0.000128274433989	9.16245957065e-06	0.00121402589311	3.20686084973e-05	2.29061489266e-05	0.00106742653998	0	0	0	0	0.0013102317186	0.000549747574239	0.000343592233899	0.00295031198175	0.000403148221108	0.00229977735223	0.000265711327549	3.66498382826e-05	0.000600141101877	0.000256548867978	0.00223564013524	4.12310680679e-05	0.000174086731842	9.16245957065e-06	0
9.62058254918e-05	0.000274873787119	4.12310680679e-05	0	1.83249191413e-05	5.03935276386e-05	0.000389404531753	8.70433659211e-05	0.00103993916127	1.3743689356e-05	0.00035275469347	0.0114118433952	0.000467285438103	0.0206292777233	0.00303735534767	5.49747574239e-05	4.58122978532e-06	0.000155761812701	0.000645953399731	0.000233642719052	0.000164924272272	0.000119111974418	4.58122978532e-05	0.000123693204204	5.03935276386e-05	0.00786139031162	0.00356419677298	0.0022173152161	0.000187830421198	0.00341759741985	0.000123693204204	4.58122978532e-06	0.000251967638193	0	0.00530048286162	4.58122978532e-06	5.49747574239e-05	4.58122978532e-06	0	4.58122978532e-06	0	1.83249191413e-05	0	7.78809063505e-05	9.16245957065e-06	1.3743689356e-05	0.00106742653998	3.66498382826e-05	0.00321144207951	9.16245957065e-05	4.58122978532e-06	1.3743689356e-05	4.58122978532e-06	9.62058254918e-05	7.78809063505e-05	2.74873787119e-05	0	9.16245957065e-06	0	3.20686084973e-05	0.00193786019919	0.001685892561	0.00164924272272	4.58122978532e-06	3.20686084973e-05	0	5.03935276386e-05	9.16245957065e-06	0	0.000128274433989	0.000247386408407	0.0012186071229	0.00334429774329	0.00139269385474	7.78809063505e-05	0.000343592233899	0.000384823301967	5.03935276386e-05	0.00163091780358	0.000160343042486	0.000192411650984	5.03935276386e-05	6.87184467799e-05	0.000444379289176
0.0185723055497	0.00020615534034	0.00430177476842	0	0.000201574110554	0.000389404531753	0.00970304468532	0.0155853437297	0.0276156531459	0.000650534629516	0.0101565864341	0.00572653723165	0.00363291521976	0.00303735534767	0.0613014357574	0.000737577995437	6.41372169945e-05	0.00211652816082	0.000737577995437	0.00147515599087	0.00217150291824	0.00200199741619	7.32996765652e-05	0.00650076506537	0.00166756764186	0.000517678965742	0.00344966602835	0.00268001942441	0.00773769710741	0.0230435858202	0.0097396945236	9.16245957065e-06	0.00643662784838	0.00103535793148	0.0102848608681	3.20686084973e-05	0.000558910033809	0.000329848544543	0	9.62058254918e-05	9.16245957065e-06	1.83249191413e-05	0.000109949514848	0.00014659935313	0.00130106925903	4.12310680679e-05	4.58122978532e-05	8.24621361358e-05	6.87184467799e-05	0.000142018123345	6.87184467799e-05	1.3743689356e-05	0.000467285438103	4.58122978532e-06	4.58122978532e-06	4.12310680679e-05	0	1.83249191413e-05	0.000678022008228	0.00129648802925	8.24621361358e-05	0.000210736570125	0.000210736570125	0.00013743689356	2.74873787119e-05	5.95559872092e-05	9.16245957065e-06	0	0	0.000274873787119	0.00328474175608	0.000682603238013	0.00520885826591	0.00104452039105	0.00207071586297	0.000531422655098	0.000123693204204	0.000219899029696	0.000160343042486	0.000178667961628	0.000233642719052	6.41372169945e-05	4.12310680679e-05	3.20686084973e-05
4.58122978532e-05	0.000407729450894	0	0	5.49747574239e-05	0.00374286473461	0.00389862654731	0.00020615534034	0.000581816182736	0.00150722459937	0.000229061489266	1.83249191413e-05	0.00201115987576	5.49747574239e-05	0.000737577995437	0.00864936183469	0	2.29061489266e-05	4.58122978532e-06	0	0.000114530744633	4.58122978532e-06	0.000522260195527	3.66498382826e-05	0.000471866667888	0.000201574110554	5.49747574239e-05	0.000403148221108	0.000274873787119	0.000737577995437	0.00013743689356	0	0.000939152105991	0.000343592233899	0.000210736570125	0	0	0	0	4.58122978532e-05	0	0	0	0	0.000471866667888	0	0	0.000123693204204	0	0	0.000105368285062	0	0	0	0	0	0	2.74873787119e-05	4.58122978532e-06	0.000196992880769	0	0	0	2.29061489266e-05	0	0	0	0	0	0	0.000293198706261	9.16245957065e-06	0.000201574110554	1.3743689356e-05	0.00567614370402	9.16245957065e-05	0	1.83249191413e-05	0	0	0	0.000164924272272	0	0
8.70433659211e-05	0.00175461100778	0.000522260195527	0	9.16245957065e-06	4.58122978532e-06	0	0.000132855663774	6.41372169945e-05	0.000105368285062	4.58122978532e-06	6.41372169945e-05	0	4.58122978532e-06	6.41372169945e-05	0	0.0201574110554	0.00035275469347	2.29061489266e-05	5.03935276386e-05	0	0.00462246085339	0.0117645980887	0.00969388222574	0.00361459030062	1.83249191413e-05	0.000316104855187	0.00221273398631	0.00109491391869	0.000119111974418	0.000123693204204	0	4.58122978532e-06	1.83249191413e-05	0.000435216829606	0	6.41372169945e-05	4.58122978532e-06	0	0	0	0	1.3743689356e-05	0	0.000174086731842	4.58122978532e-06	0	0	0	0	0	0.00339011004114	1.83249191413e-05	0	0	0	0.00213485307996	0.004993540466	0.00101703301234	0.00104452039105	4.58122978532e-06	9.16245957065e-06	8.70433659211e-05	0.00209820324168	0	0.0010307767017	0	0	0	5.03935276386e-05	0.00360542784105	0.000531422655098	0.000751321684793	0.000549747574239	6.87184467799e-05	1.83249191413e-05	9.16245957065e-06	0.000288617476475	5.95559872092e-05	1.3743689356e-05	4.58122978532e-06	4.58122978532e-06	0	0
0.00276248156055	0.00152096828873	0.007554447916	0	9.16245957065e-06	4.58122978532e-06	2.74873787119e-05	0.000302361165831	0.000142018123345	0.00035275469347	5.03935276386e-05	0.000829202591144	2.74873787119e-05	0.000155761812701	0.00211652816082	2.29061489266e-05	0.00035275469347	0.0288113541199	8.70433659211e-05	0.00557993787852	4.58122978532e-06	0.00167214887164	0.000769646603934	0.0098633877278	0.000196992880769	0.000105368285062	0.00972136960446	0.0083332569795	0.00028403624669	0.00246012039472	0.00424221878121	4.58122978532e-06	0	6.41372169945e-05	0.0060243171677	9.16245957065e-06	0.00148431845044	0.00178209838649	0	0	0	0	1.3743689356e-05	4.58122978532e-06	0.000105368285062	4.58122978532e-06	0	0	0	9.16245957065e-06	0	2.74873787119e-05	0.000943733335777	0	0.00013743689356	0	0.000132855663774	8.24621361358e-05	0.00133313786753	3.66498382826e-05	0.000114530744633	0.000934570876206	0.000719253076296	8.24621361358e-05	9.16245957065e-06	0.000114530744633	0	0	4.58122978532e-06	0.000339011004114	0.0029640556711	0.000998708093201	0.00610677930384	0.00257923236914	6.41372169945e-05	2.74873787119e-05	0	0.000238223948837	0.000123693204204	0.000160343042486	0.000119111974418	0	0	0
0.00014659935313	9.16245957065e-06	6.87184467799e-05	0	2.74873787119e-05	0	0.000343592233899	0.000196992880769	0.00013743689356	4.58122978532e-06	0.000586397412521	0.00522718318505	0.000274873787119	0.000645953399731	0.000737577995437	4.58122978532e-06	2.29061489266e-05	8.70433659211e-05	0.00820040131573	0.0030602614966	0.000151180582916	6.87184467799e-05	1.3743689356e-05	0.000178667961628	6.41372169945e-05	0.000361917153041	0.00620298512933	0.000902502267709	0.000178667961628	0.000769646603934	5.03935276386e-05	4.58122978532e-06	0	1.3743689356e-05	0.00264336958613	0	9.16245957065e-06	4.58122978532e-06	0	4.58122978532e-06	0	0	4.58122978532e-06	1.3743689356e-05	9.16245957065e-06	0	2.29061489266e-05	0	2.29061489266e-05	1.3743689356e-05	0	9.16245957065e-06	4.58122978532e-06	0	4.58122978532e-06	0	0	9.16245957065e-06	4.58122978532e-06	9.16245957065e-06	5.03935276386e-05	4.12310680679e-05	4.58122978532e-06	9.16245957065e-06	0	0	0	0	0	4.58122978532e-06	0.00123235081225	0.000792552752861	0.00100787055277	0.000806296442217	1.3743689356e-05	9.16245957065e-06	2.29061489266e-05	0.000169505502057	1.83249191413e-05	1.3743689356e-05	1.83249191413e-05	0	0	9.16245957065e-06
0.00248302654365	0.000109949514848	0.000426054370035	0	7.32996765652e-05	0	0.000311523625402	0.000609303561448	0.000196992880769	5.95559872092e-05	0.000916245957065	0.00687642590777	0.000187830421198	0.000233642719052	0.00147515599087	0	5.03935276386e-05	0.00557993787852	0.0030602614966	0.0215134550719	0.000247386408407	0.000691765697584	3.66498382826e-05	0.00132855663774	0.000343592233899	0.00042147314025	0.0142384621728	0.00363749644955	0.000572653723165	0.00247844531386	0.00232726473094	0	0	0.000100787055277	0.0106147094126	4.58122978532e-06	0.00020615534034	0.000485610357244	0	5.03935276386e-05	0	1.83249191413e-05	1.83249191413e-05	1.3743689356e-05	0.000142018123345	3.20686084973e-05	1.83249191413e-05	9.16245957065e-06	9.16245957065e-06	4.58122978532e-06	0	1.83249191413e-05	0.000105368285062	4.58122978532e-06	3.20686084973e-05	0	9.16245957065e-06	2.74873787119e-05	0.000100787055277	0.000302361165831	0.000196992880769	0.000339011004114	0.000229061489266	7.78809063505e-05	4.58122978532e-06	6.41372169945e-05	0	0	0	4.12310680679e-05	0.00214859676932	0.00180500453542	0.00472324790867	0.00101245178256	1.83249191413e-05	0	0	0.000242805178622	5.03935276386e-05	2.74873787119e-05	1.3743689356e-05	0	0	4.58122978532e-06
2.74873787119e-05	0	4.58122978532e-06	0	0.00388488285795	2.74873787119e-05	0.00302361165831	0.00020615534034	0.00207071586297	9.62058254918e-05	0.00493856570858	0.000902502267709	0.00928157154507	0.000164924272272	0.00217150291824	0.000114530744633	0	4.58122978532e-06	0.000151180582916	0.000247386408407	0.0176010848352	0	0	0	0.0014980621398	1.3743689356e-05	0.000618466021019	2.29061489266e-05	0.00211194693103	0.00157594304615	1.3743689356e-05	0	0.000366498382826	5.03935276386e-05	0.00354129062406	1.3743689356e-05	0	0	0	0.000806296442217	0	9.16245957065e-05	1.3743689356e-05	1.3743689356e-05	0.00014659935313	0.000265711327549	0.000398566991323	0.00113614498676	0	8.24621361358e-05	0	0	0	0.000517678965742	9.16245957065e-06	0.00229977735223	0	0	1.3743689356e-05	0.000270292557334	0	0.00042147314025	9.16245957065e-06	7.32996765652e-05	0.000366498382826	0	0	0	0	0.000366498382826	0.000476447897674	0.000142018123345	0.00241888932665	0.000357335923255	0.000288617476475	0.000251967638193	2.29061489266e-05	0.00014659935313	0.000119111974418	0.000755902914578	2.29061489266e-05	1.83249191413e-05	3.20686084973e-05	0
0.00227687120331	0.000160343042486	0.00305109903703	0	4.58122978532e-06	4.58122978532e-06	1.3743689356e-05	0.00236849579901	0.00092082718685	6.41372169945e-05	2.74873787119e-05	0.000334429774329	9.16245957065e-06	0.000119111974418	0.00200199741619	4.58122978532e-06	0.00462246085339	0.00167214887164	6.87184467799e-05	0.000691765697584	0	0.0422206137015	0.0024647016245	0.0243950486068	0.000627628480589	3.20686084973e-05	0.00105826408041	0.00209820324168	0.00746282332029	0.00109491391869	0.0121265152418	0	0	8.24621361358e-05	0.00701844403112	6.41372169945e-05	9.62058254918e-05	0.000151180582916	0	4.58122978532e-06	0	0	6.41372169945e-05	1.83249191413e-05	6.41372169945e-05	1.83249191413e-05	0	0	0	4.58122978532e-05	0	0.00163091780358	9.16245957065e-05	0	1.83249191413e-05	0	0.00112698252719	0.00308316764552	0.00138353139517	0.00107658899955	9.16245957065e-06	3.66498382826e-05	0.000151180582916	0.00138353139517	4.12310680679e-05	0.00235017087987	0	0	0	0.000375660842397	0.00647327768666	0.00175002977799	0.00600141101877	0.00324351068801	0.000306942395617	0.000119111974418	4.58122978532e-06	0.000265711327549	3.20686084973e-05	0.000187830421198	4.58122978532e-05	4.58122978532e-06	0	0
9.62058254918e-05	0.00642288415902	0.000586397412521	0	1.83249191413e-05	0.000311523625402	0.000132855663774	0.000142018123345	5.49747574239e-05	0.00410936311744	4.12310680679e-05	1.83249191413e-05	7.32996765652e-05	4.58122978532e-05	7.32996765652e-05	0.000522260195527	0.0117645980887	0.000769646603934	1.3743689356e-05	3.66498382826e-05	0	0.0024647016245	0.0387068104562	0.0148248595853	0.00734371134587	0.00110407637826	0.000911664727279	0.00928615277485	0.00467743561082	8.70433659211e-05	0.000348173463685	0	3.66498382826e-05	1.3743689356e-05	0.00056807249338	0.000109949514848	0.000875014888997	7.32996765652e-05	0	4.58122978532e-06	4.58122978532e-06	0.000100787055277	0.000448960518962	0.000224480259481	0.00448502395983	0.000334429774329	4.58122978532e-06	0	1.3743689356e-05	0.000174086731842	4.58122978532e-06	0.00916245957065	0.00014659935313	0	8.70433659211e-05	0	0.00308774887531	0.0194106706004	0.00538294499776	0.00283578123712	1.83249191413e-05	8.24621361358e-05	0.00157136181637	0.00648244014623	0.000100787055277	0.00164008026315	0	0	0	0.000306942395617	0.0015621993568	0.000760484144364	0.00108117022934	0.000462704208318	0.000824621361358	4.12310680679e-05	4.58122978532e-06	0.000778809063505	0.000366498382826	0.000142018123345	1.3743689356e-05	9.16245957065e-06	0	0
0.00726583043952	0.00164466149293	0.019740519145	0	9.16245957065e-06	4.12310680679e-05	2.74873787119e-05	0.00351838447513	0.0014659935313	0.000293198706261	2.74873787119e-05	0.000847527510285	1.3743689356e-05	0.000123693204204	0.00650076506537	3.66498382826e-05	0.00969388222574	0.0098633877278	0.000178667961628	0.00132855663774	0	0.0243950486068	0.0148248595853	0.0917345452213	0.000673440778443	0.000105368285062	0.00335346020286	0.0209820324168	0.0043704932152	0.00262046343721	0.00954270164283	4.58122978532e-06	1.3743689356e-05	7.32996765652e-05	0.0052455081042	4.58122978532e-05	0.00175002977799	0.00237765825858	0	4.58122978532e-06	4.58122978532e-06	0	0.000142018123345	9.16245957065e-05	0.000270292557334	9.16245957065e-05	0	0	0	0.000100787055277	0	0.00870433659211	0.00109949514848	0	4.58122978532e-05	0	0.00422389386207	0.0157869178402	0.0143117618494	0.00129190679946	6.87184467799e-05	0.00021531779991	0.0034634097177	0.00135604401646	5.49747574239e-05	0.00213027185018	0	4.58122978532e-06	0	0.00155303689722	0.0140277256027	0.0030602614966	0.0088326110261	0.00541043237647	0.000416891910464	0.000100787055277	4.58122978532e-06	0.00104910162084	0.000270292557334	0.00056807249338	0.000201574110554	1.3743689356e-05	1.3743689356e-05	0
0.00115905113569	0.00204780971404	8.24621361358e-05	0	0.00938693983013	0.000334429774329	0.000806296442217	0.00486526603201	0.00220815275653	0.0143942239855	0.00287701230518	0.000426054370035	0.000623047250804	5.03935276386e-05	0.00166756764186	0.000471866667888	0.00361459030062	0.000196992880769	6.41372169945e-05	0.000343592233899	0.0014980621398	0.000627628480589	0.00734371134587	0.000673440778443	0.0554741114705	0.000132855663774	0.00043063559982	0.000737577995437	0.0234467340413	0.00345424725813	0.00243263301601	0	0.000132855663774	0.00131481294839	0.00382990810053	0.000109949514848	6.41372169945e-05	7.32996765652e-05	0	0.00251509515214	4.58122978532e-05	9.16245957065e-05	0.000302361165831	0.000169505502057	0.0134459094199	0.000174086731842	4.58122978532e-06	2.74873787119e-05	0	0.000174086731842	0.000100787055277	0.000142018123345	0.000238223948837	1.83249191413e-05	0.000279455016905	0.00214859676932	8.70433659211e-05	0.00207987832254	0.000169505502057	0.0119111974418	1.83249191413e-05	0.000426054370035	0.000435216829606	0.00416891910464	6.41372169945e-05	0.000105368285062	0	1.3743689356e-05	0	0.000545166344454	0.00377493334311	0.000393985761538	0.00471866667888	0.00167673010143	0.000998708093201	7.78809063505e-05	1.83249191413e-05	0.00360542784105	0.000994126863415	0.000242805178622	5.03935276386e-05	9.62058254918e-05	2.29061489266e-05	0
0.000114530744633	0.00188288544177	5.03935276386e-05	0	9.16245957065e-06	0.000119111974418	0.00014659935313	9.16245957065e-05	0.000174086731842	0.000815458901788	0.000196992880769	0.00548831328282	0.000105368285062	0.00786139031162	0.000517678965742	0.000201574110554	1.83249191413e-05	0.000105368285062	0.000361917153041	0.00042147314025	1.3743689356e-05	3.20686084973e-05	0.00110407637826	0.000105368285062	0.000132855663774	0.0189525476219	0.00665194564829	0.00707800001832	8.24621361358e-05	0.000907083497494	6.87184467799e-05	7.32996765652e-05	7.78809063505e-05	4.58122978532e-06	0.00188288544177	9.16245957065e-06	0.00208904078211	9.16245957065e-05	0	1.3743689356e-05	0	0	0	0	1.83249191413e-05	1.3743689356e-05	0.00137895016538	2.29061489266e-05	0.00376118965375	3.66498382826e-05	0	0	5.49747574239e-05	0.000119111974418	0.000416891910464	3.20686084973e-05	1.3743689356e-05	4.58122978532e-06	3.66498382826e-05	4.58122978532e-05	0.00489275341073	0.00481029127459	0.00389404531753	4.58122978532e-06	3.20686084973e-05	9.16245957065e-06	4.58122978532e-05	0	0	0.000210736570125	0.00043063559982	0.00056807249338	0.000870433659211	0.000128274433989	0.000251967638193	9.16245957065e-06	1.3743689356e-05	2.74873787119e-05	0.00203406602468	5.03935276386e-05	0	0	0	0.000948314565562
0.00297779936046	0.00336720389221	0.0087409864304	0	0.000100787055277	2.29061489266e-05	0.000902502267709	0.000911664727279	0.000458122978532	0.000513097735956	0.00162633657379	0.0130061113605	0.000737577995437	0.00356419677298	0.00344966602835	5.49747574239e-05	0.000316104855187	0.00972136960446	0.00620298512933	0.0142384621728	0.000618466021019	0.00105826408041	0.000911664727279	0.00335346020286	0.00043063559982	0.00665194564829	0.0766210681595	0.0267543819463	0.000829202591144	0.0038711391686	0.00322060453908	0.000196992880769	1.3743689356e-05	0.000119111974418	0.0113843560165	2.29061489266e-05	0.00912580973236	0.00419182525357	0	5.03935276386e-05	0	2.74873787119e-05	2.74873787119e-05	2.29061489266e-05	0.000160343042486	4.12310680679e-05	0.000339011004114	9.16245957065e-06	0.000238223948837	5.03935276386e-05	0	4.12310680679e-05	0.00361000907083	0.000279455016905	0.00348173463685	0	5.95559872092e-05	7.32996765652e-05	0.00077422783372	0.000297779936046	0.00365582136869	0.0158189864487	0.00495689062772	0.000109949514848	3.66498382826e-05	9.62058254918e-05	0	0	0	0.000595559872092	0.0047461540576	0.00385281424946	0.00574028092101	0.00217608414803	0.000105368285062	1.3743689356e-05	2.74873787119e-05	0.000558910033809	0.000728415535866	0.000187830421198	3.66498382826e-05	0	0	3.66498382826e-05
0.00303277411788	0.016474102308	0.0212935560422	0	2.29061489266e-05	0.000224480259481	0.00013743689356	0.000787971523076	0.000710090616725	0.00142476246324	0.00013743689356	0.00129648802925	9.16245957065e-05	0.0022173152161	0.00268001942441	0.000403148221108	0.00221273398631	0.0083332569795	0.000902502267709	0.00363749644955	2.29061489266e-05	0.00209820324168	0.00928615277485	0.0209820324168	0.000737577995437	0.00707800001832	0.0267543819463	0.0910519419833	0.0011544699059	0.00158052427594	0.00231352104159	9.62058254918e-05	3.66498382826e-05	2.29061489266e-05	0.00284494369669	4.12310680679e-05	0.0161579974528	0.00357794046234	0	9.16245957065e-06	0	1.3743689356e-05	4.58122978532e-05	2.29061489266e-05	0.000183249191413	2.74873787119e-05	5.49747574239e-05	4.58122978532e-06	5.95559872092e-05	4.58122978532e-05	4.58122978532e-06	0.00268918188398	0.00193327896941	2.74873787119e-05	0.000682603238013	9.16245957065e-06	0.000219899029696	0.00545166344454	0.0048377786533	0.00014659935313	0.00292282460304	0.00535087638926	0.0127907935606	0.000192411650984	3.20686084973e-05	8.24621361358e-05	0	0	0	0.000609303561448	0.00513555858935	0.00185081683327	0.00278996893926	0.00104910162084	0.000590978642307	2.74873787119e-05	4.58122978532e-06	0.00106742653998	0.000952895795347	0.00021531779991	2.29061489266e-05	0	0	1.83249191413e-05
0.00371995858568	0.000306942395617	0.00109491391869	0	0.00729331781824	0.00020615534034	0.00239598317772	0.0248119405173	0.00722459937146	0.00361917153041	0.0138902887091	0.000801715212432	0.000856689969856	0.000187830421198	0.00773769710741	0.000274873787119	0.00109491391869	0.00028403624669	0.000178667961628	0.000572653723165	0.00211194693103	0.00746282332029	0.00467743561082	0.0043704932152	0.0234467340413	8.24621361358e-05	0.000829202591144	0.0011544699059	0.0772578590997	0.00633125956332	0.00900669775795	0	0.00085210874007	0.00272583172227	0.00866310552405	0.000224480259481	0.00021531779991	9.16245957065e-05	0	0.00195618511833	1.3743689356e-05	0.000293198706261	0.00111323883783	0.000540585114668	0.00911664727279	0.00078339029329	4.58122978532e-06	2.29061489266e-05	0	0.00028403624669	1.3743689356e-05	0.000769646603934	0.000114530744633	1.3743689356e-05	0.000151180582916	0.00118195728461	0.000632209710375	0.00358710292191	0.000485610357244	0.00921743432807	3.20686084973e-05	0.000233642719052	0.000311523625402	0.00685351975884	0.000265711327549	0.0012186071229	0	4.58122978532e-06	0	0.00035275469347	0.00450793010876	0.000806296442217	0.00970304468532	0.003371785122	0.000609303561448	0.000448960518962	1.83249191413e-05	0.00135604401646	0.000723834306081	0.000247386408407	2.29061489266e-05	2.29061489266e-05	9.16245957065e-06	0
0.0124701074757	0.000160343042486	0.00164008026315	0	0.000238223948837	0.000522260195527	0.00303735534767	0.00441172428327	0.00400857606216	0.00142018123345	0.00502102784471	0.00785222785204	0.00288159353497	0.00341759741985	0.0230435858202	0.000737577995437	0.000119111974418	0.00246012039472	0.000769646603934	0.00247844531386	0.00157594304615	0.00109491391869	8.70433659211e-05	0.00262046343721	0.00345424725813	0.000907083497494	0.0038711391686	0.00158052427594	0.00633125956332	0.0501323975408	0.0105276660467	9.16245957065e-06	0.0008429462805	0.00697721296305	0.0190670783665	0.000142018123345	0.000348173463685	0.000210736570125	0	2.29061489266e-05	4.58122978532e-06	4.58122978532e-05	0.00035275469347	2.29061489266e-05	0.00172254239928	5.49747574239e-05	0.000174086731842	3.66498382826e-05	0.000325267314758	0.000119111974418	3.20686084973e-05	2.74873787119e-05	0.000233642719052	1.3743689356e-05	1.83249191413e-05	4.58122978532e-06	4.58122978532e-06	1.3743689356e-05	0.000297779936046	0.00130106925903	0.000302361165831	0.000247386408407	0.000224480259481	0.00014659935313	0.000105368285062	4.58122978532e-05	9.16245957065e-06	0	0	0.000380242072182	0.00332139159436	0.00085210874007	0.0090204414473	0.0011224012974	0.00145683107173	5.95559872092e-05	6.87184467799e-05	0.000380242072182	0.000366498382826	0.000251967638193	2.29061489266e-05	1.83249191413e-05	0	0.00013743689356
0.0128366058585	0.000210736570125	0.00425596247057	0	1.3743689356e-05	0.000132855663774	1.3743689356e-05	0.00712839354596	0.00220357152674	0.00154387443765	2.74873787119e-05	0.000572653723165	2.29061489266e-05	0.000123693204204	0.0097396945236	0.00013743689356	0.000123693204204	0.00424221878121	5.03935276386e-05	0.00232726473094	1.3743689356e-05	0.0121265152418	0.000348173463685	0.00954270164283	0.00243263301601	6.87184467799e-05	0.00322060453908	0.00231352104159	0.00900669775795	0.0105276660467	0.0425321373269	0	3.66498382826e-05	0.00142934369302	0.00744449840115	0.000884177348567	0.000517678965742	0.000316104855187	0	1.3743689356e-05	0	5.95559872092e-05	0.000604722331663	9.16245957065e-05	0.00131481294839	9.62058254918e-05	0	9.16245957065e-06	0	0.000673440778443	2.74873787119e-05	3.20686084973e-05	0.000462704208318	4.58122978532e-06	2.74873787119e-05	4.58122978532e-06	8.70433659211e-05	0.000132855663774	0.000595559872092	0.00104452039105	2.29061489266e-05	0.000114530744633	0.00020615534034	0.000595559872092	0.000366498382826	0.00175919223756	0	0	4.12310680679e-05	0.000595559872092	0.00164924272272	0.000884177348567	0.0041505941855	0.000627628480589	0.000187830421198	2.29061489266e-05	0	0.000403148221108	9.62058254918e-05	0.000302361165831	4.58122978532e-06	2.29061489266e-05	4.58122978532e-06	0
0	0	4.58122978532e-06	0	0	0	0	0	0	0	0	0.000100787055277	0	4.58122978532e-06	9.16245957065e-06	0	0	4.58122978532e-06	4.58122978532e-06	0	0	0	0	4.58122978532e-06	0	7.32996765652e-05	0.000196992880769	9.62058254918e-05	0	9.16245957065e-06	0	0.000201574110554	0	0	9.16245957065e-06	0	0	0	0	0	0	0	0	0	0	0	9.16245957065e-06	0	4.58122978532e-06	0	0	0	0	4.58122978532e-06	4.58122978532e-06	0	0	0	0	0	2.74873787119e-05	6.41372169945e-05	9.16245957065e-06	0	0	0	0	0	0	0	0	0	4.58122978532e-06	0	0	0	0	0	4.58122978532e-06	0	0	0	0	0
0.000109949514848	4.12310680679e-05	1.3743689356e-05	0	4.12310680679e-05	0.0031518860923	0.0078980401499	0.00181874822477	0.00845236895392	0.000169505502057	0.00343134110921	0.000192411650984	0.00103535793148	0.000251967638193	0.00643662784838	0.000939152105991	4.58122978532e-06	0	0	0	0.000366498382826	0	3.66498382826e-05	1.3743689356e-05	0.000132855663774	7.78809063505e-05	1.3743689356e-05	3.66498382826e-05	0.00085210874007	0.0008429462805	3.66498382826e-05	0	0.0130152738201	0.000151180582916	0.00160343042486	0	0	0	0	3.20686084973e-05	4.58122978532e-06	0	4.58122978532e-06	1.83249191413e-05	0.000109949514848	4.58122978532e-06	0	9.16245957065e-06	1.3743689356e-05	9.16245957065e-06	9.16245957065e-06	0	0	0	0	1.3743689356e-05	0	0	0	0.00013743689356	1.3743689356e-05	0	0	4.58122978532e-05	0	0	0	0	0	0	0.00142934369302	2.74873787119e-05	0.000980383174059	0.000329848544543	0.00125067573139	0.00150264336959	9.16245957065e-06	4.58122978532e-06	4.58122978532e-06	2.74873787119e-05	6.87184467799e-05	2.74873787119e-05	9.16245957065e-06	0
