0.0235424546759	0	0.00212878943152	0	0	0	0.000899029234754	0.00881793959269	0.0142959622874	0	7.91891035793e-05	0.000195643667667	3.26072779444e-05	4.65818256349e-06	0.0141422422628	0	0	0.000768600122976	3.72654605079e-05	0.000708043749651	7.45309210159e-05	0.000591589185563	0	0.00206357487563	0.000698727384524	0	0.000610221915817	9.78218338333e-05	0.00347500419236	0.00796549218357	0.0042995025061	0	1.39745476905e-05	0.000130429111778	0.00243157129814	0	0	0	0	0	0	4.65818256349e-06	4.65818256349e-06	0	0	4.65818256349e-06	0	0	0	0	0	0	0	0	4.65818256349e-06	0	4.65818256349e-06	0	1.39745476905e-05	4.65818256349e-06	0	9.31636512698e-06	3.26072779444e-05	4.65818256349e-06	0	0	0	0	0	0	7.91891035793e-05	6.98727384524e-05	0.00142074568186	0.000265516406119	0	1.39745476905e-05	1.8632730254e-05	9.31636512698e-06	0	3.72654605079e-05	4.19236430714e-05	4.65818256349e-06	0	0
0	0.0229881309508	6.05563733254e-05	0	0	0	0	0	0	0.00319551323855	0	8.85054687063e-05	0	0.000558981907619	0	0	0.00116454564087	0	0	0	0	0.000125770929214	0.00778382306359	9.31636512698e-05	0.00273435316477	0.00239430583763	0.00670778289143	0.0196435558702	8.85054687063e-05	0	0	0.000242225493302	0	0	0	0	0.00956324880285	0	0	0	0	0	0	0	0.000172352754849	0	0	0	1.39745476905e-05	0	0	0.000102480016397	1.39745476905e-05	0	3.72654605079e-05	0	0	0.000409920065587	9.31636512698e-06	0.000163036389722	0.000582272820436	0.000526374629674	0.012474612905	4.65818256349e-06	0	0	9.31636512698e-06	0	0	0	0.000363338239952	0.000461160073786	4.65818256349e-06	0	0	0	1.8632730254e-05	9.31636512698e-06	1.39745476905e-05	0	0	0	0	0
0.00212878943152	6.05563733254e-05	0.0487106150664	0	0	0	0.000144403659468	0.000558981907619	0.00210084033613	0	4.65818256349e-06	2.79490953809e-05	0	1.39745476905e-05	0.00176545119156	0	0	0.0077698485159	9.78218338333e-05	0.001760793009	9.31636512698e-06	0.00143937841212	0.000111796381524	0.019187053979	9.31636512698e-05	0	0.00885054687063	0.018376530213	0.000619538280944	0.000335389144571	0.00226387672586	9.31636512698e-06	0.000153720024595	4.65818256349e-06	0.00225456036073	0	0.000130429111778	0.000144403659468	0	0	0	9.31636512698e-06	9.31636512698e-06	9.31636512698e-06	4.65818256349e-06	9.31636512698e-06	0	0	0	4.65818256349e-06	0	0.00230580036893	0	4.65818256349e-06	9.31636512698e-06	0	1.8632730254e-05	0.00334457508059	0.00111796381524	5.58981907619e-05	0	3.26072779444e-05	0.00511468445471	6.05563733254e-05	0	0	0	0	0	4.19236430714e-05	0.0123208928804	0.00274832771246	0.00390355698821	0.00214742216177	6.05563733254e-05	3.26072779444e-05	9.31636512698e-06	0.000195643667667	0.000144403659468	0.000125770929214	0.000116454564087	4.65818256349e-06	0	0
0	0	0	0	0	0	0	0	0	0	0	0	0	0	0	0	0	0	0	0	0	0	0	0	0	0	0	0	0	0	0	0	0	0	0	0	0	0	0	0	0	0	0	0	0	0	0	0	0	0	0	0	0	0	0	0	0	0	0	0	0	0	0	0	0	0	0	0	0	0	0	0	0	0	0	0	0	0	0	0	0	0	0	0
0	0	0	0	0.0190845739626	3.72654605079e-05	0.00121578564907	4.65818256349e-06	0.000503083716857	0.00139745476905	0.00166762935773	0.000121112746651	0.00544541541672	8.38472861428e-05	0.000121112746651	0.00142540386443	0	0	0	0	0.00924183420597	0	2.32909128175e-05	0	0.00707577931394	0	9.31636512698e-05	0	0.00644226648531	0.000209618215357	0	0	7.91891035793e-05	0	0.000642829193762	0	0	0	0	0.00295794592782	1.8632730254e-05	0.000139745476905	0.000167694572286	6.05563733254e-05	0.00336320781084	0.00166297117517	0	0.000614880098381	0	4.65818256349e-06	1.8632730254e-05	0	0	0	0	0.00236169855969	0	0	0	0.0040572770128	0	0	0	0.00281354226835	0	0	0	0	0	0	0.000139745476905	9.31636512698e-06	0.000861763774246	0.000344705509698	0.00116920382344	1.39745476905e-05	1.8632730254e-05	1.39745476905e-05	0	0.00010713819896	0.000177010937413	0.000545007359928	4.65818256349e-06	0
0	0	0	0	3.72654605079e-05	0.00360077512158	0.00155117479364	4.65818256349e-06	0.000759283757849	0.00010713819896	1.8632730254e-05	4.65818256349e-05	3.72654605079e-05	4.65818256349e-06	1.39745476905e-05	0.000996851068587	0	0	4.65818256349e-06	4.65818256349e-06	9.31636512698e-06	0	4.65818256349e-06	0	8.85054687063e-05	0	1.39745476905e-05	0	1.8632730254e-05	0.000209618215357	0	0	0.00113193836293	0	0.000922320147571	0	0	0	0	9.31636512698e-06	0	3.72654605079e-05	0	4.19236430714e-05	0	0	0	0	0	0	0	0	0	0	0	0	0	0	0	1.39745476905e-05	0	0	0	1.39745476905e-05	0	0	0	0	0	0	0.000135087294341	2.32909128175e-05	9.78218338333e-05	9.31636512698e-05	0.0017095530008	0.000209618215357	9.31636512698e-06	1.8632730254e-05	0	3.26072779444e-05	4.19236430714e-05	4.19236430714e-05	1.39745476905e-05	0
0.000899029234754	0	0.000144403659468	0	0.00121578564907	0.00155117479364	0.0450492835715	0.00359145875645	0.0203096759768	0.000349363692262	0.017533399169	0.00162104753209	0.0143332277479	0.000545007359928	0.00536622631314	0.00371722968567	4.65818256349e-06	9.31636512698e-06	0.000144403659468	6.98727384524e-05	0.00608358642792	1.8632730254e-05	1.39745476905e-05	0.000111796381524	0.00214276397921	0	0.00114125472806	0.000163036389722	0.00584136093462	0.00400137882204	0	2.79490953809e-05	0.0049376735173	3.26072779444e-05	0.00844062680505	0	0	0	0	0.000475134621476	1.8632730254e-05	0.000968901973206	0.00078723285323	0.000531032812238	0.000517058264548	0.00100150925115	4.65818256349e-06	0.000572956455309	0	9.31636512698e-06	2.79490953809e-05	9.31636512698e-06	0	0	0	0.000321414596881	0	9.31636512698e-06	9.31636512698e-06	0.000833814678865	0	4.65818256349e-06	3.26072779444e-05	0.00125305110958	0	0	0	4.65818256349e-06	0	2.79490953809e-05	0.00266448042632	0.000656803741452	0.00815647766867	0.00479326985783	0.00285546591142	0.000968901973206	0.000572956455309	0.000167694572286	0	0.000577614637873	0.00152788388083	0.00113193836293	0.000265516406119	0.000116454564087
0.00881793959269	0	0.000558981907619	0	4.65818256349e-06	4.65818256349e-06	0.00359145875645	0.040134900967	0.00790493581024	9.31636512698e-06	0.00285546591142	0.000177010937413	0.000116454564087	0.000722018297341	0.00612085188843	7.91891035793e-05	0	8.38472861428e-05	5.12400081984e-05	0.000163036389722	3.26072779444e-05	0.00648419012838	0	0.00255268404479	0.000968901973206	0	0.000349363692262	5.12400081984e-05	0.0115150272969	0.00431347705379	0.00605563733254	0	0.000284149136373	0.000703385567087	0.00455570254709	0	0	0	0	0.000558981907619	0	0.000149061842032	9.78218338333e-05	0.000149061842032	0.00148130205519	4.65818256349e-05	0	0	0	1.8632730254e-05	0	0	0	0	0	0	2.32909128175e-05	0	3.72654605079e-05	0.00183532393002	0	4.65818256349e-06	5.12400081984e-05	0.00119249473625	0	9.31636512698e-06	0	0	0	0	0.00114125472806	0.00030744004919	0.00420633885483	0.00271106225195	3.72654605079e-05	0.000204960032794	4.19236430714e-05	0.000237567310738	0	0.000270174588682	0.000279490953809	0.000149061842032	1.39745476905e-05	4.65818256349e-06
0.0142959622874	0	0.00210084033613	0	0.000503083716857	0.000759283757849	0.0203096759768	0.00790493581024	0.0555534852522	8.38472861428e-05	0.00719223387803	0.0034703460098	0.00449048799121	0.000433210978405	0.0312703795487	0.000936294695262	4.65818256349e-06	0.000442527343532	0.000931636512698	0.00195643667667	0.00450912072146	0.000512400081984	9.31636512698e-06	0.00196109485923	0.00236169855969	0	0.00483053531834	0.000442527343532	0.00581341183924	0.0137043731018	0.00166762935773	2.32909128175e-05	0.00470476438913	5.12400081984e-05	0.0124839292702	0	0	0	0	0.000246883675865	9.31636512698e-06	0.000656803741452	0.000475134621476	0.000414578248151	0.000265516406119	0.000656803741452	1.39745476905e-05	0.000722018297341	0	9.31636512698e-06	1.39745476905e-05	9.31636512698e-06	0	1.39745476905e-05	1.39745476905e-05	0.000279490953809	4.65818256349e-06	9.31636512698e-06	2.32909128175e-05	0.000442527343532	0	5.12400081984e-05	0.000167694572286	0.000545007359928	0	0	4.65818256349e-06	4.65818256349e-06	0	3.72654605079e-05	0.00299986957089	0.00111330563267	0.0108675399206	0.00496096443012	0.00111330563267	0.000926978330135	0.000391287335333	0.000167694572286	0	0.000614880098381	0.0018632730254	0.00149993478544	0.000344705509698	0.000125770929214
0	0.00319551323855	0	0	0.00139745476905	0.00010713819896	0.000349363692262	9.31636512698e-06	8.38472861428e-05	0.0263699714919	9.31636512698e-06	4.65818256349e-05	0.00232909128175	0.000298123684063	1.39745476905e-05	0.0034703460098	0.000740651027595	0	0	0	0.000358680057389	4.65818256349e-06	0.00583204456949	1.39745476905e-05	0.0170489481824	0.000866421956809	0.000992192886024	0.00343308054929	0.0026411895135	4.65818256349e-06	0	0.000139745476905	3.26072779444e-05	0	9.31636512698e-06	0	0.00018632730254	0	0	0.000116454564087	1.39745476905e-05	1.39745476905e-05	6.98727384524e-05	2.79490953809e-05	0.0100803070674	7.45309210159e-05	9.31636512698e-06	0.000512400081984	1.39745476905e-05	4.65818256349e-06	6.52145558889e-05	6.52145558889e-05	1.8632730254e-05	2.32909128175e-05	2.79490953809e-05	0.000116454564087	2.79490953809e-05	0.000871080139373	1.8632730254e-05	0.00974491792282	8.38472861428e-05	9.31636512698e-05	0.000545007359928	0.00310700776985	0	0	4.65818256349e-06	0	0	1.39745476905e-05	0.000847789226555	4.65818256349e-05	0.000288807318936	0.00030744004919	0.00344705509698	0	0	0.00110864745011	0.00010713819896	7.45309210159e-05	1.8632730254e-05	0.000521716447111	0	0
7.91891035793e-05	0	4.65818256349e-06	0	0.00166762935773	1.8632730254e-05	0.017533399169	0.00285546591142	0.00719223387803	9.31636512698e-06	0.0336460526561	0.00122044383163	0.0108768562858	0.000437869160968	0.00359145875645	0.000940952877825	0	4.65818256349e-06	0.000172352754849	0.000102480016397	0.00945145242132	0	4.65818256349e-06	1.8632730254e-05	0.00149993478544	0	0.000684752836833	1.39745476905e-05	0.00559913544132	0.00333991689802	0	4.19236430714e-05	0.000367996422516	0	0.00599973914178	0	0	0	0	0.000344705509698	4.65818256349e-06	0.000116454564087	0.000372654605079	4.19236430714e-05	2.79490953809e-05	0.000875738321936	0	9.31636512698e-05	0	0	4.65818256349e-06	0	0	0	0	0.000456501891222	0	0	0	0.00117852018856	0	0	1.8632730254e-05	0.00112728018036	0	0	0	0	0	0	0.000521716447111	0.00018632730254	0.00664256833554	0.00159309843671	6.05563733254e-05	0.000167694572286	0.000423894613278	4.19236430714e-05	0	0.00049376735173	0.000349363692262	0.000139745476905	1.8632730254e-05	2.79490953809e-05
0.000195643667667	8.85054687063e-05	2.79490953809e-05	0	0.000121112746651	4.65818256349e-05	0.00162104753209	0.000177010937413	0.0034703460098	4.65818256349e-05	0.00122044383163	0.0288015427901	0.00142074568186	0.00505412808139	0.00912537964188	5.58981907619e-05	4.65818256349e-06	0	0.00467681529374	0.00470476438913	0.00131826566547	0	7.45309210159e-05	1.39745476905e-05	0.000531032812238	0.00143937841212	0.010234027092	0.000377312787643	0.000554323725055	0.0132338966629	2.32909128175e-05	0.00120646928394	0.00124839292702	0	0.0166064208388	0	9.31636512698e-06	0	0	6.52145558889e-05	4.65818256349e-06	0.0002934655015	6.05563733254e-05	0.000288807318936	0.000242225493302	0.000139745476905	0.000819840131174	0.000242225493302	0.00180737483463	4.65818256349e-06	4.65818256349e-06	0	0	1.39745476905e-05	4.65818256349e-06	0.000167694572286	0	9.31636512698e-06	4.65818256349e-06	5.12400081984e-05	0.000992192886024	0.000475134621476	0.000656803741452	8.38472861428e-05	0	0	0.000223592763048	0	0	4.65818256349e-06	0.000484450986603	0.00641431738993	0.00772326669027	0.000759283757849	0.000288807318936	3.72654605079e-05	0.00196575304179	0.000181669119976	0.000363338239952	0.000321414596881	0.000312098231754	0.000358680057389	1.39745476905e-05	0.000638171011198
3.26072779444e-05	0	0	0	0.00544541541672	3.72654605079e-05	0.0143332277479	0.000116454564087	0.00449048799121	0.00232909128175	0.0108768562858	0.00142074568186	0.0426363450036	0.000540349177365	0.00311632413498	0.00442061525275	0	0	0.000111796381524	3.26072779444e-05	0.0207149378598	9.31636512698e-06	1.8632730254e-05	1.8632730254e-05	0.00333991689802	0	0.000847789226555	1.8632730254e-05	0.00206823305819	0.00368462240772	0	4.19236430714e-05	0.000354021874825	0	0.0126143583819	4.19236430714e-05	0	0	0	0.000242225493302	2.79490953809e-05	0.00145801114237	0.00342842236673	0.000354021874825	0.00144403659468	0.00368928059028	9.31636512698e-06	0.00180737483463	0	2.32909128175e-05	4.19236430714e-05	0	0	9.31636512698e-06	9.31636512698e-06	0.00124373474445	0	0	4.65818256349e-06	0.000819840131174	0	4.65818256349e-06	2.32909128175e-05	0.00249212767147	0	0	0	0	0	1.8632730254e-05	0.000633512828635	0.00020030185023	0.0134528312434	0.00746706664928	0.00295794592782	0.000163036389722	0.00135553112598	0.000554323725055	3.26072779444e-05	0.00285080772886	0.00375449514617	0.00244554584583	9.31636512698e-05	8.85054687063e-05
4.65818256349e-06	0.000558981907619	1.39745476905e-05	0	8.38472861428e-05	4.65818256349e-06	0.000545007359928	0.000722018297341	0.000433210978405	0.000298123684063	0.000437869160968	0.00505412808139	0.000540349177365	0.0257131677505	0.000242225493302	3.26072779444e-05	9.31636512698e-06	4.65818256349e-06	3.26072779444e-05	1.39745476905e-05	0.000675436471706	0	0.000381970970206	4.65818256349e-06	0.000521716447111	0.00755557211798	0.00390821517077	0.0038150515195	0.000740651027595	0.000242225493302	4.65818256349e-06	0.00323277869906	0.000228250945611	0	0.000754625575286	1.39745476905e-05	5.12400081984e-05	0	0	0.000116454564087	0	0.000153720024595	0.000843131043992	0.000130429111778	9.78218338333e-05	0.000158378207159	0.00222195308279	0	0.00802139037433	4.19236430714e-05	2.79490953809e-05	0	4.65818256349e-06	0.000177010937413	7.45309210159e-05	4.65818256349e-06	0	2.32909128175e-05	0	0.00200767668486	0.00669380834374	0.00384765879744	0.00427155341072	0.00191451303359	4.65818256349e-06	4.65818256349e-06	0.00173284391362	4.65818256349e-06	0	6.52145558889e-05	0.000274832771246	0.00441595707019	0.00627457191302	0.00292999683244	3.72654605079e-05	0.000288807318936	0.00218002943971	8.85054687063e-05	0.00115988745831	0.000270174588682	0.000204960032794	0.000274832771246	4.19236430714e-05	0.00149061842032
0.0141422422628	0	0.00176545119156	0	0.000121112746651	1.39745476905e-05	0.00536622631314	0.00612085188843	0.0312703795487	1.39745476905e-05	0.00359145875645	0.00912537964188	0.00311632413498	0.000242225493302	0.0508953026887	0.000270174588682	0	0.000531032812238	0.00190985485103	0.00442527343532	0.0034191060016	0.000237567310738	0	0.00163502207979	0.00221729490022	0	0.00895768506959	0.000442527343532	0.00532896085263	0.0268870297565	0.0024874694889	7.45309210159e-05	0.00185395666027	0.000144403659468	0.0182274683709	4.65818256349e-06	0	0	0	6.98727384524e-05	6.52145558889e-05	0.000708043749651	0.000540349177365	0.000414578248151	1.8632730254e-05	0.000661461924016	9.31636512698e-06	0.000619538280944	0	4.65818256349e-06	2.79490953809e-05	4.65818256349e-06	0	1.39745476905e-05	1.39745476905e-05	0.000284149136373	4.65818256349e-06	0	2.32909128175e-05	7.45309210159e-05	0	7.45309210159e-05	0.000195643667667	0.000265516406119	4.65818256349e-06	0	4.65818256349e-06	9.31636512698e-06	4.65818256349e-06	6.98727384524e-05	0.00106206562448	0.000726676479905	0.0143518604781	0.00294862956269	0.000316756414317	3.26072779444e-05	0.00038662915277	0.000130429111778	0	0.000712701932214	0.00183066574745	0.00143937841212	0.000377312787643	0.00010713819896
0	0	0	0	0.00142540386443	0.000996851068587	0.00371722968567	7.91891035793e-05	0.000936294695262	0.0034703460098	0.000940952877825	5.58981907619e-05	0.00442061525275	3.26072779444e-05	0.000270174588682	0.0118271255287	4.65818256349e-06	0	0	0	0.00155117479364	0	3.26072779444e-05	0	0.00328867688982	0	1.39745476905e-05	0	0.00115057109318	0.000284149136373	0	0	0.000433210978405	0	0.000591589185563	0	0	0	0	2.79490953809e-05	2.32909128175e-05	0.000251541858429	0.00018632730254	0.000158378207159	0.000218934580484	0.000260858223555	4.65818256349e-06	0.000274832771246	0	4.65818256349e-06	1.8632730254e-05	4.65818256349e-06	0	0	0	0.000135087294341	0	0	4.65818256349e-06	9.78218338333e-05	0	4.65818256349e-06	9.31636512698e-06	0.000153720024595	0	0	0	0	0	4.65818256349e-06	0.000260858223555	0	0.0010341165291	0.000712701932214	0.00690342655909	4.65818256349e-06	1.39745476905e-05	7.91891035793e-05	0	0.000172352754849	0.000512400081984	0.000475134621476	2.79490953809e-05	3.26072779444e-05
0	0.00116454564087	0	0	0	0	4.65818256349e-06	0	4.65818256349e-06	0.000740651027595	0	4.65818256349e-06	0	9.31636512698e-06	0	4.65818256349e-06	0.015111144236	0	0	0	0	0.0027809349904	0.00951666697721	0.00390355698821	0.00257131677505	6.05563733254e-05	0.000177010937413	0.00306974230934	0.00186793120796	0	0	4.65818256349e-06	4.65818256349e-06	0	4.65818256349e-06	4.65818256349e-06	3.72654605079e-05	0	0	0	0	0	1.39745476905e-05	4.65818256349e-06	0.000461160073786	4.65818256349e-06	0	0	0	4.65818256349e-06	0	0.0045417279994	4.65818256349e-06	0	0	0	8.38472861428e-05	0.00402466973486	0.000512400081984	0.000899029234754	9.31636512698e-06	9.31636512698e-06	0.000270174588682	0.000726676479905	0	0	0	0	0	0	0.000358680057389	3.26072779444e-05	4.65818256349e-06	4.65818256349e-06	4.65818256349e-06	0	0	0.000242225493302	9.31636512698e-06	4.65818256349e-06	0	0	0	0
0.000768600122976	0	0.0077698485159	0	0	0	9.31636512698e-06	8.38472861428e-05	0.000442527343532	0	4.65818256349e-06	0	0	4.65818256349e-06	0.000531032812238	0	0	0.0184091374909	1.8632730254e-05	0.00485382623116	0	0.00173284391362	0	0.00841733589223	3.72654605079e-05	0	0.00285546591142	0.00341444781904	0.000111796381524	0.00168626208798	0.00363804058209	0	9.31636512698e-06	0.000242225493302	0.00389424062308	0	0	0	0	0	0	0	0	0	0	0	0	0	0	0	0	0	0	0	4.65818256349e-06	0	0	0	9.31636512698e-06	0	0	9.31636512698e-06	1.39745476905e-05	0	0	0	0	0	0	0	0.000610221915817	0.000218934580484	0.0013136074829	0.000298123684063	4.65818256349e-06	9.31636512698e-06	0	0	0.000153720024595	4.65818256349e-06	4.65818256349e-06	0	0	0
3.72654605079e-05	0	9.78218338333e-05	0	0	4.65818256349e-06	0.000144403659468	5.12400081984e-05	0.000931636512698	0	0.000172352754849	0.00467681529374	0.000111796381524	3.26072779444e-05	0.00190985485103	0	0	1.8632730254e-05	0.00642363375505	0.00289273137193	0.000130429111778	9.31636512698e-06	0	0.000139745476905	7.45309210159e-05	0	0.00310700776985	7.91891035793e-05	9.31636512698e-05	0.00320017142112	9.31636512698e-06	4.65818256349e-06	0.000111796381524	4.65818256349e-06	0.00412249156869	0	0	0	0	0	0	0	0	0	0	0	0	0	5.12400081984e-05	0	0	0	0	0	0	0	0	0	4.65818256349e-06	0	0	0.000135087294341	3.26072779444e-05	0	0	0	5.12400081984e-05	0	0	0	0.000503083716857	0.000833814678865	0.00169092027055	0.000232909128175	0	5.12400081984e-05	0	0.000158378207159	4.65818256349e-05	0	0	0	0	0
0.000708043749651	0	0.001760793009	0	0	4.65818256349e-06	6.98727384524e-05	0.000163036389722	0.00195643667667	0	0.000102480016397	0.00470476438913	3.26072779444e-05	1.39745476905e-05	0.00442527343532	0	0	0.00485382623116	0.00289273137193	0.0325513797537	9.31636512698e-05	0.000256200040992	0	0.000782574670666	7.45309210159e-05	9.31636512698e-06	0.0225456036073	0.00305576776165	0.00010713819896	0.00881328141013	0.00302781866627	0	5.12400081984e-05	0.000195643667667	0.0136298421808	0	1.39745476905e-05	9.31636512698e-06	0	0	0	0	0	0	0	0	0	0	0	0	0	0	4.65818256349e-06	9.31636512698e-06	0.000116454564087	0	0	0	4.65818256349e-06	0	9.31636512698e-06	0.00153254206339	0.00172818573106	0	0	0	7.91891035793e-05	0	0	4.65818256349e-06	0.00467681529374	0.00466284074605	0.00656337923196	0.000372654605079	4.65818256349e-06	3.72654605079e-05	9.31636512698e-06	0.000456501891222	0.000577614637873	5.12400081984e-05	4.19236430714e-05	0	0	0
7.45309210159e-05	0	9.31636512698e-06	0	0.00924183420597	9.31636512698e-06	0.00608358642792	3.26072779444e-05	0.00450912072146	0.000358680057389	0.00945145242132	0.00131826566547	0.0207149378598	0.000675436471706	0.0034191060016	0.00155117479364	0	0	0.000130429111778	9.31636512698e-05	0.0321926996963	9.31636512698e-06	0	2.79490953809e-05	0.003521586018	0	0.000796549218357	4.19236430714e-05	0.00237567310738	0.00331662598521	0	3.26072779444e-05	0.000405261883024	0	0.0121811474035	4.19236430714e-05	0	0	0	0.000647487376325	4.65818256349e-06	0.00132292384803	0.00342376418417	0.000260858223555	0.000591589185563	0.00538951722596	0	0.00115988745831	0	2.32909128175e-05	1.39745476905e-05	0	0	4.65818256349e-06	9.31636512698e-06	0.00238498947251	0	0	4.65818256349e-06	0.00220332035253	0	0	2.79490953809e-05	0.00367996422516	0	0	0	0	0	1.39745476905e-05	0.000857105591682	0.000288807318936	0.0135366785295	0.00736924481544	0.00110864745011	0.000242225493302	0.000829156496301	0.000586931003	3.26072779444e-05	0.00287875682424	0.00371722968567	0.0020030185023	8.38472861428e-05	7.91891035793e-05
0.000591589185563	0.000125770929214	0.00143937841212	0	0	0	1.8632730254e-05	0.00648419012838	0.000512400081984	4.65818256349e-06	0	0	9.31636512698e-06	0	0.000237567310738	0	0.0027809349904	0.00173284391362	9.31636512698e-06	0.000256200040992	9.31636512698e-06	0.0389097989528	0.00529169539213	0.0165924462912	0.000204960032794	9.31636512698e-06	0.000125770929214	0.000349363692262	0.00816113585124	0.000228250945611	0.00760215394362	0	1.8632730254e-05	0.000139745476905	0.00370791332054	0	9.31636512698e-06	4.65818256349e-06	0	0	0	0	9.31636512698e-06	0	0	0	0	0	0	0	0	0.00337252417597	4.65818256349e-06	0	0	0	0.000507741899421	0.0037125715031	0.000656803741452	0.000903687417317	4.65818256349e-06	3.26072779444e-05	0.00010713819896	0.000358680057389	0	0	0	0	0	0	0.00506810262908	0.000642829193762	0.00186793120796	0.000302781866627	9.31636512698e-05	2.79490953809e-05	0	0.000265516406119	0.000251541858429	4.65818256349e-06	0	0	0	0
0	0.00778382306359	0.000111796381524	0	2.32909128175e-05	4.65818256349e-06	1.39745476905e-05	0	9.31636512698e-06	0.00583204456949	4.65818256349e-06	7.45309210159e-05	1.8632730254e-05	0.000381970970206	0	3.26072779444e-05	0.00951666697721	0	0	0	0	0.00529169539213	0.0335249399094	0.00657269559709	0.00769531759489	0.00173750209618	0.00168160390542	0.0110957908662	0.00241759675045	4.65818256349e-06	0	0.000223592763048	1.39745476905e-05	0	2.32909128175e-05	2.79490953809e-05	0.000722018297341	4.65818256349e-06	0	4.65818256349e-06	0	4.65818256349e-06	6.05563733254e-05	2.79490953809e-05	0.00143472022956	0	0	0	9.31636512698e-06	3.26072779444e-05	0	0.0101082561628	9.31636512698e-06	4.65818256349e-06	1.39745476905e-05	0	0.000656803741452	0.012912482066	0.00134621476085	0.00328867688982	0.000204960032794	5.58981907619e-05	0.00132758203059	0.00240362220276	0	0	4.65818256349e-06	0	0	0	0.00111330563267	0.000335389144571	2.32909128175e-05	4.65818256349e-06	3.26072779444e-05	0	0	0.00127168383983	0.000456501891222	9.31636512698e-06	9.31636512698e-06	0	0	0
0.00206357487563	9.31636512698e-05	0.019187053979	0	0	0	0.000111796381524	0.00255268404479	0.00196109485923	1.39745476905e-05	1.8632730254e-05	1.39745476905e-05	1.8632730254e-05	4.65818256349e-06	0.00163502207979	0	0.00390355698821	0.00841733589223	0.000139745476905	0.000782574670666	2.79490953809e-05	0.0165924462912	0.00657269559709	0.0661787996795	0.000316756414317	0	0.00142540386443	0.00608824461048	0.00182134938232	0.000354021874825	0.00456036072966	0	0.000116454564087	1.8632730254e-05	0.00406659337793	0	1.8632730254e-05	1.39745476905e-05	0	0	0	4.65818256349e-06	4.65818256349e-06	4.65818256349e-06	1.39745476905e-05	4.65818256349e-06	4.65818256349e-06	0	4.65818256349e-06	4.65818256349e-06	4.65818256349e-06	0.00882725595782	0	4.65818256349e-06	1.39745476905e-05	0	7.45309210159e-05	0.00890644506139	0.00253405131454	9.31636512698e-05	9.31636512698e-06	2.32909128175e-05	0.000926978330135	6.52145558889e-05	0	0	0	0	0	2.32909128175e-05	0.0152881551734	0.0018120330172	0.00528703720956	0.0038150515195	0.000214276397921	0.000102480016397	9.31636512698e-06	0.000158378207159	3.26072779444e-05	0.000149061842032	0.000135087294341	4.65818256349e-06	0	0
0.000698727384524	0.00273435316477	9.31636512698e-05	0	0.00707577931394	8.85054687063e-05	0.00214276397921	0.000968901973206	0.00236169855969	0.0170489481824	0.00149993478544	0.000531032812238	0.00333991689802	0.000521716447111	0.00221729490022	0.00328867688982	0.00257131677505	3.72654605079e-05	7.45309210159e-05	7.45309210159e-05	0.003521586018	0.000204960032794	0.00769531759489	0.000316756414317	0.0483612513742	0.000260858223555	0.000992192886024	0.00366598967747	0.0135040712516	0.00385231698001	8.85054687063e-05	4.65818256349e-06	0.000102480016397	0.00145335295981	0.00313961504779	4.65818256349e-06	0.000139745476905	0	0	0.00279025135553	1.8632730254e-05	2.32909128175e-05	0.000153720024595	1.39745476905e-05	0.0118969982672	0.000195643667667	4.65818256349e-06	0.000288807318936	0	4.65818256349e-06	4.19236430714e-05	0.000135087294341	1.8632730254e-05	4.65818256349e-06	4.65818256349e-06	0.000228250945611	9.31636512698e-06	0.00105740744191	2.79490953809e-05	0.0122976019676	2.79490953809e-05	2.79490953809e-05	0.000354021874825	0.00593918276845	0	0	0	0	0	0	0.00305576776165	0.000265516406119	0.0032281205165	0.000698727384524	0.0030371350314	4.65818256349e-05	1.8632730254e-05	0.000735992845032	6.98727384524e-05	0.000121112746651	0.000121112746651	0.000377312787643	4.65818256349e-06	0
0	0.00239430583763	0	0	0	0	0	0	0	0.000866421956809	0	0.00143937841212	0	0.00755557211798	0	0	6.05563733254e-05	0	0	9.31636512698e-06	0	9.31636512698e-06	0.00173750209618	0	0.000260858223555	0.0167321917681	0.00359611693902	0.00874806685424	4.65818256349e-06	0	0	0.00118317837113	0	0	0	0	0.00241293856789	0	0	0	0	0	0	0	6.98727384524e-05	0	0.00047979280404	0	0.00396411336153	0	0	1.39745476905e-05	4.65818256349e-06	0.000121112746651	0.000181669119976	0	0	0.00010713819896	0	9.31636512698e-05	0.00974025974026	0.00279490953809	0.00737856118057	4.65818256349e-06	0	0	0.00111796381524	0	0	0	2.79490953809e-05	0.000847789226555	0	0	0	0	0.00115057109318	0	5.58981907619e-05	0	0	0	0	0.000367996422516
0.000610221915817	0.00670778289143	0.00885054687063	0	9.31636512698e-05	1.39745476905e-05	0.00114125472806	0.000349363692262	0.00483053531834	0.000992192886024	0.000684752836833	0.010234027092	0.000847789226555	0.00390821517077	0.00895768506959	1.39745476905e-05	0.000177010937413	0.00285546591142	0.00310700776985	0.0225456036073	0.000796549218357	0.000125770929214	0.00168160390542	0.00142540386443	0.000992192886024	0.00359611693902	0.0905410944866	0.0279956772066	0.000512400081984	0.0129683802568	0.00266913860888	0.00241293856789	0.000237567310738	1.39745476905e-05	0.0158098716205	9.31636512698e-06	0.00462091710298	2.32909128175e-05	0	6.05563733254e-05	4.65818256349e-06	7.45309210159e-05	5.58981907619e-05	6.05563733254e-05	0.000218934580484	0.000116454564087	0.000288807318936	0.00020030185023	0.00322346233394	4.65818256349e-06	4.65818256349e-06	1.39745476905e-05	3.72654605079e-05	0.00187724757309	0.00255268404479	0.000144403659468	0	3.72654605079e-05	1.39745476905e-05	6.05563733254e-05	0.00442061525275	0.0133456930444	0.0200534759358	7.91891035793e-05	0	0	0.00212413124895	0	0	4.19236430714e-05	0.0109374126591	0.0132292384803	0.0132571875757	0.00118317837113	0.000214276397921	9.31636512698e-05	5.12400081984e-05	0.00105740744191	0.0017095530008	0.000190985485103	0.000139745476905	0.000121112746651	0	0
9.78218338333e-05	0.0196435558702	0.018376530213	0	0	0	0.000163036389722	5.12400081984e-05	0.000442527343532	0.00343308054929	1.39745476905e-05	0.000377312787643	1.8632730254e-05	0.0038150515195	0.000442527343532	0	0.00306974230934	0.00341444781904	7.91891035793e-05	0.00305576776165	4.19236430714e-05	0.000349363692262	0.0110957908662	0.00608824461048	0.00366598967747	0.00874806685424	0.0279956772066	0.0875924649239	0.000363338239952	0.00068009465427	0.000456501891222	0.000321414596881	0.000158378207159	0	0.00175613482644	4.65818256349e-06	0.0129544057091	5.12400081984e-05	0	0	0	0	0	0	0.000144403659468	0	6.98727384524e-05	0	0.000591589185563	0	0	0.00404796064767	2.32909128175e-05	0.000843131043992	0.00135553112598	0	0	0.0069406920196	0.000321414596881	0.000153720024595	0.00800275764408	0.00747172483184	0.034223667294	9.31636512698e-06	0	0	0.00104809107679	0	0	1.39745476905e-05	0.0137602712926	0.0057668300136	0.0020542585105	0.000698727384524	9.31636512698e-06	4.65818256349e-06	3.26072779444e-05	0.000218934580484	0.000228250945611	6.98727384524e-05	4.19236430714e-05	0	0	1.39745476905e-05
0.00347500419236	8.85054687063e-05	0.000619538280944	0	0.00644226648531	1.8632730254e-05	0.00584136093462	0.0115150272969	0.00581341183924	0.0026411895135	0.00559913544132	0.000554323725055	0.00206823305819	0.000740651027595	0.00532896085263	0.00115057109318	0.00186793120796	0.000111796381524	9.31636512698e-05	0.00010713819896	0.00237567310738	0.00816113585124	0.00241759675045	0.00182134938232	0.0135040712516	4.65818256349e-06	0.000512400081984	0.000363338239952	0.060421286031	0.00707112113138	0.00372654605079	0	0.000218934580484	0.00235704037713	0.00490040805679	4.65818256349e-06	4.65818256349e-06	4.65818256349e-06	0	0.00321880415137	1.39745476905e-05	5.12400081984e-05	0.000209618215357	4.65818256349e-05	0.00628388827815	0.00108069835473	0	0.000130429111778	0	9.31636512698e-06	1.39745476905e-05	0.000805865583484	0	0	4.65818256349e-06	0.0010201419814	3.72654605079e-05	0.00188656393821	0.000167694572286	0.0102153943617	4.65818256349e-06	9.31636512698e-06	7.45309210159e-05	0.00658667014478	0	0	0	0	0	4.65818256349e-06	0.0050913935419	0.000218934580484	0.00501220443832	0.00152322569826	0.000554323725055	7.45309210159e-05	3.72654605079e-05	0.000433210978405	3.26072779444e-05	0.000163036389722	0.000125770929214	0.000153720024595	0	0
0.00796549218357	0	0.000335389144571	0	0.000209618215357	0.000209618215357	0.00400137882204	0.00431347705379	0.0137043731018	4.65818256349e-06	0.00333991689802	0.0132338966629	0.00368462240772	0.000242225493302	0.0268870297565	0.000284149136373	0	0.00168626208798	0.00320017142112	0.00881328141013	0.00331662598521	0.000228250945611	4.65818256349e-06	0.000354021874825	0.00385231698001	0	0.0129683802568	0.00068009465427	0.00707112113138	0.0562428962716	0.004108517021	7.91891035793e-05	0.001760793009	0.00564105908439	0.0340326818089	0	1.39745476905e-05	0	0	0.000223592763048	6.98727384524e-05	0.000521716447111	0.0002934655015	0.000335389144571	0.000251541858429	0.000563640090182	9.31636512698e-06	0.000796549218357	0	9.31636512698e-06	2.32909128175e-05	0	4.65818256349e-06	1.39745476905e-05	1.39745476905e-05	0.00040060370046	0	0	4.65818256349e-06	0.000330730962008	0	0.00030744004919	0.000642829193762	0.000470476438913	0	0	4.65818256349e-06	4.65818256349e-06	0	8.38472861428e-05	0.00110398926755	0.000852447409119	0.0190240175893	0.00228716763867	0.000735992845032	2.79490953809e-05	0.000335389144571	6.98727384524e-05	1.8632730254e-05	0.000759283757849	0.00128100020496	0.00108535653729	0.0002934655015	0.000116454564087
0.0042995025061	0	0.00226387672586	0	0	0	0	0.00605563733254	0.00166762935773	0	0	2.32909128175e-05	0	4.65818256349e-06	0.0024874694889	0	0	0.00363804058209	9.31636512698e-06	0.00302781866627	0	0.00760215394362	0	0.00456036072966	8.85054687063e-05	0	0.00266913860888	0.000456501891222	0.00372654605079	0.004108517021	0.0255268404479	0	0	0.00020030185023	0.00368928059028	0	0	0	0	0	0	0	0	0	0	0	0	0	0	0	0	0	0	0	0	0	0	0	0	4.65818256349e-06	0	9.31636512698e-06	1.39745476905e-05	4.65818256349e-06	0	0	0	0	0	0	0.000433210978405	4.65818256349e-05	0.000749967392722	0.000153720024595	0	0	4.65818256349e-06	4.65818256349e-06	1.39745476905e-05	1.8632730254e-05	1.8632730254e-05	0	0	0
0	0.000242225493302	9.31636512698e-06	0	0	0	2.79490953809e-05	0	2.32909128175e-05	0.000139745476905	4.19236430714e-05	0.00120646928394	4.19236430714e-05	0.00323277869906	7.45309210159e-05	0	4.65818256349e-06	0	4.65818256349e-06	0	3.26072779444e-05	0	0.000223592763048	0	4.65818256349e-06	0.00118317837113	0.00241293856789	0.000321414596881	0	7.91891035793e-05	0	0.00396411336153	0	0	7.91891035793e-05	0	4.65818256349e-06	0	0	0	0	0	0	0	0	0	7.91891035793e-05	0	0.00131826566547	0	0	0	0	6.05563733254e-05	9.31636512698e-06	0	0	0	0	0	0.00140211295161	0.000852447409119	0.000950269242952	0	0	0	0.000433210978405	0	0	0	3.72654605079e-05	0.00077325830554	6.05563733254e-05	0	0	0	4.65818256349e-06	0	6.98727384524e-05	0	0	0	0	0
1.39745476905e-05	0	0.000153720024595	0	7.91891035793e-05	0.00113193836293	0.0049376735173	0.000284149136373	0.00470476438913	3.26072779444e-05	0.000367996422516	0.00124839292702	0.000354021874825	0.000228250945611	0.00185395666027	0.000433210978405	4.65818256349e-06	9.31636512698e-06	0.000111796381524	5.12400081984e-05	0.000405261883024	1.8632730254e-05	1.39745476905e-05	0.000116454564087	0.000102480016397	0	0.000237567310738	0.000158378207159	0.000218934580484	0.001760793009	0	0	0.00881793959269	0	0.00603700460228	0	0	0	0	2.32909128175e-05	3.26072779444e-05	0.000545007359928	2.79490953809e-05	0.00060090555069	0	2.79490953809e-05	0	1.39745476905e-05	0	1.8632730254e-05	4.65818256349e-06	4.65818256349e-06	0	0	0	9.31636512698e-06	0	9.31636512698e-06	4.65818256349e-06	6.05563733254e-05	0	0	1.39745476905e-05	6.98727384524e-05	0	0	0	9.31636512698e-06	0	3.26072779444e-05	0.00213810579664	0.000717360114778	0.00220332035253	0.00354487693082	0.000605563733254	0.00101082561628	0.000582272820436	0.000190985485103	0	0.000344705509698	0.000619538280944	0.000670778289143	0.000451843708659	0.000172352754849
0.000130429111778	0	4.65818256349e-06	0	0	0	3.26072779444e-05	0.000703385567087	5.12400081984e-05	0	0	0	0	0	0.000144403659468	0	0	0.000242225493302	4.65818256349e-06	0.000195643667667	0	0.000139745476905	0	1.8632730254e-05	0.00145335295981	0	1.39745476905e-05	0	0.00235704037713	0.00564105908439	0.00020030185023	0	0	0.00623264826995	0.00385697516257	0	0	0	0	0	0	0	0	0	0	0	0	0	0	0	0	0	0	0	0	0	0	0	0	0	0	0	0	0	0	0	0	0	0	0	0	4.65818256349e-06	0.000232909128175	1.39745476905e-05	4.65818256349e-06	4.65818256349e-06	0	0	0	0	0	0	0	0
0.00243157129814	0	0.00225456036073	0	0.000642829193762	0.000922320147571	0.00844062680505	0.00455570254709	0.0124839292702	9.31636512698e-06	0.00599973914178	0.0166064208388	0.0126143583819	0.000754625575286	0.0182274683709	0.000591589185563	4.65818256349e-06	0.00389424062308	0.00412249156869	0.0136298421808	0.0121811474035	0.00370791332054	2.32909128175e-05	0.00406659337793	0.00313961504779	0	0.0158098716205	0.00175613482644	0.00490040805679	0.0340326818089	0.00368928059028	7.91891035793e-05	0.00603700460228	0.00385697516257	0.0731707317073	4.19236430714e-05	1.39745476905e-05	2.79490953809e-05	0	0.000419236430714	1.8632730254e-05	0.00185861484283	0.00397808790922	0.000661461924016	0.000279490953809	0.00409920065587	0	0.00122976019676	0	4.19236430714e-05	3.26072779444e-05	9.31636512698e-06	4.65818256349e-06	1.8632730254e-05	2.32909128175e-05	0.00113193836293	2.79490953809e-05	2.32909128175e-05	0.000102480016397	0.000805865583484	0	0.000326072779444	0.000871080139373	0.00321414596881	0	9.31636512698e-06	4.65818256349e-06	4.65818256349e-06	0	5.58981907619e-05	0.0044532225307	0.00191451303359	0.0406240101362	0.0136018930854	0.00109001471986	0.00129497475265	0.00214742216177	0.000885054687063	8.85054687063e-05	0.00363338239952	0.00472805530194	0.00254802586223	0.000395945517897	0.000246883675865
0	0	0	0	0	0	0	0	0	0	0	0	4.19236430714e-05	1.39745476905e-05	4.65818256349e-06	0	4.65818256349e-06	0	0	0	4.19236430714e-05	0	2.79490953809e-05	0	4.65818256349e-06	0	9.31636512698e-06	4.65818256349e-06	4.65818256349e-06	0	0	0	0	0	4.19236430714e-05	0.0280841826753	0	0.000349363692262	0	0	0	0.000531032812238	0.0127447874937	0.00453241163428	9.31636512698e-06	0.00231511673406	0.00144869477725	0.000177010937413	4.19236430714e-05	0.0150738787755	4.65818256349e-06	0.000708043749651	0.00381970970206	0.000624196463508	0.00109001471986	0.000465818256349	0.00190519666847	2.79490953809e-05	0.00278559317297	0.00398740427435	0	0.00121578564907	0.0039175315359	0.00504946989882	0.00824498313738	0.00697329929755	0.00010713819896	0	0.00153254206339	0.00465818256349	2.79490953809e-05	4.65818256349e-06	7.45309210159e-05	7.45309210159e-05	0	0	0	0.000461160073786	0.000265516406119	0.00385231698001	0.000726676479905	1.39745476905e-05	4.65818256349e-06	1.39745476905e-05
0	0.00956324880285	0.000130429111778	0	0	0	0	0	0	0.00018632730254	0	9.31636512698e-06	0	5.12400081984e-05	0	0	3.72654605079e-05	0	0	1.39745476905e-05	0	9.31636512698e-06	0.000722018297341	1.8632730254e-05	0.000139745476905	0.00241293856789	0.00462091710298	0.0129544057091	4.65818256349e-06	1.39745476905e-05	0	4.65818256349e-06	0	0	1.39745476905e-05	0	0.0271851534405	0	0	0	0	0	0	0	0.00527772084444	0	4.65818256349e-06	0	0.00211947306639	0	0	0.000656803741452	2.32909128175e-05	1.39745476905e-05	8.85054687063e-05	0	0	0.0095306415249	0	0.00545007359928	0.00742048482364	0.000689411019397	0.0235983528666	9.31636512698e-06	0	0	4.65818256349e-05	0	0	0	0.000489109169167	0.000507741899421	1.39745476905e-05	0	0	0	0	4.65818256349e-06	4.65818256349e-06	0	0	0	0	0
0	0	0.000144403659468	0	0	0	0	0	0	0	0	0	0	0	0	0	0	0	0	9.31636512698e-06	0	4.65818256349e-06	4.65818256349e-06	1.39745476905e-05	0	0	2.32909128175e-05	5.12400081984e-05	4.65818256349e-06	0	0	0	0	0	2.79490953809e-05	0.000349363692262	0	0.0181902029104	0	0	0	0.000177010937413	0.00120646928394	0.000661461924016	0	5.12400081984e-05	3.26072779444e-05	0	4.65818256349e-06	0.00078723285323	0	4.65818256349e-05	0.00714099386983	6.05563733254e-05	0.000298123684063	0	0.000791891035793	4.65818256349e-06	0.00653077195401	6.05563733254e-05	0	0.00573422273566	0.00601371368947	9.31636512698e-05	4.65818256349e-06	0.000507741899421	4.65818256349e-06	0	0	0.000284149136373	9.31636512698e-06	0	5.12400081984e-05	5.12400081984e-05	4.65818256349e-06	0	0	0.000982876520897	0.000223592763048	0.000926978330135	0.000656803741452	9.31636512698e-06	0	0
0	0	0	0	0	0	0	0	0	0	0	0	0	0	0	0	0	0	0	0	0	0	0	0	0	0	0	0	0	0	0	0	0	0	0	0	0	0	0	0	0	0	0	0	0	0	0	0	0	0	0	0	0	0	0	0	0	0	0	0	0	0	0	0	0	0	0	0	0	0	0	0	0	0	0	0	0	0	0	0	0	0	0	0
0	0	0	0	0.00295794592782	9.31636512698e-06	0.000475134621476	0.000558981907619	0.000246883675865	0.000116454564087	0.000344705509698	6.52145558889e-05	0.000242225493302	0.000116454564087	6.98727384524e-05	2.79490953809e-05	0	0	0	0	0.000647487376325	0	4.65818256349e-06	0	0.00279025135553	0	6.05563733254e-05	0	0.00321880415137	0.000223592763048	0	0	2.32909128175e-05	0	0.000419236430714	0	0	0	0	0.0146639587099	0.000298123684063	0.000274832771246	0.000195643667667	9.78218338333e-05	0.00466749892862	0.00124839292702	8.85054687063e-05	0.00176545119156	0	9.31636512698e-06	0.000652145558889	0	0	3.72654605079e-05	2.32909128175e-05	0.00528703720956	0	0	0	0.00795151763588	0	1.8632730254e-05	4.65818256349e-06	0.00798878309639	0	0	0	0	0	8.38472861428e-05	2.79490953809e-05	4.65818256349e-06	0.000768600122976	0.000139745476905	0.000274832771246	3.26072779444e-05	0	1.8632730254e-05	9.31636512698e-06	0.000144403659468	7.91891035793e-05	0.000251541858429	9.31636512698e-06	4.65818256349e-06
0	0	0	0	1.8632730254e-05	0	1.8632730254e-05	0	9.31636512698e-06	1.39745476905e-05	4.65818256349e-06	4.65818256349e-06	2.79490953809e-05	0	6.52145558889e-05	2.32909128175e-05	0	0	0	0	4.65818256349e-06	0	0	0	1.8632730254e-05	0	4.65818256349e-06	0	1.39745476905e-05	6.98727384524e-05	0	0	3.26072779444e-05	0	1.8632730254e-05	0	0	0	0	0.000298123684063	0.00658201196221	0.00268777133913	2.32909128175e-05	0.00224990217817	0.00110864745011	3.72654605079e-05	5.12400081984e-05	0.000852447409119	0	9.31636512698e-06	0.00291602228475	0	0	2.79490953809e-05	4.65818256349e-06	0.000177010937413	0	0	4.65818256349e-06	0.000610221915817	0	4.65818256349e-06	0	2.79490953809e-05	0	0	0	0.00124373474445	0	0.000102480016397	4.65818256349e-06	0	7.45309210159e-05	0.000135087294341	2.32909128175e-05	0	0	0.000139745476905	2.79490953809e-05	0.000163036389722	0.000163036389722	0.00213810579664	0.00185861484283	4.19236430714e-05
