0.0126755617978	0	2.73096129838e-05	0	0.000144350811486	1.9506866417e-05	0.000628121098627	0.00508739076155	0.00296504369538	0.000312109862672	0.00136548064919	0	0.000269194756554	7.80274656679e-06	0.00437734082397	2.73096129838e-05	7.41260923845e-05	1.17041198502e-05	0	3.9013732834e-06	0.000202871410737	0.000261392009988	9.36329588015e-05	0.000175561797753	0.000612515605493	0	3.9013732834e-06	1.17041198502e-05	0.00117821473159	0.00628901373283	0.00378433208489	0	0	0.000682740324594	0.00154104244694	0	0	0	0	7.80274656679e-06	0	0	1.9506866417e-05	0	8.19288389513e-05	7.80274656679e-06	0	7.80274656679e-06	0	0	0	3.9013732834e-06	0	0	0	3.9013732834e-06	0	1.9506866417e-05	0	5.46192259675e-05	0	0	0	2.34082397004e-05	0	0	0	0	0	3.9013732834e-06	0.000378433208489	4.29151061174e-05	0.000522784019975	0.000136548064919	0.000120942571785	7.80274656679e-06	3.9013732834e-06	3.9013732834e-06	7.80274656679e-06	3.9013732834e-06	0	0	0	0
0	0.013490948814	0.00283239700375	0	0	0	0	7.80274656679e-06	3.9013732834e-06	1.9506866417e-05	3.9013732834e-06	0.000144350811486	0	5.46192259675e-05	3.9013732834e-06	0	9.36329588015e-05	0.00112359550562	1.17041198502e-05	0.000327715355805	0	8.19288389513e-05	0.00141229712859	0.000702247191011	7.80274656679e-06	0.000503277153558	0.00346441947566	0.00632802746567	1.56054931336e-05	1.56054931336e-05	4.68164794007e-05	0	0	3.9013732834e-06	0.00065543071161	0	0.0033356741573	0.000323813982522	0	0	0	0	0	0	0	0	0.000128745318352	0	2.34082397004e-05	0	0	2.73096129838e-05	0.000273096129838	3.9013732834e-05	0.000148252184769	0	1.9506866417e-05	0.000382334581773	0.000159956304619	0	0.000140449438202	0.000674937578027	0.00145131086142	0	0	7.80274656679e-06	3.9013732834e-06	0	3.9013732834e-06	0.00019506866417	0.000257490636704	0.000382334581773	0.000417446941323	0.00018336454432	0	1.56054931336e-05	3.9013732834e-06	6.24219725343e-05	0.000538389513109	0.000191167290886	5.07178526841e-05	3.9013732834e-06	3.9013732834e-06	0
2.73096129838e-05	0.00283239700375	0.034429619226	0	0	0	7.80274656679e-06	3.51123595506e-05	3.9013732834e-05	7.41260923845e-05	3.9013732834e-06	0.000109238451935	3.9013732834e-06	7.80274656679e-05	3.9013732834e-05	0	0.000530586766542	0.00828651685393	3.9013732834e-06	0.000600811485643	0	0.00153323970037	0.00166198501873	0.0120747503121	8.58302122347e-05	3.9013732834e-05	0.00788077403246	0.0140761548065	0.000273096129838	0.000136548064919	0.000741260923845	0	7.80274656679e-06	0.000101435705368	0.00391307740325	0	0.00152933832709	0.00020677278402	0	0	0	0	1.17041198502e-05	0	1.56054931336e-05	0	3.9013732834e-05	0	0	0	0	0.000105337078652	0.000167759051186	7.80274656679e-06	5.85205992509e-05	0	2.34082397004e-05	0.000698345817728	0.00021847690387	1.17041198502e-05	1.17041198502e-05	0.000167759051186	0.000733458177278	1.9506866417e-05	7.80274656679e-06	1.17041198502e-05	3.9013732834e-06	0	3.9013732834e-06	0.000163857677903	0.00209503745318	0.00273486267166	0.00291042446941	0.00130696004994	2.34082397004e-05	4.29151061174e-05	1.56054931336e-05	0.000105337078652	0.000374531835206	0.000120942571785	5.46192259675e-05	7.80274656679e-06	7.80274656679e-06	0
0	0	0	0	0	0	0	0	0	0	0	0	0	0	0	0	0	0	0	0	0	0	0	0	0	0	0	0	0	0	0	0	0	0	0	0	0	0	0	0	0	0	0	0	0	0	0	0	0	0	0	0	0	0	0	0	0	0	0	0	0	0	0	0	0	0	0	0	0	0	0	0	0	0	0	0	0	0	0	0	0	0	0	0
0.000144350811486	0	0	0	0.018047752809	0	0.00043695380774	0.00140839575531	0.000222378277154	0.000460362047441	0.00273096129838	0	0.00114310237203	0	0.000156054931336	0	1.56054931336e-05	0	0	0	0.00882880774032	3.12109862672e-05	2.34082397004e-05	1.9506866417e-05	0.00916822721598	0	0	0	0.00717462546816	0.000280898876404	0.000245786516854	0	0	6.63233458177e-05	0.000144350811486	0	0	0	0	7.80274656679e-05	0	0	7.80274656679e-06	0	0.000128745318352	1.17041198502e-05	0	1.17041198502e-05	0	3.9013732834e-06	0	0	0	0	0	7.80274656679e-06	0	7.80274656679e-06	0	7.02247191011e-05	0	0	0	3.9013732834e-05	3.9013732834e-06	3.9013732834e-06	0	0	0	0	4.29151061174e-05	0	3.51123595506e-05	7.80274656679e-06	7.80274656679e-05	0	0	3.9013732834e-06	0	0	0	3.9013732834e-06	0	0
1.9506866417e-05	0	0	0	0	0.00723314606742	0.00236813358302	1.56054931336e-05	0.0018570536829	3.9013732834e-06	7.80274656679e-06	2.34082397004e-05	3.9013732834e-06	9.36329588015e-05	0.000768570536829	0.000932428214732	0	0	0	3.9013732834e-06	3.9013732834e-06	7.80274656679e-06	0	1.17041198502e-05	3.9013732834e-06	0	3.9013732834e-06	3.9013732834e-06	3.9013732834e-06	0.00145131086142	2.34082397004e-05	0	0.00163467540574	1.17041198502e-05	0.0018804619226	0	0	0	0	0	0	0	0	0	7.80274656679e-06	0	0	0	0	0	0	0	0	0	0	0	0	3.9013732834e-06	0	3.9013732834e-06	0	0	0	0	0	3.9013732834e-06	0	0	0	3.9013732834e-06	5.07178526841e-05	1.56054931336e-05	0.000222378277154	3.9013732834e-05	0.000889513108614	0.000979244694132	0	0	0	0	3.9013732834e-06	0	0	0
0.000628121098627	0	7.80274656679e-06	0	0.00043695380774	0.00236813358302	0.0357092696629	0.00177902621723	0.0115792759051	0.000144350811486	0.0110213795256	1.56054931336e-05	0.00814216604245	0.000105337078652	0.00232131710362	0.00223548689139	1.9506866417e-05	7.80274656679e-06	0	0	0.00226669787765	3.9013732834e-05	2.34082397004e-05	3.51123595506e-05	0.000788077403246	0	3.9013732834e-06	7.80274656679e-06	0.00155664794007	0.00205602372035	0.000440855181024	0	0.000296504369538	0.000120942571785	0.00143960674157	0	0	0	0	3.9013732834e-06	0	0	3.9013732834e-06	0	3.51123595506e-05	3.9013732834e-06	0	0	0	0	0	0	0	0	0	3.9013732834e-06	0	3.9013732834e-06	0	2.73096129838e-05	0	0	0	1.56054931336e-05	0	0	0	0	0	0	0.000167759051186	2.73096129838e-05	0.000487671660424	4.29151061174e-05	0.00193117977528	0.000198970037453	0	3.9013732834e-06	0	0	0	0	0	0
0.00508739076155	7.80274656679e-06	3.51123595506e-05	0	0.00140839575531	1.56054931336e-05	0.00177902621723	0.0386626092385	0.00353854556804	0.00168929463171	0.00908629837703	0	0.00110799001248	1.9506866417e-05	0.0042290886392	3.9013732834e-05	0.000366729088639	1.9506866417e-05	0	0	0.00143180399501	0.00103776529338	0.000397940074906	0.000499375780275	0.00409644194757	0	7.80274656679e-06	3.9013732834e-05	0.0138342696629	0.00499375780275	0.0102176966292	0	0	0.00110018726592	0.00290652309613	1.56054931336e-05	1.17041198502e-05	0	0	1.56054931336e-05	0	0	7.80274656679e-05	3.9013732834e-06	0.000495474406991	3.9013732834e-05	0	1.56054931336e-05	0	2.34082397004e-05	0	1.56054931336e-05	0	0	0	1.9506866417e-05	7.80274656679e-06	0.000113139825218	2.73096129838e-05	0.000312109862672	0	0	7.80274656679e-06	0.000140449438202	0	1.9506866417e-05	0	0	3.9013732834e-06	1.9506866417e-05	0.000799781523096	0.000120942571785	0.000776373283396	0.000245786516854	0.00023018102372	3.9013732834e-06	3.9013732834e-06	1.56054931336e-05	7.80274656679e-06	7.80274656679e-06	0	3.9013732834e-06	0	0
0.00296504369538	3.9013732834e-06	3.9013732834e-05	0	0.000222378277154	0.0018570536829	0.0115792759051	0.00353854556804	0.0386626092385	0.000159956304619	0.00640215355805	5.85205992509e-05	0.00179463171036	0.000261392009988	0.0184222846442	0.000522784019975	5.07178526841e-05	1.56054931336e-05	0	1.56054931336e-05	0.000616416978777	0.000156054931336	5.07178526841e-05	0.000124843945069	0.000682740324594	1.56054931336e-05	2.34082397004e-05	2.73096129838e-05	0.00117821473159	0.00753355181024	0.00148252184769	0	0.000983146067416	0.00041354556804	0.0041354556804	0	0	0	0	7.80274656679e-06	0	0	7.80274656679e-06	0	6.24219725343e-05	7.80274656679e-06	0	0	0	0	0	0	0	0	0	7.80274656679e-06	0	1.17041198502e-05	0	4.29151061174e-05	0	0	0	1.17041198502e-05	0	0	0	0	0	0	0.000499375780275	6.24219725343e-05	0.00149422596754	0.000253589263421	0.00131866416979	0.000331616729089	3.9013732834e-06	0	0	3.9013732834e-06	3.9013732834e-06	0	0	0
0.000312109862672	1.9506866417e-05	7.41260923845e-05	0	0.000460362047441	3.9013732834e-06	0.000144350811486	0.00168929463171	0.000159956304619	0.019631710362	0.000491573033708	0	0.000842696629213	0	0.000163857677903	0.000276997503121	0.00124843945069	2.34082397004e-05	0	3.9013732834e-06	0.000358926342072	0.000647627965044	0.00372971285893	0.000604712858926	0.00878589263421	0	7.80274656679e-06	0.000171660424469	0.00324984394507	0.000799781523096	0.00181803995006	0	0	0.000327715355805	0.00107287765293	6.63233458177e-05	1.56054931336e-05	7.80274656679e-06	0	6.63233458177e-05	0	1.56054931336e-05	0.000394038701623	3.51123595506e-05	0.00213405118602	0.000120942571785	7.80274656679e-06	5.07178526841e-05	0	6.24219725343e-05	3.9013732834e-06	0.00020677278402	0	0	0	0.000117041198502	5.46192259675e-05	0.00085049937578	0.000156054931336	0.00123283395755	0	0	2.73096129838e-05	0.000745162297129	3.51123595506e-05	0.000136548064919	0	0	2.73096129838e-05	8.19288389513e-05	0.000366729088639	5.46192259675e-05	0.00019506866417	0.000105337078652	0.00111189138577	3.9013732834e-06	0	7.80274656679e-05	3.9013732834e-05	3.9013732834e-05	1.56054931336e-05	3.9013732834e-05	0	0
0.00136548064919	3.9013732834e-06	3.9013732834e-06	0	0.00273096129838	7.80274656679e-06	0.0110213795256	0.00908629837703	0.00640215355805	0.000491573033708	0.0461844569288	0	0.00930087390762	1.9506866417e-05	0.00380383895131	5.85205992509e-05	3.9013732834e-05	3.9013732834e-06	0	3.9013732834e-06	0.00941791510612	0.000120942571785	4.68164794007e-05	3.9013732834e-05	0.00281289013733	0	7.80274656679e-06	0	0.00829822097378	0.00159176029963	0.00104946941323	0	7.80274656679e-06	0.000249687890137	0.000842696629213	7.80274656679e-06	3.9013732834e-06	0	0	1.17041198502e-05	0	0	1.56054931336e-05	3.9013732834e-06	0.000120942571785	1.17041198502e-05	0	7.80274656679e-06	0	1.17041198502e-05	0	0	0	0	0	1.17041198502e-05	0	3.9013732834e-06	0	9.75343320849e-05	0	0	0	5.07178526841e-05	3.9013732834e-06	1.17041198502e-05	0	0	3.9013732834e-06	3.9013732834e-06	0.00023018102372	1.17041198502e-05	0.000319912609238	7.80274656679e-05	0.00020677278402	3.9013732834e-06	0	7.80274656679e-06	3.9013732834e-06	7.80274656679e-06	7.80274656679e-06	0	0	0
0	0.000144350811486	0.000109238451935	0	0	2.34082397004e-05	1.56054931336e-05	0	5.85205992509e-05	0	0	0.0234160424469	3.9013732834e-06	0.00748673533084	6.63233458177e-05	3.9013732834e-06	3.9013732834e-06	0.000394038701623	0.00063202247191	0.003125	0	1.17041198502e-05	1.56054931336e-05	4.29151061174e-05	0	0.00269975031211	0.00740480649189	0.00160346441948	0	0.00021847690387	1.17041198502e-05	5.46192259675e-05	1.9506866417e-05	3.9013732834e-06	0.00367899500624	0	0.000234082397004	3.9013732834e-06	0	0	0	0	3.9013732834e-06	0	0	0	0.000327715355805	0	0.000148252184769	3.9013732834e-06	0	0	1.17041198502e-05	3.12109862672e-05	3.51123595506e-05	0	0	3.9013732834e-06	0	0	0.000573501872659	0.000339419475655	0.000198970037453	0	0	3.9013732834e-06	7.80274656679e-06	0	0	3.51123595506e-05	0.000101435705368	0.00196629213483	0.00274656679151	0.000144350811486	3.9013732834e-06	3.9013732834e-06	0.000468164794007	1.9506866417e-05	0.000120942571785	7.80274656679e-05	7.80274656679e-06	0	0	1.17041198502e-05
0.000269194756554	0	3.9013732834e-06	0	0.00114310237203	3.9013732834e-06	0.00814216604245	0.00110799001248	0.00179463171036	0.000842696629213	0.00930087390762	3.9013732834e-06	0.03359082397	1.9506866417e-05	0.000667134831461	0.00139279026217	7.80274656679e-06	3.9013732834e-06	0	0	0.0095856741573	1.9506866417e-05	1.17041198502e-05	1.17041198502e-05	0.00158005617978	0	0	3.9013732834e-06	0.00170490012484	0.000557896379526	0.000257490636704	0	3.9013732834e-06	7.02247191011e-05	0.000347222222222	0	0	0	0	1.9506866417e-05	0	7.80274656679e-06	3.9013732834e-06	0	2.73096129838e-05	6.63233458177e-05	0	0.00100265293383	0	0	0	0	0	0	0	0.000335518102372	0	3.9013732834e-06	0	4.68164794007e-05	0	0	0	1.56054931336e-05	0	0	0	0	0	0	8.58302122347e-05	3.9013732834e-06	0.000171660424469	3.12109862672e-05	0.001197721598	0	0	3.9013732834e-06	0	0	0	0	0	0
7.80274656679e-06	5.46192259675e-05	7.80274656679e-05	0	0	9.36329588015e-05	0.000105337078652	1.9506866417e-05	0.000261392009988	0	1.9506866417e-05	0.00748673533084	1.9506866417e-05	0.0170177902622	0.000210674157303	1.56054931336e-05	1.17041198502e-05	0.000113139825218	7.41260923845e-05	0.000265293383271	0	3.9013732834e-05	1.9506866417e-05	7.02247191011e-05	7.80274656679e-06	0.00456070536829	0.00410034332085	0.0028675093633	1.56054931336e-05	0.000749063670412	3.12109862672e-05	0.000132646691635	3.51123595506e-05	7.80274656679e-06	0.00178292759051	0	0.000140449438202	3.9013732834e-06	0	0	0	0	7.80274656679e-06	0	0	0	0.000319912609238	0	0.000140449438202	3.9013732834e-06	0	0	3.9013732834e-06	4.68164794007e-05	3.9013732834e-05	0	0	0	3.9013732834e-06	0	0.00064372659176	0.000308208489388	0.000140449438202	3.9013732834e-06	0	0	3.9013732834e-06	0	0	2.73096129838e-05	0.00039013732834	0.00142009987516	0.00189996878901	0.000690543071161	4.29151061174e-05	7.41260923845e-05	0.000460362047441	1.56054931336e-05	0.000132646691635	6.24219725343e-05	1.17041198502e-05	0	0	2.34082397004e-05
0.00437734082397	3.9013732834e-06	3.9013732834e-05	0	0.000156054931336	0.000768570536829	0.00232131710362	0.0042290886392	0.0184222846442	0.000163857677903	0.00380383895131	6.63233458177e-05	0.000667134831461	0.000210674157303	0.0309066791511	0.000187265917603	3.51123595506e-05	2.73096129838e-05	0	7.80274656679e-06	0.000308208489388	0.000148252184769	4.68164794007e-05	0.000132646691635	0.000526685393258	1.17041198502e-05	1.17041198502e-05	1.9506866417e-05	0.000998751560549	0.0111852372035	0.00168149188514	0	0.000909019975031	0.000468164794007	0.00373751560549	0	3.9013732834e-06	0	0	7.80274656679e-06	0	0	1.56054931336e-05	0	4.68164794007e-05	7.80274656679e-06	0	0	0	0	0	0	0	0	0	3.9013732834e-06	0	7.80274656679e-06	0	4.68164794007e-05	0	0	0	2.73096129838e-05	0	0	0	0	0	0	0.000421348314607	5.85205992509e-05	0.00134207240949	0.000245786516854	0.000721754057428	0.00020677278402	7.80274656679e-06	0	0	0	0	0	0	0
2.73096129838e-05	0	0	0	0	0.000932428214732	0.00223548689139	3.9013732834e-05	0.000522784019975	0.000276997503121	5.85205992509e-05	3.9013732834e-06	0.00139279026217	1.56054931336e-05	0.000187265917603	0.00800171660424	0	0	0	0	2.73096129838e-05	0	3.9013732834e-06	0	3.51123595506e-05	0	0	0	1.9506866417e-05	0.000284800249688	1.17041198502e-05	0	3.12109862672e-05	1.9506866417e-05	0.00020677278402	0	0	0	0	3.9013732834e-06	0	0	0	0	3.9013732834e-06	3.9013732834e-06	0	0	0	0	0	0	0	0	0	3.9013732834e-06	0	0	0	1.56054931336e-05	0	0	0	3.9013732834e-06	0	0	0	0	0	0	0.000109238451935	7.80274656679e-06	7.80274656679e-05	3.9013732834e-06	0.00444756554307	7.02247191011e-05	0	0	0	0	0	0	0	0
7.41260923845e-05	9.36329588015e-05	0.000530586766542	0	1.56054931336e-05	0	1.9506866417e-05	0.000366729088639	5.07178526841e-05	0.00124843945069	3.9013732834e-05	3.9013732834e-06	7.80274656679e-06	1.17041198502e-05	3.51123595506e-05	0	0.0180789637953	9.36329588015e-05	0	3.9013732834e-06	3.12109862672e-05	0.00379213483146	0.00557506242197	0.00820458801498	0.00207553058677	0	3.51123595506e-05	0.00228620474407	0.00316011235955	0.000347222222222	0.00152153558052	0	0	0.00021847690387	0.00153714107366	3.9013732834e-06	1.9506866417e-05	7.80274656679e-06	0	3.9013732834e-06	0	3.9013732834e-06	3.9013732834e-05	0	0.000167759051186	3.9013732834e-06	0	1.17041198502e-05	0	3.9013732834e-06	0	0.000280898876404	3.9013732834e-06	0	0	1.17041198502e-05	1.9506866417e-05	0.000417446941323	0.000179463171036	8.97315855181e-05	0	0	5.46192259675e-05	7.02247191011e-05	3.9013732834e-06	3.9013732834e-05	0	0	7.80274656679e-06	2.73096129838e-05	0.000936329588015	0.000316011235955	0.00062031835206	0.000327715355805	1.17041198502e-05	1.9506866417e-05	3.9013732834e-06	1.17041198502e-05	1.56054931336e-05	1.9506866417e-05	7.80274656679e-06	3.9013732834e-06	0	0
1.17041198502e-05	0.00112359550562	0.00828651685393	0	0	0	7.80274656679e-06	1.9506866417e-05	1.56054931336e-05	2.34082397004e-05	3.9013732834e-06	0.000394038701623	3.9013732834e-06	0.000113139825218	2.73096129838e-05	0	9.36329588015e-05	0.0235213795256	2.34082397004e-05	0.00381164169788	3.9013732834e-06	0.0013381710362	0.000245786516854	0.00605493133583	3.12109862672e-05	9.75343320849e-05	0.00832943196005	0.00349172908864	0.000101435705368	0.000109238451935	0.000491573033708	0	0	4.68164794007e-05	0.0041354556804	0	0.000561797752809	3.51123595506e-05	0	0	0	0	0	0	0	0	5.07178526841e-05	0	3.9013732834e-06	0	0	1.17041198502e-05	5.46192259675e-05	1.56054931336e-05	4.29151061174e-05	0	0	6.24219725343e-05	2.73096129838e-05	0	5.46192259675e-05	0.000152153558052	0.00020677278402	0	0	0	0	0	0	5.07178526841e-05	0.00113139825218	0.00168149188514	0.00213014981273	0.000745162297129	1.9506866417e-05	1.17041198502e-05	7.80274656679e-06	3.51123595506e-05	0.000117041198502	2.73096129838e-05	1.9506866417e-05	0	0	0
0	1.17041198502e-05	3.9013732834e-06	0	0	0	0	0	0	0	0	0.00063202247191	0	7.41260923845e-05	0	0	0	2.34082397004e-05	0.00142400124844	0.000694444444444	0	0	0	0	0	7.02247191011e-05	0.000686641697878	8.58302122347e-05	0	0	0	0	0	0	3.51123595506e-05	0	1.17041198502e-05	0	0	0	0	0	0	0	0	0	7.80274656679e-06	0	0	0	0	0	0	0	0	0	0	0	0	0	3.12109862672e-05	1.56054931336e-05	1.9506866417e-05	0	0	0	0	0	0	0	0	2.34082397004e-05	2.34082397004e-05	0	0	0	3.9013732834e-06	0	0	3.9013732834e-06	0	0	0	0
3.9013732834e-06	0.000327715355805	0.000600811485643	0	0	3.9013732834e-06	0	0	1.56054931336e-05	3.9013732834e-06	3.9013732834e-06	0.003125	0	0.000265293383271	7.80274656679e-06	0	3.9013732834e-06	0.00381164169788	0.000694444444444	0.0149617665418	0	1.9506866417e-05	1.9506866417e-05	0.00018336454432	0	0.000347222222222	0.00801732209738	0.00153323970037	0	7.02247191011e-05	1.9506866417e-05	0	3.9013732834e-06	7.80274656679e-06	0.00295333957553	0	0.000273096129838	7.80274656679e-06	0	0	0	0	0	0	0	0	0.000124843945069	0	3.51123595506e-05	0	0	0	2.34082397004e-05	1.56054931336e-05	3.12109862672e-05	0	0	7.80274656679e-06	0	0	0.000159956304619	0.00019506866417	0.000124843945069	0	0	3.9013732834e-06	0	0	0	3.12109862672e-05	0.000253589263421	0.000651529338327	0.00129915730337	0.000249687890137	7.80274656679e-06	3.9013732834e-06	1.56054931336e-05	3.9013732834e-06	4.68164794007e-05	1.9506866417e-05	0	0	0	3.9013732834e-06
0.000202871410737	0	0	0	0.00882880774032	3.9013732834e-06	0.00226669787765	0.00143180399501	0.000616416978777	0.000358926342072	0.00941791510612	0	0.0095856741573	0	0.000308208489388	2.73096129838e-05	3.12109862672e-05	3.9013732834e-06	0	0	0.0260299625468	1.56054931336e-05	2.73096129838e-05	1.9506866417e-05	0.00408473782772	0	0	0	0.00583645443196	0.000374531835206	0.000241885143571	0	0	9.75343320849e-05	0.000214575530587	0	0	0	0	3.9013732834e-05	0	0	3.9013732834e-06	0	8.97315855181e-05	1.17041198502e-05	0	7.80274656679e-06	0	3.9013732834e-06	0	0	0	0	0	1.17041198502e-05	3.9013732834e-06	0	3.9013732834e-06	6.63233458177e-05	0	0	0	1.9506866417e-05	3.9013732834e-06	3.9013732834e-06	0	0	0	0	3.9013732834e-05	7.80274656679e-06	7.80274656679e-05	2.73096129838e-05	0.000101435705368	0	0	1.17041198502e-05	0	0	0	0	0	0
0.000261392009988	8.19288389513e-05	0.00153323970037	0	3.12109862672e-05	7.80274656679e-06	3.9013732834e-05	0.00103776529338	0.000156054931336	0.000647627965044	0.000120942571785	1.17041198502e-05	1.9506866417e-05	3.9013732834e-05	0.000148252184769	0	0.00379213483146	0.0013381710362	0	1.9506866417e-05	1.56054931336e-05	0.0398018102372	0.00166198501873	0.0155196629213	0.00149812734082	0	0.000156054931336	0.00083879525593	0.00983536204744	0.000858302122347	0.0140488451935	0	0	0.00041354556804	0.00596519975031	7.80274656679e-06	4.68164794007e-05	0	0	0	0	3.9013732834e-06	1.17041198502e-05	3.9013732834e-06	7.80274656679e-05	7.80274656679e-06	0	7.80274656679e-06	0	7.80274656679e-06	0	3.12109862672e-05	0	0	0	3.9013732834e-06	7.80274656679e-06	0.000237983770287	5.85205992509e-05	4.68164794007e-05	0	0	3.9013732834e-05	5.07178526841e-05	7.80274656679e-06	1.17041198502e-05	0	0	0	2.34082397004e-05	0.0022315855181	0.000909019975031	0.00203651685393	0.0010572721598	3.51123595506e-05	3.51123595506e-05	1.56054931336e-05	3.12109862672e-05	3.9013732834e-05	2.73096129838e-05	1.9506866417e-05	3.9013732834e-06	3.9013732834e-06	0
9.36329588015e-05	0.00141229712859	0.00166198501873	0	2.34082397004e-05	0	2.34082397004e-05	0.000397940074906	5.07178526841e-05	0.00372971285893	4.68164794007e-05	1.56054931336e-05	1.17041198502e-05	1.9506866417e-05	4.68164794007e-05	3.9013732834e-06	0.00557506242197	0.000245786516854	0	1.9506866417e-05	2.73096129838e-05	0.00166198501873	0.0180360486891	0.00373751560549	0.00257100499376	7.80274656679e-06	0.000117041198502	0.00336298377029	0.00207553058677	0.000351123595506	0.00145911360799	0	0	0.000276997503121	0.00145131086142	3.51123595506e-05	0.000877808988764	0.000163857677903	0	3.9013732834e-06	0	3.9013732834e-06	0.000124843945069	1.56054931336e-05	0.000518882646692	1.17041198502e-05	0	7.80274656679e-06	0	2.34082397004e-05	0	0.00062031835206	7.02247191011e-05	0	1.56054931336e-05	7.80274656679e-06	0.000117041198502	0.0029377340824	0.000678838951311	0.000273096129838	0	2.34082397004e-05	0.000557896379526	0.000296504369538	2.34082397004e-05	0.000109238451935	0	0	1.9506866417e-05	0.000152153558052	0.000784176029963	0.000491573033708	0.000538389513109	0.000276997503121	1.9506866417e-05	3.9013732834e-06	3.9013732834e-06	0.000156054931336	0.000210674157303	0.000101435705368	4.29151061174e-05	1.56054931336e-05	3.9013732834e-06	0
0.000175561797753	0.000702247191011	0.0120747503121	0	1.9506866417e-05	1.17041198502e-05	3.51123595506e-05	0.000499375780275	0.000124843945069	0.000604712858926	3.9013732834e-05	4.29151061174e-05	1.17041198502e-05	7.02247191011e-05	0.000132646691635	0	0.00820458801498	0.00605493133583	0	0.00018336454432	1.9506866417e-05	0.0155196629213	0.00373751560549	0.0523798377029	0.000768570536829	2.34082397004e-05	0.000971441947566	0.0083177278402	0.00340980024969	0.000780274656679	0.00506788389513	0	7.80274656679e-06	0.000319912609238	0.00697565543071	0	0.000479868913858	0.000117041198502	0	0	0	0	2.34082397004e-05	3.9013732834e-06	7.80274656679e-05	0	0	3.9013732834e-06	0	0	0	0.000187265917603	4.68164794007e-05	0	1.9506866417e-05	0	4.68164794007e-05	0.000994850187266	0.000304307116105	4.68164794007e-05	3.9013732834e-06	3.12109862672e-05	0.000374531835206	8.97315855181e-05	3.9013732834e-06	2.34082397004e-05	0	0	3.9013732834e-06	9.36329588015e-05	0.00413935705368	0.00284019975031	0.00402231585518	0.00201700998752	3.51123595506e-05	5.07178526841e-05	1.56054931336e-05	0.000132646691635	0.000175561797753	7.80274656679e-05	5.85205992509e-05	1.17041198502e-05	3.9013732834e-06	0
0.000612515605493	7.80274656679e-06	8.58302122347e-05	0	0.00916822721598	3.9013732834e-06	0.000788077403246	0.00409644194757	0.000682740324594	0.00878589263421	0.00281289013733	0	0.00158005617978	7.80274656679e-06	0.000526685393258	3.51123595506e-05	0.00207553058677	3.12109862672e-05	0	0	0.00408473782772	0.00149812734082	0.00257100499376	0.000768570536829	0.0387406367041	0	3.9013732834e-06	0.000124843945069	0.0162960362047	0.00142009987516	0.00287531210986	0	3.9013732834e-06	0.000557896379526	0.00167368913858	7.80274656679e-06	1.17041198502e-05	3.9013732834e-06	0	5.85205992509e-05	0	7.80274656679e-06	0.000163857677903	1.17041198502e-05	0.000811485642946	6.24219725343e-05	3.9013732834e-06	2.34082397004e-05	0	1.17041198502e-05	0	6.24219725343e-05	0	0	0	5.46192259675e-05	1.17041198502e-05	0.00021847690387	5.07178526841e-05	0.000577403245943	0	0	1.17041198502e-05	0.000269194756554	7.80274656679e-06	2.73096129838e-05	0	0	3.9013732834e-06	1.56054931336e-05	0.000553995006242	8.97315855181e-05	0.000382334581773	0.000148252184769	0.00039013732834	1.17041198502e-05	0	4.68164794007e-05	1.17041198502e-05	1.9506866417e-05	7.80274656679e-06	1.56054931336e-05	0	0
0	0.000503277153558	3.9013732834e-05	0	0	0	0	0	1.56054931336e-05	0	0	0.00269975031211	0	0.00456070536829	1.17041198502e-05	0	0	9.75343320849e-05	7.02247191011e-05	0.000347222222222	0	0	7.80274656679e-06	2.34082397004e-05	0	0.0110447877653	0.00268414481898	0.00271145443196	0	2.73096129838e-05	0	7.80274656679e-06	0	0	0.00039013732834	0	0.000394038701623	3.9013732834e-06	0	0	0	0	0	0	0	0	0.000612515605493	0	0.000312109862672	0	0	0	2.34082397004e-05	0.000124843945069	8.58302122347e-05	0	3.9013732834e-06	3.9013732834e-06	3.9013732834e-06	0	0.00120162297129	0.000651529338327	0.000386235955056	0	0	0	1.17041198502e-05	0	0	6.24219725343e-05	2.73096129838e-05	0.000916822721598	0.000526685393258	2.34082397004e-05	0	0	0.000378433208489	7.80274656679e-06	0.000241885143571	0.000109238451935	3.9013732834e-06	0	0	7.80274656679e-06
3.9013732834e-06	0.00346441947566	0.00788077403246	0	0	3.9013732834e-06	3.9013732834e-06	7.80274656679e-06	2.34082397004e-05	7.80274656679e-06	7.80274656679e-06	0.00740480649189	0	0.00410034332085	1.17041198502e-05	0	3.51123595506e-05	0.00832943196005	0.000686641697878	0.00801732209738	0	0.000156054931336	0.000117041198502	0.000971441947566	3.9013732834e-06	0.00268414481898	0.0518648564295	0.0184651997503	1.56054931336e-05	9.36329588015e-05	6.24219725343e-05	0.000152153558052	1.17041198502e-05	7.80274656679e-06	0.00401061173533	0	0.00247737203496	8.19288389513e-05	0	0	0	0	0	0	0	0	0.000706148564295	0	0.000214575530587	0	0	0	0.000171660424469	0.000148252184769	0.000241885143571	0	1.17041198502e-05	6.63233458177e-05	4.68164794007e-05	0	0.000924625468165	0.00145131086142	0.00116260923845	3.9013732834e-06	3.9013732834e-06	3.9013732834e-06	3.9013732834e-06	0	3.9013732834e-06	0.000144350811486	0.000647627965044	0.00203651685393	0.00262172284644	0.000553995006242	1.17041198502e-05	2.34082397004e-05	5.85205992509e-05	4.29151061174e-05	0.000499375780275	0.000175561797753	4.29151061174e-05	3.9013732834e-06	0	1.56054931336e-05
1.17041198502e-05	0.00632802746567	0.0140761548065	0	0	3.9013732834e-06	7.80274656679e-06	3.9013732834e-05	2.73096129838e-05	0.000171660424469	0	0.00160346441948	3.9013732834e-06	0.0028675093633	1.9506866417e-05	0	0.00228620474407	0.00349172908864	8.58302122347e-05	0.00153323970037	0	0.00083879525593	0.00336298377029	0.0083177278402	0.000124843945069	0.00271145443196	0.0184651997503	0.060600031211	0.000265293383271	0.000113139825218	0.000378433208489	8.19288389513e-05	7.80274656679e-06	4.29151061174e-05	0.00259831460674	3.9013732834e-06	0.00257100499376	0.000226279650437	0	0	0	0	0	0	1.56054931336e-05	0	0.000347222222222	0	5.85205992509e-05	0	0	0.000156054931336	0.000198970037453	5.07178526841e-05	0.00020677278402	0	4.29151061174e-05	0.000698345817728	0.000241885143571	3.9013732834e-06	0.000421348314607	0.000842696629213	0.00121332709114	7.80274656679e-06	1.17041198502e-05	1.56054931336e-05	7.80274656679e-06	0	3.9013732834e-06	0.00019506866417	0.00110018726592	0.00175561797753	0.00180243445693	0.000713951310861	1.56054931336e-05	2.73096129838e-05	3.12109862672e-05	7.80274656679e-05	0.000534488139825	0.00020677278402	4.68164794007e-05	3.9013732834e-06	1.56054931336e-05	0
0.00117821473159	1.56054931336e-05	0.000273096129838	0	0.00717462546816	3.9013732834e-06	0.00155664794007	0.0138342696629	0.00117821473159	0.00324984394507	0.00829822097378	0	0.00170490012484	1.56054931336e-05	0.000998751560549	1.9506866417e-05	0.00316011235955	0.000101435705368	0	0	0.00583645443196	0.00983536204744	0.00207553058677	0.00340980024969	0.0162960362047	0	1.56054931336e-05	0.000265293383271	0.0557662297129	0.00286360799001	0.0115987827715	0	3.9013732834e-06	0.0011040886392	0.0041588639201	2.34082397004e-05	1.56054931336e-05	0	0	2.73096129838e-05	0	0	9.75343320849e-05	1.17041198502e-05	0.000651529338327	3.9013732834e-05	0	1.56054931336e-05	0	2.73096129838e-05	0	8.58302122347e-05	0	0	0	3.9013732834e-05	1.17041198502e-05	0.000312109862672	5.46192259675e-05	0.000429151061174	0	0	7.80274656679e-06	0.00023018102372	3.9013732834e-06	3.12109862672e-05	0	0	0	2.73096129838e-05	0.00157615480649	0.00040184144819	0.00115480649189	0.000542290886392	0.000179463171036	3.9013732834e-06	7.80274656679e-06	4.68164794007e-05	2.34082397004e-05	2.34082397004e-05	1.17041198502e-05	1.17041198502e-05	0	0
0.00628901373283	1.56054931336e-05	0.000136548064919	0	0.000280898876404	0.00145131086142	0.00205602372035	0.00499375780275	0.00753355181024	0.000799781523096	0.00159176029963	0.00021847690387	0.000557896379526	0.000749063670412	0.0111852372035	0.000284800249688	0.000347222222222	0.000109238451935	0	7.02247191011e-05	0.000374531835206	0.000858302122347	0.000351123595506	0.000780274656679	0.00142009987516	2.73096129838e-05	9.36329588015e-05	0.000113139825218	0.00286360799001	0.0424937578027	0.00962078651685	0	0.00123283395755	0.00521223470662	0.0143531523096	0	3.9013732834e-06	0	0	3.9013732834e-06	0	0	5.85205992509e-05	0	0.00023018102372	1.17041198502e-05	3.9013732834e-06	7.80274656679e-06	0	0	0	1.56054931336e-05	0	0	0	1.17041198502e-05	0	6.24219725343e-05	1.17041198502e-05	0.000163857677903	0	0	3.9013732834e-06	7.02247191011e-05	0	1.17041198502e-05	0	0	0	7.80274656679e-06	0.00262172284644	0.000335518102372	0.00508348938826	0.001197721598	0.000971441947566	0.000460362047441	7.80274656679e-06	3.12109862672e-05	1.56054931336e-05	1.17041198502e-05	1.17041198502e-05	0	3.9013732834e-06	3.9013732834e-06
0.00378433208489	4.68164794007e-05	0.000741260923845	0	0.000245786516854	2.34082397004e-05	0.000440855181024	0.0102176966292	0.00148252184769	0.00181803995006	0.00104946941323	1.17041198502e-05	0.000257490636704	3.12109862672e-05	0.00168149188514	1.17041198502e-05	0.00152153558052	0.000491573033708	0	1.9506866417e-05	0.000241885143571	0.0140488451935	0.00145911360799	0.00506788389513	0.00287531210986	0	6.24219725343e-05	0.000378433208489	0.0115987827715	0.00962078651685	0.0454353932584	0	3.9013732834e-06	0.00242665418227	0.00997191011236	3.9013732834e-06	3.9013732834e-05	7.80274656679e-06	0	1.56054931336e-05	0	3.9013732834e-06	0.000109238451935	7.80274656679e-06	0.000409644194757	3.12109862672e-05	0	7.80274656679e-06	0	1.17041198502e-05	0	5.07178526841e-05	0	0	0	7.80274656679e-06	1.9506866417e-05	0.000276997503121	8.58302122347e-05	0.000288701622971	0	0	1.9506866417e-05	0.000148252184769	7.80274656679e-06	4.29151061174e-05	0	0	0	3.12109862672e-05	0.00287531210986	0.000690543071161	0.00247737203496	0.0010338639201	0.000163857677903	3.12109862672e-05	7.80274656679e-06	4.68164794007e-05	3.12109862672e-05	3.12109862672e-05	3.51123595506e-05	3.9013732834e-06	7.80274656679e-06	3.9013732834e-06
0	0	0	0	0	0	0	0	0	0	0	5.46192259675e-05	0	0.000132646691635	0	0	0	0	0	0	0	0	0	0	0	7.80274656679e-06	0.000152153558052	8.19288389513e-05	0	0	0	0.000214575530587	0	0	7.80274656679e-06	0	0	0	0	0	0	0	0	0	0	0	3.9013732834e-06	0	0	0	0	0	0	3.9013732834e-06	0	0	0	0	0	0	0	0	0	0	0	0	0	0	0	3.9013732834e-06	0	0	0	0	0	0	0	0	0	0	0	0	0	0
0	0	7.80274656679e-06	0	0	0.00163467540574	0.000296504369538	0	0.000983146067416	0	7.80274656679e-06	1.9506866417e-05	3.9013732834e-06	3.51123595506e-05	0.000909019975031	3.12109862672e-05	0	0	0	3.9013732834e-06	0	0	0	7.80274656679e-06	3.9013732834e-06	0	1.17041198502e-05	7.80274656679e-06	3.9013732834e-06	0.00123283395755	3.9013732834e-06	0	0.00349953183521	0	0.00110018726592	0	0	0	0	0	0	0	0	0	3.9013732834e-06	0	0	0	0	0	0	0	0	0	0	0	0	3.9013732834e-06	0	3.9013732834e-06	0	0	0	0	0	3.9013732834e-06	0	0	0	3.9013732834e-06	1.9506866417e-05	7.80274656679e-06	0.000132646691635	2.34082397004e-05	2.73096129838e-05	0.00021847690387	0	0	0	0	3.9013732834e-06	0	0	0
0.000682740324594	3.9013732834e-06	0.000101435705368	0	6.63233458177e-05	1.17041198502e-05	0.000120942571785	0.00110018726592	0.00041354556804	0.000327715355805	0.000249687890137	3.9013732834e-06	7.02247191011e-05	7.80274656679e-06	0.000468164794007	1.9506866417e-05	0.00021847690387	4.68164794007e-05	0	7.80274656679e-06	9.75343320849e-05	0.00041354556804	0.000276997503121	0.000319912609238	0.000557896379526	0	7.80274656679e-06	4.29151061174e-05	0.0011040886392	0.00521223470662	0.00242665418227	0	0	0.00732677902622	0.00463483146067	0	0	0	0	0	0	0	1.17041198502e-05	0	8.19288389513e-05	0	0	3.9013732834e-06	0	0	0	7.80274656679e-06	7.80274656679e-06	0	0	3.9013732834e-06	7.80274656679e-06	5.46192259675e-05	1.9506866417e-05	5.07178526841e-05	0	0	0	2.34082397004e-05	0	7.80274656679e-06	0	0	0	3.9013732834e-06	0.00163857677903	0.000179463171036	0.00125234082397	0.000487671660424	7.41260923845e-05	2.73096129838e-05	7.80274656679e-06	1.17041198502e-05	7.80274656679e-06	3.9013732834e-06	3.9013732834e-06	0	0	3.9013732834e-06
0.00154104244694	0.00065543071161	0.00391307740325	0	0.000144350811486	0.0018804619226	0.00143960674157	0.00290652309613	0.0041354556804	0.00107287765293	0.000842696629213	0.00367899500624	0.000347222222222	0.00178292759051	0.00373751560549	0.00020677278402	0.00153714107366	0.0041354556804	3.51123595506e-05	0.00295333957553	0.000214575530587	0.00596519975031	0.00145131086142	0.00697565543071	0.00167368913858	0.00039013732834	0.00401061173533	0.00259831460674	0.0041588639201	0.0143531523096	0.00997191011236	7.80274656679e-06	0.00110018726592	0.00463483146067	0.0541354556804	3.9013732834e-06	0.000417446941323	2.34082397004e-05	0	7.80274656679e-06	0	0	6.63233458177e-05	3.9013732834e-06	0.000273096129838	1.56054931336e-05	8.58302122347e-05	7.80274656679e-06	1.56054931336e-05	1.17041198502e-05	0	5.07178526841e-05	5.07178526841e-05	1.56054931336e-05	5.07178526841e-05	1.17041198502e-05	2.34082397004e-05	0.000331616729089	0.000105337078652	0.000198970037453	8.97315855181e-05	0.000159956304619	0.000198970037453	0.000117041198502	7.80274656679e-06	3.9013732834e-05	0	0	3.9013732834e-06	5.85205992509e-05	0.00927746566792	0.00368289637953	0.0200140449438	0.00568820224719	0.000881710362047	0.000881710362047	0.000148252184769	0.000179463171036	0.000132646691635	8.58302122347e-05	8.58302122347e-05	3.9013732834e-06	7.80274656679e-06	3.9013732834e-06
0	0	0	0	0	0	0	1.56054931336e-05	0	6.63233458177e-05	7.80274656679e-06	0	0	0	0	0	3.9013732834e-06	0	0	0	0	7.80274656679e-06	3.51123595506e-05	0	7.80274656679e-06	0	0	3.9013732834e-06	2.34082397004e-05	0	3.9013732834e-06	0	0	0	3.9013732834e-06	0.0159019975031	3.9013732834e-06	7.80274656679e-06	0	0.000105337078652	0	0.0018804619226	0.00426420099875	0.00349563046192	0.000198970037453	0.00125234082397	4.29151061174e-05	0.000795880149813	0	0.00922284644195	3.12109862672e-05	7.41260923845e-05	1.9506866417e-05	0	3.9013732834e-06	0.00040184144819	0.000105337078652	0.000120942571785	0.000148252184769	0.00101435705368	3.9013732834e-06	0	1.56054931336e-05	0.000889513108614	0.0063202247191	0.000897315855181	0	1.9506866417e-05	0.000479868913858	0.00170490012484	1.56054931336e-05	0	3.9013732834e-06	3.9013732834e-06	0	0	0	0.000678838951311	8.58302122347e-05	0.000538389513109	0.000171660424469	0.00106897627965	0.000171660424469	7.80274656679e-06
0	0.0033356741573	0.00152933832709	0	0	0	0	1.17041198502e-05	0	1.56054931336e-05	3.9013732834e-06	0.000234082397004	0	0.000140449438202	3.9013732834e-06	0	1.9506866417e-05	0.000561797752809	1.17041198502e-05	0.000273096129838	0	4.68164794007e-05	0.000877808988764	0.000479868913858	1.17041198502e-05	0.000394038701623	0.00247737203496	0.00257100499376	1.56054931336e-05	3.9013732834e-06	3.9013732834e-05	0	0	0	0.000417446941323	3.9013732834e-06	0.0240675717853	0.00142790262172	0	0	0	0	3.12109862672e-05	0	2.73096129838e-05	3.9013732834e-06	0.000928526841448	0	0.000198970037453	7.80274656679e-06	0	0.000234082397004	0.00126014357054	0.000269194756554	0.00125234082397	0	0.000113139825218	0.00273486267166	0.00081538701623	1.17041198502e-05	0.00260221598002	0.00496644818976	0.0111930399501	2.73096129838e-05	1.17041198502e-05	5.46192259675e-05	2.34082397004e-05	0	3.9013732834e-06	0.00108848314607	0.000128745318352	0.000234082397004	0.000292602996255	0.000109238451935	0	0	0	0.000433052434457	0.00244616104869	0.00118991885144	0.000335518102372	3.9013732834e-06	2.34082397004e-05	1.17041198502e-05
0	0.000323813982522	0.00020677278402	0	0	0	0	0	0	7.80274656679e-06	0	3.9013732834e-06	0	3.9013732834e-06	0	0	7.80274656679e-06	3.51123595506e-05	0	7.80274656679e-06	0	0	0.000163857677903	0.000117041198502	3.9013732834e-06	3.9013732834e-06	8.19288389513e-05	0.000226279650437	0	0	7.80274656679e-06	0	0	0	2.34082397004e-05	7.80274656679e-06	0.00142790262172	0.0171855493134	0	0	0	7.80274656679e-06	2.73096129838e-05	7.80274656679e-06	1.9506866417e-05	3.9013732834e-06	0.000171660424469	0	7.80274656679e-06	1.9506866417e-05	3.9013732834e-06	0.000257490636704	0.00339809612984	1.9506866417e-05	0.00065543071161	0	0.000475967540574	0.000772471910112	0.00429541198502	3.12109862672e-05	3.51123595506e-05	0.00268024344569	0.00492743445693	5.85205992509e-05	1.56054931336e-05	0.000214575530587	0	0	0	0.00166588639201	2.73096129838e-05	1.17041198502e-05	3.12109862672e-05	2.34082397004e-05	0	0	0	0.00081538701623	0.00194288389513	0.00141619850187	0.000499375780275	5.07178526841e-05	8.19288389513e-05	7.80274656679e-06
0	0	0	0	0	0	0	0	0	0	0	0	0	0	0	0	0	0	0	0	0	0	0	0	0	0	0	0	0	0	0	0	0	0	0	0	0	0	0	0	0	0	0	0	0	0	0	0	0	0	0	0	0	0	0	0	0	0	0	0	0	0	0	0	0	0	0	0	0	0	0	0	0	0	0	0	0	0	0	0	0	0	0	0
7.80274656679e-06	0	0	0	7.80274656679e-05	0	3.9013732834e-06	1.56054931336e-05	7.80274656679e-06	6.63233458177e-05	1.17041198502e-05	0	1.9506866417e-05	0	7.80274656679e-06	3.9013732834e-06	3.9013732834e-06	0	0	0	3.9013732834e-05	0	3.9013732834e-06	0	5.85205992509e-05	0	0	0	2.73096129838e-05	3.9013732834e-06	1.56054931336e-05	0	0	0	7.80274656679e-06	0.000105337078652	0	0	0	0.0147705992509	0	0.000210674157303	0.000433052434457	9.36329588015e-05	0.000284800249688	0.00306647940075	1.17041198502e-05	0.00143570536829	0	0.000128745318352	3.9013732834e-06	1.17041198502e-05	0	0	0	0.00912531210986	7.80274656679e-06	1.56054931336e-05	1.56054931336e-05	0.00264513108614	0	0	0	0.00422518726592	5.07178526841e-05	4.29151061174e-05	0	0	0	3.9013732834e-05	7.80274656679e-06	0	0	0	3.9013732834e-06	0	0	1.9506866417e-05	0	1.9506866417e-05	0	5.46192259675e-05	3.9013732834e-06	0
0	0	0	0	0	0	0	0	0	0	0	0	0	0	0	0	0	0	0	0	0	0	0	0	0	0	0	0	0	0	0	0	0	0	0	0	0	0	0	0	0.00381944444444	0.00108848314607	3.9013732834e-06	0.00147471910112	0	3.9013732834e-06	1.56054931336e-05	3.9013732834e-06	0	0.00059691011236	0.000581304619226	0	0	0	0	0	0	0	0	0	0	0	0	0	0.000159956304619	0	0	0.0011040886392	0	0.000132646691635	0	0	0	0	0	0	0	1.17041198502e-05	3.9013732834e-06	2.34082397004e-05	7.80274656679e-06	0.000327715355805	0.000858302122347	0
0	0	0	0	0	0	0	0	0	1.56054931336e-05	0	0	7.80274656679e-06	0	0	0	3.9013732834e-06	0	0	0	0	3.9013732834e-06	3.9013732834e-06	0	7.80274656679e-06	0	0	0	0	0	3.9013732834e-06	0	0	0	0	0.0018804619226	0	7.80274656679e-06	0	0.000210674157303	0.00108848314607	0.0371683832709	0.00126014357054	0.0170919163546	0.000237983770287	0.00905898876404	0.000280898876404	0.00665184144819	0	0.00592228464419	0.00132256554307	1.9506866417e-05	3.9013732834e-06	0	1.17041198502e-05	0.00207162921348	1.9506866417e-05	1.9506866417e-05	5.46192259675e-05	0.00104556803995	3.9013732834e-06	0	7.80274656679e-06	0.000546192259675	0.0023018102372	0.000202871410737	0	0.000795880149813	3.12109862672e-05	0.0010572721598	3.9013732834e-06	3.9013732834e-06	3.9013732834e-06	0	0	0	0	0.000265293383271	5.46192259675e-05	0.000752965043695	0.000148252184769	0.0023018102372	0.00136157927591	3.9013732834e-06
1.9506866417e-05	0	1.17041198502e-05	0	7.80274656679e-06	0	3.9013732834e-06	7.80274656679e-05	7.80274656679e-06	0.000394038701623	1.56054931336e-05	3.9013732834e-06	3.9013732834e-06	7.80274656679e-06	1.56054931336e-05	0	3.9013732834e-05	0	0	0	3.9013732834e-06	1.17041198502e-05	0.000124843945069	2.34082397004e-05	0.000163857677903	0	0	0	9.75343320849e-05	5.85205992509e-05	0.000109238451935	0	0	1.17041198502e-05	6.63233458177e-05	0.00426420099875	3.12109862672e-05	2.73096129838e-05	0	0.000433052434457	3.9013732834e-06	0.00126014357054	0.0382178526841	0.00191167290886	0.00125234082397	0.00673767166042	3.9013732834e-05	0.00114700374532	0	0.00403792134831	2.73096129838e-05	0.000663233458177	6.24219725343e-05	0	7.80274656679e-06	0.00130696004994	0.00064372659176	0.000756866416979	0.0011040886392	0.00598860799001	0	0	5.46192259675e-05	0.0115558676654	0.00131866416979	0.00645677278402	0	3.9013732834e-06	0.000175561797753	0.00137328339576	2.73096129838e-05	7.80274656679e-06	1.56054931336e-05	1.56054931336e-05	3.9013732834e-06	0	0	0.000846598002497	0.000312109862672	0.000651529338327	0.000234082397004	0.000538389513109	8.97315855181e-05	7.80274656679e-06
