6455	29	1593	0	8	0	255	3220	1257	69	120	207	14	9	4779	11	38	211	30	50	32	68	43	1221	107	0	603	169	808	1974	798	0	0	136	333	17	6	5	0	0	0	3	6	7	89	3	1	0	3	12	0	14	13	0	0	0	25	159	47	19	0	7	6	16	26	88	2	0	0	15	75	36	272	40	15	1	3	39	2	25	19	0	2	0
29	7048	646	0	5	0	5	52	3	130	21	34	12	105	26	22	212	319	6	148	26	23	1633	77	1441	334	3166	3984	72	132	215	8	0	16	170	0	3512	322	0	23	0	0	2	2	45	10	58	2	65	4	1	11	131	0	7	13	33	55	33	50	109	726	1703	48	2	3	12	2	0	168	474	214	529	42	24	0	6	532	376	245	115	1	1	20
1593	646	17338	0	3	2	203	1856	537	21	15	104	12	13	1418	20	79	2221	18	118	13	438	186	6258	85	11	3743	5785	938	312	1240	1	3	11	251	20	2697	2380	0	9	2	60	26	66	91	108	30	10	33	58	6	255	588	8	57	15	207	2276	1333	136	118	610	2799	43	27	55	2	1	2	448	1369	460	450	125	3	7	1	429	253	399	119	7	1	9
0	0	0	0	0	0	0	0	0	0	0	0	0	0	0	0	0	0	0	0	0	0	0	0	0	0	0	0	0	0	0	0	0	0	0	0	0	0	0	0	0	0	0	0	0	0	0	0	0	0	0	0	0	0	0	0	0	0	0	0	0	0	0	0	0	0	0	0	0	0	0	0	0	0	0	0	0	0	0	0	0	0	0	0
8	5	3	0	6068	4	107	327	35	718	715	36	795	28	37	146	0	27	7	44	2152	1	0	15	2349	0	72	22	2437	25	3	0	1	1	100	106	7	0	0	1848	10	66	6	24	998	1286	20	586	8	130	23	4	4	4	23	2540	4	2	10	1676	3	41	23	359	103	1	1	1	0	104	78	28	198	7	151	2	0	252	42	107	17	15	1	0
0	0	2	0	4	943	658	17	79	39	9	70	15	65	11	359	0	2	0	1	0	0	0	2	13	0	3	1	14	130	1	0	342	17	212	0	0	0	0	0	0	0	0	0	0	0	0	0	0	0	0	0	0	0	0	0	0	0	0	0	0	0	0	0	0	0	0	0	0	0	29	1	103	23	238	111	7	0	0	0	0	0	0	0
255	5	203	0	107	658	13630	3146	6477	133	3932	837	3243	666	1125	754	1	129	200	382	984	13	3	409	486	0	825	110	2165	404	13	0	598	10	1252	17	20	4	0	7	6	44	42	30	69	16	10	17	2	54	6	5	31	0	4	11	11	146	28	102	0	40	32	28	46	0	1	10	0	103	774	203	2203	511	570	676	60	52	5	116	57	19	17	1
3220	52	1856	0	327	17	3146	19497	3738	849	3884	523	114	69	2949	274	11	958	35	501	112	669	39	2875	1119	0	1002	342	9808	1463	2574	1	13	197	1406	274	55	10	0	760	82	710	120	208	1373	405	103	327	39	453	111	34	76	17	17	195	65	475	115	2370	3	162	113	578	511	58	20	91	8	566	1100	399	1688	111	179	63	25	336	35	510	165	223	12	0
1257	3	537	0	35	79	6477	3738	10867	94	2174	872	883	578	3474	234	2	102	173	254	348	59	2	913	369	0	590	95	2129	591	20	0	281	2	1094	36	24	7	0	1	4	27	36	20	126	9	12	10	3	68	4	16	63	1	16	1	41	360	76	76	0	41	48	30	66	40	2	6	1	147	592	83	1607	201	202	124	24	73	5	160	76	20	11	0
69	130	21	0	718	39	133	849	94	7271	357	29	314	27	23	600	75	41	11	33	317	41	927	24	2656	55	224	154	2164	210	223	0	5	250	279	391	29	6	0	688	13	207	136	89	3214	444	104	474	8	370	24	474	13	9	2	1018	405	1582	42	2170	3	83	98	785	331	257	2	50	19	362	1088	130	342	72	794	11	0	577	31	355	157	164	2	1
120	21	15	0	715	9	3932	3884	2174	357	10957	487	1146	94	648	122	2	230	39	346	1703	3	7	17	368	0	509	73	2618	693	12	1	14	5	1270	42	28	0	0	88	1	11	2	7	55	538	7	299	3	45	1	3	8	0	3	601	2	7	6	456	1	74	17	17	37	0	1	0	0	32	364	54	1459	62	26	48	1	128	20	29	7	2	0	0
207	34	104	0	36	70	837	523	872	29	487	8272	746	1658	911	43	31	972	835	2614	678	49	22	59	56	246	3728	435	323	1057	94	26	171	14	3410	12	48	1	0	0	0	2	0	3	32	0	23	0	210	9	0	0	43	0	0	0	21	2	1	12	47	117	26	4	13	1	99	1	0	11	556	1376	3637	58	30	56	128	73	63	15	11	1	0	8
14	12	12	0	795	15	3243	114	883	314	1146	746	8543	438	239	627	0	173	159	524	3672	5	3	5	773	0	969	143	570	164	13	0	3	0	1101	10	3	0	0	119	2	49	10	15	129	74	35	321	13	94	3	0	10	8	0	350	0	0	1	143	2	31	13	14	85	0	12	0	0	77	218	167	2110	33	161	9	7	20	9	68	9	5	0	0
9	105	13	0	28	65	666	69	578	27	94	1658	438	6734	334	77	38	71	100	143	206	4	48	40	88	2190	1964	1100	94	361	1	232	174	8	805	10	180	9	0	11	3	64	42	44	47	42	364	21	1700	72	3	2	9	3	0	19	4	29	1	105	830	804	163	19	69	0	671	10	0	108	149	1017	1552	300	33	159	324	53	619	109	10	20	4	77
4779	26	1418	0	37	11	1125	2949	3474	23	648	911	239	334	10122	13	29	234	93	228	555	85	37	942	105	3	945	194	611	2395	688	0	171	6	1316	37	5	3	0	1	2	111	89	69	140	38	13	2	14	94	3	13	11	1	1	1	27	133	38	172	0	17	4	42	78	76	7	8	1	57	461	65	1485	129	26	48	11	69	9	83	25	28	3	0
11	22	20	0	146	359	754	274	234	600	122	43	627	77	13	3195	0	14	9	8	92	24	57	104	416	6	44	42	432	98	10	0	103	78	173	2	1	1	0	21	0	4	0	0	39	5	0	6	0	5	1	9	1	0	0	21	13	78	146	29	0	0	18	8	3	2	0	1	0	9	163	4	302	11	1300	20	0	19	2	10	123	0	0	0
38	212	79	0	0	0	1	11	2	75	2	31	0	38	29	0	4179	256	0	26	1	704	2283	1426	858	3	374	759	538	60	101	0	0	4	13	0	18	4	0	0	0	4	1	0	37	3	0	0	3	0	0	696	2	0	0	0	183	892	492	31	3	6	64	67	0	30	3	0	0	0	401	280	16	6	0	1	0	23	3	2	12	1	0	0
211	319	2221	0	27	2	129	958	102	41	230	972	173	71	234	14	256	10468	13	3061	297	635	451	2449	411	3	4872	1728	557	371	1451	0	6	32	1745	4	269	138	0	0	0	6	10	1	40	6	2	0	9	6	0	8	204	0	1	0	39	40	42	27	24	327	312	21	2	9	3	0	0	27	1132	725	1967	116	11	3	0	87	7	59	62	0	0	0
30	6	18	0	7	0	200	35	173	11	39	835	159	100	93	9	0	13	1974	705	67	3	1	16	5	7	870	35	52	86	1	0	6	0	305	2	5	0	0	0	0	2	2	3	14	0	23	0	15	4	0	0	2	5	5	0	7	5	0	6	6	37	3	2	1	6	10	0	0	1	347	648	534	19	3	11	1	90	2	5	3	0	0	0
50	148	118	0	44	1	382	501	254	33	346	2614	524	143	228	8	26	3061	705	7493	608	84	146	158	182	2	5564	818	303	379	262	2	9	25	2729	5	11	4	0	0	0	1	0	2	32	1	1	1	23	11	0	4	59	0	4	1	46	8	17	21	2	119	28	21	5	3	16	0	0	9	884	669	2873	59	0	7	0	96	3	18	15	0	0	0
32	26	13	0	2152	0	984	112	348	317	1703	678	3672	206	555	92	1	297	67	608	7401	6	5	10	876	0	873	157	1132	475	23	1	9	1	1351	22	25	1	0	347	2	14	10	17	251	294	10	185	5	51	6	0	13	3	3	702	0	1	1	486	1	79	13	31	38	0	2	0	0	39	306	130	2272	60	23	47	7	69	13	54	13	6	0	0
68	23	438	0	1	0	13	669	59	41	3	49	5	4	85	24	704	635	3	84	6	10161	296	5034	209	0	163	164	3212	129	2784	0	1	33	1686	3	20	2	0	1	0	47	31	29	293	36	6	1	1	73	0	511	11	0	1	0	1041	1974	363	152	3	20	52	201	51	965	0	0	0	46	1146	219	1785	221	29	12	1	399	78	123	73	4	1	0
43	1633	186	0	0	0	3	39	2	927	7	22	3	48	37	57	2283	451	1	146	5	296	6794	1260	2857	223	1046	1988	313	105	178	0	0	7	62	1	476	11	0	0	0	8	5	2	334	7	0	0	4	0	0	1331	9	0	1	0	250	2258	652	160	5	15	675	178	3	116	2	0	0	5	527	283	175	19	74	1	0	45	18	43	33	2	0	0
1221	77	6258	0	15	2	409	2875	913	24	17	59	5	40	942	104	1426	2449	16	158	10	5034	1260	22082	208	1	938	3369	2843	210	1896	0	3	19	1246	2	284	188	0	3	0	20	19	19	99	22	7	1	3	12	0	1905	201	5	29	3	1146	5220	2996	68	20	108	613	91	14	838	1	0	0	266	4175	1278	1720	411	6	50	5	335	101	405	643	2	14	0
107	1441	85	0	2349	13	486	1119	369	2656	368	56	773	88	105	416	858	411	5	182	876	209	2857	208	12361	224	1037	1144	5077	337	238	2	5	152	221	597	68	9	0	907	15	201	33	66	2462	216	4	172	18	225	18	330	8	3	1	907	238	803	25	1761	18	38	112	859	516	102	9	3	35	151	869	243	413	48	474	9	4	227	25	238	148	18	3	0
0	334	11	0	0	0	0	0	0	55	0	246	0	2190	3	6	3	3	7	2	0	0	223	1	224	3541	1290	1347	5	0	0	17	0	1	3	0	135	6	0	1	3	12	2	3	10	8	297	4	1281	14	1	0	1	0	0	0	0	11	1	10	1028	599	139	7	16	0	441	8	0	58	4	306	32	0	12	0	216	52	537	48	1	4	2	111
603	3166	3743	0	72	3	825	1002	590	224	509	3728	969	1964	945	44	374	4872	870	5564	873	163	1046	938	1037	1290	30547	9171	665	945	810	267	36	41	2900	25	4994	323	0	24	3	12	4	14	131	25	533	8	1119	42	3	25	404	87	149	22	181	90	102	98	1862	5673	3338	75	32	17	578	10	2	239	3280	3543	4511	126	29	32	33	833	630	360	167	6	1	33
169	3984	5785	0	22	1	110	342	95	154	73	435	143	1100	194	42	759	1728	35	818	157	164	1988	3369	1144	1347	9171	23672	592	370	455	37	5	15	735	4	4180	1013	0	4	1	6	1	10	51	10	134	2	530	7	1	1011	234	8	13	3	206	3709	1095	65	1147	1296	4107	19	5	1	270	2	0	215	2551	1320	983	120	20	7	25	461	305	313	234	3	1	6
808	72	938	0	2437	14	2165	9808	2129	2164	2618	323	570	94	611	432	538	557	52	303	1132	3212	313	2843	5077	5	665	592	24637	1076	2735	1	15	545	1647	673	117	21	0	1814	66	665	290	184	4813	883	130	557	56	662	97	609	68	28	24	1529	1121	2380	183	3952	7	197	205	1789	903	667	31	93	49	786	2270	461	2195	274	303	44	28	1208	176	987	487	222	28	1
1974	132	312	0	25	130	404	1463	591	210	693	1057	164	361	2395	98	60	371	86	379	475	129	105	210	337	0	945	370	1076	9027	1748	0	319	1439	3421	12	10	0	0	0	0	1	17	4	207	1	1	1	3	17	0	2	14	0	0	0	54	118	13	25	0	12	11	66	15	30	2	4	4	35	171	143	1399	73	110	22	0	86	3	46	33	5	5	0
798	215	1240	0	3	1	13	2574	20	223	12	94	13	1	688	10	101	1451	1	262	23	2784	178	1896	238	0	810	455	2735	1748	9895	0	0	306	1558	65	37	0	0	4	1	24	138	78	699	20	72	5	14	269	0	23	2	5	0	4	347	447	25	54	0	51	13	325	228	74	4	43	7	254	114	163	737	55	26	1	7	496	24	326	77	108	7	0
0	8	1	0	0	0	0	1	0	0	1	26	0	232	0	0	0	0	0	2	1	0	0	0	2	17	267	37	1	0	0	294	0	0	0	0	6	1	0	0	0	0	0	0	0	0	22	0	134	0	0	0	1	1	0	0	0	1	0	0	17	104	12	0	0	0	78	0	0	0	2	69	0	0	0	0	0	0	21	1	1	0	0	0
0	0	3	0	1	342	598	13	281	5	14	171	3	174	171	103	0	6	6	9	9	1	0	3	5	0	36	5	15	319	0	0	1077	6	357	0	0	1	0	0	0	1	1	0	4	0	0	0	0	1	0	0	0	0	0	0	0	0	0	2	0	0	0	1	2	0	0	0	0	2	50	6	246	57	98	144	12	2	0	2	1	0	1	0
136	16	11	0	1	17	10	197	2	250	5	14	0	8	6	78	4	32	0	25	1	33	7	19	152	1	41	15	545	1439	306	0	6	1949	1157	106	17	0	0	1	0	4	9	2	226	1	0	0	1	43	3	0	1	0	0	0	24	60	5	19	0	8	9	15	100	20	0	3	16	78	45	41	605	56	94	1	0	14	6	71	22	3	0	0
333	170	251	0	100	212	1252	1406	1094	279	1270	3410	1101	805	1316	173	13	1745	305	2729	1351	1686	62	1246	221	3	2900	735	1647	3421	1558	0	357	1157	12440	161	69	4	0	4	4	8	5	11	413	1	6	0	7	82	6	10	50	1	1	0	38	90	14	60	4	113	49	28	145	29	4	7	20	168	223	506	7648	351	148	140	11	97	27	180	79	4	7	0
17	0	20	0	106	0	17	274	36	391	42	12	10	10	37	2	0	4	2	5	22	3	1	2	597	0	25	4	673	12	65	0	0	106	161	9226	22	77	0	712	34	199	1487	1112	2143	1944	200	1029	48	4844	15	19	239	96	202	1599	271	25	223	1768	8	601	209	1675	4678	1365	17	8	194	1024	257	4	255	8	3	17	1	111	13	601	36	59	3	0
6	3512	2697	0	7	0	20	55	24	29	28	48	3	180	5	1	18	269	5	11	25	20	476	284	68	135	4994	4180	117	10	37	6	0	17	69	22	14904	1012	0	55	9	16	4	16	1049	32	360	24	420	50	288	100	453	8	61	53	62	2837	160	1098	2085	2885	9254	88	29	10	61	23	1	643	234	187	285	23	1	0	11	1204	728	566	246	87	11	99
5	322	2380	0	0	0	4	10	7	6	0	1	0	9	3	1	4	138	0	4	1	2	11	188	9	6	323	1013	21	0	0	1	1	0	4	77	1012	7458	0	5	8	255	97	580	28	576	28	0	19	460	16	10	465	7	5	6	743	317	2236	306	5	1581	1110	32	41	342	3	0	0	89	23	52	16	2	1	1	0	128	161	99	16	12	0	1
0	0	0	0	0	0	0	0	0	0	0	0	0	0	0	0	0	0	0	0	0	0	0	0	0	0	0	0	0	0	0	0	0	0	0	0	0	0	0	0	0	0	0	0	0	0	0	0	0	0	0	0	0	0	0	0	0	0	0	0	0	0	0	0	0	0	0	0	0	0	0	0	0	0	0	0	0	0	0	0	0	0	0	0
0	23	9	0	1848	0	7	760	1	688	88	0	119	11	1	21	0	0	0	0	347	1	0	3	907	1	24	4	1814	0	4	0	0	1	4	712	55	5	0	8684	190	968	83	510	2610	2412	201	1111	68	994	425	36	9	67	40	4745	5	17	52	4584	10	186	120	3089	871	2	26	25	0	717	10	1	19	2	52	1	3	430	84	590	101	263	26	1
0	0	2	0	10	0	6	82	4	13	1	0	2	3	2	0	0	0	0	0	2	0	0	0	15	3	3	1	66	0	1	0	0	0	4	34	9	8	0	190	2698	1582	24	333	199	184	13	320	12	183	1610	1	0	1	0	116	2	17	8	393	3	4	16	152	38	5	0	507	0	149	2	1	12	3	1	2	0	70	5	65	16	1182	447	1
3	0	60	0	66	0	44	710	27	207	11	2	49	64	111	4	4	6	2	1	14	47	8	20	201	12	12	6	665	1	24	0	1	4	8	199	16	255	0	968	1582	10557	670	2968	644	3797	502	1960	271	1189	2130	5	0	44	5	660	129	78	283	3326	14	152	73	1804	1200	155	39	168	0	1236	62	2	108	7	9	6	28	277	79	957	104	1355	37	13
6	2	26	0	6	0	42	120	36	136	2	0	10	42	89	0	1	10	2	0	10	31	5	19	33	2	4	1	290	17	138	0	1	9	5	1487	4	97	0	83	24	670	10116	1545	420	1842	21	46	6	2623	36	28	22	3	3	55	1000	100	162	2159	0	36	52	4674	502	2408	2	19	14	291	119	5	62	9	14	1	12	152	23	286	124	77	5	0
7	2	66	0	24	0	30	208	20	89	7	3	15	44	69	0	0	1	3	2	17	29	2	19	66	3	14	10	184	4	78	0	0	2	11	1112	16	580	0	510	333	2968	1545	10519	364	3445	86	365	44	5323	317	17	68	8	9	447	363	54	781	1707	9	400	82	1481	408	322	5	461	0	826	91	9	124	50	1	4	18	840	31	1120	177	539	123	0
89	45	91	0	998	0	69	1373	126	3214	55	32	129	47	140	39	37	40	14	32	251	293	334	99	2462	10	131	51	4813	207	699	0	4	226	413	2143	1049	28	0	2610	199	644	420	364	14315	601	120	658	106	1122	1104	760	42	19	9	1759	856	3816	90	6925	400	192	946	2394	2048	554	22	62	215	1143	1494	99	710	91	80	44	15	1676	236	1579	734	687	67	1
3	10	108	0	1286	0	16	405	9	444	538	0	74	42	38	5	3	6	0	1	294	36	7	22	216	8	25	10	883	1	20	0	0	1	1	1944	32	576	0	2412	184	3797	1842	3445	601	16077	831	3852	356	4378	246	34	49	253	235	5640	343	68	642	2973	11	834	309	3074	2690	350	100	40	1	2458	38	4	43	6	10	1	10	914	179	1819	121	265	4	8
1	58	30	0	20	0	10	103	12	104	7	23	35	364	13	0	0	2	23	1	10	6	0	7	4	297	533	134	130	1	72	22	0	0	6	200	360	28	0	201	13	502	21	86	120	831	8860	551	2805	1492	19	6	101	1364	874	513	87	149	168	222	1105	1929	318	180	1770	71	251	184	0	3356	47	163	14	0	6	2	52	446	1087	1886	199	196	6	380
0	2	10	0	586	0	17	327	10	474	299	0	321	21	2	6	0	0	0	1	185	1	0	1	172	4	8	2	557	1	5	0	0	0	0	1029	24	0	0	1111	320	1960	46	365	658	3852	551	10216	211	2504	762	6	21	229	216	5548	21	8	37	1451	20	592	406	263	2374	26	87	29	0	2170	12	6	11	9	17	0	21	692	125	1610	53	547	14	4
3	65	33	0	8	0	2	39	3	8	3	210	13	1700	14	0	3	9	15	23	5	1	4	3	18	1281	1119	530	56	3	14	134	0	1	7	48	420	19	0	68	12	271	6	44	106	356	2805	211	8353	765	11	9	10	169	134	179	9	189	29	194	2671	1779	2161	75	844	8	1850	172	0	1467	15	724	17	2	0	1	99	115	1442	772	6	52	5	203
12	4	58	0	130	0	54	453	68	370	45	9	94	72	94	5	0	6	4	11	51	73	0	12	225	14	42	7	662	17	269	0	1	43	82	4844	50	460	0	994	183	1189	2623	5323	1122	4378	1492	2504	765	16827	76	18	250	378	158	2600	324	149	749	1829	80	1287	496	1827	6004	591	178	985	11	4227	229	8	213	42	13	9	19	1246	180	3257	290	456	80	8
0	1	6	0	23	0	6	111	4	24	1	0	3	3	3	1	0	0	0	0	6	0	0	0	18	1	3	1	97	0	0	0	0	3	6	15	288	16	0	425	1610	2130	36	317	1104	246	19	762	11	76	3807	2	0	1	0	253	6	352	19	986	55	36	280	248	29	5	1	223	0	109	2	2	14	1	4	2	0	126	26	96	23	1888	117	1
14	11	255	0	4	0	5	34	16	474	3	0	0	2	13	9	696	8	0	4	0	511	1331	1905	330	0	25	1011	609	2	23	0	0	0	10	19	100	10	0	36	1	5	28	17	760	34	6	6	9	18	2	7122	22	4	6	29	1141	4803	2366	1845	13	49	930	746	39	271	4	3	24	152	143	43	17	8	9	1	0	674	212	219	178	11	2	0
13	131	588	0	4	0	31	76	63	13	8	43	10	9	11	1	2	204	2	59	13	11	9	201	8	1	404	234	68	14	2	1	0	1	50	239	453	465	0	9	0	0	22	68	42	49	101	21	10	250	0	22	6536	35	1062	23	184	304	1172	73	7	937	2249	20	44	220	0	1	13	1091	74	120	89	3	0	1	0	279	270	548	363	0	0	0
0	0	8	0	4	0	0	17	1	9	0	0	8	3	1	0	0	0	5	0	3	0	0	5	3	0	87	8	28	0	5	1	0	0	1	96	8	7	0	67	1	44	3	8	19	253	1364	229	169	378	1	4	35	2161	705	248	15	19	45	33	28	346	119	49	435	17	36	2	4	584	5	5	2	0	0	0	0	279	312	299	61	10	1	0
0	7	57	0	23	0	4	17	16	2	3	0	0	0	1	0	0	1	5	4	3	1	1	29	1	0	149	13	24	0	0	0	0	0	1	202	61	5	0	40	0	5	3	9	9	235	874	216	134	158	0	6	1062	705	3971	252	80	43	154	65	35	1336	276	39	244	83	18	5	4	1320	7	23	3	0	0	1	0	337	381	656	118	0	0	0
0	13	15	0	2540	0	11	195	1	1018	601	0	350	19	1	21	0	0	0	1	702	0	0	3	907	0	22	3	1529	0	4	0	0	0	0	1599	53	6	0	4745	116	660	55	447	1759	5640	513	5548	179	2600	253	29	23	248	252	11408	19	11	72	3149	11	567	320	1895	2303	29	73	12	0	1836	11	4	16	6	53	0	5	1123	157	1359	94	176	15	0
25	33	207	0	4	0	11	65	41	405	2	21	0	4	27	13	183	39	7	46	0	1041	250	1146	238	0	181	206	1121	54	347	0	0	24	38	271	62	743	0	5	2	129	1000	363	856	343	87	21	9	324	6	1141	184	15	80	19	13744	2193	5020	844	12	254	199	3661	284	4983	0	5	296	1483	801	158	61	2	2	1	0	1519	219	964	534	72	4	0
159	55	2276	0	2	0	146	475	360	1582	7	2	0	29	133	78	892	40	5	8	1	1974	2258	5220	803	11	90	3709	2380	118	447	1	0	60	90	25	2837	317	0	17	17	78	100	54	3816	68	149	8	189	149	352	4803	304	19	43	11	2193	16503	3373	2595	676	327	4202	1013	117	1797	42	11	2	573	553	111	60	23	24	2	4	1144	386	725	393	146	22	3
47	33	1333	0	10	0	28	115	76	42	6	1	1	1	38	146	492	42	0	17	1	363	652	2996	25	1	102	1095	183	13	25	0	0	5	14	223	160	2236	0	52	8	283	162	781	90	642	168	37	29	749	19	2366	1172	45	154	72	5020	3373	17846	600	24	485	2213	307	184	1385	2	8	19	1526	399	30	104	22	2	2	1	1444	539	1597	2337	84	10	1
19	50	136	0	1676	0	102	2370	76	2170	456	12	143	105	172	29	31	27	6	21	486	152	160	68	1761	10	98	65	3952	25	54	0	2	19	60	1768	1098	306	0	4584	393	3326	2159	1707	6925	2973	222	1451	194	1829	986	1845	73	33	65	3149	844	2595	600	19510	449	257	1211	6781	1706	1019	41	92	163	1343	516	31	282	9	64	14	10	1144	169	1229	329	598	33	2
0	109	118	0	3	0	0	3	0	3	1	47	2	830	0	0	3	24	6	2	1	3	5	20	18	1028	1862	1147	7	0	0	17	0	0	4	8	2085	5	0	10	3	14	0	9	400	11	1105	20	2671	80	55	13	7	28	35	11	12	676	24	449	6036	1478	3117	17	31	7	513	53	3	456	63	157	51	2	0	1	43	53	412	287	146	11	2	251
7	726	610	0	41	0	40	162	41	83	74	117	31	804	17	0	6	327	37	119	79	20	15	108	38	599	5673	1296	197	12	51	104	0	8	113	601	2885	1581	0	186	4	152	36	400	192	834	1929	592	1779	1287	36	49	937	346	1336	567	254	327	485	257	1478	17581	3465	198	953	186	1145	13	17	1890	175	446	337	21	4	3	10	858	1256	1506	281	122	1	14
6	1703	2799	0	23	0	32	113	48	98	17	26	13	163	4	18	64	312	3	28	13	52	675	613	112	139	3338	4107	205	11	13	12	0	9	49	209	9254	1110	0	120	16	73	52	82	946	309	318	406	2161	496	280	930	2249	119	276	320	199	4202	2213	1211	3117	3465	25693	219	406	59	338	27	13	1915	350	225	194	30	1	2	3	1489	653	2073	800	108	8	9
16	48	43	0	359	0	28	578	30	785	17	4	14	19	42	8	67	21	2	21	31	201	178	91	859	7	75	19	1789	66	325	0	1	15	28	1675	88	32	0	3089	152	1804	4674	1481	2394	3074	180	263	75	1827	248	746	20	49	39	1895	3661	1013	307	6781	17	198	219	16602	1368	2395	23	26	137	1065	339	15	112	8	6	4	5	1100	128	879	193	121	11	1
26	2	27	0	103	0	46	511	66	331	37	13	85	69	78	3	0	2	1	5	38	51	3	14	516	16	32	5	903	15	228	0	2	100	145	4678	29	41	0	871	38	1200	502	408	2048	2690	1770	2374	844	6004	29	39	44	435	244	2303	284	117	184	1706	31	953	406	1368	11928	719	246	399	662	4787	375	4	282	17	17	27	36	584	208	2731	177	298	14	16
88	3	55	0	1	0	0	58	40	257	0	1	0	0	76	2	30	9	6	3	0	965	116	838	102	0	17	1	667	30	74	0	0	20	29	1365	10	342	0	2	5	155	2408	322	554	350	71	26	8	591	5	271	220	17	83	29	4983	1797	1385	1019	7	186	59	2395	719	10839	0	4	154	934	48	10	12	5	2	0	0	60	20	311	42	9	0	0
2	12	2	0	1	0	1	20	2	2	1	99	12	671	7	0	3	3	10	16	2	0	2	1	9	441	578	270	31	2	4	78	0	0	4	17	61	3	0	26	0	39	2	5	22	100	251	87	1850	178	1	4	0	36	18	73	0	42	2	41	513	1145	338	23	246	0	1985	3	0	270	11	284	5	0	0	1	3	20	224	206	0	20	0	0
0	2	1	0	1	0	10	91	6	50	0	1	0	10	8	1	0	0	0	0	0	0	0	0	3	8	10	2	93	4	43	0	0	3	7	8	23	0	0	25	507	168	19	461	62	40	184	29	172	985	223	3	1	2	5	12	5	11	8	92	53	13	27	26	399	4	3	1872	0	874	33	4	27	5	1	2	3	82	19	134	33	403	437	4
0	0	2	0	0	0	0	8	1	19	0	0	0	0	1	0	0	0	0	0	0	0	0	0	35	0	2	0	49	4	7	0	0	16	20	194	1	0	0	0	0	0	14	0	215	1	0	0	0	11	0	24	13	4	4	0	296	2	19	163	3	17	13	137	662	154	0	0	922	313	39	0	23	0	0	0	0	7	6	59	69	19	1	0
15	168	448	0	104	0	103	566	147	362	32	11	77	108	57	9	0	27	1	9	39	46	5	266	151	58	239	215	786	35	254	0	2	78	168	1024	643	89	0	717	149	1236	291	826	1143	2458	3356	2170	1467	4227	109	152	1091	584	1320	1836	1483	573	1526	1343	456	1890	1915	1065	4787	934	270	874	313	15953	399	136	383	116	14	24	117	778	632	8252	1138	562	238	97
75	474	1369	0	78	29	774	1100	592	1088	364	556	218	149	461	163	401	1132	347	884	306	1146	527	4175	869	4	3280	2551	2270	171	114	2	50	45	223	257	234	23	0	10	2	62	119	91	1494	38	47	12	15	229	2	143	74	5	7	11	801	553	399	516	63	175	350	339	375	48	11	33	39	399	17641	3938	2330	559	154	262	24	1686	54	671	627	81	7	0
36	214	460	0	28	1	203	399	83	130	54	1376	167	1017	65	4	280	725	648	669	130	219	283	1278	243	306	3543	1320	461	143	163	69	6	41	506	4	187	52	0	1	1	2	5	9	99	4	163	6	724	8	2	43	120	5	23	4	158	111	30	31	157	446	225	15	4	10	284	4	0	136	3938	9721	1504	460	7	61	168	541	561	115	62	2	4	12
272	529	450	0	198	103	2203	1688	1607	342	1459	3637	2110	1552	1485	302	16	1967	534	2873	2272	1785	175	1720	413	32	4511	983	2195	1399	737	0	246	605	7648	255	285	16	0	19	12	108	62	124	710	43	14	11	17	213	14	17	89	2	3	16	61	60	104	282	51	337	194	112	282	12	5	27	23	383	2330	1504	16568	1695	173	380	175	222	50	491	325	39	23	2
40	42	125	0	7	23	511	111	201	72	62	58	33	300	129	11	6	116	19	59	60	221	19	411	48	0	126	120	274	73	55	0	57	56	351	8	23	2	0	2	3	7	9	50	91	6	0	9	2	42	1	8	3	0	0	6	2	23	22	9	2	21	30	8	17	5	0	5	0	116	559	460	1695	2286	4	401	152	110	8	86	85	6	14	1
15	24	3	0	151	238	570	179	202	794	26	30	161	33	26	1300	0	11	3	0	23	29	74	6	474	12	29	20	303	110	26	0	98	94	148	3	1	1	0	52	1	9	14	1	80	10	6	17	0	13	4	9	0	0	0	53	2	24	2	64	0	4	1	6	17	2	0	1	0	14	154	7	173	4	2038	25	0	7	3	11	4	10	0	0
1	0	7	0	2	111	676	63	124	11	48	56	9	159	48	20	1	3	11	7	47	12	1	50	9	0	32	7	44	22	1	0	144	1	140	17	0	1	0	1	2	6	1	4	44	1	2	0	1	9	2	1	1	0	1	0	1	2	2	14	1	3	2	4	27	0	1	2	0	24	262	61	380	401	25	1044	49	15	0	17	6	5	1	1
3	6	1	0	0	7	60	25	24	0	1	128	7	324	11	0	0	0	1	0	7	1	0	5	4	216	33	25	28	0	7	0	12	0	11	1	11	0	0	3	0	28	12	18	15	10	52	21	99	19	0	0	0	0	0	5	0	4	1	10	43	10	3	5	36	0	3	3	0	117	24	168	175	152	0	49	737	24	160	146	26	7	4	60
39	532	429	0	252	0	52	336	73	577	128	73	20	53	69	19	23	87	90	96	69	399	45	335	227	52	833	461	1208	86	496	0	2	14	97	111	1204	128	0	430	70	277	152	840	1676	914	446	692	115	1246	126	674	279	279	337	1123	1519	1144	1444	1144	53	858	1489	1100	584	60	20	82	7	778	1686	541	222	110	7	15	24	13682	3108	2215	848	348	101	8
2	376	253	0	42	0	5	35	5	31	20	63	9	619	9	2	3	7	2	3	13	78	18	101	25	537	630	305	176	3	24	21	0	6	27	13	728	161	0	84	5	79	23	31	236	179	1087	125	1442	180	26	212	270	312	381	157	219	386	539	169	412	1256	653	128	208	20	224	19	6	632	54	561	50	8	3	0	160	3108	6632	1220	460	23	5	211
25	245	399	0	107	0	116	510	160	355	29	15	68	109	83	10	2	59	5	18	54	123	43	405	238	48	360	313	987	46	326	1	2	71	180	601	566	99	0	590	65	957	286	1120	1579	1819	1886	1610	772	3257	96	219	548	299	656	1359	964	725	1597	1229	287	1506	2073	879	2731	311	206	134	59	8252	671	115	491	86	11	17	146	2215	1220	14208	3876	352	118	112
19	115	119	0	17	0	57	165	76	157	7	11	9	10	25	123	12	62	3	15	13	73	33	643	148	1	167	234	487	33	77	1	1	22	79	36	246	16	0	101	16	104	124	177	734	121	199	53	6	290	23	178	363	61	118	94	534	393	2337	329	146	281	800	193	177	42	0	33	69	1138	627	62	325	85	4	6	26	848	460	3876	6511	199	92	5
0	1	7	0	15	0	19	223	20	164	2	1	5	20	28	0	1	0	0	0	6	4	2	2	18	4	6	3	222	5	108	0	0	3	4	59	87	12	0	263	1182	1355	77	539	687	265	196	547	52	456	1888	11	0	10	0	176	72	146	84	598	11	122	108	121	298	9	20	403	19	562	81	2	39	6	10	5	7	348	23	352	199	3677	216	5
2	1	1	0	1	0	17	12	11	2	0	0	0	4	3	0	0	0	0	0	0	1	0	14	3	2	1	1	28	5	7	0	1	0	7	3	11	0	0	26	447	37	5	123	67	4	6	14	5	80	117	2	0	1	0	15	4	22	10	33	2	1	8	11	14	0	0	437	1	238	7	4	23	14	0	1	4	101	5	118	92	216	869	2
0	20	9	0	0	0	1	0	0	1	0	8	0	77	0	0	0	0	0	0	0	0	0	0	0	111	33	6	1	0	0	0	0	0	0	0	99	1	0	1	1	13	0	0	1	8	380	4	203	8	1	0	0	0	0	0	0	3	1	2	251	14	9	1	16	0	0	4	0	97	0	12	2	1	0	1	60	8	211	112	5	5	2	541
