0.0233824285849	0.000105048865834	0.00577044287153	0	2.89789974716e-05	0	0.000923705544407	0.0116640464823	0.00455332497772	0.000249943853192	0.000434684962074	0.000749831559577	5.07132455753e-05	3.26013721555e-05	0.0173113286146	3.98461215234e-05	0.00013765023799	0.000764321058313	0.000108671240518	0.000181118734197	0.000115915989886	0.000246321478508	0.00015576211141	0.0044229194891	0.000387594091182	0	0.00218429193442	0.000612181321587	0.00292687874463	0.00715056762611	0.00289065499779	0	0	0.000492642957017	0.00120625076975	6.15803696271e-05	2.17342481037e-05	1.81118734197e-05	0	0	0	1.08671240518e-05	2.17342481037e-05	2.53566227876e-05	0.000322391346871	1.08671240518e-05	3.62237468395e-06	0	1.08671240518e-05	4.34684962074e-05	0	5.07132455753e-05	4.70908708913e-05	0	0	0	9.05593670987e-05	0.000575957574748	0.000170251610146	6.8825118995e-05	0	2.53566227876e-05	2.17342481037e-05	5.79579949432e-05	9.41817417826e-05	0.000318768972187	7.2447493679e-06	0	0	5.43356202592e-05	0.000271678101296	0.000130405488622	0.000985285914034	0.000144894987358	5.43356202592e-05	3.62237468395e-06	1.08671240518e-05	0.000141272612674	7.2447493679e-06	9.05593670987e-05	6.8825118995e-05	0	7.2447493679e-06	0
0.000105048865834	0.0255304967725	0.00234005404583	0	1.81118734197e-05	0	1.81118734197e-05	0.000188363483565	1.08671240518e-05	0.000470908708913	7.60698683629e-05	0.000123160739254	4.34684962074e-05	0.000380349341815	9.41817417826e-05	7.96922430469e-05	0.000767943432997	0.00115553752418	2.17342481037e-05	0.000536111453224	9.41817417826e-05	8.33146177308e-05	0.00591533785889	0.000278922850664	0.00521984191957	0.00120987314444	0.0114684382494	0.0144315407408	0.000260810977244	0.000478153458281	0.000778810557049	2.89789974716e-05	0	5.79579949432e-05	0.000615803696271	0	0.01272177989	0.00116640464823	0	8.33146177308e-05	0	0	7.2447493679e-06	7.2447493679e-06	0.000163006860778	3.62237468395e-05	0.000210097731669	7.2447493679e-06	0.000235454354457	1.44894987358e-05	3.62237468395e-06	3.98461215234e-05	0.000474531083597	0	2.53566227876e-05	4.70908708913e-05	0.00011953836457	0.000199230607617	0.00011953836457	0.000181118734197	0.00039483884055	0.00262984402055	0.00616890408676	0.000173873984829	7.2447493679e-06	1.08671240518e-05	4.34684962074e-05	7.2447493679e-06	0	0.000608558946903	0.00171700560019	0.000775188182365	0.00191623620781	0.000152139736726	8.69369924147e-05	0	2.17342481037e-05	0.00192710333186	0.00136201288116	0.000887481797567	0.000416573088654	3.62237468395e-06	3.62237468395e-06	7.2447493679e-05
0.00577044287153	0.00234005404583	0.0628047322703	0	1.08671240518e-05	7.2447493679e-06	0.000735342060841	0.00672312741341	0.00194521520528	7.60698683629e-05	5.43356202592e-05	0.000376726967131	4.34684962074e-05	4.70908708913e-05	0.00513652730184	7.2447493679e-05	0.000286167600032	0.00804529417305	6.52027443111e-05	0.000427440212706	4.70908708913e-05	0.00158660011157	0.000673761691214	0.0226688207721	0.000307901848136	3.98461215234e-05	0.013558548442	0.0209554375466	0.00339778745354	0.00113018090139	0.0044917446081	3.62237468395e-06	1.08671240518e-05	3.98461215234e-05	0.000909216045671	7.2447493679e-05	0.00976954452261	0.0086212517478	0	3.26013721555e-05	7.2447493679e-06	0.000217342481037	9.41817417826e-05	0.000239076729141	0.000329636096239	0.000391216465866	0.000108671240518	3.62237468395e-05	0.00011953836457	0.000210097731669	2.17342481037e-05	0.000923705544407	0.00212995631416	2.89789974716e-05	0.000206475356985	5.43356202592e-05	0.000749831559577	0.00824452478067	0.0048286254537	0.000492642957017	0.000427440212706	0.00220964855721	0.0101390267404	0.00015576211141	9.78041164666e-05	0.000199230607617	7.2447493679e-06	3.62237468395e-06	7.2447493679e-06	0.00162282385841	0.00495903094232	0.00166629235462	0.00163006860778	0.000452796835493	1.08671240518e-05	2.53566227876e-05	3.62237468395e-06	0.00155399873941	0.000916460795039	0.0014453274989	0.00043106258739	2.53566227876e-05	3.62237468395e-06	3.26013721555e-05
0	0	0	0	0	0	0	0	0	0	0	0	0	0	0	0	0	0	0	0	0	0	0	0	0	0	0	0	0	0	0	0	0	0	0	0	0	0	0	0	0	0	0	0	0	0	0	0	0	0	0	0	0	0	0	0	0	0	0	0	0	0	0	0	0	0	0	0	0	0	0	0	0	0	0	0	0	0	0	0	0	0	0	0
2.89789974716e-05	1.81118734197e-05	1.08671240518e-05	0	0.0219805695822	1.44894987358e-05	0.000387594091182	0.00118451652165	0.000126783113938	0.00260086502307	0.00258999789902	0.000130405488622	0.00287978787374	0.000101426491151	0.000134027863306	0.000528866703856	0	9.78041164666e-05	2.53566227876e-05	0.000159384486094	0.00779535031986	3.62237468395e-06	0	5.43356202592e-05	0.00850895813259	0	0.000260810977244	7.96922430469e-05	0.00882772710478	9.05593670987e-05	1.08671240518e-05	0	3.62237468395e-06	3.62237468395e-06	0.000362237468395	0.000383971716498	2.53566227876e-05	0	0	0.00669414841594	3.62237468395e-05	0.000239076729141	2.17342481037e-05	8.69369924147e-05	0.00361512993458	0.00465837384356	7.2447493679e-05	0.00212271156479	2.89789974716e-05	0.000470908708913	8.33146177308e-05	1.44894987358e-05	1.44894987358e-05	1.44894987358e-05	8.33146177308e-05	0.00920083169723	1.44894987358e-05	7.2447493679e-06	3.62237468395e-05	0.0060710999703	1.08671240518e-05	0.000148517362042	8.33146177308e-05	0.00130043251154	0.000373104592447	3.62237468395e-06	3.62237468395e-06	3.62237468395e-06	0	0.000376726967131	0.000282545225348	0.000101426491151	0.000717230187422	2.53566227876e-05	0.000546978577276	7.2447493679e-06	0	0.000912838420355	0.000152139736726	0.000387594091182	6.15803696271e-05	5.43356202592e-05	3.62237468395e-06	0
0	0	7.2447493679e-06	0	1.44894987358e-05	0.00341589932696	0.00238352254204	6.15803696271e-05	0.000286167600032	0.000141272612674	3.26013721555e-05	0.000253566227876	5.43356202592e-05	0.000235454354457	3.98461215234e-05	0.00130043251154	0	7.2447493679e-06	0	3.62237468395e-06	0	0	0	7.2447493679e-06	4.70908708913e-05	0	1.08671240518e-05	3.62237468395e-06	5.07132455753e-05	0.000470908708913	3.62237468395e-06	0	0.00123885214191	6.15803696271e-05	0.000767943432997	0	0	0	0	0	0	0	0	0	0	0	0	0	0	0	0	0	0	0	0	0	0	0	0	0	0	0	0	0	0	0	0	0	0	0	0.000105048865834	3.62237468395e-06	0.000373104592447	8.33146177308e-05	0.00086212517478	0.000402083589918	2.53566227876e-05	0	0	0	0	0	0	0
0.000923705544407	1.81118734197e-05	0.000735342060841	0	0.000387594091182	0.00238352254204	0.0493729669422	0.0113959907557	0.0234621208279	0.000481775832965	0.0142431772573	0.00303192761046	0.0117473611	0.00241250153951	0.00407517151944	0.0027312705117	3.62237468395e-06	0.000467286334229	0.00072447493679	0.00138374712927	0.003564416689	4.70908708913e-05	1.08671240518e-05	0.00148155124573	0.0017604740964	0	0.00298845911426	0.000398461215234	0.00784244119075	0.00146343937231	4.70908708913e-05	0	0.002166180061	3.62237468395e-05	0.0045352131043	6.15803696271e-05	7.2447493679e-05	1.44894987358e-05	0	2.53566227876e-05	2.17342481037e-05	0.000159384486094	0.000152139736726	0.000108671240518	0.000249943853192	5.79579949432e-05	3.62237468395e-05	6.15803696271e-05	7.2447493679e-06	0.000195608232933	2.17342481037e-05	1.81118734197e-05	0.000112293615202	0	1.44894987358e-05	3.98461215234e-05	3.98461215234e-05	0.000528866703856	0.000101426491151	0.000369482217763	0	0.000144894987358	0.000115915989886	0.000101426491151	0.000166629235462	0	3.62237468395e-06	3.62237468395e-05	0	0.000373104592447	0.00280371800538	0.000735342060841	0.00798009142874	0.0018510334635	0.00206475356985	0.00244872528635	0.000217342481037	0.000188363483565	1.81118734197e-05	0.000420195463338	0.000206475356985	6.8825118995e-05	6.15803696271e-05	3.62237468395e-06
0.0116640464823	0.000188363483565	0.00672312741341	0	0.00118451652165	6.15803696271e-05	0.0113959907557	0.0706254392129	0.0135404365686	0.00307539610667	0.0140693032725	0.0018945019597	0.00041295071397	0.000249943853192	0.010682382943	0.000992530663402	3.98461215234e-05	0.00347023494722	0.000126783113938	0.00181480971666	0.000405705964602	0.00242336866356	0.000141272612674	0.0104143272163	0.00405343727134	0	0.00362961943332	0.00123885214191	0.0355282509002	0.00529953416262	0.00932399243648	3.62237468395e-06	4.70908708913e-05	0.000713607812738	0.00509305880563	0.000992530663402	0.000199230607617	3.62237468395e-05	0	0.0027530047598	0.000297034724084	0.0025718860256	0.000434684962074	0.000753453934261	0.00497352044106	0.001467061747	0.000373104592447	0.00118451652165	0.000141272612674	0.00164093573183	0.000402083589918	0.000123160739254	0.00027530047598	6.15803696271e-05	6.15803696271e-05	0.00070636306337	0.000235454354457	0.00172062797488	0.000416573088654	0.00858502800096	1.08671240518e-05	0.0005868246988	0.000409328339286	0.00209373256732	0.0018510334635	0.000210097731669	7.2447493679e-05	0.000329636096239	2.89789974716e-05	0.00205026407111	0.00398461215234	0.0014453274989	0.0061145684665	0.000402083589918	0.000648405068427	0.000228209605089	9.05593670987e-05	0.00121711789381	0.000126783113938	0.00184741108881	0.000597691822851	0.00080778955452	4.34684962074e-05	0
0.00455332497772	1.08671240518e-05	0.00194521520528	0	0.000126783113938	0.000286167600032	0.0234621208279	0.0135404365686	0.0393643456905	0.000340503220291	0.0078750425629	0.0031587107244	0.00319855684593	0.00209373256732	0.012584129652	0.000847635676044	7.2447493679e-06	0.000369482217763	0.000626670820323	0.000920083169723	0.00126058639001	0.000213720106353	7.2447493679e-06	0.00330722808644	0.00133665625838	0	0.00213720106353	0.000344125594975	0.00771203570212	0.00214082343821	7.2447493679e-05	0	0.00101788728619	7.2447493679e-06	0.00396287790424	0.000130405488622	8.69369924147e-05	2.53566227876e-05	0	3.62237468395e-06	1.44894987358e-05	9.78041164666e-05	0.000130405488622	7.2447493679e-05	0.000456419210177	3.26013721555e-05	4.34684962074e-05	3.62237468395e-05	1.08671240518e-05	0.000246321478508	1.44894987358e-05	5.79579949432e-05	0.000228209605089	3.62237468395e-06	5.79579949432e-05	3.62237468395e-06	0.000148517362042	0.00130405488622	0.00027530047598	0.00027530047598	0	0.000148517362042	0.000173873984829	0.000108671240518	0.000239076729141	0.000144894987358	7.2447493679e-06	2.17342481037e-05	3.62237468395e-06	0.00053248907854	0.0021444458129	0.000300657098768	0.0058211561171	0.000728097311474	0.000731719686157	0.00044917446081	8.69369924147e-05	0.000264433351928	1.81118734197e-05	0.000579579949432	0.00027530047598	7.2447493679e-05	3.98461215234e-05	0
0.000249943853192	0.000470908708913	7.60698683629e-05	0	0.00260086502307	0.000141272612674	0.000481775832965	0.00307539610667	0.000340503220291	0.026338286327	0.00129318776217	0.000105048865834	0.00113742565076	9.78041164666e-05	8.33146177308e-05	0.00217342481037	0.000271678101296	0.000148517362042	3.98461215234e-05	0.00011953836457	0.00114829277481	0.000148517362042	0.00335794133202	8.69369924147e-05	0.00962102716057	0.000199230607617	0.000811411929204	0.000557845701328	0.00783881881606	0.000760698683629	0.00080778955452	0	1.81118734197e-05	0.000905593670987	0.00101064253682	0.00141634850142	0.000105048865834	2.17342481037e-05	0	0.00249219378256	4.70908708913e-05	0.000749831559577	0.000492642957017	0.000322391346871	0.0116423122342	0.00160833435967	0.000376726967131	0.00171700560019	2.89789974716e-05	0.00134027863306	8.69369924147e-05	0.00171700560019	4.70908708913e-05	3.26013721555e-05	7.2447493679e-06	0.00368757742826	0.001467061747	0.00573059675001	0.000152139736726	0.00786055306417	1.08671240518e-05	0.000300657098768	0.000354992719027	0.0028435641269	0.00119900602039	0.000930950293775	7.2447493679e-06	0.000181118734197	6.8825118995e-05	0.00131129963559	0.00394114365614	0.000470908708913	0.00123885214191	0.000260810977244	0.00287616549905	3.98461215234e-05	0	0.00209011019264	0.000112293615202	0.0012859430128	0.00056871282538	0.000594069448167	7.2447493679e-06	3.62237468395e-06
0.000434684962074	7.60698683629e-05	5.43356202592e-05	0	0.00258999789902	3.26013721555e-05	0.0142431772573	0.0140693032725	0.0078750425629	0.00129318776217	0.039690359412	0.00176409647108	0.0041512413878	0.000340503220291	0.0023472987952	0.000441929711442	7.2447493679e-06	0.000833146177308	0.000141272612674	0.00125334164065	0.00616890408676	1.08671240518e-05	2.53566227876e-05	6.15803696271e-05	0.00133303388369	0	0.00184378871413	0.000264433351928	0.00948337692258	0.00251030565598	4.34684962074e-05	3.62237468395e-06	5.07132455753e-05	1.81118734197e-05	0.00460041584861	0.000152139736726	0.000101426491151	0	0	0.000318768972187	3.62237468395e-06	3.98461215234e-05	7.2447493679e-06	2.53566227876e-05	0.000199230607617	0.00194883757996	2.53566227876e-05	0.0010830900305	1.08671240518e-05	0.000163006860778	3.62237468395e-06	1.08671240518e-05	2.89789974716e-05	0	1.08671240518e-05	0.00217704718505	7.2447493679e-06	2.53566227876e-05	2.17342481037e-05	0.00165180285588	3.62237468395e-06	0.000268055726612	6.15803696271e-05	6.15803696271e-05	0.000134027863306	0	3.62237468395e-06	0	0	0.000115915989886	0.00131854438496	0.000195608232933	0.00528504466388	0.000224587230405	9.41817417826e-05	0.000173873984829	3.62237468395e-06	0.000463663959545	7.2447493679e-05	0.000105048865834	2.53566227876e-05	7.2447493679e-06	0	0
0.000749831559577	0.000123160739254	0.000376726967131	0	0.000130405488622	0.000253566227876	0.00303192761046	0.0018945019597	0.0031587107244	0.000105048865834	0.00176409647108	0.0299642833856	0.00270229151423	0.00600589722599	0.00329998333708	0.00015576211141	0.000112293615202	0.0035209481928	0.0030246828611	0.00946888742384	0.00245597003572	0.000177496359513	7.96922430469e-05	0.000213720106353	0.000202852982301	0.000891104172251	0.0135042128218	0.00157573298752	0.00117002702292	0.00382885004093	0.000340503220291	9.41817417826e-05	0.000619426070955	5.07132455753e-05	0.0123522976723	4.34684962074e-05	0.000173873984829	3.62237468395e-06	0	0	0	7.2447493679e-06	0	1.08671240518e-05	0.000115915989886	0	8.33146177308e-05	0	0.000760698683629	3.26013721555e-05	0	0	0.00015576211141	0	0	0	7.60698683629e-05	7.2447493679e-06	3.62237468395e-06	4.34684962074e-05	0.000170251610146	0.000423817838022	9.41817417826e-05	1.44894987358e-05	4.70908708913e-05	3.62237468395e-06	0.000358615093711	3.62237468395e-06	0	3.98461215234e-05	0.00201404032427	0.00498438756511	0.0131745767255	0.000210097731669	0.000108671240518	0.000202852982301	0.000463663959545	0.000264433351928	0.000228209605089	5.43356202592e-05	3.98461215234e-05	3.62237468395e-06	0	2.89789974716e-05
5.07132455753e-05	4.34684962074e-05	4.34684962074e-05	0	0.00287978787374	5.43356202592e-05	0.0117473611	0.00041295071397	0.00319855684593	0.00113742565076	0.0041512413878	0.00270229151423	0.030945946925	0.00158660011157	0.000865747549464	0.00227122892684	0	0.000626670820323	0.000575957574748	0.00189812433439	0.0133013598395	1.81118734197e-05	1.08671240518e-05	1.81118734197e-05	0.00280009563069	0	0.00351008106875	0.000517999579805	0.00206475356985	0.000594069448167	4.70908708913e-05	0	1.08671240518e-05	0	0.00398823452703	3.62237468395e-05	1.08671240518e-05	0	0	0.00043106258739	7.2447493679e-06	0.000177496359513	3.62237468395e-05	5.43356202592e-05	0.000467286334229	0.000268055726612	0.000126783113938	0.00116278227355	4.70908708913e-05	0.000340503220291	1.08671240518e-05	0	3.62237468395e-05	2.89789974716e-05	0	0.00126783113938	0	0	3.62237468395e-06	0.000517999579805	7.2447493679e-06	0.000112293615202	4.70908708913e-05	5.07132455753e-05	0.000307901848136	0	4.34684962074e-05	0	0	0.000278922850664	0.000789677681101	0.000604936572219	0.00764321058313	0.00011953836457	0.000583202324116	3.26013721555e-05	2.53566227876e-05	7.2447493679e-05	3.26013721555e-05	0.000246321478508	3.26013721555e-05	1.81118734197e-05	0	0
3.26013721555e-05	0.000380349341815	4.70908708913e-05	0	0.000101426491151	0.000235454354457	0.00241250153951	0.000249943853192	0.00209373256732	9.78041164666e-05	0.000340503220291	0.00600589722599	0.00158660011157	0.0243930711217	0.00120987314444	0.000278922850664	0.00013765023799	0.00025718860256	0.000362237468395	0.000517999579805	0.000746209184893	1.44894987358e-05	0.000173873984829	0.000144894987358	0.000318768972187	0.00793300055785	0.00711434387927	0.00398461215234	0.000340503220291	0.00130767726091	3.62237468395e-06	0.000840390926676	0.000630293195007	2.89789974716e-05	0.00291601162058	3.62237468395e-05	0.000652027443111	3.26013721555e-05	0	3.98461215234e-05	1.08671240518e-05	0.000231831979773	0.000152139736726	0.000159384486094	0.000170251610146	0.000152139736726	0.00131854438496	7.60698683629e-05	0.00615803696271	0.000260810977244	1.08671240518e-05	7.2447493679e-06	3.26013721555e-05	1.08671240518e-05	0	6.8825118995e-05	1.44894987358e-05	0.000105048865834	3.62237468395e-06	0.000380349341815	0.00300657098768	0.00291238924589	0.000590447073483	6.8825118995e-05	0.000249943853192	0	0.00243061341293	3.62237468395e-05	0	0.000391216465866	0.000539733827908	0.00368395505357	0.00562192550949	0.00108671240518	0.00011953836457	0.000575957574748	0.0011736493976	0.000191985858249	0.00224224992936	0.00039483884055	3.62237468395e-05	7.2447493679e-05	1.44894987358e-05	0.000278922850664
0.0173113286146	9.41817417826e-05	0.00513652730184	0	0.000134027863306	3.98461215234e-05	0.00407517151944	0.010682382943	0.012584129652	8.33146177308e-05	0.0023472987952	0.00329998333708	0.000865747549464	0.00120987314444	0.0366656765509	4.70908708913e-05	0.000105048865834	0.000847635676044	0.000336880845607	0.00082590142794	0.00201041794959	0.000307901848136	0.000134027863306	0.00341227695228	0.000380349341815	1.08671240518e-05	0.00342314407633	0.000702740688686	0.00221327093189	0.00867558736806	0.00249219378256	0	0.000619426070955	2.17342481037e-05	0.00476704508408	0.000134027863306	1.81118734197e-05	1.08671240518e-05	0	3.62237468395e-06	7.2447493679e-06	0.000402083589918	0.000322391346871	0.000249943853192	0.000507132455753	0.00013765023799	4.70908708913e-05	7.2447493679e-06	5.07132455753e-05	0.000340503220291	1.08671240518e-05	4.70908708913e-05	3.98461215234e-05	3.62237468395e-06	3.62237468395e-06	3.62237468395e-06	9.78041164666e-05	0.000481775832965	0.00013765023799	0.000623048445639	0	6.15803696271e-05	1.44894987358e-05	0.000152139736726	0.000282545225348	0.00027530047598	2.53566227876e-05	2.89789974716e-05	3.62237468395e-06	0.000206475356985	0.0016699147293	0.000235454354457	0.00537922640566	0.000467286334229	9.41817417826e-05	0.000173873984829	3.98461215234e-05	0.000249943853192	3.26013721555e-05	0.000300657098768	9.05593670987e-05	0.000101426491151	1.08671240518e-05	0
3.98461215234e-05	7.96922430469e-05	7.2447493679e-05	0	0.000528866703856	0.00130043251154	0.0027312705117	0.000992530663402	0.000847635676044	0.00217342481037	0.000441929711442	0.00015576211141	0.00227122892684	0.000278922850664	4.70908708913e-05	0.0115734871152	0	5.07132455753e-05	3.26013721555e-05	2.89789974716e-05	0.000333258470923	8.69369924147e-05	0.000206475356985	0.000376726967131	0.00150690786852	2.17342481037e-05	0.000159384486094	0.000152139736726	0.00156486586347	0.000354992719027	3.62237468395e-05	0	0.000373104592447	0.000282545225348	0.000626670820323	7.2447493679e-06	3.62237468395e-06	3.62237468395e-06	0	7.60698683629e-05	0	1.44894987358e-05	0	0	0.000141272612674	1.81118734197e-05	0	2.17342481037e-05	0	1.81118734197e-05	3.62237468395e-06	3.26013721555e-05	3.62237468395e-06	0	0	7.60698683629e-05	4.70908708913e-05	0.000282545225348	0.000528866703856	0.000105048865834	0	0	6.52027443111e-05	2.89789974716e-05	1.08671240518e-05	7.2447493679e-06	0	3.62237468395e-06	0	3.26013721555e-05	0.000590447073483	1.44894987358e-05	0.00109395715455	3.98461215234e-05	0.00470908708913	7.2447493679e-05	0	6.8825118995e-05	7.2447493679e-06	3.62237468395e-05	0.000445552086126	0	0	0
0.00013765023799	0.000767943432997	0.000286167600032	0	0	0	3.62237468395e-06	3.98461215234e-05	7.2447493679e-06	0.000271678101296	7.2447493679e-06	0.000112293615202	0	0.00013765023799	0.000105048865834	0	0.0151379038042	0.000927327919091	0	9.41817417826e-05	3.62237468395e-06	0.0025501517775	0.00826988140345	0.00516550629931	0.00310799747883	1.08671240518e-05	0.0013547681318	0.00274938238512	0.00194883757996	0.000217342481037	0.000365859843079	0	0	1.44894987358e-05	4.70908708913e-05	0	6.52027443111e-05	1.44894987358e-05	0	0	0	1.44894987358e-05	3.62237468395e-06	0	0.000134027863306	1.08671240518e-05	0	0	1.08671240518e-05	0	0	0.00252117278003	7.2447493679e-06	0	0	0	0.000662894567162	0.00323115821808	0.0017822083445	0.000112293615202	1.08671240518e-05	2.17342481037e-05	0.000231831979773	0.000242699103825	0	0.000108671240518	1.08671240518e-05	0	0	0	0.00145257224826	0.00101426491151	5.79579949432e-05	2.17342481037e-05	0	3.62237468395e-06	0	8.33146177308e-05	1.08671240518e-05	7.2447493679e-06	4.34684962074e-05	3.62237468395e-06	0	0
0.000764321058313	0.00115553752418	0.00804529417305	0	9.78041164666e-05	7.2447493679e-06	0.000467286334229	0.00347023494722	0.000369482217763	0.000148517362042	0.000833146177308	0.0035209481928	0.000626670820323	0.00025718860256	0.000847635676044	5.07132455753e-05	0.000927327919091	0.0379190181916	4.70908708913e-05	0.0110880889076	0.00107584528113	0.00230020792431	0.00163369098246	0.00887119560099	0.0014887959951	1.08671240518e-05	0.0176482094602	0.00625946345386	0.00201766269896	0.00134390100774	0.00525606566641	0	2.17342481037e-05	0.000115915989886	0.00632104382349	1.44894987358e-05	0.000974418789982	0.000499887706385	0	0	0	2.17342481037e-05	3.62237468395e-05	3.62237468395e-06	0.000144894987358	2.17342481037e-05	7.2447493679e-06	0	3.26013721555e-05	2.17342481037e-05	0	2.89789974716e-05	0.000738964435525	0	3.62237468395e-06	0	0.000141272612674	0.000144894987358	0.000152139736726	9.78041164666e-05	8.69369924147e-05	0.00118451652165	0.00113018090139	7.60698683629e-05	7.2447493679e-06	3.26013721555e-05	1.08671240518e-05	0	0	9.78041164666e-05	0.00410052814223	0.00262622164586	0.00712521100333	0.000420195463338	3.98461215234e-05	1.08671240518e-05	0	0.000315146597503	2.53566227876e-05	0.000213720106353	0.000224587230405	0	0	0
0.000108671240518	2.17342481037e-05	6.52027443111e-05	0	2.53566227876e-05	0	0.00072447493679	0.000126783113938	0.000626670820323	3.98461215234e-05	0.000141272612674	0.0030246828611	0.000575957574748	0.000362237468395	0.000336880845607	3.26013721555e-05	0	4.70908708913e-05	0.00715056762611	0.00255377415218	0.000242699103825	1.08671240518e-05	3.62237468395e-06	5.79579949432e-05	1.81118734197e-05	2.53566227876e-05	0.00315146597503	0.000126783113938	0.000188363483565	0.00031152422282	3.62237468395e-06	0	2.17342481037e-05	0	0.0011048242786	7.2447493679e-06	1.81118734197e-05	0	0	0	0	7.2447493679e-06	7.2447493679e-06	1.08671240518e-05	5.07132455753e-05	0	8.33146177308e-05	0	5.43356202592e-05	1.44894987358e-05	0	0	7.2447493679e-06	1.81118734197e-05	1.81118734197e-05	0	2.53566227876e-05	1.81118734197e-05	0	2.17342481037e-05	2.17342481037e-05	0.000134027863306	1.08671240518e-05	7.2447493679e-06	3.62237468395e-06	2.17342481037e-05	3.62237468395e-05	0	0	3.62237468395e-06	0.00125696401533	0.0023472987952	0.00193434808123	6.8825118995e-05	1.08671240518e-05	3.98461215234e-05	3.62237468395e-06	0.000326013721555	7.2447493679e-06	1.81118734197e-05	1.08671240518e-05	0	0	0
0.000181118734197	0.000536111453224	0.000427440212706	0	0.000159384486094	3.62237468395e-06	0.00138374712927	0.00181480971666	0.000920083169723	0.00011953836457	0.00125334164065	0.00946888742384	0.00189812433439	0.000517999579805	0.00082590142794	2.89789974716e-05	9.41817417826e-05	0.0110880889076	0.00255377415218	0.0271424535068	0.00220240380784	0.000304279473452	0.000528866703856	0.000572335200064	0.000659272192479	7.2447493679e-06	0.0201548927415	0.00296310249147	0.00109757952924	0.00137288000522	0.000949062167194	7.2447493679e-06	3.26013721555e-05	9.05593670987e-05	0.00988546051249	1.81118734197e-05	3.98461215234e-05	1.44894987358e-05	0	0	0	3.62237468395e-06	0	7.2447493679e-06	0.000115915989886	3.62237468395e-06	3.62237468395e-06	3.62237468395e-06	8.33146177308e-05	3.98461215234e-05	0	1.44894987358e-05	0.000213720106353	0	1.44894987358e-05	3.62237468395e-06	0.000166629235462	2.89789974716e-05	6.15803696271e-05	7.60698683629e-05	7.2447493679e-06	0.00043106258739	0.000101426491151	7.60698683629e-05	1.81118734197e-05	1.08671240518e-05	5.79579949432e-05	0	0	3.26013721555e-05	0.00320217922061	0.00242336866356	0.010407082467	0.000213720106353	0	2.53566227876e-05	0	0.000347747969659	1.08671240518e-05	6.52027443111e-05	5.43356202592e-05	0	0	0
0.000115915989886	9.41817417826e-05	4.70908708913e-05	0	0.00779535031986	0	0.003564416689	0.000405705964602	0.00126058639001	0.00114829277481	0.00616890408676	0.00245597003572	0.0133013598395	0.000746209184893	0.00201041794959	0.000333258470923	3.62237468395e-06	0.00107584528113	0.000242699103825	0.00220240380784	0.0268091950359	2.17342481037e-05	1.81118734197e-05	3.62237468395e-05	0.00317320022314	0	0.00316233309909	0.00056871282538	0.00410052814223	0.00172062797488	8.33146177308e-05	3.62237468395e-06	3.26013721555e-05	3.62237468395e-06	0.00489382819801	7.96922430469e-05	9.05593670987e-05	3.62237468395e-06	0	0.00125696401533	7.2447493679e-06	5.07132455753e-05	3.62237468395e-05	6.15803696271e-05	0.000909216045671	0.00106497815708	3.62237468395e-05	0.00067013931653	1.81118734197e-05	0.000184741108881	2.17342481037e-05	0	4.70908708913e-05	1.08671240518e-05	1.08671240518e-05	0.00254290702813	0	3.62237468395e-06	3.62237468395e-06	0.0017604740964	3.62237468395e-06	0.000286167600032	4.70908708913e-05	0.000112293615202	0.00013765023799	0	7.2447493679e-06	0	0	0.000141272612674	0.00110844665329	0.000470908708913	0.00823003528193	0.000217342481037	8.33146177308e-05	0.000170251610146	2.53566227876e-05	0.000249943853192	4.70908708913e-05	0.000195608232933	4.70908708913e-05	2.17342481037e-05	0	0
0.000246321478508	8.33146177308e-05	0.00158660011157	0	3.62237468395e-06	0	4.70908708913e-05	0.00242336866356	0.000213720106353	0.000148517362042	1.08671240518e-05	0.000177496359513	1.81118734197e-05	1.44894987358e-05	0.000307901848136	8.69369924147e-05	0.0025501517775	0.00230020792431	1.08671240518e-05	0.000304279473452	2.17342481037e-05	0.0368069491636	0.00107222290645	0.018235034159	0.000757076308945	0	0.000590447073483	0.000594069448167	0.0116350674848	0.000467286334229	0.0100846911201	0	3.62237468395e-06	0.00011953836457	0.00610732371714	1.08671240518e-05	7.2447493679e-05	7.2447493679e-06	0	3.62237468395e-06	0	0.000170251610146	0.000112293615202	0.000105048865834	0.0010613557824	0.000130405488622	2.17342481037e-05	3.62237468395e-06	3.62237468395e-06	0.000264433351928	0	0.0018510334635	3.98461215234e-05	0	3.62237468395e-06	0	0.00377089204599	0.00715056762611	0.00131492201027	0.00055060095196	1.08671240518e-05	7.2447493679e-05	0.000188363483565	0.000728097311474	0.000184741108881	0.00349559157001	0	0	0	0.000166629235462	0.0041512413878	0.000793300055785	0.00646593881085	0.000800544805152	0.000105048865834	4.34684962074e-05	3.62237468395e-06	0.0014453274989	0.000282545225348	0.000445552086126	0.000264433351928	1.44894987358e-05	3.62237468395e-06	0
0.00015576211141	0.00591533785889	0.000673761691214	0	0	0	1.08671240518e-05	0.000141272612674	7.2447493679e-06	0.00335794133202	2.53566227876e-05	7.96922430469e-05	1.08671240518e-05	0.000173873984829	0.000134027863306	0.000206475356985	0.00826988140345	0.00163369098246	3.62237468395e-06	0.000528866703856	1.81118734197e-05	0.00107222290645	0.0246104136027	0.00456419210177	0.010349124472	0.00080778955452	0.00378900391941	0.00720128087169	0.00113380327608	0.000380349341815	0.000644782693743	0	0	2.53566227876e-05	0.000224587230405	3.62237468395e-06	0.00172425034956	3.98461215234e-05	0	0	0	2.89789974716e-05	1.81118734197e-05	7.2447493679e-06	0.00120987314444	2.53566227876e-05	0	0	1.44894987358e-05	0	0	0.00482138070433	3.26013721555e-05	0	3.62237468395e-06	0	0.000905593670987	0.00817932203635	0.00236178829393	0.000579579949432	1.81118734197e-05	5.43356202592e-05	0.00244510291166	0.000644782693743	1.08671240518e-05	0.000420195463338	7.2447493679e-06	0	0	1.81118734197e-05	0.00190899145844	0.00102513203556	0.000633915569691	6.8825118995e-05	0.000268055726612	3.62237468395e-06	0	0.000163006860778	6.52027443111e-05	0.00015576211141	0.00011953836457	7.2447493679e-06	0	0
0.0044229194891	0.000278922850664	0.0226688207721	0	5.43356202592e-05	7.2447493679e-06	0.00148155124573	0.0104143272163	0.00330722808644	8.69369924147e-05	6.15803696271e-05	0.000213720106353	1.81118734197e-05	0.000144894987358	0.00341227695228	0.000376726967131	0.00516550629931	0.00887119560099	5.79579949432e-05	0.000572335200064	3.62237468395e-05	0.018235034159	0.00456419210177	0.0799892777709	0.000753453934261	3.62237468395e-06	0.00339778745354	0.0122037803102	0.0102984112265	0.000760698683629	0.00686802240077	0	1.08671240518e-05	6.8825118995e-05	0.0045134788562	7.2447493679e-06	0.00102875441024	0.000681006440582	0	1.08671240518e-05	0	7.2447493679e-05	6.8825118995e-05	6.8825118995e-05	0.000358615093711	7.96922430469e-05	2.53566227876e-05	3.62237468395e-06	1.08671240518e-05	4.34684962074e-05	0	0.00690062377292	0.000728097311474	1.81118734197e-05	0.000105048865834	1.08671240518e-05	0.0041512413878	0.0189087958502	0.0108526345531	0.000246321478508	7.2447493679e-05	0.000391216465866	0.00222051568126	0.000329636096239	5.07132455753e-05	0.00303554998515	3.62237468395e-06	0	0	0.00096355166593	0.0151234143055	0.00462939484609	0.00623048445639	0.0014887959951	2.17342481037e-05	0.000181118734197	1.81118734197e-05	0.00121349551912	0.000365859843079	0.001467061747	0.00232918692178	7.2447493679e-06	5.07132455753e-05	0
0.000387594091182	0.00521984191957	0.000307901848136	0	0.00850895813259	4.70908708913e-05	0.0017604740964	0.00405343727134	0.00133665625838	0.00962102716057	0.00133303388369	0.000202852982301	0.00280009563069	0.000318768972187	0.000380349341815	0.00150690786852	0.00310799747883	0.0014887959951	1.81118734197e-05	0.000659272192479	0.00317320022314	0.000757076308945	0.010349124472	0.000753453934261	0.0447761734683	0.000811411929204	0.00375640254725	0.00414399663844	0.0183907962704	0.00122074026849	0.00086212517478	7.2447493679e-06	1.81118734197e-05	0.00055060095196	0.000800544805152	0.00216255768632	0.000246321478508	3.26013721555e-05	0	0.00328549383834	5.43356202592e-05	0.000728097311474	0.00011953836457	0.000239076729141	0.00891828647188	0.000782432931733	1.44894987358e-05	0.000623048445639	6.52027443111e-05	0.000815034303888	6.52027443111e-05	0.0011953836457	2.89789974716e-05	1.08671240518e-05	3.62237468395e-06	0.00328549383834	0.00086212517478	0.00290876687121	9.05593670987e-05	0.00637900181843	6.52027443111e-05	0.00013765023799	0.000405705964602	0.00311161985351	0.00186914533692	0.000369482217763	3.26013721555e-05	1.08671240518e-05	0.000126783113938	0.000546978577276	0.00314784360035	0.000880237048199	0.00149604074447	0.000173873984829	0.00171700560019	3.26013721555e-05	1.44894987358e-05	0.000822279053256	9.05593670987e-05	0.00086212517478	0.000536111453224	6.52027443111e-05	1.08671240518e-05	0
0	0.00120987314444	3.98461215234e-05	0	0	0	0	0	0	0.000199230607617	0	0.000891104172251	0	0.00793300055785	1.08671240518e-05	2.17342481037e-05	1.08671240518e-05	1.08671240518e-05	2.53566227876e-05	7.2447493679e-06	0	0	0.00080778955452	3.62237468395e-06	0.000811411929204	0.0128268287559	0.00467286334229	0.00487933869928	1.81118734197e-05	0	0	6.15803696271e-05	0	3.62237468395e-06	1.08671240518e-05	0	0.000489020582333	2.17342481037e-05	0	3.62237468395e-06	1.08671240518e-05	4.34684962074e-05	7.2447493679e-06	1.08671240518e-05	3.62237468395e-05	2.89789974716e-05	0.00107584528113	1.44894987358e-05	0.00464026197014	5.07132455753e-05	3.62237468395e-06	0	3.62237468395e-06	0	0	0	0	3.98461215234e-05	3.62237468395e-06	3.62237468395e-05	0.0037238011751	0.00216980243568	0.000503510081069	2.53566227876e-05	5.79579949432e-05	0	0.00159746723562	2.89789974716e-05	0	0.000210097731669	1.44894987358e-05	0.00110844665329	0.000115915989886	0	4.34684962074e-05	0	0.000782432931733	0.000188363483565	0.00194521520528	0.000173873984829	3.62237468395e-06	1.44894987358e-05	7.2447493679e-06	0.000402083589918
0.00218429193442	0.0114684382494	0.013558548442	0	0.000260810977244	1.08671240518e-05	0.00298845911426	0.00362961943332	0.00213720106353	0.000811411929204	0.00184378871413	0.0135042128218	0.00351008106875	0.00711434387927	0.00342314407633	0.000159384486094	0.0013547681318	0.0176482094602	0.00315146597503	0.0201548927415	0.00316233309909	0.000590447073483	0.00378900391941	0.00339778745354	0.00375640254725	0.00467286334229	0.110652679471	0.0332207982265	0.00240887916483	0.00342314407633	0.002934123494	0.000967174040614	0.000130405488622	0.000148517362042	0.0105048865834	9.05593670987e-05	0.0180901391716	0.00117002702292	0	8.69369924147e-05	1.08671240518e-05	4.34684962074e-05	1.44894987358e-05	5.07132455753e-05	0.000474531083597	9.05593670987e-05	0.00193072570654	2.89789974716e-05	0.00405343727134	0.000152139736726	1.08671240518e-05	9.05593670987e-05	0.00146343937231	0.000315146597503	0.000539733827908	7.96922430469e-05	0.000655649817795	0.000326013721555	0.000369482217763	0.000354992719027	0.00674486166151	0.020549731582	0.012091486695	0.000271678101296	0.000115915989886	6.15803696271e-05	0.00209373256732	3.62237468395e-05	7.2447493679e-06	0.000865747549464	0.0118813889633	0.0128340735052	0.0163405321993	0.000456419210177	0.000105048865834	0.000115915989886	0.00011953836457	0.00301743811173	0.00228209605089	0.00130405488622	0.000604936572219	2.17342481037e-05	3.62237468395e-06	0.00011953836457
0.000612181321587	0.0144315407408	0.0209554375466	0	7.96922430469e-05	3.62237468395e-06	0.000398461215234	0.00123885214191	0.000344125594975	0.000557845701328	0.000264433351928	0.00157573298752	0.000517999579805	0.00398461215234	0.000702740688686	0.000152139736726	0.00274938238512	0.00625946345386	0.000126783113938	0.00296310249147	0.00056871282538	0.000594069448167	0.00720128087169	0.0122037803102	0.00414399663844	0.00487933869928	0.0332207982265	0.0857488535184	0.0021444458129	0.00134027863306	0.0016481804812	0.000134027863306	1.81118734197e-05	5.43356202592e-05	0.0026624453927	1.44894987358e-05	0.0151415261789	0.00366946555484	0	1.44894987358e-05	3.62237468395e-06	2.17342481037e-05	3.62237468395e-06	3.62237468395e-05	0.000184741108881	3.62237468395e-05	0.000485398207649	7.2447493679e-06	0.00191985858249	2.53566227876e-05	3.62237468395e-06	0.00366222080547	0.000847635676044	2.89789974716e-05	4.70908708913e-05	1.08671240518e-05	0.000746209184893	0.0134353877028	0.00396650027892	0.000235454354457	0.00415486376249	0.0046945975904	0.014877092827	6.8825118995e-05	1.81118734197e-05	3.62237468395e-06	0.000978041164666	7.2447493679e-06	0	0.000778810557049	0.00924067781875	0.00478153458281	0.00356079431432	0.000434684962074	7.2447493679e-05	2.53566227876e-05	9.05593670987e-05	0.0016699147293	0.0011048242786	0.00113380327608	0.000847635676044	1.08671240518e-05	3.62237468395e-06	2.17342481037e-05
0.00292687874463	0.000260810977244	0.00339778745354	0	0.00882772710478	5.07132455753e-05	0.00784244119075	0.0355282509002	0.00771203570212	0.00783881881606	0.00948337692258	0.00117002702292	0.00206475356985	0.000340503220291	0.00221327093189	0.00156486586347	0.00194883757996	0.00201766269896	0.000188363483565	0.00109757952924	0.00410052814223	0.0116350674848	0.00113380327608	0.0102984112265	0.0183907962704	1.81118734197e-05	0.00240887916483	0.0021444458129	0.0892444450884	0.00389767515993	0.0099071947606	3.62237468395e-06	5.43356202592e-05	0.00197419420275	0.00596605110446	0.0024378581623	0.000423817838022	7.60698683629e-05	0	0.00657098767668	0.000239076729141	0.00240887916483	0.00105048865834	0.000666516941846	0.0174344893538	0.00319855684593	0.000470908708913	0.00201766269896	0.000202852982301	0.00239801204077	0.000351370344343	0.00220602618252	0.000246321478508	0.000101426491151	8.69369924147e-05	0.00553861089176	0.00406068202071	0.0086212517478	0.000662894567162	0.014315624751	2.53566227876e-05	0.000713607812738	0.000742586810209	0.00648042830958	0.0032710043396	0.00241612391419	0.000112293615202	0.000336880845607	0.000177496359513	0.00284718650158	0.00822279053256	0.0016699147293	0.00795111243127	0.000992530663402	0.00109757952924	0.000159384486094	0.000101426491151	0.00437582861821	0.000637537944375	0.00357528381306	0.00176409647108	0.000804167179836	0.000101426491151	3.62237468395e-06
0.00715056762611	0.000478153458281	0.00113018090139	0	9.05593670987e-05	0.000470908708913	0.00146343937231	0.00529953416262	0.00214082343821	0.000760698683629	0.00251030565598	0.00382885004093	0.000594069448167	0.00130767726091	0.00867558736806	0.000354992719027	0.000217342481037	0.00134390100774	0.00031152422282	0.00137288000522	0.00172062797488	0.000467286334229	0.000380349341815	0.000760698683629	0.00122074026849	0	0.00342314407633	0.00134027863306	0.00389767515993	0.032699176272	0.00633191094754	0	0.00115553752418	0.0052125971702	0.0123921437938	4.34684962074e-05	3.62237468395e-05	0	0	0	0	3.62237468395e-06	6.15803696271e-05	1.44894987358e-05	0.000749831559577	3.62237468395e-06	3.62237468395e-06	3.62237468395e-06	1.08671240518e-05	6.15803696271e-05	0	7.2447493679e-06	5.07132455753e-05	0	0	0	0.000195608232933	0.000427440212706	4.70908708913e-05	9.05593670987e-05	0	4.34684962074e-05	3.98461215234e-05	0.000239076729141	5.43356202592e-05	0.000108671240518	7.2447493679e-06	1.44894987358e-05	1.44894987358e-05	0.000126783113938	0.000619426070955	0.000517999579805	0.00506770218284	0.000264433351928	0.000398461215234	7.96922430469e-05	0	0.00031152422282	1.08671240518e-05	0.000166629235462	0.00011953836457	1.81118734197e-05	1.81118734197e-05	0
0.00289065499779	0.000778810557049	0.0044917446081	0	1.08671240518e-05	3.62237468395e-06	4.70908708913e-05	0.00932399243648	7.2447493679e-05	0.00080778955452	4.34684962074e-05	0.000340503220291	4.70908708913e-05	3.62237468395e-06	0.00249219378256	3.62237468395e-05	0.000365859843079	0.00525606566641	3.62237468395e-06	0.000949062167194	8.33146177308e-05	0.0100846911201	0.000644782693743	0.00686802240077	0.00086212517478	0	0.002934123494	0.0016481804812	0.0099071947606	0.00633191094754	0.0358433974977	0	0	0.00110844665329	0.00564365975759	0.000235454354457	0.000134027863306	0	0	1.44894987358e-05	3.62237468395e-06	8.69369924147e-05	0.000499887706385	0.000282545225348	0.00253203990408	7.2447493679e-05	0.000260810977244	1.81118734197e-05	5.07132455753e-05	0.000974418789982	0	8.33146177308e-05	7.2447493679e-06	1.81118734197e-05	0	1.44894987358e-05	0.00125696401533	0.00161920148372	9.05593670987e-05	0.000195608232933	0	0.000184741108881	4.70908708913e-05	0.00117727177228	0.00082590142794	0.000268055726612	1.44894987358e-05	0.00015576211141	2.53566227876e-05	0.000920083169723	0.00041295071397	0.000590447073483	0.00266969014207	0.000199230607617	9.41817417826e-05	3.62237468395e-06	2.53566227876e-05	0.00179669784324	8.69369924147e-05	0.00118089414697	0.000278922850664	0.000391216465866	2.53566227876e-05	0
0	2.89789974716e-05	3.62237468395e-06	0	0	0	0	3.62237468395e-06	0	0	3.62237468395e-06	9.41817417826e-05	0	0.000840390926676	0	0	0	0	0	7.2447493679e-06	3.62237468395e-06	0	0	0	7.2447493679e-06	6.15803696271e-05	0.000967174040614	0.000134027863306	3.62237468395e-06	0	0	0.00106497815708	0	0	0	0	2.17342481037e-05	3.62237468395e-06	0	0	0	0	0	0	0	0	7.96922430469e-05	0	0.000485398207649	0	0	0	3.62237468395e-06	3.62237468395e-06	0	0	0	3.62237468395e-06	0	0	6.15803696271e-05	0.000376726967131	4.34684962074e-05	0	0	0	0.000282545225348	0	0	0	7.2447493679e-06	0.000249943853192	0	0	0	0	0	0	7.60698683629e-05	3.62237468395e-06	3.62237468395e-06	0	0	0
