0.021201673558	4.08982900425e-06	0.0045192610497	0	2.45389740255e-05	1.6359316017e-05	0.000167682989174	0.00679729580506	0.0114228924089	3.68084610382e-05	0.000114515212119	0.000429432045446	0.000241299911251	1.22694870127e-05	0.013435088279	1.6359316017e-05	0	0.00217987885926	5.72576060595e-05	0.000368084610382	0.000257659227268	0.002891509106	4.08982900425e-06	0.00498959138518	0.000139054186144	8.1796580085e-06	0.00168091972075	0.00032718632034	0.00113697246318	0.00985648790024	0.0115005991599	8.1796580085e-06	0.000102245725106	0.00209808227918	0.00312871918825	4.08982900425e-06	0	0.000413072729429	0	4.08982900425e-06	0	0	2.45389740255e-05	0	4.49881190467e-05	0	0	0	4.08982900425e-06	0	0	4.08982900425e-06	1.22694870127e-05	0	0	0	4.08982900425e-06	4.08982900425e-06	2.04491450212e-05	8.1796580085e-06	0	4.08982900425e-06	2.86288030297e-05	4.9077948051e-05	0	8.1796580085e-06	8.1796580085e-06	0	0	0	0.00068300144371	0.000404893071421	0.00252751432463	0.000204491450212	2.45389740255e-05	0	1.22694870127e-05	1.6359316017e-05	0.00010633555411	4.08982900425e-06	4.08982900425e-06	0	0	0
4.08982900425e-06	0.026031761612	0.00118196058223	0	0	3.2718632034e-05	0.000151323673157	5.31677770552e-05	0.000139054186144	0.00318188696531	2.45389740255e-05	0.000388533755404	4.49881190467e-05	0.000957019986994	8.58864090892e-05	8.1796580085e-05	0.000449881190467	0.000179952476187	0.00013496435714	0.000229030424238	1.6359316017e-05	7.77067510807e-05	0.00532904719254	8.58864090892e-05	0.00253569398263	0.00222486697831	0.00199583655407	0.0164697414001	0.000372174439387	0.000200401621208	6.5437264068e-05	1.6359316017e-05	6.95270930722e-05	3.68084610382e-05	0.00065437264068	8.1796580085e-06	0.00767251921197	0.000331276149344	0	2.86288030297e-05	0	6.13474350637e-05	0.000171772818178	0.000179952476187	0.000114515212119	5.31677770552e-05	1.22694870127e-05	4.9077948051e-05	1.22694870127e-05	5.72576060595e-05	1.22694870127e-05	9.8155896102e-05	0.000130874528136	1.22694870127e-05	8.99762380935e-05	4.9077948051e-05	7.36169220765e-05	0.00231484321641	0.000175862647183	0.000282198201293	4.49881190467e-05	0.000139054186144	0.0131119917876	9.8155896102e-05	1.22694870127e-05	2.86288030297e-05	0	0	0	2.04491450212e-05	0.00404893071421	0.0032718632034	0.000674821785701	0.000335365978348	0.000261749056272	4.49881190467e-05	6.5437264068e-05	0.000568486231591	2.45389740255e-05	0.000130874528136	3.68084610382e-05	1.6359316017e-05	4.08982900425e-06	3.2718632034e-05
0.0045192610497	0.00118196058223	0.0504439509384	0	4.08982900425e-06	4.08982900425e-05	0.00116151143721	0.00502231001722	0.00861726971195	0.00026992871428	4.9077948051e-05	0.00126375716231	9.8155896102e-05	0.000216760937225	0.00386897823802	2.04491450212e-05	4.9077948051e-05	0.0094352355128	0.000151323673157	0.00122694870127	0.000122694870127	0.00861317988295	0.000388533755404	0.025042022993	0.000204491450212	2.04491450212e-05	0.0103799860128	0.00807332245439	0.00489552531809	0.00402439174018	0.0089485458613	4.08982900425e-05	0.000208581279217	0.000826145458858	0.00517363369038	6.13474350637e-05	0.00010633555411	0.00706313469034	0	4.08982900425e-06	0	0.000122694870127	0.00049077948051	0.000220850766229	0.000523498112544	2.45389740255e-05	0.000335365978348	0	4.08982900425e-06	7.36169220765e-05	0	4.08982900425e-05	0.00277699389389	2.45389740255e-05	0.000556216744578	0	0.000400803242416	0.000453971019472	0.00396304430512	0.000102245725106	0	0.000523498112544	0.0047196626709	0.000699360759727	3.2718632034e-05	5.31677770552e-05	0	0	0	0.000274018543285	0.00281380235492	0.000781157339812	0.00274836509086	0.000253569398263	2.86288030297e-05	8.1796580085e-06	8.1796580085e-06	7.77067510807e-05	0.00339455807353	0.000200401621208	0.000114515212119	4.08982900425e-06	0	4.08982900425e-06
0	0	0	0	0	0	0	0	0	0	0	0	0	0	0	0	0	0	0	0	0	0	0	0	0	0	0	0	0	0	0	0	0	0	0	0	0	0	0	0	0	0	0	0	0	0	0	0	0	0	0	0	0	0	0	0	0	0	0	0	0	0	0	0	0	0	0	0	0	0	0	0	0	0	0	0	0	0	0	0	0	0	0	0
2.45389740255e-05	0	4.08982900425e-06	0	0.0143552998049	4.08982900425e-06	0.000515318454535	0.000568486231591	0.000159503331166	0.000736169220765	0.000674821785701	0.000114515212119	0.00546810137868	0	0.000110425383115	0.00010633555411	0	0	1.6359316017e-05	3.2718632034e-05	0.00785247168816	4.08982900425e-06	0	1.22694870127e-05	0.00703859571631	0.000118605041123	9.8155896102e-05	2.86288030297e-05	0.00285879047397	0.000368084610382	1.6359316017e-05	8.1796580085e-06	4.9077948051e-05	2.04491450212e-05	0.00130874528136	4.08982900425e-06	0	0	0	0.00180361459087	0	0.000200401621208	0	4.08982900425e-05	0.000445791361463	0.000257659227268	0	0.000695270930722	0.000102245725106	4.08982900425e-06	8.1796580085e-06	0	0	0	0	0.00151732656058	0	0	0	0.000126784699132	0	0	8.1796580085e-06	0.00032718632034	4.08982900425e-06	4.08982900425e-06	0.000102245725106	0	0	8.1796580085e-06	0.000229030424238	0.000368084610382	0.00135373340041	0.000503048967523	8.58864090892e-05	0.000404893071421	0	0	0	3.2718632034e-05	1.6359316017e-05	0.000257659227268	2.04491450212e-05	0
1.6359316017e-05	3.2718632034e-05	4.08982900425e-05	0	4.08982900425e-06	0.00506320830726	0.00246207706056	0.000126784699132	0.000515318454535	0.000188132134195	6.95270930722e-05	6.95270930722e-05	2.86288030297e-05	2.86288030297e-05	0.000159503331166	0.00165638074672	0	1.22694870127e-05	4.08982900425e-06	4.08982900425e-06	4.49881190467e-05	4.49881190467e-05	2.86288030297e-05	4.9077948051e-05	0.00043352187445	4.08982900425e-05	2.45389740255e-05	4.08982900425e-05	0.000331276149344	0.000290377859302	2.45389740255e-05	0	0.00203264501511	1.22694870127e-05	0.000576665889599	0	0	0	0	0	0	0	0	0	0	0	0	0	0	0	0	0	0	0	0	0	0	0	0	0	0	8.1796580085e-06	8.1796580085e-06	0	0	0	8.1796580085e-06	0	0	0	0.00081796580085	4.08982900425e-06	0.000319006662331	7.36169220765e-05	0.00195084843503	0.000842504774875	0	0	8.1796580085e-06	0	0	0	0	0
0.000167682989174	0.000151323673157	0.00116151143721	0	0.000515318454535	0.00246207706056	0.0458224441636	0.00680956529208	0.0183756017161	0.000474420164493	0.0133614713569	0.00208581279217	0.0143798387789	0.000249479569259	0.00236392116446	0.00431885942849	0	0.000114515212119	0.000229030424238	0.00107153519911	0.00538221496959	0.000515318454535	4.08982900425e-05	0.00159912314066	0.00101018776405	0.000711630246739	0.00200401621208	0.000883403064918	0.00377082234192	0.00459287797177	0.00121058938526	8.99762380935e-05	0.00409800866226	0.000368084610382	0.00658053486784	4.08982900425e-06	2.45389740255e-05	6.13474350637e-05	0	2.86288030297e-05	0	8.1796580085e-06	2.86288030297e-05	2.86288030297e-05	0.00016359316017	4.08982900425e-06	1.6359316017e-05	2.45389740255e-05	5.72576060595e-05	2.86288030297e-05	0	3.68084610382e-05	1.22694870127e-05	0	1.22694870127e-05	4.08982900425e-06	3.2718632034e-05	1.22694870127e-05	4.49881190467e-05	0.000122694870127	0	4.08982900425e-06	4.9077948051e-05	3.68084610382e-05	8.1796580085e-06	0	0.000110425383115	0	0	4.08982900425e-06	0.00328004286141	0.0015377757056	0.00832689185265	0.00223304663632	0.00270337697181	0.00131692493937	5.31677770552e-05	7.36169220765e-05	6.5437264068e-05	3.68084610382e-05	2.86288030297e-05	2.04491450212e-05	1.22694870127e-05	0
0.00679729580506	5.31677770552e-05	0.00502231001722	0	0.000568486231591	0.000126784699132	0.00680956529208	0.053867137815	0.0118114261643	0.000188132134195	0.0058729944501	0.00412254763628	0.00174226715581	0.000143144015149	0.00906306107342	0.000302647346314	8.1796580085e-06	0.000359904952374	0.000609384521633	0.00289968876401	0.00206536364715	0.00475238130294	4.49881190467e-05	0.00750074639379	0.00123512835928	0.000102245725106	0.00372583422287	0.00101018776405	0.0248416213718	0.0180770441988	0.0138972389564	9.8155896102e-05	0.000858864090892	0.00985648790024	0.0158071891014	0	8.1796580085e-06	0.000965199645003	0	0.000404893071421	0	8.1796580085e-06	5.31677770552e-05	8.1796580085e-05	0.00218805851727	1.6359316017e-05	1.22694870127e-05	0.000568486231591	4.49881190467e-05	4.49881190467e-05	4.08982900425e-06	7.36169220765e-05	4.08982900425e-06	8.1796580085e-06	8.1796580085e-06	2.45389740255e-05	9.8155896102e-05	6.13474350637e-05	0.000376264268391	0.0018281535649	0	8.1796580085e-06	0.000208581279217	0.000584845547608	1.22694870127e-05	0	9.8155896102e-05	0	0	1.6359316017e-05	0.00146415878352	0.000572576060595	0.0123758225669	0.00286288030297	0.000139054186144	0.00167274006274	2.45389740255e-05	0.00081796580085	6.5437264068e-05	0.000245389740255	0.00029855751731	0.000155413502161	0.000331276149344	0
0.0114228924089	0.000139054186144	0.00861726971195	0	0.000159503331166	0.000515318454535	0.0183756017161	0.0118114261643	0.050084045986	0.000139054186144	0.00543129291764	0.00138645203244	0.00266247868177	0.000196311792204	0.0192999030711	0.000580755718603	0	0.00239663979649	0.000257659227268	0.000429432045446	0.00218396868827	0.00472375249991	2.04491450212e-05	0.011553766937	0.000699360759727	0.0001922219632	0.00501004053021	0.000601204863625	0.00388124772503	0.0111325145496	0.0129402189694	7.77067510807e-05	0.00253160415363	0.00098155896102	0.00588526393711	4.08982900425e-06	2.86288030297e-05	0.000449881190467	0	5.31677770552e-05	0	1.22694870127e-05	5.31677770552e-05	1.22694870127e-05	0.000130874528136	0	0	8.1796580085e-06	2.04491450212e-05	0	0	6.13474350637e-05	1.22694870127e-05	0	0	0	7.77067510807e-05	2.86288030297e-05	0.000102245725106	0.000114515212119	4.08982900425e-06	2.45389740255e-05	5.31677770552e-05	9.8155896102e-05	0	1.22694870127e-05	2.86288030297e-05	0	0	0	0.00262158039172	0.000531677770552	0.00633105529858	0.000613474350637	0.000785247168816	0.000777067510807	2.04491450212e-05	4.08982900425e-05	0.000204491450212	8.1796580085e-06	1.6359316017e-05	4.08982900425e-06	8.1796580085e-06	0
3.68084610382e-05	0.00318188696531	0.00026992871428	0	0.000736169220765	0.000188132134195	0.000474420164493	0.000188132134195	0.000139054186144	0.0212343921901	7.77067510807e-05	7.77067510807e-05	0.00235983133545	0.000441701532459	6.95270930722e-05	0.00104290639608	8.99762380935e-05	2.04491450212e-05	0	7.36169220765e-05	0.000764798023795	0.000388533755404	0.00359495969474	0.000253569398263	0.0101795843916	0.00101018776405	0.00049077948051	0.00184042305191	0.00426569165143	0.000478509993497	0.000719809904748	0	2.86288030297e-05	0.000498959138518	0.00196311792204	1.6359316017e-05	6.13474350637e-05	4.08982900425e-06	0	0.00189768065797	0	4.08982900425e-05	2.04491450212e-05	3.68084610382e-05	0.00697315845225	2.04491450212e-05	8.1796580085e-06	0.000155413502161	2.04491450212e-05	2.04491450212e-05	2.04491450212e-05	7.77067510807e-05	0	8.1796580085e-06	0	0.000159503331166	0	0.000253569398263	4.08982900425e-06	0.00628606717953	2.45389740255e-05	1.6359316017e-05	0.000159503331166	0.00200401621208	4.08982900425e-06	0	0	0	0	0	0.0026011312467	0.00051940828354	0.000478509993497	0.000175862647183	0.00126375716231	2.86288030297e-05	8.1796580085e-06	0.000498959138518	8.1796580085e-06	0.000310827004323	4.49881190467e-05	0.000126784699132	1.22694870127e-05	0
0.000114515212119	2.45389740255e-05	4.9077948051e-05	0	0.000674821785701	6.95270930722e-05	0.0133614713569	0.0058729944501	0.00543129291764	7.77067510807e-05	0.030829131034	0.0032718632034	0.00803651399335	7.36169220765e-05	0.00211035176619	0.000633923495659	4.08982900425e-06	2.45389740255e-05	0.000384443926399	0.00205718398914	0.0102654708007	0.000143144015149	8.1796580085e-06	0.000208581279217	0.000777067510807	8.58864090892e-05	0.00287514978999	0.00121467921426	0.00342318687656	0.00777476493708	0.000143144015149	0.000126784699132	0.000805696313837	0.00118605041123	0.0104495131059	0	0	4.08982900425e-06	0	8.1796580085e-06	0	0	0	0	6.13474350637e-05	0	0	0	0.000184042305191	4.08982900425e-06	0	0	4.08982900425e-06	0	4.08982900425e-06	0	0	0	0	4.9077948051e-05	0	4.08982900425e-06	8.1796580085e-06	4.08982900425e-06	4.08982900425e-06	0	0.000249479569259	0	0	0	0.000699360759727	0.000396713413412	0.00929618132666	0.00176271630083	4.49881190467e-05	0.00169318920776	4.08982900425e-05	4.08982900425e-05	8.1796580085e-06	1.22694870127e-05	4.08982900425e-06	4.08982900425e-06	0	0
0.000429432045446	0.000388533755404	0.00126375716231	0	0.000114515212119	6.95270930722e-05	0.00208581279217	0.00412254763628	0.00138645203244	7.77067510807e-05	0.0032718632034	0.0275981661207	0.00242935842852	0.00399167310815	0.0017299976688	3.68084610382e-05	8.1796580085e-06	0.000257659227268	0.0035581512337	0.00990147601929	0.0037503731969	0.000359904952374	3.2718632034e-05	0.00190995014498	0.000274018543285	0.00118196058223	0.0146211386902	0.00456833899775	0.00223713646532	0.00873178492407	0.000940660670977	0.000670731956697	0.00209399245018	0.000740259049769	0.0174553901901	0	4.9077948051e-05	0.000274018543285	0	3.2718632034e-05	0	0	0	0	4.08982900425e-05	0	0.000556216744578	0	0.000535767599557	0	0	1.6359316017e-05	8.1796580085e-06	0	4.08982900425e-06	0	8.1796580085e-06	2.45389740255e-05	2.04491450212e-05	4.08982900425e-05	0.000253569398263	6.95270930722e-05	0.000331276149344	2.86288030297e-05	0	0	0.000200401621208	0	0	0	0.00137009271642	0.00193448911901	0.0135536933201	0.000535767599557	3.2718632034e-05	0.000294467688306	0.000601204863625	0	0.000408982900425	4.08982900425e-06	0	4.08982900425e-06	0	7.36169220765e-05
0.000241299911251	4.49881190467e-05	9.8155896102e-05	0	0.00546810137868	2.86288030297e-05	0.0143798387789	0.00174226715581	0.00266247868177	0.00235983133545	0.00803651399335	0.00242935842852	0.0350252955924	0.000114515212119	0.00112879280517	0.002891509106	0	2.04491450212e-05	0.000249479569259	0.000646192982671	0.016355226188	0.000118605041123	1.22694870127e-05	0.000249479569259	0.00421661370338	0.000805696313837	0.00214307039823	0.00108380468613	0.00268701765579	0.00303056329215	0.000245389740255	0.000245389740255	0.000556216744578	0.000151323673157	0.00866634766	8.1796580085e-06	0	4.08982900425e-06	0	2.86288030297e-05	0	2.45389740255e-05	8.1796580085e-06	4.08982900425e-05	0.000216760937225	0.000143144015149	4.08982900425e-06	0.000310827004323	0.000343545636357	4.49881190467e-05	0	8.1796580085e-06	4.08982900425e-06	4.08982900425e-06	8.1796580085e-06	6.5437264068e-05	0	8.1796580085e-06	8.1796580085e-06	6.5437264068e-05	0	0	1.6359316017e-05	2.45389740255e-05	1.6359316017e-05	4.08982900425e-06	0.000425342216442	0	0	3.2718632034e-05	0.00166865023373	0.00209399245018	0.00938206773575	0.00266247868177	0.000928391183965	0.000740259049769	4.9077948051e-05	7.77067510807e-05	1.22694870127e-05	6.95270930722e-05	3.68084610382e-05	9.8155896102e-05	0	0
1.22694870127e-05	0.000957019986994	0.000216760937225	0	0	2.86288030297e-05	0.000249479569259	0.000143144015149	0.000196311792204	0.000441701532459	7.36169220765e-05	0.00399167310815	0.000114515212119	0.020220114597	0.000143144015149	4.08982900425e-06	8.1796580085e-06	4.08982900425e-05	0.000883403064918	0.000478509993497	8.58864090892e-05	8.1796580085e-06	6.13474350637e-05	3.2718632034e-05	8.99762380935e-05	0.00486280668605	0.00592207239815	0.00514091505834	0.00010633555411	0.000662552298688	4.49881190467e-05	0.00274427526185	0.000306737175319	4.08982900425e-06	0.000830235287863	4.08982900425e-06	0.000188132134195	4.49881190467e-05	0	2.45389740255e-05	0	0	0	1.22694870127e-05	4.9077948051e-05	8.1796580085e-06	0.00153368587659	1.22694870127e-05	0.00468285420987	8.1796580085e-06	4.08982900425e-06	4.08982900425e-06	2.45389740255e-05	3.68084610382e-05	4.49881190467e-05	8.1796580085e-06	4.08982900425e-06	3.68084610382e-05	8.1796580085e-06	4.49881190467e-05	0.00215533988524	0.000715720075744	0.00167274006274	2.86288030297e-05	4.08982900425e-06	0	0.00159094348265	0	0	1.6359316017e-05	0.000425342216442	0.0013496435714	0.00119831989825	0.00043352187445	0.000114515212119	0.000339455807353	0.000568486231591	4.08982900425e-06	0.00179543493287	6.5437264068e-05	1.22694870127e-05	0	0	0.000118605041123
0.013435088279	8.58864090892e-05	0.00386897823802	0	0.000110425383115	0.000159503331166	0.00236392116446	0.00906306107342	0.0192999030711	6.95270930722e-05	0.00211035176619	0.0017299976688	0.00112879280517	0.000143144015149	0.0344363602158	0.000171772818178	0	0.00129238596534	0.000290377859302	0.000425342216442	0.00178725527486	0.00230257372939	8.1796580085e-06	0.00485053719904	0.000425342216442	0.000167682989174	0.00236392116446	0.000691181101718	0.00333730046747	0.0166824125083	0.0104127046448	5.31677770552e-05	0.0013455537424	0.00387715789603	0.00691999067519	4.08982900425e-06	1.22694870127e-05	0.000527587941548	0	2.45389740255e-05	0	4.08982900425e-06	2.45389740255e-05	4.08982900425e-06	6.5437264068e-05	0	0	0	2.45389740255e-05	0	0	4.08982900425e-06	4.08982900425e-06	0	0	0	2.86288030297e-05	1.22694870127e-05	3.2718632034e-05	5.31677770552e-05	0	1.6359316017e-05	4.08982900425e-05	5.72576060595e-05	0	8.1796580085e-06	3.68084610382e-05	0	0	0	0.00128420630733	0.000494869309514	0.00487098634406	0.000343545636357	0.000114515212119	0.000339455807353	8.1796580085e-06	1.6359316017e-05	5.31677770552e-05	0	0	0	0	0
1.6359316017e-05	8.1796580085e-05	2.04491450212e-05	0	0.00010633555411	0.00165638074672	0.00431885942849	0.000302647346314	0.000580755718603	0.00104290639608	0.000633923495659	3.68084610382e-05	0.002891509106	4.08982900425e-06	0.000171772818178	0.00915303731151	1.22694870127e-05	0	8.1796580085e-06	2.86288030297e-05	0.000400803242416	2.86288030297e-05	8.1796580085e-05	3.2718632034e-05	0.00130465545236	8.1796580085e-06	2.86288030297e-05	8.99762380935e-05	0.00121876904327	0.00049077948051	8.1796580085e-05	0	0.0001922219632	7.77067510807e-05	0.000384443926399	0	0	4.08982900425e-06	0	2.04491450212e-05	0	2.86288030297e-05	4.08982900425e-06	1.6359316017e-05	0.00013496435714	2.45389740255e-05	0	4.08982900425e-05	0	0	0	0	0	0	0	1.22694870127e-05	0	0	0	3.68084610382e-05	0	0	0	2.45389740255e-05	0	0	0	0	0	0	0.00119014024024	4.49881190467e-05	0.00059711503462	0.000139054186144	0.00492006429211	6.5437264068e-05	0	1.22694870127e-05	0	0	0	3.68084610382e-05	0	0
0	0.000449881190467	4.9077948051e-05	0	0	0	0	8.1796580085e-06	0	8.99762380935e-05	4.08982900425e-06	8.1796580085e-06	0	8.1796580085e-06	0	1.22694870127e-05	0.0154595536361	0	0	1.6359316017e-05	4.08982900425e-06	0.00169318920776	0.0097174337141	0.00642921119468	0.00333321063846	1.22694870127e-05	4.08982900425e-05	0.00198356706706	0.00152550621859	4.08982900425e-06	8.1796580085e-06	0	0	4.08982900425e-06	0.000212671108221	2.45389740255e-05	4.08982900425e-05	1.22694870127e-05	0	0	0	0	8.1796580085e-06	0	0.00166865023373	8.1796580085e-06	0	0	0	0	0	0.00362767832677	0	0	0	0	0.00141917066447	0.00650691794576	0.000989738619028	0.00203673484412	0	0	0.000229030424238	0.00379127148694	9.8155896102e-05	0.000114515212119	0	0	4.08982900425e-06	1.6359316017e-05	0.000548037086569	0.000363994781378	0.000265838885276	0.000118605041123	7.36169220765e-05	4.08982900425e-06	0	0.000224940595234	1.22694870127e-05	2.04491450212e-05	1.6359316017e-05	0	0	4.08982900425e-06
0.00217987885926	0.000179952476187	0.0094352355128	0	0	1.22694870127e-05	0.000114515212119	0.000359904952374	0.00239663979649	2.04491450212e-05	2.45389740255e-05	0.000257659227268	2.04491450212e-05	4.08982900425e-05	0.00129238596534	0	0	0.0206822652745	8.1796580085e-06	0.00315734799128	3.2718632034e-05	0.00324323440037	0.000184042305191	0.00768887852799	1.22694870127e-05	2.86288030297e-05	0.00640467222065	0.00181179424888	0.000306737175319	0.000633923495659	0.00293649722505	8.1796580085e-06	6.95270930722e-05	5.72576060595e-05	0.00540675394362	0	4.49881190467e-05	0.000985648790024	0	0	0	0	1.22694870127e-05	0	1.22694870127e-05	0	2.04491450212e-05	0	4.08982900425e-06	0	0	0	0.000343545636357	0	4.08982900425e-05	0	2.04491450212e-05	8.99762380935e-05	0.000102245725106	1.6359316017e-05	0	0.0001922219632	0.000928391183965	3.2718632034e-05	0	4.08982900425e-06	0	0	0	0	0.000867043748901	0.000572576060595	0.00150096724456	0.000282198201293	2.04491450212e-05	1.22694870127e-05	1.6359316017e-05	2.04491450212e-05	0.0010551758831	2.04491450212e-05	8.1796580085e-06	4.08982900425e-06	4.08982900425e-06	0
5.72576060595e-05	0.00013496435714	0.000151323673157	0	1.6359316017e-05	4.08982900425e-06	0.000229030424238	0.000609384521633	0.000257659227268	0	0.000384443926399	0.0035581512337	0.000249479569259	0.000883403064918	0.000290377859302	8.1796580085e-06	0	8.1796580085e-06	0.00820828681153	0.00300602431812	0.000400803242416	7.36169220765e-05	0	0.0001922219632	3.2718632034e-05	0.000122694870127	0.00534540650855	0.000310827004323	0.000257659227268	0.00131283511036	0.000139054186144	6.95270930722e-05	0.000359904952374	0.00010633555411	0.00213489074022	0	8.1796580085e-06	8.58864090892e-05	0	4.08982900425e-06	0	0	0	0	8.1796580085e-06	0	6.95270930722e-05	0	0.000224940595234	0	0	0	0	1.22694870127e-05	4.08982900425e-06	0	0	0	0	4.08982900425e-06	2.04491450212e-05	7.77067510807e-05	0.000343545636357	8.1796580085e-06	0	0	0.000200401621208	0	0	0	0.00084659460388	0.00126784699132	0.00170545869477	8.58864090892e-05	0	2.86288030297e-05	6.13474350637e-05	0	8.99762380935e-05	0	0	0	0	8.1796580085e-06
0.000368084610382	0.000229030424238	0.00122694870127	0	3.2718632034e-05	4.08982900425e-06	0.00107153519911	0.00289968876401	0.000429432045446	7.36169220765e-05	0.00205718398914	0.00990147601929	0.000646192982671	0.000478509993497	0.000425342216442	2.86288030297e-05	1.6359316017e-05	0.00315734799128	0.00300602431812	0.0273977644995	0.00189359082897	0.000646192982671	1.6359316017e-05	0.00213080091121	8.1796580085e-05	4.9077948051e-05	0.0207804211706	0.00268292782679	0.00171363835278	0.00397940362113	0.00141099100647	0.000143144015149	0.000179952476187	0.000785247168816	0.0135455136621	0	2.86288030297e-05	0.000265838885276	0	2.45389740255e-05	0	0	0	1.22694870127e-05	4.08982900425e-05	0	3.2718632034e-05	0	4.9077948051e-05	1.22694870127e-05	0	0	0	0	4.9077948051e-05	0	1.22694870127e-05	1.22694870127e-05	1.6359316017e-05	3.68084610382e-05	2.04491450212e-05	0.000543947257565	0.000306737175319	2.45389740255e-05	0	0	2.86288030297e-05	0	0	0	0.0025070651796	0.00381990028997	0.0100446200344	0.000617564179642	4.08982900425e-05	2.45389740255e-05	9.8155896102e-05	3.2718632034e-05	3.68084610382e-05	1.6359316017e-05	0	4.08982900425e-06	0	8.1796580085e-06
0.000257659227268	1.6359316017e-05	0.000122694870127	0	0.00785247168816	4.49881190467e-05	0.00538221496959	0.00206536364715	0.00218396868827	0.000764798023795	0.0102654708007	0.0037503731969	0.016355226188	8.58864090892e-05	0.00178725527486	0.000400803242416	4.08982900425e-06	3.2718632034e-05	0.000400803242416	0.00189359082897	0.0292872654994	9.8155896102e-05	8.1796580085e-06	0.000274018543285	0.00592616222716	0.000560306573582	0.00334548012548	0.00143144015149	0.00294058705406	0.00694452964922	0.000229030424238	0.000245389740255	0.000584845547608	0.000229030424238	0.0132428663158	2.04491450212e-05	0	4.08982900425e-06	0	1.6359316017e-05	0	8.1796580085e-06	0	1.6359316017e-05	4.08982900425e-05	4.9077948051e-05	4.08982900425e-06	7.77067510807e-05	0.000511228625531	2.45389740255e-05	0	4.08982900425e-06	1.6359316017e-05	0	1.22694870127e-05	1.6359316017e-05	8.1796580085e-06	4.08982900425e-06	1.22694870127e-05	3.68084610382e-05	0	0	2.04491450212e-05	8.1796580085e-06	4.08982900425e-06	4.08982900425e-06	0.000572576060595	0	0	1.6359316017e-05	0.00100609793505	0.00180770441988	0.0126212123071	0.0032677733744	0.000114515212119	0.00205309416013	3.2718632034e-05	2.86288030297e-05	4.08982900425e-06	8.58864090892e-05	1.6359316017e-05	4.08982900425e-06	0	0
0.002891509106	7.77067510807e-05	0.00861317988295	0	4.08982900425e-06	4.49881190467e-05	0.000515318454535	0.00475238130294	0.00472375249991	0.000388533755404	0.000143144015149	0.000359904952374	0.000118605041123	8.1796580085e-06	0.00230257372939	2.86288030297e-05	0.00169318920776	0.00324323440037	7.36169220765e-05	0.000646192982671	9.8155896102e-05	0.0562392386374	0.00241299911251	0.0284529403826	0.000777067510807	2.45389740255e-05	0.00343136653457	0.00137418254543	0.0126007631621	0.00604067743928	0.0244162791554	8.1796580085e-06	0.000184042305191	0.00420434421637	0.00894036620329	1.22694870127e-05	2.45389740255e-05	0.000887492893922	0	8.1796580085e-06	0	0.000261749056272	0.00229030424238	0.000310827004323	0.00108380468613	4.9077948051e-05	4.08982900425e-06	4.08982900425e-06	4.08982900425e-06	8.58864090892e-05	0	0.0010551758831	0.000122694870127	4.08982900425e-06	2.45389740255e-05	4.08982900425e-06	0.000850684432884	0.0029814853441	0.00081796580085	0.00101836742206	4.08982900425e-06	8.1796580085e-06	0.000237210082246	0.003852618922	1.22694870127e-05	0.000703450588731	4.08982900425e-06	0	0	0.000208581279217	0.0035581512337	0.00244571774454	0.00598341983322	0.000879313235914	0.000474420164493	0.000143144015149	4.08982900425e-06	0.000102245725106	8.58864090892e-05	5.72576060595e-05	3.2718632034e-05	8.1796580085e-06	0	0
4.08982900425e-06	0.00532904719254	0.000388533755404	0	0	2.86288030297e-05	4.08982900425e-05	4.49881190467e-05	2.04491450212e-05	0.00359495969474	8.1796580085e-06	3.2718632034e-05	1.22694870127e-05	6.13474350637e-05	8.1796580085e-06	8.1796580085e-05	0.0097174337141	0.000184042305191	0	1.6359316017e-05	8.1796580085e-06	0.00241299911251	0.0326613744279	0.00797516655829	0.00627379769252	0.00049077948051	0.00029855751731	0.00947204397384	0.00134146391339	0.000372174439387	0.000274018543285	0	8.1796580085e-06	0.000605294692629	0.000887492893922	3.2718632034e-05	0.000143144015149	2.04491450212e-05	0	1.22694870127e-05	0	0.00013496435714	0.000265838885276	0.000257659227268	0.00367266644582	6.5437264068e-05	4.08982900425e-05	4.08982900425e-06	2.45389740255e-05	0.00010633555411	1.6359316017e-05	0.00824509527257	8.58864090892e-05	1.6359316017e-05	7.77067510807e-05	0	0.00258886175969	0.0151446368027	0.00223713646532	0.00444973395662	3.68084610382e-05	4.49881190467e-05	0.00308782089821	0.00598750966222	0.000126784699132	0.000257659227268	4.08982900425e-06	4.08982900425e-06	8.1796580085e-06	0.000151323673157	0.00293240739605	0.000969289474007	0.000229030424238	8.1796580085e-05	0.000233120253242	4.08982900425e-06	4.08982900425e-06	0.000188132134195	1.6359316017e-05	6.95270930722e-05	2.04491450212e-05	2.04491450212e-05	1.22694870127e-05	8.1796580085e-06
0.00498959138518	8.58864090892e-05	0.025042022993	0	1.22694870127e-05	4.9077948051e-05	0.00159912314066	0.00750074639379	0.011553766937	0.000253569398263	0.000208581279217	0.00190995014498	0.000249479569259	3.2718632034e-05	0.00485053719904	3.2718632034e-05	0.00642921119468	0.00768887852799	0.0001922219632	0.00213080091121	0.000274018543285	0.0284529403826	0.00797516655829	0.0795185453296	0.000854774261888	4.49881190467e-05	0.00729216511458	0.00882994082017	0.00966426593704	0.0061592824804	0.0157376620084	8.1796580085e-06	0.000319006662331	0.00102654708007	0.010547669002	8.1796580085e-06	5.31677770552e-05	0.00268292782679	0	8.1796580085e-06	0	0.000175862647183	0.000875223406909	0.000208581279217	0.000703450588731	2.45389740255e-05	4.08982900425e-06	0	0	2.86288030297e-05	0	0.00753346502583	3.2718632034e-05	4.08982900425e-06	4.08982900425e-06	0	0.00338637841552	0.0097174337141	0.0109934603634	0.000940660670977	0	2.86288030297e-05	0.00119831989825	0.00458060848476	8.1796580085e-06	8.99762380935e-05	0	0	4.08982900425e-06	4.49881190467e-05	0.00714084144142	0.00268701765579	0.00747620741977	0.000965199645003	0.000278108372289	6.13474350637e-05	2.86288030297e-05	0.000167682989174	0.000237210082246	0.00010633555411	1.6359316017e-05	1.22694870127e-05	1.22694870127e-05	0
0.000139054186144	0.00253569398263	0.000204491450212	0	0.00703859571631	0.00043352187445	0.00101018776405	0.00123512835928	0.000699360759727	0.0101795843916	0.000777067510807	0.000274018543285	0.00421661370338	8.99762380935e-05	0.000425342216442	0.00130465545236	0.00333321063846	1.22694870127e-05	3.2718632034e-05	8.1796580085e-05	0.00592616222716	0.000777067510807	0.00627379769252	0.000854774261888	0.0411191408087	0.000335365978348	0.000470330335489	0.00186905185494	0.0159217043135	0.00190586031598	0.000834325116867	1.6359316017e-05	0.000147233844153	0.000253569398263	0.00295694637007	7.77067510807e-05	5.31677770552e-05	2.04491450212e-05	0	0.00102245725106	0	0.000143144015149	0.000642103153667	8.1796580085e-05	0.011561946595	0.000200401621208	2.04491450212e-05	0.000458060848476	0.000200401621208	3.68084610382e-05	4.08982900425e-05	0.000400803242416	2.04491450212e-05	1.22694870127e-05	2.86288030297e-05	0.000114515212119	2.04491450212e-05	0.00241299911251	0.000274018543285	0.00942705585479	1.6359316017e-05	1.6359316017e-05	0.000441701532459	0.00555398778777	8.99762380935e-05	7.77067510807e-05	0.000204491450212	0	3.2718632034e-05	3.2718632034e-05	0.00241299911251	0.000772977681803	0.00315325816228	0.000801606484833	0.00195493826403	0.000253569398263	1.22694870127e-05	0.0012555775043	2.45389740255e-05	0.000404893071421	0.000126784699132	0.000290377859302	0.000130874528136	0
8.1796580085e-06	0.00222486697831	2.04491450212e-05	0	0.000118605041123	4.08982900425e-05	0.000711630246739	0.000102245725106	0.0001922219632	0.00101018776405	8.58864090892e-05	0.00118196058223	0.000805696313837	0.00486280668605	0.000167682989174	8.1796580085e-06	1.22694870127e-05	2.86288030297e-05	0.000122694870127	4.9077948051e-05	0.000560306573582	2.45389740255e-05	0.00049077948051	4.49881190467e-05	0.000335365978348	0.0111120654045	0.00220032800429	0.00386897823802	0.000147233844153	0.000539857428561	2.04491450212e-05	6.95270930722e-05	0.000179952476187	2.86288030297e-05	0.00151323673157	0	0.000143144015149	8.1796580085e-06	0	1.22694870127e-05	0	0	4.08982900425e-06	4.08982900425e-06	1.6359316017e-05	4.08982900425e-06	0.000805696313837	0	0.00168909937875	0	0	1.22694870127e-05	4.08982900425e-06	0.000118605041123	5.72576060595e-05	4.08982900425e-06	0	2.04491450212e-05	1.22694870127e-05	1.6359316017e-05	0.00230257372939	0.000261749056272	0.00169318920776	1.6359316017e-05	4.08982900425e-06	0	0.000130874528136	0	0	4.08982900425e-06	0.00046215067748	0.00164411125971	0.00146006895452	0.000985648790024	4.49881190467e-05	9.40660670977e-05	0.000421252387438	6.13474350637e-05	0.000343545636357	4.49881190467e-05	0	0	0	2.86288030297e-05
0.00168091972075	0.00199583655407	0.0103799860128	0	9.8155896102e-05	2.45389740255e-05	0.00200401621208	0.00372583422287	0.00501004053021	0.00049077948051	0.00287514978999	0.0146211386902	0.00214307039823	0.00592207239815	0.00236392116446	2.86288030297e-05	4.08982900425e-05	0.00640467222065	0.00534540650855	0.0207804211706	0.00334548012548	0.00343136653457	0.00029855751731	0.00729216511458	0.000470330335489	0.00220032800429	0.102953265524	0.0357410156681	0.00217169920126	0.00658053486784	0.00620836042845	0.00342727670556	0.000777067510807	0.000838414945871	0.0200524316078	2.04491450212e-05	0.00246616688956	0.00323914457137	0	6.95270930722e-05	4.08982900425e-06	5.72576060595e-05	6.95270930722e-05	0.000114515212119	0.000167682989174	4.9077948051e-05	0.000969289474007	4.08982900425e-05	0.00387306806702	5.31677770552e-05	8.1796580085e-06	1.22694870127e-05	0.00272382611683	0.00035581512337	0.00230257372939	3.68084610382e-05	1.6359316017e-05	0.000102245725106	0.000155413502161	0.000290377859302	0.00263793970774	0.0128952308504	0.0149442351815	8.99762380935e-05	4.49881190467e-05	2.45389740255e-05	0.00199583655407	0	0	0.000212671108221	0.00769296835699	0.00927164235263	0.0145557014261	0.00101018776405	6.5437264068e-05	0.000159503331166	0.000196311792204	0.000535767599557	0.00523089129643	0.000229030424238	4.08982900425e-05	2.04491450212e-05	4.08982900425e-06	0.000102245725106
0.00032718632034	0.0164697414001	0.00807332245439	0	2.86288030297e-05	4.08982900425e-05	0.000883403064918	0.00101018776405	0.000601204863625	0.00184042305191	0.00121467921426	0.00456833899775	0.00108380468613	0.00514091505834	0.000691181101718	8.99762380935e-05	0.00198356706706	0.00181179424888	0.000310827004323	0.00268292782679	0.00143144015149	0.00137418254543	0.00947204397384	0.00882994082017	0.00186905185494	0.00386897823802	0.0357410156681	0.102961445182	0.00156640450863	0.00224940595234	0.00084659460388	0.000768887852799	0.000257659227268	0.000229030424238	0.00736578203665	8.99762380935e-05	0.00989329636128	0.00463786609082	0	4.9077948051e-05	0	0.000159503331166	0.00065437264068	0.000372174439387	0.000237210082246	0.000147233844153	0.000617564179642	8.1796580085e-05	0.00384034943499	0.000188132134195	2.86288030297e-05	0.00534131667955	0.000772977681803	0.000314916833327	0.000793426826824	6.5437264068e-05	0.000384443926399	0.0103227284067	0.00498550155618	0.000548037086569	0.00340682756054	0.00571349111894	0.0270746680081	0.000453971019472	8.1796580085e-05	0.000196311792204	0.00118196058223	4.08982900425e-06	0	0.000388533755404	0.0178889120646	0.00916121696952	0.00572167077694	0.000580755718603	0.000229030424238	0.000110425383115	6.13474350637e-05	0.000948840328986	0.00133737408439	0.000453971019472	0.000167682989174	3.68084610382e-05	2.04491450212e-05	0.000114515212119
0.00113697246318	0.000372174439387	0.00489552531809	0	0.00285879047397	0.000331276149344	0.00377082234192	0.0248416213718	0.00388124772503	0.00426569165143	0.00342318687656	0.00223713646532	0.00268701765579	0.00010633555411	0.00333730046747	0.00121876904327	0.00152550621859	0.000306737175319	0.000257659227268	0.00171363835278	0.00294058705406	0.0126007631621	0.00134146391339	0.00966426593704	0.0159217043135	0.000147233844153	0.00217169920126	0.00156640450863	0.0778458052669	0.0113819941188	0.0159953212356	6.5437264068e-05	0.000368084610382	0.00688727204316	0.0137091068222	4.9077948051e-05	8.58864090892e-05	0.000388533755404	0	0.00607339607131	0	0.000404893071421	0.00141508083547	0.000351725294365	0.0205309416013	0.000719809904748	8.1796580085e-05	0.00188950099996	0.000139054186144	0.000122694870127	8.99762380935e-05	0.000752528536782	4.49881190467e-05	4.9077948051e-05	8.1796580085e-05	0.00110834366015	0.000175862647183	0.00252751432463	0.000809786142841	0.016359316017	4.49881190467e-05	1.6359316017e-05	0.000809786142841	0.0139463169045	0.00010633555411	0.000184042305191	0.000151323673157	0	1.22694870127e-05	0.000179952476187	0.00380763080296	0.0012514876753	0.00996282345435	0.00301011414713	0.00147642827053	0.00110425383115	2.04491450212e-05	0.00349271396963	9.40660670977e-05	0.00095293015799	0.000552126915574	0.000453971019472	0.000658462469684	4.08982900425e-06
0.00985648790024	0.000200401621208	0.00402439174018	0	0.000368084610382	0.000290377859302	0.00459287797177	0.0180770441988	0.0111325145496	0.000478509993497	0.00777476493708	0.00873178492407	0.00303056329215	0.000662552298688	0.0166824125083	0.00049077948051	4.08982900425e-06	0.000633923495659	0.00131283511036	0.00397940362113	0.00694452964922	0.00604067743928	0.000372174439387	0.0061592824804	0.00190586031598	0.000539857428561	0.00658053486784	0.00224940595234	0.0113819941188	0.0564396402586	0.0168378260105	0.000204491450212	0.00554989795877	0.015398206201	0.0302401956574	1.22694870127e-05	3.2718632034e-05	0.00124330801729	0	0.000118605041123	0	2.04491450212e-05	6.95270930722e-05	0.00010633555411	0.000875223406909	7.77067510807e-05	0.000143144015149	6.95270930722e-05	0.000351725294365	5.72576060595e-05	0	1.22694870127e-05	2.86288030297e-05	0	2.04491450212e-05	2.04491450212e-05	2.45389740255e-05	4.9077948051e-05	5.72576060595e-05	0.000740259049769	2.04491450212e-05	4.9077948051e-05	0.000179952476187	0.000531677770552	8.1796580085e-06	8.1796580085e-06	0.000527587941548	0	0	1.22694870127e-05	0.00301829380514	0.00152959604759	0.0209112956987	0.00334548012548	0.000359904952374	0.00283016167094	0.000130874528136	0.000139054186144	0.000331276149344	0.000257659227268	8.1796580085e-06	0	0	4.08982900425e-06
0.0115005991599	6.5437264068e-05	0.0089485458613	0	1.6359316017e-05	2.45389740255e-05	0.00121058938526	0.0138972389564	0.0129402189694	0.000719809904748	0.000143144015149	0.000940660670977	0.000245389740255	4.49881190467e-05	0.0104127046448	8.1796580085e-05	8.1796580085e-06	0.00293649722505	0.000139054186144	0.00141099100647	0.000229030424238	0.0244162791554	0.000274018543285	0.0157376620084	0.000834325116867	2.04491450212e-05	0.00620836042845	0.00084659460388	0.0159953212356	0.0168378260105	0.0600141508084	3.2718632034e-05	0.000147233844153	0.010633555411	0.0155986078222	6.5437264068e-05	1.22694870127e-05	0.000421252387438	0	3.68084610382e-05	0	0.000294467688306	0.00328004286141	0.000343545636357	0.00142326049348	8.1796580085e-06	8.1796580085e-05	4.08982900425e-05	8.1796580085e-06	7.36169220765e-05	0	0.000130874528136	8.99762380935e-05	7.77067510807e-05	3.68084610382e-05	4.08982900425e-06	6.5437264068e-05	7.77067510807e-05	0.000245389740255	0.000727989562756	0	1.6359316017e-05	0.000253569398263	0.00166865023373	7.77067510807e-05	0.000719809904748	2.04491450212e-05	0	4.08982900425e-06	0.000159503331166	0.00279744303891	0.00101018776405	0.00988920653227	0.00214716022723	7.77067510807e-05	9.8155896102e-05	1.6359316017e-05	0.000294467688306	0.000294467688306	0.000229030424238	5.72576060595e-05	0.000118605041123	2.04491450212e-05	0
8.1796580085e-06	1.6359316017e-05	4.08982900425e-05	0	8.1796580085e-06	0	8.99762380935e-05	9.8155896102e-05	7.77067510807e-05	0	0.000126784699132	0.000670731956697	0.000245389740255	0.00274427526185	5.31677770552e-05	0	0	8.1796580085e-06	6.95270930722e-05	0.000143144015149	0.000245389740255	8.1796580085e-06	0	8.1796580085e-06	1.6359316017e-05	6.95270930722e-05	0.00342727670556	0.000768887852799	6.5437264068e-05	0.000204491450212	3.2718632034e-05	0.00422888319039	4.49881190467e-05	2.45389740255e-05	0.000568486231591	0	4.08982900425e-05	1.22694870127e-05	0	0	0	0	0	0	0	0	0.000196311792204	0	0.00084659460388	4.08982900425e-06	0	0	4.08982900425e-06	1.22694870127e-05	8.1796580085e-06	0	0	0	0	0	0.000220850766229	0.000388533755404	0.000421252387438	0	4.08982900425e-06	0	0.000838414945871	0	0	0	0.000118605041123	0.000224940595234	0.000523498112544	3.68084610382e-05	0	4.08982900425e-05	0	0	0.000474420164493	4.08982900425e-06	4.08982900425e-06	0	0	4.08982900425e-06
0.000102245725106	6.95270930722e-05	0.000208581279217	0	4.9077948051e-05	0.00203264501511	0.00409800866226	0.000858864090892	0.00253160415363	2.86288030297e-05	0.000805696313837	0.00209399245018	0.000556216744578	0.000306737175319	0.0013455537424	0.0001922219632	0	6.95270930722e-05	0.000359904952374	0.000179952476187	0.000584845547608	0.000184042305191	8.1796580085e-06	0.000319006662331	0.000147233844153	0.000179952476187	0.000777067510807	0.000257659227268	0.000368084610382	0.00554989795877	0.000147233844153	4.49881190467e-05	0.00948840328986	0.000139054186144	0.00411436797827	0	2.45389740255e-05	1.22694870127e-05	0	1.6359316017e-05	0	0	4.08982900425e-06	4.08982900425e-06	2.86288030297e-05	0	0.00013496435714	0	4.49881190467e-05	4.08982900425e-06	0	4.08982900425e-06	1.22694870127e-05	0	8.1796580085e-06	0	4.08982900425e-06	4.08982900425e-06	4.08982900425e-06	2.45389740255e-05	2.04491450212e-05	2.45389740255e-05	4.49881190467e-05	1.6359316017e-05	4.08982900425e-06	0	0.000122694870127	0	0	0	0.000887492893922	0.00032718632034	0.0024988855216	0.000359904952374	0.000453971019472	0.00155413502161	5.31677770552e-05	1.22694870127e-05	0.000241299911251	4.08982900425e-06	4.08982900425e-06	0	0	0
