0.0111228908735	4.49228225908e-06	5.8399669368e-05	0	0.000184183572622	4.49228225908e-06	0.000615442669494	0.00199457332303	0.00290650662162	0.000125783903254	0.000283013782322	4.49228225908e-06	0.000327936604913	4.49228225908e-06	0.00303678280714	0	3.14459758136e-05	1.34768467772e-05	0	4.49228225908e-06	0.000211137266177	0.00024258324199	4.49228225908e-05	0.000229106395213	0.000660365492085	4.49228225908e-06	8.98456451816e-06	4.49228225908e-06	0.000817595371152	0.00669350056603	0.00286607608129	4.49228225908e-06	4.49228225908e-06	0.00206644983918	0.0011635011051	4.49228225908e-06	0	0	0	0	0	0	8.98456451816e-06	0	7.63687984043e-05	0	0	0	0	4.49228225908e-06	0	4.49228225908e-06	0	0	0	0	0	0	4.49228225908e-06	4.04305403317e-05	0	0	0	8.98456451816e-06	4.49228225908e-06	8.98456451816e-06	0	0	0	0	0.000309967475876	2.24614112954e-05	0.000386336274281	8.53533629225e-05	3.59382580726e-05	4.49228225908e-06	0	4.49228225908e-06	0	0	0	0	0	0
4.49228225908e-06	0.0149772690518	0.00336471941205	0	0	0	4.49228225908e-06	8.98456451816e-06	1.34768467772e-05	3.59382580726e-05	0	0.000170706725845	0	0.000116799338736	8.98456451816e-06	0	5.39073871089e-05	0.00124885446802	1.34768467772e-05	0.000417782250094	0	0.000139260750031	0.00170257497619	0.000920917863111	4.94151048499e-05	0.0019316813714	0.00446532856552	0.00979766760705	6.28919516271e-05	2.24614112954e-05	9.43379274407e-05	1.34768467772e-05	8.98456451816e-06	1.79691290363e-05	0.00100627122603	0	0.0024482938312	0.000318952040395	0	0	0	0	0	0	4.49228225908e-06	0	8.98456451816e-05	0	2.69536935545e-05	0	0	4.94151048499e-05	0.000130276185513	3.59382580726e-05	0.000152737596809	0	8.98456451816e-06	0.000386336274281	0.000143753032291	4.49228225908e-06	0.000206644983918	0.000696303750157	0.00103771720185	4.49228225908e-06	0	0	0	0	0	0.000125783903254	0.000309967475876	0.000539073871089	0.000575012129162	0.000229106395213	8.98456451816e-06	8.98456451816e-06	8.98456451816e-06	7.18765161453e-05	0.000305475193617	0.000134768467772	3.59382580726e-05	4.49228225908e-06	8.98456451816e-06	8.98456451816e-06
5.8399669368e-05	0.00336471941205	0.0459335860991	0	1.34768467772e-05	1.34768467772e-05	1.34768467772e-05	0.000247075524249	6.73842338862e-05	0.000152737596809	1.34768467772e-05	0.000211137266177	0	5.39073871089e-05	7.63687984043e-05	8.98456451816e-06	0.000786149395339	0.0066530700257	4.49228225908e-06	0.00058399669368	4.49228225908e-06	0.00348151875079	0.00213832635532	0.0224119961905	0.000296490629099	0.000139260750031	0.00836912184866	0.0125918671722	0.000799626242116	0.000336921169431	0.00183734344396	1.34768467772e-05	4.49228225908e-06	0.000305475193617	0.00672045425958	0	0.00112756284703	0.000327936604913	0	0	0	0	0	0	4.49228225908e-05	0	1.34768467772e-05	4.49228225908e-06	8.98456451816e-06	0	0	0.000139260750031	8.98456451816e-05	0	1.34768467772e-05	0	1.79691290363e-05	0.000938886992147	0.00024258324199	1.34768467772e-05	1.79691290363e-05	0.000170706725845	0.000660365492085	4.49228225908e-06	0	4.49228225908e-06	0	0	0	7.18765161453e-05	0.00366121004115	0.00251567806508	0.0053682772996	0.0024258324199	0.000247075524249	0.000184183572622	7.18765161453e-05	0.00014824531455	0.000166214443586	4.04305403317e-05	3.59382580726e-05	0	4.49228225908e-06	0
0	0	0	0	0	0	0	0	0	0	0	0	0	0	0	0	0	0	0	0	0	0	0	0	0	0	0	0	0	0	0	0	0	0	0	0	0	0	0	0	0	0	0	0	0	0	0	0	0	0	0	0	0	0	0	0	0	0	0	0	0	0	0	0	0	0	0	0	0	0	0	0	0	0	0	0	0	0	0	0	0	0	0	0
0.000184183572622	0	1.34768467772e-05	0	0.0156511113906	0	0.00107365545992	0.00127580816158	0.000363874862985	0.000300982911358	0.00172503638749	0	0.00310865932328	0	0.00014824531455	8.98456451816e-06	0	0	0	0	0.00929003971178	4.04305403317e-05	1.34768467772e-05	3.59382580726e-05	0.00778063287272	0	0	0	0.00382742448474	0.000449228225908	0.000197660419399	0	4.49228225908e-06	0.000238090959731	0.000170706725845	0	0	0	0	0.000256060088767	0	0	8.98456451816e-06	0	4.49228225908e-05	0	0	2.24614112954e-05	0	4.49228225908e-06	0	4.49228225908e-06	0	0	0	4.49228225908e-06	4.49228225908e-06	4.49228225908e-06	8.98456451816e-06	2.24614112954e-05	0	0	0	1.34768467772e-05	0	4.49228225908e-06	0	0	0	0	7.63687984043e-05	0	8.08610806634e-05	4.04305403317e-05	5.39073871089e-05	4.49228225908e-06	0	4.49228225908e-06	4.49228225908e-06	0	0	0	0	0
4.49228225908e-06	0	1.34768467772e-05	0	0	0.00277173815385	0.000296490629099	0	0.000997286661516	0	4.49228225908e-06	2.24614112954e-05	8.98456451816e-06	4.49228225908e-06	0.000404305403317	0.000354890298467	0	0	0	4.49228225908e-06	0	0	8.98456451816e-06	8.98456451816e-06	1.34768467772e-05	4.49228225908e-06	8.98456451816e-06	4.49228225908e-06	0	0.000296490629099	8.98456451816e-06	0	0.00101974807281	3.14459758136e-05	0.000417782250094	0	0	0	0	0	0	0	0	0	0	0	0	0	0	0	0	0	0	0	0	0	4.49228225908e-06	0	0	0	0	0	0	0	0	0	0	0	0	0	6.28919516271e-05	1.34768467772e-05	0.000161722161327	9.88302096997e-05	0.000768180266302	0.000408797685576	4.49228225908e-06	1.34768467772e-05	4.49228225908e-06	4.49228225908e-06	4.49228225908e-06	0	4.49228225908e-06	0
0.000615442669494	4.49228225908e-06	1.34768467772e-05	0	0.00107365545992	0.000296490629099	0.034365959282	0.00247524752475	0.0112441824945	9.88302096997e-05	0.0116305187688	1.79691290363e-05	0.0109342150186	4.49228225908e-06	0.00330182746042	0.000175199008104	1.34768467772e-05	1.34768467772e-05	0	0	0.00335124256527	4.94151048499e-05	2.24614112954e-05	7.63687984043e-05	0.0015588219439	0	0	4.49228225908e-06	0.000938886992147	0.00231352536343	0.000336921169431	0	0.000741226572748	0.000368367145244	0.00144202260516	0	0	0	0	2.24614112954e-05	0	0	4.49228225908e-06	0	3.14459758136e-05	0	0	0.000130276185513	0	4.49228225908e-06	0	0	0	0	0	0	0	4.49228225908e-06	0	8.98456451816e-06	0	0	0	0	0	0	0	0	0	0	0.000170706725845	2.24614112954e-05	0.000480674201721	8.08610806634e-05	0.000107814774218	0.000143753032291	0	4.49228225908e-06	0	0	0	4.49228225908e-06	0	0
0.00199457332303	8.98456451816e-06	0.000247075524249	0	0.00127580816158	0	0.00247524752475	0.0319895419669	0.00226411025858	0.000956856121184	0.00377351709763	4.49228225908e-06	0.00190023539559	0	0.00178792833911	1.79691290363e-05	0.000224614112954	2.69536935545e-05	0	0	0.00143303804065	0.00101076350829	0.00029199834684	0.00114103969381	0.00500440243661	0	4.49228225908e-06	6.73842338862e-05	0.0126817128174	0.00392176241218	0.00737183518715	0	0	0.00157229879068	0.00180140518589	4.49228225908e-06	4.49228225908e-06	0	0	8.98456451816e-06	0	0	4.94151048499e-05	8.98456451816e-06	0.000296490629099	8.98456451816e-06	0	3.14459758136e-05	0	1.34768467772e-05	0	1.79691290363e-05	0	0	0	0	8.98456451816e-06	2.24614112954e-05	1.34768467772e-05	0.000202152701659	0	0	0	6.28919516271e-05	0	1.79691290363e-05	0	0	0	0	0.000557043000126	4.04305403317e-05	0.000772672548562	0.000202152701659	0.000125783903254	1.34768467772e-05	0	2.24614112954e-05	8.98456451816e-06	1.79691290363e-05	8.98456451816e-06	1.34768467772e-05	0	0
0.00290650662162	1.34768467772e-05	6.73842338862e-05	0	0.000363874862985	0.000997286661516	0.0112441824945	0.00226411025858	0.0343884206932	0.000134768467772	0.00247075524249	9.88302096997e-05	0.001734020952	8.98456451816e-06	0.0152917288099	6.28919516271e-05	2.24614112954e-05	1.79691290363e-05	0	0	0.000759195701784	0.000121291620995	5.8399669368e-05	0.000175199008104	0.000965840685702	1.34768467772e-05	1.79691290363e-05	3.14459758136e-05	0.000795133959857	0.00707085227579	0.00110060915347	0	0.0028211532587	0.00100177894377	0.00418680706546	0	0	0	0	0	0	0	8.98456451816e-06	0	4.04305403317e-05	0	4.49228225908e-06	8.98456451816e-06	0	0	0	4.49228225908e-06	0	0	0	0	4.49228225908e-06	4.49228225908e-06	4.49228225908e-06	2.69536935545e-05	0	0	0	1.34768467772e-05	0	4.49228225908e-06	0	0	0	0	0.000485166483981	4.04305403317e-05	0.00133870011321	0.000215629548436	0.000157229879068	0.00058399669368	1.79691290363e-05	4.49228225908e-06	0	0	0	4.49228225908e-06	0	0
0.000125783903254	3.59382580726e-05	0.000152737596809	0	0.000300982911358	0	9.88302096997e-05	0.000956856121184	0.000134768467772	0.0153680976083	7.18765161453e-05	4.49228225908e-06	0.00114553197607	0	0.000103322491959	0.000332428887172	0.000512120177535	2.69536935545e-05	0	0	0.000332428887172	0.000444735943649	0.00231352536343	0.00068282690338	0.0059612585578	0	1.34768467772e-05	0.00014824531455	0.00267740022641	0.000786149395339	0.00132971554869	0	4.49228225908e-06	0.000503135613017	0.000786149395339	5.8399669368e-05	0	4.49228225908e-06	0	1.34768467772e-05	0	2.24614112954e-05	0.000399813121058	2.24614112954e-05	0.00224614112954	3.14459758136e-05	0	3.14459758136e-05	0	5.8399669368e-05	1.34768467772e-05	8.08610806634e-05	0	0	0	8.98456451816e-06	4.94151048499e-05	0.000318952040395	5.39073871089e-05	0.00118147023414	0	0	4.49228225908e-06	0.000467197354944	2.24614112954e-05	0.00014824531455	0	0	4.49228225908e-06	2.24614112954e-05	0.000471689637203	3.59382580726e-05	0.000215629548436	6.73842338862e-05	0.00135217695998	8.98456451816e-06	0	8.08610806634e-05	3.14459758136e-05	2.24614112954e-05	1.34768467772e-05	1.79691290363e-05	4.49228225908e-06	0
0.000283013782322	0	1.34768467772e-05	0	0.00172503638749	4.49228225908e-06	0.0116305187688	0.00377351709763	0.00247075524249	7.18765161453e-05	0.0274074140626	0	0.00929453199403	0	0.000777164830821	1.79691290363e-05	8.98456451816e-06	0	0	0	0.00599270453361	4.94151048499e-05	4.49228225908e-06	4.94151048499e-05	0.00180140518589	0	0	0	0.00140608434709	0.000566027564644	0.000206644983918	0	0	0.000206644983918	0.000260552371027	0	0	0	0	0.000462705072685	0	0	0	0	1.79691290363e-05	0	0	0.000512120177535	0	4.49228225908e-06	0	0	0	0	0	4.49228225908e-06	0	0	0	4.49228225908e-06	0	0	0	4.49228225908e-06	0	0	0	0	0	0	6.28919516271e-05	8.98456451816e-06	0.000103322491959	2.69536935545e-05	3.59382580726e-05	1.34768467772e-05	0	0	0	0	0	0	0	0
4.49228225908e-06	0.000170706725845	0.000211137266177	0	0	2.24614112954e-05	1.79691290363e-05	4.49228225908e-06	9.88302096997e-05	4.49228225908e-06	0	0.0294693716196	4.49228225908e-06	0.00872401214713	0.000112307056477	0	0	0.000637904080789	0.00265044653286	0.00284361467	0	2.69536935545e-05	8.98456451816e-06	0.000112307056477	0	0.00364324091211	0.00909237929238	0.00145100716968	0	0.000256060088767	3.59382580726e-05	0.00201254245207	4.04305403317e-05	1.79691290363e-05	0.00511221721083	0	0.000134768467772	4.49228225908e-06	0	0	0	0	0	0	0	0	0.000381843992022	0	0.000368367145244	0	0	0	4.49228225908e-06	4.94151048499e-05	0.000107814774218	0	0	0	4.49228225908e-06	0	0.000651380927566	0.000211137266177	0.000179691290363	0	4.49228225908e-06	0	0	0	0	4.49228225908e-05	0.000265044653286	0.00238090959731	0.00310416704102	0.000426766814612	4.49228225908e-06	2.24614112954e-05	0.000705288314675	4.49228225908e-06	0.000296490629099	7.63687984043e-05	4.49228225908e-06	0	0	3.59382580726e-05
0.000327936604913	0	0	0	0.00310865932328	8.98456451816e-06	0.0109342150186	0.00190023539559	0.001734020952	0.00114553197607	0.00929453199403	4.49228225908e-06	0.0324297856283	4.49228225908e-06	0.000480674201721	0.000754703419525	4.49228225908e-06	0	0	0	0.0101929884459	2.24614112954e-05	1.34768467772e-05	1.79691290363e-05	0.00284810695226	0	0	0	0.0010871323067	0.000763687984043	0.000206644983918	0	0	0.000260552371027	0.000399813121058	0	0	0	0	0.000431259096872	0	0	0	0	2.69536935545e-05	0	0	0.00235395590376	0	0	0	0	0	0	0	0	0	0	0	1.34768467772e-05	0	0	0	0	0	0	0	0	0	0	0.000157229879068	8.98456451816e-06	0.000116799338736	2.24614112954e-05	0.000601965822717	1.34768467772e-05	0	0	0	0	0	0	4.49228225908e-06	0
4.49228225908e-06	0.000116799338736	5.39073871089e-05	0	0	4.49228225908e-06	4.49228225908e-06	0	8.98456451816e-06	0	0	0.00872401214713	4.49228225908e-06	0.0200670248513	1.79691290363e-05	0	4.49228225908e-06	0.000107814774218	0.000305475193617	0.000332428887172	0	4.49228225908e-06	8.98456451816e-06	2.69536935545e-05	0	0.0044024366139	0.00514366318665	0.00384090133151	0	4.49228225908e-05	8.98456451816e-06	0.00346354962175	0	1.34768467772e-05	0.000790641677598	0	0.000112307056477	8.98456451816e-06	0	0	0	0	0	0	0	0	0.000350398016208	0	0.00058399669368	0	0	0	1.34768467772e-05	4.04305403317e-05	7.63687984043e-05	0	0	0	4.49228225908e-06	0	0.000575012129162	0.000166214443586	0.000139260750031	0	4.49228225908e-06	0	0	0	0	0.000381843992022	0.000238090959731	0.00109611687122	0.000952363838925	0.000274029217804	8.98456451816e-06	1.34768467772e-05	0.000700796032416	0.000143753032291	0.00034141345169	0.000157229879068	0.000125783903254	0	1.34768467772e-05	0.000116799338736
0.00303678280714	8.98456451816e-06	7.63687984043e-05	0	0.00014824531455	0.000404305403317	0.00330182746042	0.00178792833911	0.0152917288099	0.000103322491959	0.000777164830821	0.000112307056477	0.000480674201721	1.79691290363e-05	0.0280767641192	4.94151048499e-05	2.24614112954e-05	1.79691290363e-05	0	8.98456451816e-06	0.000229106395213	0.000112307056477	5.39073871089e-05	0.000179691290363	0.000516612459794	8.98456451816e-06	2.69536935545e-05	1.79691290363e-05	0.000548058435608	0.0109971069702	0.000938886992147	4.49228225908e-06	0.00190023539559	0.00109162458896	0.00508077123502	4.49228225908e-06	0	0	0	0	0	0	8.98456451816e-06	0	2.24614112954e-05	0	4.49228225908e-06	4.49228225908e-06	0	4.49228225908e-06	0	0	0	0	0	0	0	0	0	1.34768467772e-05	0	0	0	8.98456451816e-06	4.49228225908e-06	4.49228225908e-06	0	0	0	0	0.000561535282385	5.39073871089e-05	0.00164866758908	0.000305475193617	0.000125783903254	0.000435751379131	1.34768467772e-05	8.98456451816e-06	0	0	0	4.49228225908e-06	0	0
0	0	8.98456451816e-06	0	8.98456451816e-06	0.000354890298467	0.000175199008104	1.79691290363e-05	6.28919516271e-05	0.000332428887172	1.79691290363e-05	0	0.000754703419525	0	4.94151048499e-05	0.00359382580726	0	4.49228225908e-06	0	0	3.14459758136e-05	0	8.98456451816e-06	4.49228225908e-06	5.39073871089e-05	0	0	0	8.98456451816e-06	4.04305403317e-05	4.49228225908e-06	0	4.49228225908e-06	8.98456451816e-06	7.63687984043e-05	0	0	0	0	0	0	0	4.49228225908e-06	0	4.49228225908e-06	0	0	4.49228225908e-06	0	0	0	0	0	0	0	0	4.49228225908e-06	0	0	8.98456451816e-06	0	0	0	0	0	0	0	0	0	4.49228225908e-06	0.000332428887172	1.79691290363e-05	9.43379274407e-05	6.73842338862e-05	0.00265943109737	1.34768467772e-05	0	8.98456451816e-06	4.49228225908e-06	8.98456451816e-06	8.98456451816e-06	0	4.49228225908e-06	0
3.14459758136e-05	5.39073871089e-05	0.000786149395339	0	0	0	1.34768467772e-05	0.000224614112954	2.24614112954e-05	0.000512120177535	8.98456451816e-06	0	4.49228225908e-06	4.49228225908e-06	2.24614112954e-05	0	0.0132971554869	2.69536935545e-05	0	0	0	0.00259204686349	0.00314459758136	0.00753804963073	0.00226411025858	0	8.98456451816e-06	0.00221918743598	0.00209789581499	0.000220121830695	0.00078165711308	0	0	0.00019316813714	0.000880487322779	0	4.49228225908e-06	4.49228225908e-06	0	0	0	4.49228225908e-06	1.34768467772e-05	0	0.000116799338736	4.49228225908e-06	0	8.98456451816e-06	0	0	0	0.000107814774218	0	0	0	4.49228225908e-06	3.14459758136e-05	0.000139260750031	3.14459758136e-05	5.39073871089e-05	0	0	2.24614112954e-05	5.39073871089e-05	0	2.69536935545e-05	0	0	0	1.34768467772e-05	0.000575012129162	0.000161722161327	0.000503135613017	0.000287506064581	4.04305403317e-05	2.24614112954e-05	0	1.34768467772e-05	8.98456451816e-06	0	0	4.49228225908e-06	0	4.49228225908e-06
1.34768467772e-05	0.00124885446802	0.0066530700257	0	0	0	1.34768467772e-05	2.69536935545e-05	1.79691290363e-05	2.69536935545e-05	0	0.000637904080789	0	0.000107814774218	1.79691290363e-05	4.49228225908e-06	2.69536935545e-05	0.025749761909	0.000103322491959	0.00560636825933	0	0.00068282690338	0.000197660419399	0.00530987763023	3.59382580726e-05	0.000305475193617	0.0106422166718	0.00272681533126	0.000103322491959	9.88302096997e-05	0.000318952040395	3.59382580726e-05	4.49228225908e-06	7.63687984043e-05	0.00630716429175	0	0.000377351709763	5.39073871089e-05	0	0	0	0	0	0	0	0	3.14459758136e-05	0	1.79691290363e-05	0	0	3.14459758136e-05	3.59382580726e-05	8.98456451816e-06	2.24614112954e-05	0	8.98456451816e-06	0.000116799338736	3.59382580726e-05	0	4.49228225908e-05	0.000116799338736	0.000139260750031	0	0	0	0	0	0	4.04305403317e-05	0.00128030044384	0.00159476020197	0.00313561301684	0.00104670176637	6.28919516271e-05	5.8399669368e-05	4.04305403317e-05	2.69536935545e-05	4.49228225908e-05	1.34768467772e-05	4.49228225908e-06	0	0	0
0	1.34768467772e-05	4.49228225908e-06	0	0	0	0	0	0	0	0	0.00265044653286	0	0.000305475193617	0	0	0	0.000103322491959	0.00443837487197	0.0016576521536	0	4.49228225908e-06	0	1.34768467772e-05	0	0.00014824531455	0.00229106395213	0.000179691290363	0	0	4.49228225908e-06	5.8399669368e-05	0	0	9.88302096997e-05	0	8.98456451816e-06	0	0	0	0	0	0	0	0	0	1.34768467772e-05	0	8.98456451816e-06	0	0	0	0	0	8.98456451816e-06	0	0	0	0	0	2.69536935545e-05	1.79691290363e-05	8.98456451816e-06	0	0	0	0	0	0	8.98456451816e-06	1.34768467772e-05	9.88302096997e-05	7.63687984043e-05	4.49228225908e-06	0	0	1.79691290363e-05	0	4.49228225908e-06	0	0	0	0	0
4.49228225908e-06	0.000417782250094	0.00058399669368	0	0	4.49228225908e-06	0	0	0	0	0	0.00284361467	0	0.000332428887172	8.98456451816e-06	0	0	0.00560636825933	0.0016576521536	0.0145864404952	0	3.14459758136e-05	1.34768467772e-05	0.000211137266177	0	0.000637904080789	0.00902499505849	0.00127580816158	8.98456451816e-06	1.79691290363e-05	3.59382580726e-05	8.53533629225e-05	4.49228225908e-06	8.98456451816e-06	0.00354890298467	0	0.000175199008104	1.79691290363e-05	0	0	0	0	0	0	0	0	3.14459758136e-05	0	3.14459758136e-05	0	0	4.49228225908e-06	1.34768467772e-05	1.34768467772e-05	1.34768467772e-05	0	0	4.49228225908e-06	8.98456451816e-06	0	7.63687984043e-05	8.08610806634e-05	8.08610806634e-05	0	0	0	0	0	0	4.49228225908e-06	0.000283013782322	0.00083107221793	0.00144202260516	0.000372859427504	4.49228225908e-06	1.79691290363e-05	6.28919516271e-05	8.98456451816e-06	4.94151048499e-05	2.24614112954e-05	0	0	0	4.49228225908e-06
0.000211137266177	0	4.49228225908e-06	0	0.00929003971178	0	0.00335124256527	0.00143303804065	0.000759195701784	0.000332428887172	0.00599270453361	0	0.0101929884459	0	0.000229106395213	3.14459758136e-05	0	0	0	0	0.0207678208837	3.14459758136e-05	8.98456451816e-06	3.59382580726e-05	0.00548058435608	0	0	0	0.00154085281486	0.000597473540457	0.000211137266177	0	4.49228225908e-06	0.000309967475876	0.000265044653286	0	0	0	0	0.000691811467898	0	0	4.49228225908e-06	0	4.04305403317e-05	0	0	0.000507627895276	0	0	0	4.49228225908e-06	0	0	0	0	4.49228225908e-06	4.49228225908e-06	4.49228225908e-06	1.79691290363e-05	0	0	0	0	0	4.49228225908e-06	0	0	0	0	8.08610806634e-05	0	9.43379274407e-05	2.69536935545e-05	7.63687984043e-05	8.98456451816e-06	0	4.49228225908e-06	8.98456451816e-06	0	0	0	4.49228225908e-06	0
0.00024258324199	0.000139260750031	0.00348151875079	0	4.04305403317e-05	0	4.94151048499e-05	0.00101076350829	0.000121291620995	0.000444735943649	4.94151048499e-05	2.69536935545e-05	2.24614112954e-05	4.49228225908e-06	0.000112307056477	0	0.00259204686349	0.00068282690338	4.49228225908e-06	3.14459758136e-05	3.14459758136e-05	0.0372994195971	0.0014599917342	0.0232116224327	0.00138811521806	4.49228225908e-06	0.00019316813714	0.000727749725971	0.00536378501734	0.00163069846005	0.0112935975993	0	4.49228225908e-06	0.00146448401646	0.00568273705773	0	1.79691290363e-05	4.49228225908e-06	0	0	0	0	1.34768467772e-05	8.98456451816e-06	0.000125783903254	4.49228225908e-06	0	4.49228225908e-06	0	0	0	1.34768467772e-05	0	0	0	0	1.34768467772e-05	0.000107814774218	1.34768467772e-05	3.14459758136e-05	0	0	1.79691290363e-05	1.34768467772e-05	0	4.49228225908e-06	0	0	0	8.98456451816e-06	0.00216078776662	0.000525597024312	0.00273579989578	0.00124885446802	0.000170706725845	9.88302096997e-05	1.79691290363e-05	5.39073871089e-05	1.34768467772e-05	1.34768467772e-05	2.24614112954e-05	4.49228225908e-06	0	0
4.49228225908e-05	0.00170257497619	0.00213832635532	0	1.34768467772e-05	8.98456451816e-06	2.24614112954e-05	0.00029199834684	5.8399669368e-05	0.00231352536343	4.49228225908e-06	8.98456451816e-06	1.34768467772e-05	8.98456451816e-06	5.39073871089e-05	8.98456451816e-06	0.00314459758136	0.000197660419399	0	1.34768467772e-05	8.98456451816e-06	0.0014599917342	0.0170347343264	0.00442040574293	0.00373308655729	4.49228225908e-06	0.000157229879068	0.00356237983145	0.00185980485526	0.000431259096872	0.00124436218576	0	0	0.000345905733949	0.00164417530682	1.34768467772e-05	0.000125783903254	8.98456451816e-05	0	0	4.49228225908e-06	1.79691290363e-05	8.98456451816e-05	0	0.000673842338862	8.98456451816e-06	0	8.98456451816e-06	0	4.49228225908e-06	8.98456451816e-06	0.000467197354944	3.14459758136e-05	0	4.49228225908e-06	8.98456451816e-06	0.000143753032291	0.00176097464556	0.000359382580726	0.000323444322654	0	8.98456451816e-06	0.000278521500063	0.000206644983918	4.49228225908e-06	8.08610806634e-05	0	0	0	6.28919516271e-05	0.000893964169557	0.000233598677472	0.000907441016334	0.000435751379131	8.98456451816e-05	3.14459758136e-05	4.49228225908e-06	0.000130276185513	0.00014824531455	0.000116799338736	6.73842338862e-05	1.34768467772e-05	2.24614112954e-05	0
0.000229106395213	0.000920917863111	0.0224119961905	0	3.59382580726e-05	8.98456451816e-06	7.63687984043e-05	0.00114103969381	0.000175199008104	0.00068282690338	4.94151048499e-05	0.000112307056477	1.79691290363e-05	2.69536935545e-05	0.000179691290363	4.49228225908e-06	0.00753804963073	0.00530987763023	1.34768467772e-05	0.000211137266177	3.59382580726e-05	0.0232116224327	0.00442040574293	0.0696079136044	0.00192718908914	2.69536935545e-05	0.00179691290363	0.00721909759034	0.00557941456578	0.00123088533899	0.00815798458249	4.49228225908e-06	4.49228225908e-06	0.000943379274407	0.0122369768737	4.49228225908e-06	0.000229106395213	8.08610806634e-05	0	0	0	4.49228225908e-06	3.59382580726e-05	8.98456451816e-06	0.000220121830695	8.98456451816e-06	8.98456451816e-06	1.79691290363e-05	0	8.98456451816e-06	0	0.00014824531455	4.04305403317e-05	0	1.34768467772e-05	0	4.04305403317e-05	0.00068282690338	0.000161722161327	8.98456451816e-05	0	1.79691290363e-05	0.000215629548436	4.04305403317e-05	0	1.79691290363e-05	0	0	0	4.04305403317e-05	0.00613196528364	0.00217426461339	0.00796930872761	0.00373308655729	0.000449228225908	0.000274029217804	4.94151048499e-05	0.000152737596809	5.8399669368e-05	3.59382580726e-05	2.69536935545e-05	8.98456451816e-06	0	4.49228225908e-06
0.000660365492085	4.94151048499e-05	0.000296490629099	0	0.00778063287272	1.34768467772e-05	0.0015588219439	0.00500440243661	0.000965840685702	0.0059612585578	0.00180140518589	0	0.00284810695226	0	0.000516612459794	5.39073871089e-05	0.00226411025858	3.59382580726e-05	0	0	0.00548058435608	0.00138811521806	0.00373308655729	0.00192718908914	0.0428518804694	0	4.49228225908e-06	0.000206644983918	0.0160329553827	0.00249770893605	0.00370164058148	0	8.98456451816e-06	0.0014824531455	0.00205746527466	1.34768467772e-05	0	8.98456451816e-06	0	5.39073871089e-05	0	8.98456451816e-06	0.00019316813714	1.34768467772e-05	0.00100627122603	1.34768467772e-05	0	4.49228225908e-05	0	2.69536935545e-05	0	4.04305403317e-05	4.49228225908e-06	0	0	1.79691290363e-05	3.14459758136e-05	0.000152737596809	4.04305403317e-05	0.00053458158883	0	0	0	0.000215629548436	0	7.63687984043e-05	0	0	0	1.34768467772e-05	0.000835564500189	7.63687984043e-05	0.000651380927566	0.000211137266177	0.000552550717867	3.14459758136e-05	4.49228225908e-06	3.14459758136e-05	2.24614112954e-05	8.98456451816e-06	1.34768467772e-05	8.98456451816e-06	8.98456451816e-06	0
4.49228225908e-06	0.0019316813714	0.000139260750031	0	0	4.49228225908e-06	0	0	1.34768467772e-05	0	0	0.00364324091211	0	0.0044024366139	8.98456451816e-06	0	0	0.000305475193617	0.00014824531455	0.000637904080789	0	4.49228225908e-06	4.49228225908e-06	2.69536935545e-05	0	0.0132657095111	0.00438446748486	0.00323444322654	4.49228225908e-06	3.14459758136e-05	8.98456451816e-06	0.000372859427504	4.49228225908e-06	8.98456451816e-06	0.000763687984043	0	0.000543566153349	2.24614112954e-05	0	0	0	0	0	0	0	0	0.000718765161453	0	0.000588488975939	0	0	0	2.24614112954e-05	0.000107814774218	0.000224614112954	0	0	4.49228225908e-06	8.98456451816e-06	0	0.00135666924224	0.000557043000126	0.000543566153349	0	0	0	0	0	0	5.8399669368e-05	5.8399669368e-05	0.00110510143573	0.000530089306571	8.53533629225e-05	4.49228225908e-06	0	0.000363874862985	1.79691290363e-05	0.000516612459794	0.000166214443586	4.49228225908e-06	0	0	7.18765161453e-05
8.98456451816e-06	0.00446532856552	0.00836912184866	0	0	8.98456451816e-06	0	4.49228225908e-06	1.79691290363e-05	1.34768467772e-05	0	0.00909237929238	0	0.00514366318665	2.69536935545e-05	0	8.98456451816e-06	0.0106422166718	0.00229106395213	0.00902499505849	0	0.00019316813714	0.000157229879068	0.00179691290363	4.49228225908e-06	0.00438446748486	0.0612387917558	0.0191101687301	2.24614112954e-05	8.08610806634e-05	0.000103322491959	0.00237641731505	1.34768467772e-05	5.39073871089e-05	0.00612298071912	0	0.00159026791971	0.000157229879068	0	0	0	0	0	0	0	0	0.00039082855654	0	0.000256060088767	0	0	2.24614112954e-05	0.000116799338736	8.53533629225e-05	0.000287506064581	0	4.49228225908e-06	9.88302096997e-05	3.14459758136e-05	0	0.000736734290489	0.000786149395339	0.000763687984043	0	0	0	0	0	0	0.000139260750031	0.000911933298593	0.00254263175864	0.00314908986361	0.000943379274407	4.94151048499e-05	4.49228225908e-05	8.98456451816e-05	5.39073871089e-05	0.000332428887172	0.000107814774218	1.79691290363e-05	0	0	1.79691290363e-05
4.49228225908e-06	0.00979766760705	0.0125918671722	0	0	4.49228225908e-06	4.49228225908e-06	6.73842338862e-05	3.14459758136e-05	0.00014824531455	0	0.00145100716968	0	0.00384090133151	1.79691290363e-05	0	0.00221918743598	0.00272681533126	0.000179691290363	0.00127580816158	0	0.000727749725971	0.00356237983145	0.00721909759034	0.000206644983918	0.00323444322654	0.0191101687301	0.0561355591094	0.000260552371027	7.63687984043e-05	0.000363874862985	0.00109611687122	1.79691290363e-05	7.18765161453e-05	0.00273579989578	0	0.00157679107294	0.000220121830695	0	0	0	4.49228225908e-06	0	0	1.79691290363e-05	4.49228225908e-06	0.000157229879068	4.49228225908e-06	9.43379274407e-05	0	0	0.000121291620995	0.000103322491959	5.8399669368e-05	0.000157229879068	0	1.34768467772e-05	0.000669350056603	0.000184183572622	1.34768467772e-05	0.000278521500063	0.000426766814612	0.000687319185639	8.98456451816e-06	0	0	0	0	0	0.000121291620995	0.00110510143573	0.00132522326643	0.00190023539559	0.000817595371152	9.43379274407e-05	5.8399669368e-05	2.69536935545e-05	8.08610806634e-05	0.000251567806508	8.53533629225e-05	3.59382580726e-05	4.49228225908e-06	8.98456451816e-06	8.98456451816e-06
0.000817595371152	6.28919516271e-05	0.000799626242116	0	0.00382742448474	0	0.000938886992147	0.0126817128174	0.000795133959857	0.00267740022641	0.00140608434709	0	0.0010871323067	0	0.000548058435608	8.98456451816e-06	0.00209789581499	0.000103322491959	0	8.98456451816e-06	0.00154085281486	0.00536378501734	0.00185980485526	0.00557941456578	0.0160329553827	4.49228225908e-06	2.24614112954e-05	0.000260552371027	0.0463468760669	0.00336471941205	0.0100941582362	0	0	0.0020529729924	0.00334675028301	1.79691290363e-05	8.98456451816e-06	4.49228225908e-06	0	2.24614112954e-05	0	8.98456451816e-06	0.000166214443586	4.49228225908e-06	0.000777164830821	2.24614112954e-05	0	1.79691290363e-05	0	2.69536935545e-05	0	4.94151048499e-05	4.49228225908e-06	0	0	4.49228225908e-06	2.24614112954e-05	0.000134768467772	2.69536935545e-05	0.000453720508167	0	0	8.98456451816e-06	0.000179691290363	4.49228225908e-06	5.8399669368e-05	0	0	0	8.98456451816e-06	0.00130276185513	0.00019316813714	0.0012623313148	0.000449228225908	0.000283013782322	5.39073871089e-05	0	4.04305403317e-05	8.98456451816e-06	1.34768467772e-05	8.98456451816e-06	8.98456451816e-06	0	0
0.00669350056603	2.24614112954e-05	0.000336921169431	0	0.000449228225908	0.000296490629099	0.00231352536343	0.00392176241218	0.00707085227579	0.000786149395339	0.000566027564644	0.000256060088767	0.000763687984043	4.49228225908e-05	0.0109971069702	4.04305403317e-05	0.000220121830695	9.88302096997e-05	0	1.79691290363e-05	0.000597473540457	0.00163069846005	0.000431259096872	0.00123088533899	0.00249770893605	3.14459758136e-05	8.08610806634e-05	7.63687984043e-05	0.00336471941205	0.0436739681228	0.0115496576881	8.98456451816e-06	0.00125783903254	0.0118057177769	0.0147526549388	1.34768467772e-05	8.98456451816e-06	0	0	0	0	0	4.49228225908e-05	0	0.00024258324199	1.34768467772e-05	0	3.14459758136e-05	0	1.34768467772e-05	0	8.98456451816e-06	0	0	0	0	0	2.69536935545e-05	4.49228225908e-06	0.000134768467772	0	0	4.49228225908e-06	3.59382580726e-05	8.98456451816e-06	1.34768467772e-05	0	0	4.49228225908e-06	8.98456451816e-06	0.00319850496846	0.000233598677472	0.00561984510611	0.00117697795188	0.000359382580726	0.000566027564644	2.24614112954e-05	5.39073871089e-05	4.49228225908e-06	8.98456451816e-06	0	1.34768467772e-05	4.49228225908e-06	0
0.00286607608129	9.43379274407e-05	0.00183734344396	0	0.000197660419399	8.98456451816e-06	0.000336921169431	0.00737183518715	0.00110060915347	0.00132971554869	0.000206644983918	3.59382580726e-05	0.000206644983918	8.98456451816e-06	0.000938886992147	4.49228225908e-06	0.00078165711308	0.000318952040395	4.49228225908e-06	3.59382580726e-05	0.000211137266177	0.0112935975993	0.00124436218576	0.00815798458249	0.00370164058148	8.98456451816e-06	0.000103322491959	0.000363874862985	0.0100941582362	0.0115496576881	0.0420612387918	0	1.79691290363e-05	0.00546261522704	0.00816247686475	1.34768467772e-05	8.98456451816e-06	4.49228225908e-06	0	0	0	8.98456451816e-06	5.39073871089e-05	8.98456451816e-06	0.000408797685576	1.34768467772e-05	0	8.98456451816e-06	0	1.34768467772e-05	8.98456451816e-06	4.04305403317e-05	4.49228225908e-06	0	0	0	2.24614112954e-05	0.000103322491959	2.24614112954e-05	0.000202152701659	0	0	4.49228225908e-06	7.63687984043e-05	8.98456451816e-06	1.34768467772e-05	0	0	0	2.24614112954e-05	0.0024258324199	0.000309967475876	0.00294693716196	0.00105119404862	0.00024258324199	0.000139260750031	8.98456451816e-06	7.63687984043e-05	8.98456451816e-06	2.24614112954e-05	1.79691290363e-05	1.79691290363e-05	8.98456451816e-06	4.49228225908e-06
4.49228225908e-06	1.34768467772e-05	1.34768467772e-05	0	0	0	0	0	0	0	0	0.00201254245207	0	0.00346354962175	4.49228225908e-06	0	0	3.59382580726e-05	5.8399669368e-05	8.53533629225e-05	0	0	0	4.49228225908e-06	0	0.000372859427504	0.00237641731505	0.00109611687122	0	8.98456451816e-06	0	0.0043036064042	0	4.49228225908e-06	0.000107814774218	0	1.79691290363e-05	0	0	0	0	0	0	0	0	0	4.04305403317e-05	0	4.04305403317e-05	0	0	0	4.49228225908e-06	4.49228225908e-06	0	0	0	0	4.49228225908e-06	0	7.63687984043e-05	3.59382580726e-05	1.79691290363e-05	0	0	0	0	0	0	0	8.98456451816e-06	0.00014824531455	8.53533629225e-05	4.49228225908e-06	0	0	4.49228225908e-06	0	2.69536935545e-05	0	0	0	0	4.49228225908e-06
4.49228225908e-06	8.98456451816e-06	4.49228225908e-06	0	4.49228225908e-06	0.00101974807281	0.000741226572748	0	0.0028211532587	4.49228225908e-06	0	4.04305403317e-05	0	0	0.00190023539559	4.49228225908e-06	0	4.49228225908e-06	0	4.49228225908e-06	4.49228225908e-06	4.49228225908e-06	0	4.49228225908e-06	8.98456451816e-06	4.49228225908e-06	1.34768467772e-05	1.79691290363e-05	0	0.00125783903254	1.79691290363e-05	0	0.00513018633987	4.94151048499e-05	0.0013836229358	0	0	0	0	0	0	0	0	0	0	0	0	0	0	0	0	0	0	0	0	0	0	0	0	0	0	0	0	0	0	0	0	0	0	0	4.94151048499e-05	0	0.000256060088767	3.14459758136e-05	3.59382580726e-05	0.000610950387235	4.49228225908e-06	4.49228225908e-06	0	0	0	4.49228225908e-06	0	0
0.00206644983918	1.79691290363e-05	0.000305475193617	0	0.000238090959731	3.14459758136e-05	0.000368367145244	0.00157229879068	0.00100177894377	0.000503135613017	0.000206644983918	1.79691290363e-05	0.000260552371027	1.34768467772e-05	0.00109162458896	8.98456451816e-06	0.00019316813714	7.63687984043e-05	0	8.98456451816e-06	0.000309967475876	0.00146448401646	0.000345905733949	0.000943379274407	0.0014824531455	8.98456451816e-06	5.39073871089e-05	7.18765161453e-05	0.0020529729924	0.0118057177769	0.00546261522704	4.49228225908e-06	4.94151048499e-05	0.0153546207615	0.00867010476002	4.49228225908e-06	0	0	0	0	0	0	3.14459758136e-05	0	0.000157229879068	8.98456451816e-06	0	2.69536935545e-05	0	0	0	8.98456451816e-06	4.49228225908e-06	0	4.49228225908e-06	0	4.49228225908e-06	3.59382580726e-05	4.49228225908e-06	8.08610806634e-05	0	0	0	2.24614112954e-05	0	4.49228225908e-06	0	0	0	4.49228225908e-06	0.00327936604913	0.000152737596809	0.00362077950082	0.0010646708954	0.000220121830695	0.000107814774218	4.49228225908e-06	5.39073871089e-05	4.49228225908e-06	1.34768467772e-05	8.98456451816e-06	4.49228225908e-06	4.49228225908e-06	0
0.0011635011051	0.00100627122603	0.00672045425958	0	0.000170706725845	0.000417782250094	0.00144202260516	0.00180140518589	0.00418680706546	0.000786149395339	0.000260552371027	0.00511221721083	0.000399813121058	0.000790641677598	0.00508077123502	7.63687984043e-05	0.000880487322779	0.00630716429175	9.88302096997e-05	0.00354890298467	0.000265044653286	0.00568273705773	0.00164417530682	0.0122369768737	0.00205746527466	0.000763687984043	0.00612298071912	0.00273579989578	0.00334675028301	0.0147526549388	0.00816247686475	0.000107814774218	0.0013836229358	0.00867010476002	0.0613016837074	8.98456451816e-06	0.000305475193617	5.8399669368e-05	0	0	4.49228225908e-06	4.49228225908e-06	3.14459758136e-05	1.34768467772e-05	0.000251567806508	8.98456451816e-06	4.49228225908e-05	2.69536935545e-05	4.49228225908e-05	8.98456451816e-06	0	4.49228225908e-05	3.59382580726e-05	8.98456451816e-06	3.59382580726e-05	0	3.14459758136e-05	0.000269536935545	8.08610806634e-05	0.000107814774218	8.08610806634e-05	0.00014824531455	0.000211137266177	6.28919516271e-05	8.98456451816e-06	1.79691290363e-05	0	0	0	9.43379274407e-05	0.0124750678335	0.00467197354944	0.0273535066755	0.00890819571975	0.00123986990351	0.00129826957287	0.000354890298467	0.000323444322654	0.000121291620995	9.43379274407e-05	5.8399669368e-05	2.24614112954e-05	1.79691290363e-05	0
4.49228225908e-06	0	0	0	0	0	0	4.49228225908e-06	0	5.8399669368e-05	0	0	0	0	4.49228225908e-06	0	0	0	0	0	0	0	1.34768467772e-05	4.49228225908e-06	1.34768467772e-05	0	0	0	1.79691290363e-05	1.34768467772e-05	1.34768467772e-05	0	0	4.49228225908e-06	8.98456451816e-06	0.014945823076	0	2.24614112954e-05	0	2.24614112954e-05	1.34768467772e-05	0.00131174641965	0.00558839913029	0.00199906560529	0.000305475193617	0.00101525579055	0	0.000350398016208	0	0.00723257443712	0.000202152701659	0.000116799338736	1.79691290363e-05	0	0	0.00014824531455	0.000251567806508	6.73842338862e-05	0.000170706725845	0.000965840685702	0	4.49228225908e-06	1.34768467772e-05	0.000943379274407	0.00482920342851	0.00207992668595	0	8.98456451816e-06	0.000417782250094	0.00106916317766	8.98456451816e-06	4.49228225908e-06	1.34768467772e-05	8.98456451816e-06	0	0	0	0.00101525579055	0.000188675854881	0.000525597024312	0.000157229879068	0.00100177894377	0.000130276185513	4.49228225908e-06
0	0.0024482938312	0.00112756284703	0	0	0	0	4.49228225908e-06	0	0	0	0.000134768467772	0	0.000112307056477	0	0	4.49228225908e-06	0.000377351709763	8.98456451816e-06	0.000175199008104	0	1.79691290363e-05	0.000125783903254	0.000229106395213	0	0.000543566153349	0.00159026791971	0.00157679107294	8.98456451816e-06	8.98456451816e-06	8.98456451816e-06	1.79691290363e-05	0	0	0.000305475193617	0	0.0181218666331	0.00191820452463	0	0	0	0	8.98456451816e-06	0	1.34768467772e-05	0	0.000435751379131	0	0.000238090959731	0	0	0.000256060088767	0.00087599504052	0.000125783903254	0.000660365492085	0	0.000112307056477	0.00206195755692	0.000678334621121	4.49228225908e-06	0.00153186825035	0.003710625146	0.010246895833	1.79691290363e-05	4.49228225908e-06	2.69536935545e-05	0	0	0	0.00103771720185	8.98456451816e-05	0.000238090959731	0.000184183572622	4.49228225908e-05	4.49228225908e-06	0	4.49228225908e-06	0.000467197354944	0.00160823704875	0.000849041346966	0.000247075524249	1.79691290363e-05	2.69536935545e-05	2.69536935545e-05
0	0.000318952040395	0.000327936604913	0	0	0	0	0	0	4.49228225908e-06	0	4.49228225908e-06	0	8.98456451816e-06	0	0	4.49228225908e-06	5.39073871089e-05	0	1.79691290363e-05	0	4.49228225908e-06	8.98456451816e-05	8.08610806634e-05	8.98456451816e-06	2.24614112954e-05	0.000157229879068	0.000220121830695	4.49228225908e-06	0	4.49228225908e-06	0	0	0	5.8399669368e-05	2.24614112954e-05	0.00191820452463	0.0247884135056	0	0	0	8.98456451816e-06	9.88302096997e-05	8.98456451816e-06	5.39073871089e-05	4.49228225908e-06	8.98456451816e-05	0	4.04305403317e-05	4.49228225908e-05	4.49228225908e-06	0.0011635011051	0.00389930100088	1.34768467772e-05	0.000453720508167	0	0.00125783903254	0.00189125083107	0.00890370343749	6.73842338862e-05	4.04305403317e-05	0.00300084454906	0.00818493827604	0.000166214443586	1.79691290363e-05	0.000462705072685	4.49228225908e-06	0	0	0.00219672602469	2.69536935545e-05	3.14459758136e-05	4.04305403317e-05	3.59382580726e-05	8.98456451816e-06	0	8.98456451816e-06	0.00163069846005	0.00260103142801	0.00195863506496	0.000790641677598	0.000112307056477	9.43379274407e-05	1.34768467772e-05
0	0	0	0	0	0	0	0	0	0	0	0	0	0	0	0	0	0	0	0	0	0	0	0	0	0	0	0	0	0	0	0	0	0	0	0	0	0	0	0	0	0	0	0	0	0	0	0	0	0	0	0	0	0	0	0	0	0	0	0	0	0	0	0	0	0	0	0	0	0	0	0	0	0	0	0	0	0	0	0	0	0	0	0
0	0	0	0	0.000256060088767	0	2.24614112954e-05	8.98456451816e-06	0	1.34768467772e-05	0.000462705072685	0	0.000431259096872	0	0	0	0	0	0	0	0.000691811467898	0	0	0	5.39073871089e-05	0	0	0	2.24614112954e-05	0	0	0	0	0	0	2.24614112954e-05	0	0	0	0.0111004294622	0	0.000233598677472	0.000642396363048	5.39073871089e-05	0.000143753032291	0.00324792007331	0	0.000525597024312	0	8.53533629225e-05	4.49228225908e-06	0	0	0	0	0.00410145370254	0	0	0	0.00223266428276	0	0	0	0.00381394763796	1.34768467772e-05	8.98456451816e-06	0	0	4.49228225908e-06	8.98456451816e-06	0	0	0	0	0	0	0	1.79691290363e-05	0	8.98456451816e-06	0	1.34768467772e-05	0	0
0	0	0	0	0	0	0	0	0	0	0	0	0	0	0	0	0	0	0	0	0	0	4.49228225908e-06	0	0	0	0	0	0	0	0	0	0	0	4.49228225908e-06	1.34768467772e-05	0	0	0	0	0.00176097464556	0.00110959371799	8.98456451816e-06	0.000197660419399	4.49228225908e-06	0	4.49228225908e-06	4.49228225908e-06	0	7.63687984043e-05	0.000345905733949	0	4.49228225908e-06	0	0	0	0	0	0	0	0	0	0	0	0.000166214443586	4.49228225908e-06	0	0.000197660419399	0	7.18765161453e-05	4.49228225908e-06	0	0	0	0	0	0	1.79691290363e-05	4.49228225908e-06	4.94151048499e-05	8.98456451816e-06	0.000336921169431	0.000345905733949	0
0	0	0	0	0	0	0	0	0	2.24614112954e-05	0	0	0	0	0	0	4.49228225908e-06	0	0	0	0	0	1.79691290363e-05	4.49228225908e-06	8.98456451816e-06	0	0	4.49228225908e-06	8.98456451816e-06	0	8.98456451816e-06	0	0	0	4.49228225908e-06	0.00131174641965	0	8.98456451816e-06	0	0.000233598677472	0.00110959371799	0.0350308170563	0.00326139692009	0.0133286014627	0.000238090959731	0.0100132971555	3.14459758136e-05	0.00424969901709	0	0.00586692063036	0.00256060088767	4.04305403317e-05	2.24614112954e-05	0	0	0.00160374476649	7.63687984043e-05	3.59382580726e-05	6.73842338862e-05	0.00068282690338	0	4.49228225908e-06	8.98456451816e-06	0.00107365545992	0.00363425634759	0.000215629548436	0	0.000660365492085	4.49228225908e-05	0.00113654741155	0	0	4.49228225908e-06	4.49228225908e-06	0	0	0	0.000660365492085	0.000130276185513	0.00110060915347	0.000300982911358	0.00303229052488	0.00189125083107	1.34768467772e-05
