0.035680228862	2.4833121424e-05	0.00153468690401	0	0.00215054831532	0.000665527654164	0.00153965352829	0.0147608073744	0.00475305944056	0.00229954704387	0.0116219008264	0.000720160521297	0.00246841226955	0.000263231087095	0.0211578194533	0.000531428798474	0.000312897329943	0.000317863954228	4.96662428481e-05	0.000387396694215	0.00426136363636	0.0011770899555	0.00026819771138	0.00249821201526	0.00259754450095	6.45661157025e-05	0.000854259376987	0.0003923633185	0.0149743722187	0.0150687380801	0.00371006834075	1.98664971392e-05	0.000153965352829	0.000685394151303	0.00762873490146	0.000288064208519	6.95327399873e-05	9.93324856961e-05	0	0.000263231087095	1.48998728544e-05	0.000968491735537	0.000635727908455	0.00102312460267	0.00162408614113	0.000417196439924	5.95994914177e-05	0.000854259376987	1.48998728544e-05	0.000302964081373	0.00025826446281	6.95327399873e-05	1.98664971392e-05	2.4833121424e-05	4.96662428481e-06	0.000238397965671	8.93992371265e-05	0.000163898601399	0.000139065479975	0.00105292434838	4.96662428481e-06	6.95327399873e-05	0.000104299109981	0.000422163064209	0.000302964081373	0.000183765098538	0	2.4833121424e-05	4.46996185633e-05	0.000417196439924	0.0018624841068	0.000645661157025	0.00643674507311	0.00203134933249	0.000173831849968	0.000163898601399	0.000104299109981	0.000293030832804	7.44993642721e-05	0.000297997457088	0.000168865225683	0.000253297838525	0.000104299109981	3.47663699936e-05
2.4833121424e-05	0.0117609663064	0.00157441989828	0	9.93324856961e-06	4.96662428481e-06	4.96662428481e-06	7.94659885569e-05	1.48998728544e-05	0.00129628893833	2.97997457088e-05	7.94659885569e-05	9.93324856961e-06	0.000243364589955	4.96662428481e-05	2.4833121424e-05	0.00108272409409	0.000591028289892	1.98664971392e-05	0.000253297838525	4.96662428481e-06	0.00026819771138	0.00318857279085	0.000794659885569	0.000963525111252	0.00051652892562	0.00324817228226	0.00762376827718	0.000288064208519	4.46996185633e-05	0.000158931977114	4.46996185633e-05	4.96662428481e-06	9.93324856961e-06	0.00051652892562	9.93324856961e-06	0.00406766528926	0.000615861411316	0	0	0	1.48998728544e-05	1.48998728544e-05	3.97329942784e-05	4.96662428481e-05	4.96662428481e-06	6.95327399873e-05	9.93324856961e-06	4.96662428481e-05	1.48998728544e-05	9.93324856961e-06	6.95327399873e-05	0.000327797202797	4.46996185633e-05	0.000203631595677	9.93324856961e-06	4.46996185633e-05	0.000188731722823	0.000114232358551	2.97997457088e-05	0.000158931977114	0.000740027018436	0.00297004132231	3.47663699936e-05	2.97997457088e-05	4.46996185633e-05	0	0	1.48998728544e-05	0.000213564844247	0.000829426255563	0.00051652892562	0.000422163064209	0.000109265734266	1.98664971392e-05	4.96662428481e-06	0	0.000213564844247	0.000233431341386	0.000203631595677	8.93992371265e-05	4.96662428481e-06	1.98664971392e-05	4.96662428481e-06
0.00153468690401	0.00157441989828	0.0460952399873	0	2.97997457088e-05	1.48998728544e-05	4.96662428481e-05	0.00312897329943	0.000158931977114	0.000347663699936	0.00065062778131	0.000278130959949	5.46328671329e-05	8.93992371265e-05	0.00148005403687	6.95327399873e-05	0.000635727908455	0.00606921487603	3.47663699936e-05	0.000998291481246	3.47663699936e-05	0.00379450095359	0.00151978703115	0.0218730133503	0.000422163064209	1.98664971392e-05	0.00718173871583	0.018083479021	0.00520998887476	0.000735060394151	0.00370510171647	9.93324856961e-06	4.96662428481e-06	0.00012416560712	0.00318857279085	0.000163898601399	0.00477789256198	0.00318360616656	0	9.93324856961e-06	0	0.000153965352829	0.00012416560712	0.000293030832804	0.000178798474253	1.48998728544e-05	8.93992371265e-05	3.97329942784e-05	1.48998728544e-05	9.43658614113e-05	7.44993642721e-05	0.000491695804196	0.00108272409409	4.96662428481e-05	0.000213564844247	0	0.000332763827082	0.0024833121424	0.00193698347107	0.000129132231405	5.95994914177e-05	0.00113239033694	0.005458320089	0.000129132231405	7.94659885569e-05	0.000307930705658	0	9.93324856961e-06	1.48998728544e-05	0.000665527654164	0.00617351398601	0.00251311188811	0.00315380642085	0.00103305785124	2.4833121424e-05	4.96662428481e-06	5.46328671329e-05	0.00088902574698	0.000665527654164	0.000829426255563	0.00038243006993	0.000129132231405	7.94659885569e-05	1.98664971392e-05
0	0	0	0	0	0	0	0	0	0	0	0	0	0	0	0	0	0	0	0	0	0	0	0	0	0	0	0	0	0	0	0	0	0	0	0	0	0	0	0	0	0	0	0	0	0	0	0	0	0	0	0	0	0	0	0	0	0	0	0	0	0	0	0	0	0	0	0	0	0	0	0	0	0	0	0	0	0	0	0	0	0	0	0
0.00215054831532	9.93324856961e-06	2.97997457088e-05	0	0.0256824141767	8.44326128417e-05	0.000690360775588	0.00520005562619	0.000486729179911	0.00165885251113	0.0112543706294	8.93992371265e-05	0.00453452797203	5.46328671329e-05	0.00150985378258	0.000198664971392	2.4833121424e-05	9.93324856961e-06	0	1.48998728544e-05	0.0107974411952	4.96662428481e-05	4.46996185633e-05	9.43658614113e-05	0.0118851319135	0	7.94659885569e-05	2.97997457088e-05	0.0158385648442	0.00216048156389	0.000104299109981	4.96662428481e-06	9.93324856961e-06	0.000437062937063	0.00151482040687	2.4833121424e-05	0	4.96662428481e-06	0	0.000953591862683	9.93324856961e-06	0.000491695804196	0.000322830578512	0.000293030832804	0.00232934678957	0.000561228544183	4.96662428481e-06	0.00232934678957	0	6.95327399873e-05	0.000163898601399	9.93324856961e-06	0	0	4.96662428481e-06	0.00116219008264	1.48998728544e-05	2.4833121424e-05	2.4833121424e-05	0.0020263827082	0	9.93324856961e-06	0	0.000496662428481	2.97997457088e-05	1.48998728544e-05	0	9.93324856961e-06	4.96662428481e-06	0.000109265734266	0.000526462174189	7.44993642721e-05	0.00129132231405	0.000476795931341	7.44993642721e-05	3.47663699936e-05	3.97329942784e-05	5.95994914177e-05	1.48998728544e-05	7.44993642721e-05	2.4833121424e-05	0.000158931977114	2.97997457088e-05	1.98664971392e-05
0.000665527654164	4.96662428481e-06	1.48998728544e-05	0	8.44326128417e-05	0.00615364748887	0.00189228385251	0.000417196439924	0.0016340193897	0.000104299109981	0.000635727908455	5.95994914177e-05	0.000218531468531	0.000104299109981	0.000680427527018	0.00131615543547	0	4.96662428481e-06	4.96662428481e-06	4.96662428481e-06	0.000238397965671	3.47663699936e-05	4.96662428481e-06	5.95994914177e-05	7.94659885569e-05	0	3.97329942784e-05	4.96662428481e-06	0.000432096312778	0.00128138906548	3.97329942784e-05	4.96662428481e-06	0.00200154958678	3.47663699936e-05	0.00151482040687	1.48998728544e-05	1.48998728544e-05	0	0	4.96662428481e-06	4.96662428481e-06	1.98664971392e-05	9.93324856961e-06	3.97329942784e-05	2.97997457088e-05	1.48998728544e-05	9.93324856961e-06	2.97997457088e-05	0	9.93324856961e-06	4.96662428481e-06	4.96662428481e-06	4.96662428481e-06	0	0	1.48998728544e-05	0	4.96662428481e-06	4.96662428481e-06	1.98664971392e-05	0	4.96662428481e-06	0	9.93324856961e-06	1.48998728544e-05	0	0	1.48998728544e-05	0	4.46996185633e-05	0.000144032104259	9.43658614113e-05	0.000839359504132	0.000496662428481	0.000208598219962	0.00147508741259	1.48998728544e-05	9.93324856961e-06	9.93324856961e-06	5.46328671329e-05	3.47663699936e-05	9.93324856961e-06	0	9.93324856961e-06
0.00153965352829	4.96662428481e-06	4.96662428481e-05	0	0.000690360775588	0.00189228385251	0.0206065241577	0.00370510171647	0.00285084233948	0.000531428798474	0.00770323426573	6.45661157025e-05	0.00493185791481	4.96662428481e-05	0.00129132231405	0.00226478067387	2.97997457088e-05	4.96662428481e-06	4.96662428481e-06	1.48998728544e-05	0.00197671646535	0.000119198982835	9.93324856961e-06	0.000144032104259	0.000511562301335	4.96662428481e-06	6.45661157025e-05	4.46996185633e-05	0.00358093610935	0.00206114907819	6.95327399873e-05	0	0.000327797202797	0.00013409885569	0.00132608868404	1.48998728544e-05	0	9.93324856961e-06	0	0.000119198982835	0	0.000173831849968	9.93324856961e-05	0.00013409885569	0.000471829307057	0.000129132231405	9.93324856961e-06	0.000283097584234	0	4.46996185633e-05	1.98664971392e-05	4.96662428481e-06	0	0	0	0.000109265734266	9.93324856961e-06	9.93324856961e-06	1.48998728544e-05	0.000397329942784	4.96662428481e-06	0	9.93324856961e-06	9.43658614113e-05	4.46996185633e-05	2.4833121424e-05	0	4.96662428481e-06	9.93324856961e-06	4.46996185633e-05	0.000432096312778	0.000104299109981	0.00116219008264	0.000521495549905	0.000168865225683	0.000302964081373	2.97997457088e-05	3.97329942784e-05	4.96662428481e-06	4.96662428481e-05	3.97329942784e-05	4.46996185633e-05	2.4833121424e-05	4.96662428481e-06
0.0147608073744	7.94659885569e-05	0.00312897329943	0	0.00520005562619	0.000417196439924	0.00370510171647	0.0738487364908	0.00373490146217	0.00721650508582	0.0272270343293	0.000417196439924	0.0029104418309	0.000163898601399	0.0134992848061	0.000491695804196	0.000451962809917	0.000625794659886	2.97997457088e-05	0.000317863954228	0.00503615702479	0.00450472822632	0.000432096312778	0.00733073744437	0.00960048474253	2.97997457088e-05	0.000918825492689	0.000571161792753	0.0546924666243	0.0110507390337	0.013270820089	4.96662428481e-06	0.000104299109981	0.00246841226955	0.00647647806739	0.00051652892562	0.000153965352829	0.000228464717101	0	0.00105292434838	1.48998728544e-05	0.0021902813096	0.00180288461538	0.00229954704387	0.00594504926891	0.00122178957406	6.45661157025e-05	0.00250317863954	9.93324856961e-06	0.000754926891291	0.000665527654164	8.44326128417e-05	5.95994914177e-05	1.48998728544e-05	3.97329942784e-05	0.000948625238398	0.000144032104259	0.000322830578512	0.000213564844247	0.00406269866497	9.93324856961e-06	8.44326128417e-05	0.000273164335664	0.00129132231405	0.000645661157025	0.000362563572791	0	3.47663699936e-05	6.45661157025e-05	0.00076486013986	0.00332763827082	0.000710227272727	0.00541362047044	0.00180785123967	0.000153965352829	0.000109265734266	0.00012416560712	0.000466862682772	7.94659885569e-05	0.000595994914177	0.00024833121424	0.000610894787031	0.000183765098538	1.98664971392e-05
0.00475305944056	1.48998728544e-05	0.000158931977114	0	0.000486729179911	0.0016340193897	0.00285084233948	0.00373490146217	0.0190172043865	0.000595994914177	0.00601954863318	0.000312897329943	0.000725127145582	0.000173831849968	0.00913858868404	0.000551295295613	5.95994914177e-05	2.4833121424e-05	3.97329942784e-05	0.00012416560712	0.00108272409409	0.000193698347107	4.96662428481e-05	0.000322830578512	0.000546328671329	4.46996185633e-05	0.000178798474253	4.96662428481e-05	0.00322333916084	0.00558248569612	0.000317863954228	0	0.000491695804196	0.000114232358551	0.00285084233948	5.46328671329e-05	4.96662428481e-06	9.93324856961e-06	0	8.44326128417e-05	4.96662428481e-06	0.000198664971392	0.000144032104259	0.000183765098538	0.000412229815639	0.000148998728544	4.96662428481e-06	0.00025826446281	0	6.95327399873e-05	4.96662428481e-05	0	4.96662428481e-06	0	0	8.93992371265e-05	1.98664971392e-05	9.93324856961e-06	0	0.000312897329943	0	9.93324856961e-06	1.48998728544e-05	0.000109265734266	9.43658614113e-05	6.45661157025e-05	0	0	9.93324856961e-06	9.93324856961e-05	0.000501629052765	0.000307930705658	0.00237901303242	0.000903925619835	8.44326128417e-05	0.000317863954228	6.95327399873e-05	6.45661157025e-05	9.93324856961e-06	5.95994914177e-05	2.97997457088e-05	4.96662428481e-05	2.4833121424e-05	2.4833121424e-05
0.00229954704387	0.00129628893833	0.000347663699936	0	0.00165885251113	0.000104299109981	0.000531428798474	0.00721650508582	0.000595994914177	0.0361917911634	0.00277634297521	0.000129132231405	0.00151978703115	5.95994914177e-05	0.00209591544819	0.000968491735537	0.00265217736809	0.000148998728544	0	0.00012416560712	0.000834392879847	0.000759893515575	0.00548315321043	0.00089895899555	0.0143783773045	0.000109265734266	0.000541362047044	0.0018624841068	0.0152376033058	0.0040527654164	0.0035312698665	0	2.97997457088e-05	0.00121682294978	0.00220021455817	0.00135092180547	0.000168865225683	0.000233431341386	0	0.00088902574698	1.98664971392e-05	0.00173831849968	0.00236411315957	0.00283097584234	0.013027455499	0.000660561029879	5.95994914177e-05	0.00178798474253	1.48998728544e-05	0.00157938652257	0.000809559758423	0.000163898601399	8.93992371265e-05	1.48998728544e-05	1.48998728544e-05	0.000829426255563	0.000635727908455	0.00119695645264	0.000238397965671	0.00436566274634	1.48998728544e-05	0.000104299109981	0.000278130959949	0.00283594246662	0.00188731722823	0.00197671646535	4.96662428481e-06	3.47663699936e-05	0.000412229815639	0.00211081532104	0.00397329942784	0.000864192625556	0.00196678321678	0.000685394151303	0.000943658614113	6.95327399873e-05	2.4833121424e-05	0.0010131913541	0.000178798474253	0.00139562142403	0.000665527654164	0.0011125238398	0.0003923633185	1.48998728544e-05
0.0116219008264	2.97997457088e-05	0.00065062778131	0	0.0112543706294	0.000635727908455	0.00770323426573	0.0272270343293	0.00601954863318	0.00277634297521	0.0638360219326	0.000461896058487	0.0112543706294	0.000193698347107	0.0128883900191	0.000655594405594	0.000129132231405	8.93992371265e-05	3.47663699936e-05	0.000168865225683	0.0175570168468	0.000834392879847	0.000139065479975	0.00146018753973	0.00593511602034	2.97997457088e-05	0.000471829307057	0.000173831849968	0.0341753417038	0.00823962968849	0.00102312460267	1.48998728544e-05	0.000114232358551	0.00104299109981	0.00590531627463	0.000148998728544	2.97997457088e-05	6.95327399873e-05	0	0.00165885251113	9.93324856961e-06	0.00122675619835	0.000854259376987	0.00088902574698	0.00359086935791	0.00102809122695	5.46328671329e-05	0.00257767800381	9.93324856961e-06	0.000233431341386	0.000317863954228	2.97997457088e-05	1.48998728544e-05	9.93324856961e-06	1.98664971392e-05	0.00109265734266	4.96662428481e-05	0.000109265734266	8.44326128417e-05	0.00325313890655	0	1.98664971392e-05	4.96662428481e-05	0.00076486013986	0.000153965352829	0.000114232358551	0	4.96662428481e-06	2.4833121424e-05	0.000283097584234	0.00173831849968	0.000536395422759	0.00505105689765	0.00175321837254	0.000168865225683	0.000158931977114	7.94659885569e-05	0.000213564844247	3.97329942784e-05	0.000223498092816	0.000119198982835	0.000243364589955	7.44993642721e-05	1.98664971392e-05
0.000720160521297	7.94659885569e-05	0.000278130959949	0	8.93992371265e-05	5.95994914177e-05	6.45661157025e-05	0.000417196439924	0.000312897329943	0.000129132231405	0.000461896058487	0.0231693022886	0.000104299109981	0.00533912110617	0.000983391608392	3.97329942784e-05	4.96662428481e-05	0.000645661157025	0.001569453274	0.00525965511761	0.000158931977114	0.000243364589955	7.44993642721e-05	0.000417196439924	0.000139065479975	0.00187738397966	0.00888032422123	0.00050659567705	0.000511562301335	0.0024833121424	0.000178798474253	0.00106285759695	4.46996185633e-05	7.44993642721e-05	0.00716683884298	0	0.00012416560712	3.47663699936e-05	0	1.98664971392e-05	0	2.97997457088e-05	9.93324856961e-06	1.98664971392e-05	2.4833121424e-05	2.4833121424e-05	0.00123668944692	1.98664971392e-05	0.00122675619835	4.96662428481e-06	9.93324856961e-06	0	1.98664971392e-05	0.000253297838525	4.96662428481e-05	4.96662428481e-06	4.96662428481e-06	1.98664971392e-05	2.4833121424e-05	3.47663699936e-05	0.000645661157025	0.000595994914177	0.000263231087095	2.4833121424e-05	4.96662428481e-06	0	0.000317863954228	0	0	0.000109265734266	0.00159428639542	0.00524972186904	0.00815519707565	0.000933725365544	2.97997457088e-05	3.97329942784e-05	0.000600961538462	0.000168865225683	0.000397329942784	6.45661157025e-05	4.46996185633e-05	2.97997457088e-05	1.48998728544e-05	4.96662428481e-05
0.00246841226955	9.93324856961e-06	5.46328671329e-05	0	0.00453452797203	0.000218531468531	0.00493185791481	0.0029104418309	0.000725127145582	0.00151978703115	0.0112543706294	0.000104299109981	0.0289901859504	3.97329942784e-05	0.00168368563255	0.000779760012715	9.93324856961e-05	1.98664971392e-05	0	3.47663699936e-05	0.0141151462174	0.000129132231405	8.44326128417e-05	0.000168865225683	0.00227968054673	1.48998728544e-05	0.000129132231405	8.93992371265e-05	0.00598478226319	0.00214061506675	8.44326128417e-05	4.96662428481e-06	2.4833121424e-05	0.000144032104259	0.00163898601399	4.96662428481e-06	1.98664971392e-05	9.93324856961e-06	0	0.000163898601399	4.96662428481e-06	0.000233431341386	8.93992371265e-05	9.43658614113e-05	0.00065062778131	0.000158931977114	1.98664971392e-05	0.000893992371265	4.96662428481e-06	1.98664971392e-05	0.000114232358551	1.98664971392e-05	4.96662428481e-06	0	0	0.000213564844247	2.4833121424e-05	2.97997457088e-05	3.47663699936e-05	0.000511562301335	4.96662428481e-06	1.48998728544e-05	3.47663699936e-05	0.000114232358551	9.93324856961e-06	1.48998728544e-05	0	0	4.96662428481e-06	6.45661157025e-05	0.000744993642721	0.000198664971392	0.00142045454545	0.000561228544183	0.000213564844247	3.97329942784e-05	2.97997457088e-05	4.46996185633e-05	1.48998728544e-05	7.44993642721e-05	6.45661157025e-05	0.00013409885569	1.48998728544e-05	0
0.000263231087095	0.000243364589955	8.93992371265e-05	0	5.46328671329e-05	0.000104299109981	4.96662428481e-05	0.000163898601399	0.000173831849968	5.95994914177e-05	0.000193698347107	0.00533912110617	3.97329942784e-05	0.0201744278449	0.000342697075652	3.47663699936e-05	3.97329942784e-05	6.45661157025e-05	0.000114232358551	0.000322830578512	5.95994914177e-05	7.44993642721e-05	6.45661157025e-05	0.000144032104259	7.94659885569e-05	0.00588048315321	0.00615861411316	0.00197174984107	0.000193698347107	0.000973458359822	6.45661157025e-05	0.00246344564526	3.97329942784e-05	3.47663699936e-05	0.00174825174825	4.96662428481e-06	0.000144032104259	1.98664971392e-05	0	0	5.46328671329e-05	7.44993642721e-05	9.93324856961e-06	0.000129132231405	2.97997457088e-05	4.96662428481e-06	0.00205121582962	1.48998728544e-05	0.00230451366815	4.96662428481e-06	1.48998728544e-05	4.96662428481e-06	9.93324856961e-06	0.00050659567705	0.000163898601399	1.48998728544e-05	0	4.46996185633e-05	1.48998728544e-05	4.96662428481e-06	0.00164891926256	0.00140058804832	0.000546328671329	9.93324856961e-06	1.48998728544e-05	0	0.000481762555626	4.96662428481e-05	0	0.000322830578512	0.000511562301335	0.00298494119517	0.00285580896376	0.000680427527018	1.98664971392e-05	4.46996185633e-05	0.00139065479975	8.44326128417e-05	0.000655594405594	0.000337730451367	0.000208598219962	1.98664971392e-05	9.43658614113e-05	0.000263231087095
0.0211578194533	4.96662428481e-05	0.00148005403687	0	0.00150985378258	0.000680427527018	0.00129132231405	0.0134992848061	0.00913858868404	0.00209591544819	0.0128883900191	0.000983391608392	0.00168368563255	0.000342697075652	0.0413272806739	0.000511562301335	0.000208598219962	0.000228464717101	8.93992371265e-05	0.000412229815639	0.00275150985378	0.00122178957406	0.000228464717101	0.00265714399237	0.00215551493961	0.000104299109981	0.000844326128417	0.000362563572791	0.0123569612206	0.0175073506039	0.00253297838525	3.47663699936e-05	0.000273164335664	0.000501629052765	0.00739033693579	0.000198664971392	8.44326128417e-05	0.000109265734266	0	0.000208598219962	9.93324856961e-06	0.000804593134139	0.000491695804196	0.000809559758423	0.00139065479975	0.000352630324221	5.95994914177e-05	0.000730093769866	2.4833121424e-05	0.000218531468531	0.000233431341386	3.47663699936e-05	2.4833121424e-05	1.98664971392e-05	4.96662428481e-06	0.000203631595677	6.95327399873e-05	0.00013409885569	0.000104299109981	0.000874125874126	4.96662428481e-06	8.44326128417e-05	0.000119198982835	0.000312897329943	0.00025826446281	0.000173831849968	4.96662428481e-06	9.93324856961e-06	3.47663699936e-05	0.000422163064209	0.00162408614113	0.000789693261284	0.00599471551176	0.00187738397966	0.000193698347107	0.000218531468531	0.000139065479975	0.000213564844247	5.95994914177e-05	0.000278130959949	0.000148998728544	0.000183765098538	9.43658614113e-05	6.95327399873e-05
0.000531428798474	2.4833121424e-05	6.95327399873e-05	0	0.000198664971392	0.00131615543547	0.00226478067387	0.000491695804196	0.000551295295613	0.000968491735537	0.000655594405594	3.97329942784e-05	0.000779760012715	3.47663699936e-05	0.000511562301335	0.00744000317864	0.000139065479975	0	0	4.96662428481e-06	0.000302964081373	0.000362563572791	0.00012416560712	0.000352630324221	0.000521495549905	4.96662428481e-06	3.97329942784e-05	9.93324856961e-05	0.000824459631278	0.000824459631278	0.000238397965671	0	0.000263231087095	5.46328671329e-05	0.00063076128417	1.98664971392e-05	0	4.46996185633e-05	0	2.97997457088e-05	0	5.95994914177e-05	3.47663699936e-05	6.45661157025e-05	0.000148998728544	2.97997457088e-05	0	7.94659885569e-05	0	1.98664971392e-05	1.98664971392e-05	2.97997457088e-05	1.48998728544e-05	0	0	3.47663699936e-05	1.48998728544e-05	4.46996185633e-05	4.96662428481e-05	5.46328671329e-05	0	0	6.95327399873e-05	2.97997457088e-05	1.48998728544e-05	3.97329942784e-05	0	0	4.96662428481e-06	1.48998728544e-05	0.00155455340114	0.000153965352829	0.000610894787031	0.00024833121424	0.00151482040687	0.000387396694215	1.98664971392e-05	6.45661157025e-05	9.93324856961e-06	8.44326128417e-05	5.95994914177e-05	3.97329942784e-05	4.96662428481e-06	0
0.000312897329943	0.00108272409409	0.000635727908455	0	2.4833121424e-05	0	2.97997457088e-05	0.000451962809917	5.95994914177e-05	0.00265217736809	0.000129132231405	4.96662428481e-05	9.93324856961e-05	3.97329942784e-05	0.000208598219962	0.000139065479975	0.0239689287985	0.000218531468531	4.96662428481e-06	8.93992371265e-05	5.95994914177e-05	0.00678937539733	0.0113090034965	0.00901442307692	0.00823466306421	4.46996185633e-05	0.000680427527018	0.00458419421488	0.00390376668786	0.000595994914177	0.00155952002543	4.96662428481e-06	0	0.000158931977114	0.00102312460267	7.94659885569e-05	0.000293030832804	0.000188731722823	0	1.98664971392e-05	0	6.45661157025e-05	6.45661157025e-05	0.000148998728544	0.000581095041322	1.98664971392e-05	4.96662428481e-06	3.97329942784e-05	9.93324856961e-06	9.43658614113e-05	1.98664971392e-05	0.00256774475524	8.93992371265e-05	1.48998728544e-05	5.95994914177e-05	9.93324856961e-06	0.000804593134139	0.00433089637635	0.00102312460267	0.000407263191354	3.97329942784e-05	0.000109265734266	0.000645661157025	0.000884059122695	0.000213564844247	0.000655594405594	4.96662428481e-06	0	0.000104299109981	0.000481762555626	0.00379450095359	0.00183765098538	0.000769826764145	0.000243364589955	9.93324856961e-06	0	1.98664971392e-05	0.000720160521297	0.000213564844247	0.000352630324221	0.000178798474253	0.000178798474253	6.95327399873e-05	4.96662428481e-06
0.000317863954228	0.000591028289892	0.00606921487603	0	9.93324856961e-06	4.96662428481e-06	4.96662428481e-06	0.000625794659886	2.4833121424e-05	0.000148998728544	8.93992371265e-05	0.000645661157025	1.98664971392e-05	6.45661157025e-05	0.000228464717101	0	0.000218531468531	0.0240533614113	6.45661157025e-05	0.00549805308328	1.98664971392e-05	0.00219524793388	0.000283097584234	0.00639701207883	0.000153965352829	2.97997457088e-05	0.0097395502225	0.00322333916084	0.00118702320407	0.000407263191354	0.00223001430388	4.46996185633e-05	4.96662428481e-06	3.97329942784e-05	0.00481762555626	2.4833121424e-05	0.00163898601399	0.000417196439924	0	0	0	9.93324856961e-06	4.96662428481e-06	5.95994914177e-05	4.46996185633e-05	4.96662428481e-06	8.44326128417e-05	4.96662428481e-06	4.96662428481e-05	1.48998728544e-05	9.93324856961e-06	1.48998728544e-05	0.000352630324221	6.45661157025e-05	0.000263231087095	0	3.97329942784e-05	0.000119198982835	0.000109265734266	1.48998728544e-05	0.00012416560712	0.000849292752702	0.00133602193261	3.47663699936e-05	1.98664971392e-05	6.45661157025e-05	9.93324856961e-06	0	0	0.000173831849968	0.00183765098538	0.00131118881119	0.00234921328671	0.000720160521297	4.96662428481e-06	0	1.98664971392e-05	0.000173831849968	0.000213564844247	0.000173831849968	9.43658614113e-05	2.4833121424e-05	1.48998728544e-05	4.96662428481e-06
4.96662428481e-05	1.98664971392e-05	3.47663699936e-05	0	0	4.96662428481e-06	4.96662428481e-06	2.97997457088e-05	3.97329942784e-05	0	3.47663699936e-05	0.001569453274	0	0.000114232358551	8.93992371265e-05	0	4.96662428481e-06	6.45661157025e-05	0.00335743801653	0.00136582167832	0	9.93324856961e-06	9.93324856961e-06	5.46328671329e-05	1.48998728544e-05	9.43658614113e-05	0.00187738397966	7.94659885569e-05	4.46996185633e-05	0.000178798474253	2.4833121424e-05	4.96662428481e-06	9.93324856961e-06	0	0.000556261919898	0	9.93324856961e-06	4.96662428481e-06	0	0	0	0	0	0	4.96662428481e-06	0	7.94659885569e-05	0	0.000114232358551	0	0	0	0	8.44326128417e-05	1.98664971392e-05	0	0	0	0	0	9.43658614113e-05	0.000153965352829	6.45661157025e-05	0	0	0	1.98664971392e-05	0	0	4.96662428481e-06	0.00024833121424	0.000412229815639	0.000675460902734	0.00013409885569	0	0	1.48998728544e-05	3.47663699936e-05	2.97997457088e-05	4.96662428481e-06	9.93324856961e-06	0	0	4.96662428481e-06
0.000387396694215	0.000253297838525	0.000998291481246	0	1.48998728544e-05	4.96662428481e-06	1.48998728544e-05	0.000317863954228	0.00012416560712	0.00012416560712	0.000168865225683	0.00525965511761	3.47663699936e-05	0.000322830578512	0.000412229815639	4.96662428481e-06	8.93992371265e-05	0.00549805308328	0.00136582167832	0.0203432930706	4.96662428481e-05	0.000715193897012	0.00013409885569	0.00137078830261	9.93324856961e-05	0.000198664971392	0.0128387237762	0.00135092180547	0.000496662428481	0.000879092498411	0.000690360775588	8.93992371265e-05	1.98664971392e-05	3.97329942784e-05	0.00638707883026	9.93324856961e-06	0.000660561029879	6.45661157025e-05	0	4.96662428481e-06	0	1.48998728544e-05	4.96662428481e-06	3.47663699936e-05	2.97997457088e-05	4.96662428481e-06	0.000168865225683	1.48998728544e-05	0.000153965352829	1.48998728544e-05	9.93324856961e-06	1.98664971392e-05	5.46328671329e-05	0.00012416560712	0.000178798474253	4.96662428481e-06	3.47663699936e-05	6.45661157025e-05	4.46996185633e-05	1.98664971392e-05	0.00038243006993	0.000744993642721	0.000546328671329	2.4833121424e-05	4.96662428481e-06	1.48998728544e-05	2.97997457088e-05	4.96662428481e-06	0	0.00012416560712	0.00246841226955	0.00236411315957	0.004708359822	0.000968491735537	9.93324856961e-06	0	9.43658614113e-05	0.000213564844247	7.44993642721e-05	0.00013409885569	6.95327399873e-05	1.98664971392e-05	9.93324856961e-06	4.96662428481e-06
0.00426136363636	4.96662428481e-06	3.47663699936e-05	0	0.0107974411952	0.000238397965671	0.00197671646535	0.00503615702479	0.00108272409409	0.000834392879847	0.0175570168468	0.000158931977114	0.0141151462174	5.95994914177e-05	0.00275150985378	0.000302964081373	5.95994914177e-05	1.98664971392e-05	0	4.96662428481e-05	0.0276293308964	6.95327399873e-05	4.46996185633e-05	0.000104299109981	0.00328790527654	4.96662428481e-06	0.000148998728544	4.96662428481e-05	0.0124115940877	0.00357596948506	6.45661157025e-05	4.96662428481e-06	4.96662428481e-05	0.000367530197076	0.00289057533376	1.98664971392e-05	9.93324856961e-06	1.48998728544e-05	0	0.000342697075652	4.96662428481e-06	0.000297997457088	0.000183765098538	0.000193698347107	0.000983391608392	0.00026819771138	1.98664971392e-05	0.000973458359822	4.96662428481e-06	3.47663699936e-05	6.95327399873e-05	9.93324856961e-06	0	4.96662428481e-06	9.93324856961e-06	0.000327797202797	1.98664971392e-05	1.98664971392e-05	1.48998728544e-05	0.000859226001271	0	1.48998728544e-05	1.98664971392e-05	0.000203631595677	2.97997457088e-05	1.98664971392e-05	0	4.96662428481e-06	1.48998728544e-05	9.43658614113e-05	0.000819493006993	0.000233431341386	0.00242371265099	0.000953591862683	0.000104299109981	7.44993642721e-05	5.95994914177e-05	2.4833121424e-05	9.93324856961e-06	5.95994914177e-05	3.97329942784e-05	8.44326128417e-05	1.98664971392e-05	4.96662428481e-06
0.0011770899555	0.00026819771138	0.00379450095359	0	4.96662428481e-05	3.47663699936e-05	0.000119198982835	0.00450472822632	0.000193698347107	0.000759893515575	0.000834392879847	0.000243364589955	0.000129132231405	7.44993642721e-05	0.00122178957406	0.000362563572791	0.00678937539733	0.00219524793388	9.93324856961e-06	0.000715193897012	6.95327399873e-05	0.0531726795931	0.00325313890655	0.0307483709472	0.00226478067387	1.98664971392e-05	0.0019270502225	0.00237404640814	0.0129678560076	0.0015048871583	0.0156349332486	2.4833121424e-05	9.93324856961e-06	0.000690360775588	0.00621324698029	7.94659885569e-05	0.00037249682136	0.00038243006993	0	2.4833121424e-05	0	0.000104299109981	0.000129132231405	0.000144032104259	0.000312897329943	2.97997457088e-05	3.47663699936e-05	4.46996185633e-05	9.93324856961e-06	0.000104299109981	3.97329942784e-05	0.000844326128417	0.00013409885569	1.98664971392e-05	5.46328671329e-05	9.93324856961e-06	0.000541362047044	0.00272171010807	0.000893992371265	0.000218531468531	2.4833121424e-05	0.000153965352829	0.000710227272727	0.000581095041322	0.000163898601399	0.000471829307057	0	0	8.44326128417e-05	0.000451962809917	0.00832902892562	0.002354179911	0.00464379370629	0.00148502066116	3.97329942784e-05	2.4833121424e-05	6.95327399873e-05	0.000595994914177	0.000173831849968	0.000402296567069	0.00025826446281	0.000203631595677	8.44326128417e-05	4.96662428481e-06
0.00026819771138	0.00318857279085	0.00151978703115	0	4.46996185633e-05	4.96662428481e-06	9.93324856961e-06	0.000432096312778	4.96662428481e-05	0.00548315321043	0.000139065479975	7.44993642721e-05	8.44326128417e-05	6.45661157025e-05	0.000228464717101	0.00012416560712	0.0113090034965	0.000283097584234	9.93324856961e-06	0.00013409885569	4.46996185633e-05	0.00325313890655	0.0251956849968	0.00698804036872	0.0058854497775	0.000178798474253	0.00106782422123	0.0084333280356	0.00245847902098	0.000531428798474	0.0011125238398	9.93324856961e-06	0	0.000183765098538	0.00100325810553	0.00013409885569	0.00138568817546	0.000531428798474	0	5.46328671329e-05	0	9.93324856961e-05	0.000104299109981	0.000203631595677	0.000928758741259	2.4833121424e-05	2.97997457088e-05	4.96662428481e-05	1.98664971392e-05	0.000139065479975	3.47663699936e-05	0.00267204386523	0.000148998728544	2.97997457088e-05	8.93992371265e-05	1.98664971392e-05	0.00121185632549	0.00809559758423	0.00205618245391	0.000501629052765	6.95327399873e-05	0.000198664971392	0.0019270502225	0.00120192307692	0.000297997457088	0.000859226001271	4.96662428481e-06	0	0.000153965352829	0.000700294024158	0.00325810553083	0.00154462015257	0.000839359504132	0.000293030832804	3.97329942784e-05	9.93324856961e-06	1.48998728544e-05	0.00102312460267	0.00037249682136	0.000521495549905	0.000228464717101	0.000213564844247	6.95327399873e-05	9.93324856961e-06
0.00249821201526	0.000794659885569	0.0218730133503	0	9.43658614113e-05	5.95994914177e-05	0.000144032104259	0.00733073744437	0.000322830578512	0.00089895899555	0.00146018753973	0.000417196439924	0.000168865225683	0.000144032104259	0.00265714399237	0.000352630324221	0.00901442307692	0.00639701207883	5.46328671329e-05	0.00137078830261	0.000104299109981	0.0307483709472	0.00698804036872	0.0823019310235	0.00180288461538	4.46996185633e-05	0.00430109663064	0.00987364907819	0.0129678560076	0.00189228385251	0.0104646773681	2.4833121424e-05	1.48998728544e-05	0.000531428798474	0.00718173871583	0.000208598219962	0.00200154958678	0.0026819771138	0	2.4833121424e-05	0	0.000198664971392	0.000213564844247	0.000402296567069	0.00038243006993	4.96662428481e-05	6.45661157025e-05	9.43658614113e-05	3.47663699936e-05	0.000144032104259	7.94659885569e-05	0.00358093610935	0.000496662428481	4.96662428481e-05	0.000163898601399	9.93324856961e-06	0.000948625238398	0.00873132549269	0.00512555626192	0.000307930705658	5.46328671329e-05	0.000576128417038	0.00399316592498	0.000481762555626	0.000153965352829	0.000546328671329	9.93324856961e-06	4.96662428481e-06	4.46996185633e-05	0.000839359504132	0.0152823029243	0.00511562301335	0.00630264621742	0.00211081532104	6.45661157025e-05	3.97329942784e-05	0.000129132231405	0.00146018753973	0.00065062778131	0.00108769071837	0.000531428798474	0.000362563572791	0.000153965352829	1.48998728544e-05
0.00259754450095	0.000963525111252	0.000422163064209	0	0.0118851319135	7.94659885569e-05	0.000511562301335	0.00960048474253	0.000546328671329	0.0143783773045	0.00593511602034	0.000139065479975	0.00227968054673	7.94659885569e-05	0.00215551493961	0.000521495549905	0.00823466306421	0.000153965352829	1.48998728544e-05	9.93324856961e-05	0.00328790527654	0.00226478067387	0.0058854497775	0.00180288461538	0.0512754291163	6.95327399873e-05	0.000486729179911	0.00202141608392	0.0296408137317	0.00304454068659	0.00302467418945	9.93324856961e-06	1.48998728544e-05	0.000943658614113	0.00190718372537	0.000397329942784	0.000148998728544	9.43658614113e-05	0	0.000744993642721	1.48998728544e-05	0.00105789097266	0.000824459631278	0.00124662269549	0.00560731881755	0.000740027018436	2.97997457088e-05	0.00233928003814	0	0.000576128417038	0.000486729179911	0.000203631595677	3.97329942784e-05	1.48998728544e-05	3.47663699936e-05	0.00114729020979	0.000451962809917	0.00118702320407	0.000193698347107	0.00301474094088	4.96662428481e-06	6.45661157025e-05	0.000213564844247	0.00156448664971	0.000720160521297	0.000804593134139	0	1.48998728544e-05	0.000144032104259	0.000869159249841	0.0022548474253	0.000665527654164	0.00151978703115	0.000536395422759	0.000218531468531	5.46328671329e-05	2.4833121424e-05	0.000556261919898	0.000104299109981	0.000600961538462	0.000253297838525	0.000595994914177	0.000178798474253	1.48998728544e-05
6.45661157025e-05	0.00051652892562	1.98664971392e-05	0	0	0	4.96662428481e-06	2.97997457088e-05	4.46996185633e-05	0.000109265734266	2.97997457088e-05	0.00187738397966	1.48998728544e-05	0.00588048315321	0.000104299109981	4.96662428481e-06	4.46996185633e-05	2.97997457088e-05	9.43658614113e-05	0.000198664971392	4.96662428481e-06	1.98664971392e-05	0.000178798474253	4.46996185633e-05	6.95327399873e-05	0.00924785441831	0.002354179911	0.00114729020979	2.97997457088e-05	0.000228464717101	1.98664971392e-05	0.000749960267006	0	4.96662428481e-06	0.000610894787031	0	8.93992371265e-05	9.93324856961e-06	0	0	0	9.93324856961e-06	0	2.4833121424e-05	0	4.96662428481e-06	0.00179295136682	4.96662428481e-06	0.00220518118245	9.93324856961e-06	0	4.96662428481e-06	0	0.000238397965671	5.46328671329e-05	4.96662428481e-06	0	2.4833121424e-05	4.96662428481e-06	0	0.00179295136682	0.000824459631278	0.000412229815639	0	9.93324856961e-06	0	0.000526462174189	0	0	6.95327399873e-05	0.000139065479975	0.00157938652257	0.000958558486968	9.93324856961e-05	9.93324856961e-06	4.96662428481e-06	0.000715193897012	1.98664971392e-05	0.000536395422759	5.46328671329e-05	9.93324856961e-06	4.96662428481e-06	0	9.43658614113e-05
0.000854259376987	0.00324817228226	0.00718173871583	0	7.94659885569e-05	3.97329942784e-05	6.45661157025e-05	0.000918825492689	0.000178798474253	0.000541362047044	0.000471829307057	0.00888032422123	0.000129132231405	0.00615861411316	0.000844326128417	3.97329942784e-05	0.000680427527018	0.0097395502225	0.00187738397966	0.0128387237762	0.000148998728544	0.0019270502225	0.00106782422123	0.00430109663064	0.000486729179911	0.002354179911	0.0813086061666	0.0169262555626	0.00161415289256	0.00171845200254	0.00167375238398	0.00356603623649	4.46996185633e-05	0.000119198982835	0.0104547441195	2.4833121424e-05	0.00881575810553	0.000725127145582	0	1.98664971392e-05	3.97329942784e-05	9.93324856961e-05	2.97997457088e-05	0.000188731722823	0.000119198982835	3.97329942784e-05	0.00305447393516	6.45661157025e-05	0.00327300540369	6.45661157025e-05	4.96662428481e-05	8.93992371265e-05	0.00100822472982	0.00234921328671	0.00253297838525	1.48998728544e-05	0.000104299109981	0.000312897329943	0.000273164335664	8.93992371265e-05	0.00715690559441	0.0121284965035	0.00870649237127	8.93992371265e-05	0.000119198982835	9.43658614113e-05	0.000879092498411	4.96662428481e-05	1.48998728544e-05	0.00112742371265	0.00726617132867	0.00806579783853	0.00886542434838	0.00201644945963	1.48998728544e-05	2.97997457088e-05	0.000228464717101	0.00100822472982	0.00116219008264	0.00105292434838	0.000362563572791	8.93992371265e-05	0.000109265734266	5.46328671329e-05
0.0003923633185	0.00762376827718	0.018083479021	0	2.97997457088e-05	4.96662428481e-06	4.46996185633e-05	0.000571161792753	4.96662428481e-05	0.0018624841068	0.000173831849968	0.00050659567705	8.93992371265e-05	0.00197174984107	0.000362563572791	9.93324856961e-05	0.00458419421488	0.00322333916084	7.94659885569e-05	0.00135092180547	4.96662428481e-05	0.00237404640814	0.0084333280356	0.00987364907819	0.00202141608392	0.00114729020979	0.0169262555626	0.0617202399873	0.00152475365544	0.000417196439924	0.00129628893833	0.000213564844247	0	2.4833121424e-05	0.00340213763509	9.93324856961e-05	0.00824459631278	0.00202141608392	0	2.97997457088e-05	4.96662428481e-06	0.000119198982835	7.44993642721e-05	0.000198664971392	0.000119198982835	2.4833121424e-05	0.000461896058487	2.97997457088e-05	0.00038243006993	5.95994914177e-05	5.95994914177e-05	0.000933725365544	0.000923792116974	0.00051652892562	0.00088902574698	4.96662428481e-06	0.000223498092816	0.00349153687222	0.00172341862683	9.43658614113e-05	0.00204624920534	0.00418189764781	0.00802606484425	0.000104299109981	9.43658614113e-05	0.000228464717101	5.95994914177e-05	9.93324856961e-06	2.4833121424e-05	0.000859226001271	0.00701287349015	0.00358093610935	0.00293527495232	0.000918825492689	2.97997457088e-05	0	5.46328671329e-05	0.000948625238398	0.00076486013986	0.000998291481246	0.000402296567069	0.00013409885569	8.44326128417e-05	1.48998728544e-05
0.0149743722187	0.000288064208519	0.00520998887476	0	0.0158385648442	0.000432096312778	0.00358093610935	0.0546924666243	0.00322333916084	0.0152376033058	0.0341753417038	0.000511562301335	0.00598478226319	0.000193698347107	0.0123569612206	0.000824459631278	0.00390376668786	0.00118702320407	4.46996185633e-05	0.000496662428481	0.0124115940877	0.0129678560076	0.00245847902098	0.0129678560076	0.0296408137317	2.97997457088e-05	0.00161415289256	0.00152475365544	0.113954227591	0.0129678560076	0.0207704227591	4.96662428481e-06	0.000119198982835	0.00322333916084	0.00916838842975	0.00110259059123	0.000263231087095	0.000427129688493	0	0.00199161633821	2.97997457088e-05	0.00288064208519	0.00246841226955	0.00331770502225	0.0111401382708	0.00180785123967	8.93992371265e-05	0.0042166640178	4.96662428481e-06	0.00143535441831	0.000993324856961	0.000302964081373	0.000114232358551	4.46996185633e-05	7.94659885569e-05	0.00190718372537	0.000625794659886	0.00153965352829	0.000546328671329	0.00660561029879	9.93324856961e-06	0.00013409885569	0.00051652892562	0.00299487444374	0.00159428639542	0.00157938652257	0	3.47663699936e-05	0.000357596948506	0.0019618165925	0.00648144469167	0.00141548792117	0.00772806738716	0.00249324539097	0.000253297838525	0.000163898601399	0.00012416560712	0.00116715670693	0.000223498092816	0.0014055546726	0.000615861411316	0.00126152256834	0.000417196439924	2.4833121424e-05
0.0150687380801	4.46996185633e-05	0.000735060394151	0	0.00216048156389	0.00128138906548	0.00206114907819	0.0110507390337	0.00558248569612	0.0040527654164	0.00823962968849	0.0024833121424	0.00214061506675	0.000973458359822	0.0175073506039	0.000824459631278	0.000595994914177	0.000407263191354	0.000178798474253	0.000879092498411	0.00357596948506	0.0015048871583	0.000531428798474	0.00189228385251	0.00304454068659	0.000228464717101	0.00171845200254	0.000417196439924	0.0129678560076	0.0559092895741	0.00852272727273	5.95994914177e-05	0.00076486013986	0.00822472981564	0.0201893277177	0.000402296567069	8.44326128417e-05	0.000114232358551	0	0.000148998728544	5.46328671329e-05	0.000824459631278	0.00065062778131	0.00107279084552	0.0020909488239	0.000283097584234	9.43658614113e-05	0.000700294024158	5.95994914177e-05	0.000491695804196	0.000317863954228	7.94659885569e-05	4.46996185633e-05	2.4833121424e-05	4.96662428481e-06	0.000223498092816	9.93324856961e-05	0.000263231087095	0.000139065479975	0.000953591862683	3.47663699936e-05	9.93324856961e-05	0.000139065479975	0.000595994914177	0.000456929434202	0.000412229815639	4.96662428481e-06	2.97997457088e-05	0.000109265734266	0.000625794659886	0.0036951684679	0.00198168308964	0.0156349332486	0.00505602352193	0.000442029561348	0.000725127145582	0.000347663699936	0.000377463445645	8.93992371265e-05	0.000511562301335	0.00038243006993	0.000362563572791	0.000218531468531	9.43658614113e-05
