0.0183633503483	4.58625133575e-06	0.00508615273134	0	7.79662727077e-05	2.75175080145e-05	0.00015134629408	0.00475594263517	0.00392124489206	9.17250267149e-05	5.50350160289e-05	0.000990630288521	4.58625133575e-05	5.04487646932e-05	0.0113280407993	4.58625133575e-05	0	0.00285264833083	0.000311865090831	0.000742972716391	0.000114656283394	0.000541177657618	3.21037593502e-05	0.00390748613806	0.000403590117546	4.58625133575e-06	0.00333879097242	0.00064666143834	0.00127956412267	0.01016313296	0.0091220539068	0	1.8345005343e-05	0.000527418903611	0.00179781052361	0.000105483780722	3.6690010686e-05	4.58625133575e-06	0	0	0	9.17250267149e-06	3.21037593502e-05	4.12762620217e-05	0.000266002577473	9.17250267149e-06	0	4.58625133575e-06	0	0.000201795058773	4.58625133575e-06	9.17250267149e-06	4.58625133575e-06	0	5.96212673647e-05	0	4.58625133575e-06	0.000114656283394	0.000110070032058	6.87937700362e-05	1.8345005343e-05	0.000133001288737	2.29312566787e-05	2.75175080145e-05	7.79662727077e-05	9.17250267149e-06	0	0	1.37587540072e-05	2.75175080145e-05	0.000197208807437	5.04487646932e-05	0.00152263544347	0.00112821782859	9.63112780507e-05	8.25525240434e-05	2.29312566787e-05	0.000243071320795	2.75175080145e-05	9.63112780507e-05	3.6690010686e-05	2.29312566787e-05	1.37587540072e-05	4.58625133575e-06
4.58625133575e-06	0.0231376379888	0.000724627711048	0	3.21037593502e-05	3.21037593502e-05	0.000119242534729	3.21037593502e-05	8.71387753792e-05	0.00216012437914	9.17250267149e-06	4.12762620217e-05	7.79662727077e-05	0.00086221525112	1.8345005343e-05	0.000128415037401	0.000353141352852	0.000559522662961	9.17250267149e-06	0.000266002577473	4.58625133575e-05	4.58625133575e-05	0.0052604302821	0.000206381310109	0.00284347582816	0.00205464059841	0.00645744188073	0.0163408135093	0.000270588828809	6.87937700362e-05	2.75175080145e-05	0	1.8345005343e-05	9.17250267149e-05	0.00113280407993	2.29312566787e-05	0.0143549666809	0.00113739033126	0	0	0	9.17250267149e-06	6.87937700362e-05	5.50350160289e-05	0.000298106336823	5.50350160289e-05	2.75175080145e-05	4.12762620217e-05	9.17250267149e-06	6.87937700362e-05	3.6690010686e-05	2.75175080145e-05	0.00139422040607	0	0.000761317721734	9.17250267149e-06	4.58625133575e-06	0.00121535660397	0.000256830074802	0.000192622556101	3.21037593502e-05	0.00430190375293	0.009507299019	0.00021555381278	3.21037593502e-05	0	0	0	4.58625133575e-06	0.000155932545415	0.00177946551827	0.000522832652275	0.0013988066574	0.000339382598845	0.000128415037401	1.8345005343e-05	0	0.00116490783928	0.000619143930326	0.000577867668304	0.000100897529386	0	4.58625133575e-06	0
0.00508615273134	0.000724627711048	0.0493022018593	0	2.29312566787e-05	1.37587540072e-05	0.000394417614874	0.00169691299423	0.00456332007907	0.000105483780722	2.29312566787e-05	0.00110987282325	3.21037593502e-05	0.000504487646932	0.00615474929257	5.04487646932e-05	8.71387753792e-05	0.00984668161785	0.000238485069459	0.000504487646932	6.87937700362e-05	0.00140797916007	0.000756731470398	0.0180560715088	9.63112780507e-05	9.17250267149e-06	0.00913581266081	0.0187485954605	0.000747558967727	0.00345344725582	0.00613640428723	4.58625133575e-06	9.17250267149e-05	3.6690010686e-05	0.00359562104722	4.12762620217e-05	0.0032333071917	0.00205464059841	0	0	0	1.8345005343e-05	0.000302692588159	0.000155932545415	7.79662727077e-05	0.000142173791408	9.17250267149e-06	0	4.58625133575e-06	8.71387753792e-05	0	0.000449452630903	0.00178863802094	0	0.000243071320795	0	0.000100897529386	0.00554019161358	0.00499442770463	0.000210967561444	9.17250267149e-06	0.000738386465055	0.0047467701325	0.000421935122889	4.58625133575e-05	7.33800213719e-05	4.58625133575e-06	9.17250267149e-06	9.17250267149e-06	0.000545763908954	0.00383869236802	0.000261416326138	0.0043752837743	0.00303609838426	5.96212673647e-05	0.000133001288737	2.75175080145e-05	0.000316451342166	0.000321037593502	0.00039900386621	2.75175080145e-05	9.17250267149e-06	0	0
0	0	0	0	0	0	0	0	0	0	0	0	0	0	0	0	0	0	0	0	0	0	0	0	0	0	0	0	0	0	0	0	0	0	0	0	0	0	0	0	0	0	0	0	0	0	0	0	0	0	0	0	0	0	0	0	0	0	0	0	0	0	0	0	0	0	0	0	0	0	0	0	0	0	0	0	0	0	0	0	0	0	0	0
7.79662727077e-05	3.21037593502e-05	2.29312566787e-05	0	0.0247198946997	0	0.00367817357127	0.000160518796751	0.00267378452874	0.00102732029921	0.00229771191921	0.00149970418679	0.00708117206239	0.00134377164137	0.000527418903611	0.000444866379567	0	2.75175080145e-05	1.37587540072e-05	0.000261416326138	0.0137266502479	0	1.37587540072e-05	2.75175080145e-05	0.0145842792477	0	0.000811766486427	0.00043110762556	0.0064666143834	0.0013345991387	0	0	3.21037593502e-05	0.000577867668304	0.00289851084419	9.17250267149e-06	3.21037593502e-05	0	0	0.00300399462491	0	0.000261416326138	0.0046825626138	1.8345005343e-05	0.00279302706347	0.00375155359264	4.58625133575e-06	0.000353141352852	0	8.71387753792e-05	0	0	0	0	0	0.00350389602051	0	1.37587540072e-05	1.37587540072e-05	0.00454497507372	9.17250267149e-06	7.33800213719e-05	5.04487646932e-05	0.00589333296643	2.75175080145e-05	0	0	9.17250267149e-06	0	3.6690010686e-05	0.000779662727077	0.000206381310109	0.00232981567856	5.04487646932e-05	0.000252243823466	0.00021555381278	9.17250267149e-06	3.21037593502e-05	9.17250267149e-06	6.42075187004e-05	4.12762620217e-05	4.58625133575e-06	0	4.58625133575e-06
2.75175080145e-05	3.21037593502e-05	1.37587540072e-05	0	0	0.00534298280614	0.00249950697798	5.50350160289e-05	0.0013850479034	0.000522832652275	0	4.12762620217e-05	2.75175080145e-05	0.000114656283394	7.79662727077e-05	0.00144008291942	0	0	4.58625133575e-06	4.58625133575e-06	2.29312566787e-05	6.42075187004e-05	3.21037593502e-05	0.00103190655054	1.37587540072e-05	0	1.37587540072e-05	5.04487646932e-05	7.33800213719e-05	0.000123828786065	6.42075187004e-05	0	0.00166939548621	5.50350160289e-05	0.000632902684333	0	4.58625133575e-06	0	0	0	0	0	4.58625133575e-06	0	2.29312566787e-05	0	0	0	0	0	0	0	0	0	0	4.58625133575e-06	0	4.58625133575e-06	1.8345005343e-05	2.75175080145e-05	0	4.58625133575e-06	0	2.29312566787e-05	0	0	0	0	0	0	0.0010135615452	2.75175080145e-05	0.00131625413336	0.0012061841013	0.0027976133148	0.000733800213719	9.17250267149e-06	9.17250267149e-06	0	0	0	4.58625133575e-06	0	0
0.00015134629408	0.000119242534729	0.000394417614874	0	0.00367817357127	0.00249950697798	0.0591259522204	0.00116949409062	0.0341171236866	0.00162353297285	0.0137495815046	0.00995216539857	0.0212159986792	0.00979623285315	0.0034901372665	0.00429731750159	9.17250267149e-06	4.58625133575e-06	0.000623730181661	8.71387753792e-05	0.01136473081	5.50350160289e-05	9.17250267149e-05	0.000380658860867	0.0056319166403	2.29312566787e-05	0.00246740321863	0.000742972716391	0.00438904252831	0.00679682447958	0.000302692588159	3.21037593502e-05	0.00416890246419	0.000321037593502	0.0124883623872	2.75175080145e-05	3.21037593502e-05	4.58625133575e-06	0	0.000692523951698	0	0.000371486358195	0.0026691982774	0.000403590117546	0.00162811922419	0.00220598689249	3.21037593502e-05	0.000412762620217	1.37587540072e-05	0.00086221525112	9.17250267149e-06	4.58625133575e-06	0	0	1.37587540072e-05	0.0014492554221	1.37587540072e-05	4.12762620217e-05	0.000178863802094	0.00261874951271	1.8345005343e-05	0.000426521374224	0.000261416326138	0.00204088184441	0.000133001288737	0	0	0.000128415037401	4.58625133575e-06	0.000256830074802	0.00478346014318	0.000866801502456	0.00466880385979	0.00137587540072	0.00365524231459	0.00253161073733	0.000527418903611	0.000545763908954	1.37587540072e-05	0.000371486358195	0.000100897529386	0.000188036304766	4.12762620217e-05	6.42075187004e-05
0.00475594263517	3.21037593502e-05	0.00169691299423	0	0.000160518796751	5.50350160289e-05	0.00116949409062	0.0311865090831	0.00716831083777	0.000729213962384	0.00230688442188	0.000137587540072	4.12762620217e-05	0.000486142641589	0.00527418903611	0.000133001288737	4.58625133575e-06	0.00147218667877	3.6690010686e-05	0.000123828786065	0.000270588828809	0.00141715166275	6.42075187004e-05	0.00312323715964	0.00253619698867	0	0.00117866659329	0.000224726315452	0.0101172704467	0.00349930976917	0.00509532523401	0	0.000114656283394	0.00272423329343	0.0023481606839	9.17250267149e-06	5.04487646932e-05	2.29312566787e-05	0	0	0	4.12762620217e-05	7.33800213719e-05	0.000119242534729	0.00149970418679	3.6690010686e-05	0	4.58625133575e-06	0	0.000178863802094	0	0	9.17250267149e-06	0	4.58625133575e-06	0	9.17250267149e-06	0.000105483780722	0.000110070032058	0.000655833941012	0	4.58625133575e-05	4.58625133575e-05	0.000270588828809	4.58625133575e-06	2.29312566787e-05	0	1.37587540072e-05	0	6.42075187004e-05	0.000706282705705	2.29312566787e-05	0.00160060171618	0.00067876519769	0.000325623844838	0.000233898818123	3.6690010686e-05	0.000889732759135	1.8345005343e-05	0.000105483780722	5.96212673647e-05	0.000142173791408	4.58625133575e-06	0
0.00392124489206	8.71387753792e-05	0.00456332007907	0	0.00267378452874	0.0013850479034	0.0341171236866	0.00716831083777	0.0713850020409	0.00290768334686	0.00874139504593	0.0100393041739	0.0134101989057	0.0083011149177	0.0179918639901	0.0026691982774	1.37587540072e-05	0.000353141352852	0.000843870245777	0.000275175080145	0.00710410331907	0.000802593983755	6.87937700362e-05	0.00382493361401	0.00493480643726	2.29312566787e-05	0.00321037593502	0.00110987282325	0.00525584403076	0.0104383080402	0.00256371449668	3.21037593502e-05	0.00416431621286	0.000454038882239	0.0124012236119	0.000100897529386	4.12762620217e-05	5.04487646932e-05	0	0.000229312566787	0	0.000619143930326	0.00275175080145	0.000935595272492	0.00384327861935	0.00191246680701	3.21037593502e-05	0.000252243823466	9.17250267149e-06	0.00136211664672	2.29312566787e-05	1.37587540072e-05	1.8345005343e-05	4.58625133575e-06	0.000133001288737	0.000935595272492	7.33800213719e-05	0.000440280128232	0.00125663286599	0.00459083758708	9.17250267149e-06	0.000302692588159	0.00067876519769	0.001898708053	0.000197208807437	0	0	0.000128415037401	4.58625133575e-06	0.000527418903611	0.00475594263517	0.000412762620217	0.00495773769394	0.0017198442509	0.00331127346441	0.0024628169673	0.000421935122889	0.00145842792477	3.6690010686e-05	0.00058245391964	0.00015134629408	0.000486142641589	3.6690010686e-05	5.96212673647e-05
9.17250267149e-05	0.00216012437914	0.000105483780722	0	0.00102732029921	0.000522832652275	0.00162353297285	0.000729213962384	0.00290768334686	0.0238806107052	0.000206381310109	0.000165105048087	0.000389831363538	0.000403590117546	0.000724627711048	0.00308196089762	5.96212673647e-05	5.04487646932e-05	3.6690010686e-05	9.17250267149e-05	6.87937700362e-05	5.04487646932e-05	0.0041826612182	3.6690010686e-05	0.00931009021156	0.00119701159863	0.00128415037401	0.00254536949134	0.00117408034195	0.000747558967727	0.000623730181661	0	0.000142173791408	9.63112780507e-05	0.000504487646932	0.00141715166275	0.000137587540072	1.8345005343e-05	0	0.000853042748449	0	0.000940181523828	0.0016556367322	0.00134377164137	0.0111124869865	0.000440280128232	6.87937700362e-05	0.000114656283394	4.58625133575e-06	0.00292602835221	1.8345005343e-05	7.33800213719e-05	9.17250267149e-06	5.50350160289e-05	8.71387753792e-05	7.79662727077e-05	0	0.000229312566787	5.50350160289e-05	0.00645285562939	1.37587540072e-05	0.000197208807437	0.000270588828809	0.00474218388116	0.000669592695019	0.00024765757213	4.58625133575e-06	4.12762620217e-05	6.42075187004e-05	0.000142173791408	0.00585664295575	0.000848456497113	0.000839283994441	0.000495315144261	0.00487059891856	0.000169691299423	5.04487646932e-05	0.000784248978413	0.000220140064116	0.000188036304766	1.37587540072e-05	1.8345005343e-05	0	4.58625133575e-06
5.50350160289e-05	9.17250267149e-06	2.29312566787e-05	0	0.00229771191921	0	0.0137495815046	0.00230688442188	0.00874139504593	0.000206381310109	0.0296042523722	0.00216012437914	0.00597129923914	0.00136670289805	0.00133918539004	4.12762620217e-05	9.17250267149e-06	2.75175080145e-05	0.000146760042744	0.000137587540072	0.0112271432699	0	1.8345005343e-05	4.12762620217e-05	0.00210050311177	4.58625133575e-06	0.000775076475741	0.00027976133148	0.00301775337892	0.00185743179098	4.58625133575e-06	0	6.87937700362e-05	4.12762620217e-05	0.00294895960888	0	4.58625133575e-06	0	0	0.000238485069459	0	2.75175080145e-05	0.000885146507799	1.8345005343e-05	9.17250267149e-05	0.000839283994441	4.58625133575e-06	1.37587540072e-05	0	1.8345005343e-05	0	0	0	0	0	0.000747558967727	0	1.37587540072e-05	1.37587540072e-05	0.000871387753792	0	0.000155932545415	8.25525240434e-05	0.000701696454369	4.58625133575e-06	0	0	4.58625133575e-06	0	1.37587540072e-05	0.000623730181661	0.000119242534729	0.00162811922419	8.71387753792e-05	7.79662727077e-05	0.000275175080145	5.04487646932e-05	3.6690010686e-05	0	9.17250267149e-06	4.58625133575e-06	1.8345005343e-05	0	0
0.000990630288521	4.12762620217e-05	0.00110987282325	0	0.00149970418679	4.12762620217e-05	0.00995216539857	0.000137587540072	0.0100393041739	0.000165105048087	0.00216012437914	0.0419687859734	0.0116536646441	0.0166297473434	0.00400379741611	0.000243071320795	4.58625133575e-06	0.000642075187004	0.00494856519127	0.00443490504167	0.00646202813207	0.000270588828809	4.12762620217e-05	0.0012061841013	0.000995216539857	0.00089431901047	0.0146714180231	0.00359103479589	0.000527418903611	0.0128002274781	0.000687937700362	0.000692523951698	0.000972285283178	6.42075187004e-05	0.0251234848172	6.42075187004e-05	0.000394417614874	1.37587540072e-05	0	0.00015134629408	0	0.000146760042744	0.000609971427654	0.000334796347509	0.000458625133575	0.000632902684333	0.000999802791193	0.000206381310109	0.0020913306091	0.000596212673647	4.58625133575e-06	4.58625133575e-06	4.58625133575e-06	0.000128415037401	0.000311865090831	0.00036690010686	4.58625133575e-06	1.37587540072e-05	1.8345005343e-05	0.000986044037185	0.000293520085488	0.00189412180166	0.000687937700362	0.000408176368881	3.21037593502e-05	4.58625133575e-06	6.42075187004e-05	9.17250267149e-06	0	0.000146760042744	0.00188953555033	0.00410010869416	0.00770031599272	0.00064666143834	0.000133001288737	0.000128415037401	0.000807180235091	0.000729213962384	0.00127497787134	0.000380658860867	9.17250267149e-05	0.000155932545415	9.17250267149e-06	0.000256830074802
4.58625133575e-05	7.79662727077e-05	3.21037593502e-05	0	0.00708117206239	2.75175080145e-05	0.0212159986792	4.12762620217e-05	0.0134101989057	0.000389831363538	0.00597129923914	0.0116536646441	0.0429823475186	0.00839742619575	0.00268754328275	0.00299023587091	4.58625133575e-05	5.04487646932e-05	0.00046321138491	0.000756731470398	0.0178313451934	9.17250267149e-06	5.04487646932e-05	0.000142173791408	0.00629692308398	3.6690010686e-05	0.00395793490275	0.00132084038469	0.000807180235091	0.00694358452232	2.75175080145e-05	2.75175080145e-05	0.00015134629408	9.17250267149e-06	0.0128644349968	9.17250267149e-06	4.12762620217e-05	4.58625133575e-06	0	0.00131625413336	0	0.00018345005343	0.00274716455011	0.000146760042744	0.000871387753792	0.00266461202607	1.37587540072e-05	0.0015134629408	4.58625133575e-06	0.000192622556101	4.58625133575e-06	0	0	4.58625133575e-06	9.17250267149e-06	0.00248116197264	0	4.58625133575e-06	4.58625133575e-06	0.00177487926693	2.29312566787e-05	0.000568695165632	0.000293520085488	0.00245823071596	4.58625133575e-05	0	0	9.17250267149e-05	4.58625133575e-06	0.000123828786065	0.00217388313314	0.00111445907459	0.00542553533019	0.000165105048087	0.000811766486427	0.000275175080145	8.71387753792e-05	0.000119242534729	0	0.000128415037401	4.58625133575e-05	2.29312566787e-05	2.75175080145e-05	1.37587540072e-05
5.04487646932e-05	0.00086221525112	0.000504487646932	0	0.00134377164137	0.000114656283394	0.00979623285315	0.000486142641589	0.0083011149177	0.000403590117546	0.00136670289805	0.0166297473434	0.00839742619575	0.0387675825411	0.00103190655054	0.000325623844838	8.25525240434e-05	0.000142173791408	0.000288933834152	9.63112780507e-05	0.0037469673413	0.00015134629408	0.00058245391964	0.000554936411625	0.00212802061979	0.00746183092326	0.010053062928	0.00625564682196	0.00121077035264	0.0058245391964	0.000298106336823	0.00277468205813	0.00102273404787	0.000788835229748	0.0146897630284	0.000146760042744	0.000784248978413	8.71387753792e-05	0	0.000266002577473	0	0.000174277550758	0.00103649280188	0.000339382598845	0.000550350160289	0.0011419765826	0.00251785198332	0.000256830074802	0.00502653146398	0.000949354026499	2.29312566787e-05	1.37587540072e-05	8.71387753792e-05	0.000476970138918	0.00058245391964	0.000655833941012	1.37587540072e-05	0.00039900386621	7.33800213719e-05	0.00144008291942	0.00229312566787	0.00308196089762	0.00124287411199	0.000600798924983	0.000137587540072	4.58625133575e-06	0.000321037593502	2.29312566787e-05	0	0.00036690010686	0.00338465348578	0.0034763785125	0.0088010163133	0.0024628169673	0.000348555101517	0.00229771191921	0.00155932545415	0.00104107905321	0.00205005434708	0.000921836518485	0.00039900386621	0.000220140064116	1.8345005343e-05	0.000692523951698
0.0113280407993	1.8345005343e-05	0.00615474929257	0	0.000527418903611	7.79662727077e-05	0.0034901372665	0.00527418903611	0.0179918639901	0.000724627711048	0.00133918539004	0.00400379741611	0.00268754328275	0.00103190655054	0.037345844627	0.00043110762556	9.17250267149e-06	0.00151804919213	0.000651247689676	0.000467797636246	0.00264626702073	0.00058245391964	4.12762620217e-05	0.00462294134643	0.000775076475741	0	0.00330210096174	0.00100438904253	0.00254995574267	0.0142999316649	0.00652623565077	0	0.00122452910664	0.00116490783928	0.00568236540499	0.000307278839495	2.29312566787e-05	4.12762620217e-05	0	1.8345005343e-05	0	5.04487646932e-05	0.000270588828809	0.000435693876896	0.00121994285531	0.00021555381278	0	3.21037593502e-05	4.58625133575e-06	0.000784248978413	1.37587540072e-05	9.17250267149e-06	1.37587540072e-05	0	6.87937700362e-05	0.000100897529386	1.37587540072e-05	0.00021555381278	0.00036690010686	0.000747558967727	9.17250267149e-06	0.000188036304766	0.000114656283394	0.000206381310109	0.000243071320795	9.17250267149e-06	0	9.17250267149e-06	6.42075187004e-05	0.000133001288737	0.00150429043812	0.000119242534729	0.00309113340029	0.00108694156657	0.000421935122889	0.000458625133575	7.79662727077e-05	0.000564108914297	2.75175080145e-05	0.000119242534729	3.6690010686e-05	0.000238485069459	0	9.17250267149e-06
4.58625133575e-05	0.000128415037401	5.04487646932e-05	0	0.000444866379567	0.00144008291942	0.00429731750159	0.000133001288737	0.0026691982774	0.00308196089762	4.12762620217e-05	0.000243071320795	0.00299023587091	0.000325623844838	0.00043110762556	0.0126305361786	4.58625133575e-06	0	4.58625133575e-06	4.58625133575e-06	0.000513660149604	0.000128415037401	0.00021555381278	2.29312566787e-05	0.00123370160932	2.29312566787e-05	0.000123828786065	0.000165105048087	0.00170149924556	0.000834697743106	0.000408176368881	0	0.000330210096174	0.00021555381278	0.00140339290874	5.50350160289e-05	1.37587540072e-05	0	0	0.000632902684333	0	3.21037593502e-05	0.000311865090831	9.17250267149e-06	0.000995216539857	0.000353141352852	0	0.000146760042744	0	3.6690010686e-05	0	9.17250267149e-06	0	0	0	0.00039900386621	4.58625133575e-06	9.63112780507e-05	7.33800213719e-05	0.00115573533661	0	1.37587540072e-05	0	0.00137128914939	6.87937700362e-05	0	0	0	4.58625133575e-06	1.8345005343e-05	0.00178405176961	0.000105483780722	0.00229771191921	0.00194915681769	0.00720041459712	0.000408176368881	3.6690010686e-05	8.25525240434e-05	4.58625133575e-06	2.75175080145e-05	9.17250267149e-06	0	0	0
0	0.000353141352852	8.71387753792e-05	0	0	0	9.17250267149e-06	4.58625133575e-06	1.37587540072e-05	5.96212673647e-05	9.17250267149e-06	4.58625133575e-06	4.58625133575e-05	8.25525240434e-05	9.17250267149e-06	4.58625133575e-06	0.0153777007288	9.17250267149e-06	4.58625133575e-06	0	5.50350160289e-05	0.00229771191921	0.0067876519769	0.00616850804658	0.00365065606325	4.58625133575e-06	0.000587040170975	0.00299023587091	0.00118325284462	2.29312566787e-05	0.000137587540072	4.58625133575e-06	4.58625133575e-06	1.8345005343e-05	0.000114656283394	4.58625133575e-06	7.33800213719e-05	1.37587540072e-05	0	0	0	0	0	4.12762620217e-05	2.29312566787e-05	3.21037593502e-05	0	0	0	4.58625133575e-05	0	0.000724627711048	0	0	0	0	0	0.00149053168412	0.000564108914297	4.58625133575e-05	0	5.96212673647e-05	5.50350160289e-05	8.25525240434e-05	6.42075187004e-05	9.17250267149e-06	0	0	9.17250267149e-06	1.37587540072e-05	0.00383410611668	0.000293520085488	0.000362313855524	0.000486142641589	9.17250267149e-06	1.37587540072e-05	0	6.87937700362e-05	9.17250267149e-06	9.17250267149e-06	0	0	0	0
0.00285264833083	0.000559522662961	0.00984668161785	0	2.75175080145e-05	0	4.58625133575e-06	0.00147218667877	0.000353141352852	5.04487646932e-05	2.75175080145e-05	0.000642075187004	5.04487646932e-05	0.000142173791408	0.00151804919213	0	9.17250267149e-06	0.034273056232	0.000266002577473	0.00631526808932	8.71387753792e-05	0.00189412180166	0.000133001288737	0.00978247409915	0.000128415037401	8.25525240434e-05	0.015900533381	0.00947978151099	0.000435693876896	0.0029122695982	0.00637947560802	1.37587540072e-05	0	0.000220140064116	0.006338199346	2.75175080145e-05	0.00315992717033	0.00176112051293	0	0	0	0	2.75175080145e-05	1.8345005343e-05	0.000105483780722	1.37587540072e-05	4.58625133575e-06	1.8345005343e-05	4.58625133575e-06	4.12762620217e-05	1.8345005343e-05	2.29312566787e-05	0.000467797636246	9.17250267149e-06	0.000651247689676	9.17250267149e-06	4.58625133575e-06	5.04487646932e-05	0.000201795058773	6.87937700362e-05	3.21037593502e-05	0.00262792201538	0.00140797916007	3.21037593502e-05	4.58625133575e-06	4.58625133575e-06	0	0	0	4.58625133575e-05	0.00111904532592	0.000270588828809	0.00334796347509	0.00257288699935	2.29312566787e-05	1.8345005343e-05	0	0.000357727604188	0.000403590117546	0.000128415037401	1.8345005343e-05	9.17250267149e-06	4.58625133575e-06	0
0.000311865090831	9.17250267149e-06	0.000238485069459	0	1.37587540072e-05	4.58625133575e-06	0.000623730181661	3.6690010686e-05	0.000843870245777	3.6690010686e-05	0.000146760042744	0.00494856519127	0.00046321138491	0.000288933834152	0.000651247689676	4.58625133575e-06	4.58625133575e-06	0.000266002577473	0.00808556110492	0.00155932545415	0.000165105048087	5.04487646932e-05	1.37587540072e-05	0.000307278839495	2.29312566787e-05	1.8345005343e-05	0.00471925262448	0.000275175080145	4.58625133575e-05	0.00113280407993	0.000270588828809	0	4.58625133575e-06	4.58625133575e-06	0.00144466917076	1.8345005343e-05	1.37587540072e-05	4.58625133575e-06	0	1.37587540072e-05	0	1.37587540072e-05	4.58625133575e-05	9.17250267149e-06	4.58625133575e-05	3.6690010686e-05	9.17250267149e-06	0	4.12762620217e-05	2.75175080145e-05	0	0	0	4.58625133575e-06	7.79662727077e-05	2.29312566787e-05	0	4.58625133575e-06	0	6.42075187004e-05	4.58625133575e-06	0.00083011149177	0.000114656283394	4.12762620217e-05	4.58625133575e-06	9.17250267149e-06	0	0	0	0	0.00128415037401	0.0011419765826	0.000839283994441	0.000655833941012	4.58625133575e-05	1.8345005343e-05	1.37587540072e-05	3.6690010686e-05	5.50350160289e-05	1.37587540072e-05	4.58625133575e-06	4.58625133575e-06	0	4.58625133575e-06
0.000742972716391	0.000266002577473	0.000504487646932	0	0.000261416326138	4.58625133575e-06	8.71387753792e-05	0.000123828786065	0.000275175080145	9.17250267149e-05	0.000137587540072	0.00443490504167	0.000756731470398	9.63112780507e-05	0.000467797636246	4.58625133575e-06	0	0.00631526808932	0.00155932545415	0.0162857784932	0.000779662727077	0.000875974005127	0.000105483780722	0.00178405176961	8.25525240434e-05	4.12762620217e-05	0.0112409020239	0.00234357443257	0.000325623844838	0.00217846938448	0.00185743179098	0	0	0.000155932545415	0.00553560536225	9.17250267149e-06	0.000866801502456	0.000110070032058	0	0	0	4.58625133575e-06	1.37587540072e-05	2.75175080145e-05	0.000146760042744	0	0	9.17250267149e-06	0	4.58625133575e-05	0	0	9.17250267149e-06	1.37587540072e-05	0.000715455208376	0	0	9.17250267149e-06	1.37587540072e-05	2.29312566787e-05	1.37587540072e-05	0.00111445907459	8.71387753792e-05	1.37587540072e-05	4.58625133575e-06	0	0	0	0	1.8345005343e-05	0.00175653426159	0.000545763908954	0.00313699591365	0.00061455767899	4.58625133575e-05	2.75175080145e-05	0	0.000160518796751	1.37587540072e-05	3.21037593502e-05	0	4.58625133575e-06	4.58625133575e-06	0
0.000114656283394	4.58625133575e-05	6.87937700362e-05	0	0.0137266502479	2.29312566787e-05	0.01136473081	0.000270588828809	0.00710410331907	6.87937700362e-05	0.0112271432699	0.00646202813207	0.0178313451934	0.0037469673413	0.00264626702073	0.000513660149604	5.50350160289e-05	8.71387753792e-05	0.000165105048087	0.000779662727077	0.0370064620281	9.17250267149e-06	2.29312566787e-05	0.000178863802094	0.00764528097669	2.29312566787e-05	0.00287099333618	0.00119701159863	0.00473301137849	0.00401755617011	1.8345005343e-05	0	0.000188036304766	0.000201795058773	0.00869553253257	0	5.04487646932e-05	0	0	0.00222891814917	0	5.96212673647e-05	0.00387079612737	1.8345005343e-05	0.000729213962384	0.00394876240008	4.58625133575e-06	0.000472383887582	4.58625133575e-06	6.42075187004e-05	0	0	0	0	4.58625133575e-06	0.00371944983329	0	3.21037593502e-05	3.21037593502e-05	0.0024123682026	1.8345005343e-05	0.000600798924983	0.000357727604188	0.00412303995084	2.29312566787e-05	0	0	4.58625133575e-06	0	1.37587540072e-05	0.00160060171618	0.000559522662961	0.00622354306261	6.42075187004e-05	0.000137587540072	0.000330210096174	5.04487646932e-05	6.87937700362e-05	0	3.6690010686e-05	2.75175080145e-05	1.37587540072e-05	0	4.58625133575e-06
0.000541177657618	4.58625133575e-05	0.00140797916007	0	0	6.42075187004e-05	5.50350160289e-05	0.00141715166275	0.000802593983755	5.04487646932e-05	0	0.000270588828809	9.17250267149e-06	0.00015134629408	0.00058245391964	0.000128415037401	0.00229771191921	0.00189412180166	5.04487646932e-05	0.000875974005127	9.17250267149e-06	0.0371532220709	0.00328375595639	0.0163408135093	0.000339382598845	0	0.00121994285531	0.00100438904253	0.0107822768903	0.000802593983755	0.0104658255482	4.58625133575e-06	3.21037593502e-05	0.000243071320795	0.00727379461849	9.17250267149e-05	4.12762620217e-05	0.000114656283394	0	0	0	0	1.37587540072e-05	1.8345005343e-05	7.33800213719e-05	4.58625133575e-06	4.58625133575e-06	0	0	6.87937700362e-05	0	0.00113739033126	0	0	0	4.58625133575e-06	0.000188036304766	0.00213260687112	0.000270588828809	0.00021555381278	0	5.04487646932e-05	0.00015134629408	0.000174277550758	0.00015134629408	0.000174277550758	0	0	2.29312566787e-05	5.96212673647e-05	0.00318744467834	9.63112780507e-05	0.00645744188073	0.00280678581748	0.000229312566787	0.000298106336823	0	5.04487646932e-05	2.75175080145e-05	9.63112780507e-05	4.12762620217e-05	0	4.58625133575e-06	0
3.21037593502e-05	0.0052604302821	0.000756731470398	0	1.37587540072e-05	3.21037593502e-05	9.17250267149e-05	6.42075187004e-05	6.87937700362e-05	0.0041826612182	1.8345005343e-05	4.12762620217e-05	5.04487646932e-05	0.00058245391964	4.12762620217e-05	0.00021555381278	0.0067876519769	0.000133001288737	1.37587540072e-05	0.000105483780722	2.29312566787e-05	0.00328375595639	0.0306086414148	0.00415972996152	0.00865884252189	0.00180698302628	0.00190788055567	0.0116490783928	0.00271506079076	0.000742972716391	0.00131166788202	0	4.58625133575e-06	0.000720041459712	0.000720041459712	0.000343968850181	0.000380658860867	0.000197208807437	0	4.58625133575e-06	0	1.37587540072e-05	0.000114656283394	5.96212673647e-05	0.00156849795683	4.58625133575e-05	0	9.17250267149e-06	0	0.000348555101517	1.8345005343e-05	0.00428814499892	1.37587540072e-05	0	0	9.17250267149e-06	0.00027976133148	0.0121489797884	0.00312323715964	0.00185284553964	0	0.00024765757213	0.00210508936311	0.00197667432571	0.000568695165632	0.000339382598845	0	1.8345005343e-05	0	3.6690010686e-05	0.00214636562513	0.000389831363538	0.000568695165632	0.000426521374224	0.000293520085488	3.21037593502e-05	0	0.000385245112203	8.71387753792e-05	3.21037593502e-05	4.58625133575e-06	4.58625133575e-06	0	4.58625133575e-06
0.00390748613806	0.000206381310109	0.0180560715088	0	2.75175080145e-05	0.00103190655054	0.000380658860867	0.00312323715964	0.00382493361401	3.6690010686e-05	4.12762620217e-05	0.0012061841013	0.000142173791408	0.000554936411625	0.00462294134643	2.29312566787e-05	0.00616850804658	0.00978247409915	0.000307278839495	0.00178405176961	0.000178863802094	0.0163408135093	0.00415972996152	0.0723985635861	0.000550350160289	4.58625133575e-05	0.00446242254968	0.0110391069651	0.0035543447852	0.0022197456465	0.0101952367194	4.12762620217e-05	0.000128415037401	5.04487646932e-05	0.00928257270355	2.29312566787e-05	0.000224726315452	0.000486142641589	0	0	0	9.17250267149e-06	9.17250267149e-05	0.000146760042744	5.96212673647e-05	7.79662727077e-05	9.17250267149e-06	4.58625133575e-06	4.58625133575e-06	0.000142173791408	4.58625133575e-06	0.00192163930968	5.50350160289e-05	4.58625133575e-06	0.000146760042744	0	0.000321037593502	0.00795255981618	0.00757190095532	0.00015134629408	4.12762620217e-05	0.000339382598845	0.00113739033126	0.000243071320795	2.75175080145e-05	7.79662727077e-05	4.58625133575e-06	9.17250267149e-06	9.17250267149e-06	0.000197208807437	0.00808097485358	0.000564108914297	0.0130754025582	0.0118141834409	0.00268754328275	0.000853042748449	2.75175080145e-05	0.00027976133148	7.79662727077e-05	0.000210967561444	4.12762620217e-05	0	9.17250267149e-06	0
0.000403590117546	0.00284347582816	9.63112780507e-05	0	0.0145842792477	1.37587540072e-05	0.0056319166403	0.00253619698867	0.00493480643726	0.00931009021156	0.00210050311177	0.000995216539857	0.00629692308398	0.00212802061979	0.000775076475741	0.00123370160932	0.00365065606325	0.000128415037401	2.29312566787e-05	8.25525240434e-05	0.00764528097669	0.000339382598845	0.00865884252189	0.000550350160289	0.0489490605064	0.00106401030989	0.00171525799957	0.00426062749091	0.0141302403654	0.00186660429365	0.00124287411199	0	0.000105483780722	0.00112821782859	0.00293061460354	0.000339382598845	0.000238485069459	2.75175080145e-05	0	0.0024628169673	0	0.00119242534729	0.00549891535156	0.000334796347509	0.00637030310535	0.00406800493481	5.96212673647e-05	0.000417348871553	2.75175080145e-05	0.00104107905321	4.12762620217e-05	1.8345005343e-05	4.58625133575e-06	9.17250267149e-06	1.37587540072e-05	0.00303609838426	0	0.00186201804231	4.58625133575e-05	0.00692523951698	1.8345005343e-05	0.000348555101517	0.000256830074802	0.00801218108355	0.00039900386621	1.37587540072e-05	4.58625133575e-06	8.25525240434e-05	4.58625133575e-06	0.000165105048087	0.00343051599914	0.000421935122889	0.00303609838426	0.00122911535798	0.00144008291942	0.000527418903611	5.04487646932e-05	0.000577867668304	4.12762620217e-05	0.000288933834152	8.25525240434e-05	3.6690010686e-05	1.37587540072e-05	2.75175080145e-05
4.58625133575e-06	0.00205464059841	9.17250267149e-06	0	0	0	2.29312566787e-05	0	2.29312566787e-05	0.00119701159863	4.58625133575e-06	0.00089431901047	3.6690010686e-05	0.00746183092326	0	2.29312566787e-05	4.58625133575e-06	8.25525240434e-05	1.8345005343e-05	4.12762620217e-05	2.29312566787e-05	0	0.00180698302628	4.58625133575e-05	0.00106401030989	0.0134744064244	0.00631985434066	0.00648037313741	1.8345005343e-05	4.58625133575e-06	4.58625133575e-06	0.000944767775164	2.29312566787e-05	0	0.000275175080145	4.12762620217e-05	0.000903491513142	3.21037593502e-05	0	0	0	0	8.71387753792e-05	0	0.000188036304766	5.04487646932e-05	0.000788835229748	1.37587540072e-05	0.00291685584953	3.21037593502e-05	4.58625133575e-06	0	2.75175080145e-05	0.000412762620217	0.000779662727077	2.75175080145e-05	0	0.00021555381278	0	0.000302692588159	0.00441656003632	0.00312323715964	0.00210508936311	0.000229312566787	6.87937700362e-05	0	0.000252243823466	0	0	8.71387753792e-05	8.25525240434e-05	4.58625133575e-05	0.000192622556101	2.29312566787e-05	4.12762620217e-05	4.58625133575e-06	0.000321037593502	0.000807180235091	0.000724627711048	0.000261416326138	4.58625133575e-05	0	0	0.000114656283394
0.00333879097242	0.00645744188073	0.00913581266081	0	0.000811766486427	1.37587540072e-05	0.00246740321863	0.00117866659329	0.00321037593502	0.00128415037401	0.000775076475741	0.0146714180231	0.00395793490275	0.010053062928	0.00330210096174	0.000123828786065	0.000587040170975	0.015900533381	0.00471925262448	0.0112409020239	0.00287099333618	0.00121994285531	0.00190788055567	0.00446242254968	0.00171525799957	0.00631985434066	0.0960269304678	0.0336814298097	0.00104107905321	0.00701237829236	0.00490728892925	0.00296271836289	6.87937700362e-05	0.000288933834152	0.0119104947189	0.000389831363538	0.0176295501346	0.00359562104722	0	9.63112780507e-05	0	5.04487646932e-05	0.000605385176318	0.000197208807437	0.000742972716391	0.000545763908954	0.00112363157726	0.00015134629408	0.00286182083351	0.000564108914297	5.04487646932e-05	5.96212673647e-05	0.000976871534514	0.00102732029921	0.00588416046376	0.000270588828809	3.21037593502e-05	0.000275175080145	0.000316451342166	0.000857628999784	0.0043110762556	0.0228303591493	0.0117362171682	0.000775076475741	0.00024765757213	3.21037593502e-05	0.000357727604188	0	1.37587540072e-05	0.000495315144261	0.00909453639878	0.00454956132506	0.0108969331737	0.0048889439239	0.00024765757213	0.00018345005343	5.96212673647e-05	0.00283430332549	0.0026691982774	0.00166939548621	0.000238485069459	7.79662727077e-05	9.17250267149e-06	3.21037593502e-05
0.00064666143834	0.0163408135093	0.0187485954605	0	0.00043110762556	5.04487646932e-05	0.000742972716391	0.000224726315452	0.00110987282325	0.00254536949134	0.00027976133148	0.00359103479589	0.00132084038469	0.00625564682196	0.00100438904253	0.000165105048087	0.00299023587091	0.00947978151099	0.000275175080145	0.00234357443257	0.00119701159863	0.00100438904253	0.0116490783928	0.0110391069651	0.00426062749091	0.00648037313741	0.0336814298097	0.0916287154369	0.00172443050224	0.00179781052361	0.000642075187004	0.000559522662961	4.12762620217e-05	0.000293520085488	0.00915415766615	0.000243071320795	0.0146530730177	0.00108694156657	0	3.6690010686e-05	0	1.37587540072e-05	0.000293520085488	0.00021555381278	0.000587040170975	0.000256830074802	0.000206381310109	8.25525240434e-05	0.00130708163069	0.000408176368881	2.75175080145e-05	0.00125204661466	0.0013988066574	0.000169691299423	0.00175194801025	0.000133001288737	2.75175080145e-05	0.00786083478947	0.00415972996152	0.000642075187004	0.00360020729856	0.0081726998803	0.0158133946057	0.000660420192347	0.00021555381278	2.29312566787e-05	6.42075187004e-05	4.58625133575e-06	1.37587540072e-05	0.000421935122889	0.0117178721628	0.00240778195127	0.0110987282325	0.00711327582174	0.00036690010686	0.000243071320795	5.50350160289e-05	0.00236650568924	0.0014492554221	0.00104566530455	0.000206381310109	4.12762620217e-05	4.58625133575e-06	2.29312566787e-05
0.00127956412267	0.000270588828809	0.000747558967727	0	0.0064666143834	7.33800213719e-05	0.00438904252831	0.0101172704467	0.00525584403076	0.00117408034195	0.00301775337892	0.000527418903611	0.000807180235091	0.00121077035264	0.00254995574267	0.00170149924556	0.00118325284462	0.000435693876896	4.58625133575e-05	0.000325623844838	0.00473301137849	0.0107822768903	0.00271506079076	0.0035543447852	0.0141302403654	1.8345005343e-05	0.00104107905321	0.00172443050224	0.0622033268667	0.00794797356485	0.0124791898846	0	0.000362313855524	0.00520539526607	0.0079938360782	0.00108694156657	0.000137587540072	2.75175080145e-05	0	0.000266002577473	0	0.000142173791408	0.00110528657191	0.000137587540072	0.00235733318657	0.000784248978413	2.29312566787e-05	4.58625133575e-05	9.17250267149e-06	0.00116949409062	2.29312566787e-05	6.42075187004e-05	4.58625133575e-06	0	9.17250267149e-06	0.000403590117546	0	0.00330668721307	9.63112780507e-05	0.00188036304766	0	0.000146760042744	0.00021555381278	0.00218305563581	0.000880560256463	2.29312566787e-05	0	1.8345005343e-05	0.000114656283394	0.000114656283394	0.00688396325495	0.000256830074802	0.00862673876254	0.00546222534087	0.0017060854969	0.00134377164137	1.8345005343e-05	0.000729213962384	9.17250267149e-05	0.000229312566787	0.000100897529386	4.12762620217e-05	1.37587540072e-05	1.37587540072e-05
0.01016313296	6.87937700362e-05	0.00345344725582	0	0.0013345991387	0.000123828786065	0.00679682447958	0.00349930976917	0.0104383080402	0.000747558967727	0.00185743179098	0.0128002274781	0.00694358452232	0.0058245391964	0.0142999316649	0.000834697743106	2.29312566787e-05	0.0029122695982	0.00113280407993	0.00217846938448	0.00401755617011	0.000802593983755	0.000742972716391	0.0022197456465	0.00186660429365	4.58625133575e-06	0.00701237829236	0.00179781052361	0.00794797356485	0.0459221346248	0.0146897630284	9.17250267149e-06	0.00131166788202	0.00979623285315	0.0211105148984	0.00103649280188	4.58625133575e-05	4.12762620217e-05	0	5.50350160289e-05	0	0.000110070032058	0.000376072609531	0.000403590117546	0.00175653426159	0.000307278839495	4.58625133575e-06	9.17250267149e-05	4.58625133575e-06	0.00110528657191	1.37587540072e-05	0.000123828786065	9.17250267149e-06	0	8.25525240434e-05	0.000174277550758	2.29312566787e-05	0.0019629155717	0.000188036304766	0.00089431901047	2.29312566787e-05	0.00043110762556	0.00018345005343	0.000875974005127	0.00109152781791	9.17250267149e-06	0	1.37587540072e-05	0.000114656283394	8.25525240434e-05	0.00189412180166	0.000454038882239	0.00726462211582	0.00285264833083	0.00058245391964	0.000669592695019	0.000146760042744	0.000784248978413	7.79662727077e-05	0.00018345005343	8.71387753792e-05	8.71387753792e-05	3.6690010686e-05	1.8345005343e-05
0.0091220539068	2.75175080145e-05	0.00613640428723	0	0	6.42075187004e-05	0.000302692588159	0.00509532523401	0.00256371449668	0.000623730181661	4.58625133575e-06	0.000687937700362	2.75175080145e-05	0.000298106336823	0.00652623565077	0.000408176368881	0.000137587540072	0.00637947560802	0.000270588828809	0.00185743179098	1.8345005343e-05	0.0104658255482	0.00131166788202	0.0101952367194	0.00124287411199	4.58625133575e-06	0.00490728892925	0.000642075187004	0.0124791898846	0.0146897630284	0.0404828405406	0	0.000128415037401	0.00377448484932	0.00757648720665	0.000587040170975	9.63112780507e-05	5.96212673647e-05	0	4.58625133575e-06	0	1.37587540072e-05	7.79662727077e-05	0.000192622556101	0.00132542663603	1.37587540072e-05	0	0	0	0.000710868957041	0	0.000665006443683	4.58625133575e-06	0	4.58625133575e-05	0	0.000105483780722	0.00195832932036	5.96212673647e-05	0.000545763908954	9.17250267149e-06	0.000192622556101	0.000105483780722	0.000541177657618	0.000518246400939	4.58625133575e-05	0	0	6.87937700362e-05	3.21037593502e-05	0.000701696454369	3.6690010686e-05	0.00493022018593	0.0023986094486	0.000380658860867	0.000554936411625	4.58625133575e-06	0.000509073898268	0.000105483780722	7.33800213719e-05	3.21037593502e-05	1.8345005343e-05	4.58625133575e-06	0
0	0	4.58625133575e-06	0	0	0	3.21037593502e-05	0	3.21037593502e-05	0	0	0.000692523951698	2.75175080145e-05	0.00277468205813	0	0	4.58625133575e-06	1.37587540072e-05	0	0	0	4.58625133575e-06	0	4.12762620217e-05	0	0.000944767775164	0.00296271836289	0.000559522662961	0	9.17250267149e-06	0	0.00322872094036	4.58625133575e-06	0	4.58625133575e-05	3.6690010686e-05	1.8345005343e-05	0	0	4.58625133575e-06	0	0	4.12762620217e-05	0	9.17250267149e-06	4.12762620217e-05	0.000348555101517	0	0.000811766486427	4.12762620217e-05	0	9.17250267149e-06	4.58625133575e-06	0.000261416326138	0.000316451342166	4.58625133575e-06	0	9.17250267149e-06	1.8345005343e-05	9.17250267149e-06	0.000146760042744	0.00100438904253	0.000252243823466	4.58625133575e-06	1.37587540072e-05	0	0.000133001288737	0	0	4.58625133575e-05	0.000339382598845	0.000275175080145	0.000288933834152	0.00018345005343	0	9.17250267149e-06	0	0.000100897529386	0.000311865090831	8.71387753792e-05	4.58625133575e-06	0	0	0
