0.0304819951582	3.33663289253e-05	0.000459713865193	0	3.70736988059e-06	1.85368494029e-05	0.000181661124149	0.0182106008534	0.0131277967472	4.4488438567e-05	0.00122343206059	0.00137914159558	7.41473976117e-06	1.85368494029e-05	0.016827751888	0.000118635836179	2.96589590447e-05	0.000107513726537	0.000578349701371	0.000200197973552	1.11221096418e-05	0.000163124274746	1.48294795223e-05	0.000181661124149	0.000226149562716	1.48294795223e-05	0.000415225426626	0.000574642331491	0.00224666614763	0.00752225348771	0.00528300207983	1.11221096418e-05	0.000259515891641	0.000467128604954	0.00505685251712	7.41473976117e-06	7.41473976117e-06	2.59515891641e-05	0	8.89768771341e-05	0	3.70736988059e-06	0.000144587425343	0	0.000114928466298	3.70736988059e-06	0	0	7.41473976117e-06	0	3.70736988059e-06	0	2.96589590447e-05	0	0	3.70736988059e-06	2.59515891641e-05	1.85368494029e-05	3.33663289253e-05	0.000211320083193	1.48294795223e-05	4.07810686864e-05	2.96589590447e-05	0.000374444357939	3.33663289253e-05	8.15621373729e-05	0	0	0	8.89768771341e-05	0.00037815172782	8.15621373729e-05	0.00873085606878	0.00119377310155	0.000259515891641	2.22442192835e-05	0	7.04400277311e-05	1.48294795223e-05	0.000122343206059	2.96589590447e-05	0	0	0
3.33663289253e-05	0.0108403495308	2.22442192835e-05	0	0.000174246384388	3.70736988059e-06	3.70736988059e-06	7.78547674923e-05	3.70736988059e-05	0.00212061557169	3.70736988059e-06	2.59515891641e-05	3.70736988059e-06	0.00121601732083	3.70736988059e-06	7.04400277311e-05	0.00103806356656	0.000289174850686	2.59515891641e-05	7.78547674923e-05	0	0.00012975794582	0.00565744643777	0.000530153892924	0.0047936292556	0.00155338797997	0.00031512643985	0.00692165956705	0.000396688577223	7.41473976117e-06	0.000144587425343	0.000263223261522	3.70736988059e-06	3.70736988059e-06	9.26842470146e-05	3.70736988059e-06	0.00125309101964	6.302528797e-05	0	0	0	3.70736988059e-06	5.56105482088e-05	0	0.000652497098983	0	0	3.70736988059e-06	3.70736988059e-05	2.96589590447e-05	0	0.000411518056745	7.41473976117e-06	0	3.70736988059e-06	0	5.93179180894e-05	0.000819328743609	0.000240979042238	0.000489372824237	5.19031783282e-05	6.302528797e-05	0.00106030778585	0.00031883380973	2.59515891641e-05	2.22442192835e-05	1.11221096418e-05	0	0	5.56105482088e-05	0.000648789729102	0.000166831644626	0.000211320083193	7.78547674923e-05	5.93179180894e-05	0	3.70736988059e-06	0.00012605057594	0.000111221096418	3.33663289253e-05	2.59515891641e-05	0	0	0
0.000459713865193	2.22442192835e-05	0.0338260427905	0	0	0	1.48294795223e-05	0.00309194648041	0.000355907508536	3.70736988059e-05	2.22442192835e-05	3.70736988059e-05	0	7.41473976117e-06	0.000148294795223	1.85368494029e-05	0.00012975794582	0.00533861262804	2.22442192835e-05	0.000860109812296	1.11221096418e-05	0.000708107647192	6.302528797e-05	0.00727385970571	0.000203905343432	3.70736988059e-06	0.00513841465449	0.0100803387053	0.00292511483578	2.22442192835e-05	0.000270638001283	7.41473976117e-06	0	2.22442192835e-05	0.000934257209908	1.48294795223e-05	0.000311419069969	0.00399654473127	0	3.70736988059e-06	0	0	0.000355907508536	3.70736988059e-06	2.59515891641e-05	3.70736988059e-06	0	0	3.70736988059e-06	2.59515891641e-05	0	1.85368494029e-05	0.00159416904865	0	2.22442192835e-05	3.70736988059e-06	1.85368494029e-05	0.0018907586391	0.00168314592579	2.22442192835e-05	1.48294795223e-05	0.000986160388236	0.00531266103888	0.000407810686864	1.11221096418e-05	4.07810686864e-05	0	0	3.70736988059e-06	0.000552398112207	0.00142363003414	0.000307711700089	0.00100840460752	0.000155709534985	2.22442192835e-05	0	0	0.000289174850686	4.81958084476e-05	0.000103806356656	2.96589590447e-05	0	0	0
0	0	0	0	0	0	0	0	0	0	0	0	0	0	0	0	0	0	0	0	0	0	0	0	0	0	0	0	0	0	0	0	0	0	0	0	0	0	0	0	0	0	0	0	0	0	0	0	0	0	0	0	0	0	0	0	0	0	0	0	0	0	0	0	0	0	0	0	0	0	0	0	0	0	0	0	0	0	0	0	0	0	0	0
3.70736988059e-06	0.000174246384388	0	0	0.0161530105697	0.000159416904865	8.52695072535e-05	0.000111221096418	0.000181661124149	0.00308082437077	0.000456006495312	1.11221096418e-05	0.00449333229527	0	7.41473976117e-06	0.000470835974834	0	0	3.70736988059e-06	3.70736988059e-06	0.0066843878947	0	0.00012605057594	1.11221096418e-05	0.00303262856232	4.4488438567e-05	1.11221096418e-05	0.000100098986776	0.00616535611141	0	0	7.41473976117e-06	1.11221096418e-05	0	2.59515891641e-05	0	0	0	0	0.00401137421079	0	6.67326578505e-05	0	0	0.0028064789996	0.000196490603671	0	0.000493080194118	0	3.70736988059e-06	3.33663289253e-05	0	0	0	0	0.00314384965874	0	0	0	0.00318463072742	0	3.70736988059e-06	0	0.000352200138656	3.70736988059e-06	0	0	0	3.70736988059e-06	1.11221096418e-05	7.41473976117e-06	0	8.15621373729e-05	2.22442192835e-05	0.00122343206059	7.41473976117e-06	0	7.41473976117e-06	3.70736988059e-06	1.11221096418e-05	1.11221096418e-05	2.59515891641e-05	0	0
1.85368494029e-05	3.70736988059e-06	0	0	0.000159416904865	0.00452299125431	0.00235788724405	0.00012975794582	0.00149407006188	0.000133465315701	0.000218734822955	7.41473976117e-05	0.000904598250863	0	0.000207612713313	0.00160158378841	0	0	7.41473976117e-06	0	0.000608008660416	3.70736988059e-06	3.70736988059e-06	7.41473976117e-06	9.26842470146e-05	0	0	7.41473976117e-06	0.000133465315701	8.52695072535e-05	0	3.70736988059e-06	0.000982453018355	0	0.000111221096418	0	0	0	0	1.11221096418e-05	0	7.41473976117e-06	7.41473976117e-06	0	3.70736988059e-06	3.70736988059e-06	3.70736988059e-06	7.41473976117e-06	0	3.70736988059e-06	0	0	0	0	0	3.70736988059e-06	0	0	0	7.41473976117e-06	0	2.59515891641e-05	0	2.59515891641e-05	3.70736988059e-05	0	0	0	0	5.19031783282e-05	8.89768771341e-05	3.70736988059e-06	0.00044488438567	2.59515891641e-05	0.00114186992322	0.00104547830633	7.41473976117e-06	0	0	3.33663289253e-05	0	0	0	0
0.000181661124149	3.70736988059e-06	1.48294795223e-05	0	8.52695072535e-05	0.00235788724405	0.0383675708942	0.00500865670867	0.0211394230591	2.59515891641e-05	0.0133873126388	0.00206871239337	0.00750371663831	9.26842470146e-05	0.00419674270482	0.0049270945713	2.22442192835e-05	3.33663289253e-05	0.000815621373729	0.00018907586391	0.00185739231017	4.07810686864e-05	2.59515891641e-05	4.07810686864e-05	0.00025210115188	2.22442192835e-05	0.00190558811862	0.00044117701579	0.0030177990828	0.000266930631402	0	0.000578349701371	0.0042968416916	7.41473976117e-06	0.00399283736139	7.41473976117e-06	1.11221096418e-05	3.70736988059e-06	0	0.0003818590977	0	4.81958084476e-05	0.000389273837461	1.11221096418e-05	0.000185368494029	4.81958084476e-05	3.70736988059e-05	4.4488438567e-05	7.41473976117e-06	4.81958084476e-05	0	0	3.70736988059e-06	0	0	5.93179180894e-05	7.41473976117e-06	1.48294795223e-05	1.11221096418e-05	0.00056722759173	1.11221096418e-05	9.63916168952e-05	2.22442192835e-05	0.000889768771341	0.000174246384388	1.85368494029e-05	0	0	0	0.000274345371163	0.00315867913826	0.000552398112207	0.00208724924277	0.000704400277311	0.00493450931106	0.0019278323379	6.302528797e-05	2.22442192835e-05	7.41473976117e-06	0.000159416904865	1.85368494029e-05	0	0	0
0.0182106008534	7.78547674923e-05	0.00309194648041	0	0.000111221096418	0.00012975794582	0.00500865670867	0.0648530213211	0.017728642769	0.00116040677262	0.00727756707559	0.00136801948594	0.000456006495312	0.000152002165104	0.0110479622441	0.00168314592579	0.000148294795223	0.00291399272614	0.00069327816767	0.00172763436435	0.000166831644626	0.000493080194118	0.000133465315701	0.00247652308023	0.00110479622441	1.11221096418e-05	0.00226520299704	0.00304745804184	0.0191448580633	0.00517178098342	0.00774840305042	5.93179180894e-05	0.000459713865193	0.000511617043521	0.00745922819974	7.41473976117e-06	4.07810686864e-05	4.81958084476e-05	0	0.0016609017065	0	8.89768771341e-05	0.000511617043521	7.41473976117e-06	0.0038964457445	0.000118635836179	2.59515891641e-05	0.00012605057594	3.70736988059e-06	0.00012605057594	3.70736988059e-06	1.48294795223e-05	5.56105482088e-05	3.70736988059e-06	1.48294795223e-05	0.00031883380973	2.22442192835e-05	4.4488438567e-05	5.19031783282e-05	0.0036480519625	1.48294795223e-05	0.000181661124149	0.000100098986776	0.00302892119244	0.000207612713313	3.70736988059e-05	0	3.70736988059e-06	1.11221096418e-05	0.000385566467581	0.00302892119244	0.000470835974834	0.010803275832	0.00354424560584	0.000748888715878	0.000174246384388	7.41473976117e-06	0.000367029618178	2.59515891641e-05	0.000415225426626	0.000292882220566	0	1.11221096418e-05	0
0.0131277967472	3.70736988059e-05	0.000355907508536	0	0.000181661124149	0.00149407006188	0.0211394230591	0.017728642769	0.0578942880552	0.00019278323379	0.0112518675876	0.00460084602181	0.00365175933238	0.000174246384388	0.0189557821994	0.00248023045011	2.96589590447e-05	7.41473976117e-05	0.00111962570394	0.000100098986776	0.00172392699447	9.63916168952e-05	2.96589590447e-05	0.000159416904865	0.00025580852176	1.85368494029e-05	0.00201310184516	0.00050790967364	0.00374073620951	0.00262481787545	0.0010306488268	0.000589471811013	0.00616535611141	0.000385566467581	0.00782255044804	7.41473976117e-06	7.41473976117e-06	1.85368494029e-05	0	0.000897183511102	0	3.33663289253e-05	0.000329955919372	7.41473976117e-06	0.000352200138656	9.26842470146e-05	2.59515891641e-05	5.19031783282e-05	1.48294795223e-05	3.70736988059e-05	3.70736988059e-06	0	2.59515891641e-05	0	0	0.00019278323379	1.85368494029e-05	2.59515891641e-05	3.33663289253e-05	0.00156451008961	1.11221096418e-05	0.000118635836179	2.22442192835e-05	0.00119748047143	0.000166831644626	2.96589590447e-05	0	0	0	0.000300296960327	0.00177212280292	0.000292882220566	0.00633589512592	0.00130499419797	0.00335516974193	0.00135319000641	4.4488438567e-05	7.41473976117e-05	1.85368494029e-05	0.000367029618178	4.4488438567e-05	0	0	0
4.4488438567e-05	0.00212061557169	3.70736988059e-05	0	0.00308082437077	0.000133465315701	2.59515891641e-05	0.00116040677262	0.00019278323379	0.0226742741897	4.81958084476e-05	1.11221096418e-05	0.00186109968005	0.000152002165104	2.96589590447e-05	0.00125679838952	5.19031783282e-05	0	7.41473976117e-06	3.70736988059e-06	0.000748888715878	0	0.0054424189847	3.70736988059e-06	0.0123270048529	0.000726644496595	4.81958084476e-05	0.000552398112207	0.00758898614556	0.000107513726537	0.000478250714596	1.48294795223e-05	3.70736988059e-06	0	2.59515891641e-05	1.11221096418e-05	5.19031783282e-05	3.70736988059e-06	0	0.00425606062291	0	1.11221096418e-05	0.000240979042238	3.70736988059e-06	0.0113964550129	0.000196490603671	0	0.000148294795223	0	3.33663289253e-05	7.41473976117e-06	8.89768771341e-05	1.48294795223e-05	0	2.59515891641e-05	0.00344785398894	2.96589590447e-05	0.000452299125431	2.22442192835e-05	0.00866783078081	1.48294795223e-05	6.302528797e-05	0.000122343206059	0.00385195730593	6.302528797e-05	0.000467128604954	0	3.70736988059e-06	0.000152002165104	0.000559812851968	0.00025580852176	1.11221096418e-05	0.000137172685582	9.63916168952e-05	0.00137172685582	3.70736988059e-06	0	0.000778547674923	0.000304004330208	0.000582057071252	0.000311419069969	7.41473976117e-06	3.70736988059e-06	0
0.00122343206059	3.70736988059e-06	2.22442192835e-05	0	0.000456006495312	0.000218734822955	0.0133873126388	0.00727756707559	0.0112518675876	4.81958084476e-05	0.0435764255764	0.00593549917882	0.00491226509178	2.22442192835e-05	0.00277311267068	0.000804499264087	3.70736988059e-06	0.000111221096418	0.0042004500747	0.00246169360071	0.00595403602822	1.48294795223e-05	3.70736988059e-06	8.89768771341e-05	0.000177953754268	0	0.00167943855591	0.00012975794582	0.00567969065706	0.000519031783282	1.85368494029e-05	0.000244686412119	0.000926842470146	7.41473976117e-06	0.00726644496595	0	1.85368494029e-05	0	0	0.0017758301728	0	4.81958084476e-05	3.70736988059e-05	0	0.000152002165104	0.000574642331491	7.41473976117e-06	0.000652497098983	0	7.41473976117e-06	0	0	0	3.70736988059e-06	0	0.00203163869456	3.70736988059e-06	7.41473976117e-06	0	0.00167202381614	3.70736988059e-06	1.85368494029e-05	2.96589590447e-05	0.000270638001283	3.70736988059e-05	0	0	0	0	4.81958084476e-05	0.000259515891641	0.000163124274746	0.00566486117753	0.000619130770058	0.00159416904865	0.000211320083193	0	3.70736988059e-06	7.41473976117e-06	3.33663289253e-05	0	0	0	0
0.00137914159558	2.59515891641e-05	3.70736988059e-05	0	1.11221096418e-05	7.41473976117e-05	0.00206871239337	0.00136801948594	0.00460084602181	1.11221096418e-05	0.00593549917882	0.0408589234539	0.000489372824237	0.00995428812937	0.00246540097059	8.89768771341e-05	5.19031783282e-05	0.000511617043521	0.0106586884067	0.00757415666604	0.000715522386953	0.000222442192835	1.48294795223e-05	0.000452299125431	0.000114928466298	0.00526446523043	0.004066984759	0.000374444357939	0.00116782151238	0.00103435619668	0.000152002165104	0.00268784316342	0.00110479622441	0	0.0164570148999	0	0.000103806356656	0	0	0.000118635836179	0	1.11221096418e-05	6.67326578505e-05	0	7.04400277311e-05	2.59515891641e-05	0.000830450853251	3.70736988059e-06	0.00543871161482	7.41473976117e-06	3.70736988059e-06	7.41473976117e-06	0	0.000474543344715	0.000111221096418	2.22442192835e-05	0	5.19031783282e-05	6.67326578505e-05	0.000226149562716	0.00170168277519	0.00358131930465	0.00069327816767	0.000322541179611	3.33663289253e-05	0	0.000604301290535	0	0	5.56105482088e-05	0.00245427886095	0.00398542262163	0.00944637845573	0.000852695072535	0.000370736988059	2.59515891641e-05	0.000437469645909	0.000218734822955	0.00171651225471	8.52695072535e-05	1.85368494029e-05	0	0	0.000140880055462
7.41473976117e-06	3.70736988059e-06	0	0	0.00449333229527	0.000904598250863	0.00750371663831	0.000456006495312	0.00365175933238	0.00186109968005	0.00491226509178	0.000489372824237	0.0280203015575	1.11221096418e-05	0.00123455417024	0.00314384965874	0	0	0.000311419069969	0.000137172685582	0.0115002613696	0	3.70736988059e-06	0	0.00147924058235	0	0.000926842470146	2.96589590447e-05	0.00287321165745	1.11221096418e-05	0	0.000326248549492	0.000418932796506	0	0.00144587425343	0	0	0	0	0.00119377310155	3.70736988059e-06	0.00103806356656	1.11221096418e-05	2.96589590447e-05	0.00123084680035	3.70736988059e-05	8.52695072535e-05	0.00285467480805	7.41473976117e-06	2.96589590447e-05	0.000155709534985	0	0	0	0	0.00295106642495	3.70736988059e-06	3.70736988059e-06	3.70736988059e-06	0.00131611630761	0	0.000166831644626	7.41473976117e-06	4.4488438567e-05	0.000337370659133	0	0	1.85368494029e-05	0	0.00037815172782	6.302528797e-05	7.41473976117e-06	0.000544983372446	2.59515891641e-05	0.00480845873512	4.07810686864e-05	0	7.41473976117e-06	0	0.000281760110925	3.70736988059e-06	8.15621373729e-05	0	0
1.85368494029e-05	0.00121601732083	7.41473976117e-06	0	0	0	9.26842470146e-05	0.000152002165104	0.000174246384388	0.000152002165104	2.22442192835e-05	0.00995428812937	1.11221096418e-05	0.0219735812822	2.59515891641e-05	1.48294795223e-05	0.000322541179611	0.00025580852176	0.000144587425343	0.000163124274746	1.48294795223e-05	4.4488438567e-05	0.000889768771341	0.000263223261522	0.000719229756834	0.00981711544379	0.00329585182384	0.00349604979739	0.00012605057594	3.33663289253e-05	0.000111221096418	0.00330697393348	9.63916168952e-05	0	0.00262111050557	3.70736988059e-06	0.000348492768775	2.22442192835e-05	0	1.11221096418e-05	0	0	3.70736988059e-06	3.70736988059e-06	0.000226149562716	6.302528797e-05	0.000745181345998	1.11221096418e-05	0.00586505915109	1.85368494029e-05	3.70736988059e-06	0.000140880055462	0	0.000233564302477	0.000114928466298	1.48294795223e-05	1.48294795223e-05	0.000226149562716	5.56105482088e-05	0.00012605057594	0.00412630267709	0.00363692985285	0.00300296960327	7.78547674923e-05	4.4488438567e-05	0	0.000367029618178	0	0	0.000122343206059	0.000826743483371	0.00164977959686	0.000941671949669	8.15621373729e-05	2.22442192835e-05	1.11221096418e-05	0.000789669784565	0.000200197973552	0.00150519217152	0.000185368494029	2.96589590447e-05	0	0	0.000148294795223
0.016827751888	3.70736988059e-06	0.000148294795223	0	7.41473976117e-06	0.000207612713313	0.00419674270482	0.0110479622441	0.0189557821994	2.96589590447e-05	0.00277311267068	0.00246540097059	0.00123455417024	2.59515891641e-05	0.036480519625	0.000774840305042	2.22442192835e-05	5.19031783282e-05	0.000533861262804	0.000155709534985	0.000704400277311	0.000122343206059	7.41473976117e-06	7.78547674923e-05	0.000177953754268	1.48294795223e-05	0.000426347536267	0.000237271672357	0.00169056066555	0.00842314436869	0.0044488438567	3.33663289253e-05	0.00205017554396	0.000148294795223	0.00445996596634	0	3.70736988059e-06	7.41473976117e-06	0	0.000114928466298	0	0	0.000107513726537	0	0.000111221096418	7.41473976117e-06	3.70736988059e-06	0	7.41473976117e-06	3.70736988059e-06	0	0	0	0	0	1.48294795223e-05	7.41473976117e-06	0	7.41473976117e-06	0.00018907586391	1.48294795223e-05	3.33663289253e-05	1.48294795223e-05	0.000296589590447	1.85368494029e-05	3.33663289253e-05	0	0	0	5.19031783282e-05	0.000326248549492	6.302528797e-05	0.00555364008112	0.000722937126714	0.000674741318267	7.41473976117e-05	0	4.81958084476e-05	7.41473976117e-06	5.19031783282e-05	1.11221096418e-05	0	0	0
0.000118635836179	7.04400277311e-05	1.85368494029e-05	0	0.000470835974834	0.00160158378841	0.0049270945713	0.00168314592579	0.00248023045011	0.00125679838952	0.000804499264087	8.89768771341e-05	0.00314384965874	1.48294795223e-05	0.000774840305042	0.0170390719712	0.000485665454357	3.70736988059e-05	8.89768771341e-05	0.000100098986776	0.00167943855591	0.000452299125431	0.000496787563998	0.000430054906148	0.000867524552057	3.33663289253e-05	0.000259515891641	0.000530153892924	0.00147182584259	5.56105482088e-05	6.67326578505e-05	1.85368494029e-05	0.000496787563998	1.11221096418e-05	0.000163124274746	7.41473976117e-06	1.85368494029e-05	7.41473976117e-06	0	5.93179180894e-05	0	0.000103806356656	0.00105660041597	1.48294795223e-05	0.00131982367749	2.96589590447e-05	5.93179180894e-05	0.000107513726537	3.33663289253e-05	9.63916168952e-05	7.41473976117e-06	1.11221096418e-05	1.11221096418e-05	0	0	5.56105482088e-05	8.52695072535e-05	7.41473976117e-05	6.67326578505e-05	0.000355907508536	1.11221096418e-05	9.63916168952e-05	3.70736988059e-05	0.00213544505122	0.00057093496161	0.00012975794582	0	7.41473976117e-06	1.85368494029e-05	0.000837865593012	0.00342190239978	0.000430054906148	0.000715522386953	0.000218734822955	0.005557347451	9.26842470146e-05	7.41473976117e-06	0.000233564302477	7.41473976117e-06	0.000474543344715	9.63916168952e-05	3.70736988059e-06	0	0
2.96589590447e-05	0.00103806356656	0.00012975794582	0	0	0	2.22442192835e-05	0.000148294795223	2.96589590447e-05	5.19031783282e-05	3.70736988059e-06	5.19031783282e-05	0	0.000322541179611	2.22442192835e-05	0.000485665454357	0.0304041403907	0.000170539014507	3.33663289253e-05	0.00019278323379	0	0.0040299110602	0.0110813285731	0.00648048255126	0.014996311167	0.000137172685582	0.000578349701371	0.00648048255126	0.00656204468864	5.93179180894e-05	0.000367029618178	5.56105482088e-05	3.70736988059e-06	3.70736988059e-06	0.000111221096418	7.41473976117e-06	0.00031512643985	0.000596886550774	0	0	0	0	7.78547674923e-05	0	0.0011270404437	3.70736988059e-06	0	3.70736988059e-06	2.96589590447e-05	3.70736988059e-06	0	0.00495675353034	3.70736988059e-06	0	4.81958084476e-05	3.70736988059e-06	0.00327360760456	0.00842314436869	0.00220959244883	0.000652497098983	3.33663289253e-05	7.41473976117e-05	0.000919427730385	0.00153855850044	0.000155709534985	0.00231339880549	0	0	3.70736988059e-06	0.000148294795223	0.00318463072742	0.00100098986776	0.000604301290535	0.000266930631402	0.000326248549492	0	3.70736988059e-06	0.000819328743609	0.000137172685582	0.000166831644626	5.19031783282e-05	0	0	3.70736988059e-06
0.000107513726537	0.000289174850686	0.00533861262804	0	0	0	3.33663289253e-05	0.00291399272614	7.41473976117e-05	0	0.000111221096418	0.000511617043521	0	0.00025580852176	5.19031783282e-05	3.70736988059e-05	0.000170539014507	0.0267968694969	9.26842470146e-05	0.0065694594284	1.11221096418e-05	0.00105660041597	8.52695072535e-05	0.00720341967798	0.00018907586391	0	0.00614311189213	0.00691795219717	0.00057093496161	7.41473976117e-05	0.00217993348978	6.67326578505e-05	3.70736988059e-06	0	0.0063210656464	0	0.000107513726537	0.000600593920655	0	0	0	0	2.22442192835e-05	0	2.22442192835e-05	0	0	0	0	0	0	1.48294795223e-05	0.00110108885453	0	7.41473976117e-06	0	7.41473976117e-06	4.07810686864e-05	2.96589590447e-05	0	0	0.00255437784772	0.00025580852176	2.59515891641e-05	7.41473976117e-06	0	0	0	0	1.48294795223e-05	0.00211320083193	0.000418932796506	0.00256179258748	0.000248393781999	6.67326578505e-05	7.41473976117e-06	0	7.78547674923e-05	1.48294795223e-05	1.11221096418e-05	3.70736988059e-06	0	0	0
0.000578349701371	2.59515891641e-05	2.22442192835e-05	0	3.70736988059e-06	7.41473976117e-06	0.000815621373729	0.00069327816767	0.00111962570394	7.41473976117e-06	0.0042004500747	0.0106586884067	0.000311419069969	0.000144587425343	0.000533861262804	8.89768771341e-05	3.33663289253e-05	9.26842470146e-05	0.015648808266	0.00564632432813	0.000722937126714	6.302528797e-05	1.48294795223e-05	0.000111221096418	5.19031783282e-05	9.26842470146e-05	0.00282130847913	0.000363322248297	0.000615423400177	7.41473976117e-05	1.85368494029e-05	6.302528797e-05	7.41473976117e-06	0	0.00664360682601	0	5.19031783282e-05	0	0	4.81958084476e-05	0	7.41473976117e-06	4.81958084476e-05	0	3.70736988059e-05	1.48294795223e-05	4.81958084476e-05	0	0.000140880055462	7.41473976117e-06	0	3.70736988059e-06	3.70736988059e-06	0.000211320083193	0.000114928466298	0	3.70736988059e-06	1.48294795223e-05	3.70736988059e-06	0.000122343206059	4.07810686864e-05	0.00137914159558	0.000641374989341	0.000226149562716	3.70736988059e-06	0	5.19031783282e-05	0	0	2.22442192835e-05	0.00148665532211	0.00147924058235	0.00367400355166	0.000103806356656	0.000367029618178	0	3.70736988059e-06	7.41473976117e-06	3.70736988059e-06	2.22442192835e-05	7.41473976117e-06	0	0	0
0.000200197973552	7.78547674923e-05	0.000860109812296	0	3.70736988059e-06	0	0.00018907586391	0.00172763436435	0.000100098986776	3.70736988059e-06	0.00246169360071	0.00757415666604	0.000137172685582	0.000163124274746	0.000155709534985	0.000100098986776	0.00019278323379	0.0065694594284	0.00564632432813	0.0273455602392	0.000500494933879	0.000611716030297	9.26842470146e-05	0.00228373984644	0.000177953754268	2.96589590447e-05	0.00848616965666	0.00588730337037	0.000596886550774	0.000111221096418	0.000978745648475	4.07810686864e-05	2.22442192835e-05	3.70736988059e-06	0.0101619008427	0	0.000240979042238	8.15621373729e-05	0	1.85368494029e-05	0	7.41473976117e-06	3.70736988059e-05	0	2.22442192835e-05	1.48294795223e-05	1.48294795223e-05	0	1.11221096418e-05	7.41473976117e-06	0	1.48294795223e-05	0.000407810686864	0.000122343206059	0.000229856932596	0	7.41473976117e-06	9.63916168952e-05	4.4488438567e-05	7.04400277311e-05	2.22442192835e-05	0.00160158378841	0.000874939291818	0.000163124274746	3.70736988059e-06	0	0	0	0	1.85368494029e-05	0.00468611552906	0.000826743483371	0.00944637845573	0.00100469723764	0.000229856932596	0	7.41473976117e-06	0.000148294795223	2.22442192835e-05	2.22442192835e-05	0	0	0	7.41473976117e-06
1.11221096418e-05	0	1.11221096418e-05	0	0.0066843878947	0.000608008660416	0.00185739231017	0.000166831644626	0.00172392699447	0.000748888715878	0.00595403602822	0.000715522386953	0.0115002613696	1.48294795223e-05	0.000704400277311	0.00167943855591	0	1.11221096418e-05	0.000722937126714	0.000500494933879	0.0200346268347	0	0	3.33663289253e-05	0.00157192482937	0	0.000952794059311	3.70736988059e-05	0.00297331064423	3.70736988059e-06	0	0.000140880055462	0.00031883380973	0	0.00127162786904	0	3.70736988059e-06	0	0	0.000771132935162	0	5.56105482088e-05	0	0	0.000826743483371	7.41473976117e-06	0	0.00019278323379	0	0	1.48294795223e-05	0	0	0	0	0.000848987702654	0	0	0	0.00088606140146	0	3.70736988059e-06	3.70736988059e-06	0.000111221096418	3.70736988059e-06	0	0	0	0	3.70736988059e-06	7.41473976117e-05	0.000118635836179	0.00182402598125	0.00031883380973	0.00381117623724	0.000211320083193	0	0	0	3.70736988059e-06	0	0	0	0
0.000163124274746	0.00012975794582	0.000708107647192	0	0	3.70736988059e-06	4.07810686864e-05	0.000493080194118	9.63916168952e-05	0	1.48294795223e-05	0.000222442192835	0	4.4488438567e-05	0.000122343206059	0.000452299125431	0.0040299110602	0.00105660041597	6.302528797e-05	0.000611716030297	0	0.0347232263016	0.00221700718859	0.0210207872229	0.00225778825728	7.41473976117e-06	0.000793377154445	0.00196861340659	0.00533119788828	0.000797084524326	0.00902744565923	0.000118635836179	1.11221096418e-05	5.93179180894e-05	0.00460826076157	0	8.89768771341e-05	0.0003818590977	0	0	0	0	0.000263223261522	0	0.000166831644626	0	0	0	3.70736988059e-06	1.11221096418e-05	0	0.000937964579788	3.70736988059e-06	0	6.302528797e-05	0	0.00113816255334	0.00295106642495	0.00131982367749	7.41473976117e-05	5.93179180894e-05	5.93179180894e-05	0.00025580852176	0.000341078029014	5.56105482088e-05	0.00094908668943	0	0	3.70736988059e-06	8.89768771341e-05	0.0051940252027	0.00131240893773	0.00534231999792	0.000671033948386	0.000941671949669	1.11221096418e-05	3.70736988059e-06	0.000181661124149	3.70736988059e-05	0.000107513726537	5.93179180894e-05	0	3.70736988059e-06	0
1.48294795223e-05	0.00565744643777	6.302528797e-05	0	0.00012605057594	3.70736988059e-06	2.59515891641e-05	0.000133465315701	2.96589590447e-05	0.0054424189847	3.70736988059e-06	1.48294795223e-05	3.70736988059e-06	0.000889768771341	7.41473976117e-06	0.000496787563998	0.0110813285731	8.52695072535e-05	1.48294795223e-05	9.26842470146e-05	0	0.00221700718859	0.0322207516322	0.00557217693052	0.0153559260454	0.000478250714596	0.000392981207342	0.00756303455639	0.00385195730593	4.4488438567e-05	0.000841572962893	0.00018907586391	3.70736988059e-06	0	7.41473976117e-05	2.22442192835e-05	0.000589471811013	0.00101952671716	0	1.11221096418e-05	0	7.41473976117e-06	0.000659911838744	0	0.00726644496595	3.70736988059e-06	3.70736988059e-06	7.41473976117e-06	2.96589590447e-05	2.96589590447e-05	7.41473976117e-06	0.00512358517497	3.70736988059e-06	3.70736988059e-06	0.000166831644626	3.70736988059e-06	0.00205388291384	0.0118487541384	0.00209837135241	0.00255067047784	4.81958084476e-05	0.000237271672357	0.00205388291384	0.00383712782641	7.41473976117e-05	0.00107142989549	3.70736988059e-06	0	4.07810686864e-05	0.000289174850686	0.00194636918731	0.000329955919372	0.000244686412119	0.000133465315701	0.000411518056745	1.11221096418e-05	7.41473976117e-06	0.0016423648571	0.000652497098983	0.000341078029014	0.000185368494029	1.85368494029e-05	0	1.11221096418e-05
0.000181661124149	0.000530153892924	0.00727385970571	0	1.11221096418e-05	7.41473976117e-06	4.07810686864e-05	0.00247652308023	0.000159416904865	3.70736988059e-06	8.89768771341e-05	0.000452299125431	0	0.000263223261522	7.78547674923e-05	0.000430054906148	0.00648048255126	0.00720341967798	0.000111221096418	0.00228373984644	3.33663289253e-05	0.0210207872229	0.00557217693052	0.0622578624047	0.00220588507895	7.78547674923e-05	0.00312531280933	0.0114224066021	0.0065694594284	0.000411518056745	0.00367029618178	0.000196490603671	1.48294795223e-05	3.33663289253e-05	0.00602076868607	1.11221096418e-05	0.000348492768775	0.00148294795223	0	7.41473976117e-06	0	0	0.000137172685582	0	2.59515891641e-05	3.70736988059e-06	0	0	5.56105482088e-05	1.11221096418e-05	0	0.00585393704144	9.26842470146e-05	3.70736988059e-06	3.33663289253e-05	3.70736988059e-06	0.00138655633534	0.0134392158171	0.00673258370314	0.000174246384388	0.000152002165104	0.000181661124149	0.00290657798638	0.000300296960327	7.41473976117e-06	0.000203905343432	3.70736988059e-06	0	3.70736988059e-06	0.000137172685582	0.00737766606237	0.00174246384388	0.00680302373087	0.00101952671716	0.000771132935162	1.85368494029e-05	3.70736988059e-06	0.000233564302477	0.00012605057594	0.000177953754268	6.302528797e-05	3.70736988059e-05	0	1.85368494029e-05
0.000226149562716	0.0047936292556	0.000203905343432	0	0.00303262856232	9.26842470146e-05	0.00025210115188	0.00110479622441	0.00025580852176	0.0123270048529	0.000177953754268	0.000114928466298	0.00147924058235	0.000719229756834	0.000177953754268	0.000867524552057	0.014996311167	0.00018907586391	5.19031783282e-05	0.000177953754268	0.00157192482937	0.00225778825728	0.0153559260454	0.00220588507895	0.0519254225475	0.000626545509819	0.000785962414684	0.00781884307816	0.016609017065	0.000341078029014	0.000856402442415	0.000148294795223	1.85368494029e-05	1.85368494029e-05	0.00025210115188	9.26842470146e-05	0.000237271672357	0.000348492768775	0	0.00104918567621	0	4.81958084476e-05	0.000960208799072	7.41473976117e-06	0.0147219657958	6.302528797e-05	2.96589590447e-05	8.15621373729e-05	3.33663289253e-05	0.000266930631402	7.41473976117e-06	0.000934257209908	1.48294795223e-05	0	8.15621373729e-05	0.000392981207342	0.00217993348978	0.00537939369673	0.00111962570394	0.00652497098983	2.59515891641e-05	0.000181661124149	0.000622838139938	0.00777064726971	0.000493080194118	0.00165348696674	7.41473976117e-06	3.70736988059e-06	0.000152002165104	0.00120489521119	0.00206871239337	0.000593179180894	0.000708107647192	0.000289174850686	0.00115299203286	1.11221096418e-05	3.70736988059e-06	0.00254696310796	0.000515324413401	0.00104177093644	0.000741473976117	1.11221096418e-05	1.85368494029e-05	0
1.48294795223e-05	0.00155338797997	3.70736988059e-06	0	4.4488438567e-05	0	2.22442192835e-05	1.11221096418e-05	1.85368494029e-05	0.000726644496595	0	0.00526446523043	0	0.00981711544379	1.48294795223e-05	3.33663289253e-05	0.000137172685582	0	9.26842470146e-05	2.96589590447e-05	0	7.41473976117e-06	0.000478250714596	7.78547674923e-05	0.000626545509819	0.0138803928329	0.000856402442415	0.00169797540531	0.000114928466298	1.11221096418e-05	2.22442192835e-05	0.0011641141425	3.70736988059e-06	0	0.00106401515573	0	0.000274345371163	2.96589590447e-05	0	1.48294795223e-05	0	0	7.41473976117e-06	7.41473976117e-06	8.15621373729e-05	7.04400277311e-05	0.000537568632685	1.11221096418e-05	0.00525705049067	7.41473976117e-06	3.70736988059e-06	3.70736988059e-05	3.70736988059e-06	0.000177953754268	8.89768771341e-05	1.48294795223e-05	4.4488438567e-05	0.000144587425343	7.41473976117e-05	5.19031783282e-05	0.0039335194433	0.0025395483682	0.00208354187289	5.56105482088e-05	2.22442192835e-05	0	0.000467128604954	0	0	0.000122343206059	0.000374444357939	0.000544983372446	0.000244686412119	4.4488438567e-05	5.19031783282e-05	7.41473976117e-06	0.000548690742327	9.63916168952e-05	0.00105660041597	0.000152002165104	2.22442192835e-05	0	0	0.000107513726537
0.000415225426626	0.00031512643985	0.00513841465449	0	1.11221096418e-05	0	0.00190558811862	0.00226520299704	0.00201310184516	4.81958084476e-05	0.00167943855591	0.004066984759	0.000926842470146	0.00329585182384	0.000426347536267	0.000259515891641	0.000578349701371	0.00614311189213	0.00282130847913	0.00848616965666	0.000952794059311	0.000793377154445	0.000392981207342	0.00312531280933	0.000785962414684	0.000856402442415	0.072742304427	0.0151001175236	0.00114928466298	7.41473976117e-05	0.000763718195401	0.00533119788828	3.33663289253e-05	1.11221096418e-05	0.00591325495953	9.63916168952e-05	0.0077335735709	0.00182031861137	0	5.56105482088e-05	3.70736988059e-06	1.11221096418e-05	0.000148294795223	3.33663289253e-05	0.000285467480805	3.70736988059e-05	0.000144587425343	3.70736988059e-06	0.000622838139938	0.000140880055462	0	0.000118635836179	0.00405586264936	0.00044117701579	0.00258032943689	2.22442192835e-05	5.93179180894e-05	0.000285467480805	0.000177953754268	0.00012605057594	0.00328843708408	0.0158823725684	0.0109886443261	0.000326248549492	4.81958084476e-05	1.48294795223e-05	7.04400277311e-05	3.70736988059e-06	0	0.000226149562716	0.00817475058669	0.00449703966515	0.00612828241261	0.00109367411477	0.00138284896546	3.70736988059e-06	7.41473976117e-06	0.00107142989549	0.000422640166387	0.000248393781999	4.81958084476e-05	0	3.70736988059e-06	0
0.000574642331491	0.00692165956705	0.0100803387053	0	0.000100098986776	7.41473976117e-06	0.00044117701579	0.00304745804184	0.00050790967364	0.000552398112207	0.00012975794582	0.000374444357939	2.96589590447e-05	0.00349604979739	0.000237271672357	0.000530153892924	0.00648048255126	0.00691795219717	0.000363322248297	0.00588730337037	3.70736988059e-05	0.00196861340659	0.00756303455639	0.0114224066021	0.00781884307816	0.00169797540531	0.0151001175236	0.0957984377143	0.00401137421079	0.00012975794582	0.00123084680035	0.000600593920655	5.93179180894e-05	4.07810686864e-05	0.00549432216303	2.22442192835e-05	0.0208650776879	0.00154226587032	0	9.63916168952e-05	3.70736988059e-06	0.000140880055462	0.000304004330208	4.4488438567e-05	0.000878646661699	0.00025580852176	0.000118635836179	9.63916168952e-05	0.000278052741044	5.93179180894e-05	7.41473976117e-06	0.00354795297572	0.00143104477391	3.33663289253e-05	0.000600593920655	8.52695072535e-05	0.000459713865193	0.0112852339165	0.00239496094286	0.00103435619668	0.00298443275387	0.00291028535626	0.0327805644841	0.00119748047143	0.000200197973552	5.19031783282e-05	2.22442192835e-05	3.70736988059e-06	7.41473976117e-06	0.00101952671716	0.0152929007574	0.00361097826369	0.00580203386312	0.00122343206059	0.000556105482088	2.22442192835e-05	6.302528797e-05	0.00192041759814	0.000752596085759	0.000923135100266	0.000181661124149	1.11221096418e-05	0	1.85368494029e-05
0.00224666614763	0.000396688577223	0.00292511483578	0	0.00616535611141	0.000133465315701	0.0030177990828	0.0191448580633	0.00374073620951	0.00758898614556	0.00567969065706	0.00116782151238	0.00287321165745	0.00012605057594	0.00169056066555	0.00147182584259	0.00656204468864	0.00057093496161	0.000615423400177	0.000596886550774	0.00297331064423	0.00533119788828	0.00385195730593	0.0065694594284	0.016609017065	0.000114928466298	0.00114928466298	0.00401137421079	0.0793451301843	0.000986160388236	0.00731834814428	3.70736988059e-05	0.000333663289253	6.67326578505e-05	0.0025395483682	1.85368494029e-05	0.00018907586391	0.00018907586391	0	0.00784108729744	0	0.000118635836179	0.00417820585542	2.22442192835e-05	0.0151483133321	0.000830450853251	6.67326578505e-05	0.000667326578505	3.70736988059e-05	0.000170539014507	2.22442192835e-05	0.000474543344715	2.59515891641e-05	3.33663289253e-05	0.00044117701579	0.00505314514724	0.00144216688355	0.00206871239337	0.000645082359222	0.0129275987736	7.41473976117e-05	0.000678448688147	0.000407810686864	0.0108996674489	0.000522739153163	0.00299926223339	0	3.70736988059e-06	7.04400277311e-05	0.000711815017072	0.00270267264295	0.00063396024958	0.0044117701579	0.0012605057594	0.000989867758116	0.000118635836179	0	0.00253584099832	0.00123455417024	0.00063396024958	0.000404103316984	1.11221096418e-05	3.70736988059e-06	0
0.00752225348771	7.41473976117e-06	2.22442192835e-05	0	0	8.52695072535e-05	0.000266930631402	0.00517178098342	0.00262481787545	0.000107513726537	0.000519031783282	0.00103435619668	1.11221096418e-05	3.33663289253e-05	0.00842314436869	5.56105482088e-05	5.93179180894e-05	7.41473976117e-05	7.41473976117e-05	0.000111221096418	3.70736988059e-06	0.000797084524326	4.4488438567e-05	0.000411518056745	0.000341078029014	1.11221096418e-05	7.41473976117e-05	0.00012975794582	0.000986160388236	0.0233341860284	0.00603189079571	3.70736988059e-06	0.000285467480805	0.00180548913185	0.00508280410628	5.19031783282e-05	1.11221096418e-05	3.70736988059e-06	0	2.59515891641e-05	0	0	0.000485665454357	3.70736988059e-06	0.00037815172782	0	0	0	3.70736988059e-06	7.41473976117e-06	0	0	0	0	0	0	5.93179180894e-05	2.22442192835e-05	2.22442192835e-05	5.93179180894e-05	1.11221096418e-05	7.41473976117e-06	1.48294795223e-05	0.000452299125431	5.19031783282e-05	0.000463421235073	0	0	1.11221096418e-05	6.302528797e-05	8.15621373729e-05	0.000114928466298	0.00342931713954	0.000118635836179	2.96589590447e-05	7.41473976117e-06	7.41473976117e-06	0.000155709534985	7.78547674923e-05	8.15621373729e-05	7.78547674923e-05	0	0	0
0.00528300207983	0.000144587425343	0.000270638001283	0	0	0	0	0.00774840305042	0.0010306488268	0.000478250714596	1.85368494029e-05	0.000152002165104	0	0.000111221096418	0.0044488438567	6.67326578505e-05	0.000367029618178	0.00217993348978	1.85368494029e-05	0.000978745648475	0	0.00902744565923	0.000841572962893	0.00367029618178	0.000856402442415	2.22442192835e-05	0.000763718195401	0.00123084680035	0.00731834814428	0.00603189079571	0.0387976258003	1.85368494029e-05	1.48294795223e-05	0.000307711700089	0.00648418992114	0.000222442192835	0.000114928466298	1.48294795223e-05	0	3.33663289253e-05	0	1.11221096418e-05	0.0013939710751	3.70736988059e-06	0.00249505992963	0	1.11221096418e-05	7.41473976117e-06	7.41473976117e-06	7.41473976117e-05	3.70736988059e-06	7.41473976117e-06	2.96589590447e-05	7.41473976117e-06	0.000337370659133	1.48294795223e-05	0.000285467480805	4.4488438567e-05	5.56105482088e-05	0.000548690742327	4.4488438567e-05	0.000515324413401	0.000170539014507	0.00163865748722	0.000229856932596	0.00249135255975	0	0	4.4488438567e-05	0.000152002165104	0.000248393781999	0.000170539014507	0.00419303533494	0.000374444357939	2.96589590447e-05	0	3.70736988059e-06	0.00151631428116	0.000815621373729	0.000278052741044	0.000296589590447	3.70736988059e-06	0	0
1.11221096418e-05	0.000263223261522	7.41473976117e-06	0	7.41473976117e-06	3.70736988059e-06	0.000578349701371	5.93179180894e-05	0.000589471811013	1.48294795223e-05	0.000244686412119	0.00268784316342	0.000326248549492	0.00330697393348	3.33663289253e-05	1.85368494029e-05	5.56105482088e-05	6.67326578505e-05	6.302528797e-05	4.07810686864e-05	0.000140880055462	0.000118635836179	0.00018907586391	0.000196490603671	0.000148294795223	0.0011641141425	0.00533119788828	0.000600593920655	3.70736988059e-05	3.70736988059e-06	1.85368494029e-05	0.00852324335547	4.4488438567e-05	0	0.000808206633968	3.70736988059e-06	5.56105482088e-05	1.11221096418e-05	0	1.11221096418e-05	0	0	1.48294795223e-05	7.41473976117e-06	1.85368494029e-05	4.81958084476e-05	0.000118635836179	7.41473976117e-06	0.00120860258107	3.70736988059e-06	0	6.302528797e-05	0	0.000152002165104	4.81958084476e-05	1.48294795223e-05	0	0.000100098986776	5.93179180894e-05	3.33663289253e-05	0.000637667619461	0.0025210115188	0.00111591833406	2.59515891641e-05	1.85368494029e-05	0	0.000226149562716	0	0	0.000100098986776	0.000934257209908	0.0011455772931	0.000993575127997	0.000133465315701	0.000152002165104	0	3.70736988059e-06	6.302528797e-05	8.89768771341e-05	0.000122343206059	7.41473976117e-06	0	0	0
0.000259515891641	3.70736988059e-06	0	0	1.11221096418e-05	0.000982453018355	0.0042968416916	0.000459713865193	0.00616535611141	3.70736988059e-06	0.000926842470146	0.00110479622441	0.000418932796506	9.63916168952e-05	0.00205017554396	0.000496787563998	3.70736988059e-06	3.70736988059e-06	7.41473976117e-06	2.22442192835e-05	0.00031883380973	1.11221096418e-05	3.70736988059e-06	1.48294795223e-05	1.85368494029e-05	3.70736988059e-06	3.33663289253e-05	5.93179180894e-05	0.000333663289253	0.000285467480805	1.48294795223e-05	4.4488438567e-05	0.00752966822747	0	0.00126421312928	3.70736988059e-06	7.41473976117e-06	0	0	0.000155709534985	0	7.41473976117e-06	5.19031783282e-05	0	5.93179180894e-05	4.81958084476e-05	3.70736988059e-06	1.11221096418e-05	0	1.11221096418e-05	0	0	0	0	0	7.04400277311e-05	0	3.70736988059e-06	3.70736988059e-06	0.000203905343432	3.70736988059e-06	4.07810686864e-05	7.41473976117e-06	0.000155709534985	5.56105482088e-05	3.70736988059e-06	0	0	0	8.89768771341e-05	0.000496787563998	5.56105482088e-05	0.000656204468864	0.000155709534985	0.000645082359222	0.000871231921938	2.59515891641e-05	0	0	8.15621373729e-05	3.70736988059e-06	0	0	0
0.000467128604954	3.70736988059e-06	2.22442192835e-05	0	0	0	7.41473976117e-06	0.000511617043521	0.000385566467581	0	7.41473976117e-06	0	0	0	0.000148294795223	1.11221096418e-05	3.70736988059e-06	0	0	3.70736988059e-06	0	5.93179180894e-05	0	3.33663289253e-05	1.85368494029e-05	0	1.11221096418e-05	4.07810686864e-05	6.67326578505e-05	0.00180548913185	0.000307711700089	0	0	0.00224666614763	0.000826743483371	0	0	3.70736988059e-06	0	0	0	0	1.11221096418e-05	0	1.85368494029e-05	0	0	0	0	0	0	0	0	0	0	0	3.70736988059e-06	0	3.70736988059e-06	0	0	0	0	2.59515891641e-05	0	1.11221096418e-05	0	0	0	3.70736988059e-06	4.4488438567e-05	2.22442192835e-05	0.000522739153163	1.85368494029e-05	1.11221096418e-05	0	0	1.48294795223e-05	0	7.41473976117e-06	7.41473976117e-06	0	0	0
