0.0158078783351	0	1.75370294377e-05	0	0.000140296235501	1.40296235501e-05	0.000754092265819	0.00665354896865	0.00236048416231	0.000220966570914	0.0016870622319	7.01481177506e-06	0.000136788829614	0	0.00547856799632	3.50740588753e-05	3.85814647628e-05	3.50740588753e-06	0	3.50740588753e-06	0.000168355482602	0.000206936947364	5.2611088313e-05	0.000115744394289	0.000676929336294	0	0	2.10444353252e-05	0.000806703354132	0.00366523915247	0.00227630642101	0	3.50740588753e-06	0.000259548035677	0.000371785024078	0	0	0	0	3.50740588753e-06	0	0	0	0	2.10444353252e-05	0	0	7.01481177506e-06	0	0	0	1.40296235501e-05	0	0	0	0	3.50740588753e-06	2.10444353252e-05	3.50740588753e-06	1.75370294377e-05	0	0	3.50740588753e-06	7.01481177506e-06	0	0	0	0	0	0	0.000473499794817	3.15666529878e-05	0.000301636906328	0.000122759206064	0.000641855277418	2.45518412127e-05	0	1.75370294377e-05	0	0	0	3.50740588753e-06	0	0
0	0.00927358116663	0.00140296235501	0	0	0	0	1.75370294377e-05	0	6.66407118631e-05	0	0.000154325859051	0	1.05222176626e-05	0	3.50740588753e-06	9.11925530758e-05	0.00079618113647	1.40296235501e-05	0.00029812950044	0	0.000171862888489	0.00108729582513	0.000855807036558	3.85814647628e-05	0.000392829459404	0.00116796616055	0.0037985205762	2.80592471003e-05	7.01481177506e-06	7.36555236382e-05	0	0	1.40296235501e-05	0.00085229963067	3.50740588753e-06	0.00262353960387	0.000343725776978	0	0	0	0	0	0	3.50740588753e-06	0	3.15666529878e-05	0	8.76851471883e-05	0	0	2.45518412127e-05	0.000203429541477	1.75370294377e-05	6.31333059756e-05	0	2.45518412127e-05	0.000234996194465	0.000126266611951	0	0.000550662724342	0.000673421930406	0.00127318833717	3.50740588753e-06	7.01481177506e-06	1.75370294377e-05	0	0	7.01481177506e-06	7.01481177506e-05	0.000277085065115	0.000733047830494	0.000413873894729	9.11925530758e-05	2.10444353252e-05	3.50740588753e-06	0	7.01481177506e-05	0.000164848076714	9.46999589634e-05	5.2611088313e-05	3.50740588753e-06	0	0
1.75370294377e-05	0.00140296235501	0.0257022703438	0	0	3.50740588753e-06	0	7.36555236382e-05	0	2.80592471003e-05	7.01481177506e-06	0.000238503600352	0	1.05222176626e-05	7.01481177506e-06	7.01481177506e-06	0.000168355482602	0.00710600432814	1.75370294377e-05	0.000764614483482	0	0.00108028101336	0.000547155318455	0.00761107077594	5.61184942005e-05	7.01481177506e-05	0.00626071950924	0.00841777413008	0.000119251800176	1.75370294377e-05	0.000427903518279	0	3.50740588753e-06	4.20888706504e-05	0.00374590948788	3.50740588753e-06	0.00110483285457	0.000133281423726	0	0	0	0	0	0	0	0	1.40296235501e-05	0	2.80592471003e-05	0	0	2.10444353252e-05	5.61184942005e-05	3.50740588753e-06	3.85814647628e-05	0	1.05222176626e-05	0.000129774017839	5.9625900088e-05	0	0.000119251800176	0.000287607282778	0.000505066447805	0	7.01481177506e-06	1.40296235501e-05	0	0	3.50740588753e-06	7.01481177506e-05	0.00124512909007	0.0017712399732	0.00199220654412	0.00054014050668	5.9625900088e-05	7.01481177506e-06	1.05222176626e-05	5.2611088313e-05	8.06703354132e-05	5.9625900088e-05	2.10444353252e-05	0	0	0
0	0	0	0	0	0	0	0	0	0	0	0	0	0	0	0	0	0	0	0	0	0	0	0	0	0	0	0	0	0	0	0	0	0	0	0	0	0	0	0	0	0	0	0	0	0	0	0	0	0	0	0	0	0	0	0	0	0	0	0	0	0	0	0	0	0	0	0	0	0	0	0	0	0	0	0	0	0	0	0	0	0	0	0
0.000140296235501	0	0	0	0.0136508237143	3.50740588753e-06	0.000263055441565	0.00172213629078	0.000150818453164	0.000694466365731	0.00338464668147	0	0.000954014401409	0	0.000171862888489	1.40296235501e-05	1.05222176626e-05	0	0	0	0.00528215326662	9.11925530758e-05	4.91036824254e-05	2.10444353252e-05	0.00708145248693	0	0	3.50740588753e-06	0.00444037585361	2.45518412127e-05	0.000231488788577	0	0	3.50740588753e-06	5.2611088313e-05	7.01481177506e-06	0	3.50740588753e-06	0	0.000301636906328	0	3.50740588753e-06	2.10444353252e-05	3.50740588753e-06	6.66407118631e-05	4.20888706504e-05	0	2.45518412127e-05	0	3.50740588753e-06	3.50740588753e-06	1.05222176626e-05	0	0	0	0.000136788829614	0	3.15666529878e-05	3.50740588753e-06	9.11925530758e-05	0	0	0	1.75370294377e-05	3.50740588753e-06	2.10444353252e-05	0	0	3.50740588753e-06	1.75370294377e-05	6.31333059756e-05	1.75370294377e-05	2.45518412127e-05	1.05222176626e-05	0.000101714770738	3.50740588753e-06	0	2.80592471003e-05	0	0	3.50740588753e-06	1.40296235501e-05	0	0
1.40296235501e-05	0	3.50740588753e-06	0	3.50740588753e-06	0.00637295649764	0.00166601779658	1.40296235501e-05	0.000894388501321	3.50740588753e-06	1.05222176626e-05	1.75370294377e-05	1.40296235501e-05	3.50740588753e-06	0.000813718165907	0.00153624377874	0	3.50740588753e-06	0	7.01481177506e-06	0	3.50740588753e-06	0	0	3.50740588753e-06	3.50740588753e-06	0	0	3.50740588753e-06	0.000557677536118	1.05222176626e-05	0	0.00114692172522	7.01481177506e-06	0.000245518412127	0	0	0	0	0	0	0	0	0	0	0	0	0	0	0	0	0	0	0	0	0	0	0	0	0	0	0	0	0	0	0	0	0	0	0	2.80592471003e-05	7.01481177506e-06	0.000175370294377	1.40296235501e-05	0.000887373689545	0.00128371055484	0	0	0	0	0	0	0	0
0.000754092265819	0	0	0	0.000263055441565	0.00166601779658	0.0346601849806	0.00257443592145	0.0119076429882	0.000178877700264	0.013440379361	1.05222176626e-05	0.00783203734686	3.50740588753e-06	0.00514536443701	0.00316368011055	7.01481177506e-06	0	0	3.50740588753e-06	0.00109080323102	4.55962765379e-05	2.10444353252e-05	3.15666529878e-05	0.00051208125958	0	3.50740588753e-06	1.05222176626e-05	0.000715510801056	0.00112236988401	0.000178877700264	0	0.000396336865291	4.91036824254e-05	0.000357755400528	0	0	0	0	7.01481177506e-06	0	0	0	0	7.01481177506e-06	8.41777413008e-05	0	0.000364770212303	0	0	0	3.50740588753e-06	0	0	0	0.000101714770738	0	3.50740588753e-06	0	1.40296235501e-05	0	0	0	0	0	3.50740588753e-06	0	0	0	0	0.000210444353252	1.75370294377e-05	0.000484022012479	0.000115744394289	0.0019395954558	0.000357755400528	0	0	0	0	0	3.50740588753e-06	0	0
0.00665354896865	1.75370294377e-05	7.36555236382e-05	0	0.00172213629078	1.40296235501e-05	0.00257443592145	0.0486687640954	0.00313211345757	0.00249727299192	0.0113534728579	3.50740588753e-06	0.000922447748421	0	0.00555923833174	6.66407118631e-05	0.000403351677066	2.10444353252e-05	3.50740588753e-06	3.50740588753e-06	0.00117498097232	0.00279189508648	0.00055417013023	0.00123109946652	0.00937529593737	0	7.01481177506e-06	0.000119251800176	0.0155202710523	0.001153936537	0.0119216726117	0	7.01481177506e-06	0.000382307241741	0.00200623616767	7.01481177506e-06	2.10444353252e-05	1.05222176626e-05	0	1.40296235501e-05	0	7.01481177506e-06	7.01481177506e-05	7.01481177506e-06	0.000333203559315	1.75370294377e-05	0	5.2611088313e-05	0	3.50740588753e-06	3.50740588753e-06	0.000140296235501	3.50740588753e-06	0	0	1.40296235501e-05	3.50740588753e-05	0.000315666529878	3.85814647628e-05	0.000287607282778	0	3.50740588753e-06	3.15666529878e-05	7.71629295257e-05	3.85814647628e-05	0.000129774017839	0	0	3.15666529878e-05	7.01481177506e-05	0.00143102160211	0.000364770212303	0.000932969966083	0.000347233182866	0.00117147356644	4.91036824254e-05	0	7.36555236382e-05	1.05222176626e-05	1.75370294377e-05	1.75370294377e-05	1.75370294377e-05	0	0
0.00236048416231	0	0	0	0.000150818453164	0.000894388501321	0.0119076429882	0.00313211345757	0.0337482594498	0.000119251800176	0.00613796030318	2.80592471003e-05	0.000929462560196	1.05222176626e-05	0.0179088144617	0.00078215151292	1.05222176626e-05	1.40296235501e-05	0	0	0.000343725776978	5.9625900088e-05	2.80592471003e-05	4.91036824254e-05	0.000515588665467	0	7.01481177506e-06	3.50740588753e-06	0.000501559041917	0.00180280662619	0.000315666529878	0	0.000420888706504	4.91036824254e-05	0.000676929336294	0	0	0	0	3.50740588753e-06	0	0	3.50740588753e-06	0	7.01481177506e-06	1.05222176626e-05	0	3.85814647628e-05	0	0	0	1.05222176626e-05	0	0	0	2.10444353252e-05	3.50740588753e-06	1.05222176626e-05	3.50740588753e-06	3.50740588753e-06	0	0	0	0	0	7.01481177506e-06	0	0	0	3.50740588753e-06	0.000413873894729	1.40296235501e-05	0.000799688542357	0.000161340670826	0.00233242491521	0.000382307241741	0	3.50740588753e-06	0	0	0	0	0	0
0.000220966570914	6.66407118631e-05	2.80592471003e-05	0	0.000694466365731	3.50740588753e-06	0.000178877700264	0.00249727299192	0.000119251800176	0.0176703108614	0.000491036824254	0	0.00372486505256	0	0.000171862888489	0.000234996194465	0.000371785024078	1.40296235501e-05	0	0	0.000238503600352	0.000589244189105	0.00295674316319	0.000413873894729	0.0112166840283	0	1.05222176626e-05	9.46999589634e-05	0.00309703939869	9.46999589634e-05	0.00111184766635	0	0	4.20888706504e-05	0.000375292429966	9.82073648509e-05	1.75370294377e-05	4.91036824254e-05	0	1.05222176626e-05	3.50740588753e-06	3.15666529878e-05	0.000333203559315	4.55962765379e-05	0.00168355482602	7.01481177506e-06	0	2.45518412127e-05	0	6.66407118631e-05	1.05222176626e-05	0.000385814647628	3.15666529878e-05	0	3.50740588753e-06	1.40296235501e-05	0.000115744394289	0.00127669574306	0.000203429541477	0.00116095134877	0	3.50740588753e-06	4.55962765379e-05	0.000368277618191	0.000154325859051	0.000480514606592	0	0	0.000168355482602	0.000294622094553	0.000399844271179	9.82073648509e-05	0.000168355482602	7.01481177506e-05	0.000557677536118	7.01481177506e-06	0	0.000280592471003	3.85814647628e-05	9.11925530758e-05	5.2611088313e-05	0.000108729582513	0	0
0.0016870622319	0	7.01481177506e-06	0	0.00338464668147	1.05222176626e-05	0.013440379361	0.0113534728579	0.00613796030318	0.000491036824254	0.059440007576	3.50740588753e-06	0.00746025232278	0	0.00511029037813	5.9625900088e-05	2.45518412127e-05	7.01481177506e-06	0	0	0.00778994847621	0.000175370294377	3.15666529878e-05	8.41777413008e-05	0.00276032843349	0	3.50740588753e-06	1.75370294377e-05	0.00670616005696	0.00032618874754	0.000655884900968	0	7.01481177506e-06	9.11925530758e-05	0.000210444353252	3.50740588753e-06	0	0	0	0.000263055441565	0	0	7.01481177506e-06	0	5.61184942005e-05	0.00119602540765	0	0.00337763186969	0	3.50740588753e-06	0	1.05222176626e-05	0	0	0	0.00217809905616	0	1.05222176626e-05	0	3.15666529878e-05	0	0	0	7.01481177506e-06	1.40296235501e-05	2.45518412127e-05	0	0	7.01481177506e-06	3.50740588753e-06	0.000280592471003	2.45518412127e-05	0.000249025818015	0.000105222176626	0.000638347871531	2.45518412127e-05	0	2.10444353252e-05	0	0	0	7.01481177506e-06	0	0
7.01481177506e-06	0.000154325859051	0.000238503600352	0	0	1.75370294377e-05	1.05222176626e-05	3.50740588753e-06	2.80592471003e-05	0	3.50740588753e-06	0.0269894883046	0	0.00606781218543	4.20888706504e-05	3.50740588753e-06	3.50740588753e-06	0.00127669574306	0.00228682863867	0.00805651132366	0	3.85814647628e-05	3.50740588753e-06	0.00022798138269	0	0.0015467659964	0.00679384520415	0.0013503512667	0	0.000115744394289	7.01481177506e-06	7.71629295257e-05	7.01481177506e-06	0	0.00752689303464	0	0.000150818453164	1.05222176626e-05	0	0	0	0	0	0	0	0	0.000217459165027	0	0.000519096071355	0	0	0	1.05222176626e-05	4.91036824254e-05	2.45518412127e-05	0	0	0	0	0	0.000887373689545	0.000315666529878	0.00031215912399	0	0	3.50740588753e-06	3.50740588753e-06	0	0	2.45518412127e-05	0.000280592471003	0.00281644692769	0.00410366488841	0.000333203559315	5.61184942005e-05	3.50740588753e-05	0.000859314442445	0	3.50740588753e-05	2.45518412127e-05	1.05222176626e-05	0	0	1.05222176626e-05
0.000136788829614	0	0	0	0.000954014401409	1.40296235501e-05	0.00783203734686	0.000922447748421	0.000929462560196	0.00372486505256	0.00746025232278	0	0.0285152098656	0	0.00051208125958	0.00120304021942	1.40296235501e-05	0	0	0	0.00512782740757	5.61184942005e-05	3.15666529878e-05	2.45518412127e-05	0.00316718751644	0	0	3.50740588753e-06	0.000761107077594	4.55962765379e-05	0.000140296235501	0	3.50740588753e-06	2.10444353252e-05	4.55962765379e-05	1.40296235501e-05	0	3.50740588753e-06	0	0.000347233182866	0	3.50740588753e-06	4.20888706504e-05	1.40296235501e-05	0.000161340670826	0.000112236988401	0	0.00171161407312	0	1.05222176626e-05	0	1.05222176626e-05	3.50740588753e-06	0	0	0.000150818453164	3.50740588753e-06	3.15666529878e-05	1.40296235501e-05	0.000171862888489	0	0	3.50740588753e-06	1.05222176626e-05	7.01481177506e-06	2.80592471003e-05	0	0	3.50740588753e-06	1.40296235501e-05	0.000105222176626	3.50740588753e-06	5.2611088313e-05	3.15666529878e-05	0.000333203559315	3.50740588753e-06	0	4.55962765379e-05	0	7.01481177506e-06	0	1.05222176626e-05	0	0
0	1.05222176626e-05	1.05222176626e-05	0	0	3.50740588753e-06	3.50740588753e-06	0	1.05222176626e-05	0	0	0.00606781218543	0	0.0130685943369	3.50740588753e-06	0	0	6.31333059756e-05	0.000192907323814	0.000480514606592	0	1.05222176626e-05	3.50740588753e-06	1.05222176626e-05	0	0.000740062642269	0.00407209823542	0.00197466951468	0	2.10444353252e-05	7.01481177506e-06	0.000277085065115	3.50740588753e-06	0	0.000855807036558	0	1.75370294377e-05	0	0	0	0	0	0	0	0	0	7.01481177506e-05	0	0.000876851471883	0	0	0	0	2.45518412127e-05	7.01481177506e-06	0	0	0	0	0	0.000315666529878	5.2611088313e-05	4.55962765379e-05	0	0	0	7.01481177506e-06	0	0	1.40296235501e-05	4.20888706504e-05	0.000946999589634	0.000883866283658	6.31333059756e-05	1.05222176626e-05	1.40296235501e-05	0.000466484983042	7.01481177506e-06	3.15666529878e-05	2.10444353252e-05	0	0	0	7.01481177506e-06
0.00547856799632	0	7.01481177506e-06	0	0.000171862888489	0.000813718165907	0.00514536443701	0.00555923833174	0.0179088144617	0.000171862888489	0.00511029037813	4.20888706504e-05	0.00051208125958	3.50740588753e-06	0.0357369585881	0.000491036824254	3.85814647628e-05	1.40296235501e-05	0	1.05222176626e-05	0.000399844271179	0.000112236988401	4.20888706504e-05	6.31333059756e-05	0.000740062642269	0	7.01481177506e-06	2.45518412127e-05	0.000764614483482	0.00641153796241	0.00061028862443	0	0.000978566242621	0.000157833264939	0.000890881095433	0	0	0	0	3.50740588753e-06	0	0	3.50740588753e-06	0	1.75370294377e-05	1.05222176626e-05	0	3.15666529878e-05	0	0	0	1.40296235501e-05	0	0	0	3.50740588753e-06	3.50740588753e-06	3.50740588753e-06	0	1.40296235501e-05	0	0	0	3.50740588753e-06	0	3.50740588753e-06	0	0	0	0	0.000536633100792	1.75370294377e-05	0.00103819214271	0.000266562847452	0.00246921374482	0.000522603477242	3.50740588753e-06	3.50740588753e-06	0	0	0	3.50740588753e-06	0	0
3.50740588753e-05	3.50740588753e-06	7.01481177506e-06	0	1.40296235501e-05	0.00153624377874	0.00316368011055	6.66407118631e-05	0.00078215151292	0.000234996194465	5.9625900088e-05	3.50740588753e-06	0.00120304021942	0	0.000491036824254	0.00683944148069	3.50740588753e-06	1.05222176626e-05	0	7.01481177506e-06	1.40296235501e-05	5.9625900088e-05	3.15666529878e-05	5.9625900088e-05	8.76851471883e-05	0	7.01481177506e-06	1.05222176626e-05	4.91036824254e-05	0.000252533223902	6.31333059756e-05	0	0.000171862888489	2.45518412127e-05	0.000249025818015	0	0	3.50740588753e-06	0	0	0	0	3.50740588753e-06	0	7.01481177506e-06	0	0	0	0	0	0	3.50740588753e-06	0	0	0	0	3.50740588753e-06	7.01481177506e-06	3.50740588753e-06	3.50740588753e-06	0	0	0	0	0	1.05222176626e-05	0	0	3.50740588753e-06	3.50740588753e-06	0.000522603477242	4.55962765379e-05	0.000305144312215	0.000126266611951	0.000968044024959	0.00027007025334	0	1.75370294377e-05	3.50740588753e-06	3.50740588753e-06	1.05222176626e-05	0	0	0
3.85814647628e-05	9.11925530758e-05	0.000168355482602	0	1.05222176626e-05	0	7.01481177506e-06	0.000403351677066	1.05222176626e-05	0.000371785024078	2.45518412127e-05	3.50740588753e-06	1.40296235501e-05	0	3.85814647628e-05	3.50740588753e-06	0.0164918224832	4.91036824254e-05	0	1.05222176626e-05	1.05222176626e-05	0.00436321292409	0.00260950998032	0.00689906738077	0.00592050113815	0	1.75370294377e-05	0.00186243252628	0.00313211345757	1.75370294377e-05	0.00131527720782	0	3.50740588753e-06	0.000101714770738	0.00100662548972	3.50740588753e-06	3.50740588753e-05	3.85814647628e-05	0	0	0	0	7.01481177506e-06	0	1.05222176626e-05	0	3.50740588753e-06	0	0	3.50740588753e-06	0	0.000477007200704	1.05222176626e-05	0	0	0	2.45518412127e-05	0.000168355482602	0.000199922135589	3.50740588753e-06	0	7.01481177506e-06	0.000508573853692	1.75370294377e-05	1.40296235501e-05	2.80592471003e-05	0	0	1.40296235501e-05	3.15666529878e-05	0.000736555236382	0.000448947953604	0.000438425735941	0.000199922135589	4.55962765379e-05	1.40296235501e-05	0	2.45518412127e-05	1.75370294377e-05	2.45518412127e-05	1.40296235501e-05	3.50740588753e-06	3.50740588753e-06	0
3.50740588753e-06	0.00079618113647	0.00710600432814	0	0	3.50740588753e-06	0	2.10444353252e-05	1.40296235501e-05	1.40296235501e-05	7.01481177506e-06	0.00127669574306	0	6.31333059756e-05	1.40296235501e-05	1.05222176626e-05	4.91036824254e-05	0.0258601036088	0.000101714770738	0.00660093788033	0	0.000617303436206	0.000157833264939	0.00859665183034	2.10444353252e-05	0.000175370294377	0.00780397809976	0.00256391370379	4.91036824254e-05	0.000238503600352	0.000157833264939	3.50740588753e-06	0	3.85814647628e-05	0.00799337801768	0	0.000750584859932	8.76851471883e-05	0	0	0	0	0	0	0	0	1.75370294377e-05	0	5.9625900088e-05	0	0	7.01481177506e-06	5.2611088313e-05	1.40296235501e-05	5.61184942005e-05	0	0	2.45518412127e-05	2.45518412127e-05	0	0.000266562847452	0.000301636906328	0.000371785024078	0	0	0	3.50740588753e-06	0	0	2.45518412127e-05	0.00128371055484	0.00160989930238	0.00340569111679	0.00078215151292	4.55962765379e-05	2.80592471003e-05	2.10444353252e-05	1.40296235501e-05	3.15666529878e-05	1.40296235501e-05	1.05222176626e-05	0	0	0
0	1.40296235501e-05	1.75370294377e-05	0	0	0	0	3.50740588753e-06	0	0	0	0.00228682863867	0	0.000192907323814	0	0	0	0.000101714770738	0.00372135764667	0.00207638428542	0	3.50740588753e-06	0	1.05222176626e-05	0	9.82073648509e-05	0.00153624377874	0.000157833264939	0	7.01481177506e-06	0	0	3.50740588753e-06	0	0.000364770212303	0	2.45518412127e-05	3.50740588753e-06	0	0	0	0	0	0	0	0	0	0	2.45518412127e-05	0	0	0	3.50740588753e-06	0	0	0	0	0	0	0	7.71629295257e-05	1.40296235501e-05	4.55962765379e-05	0	0	0	0	0	0	0	2.80592471003e-05	0.000140296235501	0.000206936947364	2.10444353252e-05	0	0	2.10444353252e-05	0	0	0	0	0	0	0
3.50740588753e-06	0.00029812950044	0.000764614483482	0	0	7.01481177506e-06	3.50740588753e-06	3.50740588753e-06	0	0	0	0.00805651132366	0	0.000480514606592	1.05222176626e-05	7.01481177506e-06	1.05222176626e-05	0.00660093788033	0.00207638428542	0.0190171547222	0	8.41777413008e-05	1.40296235501e-05	0.00103117733093	0	0.000410366488841	0.00583632339685	0.00122759206064	3.50740588753e-06	0.000252533223902	2.80592471003e-05	0	7.01481177506e-06	7.01481177506e-06	0.00569602716135	0	0.000280592471003	1.75370294377e-05	0	0	0	0	0	0	0	0	4.91036824254e-05	0	0.000161340670826	0	0	0	1.75370294377e-05	2.10444353252e-05	4.91036824254e-05	0	0	0	0	0	0.000459470171267	0.000266562847452	0.000277085065115	0	0	0	3.50740588753e-06	0	0	1.75370294377e-05	0.000396336865291	0.00103117733093	0.00255339148612	0.000385814647628	3.50740588753e-05	2.45518412127e-05	4.20888706504e-05	0	2.10444353252e-05	7.01481177506e-06	0	0	0	3.50740588753e-06
0.000168355482602	0	0	0	0.00528215326662	0	0.00109080323102	0.00117498097232	0.000343725776978	0.000238503600352	0.00778994847621	0	0.00512782740757	0	0.000399844271179	1.40296235501e-05	1.05222176626e-05	0	0	0	0.0178351589381	1.40296235501e-05	3.50740588753e-06	7.01481177506e-06	0.00130826239605	0	0	0	0.00208339909719	3.15666529878e-05	7.36555236382e-05	0	0	7.01481177506e-06	2.10444353252e-05	0	0	0	0	0.000578721971443	0	0	0	0	3.15666529878e-05	0.000140296235501	0	0.000585736783218	0	0	0	7.01481177506e-06	0	0	0	0.000438425735941	0	7.01481177506e-06	0	2.10444353252e-05	0	0	0	3.50740588753e-06	0	3.50740588753e-06	0	0	0	3.50740588753e-06	1.40296235501e-05	7.01481177506e-06	2.10444353252e-05	7.01481177506e-06	7.71629295257e-05	3.50740588753e-06	0	1.05222176626e-05	0	0	0	1.05222176626e-05	0	0
0.000206936947364	0.000171862888489	0.00108028101336	0	9.11925530758e-05	3.50740588753e-06	4.55962765379e-05	0.00279189508648	5.9625900088e-05	0.000589244189105	0.000175370294377	3.85814647628e-05	5.61184942005e-05	1.05222176626e-05	0.000112236988401	5.9625900088e-05	0.00436321292409	0.000617303436206	3.50740588753e-06	8.41777413008e-05	1.40296235501e-05	0.0454875469554	0.00194310286169	0.0232225343813	0.00265861366275	0	0.000157833264939	0.00167654001424	0.00637997130942	0.000220966570914	0.0181999291504	0	3.50740588753e-06	0.00200272876178	0.00886672208368	7.01481177506e-06	0.000136788829614	6.31333059756e-05	0	0	0	0	1.05222176626e-05	0	3.85814647628e-05	0	3.50740588753e-06	0	3.50740588753e-06	0	0	7.71629295257e-05	1.75370294377e-05	3.50740588753e-06	1.40296235501e-05	0	1.40296235501e-05	0.00025604062979	6.31333059756e-05	4.20888706504e-05	2.10444353252e-05	2.10444353252e-05	8.76851471883e-05	7.01481177506e-06	1.40296235501e-05	3.50740588753e-05	0	0	1.40296235501e-05	4.20888706504e-05	0.00364770212303	0.0015187067493	0.00279890989825	0.00100662548972	0.000413873894729	5.2611088313e-05	1.40296235501e-05	5.2611088313e-05	3.50740588753e-05	1.40296235501e-05	2.10444353252e-05	1.40296235501e-05	0	3.50740588753e-06
5.2611088313e-05	0.00108729582513	0.000547155318455	0	4.91036824254e-05	0	2.10444353252e-05	0.00055417013023	2.80592471003e-05	0.00295674316319	3.15666529878e-05	3.50740588753e-06	3.15666529878e-05	3.50740588753e-06	4.20888706504e-05	3.15666529878e-05	0.00260950998032	0.000157833264939	0	1.40296235501e-05	3.50740588753e-06	0.00194310286169	0.0174844183493	0.00333554299904	0.00256742110967	0	7.36555236382e-05	0.00375993911143	0.00126266611951	3.85814647628e-05	0.00117848837821	0	0	0.000101714770738	0.00123109946652	1.75370294377e-05	0.00110132544868	0.000494544230142	0	7.01481177506e-06	0	0	2.10444353252e-05	3.50740588753e-06	0.000196414729702	0	0	3.50740588753e-06	0	1.40296235501e-05	0	0.000634840465643	0.000161340670826	0	1.75370294377e-05	3.50740588753e-06	0.000189399917927	0.00333203559315	0.000606781218543	0.000147311047276	1.75370294377e-05	0.000115744394289	0.000876851471883	0.000119251800176	5.2611088313e-05	0.000178877700264	0	0	4.20888706504e-05	0.000168355482602	0.00104871436037	0.000606781218543	0.000697973771619	0.000234996194465	0.000150818453164	1.75370294377e-05	0	0.000164848076714	0.000161340670826	0.000122759206064	6.31333059756e-05	7.01481177506e-06	0	0
0.000115744394289	0.000855807036558	0.00761107077594	0	2.10444353252e-05	0	3.15666529878e-05	0.00123109946652	4.91036824254e-05	0.000413873894729	8.41777413008e-05	0.00022798138269	2.45518412127e-05	1.05222176626e-05	6.31333059756e-05	5.9625900088e-05	0.00689906738077	0.00859665183034	1.05222176626e-05	0.00103117733093	7.01481177506e-06	0.0232225343813	0.00333554299904	0.0558414091354	0.00227630642101	3.15666529878e-05	0.00150818453164	0.00710600432814	0.00294271353964	0.000213951759139	0.00553468649052	0	3.50740588753e-06	0.00051208125958	0.0118795837411	3.50740588753e-06	0.000613796030318	0.000147311047276	0	3.50740588753e-06	0	0	7.01481177506e-06	0	1.75370294377e-05	0	7.01481177506e-06	0	2.10444353252e-05	0	0	8.76851471883e-05	5.61184942005e-05	3.50740588753e-06	2.10444353252e-05	0	3.15666529878e-05	0.000371785024078	0.000101714770738	1.40296235501e-05	6.31333059756e-05	0.000129774017839	0.000329696153428	1.05222176626e-05	7.01481177506e-06	2.10444353252e-05	0	0	7.01481177506e-06	7.36555236382e-05	0.00480514606592	0.00281995433358	0.00472096832462	0.00156781043173	0.000347233182866	8.76851471883e-05	2.10444353252e-05	0.000101714770738	9.46999589634e-05	4.55962765379e-05	4.20888706504e-05	0	0	7.01481177506e-06
0.000676929336294	3.85814647628e-05	5.61184942005e-05	0	0.00708145248693	3.50740588753e-06	0.00051208125958	0.00937529593737	0.000515588665467	0.0112166840283	0.00276032843349	0	0.00316718751644	0	0.000740062642269	8.76851471883e-05	0.00592050113815	2.10444353252e-05	0	0	0.00130826239605	0.00265861366275	0.00256742110967	0.00227630642101	0.0459014208501	0	7.01481177506e-06	0.000168355482602	0.0206726503011	0.000220966570914	0.00347583923454	0	0	0.000157833264939	0.000883866283658	5.2611088313e-05	1.40296235501e-05	1.75370294377e-05	0	1.05222176626e-05	0	7.01481177506e-06	0.000213951759139	3.15666529878e-05	0.000901403313096	1.05222176626e-05	0	3.15666529878e-05	0	2.45518412127e-05	7.01481177506e-06	0.000238503600352	1.75370294377e-05	0	3.50740588753e-06	1.40296235501e-05	5.61184942005e-05	0.000676929336294	0.000129774017839	0.000845284818895	0	0	1.05222176626e-05	0.000210444353252	7.71629295257e-05	0.000350740588753	0	0	0.000101714770738	0.000210444353252	0.000817225571795	0.000273577659227	0.000420888706504	0.000196414729702	0.000652377495081	1.40296235501e-05	0	0.000213951759139	3.15666529878e-05	5.61184942005e-05	3.15666529878e-05	7.36555236382e-05	0	0
0	0.000392829459404	7.01481177506e-05	0	0	3.50740588753e-06	0	0	0	0	0	0.0015467659964	0	0.000740062642269	0	0	0	0.000175370294377	9.82073648509e-05	0.000410366488841	0	0	0	3.15666529878e-05	0	0.00755845968763	0.00128020314895	0.00128371055484	0	0	0	3.50740588753e-06	0	0	0.000322681341653	0	0.000213951759139	1.05222176626e-05	0	0	0	0	0	0	0	0	0.000571707159668	0	0.00176422516143	0	0	3.50740588753e-06	7.01481177506e-06	8.06703354132e-05	2.80592471003e-05	0	0	3.50740588753e-06	0	0	0.0024762285566	0.000491036824254	0.000494544230142	0	3.50740588753e-06	0	2.45518412127e-05	0	0	0.000175370294377	8.41777413008e-05	0.00133281423726	0.000263055441565	4.20888706504e-05	3.50740588753e-06	3.50740588753e-06	0.000445440547717	4.55962765379e-05	0.000164848076714	9.11925530758e-05	5.2611088313e-05	0	0	5.9625900088e-05
0	0.00116796616055	0.00626071950924	0	0	0	3.50740588753e-06	7.01481177506e-06	7.01481177506e-06	1.05222176626e-05	3.50740588753e-06	0.00679384520415	0	0.00407209823542	7.01481177506e-06	7.01481177506e-06	1.75370294377e-05	0.00780397809976	0.00153624377874	0.00583632339685	0	0.000157833264939	7.36555236382e-05	0.00150818453164	7.01481177506e-06	0.00128020314895	0.0432603442168	0.0133351571844	7.01481177506e-06	4.55962765379e-05	4.55962765379e-05	0.00024201100624	3.50740588753e-06	1.05222176626e-05	0.0039388168117	0	0.00120654762531	7.36555236382e-05	0	0	0	0	0	0	0	0	0.000136788829614	0	0.000354247994641	0	0	3.50740588753e-06	5.9625900088e-05	3.50740588753e-05	8.06703354132e-05	0	0	2.10444353252e-05	1.05222176626e-05	0	0.0011258772899	0.000655884900968	0.000827747789457	0	0	3.50740588753e-06	1.40296235501e-05	0	0	4.20888706504e-05	0.000571707159668	0.00230085826222	0.002307873074	0.000392829459404	2.45518412127e-05	1.05222176626e-05	7.71629295257e-05	2.80592471003e-05	8.06703354132e-05	4.55962765379e-05	2.80592471003e-05	0	3.50740588753e-06	3.50740588753e-06
2.10444353252e-05	0.0037985205762	0.00841777413008	0	3.50740588753e-06	0	1.05222176626e-05	0.000119251800176	3.50740588753e-06	9.46999589634e-05	1.75370294377e-05	0.0013503512667	3.50740588753e-06	0.00197466951468	2.45518412127e-05	1.05222176626e-05	0.00186243252628	0.00256391370379	0.000157833264939	0.00122759206064	0	0.00167654001424	0.00375993911143	0.00710600432814	0.000168355482602	0.00128371055484	0.0133351571844	0.0485495122952	0.000196414729702	4.91036824254e-05	0.000505066447805	2.10444353252e-05	0	4.55962765379e-05	0.00336710965203	0	0.00168355482602	0.000357755400528	0	0	0	3.50740588753e-06	7.01481177506e-06	0	3.50740588753e-06	0	3.85814647628e-05	0	8.41777413008e-05	0	0	0.000368277618191	0.000133281423726	3.50740588753e-06	5.61184942005e-05	0	6.31333059756e-05	0.000378799835853	0.000315666529878	1.40296235501e-05	0.000424396112391	0.000501559041917	0.00220265089737	7.01481177506e-06	7.01481177506e-06	2.10444353252e-05	3.50740588753e-06	0	7.01481177506e-06	8.41777413008e-05	0.0013784105138	0.00204481763243	0.00198168432646	0.000571707159668	6.66407118631e-05	1.05222176626e-05	7.01481177506e-06	7.01481177506e-05	0.000126266611951	8.41777413008e-05	4.55962765379e-05	3.50740588753e-06	7.01481177506e-06	3.50740588753e-06
0.000806703354132	2.80592471003e-05	0.000119251800176	0	0.00444037585361	3.50740588753e-06	0.000715510801056	0.0155202710523	0.000501559041917	0.00309703939869	0.00670616005696	0	0.000761107077594	0	0.000764614483482	4.91036824254e-05	0.00313211345757	4.91036824254e-05	0	3.50740588753e-06	0.00208339909719	0.00637997130942	0.00126266611951	0.00294271353964	0.0206726503011	0	7.01481177506e-06	0.000196414729702	0.0470553573871	0.000245518412127	0.00993648087938	0	0	0.000277085065115	0.00168355482602	1.75370294377e-05	2.45518412127e-05	2.45518412127e-05	0	4.20888706504e-05	0	7.01481177506e-06	3.15666529878e-05	1.40296235501e-05	0.000357755400528	1.05222176626e-05	3.50740588753e-06	3.50740588753e-05	3.50740588753e-06	1.75370294377e-05	3.50740588753e-06	0.000126266611951	1.05222176626e-05	0	0	3.15666529878e-05	4.55962765379e-05	0.000378799835853	6.66407118631e-05	0.00027007025334	3.50740588753e-06	0	2.10444353252e-05	7.71629295257e-05	3.15666529878e-05	0.000126266611951	0	0	4.55962765379e-05	0.000108729582513	0.00130826239605	0.000477007200704	0.000771629295257	0.000319173935765	0.000515588665467	1.40296235501e-05	0	0.000105222176626	2.80592471003e-05	1.05222176626e-05	1.75370294377e-05	2.80592471003e-05	0	0
0.00366523915247	7.01481177506e-06	1.75370294377e-05	0	2.45518412127e-05	0.000557677536118	0.00112236988401	0.001153936537	0.00180280662619	9.46999589634e-05	0.00032618874754	0.000115744394289	4.55962765379e-05	2.10444353252e-05	0.00641153796241	0.000252533223902	1.75370294377e-05	0.000238503600352	7.01481177506e-06	0.000252533223902	3.15666529878e-05	0.000220966570914	3.85814647628e-05	0.000213951759139	0.000220966570914	0	4.55962765379e-05	4.91036824254e-05	0.000245518412127	0.017775533038	0.00117147356644	0	0.000666407118631	0.00108378841925	0.00148363269043	0	3.50740588753e-06	0	0	0	0	0	3.50740588753e-06	0	7.01481177506e-06	0	0	0	0	0	0	1.40296235501e-05	0	0	0	0	0	1.40296235501e-05	0	0	0	0	7.01481177506e-06	3.50740588753e-06	0	3.50740588753e-06	0	0	0	0	0.000392829459404	3.85814647628e-05	0.00127318833717	0.000238503600352	0.00108729582513	0.000427903518279	7.01481177506e-06	3.50740588753e-06	0	0	0	0	0	0
0.00227630642101	7.36555236382e-05	0.000427903518279	0	0.000231488788577	1.05222176626e-05	0.000178877700264	0.0119216726117	0.000315666529878	0.00111184766635	0.000655884900968	7.01481177506e-06	0.000140296235501	7.01481177506e-06	0.00061028862443	6.31333059756e-05	0.00131527720782	0.000157833264939	0	2.80592471003e-05	7.36555236382e-05	0.0181999291504	0.00117848837821	0.00553468649052	0.00347583923454	0	4.55962765379e-05	0.000505066447805	0.00993648087938	0.00117147356644	0.0426114741276	0	0	0.00105572917215	0.00748480416399	1.05222176626e-05	4.55962765379e-05	3.50740588753e-05	0	3.50740588753e-06	3.50740588753e-06	1.05222176626e-05	1.40296235501e-05	3.50740588753e-06	9.11925530758e-05	0	0	7.01481177506e-06	0	7.01481177506e-06	0	9.82073648509e-05	3.50740588753e-06	0	0	0	3.15666529878e-05	0.000252533223902	5.61184942005e-05	8.76851471883e-05	7.01481177506e-06	7.01481177506e-06	3.85814647628e-05	2.80592471003e-05	1.40296235501e-05	4.55962765379e-05	0	0	7.01481177506e-06	3.50740588753e-05	0.00300584684561	0.000982073648509	0.00208690650308	0.000775136701144	0.000652377495081	6.31333059756e-05	3.50740588753e-06	9.46999589634e-05	3.15666529878e-05	2.80592471003e-05	3.85814647628e-05	7.01481177506e-06	0	3.50740588753e-06
0	0	0	0	0	0	0	0	0	0	0	7.71629295257e-05	0	0.000277085065115	0	0	0	3.50740588753e-06	0	0	0	0	0	0	0	3.50740588753e-06	0.00024201100624	2.10444353252e-05	0	0	0	0.000354247994641	0	0	3.50740588753e-06	0	0	0	0	0	0	0	0	0	0	0	0	0	0	0	0	0	0	0	0	0	0	0	0	0	0	0	0	0	0	0	0	0	0	0	0	1.05222176626e-05	1.05222176626e-05	0	0	0	3.50740588753e-06	0	0	0	0	0	0	0
3.50740588753e-06	0	3.50740588753e-06	0	0	0.00114692172522	0.000396336865291	7.01481177506e-06	0.000420888706504	0	7.01481177506e-06	7.01481177506e-06	3.50740588753e-06	3.50740588753e-06	0.000978566242621	0.000171862888489	3.50740588753e-06	0	3.50740588753e-06	7.01481177506e-06	0	3.50740588753e-06	0	3.50740588753e-06	0	0	3.50740588753e-06	0	0	0.000666407118631	0	0	0.00288308763955	0	0.000171862888489	0	0	0	0	0	0	0	0	0	0	0	0	0	0	0	0	0	0	0	0	0	0	0	0	0	0	0	0	0	0	0	0	0	0	0	1.40296235501e-05	0	4.91036824254e-05	7.01481177506e-06	0.000220966570914	0.000515588665467	0	0	0	0	0	0	0	0
0.000259548035677	1.40296235501e-05	4.20888706504e-05	0	3.50740588753e-06	7.01481177506e-06	4.91036824254e-05	0.000382307241741	4.91036824254e-05	4.20888706504e-05	9.11925530758e-05	0	2.10444353252e-05	0	0.000157833264939	2.45518412127e-05	0.000101714770738	3.85814647628e-05	0	7.01481177506e-06	7.01481177506e-06	0.00200272876178	0.000101714770738	0.00051208125958	0.000157833264939	0	1.05222176626e-05	4.55962765379e-05	0.000277085065115	0.00108378841925	0.00105572917215	0	0	0.0052330495842	0.00267965809807	0	1.05222176626e-05	3.50740588753e-06	0	0	0	0	0	0	0	0	0	0	0	0	0	7.01481177506e-06	0	0	0	0	0	7.01481177506e-06	3.50740588753e-06	7.01481177506e-06	0	0	3.50740588753e-06	3.50740588753e-06	0	3.50740588753e-06	0	0	0	0	0.000655884900968	0.000126266611951	0.000662899712743	0.000273577659227	0.000189399917927	7.01481177506e-06	0	1.05222176626e-05	3.50740588753e-06	0	0	3.50740588753e-06	0	0
0.000371785024078	0.00085229963067	0.00374590948788	0	5.2611088313e-05	0.000245518412127	0.000357755400528	0.00200623616767	0.000676929336294	0.000375292429966	0.000210444353252	0.00752689303464	4.55962765379e-05	0.000855807036558	0.000890881095433	0.000249025818015	0.00100662548972	0.00799337801768	0.000364770212303	0.00569602716135	2.10444353252e-05	0.00886672208368	0.00123109946652	0.0118795837411	0.000883866283658	0.000322681341653	0.0039388168117	0.00336710965203	0.00168355482602	0.00148363269043	0.00748480416399	3.50740588753e-06	0.000171862888489	0.00267965809807	0.0518043849588	0	0.000669914524519	0.000126266611951	0	3.50740588753e-06	0	0	3.50740588753e-06	0	1.75370294377e-05	0	3.50740588753e-05	0	0.000126266611951	0	0	5.9625900088e-05	4.55962765379e-05	2.80592471003e-05	3.15666529878e-05	3.50740588753e-06	2.45518412127e-05	0.000189399917927	7.01481177506e-05	2.45518412127e-05	0.00029812950044	0.000252533223902	0.000378799835853	1.05222176626e-05	0	1.75370294377e-05	0	0	3.50740588753e-06	6.31333059756e-05	0.00977514020855	0.0039668760588	0.0220370311914	0.00543998653156	0.00197817692057	0.000445440547717	0.000249025818015	0.000161340670826	8.06703354132e-05	8.76851471883e-05	9.46999589634e-05	3.50740588753e-06	3.50740588753e-06	1.05222176626e-05
0	3.50740588753e-06	3.50740588753e-06	0	7.01481177506e-06	0	0	7.01481177506e-06	0	9.82073648509e-05	3.50740588753e-06	0	1.40296235501e-05	0	0	0	3.50740588753e-06	0	0	0	0	7.01481177506e-06	1.75370294377e-05	3.50740588753e-06	5.2611088313e-05	0	0	0	1.75370294377e-05	0	1.05222176626e-05	0	0	0	0	0.0114516802228	7.01481177506e-06	5.61184942005e-05	0	0.000136788829614	3.50740588753e-06	0.00106625138981	0.00349688366987	0.00212548796784	0.000259548035677	0.000182385106152	0	0.000533125694905	0	0.00557677536118	0.000157833264939	0.000263055441565	7.01481177506e-05	0	7.01481177506e-06	0.00022798138269	0.00031215912399	0.000294622094553	0.000515588665467	0.00118901059587	0	2.45518412127e-05	2.10444353252e-05	0.000571707159668	0.00676929336294	0.00362665768771	0	1.40296235501e-05	0.00205183244421	0.00253936186257	3.50740588753e-06	7.01481177506e-06	0	0	1.05222176626e-05	0	0	0.000392829459404	9.82073648509e-05	0.000817225571795	0.000203429541477	0.000333203559315	5.2611088313e-05	7.01481177506e-06
0	0.00262353960387	0.00110483285457	0	0	0	0	2.10444353252e-05	0	1.75370294377e-05	0	0.000150818453164	0	1.75370294377e-05	0	0	3.50740588753e-05	0.000750584859932	2.45518412127e-05	0.000280592471003	0	0.000136788829614	0.00110132544868	0.000613796030318	1.40296235501e-05	0.000213951759139	0.00120654762531	0.00168355482602	2.45518412127e-05	3.50740588753e-06	4.55962765379e-05	0	0	1.05222176626e-05	0.000669914524519	7.01481177506e-06	0.024355426483	0.00324084304008	0	0	0	3.50740588753e-06	1.75370294377e-05	0	3.85814647628e-05	0	0.000277085065115	0	0.000406859082954	7.01481177506e-06	0	0.000375292429966	0.00164497336125	0.000126266611951	0.000992595866171	0	0.000199922135589	0.00327591709895	0.00110132544868	3.85814647628e-05	0.00307248755748	0.00612743808552	0.0154957192111	3.15666529878e-05	5.61184942005e-05	0.000133281423726	1.75370294377e-05	0	2.80592471003e-05	0.000747077454044	0.00024201100624	0.00191855102048	0.000399844271179	0.000112236988401	7.01481177506e-06	0	1.05222176626e-05	0.000585736783218	0.00162042152004	0.000883866283658	0.000473499794817	1.40296235501e-05	1.75370294377e-05	3.15666529878e-05
0	0.000343725776978	0.000133281423726	0	3.50740588753e-06	0	0	1.05222176626e-05	0	4.91036824254e-05	0	1.05222176626e-05	3.50740588753e-06	0	0	3.50740588753e-06	3.85814647628e-05	8.76851471883e-05	3.50740588753e-06	1.75370294377e-05	0	6.31333059756e-05	0.000494544230142	0.000147311047276	1.75370294377e-05	1.05222176626e-05	7.36555236382e-05	0.000357755400528	2.45518412127e-05	0	3.50740588753e-05	0	0	3.50740588753e-06	0.000126266611951	5.61184942005e-05	0.00324084304008	0.0335483373142	0	0	7.01481177506e-06	1.75370294377e-05	0.000192907323814	1.75370294377e-05	8.76851471883e-05	7.01481177506e-06	5.9625900088e-05	2.10444353252e-05	3.15666529878e-05	5.61184942005e-05	3.50740588753e-06	0.00166952520247	0.0086352332951	1.40296235501e-05	0.00137490310791	0	0.00215705462083	0.00246219893305	0.013689405179	0.000168355482602	9.46999589634e-05	0.00773382998201	0.0170740518605	0.000192907323814	0.00022798138269	0.00131527720782	0	3.50740588753e-06	0.000192907323814	0.00239555822118	0.000115744394289	0.000266562847452	7.71629295257e-05	3.15666529878e-05	7.01481177506e-06	0	0	0.00258145073322	0.00388620572338	0.00280943211591	0.00179579181442	8.76851471883e-05	9.82073648509e-05	5.9625900088e-05
0	0	0	0	0	0	0	0	0	0	0	0	0	0	0	0	0	0	0	0	0	0	0	0	0	0	0	0	0	0	0	0	0	0	0	0	0	0	0	0	0	0	0	0	0	0	0	0	0	0	0	0	0	0	0	0	0	0	0	0	0	0	0	0	0	0	0	0	0	0	0	0	0	0	0	0	0	0	0	0	0	0	0	0
3.50740588753e-06	0	0	0	0.000301636906328	0	7.01481177506e-06	1.40296235501e-05	3.50740588753e-06	1.05222176626e-05	0.000263055441565	0	0.000347233182866	0	3.50740588753e-06	0	0	0	0	0	0.000578721971443	0	7.01481177506e-06	3.50740588753e-06	1.05222176626e-05	0	0	0	4.20888706504e-05	0	3.50740588753e-06	0	0	0	3.50740588753e-06	0.000136788829614	0	0	0	0.0133562016197	0	0.000708495989281	0.000578721971443	0.000164848076714	0.000420888706504	0.000936477371971	0	0.00360210584649	0	0.000154325859051	5.2611088313e-05	1.05222176626e-05	0	0	0	0.00485775715423	0	1.05222176626e-05	1.05222176626e-05	0.00809860019431	0	0	3.50740588753e-06	0.00368979099368	0.000175370294377	7.01481177506e-05	0	0	5.2611088313e-05	0.000126266611951	0	0	0	0	3.50740588753e-06	0	0	2.45518412127e-05	3.50740588753e-06	3.85814647628e-05	3.50740588753e-06	0.000101714770738	3.50740588753e-06	0
0	0	0	0	0	0	0	0	0	3.50740588753e-06	0	0	0	0	0	0	0	0	0	0	0	0	0	0	0	0	0	0	0	0	3.50740588753e-06	0	0	0	0	3.50740588753e-06	0	7.01481177506e-06	0	0	0.00418784262971	0.00114692172522	0	0.001715121479	7.01481177506e-06	0	3.50740588753e-06	7.01481177506e-06	0	0.000687451553956	0.000448947953604	0	3.50740588753e-06	0	0	0	3.50740588753e-06	7.01481177506e-06	1.05222176626e-05	0	0	3.50740588753e-06	3.50740588753e-06	0	0.000613796030318	1.40296235501e-05	0	0.000978566242621	1.05222176626e-05	0.00029812950044	0	0	0	0	0	0	0	1.40296235501e-05	1.40296235501e-05	9.11925530758e-05	3.15666529878e-05	0.00144505122566	0.000690958959844	3.50740588753e-06
0	0	0	0	3.50740588753e-06	0	0	7.01481177506e-06	0	3.15666529878e-05	0	0	3.50740588753e-06	0	0	0	0	0	0	0	0	0	0	0	7.01481177506e-06	0	0	3.50740588753e-06	7.01481177506e-06	0	1.05222176626e-05	0	0	0	0	0.00106625138981	3.50740588753e-06	1.75370294377e-05	0	0.000708495989281	0.00114692172522	0.0300058573678	0.00179228440853	0.00972603652612	0.000382307241741	0.0038826983175	1.75370294377e-05	0.00833359638877	3.50740588753e-06	0.00331099115783	0.00386866869395	4.91036824254e-05	2.45518412127e-05	0	3.50740588753e-06	0.00347934664043	3.85814647628e-05	6.31333059756e-05	0.000108729582513	0.00227630642101	3.50740588753e-06	1.05222176626e-05	1.75370294377e-05	0.00102416251916	0.00279890989825	0.00052611088313	0	0.000743570048157	0.000427903518279	0.00153975118463	0	0	0	0	0	0	0	0.000189399917927	5.2611088313e-05	0.000603273812655	0.000150818453164	0.00274279140405	0.000357755400528	3.50740588753e-06
