0.0127451116543	0	2.43028552383e-05	0	9.72114209532e-05	1.73591823131e-05	0.000579796689257	0.00511054327297	0.00165606599267	0.000156232640818	0.00110057215865	0	0.000142345294967	1.38873458505e-05	0.00381554827241	4.86057104766e-05	2.43028552383e-05	1.73591823131e-05	0	3.47183646262e-06	0.00014581713143	0.000184007332519	2.77746917009e-05	0.000104155093878	0.000496472614154	0	3.47183646262e-06	1.38873458505e-05	0.000552021997556	0.00368361848683	0.00140609376736	0	3.47183646262e-06	0.000315937118098	0.000368014665037	0	6.94367292523e-06	0	0	3.47183646262e-06	0	0	3.47183646262e-06	0	1.04155093878e-05	0	0	0	0	0	0	0	0	0	0	0	3.47183646262e-06	1.73591823131e-05	3.47183646262e-06	6.94367292523e-06	0	3.47183646262e-06	0	3.47183646262e-06	0	6.94367292523e-06	0	0	0	3.47183646262e-06	0.000402733029663	3.81902010888e-05	0.000277746917009	0.000114570603266	0.000583268525719	2.43028552383e-05	0	0	0	0	0	0	0	0
0	0.0103252416398	0.00160746028219	0	0	0	0	3.12465281635e-05	0	6.24930563271e-05	0	0.000170119986668	0	3.47183646262e-05	0	0	0.000208310187757	0.000899205643817	2.77746917009e-05	0.000312465281635	0	0.00023955671592	0.00168036884791	0.000864487279191	3.12465281635e-05	0.000545078324631	0.00113876235974	0.00444047883568	3.47183646262e-05	1.04155093878e-05	9.72114209532e-05	0	0	6.94367292523e-06	0.000861015442729	0	0.002971892012	0.000479113431841	0	0	0	0	3.47183646262e-06	0	3.47183646262e-06	0	4.16620375514e-05	0	6.59648927897e-05	0	0	5.20775469392e-05	0.000236084879458	1.04155093878e-05	9.72114209532e-05	0	2.43028552383e-05	0.000350655482724	0.000128457949117	6.94367292523e-06	0.000558965670481	0.000635346072659	0.00153455171648	6.94367292523e-06	3.47183646262e-06	6.94367292523e-06	3.47183646262e-06	0	3.47183646262e-06	7.29085657149e-05	0.000308993445173	0.00105196644817	0.000427035884902	0.000124986112654	3.47183646262e-06	0	0	6.94367292523e-05	0.000173591823131	0.000114570603266	5.20775469392e-05	3.47183646262e-06	3.47183646262e-06	1.04155093878e-05
2.43028552383e-05	0.00160746028219	0.0286738973447	0	0	0	6.94367292523e-06	0.000100683257416	1.73591823131e-05	1.38873458505e-05	1.04155093878e-05	0.000288162426397	3.47183646262e-06	4.86057104766e-05	1.73591823131e-05	1.04155093878e-05	0.000170119986668	0.00829768914565	2.08310187757e-05	0.000867959115654	0	0.00135748805688	0.000614515053883	0.00823866792579	6.94367292523e-05	8.67959115654e-05	0.00669022886346	0.00888095767137	0.000135401622042	3.81902010888e-05	0.000468697922453	0	0	5.90212198645e-05	0.00437798577936	0	0.00117348072436	0.000177063659593	0	0	0	0	3.47183646262e-06	0	0	0	6.94367292523e-06	0	1.38873458505e-05	0	0	1.38873458505e-05	6.94367292523e-05	6.94367292523e-06	3.81902010888e-05	0	1.38873458505e-05	0.000107626930341	5.90212198645e-05	0	0.000170119986668	0.000308993445173	0.000614515053883	3.47183646262e-06	0	0	0	0	3.47183646262e-06	3.47183646262e-05	0.0014026219309	0.00244417286968	0.00207963004111	0.000604099544495	4.5133874014e-05	2.43028552383e-05	6.94367292523e-06	3.81902010888e-05	9.0267748028e-05	5.90212198645e-05	2.08310187757e-05	0	0	0
0	0	0	0	0	0	0	0	0	0	0	0	0	0	0	0	0	0	0	0	0	0	0	0	0	0	0	0	0	0	0	0	0	0	0	0	0	0	0	0	0	0	0	0	0	0	0	0	0	0	0	0	0	0	0	0	0	0	0	0	0	0	0	0	0	0	0	0	0	0	0	0	0	0	0	0	0	0	0	0	0	0	0	0
9.72114209532e-05	0	0	0	0.0148073825131	3.47183646262e-06	0.000302049772248	0.00194770025553	0.000149288967892	0.000826297078102	0.00397872458616	0	0.00107626930341	0	0.000128457949117	2.08310187757e-05	4.86057104766e-05	0	0	0	0.00570422730808	7.29085657149e-05	5.55493834018e-05	3.81902010888e-05	0.00752346961449	0	0	3.47183646262e-06	0.00456546494834	4.5133874014e-05	0.000201366514832	0	0	2.77746917009e-05	4.16620375514e-05	3.47183646262e-06	0	0	0	0.00112140317742	0	0	3.47183646262e-06	0	7.98522386402e-05	4.86057104766e-05	0	2.08310187757e-05	0	0	0	1.04155093878e-05	0	0	0	0.000447866903677	3.47183646262e-06	3.81902010888e-05	6.94367292523e-06	0.000173591823131	0	0	0	1.04155093878e-05	3.47183646262e-06	2.08310187757e-05	0	0	0	1.04155093878e-05	7.29085657149e-05	1.04155093878e-05	3.12465281635e-05	1.73591823131e-05	8.67959115654e-05	0	0	2.43028552383e-05	0	3.47183646262e-06	3.47183646262e-06	6.94367292523e-06	0	0
1.73591823131e-05	0	0	0	3.47183646262e-06	0.00549591712032	0.00146164315076	1.38873458505e-05	0.00104849461171	0	1.73591823131e-05	6.94367292523e-06	3.47183646262e-06	1.38873458505e-05	0.000923508499056	0.00134707254749	3.47183646262e-06	3.47183646262e-06	0	0	6.94367292523e-06	6.94367292523e-06	0	1.04155093878e-05	3.47183646262e-06	3.47183646262e-06	0	0	0	0.000496472614154	6.94367292523e-06	0	0.000548550161093	0	0.000458282413065	0	0	0	0	0	0	0	0	0	0	0	0	0	0	0	0	0	0	0	0	0	0	0	0	0	3.47183646262e-06	0	0	0	0	0	0	0	0	3.47183646262e-06	2.08310187757e-05	0	0.00015970447728	5.20775469392e-05	0.00110751583157	0.000954755027219	0	0	0	0	0	0	0	0
0.000579796689257	0	6.94367292523e-06	0	0.000302049772248	0.00146164315076	0.0330727141429	0.00235737695812	0.0117209198978	0.000204838351294	0.0135505777136	2.08310187757e-05	0.00741237084768	3.12465281635e-05	0.00452380291079	0.00304132874125	3.47183646262e-06	6.94367292523e-06	3.47183646262e-06	3.47183646262e-06	0.00121167092545	3.81902010888e-05	1.04155093878e-05	2.08310187757e-05	0.000538134651705	0	3.47183646262e-06	0	0.000701310965448	0.000850599933341	0.00015970447728	0	0.000229141206533	2.77746917009e-05	0.000430507721364	0	0	0	0	2.43028552383e-05	0	0	3.47183646262e-06	0	3.47183646262e-06	2.08310187757e-05	0	0.000295106099322	0	0	0	0	0	0	0	0.000149288967892	0	0	0	1.38873458505e-05	0	0	0	6.94367292523e-06	0	3.47183646262e-06	0	0	0	0	0.000249972225308	2.08310187757e-05	0.000409676702589	0.00015970447728	0.00195811576492	0.00022566937007	0	6.94367292523e-06	3.47183646262e-06	3.47183646262e-06	0	0	0	0
0.00511054327297	3.12465281635e-05	0.000100683257416	0	0.00194770025553	1.38873458505e-05	0.00235737695812	0.0478141317631	0.00282260304411	0.00260387734696	0.0109085101655	6.94367292523e-06	0.000975586045995	1.38873458505e-05	0.00458629596711	0.000142345294967	0.000607571380958	5.20775469392e-05	3.47183646262e-06	3.47183646262e-06	0.00126722030885	0.0029996667037	0.000527719142318	0.00119083990668	0.00970725474947	0	2.77746917009e-05	0.000107626930341	0.0153767636929	0.0013748472392	0.0122208643484	0	0	0.000423564048439	0.00207963004111	2.08310187757e-05	1.04155093878e-05	3.47183646262e-06	0	2.77746917009e-05	0	3.47183646262e-06	8.33240751028e-05	1.38873458505e-05	0.000357599155649	1.38873458505e-05	0	2.43028552383e-05	0	2.08310187757e-05	0	8.67959115654e-05	6.94367292523e-06	0	0	4.16620375514e-05	1.73591823131e-05	0.000277746917009	3.81902010888e-05	0.000288162426397	0	0	2.08310187757e-05	8.33240751028e-05	4.5133874014e-05	0.000124986112654	0	0	3.47183646262e-05	9.37395844906e-05	0.00160398844573	0.000260387734696	0.000972114209532	0.000402733029663	0.00113181868681	2.43028552383e-05	0	7.29085657149e-05	1.38873458505e-05	5.20775469392e-05	2.08310187757e-05	3.47183646262e-06	0	0
0.00165606599267	0	1.73591823131e-05	0	0.000149288967892	0.00104849461171	0.0117209198978	0.00282260304411	0.0343329907788	0.000111098766804	0.00621805910454	4.16620375514e-05	0.000996417064771	6.94367292523e-05	0.0175119431174	0.000986001555383	1.73591823131e-05	1.04155093878e-05	3.47183646262e-06	1.04155093878e-05	0.000416620375514	7.63804021775e-05	2.08310187757e-05	4.5133874014e-05	0.000454810576603	0	1.38873458505e-05	1.73591823131e-05	0.000499944450617	0.00193728474614	0.000319408954561	3.47183646262e-06	0.000472169758916	5.90212198645e-05	0.000926980335518	0	0	0	0	0	0	0	0	0	1.04155093878e-05	1.04155093878e-05	0	4.86057104766e-05	0	0	0	3.47183646262e-06	0	0	0	4.86057104766e-05	0	1.73591823131e-05	0	6.94367292523e-06	0	0	0	3.47183646262e-06	0	3.47183646262e-06	0	0	0	0	0.000482585268304	2.43028552383e-05	0.000947811354294	0.000336768136874	0.00280871569826	0.000340239973336	0	6.94367292523e-06	3.47183646262e-06	3.47183646262e-06	0	0	0	0
0.000156232640818	6.24930563271e-05	1.38873458505e-05	0	0.000826297078102	0	0.000204838351294	0.00260387734696	0.000111098766804	0.0179112043106	0.000468697922453	0	0.00346489278969	0	0.00015970447728	0.000458282413065	0.000503416287079	1.04155093878e-05	0	0	0.000187479168981	0.000652705254972	0.00349961115432	0.00045133874014	0.0111688979002	0	0	0.000107626930341	0.00337462504166	6.24930563271e-05	0.00114917786913	0	0	5.20775469392e-05	0.000333296300411	7.29085657149e-05	6.94367292523e-06	4.5133874014e-05	0	2.43028552383e-05	0	1.38873458505e-05	0.000312465281635	3.12465281635e-05	0.00153455171648	1.04155093878e-05	0	2.08310187757e-05	0	5.90212198645e-05	1.04155093878e-05	0.000461754249528	1.73591823131e-05	0	6.94367292523e-06	2.43028552383e-05	0.000166648150206	0.00131929785579	0.000253444061771	0.0011422341962	0	6.94367292523e-06	6.59648927897e-05	0.000409676702589	0.000166648150206	0.000461754249528	0	0	0.000100683257416	0.000281218753472	0.000510359960004	9.0267748028e-05	0.000131929785579	7.63804021775e-05	0.000534662815243	3.47183646262e-06	0	0.000284690589934	4.16620375514e-05	0.000107626930341	3.47183646262e-05	9.72114209532e-05	3.47183646262e-06	0
0.00110057215865	0	1.04155093878e-05	0	0.00397872458616	1.73591823131e-05	0.0135505777136	0.0109085101655	0.00621805910454	0.000468697922453	0.059340628819	3.47183646262e-06	0.00750611043217	3.47183646262e-06	0.00400997111432	6.24930563271e-05	2.77746917009e-05	3.47183646262e-06	3.47183646262e-06	0	0.00742973003	0.00015970447728	3.12465281635e-05	7.98522386402e-05	0.00288509610043	0	0	3.47183646262e-06	0.00634651705366	0.000315937118098	0.000583268525719	0	0	6.24930563271e-05	0.000277746917009	0	0	0	0	0.000781163204088	0	3.47183646262e-06	1.73591823131e-05	0	5.20775469392e-05	0.000656177091434	0	0.00300313854016	0	3.47183646262e-06	0	0	0	0	0	0.00338156871459	6.94367292523e-06	1.38873458505e-05	6.94367292523e-06	3.12465281635e-05	0	0	0	1.38873458505e-05	3.47183646262e-06	1.38873458505e-05	0	0	3.47183646262e-06	1.04155093878e-05	0.000354127319187	3.12465281635e-05	0.000218725697145	0.00014581713143	0.000788106877014	1.73591823131e-05	0	1.73591823131e-05	3.47183646262e-06	1.04155093878e-05	0	3.47183646262e-06	0	0
0	0.000170119986668	0.000288162426397	0	0	6.94367292523e-06	2.08310187757e-05	6.94367292523e-06	4.16620375514e-05	0	3.47183646262e-06	0.027632346406	3.47183646262e-06	0.00653052438618	3.81902010888e-05	6.94367292523e-06	0	0.00149983335185	0.0025170814354	0.00794703366293	0	3.12465281635e-05	1.38873458505e-05	0.000260387734696	0	0.0015692700811	0.0075130541051	0.00134012887457	0	0.000121514276192	1.04155093878e-05	9.37395844906e-05	0	3.47183646262e-06	0.00826297078102	0	0.000190951005444	1.38873458505e-05	0	0	0	0	0	0	0	0	0.000236084879458	0	0.000461754249528	0	0	0	2.08310187757e-05	4.86057104766e-05	5.20775469392e-05	0	0	0	3.47183646262e-06	0	0.000861015442729	0.000302049772248	0.000298577935785	0	0	0	1.73591823131e-05	0	0	3.12465281635e-05	0.000388845683813	0.00249972225308	0.0045411620931	0.000472169758916	6.24930563271e-05	4.86057104766e-05	0.000433979557827	3.47183646262e-06	4.5133874014e-05	3.12465281635e-05	1.04155093878e-05	0	0	1.04155093878e-05
0.000142345294967	0	3.47183646262e-06	0	0.00107626930341	3.47183646262e-06	0.00741237084768	0.000975586045995	0.000996417064771	0.00346489278969	0.00750611043217	3.47183646262e-06	0.0270456060438	0	0.000499944450617	0.00107279746695	2.08310187757e-05	3.47183646262e-06	0	3.47183646262e-06	0.0048570992112	2.77746917009e-05	4.5133874014e-05	1.73591823131e-05	0.00303091323186	0	0	3.47183646262e-06	0.000628402399733	5.20775469392e-05	0.000104155093878	0	0	1.04155093878e-05	9.0267748028e-05	6.94367292523e-06	0	0	0	0.000583268525719	0	3.47183646262e-06	3.47183646262e-05	3.47183646262e-06	0.000104155093878	3.47183646262e-05	0	0.00189909454505	0	1.38873458505e-05	0	2.08310187757e-05	0	0	0	0.000472169758916	1.38873458505e-05	1.38873458505e-05	1.04155093878e-05	0.000131929785579	0	0	0	3.12465281635e-05	1.73591823131e-05	3.47183646262e-05	0	0	1.04155093878e-05	1.73591823131e-05	0.00014581713143	1.04155093878e-05	8.33240751028e-05	2.77746917009e-05	0.000319408954561	3.47183646262e-06	0	5.20775469392e-05	0	0	0	2.08310187757e-05	0	0
1.38873458505e-05	3.47183646262e-05	4.86057104766e-05	0	0	1.38873458505e-05	3.12465281635e-05	1.38873458505e-05	6.94367292523e-05	0	3.47183646262e-06	0.00653052438618	0	0.0161613987335	0.000128457949117	6.94367292523e-06	3.47183646262e-06	0.00015970447728	0.000312465281635	0.000590212198645	0	1.38873458505e-05	3.47183646262e-06	4.16620375514e-05	3.47183646262e-06	0.00126027663593	0.00515220531052	0.00235390512165	1.38873458505e-05	0.000177063659593	1.04155093878e-05	0.000447866903677	6.94367292523e-06	3.47183646262e-06	0.00189909454505	0	4.86057104766e-05	0	0	0	0	0	0	0	0	0	0.000194422841906	0	0.000847128096878	0	0	0	3.47183646262e-06	1.38873458505e-05	1.73591823131e-05	0	0	0	0	0	0.000545078324631	0.000170119986668	0.000142345294967	0	0	0	1.04155093878e-05	0	0	2.08310187757e-05	0.000121514276192	0.00121514276192	0.00175327741362	0.000190951005444	0.00014581713143	5.20775469392e-05	0.00061104321742	6.94367292523e-06	5.20775469392e-05	1.73591823131e-05	6.94367292523e-06	0	0	4.16620375514e-05
0.00381554827241	0	1.73591823131e-05	0	0.000128457949117	0.000923508499056	0.00452380291079	0.00458629596711	0.0175119431174	0.00015970447728	0.00400997111432	3.81902010888e-05	0.000499944450617	0.000128457949117	0.032413065215	0.00061104321742	2.08310187757e-05	2.08310187757e-05	0	1.04155093878e-05	0.000336768136874	0.000128457949117	3.47183646262e-05	9.72114209532e-05	0.000552021997556	0	1.73591823131e-05	2.08310187757e-05	0.000562437506944	0.00592295300522	0.000510359960004	3.47183646262e-06	0.000812409732252	0.000187479168981	0.00124986112654	0	0	0	0	0	0	0	0	0	1.38873458505e-05	0	0	1.38873458505e-05	0	0	0	3.47183646262e-06	0	0	0	1.73591823131e-05	0	2.43028552383e-05	0	1.73591823131e-05	0	0	0	3.47183646262e-06	6.94367292523e-06	1.04155093878e-05	0	0	3.47183646262e-06	3.47183646262e-06	0.000576324852794	4.16620375514e-05	0.00122903010777	0.000423564048439	0.00274275080547	0.000479113431841	0	3.47183646262e-06	0	0	0	0	0	0
4.86057104766e-05	0	1.04155093878e-05	0	2.08310187757e-05	0.00134707254749	0.00304132874125	0.000142345294967	0.000986001555383	0.000458282413065	6.24930563271e-05	6.94367292523e-06	0.00107279746695	6.94367292523e-06	0.00061104321742	0.00795744917231	4.16620375514e-05	6.94367292523e-06	3.47183646262e-06	0	2.43028552383e-05	6.94367292523e-05	1.38873458505e-05	9.37395844906e-05	7.29085657149e-05	0	6.94367292523e-06	1.73591823131e-05	7.29085657149e-05	0.000222197533607	9.72114209532e-05	0	9.37395844906e-05	2.43028552383e-05	0.000374958337962	0	0	6.94367292523e-06	0	0	0	3.47183646262e-06	3.47183646262e-06	0	3.47183646262e-06	0	0	0	3.47183646262e-06	0	0	0	3.47183646262e-06	0	0	3.47183646262e-06	0	6.94367292523e-06	3.47183646262e-06	3.47183646262e-06	0	3.47183646262e-06	6.94367292523e-06	0	3.47183646262e-06	1.04155093878e-05	0	0	0	1.38873458505e-05	0.00108321297634	5.55493834018e-05	0.000308993445173	0.000173591823131	0.00172550272192	0.00021178202422	0	2.43028552383e-05	1.73591823131e-05	1.04155093878e-05	2.43028552383e-05	0	0	3.47183646262e-06
2.43028552383e-05	0.000208310187757	0.000170119986668	0	4.86057104766e-05	3.47183646262e-06	3.47183646262e-06	0.000607571380958	1.73591823131e-05	0.000503416287079	2.77746917009e-05	0	2.08310187757e-05	3.47183646262e-06	2.08310187757e-05	4.16620375514e-05	0.0181681202089	4.86057104766e-05	0	3.47183646262e-06	1.38873458505e-05	0.00483279635596	0.00357599155649	0.00723877902455	0.0066312076436	3.47183646262e-06	1.38873458505e-05	0.00234696144873	0.00372180868792	3.47183646262e-05	0.00134012887457	0	0	0.000138873458505	0.00128805132763	0	6.59648927897e-05	6.59648927897e-05	0	0	0	3.47183646262e-06	1.73591823131e-05	3.47183646262e-06	4.16620375514e-05	0	0	0	3.47183646262e-06	0	0	0.000604099544495	3.12465281635e-05	0	3.47183646262e-06	0	4.16620375514e-05	0.000236084879458	0.000222197533607	2.77746917009e-05	0	6.94367292523e-06	0.000569381179869	2.43028552383e-05	3.47183646262e-06	3.47183646262e-05	0	0	1.04155093878e-05	2.08310187757e-05	0.00106238195756	0.000458282413065	0.00061104321742	0.000288162426397	0.000104155093878	1.04155093878e-05	0	4.5133874014e-05	3.47183646262e-05	2.08310187757e-05	1.73591823131e-05	0	0	0
1.73591823131e-05	0.000899205643817	0.00829768914565	0	0	3.47183646262e-06	6.94367292523e-06	5.20775469392e-05	1.04155093878e-05	1.04155093878e-05	3.47183646262e-06	0.00149983335185	3.47183646262e-06	0.00015970447728	2.08310187757e-05	6.94367292523e-06	4.86057104766e-05	0.0262401399844	0.00014581713143	0.00622500277747	0	0.000857543606266	0.000170119986668	0.00803382957449	1.73591823131e-05	0.000246500388846	0.00812756915898	0.00284690589934	4.86057104766e-05	0.000197894678369	0.000236084879458	0	0	2.77746917009e-05	0.00826991445395	0	0.000694367292523	6.94367292523e-05	0	0	0	0	3.47183646262e-06	0	0	0	1.38873458505e-05	0	5.20775469392e-05	0	0	6.94367292523e-06	2.77746917009e-05	1.04155093878e-05	4.5133874014e-05	0	0	1.73591823131e-05	1.38873458505e-05	0	0.000256915898234	0.000284690589934	0.000395789356738	3.47183646262e-06	0	0	0	0	0	2.43028552383e-05	0.00121514276192	0.0016525941562	0.00318714587268	0.000878374625042	4.5133874014e-05	3.12465281635e-05	1.04155093878e-05	1.73591823131e-05	2.77746917009e-05	3.12465281635e-05	2.43028552383e-05	0	0	0
0	2.77746917009e-05	2.08310187757e-05	0	0	0	3.47183646262e-06	3.47183646262e-06	3.47183646262e-06	0	3.47183646262e-06	0.0025170814354	0	0.000312465281635	0	3.47183646262e-06	0	0.00014581713143	0.0041141262082	0.00198241862015	0	0	0	2.43028552383e-05	0	8.33240751028e-05	0.00191645372736	0.000180535496056	0	1.04155093878e-05	0	3.47183646262e-06	0	0	0.000527719142318	0	3.12465281635e-05	6.94367292523e-06	0	0	0	0	0	0	0	0	6.94367292523e-06	0	2.08310187757e-05	0	0	0	6.94367292523e-06	1.04155093878e-05	3.47183646262e-06	0	0	0	0	0	5.55493834018e-05	2.77746917009e-05	1.38873458505e-05	0	0	0	0	0	0	0	2.77746917009e-05	0.000128457949117	0.000277746917009	3.47183646262e-05	1.04155093878e-05	6.94367292523e-06	3.47183646262e-06	0	0	0	0	0	0	0
3.47183646262e-06	0.000312465281635	0.000867959115654	0	0	0	3.47183646262e-06	3.47183646262e-06	1.04155093878e-05	0	0	0.00794703366293	3.47183646262e-06	0.000590212198645	1.04155093878e-05	0	3.47183646262e-06	0.00622500277747	0.00198241862015	0.0181681202089	0	5.55493834018e-05	2.08310187757e-05	0.000864487279191	0	0.000461754249528	0.00581532607488	0.00115264970559	1.04155093878e-05	0.000124986112654	4.16620375514e-05	1.38873458505e-05	3.47183646262e-06	0	0.00572853016332	0	0.000263859571159	6.94367292523e-06	0	0	0	0	0	0	0	0	3.47183646262e-05	0	0.000135401622042	0	0	3.47183646262e-06	2.08310187757e-05	1.73591823131e-05	2.77746917009e-05	0	0	3.47183646262e-06	6.94367292523e-06	0	0.000354127319187	0.00021178202422	0.000218725697145	0	0	0	3.47183646262e-06	0	0	1.04155093878e-05	0.000395789356738	0.000781163204088	0.00232613042995	0.000433979557827	1.73591823131e-05	2.08310187757e-05	1.73591823131e-05	0	1.04155093878e-05	1.38873458505e-05	6.94367292523e-06	0	0	0
0.00014581713143	0	0	0	0.00570422730808	6.94367292523e-06	0.00121167092545	0.00126722030885	0.000416620375514	0.000187479168981	0.00742973003	0	0.0048570992112	0	0.000336768136874	2.43028552383e-05	1.38873458505e-05	0	0	0	0.0168939562271	3.12465281635e-05	6.94367292523e-06	1.38873458505e-05	0.00115264970559	0	0	0	0.00183312965226	4.86057104766e-05	8.33240751028e-05	0	0	0	5.55493834018e-05	0	0	0	0	0.00117695256083	0	0	3.47183646262e-06	0	1.04155093878e-05	8.33240751028e-05	0	0.000694367292523	0	0	0	0	0	0	0	0.000697839128986	3.47183646262e-06	3.47183646262e-06	3.47183646262e-06	0	0	0	0	0	3.47183646262e-06	6.94367292523e-06	0	0	3.47183646262e-06	0	9.0267748028e-05	6.94367292523e-06	3.81902010888e-05	2.77746917009e-05	0.000118042439729	6.94367292523e-06	0	3.47183646262e-06	0	0	0	0	0	0
0.000184007332519	0.00023955671592	0.00135748805688	0	7.29085657149e-05	6.94367292523e-06	3.81902010888e-05	0.0029996667037	7.63804021775e-05	0.000652705254972	0.00015970447728	3.12465281635e-05	2.77746917009e-05	1.38873458505e-05	0.000128457949117	6.94367292523e-05	0.00483279635596	0.000857543606266	0	5.55493834018e-05	3.12465281635e-05	0.0458074102877	0.0019685312743	0.0234869736696	0.00260734918342	3.47183646262e-06	0.000197894678369	0.0018018831241	0.00650622153094	0.000368014665037	0.0176160982113	0	0	0.00172203088546	0.0096864237307	0	0.000138873458505	6.94367292523e-05	0	0	0	0	1.73591823131e-05	0	4.86057104766e-05	0	0	0	3.47183646262e-06	0	0	5.55493834018e-05	1.73591823131e-05	0	3.47183646262e-06	0	2.43028552383e-05	0.000253444061771	7.63804021775e-05	4.5133874014e-05	3.47183646262e-06	2.43028552383e-05	6.59648927897e-05	1.73591823131e-05	1.04155093878e-05	1.73591823131e-05	0	0	0	3.47183646262e-05	0.00360376624819	0.0014581713143	0.00308646261526	0.00126722030885	0.000399261193201	6.59648927897e-05	0	4.86057104766e-05	2.43028552383e-05	4.5133874014e-05	3.12465281635e-05	3.47183646262e-06	3.47183646262e-06	0
2.77746917009e-05	0.00168036884791	0.000614515053883	0	5.55493834018e-05	0	1.04155093878e-05	0.000527719142318	2.08310187757e-05	0.00349961115432	3.12465281635e-05	1.38873458505e-05	4.5133874014e-05	3.47183646262e-06	3.47183646262e-05	1.38873458505e-05	0.00357599155649	0.000170119986668	0	2.08310187757e-05	6.94367292523e-06	0.0019685312743	0.0170987945784	0.00330866014887	0.00300661037662	0	7.98522386402e-05	0.00362806910343	0.00132971336518	3.12465281635e-05	0.000961698700144	0	0	7.63804021775e-05	0.00117348072436	2.08310187757e-05	0.0011422341962	0.000506888123542	0	0	0	3.47183646262e-06	4.16620375514e-05	3.47183646262e-06	0.000184007332519	0	0	0	0	1.73591823131e-05	0	0.000548550161093	0.000170119986668	0	1.04155093878e-05	0	0.000187479168981	0.0029441173203	0.000593684035107	0.000131929785579	3.47183646262e-06	7.63804021775e-05	0.000944339517831	9.72114209532e-05	5.90212198645e-05	0.00015970447728	0	0	3.12465281635e-05	0.000180535496056	0.000940867681369	0.000558965670481	0.000545078324631	0.000184007332519	9.37395844906e-05	1.04155093878e-05	0	0.000156232640818	0.000156232640818	0.000184007332519	9.0267748028e-05	6.94367292523e-06	6.94367292523e-06	3.47183646262e-06
0.000104155093878	0.000864487279191	0.00823866792579	0	3.81902010888e-05	1.04155093878e-05	2.08310187757e-05	0.00119083990668	4.5133874014e-05	0.00045133874014	7.98522386402e-05	0.000260387734696	1.73591823131e-05	4.16620375514e-05	9.72114209532e-05	9.37395844906e-05	0.00723877902455	0.00803382957449	2.43028552383e-05	0.000864487279191	1.38873458505e-05	0.0234869736696	0.00330866014887	0.0550390234418	0.00222544717254	4.86057104766e-05	0.00152066437063	0.00694714476169	0.0030552160871	0.000222197533607	0.00543689590046	0	0	0.000538134651705	0.0120576880347	3.47183646262e-06	0.000499944450617	0.000131929785579	0	0	0	0	1.73591823131e-05	0	2.77746917009e-05	0	3.47183646262e-06	0	1.73591823131e-05	0	0	7.63804021775e-05	4.86057104766e-05	0	6.94367292523e-06	0	2.08310187757e-05	0.000368014665037	0.000107626930341	3.81902010888e-05	4.86057104766e-05	8.67959115654e-05	0.000260387734696	1.73591823131e-05	1.04155093878e-05	2.77746917009e-05	0	0	1.04155093878e-05	6.24930563271e-05	0.00468003555161	0.00274275080547	0.00436757026997	0.00163523497389	0.000357599155649	6.94367292523e-05	3.47183646262e-06	7.29085657149e-05	5.20775469392e-05	6.59648927897e-05	3.81902010888e-05	0	3.47183646262e-06	3.47183646262e-06
0.000496472614154	3.12465281635e-05	6.94367292523e-05	0	0.00752346961449	3.47183646262e-06	0.000538134651705	0.00970725474947	0.000454810576603	0.0111688979002	0.00288509610043	0	0.00303091323186	3.47183646262e-06	0.000552021997556	7.29085657149e-05	0.0066312076436	1.73591823131e-05	0	0	0.00115264970559	0.00260734918342	0.00300661037662	0.00222544717254	0.046807299189	0	3.47183646262e-06	0.000218725697145	0.0213170758805	0.00021178202422	0.00333990667704	0	0	0.000194422841906	0.000972114209532	4.16620375514e-05	1.04155093878e-05	2.43028552383e-05	0	3.12465281635e-05	0	1.38873458505e-05	0.000229141206533	3.47183646262e-06	0.000895733807355	6.94367292523e-06	0	1.73591823131e-05	0	3.12465281635e-05	6.94367292523e-06	0.00022566937007	6.94367292523e-06	0	0	2.77746917009e-05	6.59648927897e-05	0.000579796689257	0.000100683257416	0.000944339517831	0	0	2.43028552383e-05	0.000277746917009	0.000124986112654	0.00030552160871	0	0	8.33240751028e-05	0.000180535496056	0.00082282524164	0.000194422841906	0.000427035884902	0.000208310187757	0.000440923230752	1.04155093878e-05	0	0.000204838351294	1.04155093878e-05	6.94367292523e-05	6.94367292523e-06	4.5133874014e-05	0	0
0	0.000545078324631	8.67959115654e-05	0	0	3.47183646262e-06	0	0	0	0	0	0.0015692700811	0	0.00126027663593	0	0	3.47183646262e-06	0.000246500388846	8.33240751028e-05	0.000461754249528	0	3.47183646262e-06	0	4.86057104766e-05	0	0.00731863126319	0.00131929785579	0.00137831907566	0	6.94367292523e-06	0	6.94367292523e-06	0	0	0.000461754249528	0	0.000274275080547	1.04155093878e-05	0	0	0	0	0	0	0	0	0.000378430174425	0	0.00105196644817	0	0	0	2.08310187757e-05	5.20775469392e-05	5.20775469392e-05	0	0	3.47183646262e-06	0	0	0.00179493945117	0.000444395067215	0.000520775469392	0	0	0	2.43028552383e-05	0	0	2.43028552383e-05	4.5133874014e-05	0.000958226863682	0.000256915898234	2.43028552383e-05	3.47183646262e-06	3.47183646262e-06	0.000156232640818	1.04155093878e-05	7.63804021775e-05	3.81902010888e-05	1.38873458505e-05	0	0	1.73591823131e-05
3.47183646262e-06	0.00113876235974	0.00669022886346	0	0	0	3.47183646262e-06	2.77746917009e-05	1.38873458505e-05	0	0	0.0075130541051	0	0.00515220531052	1.73591823131e-05	6.94367292523e-06	1.38873458505e-05	0.00812756915898	0.00191645372736	0.00581532607488	0	0.000197894678369	7.98522386402e-05	0.00152066437063	3.47183646262e-06	0.00131929785579	0.0441027385846	0.013231168759	2.08310187757e-05	2.77746917009e-05	7.29085657149e-05	0.000392317520276	0	0	0.00452727474725	0	0.00102419175647	6.59648927897e-05	0	0	0	0	0	0	0	0	0.000149288967892	0	0.000326352627486	0	0	0	3.12465281635e-05	5.90212198645e-05	0.000118042439729	0	0	6.94367292523e-06	1.38873458505e-05	0	0.0010033607377	0.000673536273747	0.000701310965448	0	0	0	1.73591823131e-05	0	0	3.47183646262e-05	0.000558965670481	0.00224975002777	0.00235737695812	0.000482585268304	4.5133874014e-05	1.73591823131e-05	4.86057104766e-05	3.47183646262e-05	9.72114209532e-05	4.16620375514e-05	2.77746917009e-05	3.47183646262e-06	0	1.04155093878e-05
1.38873458505e-05	0.00444047883568	0.00888095767137	0	3.47183646262e-06	0	0	0.000107626930341	1.73591823131e-05	0.000107626930341	3.47183646262e-06	0.00134012887457	3.47183646262e-06	0.00235390512165	2.08310187757e-05	1.73591823131e-05	0.00234696144873	0.00284690589934	0.000180535496056	0.00115264970559	0	0.0018018831241	0.00362806910343	0.00694714476169	0.000218725697145	0.00137831907566	0.013231168759	0.0498416842573	0.000288162426397	3.12465281635e-05	0.000444395067215	1.38873458505e-05	0	6.59648927897e-05	0.00354127319187	0	0.00179493945117	0.000461754249528	0	0	0	0	3.47183646262e-06	0	0	0	4.86057104766e-05	0	0.000107626930341	6.94367292523e-06	0	0.00059715587157	0.000156232640818	1.04155093878e-05	6.59648927897e-05	0	4.86057104766e-05	0.000409676702589	0.000333296300411	6.94367292523e-06	0.00045133874014	0.000527719142318	0.00265248305744	1.04155093878e-05	1.04155093878e-05	1.73591823131e-05	0	0	6.94367292523e-06	0.000104155093878	0.00142692478613	0.00251360959893	0.0019407565826	0.000583268525719	0.000107626930341	3.47183646262e-05	1.04155093878e-05	8.67959115654e-05	0.000166648150206	0.000128457949117	6.59648927897e-05	6.94367292523e-06	0	1.38873458505e-05
0.000552021997556	3.47183646262e-05	0.000135401622042	0	0.00456546494834	0	0.000701310965448	0.0153767636929	0.000499944450617	0.00337462504166	0.00634651705366	0	0.000628402399733	1.38873458505e-05	0.000562437506944	7.29085657149e-05	0.00372180868792	4.86057104766e-05	0	1.04155093878e-05	0.00183312965226	0.00650622153094	0.00132971336518	0.0030552160871	0.0213170758805	0	2.08310187757e-05	0.000288162426397	0.0467829963337	0.000274275080547	0.00961698700144	0	0	0.000277746917009	0.00179841128763	6.94367292523e-06	1.04155093878e-05	2.08310187757e-05	0	9.0267748028e-05	0	3.47183646262e-06	9.0267748028e-05	3.47183646262e-06	0.000399261193201	0	0	1.04155093878e-05	0	1.04155093878e-05	3.47183646262e-06	0.00014581713143	1.04155093878e-05	0	3.47183646262e-06	6.24930563271e-05	5.20775469392e-05	0.000489528941229	7.63804021775e-05	0.000308993445173	0	3.47183646262e-06	1.73591823131e-05	0.000124986112654	3.47183646262e-05	0.000100683257416	0	0	2.77746917009e-05	8.67959115654e-05	0.00123250194423	0.000295106099322	0.000729085657149	0.000336768136874	0.000489528941229	2.77746917009e-05	0	9.37395844906e-05	1.38873458505e-05	4.5133874014e-05	1.73591823131e-05	6.94367292523e-06	0	0
0.00368361848683	1.04155093878e-05	3.81902010888e-05	0	4.5133874014e-05	0.000496472614154	0.000850599933341	0.0013748472392	0.00193728474614	6.24930563271e-05	0.000315937118098	0.000121514276192	5.20775469392e-05	0.000177063659593	0.00592295300522	0.000222197533607	3.47183646262e-05	0.000197894678369	1.04155093878e-05	0.000124986112654	4.86057104766e-05	0.000368014665037	3.12465281635e-05	0.000222197533607	0.00021178202422	6.94367292523e-06	2.77746917009e-05	3.12465281635e-05	0.000274275080547	0.017366125986	0.0010866848128	0	0.000420092211976	0.00135748805688	0.00174980557716	0	3.47183646262e-06	0	0	0	0	0	3.47183646262e-06	0	6.94367292523e-06	0	0	3.47183646262e-06	3.47183646262e-06	0	0	0	0	0	0	3.47183646262e-06	3.47183646262e-06	1.04155093878e-05	3.47183646262e-06	3.47183646262e-06	0	3.47183646262e-06	6.94367292523e-06	0	1.04155093878e-05	6.94367292523e-06	0	0	3.47183646262e-06	6.94367292523e-06	0.00038537384735	4.86057104766e-05	0.00118389623375	0.000312465281635	0.00112487501389	0.00029163426286	0	0	0	0	0	0	0	0
0.00140609376736	9.72114209532e-05	0.000468697922453	0	0.000201366514832	6.94367292523e-06	0.00015970447728	0.0122208643484	0.000319408954561	0.00114917786913	0.000583268525719	1.04155093878e-05	0.000104155093878	1.04155093878e-05	0.000510359960004	9.72114209532e-05	0.00134012887457	0.000236084879458	0	4.16620375514e-05	8.33240751028e-05	0.0176160982113	0.000961698700144	0.00543689590046	0.00333990667704	0	7.29085657149e-05	0.000444395067215	0.00961698700144	0.0010866848128	0.040773247417	0	0	0.000895733807355	0.00675966559271	3.47183646262e-06	4.86057104766e-05	1.73591823131e-05	0	0	0	3.47183646262e-06	2.43028552383e-05	0	0.000111098766804	0	0	0	0	0	0	6.94367292523e-05	6.94367292523e-06	0	3.47183646262e-06	0	3.12465281635e-05	0.000249972225308	5.20775469392e-05	7.98522386402e-05	3.47183646262e-06	1.04155093878e-05	4.5133874014e-05	3.47183646262e-05	1.38873458505e-05	3.81902010888e-05	0	0	3.47183646262e-06	3.12465281635e-05	0.00274275080547	0.000736029330074	0.00198936229308	0.000829768914565	0.000499944450617	4.16620375514e-05	0	4.16620375514e-05	2.08310187757e-05	3.81902010888e-05	3.47183646262e-05	6.94367292523e-06	0	3.47183646262e-06
0	0	0	0	0	0	0	0	3.47183646262e-06	0	0	9.37395844906e-05	0	0.000447866903677	3.47183646262e-06	0	0	0	3.47183646262e-06	1.38873458505e-05	0	0	0	0	0	6.94367292523e-06	0.000392317520276	1.38873458505e-05	0	0	0	0.000552021997556	0	0	1.38873458505e-05	0	0	0	0	0	0	0	0	0	0	0	0	0	3.47183646262e-06	0	0	0	0	0	0	0	0	0	0	0	3.47183646262e-06	0	0	0	0	0	0	0	0	0	0	3.47183646262e-06	0	0	3.47183646262e-06	0	0	0	0	0	0	0	0	0
3.47183646262e-06	0	0	0	0	0.000548550161093	0.000229141206533	0	0.000472169758916	0	0	0	0	6.94367292523e-06	0.000812409732252	9.37395844906e-05	0	0	0	3.47183646262e-06	0	0	0	0	0	0	0	0	0	0.000420092211976	0	0	0.0018852071992	0	0.000388845683813	0	0	0	0	0	0	0	0	0	0	0	0	0	0	0	0	0	0	0	0	0	0	0	0	0	0	0	0	0	0	0	0	0	0	0	3.47183646262e-06	0	3.12465281635e-05	1.38873458505e-05	0.000156232640818	0.000253444061771	0	0	0	0	0	0	0	0
0.000315937118098	6.94367292523e-06	5.90212198645e-05	0	2.77746917009e-05	0	2.77746917009e-05	0.000423564048439	5.90212198645e-05	5.20775469392e-05	6.24930563271e-05	3.47183646262e-06	1.04155093878e-05	3.47183646262e-06	0.000187479168981	2.43028552383e-05	0.000138873458505	2.77746917009e-05	0	0	0	0.00172203088546	7.63804021775e-05	0.000538134651705	0.000194422841906	0	0	6.59648927897e-05	0.000277746917009	0.00135748805688	0.000895733807355	0	0	0.00502027552494	0.0025726308188	0	6.94367292523e-06	3.47183646262e-06	0	0	0	0	0	0	6.94367292523e-06	0	0	0	0	0	0	1.04155093878e-05	0	0	0	0	3.47183646262e-06	2.43028552383e-05	0	6.94367292523e-06	0	3.47183646262e-06	3.47183646262e-06	3.47183646262e-06	0	0	0	0	0	3.47183646262e-06	0.000586740362182	0.000100683257416	0.000628402399733	0.000260387734696	0.000201366514832	2.08310187757e-05	0	1.04155093878e-05	0	3.47183646262e-06	3.47183646262e-06	0	0	0
0.000368014665037	0.000861015442729	0.00437798577936	0	4.16620375514e-05	0.000458282413065	0.000430507721364	0.00207963004111	0.000926980335518	0.000333296300411	0.000277746917009	0.00826297078102	9.0267748028e-05	0.00189909454505	0.00124986112654	0.000374958337962	0.00128805132763	0.00826991445395	0.000527719142318	0.00572853016332	5.55493834018e-05	0.0096864237307	0.00117348072436	0.0120576880347	0.000972114209532	0.000461754249528	0.00452727474725	0.00354127319187	0.00179841128763	0.00174980557716	0.00675966559271	1.38873458505e-05	0.000388845683813	0.0025726308188	0.0523101599822	3.47183646262e-06	0.000628402399733	0.000114570603266	0	3.47183646262e-06	0	6.94367292523e-06	3.47183646262e-06	0	3.81902010888e-05	0	3.81902010888e-05	0	0.000142345294967	3.47183646262e-06	0	3.81902010888e-05	3.47183646262e-05	2.43028552383e-05	3.12465281635e-05	0	2.43028552383e-05	0.000184007332519	6.94367292523e-05	4.5133874014e-05	0.000388845683813	0.000232613042995	0.000430507721364	1.04155093878e-05	6.94367292523e-06	2.08310187757e-05	3.47183646262e-06	0	3.47183646262e-06	5.55493834018e-05	0.0093704866126	0.00366278746806	0.0208657371403	0.00553410732141	0.00216642595267	0.000586740362182	7.98522386402e-05	0.000138873458505	6.94367292523e-05	7.98522386402e-05	5.90212198645e-05	3.47183646262e-06	0	6.94367292523e-06
0	0	0	0	3.47183646262e-06	0	0	2.08310187757e-05	0	7.29085657149e-05	0	0	6.94367292523e-06	0	0	0	0	0	0	0	0	0	2.08310187757e-05	3.47183646262e-06	4.16620375514e-05	0	0	0	6.94367292523e-06	0	3.47183646262e-06	0	0	0	3.47183646262e-06	0.0106828407955	6.94367292523e-06	0.000124986112654	0	0.000111098766804	1.38873458505e-05	0.00106585379402	0.00265942673036	0.00172203088546	0.000163176313743	0.000177063659593	0	0.000482585268304	3.47183646262e-06	0.00570075547161	0.000128457949117	0.000184007332519	7.29085657149e-05	0	0	0.000274275080547	0.000298577935785	0.00021178202422	0.00043745139429	0.000961698700144	6.94367292523e-06	1.73591823131e-05	5.55493834018e-05	0.000482585268304	0.00671800355516	0.002971892012	3.47183646262e-06	1.04155093878e-05	0.00193728474614	0.00242334185091	1.04155093878e-05	0	3.47183646262e-06	0	0	0	0	0.000274275080547	6.59648927897e-05	0.000767275858238	0.000236084879458	0.000277746917009	1.73591823131e-05	3.47183646262e-06
6.94367292523e-06	0.002971892012	0.00117348072436	0	0	0	0	1.04155093878e-05	0	6.94367292523e-06	0	0.000190951005444	0	4.86057104766e-05	0	0	6.59648927897e-05	0.000694367292523	3.12465281635e-05	0.000263859571159	0	0.000138873458505	0.0011422341962	0.000499944450617	1.04155093878e-05	0.000274275080547	0.00102419175647	0.00179493945117	1.04155093878e-05	3.47183646262e-06	4.86057104766e-05	0	0	6.94367292523e-06	0.000628402399733	6.94367292523e-06	0.0231849238973	0.00316978669037	0	3.47183646262e-06	0	6.94367292523e-06	3.47183646262e-06	3.47183646262e-06	2.43028552383e-05	0	0.000194422841906	6.94367292523e-06	0.000378430174425	1.73591823131e-05	0	0.000315937118098	0.00173244639485	8.33240751028e-05	0.000867959115654	0	0.000163176313743	0.00288162426397	0.000975586045995	4.86057104766e-05	0.00340587156983	0.00581185423842	0.0152899677814	2.43028552383e-05	4.86057104766e-05	0.000111098766804	2.43028552383e-05	0	2.77746917009e-05	0.00061104321742	0.000184007332519	0.00196505943784	0.000336768136874	4.16620375514e-05	0	0	0	0.000496472614154	0.00141998111321	0.000920036662593	0.000399261193201	2.43028552383e-05	1.73591823131e-05	3.47183646262e-05
0	0.000479113431841	0.000177063659593	0	0	0	0	3.47183646262e-06	0	4.5133874014e-05	0	1.38873458505e-05	0	0	0	6.94367292523e-06	6.59648927897e-05	6.94367292523e-05	6.94367292523e-06	6.94367292523e-06	0	6.94367292523e-05	0.000506888123542	0.000131929785579	2.43028552383e-05	1.04155093878e-05	6.59648927897e-05	0.000461754249528	2.08310187757e-05	0	1.73591823131e-05	0	0	3.47183646262e-06	0.000114570603266	0.000124986112654	0.00316978669037	0.036541078769	0	3.47183646262e-06	0	3.81902010888e-05	0.000194422841906	4.16620375514e-05	9.37395844906e-05	0	2.08310187757e-05	1.04155093878e-05	5.55493834018e-05	8.33240751028e-05	0	0.00177758026886	0.0107210309966	3.81902010888e-05	0.00107626930341	1.38873458505e-05	0.00238167981335	0.00241639817798	0.0144601988668	0.000288162426397	7.29085657149e-05	0.00821436507055	0.0185257193645	0.000229141206533	0.000333296300411	0.00155538273525	3.47183646262e-06	0	0.000232613042995	0.00247541939784	6.24930563271e-05	0.000284690589934	4.5133874014e-05	2.08310187757e-05	6.94367292523e-06	0	0	0.00302049772248	0.00360376624819	0.00349961115432	0.00207615820464	7.98522386402e-05	9.0267748028e-05	0.000104155093878
0	0	0	0	0	0	0	0	0	0	0	0	0	0	0	0	0	0	0	0	0	0	0	0	0	0	0	0	0	0	0	0	0	0	0	0	0	0	0	0	0	0	0	0	0	0	0	0	0	0	0	0	0	0	0	0	0	0	0	0	0	0	0	0	0	0	0	0	0	0	0	0	0	0	0	0	0	0	0	0	0	0	0	0
3.47183646262e-06	0	0	0	0.00112140317742	0	2.43028552383e-05	2.77746917009e-05	0	2.43028552383e-05	0.000781163204088	0	0.000583268525719	0	0	0	0	0	0	0	0.00117695256083	0	0	0	3.12465281635e-05	0	0	0	9.0267748028e-05	0	0	0	0	0	3.47183646262e-06	0.000111098766804	3.47183646262e-06	3.47183646262e-06	0	0.0160294689479	0	0.000600627708032	0.000746444839462	0.00015970447728	0.000315937118098	0.00123597378069	0	0.00352391400955	0	0.000184007332519	4.5133874014e-05	2.08310187757e-05	3.47183646262e-06	0	0	0.00580838240196	2.08310187757e-05	2.43028552383e-05	2.43028552383e-05	0.00841920342184	0	0	3.47183646262e-06	0.0049404232863	0.000232613042995	0.000111098766804	0	0	7.63804021775e-05	0.000173591823131	3.47183646262e-06	0	3.47183646262e-06	6.94367292523e-06	3.47183646262e-06	0	0	1.73591823131e-05	3.47183646262e-06	5.90212198645e-05	2.77746917009e-05	8.67959115654e-05	3.47183646262e-06	0
0	0	0	0	0	0	0	0	0	0	0	0	0	0	0	0	0	0	0	0	0	0	0	0	0	0	0	0	0	0	0	0	0	0	0	1.38873458505e-05	0	0	0	0	0.00373916787024	0.00130888234641	3.47183646262e-06	0.00170119986668	0	0	3.47183646262e-06	0	0	0.000704782801911	0.000420092211976	0	3.47183646262e-06	0	0	0	0	0	3.47183646262e-06	6.94367292523e-06	0	0	0	0	0.000357599155649	3.47183646262e-06	0	0.00130541050994	0	0.000326352627486	0	0	0	0	0	0	0	6.94367292523e-06	3.47183646262e-06	6.24930563271e-05	1.38873458505e-05	0.00124291745362	0.000649233418509	0
0	0	0	0	0	0	0	3.47183646262e-06	0	1.38873458505e-05	3.47183646262e-06	0	3.47183646262e-06	0	0	3.47183646262e-06	3.47183646262e-06	0	0	0	0	0	3.47183646262e-06	0	1.38873458505e-05	0	0	0	3.47183646262e-06	0	3.47183646262e-06	0	0	0	6.94367292523e-06	0.00106585379402	6.94367292523e-06	3.81902010888e-05	0	0.000600627708032	0.00130888234641	0.0305035551605	0.00163176313743	0.0104085657149	0.000336768136874	0.00352738584602	1.04155093878e-05	0.00749916675925	3.47183646262e-06	0.00423911232085	0.00389192867459	5.20775469392e-05	3.12465281635e-05	0	3.47183646262e-06	0.00341281524275	5.55493834018e-05	6.24930563271e-05	7.63804021775e-05	0.00178452394178	3.47183646262e-06	1.04155093878e-05	6.94367292523e-06	0.00088879013443	0.00330866014887	0.000527719142318	0	0.00102071992001	0.000406204866126	0.00189562270859	3.47183646262e-06	0	0	0	3.47183646262e-06	0	0	0.000187479168981	4.86057104766e-05	0.000819353405177	0.000253444061771	0.0033711532052	0.000347183646262	6.94367292523e-06
