0.0103840820407	0	0	0	0	0	0.00137594461823	0.00429982693197	0.00199941952336	0	0.00183817601342	0	0	0	0.00667548131188	0	0	0	0	0	0	0	0	0	0.000290238317908	0	0	0	0.00117170283896	0.00350435894955	0.00493405140443	0	0	0	0	0	0	0	0	0	0	0	0	0	0	0	0	0	0	0	0	0	0	0	0	0	0	0	0	0	0	0	0	0	0	0	0	0	0	0	4.29982693197e-05	0	0	1.07495673299e-05	0	0	0	0	0	0	0	0	0	0
0	0.0225740913928	5.37478366496e-05	0	0	0	0	0	0	0.00382684596945	0	0	0	0	0	0	4.29982693197e-05	0.00174142990745	0	0	0	0	0.00508454534705	0	0.00159093596483	0.00426757822998	0.00668623087921	0.0156621195997	0	0	0	0	0	0	0	0	0.0121577606501	0	0	0	0	0	0	0	4.29982693197e-05	0	0	0	0	0	0	0.000118245240629	0.000472980962516	0	0.000386984423877	0	0	0.000204241779268	0	5.37478366496e-05	7.52469713094e-05	0.002085416062	0.00948111838499	0	0	0	0	0	0	0	0	0	0	0	0	0	0	0	0	0	0	0	0	0
0	5.37478366496e-05	0.0348393477163	0	0	0	0	0.000881464521053	0	0	0	0	0	0	1.07495673299e-05	0	0	0.0154148795511	0	0	0	0.0015801863975	0	0.0230148236533	0	0	0.004203080826	0.0127812355553	0.000268739183248	0	0.000698721876444	0	0	0	0	0	0.000182742644609	0	0	0	0	0	0	0	0	0	0	0	0	0	0	0	0.000118245240629	0	0	0	0	0.000300987885238	2.14991346598e-05	0	0	0	0.000376234856547	0	0	0	0	0	0	0	2.14991346598e-05	0	1.07495673299e-05	1.07495673299e-05	0	0	0	0	0	0	1.07495673299e-05	0	0	0
0	0	0	0	0	0	0	0	0	0	0	0	0	0	0	0	0	0	0	0	0	0	0	0	0	0	0	0	0	0	0	0	0	0	0	0	0	0	0	0	0	0	0	0	0	0	0	0	0	0	0	0	0	0	0	0	0	0	0	0	0	0	0	0	0	0	0	0	0	0	0	0	0	0	0	0	0	0	0	0	0	0	0	0
0	0	0	0	0.0144581680587	3.22487019897e-05	4.29982693197e-05	0.00128994807959	0	0.00280563707311	0.000526728799166	0.000247240048588	0.00111795500231	0	0	9.67461059692e-05	0	0	0.000257989615918	0.000257989615918	0.00548227933826	0	0	0	0.00588001332946	0	0	0	0.00603050727208	3.22487019897e-05	0	0	0	0	0	0	0	0	0	0.00185967514808	0	4.29982693197e-05	0	5.37478366496e-05	0.000849215819063	0.000225740913928	0	0.000268739183248	0	6.44974039795e-05	7.52469713094e-05	0	0	0	0	0	0	0	0	0.0027303901018	0	0	0	0.00228965784127	2.14991346598e-05	0	0	0	0	0	0.000537478366496	0	0.000505229664506	0.000118245240629	2.14991346598e-05	0	2.14991346598e-05	0.000279488750578	0	0	0	0.000376234856547	0	0
0	0	0	0	3.22487019897e-05	0.00721295967837	0.00285938490976	0	0.000343986154557	0.000956711492362	0.000107495673299	0	0.000623474905135	0	3.22487019897e-05	0.00313887366034	0	0	0	0	7.52469713094e-05	0	0	0	0.000924462790373	0	0	0	0.000161243509949	0	0	0	0.000558977501156	0	0.000354735721887	0	0	0	0	1.07495673299e-05	0	1.07495673299e-05	0	2.14991346598e-05	1.07495673299e-05	0	0	0	0	1.07495673299e-05	0	0	0	0	0	0	0	0	0	4.29982693197e-05	0	0	0.000161243509949	1.07495673299e-05	0	0	0	0	0	0	0.000978210627022	0	0.000978210627022	0.000322487019897	0.00256914659185	0.0012576993776	2.14991346598e-05	2.14991346598e-05	0	1.07495673299e-05	0.000171993077279	1.07495673299e-05	1.07495673299e-05	0
0.00137594461823	0	0	0	4.29982693197e-05	0.00285938490976	0.0393326668602	0.00498779924108	0.0249067475034	0.000795467982414	0.018994485472	0.00736345362099	0.012544745074	0	0.00635299429198	0.00331086673761	0	1.07495673299e-05	0.00698721876444	0.00155868726284	0.00735270405366	0	0	0	2.14991346598e-05	0	0.000182742644609	0	0.00356885635353	0.0037730981328	0.00117170283896	0	0	0.000483730529846	0.00241865264923	0	0	0	0	2.14991346598e-05	0	3.22487019897e-05	0	7.52469713094e-05	0.000182742644609	0	0	0.000752469713094	0	5.37478366496e-05	0	0	0	0	0	0	0	0	0	2.14991346598e-05	0	0	0	2.14991346598e-05	1.07495673299e-05	0	0	0	0	2.14991346598e-05	0.00340761284358	0.000537478366496	0.00940587141368	0.000150493942619	0.00527803755899	4.29982693197e-05	4.29982693197e-05	0.000171993077279	0	2.14991346598e-05	1.07495673299e-05	0.000128994807959	1.07495673299e-05	0
0.00429982693197	0	0.000881464521053	0	0.00128994807959	0	0.00498779924108	0.065948595569	0.00812667290142	0.00159093596483	0.0226923366335	0.0011502037043	0	0	0.0136412009417	0.000290238317908	0	0.000892214088383	0.000978210627022	0.00145119158954	0	0.00515979231836	0	0.0055682758769	0.00365485289217	0	0	2.14991346598e-05	0.0333774065594	0.00541778193428	0.0145119158954	0	0	0.00112870456964	0.00165543336881	0	0	0	0	0.00123620024294	0	0	0	0	0.000311737452568	0.000193492211938	0	2.14991346598e-05	0	0	1.07495673299e-05	1.07495673299e-05	0	0	0	0	1.07495673299e-05	0	0.000118245240629	0.00171993077279	0	0	0.000182742644609	0.00145119158954	0	0	0	0	0	0	0.000698721876444	0	0.00347211024756	0.000397733991207	3.22487019897e-05	0	7.52469713094e-05	0.000139744375289	0	0.000107495673299	0.000300987885238	0.000107495673299	0	0
0.00199941952336	0	0	0	0	0.000343986154557	0.0249067475034	0.00812667290142	0.0391176755136	0.000730970578434	0.0201984370129	0.00915863136509	0.00920162963441	0	0.0111688004558	0.000935212357703	0	1.07495673299e-05	0.00857815472927	0.00234340567792	0.00780418588152	0	0	0	7.52469713094e-05	0	0.000171993077279	0	0.00277338837112	0.00566502198287	0.00247240048588	0	4.29982693197e-05	0.000526728799166	0.00307437625636	0	0	0	0	1.07495673299e-05	0	3.22487019897e-05	0	5.37478366496e-05	0.000171993077279	0	0	0.000709471443774	0	5.37478366496e-05	0	0	0	0	0	0	0	0	0	1.07495673299e-05	0	0	0	1.07495673299e-05	0	0	0	0	0	1.07495673299e-05	0.00263364399583	0.000505229664506	0.0108140647339	2.14991346598e-05	0.00325711890096	1.07495673299e-05	0	0.000171993077279	0	1.07495673299e-05	1.07495673299e-05	0.000128994807959	1.07495673299e-05	0
0	0.00382684596945	0	0	0.00280563707311	0.000956711492362	0.000795467982414	0.00159093596483	0.000730970578434	0.0435679963881	0.000214991346598	0.000161243509949	0.00253689788986	0	0	0.00285938490976	0.00112870456964	7.52469713094e-05	6.44974039795e-05	0.000311737452568	0.000365485289217	0	0.00561127414622	3.22487019897e-05	0.0320767089125	0.00221441086996	0.0013651950509	0.00337536414159	0.0169305685446	2.14991346598e-05	0	0	0	0	6.44974039795e-05	0.000515979231836	0.000236490481258	0	0	0.00752469713094	1.07495673299e-05	0.000268739183248	0	0.001042708031	0.0162855945048	0.00120395154095	0	0.001042708031	0	0.00106420716566	0.000537478366496	0.000290238317908	0.000193492211938	0	0.000247240048588	0.000204241779268	0.000161243509949	0.00463306351919	0.000150493942619	0.00969610973158	0	0.000333236587227	0.000171993077279	0.0055682758769	0.00118245240629	0.00220366130263	0	0.000247240048588	0.000569727068485	0.00402033818139	0.00343986154557	0.000795467982414	0.000397733991207	5.37478366496e-05	0.00198866995603	0	2.14991346598e-05	0.00968536016425	0.000902963655713	0.00404183731605	0.00309587539102	0.00216066303331	0.00185967514808	0
0.00183817601342	0	0	0	0.000526728799166	0.000107495673299	0.018994485472	0.0226923366335	0.0201984370129	0.000214991346598	0.0583164027648	0.00852440689262	0.00955636535629	0	0.0107710664646	0.000322487019897	0	0	0.00816967117074	0.00384834510411	0.0129317294979	0	0	0	4.29982693197e-05	0	0	0	0.0139851870962	0.00669698044654	0.00263364399583	0	0	0.000548227933826	0.0033431154396	0	0	0	0	0.000150493942619	0	0	0	1.07495673299e-05	0.000236490481258	7.52469713094e-05	0	0.000472980962516	0	0	0	0	0	0	0	6.44974039795e-05	0	0	0	0.000128994807959	0	0	0	0.000204241779268	1.07495673299e-05	0	0	0	0	0.000225740913928	0.000311737452568	0	0.0117600266589	0.00103195846367	4.29982693197e-05	0	0.000204241779268	0.000182742644609	0	4.29982693197e-05	3.22487019897e-05	0	3.22487019897e-05	0
0	0	0	0	0.000247240048588	0	0.00736345362099	0.0011502037043	0.00915863136509	0.000161243509949	0.00852440689262	0.0378062282993	0.0066109839079	0.00399883904673	0.0026228944285	8.59965386393e-05	0	1.07495673299e-05	0.0174357982091	0.0105023272813	0.00794393025681	4.29982693197e-05	0	9.67461059692e-05	1.07495673299e-05	0.00134369591624	0.00304212755437	0.000247240048588	0.00206391692734	0.00199941952336	0.000429982693197	0.000204241779268	0.000623474905135	0	0.0102120889634	0	0	0	0	1.07495673299e-05	1.07495673299e-05	0	0	3.22487019897e-05	6.44974039795e-05	1.07495673299e-05	0.000354735721887	0.000709471443774	0.00264439356316	0	0	0	0	0	0	0	0	7.52469713094e-05	0	0	0.00124694981027	4.29982693197e-05	0.000139744375289	2.14991346598e-05	0	0	0.000408483558537	1.07495673299e-05	0	9.67461059692e-05	0.00380534683479	0.00821266944006	0.0241327786557	0.00116095327163	0.000107495673299	0	0.001042708031	8.59965386393e-05	0.000558977501156	6.44974039795e-05	5.37478366496e-05	1.07495673299e-05	6.44974039795e-05	0
0	0	0	0	0.00111795500231	0.000623474905135	0.012544745074	0	0.00920162963441	0.00253689788986	0.00955636535629	0.0066109839079	0.0236060498565	0	0.000730970578434	0.00225740913928	0	1.07495673299e-05	0.00644974039795	0.00128994807959	0.00741720145764	0	0	0	0.00162318466682	0	1.07495673299e-05	0	0.000193492211938	1.07495673299e-05	0	0	0	0	0.00150493942619	0	0	0	0	0	0	7.52469713094e-05	0	8.59965386393e-05	0.000247240048588	0	0	0.000838466251733	0	9.67461059692e-05	0	0	0	0	0	0	0	0	0	0	0	0	0	0	0	0	0	0	0	0	0.000505229664506	1.07495673299e-05	0.00781493544885	1.07495673299e-05	0.000462231395186	1.07495673299e-05	0	0.000247240048588	0	0	0	0.000214991346598	0	0
0	0	0	0	0	0	0	0	0	0	0	0.00399883904673	0	0.00809442419943	0	0	0	0	4.29982693197e-05	3.22487019897e-05	0	0	0	0	0	0.00308512582369	0.00171993077279	0.00165543336881	0	0	0	5.37478366496e-05	0	0	0.000139744375289	0	0	0	0	0	0	0	0	0	0	0	6.44974039795e-05	0	0.00308512582369	0	0	0	0	0	0	0	0	0	0	0	0.00105345759833	0.000870714953723	0.000569727068485	0	0	0	0.000548227933826	0	0	0	0	0.00298837971772	0	0	0	0	0.000462231395186	0	0.000311737452568	0	0	0	0	0
0.00667548131188	0	1.07495673299e-05	0	0	3.22487019897e-05	0.00635299429198	0.0136412009417	0.0111688004558	0	0.0107710664646	0.0026228944285	0.000730970578434	0	0.031313489632	0.000107495673299	0	0	0.000150493942619	5.37478366496e-05	0.000343986154557	0	0	1.07495673299e-05	0.000419233125867	0	0	0	0.00392359207542	0.00282713620777	0.00566502198287	0	0.000784718415084	8.59965386393e-05	0.00342911197824	0	0	0	0	1.07495673299e-05	0	0	0	0	0	0	0	0	0	0	0	0	0	0	0	1.07495673299e-05	0	0	0	0	0	0	0	1.07495673299e-05	0	0	0	0	0	0	0.000451481827856	1.07495673299e-05	0.00352585808421	1.07495673299e-05	0.000311737452568	1.07495673299e-05	6.44974039795e-05	0	0	1.07495673299e-05	1.07495673299e-05	0	1.07495673299e-05	0
0	0	0	0	9.67461059692e-05	0.00313887366034	0.00331086673761	0.000290238317908	0.000935212357703	0.00285938490976	0.000322487019897	8.59965386393e-05	0.00225740913928	0	0.000107495673299	0.00971760886624	0	1.07495673299e-05	5.37478366496e-05	8.59965386393e-05	0	0	0	0	0.00300987885238	0	1.07495673299e-05	0	0.00165543336881	9.67461059692e-05	0	0	0	0	7.52469713094e-05	0	0	0	0	0	0	1.07495673299e-05	0	2.14991346598e-05	4.29982693197e-05	0	0	0	0	2.14991346598e-05	0	0	0	0	0	0	0	0	2.14991346598e-05	3.22487019897e-05	0	0	0.000655723607125	2.14991346598e-05	0	0	0	0	0	3.22487019897e-05	0.000591226203145	1.07495673299e-05	0.000150493942619	0	0.00214991346598	4.29982693197e-05	0	5.37478366496e-05	0	9.67461059692e-05	0.000741720145764	2.14991346598e-05	2.14991346598e-05	0
0	4.29982693197e-05	0	0	0	0	0	0	0	0.00112870456964	0	0	0	0	0	0	0.0239715351457	3.22487019897e-05	0	0	0	0.00149418985886	0.0184785062401	0.0077611876122	0.0110505552152	0	3.22487019897e-05	0.00253689788986	0.00233265611059	0	0	0	0	0	0	0	0	0	0	0	0	0	0	0	0	0	0	0	0	0	0	0.00579401679082	1.07495673299e-05	0	0	0	0.00170918120546	0.0125662442087	0.00514904275103	0.00300987885238	0	0	0.000214991346598	0.0030528771217	0	0	0	0	0	0	0.00145119158954	0.00131144721425	0	0	0	0	0	2.14991346598e-05	6.44974039795e-05	0	0	0	0	0
0	0.00174142990745	0.0154148795511	0	0	0	1.07495673299e-05	0.000892214088383	1.07495673299e-05	7.52469713094e-05	0	1.07495673299e-05	1.07495673299e-05	0	0	1.07495673299e-05	3.22487019897e-05	0.0462983864899	0	0.00300987885238	0	0.00175217947478	0	0.0152213873392	0.000472980962516	0	0.0167370763327	0.0121255119481	0.000978210627022	0	0.0012576993776	0	0	0	0.00428907736464	0	0.0118137744956	0	0	0	0	0	0	0	0	0	0	0	0	3.22487019897e-05	0	0	0.00601975770475	0	0.00489105313511	0	0	0.000128994807959	3.22487019897e-05	0	4.29982693197e-05	0.00613800294538	0.0019779203887	0	3.22487019897e-05	0	0	0	0	0.000171993077279	0.00363335375751	0.00211766476399	0.00339686327625	0.000236490481258	0	0	1.07495673299e-05	0.000311737452568	0.000290238317908	0.000214991346598	6.44974039795e-05	0	0	0
0	0	0	0	0.000257989615918	0	0.00698721876444	0.000978210627022	0.00857815472927	6.44974039795e-05	0.00816967117074	0.0174357982091	0.00644974039795	4.29982693197e-05	0.000150493942619	5.37478366496e-05	0	0	0.0204779257635	0.00824491814204	0.00789018242016	6.44974039795e-05	0	0.000182742644609	1.07495673299e-05	0	0.00268739183248	0.000494480097176	0.00205316736001	0.00145119158954	0.000204241779268	1.07495673299e-05	0	0	0.00408483558537	0	0	0	0	1.07495673299e-05	1.07495673299e-05	0	0	4.29982693197e-05	4.29982693197e-05	0	0	0.000709471443774	0	1.07495673299e-05	0	0	0	0	0	0	0	0.000107495673299	0	0	0	0	0.000118245240629	1.07495673299e-05	1.07495673299e-05	0	0	1.07495673299e-05	0	7.52469713094e-05	0.00204241779268	0.00107495673299	0.0159738570523	0.00101045932901	3.22487019897e-05	0	0	6.44974039795e-05	0	5.37478366496e-05	4.29982693197e-05	1.07495673299e-05	5.37478366496e-05	0
0	0	0	0	0.000257989615918	0	0.00155868726284	0.00145119158954	0.00234340567792	0.000311737452568	0.00384834510411	0.0105023272813	0.00128994807959	3.22487019897e-05	5.37478366496e-05	8.59965386393e-05	0	0.00300987885238	0.00824491814204	0.0287873413095	0.00297763015039	0.000698721876444	0	0.000591226203145	0.000419233125867	0	0.00253689788986	0.000483730529846	0.00218216216797	0.00105345759833	0.0013651950509	1.07495673299e-05	0	0	0.0072237092457	0	0.000419233125867	0	0	1.07495673299e-05	0	0	0	1.07495673299e-05	0	0	0	8.59965386393e-05	0	3.22487019897e-05	0	0	0	1.07495673299e-05	0.00105345759833	0	0	0.000139744375289	4.29982693197e-05	1.07495673299e-05	0	0.0012576993776	0.000118245240629	2.14991346598e-05	3.22487019897e-05	0	0	0	0	1.07495673299e-05	0.00766444150623	0.00351510851688	0.0164468380148	0.00177367860944	0.000268739183248	0	0	0.000483730529846	0.000462231395186	1.07495673299e-05	1.07495673299e-05	0	0	0
0	0	0	0	0.00548227933826	7.52469713094e-05	0.00735270405366	0	0.00780418588152	0.000365485289217	0.0129317294979	0.00794393025681	0.00741720145764	0	0.000343986154557	0	0	0	0.00789018242016	0.00297763015039	0.0223698496136	0	0	0	0.000677222741785	0	0	0	0.00670773001387	0.000107495673299	0	0	0	0	0.00211766476399	0	0	0	0	0.000741720145764	0	3.22487019897e-05	0	2.14991346598e-05	0.000419233125867	0.000193492211938	0	0.000806217549744	0	2.14991346598e-05	0	0	0	0	0	7.52469713094e-05	0	0	0	0.000827716684403	0	0	0	0.000849215819063	0	0	0	0	0	4.29982693197e-05	0.000161243509949	0	0.010459329012	0.000773968847754	1.07495673299e-05	0	0.000118245240629	8.59965386393e-05	0	2.14991346598e-05	2.14991346598e-05	0.000161243509949	2.14991346598e-05	0
0	0	0.0015801863975	0	0	0	0	0.00515979231836	0	0	0	4.29982693197e-05	0	0	0	0	0.00149418985886	0.00175217947478	6.44974039795e-05	0.000698721876444	0	0.0416868221054	0.000440732260527	0.0225525922582	0.000924462790373	0	9.67461059692e-05	3.22487019897e-05	0.0184032592688	0.000279488750578	0.0129102303632	0	0	0.000171993077279	0.00371935029615	0	1.07495673299e-05	0	0	0	0	0	0	0	0	0	0	0	0	0	0	0.000483730529846	0	0	0	0	0.000462231395186	0.000752469713094	0.000644974039795	0.000193492211938	0	0	0.000376234856547	0.000236490481258	0	0	0	0	0	1.07495673299e-05	0.00785793371817	0.000580476635815	0.00346136068023	0.00217141260064	7.52469713094e-05	0	3.22487019897e-05	3.22487019897e-05	0	0.000225740913928	0.000601975770475	0.000171993077279	0	0
0	0.00508454534705	0	0	0	0	0	0	0	0.00561127414622	0	0	0	0	0	0	0.0184785062401	0	0	0	0	0.000440732260527	0.0508992013071	0.0179410278736	0.0151031420985	0.00265514313049	0.000924462790373	0.0178765304696	0.00235415524525	0	0	0	0	0	0	0	0.00188117428274	0	0	0	0	0	0	0	0.000451481827856	0	0	0	0	0	0	0.0111473013211	1.07495673299e-05	0	0	0	0.00137594461823	0.032485192471	0.0141464306062	0.00410633472003	0	3.22487019897e-05	0.00930912530771	0.00432132606663	0	0	0	0	0	0	5.37478366496e-05	2.14991346598e-05	0	0	0	0	0	4.29982693197e-05	3.22487019897e-05	0	0	0	0	0
0	0	0.0230148236533	0	0	0	0	0.0055682758769	0	3.22487019897e-05	0	9.67461059692e-05	0	0	1.07495673299e-05	0	0.0077611876122	0.0152213873392	0.000182742644609	0.000591226203145	0	0.0225525922582	0.0179410278736	0.0807292506477	0.0011502037043	0	0.000365485289217	0.0127489868533	0.00721295967837	0.000279488750578	0.00735270405366	0	0	0	0.00421383039333	0	1.07495673299e-05	0	0	0	0	0	0	0	1.07495673299e-05	0	0	0	0	0	0	0.0110935534845	2.14991346598e-05	0	0	0	0.00106420716566	0.0205424231675	0.0141786793082	0.000440732260527	0	0	0.00331086673761	0.000515979231836	0	0	0	0	0	1.07495673299e-05	0.0109860578112	0.00276263880379	0.00117170283896	0.000612725337805	0	0	0	4.29982693197e-05	1.07495673299e-05	0.000268739183248	0.000333236587227	0.000193492211938	0	0
0.000290238317908	0.00159093596483	0	0	0.00588001332946	0.000924462790373	2.14991346598e-05	0.00365485289217	7.52469713094e-05	0.0320767089125	4.29982693197e-05	1.07495673299e-05	0.00162318466682	0	0.000419233125867	0.00300987885238	0.0110505552152	0.000472980962516	1.07495673299e-05	0.000419233125867	0.000677222741785	0.000924462790373	0.0151031420985	0.0011502037043	0.0639706751803	0.000193492211938	0.000730970578434	0.00268739183248	0.0305180216496	0.000472980962516	0.000784718415084	0	0	0.000236490481258	7.52469713094e-05	0.000515979231836	6.44974039795e-05	0	0	0.00715921184172	0	5.37478366496e-05	0	0.000440732260527	0.0136734496437	0.00110720543498	0	0.000859965386393	0	0.000612725337805	0.000537478366496	0.000816967117074	9.67461059692e-05	0	0	0.000171993077279	0.000827716684403	0.00910488352844	0.000644974039795	0.0122867554581	0	0	0.000236490481258	0.00961011319294	0.00111795500231	0.00212841433132	0	0.000139744375289	0.000537478366496	0.00327861803562	0.00552527760758	0.00319262149698	0.000322487019897	7.52469713094e-05	0.00132219678158	0	1.07495673299e-05	0.00701946746643	0.000763219280424	0.00359035548819	0.00284863534243	0.00134369591624	0.00146194115687	0
0	0.00426757822998	0	0	0	0	0	0	0	0.00221441086996	0	0.00134369591624	0	0.00308512582369	0	0	0	0	0	0	0	0	0.00265514313049	0	0.000193492211938	0.0118567727649	0.00241865264923	0.00728820664968	0	0	0	0	0	0	0.000128994807959	0	0.000139744375289	0	0	0	0	0	0	0	0	0	0.000290238317908	0	0.00256914659185	0	0	0	0	0	0	0	0	0	0	0	0.00261214486117	0.000193492211938	0.00164468380148	0	0	0	7.52469713094e-05	0	0	0	0	0.000687972309115	0	0	0	0	0.000558977501156	0	1.07495673299e-05	0	0	0	0	1.07495673299e-05
0	0.00668623087921	0.004203080826	0	0	0	0.000182742644609	0	0.000171993077279	0.0013651950509	0	0.00304212755437	1.07495673299e-05	0.00171993077279	0	1.07495673299e-05	3.22487019897e-05	0.0167370763327	0.00268739183248	0.00253689788986	0	9.67461059692e-05	0.000924462790373	0.000365485289217	0.000730970578434	0.00241865264923	0.0583379018994	0.0164575875821	0.000612725337805	0	1.07495673299e-05	0.000451481827856	0	0	4.29982693197e-05	0	0.0164575875821	0	0	0	0	0	0	0	3.22487019897e-05	0	0	0	0.00247240048588	2.14991346598e-05	0	0.000107495673299	0.00210691519666	1.07495673299e-05	0.00675072828319	0	0	0.000225740913928	0	5.37478366496e-05	0.00246165091855	0.0165543336881	0.00699796833177	0	2.14991346598e-05	0	0.00126844894493	0	0	0	0.00407408601804	0.00714846227439	0.000870714953723	0.000118245240629	0.000182742644609	0	7.52469713094e-05	0.000440732260527	0.00105345759833	0	0	0	0	0
0	0.0156621195997	0.0127812355553	0	0	0	0	2.14991346598e-05	0	0.00337536414159	0	0.000247240048588	0	0.00165543336881	0	0	0.00253689788986	0.0121255119481	0.000494480097176	0.000483730529846	0	3.22487019897e-05	0.0178765304696	0.0127489868533	0.00268739183248	0.00728820664968	0.0164575875821	0.088952669655	2.14991346598e-05	0	1.07495673299e-05	1.07495673299e-05	0	0	0.000139744375289	0	0.0167263267653	0	0	0	0	0	0	0	0.000386984423877	0	1.07495673299e-05	0	0.00227890827394	0	0	0.00303137798704	0.000322487019897	0	0	0	0	0.0174250486418	0.00408483558537	0.000193492211938	0.0049233018371	0.0061810012147	0.031313489632	0	0	0	7.52469713094e-05	0	0	0	0.00239715351457	0.000171993077279	7.52469713094e-05	4.29982693197e-05	0	0	0.000182742644609	0	0	1.07495673299e-05	3.22487019897e-05	0	0	0
0.00117170283896	0	0.000268739183248	0	0.00603050727208	0.000161243509949	0.00356885635353	0.0333774065594	0.00277338837112	0.0169305685446	0.0139851870962	0.00206391692734	0.000193492211938	0	0.00392359207542	0.00165543336881	0.00233265611059	0.000978210627022	0.00205316736001	0.00218216216797	0.00670773001387	0.0184032592688	0.00235415524525	0.00721295967837	0.0305180216496	0	0.000612725337805	2.14991346598e-05	0.102497124491	0.00440732260527	0.0103518333387	0	0	0.000763219280424	0.00112870456964	0.000386984423877	1.07495673299e-05	0	0	0.0058585141948	0	3.22487019897e-05	0	0.000171993077279	0.0100400958861	0.00137594461823	0	0.000795467982414	0	0.000429982693197	0.000333236587227	0.000257989615918	0.000107495673299	0	0	0.000118245240629	0.000128994807959	0.00521354015501	0.000386984423877	0.00959936362561	0	0	0.000644974039795	0.00800842766079	0.000935212357703	0.00192417255205	0	6.44974039795e-05	0.000472980962516	0.00245090135122	0.0110828039171	0.00368710159416	0.00832016511335	0.0040955851527	0.000376234856547	0	0.000257989615918	0.00641749169596	0.000677222741785	0.00253689788986	0.00249389962054	0.0012576993776	0.000698721876444	0
0.00350435894955	0	0	0	3.22487019897e-05	0	0.0037730981328	0.00541778193428	0.00566502198287	2.14991346598e-05	0.00669698044654	0.00199941952336	1.07495673299e-05	0	0.00282713620777	9.67461059692e-05	0	0	0.00145119158954	0.00105345759833	0.000107495673299	0.000279488750578	0	0.000279488750578	0.000472980962516	0	0	0	0.00440732260527	0.0222946026422	0.00870714953723	0	0.000214991346598	0.00405258688338	0.00317112236232	0	0	0	0	0	0	0	0	0	0	0	0	2.14991346598e-05	0	0	0	0	0	0	0	0	0	0	0	0	0	0	0	0	0	0	0	0	0	2.14991346598e-05	7.52469713094e-05	0	0.00291313274641	0.000139744375289	0	0	5.37478366496e-05	0	0	0	0	0	0	0
0.00493405140443	0	0.000698721876444	0	0	0	0.00117170283896	0.0145119158954	0.00247240048588	0	0.00263364399583	0.000429982693197	0	0	0.00566502198287	0	0	0.0012576993776	0.000204241779268	0.0013651950509	0	0.0129102303632	0	0.00735270405366	0.000784718415084	0	1.07495673299e-05	1.07495673299e-05	0.0103518333387	0.00870714953723	0.046233889086	0	0	0.00239715351457	0.00976060713556	0	1.07495673299e-05	0	0	0	0	0	0	0	0	0	0	0	0	0	0	0	1.07495673299e-05	0	0	0	0	0	1.07495673299e-05	0	0	0	0	0	0	0	0	0	0	0	0.000601975770475	0	0.0096316123276	0.000601975770475	1.07495673299e-05	0	3.22487019897e-05	0	0	0	1.07495673299e-05	0	0	0
0	0	0	0	0	0	0	0	0	0	0	0.000204241779268	0	5.37478366496e-05	0	0	0	0	1.07495673299e-05	1.07495673299e-05	0	0	0	0	0	0	0.000451481827856	1.07495673299e-05	0	0	0	0.000451481827856	0	0	0	0	0	0	0	0	0	0	0	0	0	0	0	0	0.000225740913928	0	0	0	0	0	0	0	0	0	0	0	0	2.14991346598e-05	4.29982693197e-05	0	0	0	0.000118245240629	0	0	0	0	0.000279488750578	0	0	0	0	0	0	0.000171993077279	0	0	0	0	0
0	0	0	0	0	0.000558977501156	0	0	4.29982693197e-05	0	0	0.000623474905135	0	0	0.000784718415084	0	0	0	0	0	0	0	0	0	0	0	0	0	0	0.000214991346598	0	0	0.00173068034012	0	0.00139744375289	0	0	0	0	0	0	0	0	0	0	0	0	0	0	0	0	0	0	0	0	0	0	0	0	0	0	0	0	0	0	0	0	0	0	0	0	0	0.000881464521053	0	0	0.000236490481258	3.22487019897e-05	0	0	0	0	0	0	0
0	0	0	0	0	0	0.000483730529846	0.00112870456964	0.000526728799166	0	0.000548227933826	0	0	0	8.59965386393e-05	0	0	0	0	0	0	0.000171993077279	0	0	0.000236490481258	0	0	0	0.000763219280424	0.00405258688338	0.00239715351457	0	0	0.00424607909532	0.000354735721887	0	0	0	0	0	0	0	0	0	0	0	0	0	0	0	0	0	0	0	0	0	0	0	0	0	0	0	0	0	0	0	0	0	0	0	0	0	1.07495673299e-05	0	0	0	0	0	0	0	0	0	0	0
0	0	0	0	0	0.000354735721887	0.00241865264923	0.00165543336881	0.00307437625636	6.44974039795e-05	0.0033431154396	0.0102120889634	0.00150493942619	0.000139744375289	0.00342911197824	7.52469713094e-05	0	0.00428907736464	0.00408483558537	0.0072237092457	0.00211766476399	0.00371935029615	0	0.00421383039333	7.52469713094e-05	0.000128994807959	4.29982693197e-05	0.000139744375289	0.00112870456964	0.00317112236232	0.00976060713556	0	0.00139744375289	0.000354735721887	0.0334849022327	0	1.07495673299e-05	0	0	1.07495673299e-05	0	0	0	3.22487019897e-05	6.44974039795e-05	0	0	0.000139744375289	0	3.22487019897e-05	0	0	1.07495673299e-05	0	0	0	0	0	0	0	0	0	0	1.07495673299e-05	4.29982693197e-05	0	0	1.07495673299e-05	0	0.000150493942619	7.52469713094e-05	2.14991346598e-05	0.0218538703817	5.37478366496e-05	9.67461059692e-05	0.000150493942619	0.000279488750578	7.52469713094e-05	0	7.52469713094e-05	5.37478366496e-05	1.07495673299e-05	6.44974039795e-05	0
0	0	0	0	0	0	0	0	0	0.000515979231836	0	0	0	0	0	0	0	0	0	0	0	0	0	0	0.000515979231836	0	0	0	0.000386984423877	0	0	0	0	0	0	0.0437722381674	0	0	0	0.00160168553216	0	0.0024079030819	0.0104055811754	0.0134692078644	0.00180592731143	0.00381609640212	0.000623474905135	0.000827716684403	0	0.0351188364668	0.000107495673299	0.000623474905135	0.000150493942619	0.000945961925033	0.000247240048588	0.0040955851527	0.000290238317908	0.000150493942619	0.00112870456964	0.00614875251271	0	0.0012576993776	0	0.00810517376676	0.0196717082137	0.0190052350393	6.44974039795e-05	9.67461059692e-05	0	0.00527803755899	0	0	0	0	0	0	0	0.000397733991207	4.29982693197e-05	0.00354735721887	0.000386984423877	0.000193492211938	0.000182742644609	4.29982693197e-05
0	0.0121577606501	0.000182742644609	0	0	0	0	0	0	0.000236490481258	0	0	0	0	0	0	0	0.0118137744956	0	0.000419233125867	0	1.07495673299e-05	0.00188117428274	1.07495673299e-05	6.44974039795e-05	0.000139744375289	0.0164575875821	0.0167263267653	1.07495673299e-05	0	1.07495673299e-05	0	0	0	1.07495673299e-05	0	0.0499209906801	0	0	0	0	0	0	0	0.00507379577972	0	0	0	0.00177367860944	0	0	0.00269814139981	0.00622399948402	0	0.00465456265385	0	0	0.0107388177626	0	0.00426757822998	0.0046008148172	0.0100400958861	0.0322487019897	0	0	0	0	0	0	0.000150493942619	0.00110720543498	0.000591226203145	1.07495673299e-05	0	0	0	0	6.44974039795e-05	0	0.000193492211938	6.44974039795e-05	1.07495673299e-05	0	0
0	0	0	0	0	0	0	0	0	0	0	0	0	0	0	0	0	0	0	0	0	0	0	0	0	0	0	0	0	0	0	0	0	0	0	0	0	0.0378492265686	0	0	0	0	0	0	0	0	0	0	0	0	0	0	0.00836316338267	0	0	0	0.00474055919249	0	0.02733614972	0	0	0.005245788857	0.0117492770916	1.07495673299e-05	0	0.00369785116149	0	0	0	0.000214991346598	0	0	0	0	0	0	0	0	0	0.000118245240629	0.000225740913928	0	0	0
0	0	0	0	0	0	0	0	0	0	0	0	0	0	0	0	0	0	0	0	0	0	0	0	0	0	0	0	0	0	0	0	0	0	0	0	0	0	0	0	0	0	0	0	0	0	0	0	0	0	0	0	0	0	0	0	0	0	0	0	0	0	0	0	0	0	0	0	0	0	0	0	0	0	0	0	0	0	0	0	0	0	0	0
0	0	0	0	0.00185967514808	1.07495673299e-05	2.14991346598e-05	0.00123620024294	1.07495673299e-05	0.00752469713094	0.000150493942619	1.07495673299e-05	0	0	1.07495673299e-05	0	0	0	1.07495673299e-05	1.07495673299e-05	0.000741720145764	0	0	0	0.00715921184172	0	0	0	0.0058585141948	0	0	0	0	0	1.07495673299e-05	0.00160168553216	0	0	0	0.0225418426908	0.000343986154557	0.000161243509949	0.000128994807959	0.000537478366496	0.00408483558537	0.00289163361175	0.000494480097176	0.001042708031	0	0.002085416062	0.000644974039795	0	0	2.14991346598e-05	0	0.00432132606663	0	0	0	0.0140604340675	0	9.67461059692e-05	0	0.0105990733873	0.00361185462285	0.000182742644609	0.000128994807959	0.000204241779268	0	0.00330011717028	0.000139744375289	0	0.000182742644609	6.44974039795e-05	1.07495673299e-05	0	1.07495673299e-05	0.0014726907242	9.67461059692e-05	0.00368710159416	0.00205316736001	0.000795467982414	0.00177367860944	0.000128994807959
0	0	0	0	0	0	0	0	0	1.07495673299e-05	0	1.07495673299e-05	0	0	0	0	0	0	1.07495673299e-05	0	0	0	0	0	0	0	0	0	0	0	0	0	0	0	0	0	0	0	0	0.000343986154557	0.00297763015039	0	0	0.000376234856547	0.000870714953723	0	2.14991346598e-05	0.000505229664506	0	0	0.00119320197362	0	0	0	0	3.22487019897e-05	0	0	0	0.000838466251733	0	0	0	1.07495673299e-05	0.000139744375289	4.29982693197e-05	0	0.000784718415084	0	0.000290238317908	1.07495673299e-05	0	1.07495673299e-05	0	0	0	0	0.000924462790373	0	0.000118245240629	6.44974039795e-05	0.00192417255205	0.000214991346598	2.14991346598e-05
0	0	0	0	4.29982693197e-05	1.07495673299e-05	3.22487019897e-05	0	3.22487019897e-05	0.000268739183248	0	0	7.52469713094e-05	0	0	1.07495673299e-05	0	0	0	0	3.22487019897e-05	0	0	0	5.37478366496e-05	0	0	0	3.22487019897e-05	0	0	0	0	0	0	0.0024079030819	0	0	0	0.000161243509949	0	0.023133068894	0.00255839702452	0.00676147785052	0.000311737452568	0.00691197179314	0	0.00574026895417	0	0.00443957130725	0.00207466649467	0	0	7.52469713094e-05	3.22487019897e-05	0.00307437625636	0	0	0	1.07495673299e-05	0	8.59965386393e-05	0	0.00161243509949	0.00190267341739	0	0	1.07495673299e-05	0	0.000182742644609	0	0	3.22487019897e-05	0	1.07495673299e-05	0	0	0.0015801863975	0	0.000956711492362	0	0.00156943683017	4.29982693197e-05	0
0	0	0	0	0	0	0	0	0	0	0	0	0	0	0	0	0	0	0	0	0	0	0	0	0	0	0	0	0	0	0	0	0	0	0	0.0104055811754	0	0	0	0.000128994807959	0	0.00255839702452	0.0399346426306	0.00723445881303	0	0.00333236587227	0	2.14991346598e-05	0	0.0131574704118	2.14991346598e-05	0	0	0	0	2.14991346598e-05	5.37478366496e-05	0	0	0.00718071097638	0	0	0	0.0169735668139	0.00173068034012	0.0067184795812	0	0	0	1.07495673299e-05	0	0	0	0	0	0	0	0	0	1.07495673299e-05	0	0	0	0
0	0	0	0	5.37478366496e-05	2.14991346598e-05	7.52469713094e-05	0	5.37478366496e-05	0.001042708031	1.07495673299e-05	3.22487019897e-05	8.59965386393e-05	0	0	2.14991346598e-05	0	0	4.29982693197e-05	1.07495673299e-05	2.14991346598e-05	0	0	0	0.000440732260527	0	0	0	0.000171993077279	0	0	0	0	0	3.22487019897e-05	0.0134692078644	0	0	0	0.000537478366496	0.000376234856547	0.00676147785052	0.00723445881303	0.0393864146968	0.000816967117074	0.00155868726284	0.00295613101573	0.00285938490976	0.00119320197362	0.0215421329291	4.29982693197e-05	0.000257989615918	0	0.000322487019897	3.22487019897e-05	0.0044180721726	0.000290238317908	0	0.00116095327163	0.00279488750578	0	0.000591226203145	0	0.00304212755437	0.00940587141368	0.00290238317908	0.00120395154095	0.00455781654788	0	0.00998634804949	0.000290238317908	1.07495673299e-05	0.000214991346598	0	8.59965386393e-05	0	0	0.0044180721726	0.000247240048588	0.00940587141368	0.00252614832253	0.00103195846367	0.00418158169134	0.000279488750578
0	4.29982693197e-05	0	0	0.000849215819063	1.07495673299e-05	0.000182742644609	0.000311737452568	0.000171993077279	0.0162855945048	0.000236490481258	6.44974039795e-05	0.000247240048588	0	0	4.29982693197e-05	0	0	4.29982693197e-05	0	0.000419233125867	0	0.000451481827856	1.07495673299e-05	0.0136734496437	0	3.22487019897e-05	0.000386984423877	0.0100400958861	0	0	0	0	0	6.44974039795e-05	0.00180592731143	0.00507379577972	0	0	0.00408483558537	0.000870714953723	0.000311737452568	0	0.000816967117074	0.0392036720522	0	3.22487019897e-05	0.00362260419018	0.00117170283896	0.00233265611059	0.00241865264923	0.00261214486117	8.59965386393e-05	3.22487019897e-05	0.000139744375289	3.22487019897e-05	0.000204241779268	0.0124694981027	6.44974039795e-05	0.0151461403679	0.00205316736001	0.000182742644609	0.00425682866265	0.000687972309115	0.00422457996066	0.00712696313973	3.22487019897e-05	6.44974039795e-05	0.002085416062	0.00566502198287	0.000752469713094	1.07495673299e-05	0.000365485289217	4.29982693197e-05	5.37478366496e-05	0	2.14991346598e-05	0.0104808281467	0.000429982693197	0.00426757822998	0.00256914659185	0.00528878712632	0.000913713223043	0
0	0	0	0	0.000225740913928	0	0	0.000193492211938	0	0.00120395154095	7.52469713094e-05	1.07495673299e-05	0	0	0	0	0	0	0	0	0.000193492211938	0	0	0	0.00110720543498	0	0	0	0.00137594461823	0	0	0	0	0	0	0.00381609640212	0	0	0	0.00289163361175	0	0.00691197179314	0.00333236587227	0.00155868726284	0	0.0296365571286	0.000354735721887	0.00346136068023	0	0.00472980962516	0.000150493942619	0	0	0.000171993077279	0.000118245240629	0.00462231395186	0	0	0	0.00144044202221	0	0.000268739183248	0	0.00913713223043	0.00601975770475	0	8.59965386393e-05	0.000118245240629	0	0.00261214486117	0.000128994807959	0	2.14991346598e-05	1.07495673299e-05	1.07495673299e-05	0	0	0.000365485289217	4.29982693197e-05	0.00165543336881	0.000945961925033	4.29982693197e-05	0.000730970578434	5.37478366496e-05
0	0	0	0	0	0	0	0	0	0	0	0.000354735721887	0	6.44974039795e-05	0	0	0	0	0	0	0	0	0	0	0	0.000290238317908	0	1.07495673299e-05	0	0	0	0	0	0	0	0.000623474905135	0	0	0	0.000494480097176	2.14991346598e-05	0	0	0.00295613101573	3.22487019897e-05	0.000354735721887	0.0202199361476	0.000118245240629	0.00519204102035	0.00204241779268	0	0	0	0.00185967514808	0.00217141260064	0.00190267341739	0	0	0	0.000300987885238	0.000601975770475	0.0035581067862	0	0.000290238317908	0.00537478366496	4.29982693197e-05	0.00225740913928	0.00202091865802	0	0.00936287314436	0	0.000515979231836	0	0	0	0	0.000419233125867	0.000182742644609	0.000591226203145	0.00352585808421	0.000408483558537	3.22487019897e-05	0.000408483558537	0.000935212357703
0	0	0	0	0.000268739183248	0	0.000752469713094	2.14991346598e-05	0.000709471443774	0.001042708031	0.000472980962516	0.000709471443774	0.000838466251733	0	0	0	0	0	0.000709471443774	8.59965386393e-05	0.000806217549744	0	0	0	0.000859965386393	0	0	0	0.000795467982414	2.14991346598e-05	0	0	0	0	0.000139744375289	0.000827716684403	0	0	0	0.001042708031	0.000505229664506	0.00574026895417	2.14991346598e-05	0.00285938490976	0.00362260419018	0.00346136068023	0.000118245240629	0.0215958807658	0	0.00392359207542	0.00287013447709	0	0	0.000128994807959	0	0.00758919453492	3.22487019897e-05	0	0	0.00233265611059	0	0.000225740913928	0	2.14991346598e-05	0.00384834510411	7.52469713094e-05	2.14991346598e-05	5.37478366496e-05	6.44974039795e-05	0.000795467982414	2.14991346598e-05	0	0.000720221011104	0	0	0	0	0.00126844894493	2.14991346598e-05	0.000494480097176	0.000247240048588	0.00296688058306	0.000204241779268	0
0	0	0	0	0	0	0	0	0	0	0	0.00264439356316	0	0.00308512582369	0	0	0	0	0	0	0	0	0	0	0	0.00256914659185	0.00247240048588	0.00227890827394	0	0	0	0.000225740913928	0	0	0	0	0.00177367860944	0	0	0	0	0	0	0.00119320197362	0.00117170283896	0	0.00519204102035	0	0.0200156943683	0.000591226203145	0	0.000128994807959	0	0.000214991346598	0	0	0	0.00135444548357	0	0.000634224472465	0.0080836746321	0.00250464918787	0.00741720145764	0	0.00156943683017	0	0.00290238317908	0.00120395154095	0	0.00176292904211	0	0.00338611370892	0	0	0	0	0.000483730529846	2.14991346598e-05	0.00140819332022	0.000935212357703	0	1.07495673299e-05	0	0.000343986154557
0	0	0	0	6.44974039795e-05	1.07495673299e-05	5.37478366496e-05	0	5.37478366496e-05	0.00106420716566	0	0	9.67461059692e-05	0	0	2.14991346598e-05	0	3.22487019897e-05	1.07495673299e-05	3.22487019897e-05	2.14991346598e-05	0	0	0	0.000612725337805	0	2.14991346598e-05	0	0.000429982693197	0	0	0	0	0	3.22487019897e-05	0.0351188364668	0	0	0	0.002085416062	0	0.00443957130725	0.0131574704118	0.0215421329291	0.00233265611059	0.00472980962516	0.00204241779268	0.00392359207542	0.000591226203145	0.0580261644469	0.000139744375289	0.000623474905135	0.000150493942619	0.000816967117074	1.07495673299e-05	0.00708396487041	0.000257989615918	0.000150493942619	0.000849215819063	0.00660023434057	0	0.00111795500231	0	0.00868565040257	0.0275833897686	0.0154041299838	0.000849215819063	0.000343986154557	1.07495673299e-05	0.00683672482183	9.67461059692e-05	3.22487019897e-05	0.000161243509949	0	9.67461059692e-05	0	0	0.00253689788986	0.000150493942619	0.00517054188569	0.000311737452568	0.00108570630032	4.29982693197e-05	9.67461059692e-05
0	0	0	0	7.52469713094e-05	0	0	1.07495673299e-05	0	0.000537478366496	0	0	0	0	0	0	0	0	0	0	0	0	0	0	0.000537478366496	0	0	0	0.000333236587227	0	0	0	0	0	0	0.000107495673299	0	0	0	0.000644974039795	0.00119320197362	0.00207466649467	2.14991346598e-05	4.29982693197e-05	0.00241865264923	0.000150493942619	0	0.00287013447709	0	0.000139744375289	0.00582626549281	0	0	1.07495673299e-05	0	0.000569727068485	0	0	0	0.00160168553216	0	1.07495673299e-05	0	0	0.000161243509949	6.44974039795e-05	0	0	0	8.59965386393e-05	0	0	0	0	0	0	0	0.00165543336881	0	5.37478366496e-05	3.22487019897e-05	0.00442882173992	1.07495673299e-05	0
0	0.000118245240629	0	0	0	0	0	1.07495673299e-05	0	0.000290238317908	0	0	0	0	0	0	0.00579401679082	0	0	0	0	0.000483730529846	0.0111473013211	0.0110935534845	0.000816967117074	0	0.000107495673299	0.00303137798704	0.000257989615918	0	0	0	0	0	0	0.000623474905135	0.00269814139981	0	0	0	0	0	0	0.000257989615918	0.00261214486117	0	0	0	0.000128994807959	0.000623474905135	0	0.0331731647801	0.000161243509949	0	3.22487019897e-05	0	0.00275188923646	0.0250142431767	0.00977135670289	0.00841691121932	0.000290238317908	3.22487019897e-05	0.00445032087458	0.000236490481258	0.000171993077279	0.000698721876444	0	0	7.52469713094e-05	0.000214991346598	3.22487019897e-05	2.14991346598e-05	0	1.07495673299e-05	0	0	0	0.00327861803562	0.000967461059692	0.000257989615918	0.000128994807959	2.14991346598e-05	1.07495673299e-05	0
0	0.000472980962516	0.000118245240629	0	0	0	0	0	0	0.000193492211938	0	0	0	0	0	0	1.07495673299e-05	0.00601975770475	0	0	0	0	1.07495673299e-05	2.14991346598e-05	9.67461059692e-05	0	0.00210691519666	0.000322487019897	0.000107495673299	0	1.07495673299e-05	0	0	0	1.07495673299e-05	0.000150493942619	0.00622399948402	0.00836316338267	0	0	0	0	0	0	8.59965386393e-05	0	0	0	0	0.000150493942619	0	0.000161243509949	0.0359788018532	2.14991346598e-05	0.00212841433132	0	0.000537478366496	0.000107495673299	0.00550377847292	6.44974039795e-05	0	0.00805142593011	0.0127489868533	0.000290238317908	2.14991346598e-05	0.00175217947478	0	0	0	0.00217141260064	0.00121470110828	0.000870714953723	1.07495673299e-05	0	0	0	0	0.00159093596483	0.00164468380148	0.0013651950509	0.000655723607125	0	0	0
0	0	0	0	0	0	0	0	0	0	0	0	0	0	0	0	0	0	0	1.07495673299e-05	0	0	0	0	0	0	1.07495673299e-05	0	0	0	0	0	0	0	0	0.000945961925033	0	0	0	2.14991346598e-05	0	7.52469713094e-05	0	0.000322487019897	3.22487019897e-05	0.000171993077279	0.00185967514808	0.000128994807959	0.000214991346598	0.000816967117074	1.07495673299e-05	0	2.14991346598e-05	0.00996484891483	0.00132219678158	0.00177367860944	0.000279488750578	0	0.000859965386393	0.000290238317908	0	0.00804067636278	0.000279488750578	2.14991346598e-05	0.00199941952336	0.000128994807959	0	0.000139744375289	0	0.00287013447709	2.14991346598e-05	1.07495673299e-05	0	0	0	0	0	0.00448256957657	0.00338611370892	0.00278413793845	0.0011502037043	2.14991346598e-05	0.000440732260527	0
0	0.000386984423877	0	0	0	0	0	0	0	0.000247240048588	0	0	0	0	0	0	0	0.00489105313511	0	0.00105345759833	0	0	0	0	0	0	0.00675072828319	0	0	0	0	0	0	0	0	0.000247240048588	0.00465456265385	0	0	0	0	3.22487019897e-05	0	3.22487019897e-05	0.000139744375289	0.000118245240629	0.00217141260064	0	0	1.07495673299e-05	0	3.22487019897e-05	0.00212841433132	0.00132219678158	0.0291850753007	0.000333236587227	0.000107495673299	0	0.00153718812818	3.22487019897e-05	0	0.022971825384	0.000429982693197	6.44974039795e-05	0.000354735721887	4.29982693197e-05	0	1.07495673299e-05	0	0.00840616165199	0.000333236587227	0.000924462790373	0	0	0	0	0	0.00679372655251	0.00622399948402	0.00348285981489	0.00116095327163	0	0.000182742644609	0
0	0	0	0	0	0	0	0	0	0.000204241779268	6.44974039795e-05	0	0	0	1.07495673299e-05	0	0	0	0	0	7.52469713094e-05	0	0	0	0.000171993077279	0	0	0	0.000118245240629	0	0	0	0	0	0	0.0040955851527	0	0	0	0.00432132606663	3.22487019897e-05	0.00307437625636	2.14991346598e-05	0.0044180721726	3.22487019897e-05	0.00462231395186	0.00190267341739	0.00758919453492	0	0.00708396487041	0.000569727068485	0	0	0.00177367860944	0.000333236587227	0.022090360863	0	0	0	0.000730970578434	0	0.00232190654326	0	0.00164468380148	0.0112117987251	0	0.000300987885238	0.000730970578434	0	0.00683672482183	2.14991346598e-05	0	9.67461059692e-05	2.14991346598e-05	0	0	0	5.37478366496e-05	9.67461059692e-05	0.00392359207542	0.00142969245488	0.000118245240629	0.00150493942619	0.000247240048588
