0.0201280058999	0	0.000453024995391	0	0	0	6.84805225591e-05	0.0106039455316	0.00920799641794	0.00124845260358	0.000895514525772	0.000110622382595	0	0	0.0115099955224	4.21418600363e-05	1.05354650091e-05	4.74095925409e-05	5.26773250454e-06	0.000168567440145	0	2.63386625227e-05	0.0008112308057	0.00028972528775	0.00028972528775	0	0.000542576447968	0.000100086917586	0.000816498538204	0.00827560776464	0.00482524297416	0	0	0.00210182526931	0.000732214818132	0.000100086917586	1.58031975136e-05	0	0	0	1.58031975136e-05	3.68741275318e-05	3.68741275318e-05	5.26773250454e-05	0.000647931098059	0	6.84805225591e-05	0	0	5.26773250454e-05	1.58031975136e-05	5.794505755e-05	5.26773250454e-06	1.05354650091e-05	4.74095925409e-05	0	6.32127900545e-05	0.00149603603129	0.000142228777623	0.000505702320436	0	6.32127900545e-05	1.05354650091e-05	0.000200173835173	0.000774356678168	0.00063739563305	0	0	0.000711143888113	0.000542576447968	0.00040561540285	0.000247583427714	0.000832301735718	0.000605789238022	0.000252851160218	2.10709300182e-05	5.26773250454e-06	0.000152764242632	2.63386625227e-05	0.000326599415282	5.26773250454e-05	2.63386625227e-05	5.26773250454e-05	0
0	0.0282561171544	0.0023230700345	0	0	0	1.05354650091e-05	0.000136961045118	7.37482550636e-05	0.0018595095741	5.794505755e-05	4.74095925409e-05	5.794505755e-05	0.000226512497695	2.10709300182e-05	1.05354650091e-05	0.000805963073195	0.00170674533147	0	0.00102194010588	4.21418600363e-05	9.48191850818e-05	0.0062633339479	0.00160139068138	0.00246529881213	0.000858640398241	0.00296046566755	0.0179524323755	0.000189638370164	5.26773250454e-06	0.000105354650091	0	0	0	0.000726947085627	5.26773250454e-06	0.0150920536255	0.000890246793268	0	0	0	0	0	0	2.63386625227e-05	0	5.26773250454e-06	0	1.05354650091e-05	5.26773250454e-06	0	0.000294993020254	0.000263386625227	1.05354650091e-05	5.26773250454e-05	0	0	0.000158031975136	0.000421418600363	0.000247583427714	0.00223351858193	0.00577870255748	0.0142650196223	6.84805225591e-05	1.58031975136e-05	0	0	0	5.26773250454e-06	7.90159875682e-05	0.000742750283141	0.000368741275318	0.000558379645482	1.05354650091e-05	0	0	3.16063950273e-05	0.000237047962704	0.000136961045118	2.63386625227e-05	2.63386625227e-05	0	0	0
0.000453024995391	0.0023230700345	0.0389232754761	0	0	0	0	0.00693233597598	0.000684805225591	5.794505755e-05	5.26773250454e-06	1.58031975136e-05	0	1.58031975136e-05	0.000674269760582	5.26773250454e-06	8.42837200727e-05	0.0066110042932	0	0.000742750283141	0	0.00319751363026	7.90159875682e-05	0.013301024574	0.000100086917586	1.58031975136e-05	0.0108725998894	0.00981378565596	0.00400347670345	0	0.00715884847367	0	0	0	0.000215977032686	1.05354650091e-05	0.0116574920326	0.00535728395712	0	0	5.26773250454e-06	2.10709300182e-05	5.26773250454e-06	2.63386625227e-05	4.21418600363e-05	0	0.000105354650091	0	0	1.58031975136e-05	1.05354650091e-05	0.000653198830563	0.00164880027392	0.0001158901151	0.000142228777623	0	5.26773250454e-05	0.000547844180473	0.00124845260358	0.000616324703032	1.58031975136e-05	0.00443016303632	0.00696921010351	0.000163299707641	6.84805225591e-05	1.58031975136e-05	0	0	6.32127900545e-05	0.000711143888113	0.0020860220718	0.000468828192904	0.00111149155846	0.000453024995391	0	0	5.26773250454e-06	0.000616324703032	0.000179102905154	0.000337134880291	7.37482550636e-05	1.05354650091e-05	1.05354650091e-05	0
0	0	0	0	0	0	0	0	0	0	0	0	0	0	0	0	0	0	0	0	0	0	0	0	0	0	0	0	0	0	0	0	0	0	0	0	0	0	0	0	0	0	0	0	0	0	0	0	0	0	0	0	0	0	0	0	0	0	0	0	0	0	0	0	0	0	0	0	0	0	0	0	0	0	0	0	0	0	0	0	0	0	0	0
0	0	0	0	0.0180367160956	0	0.000247583427714	0.00264966944979	0.000215977032686	0.00103247557089	0.00132220085864	4.21418600363e-05	0.00261279532225	0	7.37482550636e-05	0.000152764242632	0	0	0	1.58031975136e-05	0.00516237785445	0	0	0	0.00953459583322	0	5.26773250454e-05	3.68741275318e-05	0.00792266968683	9.48191850818e-05	0	0	0	0	6.84805225591e-05	0	0	0	0	0.00319751363026	0	9.48191850818e-05	0	5.26773250454e-06	0.0019753996892	0.00164353254142	3.68741275318e-05	0.000368741275318	0	5.26773250454e-06	6.84805225591e-05	0	0	1.05354650091e-05	5.26773250454e-06	0.00364000316064	0	0	0	0.00387178339084	0	2.63386625227e-05	1.05354650091e-05	0.00200700608423	2.10709300182e-05	0	5.26773250454e-06	0	5.26773250454e-06	0.000105354650091	5.26773250454e-06	0	0.000100086917586	5.26773250454e-06	0.000136961045118	5.26773250454e-06	0	3.16063950273e-05	1.05354650091e-05	0.000100086917586	5.26773250454e-06	8.42837200727e-05	1.05354650091e-05	0
0	0	0	0	0	0.00667421708326	0.00233887323202	0.000258118892723	0.00181736771407	5.794505755e-05	0.000294993020254	0.000121157847604	0.000305528485264	1.58031975136e-05	0.000368741275318	0.00200173835173	0	0	5.26773250454e-06	0	0.000337134880291	1.05354650091e-05	5.26773250454e-06	1.05354650091e-05	1.58031975136e-05	0	1.58031975136e-05	5.26773250454e-06	0.000200173835173	0.000568915110491	1.58031975136e-05	0	0.00240735375458	0	0.000505702320436	0	0	0	0	0	0	0	0	5.26773250454e-06	0	0	3.16063950273e-05	0	0	2.63386625227e-05	0	0	0	1.58031975136e-05	5.26773250454e-06	0	5.26773250454e-06	5.26773250454e-06	5.26773250454e-06	0	0	5.26773250454e-06	0	0	4.74095925409e-05	0	0	5.26773250454e-06	0	0.0001158901151	0.000605789238022	0	0.000358205810309	2.10709300182e-05	0.00189638370164	0.000726947085627	0	1.05354650091e-05	0	0.000136961045118	0	0	2.10709300182e-05	0
6.84805225591e-05	1.05354650091e-05	0	0	0.000247583427714	0.00233887323202	0.0338978586667	0.0110780414571	0.0172676271499	0.000352938077804	0.0162825611715	0.000105354650091	0.00402454763347	5.26773250454e-06	0.00366107409066	0.00315010403772	5.26773250454e-06	0	0	1.05354650091e-05	0.0031290331077	1.05354650091e-05	2.10709300182e-05	2.10709300182e-05	0.000510970052941	5.26773250454e-06	1.58031975136e-05	4.21418600363e-05	0.00346616798799	0.00110095609345	0.000226512497695	0	0.0008112308057	0.000152764242632	0.000374009007823	0	5.26773250454e-06	0	0	5.26773250454e-06	0	1.05354650091e-05	0	1.05354650091e-05	0.000105354650091	0	4.21418600363e-05	0	0	7.90159875682e-05	0	0	5.26773250454e-06	6.32127900545e-05	8.42837200727e-05	0	0.0001158901151	0.000505702320436	0.000247583427714	6.84805225591e-05	0	4.21418600363e-05	0	1.58031975136e-05	0.000158031975136	7.37482550636e-05	0	0	1.05354650091e-05	0.000431954065373	0.000273922090236	2.10709300182e-05	0.000273922090236	5.794505755e-05	0.000816498538204	0.000252851160218	5.26773250454e-06	0.000131693312614	5.26773250454e-06	0.000495166855427	3.68741275318e-05	5.26773250454e-06	1.58031975136e-05	0
0.0106039455316	0.000136961045118	0.00693233597598	0	0.00264966944979	0.000258118892723	0.0110780414571	0.0871704374852	0.0299470592883	0.00134853952116	0.0290252061	0.00138014591619	0.000716411620618	5.794505755e-05	0.0189427660863	0.00102720783839	0.000252851160218	0.00150130376379	2.10709300182e-05	0.00295519793505	0.00311322991019	0.00268654357732	0.000484631390418	0.0102615429189	0.0038243737983	2.63386625227e-05	0.006379224063	0.00270761450734	0.0314114889246	0.00683224905839	0.0157821265836	0	0.000237047962704	0.00212289619933	0.0084599784023	7.37482550636e-05	0.000410883135354	0.000447757262886	0	0.00121684620855	5.26773250454e-06	0.000389812205336	4.74095925409e-05	0.000442489530382	0.00119050754603	0.000584718308004	0.000584718308004	0.000163299707641	2.10709300182e-05	0.0003476703453	1.05354650091e-05	4.21418600363e-05	0.000263386625227	0.000273922090236	0.000532040982959	0.000595253773013	0.00040561540285	0.00333974240788	0.00221244765191	0.0047514947191	1.58031975136e-05	0.00105881423341	0.000389812205336	0.00233887323202	0.000742750283141	0.000421418600363	5.26773250454e-06	5.26773250454e-06	0.000210709300182	0.00310796217768	0.0032501909553	0.00201227381674	0.0109410804119	0.00390338978587	0.000758553480654	0.000316063950273	0.000832301735718	0.000700608423104	0.000142228777623	0.00296046566755	0.000389812205336	6.32127900545e-05	0.000221244765191	1.05354650091e-05
0.00920799641794	7.37482550636e-05	0.000684805225591	0	0.000215977032686	0.00181736771407	0.0172676271499	0.0299470592883	0.0624858429689	0.000805963073195	0.0198382806121	0.00399820897095	0.00171201306398	6.32127900545e-05	0.0299523270208	0.00258118892723	0.000210709300182	0.000352938077804	0.000142228777623	0.00326072642031	0.0042879342587	5.794505755e-05	0.000721679353122	0.000410883135354	0.000784892143177	3.68741275318e-05	0.0048673848342	0.00341875839545	0.00540996128217	0.0111359865146	0.00386124792583	5.26773250454e-06	0.00107461743093	0.000263386625227	0.0081175757895	8.42837200727e-05	3.68741275318e-05	0	0	5.794505755e-05	2.10709300182e-05	0.000500434587932	3.68741275318e-05	0.000595253773013	0.000563647377986	1.58031975136e-05	0.000442489530382	2.63386625227e-05	2.10709300182e-05	0.000516237785445	2.10709300182e-05	2.10709300182e-05	4.74095925409e-05	0.000516237785445	0.000906049990781	2.63386625227e-05	0.000221244765191	0.00194906102668	0.000663734295572	0.00158558748387	2.10709300182e-05	0.000774356678168	7.90159875682e-05	0.000358205810309	0.00147496510127	0.000331867147786	0	5.26773250454e-06	0.00028972528775	0.00296573340006	0.00158031975136	0.000584718308004	0.00786999236179	0.000647931098059	0.000779624410672	0.000273922090236	4.21418600363e-05	0.000447757262886	9.48191850818e-05	0.00292359154002	0.000136961045118	3.68741275318e-05	0.000194906102668	5.26773250454e-06
0.00124845260358	0.0018595095741	5.794505755e-05	0	0.00103247557089	5.794505755e-05	0.000352938077804	0.00134853952116	0.000805963073195	0.0338767877367	0.00119050754603	8.95514525772e-05	0.00123264940606	0.000147496510127	0.000605789238022	0.00137487818369	0.000895514525772	0.000279189822741	5.26773250454e-05	0.000442489530382	0.000179102905154	0.00259699212474	0.00799115020939	0.0013959491137	0.0173993204625	0.000516237785445	0.000669002028077	0.000790159875682	0.0104880554165	0.00188584823663	0.000863908130745	0	1.05354650091e-05	0.000516237785445	0.000421418600363	0.000674269760582	5.26773250454e-05	8.42837200727e-05	0	0.00193852556167	0	0.0002317802302	0.000674269760582	0.000252851160218	0.0127426449285	0.000110622382595	0.000121157847604	0.000168567440145	0	0.000142228777623	0.000237047962704	0.0009271209208	5.26773250454e-06	2.10709300182e-05	5.26773250454e-06	0.0018542418416	0.00214396712935	0.00960307635578	0.00017383517265	0.00881818421261	1.05354650091e-05	6.84805225591e-05	0.000147496510127	0.00476729791661	0.00328706508284	0.00503595227434	0	0	0.00300787526009	0.00385071246082	0.00209655753681	0.00126425580109	0.00040561540285	7.37482550636e-05	0.000848104933231	5.26773250454e-06	2.63386625227e-05	0.00112202702347	0.000142228777623	0.0027866304949	0.000532040982959	0.000500434587932	4.21418600363e-05	0
0.000895514525772	5.794505755e-05	5.26773250454e-06	0	0.00132220085864	0.000294993020254	0.0162825611715	0.0290252061	0.0198382806121	0.00119050754603	0.0524086706877	0.0019753996892	0.00298153659757	4.74095925409e-05	0.00554692232728	0.000790159875682	0.000189638370164	0.000326599415282	5.26773250454e-05	0.00247056654463	0.00368214502068	4.74095925409e-05	0.000379276740327	0.000100086917586	0.00116943661601	2.10709300182e-05	0.00248636974214	0.00206495114178	0.0135644111992	0.00512550372692	9.48191850818e-05	0	0.000189638370164	0.000121157847604	0.00673742987331	0	0	0	0	0.00126425580109	0	4.21418600363e-05	0	5.26773250454e-06	0.000974530513341	0.000669002028077	6.32127900545e-05	6.84805225591e-05	2.10709300182e-05	9.48191850818e-05	5.26773250454e-05	0	0	6.32127900545e-05	7.37482550636e-05	0.00201754154924	0	1.58031975136e-05	5.26773250454e-06	0.00221771538441	2.10709300182e-05	0.000126425580109	3.68741275318e-05	0.000758553480654	0.000152764242632	0	0	0	1.05354650091e-05	0.000442489530382	0.00117997208102	0.000215977032686	0.00713777754366	0.000663734295572	0.000126425580109	0.000189638370164	5.26773250454e-06	8.42837200727e-05	0	0.000437221797877	3.68741275318e-05	8.42837200727e-05	1.05354650091e-05	0
0.000110622382595	4.74095925409e-05	1.58031975136e-05	0	4.21418600363e-05	0.000121157847604	0.000105354650091	0.00138014591619	0.00399820897095	8.95514525772e-05	0.0019753996892	0.027218373851	0.000268654357732	0.00448284036137	0.0028972528775	8.95514525772e-05	4.74095925409e-05	0.00140121684621	0.00116943661601	0.00640029499302	0.000842837200727	0.000136961045118	8.95514525772e-05	0.000395079937841	7.37482550636e-05	0.00152764242632	0.00940290252061	0.00598941185767	0.000384544472832	0.00565227697738	0.00117997208102	0.000821766270709	0.000100086917586	4.21418600363e-05	0.0120315010404	1.05354650091e-05	0.000110622382595	0	0	5.26773250454e-06	0	5.26773250454e-06	0	4.74095925409e-05	0.000105354650091	5.26773250454e-06	0.00293412700503	0	0.00169620986646	4.21418600363e-05	0	0	1.58031975136e-05	0.000505702320436	0.000247583427714	5.26773250454e-06	0	0.000126425580109	1.05354650091e-05	5.26773250454e-06	0.00159612294888	0.0010377433034	0.000352938077804	1.05354650091e-05	8.95514525772e-05	5.26773250454e-05	0.000658466563068	5.26773250454e-06	3.16063950273e-05	0.000168567440145	0.00343982932547	0.00631601127295	0.00890773566518	0.00252851160218	3.68741275318e-05	5.26773250454e-06	0.00100613690837	3.16063950273e-05	0.00203861247926	0.000247583427714	1.58031975136e-05	5.26773250454e-06	4.74095925409e-05	0.000853372665736
0	5.794505755e-05	0	0	0.00261279532225	0.000305528485264	0.00402454763347	0.000716411620618	0.00171201306398	0.00123264940606	0.00298153659757	0.000268654357732	0.0286880712197	0	0.000963995048331	0.00142228777623	5.26773250454e-06	1.05354650091e-05	0	0.000126425580109	0.0122527458056	1.05354650091e-05	8.42837200727e-05	1.58031975136e-05	0.00133273632365	5.26773250454e-06	0.000252851160218	0.000242315695209	0.00123791713857	0.000895514525772	0	0	0.000194906102668	0	0.000542576447968	5.26773250454e-06	2.63386625227e-05	0	0	5.794505755e-05	0	0.00182263544657	0	0.000674269760582	0.000358205810309	0.00184370637659	0.000247583427714	0.00582084441752	0	0.000189638370164	0.000352938077804	5.26773250454e-06	5.26773250454e-06	0.000316063950273	0.000221244765191	0.000921853188295	5.26773250454e-06	2.10709300182e-05	1.05354650091e-05	0.0001158901151	0	0.000126425580109	4.21418600363e-05	5.26773250454e-05	0.0005794505755	5.26773250454e-06	0	0.000147496510127	5.26773250454e-06	0.000563647377986	5.794505755e-05	1.05354650091e-05	0.000526773250454	0	0.00063739563305	1.58031975136e-05	0	3.16063950273e-05	2.63386625227e-05	0.000489899122923	3.16063950273e-05	4.21418600363e-05	5.26773250454e-06	0
0	0.000226512497695	1.58031975136e-05	0	0	1.58031975136e-05	5.26773250454e-06	5.794505755e-05	6.32127900545e-05	0.000147496510127	4.74095925409e-05	0.00448284036137	0	0.0174783364501	1.58031975136e-05	5.26773250454e-06	0	5.26773250454e-05	0.000105354650091	0.000179102905154	1.58031975136e-05	1.58031975136e-05	0.000158031975136	2.10709300182e-05	0	0.0086917586325	0.0033660810704	0.00476729791661	1.05354650091e-05	8.95514525772e-05	1.58031975136e-05	0.000848104933231	0	0	0.0002317802302	0	0.000242315695209	0	0	0	0	1.05354650091e-05	0	5.26773250454e-05	0.000168567440145	5.26773250454e-06	0.00469354966155	5.26773250454e-06	0.00559959965233	3.16063950273e-05	0	5.26773250454e-06	0	0.000131693312614	1.05354650091e-05	0	0	0.00017383517265	5.26773250454e-06	2.63386625227e-05	0.00501488134433	0.00400874443596	0.00172781626149	0	2.10709300182e-05	5.26773250454e-06	0.00307108805015	5.26773250454e-06	5.26773250454e-06	8.95514525772e-05	0.000252851160218	0.00237574735955	0.000621592435536	0.000168567440145	0	1.05354650091e-05	0.000969262780836	5.26773250454e-06	0.00242842468459	0.000184370637659	2.10709300182e-05	0	4.74095925409e-05	0.00128532673111
0.0115099955224	2.10709300182e-05	0.000674269760582	0	7.37482550636e-05	0.000368741275318	0.00366107409066	0.0189427660863	0.0299523270208	0.000605789238022	0.00554692232728	0.0028972528775	0.000963995048331	1.58031975136e-05	0.0418995443411	0.00075328574815	1.05354650091e-05	4.74095925409e-05	0.000184370637659	0.000553111912977	0.00149076829879	1.58031975136e-05	0.000426686332868	0.000363473542813	0.00028972528775	1.05354650091e-05	0.00202807701425	0.00075328574815	0.00192272236416	0.0147601864777	0.0038296415308	2.10709300182e-05	0.000732214818132	0.00191218689915	0.00464614006901	3.68741275318e-05	4.21418600363e-05	0	0	5.794505755e-05	1.58031975136e-05	0.000321331682777	3.68741275318e-05	0.000384544472832	0.000431954065373	1.05354650091e-05	0.000242315695209	2.63386625227e-05	0	0.000284457555245	2.10709300182e-05	2.63386625227e-05	2.10709300182e-05	0.000321331682777	0.000368741275318	2.10709300182e-05	0.000105354650091	0.00131166539363	0.000400347670345	0.00119050754603	0	0.000221244765191	4.21418600363e-05	0.000284457555245	0.00100086917586	0.000268654357732	0	5.26773250454e-06	0.00028972528775	0.00173308399399	0.000953459583322	0.000368741275318	0.00310796217768	0.000642663365554	0.00040561540285	6.84805225591e-05	2.63386625227e-05	0.000252851160218	7.37482550636e-05	0.00161719387889	5.794505755e-05	2.63386625227e-05	7.37482550636e-05	0
4.21418600363e-05	1.05354650091e-05	5.26773250454e-06	0	0.000152764242632	0.00200173835173	0.00315010403772	0.00102720783839	0.00258118892723	0.00137487818369	0.000790159875682	8.95514525772e-05	0.00142228777623	5.26773250454e-06	0.00075328574815	0.0124687228383	0.0002317802302	0	0	0	0.000858640398241	0.00109042062844	7.37482550636e-05	0.00126425580109	0.00100086917586	0	2.10709300182e-05	5.26773250454e-05	0.00183843864409	0.000389812205336	0.000247583427714	0	0.00052150551795	0	0.000210709300182	0	0	0	0	1.58031975136e-05	0	5.26773250454e-06	0	5.26773250454e-06	5.794505755e-05	0	2.10709300182e-05	1.05354650091e-05	0	1.58031975136e-05	5.26773250454e-06	5.26773250454e-06	0	2.63386625227e-05	2.10709300182e-05	1.58031975136e-05	1.58031975136e-05	8.42837200727e-05	4.21418600363e-05	4.21418600363e-05	0	5.26773250454e-06	1.05354650091e-05	4.74095925409e-05	6.84805225591e-05	5.26773250454e-06	0	0	2.10709300182e-05	0.000158031975136	0.00150130376379	3.68741275318e-05	0.000221244765191	0.000205441567677	0.00316590723523	0.000200173835173	0	0.000126425580109	1.05354650091e-05	0.000163299707641	4.21418600363e-05	1.58031975136e-05	0	0
1.05354650091e-05	0.000805963073195	8.42837200727e-05	0	0	0	5.26773250454e-06	0.000252851160218	0.000210709300182	0.000895514525772	0.000189638370164	4.74095925409e-05	5.26773250454e-06	0	1.05354650091e-05	0.0002317802302	0.0203703215951	0.00112202702347	1.05354650091e-05	0.000937656385809	9.48191850818e-05	0.00340295519794	0.00984012431849	0.0067268944083	0.00619485342534	0	0.00109042062844	0.00479890431164	0.00337134880291	0	9.48191850818e-05	0	0	0	0.000842837200727	5.26773250454e-06	9.48191850818e-05	2.63386625227e-05	0	0	0	5.26773250454e-06	0	5.26773250454e-06	2.63386625227e-05	0	1.05354650091e-05	0	0	0	0	0.000300260752759	0	5.26773250454e-06	2.63386625227e-05	0	0.00145389417125	0.00439328890879	0.00212816393184	0.000110622382595	5.26773250454e-05	0.000131693312614	0.000152764242632	0.000416150867859	2.63386625227e-05	0.000906049990781	0	0	2.10709300182e-05	0.000105354650091	0.00332920694287	0.000647931098059	0.000821766270709	7.90159875682e-05	0	0	5.26773250454e-06	0.000221244765191	0.000100086917586	0.000136961045118	3.16063950273e-05	2.63386625227e-05	0	0
4.74095925409e-05	0.00170674533147	0.0066110042932	0	0	0	0	0.00150130376379	0.000352938077804	0.000279189822741	0.000326599415282	0.00140121684621	1.05354650091e-05	5.26773250454e-05	4.74095925409e-05	0	0.00112202702347	0.0309848025917	0.0002317802302	0.0102773461164	0.000226512497695	0.00270234677483	0.00137487818369	0.00725366765876	0.00106934969842	2.63386625227e-05	0.00782258276925	0.00887086153765	0.00100613690837	0.000215977032686	0.00626860168041	0	0	5.26773250454e-06	0.00582611215003	1.58031975136e-05	0.00179102905154	0.000484631390418	0	0	0	5.26773250454e-06	0	1.05354650091e-05	0	1.05354650091e-05	0.000421418600363	5.26773250454e-06	0.000100086917586	0	0	7.37482550636e-05	1.58031975136e-05	0.000352938077804	0.000221244765191	0	1.58031975136e-05	0.000221244765191	1.58031975136e-05	5.26773250454e-05	0.000321331682777	0.00346616798799	0.00148023283378	1.58031975136e-05	4.21418600363e-05	3.16063950273e-05	0.000194906102668	0	3.68741275318e-05	0.000331867147786	0.00132220085864	0.00123264940606	0.003476703453	0.000774356678168	0	0	0	5.794505755e-05	0.000126425580109	0.000389812205336	0.000158031975136	0	5.26773250454e-06	0
5.26773250454e-06	0	0	0	0	5.26773250454e-06	0	2.10709300182e-05	0.000142228777623	5.26773250454e-05	5.26773250454e-05	0.00116943661601	0	0.000105354650091	0.000184370637659	0	1.05354650091e-05	0.0002317802302	0.00251797613717	0.00177522585403	1.58031975136e-05	0.000147496510127	2.10709300182e-05	0.000179102905154	3.68741275318e-05	5.794505755e-05	0.00117470434851	0.0002317802302	0.0001158901151	0.000252851160218	0.000163299707641	5.26773250454e-06	0	5.26773250454e-06	0.000384544472832	5.26773250454e-06	2.10709300182e-05	0	0	0	0	5.26773250454e-06	0	5.26773250454e-06	5.26773250454e-06	0	1.05354650091e-05	0	0	0	0	0	1.05354650091e-05	5.26773250454e-06	0	0	1.05354650091e-05	4.74095925409e-05	0	1.05354650091e-05	1.05354650091e-05	3.16063950273e-05	2.63386625227e-05	1.05354650091e-05	1.58031975136e-05	2.10709300182e-05	5.26773250454e-06	0	1.58031975136e-05	4.21418600363e-05	0.00040561540285	0.000400347670345	0.000553111912977	7.37482550636e-05	0	0	0	0	0	4.21418600363e-05	1.05354650091e-05	0	5.26773250454e-06	0
0.000168567440145	0.00102194010588	0.000742750283141	0	1.58031975136e-05	0	1.05354650091e-05	0.00295519793505	0.00326072642031	0.000442489530382	0.00247056654463	0.00640029499302	0.000126425580109	0.000179102905154	0.000553111912977	0	0.000937656385809	0.0102773461164	0.00177522585403	0.0310058735217	0.000990333710854	0.0008112308057	0.00184897410909	0.00176469038902	0.00107988516343	0.000136961045118	0.0146074222351	0.00725366765876	0.000890246793268	0.00172254852899	0.00385598019333	0	0	4.21418600363e-05	0.0131061184713	1.58031975136e-05	0.000263386625227	1.05354650091e-05	0	0	0	1.58031975136e-05	5.26773250454e-06	3.68741275318e-05	5.794505755e-05	1.58031975136e-05	0.000642663365554	1.05354650091e-05	0.000168567440145	1.58031975136e-05	0	2.10709300182e-05	1.58031975136e-05	0.00103247557089	0.000510970052941	5.26773250454e-06	6.32127900545e-05	0.000252851160218	5.26773250454e-06	3.16063950273e-05	0.00226512497695	0.00395606711091	0.00229146363948	7.37482550636e-05	0.000105354650091	5.794505755e-05	0.000263386625227	1.05354650091e-05	5.26773250454e-05	0.000205441567677	0.00597360866015	0.00289198514499	0.00864961677246	0.00152237469381	0	0	0	4.74095925409e-05	0.000168567440145	0.0002317802302	3.68741275318e-05	0	5.26773250454e-06	0
0	4.21418600363e-05	0	0	0.00516237785445	0.000337134880291	0.0031290331077	0.00311322991019	0.0042879342587	0.000179102905154	0.00368214502068	0.000842837200727	0.0122527458056	1.58031975136e-05	0.00149076829879	0.000858640398241	9.48191850818e-05	0.000226512497695	1.58031975136e-05	0.000990333710854	0.0217293965812	2.63386625227e-05	0.000226512497695	2.63386625227e-05	0.0018595095741	1.05354650091e-05	0.00117470434851	0.000911317723286	0.00283404008744	0.00178576131904	2.63386625227e-05	0	0.000252851160218	0	0.0027866304949	0	0	0	0	8.42837200727e-05	0	0	0	0	0.000110622382595	2.63386625227e-05	5.26773250454e-06	5.26773250454e-06	0	0	1.58031975136e-05	0	0	5.26773250454e-06	0.000179102905154	0.000105354650091	0	0	0	0.000110622382595	0	0.000200173835173	1.05354650091e-05	3.68741275318e-05	0	0	0	0	0	3.68741275318e-05	0.000358205810309	0.000200173835173	0.00283404008744	3.16063950273e-05	9.48191850818e-05	3.68741275318e-05	5.26773250454e-06	5.26773250454e-06	0	4.21418600363e-05	5.26773250454e-06	1.58031975136e-05	5.26773250454e-06	0
2.63386625227e-05	9.48191850818e-05	0.00319751363026	0	0	1.05354650091e-05	1.05354650091e-05	0.00268654357732	5.794505755e-05	0.00259699212474	4.74095925409e-05	0.000136961045118	1.05354650091e-05	1.58031975136e-05	1.58031975136e-05	0.00109042062844	0.00340295519794	0.00270234677483	0.000147496510127	0.0008112308057	2.63386625227e-05	0.037084836832	0.00454605315142	0.0221666183791	0.000863908130745	5.26773250454e-06	0.00286564648247	0.000742750283141	0.00590512813759	0.000126425580109	0.0118892722628	0	0	3.68741275318e-05	0.00386651565833	0.000105354650091	0.00017383517265	0.000131693312614	0	0	0	1.58031975136e-05	0	0	1.58031975136e-05	1.05354650091e-05	5.26773250454e-05	1.58031975136e-05	0	5.26773250454e-06	0	0.000284457555245	0.000100086917586	5.26773250454e-06	7.90159875682e-05	5.26773250454e-06	0.00261279532225	0.0090446967103	0.00190165143414	0.000110622382595	2.10709300182e-05	0.00017383517265	0.0002317802302	0.00135907498617	0.00202807701425	0.00371901914821	0	0	0.00215977032686	0.00402981536598	0.00183843864409	0.00164353254142	0.0030184107251	0.000658466563068	5.26773250454e-05	2.10709300182e-05	5.26773250454e-06	0.000131693312614	8.42837200727e-05	0.00124845260358	0.000284457555245	3.68741275318e-05	0	0
0.0008112308057	0.0062633339479	7.90159875682e-05	0	0	5.26773250454e-06	2.10709300182e-05	0.000484631390418	0.000721679353122	0.00799115020939	0.000379276740327	8.95514525772e-05	8.42837200727e-05	0.000158031975136	0.000426686332868	7.37482550636e-05	0.00984012431849	0.00137487818369	2.10709300182e-05	0.00184897410909	0.000226512497695	0.00454605315142	0.0371849237496	0.00945557984566	0.00929228013801	0.000647931098059	0.00149603603129	0.0110306318645	0.0022071799194	0.000853372665736	0.000816498538204	0	0	0.000258118892723	0.00176469038902	1.58031975136e-05	0.00219664445439	0.000705876155609	0	0	0	5.26773250454e-06	4.21418600363e-05	0	0.00101667237338	1.05354650091e-05	1.05354650091e-05	0	0	1.05354650091e-05	0	0.00168040666895	0.000131693312614	5.26773250454e-06	3.68741275318e-05	0	0.0022019121869	0.0151499986831	0.00647931098059	0.00154344562383	8.95514525772e-05	0.0001158901151	0.00396660257592	0.00224405404694	0.000294993020254	0.00249163747465	0	0	0.0002317802302	0.000732214818132	0.00250744067216	0.0015065714963	0.00158031975136	7.90159875682e-05	0	1.05354650091e-05	3.16063950273e-05	0.000537308715463	0.000158031975136	0.000205441567677	5.794505755e-05	5.26773250454e-05	0	0
0.00028972528775	0.00160139068138	0.013301024574	0	0	1.05354650091e-05	2.10709300182e-05	0.0102615429189	0.000410883135354	0.0013959491137	0.000100086917586	0.000395079937841	1.58031975136e-05	2.10709300182e-05	0.000363473542813	0.00126425580109	0.0067268944083	0.00725366765876	0.000179102905154	0.00176469038902	2.63386625227e-05	0.0221666183791	0.00945557984566	0.0799009666289	0.00105354650091	1.05354650091e-05	0.00688492638344	0.0141965390997	0.0108093870993	2.10709300182e-05	0.0123054231306	0	0	0	0.00369794821819	0.000158031975136	0.00210709300182	0.00303948165512	0	0	0	0.000237047962704	0	2.10709300182e-05	0.000221244765191	0.000194906102668	0.000121157847604	6.32127900545e-05	1.58031975136e-05	4.74095925409e-05	5.26773250454e-06	0.000489899122923	0.00153817789133	5.794505755e-05	0.000221244765191	1.05354650091e-05	0.00400347670345	0.0221139410541	0.015639897806	0.000152764242632	2.63386625227e-05	0.00159085521637	0.00396133484342	0.00121157847604	0.000426686332868	0.00271288223984	1.58031975136e-05	5.26773250454e-06	0.000421418600363	0.00292885927253	0.0101193141412	0.0045197144889	0.00351357758053	0.00167513893644	6.32127900545e-05	1.58031975136e-05	3.68741275318e-05	0.000674269760582	0.0003476703453	0.00172254852899	0.00052150551795	5.794505755e-05	0	1.05354650091e-05
0.00028972528775	0.00246529881213	0.000100086917586	0	0.00953459583322	1.58031975136e-05	0.000510970052941	0.0038243737983	0.000784892143177	0.0173993204625	0.00116943661601	7.37482550636e-05	0.00133273632365	0	0.00028972528775	0.00100086917586	0.00619485342534	0.00106934969842	3.68741275318e-05	0.00107988516343	0.0018595095741	0.000863908130745	0.00929228013801	0.00105354650091	0.0528880343456	0.000179102905154	0.000995601443359	0.00316590723523	0.0236731898754	0.00133273632365	0.00109042062844	0	1.05354650091e-05	0.00112202702347	0.00150130376379	0.000284457555245	8.42837200727e-05	2.10709300182e-05	0	0.00362419996313	1.05354650091e-05	0.000400347670345	0.000990333710854	0.000416150867859	0.011067505992	0.000758553480654	0.000358205810309	0.000215977032686	0	0.000237047962704	0.000136961045118	0.000568915110491	1.05354650091e-05	0.000131693312614	1.58031975136e-05	0.00277082729739	0.000305528485264	0.00224405404694	2.63386625227e-05	0.0102404719888	3.16063950273e-05	0.000205441567677	0.000163299707641	0.00412463455106	0.00133800405615	0.00136434271868	5.26773250454e-06	5.26773250454e-06	0.0009271209208	0.00372955461322	0.00389285432086	0.00131693312614	0.00160139068138	0.00107461743093	0.00086917586325	0.000110622382595	0.000247583427714	0.00145389417125	0.000205441567677	0.00331867147786	0.000742750283141	0.000331867147786	0.000100086917586	0
0	0.000858640398241	1.58031975136e-05	0	0	0	5.26773250454e-06	2.63386625227e-05	3.68741275318e-05	0.000516237785445	2.10709300182e-05	0.00152764242632	5.26773250454e-06	0.0086917586325	1.05354650091e-05	0	0	2.63386625227e-05	5.794505755e-05	0.000136961045118	1.05354650091e-05	5.26773250454e-06	0.000647931098059	1.05354650091e-05	0.000179102905154	0.0121895330155	0.00174888719151	0.00479363657913	0	4.74095925409e-05	5.26773250454e-06	4.74095925409e-05	0	0	0.0001158901151	0	0.000100086917586	0	0	0	0	0	0	0	6.32127900545e-05	0	0.00251797613717	0	0.00473569152158	0	0	5.26773250454e-06	0	6.32127900545e-05	0	0	0	6.84805225591e-05	0	1.05354650091e-05	0.00526246477204	0.00376642874075	0.00308689124766	0	0	0	0.00224932177944	0	0	1.05354650091e-05	0.000100086917586	0.00028972528775	0.000226512497695	2.10709300182e-05	0	0	0.000374009007823	2.10709300182e-05	0.000611056970527	1.58031975136e-05	5.26773250454e-06	0	0	0.000152764242632
0.000542576447968	0.00296046566755	0.0108725998894	0	5.26773250454e-05	1.58031975136e-05	1.58031975136e-05	0.006379224063	0.0048673848342	0.000669002028077	0.00248636974214	0.00940290252061	0.000252851160218	0.0033660810704	0.00202807701425	2.10709300182e-05	0.00109042062844	0.00782258276925	0.00117470434851	0.0146074222351	0.00117470434851	0.00286564648247	0.00149603603129	0.00688492638344	0.000995601443359	0.00174888719151	0.0679484815761	0.0225985724445	0.00222298311692	0.00291305607501	0.00608423104275	0.00210182526931	1.05354650091e-05	3.16063950273e-05	0.0102035978613	3.68741275318e-05	0.00600521505518	0.0004635604604	0	0	0	2.63386625227e-05	2.10709300182e-05	1.58031975136e-05	0.000273922090236	2.10709300182e-05	0.00176995812153	1.58031975136e-05	0.00179629678405	2.63386625227e-05	0	7.37482550636e-05	0.00028972528775	0.00075328574815	0.0011536334185	5.26773250454e-06	0.000194906102668	0.00107461743093	0.000131693312614	0.000184370637659	0.00735375457634	0.0133484341665	0.0100561013512	0.0002317802302	0.000242315695209	0.000142228777623	0.00135907498617	0	0.000184370637659	0.000848104933231	0.0109200094819	0.0095029894382	0.00966628914584	0.00308689124766	5.26773250454e-06	0	4.74095925409e-05	0.000279189822741	0.00141175231122	0.000711143888113	7.37482550636e-05	5.26773250454e-06	5.26773250454e-06	5.26773250454e-06
0.000100086917586	0.0179524323755	0.00981378565596	0	3.68741275318e-05	5.26773250454e-06	4.21418600363e-05	0.00270761450734	0.00341875839545	0.000790159875682	0.00206495114178	0.00598941185767	0.000242315695209	0.00476729791661	0.00075328574815	5.26773250454e-05	0.00479890431164	0.00887086153765	0.0002317802302	0.00725366765876	0.000911317723286	0.000742750283141	0.0110306318645	0.0141965390997	0.00316590723523	0.00479363657913	0.0225985724445	0.0860220717992	0.00347143572049	0.00204914794427	0.000969262780836	0.000110622382595	0	3.16063950273e-05	0.00729580951879	2.10709300182e-05	0.0137277109068	0.00269181130982	0	0	0	1.05354650091e-05	1.05354650091e-05	5.26773250454e-06	0.000121157847604	1.05354650091e-05	0.000621592435536	0	0.00190165143414	1.58031975136e-05	5.26773250454e-06	0.000647931098059	0.000547844180473	0.000379276740327	0.000200173835173	0	3.16063950273e-05	0.00643716912055	0.00435641478126	0.000384544472832	0.00851265572734	0.00960307635578	0.019659177707	0.000147496510127	7.37482550636e-05	4.74095925409e-05	0.000526773250454	0	3.16063950273e-05	0.000458292727895	0.0122738167356	0.00457765954645	0.00735375457634	0.00254431479969	2.63386625227e-05	5.26773250454e-06	3.16063950273e-05	0.000442489530382	0.000342402612795	0.000379276740327	0.000147496510127	1.05354650091e-05	1.58031975136e-05	2.63386625227e-05
0.000816498538204	0.000189638370164	0.00400347670345	0	0.00792266968683	0.000200173835173	0.00346616798799	0.0314114889246	0.00540996128217	0.0104880554165	0.0135644111992	0.000384544472832	0.00123791713857	1.05354650091e-05	0.00192272236416	0.00183843864409	0.00337134880291	0.00100613690837	0.0001158901151	0.000890246793268	0.00283404008744	0.00590512813759	0.0022071799194	0.0108093870993	0.0236731898754	0	0.00222298311692	0.00347143572049	0.0828140227039	0.00254431479969	0.00994547896858	0	0.000121157847604	0.00155924882134	0.00269181130982	0.000711143888113	0.000268654357732	0.000437221797877	0	0.00441962757131	1.05354650091e-05	0.000705876155609	0.000726947085627	0.000842837200727	0.00986646298101	0.00153817789133	0.000816498538204	0.000305528485264	0	0.000468828192904	0.000121157847604	0.000416150867859	0.000184370637659	0.000379276740327	0.000263386625227	0.00419311507362	0.000937656385809	0.00801748887192	0.00173308399399	0.0135433402692	0	0.000642663365554	0.000410883135354	0.00648457871309	0.00366107409066	0.00257592119472	5.26773250454e-06	1.05354650091e-05	0.00309742671267	0.009271209208	0.00678483946585	0.00240208602207	0.00435114704875	0.00248110200964	0.0011536334185	0.000326599415282	0.000363473542813	0.00161192614639	0.000237047962704	0.00704822609108	0.00137487818369	0.000305528485264	0.0002317802302	0
0.00827560776464	5.26773250454e-06	0	0	9.48191850818e-05	0.000568915110491	0.00110095609345	0.00683224905839	0.0111359865146	0.00188584823663	0.00512550372692	0.00565227697738	0.000895514525772	8.95514525772e-05	0.0147601864777	0.000389812205336	0	0.000215977032686	0.000252851160218	0.00172254852899	0.00178576131904	0.000126425580109	0.000853372665736	2.10709300182e-05	0.00133273632365	4.74095925409e-05	0.00291305607501	0.00204914794427	0.00254431479969	0.0361577159112	0.00333974240788	2.10709300182e-05	0.00159612294888	0.00680064266337	0.0109463481444	0.0002317802302	5.26773250454e-06	1.58031975136e-05	0	1.05354650091e-05	0	2.10709300182e-05	1.05354650091e-05	2.10709300182e-05	0.000321331682777	0	0.000200173835173	0	4.21418600363e-05	0.000168567440145	0	3.68741275318e-05	0	0.000152764242632	0.000221244765191	1.05354650091e-05	0.000158031975136	0.00207548660679	6.32127900545e-05	0.000358205810309	2.63386625227e-05	0.000252851160218	2.63386625227e-05	0.000316063950273	0.00189111596913	0.00166987120394	3.16063950273e-05	0	0.00165933573893	0.00152237469381	0.000816498538204	0.000294993020254	0.00624753075039	0.000158031975136	0.000421418600363	0.000247583427714	2.10709300182e-05	0.000126425580109	1.05354650091e-05	0.000748018015645	8.95514525772e-05	5.26773250454e-06	1.05354650091e-05	5.26773250454e-06
0.00482524297416	0.000105354650091	0.00715884847367	0	0	1.58031975136e-05	0.000226512497695	0.0157821265836	0.00386124792583	0.000863908130745	9.48191850818e-05	0.00117997208102	0	1.58031975136e-05	0.0038296415308	0.000247583427714	9.48191850818e-05	0.00626860168041	0.000163299707641	0.00385598019333	2.63386625227e-05	0.0118892722628	0.000816498538204	0.0123054231306	0.00109042062844	5.26773250454e-06	0.00608423104275	0.000969262780836	0.00994547896858	0.00333974240788	0.0428635393895	0	5.26773250454e-06	0.0004635604604	0.0062580662154	9.48191850818e-05	0.000389812205336	0.000247583427714	0	0	0	5.26773250454e-06	5.26773250454e-06	1.58031975136e-05	8.95514525772e-05	0	0.000342402612795	0	8.95514525772e-05	5.26773250454e-05	0	3.16063950273e-05	0.000237047962704	8.95514525772e-05	0.000242315695209	0	0.000816498538204	0.00350830984803	0.0010482787684	3.16063950273e-05	2.10709300182e-05	0.000748018015645	0.000194906102668	0.000247583427714	0.00198066742171	0.00210709300182	0.000142228777623	0	0.00201227381674	0.00404035083098	0.00109042062844	0.00149603603129	0.00293939473754	0.00166460347144	0.000242315695209	0.000105354650091	0.0001158901151	0.000194906102668	0.000142228777623	0.00206495114178	0.0006953406906	7.37482550636e-05	2.63386625227e-05	5.26773250454e-06
0	0	0	0	0	0	0	0	5.26773250454e-06	0	0	0.000821766270709	0	0.000848104933231	2.10709300182e-05	0	0	0	5.26773250454e-06	0	0	0	0	0	0	4.74095925409e-05	0.00210182526931	0.000110622382595	0	2.10709300182e-05	0	0.0022071799194	0	0	4.74095925409e-05	0	0.000121157847604	0	0	0	0	0	0	0	0.000110622382595	0	0.000842837200727	0	0.000705876155609	0	0	0	0	0	0	0	0	0.000110622382595	0	2.10709300182e-05	0.000163299707641	4.21418600363e-05	5.26773250454e-06	0	0	0	0.000305528485264	0	0	1.05354650091e-05	0.000126425580109	0.00100086917586	3.16063950273e-05	0	0	0	5.26773250454e-06	0	0.000626860168041	1.05354650091e-05	0	0	0	1.05354650091e-05
0	0	0	0	0	0.00240735375458	0.0008112308057	0.000237047962704	0.00107461743093	1.05354650091e-05	0.000189638370164	0.000100086917586	0.000194906102668	0	0.000732214818132	0.00052150551795	0	0	0	0	0.000252851160218	0	0	0	1.05354650091e-05	0	1.05354650091e-05	0	0.000121157847604	0.00159612294888	5.26773250454e-06	0	0.00453551768641	0	0.00111149155846	0	0	0	0	0	0	5.26773250454e-06	0	5.26773250454e-06	0	0	4.21418600363e-05	0	0	2.63386625227e-05	0	0	0	2.63386625227e-05	0	5.26773250454e-06	5.26773250454e-06	5.26773250454e-06	5.26773250454e-06	1.05354650091e-05	0	0	0	0	5.26773250454e-05	0	0	0	0	8.95514525772e-05	0.000273922090236	1.05354650091e-05	0.000431954065373	0	0.000500434587932	0.000574182842995	0	1.05354650091e-05	0	9.48191850818e-05	5.26773250454e-06	0	1.05354650091e-05	0
0.00210182526931	0	0	0	0	0	0.000152764242632	0.00212289619933	0.000263386625227	0.000516237785445	0.000121157847604	4.21418600363e-05	0	0	0.00191218689915	0	0	5.26773250454e-06	5.26773250454e-06	4.21418600363e-05	0	3.68741275318e-05	0.000258118892723	0	0.00112202702347	0	3.16063950273e-05	3.16063950273e-05	0.00155924882134	0.00680064266337	0.0004635604604	0	0	0.0078857955593	0.00156451655385	5.794505755e-05	0	1.05354650091e-05	0	0	0	0	0	0	4.74095925409e-05	0	1.05354650091e-05	0	0	2.63386625227e-05	0	3.16063950273e-05	0	0	1.58031975136e-05	0	6.84805225591e-05	0.000510970052941	4.74095925409e-05	0.000105354650091	0	1.58031975136e-05	5.26773250454e-06	0.0001158901151	0.000553111912977	0.000442489530382	0	0	0.000568915110491	0.000574182842995	0.0001158901151	1.05354650091e-05	0.000352938077804	0	0	5.26773250454e-06	0	6.84805225591e-05	0	0.000215977032686	4.74095925409e-05	0	0	0
0.000732214818132	0.000726947085627	0.000215977032686	0	6.84805225591e-05	0.000505702320436	0.000374009007823	0.0084599784023	0.0081175757895	0.000421418600363	0.00673742987331	0.0120315010404	0.000542576447968	0.0002317802302	0.00464614006901	0.000210709300182	0.000842837200727	0.00582611215003	0.000384544472832	0.0131061184713	0.0027866304949	0.00386651565833	0.00176469038902	0.00369794821819	0.00150130376379	0.0001158901151	0.0102035978613	0.00729580951879	0.00269181130982	0.0109463481444	0.0062580662154	4.74095925409e-05	0.00111149155846	0.00156451655385	0.0460347143572	1.58031975136e-05	0.00028972528775	0.0002317802302	0	0	0	0	5.26773250454e-06	0	7.90159875682e-05	5.26773250454e-06	0.000489899122923	0	0.000131693312614	6.84805225591e-05	0	2.10709300182e-05	3.68741275318e-05	0.000389812205336	0.000337134880291	1.58031975136e-05	0.000194906102668	0.000437221797877	0.000126425580109	6.84805225591e-05	0.00017383517265	0.00132220085864	0.000447757262886	0.000105354650091	0.000352938077804	0.000221244765191	0.000194906102668	0	0.000252851160218	0.000616324703032	0.00473042378908	0.00482524297416	0.0266389232755	0.00300787526009	0.000331867147786	0.000442489530382	0.000237047962704	0.000105354650091	0.000110622382595	0.000505702320436	8.42837200727e-05	1.05354650091e-05	1.58031975136e-05	5.26773250454e-06
