0.0188275978927	0.000111679349333	0.00474444684063	0	0.000377399180505	1.92550602298e-05	0.000261868819126	0.00459040635879	0.00954665886195	0	0.000127083397517	8.85732770572e-05	0.000265719831172	0	0.00966989124742	3.85101204597e-06	7.70202409193e-06	0.00183308173388	0.000358144120275	0.000103977325241	0.000311931975723	0.00122462183062	1.15530361379e-05	0.00614621522536	0.00130164207154	0	0.00221818293848	0.000623863951446	0.00445947194923	0.00913074956098	0.00865322406728	0	7.70202409193e-06	0.00340814566068	0.00221433192643	0	0	0.000157891493885	0	0.000100126313195	0	0	3.08080963677e-05	0	0.000157891493885	6.16161927355e-05	0	1.54040481839e-05	0	0	0	4.62121445516e-05	0.000119381373425	0	0	0	7.70202409193e-06	5.77651806895e-05	0.00149804368588	0.000165593517977	0	3.85101204597e-06	7.70202409193e-05	0.000127083397517	0	3.85101204597e-06	0	0	0	0	0.000157891493885	3.85101204597e-06	0.000462121445516	0.000142487445701	8.47222650112e-05	3.85101204597e-06	3.85101204597e-06	2.69570843218e-05	3.85101204597e-06	3.85101204597e-06	0	7.70202409193e-06	0	0
0.000111679349333	0.0447564619982	0.00261483717921	0	0	6.54672047814e-05	6.93182168274e-05	0	0.000284974891401	0.00292676915493	0	0.000824116577837	2.69570843218e-05	0.00128623802335	0.000504482578022	7.70202409193e-05	0.00114375057765	0.000993561107859	5.77651806895e-05	0.000762500385101	2.31060722758e-05	0.00018099756616	0.00561862657506	0.00065852305986	0.00140176838473	0.00345050679319	0.013574817462	0.0321097384393	2.31060722758e-05	0.000623863951446	0.000304229951631	1.54040481839e-05	3.85101204597e-05	0.000335038047999	0.00162897809544	0	0.0169675590745	0.00218352383006	0	3.08080963677e-05	0	0	0.000134785421609	0.000103977325241	0.000192550602298	4.23611325056e-05	7.31692288733e-05	3.85101204597e-06	0.000161742505931	3.85101204597e-06	0	0.00285745093811	0.000469823469608	0	9.24242891032e-05	0	0.000115530361379	0.00566868973166	0.000939646939216	0.000254166795034	0.00027727286731	0.00339659262454	0.0227132690471	0.000504482578022	3.85101204597e-06	6.54672047814e-05	0	0	0	1.15530361379e-05	0.0027727286731	0.00179457161342	0.000727841276688	0.000142487445701	0.000207954650482	3.85101204597e-05	6.16161927355e-05	0.000593055855079	0.000350442096183	0.000319633999815	0.000103977325241	1.54040481839e-05	3.85101204597e-06	3.85101204597e-06
0.00474444684063	0.00261483717921	0.0622400566869	0	1.54040481839e-05	0.000103977325241	5.39141686435e-05	0.000781755445331	0.0049678055393	2.31060722758e-05	0	0.000142487445701	1.54040481839e-05	1.54040481839e-05	0.00561862657506	7.70202409193e-06	0.00149034166179	0.00826427185064	0.000554545734619	0.000762500385101	7.70202409193e-06	0.00063926799963	0.000531439662343	0.0251394066361	0.000207954650482	3.85101204597e-06	0.0130125697033	0.0239494439139	0.000681629132136	0.00582658122555	0.00621168243014	0	3.85101204597e-06	0.00256477402261	0.0038625650821	0	0.000712437228504	0.00709356418867	0	5.77651806895e-05	0	3.85101204597e-06	0.000396654240734	2.31060722758e-05	0.000562247758711	2.31060722758e-05	1.54040481839e-05	1.15530361379e-05	0	3.85101204597e-06	0	0.00588049539419	0.00121691980653	3.85101204597e-06	5.39141686435e-05	1.15530361379e-05	0.00683939739364	0.0102860531748	0.0224051880834	0.00020025262639	0	0.00018099756616	0.00464046951539	0.000650821035768	0	0.000396654240734	0	0	0	0.000111679349333	0.00374703472072	0.000469823469608	0.00348131488955	0.00172525339659	0.00122847284266	0.000273421855264	0.000150189469793	0.00040050525278	0.00023876274685	0.000115530361379	3.85101204597e-06	3.85101204597e-06	0	0
0	0	0	0	0	0	0	0	0	0	0	0	0	0	0	0	0	0	0	0	0	0	0	0	0	0	0	0	0	0	0	0	0	0	0	0	0	0	0	0	0	0	0	0	0	0	0	0	0	0	0	0	0	0	0	0	0	0	0	0	0	0	0	0	0	0	0	0	0	0	0	0	0	0	0	0	0	0	0	0	0	0	0	0
0.000377399180505	0	1.54040481839e-05	0	0.0173873193875	4.62121445516e-05	0.00162127607135	0.000958901999445	0.00349671893774	0.000427462337102	0.00118226069811	0.000824116577837	0.00440555778058	0.000127083397517	0.00368156751594	0.000284974891401	0	1.15530361379e-05	0.000631565975538	4.62121445516e-05	0.00557626544256	1.15530361379e-05	0	6.16161927355e-05	0.0096929973197	0	0.000192550602298	3.85101204597e-05	0.00317708493792	0.00571490187621	3.85101204597e-06	0	6.16161927355e-05	0.00244539264919	0.00422070920238	3.08080963677e-05	0	3.85101204597e-06	0	0.00167519024	0	6.93182168274e-05	3.85101204597e-05	6.54672047814e-05	0.000192550602298	0.00140561939678	6.16161927355e-05	0.00041976031301	0	6.93182168274e-05	7.70202409193e-06	3.85101204597e-06	0	0	0	0.00202178132413	3.85101204597e-06	3.85101204597e-06	7.70202409193e-06	0.000354293108229	0	0	3.85101204597e-06	0.000404356264826	5.39141686435e-05	0	0	0	0	0	9.24242891032e-05	8.47222650112e-05	0.00135170522813	0.000173295542068	0.00025801780708	2.31060722758e-05	6.16161927355e-05	0.000127083397517	3.46591084137e-05	0.000111679349333	0	0.000134785421609	4.62121445516e-05	0
1.92550602298e-05	6.54672047814e-05	0.000103977325241	0	4.62121445516e-05	0.00513339905727	0.00220277889029	0.000107828337287	0.00199097322776	0.000261868819126	6.16161927355e-05	3.85101204597e-06	0.000111679349333	7.70202409193e-06	0.000785606457377	0.00154425583043	1.92550602298e-05	2.31060722758e-05	7.70202409193e-06	3.85101204597e-06	0.000115530361379	0.000134785421609	7.70202409193e-05	0.000284974891401	0.000338889060045	0	3.46591084137e-05	0.000177146554114	0.000412058288918	0.000396654240734	0.000107828337287	0	0.00127083397517	0.000223358698666	0.000431313349148	0	0	3.85101204597e-06	0	0.000273421855264	0	0	0.000111679349333	7.70202409193e-06	0.000373548168459	0.000123232385471	3.85101204597e-06	3.85101204597e-05	0	0	0	0	0	0	0	2.69570843218e-05	5.39141686435e-05	0	3.85101204597e-06	0.000377399180505	0	0	3.85101204597e-06	0.000227209710712	0	3.46591084137e-05	0	0	3.85101204597e-06	0	0.000801010505561	0	0.000188699590252	0.000100126313195	0.001340152192	0.000173295542068	2.31060722758e-05	7.70202409193e-06	0	1.54040481839e-05	0	3.85101204597e-06	7.70202409193e-06	0
0.000261868819126	6.93182168274e-05	5.39141686435e-05	0	0.00162127607135	0.00220277889029	0.0386564589174	0.00321174404634	0.0167442003759	0.000361995132321	0.0066352937552	0.0022952031794	0.0149919898949	0.000681629132136	0.00362380233525	0.0050602298284	1.92550602298e-05	1.92550602298e-05	0.000847222650112	2.31060722758e-05	0.0101589697773	0.000100126313195	8.85732770572e-05	0.000288825903447	0.00440940879263	3.85101204597e-06	0.000388952216643	0.000103977325241	0.00665454881543	0.00579962414122	6.16161927355e-05	7.70202409193e-06	0.00139791737269	0.000508333590067	0.00376628978095	0	0	0	0	0.00102436920423	0	1.54040481839e-05	0.000535290674389	1.54040481839e-05	0.00152885178225	0.000947348963308	7.70202409193e-06	0.000134785421609	3.85101204597e-06	0	3.85101204597e-06	0	0	0	0	1.54040481839e-05	0	0	0	0.00153270279429	3.85101204597e-06	0	0	0.00119381373425	0	0	0	0	0	0	0.00122462183062	0.000154040481839	0.00217582180597	0.000215656674574	0.00333882744385	1.15530361379e-05	3.46591084137e-05	1.92550602298e-05	3.85101204597e-06	4.23611325056e-05	1.15530361379e-05	3.46591084137e-05	2.69570843218e-05	3.85101204597e-06
0.00459040635879	0	0.000781755445331	0	0.000958901999445	0.000107828337287	0.00321174404634	0.0207376998675	0.00844912042885	3.46591084137e-05	0.000304229951631	0.000130934409563	0.000431313349148	0	0.00313087279337	4.23611325056e-05	0	0.000512184602113	0.000281123879355	0.000130934409563	0.000593055855079	0.000485227517792	0	0.00237222342031	0.00258788009489	0	0.000616161927355	1.15530361379e-05	0.0123001324748	0.00252241289011	0.00263409223944	0	0.000103977325241	0.00192165501094	0.00132089713177	3.85101204597e-06	0	8.47222650112e-05	0	0.00105517730059	0	7.70202409193e-06	0.000500631565976	1.15530361379e-05	0.00151344773406	0.00101281616809	0	0.000111679349333	0	7.70202409193e-06	3.85101204597e-06	0	1.15530361379e-05	0	0	1.15530361379e-05	0	0	0.000281123879355	0.00151729874611	0	3.85101204597e-06	1.54040481839e-05	0.00124772790289	3.85101204597e-06	0	0	0	0	0	3.85101204597e-06	3.85101204597e-06	0.000115530361379	7.70202409193e-06	5.77651806895e-05	3.85101204597e-06	0	1.15530361379e-05	3.85101204597e-06	1.15530361379e-05	0	7.70202409193e-06	3.85101204597e-06	0
0.00954665886195	0.000284974891401	0.0049678055393	0	0.00349671893774	0.00199097322776	0.0167442003759	0.00844912042885	0.0545803937275	0.000130934409563	0.0040127545519	0.000827967589883	0.00660448565883	0.000227209710712	0.028397362827	0.0011899627222	5.00631565976e-05	0.00135940725223	0.000446717397332	0.000315782987769	0.00818340059768	0.00105902831264	5.77651806895e-05	0.00427462337102	0.00704735204412	3.85101204597e-06	0.00207184448073	0.00158276595089	0.0135324563295	0.0189970424227	0.00909609045257	0	0.00393958532302	0.0088727317539	0.011899627222	3.85101204597e-06	1.92550602298e-05	0.000154040481839	0	0.00182152869774	3.85101204597e-06	3.85101204597e-05	0.000816414553745	3.46591084137e-05	0.00294987522721	0.00146723558951	1.92550602298e-05	0.000335038047999	3.85101204597e-06	3.08080963677e-05	2.69570843218e-05	0.00021950768662	0.000130934409563	0	0	0.000123232385471	1.15530361379e-05	0.00023876274685	0.00117840968607	0.00297683231153	0	1.15530361379e-05	0.000204103638436	0.00221433192643	3.85101204597e-06	7.70202409193e-06	3.85101204597e-06	0	0	0	0.0035275270341	0.000862626698296	0.00486382821405	0.000485227517792	0.000550694722573	0.000146338457747	0.000261868819126	0.000127083397517	1.15530361379e-05	0.000103977325241	1.15530361379e-05	7.70202409193e-05	6.54672047814e-05	3.85101204597e-06
0	0.00292676915493	2.31060722758e-05	0	0.000427462337102	0.000261868819126	0.000361995132321	3.46591084137e-05	0.000130934409563	0.0153000708586	7.70202409193e-06	0.000188699590252	0.00168289226409	6.54672047814e-05	0.000142487445701	0.000569949782803	0.00238377645645	0.000130934409563	0.000115530361379	7.31692288733e-05	0.000223358698666	0.000196401614344	0.00561862657506	0.00018099756616	0.00655827351428	0.000662374071906	0.000231060722758	0.00288825903447	0.000388952216643	0.00140561939678	0.000323485011861	0	3.85101204597e-06	0.00102436920423	0.00229905419144	0	1.15530361379e-05	0	0	0.000327336023907	0	0	4.23611325056e-05	0	0.00273806956468	7.31692288733e-05	2.69570843218e-05	3.85101204597e-05	3.85101204597e-06	0	3.85101204597e-06	1.15530361379e-05	0	0	0	6.54672047814e-05	3.85101204597e-06	3.85101204597e-06	1.92550602298e-05	0.00259173110693	3.85101204597e-06	2.69570843218e-05	5.77651806895e-05	0.00155580886657	0	0	0	0	0	0	0.00227209710712	0.000173295542068	0.000839520626021	0.000269570843218	0.00127853599926	4.23611325056e-05	3.46591084137e-05	0.000404356264826	5.77651806895e-05	3.08080963677e-05	2.31060722758e-05	3.08080963677e-05	1.15530361379e-05	0
0.000127083397517	0	0	0	0.00118226069811	6.16161927355e-05	0.0066352937552	0.000304229951631	0.0040127545519	7.70202409193e-06	0.019771095844	0.00102051819218	0.00785221356172	7.31692288733e-05	0.0021026525771	7.70202409193e-05	3.85101204597e-06	0	0.000546843710527	3.85101204597e-05	0.00908068640439	0	0	3.85101204597e-06	0.00150189469793	0	0.000346591084137	1.15530361379e-05	0.00546073508118	0.00209880156505	0	0	9.24242891032e-05	0.000177146554114	0.00150959672202	0.000134785421609	3.85101204597e-06	7.70202409193e-06	0	0.000454419421424	2.69570843218e-05	0.000385101204597	0.000550694722573	0.000485227517792	0.000261868819126	0.00310391570905	0.000392803228688	0.00196786715549	1.15530361379e-05	0.000165593517977	7.31692288733e-05	3.46591084137e-05	0	1.15530361379e-05	1.54040481839e-05	0.00101666718013	1.15530361379e-05	1.54040481839e-05	5.39141686435e-05	0.000562247758711	7.70202409193e-06	3.46591084137e-05	9.62753011491e-05	0.00067777812009	0.000250315782988	1.54040481839e-05	0	1.54040481839e-05	2.69570843218e-05	1.54040481839e-05	7.70202409193e-06	1.15530361379e-05	0.000188699590252	1.92550602298e-05	5.00631565976e-05	3.85101204597e-06	1.15530361379e-05	0.000500631565976	0.000130934409563	0.00100126313195	8.08712529653e-05	0.000839520626021	0.000377399180505	1.15530361379e-05
8.85732770572e-05	0.000824116577837	0.000142487445701	0	0.000824116577837	3.85101204597e-06	0.0022952031794	0.000130934409563	0.000827967589883	0.000188699590252	0.00102051819218	0.0386795649897	0.00584198527373	0.009215471826	0.00499861363566	0.000516035614159	4.23611325056e-05	0.00192165501094	0.0104593487168	0.00745555932099	0.00455189623833	0.000635416987584	5.77651806895e-05	0.000816414553745	0.00135555624018	0.0014749376136	0.0150998182322	0.00374318370868	0.00150189469793	0.013320650667	0.000423611325056	0.00063926799963	0.00093579592717	0.000689331156228	0.0246387750701	7.70202409193e-06	0.0004775254937	1.92550602298e-05	0	0.000177146554114	0	3.46591084137e-05	1.54040481839e-05	6.16161927355e-05	0.000492929541884	0.000261868819126	0.000670076095998	8.08712529653e-05	0.0012400258788	6.16161927355e-05	0	5.39141686435e-05	5.00631565976e-05	0	8.08712529653e-05	0.000111679349333	1.92550602298e-05	4.23611325056e-05	7.31692288733e-05	0.000462121445516	0.000585353830987	0.000693182168274	0.000427462337102	0.000335038047999	1.54040481839e-05	0	3.85101204597e-06	0	0	8.08712529653e-05	0.00115145260174	0.00207184448073	0.00553005329801	0.000569949782803	0.000442866385286	8.85732770572e-05	0.000215656674574	0.000173295542068	0.00156351089066	0.000254166795034	1.92550602298e-05	1.92550602298e-05	5.00631565976e-05	0.000646970023722
0.000265719831172	2.69570843218e-05	1.54040481839e-05	0	0.00440555778058	0.000111679349333	0.0149919898949	0.000431313349148	0.00660448565883	0.00168289226409	0.00785221356172	0.00584198527373	0.0382636556887	0.000808712529653	0.00613466218922	0.0035775901907	1.54040481839e-05	3.85101204597e-05	0.00306925660063	0.000157891493885	0.0211035460119	3.46591084137e-05	0	0.000204103638436	0.00745941033304	1.15530361379e-05	0.0014826396377	0.000127083397517	0.00501401768385	0.0128739332697	1.15530361379e-05	1.92550602298e-05	0.000369697156413	0.000593055855079	0.00932330016328	0	3.08080963677e-05	3.85101204597e-06	0	0	0	5.77651806895e-05	0	2.31060722758e-05	7.70202409193e-06	0.000119381373425	1.15530361379e-05	0.000408207276872	3.85101204597e-06	1.54040481839e-05	3.85101204597e-06	0	0	0	0	0.000130934409563	3.85101204597e-06	0	3.85101204597e-06	7.70202409193e-06	3.85101204597e-06	2.69570843218e-05	2.31060722758e-05	1.92550602298e-05	0	3.85101204597e-06	3.85101204597e-06	0	0	0	0.000361995132321	0.000261868819126	0.00368926954004	0.000504482578022	0.0028651529622	4.62121445516e-05	0.000161742505931	2.31060722758e-05	3.85101204597e-06	4.23611325056e-05	2.31060722758e-05	5.00631565976e-05	3.08080963677e-05	3.85101204597e-06
0	0.00128623802335	1.54040481839e-05	0	0.000127083397517	7.70202409193e-06	0.000681629132136	0	0.000227209710712	6.54672047814e-05	7.31692288733e-05	0.009215471826	0.000808712529653	0.0320558242706	0.00206414245664	0.000423611325056	1.54040481839e-05	7.70202409193e-05	0.000512184602113	6.54672047814e-05	0.000361995132321	6.16161927355e-05	5.39141686435e-05	6.16161927355e-05	0.000215656674574	0.0132975445947	0.00410902985305	0.00990095197018	7.70202409193e-05	0.00338889060045	2.31060722758e-05	0.00510644197295	0.000415909300964	3.85101204597e-05	0.0041552419976	3.85101204597e-06	0.00161742505931	3.85101204597e-06	0	2.31060722758e-05	0	0.000223358698666	9.62753011491e-05	0.000207954650482	8.85732770572e-05	0.000554545734619	0.00347746387751	0.000246464770942	0.00505252780431	6.54672047814e-05	0	4.62121445516e-05	7.70202409193e-06	0.00020025262639	0.000770202409193	0.000157891493885	1.92550602298e-05	9.62753011491e-05	3.08080963677e-05	0.000119381373425	0.00175221048091	0.00614621522536	0.00318863797406	9.62753011491e-05	1.92550602298e-05	7.70202409193e-06	5.77651806895e-05	0	0	0.000150189469793	0.000516035614159	0.00125928093903	0.00186388983025	0.000600757879171	0.000346591084137	1.15530361379e-05	0.00102822021627	0.000473674481654	0.00611925814104	0.00165593517977	0.000292676915493	0.000442866385286	0.000281123879355	0.00110138944515
0.00966989124742	0.000504482578022	0.00561862657506	0	0.00368156751594	0.000785606457377	0.00362380233525	0.00313087279337	0.028397362827	0.000142487445701	0.0021026525771	0.00499861363566	0.00613466218922	0.00206414245664	0.0541952925229	0.000442866385286	0.000169444530022	0.00249160479374	0.00137481130041	0.00063926799963	0.00735543300779	0.000962753011491	0.00021950768662	0.00517576018978	0.0061577682615	0.000242613758896	0.00451338611787	0.00260713515512	0.00861856495887	0.0399311439046	0.0127622539203	5.00631565976e-05	0.00201022828799	0.0145221664253	0.0262600511414	7.70202409193e-06	6.54672047814e-05	0.000177146554114	0	0.00145183154133	3.85101204597e-06	0.000123232385471	0.00063926799963	9.24242891032e-05	0.00276887766105	0.00117840968607	0.000134785421609	0.000431313349148	0.00018099756616	6.54672047814e-05	2.31060722758e-05	0.000308080963677	0.000165593517977	0	0	0.000157891493885	1.15530361379e-05	0.000338889060045	0.0015250007702	0.00278428170923	0.000177146554114	2.69570843218e-05	0.000269570843218	0.00193705905912	3.85101204597e-06	7.70202409193e-06	3.85101204597e-06	0	0	7.70202409193e-06	0.00769047105579	0.0027226655165	0.011229551126	0.00197942019163	0.000265719831172	6.16161927355e-05	0.000404356264826	0.000223358698666	0.000115530361379	0.000327336023907	0.00020025262639	0.000284974891401	0.000127083397517	0.000134785421609
3.85101204597e-06	7.70202409193e-05	7.70202409193e-06	0	0.000284974891401	0.00154425583043	0.0050602298284	4.23611325056e-05	0.0011899627222	0.000569949782803	7.70202409193e-05	0.000516035614159	0.0035775901907	0.000423611325056	0.000442866385286	0.0102745001386	1.92550602298e-05	0	7.31692288733e-05	3.85101204597e-06	0.000566098770757	5.39141686435e-05	9.62753011491e-05	0.000177146554114	0.00127468498721	3.85101204597e-06	3.85101204597e-05	8.47222650112e-05	0.000500631565976	0.00178301857728	3.46591084137e-05	0	0.00041976031301	0.000308080963677	0.00153270279429	5.39141686435e-05	0	0	0	0.000250315782988	0	1.92550602298e-05	0.000111679349333	1.54040481839e-05	0.000612310915309	7.70202409193e-05	3.85101204597e-06	0.000227209710712	0	3.46591084137e-05	7.70202409193e-06	7.70202409193e-06	0	0	0	6.54672047814e-05	7.70202409193e-06	0	7.70202409193e-06	0.000569949782803	0	0	0	0.000184848578206	1.15530361379e-05	1.15530361379e-05	0	0	0	0	0.0023375643119	0.000177146554114	0.00089728580671	0.000377399180505	0.00686635447796	1.54040481839e-05	3.08080963677e-05	3.46591084137e-05	0	3.85101204597e-05	1.15530361379e-05	2.69570843218e-05	2.31060722758e-05	0
7.70202409193e-06	0.00114375057765	0.00149034166179	0	0	1.92550602298e-05	1.92550602298e-05	0	5.00631565976e-05	0.00238377645645	3.85101204597e-06	4.23611325056e-05	1.54040481839e-05	1.54040481839e-05	0.000169444530022	1.92550602298e-05	0.0230829662035	0.00049678055393	4.23611325056e-05	5.00631565976e-05	7.70202409193e-06	0.0016251270834	0.00917311069349	0.00827197387473	0.00672386703226	3.08080963677e-05	0.000369697156413	0.00910764348871	0.00202178132413	0.000365846144367	0.000154040481839	0	3.85101204597e-06	0.000146338457747	0.000947348963308	2.31060722758e-05	5.00631565976e-05	1.92550602298e-05	0	2.69570843218e-05	1.92550602298e-05	6.93182168274e-05	0.000269570843218	6.93182168274e-05	0.00537601281617	0.000265719831172	3.08080963677e-05	5.77651806895e-05	3.85101204597e-06	1.54040481839e-05	0	0.0040050525278	7.70202409193e-06	0	7.70202409193e-06	6.93182168274e-05	0.00089728580671	0.004440216889	0.00127083397517	0.00483687112973	3.85101204597e-06	4.23611325056e-05	0.000188699590252	0.00378169382914	3.85101204597e-06	0.00041976031301	0	3.85101204597e-06	0	3.85101204597e-06	0.00195631411935	0.000462121445516	0.00169829631227	0.000489078529838	0.00021950768662	0.000319633999815	7.70202409193e-06	0.000654672047814	7.70202409193e-05	4.23611325056e-05	2.69570843218e-05	9.62753011491e-05	1.15530361379e-05	0
0.00183308173388	0.000993561107859	0.00826427185064	0	1.15530361379e-05	2.31060722758e-05	1.92550602298e-05	0.000512184602113	0.00135940725223	0.000130934409563	0	0.00192165501094	3.85101204597e-05	7.70202409193e-05	0.00249160479374	0	0.00049678055393	0.039630764965	0.00179457161342	0.00819110262177	3.08080963677e-05	0.00257632705875	0.0004775254937	0.0131820142333	0.000211805662528	3.08080963677e-05	0.0218390893127	0.0103900305	0.000593055855079	0.00303459749222	0.00471748975631	0	0	0.00250315782988	0.00880341353708	3.85101204597e-06	0.000300378939585	0.00202178132413	0	7.70202409193e-06	0	3.85101204597e-06	0.000119381373425	6.93182168274e-05	3.46591084137e-05	4.23611325056e-05	1.15530361379e-05	3.85101204597e-06	7.70202409193e-06	7.31692288733e-05	0	0.000489078529838	0.00194476108321	3.85101204597e-06	0.000304229951631	0	8.85732770572e-05	0.000485227517792	0.00152114975816	1.54040481839e-05	0	0.000901136818756	0.00100896515604	5.77651806895e-05	0	5.77651806895e-05	0	0	0	2.31060722758e-05	0.000835669613975	0.00142102344496	0.0039126282387	0.00263024122739	0.00107443236082	0.000346591084137	0.000111679349333	0.000204103638436	0.000689331156228	7.31692288733e-05	1.54040481839e-05	1.54040481839e-05	3.85101204597e-06	0
0.000358144120275	5.77651806895e-05	0.000554545734619	0	0.000631565975538	7.70202409193e-06	0.000847222650112	0.000281123879355	0.000446717397332	0.000115530361379	0.000546843710527	0.0104593487168	0.00306925660063	0.000512184602113	0.00137481130041	7.31692288733e-05	4.23611325056e-05	0.00179457161342	0.0181998829292	0.00408207276872	0.00259943313103	0.000508333590067	7.31692288733e-05	0.00169829631227	0.000962753011491	2.31060722758e-05	0.0103438183555	0.0017175513725	0.000958901999445	0.00604993992421	0.00175221048091	0.000142487445701	1.92550602298e-05	0.00128623802335	0.00827967589883	0	5.77651806895e-05	3.85101204597e-06	0	0.000142487445701	0	3.46591084137e-05	5.00631565976e-05	7.31692288733e-05	0.000388952216643	0.000142487445701	9.24242891032e-05	4.62121445516e-05	7.70202409193e-06	3.46591084137e-05	0	7.31692288733e-05	0.000123232385471	7.70202409193e-06	0.00018099756616	8.08712529653e-05	1.92550602298e-05	5.77651806895e-05	6.54672047814e-05	0.000354293108229	1.54040481839e-05	0.000412058288918	9.24242891032e-05	0.000288825903447	7.70202409193e-06	1.92550602298e-05	3.85101204597e-06	0	0	1.92550602298e-05	0.00151729874611	0.00254936997443	0.00364305739548	0.00112449551742	7.31692288733e-05	3.08080963677e-05	2.31060722758e-05	8.47222650112e-05	0.000173295542068	6.16161927355e-05	1.54040481839e-05	1.54040481839e-05	3.85101204597e-05	0
0.000103977325241	0.000762500385101	0.000762500385101	0	4.62121445516e-05	3.85101204597e-06	2.31060722758e-05	0.000130934409563	0.000315782987769	7.31692288733e-05	3.85101204597e-05	0.00745555932099	0.000157891493885	6.54672047814e-05	0.00063926799963	3.85101204597e-06	5.00631565976e-05	0.00819110262177	0.00408207276872	0.0232485597215	0.000154040481839	0.00131704611972	0.000115530361379	0.00182923072183	0.000142487445701	7.31692288733e-05	0.0172409809298	0.00335038047999	0.000138636433655	0.00158276595089	0.00217582180597	7.70202409193e-06	0	0.00141717243292	0.00936181028374	3.85101204597e-06	0.000323485011861	0.000188699590252	0	1.15530361379e-05	0	0	2.69570843218e-05	2.31060722758e-05	3.46591084137e-05	3.85101204597e-06	1.54040481839e-05	0	7.70202409193e-06	2.31060722758e-05	0	1.92550602298e-05	0.00150959672202	3.85101204597e-06	0.000335038047999	0	3.85101204597e-06	1.92550602298e-05	0.000134785421609	2.31060722758e-05	0	0.000508333590067	0.000269570843218	1.92550602298e-05	0	0	0	0	0	3.85101204597e-06	0.00115145260174	0.00189854893866	0.00175606149296	0.00120536677039	5.77651806895e-05	9.24242891032e-05	3.85101204597e-06	8.85732770572e-05	0.000569949782803	2.69570843218e-05	1.15530361379e-05	3.85101204597e-06	7.70202409193e-06	0
0.000311931975723	2.31060722758e-05	7.70202409193e-06	0	0.00557626544256	0.000115530361379	0.0101589697773	0.000593055855079	0.00818340059768	0.000223358698666	0.00908068640439	0.00455189623833	0.0211035460119	0.000361995132321	0.00735543300779	0.000566098770757	7.70202409193e-06	3.08080963677e-05	0.00259943313103	0.000154040481839	0.0307618842232	1.15530361379e-05	0	5.39141686435e-05	0.00764810992329	7.70202409193e-06	0.00124387689085	0.000130934409563	0.00719754151391	0.0122770264025	1.15530361379e-05	1.92550602298e-05	0.000346591084137	0.00102822021627	0.00878800948889	3.85101204597e-06	3.08080963677e-05	0	0	7.70202409193e-05	0	0.000542992698481	7.70202409193e-06	0.000161742505931	2.69570843218e-05	0.00118611171016	0.000215656674574	0.00159046797498	0	0.000130934409563	3.85101204597e-06	0	0	7.70202409193e-06	7.70202409193e-06	0.000831818601929	0	0	0	7.70202409193e-06	0	4.23611325056e-05	3.46591084137e-05	2.69570843218e-05	2.69570843218e-05	0	3.85101204597e-06	0	0	1.54040481839e-05	0.000142487445701	0.000119381373425	0.00244154163714	0.00020025262639	0.000427462337102	4.62121445516e-05	7.31692288733e-05	8.85732770572e-05	0.000100126313195	0.000473674481654	6.16161927355e-05	0.000485227517792	0.000138636433655	3.85101204597e-06
0.00122462183062	0.00018099756616	0.00063926799963	0	1.15530361379e-05	0.000134785421609	0.000100126313195	0.000485227517792	0.00105902831264	0.000196401614344	0	0.000635416987584	3.46591084137e-05	6.16161927355e-05	0.000962753011491	5.39141686435e-05	0.0016251270834	0.00257632705875	0.000508333590067	0.00131704611972	1.15530361379e-05	0.0398387196155	0.00201793031209	0.029656643766	0.00101666718013	3.46591084137e-05	0.00160587202317	0.00144412951724	0.00754798361009	0.00221818293848	0.00899596413938	0	3.85101204597e-06	0.00179457161342	0.00780985242922	6.16161927355e-05	3.85101204597e-06	3.85101204597e-05	0	1.15530361379e-05	3.85101204597e-06	2.31060722758e-05	0.00187159185434	5.39141686435e-05	0.00481376505746	3.46591084137e-05	0	2.69570843218e-05	7.70202409193e-06	6.93182168274e-05	7.70202409193e-06	0.00018099756616	3.08080963677e-05	0	1.54040481839e-05	3.85101204597e-06	0.000119381373425	0.000188699590252	0.000204103638436	0.000770202409193	0	7.70202409193e-06	6.93182168274e-05	0.00437860069626	7.70202409193e-06	0.00216811978188	0	0	3.85101204597e-06	3.85101204597e-06	0.00169829631227	0.000446717397332	0.00339659262454	0.00101281616809	0.000154040481839	0.000481376505746	3.46591084137e-05	0.000115530361379	1.92550602298e-05	3.08080963677e-05	0	1.92550602298e-05	2.31060722758e-05	0
1.15530361379e-05	0.00561862657506	0.000531439662343	0	0	7.70202409193e-05	8.85732770572e-05	0	5.77651806895e-05	0.00561862657506	0	5.77651806895e-05	0	5.39141686435e-05	0.00021950768662	9.62753011491e-05	0.00917311069349	0.0004775254937	7.31692288733e-05	0.000115530361379	0	0.00201793031209	0.0227171200592	0.00479450999723	0.00383175698574	0.000777904433285	0.000481376505746	0.010725068548	0.000154040481839	0.000354293108229	7.31692288733e-05	0	7.70202409193e-06	3.46591084137e-05	0.000685480144182	3.46591084137e-05	3.85101204597e-05	1.15530361379e-05	0	4.62121445516e-05	0	3.85101204597e-06	1.92550602298e-05	7.70202409193e-06	0.00361610031116	1.15530361379e-05	3.85101204597e-06	5.00631565976e-05	0	3.85101204597e-05	2.31060722758e-05	0.00404356264826	7.70202409193e-06	0	7.70202409193e-06	3.85101204597e-06	0.000423611325056	0.00410132782895	0.00147108660156	0.00322714809452	0	7.70202409193e-06	0.000504482578022	0.00199867525186	0	1.92550602298e-05	0	0	0	0	0.00278043069719	0.000323485011861	0.000785606457377	0.000231060722758	0.000288825903447	4.62121445516e-05	1.15530361379e-05	0.000173295542068	1.15530361379e-05	7.70202409193e-06	3.85101204597e-06	3.85101204597e-05	7.70202409193e-06	0
0.00614621522536	0.00065852305986	0.0251394066361	0	6.16161927355e-05	0.000284974891401	0.000288825903447	0.00237222342031	0.00427462337102	0.00018099756616	3.85101204597e-06	0.000816414553745	0.000204103638436	6.16161927355e-05	0.00517576018978	0.000177146554114	0.00827197387473	0.0131820142333	0.00169829631227	0.00182923072183	5.39141686435e-05	0.029656643766	0.00479450999723	0.0888698049847	0.00187544286639	1.92550602298e-05	0.00764810992329	0.0158777226655	0.00703965002003	0.00557241443051	0.00945423457285	7.70202409193e-06	1.15530361379e-05	0.00268415539604	0.014156320281	4.23611325056e-05	6.16161927355e-05	0.000435164361194	0	8.47222650112e-05	0	7.70202409193e-06	0.0013324501679	0.000142487445701	0.00762115283897	0.000100126313195	0	5.77651806895e-05	0	3.08080963677e-05	7.70202409193e-06	0.0080178070797	0.00025801780708	0	7.70202409193e-06	7.70202409193e-06	0.00655827351428	0.0109253211744	0.0108752580178	0.00348131488955	0	7.70202409193e-05	0.000516035614159	0.00574956098463	1.15530361379e-05	0.00294987522721	0	0	7.70202409193e-06	3.85101204597e-06	0.00470593672017	0.00100896515604	0.0123039834869	0.00516805816569	0.00212960966142	0.00219892787825	0.000150189469793	0.000446717397332	0.000111679349333	2.31060722758e-05	3.85101204597e-06	5.77651806895e-05	1.15530361379e-05	0
0.00130164207154	0.00140176838473	0.000207954650482	0	0.0096929973197	0.000338889060045	0.00440940879263	0.00258788009489	0.00704735204412	0.00655827351428	0.00150189469793	0.00135555624018	0.00745941033304	0.000215656674574	0.0061577682615	0.00127468498721	0.00672386703226	0.000211805662528	0.000962753011491	0.000142487445701	0.00764810992329	0.00101666718013	0.00383175698574	0.00187544286639	0.0517267938014	8.85732770572e-05	0.000593055855079	0.00170214732432	0.0150651591238	0.0112102960658	0.00229905419144	3.85101204597e-06	0.000127083397517	0.00542222496072	0.0115337810777	5.77651806895e-05	5.00631565976e-05	1.92550602298e-05	0	0.00358914322684	0.000134785421609	0.000851073662158	0.00201022828799	0.000901136818756	0.0115568871499	0.00312317076928	7.70202409193e-05	0.00069703318032	3.85101204597e-06	9.62753011491e-05	7.70202409193e-06	1.15530361379e-05	3.85101204597e-06	0	3.85101204597e-06	0.00102436920423	3.85101204597e-06	1.15530361379e-05	4.23611325056e-05	0.0104901568132	7.70202409193e-06	6.93182168274e-05	8.47222650112e-05	0.00779059736899	4.62121445516e-05	0	0	3.85101204597e-06	0	3.85101204597e-06	0.00194476108321	0.000354293108229	0.00368156751594	0.000785606457377	0.00167133922795	0.000130934409563	0.000123232385471	0.000770202409193	0.000138636433655	0.000227209710712	2.69570843218e-05	0.000281123879355	0.000103977325241	0
0	0.00345050679319	3.85101204597e-06	0	0	0	3.85101204597e-06	0	3.85101204597e-06	0.000662374071906	0	0.0014749376136	1.15530361379e-05	0.0132975445947	0.000242613758896	3.85101204597e-06	3.08080963677e-05	3.08080963677e-05	2.31060722758e-05	7.31692288733e-05	7.70202409193e-06	3.46591084137e-05	0.000777904433285	1.92550602298e-05	8.85732770572e-05	0.0207030407591	0.00211035460119	0.0109676823069	7.70202409193e-06	0.000654672047814	7.70202409193e-06	0.00151344773406	0.000531439662343	1.92550602298e-05	0.000958901999445	3.85101204597e-06	0.00284974891401	3.85101204597e-06	0	1.92550602298e-05	0	0	0	7.70202409193e-06	5.77651806895e-05	1.92550602298e-05	0.00127853599926	1.15530361379e-05	0.00409362580486	2.69570843218e-05	0	7.70202409193e-05	7.70202409193e-06	0.000154040481839	0.000581502818941	1.15530361379e-05	1.15530361379e-05	0.000223358698666	1.54040481839e-05	5.77651806895e-05	0.00250315782988	0.00549924520164	0.00414368896146	4.23611325056e-05	1.92550602298e-05	0	3.08080963677e-05	0	0	0.000119381373425	0.000392803228688	0.000157891493885	8.08712529653e-05	2.31060722758e-05	1.54040481839e-05	3.85101204597e-06	0.000338889060045	0.000242613758896	0.00194091007117	0.000396654240734	3.85101204597e-06	0	0	0.000920391878986
0.00221818293848	0.013574817462	0.0130125697033	0	0.000192550602298	3.46591084137e-05	0.000388952216643	0.000616161927355	0.00207184448073	0.000231060722758	0.000346591084137	0.0150998182322	0.0014826396377	0.00410902985305	0.00451338611787	3.85101204597e-05	0.000369697156413	0.0218390893127	0.0103438183555	0.0172409809298	0.00124387689085	0.00160587202317	0.000481376505746	0.00764810992329	0.000593055855079	0.00211035460119	0.106680735697	0.0254782956961	0.000920391878986	0.00723605163437	0.00545688406913	0.00289981207061	1.54040481839e-05	0.00319633999815	0.0146954619674	7.70202409193e-06	0.0116839705475	0.00764425891124	0	6.54672047814e-05	0	0	0.000851073662158	0.000743245324871	0.000331187035953	0.00018099756616	0.000982008071721	3.46591084137e-05	0.000485227517792	0.000693182168274	0	0.000569949782803	0.0110254474876	0.00025801780708	0.00368156751594	3.85101204597e-05	0.000100126313195	0.000462121445516	0.00140176838473	0.000296527927539	0.000103977325241	0.0163860562556	0.0162474198219	0.000485227517792	3.85101204597e-06	9.62753011491e-05	3.85101204597e-05	0	0	0.000115530361379	0.00578036908099	0.00881881758526	0.00479065898518	0.0028150898056	0.000600757879171	0.000130934409563	3.85101204597e-05	0.00107828337287	0.00382790597369	0.00045827043347	8.08712529653e-05	7.70202409193e-06	1.54040481839e-05	3.85101204597e-06
0.000623863951446	0.0321097384393	0.0239494439139	0	3.85101204597e-05	0.000177146554114	0.000103977325241	1.15530361379e-05	0.00158276595089	0.00288825903447	1.15530361379e-05	0.00374318370868	0.000127083397517	0.00990095197018	0.00260713515512	8.47222650112e-05	0.00910764348871	0.0103900305	0.0017175513725	0.00335038047999	0.000130934409563	0.00144412951724	0.010725068548	0.0158777226655	0.00170214732432	0.0109676823069	0.0254782956961	0.123467297206	0.000211805662528	0.00274962260082	0.00134785421609	0.00248390276965	2.69570843218e-05	0.000670076095998	0.00668150589975	3.85101204597e-06	0.0133167996549	0.00183693274593	0	5.39141686435e-05	0	3.85101204597e-06	0.000169444530022	8.08712529653e-05	0.000512184602113	0.000107828337287	0.000928093903078	6.54672047814e-05	0.00152885178225	1.15530361379e-05	0	0.0183539234111	0.000951199975354	0.000103977325241	0.000646970023722	4.23611325056e-05	0.00432853753967	0.0237568933116	0.0166094149542	0.00124387689085	0.000562247758711	0.00794463785083	0.0235527896731	0.000955050987399	1.92550602298e-05	0.000573800794849	7.70202409193e-06	0	1.15530361379e-05	7.70202409193e-05	0.0114259527404	0.00547999014141	0.00671231399612	0.00260713515512	0.00134785421609	0.000512184602113	0.000184848578206	0.0010474752765	0.00174835946887	0.000558396746665	6.93182168274e-05	4.62121445516e-05	1.15530361379e-05	0.00020025262639
0.00445947194923	2.31060722758e-05	0.000681629132136	0	0.00317708493792	0.000412058288918	0.00665454881543	0.0123001324748	0.0135324563295	0.000388952216643	0.00546073508118	0.00150189469793	0.00501401768385	7.70202409193e-05	0.00861856495887	0.000500631565976	0.00202178132413	0.000593055855079	0.000958901999445	0.000138636433655	0.00719754151391	0.00754798361009	0.000154040481839	0.00703965002003	0.0150651591238	7.70202409193e-06	0.000920391878986	0.000211805662528	0.0602683385194	0.0132128223297	0.0116300563788	3.85101204597e-06	0.000161742505931	0.0101820758495	0.0126813826674	6.93182168274e-05	2.69570843218e-05	9.62753011491e-05	0	0.00321174404634	5.77651806895e-05	0.000261868819126	0.00127083397517	0.000369697156413	0.00673156905635	0.00311546874519	0.000196401614344	0.000750947348963	0	6.54672047814e-05	0	1.92550602298e-05	1.54040481839e-05	3.85101204597e-06	7.70202409193e-06	0.00108598539696	1.15530361379e-05	3.08080963677e-05	0.000227209710712	0.00569949782803	0	3.08080963677e-05	5.77651806895e-05	0.00522197233433	0.000119381373425	3.85101204597e-06	0	0	1.54040481839e-05	3.85101204597e-06	0.000770202409193	7.70202409193e-05	0.0014749376136	0.000304229951631	0.000585353830987	6.93182168274e-05	3.85101204597e-05	0.000427462337102	0.000107828337287	0.00043901537324	1.15530361379e-05	0.000300378939585	0.000115530361379	0
0.00913074956098	0.000623863951446	0.00582658122555	0	0.00571490187621	0.000396654240734	0.00579962414122	0.00252241289011	0.0189970424227	0.00140561939678	0.00209880156505	0.013320650667	0.0128739332697	0.00338889060045	0.0399311439046	0.00178301857728	0.000365846144367	0.00303459749222	0.00604993992421	0.00158276595089	0.0122770264025	0.00221818293848	0.000354293108229	0.00557241443051	0.0112102960658	0.000654672047814	0.00723605163437	0.00274962260082	0.0132128223297	0.0825040820728	0.0169906651468	8.08712529653e-05	0.00397424443144	0.0307156720786	0.0571644228103	0.000288825903447	0.000130934409563	0.000192550602298	0	0.00198712221572	2.69570843218e-05	0.00023876274685	0.000435164361194	0.000623863951446	0.00770587510398	0.000689331156228	0.000315782987769	0.000573800794849	0.000392803228688	0.000550694722573	0	0.000385101204597	0.000169444530022	3.85101204597e-06	1.15530361379e-05	0.000335038047999	3.08080963677e-05	0.000377399180505	0.00182152869774	0.0071551803814	0.000454419421424	9.24242891032e-05	0.000377399180505	0.00381635293755	5.39141686435e-05	1.54040481839e-05	7.70202409193e-06	3.85101204597e-06	0	6.16161927355e-05	0.00937336331988	0.00333497643181	0.018184478881	0.00319248898611	0.00160202101112	0.000304229951631	0.000770202409193	0.00100126313195	0.000315782987769	0.000519886626205	0.000223358698666	0.000519886626205	0.000315782987769	0.000304229951631
0.00865322406728	0.000304229951631	0.00621168243014	0	3.85101204597e-06	0.000107828337287	6.16161927355e-05	0.00263409223944	0.00909609045257	0.000323485011861	0	0.000423611325056	1.15530361379e-05	2.31060722758e-05	0.0127622539203	3.46591084137e-05	0.000154040481839	0.00471748975631	0.00175221048091	0.00217582180597	1.15530361379e-05	0.00899596413938	7.31692288733e-05	0.00945423457285	0.00229905419144	7.70202409193e-06	0.00545688406913	0.00134785421609	0.0116300563788	0.0169906651468	0.0399773560492	3.85101204597e-06	7.70202409193e-06	0.0117070766197	0.0116801195354	3.46591084137e-05	1.54040481839e-05	0.00020025262639	0	0.000812563541699	3.85101204597e-06	1.15530361379e-05	0.00049678055393	1.92550602298e-05	0.00308851166086	0.000130934409563	0	6.93182168274e-05	0	3.85101204597e-06	0	0.00023876274685	0.000211805662528	0	0	3.85101204597e-06	1.92550602298e-05	0.000250315782988	0.00159816999908	0.00206414245664	3.85101204597e-06	4.23611325056e-05	0.000223358698666	0.00259943313103	0	0.000223358698666	0	0	0	3.85101204597e-06	0.000234911734804	8.08712529653e-05	0.000739394312825	0.000304229951631	0.000169444530022	2.69570843218e-05	7.70202409193e-06	0.000254166795034	3.08080963677e-05	1.15530361379e-05	0	0.000130934409563	1.54040481839e-05	0
0	1.54040481839e-05	0	0	0	0	7.70202409193e-06	0	0	0	0	0.00063926799963	1.92550602298e-05	0.00510644197295	5.00631565976e-05	0	0	0	0.000142487445701	7.70202409193e-06	1.92550602298e-05	0	0	7.70202409193e-06	3.85101204597e-06	0.00151344773406	0.00289981207061	0.00248390276965	3.85101204597e-06	8.08712529653e-05	3.85101204597e-06	0.00565328568348	0	1.15530361379e-05	0.000157891493885	0	5.39141686435e-05	0	0	0	0	0	2.69570843218e-05	0	1.54040481839e-05	4.23611325056e-05	0.00113989956561	1.92550602298e-05	0.000385101204597	0	0	3.85101204597e-06	3.85101204597e-06	0.000142487445701	0.000373548168459	2.31060722758e-05	7.70202409193e-06	0	7.70202409193e-06	1.15530361379e-05	3.85101204597e-05	0.00204873840845	0.00063926799963	1.54040481839e-05	0	0	1.54040481839e-05	0	0	3.85101204597e-06	0.000184848578206	0.00025801780708	0.000103977325241	1.15530361379e-05	0	0	0	8.08712529653e-05	0.00129394004744	0.000165593517977	0	0	0	3.85101204597e-06
