0.0236674609342	3.21132441441e-06	0.00297368640775	0	1.92679464865e-05	0	0.000330766414685	0.00254336893622	0.00373155896955	0	0.000973031297568	0.000228004033423	4.17472173874e-05	3.21132441441e-06	0.016435558353	6.42264882883e-06	6.42264882883e-06	0.00209699484261	2.56905953153e-05	0.00155428101658	0.000125241652162	0.000639053558469	3.21132441441e-06	0.00328197355153	3.21132441441e-06	0	0.00113359751829	0.00104368043468	0.00253373496297	0.0143995786742	0.0150579001792	2.24792709009e-05	0	0.000507389257478	0.00238601403991	0	0	3.21132441441e-06	0	3.53245685586e-05	0	3.21132441441e-05	0	4.17472173874e-05	0	0.000122030327748	0	3.8535892973e-05	0	0	0	6.42264882883e-06	0	0	0	0.00010918503009	1.92679464865e-05	6.42264882883e-06	3.21132441441e-06	0.000102762381261	0	0	4.81698662162e-05	0.000131664300991	0	0	0	0	0	0	0.000122030327748	8.99170836036e-05	0.00301864494955	0.000433528795946	6.42264882883e-06	3.21132441441e-06	0	0	0	4.81698662162e-05	4.81698662162e-05	0	3.21132441441e-06	0
3.21132441441e-06	0.0265223283387	6.42264882883e-06	0	0	0	0	0	0	0.00141619406676	0	0	3.21132441441e-06	0.000924861431352	3.21132441441e-06	0	0.00101156719054	1.28452976577e-05	0	1.28452976577e-05	3.21132441441e-06	0	0.00684975497595	9.63397324324e-06	0.00353245685586	0.00263649734423	0.00464036377883	0.0227875580447	0.000163777545135	9.63397324324e-06	6.42264882883e-06	2.56905953153e-05	0	3.21132441441e-06	9.63397324324e-06	3.21132441441e-06	0.010112460581	0.00010918503009	0	0	0	3.21132441441e-06	3.21132441441e-06	1.92679464865e-05	0.000430317471532	3.21132441441e-06	2.24792709009e-05	1.92679464865e-05	0.00109506162532	1.60566220721e-05	0	8.02831103604e-05	0.000250483304324	6.42264882883e-06	0.000439951444775	0	2.24792709009e-05	0.00115607678919	3.8535892973e-05	0.000282596548469	0.00035645701	0.000240849331081	0.0129191581192	4.49585418018e-05	0	1.92679464865e-05	6.42264882883e-06	0	0	0.000141298274234	7.7071785946e-05	5.13811906306e-05	1.28452976577e-05	0	0	0	0	0.00010918503009	0.000125241652162	5.13811906306e-05	9.63397324324e-06	0	0	0
0.00297368640775	6.42264882883e-06	0.0378133449797	0	0	0	4.81698662162e-05	0.000250483304324	0.000799619779189	0	6.42264882883e-06	4.17472173874e-05	2.56905953153e-05	3.21132441441e-06	0.00157354896306	3.21132441441e-06	9.63397324324e-06	0.00417151041433	0	0.000404626876216	2.24792709009e-05	0.000780351832703	0.000160566220721	0.0144991297311	0	0	0.00543356090919	0.0193578635701	0.000545925150451	0.00148363187946	0.00305718084252	9.63397324324e-06	0	9.3128408018e-05	0.000578038394595	0	0.000122030327748	0.000677589451442	0	1.28452976577e-05	0	9.95510568469e-05	3.53245685586e-05	9.95510568469e-05	1.28452976577e-05	5.45925150451e-05	3.21132441441e-06	4.81698662162e-05	6.42264882883e-06	3.21132441441e-06	3.21132441441e-06	0.000427106147117	1.92679464865e-05	0	0	6.42264882883e-06	4.49585418018e-05	0.00195890789279	0.00302827892279	4.49585418018e-05	0	6.74378127027e-05	0.00446374093604	5.45925150451e-05	3.21132441441e-06	1.28452976577e-05	0	0	0	9.63397324324e-06	0.00407195935748	0.00193642862189	0.00275531634757	0.00386643459496	0.00016698886955	0	0.000215158735766	0.000122030327748	0.000783563157117	0.000298653170541	0.000231215357838	4.17472173874e-05	3.21132441441e-06	3.21132441441e-06
0	0	0	0	0	0	0	0	0	0	0	0	0	0	0	0	0	0	0	0	0	0	0	0	0	0	0	0	0	0	0	0	0	0	0	0	0	0	0	0	0	0	0	0	0	0	0	0	0	0	0	0	0	0	0	0	0	0	0	0	0	0	0	0	0	0	0	0	0	0	0	0	0	0	0	0	0	0	0	0	0	0	0	0
1.92679464865e-05	0	0	0	0.0206616612823	0	0.000979453946397	0.000773929183874	1.28452976577e-05	0.000722547993243	0.00162814147811	0.000722547993243	0.00628777320342	7.06491371171e-05	0.000748238588559	0.000751449912973	3.21132441441e-06	0	8.67057591892e-05	3.21132441441e-05	0.00587993500279	0	3.21132441441e-06	0	0.0102730268017	0	0.000314709792613	9.63397324324e-06	0.00396277432739	0.00127810711694	6.42264882883e-06	0.000199102113694	3.21132441441e-06	0.000179834167207	0.00117213341126	0	9.63397324324e-06	0	0	0.00716125344415	0	0.000841366996577	3.21132441441e-06	0.000571615745766	0.00403021214009	0.00560376110315	0.000179834167207	0.00247914244793	0.000128452976577	0.00018946814045	9.63397324324e-06	0	0	6.42264882883e-06	0	0.00762689548424	0	0	2.89019197297e-05	0.00436418987919	6.42264882883e-06	0	3.21132441441e-06	0.00395314035414	0.000102762381261	0	0	0	0	0.000208736086937	0.000147720923063	2.89019197297e-05	0.000635842234054	5.78038394595e-05	0.000536291177207	0	9.63397324324e-06	0.000366090983243	1.60566220721e-05	0.000160566220721	5.78038394595e-05	0.000173411518378	2.24792709009e-05	0
0	0	0	0	0	0.00300258832748	0.00168915664198	6.42264882883e-06	0.000680800775856	0	0	0	0	0	0.000134875625405	0.00060372898991	0	0	0	0	0	0	0	0	0	0	0	0	0	0	0	0	0.000902382160451	0	0.000105973705676	0	0	0	0	0	0	0	0	0	0	0	0	0	0	0	0	0	0	0	0	0	0	0	0	0	0	0	0	0	0	0	0	0	0	0	7.06491371171e-05	0	0	0	0.00108542765207	8.34944347748e-05	0	0	0	0	0	0	0	0
0.000330766414685	0	4.81698662162e-05	0	0.000979453946397	0.00168915664198	0.0382854096687	0.00651577723685	0.0100161208486	9.63397324324e-05	0.0104657062666	0.00124920519721	0.0102216456111	0.000163777545135	0.00799298646748	0.00661211696928	1.60566220721e-05	3.21132441441e-06	8.02831103604e-05	0.000215158735766	0.00232178755162	0	0	9.95510568469e-05	0.00120745797982	0	0.000478487337748	1.92679464865e-05	0.0024502405282	0.00581249719009	0.000317921117027	0.000285807872883	0.000651898856126	0.000561981772523	0.00245345185261	1.28452976577e-05	0	3.21132441441e-06	0	0.000375724956487	0	0.000211947411351	7.38604615315e-05	0.000179834167207	0.000295441846126	0.000761083886216	9.63397324324e-06	0.000215158735766	3.21132441441e-06	2.89019197297e-05	0	0	3.21132441441e-06	0	0	0.000542713826036	5.13811906306e-05	0	2.89019197297e-05	0.000658321504955	0	0	0	0.000661532829369	2.24792709009e-05	5.78038394595e-05	0	3.21132441441e-06	0	1.60566220721e-05	0.000375724956487	5.45925150451e-05	0.0020263457055	0.000443162769189	0.00309892805991	0.000378936280901	6.42264882883e-06	3.21132441441e-06	0	0.000183045491622	0.000195890789279	3.21132441441e-06	8.02831103604e-05	0
0.00254336893622	0	0.000250483304324	0	0.000773929183874	6.42264882883e-06	0.00651577723685	0.0418788816884	0.00516702098279	0.000170200193964	0.00829163963802	0.000244060655496	0.00134875625405	6.42264882883e-06	0.00683690967829	0.00135196757847	0	9.63397324324e-06	2.24792709009e-05	9.3128408018e-05	0.000513811906306	0.00110148427414	6.42264882883e-06	0.00297368640775	0.000497755284234	0	0.000147720923063	9.63397324324e-05	0.0162493015369	0.010112460581	0.0073507215846	1.60566220721e-05	2.24792709009e-05	0.00842972658784	0.00687865689568	0	0	0	0	0.0030732374646	0	0.000667955478198	0	0.00071291402	0.00214516470883	0.00419720100964	1.28452976577e-05	0.000783563157117	1.28452976577e-05	4.81698662162e-05	3.21132441441e-06	0	0	0	0	0.00164740942459	2.89019197297e-05	0	0	0.00427748412	0	3.21132441441e-06	0	0.00410086127721	9.63397324324e-06	0	0	0	0	1.60566220721e-05	0.000648687531712	0.00052344587955	0.00535648912324	0.00157354896306	0.000520234555135	0	6.42264882883e-06	3.53245685586e-05	0	0.000651898856126	0.000626208260811	9.63397324324e-05	3.53245685586e-05	0
0.00373155896955	0	0.000799619779189	0	1.28452976577e-05	0.000680800775856	0.0100161208486	0.00516702098279	0.0270329289205	0	0.00295120713685	1.92679464865e-05	0.000456008066847	3.21132441441e-06	0.0138022723332	0.000940918053424	2.24792709009e-05	3.21132441441e-06	0	0	0.000215158735766	8.34944347748e-05	0	0.00093128408018	0	0	5.13811906306e-05	4.17472173874e-05	0.00201028908342	0.00390497048793	0.00240849331081	1.28452976577e-05	0.00096018599991	0.000725759317658	0.00141298274234	1.28452976577e-05	0	6.42264882883e-06	0	8.67057591892e-05	0	0.000321132441441	0.000115607678919	0.000289019197297	6.42264882883e-06	0.000346823036757	6.42264882883e-06	0.000195890789279	3.21132441441e-06	1.92679464865e-05	0	0	6.42264882883e-06	0	0	0.000128452976577	7.06491371171e-05	0	3.53245685586e-05	0.000131664300991	0	0	0	0.00016698886955	2.24792709009e-05	7.7071785946e-05	0	9.63397324324e-06	0	6.42264882883e-06	0.00024727197991	0.000154143571892	0.0014932658527	0.000947340702252	0.000693646073514	0.000976242621982	5.13811906306e-05	0	0	0.000317921117027	0.000285807872883	6.42264882883e-06	0.000154143571892	0
0	0.00141619406676	0	0	0.000722547993243	0	9.63397324324e-05	0.000170200193964	0	0.0184940173026	6.42264882883e-06	6.42264882883e-06	0.00193321729748	3.53245685586e-05	6.42264882883e-06	0.000311498468198	0.000966608648739	0	0	0	0.000211947411351	0	0.00375724956487	0	0.0109152916846	0.000154143571892	0.000202313438108	0.00144188466207	0.00413297452135	3.8535892973e-05	0	1.92679464865e-05	0	0	3.53245685586e-05	3.8535892973e-05	6.42264882883e-05	0.000102762381261	0	0.00085100096982	0	0.000237638006667	3.21132441441e-05	0.000244060655496	0.00621712406631	0.000411049525045	3.21132441441e-06	0.000157354896306	0.000134875625405	2.89019197297e-05	9.3128408018e-05	1.60566220721e-05	0.000183045491622	0	6.10151638739e-05	0.000324343765856	0.000147720923063	0.000269751250811	0.000150932247478	0.00571294613324	0	0	0.000224792709009	0.0018946814045	3.53245685586e-05	9.63397324324e-06	0	0	0	9.63397324324e-06	0.000966608648739	0	2.56905953153e-05	3.21132441441e-06	0.00218691192622	0	0	0.000150932247478	1.92679464865e-05	0.000115607678919	6.42264882883e-06	0	0	0
0.000973031297568	0	6.42264882883e-06	0	0.00162814147811	0	0.0104657062666	0.00829163963802	0.00295120713685	6.42264882883e-06	0.0328101015421	0.00188825875568	0.00236353476901	5.13811906306e-05	0.00706812503613	0.00161529618045	0	0	0.000282596548469	0.000671166802613	0.00415866511667	3.21132441441e-06	0	1.28452976577e-05	0.000407838200631	0	0.000648687531712	7.06491371171e-05	0.00563266302288	0.00809896017315	4.17472173874e-05	2.89019197297e-05	3.21132441441e-06	0.00274889369874	0.00498397549117	0	6.42264882883e-06	0	0	0.000536291177207	0	0.000372513632072	3.21132441441e-06	0.000388570254144	0.000854212294234	0.00228967430748	4.81698662162e-05	0.000844578320991	2.24792709009e-05	6.10151638739e-05	0	0	0	3.21132441441e-06	0	0.00207772689613	0	0	3.8535892973e-05	0.00106937103	6.42264882883e-06	0	0	0.000870268916306	4.17472173874e-05	0	0	0	0	5.45925150451e-05	0.000340400387928	0.000150932247478	0.00360631731739	0.000571615745766	0.000199102113694	0	6.42264882883e-06	0.000452796742433	1.60566220721e-05	0.000301864494955	0.00024727197991	0.000147720923063	3.8535892973e-05	0
0.000228004033423	0	4.17472173874e-05	0	0.000722547993243	0	0.00124920519721	0.000244060655496	1.92679464865e-05	6.42264882883e-06	0.00188825875568	0.0312718771476	0.00730897436721	0.0059923313573	0.00765579740397	8.99170836036e-05	3.21132441441e-06	7.38604615315e-05	0.00421325763171	0.00546888547775	0.00720942331036	2.56905953153e-05	0	0.00010918503009	0.00250162171883	0.000488121310991	0.00851964367144	0.000439951444775	0.000369302307658	0.0124470934303	0.000256905953153	0.00217085530414	6.42264882883e-05	0.000295441846126	0.0143289295371	0	4.17472173874e-05	0	0	0.00010918503009	0	0.00043674012036	0	0.00041426084946	2.24792709009e-05	0.000375724956487	2.56905953153e-05	0.000561981772523	0.000404626876216	1.28452976577e-05	0	0	0	0	0	0.000157354896306	0	3.21132441441e-06	0	0.000481698662162	7.7071785946e-05	3.21132441441e-06	1.92679464865e-05	0.000163777545135	3.21132441441e-06	0	0	0	0	3.8535892973e-05	0.00141940539117	0.00427748412	0.00714519682207	0.000706491371171	0.000150932247478	3.21132441441e-06	0.000163777545135	0.00010918503009	0.000366090983243	0.00035645701	0.000289019197297	0.000211947411351	1.28452976577e-05	0
4.17472173874e-05	3.21132441441e-06	2.56905953153e-05	0	0.00628777320342	0	0.0102216456111	0.00134875625405	0.000456008066847	0.00193321729748	0.00236353476901	0.00730897436721	0.0464935548719	0.000622996936397	0.00978490549072	0.00302506759838	3.21132441441e-06	9.63397324324e-06	0.000950552026667	0.00194606259514	0.0182210547274	9.63397324324e-06	0	0.000125241652162	0.00977206019306	0	0.00354530215351	0.000202313438108	0.00202313438108	0.0135196757847	8.02831103604e-05	0.0011143295718	0.000195890789279	0.000985876595225	0.0111850429354	0	1.28452976577e-05	2.56905953153e-05	0	0.00398204227387	0	0.00644191677532	0.000115607678919	0.00692682676189	0.00208736086937	0.0100803473368	0.00154143571892	0.0137862157111	0.000626208260811	0.00160887353162	3.21132441441e-05	0	1.60566220721e-05	9.63397324324e-06	0	0.00553632329045	1.28452976577e-05	0	4.17472173874e-05	0.00274889369874	3.21132441441e-06	9.63397324324e-06	2.24792709009e-05	0.00221581384595	0.00110790692297	0	3.21132441441e-06	3.53245685586e-05	0	0.00200386643459	0.000545925150451	0.00109506162532	0.00766543137721	0.00220296854829	0.00303149024721	0.000105973705676	0.000301864494955	0.000751449912973	1.60566220721e-05	0.00378936280901	0.00233463284928	0.0017148472373	0.000282596548469	2.24792709009e-05
3.21132441441e-06	0.000924861431352	3.21132441441e-06	0	7.06491371171e-05	0	0.000163777545135	6.42264882883e-06	3.21132441441e-06	3.53245685586e-05	5.13811906306e-05	0.0059923313573	0.000622996936397	0.0209314125332	0.000228004033423	2.24792709009e-05	3.21132441441e-06	0	1.60566220721e-05	3.53245685586e-05	0.000324343765856	0	0.000285807872883	9.63397324324e-06	0.000305075819369	0.00853570029352	0.00372192499631	0.00447016358487	6.42264882883e-06	0.000806042428018	1.28452976577e-05	0.00139050347144	3.21132441441e-05	1.28452976577e-05	0.000867057591892	0	0.000581249719009	3.21132441441e-06	0	2.89019197297e-05	0	0.00035645701	2.56905953153e-05	0.000311498468198	4.49585418018e-05	0.000202313438108	0.00120103533099	0.000231215357838	0.00536612309649	9.63397324324e-06	6.42264882883e-06	0	4.17472173874e-05	0	5.45925150451e-05	3.21132441441e-05	3.21132441441e-06	3.8535892973e-05	6.42264882883e-06	0.000128452976577	0.00204240232757	6.74378127027e-05	0.000748238588559	4.81698662162e-05	3.21132441441e-06	3.21132441441e-06	2.24792709009e-05	0	0	0.000420683498288	9.3128408018e-05	0.00154464704333	0.00112396354505	0.000199102113694	4.81698662162e-05	3.21132441441e-06	0.000478487337748	0.000105973705676	0.00261401807333	0.000391781578559	0.000122030327748	8.02831103604e-05	0.000147720923063	0.000253694628739
0.016435558353	3.21132441441e-06	0.00157354896306	0	0.000748238588559	0.000134875625405	0.00799298646748	0.00683690967829	0.0138022723332	6.42264882883e-06	0.00706812503613	0.00765579740397	0.00978490549072	0.000228004033423	0.0650582213116	0.00103404646144	3.53245685586e-05	0.00186899080919	0.000956974675496	0.00386001194613	0.00980738476162	0.000594095016667	3.21132441441e-06	0.00263649734423	0.00157354896306	0	0.00385037797288	0.000799619779189	0.00719015536388	0.0478872696678	0.0163135280252	0.000321132441441	0.000732181966487	0.00877333830018	0.0194927391955	1.28452976577e-05	6.42264882883e-06	1.92679464865e-05	0	0.00046564204009	0	0.00135196757847	0.000157354896306	0.00119782400658	6.10151638739e-05	0.00148042055505	0.000183045491622	0.00117534473568	8.99170836036e-05	7.38604615315e-05	1.60566220721e-05	3.21132441441e-06	1.28452976577e-05	3.21132441441e-06	0	0.000610151638739	8.34944347748e-05	3.21132441441e-06	6.42264882883e-05	0.00137123552496	0	0	5.78038394595e-05	0.000902382160451	5.78038394595e-05	9.3128408018e-05	0	1.28452976577e-05	0	0.000305075819369	0.00351640023378	0.000539502501622	0.0168177059583	0.00233142152487	0.00190431537775	0.000806042428018	0.000102762381261	0.000228004033423	3.21132441441e-06	0.00108221632766	0.000732181966487	0.000417472173874	0.000314709792613	0
6.42264882883e-06	0	3.21132441441e-06	0	0.000751449912973	0.00060372898991	0.00661211696928	0.00135196757847	0.000940918053424	0.000311498468198	0.00161529618045	8.99170836036e-05	0.00302506759838	2.24792709009e-05	0.00103404646144	0.0109377709555	0	0	0	1.60566220721e-05	0.000504177933063	0	3.21132441441e-06	6.42264882883e-06	0.0015157451236	0	9.3128408018e-05	0	0.000735393290901	0.000982665270811	3.21132441441e-06	4.81698662162e-05	0	7.06491371171e-05	0.000244060655496	0	0	0	0	0.000366090983243	0	2.89019197297e-05	0	2.24792709009e-05	0.000394992902973	0.000407838200631	6.42264882883e-06	8.02831103604e-05	0	0	0	0	0	0	0	0.000263328601982	3.21132441441e-06	0	0	0.00046564204009	0	0	0	0.000443162769189	0	0	0	0	0	6.42264882883e-06	0.00132948830757	3.21132441441e-06	0.000228004033423	1.92679464865e-05	0.00521519084901	0	0	0	0	1.60566220721e-05	1.28452976577e-05	3.21132441441e-06	0	0
6.42264882883e-06	0.00101156719054	9.63397324324e-06	0	3.21132441441e-06	0	1.60566220721e-05	0	2.24792709009e-05	0.000966608648739	0	3.21132441441e-06	3.21132441441e-06	3.21132441441e-06	3.53245685586e-05	0	0.0170521326405	0	0	3.21132441441e-06	0	0.00133912228081	0.0100032755509	0.00269430118369	0.00459540523703	3.21132441441e-06	1.92679464865e-05	0.00370586837423	0.00131664300991	1.60566220721e-05	9.63397324324e-06	0	0	6.42264882883e-06	6.42264882883e-06	1.28452976577e-05	0.000105973705676	6.42264882883e-06	0	0	0	1.28452976577e-05	0	3.8535892973e-05	0.00381826472874	3.21132441441e-06	0	3.21132441441e-06	3.21132441441e-06	1.28452976577e-05	0	0.00237638006667	0	0	0	0	0.00087990288955	0.00442199371865	0.00016698886955	0.00426142749793	0	6.42264882883e-06	0.000282596548469	0.00483625456811	0	1.60566220721e-05	0	0	0	0	0.000195890789279	0.000128452976577	4.49585418018e-05	4.81698662162e-05	6.42264882883e-06	3.21132441441e-06	0	0.000350034361171	0.000215158735766	6.42264882883e-06	3.21132441441e-06	0	0	0
0.00209699484261	1.28452976577e-05	0.00417151041433	0	0	0	3.21132441441e-06	9.63397324324e-06	3.21132441441e-06	0	0	7.38604615315e-05	9.63397324324e-06	0	0.00186899080919	0	0	0.021705341717	0	0.00800583176514	0	0.00249519907	0	0.0109891521461	0	0	0.00595379546433	0.00460825053469	0.000529868528378	0.00232821020045	0.00477202807982	0	0	0.000301864494955	0.00550099872189	0	2.24792709009e-05	0.000102762381261	0	0	0	1.60566220721e-05	3.21132441441e-06	1.60566220721e-05	0	6.42264882883e-06	0	9.63397324324e-06	0	0	0	0	9.63397324324e-06	0	9.63397324324e-06	0	3.21132441441e-06	0	2.89019197297e-05	9.63397324324e-06	0	6.42264882883e-06	0.000456008066847	6.42264882883e-06	0	0	0	0	0	0	0.00010918503009	0.000144509598649	0.00219654589946	0.000635842234054	0	3.21132441441e-06	6.42264882883e-06	1.28452976577e-05	0.00016698886955	5.78038394595e-05	5.13811906306e-05	0	0	0
2.56905953153e-05	0	0	0	8.67057591892e-05	0	8.02831103604e-05	2.24792709009e-05	0	0	0.000282596548469	0.00421325763171	0.000950552026667	1.60566220721e-05	0.000956974675496	0	0	0	0.00546567415333	0.00229930828072	0.00105973705676	0	0	0	0.00049454395982	0	0.00137123552496	0	9.63397324324e-06	0.00138408082261	9.63397324324e-06	0.000163777545135	0	1.60566220721e-05	0.00161529618045	0	0	0	0	0	0	1.28452976577e-05	0	1.60566220721e-05	0	1.28452976577e-05	0	2.56905953153e-05	0	0	0	0	0	0	0	3.21132441441e-06	0	0	0	1.92679464865e-05	0	0	0	0	0	0	0	0	0	0	0.000199102113694	0.000481698662162	0.000411049525045	3.53245685586e-05	0	0	0	1.28452976577e-05	0	1.60566220721e-05	1.60566220721e-05	6.42264882883e-06	0	0
0.00155428101658	1.28452976577e-05	0.000404626876216	0	3.21132441441e-05	0	0.000215158735766	9.3128408018e-05	0	0	0.000671166802613	0.00546888547775	0.00194606259514	3.53245685586e-05	0.00386001194613	1.60566220721e-05	3.21132441441e-06	0.00800583176514	0.00229930828072	0.0324953917495	0.00232821020045	0.000722547993243	0	0.00245345185261	0.000240849331081	2.89019197297e-05	0.020844706774	0.00488442443433	0.000144509598649	0.00517665495604	0.00271999177901	0.000125241652162	0	0.000394992902973	0.00986518860108	0	4.49585418018e-05	5.13811906306e-05	0	5.78038394595e-05	0	0.000330766414685	0	0.000237638006667	3.21132441441e-06	0.000154143571892	5.78038394595e-05	0.000433528795946	0.000256905953153	1.92679464865e-05	0	0	9.63397324324e-06	0	2.24792709009e-05	8.02831103604e-05	2.24792709009e-05	3.21132441441e-06	0.000125241652162	0.000517023230721	2.89019197297e-05	0.000173411518378	0.000924861431352	9.95510568469e-05	1.28452976577e-05	0	0	0	0	5.78038394595e-05	0.00193642862189	0.00276816164523	0.00541108163829	0.00138408082261	0	0	9.63397324324e-06	0.000211947411351	6.74378127027e-05	0.000228004033423	8.99170836036e-05	0.000263328601982	1.28452976577e-05	0
0.000125241652162	3.21132441441e-06	2.24792709009e-05	0	0.00587993500279	0	0.00232178755162	0.000513811906306	0.000215158735766	0.000211947411351	0.00415866511667	0.00720942331036	0.0182210547274	0.000324343765856	0.00980738476162	0.000504177933063	0	0	0.00105973705676	0.00232821020045	0.0298621057296	3.21132441441e-06	0	3.53245685586e-05	0.00568725553793	0	0.00325949428063	0.000211947411351	0.0027167804546	0.0121227496644	3.21132441441e-05	0.00060372898991	3.21132441441e-05	0.000966608648739	0.0103468872632	0	6.42264882883e-06	9.63397324324e-06	0	0.00578038394595	0	0.00386964591937	5.45925150451e-05	0.0031181960064	0.00175659445469	0.00621070141748	0.000507389257478	0.00788380143739	0.00024727197991	0.000674378127027	4.81698662162e-05	0	3.21132441441e-06	6.42264882883e-06	0	0.00745669529027	3.21132441441e-06	0	2.24792709009e-05	0.00214195338441	0	3.21132441441e-06	2.56905953153e-05	0.0018722021336	0.000459219391261	0	3.21132441441e-06	6.42264882883e-06	0	0.000687223424685	0.00035645701	0.000433528795946	0.00647081869505	0.000796408454775	0.000642264882883	2.89019197297e-05	7.38604615315e-05	0.000488121310991	6.42264882883e-06	0.0014033487691	0.00082209905009	0.00071291402	0.000144509598649	9.63397324324e-06
0.000639053558469	0	0.000780351832703	0	0	0	0	0.00110148427414	8.34944347748e-05	0	3.21132441441e-06	2.56905953153e-05	9.63397324324e-06	0	0.000594095016667	0	0.00133912228081	0.00249519907	0	0.000722547993243	3.21132441441e-06	0.0350194927392	0.000295441846126	0.0227907693691	8.99170836036e-05	0	0.000150932247478	0.000578038394595	0.00940918053424	0.00233784417369	0.0129191581192	3.21132441441e-06	0	0.00140977141793	0.00581570851451	0	0	0	0	0	0	1.60566220721e-05	3.21132441441e-06	1.60566220721e-05	0.000157354896306	6.42264882883e-06	0	1.28452976577e-05	0	0	0	0.000337189063514	0	0	0	3.21132441441e-06	0.0020713042473	0.00128774109018	6.42264882883e-06	0.000244060655496	0	0	1.60566220721e-05	0.0034521737455	0	0	0	0	0	0	0.00110148427414	0.000542713826036	0.00398204227387	0.000613362963153	0	0	6.42264882883e-06	3.21132441441e-05	4.17472173874e-05	1.28452976577e-05	1.28452976577e-05	3.21132441441e-06	0	0
3.21132441441e-06	0.00684975497595	0.000160566220721	0	3.21132441441e-06	0	0	6.42264882883e-06	0	0.00375724956487	0	0	0	0.000285807872883	3.21132441441e-06	3.21132441441e-06	0.0100032755509	0	0	0	0	0.000295441846126	0.0290881765458	0.00215801000649	0.00542392693595	0.0015382243945	0.000500966608649	0.0140591782863	0.00108863897649	3.21132441441e-06	3.21132441441e-06	0	0	0	0	6.42264882883e-06	0.000667955478198	6.42264882883e-06	0	0	0	1.60566220721e-05	3.21132441441e-06	3.21132441441e-05	0.00333335474216	0	3.21132441441e-06	3.21132441441e-06	0.000366090983243	9.63397324324e-06	3.21132441441e-06	0.0064387054509	8.99170836036e-05	0	9.63397324324e-05	0	0.00119782400658	0.0114515828618	0.00135517890288	0.0043224426618	6.10151638739e-05	3.21132441441e-06	0.00390497048793	0.00346501904315	0	9.63397324324e-06	0	0	0	3.21132441441e-06	1.92679464865e-05	0	0	0	8.02831103604e-05	0	0	0.000292230521712	0.000141298274234	6.42264882883e-06	0	0	0	0
0.00328197355153	9.63397324324e-06	0.0144991297311	0	0	0	9.95510568469e-05	0.00297368640775	0.00093128408018	0	1.28452976577e-05	0.00010918503009	0.000125241652162	9.63397324324e-06	0.00263649734423	6.42264882883e-06	0.00269430118369	0.0109891521461	0	0.00245345185261	3.53245685586e-05	0.0227907693691	0.00215801000649	0.0734911592239	7.38604615315e-05	0	0.00320169044117	0.00929999550415	0.00755945767153	0.00338794725721	0.0116089377581	1.92679464865e-05	3.21132441441e-06	0.00130058638784	0.00873159108279	0	1.28452976577e-05	0.000105973705676	0	1.28452976577e-05	0	0.000170200193964	3.21132441441e-06	0.000186256816036	0.000118819003333	8.99170836036e-05	3.21132441441e-06	0.00016698886955	0	0	6.42264882883e-06	0.00370265704982	3.21132441441e-06	0	0	2.89019197297e-05	0.00348428698964	0.00645797339739	0.0030732374646	0.00146436393297	0	3.21132441441e-06	0.00068401210027	0.00446052961162	0	0	0	0	0	1.28452976577e-05	0.0035420908291	0.00205524762523	0.00846826248081	0.00535327779883	0.000269751250811	2.56905953153e-05	6.74378127027e-05	0.00010918503009	0.000134875625405	0.000211947411351	0.000199102113694	4.81698662162e-05	1.92679464865e-05	0
3.21132441441e-06	0.00353245685586	0	0	0.0102730268017	0	0.00120745797982	0.000497755284234	0	0.0109152916846	0.000407838200631	0.00250162171883	0.00977206019306	0.000305075819369	0.00157354896306	0.0015157451236	0.00459540523703	0	0.00049454395982	0.000240849331081	0.00568725553793	8.99170836036e-05	0.00542392693595	7.38604615315e-05	0.0496117508783	0.000343611712342	0.00142261671559	0.00289982594622	0.013150373477	0.0036095286418	2.56905953153e-05	0.000542713826036	3.21132441441e-06	0.000208736086937	0.00337510195955	4.81698662162e-05	0.000481698662162	0.000102762381261	0	0.00701995516991	0	0.000944129377838	0.000208736086937	0.000812465076847	0.0159795502861	0.00433207663505	9.95510568469e-05	0.0017373265082	0.00032755509027	0.000211947411351	0.000366090983243	2.89019197297e-05	0.000122030327748	3.21132441441e-06	1.92679464865e-05	0.00326270560505	4.49585418018e-05	0.00144509598649	0.000517023230721	0.0185261305468	6.42264882883e-05	1.28452976577e-05	0.000982665270811	0.00900776498243	9.95510568469e-05	1.60566220721e-05	0	0	0	0.00010918503009	0.00151895644802	2.89019197297e-05	0.0014932658527	0.000112396354505	0.00305075819369	0	3.21132441441e-06	0.00188825875568	0.000211947411351	0.000340400387928	0.000173411518378	0.000199102113694	1.28452976577e-05	0
0	0.00263649734423	0	0	0	0	0	0	0	0.000154143571892	0	0.000488121310991	0	0.00853570029352	0	0	3.21132441441e-06	0	0	2.89019197297e-05	0	0	0.0015382243945	0	0.000343611712342	0.0132563471827	0.00262686337099	0.00566798759144	6.42264882883e-06	0	0	0.000867057591892	0	0	0	0	0.00105331440793	0	0	6.42264882883e-06	0	6.42264882883e-06	3.21132441441e-06	3.21132441441e-06	7.06491371171e-05	0	0.00119140135775	3.21132441441e-06	0.00600517665496	0	0	0	4.49585418018e-05	3.21132441441e-06	5.78038394595e-05	0	0	5.13811906306e-05	1.60566220721e-05	7.38604615315e-05	0.00273604840108	4.49585418018e-05	0.00087990288955	1.60566220721e-05	3.21132441441e-06	0	6.74378127027e-05	0	0	6.42264882883e-05	0	6.42264882883e-05	8.34944347748e-05	0	0	0	6.74378127027e-05	3.53245685586e-05	0.00221581384595	7.38604615315e-05	1.60566220721e-05	0	0	0.000234426682252
0.00113359751829	0.00464036377883	0.00543356090919	0	0.000314709792613	0	0.000478487337748	0.000147720923063	5.13811906306e-05	0.000202313438108	0.000648687531712	0.00851964367144	0.00354530215351	0.00372192499631	0.00385037797288	9.3128408018e-05	1.92679464865e-05	0.00595379546433	0.00137123552496	0.020844706774	0.00325949428063	0.000150932247478	0.000500966608649	0.00320169044117	0.00142261671559	0.00262686337099	0.0989858637499	0.0440176237484	0.000234426682252	0.0065061432636	0.00127810711694	0.00694609470838	0	0.000183045491622	0.00839119069487	6.42264882883e-06	0.0134458153232	0.000388570254144	0	0.000128452976577	0	0.000481698662162	7.7071785946e-05	0.000366090983243	0.000606940314324	0.000317921117027	0.000565193096937	0.000664744153784	0.00904951219982	6.42264882883e-05	1.60566220721e-05	1.28452976577e-05	0.000513811906306	0.000115607678919	0.000860634943063	0.000134875625405	3.8535892973e-05	0.00046564204009	0.000433528795946	0.00161529618045	0.00476560543099	0.0068176417318	0.0244735033623	0.000475276013333	4.49585418018e-05	8.02831103604e-05	0.000449585418018	0	0	0.000456008066847	0.00777782773171	0.0107129782465	0.00721584595919	0.00237638006667	0.000105973705676	0	4.17472173874e-05	0.00191394935099	0.00341684917694	0.00157676028748	0.000446374093604	0.000346823036757	1.60566220721e-05	6.42264882883e-06
0.00104368043468	0.0227875580447	0.0193578635701	0	9.63397324324e-06	0	1.92679464865e-05	9.63397324324e-05	4.17472173874e-05	0.00144188466207	7.06491371171e-05	0.000439951444775	0.000202313438108	0.00447016358487	0.000799619779189	0	0.00370586837423	0.00460825053469	0	0.00488442443433	0.000211947411351	0.000578038394595	0.0140591782863	0.00929999550415	0.00289982594622	0.00566798759144	0.0440176237484	0.121705983982	0.000963397324324	0.00156391498982	0.00121066930423	0.000301864494955	0	0.000163777545135	0.00165704339784	6.42264882883e-06	0.0218819645598	0.00165704339784	0	6.10151638739e-05	0	0.000250483304324	9.95510568469e-05	0.000205524762523	0.000899170836036	0.000144509598649	0.000382147605315	0.000295441846126	0.00673414729703	4.17472173874e-05	3.21132441441e-05	0.00547209680216	0.000398204227387	0.00010918503009	0.000751449912973	4.49585418018e-05	0.00041426084946	0.0114419488886	0.00548173077541	0.00139371479586	0.00570010083559	0.00291267124387	0.0397465622772	0.000892748187207	3.21132441441e-05	7.38604615315e-05	0.000256905953153	0	0	0.000375724956487	0.0149198132294	0.0102023776646	0.00329481884919	0.00408159333072	9.63397324324e-05	0	0.000260117277568	0.00201350040784	0.00218691192622	0.00138729214703	0.000452796742433	0.000179834167207	1.28452976577e-05	6.42264882883e-06
0.00253373496297	0.000163777545135	0.000545925150451	0	0.00396277432739	0	0.0024502405282	0.0162493015369	0.00201028908342	0.00413297452135	0.00563266302288	0.000369302307658	0.00202313438108	6.42264882883e-06	0.00719015536388	0.000735393290901	0.00131664300991	0.000529868528378	9.63397324324e-06	0.000144509598649	0.0027167804546	0.00940918053424	0.00108863897649	0.00755945767153	0.013150373477	6.42264882883e-06	0.000234426682252	0.000963397324324	0.0750325949428	0.0116282057046	0.0181311376438	1.28452976577e-05	9.63397324324e-06	0.00846826248081	0.00932247477505	6.42264882883e-06	9.95510568469e-05	3.21132441441e-05	0	0.00917475385198	0	0.00212589676234	0.000179834167207	0.0018722021336	0.0154850063263	0.00949588629343	0.000186256816036	0.00271356913018	0.000154143571892	0.000350034361171	0.000224792709009	6.42264882883e-06	3.21132441441e-05	2.89019197297e-05	0	0.00503856800622	0.000195890789279	0.000234426682252	0.000600517665496	0.0210727108074	4.17472173874e-05	5.45925150451e-05	0.000144509598649	0.0153533420253	0.000157354896306	4.81698662162e-05	0	0	0	0.00021837006018	0.00469495629387	0.00125241652162	0.00592168222018	0.00188183610685	0.00241491595964	0	6.42264882883e-06	0.00374119294279	0.000237638006667	0.00101798983937	0.000751449912973	0.00122993725072	8.02831103604e-05	3.21132441441e-06
0.0143995786742	9.63397324324e-06	0.00148363187946	0	0.00127810711694	0	0.00581249719009	0.010112460581	0.00390497048793	3.8535892973e-05	0.00809896017315	0.0124470934303	0.0135196757847	0.000806042428018	0.0478872696678	0.000982665270811	1.60566220721e-05	0.00232821020045	0.00138408082261	0.00517665495604	0.0121227496644	0.00233784417369	3.21132441441e-06	0.00338794725721	0.0036095286418	0	0.0065061432636	0.00156391498982	0.0116282057046	0.0787962671565	0.0278357600241	0.00131664300991	0.00105973705676	0.0212975035164	0.0355236706723	0	1.60566220721e-05	1.28452976577e-05	0	0.000658321504955	0	0.00284844475559	9.3128408018e-05	0.00255300290946	9.63397324324e-05	0.00237638006667	0.000462430715676	0.00307966011342	0.000250483304324	0.000141298274234	2.24792709009e-05	3.21132441441e-06	9.63397324324e-06	6.42264882883e-06	0	0.00102762381261	9.3128408018e-05	3.21132441441e-06	4.81698662162e-05	0.00293193919036	6.42264882883e-06	3.21132441441e-06	8.02831103604e-05	0.00138408082261	0.000115607678919	3.53245685586e-05	0	1.28452976577e-05	0	0.00071291402	0.00441557106982	0.00108863897649	0.0254529573087	0.00384074399964	0.00200065511018	0.000250483304324	0.000112396354505	0.000517023230721	9.63397324324e-06	0.00228646298306	0.00162493015369	0.00106937103	0.000311498468198	0
0.0150579001792	6.42264882883e-06	0.00305718084252	0	6.42264882883e-06	0	0.000317921117027	0.0073507215846	0.00240849331081	0	4.17472173874e-05	0.000256905953153	8.02831103604e-05	1.28452976577e-05	0.0163135280252	3.21132441441e-06	9.63397324324e-06	0.00477202807982	9.63397324324e-06	0.00271999177901	3.21132441441e-05	0.0129191581192	3.21132441441e-06	0.0116089377581	2.56905953153e-05	0	0.00127810711694	0.00121066930423	0.0181311376438	0.0278357600241	0.0521840217342	0	1.60566220721e-05	0.0130443997714	0.0102344909087	0	0	3.21132441441e-06	0	3.21132441441e-06	0	9.3128408018e-05	0	0.000105973705676	1.60566220721e-05	4.49585418018e-05	3.21132441441e-06	9.3128408018e-05	0	0	0	3.21132441441e-06	0	0	0	1.28452976577e-05	9.63397324324e-05	3.21132441441e-06	3.21132441441e-06	1.92679464865e-05	0	0	5.13811906306e-05	0.000170200193964	0	0	0	0	0	3.21132441441e-06	0.000404626876216	0.000150932247478	0.00655431312982	0.00112396354505	6.42264882883e-06	0	6.42264882883e-06	3.21132441441e-06	0	0.000112396354505	0.00010918503009	3.21132441441e-06	3.21132441441e-06	0
2.24792709009e-05	2.56905953153e-05	9.63397324324e-06	0	0.000199102113694	0	0.000285807872883	1.60566220721e-05	1.28452976577e-05	1.92679464865e-05	2.89019197297e-05	0.00217085530414	0.0011143295718	0.00139050347144	0.000321132441441	4.81698662162e-05	0	0	0.000163777545135	0.000125241652162	0.00060372898991	3.21132441441e-06	0	1.92679464865e-05	0.000542713826036	0.000867057591892	0.00694609470838	0.000301864494955	1.28452976577e-05	0.00131664300991	0	0.00710987225351	0	0	0.00131985433432	0	0.000122030327748	0	0	6.42264882883e-06	0	0	2.24792709009e-05	0	2.24792709009e-05	1.28452976577e-05	0.000269751250811	9.63397324324e-06	0.00223187046802	3.21132441441e-06	0	0	0	0	0	9.63397324324e-06	0	1.60566220721e-05	0	5.45925150451e-05	0.000366090983243	0.000157354896306	0.000263328601982	3.53245685586e-05	0	0	8.34944347748e-05	0	0	3.53245685586e-05	0.000398204227387	0.000806042428018	0.000594095016667	0.000260117277568	9.95510568469e-05	0	9.63397324324e-06	6.42264882883e-06	0.00130379771225	4.81698662162e-05	3.21132441441e-06	0	0	0
0	0	0	0	3.21132441441e-06	0.000902382160451	0.000651898856126	2.24792709009e-05	0.00096018599991	0	3.21132441441e-06	6.42264882883e-05	0.000195890789279	3.21132441441e-05	0.000732181966487	0	0	0	0	0	3.21132441441e-05	0	0	3.21132441441e-06	3.21132441441e-06	0	0	0	9.63397324324e-06	0.00105973705676	1.60566220721e-05	0	0.00330445282243	3.8535892973e-05	0.00163777545135	0	0	3.21132441441e-06	0	3.21132441441e-06	0	0.000272962575225	2.89019197297e-05	0.000266539926396	0	0.00018946814045	3.21132441441e-06	0.000208736086937	0	2.89019197297e-05	1.92679464865e-05	0	6.42264882883e-06	0	0	1.28452976577e-05	1.28452976577e-05	0	9.63397324324e-06	6.42264882883e-06	0	0	0	1.28452976577e-05	1.92679464865e-05	1.28452976577e-05	0	6.42264882883e-06	0	5.45925150451e-05	4.17472173874e-05	9.63397324324e-05	0.000635842234054	0.000452796742433	0	0.000388570254144	7.06491371171e-05	1.28452976577e-05	0	0.000324343765856	0.000183045491622	1.28452976577e-05	0.00013808694982	0
0.000507389257478	3.21132441441e-06	9.3128408018e-05	0	0.000179834167207	0	0.000561981772523	0.00842972658784	0.000725759317658	0	0.00274889369874	0.000295441846126	0.000985876595225	1.28452976577e-05	0.00877333830018	7.06491371171e-05	6.42264882883e-06	0.000301864494955	1.60566220721e-05	0.000394992902973	0.000966608648739	0.00140977141793	0	0.00130058638784	0.000208736086937	0	0.000183045491622	0.000163777545135	0.00846826248081	0.0212975035164	0.0130443997714	0	3.8535892973e-05	0.0241331029743	0.0163071053764	0	6.42264882883e-06	0	0	0.000475276013333	0	0.00162493015369	1.60566220721e-05	0.00156070366541	4.49585418018e-05	0.00149647717712	0.000176622842793	0.00165704339784	7.7071785946e-05	3.8535892973e-05	6.42264882883e-06	0	0	3.21132441441e-06	0	0.000655110180541	4.81698662162e-05	3.21132441441e-06	6.10151638739e-05	0.00163777545135	3.21132441441e-06	6.42264882883e-06	6.42264882883e-06	0.000979453946397	3.8535892973e-05	0	0	3.21132441441e-06	0	0.000202313438108	0.00127810711694	0.000899170836036	0.0116153604069	0.00301543362514	3.8535892973e-05	6.42264882883e-06	1.60566220721e-05	0.000411049525045	1.28452976577e-05	0.00132306565874	0.00118497870892	0.000773929183874	9.63397324324e-05	0
0.00238601403991	9.63397324324e-06	0.000578038394595	0	0.00117213341126	0.000105973705676	0.00245345185261	0.00687865689568	0.00141298274234	3.53245685586e-05	0.00498397549117	0.0143289295371	0.0111850429354	0.000867057591892	0.0194927391955	0.000244060655496	6.42264882883e-06	0.00550099872189	0.00161529618045	0.00986518860108	0.0103468872632	0.00581570851451	0	0.00873159108279	0.00337510195955	0	0.00839119069487	0.00165704339784	0.00932247477505	0.0355236706723	0.0102344909087	0.00131985433432	0.00163777545135	0.0163071053764	0.0609637826833	1.28452976577e-05	1.92679464865e-05	2.89019197297e-05	0	0.000716125344415	0	0.00380220810667	0.000176622842793	0.00346501904315	9.95510568469e-05	0.00283559945793	0.000568404421351	0.00390175916351	0.000295441846126	0.00018946814045	4.49585418018e-05	0	1.28452976577e-05	1.28452976577e-05	0	0.0010918503009	8.99170836036e-05	3.21132441441e-06	0.000141298274234	0.00306039216694	6.42264882883e-06	1.28452976577e-05	9.95510568469e-05	0.00131664300991	0.000163777545135	9.63397324324e-05	0	1.92679464865e-05	0	0.000831733023333	0.00367696645451	0.00167952266874	0.0349938021439	0.00609188241415	0.000378936280901	0.00098908791964	0.000160566220721	0.000796408454775	1.92679464865e-05	0.00313425262847	0.0024052819864	0.00140977141793	0.000462430715676	0
0	3.21132441441e-06	0	0	0	0	1.28452976577e-05	0	1.28452976577e-05	3.8535892973e-05	0	0	0	0	1.28452976577e-05	0	1.28452976577e-05	0	0	0	0	0	6.42264882883e-06	0	4.81698662162e-05	0	6.42264882883e-06	6.42264882883e-06	6.42264882883e-06	0	0	0	0	0	1.28452976577e-05	0.0102409135576	6.42264882883e-06	4.17472173874e-05	0	0	0	0.000645476207297	0.0043224426618	0.000667955478198	6.10151638739e-05	0.000420683498288	0	0	2.56905953153e-05	0.00468211099622	0	0	0.000330766414685	0	8.67057591892e-05	0	0.000372513632072	0	0.000375724956487	0.00298974302982	3.21132441441e-06	3.21132441441e-06	4.49585418018e-05	0.00216764397973	0.00481056397279	0.00278742959171	0	6.42264882883e-06	5.45925150451e-05	0.000831733023333	0	0	1.60566220721e-05	1.28452976577e-05	0	1.28452976577e-05	3.21132441441e-06	0.000125241652162	3.21132441441e-05	0.00114965414036	0.000253694628739	2.56905953153e-05	5.45925150451e-05	0
0	0.010112460581	0.000122030327748	0	9.63397324324e-06	0	0	0	0	6.42264882883e-05	6.42264882883e-06	4.17472173874e-05	1.28452976577e-05	0.000581249719009	6.42264882883e-06	0	0.000105973705676	2.24792709009e-05	0	4.49585418018e-05	6.42264882883e-06	0	0.000667955478198	1.28452976577e-05	0.000481698662162	0.00105331440793	0.0134458153232	0.0218819645598	9.95510568469e-05	1.60566220721e-05	0	0.000122030327748	0	6.42264882883e-06	1.92679464865e-05	6.42264882883e-06	0.0333110681507	7.06491371171e-05	0	0.000420683498288	0	5.45925150451e-05	3.21132441441e-05	2.89019197297e-05	0.00597306341081	5.78038394595e-05	7.06491371171e-05	0.000597306341081	0.00210341749144	1.60566220721e-05	6.42264882883e-05	0.00046564204009	0.000305075819369	4.81698662162e-05	0.000597306341081	2.24792709009e-05	3.53245685586e-05	0.0066602868355	0.000205524762523	0.00649329796595	0.00626529393252	0.000818887725676	0.0262654223855	0.000282596548469	0	5.78038394595e-05	9.63397324324e-06	0	0	0.00024727197991	0.000112396354505	6.74378127027e-05	2.24792709009e-05	6.42264882883e-06	0	0	6.42264882883e-06	0.00121709195306	0.000333977739099	0.000828521698919	0.000160566220721	3.8535892973e-05	6.42264882883e-06	6.42264882883e-06
