0.0339139130497	0	0.000395686299901	0	0	1.07914445428e-05	0.000111511593609	0.0241008928122	0.0180289066828	2.15828890855e-05	0.00205397161131	0.000683458154375	1.43885927237e-05	3.59714818092e-06	0.0205109389276	5.39572227138e-05	2.15828890855e-05	0.00050719789351	0.000158274519961	0.00035252052173	7.19429636184e-06	0.00038849200354	3.95686299901e-05	0.000705041043461	4.31657781711e-05	0	0.00023381463176	0.000575543708948	0.00190289138771	0.00816552637069	0.00871589004237	0	0.000151080223599	0.000223023187217	0.00396405729538	0	3.59714818092e-06	7.19429636184e-06	0	2.87771854474e-05	0	0	0.000158274519961	0	0.000136691630875	0	0	0	0	0	0	0	3.23743336283e-05	0	1.43885927237e-05	0	1.07914445428e-05	6.11515190757e-05	2.51800372665e-05	3.59714818092e-05	0	2.51800372665e-05	3.23743336283e-05	0.000201440298132	7.19429636184e-06	7.19429636184e-06	0	0	0	1.79857409046e-05	0.00142806782783	5.75543708948e-05	0.00585615723854	0.000482017856244	0.00106835300973	2.87771854474e-05	0	5.75543708948e-05	1.79857409046e-05	4.6762926352e-05	3.59714818092e-06	0	0	0
0	0.00915833926863	0	0	0	3.23743336283e-05	7.19429636184e-06	0	2.87771854474e-05	0.00311872747286	0	0	0	0.000205037446313	0	0.000172663112684	0.00145324786509	1.43885927237e-05	0	1.07914445428e-05	0	0.000226620335398	0.00640292376204	0.000453240670796	0.00360434247728	0.00148562219872	0.000172663112684	0.00493888445241	0.00011510874179	0	7.19429636184e-06	3.95686299901e-05	0	0	3.59714818092e-06	0	0.000733818228908	0	0	0	0	0	2.15828890855e-05	0	2.51800372665e-05	0	0	0	1.79857409046e-05	3.59714818092e-06	0	1.43885927237e-05	2.51800372665e-05	0	0	0	0	2.87771854474e-05	1.79857409046e-05	0	0.000356117669911	0.000287771854474	0.000938855675221	2.15828890855e-05	3.59714818092e-06	0	0	0	0	3.59714818092e-06	2.87771854474e-05	0	0	0	5.39572227138e-05	0	0	0	0	0	0	0	0	0
0.000395686299901	0	0.0237231922532	0	0	0	7.19429636184e-06	0.000892092748869	0.000309354743559	3.59714818092e-06	3.59714818092e-06	0.000215828890855	3.59714818092e-06	3.59714818092e-06	0.000348923373549	1.07914445428e-05	2.51800372665e-05	0.00604680609213	0.000237411779941	2.87771854474e-05	3.59714818092e-06	0.000521586486234	1.07914445428e-05	0.00656839257836	3.59714818092e-05	0	0.00328419628918	0.00779142295988	0.000715832488004	7.19429636184e-06	0.00015467737178	0	7.19429636184e-06	0	0.00031295189174	7.19429636184e-06	0.000230217483579	0.000784178303441	0	0	0	0	4.6762926352e-05	2.51800372665e-05	4.6762926352e-05	0	0	0	3.59714818092e-06	2.87771854474e-05	0	0	0.000330937632645	0	1.79857409046e-05	0	7.91372599803e-05	0.000737415377089	0.00046762926352	3.59714818092e-06	0	0.000276980409931	0.00175540831229	0.000104317297247	7.19429636184e-06	0	0	0	0	0.000266188965388	0.00317987899194	0.000197843149951	0.00131655623422	0.000161871668141	3.23743336283e-05	0	0	0.000489212152605	0.000190648853589	0.000237411779941	7.91372599803e-05	0	0	3.59714818092e-06
0	0	0	0	0	0	0	0	0	0	0	0	0	0	0	0	0	0	0	0	0	0	0	0	0	0	0	0	0	0	0	0	0	0	0	0	0	0	0	0	0	0	0	0	0	0	0	0	0	0	0	0	0	0	0	0	0	0	0	0	0	0	0	0	0	0	0	0	0	0	0	0	0	0	0	0	0	0	0	0	0	0	0	0
0	0	0	0	0.0125072842251	0	8.99287045231e-05	2.15828890855e-05	2.15828890855e-05	0.000870509859783	0.000946049971583	3.59714818092e-06	0.00441729796617	0	3.59714818092e-06	0.00135612486421	0	0	7.19429636184e-06	3.59714818092e-06	0.00611874905575	0	0	0	0.00316549039921	0	3.59714818092e-06	0	0.00356477384729	3.59714818092e-06	0	0	0	0	3.59714818092e-06	0	0	0	0	0.000758998266175	0	1.07914445428e-05	3.59714818092e-06	0	0.00015467737178	7.19429636184e-06	3.59714818092e-06	0.000327340484464	0	0	2.87771854474e-05	0	0	0	0	0.000611515190757	0	0	0	0.00019424600177	3.59714818092e-06	0	3.59714818092e-06	6.11515190757e-05	3.59714818092e-06	0	3.59714818092e-06	0	0	3.59714818092e-06	3.59714818092e-06	3.59714818092e-06	1.79857409046e-05	3.59714818092e-06	0.00205397161131	0	0	0	0	3.59714818092e-06	0	2.15828890855e-05	0	0
1.07914445428e-05	3.23743336283e-05	0	0	0	0.00381657421996	0.002187066094	2.87771854474e-05	0.00108633875064	0.000140288779056	0.000107914445428	7.19429636184e-06	6.11515190757e-05	3.59714818092e-06	1.43885927237e-05	0.00102878437974	0	0	7.19429636184e-06	0	3.59714818092e-06	0	5.39572227138e-05	3.59714818092e-06	4.6762926352e-05	0	0	2.87771854474e-05	2.15828890855e-05	0	7.19429636184e-06	0	0.000647486672566	0	3.59714818092e-05	0	0	0	0	7.19429636184e-06	0	0	3.59714818092e-06	0	2.51800372665e-05	0	0	0	0	0	0	0	0	0	0	0	1.43885927237e-05	1.79857409046e-05	0	1.07914445428e-05	0	0	0	5.39572227138e-05	0	0	0	0	0	0	9.3525852704e-05	0	6.47486672566e-05	3.59714818092e-05	0.000802164044346	0.000237411779941	0	0	0	7.19429636184e-06	0	0	0	0
0.000111511593609	7.19429636184e-06	7.19429636184e-06	0	8.99287045231e-05	0.002187066094	0.0428995892057	0.00597126598033	0.0243634846294	0.000604320894395	0.0157051489579	0.00302520162016	0.00928423945496	0.000107914445428	0.000938855675221	0.00263311246844	4.31657781711e-05	3.59714818092e-06	0.00299282728653	0.00015467737178	0.00192807142497	7.19429636184e-05	1.07914445428e-05	0.000230217483579	0.000571946560767	3.59714818092e-06	0.000715832488004	6.47486672566e-05	0.00435974359528	0.00019424600177	7.19429636184e-06	0.000104317297247	0.00313671321376	0	0.00230936913215	0	0	0	0	0.000226620335398	0	7.19429636184e-05	0.00046762926352	0	0.000528780782596	2.15828890855e-05	8.99287045231e-05	7.19429636184e-05	4.6762926352e-05	3.23743336283e-05	0	0	3.59714818092e-06	0.000140288779056	0	4.31657781711e-05	0	0	0	0.00031295189174	0.000100720149066	0.000442449226253	0.000100720149066	0.000823746933431	0.000615112338938	0	0	3.59714818092e-06	0	0.000230217483579	0.00538133367866	0.00015467737178	0.00363671681091	0.000618709487119	0.00802883473982	0.000737415377089	3.59714818092e-06	6.11515190757e-05	5.75543708948e-05	0.000489212152605	0.000201440298132	3.59714818092e-06	0	0.000226620335398
0.0241008928122	0	0.000892092748869	0	2.15828890855e-05	2.87771854474e-05	0.00597126598033	0.0700688494162	0.0240433384413	0.000205037446313	0.00797847466529	0.00122662752969	0.000215828890855	1.79857409046e-05	0.0157770919215	0.000643889524385	8.27344081612e-05	0.00125540471514	0.000535975078957	0.000474823559882	0.00011870588997	0.00303239591652	3.23743336283e-05	0.00528421067777	0.000816552637069	0	0.000543169375319	0.000928064230678	0.0215037518256	0.00854682407787	0.0111727422499	5.03600745329e-05	0.000151080223599	0.000913675637954	0.00646047813294	0	7.19429636184e-06	7.19429636184e-06	0	0.00273023546932	0	7.19429636184e-05	0.000863315563421	0	0.00251440657846	8.99287045231e-05	2.51800372665e-05	7.55401117994e-05	1.07914445428e-05	0	7.19429636184e-06	0	5.03600745329e-05	3.59714818092e-06	3.23743336283e-05	0.000834538377974	1.79857409046e-05	3.59714818092e-05	2.51800372665e-05	0.00399283448082	0	7.19429636184e-05	6.83458154375e-05	0.0033561392528	0.000269786113569	0	0	0	0	0.00011510874179	0.00388132288722	7.19429636184e-05	0.0100288491284	0.0028849128411	0.00349283088368	5.39572227138e-05	7.19429636184e-06	0.00011870588997	5.39572227138e-05	0.000244606076303	0.000107914445428	0	0	0.000104317297247
0.0180289066828	2.87771854474e-05	0.000309354743559	0	2.15828890855e-05	0.00108633875064	0.0243634846294	0.0240433384413	0.068137180843	9.3525852704e-05	0.0169317764876	0.00568709127404	0.00551083101317	0.000151080223599	0.0215828890855	0.000539572227138	2.87771854474e-05	0.000424463485349	0.00395686299901	0.00134893056785	0.00236692350305	0.000413672040806	4.31657781711e-05	0.000877704156145	6.83458154375e-05	3.59714818092e-06	0.00187411420226	0.000679861006194	0.00487773293333	0.0035072194764	0.00292088432291	0.000269786113569	0.00400722307355	0.000176260260865	0.00758998266175	0	1.07914445428e-05	7.19429636184e-06	0	0.000345326225369	0	3.95686299901e-05	0.000151080223599	0	0.000219426039036	1.07914445428e-05	3.59714818092e-06	3.59714818092e-05	7.19429636184e-06	2.15828890855e-05	0	0	3.59714818092e-05	0.000147483075418	2.87771854474e-05	1.79857409046e-05	1.07914445428e-05	2.15828890855e-05	1.79857409046e-05	0.000395686299901	7.55401117994e-05	0.000341729077188	0.000125900186332	0.000535975078957	0.000111511593609	0	0	0	0	6.47486672566e-05	0.00426262059439	0.000258994669026	0.00957201130943	0.00206116590767	0.00533097360413	0.000971230008849	1.07914445428e-05	6.83458154375e-05	2.87771854474e-05	0.00011870588997	4.31657781711e-05	0	0	3.95686299901e-05
2.15828890855e-05	0.00311872747286	3.59714818092e-06	0	0.000870509859783	0.000140288779056	0.000604320894395	0.000205037446313	9.3525852704e-05	0.0213095058238	0.000942452823402	3.59714818092e-06	0.0013956934942	5.03600745329e-05	0	0.00308275599105	5.75543708948e-05	7.19429636184e-06	3.59714818092e-06	3.59714818092e-06	0.000550363671681	3.59714818092e-06	0.00573385420039	2.15828890855e-05	0.012902970525	0.000942452823402	3.95686299901e-05	0.000902884193411	0.00733818228908	2.87771854474e-05	0.000104317297247	0	0	0	7.19429636184e-06	0	1.07914445428e-05	0	0	0.00272663832114	0	3.59714818092e-06	0.000205037446313	0	0.00816552637069	0.000330937632645	0	0.000363311966273	0	0	0	3.59714818092e-06	0	0	0	0.00275181835841	0.000190648853589	0.00114389312153	0	0.00596766883215	1.07914445428e-05	1.07914445428e-05	3.23743336283e-05	0.00528421067777	0	0	0	0	0	0	0.000140288779056	2.87771854474e-05	2.51800372665e-05	1.07914445428e-05	0.00184173986863	0	0	0	0	1.07914445428e-05	0	0	0	0
0.00205397161131	0	3.59714818092e-06	0	0.000946049971583	0.000107914445428	0.0157051489579	0.00797847466529	0.0169317764876	0.000942452823402	0.0429355606875	0.00616191483392	0.00466550119066	3.23743336283e-05	0.00374103410816	0.00031295189174	1.07914445428e-05	0.000143885927237	0.00363311966273	0.00234174346578	0.00639572946568	2.87771854474e-05	0	6.11515190757e-05	1.79857409046e-05	0	0.00126979330787	0.000276980409931	0.00599284886942	0.00242807502212	2.87771854474e-05	0.000151080223599	9.3525852704e-05	0	0.00680220721012	0	7.19429636184e-06	0	0	0.000712235339823	0	3.59714818092e-06	0.000161871668141	0	0.000359714818092	0.00011510874179	1.79857409046e-05	0.000262591817207	3.59714818092e-06	0	0	0	0	3.59714818092e-06	1.43885927237e-05	0.000787775451622	0	0	0	0.000705041043461	5.03600745329e-05	3.23743336283e-05	6.47486672566e-05	0.000316549039921	6.47486672566e-05	0	0	0	0	2.87771854474e-05	0.00147483075418	5.39572227138e-05	0.0051655047878	0.000794969747984	0.00214749746401	5.75543708948e-05	3.59714818092e-06	2.15828890855e-05	7.19429636184e-06	6.11515190757e-05	3.59714818092e-05	0	0	3.95686299901e-05
0.000683458154375	0	0.000215828890855	0	3.59714818092e-06	7.19429636184e-06	0.00302520162016	0.00122662752969	0.00568709127404	3.59714818092e-06	0.00616191483392	0.0431334038374	0.00496046734149	0.00802523759164	0.00298203584198	0.000320146188102	3.59714818092e-06	6.47486672566e-05	0.0115396513644	0.00600364031396	0.00573025705221	4.31657781711e-05	0	0.000136691630875	7.19429636184e-06	0.00309354743559	0.00471226411701	0.00123382182606	0.000852524118879	0.00261872387571	7.91372599803e-05	0.00354678810639	0.00139929064238	7.19429636184e-06	0.0179893380528	0	8.63315563421e-05	1.07914445428e-05	0	8.99287045231e-05	0	1.07914445428e-05	9.3525852704e-05	0	5.75543708948e-05	3.59714818092e-06	0.000129497334513	1.07914445428e-05	0.00518708767689	0	0	0	3.59714818092e-06	3.59714818092e-06	6.47486672566e-05	1.07914445428e-05	0	0	3.59714818092e-06	0.000107914445428	0.000802164044346	0.00287771854474	0.000834538377974	0.000205037446313	0.000147483075418	0	0.000107914445428	1.07914445428e-05	0	6.11515190757e-05	0.00377340844179	0.00274822121022	0.0108633875064	0.000640292376204	0.00114389312153	0.000330937632645	0.0011115187879	7.91372599803e-05	0.00082014978525	0.000151080223599	5.03600745329e-05	0	0	6.47486672566e-05
1.43885927237e-05	0	3.59714818092e-06	0	0.00441729796617	6.11515190757e-05	0.00928423945496	0.000215828890855	0.00551083101317	0.0013956934942	0.00466550119066	0.00496046734149	0.0344390966841	3.23743336283e-05	0.000510795041691	0.00471945841337	7.19429636184e-06	0.000284174706293	0.00330937632645	0.00419787192714	0.0183814272045	2.51800372665e-05	0	5.03600745329e-05	0.00241008928122	3.59714818092e-06	0.0021690803531	0.000719429636184	0.0012446132706	0.0006223066353	2.15828890855e-05	6.11515190757e-05	7.19429636184e-05	0	0.00569068842222	7.19429636184e-06	2.15828890855e-05	0	0	1.79857409046e-05	0	0.000179857409046	3.23743336283e-05	0	8.99287045231e-05	7.19429636184e-06	7.19429636184e-06	0.000471226411701	1.43885927237e-05	4.31657781711e-05	1.07914445428e-05	0	7.19429636184e-06	0.00015467737178	6.83458154375e-05	0.000399283448082	0	0	0	1.79857409046e-05	3.95686299901e-05	0.000381297707178	7.55401117994e-05	8.27344081612e-05	0.000226620335398	0	0	0	0	0.000136691630875	0.000521586486234	4.31657781711e-05	0.00545327664228	6.11515190757e-05	0.00551442816135	1.79857409046e-05	0	1.43885927237e-05	2.15828890855e-05	0.000169065964503	2.15828890855e-05	2.15828890855e-05	0	2.15828890855e-05
3.59714818092e-06	0.000205037446313	3.59714818092e-06	0	0	3.59714818092e-06	0.000107914445428	1.79857409046e-05	0.000151080223599	5.03600745329e-05	3.23743336283e-05	0.00802523759164	3.23743336283e-05	0.0234965719178	6.11515190757e-05	1.43885927237e-05	2.51800372665e-05	0	5.75543708948e-05	1.07914445428e-05	1.07914445428e-05	3.59714818092e-06	7.91372599803e-05	1.43885927237e-05	2.87771854474e-05	0.0102087065375	0.00335254210462	0.00490651011878	1.07914445428e-05	0.000179857409046	3.59714818092e-06	0.00442449226253	0.000147483075418	0	0.000651083820747	3.59714818092e-06	0.000302160447197	0	0	2.15828890855e-05	0	8.63315563421e-05	1.07914445428e-05	0	7.19429636184e-06	4.6762926352e-05	9.3525852704e-05	7.19429636184e-05	0.00720868495457	0.000870509859783	0	7.19429636184e-06	0	9.3525852704e-05	0	2.87771854474e-05	3.59714818092e-06	1.79857409046e-05	1.07914445428e-05	1.43885927237e-05	0.00629500931661	0.00483456715516	0.00438852078073	5.03600745329e-05	0.000946049971583	0	0.000111511593609	2.87771854474e-05	0	0.000971230008849	0.000165468816322	0.00120144749243	0.000715832488004	0.000291369002655	0	0.00011870588997	0.00123382182606	7.91372599803e-05	0.000708638191642	0.000442449226253	7.19429636184e-06	2.87771854474e-05	3.59714818092e-06	1.79857409046e-05
0.0205109389276	0	0.000348923373549	0	3.59714818092e-06	1.43885927237e-05	0.000938855675221	0.0157770919215	0.0215828890855	0	0.00374103410816	0.00298203584198	0.000510795041691	6.11515190757e-05	0.0380362448651	3.95686299901e-05	1.07914445428e-05	0.000446046374434	0.000766192562536	0.000276980409931	0.000636695228023	0.000258994669026	7.19429636184e-06	0.000589932301671	2.87771854474e-05	0	0.000374103410816	0.000500003597148	0.00144965071691	0.00887416456233	0.00597486312851	5.39572227138e-05	0.00153598227325	6.47486672566e-05	0.00562593975496	0	0	7.19429636184e-06	0	1.07914445428e-05	0	0	5.03600745329e-05	0	3.95686299901e-05	0	0	0	0	0	0	3.59714818092e-06	3.23743336283e-05	0	2.15828890855e-05	0	3.59714818092e-06	7.19429636184e-06	1.07914445428e-05	1.79857409046e-05	7.19429636184e-06	3.59714818092e-05	3.59714818092e-05	0.000125900186332	7.19429636184e-06	0	0	0	0	3.95686299901e-05	0.00144245642055	7.55401117994e-05	0.00559356542133	0.000845329822517	0.00125900186332	0.000111511593609	3.59714818092e-06	7.55401117994e-05	3.59714818092e-05	6.83458154375e-05	3.59714818092e-06	0	0	0
5.39572227138e-05	0.000172663112684	1.07914445428e-05	0	0.00135612486421	0.00102878437974	0.00263311246844	0.000643889524385	0.000539572227138	0.00308275599105	0.00031295189174	0.000320146188102	0.00471945841337	1.43885927237e-05	3.95686299901e-05	0.0130540507486	3.95686299901e-05	0	0.000435254929892	2.15828890855e-05	0.00154317656962	0.000241008928122	0.000251800372665	0.000384894855359	0.00273742976568	1.07914445428e-05	6.47486672566e-05	0.000140288779056	0.00124101612242	2.15828890855e-05	7.55401117994e-05	7.19429636184e-06	8.99287045231e-05	0	4.6762926352e-05	0	0	3.59714818092e-06	0	3.95686299901e-05	0	1.43885927237e-05	0.000327340484464	0	0.000848926970698	7.19429636184e-06	5.03600745329e-05	1.79857409046e-05	2.15828890855e-05	0	0	0	3.59714818092e-06	3.59714818092e-06	3.59714818092e-06	2.15828890855e-05	8.27344081612e-05	9.3525852704e-05	0	0.000183454557227	1.07914445428e-05	0.000107914445428	1.79857409046e-05	0.00105396441701	0.000334534780826	0	0	0	0	0.000147483075418	0.0017913797941	2.51800372665e-05	0.000377700558997	3.95686299901e-05	0.00555399679134	3.95686299901e-05	0	2.15828890855e-05	3.23743336283e-05	0.000320146188102	0.000158274519961	0	0	0.000122303038151
2.15828890855e-05	0.00145324786509	2.51800372665e-05	0	0	0	4.31657781711e-05	8.27344081612e-05	2.87771854474e-05	5.75543708948e-05	1.07914445428e-05	3.59714818092e-06	7.19429636184e-06	2.51800372665e-05	1.07914445428e-05	3.95686299901e-05	0.017755523421	7.19429636184e-06	1.79857409046e-05	1.43885927237e-05	3.59714818092e-06	0.00409715177807	0.0103669810574	0.0053921251232	0.00939934819675	0.000223023187217	0.000381297707178	0.00412233181534	0.00193166857316	3.95686299901e-05	0.000176260260865	3.59714818092e-06	0	7.19429636184e-06	1.79857409046e-05	0	8.63315563421e-05	7.19429636184e-06	0	0	0	0	0	0	6.11515190757e-05	0	0	0	3.59714818092e-06	0	0	0.00117986460334	3.59714818092e-05	0	6.47486672566e-05	0	0.0034136936237	0.0048273728588	0.00193526572134	3.59714818092e-05	0.000190648853589	0.000266188965388	0.000464032115339	0.00195325146224	7.19429636184e-06	3.23743336283e-05	0	0	0	4.31657781711e-05	0.00138490204966	0.000787775451622	5.03600745329e-05	1.07914445428e-05	2.87771854474e-05	0	0	0.000151080223599	0.000104317297247	2.51800372665e-05	7.19429636184e-06	0	0	0
0.00050719789351	1.43885927237e-05	0.00604680609213	0	0	0	3.59714818092e-06	0.00125540471514	0.000424463485349	7.19429636184e-06	0.000143885927237	6.47486672566e-05	0.000284174706293	0	0.000446046374434	0	7.19429636184e-06	0.0209066252275	1.79857409046e-05	0.00471586126519	0.000309354743559	0.000147483075418	7.19429636184e-06	0.00560795401406	7.19429636184e-06	0	0.00407556888898	0.00510435326873	0.000294966150836	3.23743336283e-05	0.000615112338938	0	1.07914445428e-05	0	0.00519068482507	0	0.000147483075418	2.87771854474e-05	0	7.19429636184e-06	0	0	3.59714818092e-06	0	1.07914445428e-05	0	0	0	0	7.19429636184e-06	0	0	0.000287771854474	4.31657781711e-05	0.000104317297247	7.19429636184e-06	0	0	0	3.59714818092e-06	0	0.000845329822517	0.000348923373549	1.79857409046e-05	7.19429636184e-06	3.59714818092e-06	0	0	3.59714818092e-06	2.51800372665e-05	0.00105756156519	0.000201440298132	0.00239210354031	0.000341729077188	8.99287045231e-05	7.19429636184e-06	0	0.000327340484464	0.000366909114454	0.000111511593609	3.59714818092e-06	0	0	0
0.000158274519961	0	0.000237411779941	0	7.19429636184e-06	7.19429636184e-06	0.00299282728653	0.000535975078957	0.00395686299901	3.59714818092e-06	0.00363311966273	0.0115396513644	0.00330937632645	5.75543708948e-05	0.000766192562536	0.000435254929892	1.79857409046e-05	1.79857409046e-05	0.0216188605673	0.00480219282153	0.00352880236548	6.83458154375e-05	3.59714818092e-06	0.000133094482694	3.95686299901e-05	1.79857409046e-05	0.00662594694926	0.000539572227138	0.000517989338053	0.000215828890855	3.95686299901e-05	0.000302160447197	0.00027338326175	0	0.00643170094749	0	7.19429636184e-06	3.95686299901e-05	0	7.91372599803e-05	0	3.59714818092e-05	0.00011510874179	0	0.000133094482694	3.59714818092e-06	2.87771854474e-05	3.95686299901e-05	5.39572227138e-05	5.39572227138e-05	0	3.59714818092e-06	3.59714818092e-06	8.99287045231e-05	1.79857409046e-05	2.15828890855e-05	3.59714818092e-06	7.19429636184e-06	2.51800372665e-05	0.000104317297247	9.71230008849e-05	0.00042806063353	7.19429636184e-05	0.00031295189174	0.000223023187217	0	0	0	0	0.000111511593609	0.00624824639026	0.002187066094	0.00767271706991	0.000676263858013	0.00103957582429	7.19429636184e-05	0	8.63315563421e-05	5.75543708948e-05	0.000169065964503	4.6762926352e-05	0	0	5.75543708948e-05
0.00035252052173	1.07914445428e-05	2.87771854474e-05	0	3.59714818092e-06	0	0.00015467737178	0.000474823559882	0.00134893056785	3.59714818092e-06	0.00234174346578	0.00600364031396	0.00419787192714	1.07914445428e-05	0.000276980409931	2.15828890855e-05	1.43885927237e-05	0.00471586126519	0.00480219282153	0.0246800336693	0.00527341923323	0.000244606076303	0	0.0010179929352	3.59714818092e-05	0	0.0088238044878	0.00570147986676	0.000169065964503	6.11515190757e-05	0.000471226411701	0	7.19429636184e-06	0	0.0119785034425	0	9.71230008849e-05	3.95686299901e-05	0	5.39572227138e-05	0	7.19429636184e-06	1.07914445428e-05	0	1.79857409046e-05	2.15828890855e-05	0	3.59714818092e-06	0	1.43885927237e-05	0	0	0.000100720149066	0.000255397520845	0.000823746933431	3.95686299901e-05	3.59714818092e-06	0	7.19429636184e-06	1.43885927237e-05	1.43885927237e-05	0.0016402995705	0.000320146188102	5.75543708948e-05	3.95686299901e-05	0	0	0	0	0.000122303038151	0.0034316793646	0.000672666709832	0.00982740883028	0.000931661378859	0.000100720149066	7.19429636184e-06	3.59714818092e-06	0.000284174706293	0.000133094482694	0.000262591817207	0.000212231742674	0	0	0
7.19429636184e-06	0	3.59714818092e-06	0	0.00611874905575	3.59714818092e-06	0.00192807142497	0.00011870588997	0.00236692350305	0.000550363671681	0.00639572946568	0.00573025705221	0.0183814272045	1.07914445428e-05	0.000636695228023	0.00154317656962	3.59714818092e-06	0.000309354743559	0.00352880236548	0.00527341923323	0.0263095417953	1.07914445428e-05	0	4.6762926352e-05	0.00161152238505	0	0.00241008928122	0.000751803969813	0.00256116950482	0.0010179929352	2.51800372665e-05	3.23743336283e-05	7.19429636184e-06	0	0.00672666709832	0	2.51800372665e-05	0	0	0.00011870588997	0	1.43885927237e-05	8.99287045231e-05	0	0.000158274519961	3.59714818092e-06	3.59714818092e-06	0.000223023187217	0	0	0	0	3.59714818092e-06	5.03600745329e-05	2.87771854474e-05	0.000305757595378	0	0	0	0.000133094482694	3.23743336283e-05	0.000140288779056	5.39572227138e-05	0.00011510874179	3.23743336283e-05	0	0	0	0	1.79857409046e-05	0.000316549039921	3.59714818092e-05	0.00597846027669	1.79857409046e-05	0.00351081662458	3.59714818092e-06	0	2.15828890855e-05	3.59714818092e-06	2.87771854474e-05	1.07914445428e-05	0	0	1.07914445428e-05
0.00038849200354	0.000226620335398	0.000521586486234	0	0	0	7.19429636184e-05	0.00303239591652	0.000413672040806	3.59714818092e-06	2.87771854474e-05	4.31657781711e-05	2.51800372665e-05	3.59714818092e-06	0.000258994669026	0.000241008928122	0.00409715177807	0.000147483075418	6.83458154375e-05	0.000244606076303	1.07914445428e-05	0.0330398060418	0.00449283807797	0.0193634486579	0.00286332995201	2.87771854474e-05	0.000600723746214	0.00152519082871	0.00791012884985	0.000255397520845	0.0075791912172	1.07914445428e-05	1.79857409046e-05	3.95686299901e-05	0.00434175785437	0	7.91372599803e-05	3.59714818092e-06	0	0	0	0	4.6762926352e-05	0	1.07914445428e-05	0	0	0	0	0	0	0.00130936193786	1.43885927237e-05	0	0.000136691630875	0	0.00127339045605	0.00358995388456	0.00210792883402	0.000147483075418	5.75543708948e-05	0.000169065964503	0.000122303038151	0.000125900186332	0	0	0	0	0	3.59714818092e-06	0.00398204303628	0.00128777904877	0.00453600385614	0.000366909114454	0.00124821041878	2.87771854474e-05	3.59714818092e-06	9.3525852704e-05	0.000111511593609	2.15828890855e-05	7.19429636184e-06	0	0	0
3.95686299901e-05	0.00640292376204	1.07914445428e-05	0	0	5.39572227138e-05	1.07914445428e-05	3.23743336283e-05	4.31657781711e-05	0.00573385420039	0	0	0	7.91372599803e-05	7.19429636184e-06	0.000251800372665	0.0103669810574	7.19429636184e-06	3.59714818092e-06	0	0	0.00449283807797	0.032248433442	0.00884179022871	0.0138022575702	0.00100720149066	0.000100720149066	0.00664393269016	0.00372664551544	6.83458154375e-05	0.000248203224484	0	3.59714818092e-06	3.59714818092e-06	1.79857409046e-05	1.07914445428e-05	0.00082014978525	3.59714818092e-06	0	0	0	0	0.000381297707178	7.19429636184e-06	0.00176260260865	0	0	0	1.07914445428e-05	1.07914445428e-05	0	0.00523025345506	5.75543708948e-05	0	4.6762926352e-05	0	0.00391010007266	0.013996503572	0.00438492363254	0.000366909114454	0.000294966150836	0.000327340484464	0.0016978539414	0.00412233181534	3.59714818092e-06	0.000107914445428	0	0	0	0.000143885927237	0.000413672040806	7.91372599803e-05	4.31657781711e-05	1.07914445428e-05	8.99287045231e-05	0	0	0.000643889524385	0.000323743336283	0.000111511593609	6.11515190757e-05	3.59714818092e-06	0	0
0.000705041043461	0.000453240670796	0.00656839257836	0	0	3.59714818092e-06	0.000230217483579	0.00528421067777	0.000877704156145	2.15828890855e-05	6.11515190757e-05	0.000136691630875	5.03600745329e-05	1.43885927237e-05	0.000589932301671	0.000384894855359	0.0053921251232	0.00560795401406	0.000133094482694	0.0010179929352	4.6762926352e-05	0.0193634486579	0.00884179022871	0.0596838826179	0.00235253491032	6.11515190757e-05	0.00115828171426	0.0106403643192	0.00754321973539	3.59714818092e-05	0.00152878797689	7.19429636184e-06	0.000143885927237	1.07914445428e-05	0.00367988258908	0	0.000363311966273	0.000575543708948	0	0	0	0	2.51800372665e-05	3.59714818092e-06	0.00011510874179	3.59714818092e-06	0	0	0	3.59714818092e-06	0	0.00555759393952	0.000111511593609	0	0.000172663112684	0	0.000884898452507	0.0121187922215	0.00578061712674	0.000136691630875	8.63315563421e-05	0.000316549039921	0.00499284167512	0.000176260260865	3.59714818092e-06	0	0	0	0	6.83458154375e-05	0.00946409686401	0.00224821761308	0.00401801451809	0.000474823559882	0.00151439938417	1.79857409046e-05	3.59714818092e-06	0.000320146188102	0.000104317297247	0.00011870588997	5.75543708948e-05	0	0	0
4.31657781711e-05	0.00360434247728	3.59714818092e-05	0	0.00316549039921	4.6762926352e-05	0.000571946560767	0.000816552637069	6.83458154375e-05	0.012902970525	1.79857409046e-05	7.19429636184e-06	0.00241008928122	2.87771854474e-05	2.87771854474e-05	0.00273742976568	0.00939934819675	7.19429636184e-06	3.95686299901e-05	3.59714818092e-05	0.00161152238505	0.00286332995201	0.0138022575702	0.00235253491032	0.0465291117202	0.000395686299901	0.000381297707178	0.00244246361485	0.0155540687343	8.27344081612e-05	0.000665472413471	0	7.19429636184e-06	1.07914445428e-05	6.83458154375e-05	7.19429636184e-06	0.000208634594493	1.07914445428e-05	0	0.00168706249685	7.19429636184e-06	0	0.000395686299901	7.19429636184e-06	0.0119425319607	0	3.59714818092e-06	1.79857409046e-05	7.19429636184e-06	1.43885927237e-05	1.79857409046e-05	0.000255397520845	8.63315563421e-05	0	0.000107914445428	0.000323743336283	0.00392448866539	0.00603241749941	0.00124821041878	0.00938855675221	0.000244606076303	0.000327340484464	0.000366909114454	0.0130468564522	2.51800372665e-05	0.000104317297247	0	0	0	0.000107914445428	0.00215828890855	0.000881301304326	0.00019424600177	6.47486672566e-05	0.0026582925057	0	0	0.000363311966273	0.000237411779941	8.63315563421e-05	4.31657781711e-05	2.15828890855e-05	0	1.07914445428e-05
0	0.00148562219872	0	0	0	0	3.59714818092e-06	0	3.59714818092e-06	0.000942452823402	0	0.00309354743559	3.59714818092e-06	0.0102087065375	0	1.07914445428e-05	0.000223023187217	0	1.79857409046e-05	0	0	2.87771854474e-05	0.00100720149066	6.11515190757e-05	0.000395686299901	0.0145252843546	0.000906481341592	0.00336333354916	3.59714818092e-06	6.11515190757e-05	0	0.001471233606	3.23743336283e-05	0	0.000187051705408	0	0.000356117669911	0	0	0	0	7.19429636184e-06	0	0	0	0	3.59714818092e-05	7.19429636184e-06	0.00499284167512	0.000179857409046	0	0	0	7.19429636184e-06	0	0	0	1.43885927237e-05	0	1.07914445428e-05	0.00511154756509	0.00365110540364	0.00416190044533	1.07914445428e-05	0.000190648853589	0	4.6762926352e-05	7.19429636184e-06	0	0.00019424600177	7.19429636184e-06	0.000269786113569	9.71230008849e-05	7.19429636184e-06	3.59714818092e-06	0	0.000647486672566	0	0.000758998266175	7.19429636184e-05	0	0	0	1.07914445428e-05
0.00023381463176	0.000172663112684	0.00328419628918	0	3.59714818092e-06	0	0.000715832488004	0.000543169375319	0.00187411420226	3.95686299901e-05	0.00126979330787	0.00471226411701	0.0021690803531	0.00335254210462	0.000374103410816	6.47486672566e-05	0.000381297707178	0.00407556888898	0.00662594694926	0.0088238044878	0.00241008928122	0.000600723746214	0.000100720149066	0.00115828171426	0.000381297707178	0.000906481341592	0.0600939575105	0.0191188425816	0.000417269188987	5.75543708948e-05	0.000424463485349	0.00385254570177	6.47486672566e-05	0	0.0053165850114	4.31657781711e-05	0.00602522320304	0.000147483075418	0	0.000158274519961	0	0.000280577558112	0.00015467737178	7.19429636184e-06	0.000190648853589	0.000255397520845	3.59714818092e-06	0.000291369002655	0.00135612486421	0.000762595414355	3.59714818092e-06	1.43885927237e-05	0.000762595414355	0.000503600745329	0.0014136792351	0.000241008928122	2.87771854474e-05	4.6762926352e-05	5.03600745329e-05	4.31657781711e-05	0.00458276678249	0.00920510219498	0.00854322692969	0.000410074892625	0.00105756156519	3.59714818092e-06	3.59714818092e-06	0	3.59714818092e-06	0.00139929064238	0.01085619321	0.00489931582242	0.00757199692084	0.00157555090324	0.000241008928122	2.51800372665e-05	3.59714818092e-06	0.0011115187879	0.00104677012065	0.00197123720315	0.000205037446313	0	0	3.59714818092e-06
0.000575543708948	0.00493888445241	0.00779142295988	0	0	2.87771854474e-05	6.47486672566e-05	0.000928064230678	0.000679861006194	0.000902884193411	0.000276980409931	0.00123382182606	0.000719429636184	0.00490651011878	0.000500003597148	0.000140288779056	0.00412233181534	0.00510435326873	0.000539572227138	0.00570147986676	0.000751803969813	0.00152519082871	0.00664393269016	0.0106403643192	0.00244246361485	0.00336333354916	0.0191188425816	0.0862200447485	0.000471226411701	2.51800372665e-05	0.000582738005309	0.000913675637954	2.15828890855e-05	0	0.00596407168397	2.51800372665e-05	0.0214426003065	0.000381297707178	0	0.000107914445428	0	0.000140288779056	0.00011510874179	7.19429636184e-06	0.000262591817207	9.71230008849e-05	1.07914445428e-05	0.000143885927237	0.000413672040806	0.000798566896165	0	0.00257915524572	0.000665472413471	6.11515190757e-05	0.000654680968928	0.000125900186332	0.000107914445428	0.00852883833697	0.000967632860668	5.39572227138e-05	0.00536334793775	0.00484176145152	0.0310038201714	0.000381297707178	0.000953244267944	0	0	0	0	0.00130216764149	0.0130504536004	0.00135972201239	0.0066187526529	0.00135252771603	0.000215828890855	1.43885927237e-05	1.43885927237e-05	0.00179497694228	0.00117267030698	0.00175540831229	0.000287771854474	0	0	7.19429636184e-06
0.00190289138771	0.00011510874179	0.000715832488004	0	0.00356477384729	2.15828890855e-05	0.00435974359528	0.0215037518256	0.00487773293333	0.00733818228908	0.00599284886942	0.000852524118879	0.0012446132706	1.07914445428e-05	0.00144965071691	0.00124101612242	0.00193166857316	0.000294966150836	0.000517989338053	0.000169065964503	0.00256116950482	0.00791012884985	0.00372664551544	0.00754321973539	0.0155540687343	3.59714818092e-06	0.000417269188987	0.000471226411701	0.074219958417	0.00126979330787	0.00669788991288	5.39572227138e-05	4.6762926352e-05	0.000129497334513	0.00144245642055	3.59714818092e-05	4.6762926352e-05	7.19429636184e-06	0	0.00809358340707	0	2.87771854474e-05	0.00361513392183	1.43885927237e-05	0.0176008460493	0.000744609673451	2.15828890855e-05	0.000348923373549	3.59714818092e-06	3.95686299901e-05	1.43885927237e-05	9.3525852704e-05	0.000143885927237	7.19429636184e-06	0.000158274519961	0.00443888085526	0.00166188245959	0.00424823200167	0.000705041043461	0.0135612486421	1.79857409046e-05	0.000262591817207	0.00027338326175	0.0170612738221	0.000179857409046	0.000143885927237	0	0	0	0.000633098079842	0.00505759034238	0.000582738005309	0.00411873466716	0.00194605716588	0.00238490924395	1.79857409046e-05	0	0.000906481341592	0.00050719789351	0.00058633515349	0.00027338326175	1.07914445428e-05	0	8.27344081612e-05
0.00816552637069	0	7.19429636184e-06	0	3.59714818092e-06	0	0.00019424600177	0.00854682407787	0.0035072194764	2.87771854474e-05	0.00242807502212	0.00261872387571	0.0006223066353	0.000179857409046	0.00887416456233	2.15828890855e-05	3.95686299901e-05	3.23743336283e-05	0.000215828890855	6.11515190757e-05	0.0010179929352	0.000255397520845	6.83458154375e-05	3.59714818092e-05	8.27344081612e-05	6.11515190757e-05	5.75543708948e-05	2.51800372665e-05	0.00126979330787	0.0266800480579	0.00491370441514	3.59714818092e-06	0.000532377930776	0.00153238512507	0.00587774012763	0	0	0	0	0	0	0	0.000266188965388	0	0.000205037446313	0	7.19429636184e-06	0	2.15828890855e-05	0	0	3.59714818092e-06	0	0	1.07914445428e-05	0	1.43885927237e-05	8.99287045231e-05	1.07914445428e-05	7.19429636184e-06	7.19429636184e-06	1.07914445428e-05	7.19429636184e-06	0.000384894855359	3.59714818092e-06	1.43885927237e-05	0	3.59714818092e-06	0	5.03600745329e-05	0.000528780782596	7.91372599803e-05	0.00119425319607	0.000258994669026	0.000165468816322	3.59714818092e-05	9.3525852704e-05	6.11515190757e-05	9.71230008849e-05	5.39572227138e-05	7.19429636184e-06	0	0	0
0.00871589004237	7.19429636184e-06	0.00015467737178	0	0	7.19429636184e-06	7.19429636184e-06	0.0111727422499	0.00292088432291	0.000104317297247	2.87771854474e-05	7.91372599803e-05	2.15828890855e-05	3.59714818092e-06	0.00597486312851	7.55401117994e-05	0.000176260260865	0.000615112338938	3.95686299901e-05	0.000471226411701	2.51800372665e-05	0.0075791912172	0.000248203224484	0.00152878797689	0.000665472413471	0	0.000424463485349	0.000582738005309	0.00669788991288	0.00491370441514	0.0364966654436	3.59714818092e-06	2.87771854474e-05	0.000399283448082	0.0071079648055	3.59714818092e-06	1.79857409046e-05	1.07914445428e-05	0	7.19429636184e-06	0	0	0.000309354743559	0	0.000431657781711	0	0	0	0	3.59714818092e-06	0	0	4.6762926352e-05	0	1.43885927237e-05	7.19429636184e-06	4.31657781711e-05	0.000183454557227	2.51800372665e-05	1.43885927237e-05	0	3.95686299901e-05	0.000100720149066	0.000665472413471	3.59714818092e-06	2.15828890855e-05	0	0	3.59714818092e-06	0.000104317297247	0.00119065604789	9.3525852704e-05	0.005467665235	0.000647486672566	0.000248203224484	1.43885927237e-05	0	0.000133094482694	3.95686299901e-05	0.000143885927237	2.51800372665e-05	0	0	0
0	3.95686299901e-05	0	0	0	0	0.000104317297247	5.03600745329e-05	0.000269786113569	0	0.000151080223599	0.00354678810639	6.11515190757e-05	0.00442449226253	5.39572227138e-05	7.19429636184e-06	3.59714818092e-06	0	0.000302160447197	0	3.23743336283e-05	1.07914445428e-05	0	7.19429636184e-06	0	0.001471233606	0.00385254570177	0.000913675637954	5.39572227138e-05	3.59714818092e-06	3.59714818092e-06	0.0101655407593	1.79857409046e-05	0	0.00015467737178	0	4.6762926352e-05	3.59714818092e-06	0	1.43885927237e-05	0	2.51800372665e-05	3.59714818092e-06	0	3.59714818092e-06	1.43885927237e-05	1.07914445428e-05	2.51800372665e-05	0.0027338326175	0.000356117669911	0	3.59714818092e-06	0	6.47486672566e-05	0	2.15828890855e-05	0	7.19429636184e-06	3.59714818092e-06	1.43885927237e-05	0.00230936913215	0.00444247800344	0.00296405010108	2.51800372665e-05	0.000384894855359	0	3.59714818092e-05	0	0	0.000402880596263	0.000269786113569	0.000420866337168	0.000122303038151	7.19429636184e-06	0	7.19429636184e-06	0	6.47486672566e-05	4.31657781711e-05	0.000136691630875	0	0	0	1.07914445428e-05
0.000151080223599	0	7.19429636184e-06	0	0	0.000647486672566	0.00313671321376	0.000151080223599	0.00400722307355	0	9.3525852704e-05	0.00139929064238	7.19429636184e-05	0.000147483075418	0.00153598227325	8.99287045231e-05	0	1.07914445428e-05	0.00027338326175	7.19429636184e-06	7.19429636184e-06	1.79857409046e-05	3.59714818092e-06	0.000143885927237	7.19429636184e-06	3.23743336283e-05	6.47486672566e-05	2.15828890855e-05	4.6762926352e-05	0.000532377930776	2.87771854474e-05	1.79857409046e-05	0.0066367383938	0	0.00145684501327	0	0	0	0	3.59714818092e-06	0	0	3.59714818092e-06	0	2.87771854474e-05	0	7.19429636184e-06	0	7.19429636184e-06	0	0	0	0	0	0	0	0	0	0	3.59714818092e-06	0	3.59714818092e-06	0	3.59714818092e-05	1.43885927237e-05	0	0	3.59714818092e-06	0	1.07914445428e-05	0.00135252771603	0.000147483075418	0.000654680968928	0.000456837818977	0.0015647594587	0.000848926970698	6.47486672566e-05	3.59714818092e-06	4.31657781711e-05	1.43885927237e-05	7.19429636184e-06	0	0	7.19429636184e-06
0.000223023187217	0	0	0	0	0	0	0.000913675637954	0.000176260260865	0	0	7.19429636184e-06	0	0	6.47486672566e-05	0	7.19429636184e-06	0	0	0	0	3.95686299901e-05	3.59714818092e-06	1.07914445428e-05	1.07914445428e-05	0	0	0	0.000129497334513	0.00153238512507	0.000399283448082	0	0	0.00172303397866	0.00119425319607	0	0	0	0	0	0	0	1.43885927237e-05	0	7.19429636184e-06	0	0	0	0	0	0	0	0	0	0	0	0	0	0	0	0	0	0	1.79857409046e-05	0	0	0	0	0	0	0	0	2.87771854474e-05	0	0	0	0	0	0	0	0	0	0	0
0.00396405729538	3.59714818092e-06	0.00031295189174	0	3.59714818092e-06	3.59714818092e-05	0.00230936913215	0.00646047813294	0.00758998266175	7.19429636184e-06	0.00680220721012	0.0179893380528	0.00569068842222	0.000651083820747	0.00562593975496	4.6762926352e-05	1.79857409046e-05	0.00519068482507	0.00643170094749	0.0119785034425	0.00672666709832	0.00434175785437	1.79857409046e-05	0.00367988258908	6.83458154375e-05	0.000187051705408	0.0053165850114	0.00596407168397	0.00144245642055	0.00587774012763	0.0071079648055	0.00015467737178	0.00145684501327	0.00119425319607	0.0460902596422	3.59714818092e-06	0.000104317297247	6.11515190757e-05	0	0.00011870588997	0	3.59714818092e-06	7.91372599803e-05	0	5.39572227138e-05	2.15828890855e-05	1.79857409046e-05	3.59714818092e-06	5.75543708948e-05	3.59714818092e-06	0	0	0.000212231742674	3.59714818092e-06	0.000143885927237	4.6762926352e-05	1.07914445428e-05	7.19429636184e-06	7.19429636184e-06	8.63315563421e-05	1.07914445428e-05	0.000395686299901	0.00035252052173	0.000212231742674	6.47486672566e-05	1.07914445428e-05	0	3.59714818092e-06	3.59714818092e-06	0.000147483075418	0.00432377211347	0.000406477744444	0.0207879193375	0.00133094482694	0.00115828171426	0.000345326225369	0.000266188965388	0.000291369002655	0.000197843149951	0.000413672040806	0.000255397520845	0	0	2.15828890855e-05
0	0	7.19429636184e-06	0	0	0	0	0	0	0	0	0	7.19429636184e-06	3.59714818092e-06	0	0	0	0	0	0	0	0	1.07914445428e-05	0	7.19429636184e-06	0	4.31657781711e-05	2.51800372665e-05	3.59714818092e-05	0	3.59714818092e-06	0	0	0	3.59714818092e-06	0.0314498665458	0	6.83458154375e-05	0	0.00165109101504	2.15828890855e-05	0.00453600385614	0.0108382074691	0.00533457075231	2.87771854474e-05	0.00326621054828	5.75543708948e-05	0.00482377571062	0.000100720149066	0.0172519226757	0.000161871668141	3.59714818092e-06	0.00291369002655	0.000226620335398	0.000503600745329	0.00398204303628	0.00143885927237	1.79857409046e-05	0.00223023187217	0.000244606076303	7.19429636184e-06	0.000525183634415	0.000834538377974	0.00248203224484	0.0124928956323	0.00550723386499	7.19429636184e-06	2.87771854474e-05	0.000276980409931	0.0022805919467	2.51800372665e-05	1.07914445428e-05	3.59714818092e-06	0	0	0	0	0.000568349412586	8.63315563421e-05	0.00189929423953	0.000514392189872	0	3.59714818092e-06	1.43885927237e-05
3.59714818092e-06	0.000733818228908	0.000230217483579	0	0	0	0	7.19429636184e-06	1.07914445428e-05	1.07914445428e-05	7.19429636184e-06	8.63315563421e-05	2.15828890855e-05	0.000302160447197	0	0	8.63315563421e-05	0.000147483075418	7.19429636184e-06	9.71230008849e-05	2.51800372665e-05	7.91372599803e-05	0.00082014978525	0.000363311966273	0.000208634594493	0.000356117669911	0.00602522320304	0.0214426003065	4.6762926352e-05	0	1.79857409046e-05	4.6762926352e-05	0	0	0.000104317297247	0	0.0382089079778	3.59714818092e-06	0	0	0.000237411779941	3.59714818092e-06	3.59714818092e-06	0	0.00276980409931	0	3.59714818092e-06	3.59714818092e-06	0.000705041043461	0.000107914445428	0.000406477744444	0.00219066324218	8.63315563421e-05	3.59714818092e-06	0.000237411779941	3.59714818092e-06	5.03600745329e-05	0.00957560845761	1.43885927237e-05	0.00448564378161	0.0078058115526	0.00169425679321	0.0304210821661	0.00122662752969	0.000133094482694	0	1.43885927237e-05	7.19429636184e-06	0	0.000212231742674	0.000794969747984	5.75543708948e-05	0.000161871668141	1.43885927237e-05	0	0	3.59714818092e-06	0.000848926970698	0.000748206821632	0.00066187526529	1.07914445428e-05	0.000316549039921	0	1.79857409046e-05
