0.0111616689219	2.45388449916e-05	0.00119539230602	0	2.10332957071e-05	0	6.66054364058e-05	0.00490776899832	0.00123745889743	4.20665914142e-05	7.71220842594e-05	2.80443942761e-05	2.45388449916e-05	0	0.00578065077017	7.01109856903e-06	4.90776899832e-05	0.00102362039108	3.50554928452e-06	0.000122694224958	5.60887885523e-05	0.000522326843393	3.50554928452e-05	0.00157749717803	0.000150738619234	3.50554928452e-06	0.00115683126389	0.000192805210648	0.000399632618435	0.00480260251979	0.00511459640611	0	1.40221971381e-05	0.000781737490447	0.000743176448318	7.01109856903e-06	2.80443942761e-05	3.50554928452e-06	0	1.75277464226e-05	0	0	4.20665914142e-05	3.50554928452e-06	7.36165349749e-05	1.75277464226e-05	0	3.50554928452e-06	0	1.05166478536e-05	3.50554928452e-06	2.10332957071e-05	0	0	3.50554928452e-06	7.01109856903e-06	0	4.20665914142e-05	7.01109856903e-06	0.000133210872812	3.50554928452e-06	7.01109856903e-06	3.50554928452e-05	0.000101660929251	1.05166478536e-05	0	0	0	0	3.50554928452e-06	0.000220849604925	3.15499435607e-05	0.000389115970581	0.000196310759933	5.95943378368e-05	2.45388449916e-05	3.50554928452e-06	1.05166478536e-05	7.01109856903e-06	3.50554928452e-06	0	1.05166478536e-05	0	0
2.45388449916e-05	0.0208194572007	0.00120240340459	0	3.50554928452e-06	0	7.01109856903e-06	9.4649830682e-05	2.10332957071e-05	0.0012234367003	7.01109856903e-06	8.76387321129e-05	1.05166478536e-05	0.000630998871213	6.66054364058e-05	2.10332957071e-05	0.000340038280598	0.00245739004845	4.20665914142e-05	0.00105166478536	1.05166478536e-05	0.000192805210648	0.00328469967959	0.000627493321929	0.000725648701895	0.0018789744165	0.00671312687985	0.0139415695045	0.000122694224958	0.000122694224958	0.000210332957071	5.60887885523e-05	1.05166478536e-05	6.66054364058e-05	0.000823804081862	3.50554928452e-06	0.00884800639412	0.000904431715405	0	7.01109856903e-06	0	1.40221971381e-05	4.20665914142e-05	1.40221971381e-05	5.95943378368e-05	7.01109856903e-06	0.000136716422096	7.01109856903e-06	4.55721406987e-05	7.01109856903e-06	0	0.000368082674874	0.000609965575506	5.60887885523e-05	0.000385610421297	0	0.000115683126389	0.00168616920585	0.000662548814774	0.000126199774243	0.000175277464226	0.00154945278376	0.00902328385835	0.000119188675674	2.45388449916e-05	1.75277464226e-05	7.01109856903e-06	0	3.50554928452e-06	0.000105166478536	0.000830815180431	0.000238377351347	0.000420665914142	0.000143727520665	5.60887885523e-05	7.01109856903e-06	3.50554928452e-06	0.000283949492046	0.000462732505556	0.000185794112079	4.55721406987e-05	0	3.50554928452e-06	7.01109856903e-06
0.00119539230602	0.00120240340459	0.0409202767982	0	2.45388449916e-05	0	0.000112177577105	0.00451164192917	0.00130406433384	0.000129705323527	4.20665914142e-05	7.01109856903e-05	2.45388449916e-05	5.25832392678e-05	0.00277288948405	1.05166478536e-05	0.000627493321929	0.00904782270334	4.20665914142e-05	0.000673065462627	3.15499435607e-05	0.00404540387433	0.00121292005244	0.0213943672834	0.000494282449117	3.85610421297e-05	0.0157995106253	0.0172473024798	0.00149686954449	0.00170019140299	0.00505149651899	1.05166478536e-05	2.10332957071e-05	0.000501293547686	0.00456773071773	3.50554928452e-05	0.00097804825038	0.000392621519866	0	3.50554928452e-06	0	1.40221971381e-05	0.000112177577105	2.45388449916e-05	0.000206827407787	2.10332957071e-05	1.75277464226e-05	7.01109856903e-06	0	3.50554928452e-05	7.01109856903e-06	0.00200517419074	0.000238377351347	1.05166478536e-05	8.41331828284e-05	3.50554928452e-06	0.000354060477736	0.00362473796019	0.00145129740379	0.000427677012711	0	0.000259410647054	0.0034179105524	0.000420665914142	2.80443942761e-05	6.66054364058e-05	0	3.50554928452e-06	3.50554928452e-06	7.36165349749e-05	0.00438894770422	0.00076070419474	0.00435389221137	0.00187196331793	0.000420665914142	0.000154244168519	1.05166478536e-05	0.000410149266289	0.000445204759134	0.000157749717803	7.36165349749e-05	7.01109856903e-06	7.01109856903e-06	0
0	0	0	0	0	0	0	0	0	0	0	0	0	0	0	0	0	0	0	0	0	0	0	0	0	0	0	0	0	0	0	0	0	0	0	0	0	0	0	0	0	0	0	0	0	0	0	0	0	0	0	0	0	0	0	0	0	0	0	0	0	0	0	0	0	0	0	0	0	0	0	0	0	0	0	0	0	0	0	0	0	0	0	0
2.10332957071e-05	3.50554928452e-06	2.45388449916e-05	0	0.0209772069186	1.75277464226e-05	0.00120240340459	0.000389115970581	0.000862365123991	0.000638009969782	0.00205775743001	7.71220842594e-05	0.00369835449517	1.05166478536e-05	0.000960520503958	0.000297971689184	3.50554928452e-06	1.75277464226e-05	1.05166478536e-05	2.45388449916e-05	0.00910040594261	3.15499435607e-05	1.40221971381e-05	5.95943378368e-05	0.0120696061866	0	8.76387321129e-05	4.20665914142e-05	0.00658342155632	0.0023557291192	0.000189299661364	0	9.11442813975e-05	0.000876387321129	0.00132159208026	7.01109856903e-06	0	3.50554928452e-06	0	0.000501293547686	0	0.000133210872812	9.11442813975e-05	4.90776899832e-05	0.000985059348949	0.000623987772644	3.50554928452e-06	0.000564393434807	0	2.10332957071e-05	2.45388449916e-05	1.05166478536e-05	0	0	0	0.000455721406987	0	1.05166478536e-05	7.01109856903e-06	0.00113930351747	0	0	0	0.000609965575506	1.75277464226e-05	0	0	0	0	3.50554928452e-06	0.000276938393477	2.45388449916e-05	0.000827309631146	0.000220849604925	0.000357566027021	0	7.01109856903e-06	1.40221971381e-05	7.01109856903e-06	1.75277464226e-05	0	7.01109856903e-06	3.50554928452e-06	0
0	0	0	0	1.75277464226e-05	0.00206827407787	0.00028745504133	7.01109856903e-06	0.000189299661364	2.10332957071e-05	2.10332957071e-05	1.40221971381e-05	4.20665914142e-05	1.05166478536e-05	0.00021734405564	0.000157749717803	0	3.50554928452e-06	0	3.50554928452e-06	3.15499435607e-05	0	0	0	3.85610421297e-05	3.50554928452e-06	3.50554928452e-06	0	2.45388449916e-05	0.000585426730514	1.75277464226e-05	0	0.00146531960093	3.15499435607e-05	0.000648526617636	0	0	0	0	0	0	3.50554928452e-06	0	0	3.50554928452e-06	3.50554928452e-06	0	0	0	0	0	0	0	0	0	0	0	0	0	3.50554928452e-06	0	0	0	3.50554928452e-06	0	0	0	0	0	0	8.06276335439e-05	0	0.000203321858502	5.95943378368e-05	0.000588932279799	0.000203321858502	1.05166478536e-05	0	0	3.50554928452e-06	3.50554928452e-06	3.50554928452e-06	3.50554928452e-06	0
6.66054364058e-05	7.01109856903e-06	0.000112177577105	0	0.00120240340459	0.00028745504133	0.0302844402689	0.00194908540219	0.0106603753742	0.000161255267088	0.00825907411432	0.000452215857703	0.00812586324151	7.36165349749e-05	0.00554227341882	0.0028745504133	7.01109856903e-06	4.90776899832e-05	6.66054364058e-05	8.41331828284e-05	0.00603655586794	0.000122694224958	1.75277464226e-05	0.000196310759933	0.00139170306595	1.05166478536e-05	0.000308488337038	7.36165349749e-05	0.00218045165497	0.00558434001024	0.000350554928452	2.45388449916e-05	0.00160904712159	0.00032601608346	0.00228561813351	0	1.05166478536e-05	0	0	3.15499435607e-05	0	7.01109856903e-06	3.85610421297e-05	7.01109856903e-06	7.71220842594e-05	5.95943378368e-05	7.01109856903e-06	8.76387321129e-05	3.50554928452e-06	1.75277464226e-05	3.50554928452e-06	3.50554928452e-06	0	0	0	1.75277464226e-05	0	0	3.50554928452e-06	0.000185794112079	0	7.01109856903e-06	1.75277464226e-05	0.000140221971381	1.05166478536e-05	0	0	0	0	3.50554928452e-06	0.000459226956272	3.50554928452e-05	0.000774726391878	0.000182288562795	0.000928970560397	5.60887885523e-05	0	3.50554928452e-06	1.40221971381e-05	7.01109856903e-06	7.01109856903e-06	0	0	0
0.00490776899832	9.4649830682e-05	0.00451164192917	0	0.000389115970581	7.01109856903e-06	0.00194908540219	0.0443872650406	0.00605408361436	0.000382104872012	0.00271329514622	0.000206827407787	0.000315499435607	3.50554928452e-05	0.00976996585595	0.000119188675674	0.00017878301351	0.00350554928452	6.30998871213e-05	0.000333027182029	0.000827309631146	0.00560186775666	0.000101660929251	0.0086481900849	0.00125498664386	1.05166478536e-05	0.0036913433966	0.000574910082661	0.0117856566945	0.00885852304198	0.0150773674727	0	0.000161255267088	0.00480961361836	0.00425223128212	3.50554928452e-05	5.95943378368e-05	1.05166478536e-05	0	0.000210332957071	0	3.15499435607e-05	0.000403138167719	5.60887885523e-05	0.000743176448318	0.000333027182029	0	4.20665914142e-05	0	5.60887885523e-05	7.01109856903e-06	5.95943378368e-05	7.01109856903e-06	0	1.05166478536e-05	8.06276335439e-05	7.01109856903e-06	0.000112177577105	5.25832392678e-05	0.00146531960093	0	4.55721406987e-05	7.71220842594e-05	0.000914948363259	5.25832392678e-05	1.40221971381e-05	0	0	7.01109856903e-06	2.10332957071e-05	0.00127601993956	0.000164760816372	0.00266421745623	0.000999081546087	0.000290960590615	8.06276335439e-05	7.01109856903e-06	5.60887885523e-05	3.85610421297e-05	3.15499435607e-05	1.05166478536e-05	2.10332957071e-05	3.50554928452e-06	0
0.00123745889743	2.10332957071e-05	0.00130406433384	0	0.000862365123991	0.000189299661364	0.0106603753742	0.00605408361436	0.0360335410956	0.000150738619234	0.00438193660565	0.00043468811128	0.00349503263666	0.000122694224958	0.0218255498454	0.00113930351747	4.90776899832e-05	0.000648526617636	8.06276335439e-05	0.000133210872812	0.00363876015733	0.000645021068351	6.66054364058e-05	0.0017212246987	0.0016300804173	2.10332957071e-05	0.00120941450316	0.000224355154209	0.00239429016133	0.00949302746247	0.00378599322728	3.15499435607e-05	0.00168616920585	0.00118137010888	0.00329872187673	3.50554928452e-06	1.05166478536e-05	7.01109856903e-06	0	7.01109856903e-05	0	1.40221971381e-05	8.76387321129e-05	7.01109856903e-06	0.000259410647054	0.000115683126389	1.05166478536e-05	5.60887885523e-05	0	2.45388449916e-05	3.50554928452e-06	3.85610421297e-05	7.01109856903e-06	0	1.05166478536e-05	3.15499435607e-05	1.05166478536e-05	3.85610421297e-05	2.80443942761e-05	0.0005433601391	3.50554928452e-06	2.10332957071e-05	1.75277464226e-05	0.000361071576305	1.05166478536e-05	0	3.50554928452e-06	0	0	1.05166478536e-05	0.000942992757535	0.000112177577105	0.0015179028402	0.000497787998401	0.000375093773443	5.95943378368e-05	7.01109856903e-06	2.80443942761e-05	2.10332957071e-05	2.80443942761e-05	1.75277464226e-05	1.05166478536e-05	7.01109856903e-06	3.50554928452e-06
4.20665914142e-05	0.0012234367003	0.000129705323527	0	0.000638009969782	2.10332957071e-05	0.000161255267088	0.000382104872012	0.000150738619234	0.0189545049814	6.30998871213e-05	3.85610421297e-05	0.000918453912544	9.81553799665e-05	0.000315499435607	0.000851848476138	0.00120941450316	0.000143727520665	7.01109856903e-06	4.55721406987e-05	0.000276938393477	0.000515315744824	0.00525481837749	0.000588932279799	0.00812586324151	0.000297971689184	0.00021734405564	0.00115332571461	0.00222251824638	0.00141624191095	0.00207177962715	7.01109856903e-06	2.45388449916e-05	0.00131808653098	0.00143727520665	0.000154244168519	4.90776899832e-05	2.45388449916e-05	0	0.000694098758334	3.50554928452e-06	0.000150738619234	0.00103764258822	0.000154244168519	0.0066570380913	0.000666054364058	1.40221971381e-05	0.000480260251979	0	0.000133210872812	6.66054364058e-05	0.000203321858502	1.75277464226e-05	0	0	0.000290960590615	5.95943378368e-05	0.00119539230602	6.30998871213e-05	0.00558784555952	3.50554928452e-06	2.80443942761e-05	5.95943378368e-05	0.00315849990535	0.000182288562795	9.11442813975e-05	0	0	7.01109856903e-06	3.50554928452e-05	0.00109373137677	6.30998871213e-05	0.000739670899033	0.000336532731314	0.00214539616212	3.85610421297e-05	0	0.000322510534176	5.60887885523e-05	0.000122694224958	3.15499435607e-05	5.95943378368e-05	3.50554928452e-06	0
7.71220842594e-05	7.01109856903e-06	4.20665914142e-05	0	0.00205775743001	2.10332957071e-05	0.00825907411432	0.00271329514622	0.00438193660565	6.30998871213e-05	0.0241392123732	0.000280443942761	0.00537400705317	4.20665914142e-05	0.00244336785131	0.000203321858502	0	4.20665914142e-05	4.20665914142e-05	5.95943378368e-05	0.0110354691477	6.30998871213e-05	1.40221971381e-05	0.00010867202782	0.0015389361359	3.50554928452e-06	0.000210332957071	4.55721406987e-05	0.00333728291886	0.00331624962315	0.000241882900632	1.05166478536e-05	0.000171771914941	0.000585426730514	0.00176329129011	0	7.01109856903e-06	0	0	2.45388449916e-05	0	1.05166478536e-05	1.75277464226e-05	3.50554928452e-06	9.4649830682e-05	9.11442813975e-05	0	6.66054364058e-05	0	3.50554928452e-06	0	0	0	0	0	3.50554928452e-05	0	3.50554928452e-06	0	0.000164760816372	0	3.50554928452e-06	7.01109856903e-06	0.000112177577105	0	0	0	0	0	0	0.000206827407787	2.80443942761e-05	0.000855354025422	0.000150738619234	6.30998871213e-05	1.75277464226e-05	7.01109856903e-06	3.50554928452e-06	7.01109856903e-06	0	0	3.50554928452e-06	0	0
2.80443942761e-05	8.76387321129e-05	7.01109856903e-05	0	7.71220842594e-05	1.40221971381e-05	0.000452215857703	0.000206827407787	0.00043468811128	3.85610421297e-05	0.000280443942761	0.0170124306778	0.000827309631146	0.00361422131234	0.00164760816372	5.60887885523e-05	1.75277464226e-05	0.00021734405564	0.00342492165097	0.00269927294908	0.000715132054042	6.66054364058e-05	3.50554928452e-05	0.000140221971381	0.000231366252778	0.00079926523687	0.00661497149988	0.00121292005244	0.000231366252778	0.00416459255001	0.000175277464226	0.000697604307619	0.000452215857703	0.000161255267088	0.00707419845616	3.50554928452e-06	5.25832392678e-05	7.01109856903e-06	0	7.01109856903e-06	0	3.50554928452e-06	3.50554928452e-05	7.01109856903e-06	3.50554928452e-05	1.05166478536e-05	0.000206827407787	7.01109856903e-06	8.41331828284e-05	3.50554928452e-06	0	2.10332957071e-05	3.50554928452e-06	2.45388449916e-05	0.000105166478536	0	7.01109856903e-06	1.75277464226e-05	1.05166478536e-05	7.01109856903e-05	5.25832392678e-05	0.000308488337038	0.000154244168519	6.66054364058e-05	0	3.50554928452e-06	1.75277464226e-05	0	0	0	0.000753693096171	0.000974542701096	0.000753693096171	0.00014723306995	2.45388449916e-05	0	3.50554928452e-05	1.05166478536e-05	0.000340038280598	2.45388449916e-05	7.01109856903e-06	0	0	0
2.45388449916e-05	1.05166478536e-05	2.45388449916e-05	0	0.00369835449517	4.20665914142e-05	0.00812586324151	0.000315499435607	0.00349503263666	0.000918453912544	0.00537400705317	0.000827309631146	0.0324158142339	0.000115683126389	0.00419614249357	0.00225056264066	7.01109856903e-06	4.20665914142e-05	0.000161255267088	0.000199816309217	0.0155050444854	3.85610421297e-05	3.15499435607e-05	7.71220842594e-05	0.00399983173363	2.10332957071e-05	0.000567898984092	0.00010867202782	0.00109022582748	0.00678323786554	0.000206827407787	3.15499435607e-05	0.000375093773443	0.000494282449117	0.00400333728292	3.50554928452e-06	7.01109856903e-06	3.50554928452e-06	0	4.20665914142e-05	0	3.85610421297e-05	4.20665914142e-05	3.50554928452e-06	0.000168266365657	7.36165349749e-05	3.50554928452e-06	0.000452215857703	3.50554928452e-06	7.01109856903e-06	0	3.50554928452e-06	0	0	0	4.20665914142e-05	3.50554928452e-06	7.01109856903e-06	3.50554928452e-06	0.000203321858502	0	1.75277464226e-05	1.40221971381e-05	0.000115683126389	0	3.50554928452e-06	0	0	0	0	0.000497787998401	6.30998871213e-05	0.00150037509377	0.000273432844192	0.00135664757311	2.45388449916e-05	1.05166478536e-05	1.40221971381e-05	1.40221971381e-05	1.05166478536e-05	1.40221971381e-05	1.05166478536e-05	3.50554928452e-06	0
0	0.000630998871213	5.25832392678e-05	0	1.05166478536e-05	1.05166478536e-05	7.36165349749e-05	3.50554928452e-05	0.000122694224958	9.81553799665e-05	4.20665914142e-05	0.00361422131234	0.000115683126389	0.0229473256165	0.000361071576305	1.05166478536e-05	2.80443942761e-05	7.71220842594e-05	0.000382104872012	0.000283949492046	9.4649830682e-05	4.90776899832e-05	0.000206827407787	9.4649830682e-05	8.76387321129e-05	0.00772623062308	0.00461330285842	0.00787346369303	5.95943378368e-05	0.000897420616836	7.01109856903e-05	0.00278340613191	0.000143727520665	7.36165349749e-05	0.00179484123367	3.50554928452e-06	0.000336532731314	2.80443942761e-05	0	0	0	0.000126199774243	7.01109856903e-05	8.76387321129e-05	1.05166478536e-05	4.20665914142e-05	0.00216642945783	7.01109856903e-06	0.00097804825038	5.25832392678e-05	3.50554928452e-06	3.50554928452e-05	4.90776899832e-05	0.000308488337038	0.000557382336238	0	1.75277464226e-05	6.66054364058e-05	2.80443942761e-05	5.25832392678e-05	0.000999081546087	0.00256255652698	0.00104465368679	9.81553799665e-05	2.10332957071e-05	1.05166478536e-05	0.000154244168519	3.50554928452e-06	0	0.000126199774243	0.000536349040531	0.00140221971381	0.000750187546887	0.000616976674075	7.01109856903e-06	3.50554928452e-06	0.000245388449916	0.000150738619234	0.00231366252778	0.000508304646255	0.000532843491247	0.00010867202782	0.000182288562795	9.11442813975e-05
0.00578065077017	6.66054364058e-05	0.00277288948405	0	0.000960520503958	0.00021734405564	0.00554227341882	0.00976996585595	0.0218255498454	0.000315499435607	0.00244336785131	0.00164760816372	0.00419614249357	0.000361071576305	0.0482538859014	0.00110775357391	0.000119188675674	0.0017667968394	0.000294466139899	0.000452215857703	0.00419263694428	0.00125148109457	0.000105166478536	0.00349152708738	0.00222602379567	7.01109856903e-05	0.00315499435607	0.000595943378368	0.00328119413031	0.0241777734153	0.0102607427558	0.000105166478536	0.00283248382189	0.00287805596259	0.00823453526933	1.05166478536e-05	3.50554928452e-05	1.75277464226e-05	0	0.000126199774243	0	2.10332957071e-05	0.000224355154209	3.15499435607e-05	0.000476754702694	0.000189299661364	1.75277464226e-05	6.66054364058e-05	7.01109856903e-06	3.85610421297e-05	7.01109856903e-06	4.55721406987e-05	3.50554928452e-06	7.01109856903e-06	2.10332957071e-05	4.90776899832e-05	2.10332957071e-05	6.66054364058e-05	4.90776899832e-05	0.000960520503958	1.05166478536e-05	5.95943378368e-05	7.36165349749e-05	0.000648526617636	4.55721406987e-05	3.50554928452e-06	0	0	3.50554928452e-06	2.10332957071e-05	0.00196661314861	0.000283949492046	0.00329521632745	0.00108321472892	0.000455721406987	0.000129705323527	1.05166478536e-05	7.01109856903e-05	5.95943378368e-05	3.85610421297e-05	2.45388449916e-05	2.10332957071e-05	1.05166478536e-05	7.01109856903e-06
7.01109856903e-06	2.10332957071e-05	1.05166478536e-05	0	0.000297971689184	0.000157749717803	0.0028745504133	0.000119188675674	0.00113930351747	0.000851848476138	0.000203321858502	5.60887885523e-05	0.00225056264066	1.05166478536e-05	0.00110775357391	0.00736866459606	3.50554928452e-06	7.01109856903e-06	1.40221971381e-05	1.05166478536e-05	0.000522326843393	7.01109856903e-06	6.66054364058e-05	2.45388449916e-05	0.000417160364858	3.50554928452e-06	4.90776899832e-05	3.15499435607e-05	0.000182288562795	0.00112528132033	5.60887885523e-05	0	0.00028745504133	4.55721406987e-05	0.000410149266289	7.01109856903e-06	7.01109856903e-06	0	0	0	0	7.01109856903e-06	2.45388449916e-05	0	5.25832392678e-05	1.05166478536e-05	0	2.80443942761e-05	0	7.01109856903e-06	0	7.01109856903e-06	0	0	0	7.01109856903e-06	3.50554928452e-06	1.40221971381e-05	3.50554928452e-06	6.66054364058e-05	0	0	1.40221971381e-05	5.25832392678e-05	3.50554928452e-06	0	0	0	0	0	0.000371588224159	1.40221971381e-05	0.00014723306995	3.50554928452e-05	0.00365979345304	8.76387321129e-05	0	1.75277464226e-05	3.50554928452e-06	0	3.50554928452e-06	0	0	0
4.90776899832e-05	0.000340038280598	0.000627493321929	0	3.50554928452e-06	0	7.01109856903e-06	0.00017878301351	4.90776899832e-05	0.00120941450316	0	1.75277464226e-05	7.01109856903e-06	2.80443942761e-05	0.000119188675674	3.50554928452e-06	0.0201674250338	0.000185794112079	3.50554928452e-06	3.15499435607e-05	7.01109856903e-06	0.00511459640611	0.00465887499912	0.00511459640611	0.0081048299458	5.95943378368e-05	0.000259410647054	0.00212085731713	0.00154244168519	0.000469743604125	0.00153543058662	3.50554928452e-06	0	0.000392621519866	0.00127952548885	5.60887885523e-05	0.000112177577105	4.90776899832e-05	0	4.20665914142e-05	0	1.05166478536e-05	0.000403138167719	5.25832392678e-05	0.00115683126389	4.20665914142e-05	1.40221971381e-05	3.50554928452e-06	3.50554928452e-06	6.30998871213e-05	3.50554928452e-06	0.00451164192917	4.20665914142e-05	0	1.40221971381e-05	7.01109856903e-06	0.000294466139899	0.00336883286242	0.000557382336238	0.00355112142522	1.05166478536e-05	4.20665914142e-05	0.000343543829883	0.0018789744165	6.66054364058e-05	0.000196310759933	0	0	1.05166478536e-05	3.85610421297e-05	0.000883398419698	0.000168266365657	0.000683582110481	0.000273432844192	6.66054364058e-05	1.40221971381e-05	0	0.000515315744824	0.000304982787753	0.00014723306995	4.55721406987e-05	1.05166478536e-05	3.50554928452e-06	3.50554928452e-06
0.00102362039108	0.00245739004845	0.00904782270334	0	1.75277464226e-05	3.50554928452e-06	4.90776899832e-05	0.00350554928452	0.000648526617636	0.000143727520665	4.20665914142e-05	0.00021734405564	4.20665914142e-05	7.71220842594e-05	0.0017667968394	7.01109856903e-06	0.000185794112079	0.0435599554094	0.000168266365657	0.00786294704517	5.25832392678e-05	0.00546865688385	0.000403138167719	0.0180080066746	0.000269927294908	6.66054364058e-05	0.0210648456507	0.0082871185086	0.000942992757535	0.0018789744165	0.00805575225582	1.05166478536e-05	1.75277464226e-05	0.000529337941962	0.0104465368679	7.01109856903e-06	0.00193155765577	0.000518821294109	0	1.05166478536e-05	0	3.50554928452e-06	8.76387321129e-05	1.75277464226e-05	0.000129705323527	2.10332957071e-05	4.55721406987e-05	3.50554928452e-06	1.40221971381e-05	2.80443942761e-05	0	0.000333027182029	0.000550371237669	1.75277464226e-05	0.000213838506356	0	0.000105166478536	0.000634504420498	0.000494282449117	0.000252399548485	3.15499435607e-05	0.000816792983293	0.00336883286242	0.000210332957071	1.40221971381e-05	5.60887885523e-05	3.50554928452e-06	0	0	9.11442813975e-05	0.00460979730914	0.000981553799665	0.00533194046175	0.00222952934495	0.000368082674874	0.00014723306995	1.40221971381e-05	0.000375093773443	0.000595943378368	0.000171771914941	5.60887885523e-05	3.50554928452e-06	7.01109856903e-06	3.50554928452e-06
3.50554928452e-06	4.20665914142e-05	4.20665914142e-05	0	1.05166478536e-05	0	6.66054364058e-05	6.30998871213e-05	8.06276335439e-05	7.01109856903e-06	4.20665914142e-05	0.00342492165097	0.000161255267088	0.000382104872012	0.000294466139899	1.40221971381e-05	3.50554928452e-06	0.000168266365657	0.00743877558175	0.0020156908386	0.000140221971381	3.85610421297e-05	1.75277464226e-05	6.30998871213e-05	3.85610421297e-05	0.00021734405564	0.00475703037909	0.000687087659765	7.71220842594e-05	0.000725648701895	8.76387321129e-05	6.30998871213e-05	7.36165349749e-05	3.85610421297e-05	0.00132509762955	0	8.76387321129e-05	0	0	0	0	0	3.50554928452e-06	0	3.50554928452e-06	0	6.66054364058e-05	0	1.05166478536e-05	0	0	0	7.01109856903e-06	1.75277464226e-05	0.000105166478536	0	0	1.05166478536e-05	0	1.05166478536e-05	5.60887885523e-05	0.000361071576305	0.000157749717803	1.05166478536e-05	3.50554928452e-06	0	7.01109856903e-06	0	0	0	0.000427677012711	0.0005433601391	0.000231366252778	8.41331828284e-05	1.75277464226e-05	1.05166478536e-05	0	7.01109856903e-06	0.000203321858502	2.10332957071e-05	3.50554928452e-06	0	0	0
0.000122694224958	0.00105166478536	0.000673065462627	0	2.45388449916e-05	3.50554928452e-06	8.41331828284e-05	0.000333027182029	0.000133210872812	4.55721406987e-05	5.95943378368e-05	0.00269927294908	0.000199816309217	0.000283949492046	0.000452215857703	1.05166478536e-05	3.15499435607e-05	0.00786294704517	0.0020156908386	0.0212681675092	0.00017878301351	0.000424171463427	8.06276335439e-05	0.00130055878456	0.00010867202782	0.000427677012711	0.0156172220625	0.00342842720026	0.000136716422096	0.000985059348949	0.000865870673276	5.25832392678e-05	5.25832392678e-05	0.000112177577105	0.00628194431786	0	0.000953509405389	0.00010867202782	0	0	0	3.50554928452e-06	1.05166478536e-05	3.50554928452e-06	2.10332957071e-05	3.50554928452e-06	0.00010867202782	0	3.85610421297e-05	0	0	7.36165349749e-05	0.000203321858502	4.55721406987e-05	0.000262916196339	0	2.45388449916e-05	9.4649830682e-05	7.01109856903e-05	4.20665914142e-05	5.95943378368e-05	0.00105166478536	0.00140221971381	5.95943378368e-05	0	7.01109856903e-06	3.50554928452e-06	0	0	1.75277464226e-05	0.00281846162475	0.00134963647454	0.00193155765577	0.000490776899832	3.15499435607e-05	1.40221971381e-05	3.50554928452e-06	0.000126199774243	0.000630998871213	8.41331828284e-05	3.15499435607e-05	0	0	0
5.60887885523e-05	1.05166478536e-05	3.15499435607e-05	0	0.00910040594261	3.15499435607e-05	0.00603655586794	0.000827309631146	0.00363876015733	0.000276938393477	0.0110354691477	0.000715132054042	0.0155050444854	9.4649830682e-05	0.00419263694428	0.000522326843393	7.01109856903e-06	5.25832392678e-05	0.000140221971381	0.00017878301351	0.0313150717586	4.55721406987e-05	2.45388449916e-05	0.000101660929251	0.00544762358814	2.10332957071e-05	0.000536349040531	0.000129705323527	0.00501994657543	0.00765962518667	0.000319004984891	2.80443942761e-05	0.000343543829883	0.00118838120745	0.00456071961916	7.01109856903e-06	7.01109856903e-06	3.50554928452e-06	0	0.000150738619234	0	4.55721406987e-05	6.66054364058e-05	1.75277464226e-05	0.000452215857703	0.000336532731314	3.50554928452e-06	0.000354060477736	0	1.40221971381e-05	1.05166478536e-05	3.50554928452e-06	0	0	0	0.000161255267088	3.50554928452e-06	1.05166478536e-05	3.50554928452e-06	0.000648526617636	0	1.75277464226e-05	1.40221971381e-05	0.000368082674874	3.50554928452e-06	3.50554928452e-06	0	0	0	3.50554928452e-06	0.000455721406987	7.01109856903e-05	0.00215941835926	0.000417160364858	0.000301477238468	3.15499435607e-05	7.01109856903e-06	1.05166478536e-05	1.40221971381e-05	1.40221971381e-05	1.05166478536e-05	7.01109856903e-06	3.50554928452e-06	0
0.000522326843393	0.000192805210648	0.00404540387433	0	3.15499435607e-05	0	0.000122694224958	0.00560186775666	0.000645021068351	0.000515315744824	6.30998871213e-05	6.66054364058e-05	3.85610421297e-05	4.90776899832e-05	0.00125148109457	7.01109856903e-06	0.00511459640611	0.00546865688385	3.85610421297e-05	0.000424171463427	4.55721406987e-05	0.0520959679172	0.00206827407787	0.0347505100574	0.00235222356991	3.15499435607e-05	0.00295517804685	0.00283248382189	0.00708120955473	0.00169668585371	0.0169353085935	7.01109856903e-06	1.75277464226e-05	0.00110424802462	0.00793656358015	4.55721406987e-05	0.000112177577105	4.20665914142e-05	0	2.45388449916e-05	0	1.75277464226e-05	0.000336532731314	3.85610421297e-05	0.000736165349749	3.50554928452e-05	3.50554928452e-06	3.50554928452e-06	0	5.60887885523e-05	3.50554928452e-06	0.00123395334815	1.75277464226e-05	0	2.10332957071e-05	1.05166478536e-05	0.000224355154209	0.00298672799041	0.000276938393477	0.00178432458582	7.01109856903e-06	7.01109856903e-05	0.000269927294908	0.00170720250156	3.85610421297e-05	0.000182288562795	0	0	1.05166478536e-05	2.10332957071e-05	0.00380702652299	0.000609965575506	0.00478507477337	0.00202971303574	0.000546865688385	0.000199816309217	1.05166478536e-05	0.000210332957071	9.81553799665e-05	9.4649830682e-05	3.85610421297e-05	3.50554928452e-06	0	0
3.50554928452e-05	0.00328469967959	0.00121292005244	0	1.40221971381e-05	0	1.75277464226e-05	0.000101660929251	6.66054364058e-05	0.00525481837749	1.40221971381e-05	3.50554928452e-05	3.15499435607e-05	0.000206827407787	0.000105166478536	6.66054364058e-05	0.00465887499912	0.000403138167719	1.75277464226e-05	8.06276335439e-05	2.45388449916e-05	0.00206827407787	0.0204443634273	0.00385610421297	0.00475001928052	0.000578415631945	0.000438193660565	0.00587179505157	0.000809781884724	0.000438193660565	0.00110424802462	1.40221971381e-05	1.05166478536e-05	0.000378599322728	0.000841331828284	7.36165349749e-05	0.000311993886322	5.25832392678e-05	0	6.30998871213e-05	0	2.45388449916e-05	0.000438193660565	3.50554928452e-05	0.00215941835926	6.30998871213e-05	1.05166478536e-05	7.01109856903e-06	0	8.41331828284e-05	1.05166478536e-05	0.0031479832575	3.85610421297e-05	0	1.05166478536e-05	1.05166478536e-05	0.00039612706915	0.00700408747047	0.000883398419698	0.00272030624479	7.01109856903e-06	7.36165349749e-05	0.00158100272732	0.0022190126971	6.66054364058e-05	0.000213838506356	0	0	3.50554928452e-06	2.45388449916e-05	0.000666054364058	9.4649830682e-05	0.000424171463427	0.000182288562795	0.000175277464226	2.10332957071e-05	0	0.000241882900632	0.000157749717803	7.36165349749e-05	3.15499435607e-05	2.45388449916e-05	3.50554928452e-06	0
0.00157749717803	0.000627493321929	0.0213943672834	0	5.95943378368e-05	0	0.000196310759933	0.0086481900849	0.0017212246987	0.000588932279799	0.00010867202782	0.000140221971381	7.71220842594e-05	9.4649830682e-05	0.00349152708738	2.45388449916e-05	0.00511459640611	0.0180080066746	6.30998871213e-05	0.00130055878456	0.000101660929251	0.0347505100574	0.00385610421297	0.0845117821511	0.00202270193717	4.90776899832e-05	0.0104430313186	0.0167354922843	0.00535647930674	0.00299373908898	0.0155541221754	2.45388449916e-05	3.50554928452e-05	0.00138819751667	0.0147934179807	7.71220842594e-05	0.000413654815573	0.000161255267088	0	2.80443942761e-05	0	2.10332957071e-05	0.000427677012711	4.90776899832e-05	0.000753693096171	4.90776899832e-05	1.75277464226e-05	7.01109856903e-06	0	8.41331828284e-05	3.50554928452e-06	0.00403839277576	0.000101660929251	1.05166478536e-05	5.25832392678e-05	7.01109856903e-06	0.000641515519067	0.00725999256824	0.00145480295307	0.00226107928851	1.05166478536e-05	0.000140221971381	0.00144428630522	0.00198764644432	7.01109856903e-05	0.000294466139899	0	0	1.05166478536e-05	7.36165349749e-05	0.00977347140523	0.00147934179807	0.0120030007502	0.00562991215093	0.00173524689584	0.000718637603326	1.75277464226e-05	0.000659043265489	0.000368082674874	0.000210332957071	0.000119188675674	1.05166478536e-05	3.50554928452e-06	0
0.000150738619234	0.000725648701895	0.000494282449117	0	0.0120696061866	3.85610421297e-05	0.00139170306595	0.00125498664386	0.0016300804173	0.00812586324151	0.0015389361359	0.000231366252778	0.00399983173363	8.76387321129e-05	0.00222602379567	0.000417160364858	0.0081048299458	0.000269927294908	3.85610421297e-05	0.00010867202782	0.00544762358814	0.00235222356991	0.00475001928052	0.00202270193717	0.0480014863529	0.000143727520665	0.00051181019554	0.00157048607946	0.0133210872812	0.00558784555952	0.00303230013111	1.40221971381e-05	0.000140221971381	0.00284300046974	0.00442400319706	0.000157749717803	7.01109856903e-05	4.90776899832e-05	0	0.000995575996803	0	0.000269927294908	0.0017212246987	0.000304982787753	0.00584725620658	0.00159502492446	1.40221971381e-05	0.000834320729715	0	0.000248893999201	5.25832392678e-05	0.000389115970581	2.10332957071e-05	0	0	0.000602954476937	8.06276335439e-05	0.00138469196738	9.81553799665e-05	0.00755796425742	1.05166478536e-05	4.20665914142e-05	0.000112177577105	0.00487621905476	0.000262916196339	0.000119188675674	0	0	2.10332957071e-05	5.60887885523e-05	0.00156347498089	0.000199816309217	0.00244336785131	0.000841331828284	0.000848342926853	6.30998871213e-05	1.40221971381e-05	0.000427677012711	7.71220842594e-05	0.000206827407787	5.60887885523e-05	7.01109856903e-05	1.40221971381e-05	1.05166478536e-05
3.50554928452e-06	0.0018789744165	3.85610421297e-05	0	0	3.50554928452e-06	1.05166478536e-05	1.05166478536e-05	2.10332957071e-05	0.000297971689184	3.50554928452e-06	0.00079926523687	2.10332957071e-05	0.00772623062308	7.01109856903e-05	3.50554928452e-06	5.95943378368e-05	6.66054364058e-05	0.00021734405564	0.000427677012711	2.10332957071e-05	3.15499435607e-05	0.000578415631945	4.90776899832e-05	0.000143727520665	0.0158415772167	0.00266071190695	0.00879892870414	2.80443942761e-05	0.000168266365657	3.85610421297e-05	0.000574910082661	2.45388449916e-05	2.10332957071e-05	0.00043468811128	0	0.00213137396499	2.10332957071e-05	0	0	0	0	7.01109856903e-06	0	1.40221971381e-05	0	0.00182288562795	0	0.00079926523687	7.01109856903e-06	0	4.20665914142e-05	8.41331828284e-05	0.000252399548485	0.000767715293309	0	3.50554928452e-06	8.41331828284e-05	3.85610421297e-05	2.45388449916e-05	0.0021734405564	0.00360721021377	0.00220499049996	1.75277464226e-05	7.01109856903e-06	0	0.000115683126389	0	0	5.25832392678e-05	0.000164760816372	0.000413654815573	7.36165349749e-05	2.80443942761e-05	1.05166478536e-05	0	0.000140221971381	3.85610421297e-05	0.00154945278376	0.000136716422096	1.40221971381e-05	0	0	0.000115683126389
0.00115683126389	0.00671312687985	0.0157995106253	0	8.76387321129e-05	3.50554928452e-06	0.000308488337038	0.0036913433966	0.00120941450316	0.00021734405564	0.000210332957071	0.00661497149988	0.000567898984092	0.00461330285842	0.00315499435607	4.90776899832e-05	0.000259410647054	0.0210648456507	0.00475703037909	0.0156172220625	0.000536349040531	0.00295517804685	0.000438193660565	0.0104430313186	0.00051181019554	0.00266071190695	0.0935280549109	0.0286788986966	0.00107269808106	0.00385259866368	0.00518120184252	0.00168616920585	0.000241882900632	0.000592437829083	0.0110284580491	2.10332957071e-05	0.00713729834328	0.00125498664386	0	7.01109856903e-06	0	2.45388449916e-05	0.000136716422096	4.55721406987e-05	0.000175277464226	3.85610421297e-05	0.00116384236246	3.50554928452e-06	0.000276938393477	4.55721406987e-05	3.50554928452e-06	0.00032601608346	0.00169668585371	0.000410149266289	0.00221550714781	0	0.000150738619234	0.000708120955473	0.000697604307619	0.000269927294908	0.000771220842594	0.00728453141323	0.010965358162	0.000280443942761	4.55721406987e-05	5.60887885523e-05	6.30998871213e-05	3.50554928452e-06	3.50554928452e-06	0.000276938393477	0.00699357082261	0.00408396491646	0.00427326457783	0.00151089174163	0.000164760816372	7.01109856903e-05	2.80443942761e-05	0.000504799096971	0.0039402373958	0.000462732505556	8.76387321129e-05	1.05166478536e-05	7.01109856903e-06	2.80443942761e-05
0.000192805210648	0.0139415695045	0.0172473024798	0	4.20665914142e-05	0	7.36165349749e-05	0.000574910082661	0.000224355154209	0.00115332571461	4.55721406987e-05	0.00121292005244	0.00010867202782	0.00787346369303	0.000595943378368	3.15499435607e-05	0.00212085731713	0.0082871185086	0.000687087659765	0.00342842720026	0.000129705323527	0.00283248382189	0.00587179505157	0.0167354922843	0.00157048607946	0.00879892870414	0.0286788986966	0.102800232768	0.000711626504757	0.00107620363035	0.00141273636166	0.00106919253178	6.66054364058e-05	0.000280443942761	0.00641164964138	2.10332957071e-05	0.00977697695452	0.0014267585588	0	1.75277464226e-05	0	1.75277464226e-05	0.000185794112079	3.50554928452e-05	0.000241882900632	2.45388449916e-05	0.0012900421367	1.40221971381e-05	0.000410149266289	5.60887885523e-05	3.50554928452e-06	0.00457123626701	0.0011988978553	0.000438193660565	0.00207528517643	3.50554928452e-06	0.000809781884724	0.00863066233848	0.00336182176385	0.000708120955473	0.0013356142774	0.00715132054042	0.0156768164004	0.000599448927652	3.15499435607e-05	0.000175277464226	8.41331828284e-05	0	7.01109856903e-06	0.000262916196339	0.00769117513023	0.00199465754289	0.00561939550308	0.00240480680918	0.000623987772644	0.000185794112079	2.10332957071e-05	0.000925465011113	0.00307436672252	0.000602954476937	0.00017878301351	1.40221971381e-05	1.05166478536e-05	5.25832392678e-05
0.000399632618435	0.000122694224958	0.00149686954449	0	0.00658342155632	2.45388449916e-05	0.00218045165497	0.0117856566945	0.00239429016133	0.00222251824638	0.00333728291886	0.000231366252778	0.00109022582748	5.95943378368e-05	0.00328119413031	0.000182288562795	0.00154244168519	0.000942992757535	7.71220842594e-05	0.000136716422096	0.00501994657543	0.00708120955473	0.000809781884724	0.00535647930674	0.0133210872812	2.80443942761e-05	0.00107269808106	0.000711626504757	0.0484747355063	0.0083992960857	0.00991369337662	1.75277464226e-05	0.000189299661364	0.00551773457383	0.00616976674075	0.000101660929251	2.45388449916e-05	2.10332957071e-05	0	0.00069059320905	0	0.00014723306995	0.00121292005244	0.000262916196339	0.00326366638389	0.00130055878456	2.45388449916e-05	0.000336532731314	0	0.000157749717803	1.75277464226e-05	0.000199816309217	1.40221971381e-05	3.50554928452e-06	1.75277464226e-05	0.000392621519866	2.45388449916e-05	0.000483765801263	8.76387321129e-05	0.00555629561596	0	2.80443942761e-05	4.90776899832e-05	0.00361422131234	0.00017878301351	4.90776899832e-05	0	0	1.75277464226e-05	5.60887885523e-05	0.0020156908386	0.000182288562795	0.0036457712559	0.00136716422096	0.000578415631945	9.4649830682e-05	1.05166478536e-05	0.000262916196339	5.95943378368e-05	0.000133210872812	3.85610421297e-05	7.01109856903e-05	1.40221971381e-05	3.50554928452e-06
0.00480260251979	0.000122694224958	0.00170019140299	0	0.0023557291192	0.000585426730514	0.00558434001024	0.00885852304198	0.00949302746247	0.00141624191095	0.00331624962315	0.00416459255001	0.00678323786554	0.000897420616836	0.0241777734153	0.00112528132033	0.000469743604125	0.0018789744165	0.000725648701895	0.000985059348949	0.00765962518667	0.00169668585371	0.000438193660565	0.00299373908898	0.00558784555952	0.000168266365657	0.00385259866368	0.00107620363035	0.0083992960857	0.0650174225799	0.0203146581038	0.000227860703494	0.00465887499912	0.0182498895752	0.0253731657213	9.11442813975e-05	8.06276335439e-05	2.45388449916e-05	0	0.000368082674874	0	8.06276335439e-05	0.00109022582748	0.000157749717803	0.00207528517643	0.000466238054841	4.55721406987e-05	0.000115683126389	1.75277464226e-05	0.000112177577105	2.45388449916e-05	0.000136716422096	2.10332957071e-05	7.01109856903e-06	3.50554928452e-05	0.000101660929251	3.50554928452e-05	0.000311993886322	9.4649830682e-05	0.00342492165097	1.75277464226e-05	0.000101660929251	0.000154244168519	0.00238727906276	9.11442813975e-05	2.80443942761e-05	0	0	1.40221971381e-05	5.25832392678e-05	0.00532843491247	0.000694098758334	0.0116769846667	0.00378248767799	0.000883398419698	0.000273432844192	0.000101660929251	0.000241882900632	0.000140221971381	0.000157749717803	9.4649830682e-05	6.66054364058e-05	4.55721406987e-05	3.50554928452e-06
0.00511459640611	0.000210332957071	0.00505149651899	0	0.000189299661364	1.75277464226e-05	0.000350554928452	0.0150773674727	0.00378599322728	0.00207177962715	0.000241882900632	0.000175277464226	0.000206827407787	7.01109856903e-05	0.0102607427558	5.60887885523e-05	0.00153543058662	0.00805575225582	8.76387321129e-05	0.000865870673276	0.000319004984891	0.0169353085935	0.00110424802462	0.0155541221754	0.00303230013111	3.85610421297e-05	0.00518120184252	0.00141273636166	0.00991369337662	0.0203146581038	0.0614522789576	1.05166478536e-05	0.000140221971381	0.0131212709719	0.0152140838948	0.000122694224958	0.000143727520665	5.95943378368e-05	0	0.000304982787753	0	6.30998871213e-05	0.00114631461604	0.000154244168519	0.00236274021776	0.000241882900632	2.45388449916e-05	7.01109856903e-05	0	0.000150738619234	3.15499435607e-05	0.000371588224159	2.80443942761e-05	3.50554928452e-06	3.15499435607e-05	5.95943378368e-05	0.000119188675674	0.00104465368679	0.000196310759933	0.00340739390455	7.01109856903e-06	0.000105166478536	0.000220849604925	0.00256255652698	0.00010867202782	0.00010867202782	0	0	1.75277464226e-05	5.60887885523e-05	0.0045046308306	0.000641515519067	0.00830464625502	0.00355813252379	0.000995575996803	0.000403138167719	2.10332957071e-05	0.000304982787753	8.76387321129e-05	0.000154244168519	4.90776899832e-05	5.60887885523e-05	2.80443942761e-05	7.01109856903e-06
0	5.60887885523e-05	1.05166478536e-05	0	0	0	2.45388449916e-05	0	3.15499435607e-05	7.01109856903e-06	1.05166478536e-05	0.000697604307619	3.15499435607e-05	0.00278340613191	0.000105166478536	0	3.50554928452e-06	1.05166478536e-05	6.30998871213e-05	5.25832392678e-05	2.80443942761e-05	7.01109856903e-06	1.40221971381e-05	2.45388449916e-05	1.40221971381e-05	0.000574910082661	0.00168616920585	0.00106919253178	1.75277464226e-05	0.000227860703494	1.05166478536e-05	0.00365628790375	3.85610421297e-05	1.05166478536e-05	0.000371588224159	0	3.85610421297e-05	0	0	0	0	0	0	3.50554928452e-06	0	0	0.000280443942761	0	9.11442813975e-05	3.50554928452e-06	0	3.50554928452e-06	3.50554928452e-06	5.25832392678e-05	8.41331828284e-05	0	3.50554928452e-06	3.50554928452e-06	1.05166478536e-05	7.01109856903e-06	0.000112177577105	0.000420665914142	0.000164760816372	3.50554928452e-06	0	0	1.40221971381e-05	3.50554928452e-06	0	7.01109856903e-06	0.000154244168519	0.000283949492046	8.41331828284e-05	4.90776899832e-05	0	0	3.50554928452e-06	1.75277464226e-05	0.000283949492046	1.75277464226e-05	7.01109856903e-06	0	3.50554928452e-06	1.40221971381e-05
