3184	7	341	0	6	0	19	1400	353	12	22	8	7	0	1649	2	14	292	1	35	16	149	10	450	43	1	330	55	114	1370	1459	0	4	223	212	2	8	1	0	5	0	0	12	1	21	5	0	1	0	3	1	6	0	0	1	2	0	12	2	38	1	2	10	29	3	0	0	0	0	1	63	9	111	56	17	7	1	3	2	1	0	3	0	0
7	5939	343	0	1	0	2	27	6	349	2	25	3	180	19	6	97	701	12	300	3	55	937	179	207	536	1915	3977	35	35	60	16	3	19	235	1	2524	258	0	2	0	4	12	4	17	2	39	2	13	2	0	105	174	16	110	0	33	481	189	36	50	442	2574	34	7	5	2	0	1	30	237	68	120	41	16	2	1	81	132	53	13	0	1	2
341	343	11673	0	7	0	32	1287	372	37	12	20	7	15	791	3	179	2581	12	192	9	1154	346	6103	141	11	4507	4920	427	485	1441	3	6	143	1303	10	279	112	0	1	0	4	32	7	59	6	5	2	0	10	2	572	68	3	24	1	101	1034	414	122	0	74	975	120	8	19	0	1	1	21	1252	217	1242	534	120	44	3	117	127	45	21	2	2	0
0	0	0	0	0	0	0	0	0	0	0	0	0	0	0	0	0	0	0	0	0	0	0	0	0	0	0	0	0	0	0	0	0	0	0	0	0	0	0	0	0	0	0	0	0	0	0	0	0	0	0	0	0	0	0	0	0	0	0	0	0	0	0	0	0	0	0	0	0	0	0	0	0	0	0	0	0	0	0	0	0	0	0	0
6	1	7	0	5984	5	343	111	246	182	587	22	1055	3	274	85	1	5	3	7	2596	9	4	17	3443	0	25	12	1878	672	54	0	26	250	377	2	0	1	0	143	0	38	26	14	281	178	1	161	0	6	7	3	0	0	0	130	0	3	2	325	0	0	0	174	5	0	0	0	0	1	79	7	236	63	102	0	2	4	2	5	0	2	1	0
0	0	0	0	5	590	82	2	54	6	6	4	12	3	62	45	0	1	0	1	9	0	0	0	11	1	1	0	7	167	5	0	418	9	185	0	0	0	0	0	0	1	0	0	1	1	0	0	0	0	0	0	0	0	0	0	0	0	0	1	0	0	0	1	0	0	0	0	0	0	23	0	58	17	168	58	3	0	0	1	1	1	1	0
19	2	32	0	343	82	8639	556	3041	46	2356	129	2318	21	1581	820	2	14	19	24	1722	35	5	56	397	3	88	21	622	1593	100	7	459	93	652	0	3	0	0	9	0	2	11	2	22	17	2	25	1	5	1	1	0	0	0	5	0	0	1	53	0	2	5	40	3	0	0	0	0	1	131	10	221	52	265	16	0	1	4	2	2	0	0	0
1400	27	1287	0	111	2	556	12662	1727	109	774	59	90	10	2787	34	51	1000	18	95	236	1598	29	2467	358	3	1053	164	3362	2527	4301	0	46	1372	1213	10	17	3	0	60	0	9	115	16	212	95	0	12	0	16	2	17	2	0	3	23	2	32	15	418	0	13	22	261	15	4	0	0	2	6	364	47	760	285	83	23	2	16	11	9	3	6	1	0
353	6	372	0	246	54	3041	1727	10279	43	1250	124	997	35	6226	325	14	185	23	38	1038	184	19	491	465	6	345	64	683	2708	1080	9	481	337	941	1	3	2	0	20	0	4	25	2	74	33	3	16	0	7	1	11	2	0	3	9	3	11	8	155	1	6	5	103	3	0	1	0	0	3	269	32	433	142	107	17	2	8	6	8	5	3	2	1
12	349	37	0	182	6	46	109	43	5407	18	11	262	28	90	243	345	41	2	13	79	147	1499	168	2318	85	62	329	634	404	591	2	7	376	410	44	14	7	0	198	1	43	296	44	1899	190	4	137	0	38	19	58	5	0	0	83	17	341	18	1594	1	8	17	901	52	26	0	0	2	10	312	18	211	96	612	11	0	92	16	35	9	17	1	0
22	2	12	0	587	6	2356	774	1250	18	6886	80	1533	12	697	58	0	12	12	17	3148	18	4	31	439	1	60	13	952	946	69	3	49	167	503	0	2	0	0	7	0	3	5	1	27	26	0	19	0	1	0	0	0	0	0	10	0	1	0	47	0	1	2	32	0	0	0	0	0	0	59	8	244	43	18	5	2	1	2	0	0	1	0	0
8	25	20	0	22	4	129	59	124	11	80	4853	236	1031	470	16	5	62	977	770	204	19	10	40	66	228	1887	346	66	1188	50	199	129	46	2018	1	15	2	0	2	0	1	10	2	10	3	59	2	24	1	0	6	1	7	30	0	2	5	3	20	15	88	44	19	0	1	5	0	0	0	215	278	215	42	7	0	10	3	97	7	2	0	0	0
7	3	7	0	1055	12	2318	90	997	262	1533	236	9247	33	1197	642	2	12	46	57	4423	11	9	22	1141	6	162	31	311	1935	59	9	107	141	1142	1	2	1	0	12	0	11	12	1	48	21	1	129	1	2	0	1	0	0	0	12	1	2	1	58	0	5	4	33	0	1	0	0	0	0	142	18	428	78	387	7	3	4	4	3	4	3	1	0
0	180	15	0	3	3	21	10	35	28	12	1031	33	6546	103	3	8	22	109	81	27	14	59	27	25	2204	1316	2246	17	256	20	794	41	21	512	1	96	8	0	0	0	36	20	25	3	12	618	2	279	15	1	10	14	88	159	0	5	19	8	15	285	731	298	28	6	3	44	1	0	36	153	400	214	176	2	1	70	43	660	145	152	31	52	26
1649	19	791	0	274	62	1581	2787	6226	90	697	470	1197	103	13765	316	34	504	84	129	1196	357	30	996	635	20	900	170	936	6897	2927	30	808	821	2349	3	10	5	0	36	0	6	64	9	136	54	5	19	2	11	2	13	1	2	6	14	6	19	14	274	3	17	21	185	13	1	0	0	1	6	561	81	940	309	130	37	3	20	17	11	7	6	3	2
2	6	3	0	85	45	820	34	325	243	58	16	642	3	316	2102	1	2	4	3	149	2	19	7	119	1	14	9	52	321	16	0	82	13	117	2	2	0	0	0	0	2	7	0	15	3	0	8	0	2	0	2	0	0	0	2	1	4	1	19	0	0	4	15	1	0	0	0	0	0	106	4	42	10	1044	25	0	5	1	0	1	0	0	0
14	97	179	0	1	0	2	51	14	345	0	5	2	8	34	1	5753	53	1	9	2	1459	1329	1459	2312	17	74	605	440	134	438	1	0	112	365	16	32	14	0	12	0	3	115	15	330	12	4	1	1	18	1	1287	12	0	4	2	84	961	159	1013	3	12	98	536	19	56	0	0	3	11	252	48	195	78	19	4	0	147	87	42	13	3	1	1
292	701	2581	0	5	1	14	1000	185	41	12	62	12	22	504	2	53	12426	48	2243	15	1560	115	5137	77	19	6009	2364	269	536	2298	3	5	151	2980	2	551	148	0	3	0	1	25	5	37	6	13	1	4	8	0	95	157	5	61	0	30	181	141	72	9	233	961	60	4	16	1	0	0	26	1315	280	1521	636	105	42	4	107	170	49	16	1	2	1
1	12	12	0	3	0	19	18	23	2	12	977	46	109	84	4	1	48	2122	575	40	11	5	18	11	62	1357	196	22	207	25	18	21	11	378	0	25	0	0	0	0	0	1	0	1	0	19	0	3	0	0	0	2	5	30	0	0	3	0	3	16	103	45	3	1	0	2	0	0	0	122	155	66	24	5	3	0	2	58	6	1	0	0	0
35	300	192	0	7	1	24	95	38	13	17	770	57	81	129	3	9	2243	575	6067	51	121	23	371	31	122	4455	978	39	281	247	15	15	32	1792	0	272	31	0	0	0	1	3	1	6	1	31	0	11	0	0	21	58	13	75	0	7	27	20	12	17	300	400	17	0	2	1	0	0	5	804	385	551	140	9	4	1	36	180	24	9	0	0	0
16	3	9	0	2596	9	1722	236	1038	79	3148	204	4423	27	1196	149	2	15	40	51	8933	13	7	29	1554	6	153	37	1432	2185	91	8	98	339	1301	2	2	1	0	43	0	13	19	5	129	96	1	101	0	4	3	1	0	0	0	46	1	3	1	185	0	5	4	105	1	1	0	0	0	1	130	20	616	119	86	9	2	3	4	4	3	2	1	0
149	55	1154	0	9	0	35	1598	184	147	18	19	11	14	357	2	1459	1560	11	121	13	14861	590	9913	671	9	843	808	2020	484	4831	2	5	315	2264	13	32	12	0	7	0	5	96	11	210	10	1	1	0	16	1	352	5	0	6	3	64	852	79	509	2	20	77	487	11	52	0	0	3	6	1086	174	1365	579	156	57	3	60	28	27	11	1	0	0
10	937	346	0	4	0	5	29	19	1499	4	10	9	59	30	19	1329	115	5	23	7	590	5832	1100	1355	165	125	1675	231	125	315	4	3	108	240	21	89	15	0	18	0	7	125	10	616	18	3	2	0	24	3	898	11	0	3	3	113	1998	252	776	2	21	451	633	19	61	0	0	1	7	190	27	121	52	50	6	0	69	45	21	9	7	1	0
450	179	6103	0	17	0	56	2467	491	168	31	40	22	27	996	7	1459	5137	18	371	29	9913	1100	24108	577	14	2979	4774	1528	854	4437	7	10	396	4220	22	118	46	0	8	0	6	122	14	215	14	5	2	0	24	1	1152	29	3	15	2	183	2071	415	645	3	40	412	567	20	84	0	0	3	21	2788	422	3424	1606	495	205	5	188	105	60	34	3	1	0
43	207	141	0	3443	11	397	358	465	2318	439	66	1141	25	635	119	2312	77	11	31	1554	671	1355	577	13693	41	146	448	3800	1594	865	4	40	811	1262	45	20	14	0	284	0	77	491	87	1668	455	4	238	0	71	15	111	6	0	0	172	23	395	28	2156	3	12	32	1391	75	34	0	0	6	16	446	57	697	240	242	18	4	122	22	59	16	20	4	3
1	536	11	0	0	1	3	3	6	85	1	228	6	2204	20	1	17	19	62	122	6	9	165	14	41	4519	759	2510	8	48	11	164	7	6	124	0	608	6	0	0	0	0	2	0	4	0	520	0	228	2	0	12	24	72	219	0	1	24	11	7	620	1029	629	5	2	0	33	0	0	15	47	118	21	8	3	0	40	11	442	39	4	0	0	33
330	1915	4507	0	25	1	88	1053	345	62	60	1887	162	1316	900	14	74	6009	1357	4455	153	843	125	2979	146	759	26680	8181	306	1099	1478	481	69	169	3146	6	2036	358	0	2	0	7	39	13	50	11	332	1	79	13	1	93	484	117	632	0	43	202	199	77	220	2078	3128	80	13	16	18	1	1	79	1995	1165	1219	431	47	20	8	144	1124	132	25	3	2	8
55	3977	4920	0	12	0	21	164	64	329	13	346	31	2246	170	9	605	2364	196	978	37	808	1675	4774	448	2510	8181	29325	203	307	403	305	19	80	1829	6	2789	407	0	5	0	5	53	10	69	7	368	4	117	16	1	1304	342	125	592	1	231	2462	959	202	381	2040	4472	171	9	50	24	0	2	75	2194	569	1603	686	178	53	6	264	877	172	51	4	3	15
114	35	427	0	1878	7	622	3362	683	634	952	66	311	17	936	52	440	269	22	39	1432	2020	231	1528	3800	8	306	203	13828	2396	2828	5	54	1574	1760	29	7	6	0	197	0	42	346	75	931	371	7	96	0	45	5	57	4	1	5	112	7	138	25	1585	0	8	14	1031	51	14	0	0	5	16	575	52	1040	390	165	27	3	75	17	38	11	20	4	1
1370	35	485	0	672	167	1593	2527	2708	404	946	1188	1935	256	6897	321	134	536	207	281	2185	484	125	854	1594	48	1099	307	2396	18547	5795	65	1329	5206	7238	26	23	7	0	105	0	23	311	45	592	133	13	33	5	32	7	39	6	2	10	29	10	89	27	977	5	29	44	681	26	8	0	0	4	15	1520	198	3331	1079	252	78	29	69	40	45	27	19	13	1
1459	60	1441	0	54	5	100	4301	1080	591	69	50	59	20	2927	16	438	2298	25	247	91	4831	315	4437	865	11	1478	403	2828	5795	17530	3	40	3743	4340	35	41	17	0	87	0	18	327	44	674	69	7	20	0	43	9	106	8	1	9	17	34	298	56	972	2	30	63	731	31	31	0	0	5	16	1285	183	2369	1015	284	115	6	87	25	44	14	16	8	2
0	16	3	0	0	0	7	0	9	2	3	199	9	794	30	0	1	3	18	15	8	2	4	7	4	164	481	305	5	65	3	1043	11	3	106	0	11	0	0	0	0	0	0	1	0	0	80	0	26	1	0	1	1	15	24	0	1	1	3	2	32	120	47	1	0	0	4	1	0	2	44	81	24	14	0	0	1	5	81	5	2	0	1	4
4	3	6	0	26	418	459	46	481	7	49	129	107	41	808	82	0	5	21	15	98	5	3	10	40	7	69	19	54	1329	40	11	2217	38	710	0	1	1	0	0	0	1	6	0	5	3	1	1	1	0	0	2	1	0	2	0	0	3	0	11	1	3	0	10	0	0	0	0	0	0	137	15	257	82	74	32	6	0	5	2	2	1	1	0
223	19	143	0	250	9	93	1372	337	376	167	46	141	21	821	13	112	151	11	32	339	315	108	396	811	6	169	80	1574	5206	3743	3	38	6458	3453	27	8	4	0	71	0	14	214	30	477	73	4	10	0	30	8	18	2	0	3	13	9	68	16	695	0	4	13	461	25	8	0	0	2	10	904	117	2175	906	212	67	14	53	11	31	10	7	7	2
212	235	1303	0	377	185	652	1213	941	410	503	2018	1142	512	2349	117	365	2980	378	1792	1301	2264	240	4220	1262	124	3146	1829	1760	7238	4340	106	710	3453	19516	29	164	25	0	69	0	19	269	36	501	68	32	18	10	35	4	122	41	6	43	14	60	233	128	769	10	129	294	573	33	29	1	0	2	24	4619	689	9195	3840	903	387	44	207	157	90	71	20	17	2
2	1	10	0	2	0	0	10	1	44	0	1	1	1	3	2	16	2	0	0	2	13	21	22	45	0	6	6	29	26	35	0	0	27	29	4909	8	62	0	37	2	74	3057	488	103	543	46	29	0	2201	4	27	152	8	65	58	203	44	398	483	0	56	40	827	2075	719	1	0	42	191	13	1	21	5	0	0	0	203	47	240	33	35	18	2
8	2524	279	0	0	0	3	17	3	14	2	15	2	96	10	2	32	551	25	272	2	32	89	118	20	608	2036	2789	7	23	41	11	1	8	164	8	7482	201	0	59	0	4	34	10	601	6	173	7	126	11	4	342	275	53	334	1	48	1912	245	728	829	1055	5018	144	12	16	5	0	1	75	156	59	82	19	1	0	0	141	268	118	21	3	0	23
1	258	112	0	1	0	0	3	2	7	0	2	1	8	5	0	14	148	0	31	1	12	15	46	14	6	358	407	6	7	17	0	1	4	25	62	201	6566	0	0	0	26	445	88	10	24	41	1	2	100	1	126	777	18	184	1	450	121	2632	51	7	1472	2326	567	25	62	0	0	1	60	48	16	21	10	3	0	1	417	402	211	69	9	4	1
0	0	0	0	0	0	0	0	0	0	0	0	0	0	0	0	0	0	0	0	0	0	0	0	0	0	0	0	0	0	0	0	0	0	0	0	0	0	0	0	0	0	0	0	0	0	0	0	0	0	0	0	0	0	0	0	0	0	0	0	0	0	0	0	0	0	0	0	0	0	0	0	0	0	0	0	0	0	0	0	0	0	0	0
5	2	1	0	143	0	9	60	20	198	7	2	12	0	36	0	12	3	0	0	43	7	18	8	284	0	2	5	197	105	87	0	0	71	69	37	59	0	0	3889	3	133	164	102	673	1547	4	309	1	75	34	22	3	2	3	1388	9	123	9	1780	2	6	29	1311	86	5	0	0	7	11	27	3	42	19	12	1	1	53	2	43	8	27	6	1
0	0	0	0	0	0	0	0	0	1	0	0	0	0	0	0	0	0	0	0	0	0	0	0	0	0	0	0	0	0	0	0	0	0	0	2	0	0	0	3	573	368	3	65	38	7	8	31	0	6	305	1	0	2	4	4	0	2	2	17	0	2	0	6	2	1	0	2	0	2	0	0	0	0	0	0	0	4	1	11	4	77	56	0
0	4	4	0	38	1	2	9	4	43	3	1	11	36	6	2	3	1	0	1	13	5	7	6	77	0	7	5	42	23	18	0	1	14	19	74	4	26	0	133	368	11427	1256	5228	250	4043	192	2723	4	609	716	13	17	33	90	982	32	12	59	300	4	53	25	537	383	35	1	37	7	236	16	9	27	25	7	0	6	426	79	741	197	1159	583	11
12	12	32	0	26	0	11	115	25	296	5	10	12	20	64	7	115	25	1	3	19	96	125	122	491	2	39	53	346	311	327	0	6	214	269	3057	34	445	0	164	3	1256	21599	3810	602	3998	105	137	2	4972	40	164	439	29	174	154	1613	205	1859	2232	1	183	247	7886	1694	2916	3	0	141	517	116	15	160	65	17	3	3	1387	284	886	279	238	67	4
1	4	7	0	14	0	2	16	2	44	1	2	1	25	9	0	15	5	0	1	5	11	10	14	87	0	13	10	75	45	44	1	0	30	36	488	10	88	0	102	65	5228	3810	12267	135	3868	327	829	5	2975	225	32	90	42	174	487	211	22	331	531	4	105	76	1152	603	213	2	69	12	309	24	14	31	27	3	2	1	552	113	1052	207	932	336	21
21	17	59	0	281	1	22	212	74	1899	27	10	48	3	136	15	330	37	1	6	129	210	616	215	1668	4	50	69	931	592	674	0	5	477	501	103	601	10	0	673	38	250	602	135	7273	505	24	911	10	98	370	153	18	4	19	313	33	1614	57	5466	54	46	331	2104	124	52	0	0	10	35	193	15	276	118	80	5	2	202	51	85	24	50	11	2
5	2	6	0	178	1	17	95	33	190	26	3	21	12	54	3	12	6	0	1	96	10	18	14	455	0	11	7	371	133	69	0	3	73	68	543	6	24	0	1547	7	4043	3998	3868	505	16140	113	2260	4	1621	56	28	27	21	92	2975	62	18	81	1576	1	48	34	3181	1206	56	1	0	59	178	23	3	47	16	8	2	2	677	99	694	100	323	73	3
0	39	5	0	1	0	2	0	3	4	0	59	1	618	5	0	4	13	19	31	1	1	3	5	4	520	332	368	7	13	7	80	1	4	32	46	173	41	0	4	8	192	105	327	24	113	9470	40	1738	204	13	21	289	1327	2166	29	29	33	84	55	593	1587	482	64	172	20	125	69	0	1368	22	64	9	6	0	0	3	408	1813	2783	115	39	44	548
1	2	2	0	161	0	25	12	16	137	19	2	129	2	19	8	1	1	0	0	101	1	2	2	238	0	1	4	96	33	20	0	1	10	18	29	7	1	0	309	31	2723	137	829	911	2260	40	7070	0	189	409	5	7	8	28	2596	5	18	11	588	2	12	8	197	209	5	0	1	2	47	13	1	9	5	22	0	0	110	25	212	34	129	45	3
0	13	0	0	0	0	1	0	0	0	0	24	1	279	2	0	1	4	3	11	0	0	0	0	0	228	79	117	0	5	0	26	1	0	10	0	126	2	0	1	0	4	2	5	10	4	1738	0	3239	3	0	7	7	25	54	0	0	29	4	14	669	723	563	3	2	0	123	1	0	146	3	31	1	0	0	0	2	21	511	225	5	1	2	341
3	2	10	0	6	0	5	16	7	38	1	1	2	15	11	2	18	8	0	0	4	16	24	24	71	2	13	16	45	32	43	1	0	30	35	2201	11	100	0	75	6	609	4972	2975	98	1621	204	189	3	10062	28	35	194	36	179	207	339	46	578	557	4	107	77	1204	2861	444	2	12	63	310	18	6	27	10	1	0	0	344	115	709	81	192	82	8
1	0	2	0	7	0	1	2	1	19	0	0	0	1	2	0	1	0	0	0	3	1	3	1	15	0	1	1	5	7	9	0	0	8	4	4	4	1	0	34	305	716	40	225	370	56	13	409	0	28	1520	4	1	3	6	42	4	16	6	190	0	4	5	52	13	6	0	1	0	8	2	2	3	2	1	1	1	75	3	42	7	268	26	1
6	105	572	0	3	0	1	17	11	58	0	6	1	10	13	2	1287	95	0	21	1	352	898	1152	111	12	93	1304	57	39	106	1	2	18	122	27	342	126	0	22	1	13	164	32	153	28	21	5	7	35	4	9925	102	3	40	5	683	4526	1993	3297	19	76	2515	1571	24	224	0	0	1	58	141	103	129	66	20	6	1	1461	923	303	138	26	7	1
0	174	68	0	0	0	0	2	2	5	0	1	0	14	1	0	12	157	2	58	0	5	11	29	6	24	484	342	4	6	8	1	1	2	41	152	275	777	0	3	0	17	439	90	18	27	289	7	7	194	1	102	6969	98	1996	3	343	96	1576	85	14	1277	1567	193	91	169	2	1	2	1122	62	27	23	9	1	0	0	716	1151	838	163	22	4	1
0	16	3	0	0	0	0	0	0	0	0	7	0	88	2	0	0	5	5	13	0	0	0	3	0	72	117	125	1	2	1	15	0	0	6	8	53	18	0	2	2	33	29	42	4	21	1327	8	25	36	3	3	98	1969	928	9	8	6	28	12	47	530	161	21	38	8	6	1	0	115	5	1	2	2	0	0	1	96	255	364	34	4	9	4
1	110	24	0	0	0	0	3	3	0	0	30	0	159	6	0	4	61	30	75	0	6	3	15	0	219	632	592	5	10	9	24	2	3	43	65	334	184	0	3	4	90	174	174	19	92	2166	28	54	179	6	40	1996	928	7793	24	93	58	346	60	151	2083	1131	86	161	62	7	3	1	812	53	21	20	12	2	0	0	847	1496	1746	201	25	16	13
2	0	1	0	130	0	5	23	9	83	10	0	12	0	14	2	2	0	0	0	46	3	3	2	172	0	0	1	112	29	17	0	0	13	14	58	1	1	0	1388	4	982	154	487	313	2975	29	2596	0	207	42	5	3	9	24	5933	5	7	6	422	1	7	5	579	268	5	0	0	11	38	6	0	12	6	10	1	0	116	21	158	21	83	31	1
0	33	101	0	0	0	0	2	3	17	0	2	1	5	6	1	84	30	0	7	1	64	113	183	23	1	43	231	7	10	34	1	0	9	60	203	48	450	0	9	0	32	1613	211	33	62	29	5	0	339	4	683	343	8	93	5	11521	462	5592	206	0	138	558	2369	100	3434	0	0	13	767	80	15	77	54	18	1	0	1241	582	954	304	29	14	2
12	481	1034	0	3	0	0	32	11	341	1	5	2	19	19	4	961	181	3	27	3	852	1998	2071	395	24	202	2462	138	89	298	1	3	68	233	44	1912	121	0	123	2	12	205	22	1614	18	33	18	29	46	16	4526	96	6	58	7	462	10000	1188	3145	135	148	2889	1406	46	194	0	0	8	63	181	163	152	63	20	8	0	370	271	126	37	17	4	0
2	189	414	0	2	0	1	15	8	18	0	3	1	8	14	1	159	141	0	20	1	79	252	415	28	11	199	959	25	27	56	3	0	16	128	398	245	2632	0	9	2	59	1859	331	57	81	84	11	4	578	6	1993	1576	28	346	6	5592	1188	16852	522	6	466	2990	2007	169	989	1	0	16	1177	191	51	135	79	26	2	0	2585	1593	1299	431	61	21	0
38	36	122	0	325	1	53	418	155	1594	47	20	58	15	274	19	1013	72	3	12	185	509	776	645	2156	7	77	202	1585	977	972	2	11	695	769	483	728	51	0	1780	17	300	2232	531	5466	1576	55	588	14	557	190	3297	85	12	60	422	206	3145	522	18786	52	69	686	8478	558	212	2	0	42	146	298	62	481	202	85	16	3	1212	358	455	107	181	42	7
1	50	0	0	0	0	0	0	1	1	0	15	0	285	3	0	3	9	16	17	0	2	2	3	3	620	220	381	0	5	2	32	1	0	10	0	829	7	0	2	0	4	1	4	54	1	593	2	669	4	0	19	14	47	151	1	0	135	6	52	2325	615	801	6	3	1	22	0	0	67	3	19	1	0	0	0	10	11	209	76	2	1	2	186
2	442	74	0	0	0	2	13	6	8	1	88	5	731	17	0	12	233	103	300	5	20	21	40	12	1029	2078	2040	8	29	30	120	3	4	129	56	1055	1472	0	6	2	53	183	105	46	48	1587	12	723	107	4	76	1277	530	2083	7	138	148	466	69	615	14177	4132	136	60	35	243	1	1	257	84	68	34	15	3	1	1	616	2120	906	129	8	10	51
10	2574	975	0	0	0	5	22	5	17	2	44	4	298	21	4	98	961	45	400	4	77	451	412	32	629	3128	4472	14	44	63	47	0	13	294	40	5018	2326	0	29	0	25	247	76	331	34	482	8	563	77	5	2515	1567	161	1131	5	558	2889	2990	686	801	4132	23482	546	40	87	39	2	3	337	325	131	180	73	17	3	2	1715	2046	857	220	18	10	26
29	34	120	0	174	1	40	261	103	901	32	19	33	28	185	15	536	60	3	17	105	487	633	567	1391	5	80	171	1031	681	731	1	10	461	573	827	144	567	0	1311	6	537	7886	1152	2104	3181	64	197	3	1204	52	1571	193	21	86	579	2369	1406	2007	8478	6	136	546	22323	859	1701	1	0	84	261	246	53	331	141	58	7	4	2021	618	889	294	232	54	7
3	7	8	0	5	0	3	15	3	52	0	0	0	6	13	1	19	4	1	0	1	11	19	20	75	2	13	9	51	26	31	0	0	25	33	2075	12	25	0	86	2	383	1694	603	124	1206	172	209	2	2861	13	24	91	38	161	268	100	46	169	558	3	60	40	859	7086	347	2	3	536	514	14	4	18	8	2	2	0	335	112	654	59	149	38	6
0	5	19	0	0	0	0	4	0	26	0	1	1	3	1	0	56	16	0	2	1	52	61	84	34	0	16	50	14	8	31	0	0	8	29	719	16	62	0	5	1	35	2916	213	52	56	20	5	0	444	6	224	169	8	62	5	3434	194	989	212	1	35	87	1701	347	8313	0	0	35	679	29	9	25	19	4	2	0	546	198	553	147	17	7	2
0	2	0	0	0	0	0	0	1	0	0	5	0	44	0	0	0	1	2	1	0	0	0	0	0	33	18	24	0	0	0	4	0	0	1	1	5	0	0	0	0	1	3	2	0	1	125	0	123	2	0	0	2	6	7	0	0	0	1	2	22	243	39	1	2	0	311	0	0	8	1	1	0	0	0	0	0	2	78	26	1	0	0	3
0	0	1	0	0	0	0	0	0	0	0	0	0	1	0	0	0	0	0	0	0	0	0	0	0	0	1	0	0	0	0	1	0	0	0	0	0	0	0	0	2	37	0	69	0	0	69	1	1	12	1	0	1	1	3	0	0	0	0	0	0	1	2	0	3	0	0	139	0	18	0	0	0	0	0	0	0	2	5	9	2	5	8	0
0	1	1	0	0	0	0	2	0	2	0	0	0	0	1	0	3	0	0	0	0	3	1	3	6	0	1	2	5	4	5	0	0	2	2	42	1	1	0	7	0	7	141	12	10	59	0	2	0	63	0	1	2	0	1	11	13	8	16	42	0	1	3	84	536	35	0	0	772	215	4	0	0	0	0	0	0	32	12	12	4	2	1	0
1	30	21	0	1	0	1	6	3	10	0	0	0	36	6	0	11	26	0	5	1	6	7	21	16	15	79	75	16	15	16	2	0	10	24	191	75	60	0	11	2	236	517	309	35	178	1368	47	146	310	8	58	1122	115	812	38	767	63	1177	146	67	257	337	261	514	679	8	18	215	5444	23	16	24	19	5	1	6	424	453	2102	197	50	102	168
63	237	1252	0	79	23	131	364	269	312	59	215	142	153	561	106	252	1315	122	804	130	1086	190	2788	446	47	1995	2194	575	1520	1285	44	137	904	4619	13	156	48	0	27	0	16	116	24	193	23	22	13	3	18	2	141	62	5	53	6	80	181	191	298	3	84	325	246	14	29	1	0	4	23	12564	2053	4208	1311	383	44	25	637	284	93	78	19	17	0
9	68	217	0	7	0	10	47	32	18	8	278	18	400	81	4	48	280	155	385	20	174	27	422	57	118	1165	569	52	198	183	81	15	117	689	1	59	16	0	3	0	9	15	14	15	3	64	1	31	6	2	103	27	1	21	0	15	163	51	62	19	68	131	53	4	9	1	0	0	16	2053	3845	667	431	16	4	51	38	124	33	41	9	16	9
111	120	1242	0	236	58	221	760	433	211	244	215	428	214	940	42	195	1521	66	551	616	1365	121	3424	697	21	1219	1603	1040	3331	2369	24	257	2175	9195	21	82	21	0	42	0	27	160	31	276	47	9	9	1	27	3	129	23	2	20	12	77	152	135	481	1	34	180	331	18	25	0	0	0	24	4208	667	12290	5165	1133	471	98	306	114	119	141	23	36	1
56	41	534	0	63	17	52	285	142	96	43	42	78	176	309	10	78	636	24	140	119	579	52	1606	240	8	431	686	390	1079	1015	14	82	906	3840	5	19	10	0	19	0	25	65	27	118	16	6	5	0	10	2	66	9	2	12	6	54	63	79	202	0	15	73	141	8	19	0	0	0	19	1311	431	5165	5323	1027	443	72	189	60	97	129	22	34	1
17	16	120	0	102	168	265	83	107	612	18	7	387	2	130	1044	19	105	5	9	86	156	50	495	242	3	47	178	165	252	284	0	74	212	903	0	1	3	0	12	0	7	17	3	80	8	0	22	0	1	1	20	1	0	2	10	18	20	26	85	0	3	17	58	2	4	0	0	0	5	383	16	1133	1027	3120	312	0	46	16	14	15	3	1	0
7	2	44	0	0	58	16	23	17	11	5	0	7	1	37	25	4	42	3	4	9	57	6	205	18	0	20	53	27	78	115	0	32	67	387	0	0	0	0	1	0	0	3	2	5	2	0	0	0	0	1	6	0	0	0	1	1	8	2	16	0	1	3	7	2	2	0	0	0	1	44	4	471	443	312	598	0	3	3	1	1	1	0	0
1	1	3	0	2	3	0	2	2	0	2	10	3	70	3	0	0	4	0	1	2	3	0	5	4	40	8	6	3	29	6	1	6	14	44	0	0	1	0	1	0	6	3	1	2	2	3	0	2	0	1	1	0	1	0	0	0	0	0	3	10	1	2	4	0	0	0	0	0	6	25	51	98	72	0	0	230	5	6	8	12	5	9	1
3	81	117	0	4	0	1	16	8	92	1	3	4	43	20	5	147	107	2	36	3	60	69	188	122	11	144	264	75	69	87	5	0	53	207	203	141	417	0	53	4	426	1387	552	202	677	408	110	21	344	75	1461	716	96	847	116	1241	370	2585	1212	11	616	1715	2021	335	546	2	2	32	424	637	38	306	189	46	3	5	14112	5086	1754	1023	1165	162	28
2	132	127	0	2	0	4	11	6	16	2	97	4	660	17	1	87	170	58	180	4	28	45	105	22	442	1124	877	17	40	25	81	5	11	157	47	268	402	0	2	1	79	284	113	51	99	1813	25	511	115	3	923	1151	255	1496	21	582	271	1593	358	209	2120	2046	618	112	198	78	5	12	453	284	124	114	60	16	3	6	5086	11841	1613	582	54	45	147
1	53	45	0	5	1	2	9	8	35	0	7	3	145	11	0	42	49	6	24	4	27	21	60	59	39	132	172	38	45	44	5	2	31	90	240	118	211	0	43	11	741	886	1052	85	694	2783	212	225	709	42	303	838	364	1746	158	954	126	1299	455	76	906	857	889	654	553	26	9	12	2102	93	33	119	97	14	1	8	1754	1613	11469	1675	292	460	267
0	13	21	0	0	1	2	3	5	9	0	2	4	152	7	1	13	16	1	9	3	11	9	34	16	4	25	51	11	27	14	2	2	10	71	33	21	69	0	8	4	197	279	207	24	100	115	34	5	81	7	138	163	34	201	21	304	37	431	107	2	129	220	294	59	147	1	2	4	197	78	41	141	129	15	1	12	1023	582	1675	3029	168	311	37
3	0	2	0	2	1	0	6	3	17	1	0	3	31	6	0	3	1	0	0	2	1	7	3	20	0	3	4	20	19	16	0	1	7	20	35	3	9	0	27	77	1159	238	932	50	323	39	129	1	192	268	26	22	4	25	83	29	17	61	181	1	8	18	232	149	17	0	5	2	50	19	9	23	22	3	1	5	1165	54	292	168	2836	391	6
0	1	2	0	1	1	0	1	2	1	0	0	1	52	3	0	1	2	0	0	1	0	1	1	4	0	2	3	4	13	8	1	1	7	17	18	0	4	0	6	56	583	67	336	11	73	44	45	2	82	26	7	4	9	16	31	14	4	21	42	2	10	10	54	38	7	0	8	1	102	17	16	36	34	1	0	9	162	45	460	311	391	1119	20
0	2	0	0	0	0	0	0	1	0	0	0	0	26	2	0	1	1	0	0	0	0	0	0	3	33	8	15	1	1	2	4	0	2	2	2	23	1	0	1	0	11	4	21	2	3	548	3	341	8	1	1	1	4	13	1	2	0	0	7	186	51	26	7	6	2	3	0	0	168	0	9	1	1	0	0	1	28	147	267	37	6	20	772
