0.011255015931	0	0.000223300582581	0	0	0	0	0.00228633133807	0.000193304981936	4.33269787098e-05	0.000323285918065	4.66598232259e-05	0	6.66568903228e-06	0.00441268613937	0	0	0.000576582101292	0	0.000119982402581	0	0.00029329031742	0	0.000633240458066	0.000556585034195	0	0.000269960405807	0.000106651024516	0.00266627561291	0.00827878577809	0.0083221127568	0	0	0.000136646625162	0.00194971404194	0	0	0	0	0	0	9.99853354841e-06	0	9.99853354841e-06	4.66598232259e-05	0	0	0	0	0	0	0.000266627561291	0	0	0	0	1.66642225807e-05	0.000316620229033	2.99956006452e-05	7.3322579355e-05	0	0	0	0.000113316713549	0	0	0	0	0	0	0.000186639292904	5.66583567743e-05	0.0022296729813	0.00104984602258	3.33284451614e-06	0	3.33284451614e-06	9.99853354841e-05	0	0	0	5.33255122582e-05	0	0
0	0.0296789804162	0.0036961245684	0	0	0	0	9.99853354841e-06	0	0.00268293983549	1.33313780646e-05	0	0	0.000599912012905	0	3.33284451614e-06	0.00269960405807	0.000466598232259	0	0.000503259521937	9.99853354841e-06	0.000106651024516	0.00792550425938	0.000746557171615	0.00382943834904	0.00315620375678	0.00837210542454	0.0227133353775	0.000313287384517	1.33313780646e-05	1.33313780646e-05	1.66642225807e-05	0	0	0.000199970670968	0	0.0118182666542	4.33269787098e-05	0	9.99853354841e-06	0	2.3329911613e-05	0.000143312314194	3.33284451614e-06	6.33240458066e-05	3.33284451614e-06	3.33284451614e-06	6.66568903228e-06	9.99853354841e-05	0	0	0.000666568903228	0.000766554238712	1.33313780646e-05	0.000609910546453	2.66627561291e-05	0	0.00289957472904	0.000449934009679	9.33196464519e-05	0.000556585034195	0.00333951020517	0.00878537814454	6.66568903228e-06	0	1.33313780646e-05	0	0	0	9.99853354841e-06	0.0029329031742	0.00138646331871	0.00010331818	4.33269787098e-05	6.99897348389e-05	0	0	0.000309954540001	5.66583567743e-05	3.66612896775e-05	2.3329911613e-05	4.33269787098e-05	3.33284451614e-06	6.66568903228e-06
0.000223300582581	0.0036961245684	0.0567583421098	0	0	0	7.3322579355e-05	0.00603244857421	0.000676567436776	6.66568903228e-06	0.000509925210969	0.000126648091613	8.99868019357e-05	0	0.00241297942968	0	0.00010331818	0.0065257095626	1.66642225807e-05	0.000309954540001	7.3322579355e-05	0.00308954686646	0.0014864486542	0.023239924811	4.99926677421e-05	6.66568903228e-06	0.0142312460839	0.0310821079575	0.00700563917292	0.00258295450001	0.00687899108131	0	9.99853354841e-06	0.00121982109291	0.00234298969484	0	0.00416605564517	0.0018997213742	0	9.99853354841e-06	0	4.33269787098e-05	0.00010331818	2.99956006452e-05	1.66642225807e-05	6.33240458066e-05	0	2.66627561291e-05	0	2.66627561291e-05	3.33284451614e-06	0.00160309821226	0.000446601165162	1.66642225807e-05	1.99970670968e-05	4.66598232259e-05	2.99956006452e-05	0.00568916558905	0.00403274186453	9.33196464519e-05	0	0.000783218461292	0.00775886203357	0.000169975070323	6.66568903228e-06	1.33313780646e-05	0	0	0	4.33269787098e-05	0.00684232979163	0.00132980496194	0.00291957179614	0.00226633427097	3.33284451614e-06	0	0	0.00199637386517	0.000496593832905	0.000119982402581	4.99926677421e-05	7.3322579355e-05	3.33284451614e-06	0
0	0	0	0	0	0	0	0	0	0	0	0	0	0	0	0	0	0	0	0	0	0	0	0	0	0	0	0	0	0	0	0	0	0	0	0	0	0	0	0	0	0	0	0	0	0	0	0	0	0	0	0	0	0	0	0	0	0	0	0	0	0	0	0	0	0	0	0	0	0	0	0	0	0	0	0	0	0	0	0	0	0	0	0
0	0	0	0	0.0174741037981	0.000116649558065	6.66568903228e-06	2.99956006452e-05	0	0.00318619935743	0.00100651904387	0.000106651024516	0.00668235325486	9.99853354841e-06	0.000159976536775	0.000256629027743	0	0	2.3329911613e-05	3.99941341937e-05	0.0111150364613	0	0	0	0.0066090306755	0	3.66612896775e-05	0	0.00612576822066	0.000476596765808	0	2.66627561291e-05	2.99956006452e-05	0	0.000579914945808	0	0	0	0	0.0022096759142	0	0.000489928143872	0	0.00014664515871	0.000743224327099	0.00115316420258	2.99956006452e-05	0.000613243390969	0	0.000126648091613	1.33313780646e-05	0	3.33284451614e-06	3.66612896775e-05	2.66627561291e-05	0.00114983135807	0	0	3.33284451614e-06	0.000783218461292	0	1.33313780646e-05	6.66568903228e-06	0.00232299262775	0.000133313780646	0	0	0	0	0.000186639292904	0.000356614363227	1.66642225807e-05	0.000403274186453	0.00014664515871	0.00124648384904	1.33313780646e-05	0	2.66627561291e-05	9.99853354841e-06	0.000196637826452	3.33284451614e-06	6.66568903228e-05	3.33284451614e-06	0
0	0	0	0	0.000116649558065	0.00686565970324	0.00116982842516	6.66568903228e-06	0.000393275652904	0.000413272720001	9.99853354841e-06	0	0.00062990761355	0	2.99956006452e-05	0.00126314807162	0	0	0	0	0.000169975070323	3.33284451614e-06	0	9.99853354841e-06	0.00062990761355	0	0	0	0.000136646625162	0.000803215528389	0	0	0.0021896788471	0	0.00073322579355	0	0	0	0	2.66627561291e-05	0	0	0	0	3.66612896775e-05	9.99853354841e-06	0	0	0	0	0	0	0	0	0	3.33284451614e-06	0	0	0	3.66612896775e-05	0	0	0	3.33284451614e-05	0	0	0	0	0	0	0.00171641492581	1.66642225807e-05	0.000506592366453	2.3329911613e-05	0.0028295849942	0.00162642812388	0	0	0	0	0	0	0	0
0	0	7.3322579355e-05	0	6.66568903228e-06	0.00116982842516	0.0314587193878	0.00250963192065	0.0113250056658	6.66568903228e-06	0.0105784484942	0.000939862153551	0.0102551625762	0	0.00298956153098	0.00159309967871	0	3.33284451614e-06	0.000403274186453	0.000113316713549	0.0022296729813	0	0	0.000109983869033	2.3329911613e-05	0	0.000363280052259	1.66642225807e-05	0.000693231659357	0.00811214355228	9.99853354841e-05	2.99956006452e-05	0.00141312607484	2.66627561291e-05	0.00218634600259	0	3.33284451614e-06	0	0	0	0	0	0	0	0	0	0	0	0	0	0	0	0	0	0	0	0	3.33284451614e-06	0	0	0	0	3.33284451614e-06	0	0	0	0	0	0	0	0.00114316566904	6.33240458066e-05	0.00191305275226	0.000606577701937	0.00154310701097	0.000206636360001	3.33284451614e-06	0	0	0	0	0	0	0
0.00228633133807	9.99853354841e-06	0.00603244857421	0	2.99956006452e-05	6.66568903228e-06	0.00250963192065	0.047196411193	0.00389276239485	9.33196464519e-05	0.00988188399035	0.00010331818	0.000169975070323	3.33284451614e-06	0.0083021156897	3.99941341937e-05	3.33284451614e-06	0.00162976096839	4.99926677421e-05	3.33284451614e-05	7.66554238712e-05	0.00389609523936	6.66568903228e-06	0.00944861420325	0.000296623161936	0	0.00244630787485	0.000489928143872	0.0241131300743	0.0103451493781	0.0169875084988	3.33284451614e-06	2.66627561291e-05	0.0065257095626	0.00681233419099	0	0	1.33313780646e-05	0	2.3329911613e-05	0	1.33313780646e-05	0.000366612896775	3.33284451614e-06	0.00130980789484	0.000479929610324	0	9.99853354841e-06	0	3.33284451614e-06	0	5.33255122582e-05	2.66627561291e-05	0	0	9.99853354841e-06	3.33284451614e-06	5.99912012905e-05	5.33255122582e-05	0.00183306448388	0	2.66627561291e-05	5.99912012905e-05	0.00171641492581	6.66568903228e-06	0	0	0	0	3.33284451614e-06	0.00166642225807	0.000329951607098	0.00575248963485	0.00379610990388	0.000156643692258	2.3329911613e-05	0	3.99941341937e-05	0	3.33284451614e-06	0	1.66642225807e-05	0	0
0.000193304981936	0	0.000676567436776	0	0	0.000393275652904	0.0113250056658	0.00389276239485	0.0242464438549	0	0.00692898374905	6.66568903228e-06	0.00162309527936	0	0.0102584954207	0.000186639292904	0	6.66568903228e-06	0	0	0.000509925210969	2.3329911613e-05	0	0.00077655277226	0.000223300582581	0	0.000603244857421	0	0.00121982109291	0.00757222274066	0.000996520510325	0	0.00144312167549	0.000536587967098	0.000613243390969	0	0	0	0	0	0	0	0	0	0	0	0	0	0	0	0	1.33313780646e-05	0	0	0	0	0	1.33313780646e-05	0	0	0	0	0	0	0	0	0	0	0	0	0.00054325365613	9.99853354841e-06	0.000829878284518	0.000459932543227	0.000109983869033	8.33211129034e-05	0	0	0	0	0	0	0	0
4.33269787098e-05	0.00268293983549	6.66568903228e-06	0	0.00318619935743	0.000413272720001	6.66568903228e-06	9.33196464519e-05	0	0.0299456079775	4.99926677421e-05	9.99853354841e-06	0.00337950433936	9.33196464519e-05	2.3329911613e-05	0.000653237525163	0.00220634306968	0	3.33284451614e-06	3.33284451614e-06	0.00289624188452	0.0022929970271	0.00986188692325	0.00255295889936	0.0189872152084	0.000349948674194	5.33255122582e-05	0.00218301315807	0.00718561277679	0.000116649558065	5.66583567743e-05	3.33284451614e-06	6.66568903228e-06	8.66539574196e-05	0.000276626094839	0	6.66568903228e-06	0	0	0.000786551305808	0	3.33284451614e-06	0.000123315247097	3.33284451614e-06	0.0109850555252	0.000659903214195	0	8.66539574196e-05	0	0	6.66568903228e-06	0.00455933129808	3.99941341937e-05	0	0	0.000636573302582	0.000596579168389	0.00712895442002	0.000999853354841	0.0105617842716	0	0	9.99853354841e-06	0.00512591486582	0	0	0	0	0	6.66568903228e-06	0.00163642665742	3.99941341937e-05	0.000156643692258	0.000106651024516	0.00245630640839	2.66627561291e-05	0	7.99882683873e-05	1.66642225807e-05	3.33284451614e-06	0	2.3329911613e-05	2.3329911613e-05	0
0.000323285918065	1.33313780646e-05	0.000509925210969	0	0.00100651904387	9.99853354841e-06	0.0105784484942	0.00988188399035	0.00692898374905	4.99926677421e-05	0.0382977163349	0.00128314513871	0.00519257175614	7.66554238712e-05	0.00770220367679	0.000259961872259	0	4.66598232259e-05	0.000529922278066	0.000269960405807	0.00345615976323	0.00023329911613	6.66568903228e-06	0.00102984895549	0.00018997213742	0	0.000596579168389	0.000239964805162	0.00312287531162	0.0125348282252	0.00142979029742	0.000116649558065	0.000363280052259	0.00136979909613	0.00866206289744	0	6.66568903228e-06	3.33284451614e-06	0	0.000216634893549	0	6.66568903228e-06	4.33269787098e-05	0	0.000476596765808	0.000529922278066	0	6.66568903228e-05	3.33284451614e-06	6.66568903228e-06	0	2.99956006452e-05	6.66568903228e-06	0	0	0.000123315247097	0	3.33284451614e-05	1.66642225807e-05	0.00043993547613	3.33284451614e-06	9.99853354841e-06	2.3329911613e-05	0.000529922278066	6.66568903228e-06	0	3.33284451614e-06	0	0	9.99853354841e-06	0.00380944128195	0.000753222860647	0.00700897201744	0.00432269933743	4.99926677421e-05	7.3322579355e-05	4.99926677421e-05	2.66627561291e-05	9.99853354841e-06	6.66568903228e-06	0	9.99853354841e-06	3.33284451614e-06	0
4.66598232259e-05	0	0.000126648091613	0	0.000106651024516	0	0.000939862153551	0.00010331818	6.66568903228e-06	9.99853354841e-06	0.00128314513871	0.026739411553	0.00378277852582	0.00201303808775	0.000643238991615	2.3329911613e-05	0	0.000183306448388	0.00458599405421	0.00425937529162	0.00341616562904	0.00010331818	3.33284451614e-06	0.000423271253549	0.00010331818	0.000389942808388	0.0128981082775	0.000333284451614	0.00010331818	0.00777552625615	0.000213302049033	0.00306288411033	0.000786551305808	5.33255122582e-05	0.0118349308768	0	0	0	0	6.66568903228e-06	0	2.3329911613e-05	0	3.33284451614e-06	2.66627561291e-05	6.66568903228e-06	8.33211129034e-05	9.99853354841e-06	0.00037994427484	9.99853354841e-06	1.66642225807e-05	4.66598232259e-05	1.99970670968e-05	0	9.99853354841e-06	6.66568903228e-06	0	5.99912012905e-05	2.99956006452e-05	8.66539574196e-05	2.3329911613e-05	2.99956006452e-05	2.3329911613e-05	5.99912012905e-05	9.99853354841e-06	3.33284451614e-06	6.66568903228e-06	0	0	1.33313780646e-05	0.00310287824452	0.00260628441162	0.00699897348389	0.000506592366453	0	0	0.000143312314194	0.000109983869033	0.000393275652904	1.33313780646e-05	0	4.66598232259e-05	6.66568903228e-06	9.99853354841e-06
0	0	8.99868019357e-05	0	0.00668235325486	0.00062990761355	0.0102551625762	0.000169975070323	0.00162309527936	0.00337950433936	0.00519257175614	0.00378277852582	0.0356847662343	4.33269787098e-05	0.0030562184213	0.00241297942968	0	1.66642225807e-05	0.00147311727613	0.000519923744517	0.0176907386917	0	0	0.000123315247097	0.00296289877485	0	0.00194638119742	2.3329911613e-05	0.00373945154711	0.00997187079228	9.99853354841e-05	0.000236631960646	0.000176640759355	3.33284451614e-05	0.00618575942195	0	3.33284451614e-06	0	0	0.000143312314194	0	2.99956006452e-05	3.33284451614e-06	1.99970670968e-05	6.33240458066e-05	1.33313780646e-05	0	2.99956006452e-05	0	1.66642225807e-05	3.33284451614e-06	6.66568903228e-06	0	0	0	3.99941341937e-05	0	6.66568903228e-06	3.33284451614e-06	7.3322579355e-05	0	0	3.33284451614e-06	5.99912012905e-05	3.33284451614e-06	0	0	0	0	6.66568903228e-06	0.00141312607484	0.000133313780646	0.00325952193678	0.00104318033355	0.00385610110517	8.99868019357e-05	9.99853354841e-06	0	0	3.33284451614e-06	0	0	0	0
6.66568903228e-06	0.000599912012905	0	0	9.99853354841e-06	0	0	3.33284451614e-06	0	9.33196464519e-05	7.66554238712e-05	0.00201303808775	4.33269787098e-05	0.0173774513071	0	0	6.66568903228e-05	0	3.33284451614e-06	0	6.99897348389e-05	1.66642225807e-05	0.000236631960646	4.99926677421e-05	9.33196464519e-05	0.00867872712002	0.00472264067937	0.00361280345549	3.33284451614e-06	0.000159976536775	3.99941341937e-05	0.00435269493808	1.99970670968e-05	0	0.00029329031742	0	3.99941341937e-05	0	0	0	0	3.33284451614e-06	0	0	3.33284451614e-06	0	0.00124315100452	0	0.00446934449614	0	3.33284451614e-06	7.66554238712e-05	3.33284451614e-06	0	0	0	0	8.33211129034e-05	5.66583567743e-05	6.66568903228e-06	0.00151311141033	0.000213302049033	0.000239964805162	3.33284451614e-06	0	0	3.33284451614e-05	0	0	1.99970670968e-05	0.000226633427097	0.00112983429097	0.000449934009679	0.000273293250323	1.33313780646e-05	0	0.000309954540001	2.3329911613e-05	0.00268627268001	3.33284451614e-06	0	3.33284451614e-06	0	0.000769887083228
0.00441268613937	0	0.00241297942968	0	0.000159976536775	2.99956006452e-05	0.00298956153098	0.0083021156897	0.0102584954207	2.3329911613e-05	0.00770220367679	0.000643238991615	0.0030562184213	0	0.0376144832091	2.3329911613e-05	0	0.000269960405807	4.66598232259e-05	6.33240458066e-05	0.00237631814001	0.000476596765808	0	0.00350948527549	0.00131314073936	0	0.00204303368839	8.99868019357e-05	0.00416272280066	0.0219167855381	0.00855874471744	1.99970670968e-05	0.000516590900001	0.00355947794323	0.00527922571356	0	0	0	0	0	0	1.66642225807e-05	0	9.99853354841e-06	4.66598232259e-05	6.66568903228e-06	0	0	0	1.33313780646e-05	0	7.3322579355e-05	0	0	0	6.66568903228e-06	0	7.3322579355e-05	6.66568903228e-06	8.66539574196e-05	0	0	6.66568903228e-06	0.000143312314194	9.99853354841e-06	0	0	0	0	1.33313780646e-05	0.00169975070323	0.000236631960646	0.00437269200517	0.00246963778646	5.33255122582e-05	1.99970670968e-05	1.33313780646e-05	7.66554238712e-05	0	9.99853354841e-06	0	7.3322579355e-05	3.33284451614e-06	0
0	3.33284451614e-06	0	0	0.000256629027743	0.00126314807162	0.00159309967871	3.99941341937e-05	0.000186639292904	0.000653237525163	0.000259961872259	2.3329911613e-05	0.00241297942968	0	2.3329911613e-05	0.00587580488195	0	0	0	0	0.000479929610324	0.000193304981936	3.33284451614e-06	0.00023329911613	0.000369945741291	0	0	3.33284451614e-06	0.000323285918065	0.000466598232259	0	0	9.99853354841e-05	3.33284451614e-06	0.00010331818	0	0	0	0	6.66568903228e-06	0	0	0	0	1.33313780646e-05	1.33313780646e-05	0	0	0	0	0	0	3.33284451614e-06	0	0	9.99853354841e-06	3.33284451614e-06	0	3.99941341937e-05	1.33313780646e-05	0	0	9.99853354841e-06	1.66642225807e-05	0	0	0	0	0	0	0.000759888549679	3.33284451614e-06	0.000389942808388	0.000329951607098	0.00302288997614	0.000156643692258	0	0	0	9.99853354841e-06	9.99853354841e-06	3.33284451614e-06	0	0
0	0.00269960405807	0.00010331818	0	0	0	0	3.33284451614e-06	0	0.00220634306968	0	0	0	6.66568903228e-05	0	0	0.0148111610297	6.66568903228e-06	0	0	0	0.000986521976777	0.00824212448841	0.00454599992001	0.00299956006452	0.000289957472904	0.000136646625162	0.0048526216155	0.00205636506646	0	3.33284451614e-06	0	0	0	0	0	1.66642225807e-05	0	0	0	0	0	3.33284451614e-06	0	0.00109650584581	0	0	0	0	0	0	0.0042760395142	6.66568903228e-06	0	3.33284451614e-06	0	0.000296623161936	0.00550919198518	0.00248630200904	0.00109983869033	0	3.33284451614e-06	3.66612896775e-05	0.000239964805162	0	0	0	0	0	0	0.000126648091613	5.99912012905e-05	1.66642225807e-05	1.66642225807e-05	0	0	0	3.99941341937e-05	1.66642225807e-05	0	0	0	0	0
0.000576582101292	0.000466598232259	0.0065257095626	0	0	0	3.33284451614e-06	0.00162976096839	6.66568903228e-06	0	4.66598232259e-05	0.000183306448388	1.66642225807e-05	0	0.000269960405807	0	6.66568903228e-06	0.0259861886923	1.33313780646e-05	0.00487595152711	1.99970670968e-05	0.00137646478516	0	0.00763221394196	0	0	0.00510925064324	0.00683233125808	0.00183639732839	0.00100651904387	0.00459932543227	0	9.99853354841e-06	6.33240458066e-05	0.00770220367679	6.66568903228e-06	0.00039660849742	0.000129980936129	0	2.99956006452e-05	0	0.000149978003226	5.66583567743e-05	3.99941341937e-05	0	0.000116649558065	6.66568903228e-06	8.66539574196e-05	0	9.99853354841e-06	0	2.99956006452e-05	0.000749890016131	1.33313780646e-05	0.000176640759355	0.000136646625162	2.66627561291e-05	2.99956006452e-05	0.000209969204517	7.66554238712e-05	0	0.000949860687099	0.000219967738065	0.000126648091613	3.33284451614e-06	3.33284451614e-06	0	0	0	2.3329911613e-05	0.00102984895549	0.000263294716775	0.00499260108517	0.00248630200904	6.66568903228e-06	0	0	0.00087987095226	0.00081987975097	7.99882683873e-05	3.33284451614e-05	0.000199970670968	3.33284451614e-06	0
0	0	1.66642225807e-05	0	2.3329911613e-05	0	0.000403274186453	4.99926677421e-05	0	3.33284451614e-06	0.000529922278066	0.00458599405421	0.00147311727613	3.33284451614e-06	4.66598232259e-05	0	0	1.33313780646e-05	0.00633240458066	0.00213302049033	0.00133647065097	1.99970670968e-05	0	3.66612896775e-05	2.3329911613e-05	0	0.00407273599872	6.66568903228e-05	8.33211129034e-05	0.00210302488968	1.66642225807e-05	2.66627561291e-05	9.99853354841e-06	3.33284451614e-06	0.00279625654904	0	0	0	0	0	0	0	0	0	3.33284451614e-06	0	0	0	0	0	0	9.99853354841e-06	0	0	0	0	0	3.33284451614e-06	0	6.66568903228e-06	0	0	0	3.33284451614e-05	0	0	0	0	0	3.33284451614e-06	0.00077655277226	0.000616576235485	0.00175307621549	8.33211129034e-05	0	0	3.33284451614e-06	1.99970670968e-05	3.33284451614e-06	3.33284451614e-06	0	1.66642225807e-05	0	0
0.000119982402581	0.000503259521937	0.000309954540001	0	3.99941341937e-05	0	0.000113316713549	3.33284451614e-05	0	3.33284451614e-06	0.000269960405807	0.00425937529162	0.000519923744517	0	6.33240458066e-05	0	0	0.00487595152711	0.00213302049033	0.0184506272413	0.000513258055485	0.000199970670968	0	0.000726560104518	4.33269787098e-05	0	0.00975523589873	0.00123981816	4.33269787098e-05	0.00102984895549	0.000699897348389	1.33313780646e-05	0	6.99897348389e-05	0.00800549252776	0	0.000343282985162	6.66568903228e-05	0	1.33313780646e-05	0	3.33284451614e-05	3.99941341937e-05	6.66568903228e-06	3.33284451614e-06	2.66627561291e-05	0	2.3329911613e-05	6.66568903228e-06	3.33284451614e-06	0	1.33313780646e-05	0.000659903214195	0	9.6652490968e-05	3.99941341937e-05	0	1.99970670968e-05	9.99853354841e-06	1.33313780646e-05	4.66598232259e-05	0.00102318326645	0.000173307914839	1.99970670968e-05	0	0	0	0	0	3.33284451614e-06	0.00332617882711	0.00169641785871	0.00512591486582	0.000519923744517	0	0	0	0.000236631960646	0.000109983869033	6.66568903228e-06	0	3.99941341937e-05	0	0
0	9.99853354841e-06	7.3322579355e-05	0	0.0111150364613	0.000169975070323	0.0022296729813	7.66554238712e-05	0.000509925210969	0.00289624188452	0.00345615976323	0.00341616562904	0.0176907386917	6.99897348389e-05	0.00237631814001	0.000479929610324	0	1.99970670968e-05	0.00133647065097	0.000513258055485	0.0288857634214	0	0	0.000116649558065	0.00495260695098	0	0.00184306301742	7.3322579355e-05	0.00489261574969	0.00764554532002	6.66568903228e-05	0.000283291783872	0.000216634893549	2.66627561291e-05	0.00670235032195	0	3.33284451614e-06	0	0	0.00383943688259	0	0.00215968324646	5.33255122582e-05	0.00142312460839	0.000386609963872	0.00120648971484	0.000363280052259	0.00233632400581	6.66568903228e-06	0.000699897348389	1.99970670968e-05	9.99853354841e-06	9.99853354841e-06	0.000276626094839	0.00024996333871	0.00304955273227	0	9.99853354841e-06	9.99853354841e-06	0.000403274186453	0	6.66568903228e-06	1.33313780646e-05	0.00115982989162	0.000279958939356	0	0	3.33284451614e-06	0	0.000579914945808	0.000976523443228	0.000223300582581	0.00374278439162	0.000979856287744	0.00193971550839	8.66539574196e-05	6.66568903228e-06	0.000166642225807	4.99926677421e-05	0.000769887083228	2.99956006452e-05	0.000216634893549	6.33240458066e-05	3.33284451614e-06
0.00029329031742	0.000106651024516	0.00308954686646	0	0	3.33284451614e-06	0	0.00389609523936	2.3329911613e-05	0.0022929970271	0.00023329911613	0.00010331818	0	1.66642225807e-05	0.000476596765808	0.000193304981936	0.000986521976777	0.00137646478516	1.99970670968e-05	0.000199970670968	0	0.0407073629201	0.00108317446774	0.027565956993	0.000579914945808	9.99853354841e-06	0.000503259521937	0.000773219927744	0.0119182519897	0.00126648091613	0.0129114396555	0	0	0.000963192065164	0.00745890602712	3.33284451614e-06	3.33284451614e-06	1.99970670968e-05	0	3.33284451614e-06	0	0	3.66612896775e-05	6.66568903228e-06	0.000386609963872	1.33313780646e-05	0	0	0	3.33284451614e-06	0	0.00330284891549	4.99926677421e-05	0	0	0	0.000153310847742	0.00377277999227	0.000376611430324	0.00158643398968	0	2.3329911613e-05	3.66612896775e-05	0.000423271253549	3.33284451614e-06	3.33284451614e-06	0	0	0	1.33313780646e-05	0.00295956593033	0.000906533708389	0.00739558198131	0.0039860820413	0.000253296183226	4.66598232259e-05	3.33284451614e-06	0.000143312314194	6.33240458066e-05	3.99941341937e-05	9.99853354841e-06	3.66612896775e-05	0	0
0	0.00792550425938	0.0014864486542	0	0	0	0	6.66568903228e-06	0	0.00986188692325	6.66568903228e-06	3.33284451614e-06	0	0.000236631960646	0	3.33284451614e-06	0.00824212448841	0	0	0	0	0.00108317446774	0.0282458572743	0.00512924771034	0.00937195877938	0.00113983282452	0.000259961872259	0.0117049499407	0.00377611283678	9.99853354841e-06	0	0	0	0	1.33313780646e-05	0	0.000979856287744	0	0	0	0	0	1.66642225807e-05	3.33284451614e-06	0.00356281078775	1.66642225807e-05	0	0	2.3329911613e-05	3.33284451614e-06	0	0.00879204383357	9.99853354841e-06	0	0	0	0.000346615829678	0.0137513164736	0.00526922718001	0.00407273599872	6.66568903228e-06	0	0.00172641345936	0.00092319793097	0	3.33284451614e-06	0	0	0	0	0.000163309381291	6.66568903228e-06	1.66642225807e-05	6.66568903228e-06	7.3322579355e-05	0	0	0.000116649558065	5.33255122582e-05	0	0	3.33284451614e-06	0	0
0.000633240458066	0.000746557171615	0.023239924811	0	0	9.99853354841e-06	0.000109983869033	0.00944861420325	0.00077655277226	0.00255295889936	0.00102984895549	0.000423271253549	0.000123315247097	4.99926677421e-05	0.00350948527549	0.00023329911613	0.00454599992001	0.00763221394196	3.66612896775e-05	0.000726560104518	0.000116649558065	0.027565956993	0.00512924771034	0.0882170614976	0.000576582101292	2.66627561291e-05	0.00654903947421	0.0117682739865	0.0140112783458	0.00435936062711	0.0149578061884	0	6.66568903228e-06	0.00186972577355	0.0103051552439	6.66568903228e-06	6.99897348389e-05	5.99912012905e-05	0	3.33284451614e-06	0	3.33284451614e-06	0.000129980936129	1.33313780646e-05	9.33196464519e-05	6.99897348389e-05	0	0	3.33284451614e-06	2.3329911613e-05	9.99853354841e-06	0.0100351948381	0.000309954540001	3.33284451614e-06	3.33284451614e-06	3.33284451614e-06	0.000573249256776	0.0133880364213	0.00972190745357	0.00132313927291	3.33284451614e-06	0.000143312314194	0.000889869485809	0.000343282985162	9.99853354841e-06	1.33313780646e-05	0	0	0	5.33255122582e-05	0.0118082681207	0.00198970817613	0.0147378384504	0.0113016757542	0.000269960405807	4.99926677421e-05	0	0.00126314807162	0.000193304981936	0.000139979469678	5.99912012905e-05	0.000163309381291	9.99853354841e-06	0
0.000556585034195	0.00382943834904	4.99926677421e-05	0	0.0066090306755	0.00062990761355	2.3329911613e-05	0.000296623161936	0.000223300582581	0.0189872152084	0.00018997213742	0.00010331818	0.00296289877485	9.33196464519e-05	0.00131314073936	0.000369945741291	0.00299956006452	0	2.3329911613e-05	4.33269787098e-05	0.00495260695098	0.000579914945808	0.00937195877938	0.000576582101292	0.043986881924	0.000253296183226	0.000119982402581	0.00380944128195	0.0151644425484	0.00237965098452	0.00120982255936	3.33284451614e-05	2.66627561291e-05	0.000596579168389	0.00132980496194	0	6.66568903228e-06	0	0	0.00184639586194	0	3.66612896775e-05	0.00033661729613	2.3329911613e-05	0.0153610803749	0.00100318619936	0	7.66554238712e-05	0	1.33313780646e-05	9.99853354841e-06	0.00149644718775	0.000163309381291	0	3.33284451614e-06	0.000643238991615	6.66568903228e-05	0.00327618615936	0.000123315247097	0.0134846889123	0	6.66568903228e-06	9.99853354841e-06	0.00967191478583	1.66642225807e-05	0	0	0	0	2.99956006452e-05	0.0027462638813	0.000143312314194	0.00068989881484	0.000469931076775	0.00273959819227	3.66612896775e-05	0	0.000613243390969	0.00010331818	2.66627561291e-05	0	0.000276626094839	7.3322579355e-05	0
0	0.00315620375678	6.66568903228e-06	0	0	0	0	0	0	0.000349948674194	0	0.000389942808388	0	0.00867872712002	0	0	0.000289957472904	0	0	0	0	9.99853354841e-06	0.00113983282452	2.66627561291e-05	0.000253296183226	0.0155710495794	0.00550252629614	0.0068156670355	1.66642225807e-05	0	0	0.00237298529549	0	0	0	0	0.000423271253549	0	0	0	0	0	0	0	0	0	0.0013631334071	0	0.00415938995614	0	0	0.000429936942582	9.99853354841e-06	3.33284451614e-06	0.000183306448388	0	0	0.000459932543227	0.000323285918065	0	0.00246963778646	0.000343282985162	0.000589913479356	0	0	0	4.33269787098e-05	0	0	0	0.000179973603871	6.33240458066e-05	5.33255122582e-05	1.33313780646e-05	2.3329911613e-05	0	0.000116649558065	0	0.00195637973097	0	0	0	0	0.00113316713549
0.000269960405807	0.00837210542454	0.0142312460839	0	3.66612896775e-05	0	0.000363280052259	0.00244630787485	0.000603244857421	5.33255122582e-05	0.000596579168389	0.0128981082775	0.00194638119742	0.00472264067937	0.00204303368839	0	0.000136646625162	0.00510925064324	0.00407273599872	0.00975523589873	0.00184306301742	0.000503259521937	0.000259961872259	0.00654903947421	0.000119982402581	0.00550252629614	0.0912499500073	0.0303955419872	0.0031595366013	0.00537921104905	0.00464931810001	0.00658570076389	0.00014664515871	0.00116982842516	0.00987855114583	0	0.00780552185679	0.000753222860647	0	3.33284451614e-06	0	5.33255122582e-05	0.000373278585807	2.99956006452e-05	3.33284451614e-05	2.3329911613e-05	0.000326618762581	1.99970670968e-05	0.00739224913679	1.66642225807e-05	1.33313780646e-05	0.000209969204517	0.0031795336684	1.66642225807e-05	0.0036561304342	3.33284451614e-05	6.66568903228e-06	0.00024996333871	0.000226633427097	7.66554238712e-05	0.0077455306555	0.0156043780246	0.00932863180067	9.33196464519e-05	6.66568903228e-06	6.66568903228e-05	0.00058658063484	0	0	6.66568903228e-06	0.0126514777833	0.00967191478583	0.00777219341163	0.00143978883097	3.33284451614e-06	0	6.66568903228e-06	0.000813214061938	0.00238298382904	2.66627561291e-05	9.99853354841e-06	9.6652490968e-05	9.99853354841e-06	0.000149978003226
0.000106651024516	0.0227133353775	0.0310821079575	0	0	0	1.66642225807e-05	0.000489928143872	0	0.00218301315807	0.000239964805162	0.000333284451614	2.3329911613e-05	0.00361280345549	8.99868019357e-05	3.33284451614e-06	0.0048526216155	0.00683233125808	6.66568903228e-05	0.00123981816	7.3322579355e-05	0.000773219927744	0.0117049499407	0.0117682739865	0.00380944128195	0.0068156670355	0.0303955419872	0.0924897681673	0.00113649998	0.000559917878711	0.00106651024516	0.00126648091613	1.33313780646e-05	2.66627561291e-05	0.00326952047033	0	0.0111383663729	0.000159976536775	0	6.66568903228e-06	0	9.99853354841e-06	0.000186639292904	0	6.66568903228e-05	2.3329911613e-05	4.66598232259e-05	3.33284451614e-06	0.00398274919678	9.99853354841e-06	0	0.0055758488755	0.000859873885164	1.33313780646e-05	0.0014864486542	1.33313780646e-05	2.3329911613e-05	0.0108284118329	0.00576582101292	0.000183306448388	0.00461265681033	0.00568916558905	0.0150444601458	6.66568903228e-05	3.33284451614e-06	4.66598232259e-05	0.000156643692258	0	0	2.66627561291e-05	0.0121015584381	0.00281292077162	0.00327618615936	0.00238631667355	6.99897348389e-05	0	3.33284451614e-06	0.00096652490968	0.000436602631614	6.99897348389e-05	2.99956006452e-05	9.33196464519e-05	1.66642225807e-05	0.000153310847742
0.00266627561291	0.000313287384517	0.00700563917292	0	0.00612576822066	0.000136646625162	0.000693231659357	0.0241131300743	0.00121982109291	0.00718561277679	0.00312287531162	0.00010331818	0.00373945154711	3.33284451614e-06	0.00416272280066	0.000323285918065	0.00205636506646	0.00183639732839	8.33211129034e-05	4.33269787098e-05	0.00489261574969	0.0119182519897	0.00377611283678	0.0140112783458	0.0151644425484	1.66642225807e-05	0.0031595366013	0.00113649998	0.0685732759195	0.00659569929744	0.0157543560278	3.33284451614e-06	2.66627561291e-05	0.00205969791097	0.00487595152711	0	3.33284451614e-06	2.3329911613e-05	0	0.00242631080775	0	0.000126648091613	0.000696564503873	8.33211129034e-05	0.0113550012665	0.00244297503033	0	0.000199970670968	0	8.99868019357e-05	2.99956006452e-05	0.00294956739678	0.000216634893549	0	6.66568903228e-06	0.000956526376132	9.6652490968e-05	0.00472597352388	0.000213302049033	0.012178213862	0	2.99956006452e-05	7.99882683873e-05	0.010531788671	9.33196464519e-05	0	0	0	0	9.6652490968e-05	0.0042760395142	0.000596579168389	0.0056791670555	0.00443268320646	0.00162976096839	3.33284451614e-05	3.33284451614e-06	0.00105651171162	0.000259961872259	6.99897348389e-05	3.33284451614e-06	0.000539920811614	0.000133313780646	0
0.00827878577809	1.33313780646e-05	0.00258295450001	0	0.000476596765808	0.000803215528389	0.00811214355228	0.0103451493781	0.00757222274066	0.000116649558065	0.0125348282252	0.00777552625615	0.00997187079228	0.000159976536775	0.0219167855381	0.000466598232259	0	0.00100651904387	0.00210302488968	0.00102984895549	0.00764554532002	0.00126648091613	9.99853354841e-06	0.00435936062711	0.00237965098452	0	0.00537921104905	0.000559917878711	0.00659569929744	0.0739758168802	0.0222134087001	0.000556585034195	0.00397608350775	0.0128647798323	0.0313120742291	0	6.66568903228e-06	0	0	6.66568903228e-05	0	0.000216634893549	2.66627561291e-05	5.33255122582e-05	0.000849875351615	0.000119982402581	3.33284451614e-06	6.66568903228e-05	6.66568903228e-06	0.000186639292904	6.33240458066e-05	0.000316620229033	1.33313780646e-05	0	3.33284451614e-06	8.33211129034e-05	0	0.000343282985162	6.66568903228e-05	0.00176307474904	3.33284451614e-06	1.33313780646e-05	2.99956006452e-05	0.000983189132261	0.000183306448388	0	3.33284451614e-06	0	0	0.000166642225807	0.00974523736519	0.00209969204517	0.0220934262975	0.00949194118196	0.000926530775486	0.000369945741291	8.99868019357e-05	0.000696564503873	1.33313780646e-05	0.000176640759355	6.66568903228e-06	0.000603244857421	0.000169975070323	0
0.0083221127568	1.33313780646e-05	0.00687899108131	0	0	0	9.99853354841e-05	0.0169875084988	0.000996520510325	5.66583567743e-05	0.00142979029742	0.000213302049033	9.99853354841e-05	3.99941341937e-05	0.00855874471744	0	3.33284451614e-06	0.00459932543227	1.66642225807e-05	0.000699897348389	6.66568903228e-05	0.0129114396555	0	0.0149578061884	0.00120982255936	0	0.00464931810001	0.00106651024516	0.0157543560278	0.0222134087001	0.0521290210769	0	3.33284451614e-06	0.00906866992841	0.0111283678394	3.33284451614e-06	0	2.3329911613e-05	0	0	0	9.99853354841e-06	9.99853354841e-06	9.99853354841e-06	5.66583567743e-05	6.66568903228e-06	0	0	0	3.33284451614e-06	0	0.000309954540001	2.3329911613e-05	0	0	0	6.66568903228e-06	0.000356614363227	4.66598232259e-05	7.3322579355e-05	0	1.99970670968e-05	5.33255122582e-05	0.000156643692258	3.33284451614e-06	3.33284451614e-06	0	0	0	3.33284451614e-06	0.000799882683873	0.000273293250323	0.00944861420325	0.00373945154711	1.33313780646e-05	6.66568903228e-06	3.33284451614e-06	0.000156643692258	0	1.66642225807e-05	6.66568903228e-06	7.99882683873e-05	0	0
0	1.66642225807e-05	0	0	2.66627561291e-05	0	2.99956006452e-05	3.33284451614e-06	0	3.33284451614e-06	0.000116649558065	0.00306288411033	0.000236631960646	0.00435269493808	1.99970670968e-05	0	0	0	2.66627561291e-05	1.33313780646e-05	0.000283291783872	0	0	0	3.33284451614e-05	0.00237298529549	0.00658570076389	0.00126648091613	3.33284451614e-06	0.000556585034195	0	0.00923864499873	0.000133313780646	0	0.000796549839357	0	2.3329911613e-05	3.33284451614e-06	0	0	0	6.66568903228e-06	0	0	6.66568903228e-06	3.33284451614e-06	0.00039660849742	0	0.00353281518711	0	6.66568903228e-06	0	3.33284451614e-06	3.33284451614e-06	6.66568903228e-06	0	0	0	0	2.3329911613e-05	0.000913199397422	0.000486595299356	0.000373278585807	6.66568903228e-06	0	0	0.00024996333871	0	0	3.33284451614e-06	4.66598232259e-05	0.00102318326645	0.000639906147098	6.66568903228e-05	0	0	3.33284451614e-06	6.66568903228e-06	0.00188972284065	3.33284451614e-06	0	6.66568903228e-06	3.33284451614e-06	0.000119982402581
0	0	9.99853354841e-06	0	2.99956006452e-05	0.0021896788471	0.00141312607484	2.66627561291e-05	0.00144312167549	6.66568903228e-06	0.000363280052259	0.000786551305808	0.000176640759355	1.99970670968e-05	0.000516590900001	9.99853354841e-05	0	9.99853354841e-06	9.99853354841e-06	0	0.000216634893549	0	0	6.66568903228e-06	2.66627561291e-05	0	0.00014664515871	1.33313780646e-05	2.66627561291e-05	0.00397608350775	3.33284451614e-06	0.000133313780646	0.00787884443615	3.33284451614e-06	0.00322286064711	0	0	0	0	0	0	0	0	0	0	3.33284451614e-06	0	0	0	3.33284451614e-06	0	0	0	0	0	3.33284451614e-06	0	0	0	3.33284451614e-05	0	0	0	0	3.33284451614e-06	0	0	0	0	3.33284451614e-06	0.00114649851355	0.000229966271613	0.00210969057872	0.000663236058711	0.000459932543227	0.00167642079162	1.33313780646e-05	1.33313780646e-05	0	3.33284451614e-06	0	9.99853354841e-06	6.66568903228e-06	0
0.000136646625162	0	0.00121982109291	0	0	0	2.66627561291e-05	0.0065257095626	0.000536587967098	8.66539574196e-05	0.00136979909613	5.33255122582e-05	3.33284451614e-05	0	0.00355947794323	3.33284451614e-06	0	6.33240458066e-05	3.33284451614e-06	6.99897348389e-05	2.66627561291e-05	0.000963192065164	0	0.00186972577355	0.000596579168389	0	0.00116982842516	2.66627561291e-05	0.00205969791097	0.0128647798323	0.00906866992841	0	3.33284451614e-06	0.0140945994587	0.00632907173615	0	0	0	0	9.99853354841e-06	0	6.66568903228e-06	3.33284451614e-06	3.33284451614e-06	0.000183306448388	6.66568903228e-06	0	3.33284451614e-06	0	0	0	1.66642225807e-05	0	0	0	3.33284451614e-06	0	1.66642225807e-05	3.33284451614e-06	0.000186639292904	0	0	0	0.00018997213742	0	0	0	0	0	0	0.000893202330325	0.000109983869033	0.00368945887936	0.00186972577355	1.33313780646e-05	0	0	1.33313780646e-05	0	0	0	1.66642225807e-05	0	0
0.00194971404194	0.000199970670968	0.00234298969484	0	0.000579914945808	0.00073322579355	0.00218634600259	0.00681233419099	0.000613243390969	0.000276626094839	0.00866206289744	0.0118349308768	0.00618575942195	0.00029329031742	0.00527922571356	0.00010331818	0	0.00770220367679	0.00279625654904	0.00800549252776	0.00670235032195	0.00745890602712	1.33313780646e-05	0.0103051552439	0.00132980496194	0	0.00987855114583	0.00326952047033	0.00487595152711	0.0313120742291	0.0111283678394	0.000796549839357	0.00322286064711	0.00632907173615	0.0683099812028	6.66568903228e-06	0.000126648091613	5.66583567743e-05	0	7.66554238712e-05	0	0.000176640759355	9.33196464519e-05	5.99912012905e-05	0.000766554238712	0.000159976536775	3.33284451614e-06	7.66554238712e-05	9.99853354841e-06	0.000179973603871	2.99956006452e-05	0.000416605564517	0.000309954540001	0	8.66539574196e-05	9.99853354841e-05	6.99897348389e-05	0.000456599698711	0.000349948674194	0.00161642959033	9.99853354841e-06	0.000466598232259	0.000159976536775	0.000949860687099	0.000169975070323	9.99853354841e-06	3.33284451614e-06	0	0	0.00014664515871	0.0145911932917	0.00281625361614	0.0438069083201	0.01777072696	0.000259961872259	0.00101651757742	0.000109983869033	0.000896535174841	0.000213302049033	0.000263294716775	5.33255122582e-05	0.00054325365613	0.000163309381291	0
0	0	0	0	0	0	0	0	0	0	0	0	0	0	0	0	0	6.66568903228e-06	0	0	0	3.33284451614e-06	0	6.66568903228e-06	0	0	0	0	0	0	3.33284451614e-06	0	0	0	6.66568903228e-06	0.0123148604871	0	1.33313780646e-05	0	6.66568903228e-06	0	0.000156643692258	0.00808548079615	0.00132313927291	0	0.0010731759342	1.33313780646e-05	3.33284451614e-05	3.33284451614e-06	0.00574582394582	3.33284451614e-06	9.99853354841e-06	4.66598232259e-05	1.99970670968e-05	2.66627561291e-05	2.99956006452e-05	0.00087987095226	0	0.00229966271613	0.000183306448388	0	6.66568903228e-06	2.99956006452e-05	0.00158310114517	0.00553252189679	0.00227633280452	0	0	3.33284451614e-06	0.000789884150325	0	0	9.99853354841e-06	9.99853354841e-06	0	0	0	6.99897348389e-05	6.66568903228e-06	0.000493260988388	7.66554238712e-05	3.66612896775e-05	1.99970670968e-05	3.33284451614e-06
0	0.0118182666542	0.00416605564517	0	0	0	3.33284451614e-06	0	0	6.66568903228e-06	6.66568903228e-06	0	3.33284451614e-06	3.99941341937e-05	0	0	1.66642225807e-05	0.00039660849742	0	0.000343282985162	3.33284451614e-06	3.33284451614e-06	0.000979856287744	6.99897348389e-05	6.66568903228e-06	0.000423271253549	0.00780552185679	0.0111383663729	3.33284451614e-06	6.66568903228e-06	0	2.3329911613e-05	0	0	0.000126648091613	0	0.032621882124	0.000219967738065	0	1.33313780646e-05	0	1.99970670968e-05	0.000263294716775	9.99853354841e-06	0.00395608644066	1.66642225807e-05	2.3329911613e-05	0.000196637826452	0.000703230192905	0	4.99926677421e-05	0.00114649851355	0.000709895881937	0	0.0012798122942	2.3329911613e-05	1.33313780646e-05	0.0100451933716	0.000466598232259	0.00458599405421	0.00435602778259	0.00505259228646	0.0219134526936	0.000346615829678	3.33284451614e-06	3.99941341937e-05	0	0	0	2.66627561291e-05	0.00296956446388	0.00152310994387	0.000109983869033	3.66612896775e-05	0	0	0	0.000839876818067	0.000186639292904	8.33211129034e-05	4.66598232259e-05	3.66612896775e-05	3.33284451614e-06	0.000139979469678
0	4.33269787098e-05	0.0018997213742	0	0	0	0	1.33313780646e-05	0	0	3.33284451614e-06	0	0	0	0	0	0	0.000129980936129	0	6.66568903228e-05	0	1.99970670968e-05	0	5.99912012905e-05	0	0	0.000753222860647	0.000159976536775	2.3329911613e-05	0	2.3329911613e-05	3.33284451614e-06	0	0	5.66583567743e-05	1.33313780646e-05	0.000219967738065	0.0182906507046	0	0	0	0.00010331818	0.00274293103678	0.00058658063484	0	0.000719894415486	0	6.66568903228e-06	0	0.000329951607098	0	1.66642225807e-05	0.00159976536775	3.33284451614e-06	1.66642225807e-05	9.99853354841e-06	0.000316620229033	6.66568903228e-06	0.00623241924518	1.33313780646e-05	0	0.00259961872259	0.00417938702324	0.000566583567743	9.99853354841e-06	0.000949860687099	0	0	0	0.00010331818	0.000506592366453	0.000166642225807	4.66598232259e-05	2.3329911613e-05	0	0	0	0.000253296183226	0.000319953073549	0.000393275652904	0.000123315247097	6.99897348389e-05	3.33284451614e-06	1.33313780646e-05
0	0	0	0	0	0	0	0	0	0	0	0	0	0	0	0	0	0	0	0	0	0	0	0	0	0	0	0	0	0	0	0	0	0	0	0	0	0	0	0	0	0	0	0	0	0	0	0	0	0	0	0	0	0	0	0	0	0	0	0	0	0	0	0	0	0	0	0	0	0	0	0	0	0	0	0	0	0	0	0	0	0	0	0
0	9.99853354841e-06	9.99853354841e-06	0	0.0022096759142	2.66627561291e-05	0	2.3329911613e-05	0	0.000786551305808	0.000216634893549	6.66568903228e-06	0.000143312314194	0	0	6.66568903228e-06	0	2.99956006452e-05	0	1.33313780646e-05	0.00383943688259	3.33284451614e-06	0	3.33284451614e-06	0.00184639586194	0	3.33284451614e-06	6.66568903228e-06	0.00242631080775	6.66568903228e-05	0	0	0	9.99853354841e-06	7.66554238712e-05	6.66568903228e-06	1.33313780646e-05	0	0	0.0230632840517	0	0.00496260548453	8.33211129034e-05	0.0031395395342	0.00320286358001	0.00563584007679	0.000766554238712	0.00907533561744	1.33313780646e-05	0.00143978883097	0.000979856287744	9.99853354841e-06	4.33269787098e-05	0.000693231659357	0.000556585034195	0.0150611243684	0	1.33313780646e-05	2.99956006452e-05	0.00716228286518	3.33284451614e-06	5.33255122582e-05	6.33240458066e-05	0.012288197731	0.000749890016131	0	0	6.66568903228e-06	0	0.00133647065097	6.99897348389e-05	1.66642225807e-05	5.66583567743e-05	1.66642225807e-05	0.000299956006452	0	0	0.00062990761355	0.000139979469678	0.00185972724	5.99912012905e-05	0.000466598232259	0.000173307914839	6.66568903228e-06
0	0	0	0	0	0	0	0	0	0	0	0	0	0	0	0	0	0	0	0	0	0	0	0	0	0	0	0	0	0	0	0	0	0	0	0	0	0	0	0	0.00257295596646	0.00126314807162	0	0.000929863620002	0	2.99956006452e-05	0	2.99956006452e-05	0	6.66568903228e-06	0.000709895881937	0	0	3.33284451614e-06	0	0	0	0	0	0	0	0	0	0	3.33284451614e-06	0	0	6.33240458066e-05	0	0.000116649558065	0	0	0	0	0	0	0	1.99970670968e-05	6.66568903228e-06	4.66598232259e-05	0	0.000109983869033	0.000239964805162	3.33284451614e-06
