0.0238468593745	0	0.00415904105362	0	0.000105666693436	0	0.000642453496088	0.00898166894202	0.00984390916046	8.45333547484e-06	0.000921413566758	5.49466805865e-05	0.000600186818714	2.9586674162e-05	0.010769549395	4.22666773742e-06	8.45333547484e-06	0.00202880051396	1.26800032123e-05	8.45333547484e-05	0.000270506735195	0.00169912043044	0	0.00825890875892	0.00040998677053	2.53600064245e-05	0.000972133579607	0.000105666693436	0.00298402742262	0.0103468826212	0.0074093485437	0	4.22666773742e-06	0.000486066789804	0.00159345373701	0	8.45333547484e-06	0	0	3.80400096368e-05	0	0	8.45333547484e-06	8.45333547484e-06	1.69066709497e-05	2.11333386871e-05	2.11333386871e-05	9.72133579607e-05	0	8.45333547484e-06	0	0	0	0	0	0	4.22666773742e-06	0	0	8.45333547484e-06	4.22666773742e-06	4.22666773742e-06	8.45333547484e-06	2.11333386871e-05	4.22666773742e-06	0	0	0	0	2.11333386871e-05	0.000346586754469	0.000198653383659	0.00103553359567	8.45333547484e-05	0.00013102669986	2.11333386871e-05	0	1.26800032123e-05	2.11333386871e-05	0	0	0	0	0
0	0.0173800577363	0.00067204017025	0	0	0	0	0	8.45333547484e-06	0.00164840041759	0	8.45333547484e-06	0	0.000507200128491	8.45333547484e-06	0	2.11333386871e-05	3.38133418994e-05	0	3.80400096368e-05	0	0	0.00274733402932	8.45333547484e-06	0.00124686698254	0.00159768040475	0.00252332063924	0.0128110299121	0	1.26800032123e-05	0	8.0306687011e-05	0	0	1.69066709497e-05	0	0.00896476227107	0	0	0	0	0	8.45333547484e-06	4.22666773742e-06	8.45333547484e-06	4.22666773742e-06	2.53600064245e-05	4.22666773742e-06	1.69066709497e-05	3.80400096368e-05	0	4.22666773742e-06	1.26800032123e-05	4.22666773742e-06	0.000169066709497	8.45333547484e-06	0	0.000781933531423	1.26800032123e-05	1.26800032123e-05	5.49466805865e-05	0.0013440803405	0.0083349887782	8.45333547484e-06	8.0306687011e-05	0	2.11333386871e-05	0	8.45333547484e-06	9.29866902233e-05	0.00013102669986	0.000122573364385	7.18533515362e-05	1.69066709497e-05	4.22666773742e-06	0	0	0.000211333386871	0.00013102669986	0.000105666693436	4.22666773742e-05	8.45333547484e-06	0	0
0.00415904105362	0.00067204017025	0.0600524952133	0	8.45333547484e-05	0	0.000236693393296	0.0028572273905	0.00348700088337	0.000164840041759	0.000245146728771	3.80400096368e-05	0.000164840041759	4.22666773742e-06	0.00229930724916	2.11333386871e-05	0.000152160038547	0.0155160972641	8.45333547484e-06	0.000169066709497	0.000198653383659	0.00318690747402	0.00187241380768	0.0222195922956	0.000498746793016	4.22666773742e-06	0.00907042896451	0.020347178488	0.00205838718812	0.00307278744511	0.00417172105684	8.45333547484e-06	4.22666773742e-06	0.000333906751256	0.00484376122709	6.76266837988e-05	0.00278114737122	8.0306687011e-05	0	3.80400096368e-05	0	4.22666773742e-06	0.00011412002891	3.80400096368e-05	0.000435346776955	6.76266837988e-05	0	1.26800032123e-05	0	0.000452253447904	0	0.00218518722025	0.000101440025698	0	5.07200128491e-05	5.07200128491e-05	0.000118346696648	0.0040998677053	0.000469160118854	0.00052410679944	0	0.000338133418994	0.0101778159117	0.000515653463966	0.000714306847624	0	0	0	1.69066709497e-05	0.000824200208797	0.00740512187596	0.00249796063282	0.00710502846661	0.00440418778239	0.000257826731983	0.000240920061033	0	0.00235002726201	0.000997493586032	0.00103976026341	0.000126800032123	3.80400096368e-05	0	0
0	0	0	0	0	0	0	0	0	0	0	0	0	0	0	0	0	0	0	0	0	0	0	0	0	0	0	0	0	0	0	0	0	0	0	0	0	0	0	0	0	0	0	0	0	0	0	0	0	0	0	0	0	0	0	0	0	0	0	0	0	0	0	0	0	0	0	0	0	0	0	0	0	0	0	0	0	0	0	0	0	0	0	0
0.000105666693436	0	8.45333547484e-05	0	0.0215898188028	2.9586674162e-05	0.00171180043366	0.000194426715921	0.000625546825139	0.00348700088337	0.00179210712067	0	0.0065851483349	1.69066709497e-05	0.000680493505725	0.0012426403148	4.22666773742e-06	0.000169066709497	0	5.49466805865e-05	0.0129293766088	2.53600064245e-05	4.22666773742e-06	5.49466805865e-05	0.00598918818393	0	0.000169066709497	1.26800032123e-05	0.00707966846018	0.00123841364706	0	0	1.26800032123e-05	2.9586674162e-05	0.000841106879747	0	0	0	0	0.00513117463323	5.49466805865e-05	5.07200128491e-05	0.000156386706285	2.9586674162e-05	0.00409564103756	0.00286568072597	0	0.000659360167038	0	4.64933451116e-05	5.49466805865e-05	4.22666773742e-06	0	0	8.45333547484e-06	0.000845333547484	0	4.22666773742e-06	0	0.00500860126885	0	8.45333547484e-06	0	0.00379554762821	1.69066709497e-05	0	0	0	0	0	0.000177520044972	2.11333386871e-05	0.000502973460753	2.53600064245e-05	0.0011412002891	0.000126800032123	4.22666773742e-06	6.34000160613e-05	1.26800032123e-05	4.22666773742e-06	0	0.000135253367598	0	0
0	0	0	0	2.9586674162e-05	0.00377441428952	0.000650906831563	4.22666773742e-06	0.000486066789804	4.64933451116e-05	2.9586674162e-05	1.26800032123e-05	6.34000160613e-05	0.000143706703072	8.45333547484e-06	0.000604413486451	0	4.22666773742e-06	0	0	1.69066709497e-05	4.22666773742e-06	0	4.22666773742e-06	3.38133418994e-05	8.45333547484e-06	4.22666773742e-06	0	4.64933451116e-05	5.91733483239e-05	0	0	0.00176674711424	0	0.00123418697933	0	0	0	0	0	0	0	0	4.22666773742e-06	0	0	8.45333547484e-06	4.22666773742e-06	0	4.22666773742e-06	0	0	0	0	0	0	0	0	0	0	4.22666773742e-06	0	0	0	0	0	0	0	0	8.45333547484e-06	1.26800032123e-05	8.45333547484e-06	2.9586674162e-05	4.22666773742e-06	0.00108202694078	0.00134830700824	3.80400096368e-05	4.22666773742e-06	8.45333547484e-06	0	0	0	0	8.45333547484e-06
0.000642453496088	0	0.000236693393296	0	0.00171180043366	0.000650906831563	0.0532729201625	0.00792500200767	0.0230395658367	0.000600186818714	0.0235129526233	0.000532560134915	0.0201442984366	0.00106934693757	0.0134830700824	0.002688160681	0	0.00119614696969	0.000215560054609	0.00199076050433	0.00439150777918	0.000143706703072	0	0.000422666773742	0.00383358763784	0.000181746712709	0.00327989416424	0.00039308009958	0.0103046159438	0.00879146889384	4.22666773742e-06	4.22666773742e-06	0.000841106879747	0.000329680083519	0.00943392238993	4.22666773742e-05	2.9586674162e-05	0	0	0.000595960150977	0	0	0.00168221375949	8.0306687011e-05	0.00179210712067	0.00123418697933	0.000160613374022	0.0035461742317	1.26800032123e-05	0.000101440025698	2.11333386871e-05	0	0	8.45333547484e-06	5.07200128491e-05	8.45333547484e-06	1.26800032123e-05	0	0	0.00323340081913	4.64933451116e-05	9.29866902233e-05	5.07200128491e-05	0.00267548067779	6.34000160613e-05	0	0	0	1.69066709497e-05	0.000143706703072	0.00375750761857	0.000270506735195	0.00514808130418	0.000422666773742	0.00229508058142	0.000219786722346	0.000350813422206	0.000418440106005	0.000253600064245	8.0306687011e-05	8.45333547484e-06	2.11333386871e-05	8.45333547484e-06	8.87600224859e-05
0.00898166894202	0	0.0028572273905	0	0.000194426715921	4.22666773742e-06	0.00792500200767	0.0457705849285	0.0116740562908	2.53600064245e-05	0.00886754891311	8.45333547484e-06	0.000245146728771	0.000156386706285	0.00516498797513	0.000173293377234	8.45333547484e-06	0.0013102669986	0	0.000190200048184	6.76266837988e-05	0.00431120109217	0	0.0105074959952	0.00403646768924	4.22666773742e-06	0.000726986850837	7.60800192736e-05	0.0226718457435	0.00881260223253	0.00593424150334	0	0.00014793337081	0.00314464079664	0.00319536080949	1.26800032123e-05	4.22666773742e-06	0	0	8.45333547484e-06	0	0	3.80400096368e-05	4.22666773742e-06	5.91733483239e-05	2.11333386871e-05	8.45333547484e-06	5.07200128491e-05	0	1.26800032123e-05	0	0	0	8.45333547484e-06	0	4.22666773742e-06	0	0	8.45333547484e-06	6.34000160613e-05	0	4.22666773742e-06	1.69066709497e-05	6.76266837988e-05	8.45333547484e-06	0	0	0	0	4.22666773742e-06	0.00143706703072	0.00027896007067	0.00322494748365	0.000790386866898	0.000388853431843	0.000232466725558	3.80400096368e-05	0.00013102669986	4.22666773742e-06	4.64933451116e-05	1.69066709497e-05	4.22666773742e-06	1.26800032123e-05	4.64933451116e-05
0.00984390916046	8.45333547484e-06	0.00348700088337	0	0.000625546825139	0.000486066789804	0.0230395658367	0.0116740562908	0.0575207212386	0.000118346696648	0.0102961626084	0.00231198725237	0.00986081583141	0.00153850705642	0.0267167667682	0.00101440025698	4.22666773742e-06	0.000748120189524	0.000908733563546	0.00118346696648	0.00138212035014	0.00105244026662	0	0.00651752165111	0.0021006538655	0.000376173428631	0.00306856077737	0.000502973460753	0.00768408194663	0.0119107496841	0.00174984044329	8.45333547484e-06	0.0020668405236	0.000587506815502	0.00936206903839	1.26800032123e-05	2.53600064245e-05	0	0	0.000101440025698	0	0	0.000490293457541	0.00013102669986	0.000545240138128	0.000190200048184	0.000317000080307	0.00224858723631	1.69066709497e-05	0.000135253367598	4.22666773742e-06	0	0	0	2.53600064245e-05	8.45333547484e-06	2.11333386871e-05	0	4.22666773742e-06	0.000739666854049	8.0306687011e-05	5.91733483239e-05	2.53600064245e-05	0.0006551334993	4.64933451116e-05	0	0	0	4.22666773742e-06	0.00027896007067	0.00486489456577	0.000587506815502	0.0055115747296	0.00124686698254	0.00281918738086	0.00106512026983	0.00042689344148	0.000346586754469	0.000380400096368	2.9586674162e-05	1.26800032123e-05	4.22666773742e-06	4.22666773742e-06	0.000109893361173
8.45333547484e-06	0.00164840041759	0.000164840041759	0	0.00348700088337	4.64933451116e-05	0.000600186818714	2.53600064245e-05	0.000118346696648	0.0305165410642	0.000177520044972	2.11333386871e-05	0.00279382737444	0.000190200048184	0.000486066789804	0.00379132096047	0.000481840122066	0.000583280147764	0	0.000448026780167	0.00243878728449	4.22666773742e-06	0.00573981478742	5.49466805865e-05	0.016547404192	0.000135253367598	0.00152582705321	0.00243878728449	0.00748965523071	0.000828426876535	0	1.26800032123e-05	3.38133418994e-05	0	0.00190622714958	0.000710080179887	0.000126800032123	0	0	0.00128068032444	0.000202880051396	1.69066709497e-05	0.000109893361173	0.000329680083519	0.012265789774	0.00146242703715	2.53600064245e-05	0.000680493505725	0	0.00093409356997	0.000257826731983	0.00014793337081	1.26800032123e-05	8.45333547484e-06	9.29866902233e-05	0.000773480195948	3.38133418994e-05	0.000232466725558	7.18533515362e-05	0.0102623492665	1.69066709497e-05	0.000202880051396	0.000185973380447	0.00267970734553	0.000781933531423	0	8.45333547484e-06	0	0	0.000101440025698	0.000617093489664	0.000105666693436	0.00131449366634	0.00013102669986	0.00355462756717	8.45333547484e-06	0	0.00140325368882	0.000519880131703	0.000591733483239	0.000126800032123	0.000240920061033	4.22666773742e-06	1.69066709497e-05
0.000921413566758	0	0.000245146728771	0	0.00179210712067	2.9586674162e-05	0.0235129526233	0.00886754891311	0.0102961626084	0.000177520044972	0.0354955556589	9.29866902233e-05	0.013538016763	0.00029586674162	0.00791232200445	5.91733483239e-05	0	0.000502973460753	6.34000160613e-05	0.000274733402932	0.00723605516647	0.000156386706285	0	0.000841106879747	0.00200344050754	8.45333547484e-06	0.000600186818714	3.38133418994e-05	0.00828426876535	0.00492829458183	4.22666773742e-06	0	2.9586674162e-05	0.000219786722346	0.00352504089301	4.22666773742e-06	0	0	0	0.000781933531423	0	0	0.000101440025698	8.45333547484e-06	0.000173293377234	0.00042689344148	4.22666773742e-06	0.00250641396829	4.22666773742e-06	8.45333547484e-06	4.22666773742e-06	0	0	0	8.45333547484e-06	8.45333547484e-06	4.22666773742e-06	0	0	0.000304320077094	4.22666773742e-06	8.45333547484e-06	0	0.000152160038547	8.45333547484e-06	0	0	0	4.22666773742e-06	0	0.00155118705963	6.34000160613e-05	0.00171602710139	0.000194426715921	0.000473386786591	0.000101440025698	9.29866902233e-05	9.29866902233e-05	1.69066709497e-05	2.11333386871e-05	4.22666773742e-06	4.22666773742e-06	4.22666773742e-06	2.11333386871e-05
5.49466805865e-05	8.45333547484e-06	3.80400096368e-05	0	0	1.26800032123e-05	0.000532560134915	8.45333547484e-06	0.00231198725237	2.11333386871e-05	9.29866902233e-05	0.0287371139467	0.000270506735195	0.00998761586353	0.00577785479706	0	0	0.000355040089943	0.00401110768281	0.00454366781773	8.45333547484e-06	3.80400096368e-05	0	5.07200128491e-05	9.72133579607e-05	0.00607794820641	0.0097128824606	0.000240920061033	0.00011412002891	0.00965370911227	0.000156386706285	0.000566373476815	0.000938320237708	0	0.0135464700984	8.45333547484e-06	2.9586674162e-05	4.22666773742e-06	0	0	0	0	0.000139480035335	0.000169066709497	2.11333386871e-05	5.07200128491e-05	0.0029924807581	5.07200128491e-05	0.0039984276796	0.000185973380447	4.22666773742e-06	0	0	5.91733483239e-05	0	4.22666773742e-06	0	4.22666773742e-06	0	0.000173293377234	0.00138212035014	0.000338133418994	0.000405760102793	0.000169066709497	2.11333386871e-05	4.22666773742e-06	0.000317000080307	0	0	0.000397306767318	0.000122573364385	0.0023035339169	0.00415481438589	5.07200128491e-05	2.9586674162e-05	0.000460706783379	0.000883373557121	1.69066709497e-05	0.00333061417709	3.38133418994e-05	0	4.22666773742e-06	0	0.000126800032123
0.000600186818714	0	0.000164840041759	0	0.0065851483349	6.34000160613e-05	0.0201442984366	0.000245146728771	0.00986081583141	0.00279382737444	0.013538016763	0.000270506735195	0.0436149843825	0.00105666693436	0.0113570562105	0.00407450769888	4.22666773742e-06	0.000553693473602	0.000126800032123	0.000477613454329	0.0144002569814	1.69066709497e-05	0	2.11333386871e-05	0.00345318754147	0.000198653383659	0.00155118705963	0.000312773412569	0.00140325368882	0.00673308170571	4.22666773742e-06	8.45333547484e-06	5.07200128491e-05	4.22666773742e-06	0.00651752165111	4.22666773742e-06	2.11333386871e-05	0	0	0.0026543473391	8.45333547484e-06	0	0.000185973380447	8.0306687011e-05	0.000291640073882	0.00109048027626	0.000169066709497	0.00579476146801	1.26800032123e-05	8.45333547484e-05	1.26800032123e-05	0	0	0	4.22666773742e-06	8.0306687011e-05	4.22666773742e-06	0	0	0.000469160118854	4.64933451116e-05	2.53600064245e-05	1.69066709497e-05	0.000118346696648	3.80400096368e-05	0	0	0	0	0.000143706703072	0.0014117070243	0.000228240057821	0.00339824086089	0.000321226748044	0.00183437379804	0.000156386706285	0.000338133418994	7.60800192736e-05	0.000181746712709	1.26800032123e-05	0	5.49466805865e-05	0	7.18533515362e-05
2.9586674162e-05	0.000507200128491	4.22666773742e-06	0	1.69066709497e-05	0.000143706703072	0.00106934693757	0.000156386706285	0.00153850705642	0.000190200048184	0.00029586674162	0.00998761586353	0.00105666693436	0.0312773412569	0.00352081422527	8.45333547484e-06	0	0	0.000194426715921	3.80400096368e-05	0.000152160038547	4.22666773742e-06	9.29866902233e-05	1.69066709497e-05	7.60800192736e-05	0.0169235776206	0.00983545582498	0.00326721416103	0.000270506735195	0.00638226828351	0	0.00397306767318	0.0023035339169	3.38133418994e-05	0.0072402818342	5.07200128491e-05	0.000346586754469	0	0	1.26800032123e-05	4.22666773742e-06	0	2.11333386871e-05	0.000448026780167	8.87600224859e-05	2.53600064245e-05	0.0053425080201	0.000122573364385	0.00669081502834	0.000532560134915	2.53600064245e-05	0	0	0.000118346696648	4.22666773742e-06	2.53600064245e-05	8.45333547484e-06	2.53600064245e-05	0	3.38133418994e-05	0.00472541453044	0.00215137387835	0.00147510704036	8.45333547484e-06	0.00011412002891	0	0.000993266918294	0	0	0.00123841364706	0.000355040089943	0.00214292054287	0.00429429442122	0.00121305364064	0.000122573364385	0.00161881374343	0.00149624037905	6.76266837988e-05	0.00400265434734	0.000101440025698	1.26800032123e-05	2.53600064245e-05	1.26800032123e-05	0.000486066789804
0.010769549395	8.45333547484e-06	0.00229930724916	0	0.000680493505725	8.45333547484e-06	0.0134830700824	0.00516498797513	0.0267167667682	0.000486066789804	0.00791232200445	0.00577785479706	0.0113570562105	0.00352081422527	0.0542070137324	0.000135253367598	8.45333547484e-06	0.00103553359567	0.00182592046257	0.00178788045293	0.00218941388798	0.000862240218434	0	0.00396038766996	0.00150469371452	0.000815746873323	0.00677957505083	0.000790386866898	0.00574404145516	0.0264420333653	0.00309814745153	1.69066709497e-05	0.00226549390726	0.000169066709497	0.0167460575757	2.9586674162e-05	2.9586674162e-05	0	0	0.000312773412569	0	0	0.000912960231283	0.000321226748044	0.000756573524999	0.00112429361815	0.000663586834775	0.0029586674162	4.22666773742e-05	0.000338133418994	4.22666773742e-06	0	0	0	4.22666773742e-06	4.22666773742e-06	1.26800032123e-05	0	4.22666773742e-06	0.0021344672074	0.00014793337081	5.49466805865e-05	3.38133418994e-05	0.00146242703715	0.000118346696648	0	0	0	0	0.000600186818714	0.0039984276796	0.0011412002891	0.00893517559691	0.00119192030195	0.00083688021201	0.00122573364385	0.000477613454329	0.000198653383659	0.000714306847624	5.49466805865e-05	8.45333547484e-06	4.22666773742e-06	0	0.000215560054609
4.22666773742e-06	0	2.11333386871e-05	0	0.0012426403148	0.000604413486451	0.002688160681	0.000173293377234	0.00101440025698	0.00379132096047	5.91733483239e-05	0	0.00407450769888	8.45333547484e-06	0.000135253367598	0.0104440959792	0	0.000181746712709	0	0.000439573444692	0.00109893361173	0	4.22666773742e-06	6.34000160613e-05	0.00290794740335	0	0.00054101347039	6.34000160613e-05	0.000984813582819	0.000376173428631	4.22666773742e-06	0	0.000253600064245	1.26800032123e-05	0.000710080179887	9.29866902233e-05	0	0	0	4.22666773742e-06	0	0	0.000211333386871	8.0306687011e-05	0.000240920061033	7.60800192736e-05	0	8.45333547484e-06	0	0.000143706703072	4.22666773742e-06	0	0	4.22666773742e-06	5.91733483239e-05	0	0	0	0	0.000219786722346	0	8.0306687011e-05	1.26800032123e-05	0.000253600064245	5.91733483239e-05	0	0	0	0	2.11333386871e-05	0.000414213438267	2.11333386871e-05	0.000731213518574	6.34000160613e-05	0.0039308009958	2.9586674162e-05	0	0.000232466725558	0.000101440025698	5.91733483239e-05	2.11333386871e-05	1.69066709497e-05	0	4.22666773742e-06
8.45333547484e-06	2.11333386871e-05	0.000152160038547	0	4.22666773742e-06	0	0	8.45333547484e-06	4.22666773742e-06	0.000481840122066	0	0	4.22666773742e-06	0	8.45333547484e-06	0	0.0156471239639	9.29866902233e-05	8.45333547484e-06	4.22666773742e-06	4.22666773742e-06	0.00266280067458	0.00693173508937	0.00480994788519	0.0040998677053	0	0.00014793337081	0.00148356037584	0.000634000160613	4.22666773742e-05	0.000126800032123	0	0	1.26800032123e-05	0.000304320077094	0	0.000139480035335	0	0	4.22666773742e-06	0	0	4.22666773742e-06	0	0.00112852028589	0	0	0	0	4.22666773742e-06	0	0.00401956101829	0	0	0	0	0.00253177397472	0.00541858803938	0.00161881374343	0.000388853431843	4.22666773742e-06	8.45333547484e-06	0.00052410679944	0.000765026860473	0	4.22666773742e-06	0	0	0	0	0.00118346696648	0.000105666693436	0.000333906751256	0.000287413406145	0.000219786722346	0.000109893361173	0	6.34000160613e-05	4.22666773742e-06	1.69066709497e-05	2.11333386871e-05	0	0	0
0.00202880051396	3.38133418994e-05	0.0155160972641	0	0.000169066709497	4.22666773742e-06	0.00119614696969	0.0013102669986	0.000748120189524	0.000583280147764	0.000502973460753	0.000355040089943	0.000553693473602	0	0.00103553359567	0.000181746712709	9.29866902233e-05	0.0386571031265	4.22666773742e-06	0.00573136145194	0.00029586674162	0.0028572273905	0	0.0100172025377	0.00116233362779	0	0.0199752317271	0.00365184092513	0.00294176074525	0.00650484164789	0.00558342808114	4.22666773742e-06	4.22666773742e-06	0.000414213438267	0.016031750728	0.000253600064245	0.000160613374022	0	0	8.0306687011e-05	0	4.22666773742e-06	0.000329680083519	6.76266837988e-05	0.00142861369525	0.000312773412569	0	8.0306687011e-05	0	0.00029586674162	1.26800032123e-05	8.87600224859e-05	0.000143706703072	8.45333547484e-06	0.000152160038547	2.53600064245e-05	3.80400096368e-05	0.000156386706285	9.72133579607e-05	0.00167798709176	0	0.000194426715921	0.000245146728771	0.00157654706606	0.000287413406145	0	0	0	8.45333547484e-06	7.60800192736e-05	0.00348700088337	0.000693173508937	0.00913382898057	0.00146665370489	0.000224013390083	8.87600224859e-05	0	0.00125109365028	0.000300093409357	0.000308546744832	1.69066709497e-05	2.9586674162e-05	4.22666773742e-06	4.22666773742e-06
1.26800032123e-05	0	8.45333547484e-06	0	0	0	0.000215560054609	0	0.000908733563546	0	6.34000160613e-05	0.00401110768281	0.000126800032123	0.000194426715921	0.00182592046257	0	8.45333547484e-06	4.22666773742e-06	0.00565528143267	0.00110316027947	4.22666773742e-06	2.11333386871e-05	0	5.07200128491e-05	2.53600064245e-05	8.45333547484e-06	0.00267125401005	1.26800032123e-05	2.53600064245e-05	0.00246837395865	0	0	2.11333386871e-05	0	0.00294176074525	0	0	0	0	0	0	0	6.34000160613e-05	0	0	2.53600064245e-05	8.45333547484e-06	3.38133418994e-05	0	0	0	0	0	4.22666773742e-06	0	0	0	0	0	7.18533515362e-05	0	5.07200128491e-05	0	7.18533515362e-05	0	0	0	0	0	8.45333547484e-06	0.000173293377234	0.000101440025698	0.00109893361173	8.45333547484e-06	0	1.69066709497e-05	0	1.69066709497e-05	8.45333547484e-06	0	0	0	0	0
8.45333547484e-05	3.80400096368e-05	0.000169066709497	0	5.49466805865e-05	0	0.00199076050433	0.000190200048184	0.00118346696648	0.000448026780167	0.000274733402932	0.00454366781773	0.000477613454329	3.80400096368e-05	0.00178788045293	0.000439573444692	4.22666773742e-06	0.00573136145194	0.00110316027947	0.0150046704678	5.91733483239e-05	0.00013102669986	4.22666773742e-06	0.000190200048184	0.000773480195948	4.22666773742e-06	0.009577629093	0.000266280067458	0.00117924029874	0.00470005452401	0.000224013390083	0	4.22666773742e-06	8.45333547484e-06	0.00985236249593	0.000194426715921	0.000139480035335	0	0	3.80400096368e-05	0	4.22666773742e-06	0.000595960150977	0.000122573364385	0.00120460030517	0.000371946760893	0	9.29866902233e-05	0	0.000232466725558	1.69066709497e-05	4.22666773742e-06	0	1.26800032123e-05	8.87600224859e-05	2.9586674162e-05	4.22666773742e-06	8.45333547484e-06	8.45333547484e-06	0.00157232039832	1.69066709497e-05	0.000274733402932	0.000173293377234	0.0014455203662	0.000160613374022	0	0	0	1.26800032123e-05	4.22666773742e-05	0.00119614696969	0.000781933531423	0.00473809453365	7.60800192736e-05	5.49466805865e-05	1.69066709497e-05	0	0.000634000160613	0.000190200048184	0.000139480035335	8.45333547484e-06	2.9586674162e-05	4.22666773742e-06	4.22666773742e-06
0.000270506735195	0	0.000198653383659	0	0.0129293766088	1.69066709497e-05	0.00439150777918	6.76266837988e-05	0.00138212035014	0.00243878728449	0.00723605516647	8.45333547484e-06	0.0144002569814	0.000152160038547	0.00218941388798	0.00109893361173	4.22666773742e-06	0.00029586674162	4.22666773742e-06	5.91733483239e-05	0.0256347398275	2.53600064245e-05	0	3.38133418994e-05	0.00331793417388	2.9586674162e-05	0.000333906751256	5.91733483239e-05	0.00428161441801	0.00289949406787	0	0	5.49466805865e-05	1.69066709497e-05	0.00229508058142	0	0	0	0	0.00423934774063	2.9586674162e-05	4.22666773742e-06	1.26800032123e-05	4.22666773742e-05	0.00227817391047	0.00181746712709	2.53600064245e-05	0.00150469371452	0	4.64933451116e-05	2.9586674162e-05	0	0	0	4.22666773742e-06	0.0006551334993	0	0	0	0.00190200048184	4.22666773742e-06	4.22666773742e-06	0	0.00112429361815	2.53600064245e-05	0	0	0	0	2.53600064245e-05	0.000342360086731	8.87600224859e-05	0.00125109365028	0.000224013390083	0.000765026860473	0.000202880051396	4.22666773742e-05	6.34000160613e-05	2.53600064245e-05	0	0	8.87600224859e-05	0	1.26800032123e-05
0.00169912043044	0	0.00318690747402	0	2.53600064245e-05	4.22666773742e-06	0.000143706703072	0.00431120109217	0.00105244026662	4.22666773742e-06	0.000156386706285	3.80400096368e-05	1.69066709497e-05	4.22666773742e-06	0.000862240218434	0	0.00266280067458	0.0028572273905	2.11333386871e-05	0.00013102669986	2.53600064245e-05	0.0441010511723	0.000972133579607	0.0237834593585	0.00101017358924	0	0.00131449366634	0.000583280147764	0.00880414889705	0.000879146889384	0.00874074888099	0	0	8.87600224859e-05	0.00930289569007	4.22666773742e-06	1.69066709497e-05	4.22666773742e-06	0	4.22666773742e-06	0	0	4.22666773742e-06	4.22666773742e-06	0.000177520044972	0	0	4.22666773742e-06	0	2.9586674162e-05	0	5.49466805865e-05	0	0	5.49466805865e-05	4.22666773742e-06	0.00173293377234	0.00188509381089	0.00117078696327	8.45333547484e-06	0	6.34000160613e-05	0.000211333386871	7.18533515362e-05	1.26800032123e-05	4.22666773742e-06	0	0	0	3.80400096368e-05	0.00341514753184	0.000388853431843	0.00669926836381	0.00511426796228	0.00238806727164	0.00232889392332	4.22666773742e-06	0.000190200048184	3.80400096368e-05	0.000194426715921	0.000211333386871	4.22666773742e-06	0	1.69066709497e-05
0	0.00274733402932	0.00187241380768	0	4.22666773742e-06	0	0	0	0	0.00573981478742	0	0	0	9.29866902233e-05	0	4.22666773742e-06	0.00693173508937	0	0	4.22666773742e-06	0	0.000972133579607	0.026027819927	0.00591733483239	0.00549466805865	0.000194426715921	0.000380400096368	0.0100341092086	4.22666773742e-06	0	0	1.26800032123e-05	0	0	0	0	0.00188509381089	0	0	1.26800032123e-05	0	0	0	0	0.000959453576395	0	8.45333547484e-06	0	0	0	0	0.00701204177638	0	0	0	0	0.00207529385907	0.0128110299121	0.00326721416103	0.000853786882959	4.22666773742e-06	4.22666773742e-06	0.00633154827066	0.000781933531423	0	0	8.45333547484e-06	0	0	0	3.38133418994e-05	1.69066709497e-05	0	0	2.11333386871e-05	0	0	3.80400096368e-05	3.38133418994e-05	0	0	0	0	0
0.00825890875892	8.45333547484e-06	0.0222195922956	0	5.49466805865e-05	4.22666773742e-06	0.000422666773742	0.0105074959952	0.00651752165111	5.49466805865e-05	0.000841106879747	5.07200128491e-05	2.11333386871e-05	1.69066709497e-05	0.00396038766996	6.34000160613e-05	0.00480994788519	0.0100172025377	5.07200128491e-05	0.000190200048184	3.38133418994e-05	0.0237834593585	0.00591733483239	0.0881809690058	0.00124686698254	0	0.00379132096047	0.0097466958025	0.0052072546525	0.00410409437304	0.00801798869789	0	8.45333547484e-06	0.00013102669986	0.00713884180851	1.26800032123e-05	0.000536786802653	1.69066709497e-05	0	0	0	0	1.69066709497e-05	0	0.000181746712709	8.45333547484e-06	0	2.11333386871e-05	0	3.80400096368e-05	0	0.00785737532387	4.22666773742e-06	4.22666773742e-06	8.0306687011e-05	0	0.00215982721382	0.0105582160081	0.00547353471996	0.000156386706285	0	0.000126800032123	0.00408296103435	0.000308546744832	6.34000160613e-05	0	0	0	0	7.60800192736e-05	0.013538016763	0.00140748035656	0.00938742904482	0.0096114424349	0.00258249398757	0.00252754730698	8.45333547484e-06	0.000870693553909	0.000122573364385	0.000481840122066	0.000604413486451	1.69066709497e-05	4.22666773742e-06	1.26800032123e-05
0.00040998677053	0.00124686698254	0.000498746793016	0	0.00598918818393	3.38133418994e-05	0.00383358763784	0.00403646768924	0.0021006538655	0.016547404192	0.00200344050754	9.72133579607e-05	0.00345318754147	7.60800192736e-05	0.00150469371452	0.00290794740335	0.0040998677053	0.00116233362779	2.53600064245e-05	0.000773480195948	0.00331793417388	0.00101017358924	0.00549466805865	0.00124686698254	0.0439108511241	5.49466805865e-05	0.00150892038226	0.00215560054609	0.0179168445389	0.00374060094762	0.00040998677053	4.22666773742e-06	8.0306687011e-05	0.000321226748044	0.00329257416745	1.69066709497e-05	8.0306687011e-05	4.22666773742e-06	0	0.000989040250557	4.22666773742e-05	1.26800032123e-05	0.00026205339972	1.69066709497e-05	0.0114542695684	0.000308546744832	0	0.000363493425418	0	1.26800032123e-05	6.34000160613e-05	9.29866902233e-05	4.22666773742e-06	1.26800032123e-05	2.11333386871e-05	0.000355040089943	0.00200344050754	0.00169912043044	8.87600224859e-05	0.00893094892917	4.22666773742e-06	8.0306687011e-05	0.000126800032123	0.00604413486451	2.9586674162e-05	0	0	0	8.45333547484e-06	0	0.00205838718812	0.000152160038547	0.00211756053645	0.000270506735195	0.00338978752541	0.000156386706285	4.22666773742e-06	0.000431120109217	0.000240920061033	6.34000160613e-05	6.34000160613e-05	0.000122573364385	4.22666773742e-06	0
2.53600064245e-05	0.00159768040475	4.22666773742e-06	0	0	8.45333547484e-06	0.000181746712709	4.22666773742e-06	0.000376173428631	0.000135253367598	8.45333547484e-06	0.00607794820641	0.000198653383659	0.0169235776206	0.000815746873323	0	0	0	8.45333547484e-06	4.22666773742e-06	2.9586674162e-05	0	0.000194426715921	0	5.49466805865e-05	0.0234749126136	0.00649216164468	0.0053086946782	1.69066709497e-05	0.00193581382374	8.45333547484e-06	0.00315309413212	0.000376173428631	0	0.00251486730377	0	0.000997493586032	0	0	0	4.22666773742e-06	0	0	0.000794613534635	2.11333386871e-05	4.22666773742e-06	0.00617516156437	2.11333386871e-05	0.00701626844412	0.000781933531423	1.69066709497e-05	0	0	8.87600224859e-05	8.45333547484e-06	0	0	2.11333386871e-05	0	2.53600064245e-05	0.00562992142625	0.00214292054287	0.00202034717849	0	0.000160613374022	0	0.000959453576395	0	0	0.00199498717206	0.00011412002891	0.00171180043366	0.00132294700181	8.45333547484e-06	4.22666773742e-06	0.000143706703072	0.000646680163826	1.26800032123e-05	0.00532560134915	6.34000160613e-05	0	8.45333547484e-06	0	0.000798840202373
0.000972133579607	0.00252332063924	0.00907042896451	0	0.000169066709497	4.22666773742e-06	0.00327989416424	0.000726986850837	0.00306856077737	0.00152582705321	0.000600186818714	0.0097128824606	0.00155118705963	0.00983545582498	0.00677957505083	0.00054101347039	0.00014793337081	0.0199752317271	0.00267125401005	0.009577629093	0.000333906751256	0.00131449366634	0.000380400096368	0.00379132096047	0.00150892038226	0.00649216164468	0.0970442912512	0.0237073793392	0.00267548067779	0.0114838562426	0.000963680244132	0.00647102830599	0.000697400176675	0.000346586754469	0.0199202850465	0.00055792014134	0.00941701571898	2.53600064245e-05	0	0.000143706703072	4.22666773742e-06	5.91733483239e-05	0.00081997354106	0.000359266757681	0.00210910720097	0.000595960150977	0.00309814745153	0.000194426715921	0.00321649414818	0.00100594692151	4.64933451116e-05	0.000109893361173	0.000760800192736	0.000642453496088	0.000870693553909	0.000249373396508	8.0306687011e-05	0.000211333386871	0.000325453415782	0.00266280067458	0.0042689344148	0.0122235230966	0.0112048961719	0.00238806727164	0.000773480195948	2.11333386871e-05	0.00113697362137	0	2.9586674162e-05	0.000591733483239	0.0101947225827	0.00852096215864	0.0184240446674	0.00303474743547	0.000156386706285	0.000439573444692	0.000317000080307	0.00446758779846	0.00293753407751	0.00122573364385	0.000422666773742	0.000245146728771	2.9586674162e-05	0.000224013390083
0.000105666693436	0.0128110299121	0.020347178488	0	1.26800032123e-05	0	0.00039308009958	7.60800192736e-05	0.000502973460753	0.00243878728449	3.38133418994e-05	0.000240920061033	0.000312773412569	0.00326721416103	0.000790386866898	6.34000160613e-05	0.00148356037584	0.00365184092513	1.26800032123e-05	0.000266280067458	5.91733483239e-05	0.000583280147764	0.0100341092086	0.0097466958025	0.00215560054609	0.0053086946782	0.0237073793392	0.0816888073612	0.000371946760893	0.000456480115642	1.69066709497e-05	0.000984813582819	4.22666773742e-06	2.11333386871e-05	0.00147088037262	5.07200128491e-05	0.0180182845646	2.9586674162e-05	0	2.53600064245e-05	0	3.38133418994e-05	0.00013102669986	5.49466805865e-05	0.000215560054609	4.64933451116e-05	0.000439573444692	3.38133418994e-05	0.000380400096368	0.000443800112429	4.22666773742e-06	0.00575672145837	0.000384626764105	0.000211333386871	0.000452253447904	6.76266837988e-05	4.64933451116e-05	0.00959453576395	0.0031404141289	0.000414213438267	0.00171180043366	0.00552002806507	0.0303474743547	0.000270506735195	0.000634000160613	1.26800032123e-05	0.000304320077094	0	1.26800032123e-05	0.000743893521786	0.00722760183099	0.00138634701787	0.00372792094441	0.00224858723631	2.53600064245e-05	1.26800032123e-05	0	0.00309814745153	0.00111584028268	0.00118769363422	0.000435346776955	7.18533515362e-05	0	0
0.00298402742262	0	0.00205838718812	0	0.00707966846018	4.64933451116e-05	0.0103046159438	0.0226718457435	0.00768408194663	0.00748965523071	0.00828426876535	0.00011412002891	0.00140325368882	0.000270506735195	0.00574404145516	0.000984813582819	0.000634000160613	0.00294176074525	2.53600064245e-05	0.00117924029874	0.00428161441801	0.00880414889705	4.22666773742e-06	0.0052072546525	0.0179168445389	1.69066709497e-05	0.00267548067779	0.000371946760893	0.0791739400574	0.0143960303137	0.0058623881518	0	0.000270506735195	0.00388008098295	0.0123249631223	0.000185973380447	0.000152160038547	0	0	0.00149624037905	0.000152160038547	1.26800032123e-05	0.000367720093156	9.72133579607e-05	0.012942056612	0.00280650737765	2.11333386871e-05	0.000198653383659	0	0.000232466725558	0.000173293377234	6.76266837988e-05	2.53600064245e-05	1.69066709497e-05	0.00029586674162	7.18533515362e-05	0.000211333386871	0.000126800032123	0.000126800032123	0.013360496718	1.26800032123e-05	0.000545240138128	0.000317000080307	0.00654710832527	4.22666773742e-05	0	0	0	8.45333547484e-06	3.38133418994e-05	0.00539745470069	0.000431120109217	0.0108202694078	0.00336442751899	0.00327989416424	0.00136098701145	3.80400096368e-05	0.00341514753184	0.00143284036299	0.000228240057821	0.000173293377234	7.18533515362e-05	1.69066709497e-05	6.76266837988e-05
0.0103468826212	1.26800032123e-05	0.00307278744511	0	0.00123841364706	5.91733483239e-05	0.00879146889384	0.00881260223253	0.0119107496841	0.000828426876535	0.00492829458183	0.00965370911227	0.00673308170571	0.00638226828351	0.0264420333653	0.000376173428631	4.22666773742e-05	0.00650484164789	0.00246837395865	0.00470005452401	0.00289949406787	0.000879146889384	0	0.00410409437304	0.00374060094762	0.00193581382374	0.0114838562426	0.000456480115642	0.0143960303137	0.0638522695092	0.00841952213295	3.38133418994e-05	0.00371101427346	0.00509736129133	0.031099821212	8.45333547484e-05	2.53600064245e-05	0	0	0.000528333467178	0	0	0.00144129369846	0.000486066789804	0.00215982721382	0.00172870710461	0.00152160038547	0.00187241380768	0.00013102669986	0.000553693473602	2.11333386871e-05	4.22666773742e-06	0	2.11333386871e-05	5.91733483239e-05	1.26800032123e-05	1.69066709497e-05	4.22666773742e-06	4.22666773742e-06	0.0042351210729	0.000143706703072	0.000101440025698	1.69066709497e-05	0.00330525417066	0.000177520044972	0	0	0	1.26800032123e-05	0.00114965362458	0.00284032071955	0.00159768040475	0.0136479101241	0.00196117383016	0.000718533515362	0.00234157392653	0.000312773412569	0.00093409356997	0.00171180043366	0.000126800032123	8.45333547484e-06	2.9586674162e-05	4.22666773742e-06	0.000325453415782
0.0074093485437	0	0.00417172105684	0	0	0	4.22666773742e-06	0.00593424150334	0.00174984044329	0	4.22666773742e-06	0.000156386706285	4.22666773742e-06	0	0.00309814745153	4.22666773742e-06	0.000126800032123	0.00558342808114	0	0.000224013390083	0	0.00874074888099	0	0.00801798869789	0.00040998677053	8.45333547484e-06	0.000963680244132	1.69066709497e-05	0.0058623881518	0.00841952213295	0.0317845413854	0	0	0.000473386786591	0.00676689504761	0	0	0	0	0	0	0	0	0	0	0	8.45333547484e-06	4.22666773742e-06	0	0	0	0	0	0	0	0	0	0	0	0	0	0	0	0	0	0	0	0	0	8.45333547484e-06	2.53600064245e-05	2.9586674162e-05	0.00154273372416	0.000202880051396	0.000135253367598	5.49466805865e-05	0	0	8.45333547484e-06	0	0	0	0	0
0	8.0306687011e-05	8.45333547484e-06	0	0	0	4.22666773742e-06	0	8.45333547484e-06	1.26800032123e-05	0	0.000566373476815	8.45333547484e-06	0.00397306767318	1.69066709497e-05	0	0	4.22666773742e-06	0	0	0	0	1.26800032123e-05	0	4.22666773742e-06	0.00315309413212	0.00647102830599	0.000984813582819	0	3.38133418994e-05	0	0.00684720173462	4.22666773742e-06	0	9.72133579607e-05	0	0.000118346696648	0	0	0	4.22666773742e-06	0	0	0	2.53600064245e-05	0	0.00121305364064	0	0.00146242703715	4.22666773742e-06	2.53600064245e-05	0	0	4.64933451116e-05	0	0	0	2.53600064245e-05	0	2.53600064245e-05	0.00161036040796	0.000684720173462	0.000684720173462	0	0	0	0.000621320157401	0	0	2.11333386871e-05	8.45333547484e-06	0.000181746712709	4.64933451116e-05	4.22666773742e-06	0	4.22666773742e-06	4.22666773742e-06	0	0.000152160038547	8.45333547484e-06	0	1.69066709497e-05	0	4.22666773742e-06
4.22666773742e-06	0	4.22666773742e-06	0	1.26800032123e-05	0.00176674711424	0.000841106879747	0.00014793337081	0.0020668405236	3.38133418994e-05	2.9586674162e-05	0.000938320237708	5.07200128491e-05	0.0023035339169	0.00226549390726	0.000253600064245	0	4.22666773742e-06	2.11333386871e-05	4.22666773742e-06	5.49466805865e-05	0	0	8.45333547484e-06	8.0306687011e-05	0.000376173428631	0.000697400176675	4.22666773742e-06	0.000270506735195	0.00371101427346	0	4.22666773742e-06	0.00783201531744	1.26800032123e-05	0.00423089440516	0	0	0	0	4.22666773742e-06	0	0	5.49466805865e-05	0.000101440025698	4.22666773742e-05	2.53600064245e-05	0.000308546744832	1.26800032123e-05	1.26800032123e-05	0.000101440025698	0	0	0	0	4.22666773742e-06	0	0	0	0	6.34000160613e-05	6.34000160613e-05	4.22666773742e-06	0	6.34000160613e-05	2.11333386871e-05	0	0	0	0	0.00027896007067	0.000549466805865	0.000401533435055	0.00143284036299	0.000435346776955	0.000519880131703	0.00276424070027	0.000185973380447	3.80400096368e-05	0.000312773412569	4.22666773742e-06	0	0	0	0.00011412002891
0.000486066789804	0	0.000333906751256	0	2.9586674162e-05	0	0.000329680083519	0.00314464079664	0.000587506815502	0	0.000219786722346	0	4.22666773742e-06	3.38133418994e-05	0.000169066709497	1.26800032123e-05	1.26800032123e-05	0.000414213438267	0	8.45333547484e-06	1.69066709497e-05	8.87600224859e-05	0	0.00013102669986	0.000321226748044	0	0.000346586754469	2.11333386871e-05	0.00388008098295	0.00509736129133	0.000473386786591	0	1.26800032123e-05	0.0058962014937	0.00250218730055	0	0	0	0	0	0	0	0	0	0	4.22666773742e-06	0	0	0	0	0	0	0	0	0	4.22666773742e-06	0	0	0	0	0	4.22666773742e-06	4.22666773742e-06	0	0	0	0	0	0	0	0.000122573364385	0.000164840041759	0.00188509381089	0.000194426715921	4.22666773742e-06	1.26800032123e-05	0	3.80400096368e-05	0	1.26800032123e-05	4.22666773742e-06	0	0	1.26800032123e-05
0.00159345373701	1.69066709497e-05	0.00484376122709	0	0.000841106879747	0.00123418697933	0.00943392238993	0.00319536080949	0.00936206903839	0.00190622714958	0.00352504089301	0.0135464700984	0.00651752165111	0.0072402818342	0.0167460575757	0.000710080179887	0.000304320077094	0.016031750728	0.00294176074525	0.00985236249593	0.00229508058142	0.00930289569007	0	0.00713884180851	0.00329257416745	0.00251486730377	0.0199202850465	0.00147088037262	0.0123249631223	0.031099821212	0.00676689504761	9.72133579607e-05	0.00423089440516	0.00250218730055	0.0729480584802	0.000579053480027	7.60800192736e-05	0	0	0.000448026780167	0	4.22666773742e-06	0.0014793337081	0.000912960231283	0.00306433410963	0.00149201371131	0.0018639604722	0.000756573524999	0.000224013390083	0.00153005372095	2.53600064245e-05	4.22666773742e-06	0	2.9586674162e-05	0.000139480035335	8.0306687011e-05	7.18533515362e-05	7.18533515362e-05	0.000101440025698	0.00475922787234	0.000211333386871	0.000274733402932	0.000118346696648	0.00398574767639	0.000832653544272	0	4.22666773742e-06	0	1.69066709497e-05	0.00142016035977	0.00388853431843	0.00229508058142	0.034269822015	0.00648793497694	0.00281496071312	0.00620897490627	0.000583280147764	0.00186818713994	0.00229508058142	0.000553693473602	0.00011412002891	8.87600224859e-05	1.69066709497e-05	0.000473386786591
0	0	6.76266837988e-05	0	0	0	4.22666773742e-05	1.26800032123e-05	1.26800032123e-05	0.000710080179887	4.22666773742e-06	8.45333547484e-06	4.22666773742e-06	5.07200128491e-05	2.9586674162e-05	9.29866902233e-05	0	0.000253600064245	0	0.000194426715921	0	4.22666773742e-06	0	1.26800032123e-05	1.69066709497e-05	0	0.00055792014134	5.07200128491e-05	0.000185973380447	8.45333547484e-05	0	0	0	0	0.000579053480027	0.0351827822463	3.38133418994e-05	0.00385894764427	0	0.000456480115642	8.45333547484e-06	0.00100172025377	0.0165009108469	0.00598073484845	0.000101440025698	0.00655978832848	0.000976360247345	0.000224013390083	0	0.0184874446835	8.45333547484e-06	6.34000160613e-05	0.00242188061354	0.000815746873323	0.000312773412569	0.00188509381089	0.000376173428631	4.22666773742e-06	0.00392657432807	0.00274310736159	0	0.000832653544272	0.00171602710139	0.00562992142625	0.0133055500374	0.00494097458505	0	0	0.00220632055893	0.00294598741298	0.000697400176675	5.91733483239e-05	0.000511426796228	4.22666773742e-05	5.49466805865e-05	4.22666773742e-06	1.26800032123e-05	0.00145397370167	0.000477613454329	0.00349545421885	0.000629773492876	7.60800192736e-05	3.38133418994e-05	7.60800192736e-05
