0.0329484796289	0	3.41081569657e-05	0	8.10068727936e-05	0	0.000162013745587	0.0197571499224	0.0158091307536	9.80609512765e-05	0.0060712519399	0.00188021215274	4.26351962072e-05	8.52703924143e-06	0.0170114432867	4.26351962072e-06	1.70540784829e-05	0.000584102188038	0.000720534815901	0.00225966539898	0.000430615481692	0.00153913058308	0	0.000643791462728	0.000882548561488	0	0.00312089636237	0.000208912461415	0.00650186742159	0.0146323993383	0.00888091136995	4.26351962072e-06	8.52703924143e-06	0.00175230656411	0.01045415011	0	8.52703924143e-06	0	0	2.9844637345e-05	0	4.26351962072e-06	2.13175981036e-05	0	7.67433531729e-05	3.83716765865e-05	4.26351962072e-05	4.68987158279e-05	4.26351962072e-05	1.27905588622e-05	0	0	2.55811177243e-05	4.26351962072e-06	8.52703924143e-06	3.41081569657e-05	3.83716765865e-05	3.83716765865e-05	5.968927469e-05	0.000251547657622	1.27905588622e-05	8.10068727936e-05	5.968927469e-05	8.10068727936e-05	4.68987158279e-05	4.26351962072e-06	2.9844637345e-05	0	0	0.000110851510139	0.000456196599417	2.13175981036e-05	0.00836076197623	0.000946501355799	0.000170540784829	8.52703924143e-05	0	0.000157750225967	4.26351962072e-06	0.000123642069001	6.82163139315e-05	4.26351962072e-06	0	0
0	0.0187211146546	0.000319763971554	0	0	0	0	0	0	0.00241315210533	0	4.26351962072e-06	0	0.000396507324727	0	0	0.000984873032386	0.00023875709876	0	0	0	0	0.00543172399679	8.10068727936e-05	0.000827122806419	0.00349608608899	0.00254958473319	0.0159881985777	7.67433531729e-05	0	0	0	0	0	3.83716765865e-05	4.26351962072e-06	0.00744836877739	2.13175981036e-05	0	0	0	0	4.26351962072e-06	0	4.26351962072e-06	0	0	0	2.55811177243e-05	4.26351962072e-06	0	2.13175981036e-05	3.41081569657e-05	0	4.26351962072e-06	0	4.26351962072e-06	1.70540784829e-05	1.27905588622e-05	0	0.00041356140321	0.000332554530416	0.00706465201153	1.27905588622e-05	1.27905588622e-05	4.26351962072e-06	2.13175981036e-05	0	0	1.27905588622e-05	1.27905588622e-05	4.26351962072e-06	0	0	0	0	0	5.54257550693e-05	3.83716765865e-05	1.27905588622e-05	0	0	0	4.26351962072e-06
3.41081569657e-05	0.000319763971554	0.0429080614629	0	0	0	0.000127905588622	0.000102324470897	8.52703924143e-06	3.41081569657e-05	8.52703924143e-06	4.26351962072e-06	2.13175981036e-05	0	1.70540784829e-05	0	0	0.00917083070416	6.82163139315e-05	5.11622354486e-05	0	0.00127479236659	0.000579838668418	0.0133448164128	4.26351962072e-06	0	0.00862083667309	0.0196931971281	0.000106587990518	3.41081569657e-05	0.00065658202159	0	0	4.26351962072e-06	0.00149649538687	0	0.00686000306973	0.00403755308082	0	4.26351962072e-06	0	0	1.70540784829e-05	0	6.39527943108e-05	0	0	4.26351962072e-06	0	0	0	0.000247284138002	0.00209338813377	4.26351962072e-06	7.24798335522e-05	4.26351962072e-06	0.000204648941794	0.000895339120351	0.0061948940089	2.13175981036e-05	4.26351962072e-06	0.00165424561284	0.0110084076607	9.80609512765e-05	0	2.9844637345e-05	4.26351962072e-06	0	0	0.000132169108242	0.00437437113086	0.000818595767178	0.00257090233129	0.00112983269949	8.52703924143e-06	4.26351962072e-06	0	0.000959291914661	0.000102324470897	0.000464723638658	0.000234493579139	0	0	0
0	0	0	0	0	0	0	0	0	0	0	0	0	0	0	0	0	0	0	0	0	0	0	0	0	0	0	0	0	0	0	0	0	0	0	0	0	0	0	0	0	0	0	0	0	0	0	0	0	0	0	0	0	0	0	0	0	0	0	0	0	0	0	0	0	0	0	0	0	0	0	0	0	0	0	0	0	0	0	0	0	0	0	0
8.10068727936e-05	0	0	0	0.0279217899961	2.9844637345e-05	0.00190152975084	0.00128758292546	0.00312515988199	0.00152634002422	0.00273291607688	0.00071200777666	0.00872742466361	2.13175981036e-05	0.00065658202159	0.000925183757696	0	8.52703924143e-06	0.00110425158177	0.000157750225967	0.00708596960963	2.13175981036e-05	4.26351962072e-06	2.55811177243e-05	0.0178215120146	0	0.000912393198834	0.000136432627863	0.0092816822143	0.00211470573188	4.26351962072e-06	2.55811177243e-05	2.13175981036e-05	0.000115115029759	0.00292051094019	7.24798335522e-05	0	0	0	0.00748674045398	5.968927469e-05	0.000673636100073	2.13175981036e-05	4.26351962072e-05	0.00564916349745	0.00412708699285	8.10068727936e-05	0.00776386922933	3.83716765865e-05	0.0005968927469	0.000183331343691	0	0	1.70540784829e-05	2.55811177243e-05	0.00817316711292	0	4.26351962072e-06	1.27905588622e-05	0.00605846138104	1.27905588622e-05	2.55811177243e-05	8.52703924143e-06	5.968927469e-05	0.000362399167761	0	1.27905588622e-05	1.27905588622e-05	0	0.000200385422174	0.000281392294967	4.26351962072e-05	0.00200385422174	0.000285655814588	0.000903866159592	8.52703924143e-05	0	8.52703924143e-05	1.27905588622e-05	0.00011937854938	4.26351962072e-05	0.000136432627863	6.39527943108e-05	0
0	0	0	0	2.9844637345e-05	0.00801541688695	0.00278834183195	0.000631000903866	0.00219571260467	0.000387980285485	0.000170540784829	0	5.54257550693e-05	0	0.000805805208316	0.0030867882054	4.26351962072e-06	0	0	0	4.26351962072e-06	4.26351962072e-06	8.52703924143e-06	1.27905588622e-05	0.000694953698177	0	0	0	0.000899602639971	0.000234493579139	4.26351962072e-06	0	0.00158602929891	4.26351962072e-06	0.000643791462728	0	0	4.26351962072e-06	0	0.000213175981036	5.54257550693e-05	4.26351962072e-06	3.41081569657e-05	0	0.00053293995259	1.70540784829e-05	0	0.000136432627863	0	0	6.39527943108e-05	4.26351962072e-06	0	0	0	6.82163139315e-05	3.83716765865e-05	0	0	0.000319763971554	0	4.26351962072e-06	4.26351962072e-06	0.000115115029759	0	1.27905588622e-05	0	0	0	0	0.000490304756382	0	0.000140696147484	0.000115115029759	0.00346197793202	0.00130890052356	0	3.83716765865e-05	2.13175981036e-05	0	0	6.82163139315e-05	4.68987158279e-05	0
0.000162013745587	0	0.000127905588622	0	0.00190152975084	0.00278834183195	0.0393224414619	0.00771270699388	0.0234919931102	0.000558521070314	0.0123173081843	0.000878285041868	0.00784487610212	0.000123642069001	0.00521428449614	0.00327011954909	0	6.82163139315e-05	0.000865494483006	6.82163139315e-05	0.00240888858571	1.27905588622e-05	1.27905588622e-05	3.83716765865e-05	0.00273291607688	0	0.000643791462728	0.000387980285485	0.00454491191568	0.0028608216655	2.13175981036e-05	0.000110851510139	0.0012151030919	0.000102324470897	0.00321895731364	1.27905588622e-05	7.24798335522e-05	0.000366662687382	0	0.000144959667104	9.80609512765e-05	1.27905588622e-05	5.54257550693e-05	1.27905588622e-05	0.000810068727936	0.000157750225967	4.26351962072e-06	0.000669372580453	0	4.26351962072e-06	0.000106587990518	1.27905588622e-05	7.24798335522e-05	0	5.54257550693e-05	0.00017906782407	0.000264338216484	1.27905588622e-05	0.000601156266521	0.000243020618381	0	6.39527943108e-05	0.000920920238075	0.000302709893071	4.26351962072e-06	5.11622354486e-05	0	1.27905588622e-05	0	6.39527943108e-05	0.00136858979825	0.000251547657622	0.0011724678957	0.000511622354486	0.00376468782509	0.000933710796937	4.26351962072e-06	0.00144959667104	5.968927469e-05	0.000584102188038	0.000426351962072	0.000102324470897	0.000102324470897	0
0.0197571499224	0	0.000102324470897	0	0.00128758292546	0.000631000903866	0.00771270699388	0.0630361375923	0.0205544280915	0.000511622354486	0.0117033613589	0.000955028395041	0.000187594863312	8.52703924143e-06	0.0158176577929	0.0005968927469	1.70540784829e-05	0.000490304756382	0.000392243805106	0.00108719750328	0.000127905588622	0.00238330746798	0	0.00114262325835	0.00445111448403	0	0.00196974606477	0.000187594863312	0.0234067227177	0.0153145624776	0.00844176884902	4.26351962072e-06	7.24798335522e-05	0.00839913365281	0.0141463581015	3.41081569657e-05	2.9844637345e-05	1.70540784829e-05	0	0.00140696147484	4.26351962072e-06	0.000422088442451	0.000635264423487	4.26351962072e-05	0.00541466991831	0.00144959667104	0.000136432627863	0.00118952197418	1.70540784829e-05	0.000281392294967	4.26351962072e-06	3.83716765865e-05	4.26351962072e-06	0	4.26351962072e-06	0.0011724678957	9.37974316558e-05	9.37974316558e-05	7.67433531729e-05	0.00577280556645	0	2.55811177243e-05	9.80609512765e-05	0.00162013745587	0.000302709893071	3.83716765865e-05	1.70540784829e-05	0	2.55811177243e-05	0.000332554530416	0.0014410696318	4.26351962072e-05	0.0108378668759	0.00317632211743	0.00222555724201	0.00041356140321	0	0.00124921124887	0.000127905588622	0.000447669560175	0.000272865255726	8.52703924143e-06	4.26351962072e-06	0
0.0158091307536	0	8.52703924143e-06	0	0.00312515988199	0.00219571260467	0.0234919931102	0.0205544280915	0.0688132066784	0.000822859286798	0.0225327011955	0.00449801319986	0.00863362723195	0.000230230059519	0.0241144669748	0.00205075293757	0	0.000349608608899	0.00397360028651	0.0038286406194	0.00795146409264	0.00029844637345	0	0.000260074696864	0.00435731705237	0	0.00711581424698	0.000908129679213	0.00971229769599	0.011814212869	0.000886812081109	0.000174804304449	0.00180773231918	0.000503095315245	0.017817248495	1.27905588622e-05	1.70540784829e-05	2.9844637345e-05	0	0.000247284138002	8.10068727936e-05	6.39527943108e-05	0.000162013745587	2.13175981036e-05	0.00166277265208	0.000366662687382	0.000200385422174	0.000916656718454	0.000144959667104	0.000174804304449	8.52703924143e-05	0.000102324470897	7.67433531729e-05	1.27905588622e-05	1.70540784829e-05	0.000302709893071	0.000204648941794	2.13175981036e-05	7.24798335522e-05	0.00138138035711	5.54257550693e-05	0.000370926207002	0.000247284138002	0.000567048109555	0.000362399167761	5.54257550693e-05	0.000115115029759	1.27905588622e-05	0	0.000545730511452	0.00312942340161	0.000225966539898	0.0143595340826	0.00226819243822	0.00495420979927	0.00147517778877	3.83716765865e-05	0.000724798335522	0.000140696147484	0.000511622354486	0.000247284138002	0.000123642069001	8.10068727936e-05	0
9.80609512765e-05	0.00241315210533	3.41081569657e-05	0	0.00152634002422	0.000387980285485	0.000558521070314	0.000511622354486	0.000822859286798	0.0307655575831	9.80609512765e-05	8.52703924143e-06	0.00197400958439	3.41081569657e-05	0.000605419786142	0.00114688677797	0.00608830601838	4.26351962072e-05	2.55811177243e-05	2.55811177243e-05	8.52703924143e-05	0.00317205859781	0.0116053004076	0.00575575148797	0.00963555434282	0.000464723638658	0.000306973412692	0.00169688080905	0.00515885874107	0.00246005082115	0.0027371795965	0	8.52703924143e-06	0.00185036751539	0.00544025103604	1.70540784829e-05	0.000383716765865	6.82163139315e-05	0	0.00177362416222	0.000264338216484	2.9844637345e-05	0.000468987158279	2.13175981036e-05	0.0102537646878	0.000106587990518	8.52703924143e-06	0.00065658202159	8.52703924143e-06	5.11622354486e-05	0.000294182853829	0.00379453246244	1.70540784829e-05	4.26351962072e-05	1.27905588622e-05	0.00144533315142	0.00174804304449	0.00709876016849	0.00242167914457	0.00516738578031	4.26351962072e-06	0.000127905588622	0.000669372580453	0.00503521667207	6.39527943108e-05	0.000191858382932	4.26351962072e-06	0	0	6.39527943108e-05	0.00373910670737	0.000102324470897	0.000447669560175	0.000208912461415	0.00244726026229	4.26351962072e-06	0	0.00346197793202	0.000788751129833	0.000694953698177	0.000639527943108	0.000277128775347	0.000213175981036	0
0.0060712519399	0	8.52703924143e-06	0	0.00273291607688	0.000170540784829	0.0123173081843	0.0117033613589	0.0225327011955	9.80609512765e-05	0.0429251155414	0.0017906782407	0.00159881985777	2.9844637345e-05	0.00709023312925	1.27905588622e-05	0	0.000191858382932	0.000989136552006	0.00249842249774	0.00461739174924	2.13175981036e-05	0	4.68987158279e-05	0.000746115933626	0	0.00376468782509	0.000400770844347	0.0136432627863	0.0050224261132	5.11622354486e-05	8.52703924143e-06	2.9844637345e-05	8.52703924143e-05	0.00844603236864	0.000494568276003	8.52703924143e-06	1.27905588622e-05	0	0.00282244998891	0	0.000396507324727	0.000136432627863	0.000392243805106	0.00053720347221	0.0025922199294	0.000268601736105	0.00395654620803	0.000149223186725	0.00114262325835	2.9844637345e-05	4.26351962072e-06	5.54257550693e-05	2.55811177243e-05	4.26351962072e-05	0.00286508518512	2.55811177243e-05	8.52703924143e-06	5.968927469e-05	0.00190152975084	1.70540784829e-05	0.000260074696864	0.000170540784829	0.000234493579139	0.000912393198834	4.26351962072e-06	7.67433531729e-05	3.83716765865e-05	0	0.00100619063049	0.000780224090591	0.000123642069001	0.00747394989512	0.00112556917987	0.000626737384245	0.000324027491175	4.26351962072e-06	0.000528676432969	0.000115115029759	0.000733325374763	0.000272865255726	3.41081569657e-05	5.54257550693e-05	0
0.00188021215274	4.26351962072e-06	4.26351962072e-06	0	0.00071200777666	0	0.000878285041868	0.000955028395041	0.00449801319986	8.52703924143e-06	0.0017906782407	0.0252826713509	0.00206780701605	0.00518443985879	0.00402049900234	0.000166277265208	0	5.968927469e-05	0.00675341507922	0.00422088442451	0.00207633405529	2.9844637345e-05	0	5.11622354486e-05	0.000976345993144	0.00105308934632	0.0096312908232	0.000187594863312	0.000682163139315	0.00703480737418	5.11622354486e-05	0.0017906782407	2.9844637345e-05	2.9844637345e-05	0.0106332179341	0	4.26351962072e-06	0	0	4.68987158279e-05	0	4.26351962072e-06	0	0	8.52703924143e-05	0.000123642069001	0.000311236932312	0.000170540784829	0.000409297883589	0	0	0	0	4.68987158279e-05	0	5.54257550693e-05	0	0	1.70540784829e-05	0.000136432627863	2.55811177243e-05	0.000170540784829	7.67433531729e-05	0	0	0	2.55811177243e-05	0	0	1.27905588622e-05	0.00147517778877	0.00304415300919	0.00538482528097	2.55811177243e-05	0.000332554530416	4.26351962072e-06	0.000187594863312	0.000208912461415	0.000707744257039	2.55811177243e-05	8.52703924143e-06	0	0	0.000170540784829
4.26351962072e-05	0	2.13175981036e-05	0	0.00872742466361	5.54257550693e-05	0.00784487610212	0.000187594863312	0.00863362723195	0.00197400958439	0.00159881985777	0.00206780701605	0.0463529853164	0.000144959667104	0.00171393488753	0.00279260535157	0	8.52703924143e-06	0.00246431434077	0.00053720347221	0.0138820198851	5.54257550693e-05	0	0.000127905588622	0.00961423674472	4.26351962072e-06	0.00208486109453	0.000383716765865	0.00101471766973	0.00415266811058	5.968927469e-05	0.000136432627863	3.41081569657e-05	2.55811177243e-05	0.00529102784931	0.0010488258267	1.27905588622e-05	4.26351962072e-06	0	0.00167129969132	9.80609512765e-05	0.012274672988	2.9844637345e-05	0.00208059757491	0.00107440694442	0.0102708187663	0.00124068420963	0.0205203199345	0.000400770844347	0.00818595767178	0.000494568276003	0	0	0.000306973412692	0.000468987158279	0.00143254259256	2.13175981036e-05	1.27905588622e-05	8.52703924143e-06	0.00162866449511	4.26351962072e-06	0.000579838668418	0.000127905588622	0.000234493579139	0.00432747241503	1.27905588622e-05	0.000183331343691	1.27905588622e-05	0	0.00312515988199	0.000784487610212	0.000123642069001	0.00309105172502	0.000217439500657	0.00164145505398	8.52703924143e-06	4.26351962072e-06	0.00122789365077	9.37974316558e-05	0.00204222589832	0.00053720347221	0.000196121902553	4.26351962072e-05	0
8.52703924143e-06	0.000396507324727	0	0	2.13175981036e-05	0	0.000123642069001	8.52703924143e-06	0.000230230059519	3.41081569657e-05	2.9844637345e-05	0.00518443985879	0.000144959667104	0.017659498269	0.000545730511452	1.70540784829e-05	0	0	1.70540784829e-05	0	8.52703924143e-05	0	3.83716765865e-05	0	2.9844637345e-05	0.00810068727936	0.00457049303341	0.00265617272371	0	0.000780224090591	0	0.00270733495916	1.27905588622e-05	0	0.000908129679213	0	0.000268601736105	0	0	8.52703924143e-06	0	1.70540784829e-05	0	0	4.26351962072e-06	4.68987158279e-05	0.00254958473319	5.11622354486e-05	0.00439568872896	8.52703924143e-06	0	6.82163139315e-05	0	0.000187594863312	1.27905588622e-05	1.70540784829e-05	0	8.52703924143e-05	0	9.37974316558e-05	0.00126626532735	0.00059262922728	0.000183331343691	0	4.26351962072e-06	0	0.000153486706346	0	0	8.95339120351e-05	4.26351962072e-06	0.00140269795522	0.000243020618381	0	2.9844637345e-05	0	0.000387980285485	4.68987158279e-05	0.00279260535157	0.000174804304449	2.9844637345e-05	0	0	0.000886812081109
0.0170114432867	0	1.70540784829e-05	0	0.00065658202159	0.000805805208316	0.00521428449614	0.0158176577929	0.0241144669748	0.000605419786142	0.00709023312925	0.00402049900234	0.00171393488753	0.000545730511452	0.0475126626533	0.000844176884902	1.70540784829e-05	0.00017906782407	0.00184184047615	0.00122363013115	0.000818595767178	0.000976345993144	0	0.000567048109555	0.00138138035711	0	0.00222982076164	8.95339120351e-05	0.00603288026331	0.019424595392	0.00456622951379	0.000243020618381	0.00176083360336	0.00235346283064	0.0131486945103	8.52703924143e-06	8.52703924143e-06	8.52703924143e-06	0	0.000102324470897	5.54257550693e-05	5.11622354486e-05	8.95339120351e-05	4.26351962072e-06	0.0010701434248	0.000115115029759	2.13175981036e-05	0.000498831795624	8.52703924143e-06	8.10068727936e-05	5.968927469e-05	6.39527943108e-05	8.52703924143e-06	0	4.26351962072e-06	0.000136432627863	0.000149223186725	2.55811177243e-05	3.41081569657e-05	0.000247284138002	0	2.55811177243e-05	2.55811177243e-05	0.000341081569657	6.82163139315e-05	4.26351962072e-05	1.27905588622e-05	1.70540784829e-05	0	4.68987158279e-05	0.0018119958388	0.000102324470897	0.00770417995464	0.00219997612429	0.00316779507819	0.00136006275901	5.11622354486e-05	0.000319763971554	9.37974316558e-05	9.37974316558e-05	6.82163139315e-05	6.39527943108e-05	6.39527943108e-05	0
4.26351962072e-06	0	0	0	0.000925183757696	0.0030867882054	0.00327011954909	0.0005968927469	0.00205075293757	0.00114688677797	1.27905588622e-05	0.000166277265208	0.00279260535157	1.70540784829e-05	0.000844176884902	0.00907276975289	4.26351962072e-06	0	0.000170540784829	3.41081569657e-05	0.000277128775347	4.26351962072e-06	8.52703924143e-06	8.52703924143e-06	0.00232788171291	0	0.000115115029759	4.26351962072e-06	0.00102750822859	0.000511622354486	8.52703924143e-06	1.70540784829e-05	0.000174804304449	0	0.000422088442451	0	0	0	0	0.00029844637345	0.000123642069001	0	2.55811177243e-05	0	0.000716271296281	1.70540784829e-05	0	0.000311236932312	0	0	0.000144959667104	0	0	0	0	0.00017906782407	0	0	0	0.000400770844347	0	0	0	6.39527943108e-05	0	0	0	0	0	0	0.000285655814588	0	0.000144959667104	1.27905588622e-05	0.00578559612531	2.9844637345e-05	0	1.70540784829e-05	0	0	0	0.000132169108242	0.000102324470897	0
1.70540784829e-05	0.000984873032386	0	0	0	4.26351962072e-06	0	1.70540784829e-05	0	0.00608830601838	0	0	0	0	1.70540784829e-05	4.26351962072e-06	0.0165254020499	0.000102324470897	0	0	0	0.00212749629074	0.0129525726077	0.00784487610212	0.00265190920409	4.26351962072e-06	6.82163139315e-05	0.00329570066681	0.00101898118935	1.27905588622e-05	1.70540784829e-05	0	0	0	8.52703924143e-06	0	4.68987158279e-05	3.41081569657e-05	0	0	0	0	0	0	2.13175981036e-05	0	0	0	0	0	0	0.00274570663574	0	0	0	0	0.000886812081109	0.00658713781401	0.00329143714719	0.000481777717141	0	0	0.000153486706346	0.00162440097549	0	0	0	0	0	0	0.000349608608899	0.000106587990518	2.55811177243e-05	1.70540784829e-05	5.11622354486e-05	0	0	1.70540784829e-05	4.26351962072e-06	0	0	0	0	0
0.000584102188038	0.00023875709876	0.00917083070416	0	8.52703924143e-06	0	6.82163139315e-05	0.000490304756382	0.000349608608899	4.26351962072e-05	0.000191858382932	5.968927469e-05	8.52703924143e-06	0	0.00017906782407	0	0.000102324470897	0.0390708938043	0.000106587990518	0.00219997612429	2.55811177243e-05	0.00234493579139	0.000110851510139	0.0151738663301	1.70540784829e-05	0	0.0126882343913	0.0089107560073	0.0004732506779	0.000426351962072	0.00140269795522	0	0	9.80609512765e-05	0.0092816822143	0	0.00169688080905	0.000993400071627	0	4.26351962072e-06	0	0	1.27905588622e-05	8.52703924143e-06	7.24798335522e-05	4.26351962072e-06	4.26351962072e-06	4.26351962072e-06	0	0	0	1.70540784829e-05	0.00159029281853	4.26351962072e-06	0.00023875709876	4.26351962072e-06	0.000136432627863	0.000123642069001	0.00151781298498	3.83716765865e-05	0	0.00130890052356	0.00425499258148	0.000102324470897	8.52703924143e-06	1.70540784829e-05	0	4.26351962072e-06	0	8.52703924143e-05	0.0024898954585	0.00133874516091	0.0113409621911	0.00653597557856	3.83716765865e-05	8.52703924143e-06	0	0.00205075293757	0.000217439500657	0.000874021522247	0.000622473864625	0	4.26351962072e-06	0
0.000720534815901	0	6.82163139315e-05	0	0.00110425158177	0	0.000865494483006	0.000392243805106	0.00397360028651	2.55811177243e-05	0.000989136552006	0.00675341507922	0.00246431434077	1.70540784829e-05	0.00184184047615	0.000170540784829	0	0.000106587990518	0.0173695789348	0.00292051094019	0.00226819243822	4.26351962072e-05	0	0.000264338216484	0.00131316404318	0	0.00813905895595	0.000665109060832	0.00035387212852	0.00473677029862	2.9844637345e-05	4.26351962072e-06	1.70540784829e-05	6.39527943108e-05	0.00699217217798	0	8.52703924143e-06	4.68987158279e-05	0	3.41081569657e-05	4.26351962072e-06	0	0	0	9.37974316558e-05	0.000110851510139	1.27905588622e-05	0.000157750225967	0.000251547657622	0	4.26351962072e-06	4.26351962072e-06	8.52703924143e-06	2.55811177243e-05	0	5.54257550693e-05	4.26351962072e-06	0	0.000102324470897	0.00011937854938	0.000123642069001	0.000405034363968	0.000157750225967	4.26351962072e-06	4.26351962072e-06	0	9.80609512765e-05	0	0	8.52703924143e-06	0.00272438903764	0.00338523457885	0.00593481931204	0.00129184644508	0.000315500451933	4.26351962072e-06	4.26351962072e-06	0.000255811177243	8.52703924143e-06	3.41081569657e-05	2.9844637345e-05	4.26351962072e-06	4.26351962072e-06	0
0.00225966539898	0	5.11622354486e-05	0	0.000157750225967	0	6.82163139315e-05	0.00108719750328	0.0038286406194	2.55811177243e-05	0.00249842249774	0.00422088442451	0.00053720347221	0	0.00122363013115	3.41081569657e-05	0	0.00219997612429	0.00292051094019	0.0200555962959	0.00162440097549	5.11622354486e-05	0	9.37974316558e-05	0.000306973412692	0	0.0154936303017	0.00109998806215	0.000984873032386	0.00188873919198	8.52703924143e-05	0	4.26351962072e-06	0.000140696147484	0.00777239626857	8.52703924143e-06	7.24798335522e-05	0.000140696147484	0	0	0	4.26351962072e-06	1.70540784829e-05	4.26351962072e-06	5.11622354486e-05	1.27905588622e-05	0	8.52703924143e-06	3.41081569657e-05	2.13175981036e-05	0	0	0.000545730511452	0	0.000243020618381	0	0.00011937854938	0	0.000174804304449	1.27905588622e-05	3.83716765865e-05	0.000716271296281	0.000648054982349	2.9844637345e-05	5.54257550693e-05	3.41081569657e-05	3.41081569657e-05	0	0	0.000221703020277	0.00165424561284	0.00142827907294	0.00624605624435	0.000247284138002	5.11622354486e-05	0	0	0.000520149393728	0.000170540784829	0.000443406040555	0.000153486706346	0	0	0
0.000430615481692	0	0	0	0.00708596960963	4.26351962072e-06	0.00240888858571	0.000127905588622	0.00795146409264	8.52703924143e-05	0.00461739174924	0.00207633405529	0.0138820198851	8.52703924143e-05	0.000818595767178	0.000277128775347	0	2.55811177243e-05	0.00226819243822	0.00162440097549	0.0238373381994	4.26351962072e-06	0	1.27905588622e-05	0.00396507324727	0	0.00361120111875	0.000660845541211	0.00165850913246	0.0026348551256	1.27905588622e-05	5.11622354486e-05	1.70540784829e-05	8.52703924143e-06	0.00683015843239	0.000319763971554	0	8.52703924143e-06	0	0.00236198986988	3.41081569657e-05	0.00287787574398	2.9844637345e-05	0.00041782492283	0.000575575148797	0.00284376758702	0.000405034363968	0.00620342104814	0.00017906782407	0.00218292204581	7.67433531729e-05	0	2.55811177243e-05	0.000123642069001	0.000183331343691	0.00210617869263	4.26351962072e-06	0	1.70540784829e-05	0.000746115933626	4.26351962072e-05	0.000396507324727	0.000132169108242	3.41081569657e-05	0.00120231253304	4.26351962072e-06	0.000102324470897	2.55811177243e-05	0	0.000814332247557	0.000341081569657	9.37974316558e-05	0.00529529136893	0.000264338216484	0.000328291010795	1.70540784829e-05	0	0.000191858382932	4.68987158279e-05	0.000520149393728	0.00011937854938	6.39527943108e-05	4.26351962072e-05	0
0.00153913058308	0	0.00127479236659	0	2.13175981036e-05	4.26351962072e-06	1.27905588622e-05	0.00238330746798	0.00029844637345	0.00317205859781	2.13175981036e-05	2.9844637345e-05	5.54257550693e-05	0	0.000976345993144	4.26351962072e-06	0.00212749629074	0.00234493579139	4.26351962072e-05	5.11622354486e-05	4.26351962072e-06	0.0426010880502	0.00380305950168	0.025427631018	0.000277128775347	0	0.0010488258267	0.00041356140321	0.00694953698177	0.00210191517301	0.0103049269233	4.26351962072e-06	4.26351962072e-06	0.00132595460204	0.00708596960963	0	5.11622354486e-05	2.9844637345e-05	0	1.27905588622e-05	0	0	4.26351962072e-06	0	0.000635264423487	2.13175981036e-05	4.26351962072e-06	2.13175981036e-05	0	4.26351962072e-06	0	0.00130463700394	8.52703924143e-06	4.26351962072e-06	0	1.27905588622e-05	0.00145386019066	0.00494568276003	0.000405034363968	0.000937974316558	0	8.52703924143e-06	0.000191858382932	0.00397786380613	0	4.26351962072e-06	0	0	0	4.26351962072e-06	0.0026348551256	0.000635264423487	0.00726077391408	0.00356856592254	0.000942237836179	8.52703924143e-06	8.52703924143e-06	0.000149223186725	0.000102324470897	6.82163139315e-05	6.39527943108e-05	4.26351962072e-06	0	0
0	0.00543172399679	0.000579838668418	0	4.26351962072e-06	8.52703924143e-06	1.27905588622e-05	0	0	0.0116053004076	0	0	0	3.83716765865e-05	0	8.52703924143e-06	0.0129525726077	0.000110851510139	0	0	0	0.00380305950168	0.0334814195815	0.011814212869	0.00379026894282	0.000618210345004	0.000268601736105	0.0120870781247	0.00200811774136	0	1.27905588622e-05	0	0	0	4.26351962072e-06	0	0.00401623548272	2.55811177243e-05	0	4.26351962072e-06	0	0	0	0	0.000434879001313	4.26351962072e-06	0	4.26351962072e-06	0	0	0	0.00702201681532	4.26351962072e-06	0	4.26351962072e-06	4.26351962072e-06	0.00130890052356	0.0163207531081	0.00860378259461	0.00173951600525	2.55811177243e-05	4.26351962072e-06	0.00566195405631	0.0037049985504	0	0	0	0	0	4.26351962072e-06	0.000324027491175	7.24798335522e-05	2.13175981036e-05	2.13175981036e-05	0.000230230059519	0	0	7.24798335522e-05	2.13175981036e-05	1.70540784829e-05	4.26351962072e-06	0	0	0
0.000643791462728	8.10068727936e-05	0.0133448164128	0	2.55811177243e-05	1.27905588622e-05	3.83716765865e-05	0.00114262325835	0.000260074696864	0.00575575148797	4.68987158279e-05	5.11622354486e-05	0.000127905588622	0	0.000567048109555	8.52703924143e-06	0.00784487610212	0.0151738663301	0.000264338216484	9.37974316558e-05	1.27905588622e-05	0.025427631018	0.011814212869	0.0842812558623	0.000336818050037	0	0.00271159847878	0.00986578440234	0.00223834780088	0.00128331940584	0.00597745450825	1.27905588622e-05	8.52703924143e-06	0.000541466991831	0.00805378856353	0	0.000801541688695	0.00176083360336	0	1.70540784829e-05	0	0	1.27905588622e-05	4.26351962072e-06	0.000213175981036	2.13175981036e-05	4.26351962072e-06	2.9844637345e-05	0	4.26351962072e-06	0	0.00490731108345	0.000243020618381	0	2.13175981036e-05	1.70540784829e-05	0.00195695550591	0.017164929993	0.0146068182206	0.00122363013115	0	5.968927469e-05	0.00519723041765	0.00471545270051	4.26351962072e-06	8.52703924143e-06	0	0	0	3.83716765865e-05	0.00844176884902	0.00240888858571	0.0140440336306	0.0119463819772	0.00188873919198	2.55811177243e-05	8.52703924143e-06	0.00127052884697	0.000106587990518	0.000464723638658	0.000294182853829	4.26351962072e-06	0	0
0.000882548561488	0.000827122806419	4.26351962072e-06	0	0.0178215120146	0.000694953698177	0.00273291607688	0.00445111448403	0.00435731705237	0.00963555434282	0.000746115933626	0.000976345993144	0.00961423674472	2.9844637345e-05	0.00138138035711	0.00232788171291	0.00265190920409	1.70540784829e-05	0.00131316404318	0.000306973412692	0.00396507324727	0.000277128775347	0.00379026894282	0.000336818050037	0.0466855398469	0	0.00122789365077	0.000545730511452	0.0216714702321	0.0058452854	0.00266896328257	3.41081569657e-05	3.83716765865e-05	0.00272012551802	0.00802820744581	8.52703924143e-06	9.37974316558e-05	4.26351962072e-06	0	0.00393522860992	3.83716765865e-05	0.00011937854938	0.000277128775347	8.52703924143e-06	0.0113452257107	0.00338949809847	2.55811177243e-05	0.00298872725412	8.52703924143e-06	8.10068727936e-05	4.68987158279e-05	0.000123642069001	1.27905588622e-05	8.52703924143e-06	0	0.00594334635128	4.68987158279e-05	8.10068727936e-05	8.10068727936e-05	0.00980609512765	0	3.41081569657e-05	0.00011937854938	0.00083138632604	0.000149223186725	3.41081569657e-05	0	0	1.70540784829e-05	0.00011937854938	0.00255384825281	9.80609512765e-05	0.00348755904975	0.00110851510139	0.00335965346113	0.000221703020277	0	0.00258795640978	0.000409297883589	0.000213175981036	0.000140696147484	4.26351962072e-05	2.9844637345e-05	0
0	0.00349608608899	0	0	0	0	0	0	0	0.000464723638658	0	0.00105308934632	4.26351962072e-06	0.00810068727936	0	0	4.26351962072e-06	0	0	0	0	0	0.000618210345004	0	0	0.0147048791719	0.00378174190358	0.00727782799256	0	0	0	0.000780224090591	0	0	8.52703924143e-06	0	0.000434879001313	0	0	0	0	4.26351962072e-06	0	0	0	0	0.00208059757491	4.26351962072e-06	0.00460886471	4.26351962072e-06	0	6.82163139315e-05	0	0	0	0	0	8.52703924143e-05	0	5.54257550693e-05	0.00227671947746	0.000221703020277	0.000626737384245	0	4.26351962072e-06	0	0.000260074696864	0	0	4.26351962072e-05	0	0.000183331343691	6.39527943108e-05	0	0	0	0.000153486706346	0	0.00174377952487	8.52703924143e-05	0	0	0	0.00095076487542
0.00312089636237	0.00254958473319	0.00862083667309	0	0.000912393198834	0	0.000643791462728	0.00196974606477	0.00711581424698	0.000306973412692	0.00376468782509	0.0096312908232	0.00208486109453	0.00457049303341	0.00222982076164	0.000115115029759	6.82163139315e-05	0.0126882343913	0.00813905895595	0.0154936303017	0.00361120111875	0.0010488258267	0.000268601736105	0.00271159847878	0.00122789365077	0.00378174190358	0.100299299077	0.0368282824838	0.00198253662363	0.00447669560175	0.000622473864625	0.00354298480482	1.27905588622e-05	0.000622473864625	0.0145812371029	2.9844637345e-05	0.0101557037365	0.000750379453246	0	3.41081569657e-05	0	1.70540784829e-05	8.10068727936e-05	2.55811177243e-05	0.000217439500657	0.000196121902553	0.00148370482801	0.000204648941794	0.0078619301806	6.82163139315e-05	0	3.83716765865e-05	0.00227245595784	0.000456196599417	0.00132595460204	5.54257550693e-05	0.00041356140321	0.00011937854938	0.000844176884902	0.000281392294967	0.00722666575712	0.012679707352	0.0160905230486	0.000264338216484	0.000247284138002	0.000127905588622	0.00221703020277	4.26351962072e-06	0	0.000942237836179	0.0119676995754	0.0122789365077	0.0136091546293	0.00155618466156	0.000230230059519	0	8.52703924143e-06	0.00363678223647	0.0019953271825	0.00282244998891	0.00123642069001	0	0	0.000170540784829
0.000208912461415	0.0159881985777	0.0196931971281	0	0.000136432627863	0	0.000387980285485	0.000187594863312	0.000908129679213	0.00169688080905	0.000400770844347	0.000187594863312	0.000383716765865	0.00265617272371	8.95339120351e-05	4.26351962072e-06	0.00329570066681	0.0089107560073	0.000665109060832	0.00109998806215	0.000660845541211	0.00041356140321	0.0120870781247	0.00986578440234	0.000545730511452	0.00727782799256	0.0368282824838	0.103727168852	0.000447669560175	0.000234493579139	0.00029844637345	0.000153486706346	0	0.000115115029759	0.00292051094019	1.70540784829e-05	0.0248307382711	0.0023662533895	0	8.52703924143e-06	0	4.26351962072e-06	6.39527943108e-05	3.83716765865e-05	0.000123642069001	2.9844637345e-05	0.000243020618381	2.13175981036e-05	0.00436584409161	4.26351962072e-05	0	0.00228098299708	0.00106161638556	8.95339120351e-05	0.000588365707659	1.27905588622e-05	0.000643791462728	0.00630574551904	0.00848440404523	0.000136432627863	0.00693674642291	0.00719682111977	0.0318996538022	0.000294182853829	0.000123642069001	5.968927469e-05	0.00173098896601	4.26351962072e-06	0	0.000498831795624	0.0134130327268	0.00454917543531	0.00752511213057	0.00274570663574	4.26351962072e-05	0	0	0.00339802513771	0.000426351962072	0.00215734092808	0.0010914610229	0	0	0.000200385422174
0.00650186742159	7.67433531729e-05	0.000106587990518	0	0.0092816822143	0.000899602639971	0.00454491191568	0.0234067227177	0.00971229769599	0.00515885874107	0.0136432627863	0.000682163139315	0.00101471766973	0	0.00603288026331	0.00102750822859	0.00101898118935	0.0004732506779	0.00035387212852	0.000984873032386	0.00165850913246	0.00694953698177	0.00200811774136	0.00223834780088	0.0216714702321	0	0.00198253662363	0.000447669560175	0.0715674403534	0.0112983269949	0.0102750822859	4.26351962072e-06	6.82163139315e-05	0.00543598751641	0.01416341218	2.9844637345e-05	4.68987158279e-05	1.27905588622e-05	0	0.00521854801576	0	0.000200385422174	0.000912393198834	3.83716765865e-05	0.0148626293978	0.00361972815799	7.24798335522e-05	0.00411003291437	1.70540784829e-05	0.00017906782407	8.52703924143e-06	0.00147944130839	5.11622354486e-05	1.27905588622e-05	4.26351962072e-06	0.00564916349745	0.000503095315245	0.00107867046404	4.68987158279e-05	0.0129355185293	4.26351962072e-06	6.82163139315e-05	0.000132169108242	0.00411003291437	0.000204648941794	0.000204648941794	1.27905588622e-05	0	3.41081569657e-05	0.000311236932312	0.00365383631495	0.000622473864625	0.00927741869468	0.00451080375872	0.00295888261678	0.00065231850197	4.26351962072e-06	0.00265190920409	0.000511622354486	0.000609683305763	0.000362399167761	4.26351962072e-06	0	0
0.0146323993383	0	3.41081569657e-05	0	0.00211470573188	0.000234493579139	0.0028608216655	0.0153145624776	0.011814212869	0.00246005082115	0.0050224261132	0.00703480737418	0.00415266811058	0.000780224090591	0.019424595392	0.000511622354486	1.27905588622e-05	0.000426351962072	0.00473677029862	0.00188873919198	0.0026348551256	0.00210191517301	0	0.00128331940584	0.0058452854	0	0.00447669560175	0.000234493579139	0.0112983269949	0.0556986203251	0.0131572215495	0.000443406040555	0.00111704214063	0.0142529460921	0.0322151542541	1.27905588622e-05	8.52703924143e-06	1.27905588622e-05	0	0.000635264423487	2.13175981036e-05	0.000166277265208	9.80609512765e-05	8.52703924143e-06	0.00364957279533	0.00109998806215	0.000208912461415	0.00116820437608	5.968927469e-05	0.000213175981036	2.13175981036e-05	0.000140696147484	8.52703924143e-06	2.55811177243e-05	4.26351962072e-06	0.000814332247557	7.24798335522e-05	1.27905588622e-05	1.27905588622e-05	0.00205501645719	0	9.37974316558e-05	5.11622354486e-05	0.000434879001313	0.000443406040555	2.13175981036e-05	3.83716765865e-05	8.52703924143e-06	0	0.00047751419752	0.00252826713509	0.000144959667104	0.0144320139161	0.00328717362757	0.00327011954909	0.000903866159592	1.27905588622e-05	0.00276276071422	0.000694953698177	0.000673636100073	0.0004732506779	4.68987158279e-05	3.41081569657e-05	0
0.00888091136995	0	0.00065658202159	0	4.26351962072e-06	4.26351962072e-06	2.13175981036e-05	0.00844176884902	0.000886812081109	0.0027371795965	5.11622354486e-05	5.11622354486e-05	5.968927469e-05	0	0.00456622951379	8.52703924143e-06	1.70540784829e-05	0.00140269795522	2.9844637345e-05	8.52703924143e-05	1.27905588622e-05	0.0103049269233	1.27905588622e-05	0.00597745450825	0.00266896328257	0	0.000622473864625	0.00029844637345	0.0102750822859	0.0131572215495	0.0380817572522	0	0	0.00612667769497	0.0118824291829	0	4.26351962072e-05	4.26351962072e-06	0	0	0	0.000110851510139	0	0	0.00267322680219	3.83716765865e-05	3.41081569657e-05	0.000140696147484	4.26351962072e-06	8.95339120351e-05	0	0.000221703020277	4.26351962072e-06	1.27905588622e-05	0	0	3.83716765865e-05	8.10068727936e-05	2.55811177243e-05	0.00035813564814	0	3.41081569657e-05	0.00011937854938	0.000183331343691	9.37974316558e-05	0	4.26351962072e-06	0	0	5.54257550693e-05	0.0016883537698	5.968927469e-05	0.00833091733888	0.00310384228388	0.000822859286798	2.55811177243e-05	4.26351962072e-06	0.00192284734894	0.000456196599417	0.000498831795624	0.000468987158279	0	0	0
4.26351962072e-06	0	0	0	2.55811177243e-05	0	0.000110851510139	4.26351962072e-06	0.000174804304449	0	8.52703924143e-06	0.0017906782407	0.000136432627863	0.00270733495916	0.000243020618381	1.70540784829e-05	0	0	4.26351962072e-06	0	5.11622354486e-05	4.26351962072e-06	0	1.27905588622e-05	3.41081569657e-05	0.000780224090591	0.00354298480482	0.000153486706346	4.26351962072e-06	0.000443406040555	0	0.00441700632706	8.52703924143e-06	0	0.000464723638658	0	7.24798335522e-05	0	0	0	0	8.52703924143e-06	0	0	8.52703924143e-06	1.70540784829e-05	0.000443406040555	1.70540784829e-05	0.00149649538687	0	0	8.52703924143e-06	0	0.000149223186725	0	0	0	1.70540784829e-05	0	2.13175981036e-05	0.000294182853829	0.000409297883589	0.000183331343691	0	0	0	0.000170540784829	0	0	8.52703924143e-06	0.000243020618381	0.000784487610212	5.968927469e-05	0	2.13175981036e-05	0	0	4.68987158279e-05	0.000439142520934	2.9844637345e-05	1.27905588622e-05	0	0	2.13175981036e-05
8.52703924143e-06	0	0	0	2.13175981036e-05	0.00158602929891	0.0012151030919	7.24798335522e-05	0.00180773231918	8.52703924143e-06	2.9844637345e-05	2.9844637345e-05	3.41081569657e-05	1.27905588622e-05	0.00176083360336	0.000174804304449	0	0	1.70540784829e-05	4.26351962072e-06	1.70540784829e-05	4.26351962072e-06	0	8.52703924143e-06	3.83716765865e-05	0	1.27905588622e-05	0	6.82163139315e-05	0.00111704214063	0	8.52703924143e-06	0.00386701229599	2.13175981036e-05	0.000835649845661	0	0	0	0	4.26351962072e-06	0	0	0	0	1.27905588622e-05	0	0	8.52703924143e-06	0	4.26351962072e-06	4.26351962072e-06	0	0	0	0	4.26351962072e-06	0	0	0	0	0	0	0	0	0	0	0	4.26351962072e-06	0	0	0.000221703020277	4.26351962072e-06	0.000230230059519	0.000217439500657	0.000396507324727	0.00115115029759	2.13175981036e-05	0	0	1.70540784829e-05	1.70540784829e-05	0	4.26351962072e-06	0
0.00175230656411	0	4.26351962072e-06	0	0.000115115029759	4.26351962072e-06	0.000102324470897	0.00839913365281	0.000503095315245	0.00185036751539	8.52703924143e-05	2.9844637345e-05	2.55811177243e-05	0	0.00235346283064	0	0	9.80609512765e-05	6.39527943108e-05	0.000140696147484	8.52703924143e-06	0.00132595460204	0	0.000541466991831	0.00272012551802	0	0.000622473864625	0.000115115029759	0.00543598751641	0.0142529460921	0.00612667769497	0	2.13175981036e-05	0.0163804423828	0.0115029759367	0	4.26351962072e-06	0	0	9.37974316558e-05	4.26351962072e-06	8.52703924143e-06	1.70540784829e-05	8.52703924143e-06	0.00213175981036	0.000106587990518	2.55811177243e-05	8.95339120351e-05	4.26351962072e-06	3.83716765865e-05	4.26351962072e-06	0.000196121902553	0	1.27905588622e-05	0	0.000110851510139	0.00011937854938	1.70540784829e-05	4.26351962072e-06	0.000451933079796	0	2.55811177243e-05	4.26351962072e-06	0.000379453246244	4.26351962072e-05	4.26351962072e-06	4.26351962072e-06	0	0	3.41081569657e-05	0.000673636100073	1.70540784829e-05	0.0048987840442	0.00227245595784	0.000541466991831	0.000106587990518	0	0.00147517778877	0.00041782492283	0.000341081569657	0.000324027491175	8.52703924143e-06	4.26351962072e-06	4.26351962072e-06
0.01045415011	3.83716765865e-05	0.00149649538687	0	0.00292051094019	0.000643791462728	0.00321895731364	0.0141463581015	0.017817248495	0.00544025103604	0.00844603236864	0.0106332179341	0.00529102784931	0.000908129679213	0.0131486945103	0.000422088442451	8.52703924143e-06	0.0092816822143	0.00699217217798	0.00777239626857	0.00683015843239	0.00708596960963	4.26351962072e-06	0.00805378856353	0.00802820744581	8.52703924143e-06	0.0145812371029	0.00292051094019	0.01416341218	0.0322151542541	0.0118824291829	0.000464723638658	0.000835649845661	0.0115029759367	0.0784317069427	8.95339120351e-05	0.000324027491175	0.00023875709876	0	0.000729061855143	1.70540784829e-05	8.95339120351e-05	0.000456196599417	1.70540784829e-05	0.00767859883691	0.00138564387673	0.000183331343691	0.00128331940584	0.000170540784829	0.000234493579139	1.70540784829e-05	0.000780224090591	0.000289919334209	6.39527943108e-05	1.70540784829e-05	0.000959291914661	0.000528676432969	7.24798335522e-05	0.000260074696864	0.00332554530416	5.54257550693e-05	0.000716271296281	0.000861230963385	0.00218718556543	0.000844176884902	0.000204648941794	0.00011937854938	8.52703924143e-06	4.26351962072e-06	0.000468987158279	0.0102111294916	0.00059262922728	0.0378771083105	0.00816464007367	0.00387127581561	0.00208059757491	3.41081569657e-05	0.00444258744479	0.00159881985777	0.000989136552006	0.000737588894384	4.68987158279e-05	2.9844637345e-05	4.26351962072e-06
