0.0101939685686	0	0.000552630016488	0	1.37015706567e-05	3.19703315323e-05	0.000127881326129	0.00379533507191	0.000799258288308	1.37015706567e-05	0.00113266317429	0.000200956369632	4.56719021891e-06	0	0.00254849214215	2.28359510945e-05	0	0.000114179755473	9.13438043781e-06	8.22094239403e-05	9.13438043781e-06	2.28359510945e-05	0	0.000278598603353	0.000164418847881	0	0.000150717277224	2.74031413134e-05	0.00209634031048	0.00859088480176	0.00194105584303	0	0	0.00113266317429	0.000479554972985	4.56719021891e-06	0	0	0	0	0	0	0	0	4.56719021891e-06	0	0	0	0	0	0	9.13438043781e-06	0	0	0	0	0	9.13438043781e-06	0	1.37015706567e-05	0	0	0	5.48062826269e-05	4.56719021891e-06	4.56719021891e-06	0	0	0	4.56719021891e-06	3.65375217512e-05	0	0.00025119546204	6.85078532836e-05	4.56719021891e-06	0	0	0	0	4.56719021891e-06	4.56719021891e-06	0	0	0
0	0.0195475741369	0.00211460907135	0	0	0	4.56719021891e-06	6.85078532836e-05	2.74031413134e-05	0.00379533507191	1.37015706567e-05	8.67766141592e-05	3.19703315323e-05	8.22094239403e-05	1.82687608756e-05	2.28359510945e-05	0.000287732983791	0.00012331413591	1.37015706567e-05	0.000105045375035	0	0.000228359510945	0.0067640087142	0.000178120418537	0.00261699999543	0.00162135252771	0.00405109772417	0.0153503263257	0.000200956369632	3.19703315323e-05	2.74031413134e-05	4.11047119701e-05	0	4.56719021891e-06	0.000379076788169	0	0.00706087607843	0.000109612565254	0	0	0	0	0	0	3.19703315323e-05	0	4.56719021891e-05	0	8.67766141592e-05	0	0	0.000159851657662	9.13438043781e-06	0	7.30750435025e-05	0	1.82687608756e-05	0.000643973820866	3.19703315323e-05	0.000100478184816	0.00066680977196	0.00058460034802	0.00610633332268	2.28359510945e-05	3.65375217512e-05	0	0	0	3.65375217512e-05	0.000109612565254	0.000872333331811	0.000324270505542	0.000634839440428	8.67766141592e-05	2.28359510945e-05	1.82687608756e-05	5.48062826269e-05	0.000598301918677	0.000433883070796	0.000173553228318	5.0239092408e-05	4.56719021891e-06	0	1.82687608756e-05
0.000552630016488	0.00211460907135	0.0492525793207	0	3.19703315323e-05	9.13438043781e-05	0.000132448516348	0.00933990399766	0.00568158463232	0.000187254798975	0.000433883070796	0.000447584641453	3.65375217512e-05	7.30750435025e-05	0.00606522861071	8.67766141592e-05	0.000137015706567	0.00553086735509	9.13438043781e-05	0.000744452005682	0.000146150087005	0.00229729668011	0.000438450261015	0.0137107050372	0.000826661429622	2.74031413134e-05	0.00912981324759	0.0138522879339	0.00371769283819	0.00185884641909	0.00268550784872	0.000100478184816	0	2.28359510945e-05	0.00213287783223	5.93734728458e-05	0.0105639109763	0.00665896333916	0	0	0	0	0.000150717277224	4.56719021891e-06	8.22094239403e-05	4.56719021891e-06	4.56719021891e-05	0	9.13438043781e-06	3.65375217512e-05	0	9.5910994597e-05	0.00103675217969	0	0.000178120418537	0	0.000100478184816	0.000548062826269	0.00163505409837	0.000146150087005	7.30750435025e-05	0.00300521116404	0.00945865094335	0.00033340488598	8.22094239403e-05	0.000287732983791	0	0	1.37015706567e-05	0.00012331413591	0.00272661256069	0.00284535950638	0.00249825304974	0.000552630016488	9.13438043781e-06	4.56719021891e-06	1.37015706567e-05	0.000593734728458	0.000776422337214	0.000196389179413	5.93734728458e-05	0	0	4.56719021891e-06
0	0	0	0	0	0	0	0	0	0	0	0	0	0	0	0	0	0	0	0	0	0	0	0	0	0	0	0	0	0	0	0	0	0	0	0	0	0	0	0	0	0	0	0	0	0	0	0	0	0	0	0	0	0	0	0	0	0	0	0	0	0	0	0	0	0	0	0	0	0	0	0	0	0	0	0	0	0	0	0	0	0	0	0
1.37015706567e-05	0	3.19703315323e-05	0	0.0138888254557	1.37015706567e-05	0.000342539266418	0.000799258288308	0.00041561430992	0.00177206980494	0.00362178184359	0.000109612565254	0.00104131936991	6.39406630647e-05	0.000219225130507	0.000150717277224	0	4.56719021891e-06	4.11047119701e-05	3.19703315323e-05	0.00274031413134	9.13438043781e-06	0	1.82687608756e-05	0.00687818846967	0	5.0239092408e-05	4.56719021891e-06	0.00480011692007	0.000406479929483	4.56719021891e-06	2.74031413134e-05	0	0	0.000493256543642	0	0	0	0	0.00274944851178	0	1.82687608756e-05	0	4.56719021891e-06	0.00214201221267	9.13438043781e-05	2.74031413134e-05	0.00100934903838	0	3.19703315323e-05	0	0	0	0	0	0.00329294414783	0	0	0	0.00220138568551	4.56719021891e-06	3.65375217512e-05	0	0.000173553228318	9.13438043781e-06	0	0	0	0	8.67766141592e-05	3.65375217512e-05	4.56719021891e-06	0.000397345549045	1.82687608756e-05	0.000191821989194	3.65375217512e-05	0	9.13438043781e-06	0	3.65375217512e-05	2.28359510945e-05	0	9.13438043781e-06	0
3.19703315323e-05	0	9.13438043781e-05	0	1.37015706567e-05	0.012454727727	0.00846300347563	0.00125141011998	0.0083579581006	4.56719021891e-05	0.00155741186465	2.28359510945e-05	0.000406479929483	3.19703315323e-05	0.00469963873525	0.00250282023996	4.56719021891e-06	0	0	4.56719021891e-06	6.85078532836e-05	3.65375217512e-05	0	0.000118746945692	8.67766141592e-05	0	3.19703315323e-05	4.56719021891e-06	0.000470420592547	0.000337972076199	2.28359510945e-05	4.56719021891e-06	0.00176750261472	9.13438043781e-06	0.000155284467443	0	0	4.56719021891e-06	0	4.56719021891e-06	0	0	0	0	0	0	0	0	0	0	0	0	0	0	0	0	0	0	0	1.82687608756e-05	0	0	0	4.56719021891e-06	0	0	0	0	0	0	0.000758153576338	5.48062826269e-05	0.000310568934886	0.000525226875174	0.00164418847881	0.000753586386119	9.5910994597e-05	0	0	0	0	0	0	0
0.000127881326129	4.56719021891e-06	0.000132448516348	0	0.000342539266418	0.00846300347563	0.0375240348385	0.00847213785607	0.0172457102666	0.000347106456637	0.017003649185	0.000922572424219	0.00667723210004	0.000137015706567	0.0060149895183	0.00375879755016	1.37015706567e-05	2.74031413134e-05	0.000379076788169	0.000196389179413	0.00105958813079	5.48062826269e-05	0	0.00012331413591	0.000680511342617	0	0.000369942407731	5.0239092408e-05	0.00450324955584	0.00212374345179	6.39406630647e-05	3.65375217512e-05	0.000516092494736	9.13438043781e-06	0.00175380104406	0	0	0	0	2.74031413134e-05	0	4.56719021891e-06	0	0	9.13438043781e-06	0	4.56719021891e-06	4.56719021891e-06	0	4.56719021891e-06	4.56719021891e-06	0	0	0	0	0	0	0	0	9.5910994597e-05	9.13438043781e-06	0	0	6.39406630647e-05	0	0	0	4.56719021891e-06	0	4.56719021891e-06	0.00102761779925	4.11047119701e-05	0.00169899476143	0.000237493891383	0.00216941535398	8.67766141592e-05	9.13438043781e-06	0	0	1.37015706567e-05	1.37015706567e-05	0	0	0
0.00379533507191	6.85078532836e-05	0.00933990399766	0	0.000799258288308	0.00125141011998	0.00847213785607	0.0728466839915	0.0221280366106	0.00037450959795	0.024452736432	0.00299150959338	0.00104131936991	0.000155284467443	0.0178714153266	0.000785556717652	2.74031413134e-05	0.00109612565254	0.000680511342617	0.00167615881034	0.000986513087284	0.00422921814271	2.74031413134e-05	0.00681424780661	0.00165789004946	0	0.00314679406083	0.000552630016488	0.0283439824985	0.0139710348796	0.0107831361068	0.000173553228318	1.82687608756e-05	0.000685078532836	0.0117696491941	0	5.0239092408e-05	0.000301434554448	0	0.000146150087005	0	1.82687608756e-05	2.28359510945e-05	7.76422337214e-05	0.000392778358826	2.74031413134e-05	2.74031413134e-05	1.82687608756e-05	4.56719021891e-06	9.13438043781e-06	1.37015706567e-05	1.37015706567e-05	9.13438043781e-06	0	9.13438043781e-06	1.82687608756e-05	3.19703315323e-05	3.19703315323e-05	0.000196389179413	0.000931706804657	1.82687608756e-05	4.11047119701e-05	2.28359510945e-05	0.000424748690358	4.56719021891e-06	0	4.56719021891e-06	1.37015706567e-05	0	2.74031413134e-05	0.00225619196814	0.000456719021891	0.0110434659493	0.00141582896786	0.000456719021891	0.000337972076199	2.28359510945e-05	0	4.56719021891e-06	0.000164418847881	0.000351673646856	3.65375217512e-05	7.76422337214e-05	0
0.000799258288308	2.74031413134e-05	0.00568158463232	0	0.00041561430992	0.0083579581006	0.0172457102666	0.0221280366106	0.0559252442305	0.000127881326129	0.0160080017173	0.00407393367526	0.00212831064201	0.000717048864368	0.0281704292702	0.000886034902468	4.56719021891e-05	0.00070791448393	0.00122857416889	0.00131991797326	0.00268550784872	0.00130164921239	1.82687608756e-05	0.00371769283819	0.000685078532836	6.85078532836e-05	0.001982160555	0.000324270505542	0.00455805583847	0.0120071430855	0.00266723908784	0.00021009075007	0.00133818673414	5.48062826269e-05	0.00808392668746	0	2.28359510945e-05	0.000150717277224	0	3.19703315323e-05	4.56719021891e-06	6.39406630647e-05	1.82687608756e-05	0.000164418847881	9.5910994597e-05	9.13438043781e-06	0.000100478184816	1.82687608756e-05	4.56719021891e-06	0.000137015706567	1.82687608756e-05	1.37015706567e-05	0	0	0	0	4.56719021891e-06	5.0239092408e-05	0.000105045375035	0.00029230017401	0.000118746945692	1.37015706567e-05	3.19703315323e-05	0.000127881326129	4.56719021891e-06	0	0	4.11047119701e-05	0	0.000200956369632	0.00293670331076	0.000616570679552	0.0070060697958	0.00147976963093	0.0017400994734	0.000137015706567	0.000379076788169	0	0	0.000205523559851	0.000150717277224	4.56719021891e-06	0.000187254798975	4.11047119701e-05
1.37015706567e-05	0.00379533507191	0.000187254798975	0	0.00177206980494	4.56719021891e-05	0.000347106456637	0.00037450959795	0.000127881326129	0.0272295880851	0.000187254798975	1.37015706567e-05	0.000575465967582	2.74031413134e-05	0.000132448516348	0.00116463350582	0.000178120418537	0.000315136125104	4.56719021891e-06	0.000173553228318	6.85078532836e-05	0.00104131936991	0.00517462651802	0.000214657940289	0.0181180435984	0.000831228619841	0.000753586386119	0.00258046247368	0.00698323384471	0.000283165793572	0.00104588656013	0	0	0.000155284467443	0.000319703315323	0	0.000191821989194	1.82687608756e-05	0	0.00287732983791	2.74031413134e-05	0	9.13438043781e-06	0	0.0124592949172	0	2.28359510945e-05	0.000447584641453	0	0	6.85078532836e-05	0.00382730540344	9.13438043781e-06	0	9.13438043781e-06	0.0024891186693	0.000141582896786	0.00494169981686	9.5910994597e-05	0.0127561622814	4.56719021891e-06	6.39406630647e-05	0.000191821989194	0.0025850296639	3.19703315323e-05	6.85078532836e-05	0	0	3.19703315323e-05	3.65375217512e-05	0.00140669458742	0.000191821989194	0.000347106456637	0.00021009075007	0.00173096509297	4.56719021891e-06	0	0.000109612565254	9.13438043781e-06	0.000242061081602	0.000602869108896	0.000187254798975	0	0
0.00113266317429	1.37015706567e-05	0.000433883070796	0	0.00362178184359	0.00155741186465	0.017003649185	0.024452736432	0.0160080017173	0.000187254798975	0.0557927957141	0.00402826177307	0.0059190785237	0.000274031413134	0.00554913611597	0.000886034902468	1.82687608756e-05	0.000242061081602	0.00169442757121	0.00150717277224	0.00716592145346	0.00012331413591	9.13438043781e-06	0.000365375217512	0.00191365270172	0	0.00146606806027	0.000474987782766	0.0114179755473	0.00638493192603	0.000205523559851	0.000196389179413	9.13438043781e-06	0.000118746945692	0.00923942581285	4.56719021891e-06	0	0	0	0.000287732983791	0	7.76422337214e-05	2.28359510945e-05	3.65375217512e-05	0.000228359510945	0.000191821989194	2.74031413134e-05	0.000118746945692	9.13438043781e-06	1.37015706567e-05	1.82687608756e-05	4.56719021891e-06	0	0	0	0.000470420592547	0	4.56719021891e-06	0	0.00041561430992	3.65375217512e-05	2.28359510945e-05	0	0.000105045375035	4.56719021891e-06	0	0	1.37015706567e-05	0	1.82687608756e-05	0.00184057765822	0.000347106456637	0.00906587258453	0.00079469109809	0.00054349563605	0.000497823733861	3.19703315323e-05	4.56719021891e-06	0	7.30750435025e-05	9.5910994597e-05	0	3.19703315323e-05	0
0.000200956369632	8.67766141592e-05	0.000447584641453	0	0.000109612565254	2.28359510945e-05	0.000922572424219	0.00299150959338	0.00407393367526	1.37015706567e-05	0.00402826177307	0.030691518271	0.00142039615808	0.00617940836618	0.00182687608756	4.56719021891e-06	5.93734728458e-05	0.000493256543642	0.00549889702356	0.00547149388225	0.00256219371281	0.000456719021891	2.74031413134e-05	0.00138385863633	0.000269464222915	0.00155741186465	0.00602412389874	0.000981945897065	0.0011600663156	0.00713395112193	0.00050239092408	0.00226532634858	0.000470420592547	0.000242061081602	0.0151585043365	0	9.5910994597e-05	1.37015706567e-05	0	0	0	4.56719021891e-06	0	1.37015706567e-05	9.13438043781e-06	0	0.000196389179413	0	0.00107328970144	9.13438043781e-06	0	4.56719021891e-06	4.56719021891e-06	0	1.37015706567e-05	0	4.56719021891e-06	0	9.13438043781e-06	9.13438043781e-05	0.000872333331811	7.76422337214e-05	4.11047119701e-05	3.19703315323e-05	2.28359510945e-05	0	3.19703315323e-05	4.56719021891e-06	0	2.74031413134e-05	0.00107785689166	0.00328837695761	0.0144642914233	0.00160765095705	0	1.37015706567e-05	0.00168072600056	9.13438043781e-06	9.13438043781e-06	3.65375217512e-05	5.0239092408e-05	0	4.56719021891e-06	0
4.56719021891e-06	3.19703315323e-05	3.65375217512e-05	0	0.00104131936991	0.000406479929483	0.00667723210004	0.00104131936991	0.00212831064201	0.000575465967582	0.0059190785237	0.00142039615808	0.0254620854704	0.000182687608756	0.00131078359283	0.00115549912538	4.56719021891e-06	9.5910994597e-05	0.000534361255612	0.000388211168607	0.0077550889917	9.13438043781e-05	3.19703315323e-05	9.13438043781e-05	0.00105045375035	2.74031413134e-05	0.000657675391522	0.000105045375035	0.00114179755473	0.001836010468	2.28359510945e-05	8.22094239403e-05	9.13438043781e-06	0	0.00236123734317	0.000100478184816	4.11047119701e-05	0	0	0.000237493891383	0	0.00240690924536	0	0.000219225130507	5.48062826269e-05	0.000465853402328	0.000447584641453	0.0049279982462	0.000105045375035	0.000598301918677	0.000324270505542	0	0	0	0	0.000643973820866	0	4.11047119701e-05	0	0.000114179755473	8.22094239403e-05	0.000342539266418	0	0.000118746945692	0.000580033157801	0	0.000159851657662	5.0239092408e-05	0	0.00151630715268	0.000301434554448	5.0239092408e-05	0.00211460907135	0.000100478184816	0.000899736473124	0.000191821989194	4.56719021891e-06	0.000141582896786	4.56719021891e-06	0.000826661429622	4.56719021891e-05	3.65375217512e-05	3.65375217512e-05	0
0	8.22094239403e-05	7.30750435025e-05	0	6.39406630647e-05	3.19703315323e-05	0.000137015706567	0.000155284467443	0.000717048864368	2.74031413134e-05	0.000274031413134	0.00617940836618	0.000182687608756	0.023763090709	0.00058460034802	4.56719021891e-06	1.37015706567e-05	3.65375217512e-05	0.000392778358826	0.00029230017401	0.000337972076199	2.74031413134e-05	2.28359510945e-05	9.5910994597e-05	0.000219225130507	0.00586883943129	0.00395518672957	0.00491429667554	0.000328837695761	0.000634839440428	1.82687608756e-05	0.00506044676255	9.13438043781e-05	0	0.00197759336479	0	0.000223792320726	1.37015706567e-05	0	0	0	0.000219225130507	1.37015706567e-05	0.000159851657662	1.82687608756e-05	3.65375217512e-05	0.001982160555	0.000200956369632	0.00595104885523	0.000200956369632	0.000173553228318	4.56719021891e-06	4.11047119701e-05	0.000164418847881	0.000228359510945	2.74031413134e-05	4.56719021891e-06	1.82687608756e-05	9.13438043781e-06	0.000287732983791	0.00537558288765	0.00521116403977	0.00258046247368	0.000109612565254	3.65375217512e-05	9.13438043781e-06	0.00107785689166	5.0239092408e-05	0	0.000529794065393	0.00033340488598	0.00333861605002	0.0039871570611	0.00126054450042	0	1.82687608756e-05	0.00131991797326	8.22094239403e-05	7.30750435025e-05	0.000972811516627	0.000717048864368	0.0001689860381	0.000159851657662	0.000232926701164
0.00254849214215	1.82687608756e-05	0.00606522861071	0	0.000219225130507	0.00469963873525	0.0060149895183	0.0178714153266	0.0281704292702	0.000132448516348	0.00554913611597	0.00182687608756	0.00131078359283	0.00058460034802	0.0470283576841	0.000132448516348	3.65375217512e-05	0.00159851657662	0.000205523559851	0.000598301918677	0.00129708202217	0.00100021465794	1.82687608756e-05	0.00379076788169	0.00050239092408	9.5910994597e-05	0.00178577137559	0.000411047119701	0.00416984466986	0.0188487940334	0.00605152704005	0.000159851657662	0.00133818673414	6.85078532836e-05	0.00557653925728	0	4.56719021891e-06	3.19703315323e-05	0	1.82687608756e-05	4.56719021891e-06	5.93734728458e-05	0	0.000164418847881	8.67766141592e-05	4.56719021891e-06	0.000105045375035	1.37015706567e-05	9.13438043781e-06	0.000137015706567	1.37015706567e-05	2.28359510945e-05	0	0	1.37015706567e-05	0	9.13438043781e-06	7.30750435025e-05	5.48062826269e-05	0.000237493891383	0.000118746945692	2.28359510945e-05	4.56719021891e-05	0.000132448516348	9.13438043781e-06	4.56719021891e-06	0	4.11047119701e-05	0	0.000200956369632	0.00187711517997	0.000493256543642	0.00401456020242	0.0010139162286	0.000858631761154	0.000100478184816	0.00037450959795	0	0	0.000200956369632	0.000141582896786	4.56719021891e-06	0.000187254798975	4.11047119701e-05
2.28359510945e-05	2.28359510945e-05	8.67766141592e-05	0	0.000150717277224	0.00250282023996	0.00375879755016	0.000785556717652	0.000886034902468	0.00116463350582	0.000886034902468	4.56719021891e-06	0.00115549912538	4.56719021891e-06	0.000132448516348	0.0118198882865	8.22094239403e-05	2.28359510945e-05	0	2.74031413134e-05	5.93734728458e-05	0.000561764396925	2.74031413134e-05	0.000246628271821	0.00133361954392	0	9.13438043781e-05	0.000301434554448	0.00174923385384	0.000196389179413	6.39406630647e-05	4.56719021891e-06	0.000342539266418	4.56719021891e-06	0.000264897032697	0	2.28359510945e-05	0	0	0	0	0	0	9.13438043781e-06	9.13438043781e-05	0	9.13438043781e-06	0	4.56719021891e-06	1.37015706567e-05	0	9.13438043781e-06	0	4.56719021891e-06	4.56719021891e-06	0	8.22094239403e-05	1.37015706567e-05	0.000105045375035	0.000205523559851	0	5.93734728458e-05	0.000173553228318	2.74031413134e-05	4.56719021891e-06	0	0	0	0	9.13438043781e-06	0.00177663699515	0.000255762652259	0.000721616054587	0.000264897032697	0.00408763524592	0.000255762652259	0	5.48062826269e-05	3.65375217512e-05	1.82687608756e-05	0.00021009075007	1.37015706567e-05	0	0
0	0.000287732983791	0.000137015706567	0	0	4.56719021891e-06	1.37015706567e-05	2.74031413134e-05	4.56719021891e-05	0.000178120418537	1.82687608756e-05	5.93734728458e-05	4.56719021891e-06	1.37015706567e-05	3.65375217512e-05	8.22094239403e-05	0.0318333158258	0.000278598603353	2.28359510945e-05	0.000173553228318	0	0.00567245025188	0.0110617347102	0.0124866980585	0.00687362127945	1.37015706567e-05	0.000356240837075	0.00758153576338	0.00499193890926	2.28359510945e-05	0.000438450261015	0	4.56719021891e-06	1.82687608756e-05	0.000411047119701	0	0.000310568934886	6.85078532836e-05	0	0	0	4.56719021891e-06	2.74031413134e-05	0	1.82687608756e-05	0	2.74031413134e-05	4.56719021891e-06	4.56719021891e-06	0	4.56719021891e-06	0.00755869981229	2.28359510945e-05	1.37015706567e-05	1.82687608756e-05	0	0.00243431238668	0.0119980087051	0.0117331116724	0.000159851657662	1.37015706567e-05	0.000114179755473	0.00138842582655	4.56719021891e-05	0	0.000429315880577	0	0	0	0.000159851657662	0.00420638219161	0.000803825478527	0.000232926701164	0.000118746945692	4.56719021891e-06	1.37015706567e-05	0	0.000105045375035	3.19703315323e-05	4.56719021891e-05	4.56719021891e-05	0	0	0
0.000114179755473	0.00012331413591	0.00553086735509	0	4.56719021891e-06	0	2.74031413134e-05	0.00109612565254	0.00070791448393	0.000315136125104	0.000242061081602	0.000493256543642	9.5910994597e-05	3.65375217512e-05	0.00159851657662	2.28359510945e-05	0.000278598603353	0.0251606509159	0.000178120418537	0.00625248340968	0.000173553228318	0.001064155321	0.000474987782766	0.00528423908327	0.0001689860381	1.82687608756e-05	0.0050239092408	0.00451238393628	0.000465853402328	0.00173553228318	0.00369485688709	7.76422337214e-05	0	6.85078532836e-05	0.00546235950181	4.56719021891e-06	0.00012331413591	0.000155284467443	0	0	0	0	0	0	0.000296867364229	4.56719021891e-06	0	4.56719021891e-06	0	4.56719021891e-06	0	4.56719021891e-06	0.000342539266418	0	5.93734728458e-05	4.56719021891e-06	9.13438043781e-06	6.85078532836e-05	0.000114179755473	0.000274031413134	0	0.000648541011085	0.000242061081602	0.0001689860381	9.13438043781e-06	0	0	0	4.56719021891e-06	4.56719021891e-06	0.00151630715268	0.00254392495193	0.00318333158258	0.000890602092687	0	3.19703315323e-05	0	2.74031413134e-05	6.85078532836e-05	1.82687608756e-05	3.19703315323e-05	9.13438043781e-06	0	0
9.13438043781e-06	1.37015706567e-05	9.13438043781e-05	0	4.11047119701e-05	0	0.000379076788169	0.000680511342617	0.00122857416889	4.56719021891e-06	0.00169442757121	0.00549889702356	0.000534361255612	0.000392778358826	0.000205523559851	0	2.28359510945e-05	0.000178120418537	0.00919375391066	0.00343452704462	0.0012559773102	4.11047119701e-05	4.56719021891e-06	0.000150717277224	6.85078532836e-05	3.65375217512e-05	0.00364461779469	0.000388211168607	0.000246628271821	0.001836010468	3.19703315323e-05	0.000223792320726	0	0	0.00349390051746	0	0	9.13438043781e-06	0	0	0	4.56719021891e-06	0	4.56719021891e-06	4.56719021891e-06	0	1.82687608756e-05	0	0	0	0	0	0	0	3.19703315323e-05	0	0	4.56719021891e-06	2.74031413134e-05	3.65375217512e-05	0	8.22094239403e-05	4.56719021891e-05	9.13438043781e-06	1.37015706567e-05	0	1.37015706567e-05	4.56719021891e-06	0	1.82687608756e-05	0.00130621640261	0.000822094239403	0.00349390051746	0.000680511342617	0	9.13438043781e-06	1.37015706567e-05	0	0	2.74031413134e-05	3.19703315323e-05	0	0	0
8.22094239403e-05	0.000105045375035	0.000744452005682	0	3.19703315323e-05	4.56719021891e-06	0.000196389179413	0.00167615881034	0.00131991797326	0.000173553228318	0.00150717277224	0.00547149388225	0.000388211168607	0.00029230017401	0.000598301918677	2.74031413134e-05	0.000173553228318	0.00625248340968	0.00343452704462	0.0216484816376	0.000771855146995	0.000301434554448	0.000118746945692	0.000826661429622	0.000141582896786	9.13438043781e-06	0.0109064502427	0.0034299598544	0.000854064570935	0.00179947294625	0.000548062826269	0.000141582896786	4.56719021891e-06	1.82687608756e-05	0.00858175042132	0	0.000260329842478	2.74031413134e-05	0	0	0	9.13438043781e-06	0	0	0.000173553228318	9.13438043781e-06	1.82687608756e-05	9.13438043781e-06	0	4.56719021891e-06	1.37015706567e-05	4.56719021891e-06	1.37015706567e-05	0	0.000525226875174	0	9.13438043781e-06	1.37015706567e-05	1.37015706567e-05	0.000223792320726	0.000118746945692	0.000918005234	0.000146150087005	9.5910994597e-05	9.13438043781e-06	0	9.13438043781e-06	0	0	9.13438043781e-06	0.00272661256069	0.00169899476143	0.00738971377419	0.00116463350582	0	0.00012331413591	4.56719021891e-06	1.37015706567e-05	1.82687608756e-05	0.000127881326129	0.000127881326129	0	0	0
9.13438043781e-06	0	0.000146150087005	0	0.00274031413134	6.85078532836e-05	0.00105958813079	0.000986513087284	0.00268550784872	6.85078532836e-05	0.00716592145346	0.00256219371281	0.0077550889917	0.000337972076199	0.00129708202217	5.93734728458e-05	0	0.000173553228318	0.0012559773102	0.000771855146995	0.0171543664622	0.000114179755473	0	0.000150717277224	0.00155284467443	0	0.00104131936991	0.00021009075007	0.000392778358826	0.00269920941937	2.74031413134e-05	0.000100478184816	2.74031413134e-05	0	0.00462656369175	0	0	0	0	1.82687608756e-05	0	9.13438043781e-06	9.13438043781e-06	4.56719021891e-06	3.19703315323e-05	0	0	1.82687608756e-05	0	4.56719021891e-06	9.13438043781e-06	0	0	0	0	1.82687608756e-05	0	0	0	5.48062826269e-05	2.74031413134e-05	4.56719021891e-06	0	9.13438043781e-06	0	0	0	0	0	0	0.000534361255612	0.000146150087005	0.00409220243614	0.000164418847881	5.93734728458e-05	0.000397345549045	1.37015706567e-05	0	0	2.74031413134e-05	3.19703315323e-05	4.56719021891e-06	0	0
2.28359510945e-05	0.000228359510945	0.00229729668011	0	9.13438043781e-06	3.65375217512e-05	5.48062826269e-05	0.00422921814271	0.00130164921239	0.00104131936991	0.00012331413591	0.000456719021891	9.13438043781e-05	2.74031413134e-05	0.00100021465794	0.000561764396925	0.00567245025188	0.001064155321	4.11047119701e-05	0.000301434554448	0.000114179755473	0.0494032965979	0.00219681849529	0.0184286125333	0.00505587957233	0	0.000822094239403	0.000799258288308	0.0203879371372	0.000420181500139	0.0127150575694	3.19703315323e-05	4.56719021891e-06	0.000196389179413	0.00810219544834	4.56719021891e-06	8.22094239403e-05	0.000109612565254	0	0	0	0	3.19703315323e-05	0	0.000132448516348	0	1.82687608756e-05	0	0	0	0	0.00423378533293	3.19703315323e-05	4.56719021891e-06	3.19703315323e-05	0	0.0037450959795	0.00664069457829	0.00336145200111	0.00104131936991	0	4.56719021891e-05	0.000105045375035	0.000881467712249	1.37015706567e-05	0.000643973820866	0	0	1.82687608756e-05	0.000205523559851	0.00450781674606	0.00123770854932	0.00816156892118	0.00187254798975	0.000164418847881	4.56719021891e-05	9.13438043781e-06	0.000132448516348	9.13438043781e-06	6.85078532836e-05	9.5910994597e-05	9.13438043781e-06	0	0
0	0.0067640087142	0.000438450261015	0	0	0	0	2.74031413134e-05	1.82687608756e-05	0.00517462651802	9.13438043781e-06	2.74031413134e-05	3.19703315323e-05	2.28359510945e-05	1.82687608756e-05	2.74031413134e-05	0.0110617347102	0.000474987782766	4.56719021891e-06	0.000118746945692	0	0.00219681849529	0.0280745182756	0.00397345549045	0.00719789178499	0.00103675217969	0.00126967888086	0.012998223363	0.00336601919133	1.37015706567e-05	0.000242061081602	0	0	1.82687608756e-05	0.000356240837075	0	0.00405109772417	8.22094239403e-05	0	0	0	0	4.56719021891e-06	0	0.000155284467443	0	1.82687608756e-05	0	1.82687608756e-05	0	0	0.00689189004033	6.85078532836e-05	0	3.19703315323e-05	0	0.000949975565532	0.0122355025964	0.00694212913274	0.000986513087284	1.82687608756e-05	0.000269464222915	0.00518832808868	3.65375217512e-05	0	0.00025119546204	0	0	1.37015706567e-05	6.39406630647e-05	0.00066680977196	0.000196389179413	0.000264897032697	5.0239092408e-05	2.28359510945e-05	9.13438043781e-06	0	5.0239092408e-05	3.65375217512e-05	9.13438043781e-06	4.56719021891e-06	0	0	0
0.000278598603353	0.000178120418537	0.0137107050372	0	1.82687608756e-05	0.000118746945692	0.00012331413591	0.00681424780661	0.00371769283819	0.000214657940289	0.000365375217512	0.00138385863633	9.13438043781e-05	9.5910994597e-05	0.00379076788169	0.000246628271821	0.0124866980585	0.00528423908327	0.000150717277224	0.000826661429622	0.000150717277224	0.0184286125333	0.00397345549045	0.0696496508383	0.00178120418537	0	0.00287732983791	0.00872790050833	0.00784643279608	0.00139756020699	0.0056039423986	3.19703315323e-05	1.37015706567e-05	6.85078532836e-05	0.00709741360018	9.13438043781e-06	0.00126054450042	0.00147520244071	0	0	0	4.56719021891e-06	3.19703315323e-05	0	0.000155284467443	4.56719021891e-06	3.19703315323e-05	4.56719021891e-06	1.37015706567e-05	4.56719021891e-06	0	0.00336601919133	5.48062826269e-05	9.13438043781e-06	3.65375217512e-05	0	0.000269464222915	0.00662242581741	0.0105730453568	0.000200956369632	4.56719021891e-06	0.00012331413591	0.00239777486493	0.000155284467443	2.74031413134e-05	0.00012331413591	0	0	9.13438043781e-06	5.0239092408e-05	0.00889688654643	0.00234753577252	0.0100478184816	0.00621594588793	0.000561764396925	5.0239092408e-05	2.28359510945e-05	0.000137015706567	3.65375217512e-05	3.19703315323e-05	7.30750435025e-05	1.37015706567e-05	0	0
0.000164418847881	0.00261699999543	0.000826661429622	0	0.00687818846967	8.67766141592e-05	0.000680511342617	0.00165789004946	0.000685078532836	0.0181180435984	0.00191365270172	0.000269464222915	0.00105045375035	0.000219225130507	0.00050239092408	0.00133361954392	0.00687362127945	0.0001689860381	6.85078532836e-05	0.000141582896786	0.00155284467443	0.00505587957233	0.00719789178499	0.00178120418537	0.063237315771	0.000191821989194	0.000908870853562	0.00358981151206	0.0267043612099	0.00179490575603	0.00195475741369	5.48062826269e-05	4.56719021891e-06	0.00121030540801	0.00344822861527	0.000328837695761	0.000881467712249	0.000296867364229	0	0.00383187259366	2.74031413134e-05	4.11047119701e-05	0.000324270505542	4.11047119701e-05	0.0135234502382	0.000109612565254	0.000114179755473	0.000406479929483	4.56719021891e-06	0.000150717277224	8.22094239403e-05	0.00714308550237	0.000100478184816	4.56719021891e-06	5.0239092408e-05	0.00315592844126	0.0026809406585	0.0101939685686	0.00338428795221	0.0182413577343	6.39406630647e-05	0.000420181500139	0.000986513087284	0.00687362127945	0.000607436299114	0.000735317625244	5.93734728458e-05	0	5.0239092408e-05	0.000566331587144	0.00376336474038	0.000429315880577	0.00365375217512	0.00112352879385	0.00108242408188	0.000182687608756	0	0.000886034902468	2.28359510945e-05	0.000570898777363	0.000817527049184	0.000196389179413	2.28359510945e-05	0
0	0.00162135252771	2.74031413134e-05	0	0	0	0	0	6.85078532836e-05	0.000831228619841	0	0.00155741186465	2.74031413134e-05	0.00586883943129	9.5910994597e-05	0	1.37015706567e-05	1.82687608756e-05	3.65375217512e-05	9.13438043781e-06	0	0	0.00103675217969	0	0.000191821989194	0.0133635985805	0.00109155846232	0.00487319196357	0	0.000296867364229	0	0.00033340488598	9.13438043781e-05	0	0.000392778358826	0	0.00050239092408	1.82687608756e-05	0	0	0	0	0	0	0	2.74031413134e-05	0.000949975565532	2.74031413134e-05	0.00394148515892	2.28359510945e-05	0	2.74031413134e-05	4.56719021891e-06	1.37015706567e-05	5.48062826269e-05	2.28359510945e-05	0	3.19703315323e-05	4.56719021891e-06	2.74031413134e-05	0.00564961430079	0.00292756893032	0.00327467538696	0	2.28359510945e-05	4.56719021891e-06	0.00079469109809	4.56719021891e-06	0	7.30750435025e-05	3.65375217512e-05	0.000447584641453	0.000379076788169	4.56719021891e-06	4.56719021891e-06	0	0.00115549912538	2.28359510945e-05	3.65375217512e-05	3.65375217512e-05	0	0	0	3.19703315323e-05
0.000150717277224	0.00405109772417	0.00912981324759	0	5.0239092408e-05	3.19703315323e-05	0.000369942407731	0.00314679406083	0.001982160555	0.000753586386119	0.00146606806027	0.00602412389874	0.000657675391522	0.00395518672957	0.00178577137559	9.13438043781e-05	0.000356240837075	0.0050239092408	0.00364461779469	0.0109064502427	0.00104131936991	0.000822094239403	0.00126967888086	0.00287732983791	0.000908870853562	0.00109155846232	0.0744177974268	0.0258731325901	0.00122857416889	0.00214657940289	0.0012559773102	0.00437993541993	4.11047119701e-05	3.65375217512e-05	0.00725726525784	5.93734728458e-05	0.0133453298196	0.00121943978845	0	0	0	4.56719021891e-06	0	1.82687608756e-05	0.000187254798975	2.28359510945e-05	0.000191821989194	4.56719021891e-06	0.00147520244071	3.19703315323e-05	0	1.82687608756e-05	0.0016670244299	9.13438043781e-06	0.00353957241965	0	3.19703315323e-05	5.0239092408e-05	0.000164418847881	0.000278598603353	0.00353500522943	0.0179444903701	0.0133087922979	0.000182687608756	0.000118746945692	3.65375217512e-05	0.000278598603353	0	6.39406630647e-05	0.000200956369632	0.00952259160642	0.0088420802638	0.0100523856718	0.0025850296639	4.56719021891e-06	0.000118746945692	2.74031413134e-05	0.000899736473124	0.00116920069604	0.000237493891383	0.000196389179413	0	9.13438043781e-06	0
2.74031413134e-05	0.0153503263257	0.0138522879339	0	4.56719021891e-06	4.56719021891e-06	5.0239092408e-05	0.000552630016488	0.000324270505542	0.00258046247368	0.000474987782766	0.000981945897065	0.000105045375035	0.00491429667554	0.000411047119701	0.000301434554448	0.00758153576338	0.00451238393628	0.000388211168607	0.0034299598544	0.00021009075007	0.000799258288308	0.012998223363	0.00872790050833	0.00358981151206	0.00487319196357	0.0258731325901	0.0880143227085	0.00171726352231	0.000506958114299	0.000342539266418	0.00314679406083	0	1.82687608756e-05	0.00426118847424	4.56719021891e-06	0.0188305252725	0.00205980278873	0	0	0	9.13438043781e-06	0	4.56719021891e-06	8.22094239403e-05	4.56719021891e-06	0.000278598603353	9.13438043781e-06	0.00195475741369	2.28359510945e-05	4.56719021891e-06	0.00137472425589	0.000105045375035	6.85078532836e-05	0.000461286212109	0	0.000118746945692	0.00777335775258	0.00634839440428	0.000255762652259	0.00698780103493	0.0080199860244	0.0238041954209	9.13438043781e-05	5.48062826269e-05	4.56719021891e-06	0.00041561430992	0	4.11047119701e-05	0.0001689860381	0.0125734746726	0.00325183943586	0.00538471726809	0.00217854973442	5.0239092408e-05	7.76422337214e-05	4.56719021891e-05	0.000657675391522	0.000580033157801	0.000283165793572	0.000159851657662	9.13438043781e-06	0	4.56719021891e-06
0.00209634031048	0.000200956369632	0.00371769283819	0	0.00480011692007	0.000470420592547	0.00450324955584	0.0283439824985	0.00455805583847	0.00698323384471	0.0114179755473	0.0011600663156	0.00114179755473	0.000328837695761	0.00416984466986	0.00174923385384	0.00499193890926	0.000465853402328	0.000246628271821	0.000854064570935	0.000392778358826	0.0203879371372	0.00336601919133	0.00784643279608	0.0267043612099	0	0.00122857416889	0.00171726352231	0.0973816298475	0.0105273734546	0.00825291272556	0.000146150087005	9.13438043781e-06	0.00279512041397	0.0145327992766	0.000397345549045	0.000589167538239	0.000264897032697	0	0.00464483245263	2.28359510945e-05	4.11047119701e-05	0.00083579581006	9.5910994597e-05	0.00655848515435	0.000196389179413	7.30750435025e-05	0.000260329842478	4.56719021891e-06	0.000109612565254	8.22094239403e-05	0.00679141185551	0.00012331413591	4.56719021891e-06	5.48062826269e-05	0.00295040488141	0.00340255671308	0.0095910994597	0.00315592844126	0.014729188456	7.30750435025e-05	0.000191821989194	0.000616570679552	0.00570898777363	0.000561764396925	0.00160765095705	3.65375217512e-05	9.13438043781e-06	3.65375217512e-05	0.00041561430992	0.00673660557289	0.000675944152398	0.0149484135865	0.00323357067499	0.000808392668746	0.000689645723055	2.74031413134e-05	0.00114179755473	3.19703315323e-05	0.000328837695761	0.000401912739264	3.65375217512e-05	8.22094239403e-05	0
0.00859088480176	3.19703315323e-05	0.00185884641909	0	0.000406479929483	0.000337972076199	0.00212374345179	0.0139710348796	0.0120071430855	0.000283165793572	0.00638493192603	0.00713395112193	0.001836010468	0.000634839440428	0.0188487940334	0.000196389179413	2.28359510945e-05	0.00173553228318	0.001836010468	0.00179947294625	0.00269920941937	0.000420181500139	1.37015706567e-05	0.00139756020699	0.00179490575603	0.000296867364229	0.00214657940289	0.000506958114299	0.0105273734546	0.0476175252223	0.00793777660046	0.000310568934886	0.000771855146995	0.00485949039292	0.0158709860107	9.13438043781e-06	2.74031413134e-05	3.19703315323e-05	0	1.37015706567e-05	0	5.48062826269e-05	9.13438043781e-06	0.000137015706567	8.22094239403e-05	1.37015706567e-05	0.000118746945692	1.37015706567e-05	4.11047119701e-05	8.22094239403e-05	1.37015706567e-05	0.000205523559851	0	0	0	0	1.82687608756e-05	0.000237493891383	5.93734728458e-05	0.00050239092408	0.000178120418537	3.19703315323e-05	2.74031413134e-05	0.000712481674149	5.48062826269e-05	1.82687608756e-05	1.82687608756e-05	3.19703315323e-05	9.13438043781e-06	0.000200956369632	0.00137472425589	0.000703347293711	0.0094951884651	0.00105045375035	6.85078532836e-05	5.48062826269e-05	0.000484122163204	1.82687608756e-05	0	0.000196389179413	0.0001689860381	9.13438043781e-06	0.000155284467443	2.74031413134e-05
0.00194105584303	2.74031413134e-05	0.00268550784872	0	4.56719021891e-06	2.28359510945e-05	6.39406630647e-05	0.0107831361068	0.00266723908784	0.00104588656013	0.000205523559851	0.00050239092408	2.28359510945e-05	1.82687608756e-05	0.00605152704005	6.39406630647e-05	0.000438450261015	0.00369485688709	3.19703315323e-05	0.000548062826269	2.74031413134e-05	0.0127150575694	0.000242061081602	0.0056039423986	0.00195475741369	0	0.0012559773102	0.000342539266418	0.00825291272556	0.00793777660046	0.0378483053441	0	0	0.00174923385384	0.00481838568095	2.28359510945e-05	0	9.5910994597e-05	0	0	0	0	2.28359510945e-05	0	0.00095910994597	4.56719021891e-06	1.37015706567e-05	0	0	4.56719021891e-06	0	0.000269464222915	4.56719021891e-06	0	1.82687608756e-05	0	0.000598301918677	0.00054349563605	0.000342539266418	0.000881467712249	1.37015706567e-05	5.48062826269e-05	4.11047119701e-05	0.00168072600056	3.65375217512e-05	9.13438043781e-05	0	0	1.37015706567e-05	4.56719021891e-05	0.000529794065393	0.000274031413134	0.00204610121807	0.000443017451234	3.19703315323e-05	0	0	9.5910994597e-05	0	0.000105045375035	0.000205523559851	4.11047119701e-05	0	0
0	4.11047119701e-05	0.000100478184816	0	2.74031413134e-05	4.56719021891e-06	3.65375217512e-05	0.000173553228318	0.00021009075007	0	0.000196389179413	0.00226532634858	8.22094239403e-05	0.00506044676255	0.000159851657662	4.56719021891e-06	0	7.76422337214e-05	0.000223792320726	0.000141582896786	0.000100478184816	3.19703315323e-05	0	3.19703315323e-05	5.48062826269e-05	0.00033340488598	0.00437993541993	0.00314679406083	0.000146150087005	0.000310568934886	0	0.0077550889917	2.74031413134e-05	4.56719021891e-06	0.000753586386119	0	0.000141582896786	9.13438043781e-06	0	0	0	0	0	0	0	0	6.85078532836e-05	0	0.000890602092687	0	0	4.56719021891e-06	3.65375217512e-05	0.000114179755473	0.000205523559851	0	0	4.56719021891e-06	9.13438043781e-06	1.37015706567e-05	0.00124227573954	0.00221508725617	0.000931706804657	0	0	0	0.000237493891383	0	0	1.37015706567e-05	0.000392778358826	0.00133818673414	0.00137015706567	0.000296867364229	0	4.56719021891e-06	0	1.82687608756e-05	3.65375217512e-05	4.56719021891e-06	4.56719021891e-06	0	0	0
0	0	0	0	0	0.00176750261472	0.000516092494736	1.82687608756e-05	0.00133818673414	0	9.13438043781e-06	0.000470420592547	9.13438043781e-06	9.13438043781e-05	0.00133818673414	0.000342539266418	4.56719021891e-06	0	0	4.56719021891e-06	2.74031413134e-05	4.56719021891e-06	0	1.37015706567e-05	4.56719021891e-06	9.13438043781e-05	4.11047119701e-05	0	9.13438043781e-06	0.000771855146995	0	2.74031413134e-05	0.00312395810973	0	0.000872333331811	0	0	0	0	0	0	0	0	0	0	0	0	0	0	0	0	0	0	0	0	0	0	0	0	1.37015706567e-05	4.56719021891e-06	0	0	4.56719021891e-06	0	0	0	0	0	0	0.000127881326129	0.0001689860381	0.000429315880577	0.000182687608756	0.000187254798975	0.000369942407731	0.000246628271821	0	0	0	0	0	0	0
0.00113266317429	4.56719021891e-06	2.28359510945e-05	0	0	9.13438043781e-06	9.13438043781e-06	0.000685078532836	5.48062826269e-05	0.000155284467443	0.000118746945692	0.000242061081602	0	0	6.85078532836e-05	4.56719021891e-06	1.82687608756e-05	6.85078532836e-05	0	1.82687608756e-05	0	0.000196389179413	1.82687608756e-05	6.85078532836e-05	0.00121030540801	0	3.65375217512e-05	1.82687608756e-05	0.00279512041397	0.00485949039292	0.00174923385384	4.56719021891e-06	0	0.00579576438779	0.00211004188113	4.56719021891e-06	0	0	0	0	0	0	0	0	4.56719021891e-06	0	0	0	0	0	0	0.000191821989194	0	0	0	0	9.13438043781e-06	0.000196389179413	9.13438043781e-06	0.000182687608756	9.13438043781e-06	0	0	0.000438450261015	1.37015706567e-05	1.37015706567e-05	0	0	9.13438043781e-06	2.28359510945e-05	0.000187254798975	5.48062826269e-05	0.00110526003298	5.48062826269e-05	0	1.37015706567e-05	0	1.37015706567e-05	0	1.82687608756e-05	1.82687608756e-05	0	0	0
0.000479554972985	0.000379076788169	0.00213287783223	0	0.000493256543642	0.000155284467443	0.00175380104406	0.0117696491941	0.00808392668746	0.000319703315323	0.00923942581285	0.0151585043365	0.00236123734317	0.00197759336479	0.00557653925728	0.000264897032697	0.000411047119701	0.00546235950181	0.00349390051746	0.00858175042132	0.00462656369175	0.00810219544834	0.000356240837075	0.00709741360018	0.00344822861527	0.000392778358826	0.00725726525784	0.00426118847424	0.0145327992766	0.0158709860107	0.00481838568095	0.000753586386119	0.000872333331811	0.00211004188113	0.0593871744164	8.22094239403e-05	7.76422337214e-05	5.93734728458e-05	0	1.82687608756e-05	4.56719021891e-06	9.5910994597e-05	0.000159851657662	0.000155284467443	0.000301434554448	2.74031413134e-05	0.00012331413591	8.67766141592e-05	5.93734728458e-05	0.000137015706567	8.67766141592e-05	1.37015706567e-05	1.37015706567e-05	0	4.11047119701e-05	9.13438043781e-06	3.65375217512e-05	4.11047119701e-05	8.67766141592e-05	0.00100021465794	0.000351673646856	0.000146150087005	5.93734728458e-05	0.000511525304517	0.000150717277224	9.13438043781e-06	4.56719021891e-05	4.56719021891e-05	9.13438043781e-06	0.000219225130507	0.00423835252314	0.0017629354245	0.0411595182528	0.00371312564797	0.000178120418537	0.000283165793572	0.000721616054587	4.11047119701e-05	9.13438043781e-06	0.000433883070796	0.000493256543642	3.19703315323e-05	0.000146150087005	4.56719021891e-06
