0.0167679047118	1.27254526019e-05	0.000131496343553	0	0.000110287255883	1.27254526019e-05	0.00121315981472	0.0046447901997	0.00425030116904	0.000173914518893	0.000865330776931	1.27254526019e-05	0.000267234504641	4.24181753398e-05	0.00464903201724	0.000241783599437	0.000199365424097	7.63527156116e-05	0	8.48363506795e-06	0.000110287255883	0.000852605324329	8.90781682135e-05	0.000538710826815	0.000984101667883	0	2.12090876699e-05	5.51436279417e-05	0.00190033425522	0.00728744252337	0.00472114291532	0	4.24181753398e-06	0.00347829037786	0.00210394149685	0	0	0	0	8.48363506795e-06	0	0	0	0	4.24181753398e-05	0	0	4.24181753398e-06	0	0	0	4.24181753398e-06	0	0	0	4.24181753398e-06	0	1.27254526019e-05	0	1.69672701359e-05	0	0	4.24181753398e-06	0	0	0	0	0	0	0	0.000674448987902	0.000101803620815	0.000729592615844	0.000237541781903	8.90781682135e-05	3.81763578058e-05	4.24181753398e-06	4.24181753398e-06	0	0	0	0	0	0
1.27254526019e-05	0.0108463274344	0.00134465615827	0	0	0	8.48363506795e-06	8.48363506795e-06	8.48363506795e-06	4.24181753398e-06	0	0.000250267234505	0	0.000114529073417	8.48363506795e-06	4.24181753398e-06	5.51436279417e-05	0.00112832346404	6.36272630097e-05	0.000911990769805	0	7.21108980776e-05	0.00076776897365	0.000555678096951	4.24181753398e-06	0.000911990769805	0.00271476322175	0.00472962655038	1.69672701359e-05	2.54509052039e-05	6.36272630097e-05	4.24181753398e-06	0	8.48363506795e-06	0.00106045438349	0	0.00215484330726	0.000390247213126	0	0	0	0	0	0	0	0	0.000106045438349	0	3.39345402718e-05	0	0	4.66599928737e-05	0.000144221796155	4.24181753398e-06	9.75618032815e-05	0	3.39345402718e-05	0.000449632658602	0.000101803620815	4.24181753398e-06	8.48363506795e-05	0.000674448987902	0.00110287255883	0	0	1.27254526019e-05	4.24181753398e-06	0	0	0.000106045438349	0.000203607241631	0.00074655988598	0.000500534469009	0.000178156336427	4.24181753398e-06	1.69672701359e-05	8.48363506795e-06	3.39345402718e-05	0.000127254526019	0.000101803620815	3.81763578058e-05	8.48363506795e-06	4.24181753398e-06	0
0.000131496343553	0.00134465615827	0.0325389823031	0	4.24181753398e-06	8.48363506795e-06	2.12090876699e-05	0.000135738161087	4.66599928737e-05	4.66599928737e-05	2.12090876699e-05	0.000216332694233	0	0.000148463613689	4.66599928737e-05	2.54509052039e-05	0.000979859850349	0.00802976059182	2.96927227378e-05	0.00103924529582	0	0.00270203776914	0.00105621256596	0.0171793610126	0.000224816329301	5.09018104077e-05	0.00397882484687	0.0106469620103	0.000487809016407	0.000398730848194	0.00160764884538	0	4.24181753398e-06	0.000233299964369	0.00612518451906	0	0.000292685409844	0.000110287255883	0	0	0	0	8.48363506795e-06	0	1.69672701359e-05	0	8.48363506795e-06	0	4.24181753398e-06	0	0	7.63527156116e-05	1.69672701359e-05	0	4.24181753398e-06	0	2.54509052039e-05	0.00041569811833	7.21108980776e-05	8.48363506795e-06	0	6.36272630097e-05	0.000233299964369	1.27254526019e-05	0	1.27254526019e-05	0	0	0	2.96927227378e-05	0.002621443236	0.003058350442	0.00405093574495	0.00180277245194	8.48363506795e-05	6.36272630097e-05	7.63527156116e-05	0.000139979978621	1.27254526019e-05	1.69672701359e-05	8.48363506795e-06	4.24181753398e-06	0	0
0	0	0	0	0	0	0	0	0	0	0	0	0	0	0	0	0	0	0	0	0	0	0	0	0	0	0	0	0	0	0	0	0	0	0	0	0	0	0	0	0	0	0	0	0	0	0	0	0	0	0	0	0	0	0	0	0	0	0	0	0	0	0	0	0	0	0	0	0	0	0	0	0	0	0	0	0	0	0	0	0	0	0	0
0.000110287255883	0	4.24181753398e-06	0	0.0166236829157	0	0.000114529073417	0.00123436890239	9.75618032815e-05	0.000169672701359	0.000831396236659	0	0.00134465615827	4.24181753398e-06	6.36272630097e-05	2.96927227378e-05	4.24181753398e-06	0	0	0	0.00361827035648	1.69672701359e-05	4.24181753398e-06	0	0.00759285338582	0	0	0	0.00313894497514	0.000110287255883	5.93854454757e-05	0	0	6.78690805436e-05	4.66599928737e-05	8.48363506795e-06	0	0	0	0.0041697066359	0	9.75618032815e-05	7.21108980776e-05	1.69672701359e-05	2.12090876699e-05	0.00143797614402	0	0.00112832346404	0	2.54509052039e-05	4.24181753398e-06	4.24181753398e-06	0	0	0	0.00358009399868	0	4.24181753398e-06	0	8.90781682135e-05	0	0	0	0.000369038125456	4.24181753398e-06	4.24181753398e-06	0	0	0	4.24181753398e-06	8.48363506795e-06	0	2.12090876699e-05	0	1.27254526019e-05	0	0	4.24181753398e-06	0	4.24181753398e-06	0	4.24181753398e-06	0	0
1.27254526019e-05	0	8.48363506795e-06	0	0	0.00685053531737	0.00234572509629	0	0.00374128306497	0	1.69672701359e-05	5.09018104077e-05	4.24181753398e-06	0.000229058146835	0.00100531075555	0.00070414171064	4.24181753398e-06	8.48363506795e-06	0	1.69672701359e-05	4.24181753398e-06	1.27254526019e-05	0	2.12090876699e-05	0	0	4.24181753398e-06	0	1.69672701359e-05	0.00103076166076	8.48363506795e-06	0	0.00256629960806	2.54509052039e-05	0.00136586524594	0	0	0	0	0	0	0	0	0	0	0	0	0	0	0	0	0	0	0	0	0	0	0	0	0	0	0	0	0	0	0	0	0	0	0	4.24181753398e-05	4.24181753398e-05	0.000292685409844	8.05945331456e-05	0.000492050833941	0.000441149023534	8.48363506795e-06	0	0	0	0	0	0	0
0.00121315981472	8.48363506795e-06	2.12090876699e-05	0	0.000114529073417	0.00234572509629	0.0327722822675	0.00235845054889	0.0162673702428	7.21108980776e-05	0.00600217181058	8.90781682135e-05	0.00289291955817	0.000233299964369	0.00464054838217	0.00223119602287	8.48363506795e-06	2.12090876699e-05	0	1.27254526019e-05	0.000712625345708	0.000135738161087	8.48363506795e-06	8.48363506795e-05	0.000386005395592	4.24181753398e-06	2.96927227378e-05	2.96927227378e-05	0.000636272630097	0.00303714135433	0.000386005395592	0	0.00151432885963	0.000687174440504	0.0022227123878	0	0	0	0	0	0	0	0	0	4.24181753398e-06	0	0	0	0	0	0	0	0	0	0	0	0	0	0	0	0	0	0	0	0	0	0	0	0	0	0.000377521760524	8.90781682135e-05	0.000975618032815	0.000292685409844	0.000920474404873	0.000301169044912	3.39345402718e-05	0	0	0	0	0	0	0
0.0046447901997	8.48363506795e-06	0.000135738161087	0	0.00123436890239	0	0.00235845054889	0.0343544802077	0.00230330692095	0.000530227191747	0.00806793694962	4.24181753398e-06	0.000984101667883	2.96927227378e-05	0.00157795612264	0.000182398153961	0.00035207085532	7.21108980776e-05	0	8.48363506795e-06	0.000886539864601	0.000979859850349	0.000254509052039	0.000691416258038	0.0044072484178	0	2.96927227378e-05	4.24181753398e-05	0.0139301287816	0.00266386141134	0.00662571898807	0	0	0.00139555796868	0.0013488979758	0	0	0	0	4.24181753398e-06	0	0	2.12090876699e-05	0	0.000123012708485	0	0	8.48363506795e-06	0	0	0	4.24181753398e-06	0	0	0	8.48363506795e-06	0	1.69672701359e-05	0	5.51436279417e-05	0	0	4.24181753398e-06	1.69672701359e-05	4.24181753398e-06	0	0	0	0	4.24181753398e-06	0.000390247213126	7.21108980776e-05	0.000487809016407	0.000156947248757	8.90781682135e-05	1.69672701359e-05	8.48363506795e-06	1.27254526019e-05	0	0	0	0	4.24181753398e-06	0
0.00425030116904	8.48363506795e-06	4.66599928737e-05	0	9.75618032815e-05	0.00374128306497	0.0162673702428	0.00230330692095	0.0429950625244	6.36272630097e-05	0.0030965267998	0.000241783599437	0.000818670784058	0.000500534469009	0.0179344045337	0.00145070159662	4.24181753398e-05	5.51436279417e-05	4.24181753398e-06	3.81763578058e-05	0.000360554490388	0.000224816329301	2.54509052039e-05	0.000152705431223	0.000402972665728	1.69672701359e-05	5.09018104077e-05	2.54509052039e-05	0.000738076250912	0.00802976059182	0.00114529073417	0	0.00350374128306	0.00157795612264	0.00447935931588	0	0	0	0	4.24181753398e-06	0	0	0	0	1.69672701359e-05	0	0	0	0	0	0	4.24181753398e-06	0	0	0	4.24181753398e-06	0	8.48363506795e-06	0	1.27254526019e-05	0	0	0	0	0	0	0	0	0	0	0.000610821724893	0.000148463613689	0.00161613248045	0.000513259921611	0.000623547177495	0.000564161732019	3.81763578058e-05	0	0	0	0	0	0	0
0.000173914518893	4.24181753398e-06	4.66599928737e-05	0	0.000169672701359	0	7.21108980776e-05	0.000530227191747	6.36272630097e-05	0.0119491999932	5.09018104077e-05	0	0.00155250521744	8.48363506795e-06	3.39345402718e-05	0.000182398153961	0.000619305359961	1.69672701359e-05	0	0	0.000648998082698	0.000279959957242	0.00153129612977	0.000301169044912	0.00504776286543	0	0	2.12090876699e-05	0.00150160340703	0.00033086176765	0.000831396236659	0	0	0.000258750869573	0.000462358111203	8.48363506795e-06	0	0	0	0.000123012708485	0	0	0.000118770890951	0	0.000975618032815	2.12090876699e-05	0	2.54509052039e-05	0	0	0	4.24181753398e-05	0	0	0	2.54509052039e-05	0	9.33199857475e-05	4.24181753398e-06	0.000623547177495	0	0	4.24181753398e-06	0.000212090876699	1.27254526019e-05	1.69672701359e-05	0	0	4.24181753398e-06	4.24181753398e-06	0.000267234504641	2.96927227378e-05	0.000127254526019	6.36272630097e-05	0.000856847141863	0	0	4.24181753398e-06	4.24181753398e-06	8.48363506795e-06	4.24181753398e-06	8.48363506795e-06	0	0
0.000865330776931	0	2.12090876699e-05	0	0.000831396236659	1.69672701359e-05	0.00600217181058	0.00806793694962	0.0030965267998	5.09018104077e-05	0.0298199772639	0	0.00285474320037	8.48363506795e-06	0.000958650762679	0.000178156336427	4.24181753398e-06	4.24181753398e-06	0	0	0.00452177749122	5.93854454757e-05	8.48363506795e-06	4.24181753398e-05	0.00110287255883	0	4.24181753398e-06	4.24181753398e-06	0.00486536471147	0.000466599928737	0.000233299964369	0	4.24181753398e-06	0.000254509052039	0.000250267234505	0	0	0	0	4.24181753398e-06	0	0	0	0	4.24181753398e-06	1.27254526019e-05	0	3.39345402718e-05	0	0	0	0	0	0	0	4.24181753398e-06	0	0	0	0	0	0	0	0	0	0	0	0	0	0	3.39345402718e-05	8.48363506795e-06	0.000101803620815	1.69672701359e-05	1.69672701359e-05	4.24181753398e-06	0	0	0	0	0	0	0	0
1.27254526019e-05	0.000250267234505	0.000216332694233	0	0	5.09018104077e-05	8.90781682135e-05	4.24181753398e-06	0.000241783599437	0	0	0.0313639988462	0	0.0111093201215	0.000199365424097	5.93854454757e-05	1.69672701359e-05	0.000716867163242	0.00365220489675	0.00366917216689	0	5.93854454757e-05	1.27254526019e-05	0.000279959957242	8.48363506795e-06	0.00423333389891	0.00891630045642	0.00233299964369	8.48363506795e-06	0.000335103585184	3.81763578058e-05	0.000551436279417	2.12090876699e-05	5.51436279417e-05	0.00552708824677	0	0.000262992687107	8.48363506795e-06	0	0	0	0	0	0	0	0	0.000254509052039	0	0.000173914518893	0	0	0	4.24181753398e-06	2.12090876699e-05	5.09018104077e-05	0	0	8.48363506795e-06	4.24181753398e-06	4.24181753398e-06	0.000318136315048	0.000173914518893	0.000118770890951	0	0	0	0	0	0	3.81763578058e-05	0.000581129002155	0.00300744863159	0.00420788299371	0.000716867163242	3.81763578058e-05	7.21108980776e-05	0.000848363506795	5.51436279417e-05	0.000254509052039	5.51436279417e-05	1.69672701359e-05	0	4.24181753398e-06	5.09018104077e-05
0.000267234504641	0	0	0	0.00134465615827	4.24181753398e-06	0.00289291955817	0.000984101667883	0.000818670784058	0.00155250521744	0.00285474320037	0	0.0250861088959	1.27254526019e-05	0.000284201774776	0.00105621256596	4.24181753398e-06	4.24181753398e-06	0	0	0.00937865856762	2.54509052039e-05	0	2.96927227378e-05	0.00363947944415	0	0	0	0.000441149023534	0.000233299964369	9.75618032815e-05	0	0	0.000165430883825	0.000169672701359	4.24181753398e-06	0	0	0	4.24181753398e-05	0	0.000229058146835	1.27254526019e-05	8.48363506795e-06	8.48363506795e-06	0.000967134397747	0	0.00332558494664	0	8.48363506795e-06	0	4.24181753398e-06	0	0	0	0.000335103585184	0	4.24181753398e-06	0	8.48363506795e-06	0	0	4.24181753398e-06	4.24181753398e-06	0	0	0	0	0	0	8.05945331456e-05	4.24181753398e-06	5.09018104077e-05	2.12090876699e-05	0.000585370819689	4.24181753398e-06	0	0	0	0	0	0	0	0
4.24181753398e-05	0.000114529073417	0.000148463613689	0	4.24181753398e-06	0.000229058146835	0.000233299964369	2.96927227378e-05	0.000500534469009	8.48363506795e-06	8.48363506795e-06	0.0111093201215	1.27254526019e-05	0.0241698763086	0.000466599928737	0.000106045438349	2.96927227378e-05	0.000190881789029	0.000470841746271	0.000674448987902	0	4.66599928737e-05	8.48363506795e-06	0.000161189066291	8.48363506795e-06	0.00687598622258	0.00471265928025	0.00378370124031	1.27254526019e-05	0.00078897806132	8.05945331456e-05	0.00123861071992	9.75618032815e-05	0.000148463613689	0.00295230500365	0	0.000246025416971	4.24181753398e-06	0	0	0	0	0	0	0	0	0.000199365424097	0	0.000559919914485	0	0	0	8.48363506795e-06	1.27254526019e-05	5.09018104077e-05	0	0	0	4.24181753398e-06	0	0.000301169044912	0.000207849059165	0.000131496343553	0	0	4.24181753398e-06	0	0	0	2.96927227378e-05	0.000547194461883	0.0010986307413	0.00279111593736	0.00109438892377	8.90781682135e-05	0.000530227191747	0.00081018714899	3.81763578058e-05	0.000258750869573	4.24181753398e-05	0	0	4.24181753398e-06	4.66599928737e-05
0.00464903201724	8.48363506795e-06	4.66599928737e-05	0	6.36272630097e-05	0.00100531075555	0.00464054838217	0.00157795612264	0.0179344045337	3.39345402718e-05	0.000958650762679	0.000199365424097	0.000284201774776	0.000466599928737	0.0314912533722	0.000856847141863	9.33199857475e-05	6.36272630097e-05	4.24181753398e-06	2.96927227378e-05	8.90781682135e-05	0.000428423570932	4.66599928737e-05	0.000241783599437	0.000322378132582	1.69672701359e-05	4.24181753398e-05	3.81763578058e-05	0.000589612637223	0.0123733817466	0.00149311977196	0	0.0011113561939	0.00301593226666	0.00458964657176	0	0	0	0	8.48363506795e-06	0	0	0	0	1.69672701359e-05	0	0	0	0	0	0	0	0	0	0	4.24181753398e-06	0	0	0	1.27254526019e-05	0	0	0	0	0	0	0	0	0	0	0.000755043521048	0.000186639971495	0.00179428881687	0.000593854454757	0.000593854454757	0.000483567198873	2.54509052039e-05	4.24181753398e-06	0	0	0	0	0	0
0.000241783599437	4.24181753398e-06	2.54509052039e-05	0	2.96927227378e-05	0.00070414171064	0.00223119602287	0.000182398153961	0.00145070159662	0.000182398153961	0.000178156336427	5.93854454757e-05	0.00105621256596	0.000106045438349	0.000856847141863	0.0070414171064	8.48363506795e-06	2.12090876699e-05	0	1.69672701359e-05	8.48363506795e-05	4.24181753398e-05	0	2.54509052039e-05	0.000118770890951	0	2.54509052039e-05	2.12090876699e-05	8.90781682135e-05	0.000797461696388	0.000114529073417	0	8.48363506795e-05	0.000262992687107	0.00081018714899	0	0	4.24181753398e-06	0	0	0	0	0	0	1.27254526019e-05	0	0	0	0	0	0	4.24181753398e-06	0	0	0	0	0	4.24181753398e-06	4.24181753398e-06	0	0	0	0	0	0	0	0	0	0	4.24181753398e-06	0.000504776286543	6.78690805436e-05	0.000487809016407	0.000296927227378	0.00300744863159	0.000152705431223	4.24181753398e-06	2.12090876699e-05	0	4.24181753398e-06	4.24181753398e-06	0	0	0
0.000199365424097	5.51436279417e-05	0.000979859850349	0	4.24181753398e-06	4.24181753398e-06	8.48363506795e-06	0.00035207085532	4.24181753398e-05	0.000619305359961	4.24181753398e-06	1.69672701359e-05	4.24181753398e-06	2.96927227378e-05	9.33199857475e-05	8.48363506795e-06	0.0211242513192	0.000246025416971	0	2.54509052039e-05	0	0.00460237202437	0.00456843748409	0.0109396474201	0.00458540475423	4.24181753398e-06	6.36272630097e-05	0.00351646673567	0.00323650677842	0.00045811629367	0.00163734156812	0	0	0.000284201774776	0.00142100887388	0	0	4.24181753398e-06	0	4.24181753398e-05	0	0	3.81763578058e-05	0	0.000271476322175	0	0	0	0	0	0	7.21108980776e-05	4.24181753398e-06	0	0	0	8.48363506795e-06	0.000207849059165	2.54509052039e-05	0.000161189066291	0	4.24181753398e-06	4.24181753398e-06	7.63527156116e-05	0	2.12090876699e-05	0	0	0	1.27254526019e-05	0.000814428966524	0.000428423570932	0.000899265317203	0.000453874476136	5.93854454757e-05	1.69672701359e-05	8.48363506795e-06	3.81763578058e-05	1.69672701359e-05	4.24181753398e-06	0	4.24181753398e-06	0	0
7.63527156116e-05	0.00112832346404	0.00802976059182	0	0	8.48363506795e-06	2.12090876699e-05	7.21108980776e-05	5.51436279417e-05	1.69672701359e-05	4.24181753398e-06	0.000716867163242	4.24181753398e-06	0.000190881789029	6.36272630097e-05	2.12090876699e-05	0.000246025416971	0.0278093557528	0.000279959957242	0.0061294263366	4.24181753398e-06	0.00214211785466	0.000322378132582	0.0109057128799	0.000101803620815	0.000165430883825	0.00770738245924	0.00405093574495	0.000216332694233	0.000241783599437	0.000979859850349	0	4.24181753398e-06	8.90781682135e-05	0.00998099665745	0	0.000212090876699	3.39345402718e-05	0	0	0	0	4.24181753398e-06	0	0	0	1.27254526019e-05	0	4.24181753398e-06	0	0	1.69672701359e-05	4.24181753398e-06	0	1.27254526019e-05	0	1.27254526019e-05	9.33199857475e-05	2.54509052039e-05	0	0	7.63527156116e-05	0.000148463613689	8.48363506795e-06	0	1.27254526019e-05	0	0	0	1.27254526019e-05	0.0019724451533	0.00341042129732	0.00392792303646	0.00158643975771	2.54509052039e-05	5.51436279417e-05	7.63527156116e-05	0.000135738161087	2.12090876699e-05	1.27254526019e-05	1.27254526019e-05	0	4.24181753398e-06	0
0	6.36272630097e-05	2.96927227378e-05	0	0	0	0	0	4.24181753398e-06	0	0	0.00365220489675	0	0.000470841746271	4.24181753398e-06	0	0	0.000279959957242	0.00566706822539	0.00203607241631	0	0	0	1.69672701359e-05	0	0.00033086176765	0.00320681405569	0.000441149023534	0	0	0	2.12090876699e-05	0	0	0.000279959957242	0	2.54509052039e-05	0	0	0	0	0	0	0	0	0	3.39345402718e-05	0	4.24181753398e-06	0	0	0	0	8.48363506795e-06	1.27254526019e-05	0	0	0	0	0	2.96927227378e-05	1.27254526019e-05	0	0	0	0	0	0	0	4.24181753398e-06	3.81763578058e-05	0.000161189066291	0.000186639971495	1.69672701359e-05	0	0	2.54509052039e-05	4.24181753398e-06	2.96927227378e-05	8.48363506795e-06	0	0	0	4.24181753398e-06
8.48363506795e-06	0.000911990769805	0.00103924529582	0	0	1.69672701359e-05	1.27254526019e-05	8.48363506795e-06	3.81763578058e-05	0	0	0.00366917216689	0	0.000674448987902	2.96927227378e-05	1.69672701359e-05	2.54509052039e-05	0.0061294263366	0.00203607241631	0.0209291277126	0	0.000165430883825	3.81763578058e-05	0.000844121689261	1.27254526019e-05	0.00076776897365	0.0135865415613	0.0032958922239	2.54509052039e-05	6.78690805436e-05	9.33199857475e-05	3.39345402718e-05	0	2.54509052039e-05	0.00604034816838	0	0.000224816329301	8.48363506795e-06	0	0	0	0	0	0	0	0	2.96927227378e-05	0	1.69672701359e-05	0	0	0	4.24181753398e-06	0	1.69672701359e-05	0	0	2.96927227378e-05	8.48363506795e-06	4.24181753398e-06	4.66599928737e-05	0.000106045438349	0.000123012708485	0	0	4.24181753398e-06	0	0	0	8.48363506795e-06	0.000742318068446	0.00243904508204	0.00229482328588	0.000678690805436	2.54509052039e-05	3.39345402718e-05	6.78690805436e-05	2.54509052039e-05	3.39345402718e-05	8.48363506795e-06	0	0	0	4.24181753398e-06
0.000110287255883	0	0	0	0.00361827035648	4.24181753398e-06	0.000712625345708	0.000886539864601	0.000360554490388	0.000648998082698	0.00452177749122	0	0.00937865856762	0	8.90781682135e-05	8.48363506795e-05	0	4.24181753398e-06	0	0	0.0182058808558	8.48363506795e-06	4.24181753398e-06	4.24181753398e-06	0.00372855761237	0	0	0	0.000924716222407	7.63527156116e-05	3.81763578058e-05	0	0	3.39345402718e-05	5.93854454757e-05	0	0	0	0	0.000144221796155	0	4.66599928737e-05	0	8.48363506795e-06	8.48363506795e-06	0.000229058146835	0	0.000619305359961	0	4.24181753398e-06	0	4.24181753398e-06	0	0	0	0.000212090876699	0	4.24181753398e-06	0	8.48363506795e-06	0	0	0	1.27254526019e-05	0	0	0	0	0	0	8.48363506795e-06	0	1.69672701359e-05	4.24181753398e-06	1.69672701359e-05	0	0	0	0	0	0	0	0	0
0.000852605324329	7.21108980776e-05	0.00270203776914	0	1.69672701359e-05	1.27254526019e-05	0.000135738161087	0.000979859850349	0.000224816329301	0.000279959957242	5.93854454757e-05	5.93854454757e-05	2.54509052039e-05	4.66599928737e-05	0.000428423570932	4.24181753398e-05	0.00460237202437	0.00214211785466	0	0.000165430883825	8.48363506795e-06	0.0397627975635	0.00102651984322	0.0228761219607	0.00190881789029	1.27254526019e-05	0.000271476322175	0.000861088959397	0.00571372821827	0.00229482328588	0.0127084853318	0	8.48363506795e-06	0.00179004699934	0.00589188455469	4.24181753398e-06	4.24181753398e-06	4.24181753398e-06	0	1.27254526019e-05	0	0	1.27254526019e-05	0	0.000114529073417	0	0	0	0	0	0	4.24181753398e-05	0	0	0	0	1.27254526019e-05	0.000106045438349	1.69672701359e-05	4.66599928737e-05	0	0	1.27254526019e-05	4.24181753398e-05	0	1.27254526019e-05	0	0	0	4.24181753398e-06	0.00176459609413	0.000882298047067	0.00243056144697	0.000856847141863	0.000131496343553	4.66599928737e-05	3.39345402718e-05	8.48363506795e-05	4.24181753398e-06	4.24181753398e-06	0	8.48363506795e-06	0	0
8.90781682135e-05	0.00076776897365	0.00105621256596	0	4.24181753398e-06	0	8.48363506795e-06	0.000254509052039	2.54509052039e-05	0.00153129612977	8.48363506795e-06	1.27254526019e-05	0	8.48363506795e-06	4.66599928737e-05	0	0.00456843748409	0.000322378132582	0	3.81763578058e-05	4.24181753398e-06	0.00102651984322	0.0142397814616	0.00293957955105	0.00322802314336	4.24181753398e-06	9.75618032815e-05	0.00257054142559	0.0013488979758	0.000233299964369	0.000996827120485	0	0	0.000190881789029	0.00106893801856	1.69672701359e-05	4.24181753398e-05	6.78690805436e-05	0	2.54509052039e-05	0	0	6.78690805436e-05	0	0.000509018104077	0	0	4.24181753398e-06	0	0	0	0.000407214483262	1.69672701359e-05	0	0	8.48363506795e-06	0.000101803620815	0.00124709435499	0.000182398153961	0.000241783599437	0	8.48363506795e-06	0.000161189066291	0.000161189066291	0	0.000127254526019	0	0	0	6.36272630097e-05	0.000551436279417	0.000296927227378	0.000653239900232	0.000335103585184	3.39345402718e-05	4.24181753398e-06	8.48363506795e-06	5.51436279417e-05	2.12090876699e-05	2.96927227378e-05	1.27254526019e-05	8.48363506795e-06	0	4.24181753398e-06
0.000538710826815	0.000555678096951	0.0171793610126	0	0	2.12090876699e-05	8.48363506795e-05	0.000691416258038	0.000152705431223	0.000301169044912	4.24181753398e-05	0.000279959957242	2.96927227378e-05	0.000161189066291	0.000241783599437	2.54509052039e-05	0.0109396474201	0.0109057128799	1.69672701359e-05	0.000844121689261	4.24181753398e-06	0.0228761219607	0.00293957955105	0.065608191798	0.00181549790454	3.81763578058e-05	0.00158219794017	0.0101973293517	0.00331285949404	0.00149311977196	0.00666813716341	0	1.27254526019e-05	0.000716867163242	0.0114020055313	0	8.90781682135e-05	4.66599928737e-05	0	1.69672701359e-05	0	0	1.69672701359e-05	0	0.000118770890951	0	0	0	0	4.24181753398e-06	0	0.000144221796155	0	0	0	0	3.81763578058e-05	0.000369038125456	7.63527156116e-05	6.36272630097e-05	0	2.12090876699e-05	6.78690805436e-05	4.66599928737e-05	8.48363506795e-06	2.96927227378e-05	0	0	0	2.54509052039e-05	0.00444542477561	0.00333831039924	0.00643907901658	0.00303289953679	0.000195123606563	9.75618032815e-05	0.000152705431223	0.000178156336427	4.24181753398e-06	1.69672701359e-05	1.27254526019e-05	8.48363506795e-06	4.24181753398e-06	0
0.000984101667883	4.24181753398e-06	0.000224816329301	0	0.00759285338582	0	0.000386005395592	0.0044072484178	0.000402972665728	0.00504776286543	0.00110287255883	8.48363506795e-06	0.00363947944415	8.48363506795e-06	0.000322378132582	0.000118770890951	0.00458540475423	0.000101803620815	0	1.27254526019e-05	0.00372855761237	0.00190881789029	0.00322802314336	0.00181549790454	0.0416885827239	0	2.12090876699e-05	0.000131496343553	0.0145112577837	0.00124709435499	0.00350374128306	0	0	0.000814428966524	0.00156947248757	4.24181753398e-06	0	0	0	0.000962892580213	0	0	0.000114529073417	0	0.000479325381339	2.96927227378e-05	0	2.54509052039e-05	0	4.24181753398e-06	0	2.96927227378e-05	0	0	0	2.12090876699e-05	2.12090876699e-05	8.05945331456e-05	0	0.00141252523881	0	0	0	0.000432665388466	4.24181753398e-06	3.81763578058e-05	0	0	0	1.27254526019e-05	0.000517501739145	0.000118770890951	0.000466599928737	0.000199365424097	0.000190881789029	8.48363506795e-06	8.48363506795e-06	1.69672701359e-05	4.24181753398e-06	1.27254526019e-05	0	0	0	0
0	0.000911990769805	5.09018104077e-05	0	0	0	4.24181753398e-06	0	1.69672701359e-05	0	0	0.00423333389891	0	0.00687598622258	1.69672701359e-05	0	4.24181753398e-06	0.000165430883825	0.00033086176765	0.00076776897365	0	1.27254526019e-05	4.24181753398e-06	3.81763578058e-05	0	0.0165558138351	0.00433937933726	0.00479325381339	0	2.12090876699e-05	4.24181753398e-06	7.21108980776e-05	0	0	0.000606579907359	0	0.0010731798361	2.54509052039e-05	0	0	0	0	0	0	0	0	0.000776252608718	0	0.000504776286543	0	0	0	2.96927227378e-05	5.93854454757e-05	0.000173914518893	0	4.24181753398e-06	4.24181753398e-06	0	0	0.00106893801856	0.000721108980776	0.000470841746271	0	0	0	8.48363506795e-06	0	0	0.000114529073417	6.36272630097e-05	0.000695658075572	0.000551436279417	0.000101803620815	4.24181753398e-06	4.24181753398e-06	0.000318136315048	8.48363506795e-06	0.000763527156116	0.000190881789029	2.12090876699e-05	0	4.24181753398e-06	0.000144221796155
2.12090876699e-05	0.00271476322175	0.00397882484687	0	0	4.24181753398e-06	2.96927227378e-05	2.96927227378e-05	5.09018104077e-05	0	4.24181753398e-06	0.00891630045642	0	0.00471265928025	4.24181753398e-05	2.54509052039e-05	6.36272630097e-05	0.00770738245924	0.00320681405569	0.0135865415613	0	0.000271476322175	9.75618032815e-05	0.00158219794017	2.12090876699e-05	0.00433937933726	0.0533875154826	0.0183882790098	2.54509052039e-05	0.000101803620815	0.000148463613689	0.00076776897365	0	4.66599928737e-05	0.00619305359961	0	0.00101803620815	8.05945331456e-05	0	0	0	0	0	0	0	0	0.000237541781903	0	0.000127254526019	0	0	0	5.09018104077e-05	2.12090876699e-05	0.000152705431223	0	0	5.51436279417e-05	1.27254526019e-05	0	0.000267234504641	0.000521743556679	0.000424181753398	0	0	8.48363506795e-06	0	0	0	6.36272630097e-05	0.00108166347116	0.00384308668578	0.00308804316474	0.000924716222407	2.12090876699e-05	3.39345402718e-05	0.000135738161087	9.33199857475e-05	0.000144221796155	8.48363506795e-05	2.12090876699e-05	4.24181753398e-06	0	2.54509052039e-05
5.51436279417e-05	0.00472962655038	0.0106469620103	0	0	0	2.96927227378e-05	4.24181753398e-05	2.54509052039e-05	2.12090876699e-05	4.24181753398e-06	0.00233299964369	0	0.00378370124031	3.81763578058e-05	2.12090876699e-05	0.00351646673567	0.00405093574495	0.000441149023534	0.0032958922239	0	0.000861088959397	0.00257054142559	0.0101973293517	0.000131496343553	0.00479325381339	0.0183882790098	0.0620323396169	0.000203607241631	0.000148463613689	0.000398730848194	0.000691416258038	0	7.21108980776e-05	0.00455147021396	4.24181753398e-06	0.00114953255171	0.000207849059165	0	0	0	0	0	4.24181753398e-06	2.12090876699e-05	0	0.000165430883825	0	6.36272630097e-05	0	0	0.000127254526019	2.96927227378e-05	2.12090876699e-05	4.66599928737e-05	0	1.27254526019e-05	0.000424181753398	6.36272630097e-05	1.69672701359e-05	0.000169672701359	0.000377521760524	0.000801703513922	4.24181753398e-06	4.24181753398e-06	4.24181753398e-06	0	0	0	7.21108980776e-05	0.00156947248757	0.00301169044912	0.00280384138996	0.00122164344979	5.09018104077e-05	4.24181753398e-05	0.000127254526019	9.33199857475e-05	0.000139979978621	6.36272630097e-05	2.12090876699e-05	1.27254526019e-05	8.48363506795e-06	2.54509052039e-05
0.00190033425522	1.69672701359e-05	0.000487809016407	0	0.00313894497514	1.69672701359e-05	0.000636272630097	0.0139301287816	0.000738076250912	0.00150160340703	0.00486536471147	8.48363506795e-06	0.000441149023534	1.27254526019e-05	0.000589612637223	8.90781682135e-05	0.00323650677842	0.000216332694233	0	2.54509052039e-05	0.000924716222407	0.00571372821827	0.0013488979758	0.00331285949404	0.0145112577837	0	2.54509052039e-05	0.000203607241631	0.042816906188	0.00220574511767	0.00863209868164	0	0	0.00126830344266	0.00233724146122	4.24181753398e-06	0	0	0	0.00078897806132	0	1.69672701359e-05	4.66599928737e-05	8.48363506795e-06	0.000284201774776	0.000148463613689	0	9.75618032815e-05	0	4.24181753398e-06	0	2.12090876699e-05	0	0	0	0.000424181753398	4.24181753398e-06	9.33199857475e-05	0	0.000195123606563	0	0	8.48363506795e-06	8.90781682135e-05	4.24181753398e-06	1.69672701359e-05	0	0	0	4.24181753398e-06	0.000763527156116	0.000190881789029	0.00074655988598	0.000313894497514	0.000127254526019	1.27254526019e-05	4.24181753398e-06	2.96927227378e-05	4.24181753398e-06	8.48363506795e-06	0	4.24181753398e-06	4.24181753398e-06	0
0.00728744252337	2.54509052039e-05	0.000398730848194	0	0.000110287255883	0.00103076166076	0.00303714135433	0.00266386141134	0.00802976059182	0.00033086176765	0.000466599928737	0.000335103585184	0.000233299964369	0.00078897806132	0.0123733817466	0.000797461696388	0.00045811629367	0.000241783599437	0	6.78690805436e-05	7.63527156116e-05	0.00229482328588	0.000233299964369	0.00149311977196	0.00124709435499	2.12090876699e-05	0.000101803620815	0.000148463613689	0.00220574511767	0.0405305665371	0.010676654733	0	0.00105197074843	0.011732867299	0.0118686054601	0	8.48363506795e-06	0	0	1.27254526019e-05	0	0	4.24181753398e-06	0	6.36272630097e-05	0	0	0	0	0	0	1.27254526019e-05	0	0	0	0	0	2.96927227378e-05	4.24181753398e-06	4.24181753398e-05	0	0	4.24181753398e-06	4.24181753398e-06	0	4.24181753398e-06	0	0	0	0	0.00264265232367	0.000606579907359	0.00446663386328	0.00147191068429	0.000818670784058	0.000632030812563	6.78690805436e-05	5.93854454757e-05	4.24181753398e-06	4.24181753398e-06	4.24181753398e-06	0	0	0
0.00472114291532	6.36272630097e-05	0.00160764884538	0	5.93854454757e-05	8.48363506795e-06	0.000386005395592	0.00662571898807	0.00114529073417	0.000831396236659	0.000233299964369	3.81763578058e-05	9.75618032815e-05	8.05945331456e-05	0.00149311977196	0.000114529073417	0.00163734156812	0.000979859850349	0	9.33199857475e-05	3.81763578058e-05	0.0127084853318	0.000996827120485	0.00666813716341	0.00350374128306	4.24181753398e-06	0.000148463613689	0.000398730848194	0.00863209868164	0.010676654733	0.0380533450973	0	4.24181753398e-06	0.00511563194598	0.0079152315184	0	4.24181753398e-06	0	0	1.27254526019e-05	0	0	2.12090876699e-05	0	0.000169672701359	0	0	4.24181753398e-06	0	0	0	2.96927227378e-05	0	0	0	4.24181753398e-06	0	7.21108980776e-05	1.27254526019e-05	8.48363506795e-05	0	0	4.24181753398e-06	2.96927227378e-05	0	1.27254526019e-05	0	0	0	1.27254526019e-05	0.00243904508204	0.000729592615844	0.00247297962231	0.00100531075555	0.000190881789029	5.93854454757e-05	3.81763578058e-05	3.81763578058e-05	4.24181753398e-06	1.27254526019e-05	4.24181753398e-06	4.24181753398e-06	0	0
0	4.24181753398e-06	0	0	0	0	0	0	0	0	0	0.000551436279417	0	0.00123861071992	0	0	0	0	2.12090876699e-05	3.39345402718e-05	0	0	0	0	0	7.21108980776e-05	0.00076776897365	0.000691416258038	0	0	0	0.00147615250182	0	0	2.96927227378e-05	0	4.24181753398e-06	0	0	0	0	0	0	0	0	0	0	0	0	0	0	0	0	0	0	0	0	0	0	0	0	4.24181753398e-06	0	0	0	0	0	0	0	0	8.48363506795e-06	2.12090876699e-05	2.12090876699e-05	4.24181753398e-06	0	0	0	0	0	0	0	0	0	0
4.24181753398e-06	0	4.24181753398e-06	0	0	0.00256629960806	0.00151432885963	0	0.00350374128306	0	4.24181753398e-06	2.12090876699e-05	0	9.75618032815e-05	0.0011113561939	8.48363506795e-05	0	4.24181753398e-06	0	0	0	8.48363506795e-06	0	1.27254526019e-05	0	0	0	0	0	0.00105197074843	4.24181753398e-06	0	0.00582825729168	2.12090876699e-05	0.000772010791184	0	0	0	0	0	0	0	0	0	0	0	0	0	0	0	0	0	0	0	0	0	0	0	0	0	0	0	0	0	0	0	0	0	0	0	2.12090876699e-05	2.54509052039e-05	0.000123012708485	2.96927227378e-05	1.69672701359e-05	0.000135738161087	8.48363506795e-06	0	0	0	0	0	0	0
0.00347829037786	8.48363506795e-06	0.000233299964369	0	6.78690805436e-05	2.54509052039e-05	0.000687174440504	0.00139555796868	0.00157795612264	0.000258750869573	0.000254509052039	5.51436279417e-05	0.000165430883825	0.000148463613689	0.00301593226666	0.000262992687107	0.000284201774776	8.90781682135e-05	0	2.54509052039e-05	3.39345402718e-05	0.00179004699934	0.000190881789029	0.000716867163242	0.000814428966524	0	4.66599928737e-05	7.21108980776e-05	0.00126830344266	0.011732867299	0.00511563194598	0	2.12090876699e-05	0.0146936559377	0.00707535164667	0	0	0	0	8.48363506795e-06	0	0	0	0	5.51436279417e-05	0	0	0	0	0	0	4.24181753398e-06	0	0	0	0	0	2.12090876699e-05	4.24181753398e-06	3.39345402718e-05	0	0	0	4.24181753398e-06	0	0	0	0	0	0	0.00225240511054	0.00033086176765	0.00276990684969	0.000945925310077	0.000335103585184	0.000114529073417	3.39345402718e-05	4.66599928737e-05	4.24181753398e-06	4.24181753398e-06	4.24181753398e-06	4.24181753398e-06	0	0
0.00210394149685	0.00106045438349	0.00612518451906	0	4.66599928737e-05	0.00136586524594	0.0022227123878	0.0013488979758	0.00447935931588	0.000462358111203	0.000250267234505	0.00552708824677	0.000169672701359	0.00295230500365	0.00458964657176	0.00081018714899	0.00142100887388	0.00998099665745	0.000279959957242	0.00604034816838	5.93854454757e-05	0.00589188455469	0.00106893801856	0.0114020055313	0.00156947248757	0.000606579907359	0.00619305359961	0.00455147021396	0.00233724146122	0.0118686054601	0.0079152315184	2.96927227378e-05	0.000772010791184	0.00707535164667	0.0590376164379	0	0.000220574511767	2.54509052039e-05	0	4.24181753398e-06	0	0	1.69672701359e-05	0	0.000123012708485	0	3.39345402718e-05	4.24181753398e-06	1.27254526019e-05	0	4.24181753398e-06	2.96927227378e-05	8.48363506795e-06	0	8.48363506795e-06	0	8.48363506795e-06	0.000169672701359	2.54509052039e-05	5.09018104077e-05	1.69672701359e-05	7.63527156116e-05	0.000118770890951	2.54509052039e-05	0	2.12090876699e-05	4.24181753398e-06	0	4.24181753398e-06	5.09018104077e-05	0.0116225800431	0.00854302051343	0.0248273580264	0.0087763204778	0.00127678707773	0.00120891799718	0.000619305359961	0.000492050833941	6.78690805436e-05	7.21108980776e-05	5.93854454757e-05	4.24181753398e-05	1.27254526019e-05	1.69672701359e-05
0	0	0	0	8.48363506795e-06	0	0	0	0	8.48363506795e-06	0	0	4.24181753398e-06	0	0	0	0	0	0	0	0	4.24181753398e-06	1.69672701359e-05	0	4.24181753398e-06	0	0	4.24181753398e-06	4.24181753398e-06	0	0	0	0	0	0	0.0148124268286	0	1.27254526019e-05	0	0.000156947248757	4.24181753398e-06	0.00140828342128	0.00478052836079	0.00228209783328	9.75618032815e-05	0.00127678707773	8.48363506795e-06	0.000555678096951	0	0.00618881178207	0.000318136315048	8.90781682135e-05	4.24181753398e-06	0	0	0.000135738161087	0.000101803620815	5.51436279417e-05	0.000110287255883	0.000627788995029	0	4.24181753398e-06	1.69672701359e-05	0.00101803620815	0.00447511749835	0.00185791607988	0	2.54509052039e-05	0.000496292651475	0.000844121689261	8.48363506795e-06	0	4.24181753398e-06	8.48363506795e-06	0	0	4.24181753398e-06	0.000513259921611	8.48363506795e-05	0.000492050833941	0.000135738161087	0.000763527156116	6.78690805436e-05	4.24181753398e-06
0	0.00215484330726	0.000292685409844	0	0	0	0	0	0	0	0	0.000262992687107	0	0.000246025416971	0	0	0	0.000212090876699	2.54509052039e-05	0.000224816329301	0	4.24181753398e-06	4.24181753398e-05	8.90781682135e-05	0	0.0010731798361	0.00101803620815	0.00114953255171	0	8.48363506795e-06	4.24181753398e-06	4.24181753398e-06	0	0	0.000220574511767	0	0.014608819587	0.00163734156812	0	0	0	4.24181753398e-06	2.12090876699e-05	0	8.48363506795e-06	4.24181753398e-06	0.000873814411999	0	0.000335103585184	4.24181753398e-06	0	0.000250267234505	0.000593854454757	0.000190881789029	0.000805945331456	0	0.000156947248757	0.00157371430511	0.000402972665728	4.24181753398e-06	0.00170096883112	0.00386005395592	0.00734682796885	8.48363506795e-06	0	9.33199857475e-05	8.48363506795e-06	0	0	0.000729592615844	2.54509052039e-05	0.000178156336427	0.000110287255883	4.24181753398e-05	0	0	4.24181753398e-06	0.000267234504641	0.000886539864601	0.000695658075572	0.000267234504641	4.66599928737e-05	4.24181753398e-05	1.27254526019e-05
0	0.000390247213126	0.000110287255883	0	0	0	0	0	0	0	0	8.48363506795e-06	0	4.24181753398e-06	0	4.24181753398e-06	4.24181753398e-06	3.39345402718e-05	0	8.48363506795e-06	0	4.24181753398e-06	6.78690805436e-05	4.66599928737e-05	0	2.54509052039e-05	8.05945331456e-05	0.000207849059165	0	0	0	0	0	0	2.54509052039e-05	1.27254526019e-05	0.00163734156812	0.0280087211768	0	0	0	8.48363506795e-06	0.000161189066291	1.27254526019e-05	1.27254526019e-05	0	0.000186639971495	4.24181753398e-06	2.54509052039e-05	2.12090876699e-05	4.24181753398e-06	0.000903507134737	0.00468296655751	3.39345402718e-05	0.000377521760524	0	0.00165006702072	0.00128951253033	0.0050435210479	2.12090876699e-05	1.27254526019e-05	0.00841576598741	0.0123309635713	0.000156947248757	1.69672701359e-05	0.000801703513922	0	4.24181753398e-06	4.24181753398e-06	0.0019978960585	2.54509052039e-05	3.81763578058e-05	4.24181753398e-06	4.24181753398e-06	0	0	0	0.00129375434786	0.0019978960585	0.00202758878124	0.000831396236659	0.000110287255883	8.90781682135e-05	2.54509052039e-05
0	0	0	0	0	0	0	0	0	0	0	0	0	0	0	0	0	0	0	0	0	0	0	0	0	0	0	0	0	0	0	0	0	0	0	0	0	0	0	0	0	0	0	0	0	0	0	0	0	0	0	0	0	0	0	0	0	0	0	0	0	0	0	0	0	0	0	0	0	0	0	0	0	0	0	0	0	0	0	0	0	0	0	0
8.48363506795e-06	0	0	0	0.0041697066359	0	0	4.24181753398e-06	4.24181753398e-06	0.000123012708485	4.24181753398e-06	0	4.24181753398e-05	0	8.48363506795e-06	0	4.24181753398e-05	0	0	0	0.000144221796155	1.27254526019e-05	2.54509052039e-05	1.69672701359e-05	0.000962892580213	0	0	0	0.00078897806132	1.27254526019e-05	1.27254526019e-05	0	0	8.48363506795e-06	4.24181753398e-06	0.000156947248757	0	0	0	0.0228633965081	0	0.000521743556679	0.00223543784041	0.000203607241631	0.00215484330726	0.00437331387753	0	0.00193002697796	0	0.000318136315048	7.63527156116e-05	8.05945331456e-05	0	0	0	0.00891205863889	4.66599928737e-05	9.75618032815e-05	8.48363506795e-06	0.0115631945976	0	0	0	0.00559919914485	6.78690805436e-05	0.000139979978621	0	0	8.48363506795e-06	7.21108980776e-05	4.24181753398e-06	0	0	0	1.69672701359e-05	0	0	7.63527156116e-05	8.48363506795e-06	3.81763578058e-05	1.69672701359e-05	9.75618032815e-05	4.24181753398e-06	0
0	0	0	0	0	0	0	0	0	0	0	0	0	0	0	0	0	0	0	0	0	0	0	0	0	0	0	0	0	0	0	0	0	0	0	4.24181753398e-06	0	0	0	0	0.00237965963656	0.00118346709198	0	0.000241783599437	0	0	4.24181753398e-06	0	0	0.000101803620815	0.000377521760524	0	4.24181753398e-06	0	0	0	0	0	0	0	0	0	0	0	0.000114529073417	0	0	0.000852605324329	0	0.000229058146835	0	0	0	0	0	0	0	0	0	3.39345402718e-05	8.48363506795e-06	0.000445390841068	0.000598096272291	0
0	0	0	0	9.75618032815e-05	0	0	0	0	0	0	0	0.000229058146835	0	0	0	0	0	0	0	4.66599928737e-05	0	0	0	0	0	0	0	1.69672701359e-05	0	0	0	0	0	0	0.00140828342128	4.24181753398e-06	8.48363506795e-06	0	0.000521743556679	0.00118346709198	0.0367298980267	0.00267234504641	0.0105536420245	0.000127254526019	0.0130690398222	6.36272630097e-05	0.00704565892394	4.24181753398e-06	0.0050816974057	0.0039703412118	2.12090876699e-05	4.24181753398e-06	0	4.24181753398e-06	0.00121315981472	6.36272630097e-05	1.69672701359e-05	4.66599928737e-05	0.000470841746271	4.24181753398e-06	8.48363506795e-06	8.48363506795e-06	0.000784736243786	0.00276142321462	0.000190881789029	0	0.00163309975058	7.21108980776e-05	0.0023966269067	0	0	0	0	0	0	0	0.00028844359231	0.000114529073417	0.00106045438349	0.000216332694233	0.00156947248757	0.00172641973633	8.48363506795e-06
0	0	8.48363506795e-06	0	7.21108980776e-05	0	0	2.12090876699e-05	0	0.000118770890951	0	0	1.27254526019e-05	0	0	0	3.81763578058e-05	4.24181753398e-06	0	0	0	1.27254526019e-05	6.78690805436e-05	1.69672701359e-05	0.000114529073417	0	0	0	4.66599928737e-05	4.24181753398e-06	2.12090876699e-05	0	0	0	1.69672701359e-05	0.00478052836079	2.12090876699e-05	0.000161189066291	0	0.00223543784041	0	0.00267234504641	0.0477543817975	0.00293109591598	0.00128951253033	0.00989616030677	1.69672701359e-05	0.00102227802569	0	0.00570100276567	0.000203607241631	0.000937441675009	4.66599928737e-05	0	1.27254526019e-05	0.00147615250182	0.00156523067004	0.000479325381339	0.00115801618678	0.00768193155403	0	2.96927227378e-05	0.000101803620815	0.0178198754602	0.00105621256596	0.00913263315065	0	4.24181753398e-06	0.000199365424097	0.00115801618678	1.27254526019e-05	1.27254526019e-05	8.48363506795e-06	4.24181753398e-06	8.48363506795e-06	0	4.24181753398e-06	0.000984101667883	0.000377521760524	0.000665965352834	0.000318136315048	0.000835638054193	8.90781682135e-05	8.48363506795e-06
0	0	0	0	1.69672701359e-05	0	0	0	0	0	0	0	8.48363506795e-06	0	0	0	0	0	0	0	8.48363506795e-06	0	0	0	0	0	0	4.24181753398e-06	8.48363506795e-06	0	0	0	0	0	0	0.00228209783328	0	1.27254526019e-05	0	0.000203607241631	0.000241783599437	0.0105536420245	0.00293109591598	0.0233681727947	5.51436279417e-05	0.00398730848194	1.69672701359e-05	0.00110711437637	0	0.00942956037803	0.0015228124947	2.54509052039e-05	4.24181753398e-06	0	4.24181753398e-06	0.000203607241631	5.93854454757e-05	1.69672701359e-05	5.09018104077e-05	0.00039448903066	0	1.27254526019e-05	1.69672701359e-05	0.000598096272291	0.00248570507491	0.000216332694233	0	0.000487809016407	7.21108980776e-05	0.00156523067004	4.24181753398e-06	0	4.24181753398e-06	4.24181753398e-06	0	0	0	0.000216332694233	2.96927227378e-05	0.0006617235353	0.000144221796155	0.000721108980776	0.000542952644349	0
