0.017567755662	0	4.97106838202e-05	0	0	0	0	0.00434471376588	0.00014913205146	0	0.000119305641168	1.98842735281e-05	0	0	0.00859000616412	0	0	0.000169016324989	0	9.94213676403e-06	0	0.000686007436718	0	0.00203813803663	0.000347974786741	0	1.98842735281e-05	0	0.00436459803941	0.0122785389036	0.0126265136903	0	0	7.95370941123e-05	0.000805313077887	0	0	0	0	0	0	0	0	0	0	0	0	0	0	0	0	0	1.98842735281e-05	0	0	0	0	0	0.000308206239685	0	0	9.94213676403e-06	0	0	0	0	0	0	0	0	4.97106838202e-05	5.96528205842e-05	0.00214750154103	0.00144160983078	0	0	0	0	0	0	0	0	0	0
0	0.0328587620051	0.0051699111173	0	0	0	0	0	0	0.00260483983218	0	0	0	0.000695949573482	0	0	0.00229663359249	0.000308206239685	0	0.000487164701438	0	2.98264102921e-05	0.0094251456523	1.98842735281e-05	0.00613429838341	0.00225686504544	0.00736712334215	0.0273905867849	9.94213676403e-06	0	0	2.98264102921e-05	0	0	0.000119305641168	0	0.0160068401901	9.94213676403e-06	0	0	0	0	0	0	0.000507048974966	0	0	9.94213676403e-06	9.94213676403e-06	0	0	3.97685470561e-05	1.98842735281e-05	0	9.94213676403e-06	0	0	0.00459326718498	2.98264102921e-05	0.000457338291146	0.000815255214651	0.000576643932314	0.015082221471	9.94213676403e-06	0	0	0	0	0	0	0.000119305641168	0	4.97106838202e-05	0	0	0	0	0	0	0	0	0	0	0
4.97106838202e-05	0.0051699111173	0.067159133841	0	0	0	0	0.0070489749657	0	0	0	0	0	0	0.000109363504404	0	9.94213676403e-05	0.00557753872462	0	0	0	0.00379789624386	0.00233640213955	0.0253723330218	6.95949573482e-05	0	0.0101906901831	0.0422839076574	0.00668111590543	0	0.00510031615995	0	0	0	4.97106838202e-05	0	0.00795370941123	9.94213676403e-06	0	0	0	0	0	0	0	0	0	0	0	0	0	0.00250541846454	0.000248553419101	0	0	0	9.94213676403e-06	0.0105486071066	0.00218727008809	0	0	1.98842735281e-05	0.0130440834344	9.94213676403e-06	0	0	0	0	0	0	0.00316159949096	9.94213676403e-06	0.000308206239685	0.000367859060269	0	0	0	0.000218727008809	0	2.98264102921e-05	1.98842735281e-05	0	0	0
0	0	0	0	0	0	0	0	0	0	0	0	0	0	0	0	0	0	0	0	0	0	0	0	0	0	0	0	0	0	0	0	0	0	0	0	0	0	0	0	0	0	0	0	0	0	0	0	0	0	0	0	0	0	0	0	0	0	0	0	0	0	0	0	0	0	0	0	0	0	0	0	0	0	0	0	0	0	0	0	0	0	0	0
0	0	0	0	0.015927303096	0.000208784872045	0	0	0	0.00345986359388	0.000775486667595	1.98842735281e-05	0.00730747052156	0	0	0.000318148376449	0	0	1.98842735281e-05	0	0.011503052236	0	0	0	0.00640273607604	0	1.98842735281e-05	0	0.00775486667595	4.97106838202e-05	0	0	0.000178958461753	0	0.000487164701438	0	0	0	0	0.00150126265137	0	1.98842735281e-05	0	1.98842735281e-05	0.00061641247937	0.00122288282198	0	0.00014913205146	0	0	0	0	0	0	0	0.000447396154381	0	0	0	0.000526933248494	0	0	0	0.00183929530135	0	0	0	0	0	9.94213676403e-06	0.000606470342606	0	0.000347974786741	0	0.0012427670955	0.000188900598517	0	9.94213676403e-06	0	9.94213676403e-06	9.94213676403e-06	0	9.94213676403e-06	0
0	0	0	0	0.000208784872045	0.00459326718498	0.00165039470283	0	0.000904734445527	0.000238611282337	2.98264102921e-05	0	0.000288321966157	0	0	0.000855023761707	0	0	0	0	0.000278379829393	0	0	0	0.00046728042791	0	0	0	0.000298264102921	0.000924618719055	0	0	0.00327096299537	0	0.000924618719055	0	0	0	0	0	0	9.94213676403e-05	0	0	0	0	6.95949573482e-05	0	5.96528205842e-05	0	0.000129247777932	0	0	9.94213676403e-06	0	0	0	0	0	0	0	9.94213676403e-06	0	0	0	0	0	0	0	7.95370941123e-05	0.00105386649699	0	0.000308206239685	6.95949573482e-05	0.00144160983078	0.00117317213816	0	0.000159074188225	0	0.000139189914696	1.98842735281e-05	0.000159074188225	5.96528205842e-05	0
0	0	0	0	0	0.00165039470283	0.018919886262	0.00336044222624	0.0085402954803	0	0.00671094231572	0.000238611282337	0.00469268855262	0	0.000835139488179	0.000407627607325	0	0	0	0.000169016324989	0.000407627607325	0	0	0	0	0	0.000119305641168	0	2.98264102921e-05	0.00327096299537	0	0	0.00175975820723	0	0.000914676582291	0	0	0	0	0	0	1.98842735281e-05	0	0	0	0	9.94213676403e-06	0	9.94213676403e-06	0	9.94213676403e-06	0	0	0	0	0	0	0	0	0	0	0	0	0	0	0	0	0	0	9.94213676403e-06	0.000218727008809	0	0.00061641247937	6.95949573482e-05	0.000357916923505	1.98842735281e-05	0	9.94213676403e-06	0	1.98842735281e-05	0	9.94213676403e-06	9.94213676403e-06	0
0.00434471376588	0	0.0070489749657	0	0	0	0.00336044222624	0.0631126841781	0.00536875385258	0	0.0094549720626	0	0.000159074188225	0	0.0107275655684	5.96528205842e-05	0	1.98842735281e-05	0	0	0	0.0049213576982	0	0.0127060507844	9.94213676403e-06	0	9.94213676403e-06	0	0.0320832753375	0.0224692290867	0.0267741743055	0	4.97106838202e-05	0.0133920582212	0.00650215744368	0	0	0	0	0.000129247777932	0	0	9.94213676403e-06	0	0.000188900598517	0.000178958461753	0	0	0	0	0	0	9.94213676403e-06	0	9.94213676403e-06	0	0	0	0.000238611282337	0.00056670179555	0	9.94213676403e-06	0	0.000278379829393	0	0	0	0	0	0	0.000546817522022	0.000119305641168	0.00434471376588	0.00264460837923	1.98842735281e-05	0	0	0.000188900598517	4.97106838202e-05	0	0	0.000139189914696	0	0
0.00014913205146	0	0	0	0	0.000904734445527	0.0085402954803	0.00536875385258	0.0178461354914	0	0.00545823308345	0	0.000636296752898	0	0.00617406693046	0.000248553419101	0	0	0	0	0	0	0	0	9.94213676403e-06	0	0	0	0.000964387266111	0.00320136803802	9.94213676403e-06	0	0.00126265136903	0	0	0	0	0	0	0	0	0	0	0	0	0	0	0	0	0	0	0	0	0	0	0	0	0	0	0	0	0	0	0	0	0	0	0	0	0	0	0	0	0	0.000238611282337	0	0	0	0	0	0	0	0	0
0	0.00260483983218	0	0	0.00345986359388	0.000238611282337	0	0	0	0.0333161002963	8.94792308763e-05	0	0.00296275675568	0.000447396154381	0	0.00126265136903	0.00318148376449	0	0	0	0.00334055795272	0.000745660257302	0.0108667554831	0.00300252530274	0.0232944264381	0.000656181026426	7.95370941123e-05	0.00230657572926	0.011672068561	0	0	0	2.98264102921e-05	0	0	0	0	0	0	0.00111351931757	0	0	0	0	0.0137102065976	0.00046728042791	0	0.000357916923505	0	0	0	0.00496112624525	0	0	0	0.00132230418962	0.000268437692629	0.0103497643714	0.0012725935058	0.0166530790798	0	0	0	0.0101012109523	0	0	0	0	0	0	0.00191883239546	0	0	0	0.00278379829393	8.94792308763e-05	0	0	0	0	0	0	0	0
0.000119305641168	0	0	0	0.000775486667595	2.98264102921e-05	0.00671094231572	0.0094549720626	0.00545823308345	8.94792308763e-05	0.028523990376	0.000427511880853	0.00208784872045	0	0.00413592889384	9.94213676403e-06	0	0	0	0.000377801197033	0.00167027897636	0	0	0	0.000268437692629	0	0.000188900598517	0	0.00374818556004	0.00940526137878	0	0	7.95370941123e-05	0.000308206239685	0.00612435624664	0	0	0	0	0.000825197351415	0	0	0	0	0.000526933248494	0.00195860094251	0	3.97685470561e-05	0	0	0	0	0	0	0	0.000198842735281	0	0	0	0.00161062615577	0	0	0	0.00123282495874	0	0	0	0	0	0	0.00121294068521	9.94213676403e-06	0.0045336143644	0.00121294068521	0.000258495555865	1.98842735281e-05	0	0	0	0	0	0	0	0
1.98842735281e-05	0	0	0	1.98842735281e-05	0	0.000238611282337	0	0	0	0.000427511880853	0.0282157841363	0.00300252530274	0.00228669145573	0.00056670179555	0	0	0.000208784872045	0.00449384581734	0.00642262034957	0.00279374043069	2.98264102921e-05	0	0.000298264102921	1.98842735281e-05	0.000258495555865	0.0172893758327	1.98842735281e-05	4.97106838202e-05	0.00751625539361	0.000576643932314	0.00348969000418	0.00112346145434	0	0.0139090493329	0	1.98842735281e-05	0	0	0	0	0	0	0	0	0	0	0	4.97106838202e-05	0	0	0	5.96528205842e-05	0	0	0	0	0	0.000109363504404	0	0	9.94213676403e-06	0	0	0	0	3.97685470561e-05	0	0	0	0.00360899564534	0.00444413513352	0.00731741265833	0.000347974786741	0	0	0.000169016324989	0.000119305641168	0.000109363504404	9.94213676403e-06	9.94213676403e-06	0	0	0
0	0	0	0	0.00730747052156	0.000288321966157	0.00469268855262	0.000159074188225	0.000636296752898	0.00296275675568	0.00208784872045	0.00300252530274	0.0216937424191	0	0.000735718120538	0.00133224632638	0	0	0.00146149410431	0.000417569744089	0.0130937941182	0	0	0	0.00267443478952	0	0.00213755940427	0	0.00568690222903	0.0059155713746	0	3.97685470561e-05	0.000427511880853	0	0.00440436658647	0	0	0	0	9.94213676403e-05	0	0	0	0	0.000188900598517	8.94792308763e-05	0	6.95949573482e-05	0	0	0	0	0	0	0	6.95949573482e-05	0	0	0	0.00014913205146	0	0	0	8.94792308763e-05	0	0	0	0	0	0	0.000357916923505	0	0.0012725935058	0	0.00268437692629	0.000278379829393	0	0	0	0	0	0	0	0
0	0.000695949573482	0	0	0	0	0	0	0	0.000447396154381	0	0.00228669145573	0	0.0105585492434	0	0	0	0	0	0	0	0	0.000457338291146	0	7.95370941123e-05	0.00424529239824	0.00456344077469	0.00261478196894	0	3.97685470561e-05	0	0.00399673897914	2.98264102921e-05	0	0.000119305641168	0	0	0	0	0	0	0	0	0	0	0	0.000159074188225	0	0.00175975820723	0	0	0	0	0	0	0	0	0	0	0	0.000874908035235	0.000318148376449	0.000377801197033	0	0	0	0.000457338291146	0	0	0	0.000407627607325	0.00160068401901	0.000556759658786	5.96528205842e-05	0	0	0.000526933248494	0	0.0012427670955	0	0	0	0	7.95370941123e-05
0.00859000616412	0	0.000109363504404	0	0	0	0.000835139488179	0.0107275655684	0.00617406693046	0	0.00413592889384	0.00056670179555	0.000735718120538	0	0.0282654948201	2.98264102921e-05	0	0.000119305641168	2.98264102921e-05	9.94213676403e-06	0.000328090513213	0.000298264102921	0	0.00166033683959	0.000357916923505	0	0.000169016324989	0	0.00593545564813	0.0156190968563	0.00735718120538	1.98842735281e-05	0.000407627607325	0.00140184128373	0.00116323000139	0	0	0	0	0	0	0	0	0	0	0	0	0	0	0	0	0	1.98842735281e-05	0	0	0	0	0	0.000367859060269	0	0	9.94213676403e-06	0	0	0	0	0	0	0	0	4.97106838202e-05	4.97106838202e-05	0.00147143624108	0.00117317213816	3.97685470561e-05	0	0	0	0	0	0	0	0	0
0	0	0	0	0.000318148376449	0.000855023761707	0.000407627607325	5.96528205842e-05	0.000248553419101	0.00126265136903	9.94213676403e-06	0	0.00133224632638	0	2.98264102921e-05	0.00395697043209	0	0	0	0	0.000357916923505	0	0	0	0.00109363504404	0	0	0	0.000676065299954	0.000318148376449	1.98842735281e-05	0	0.000397685470561	6.95949573482e-05	0.00014913205146	0	0	0	0	0	0	0	0	0	9.94213676403e-06	9.94213676403e-06	0	0	0	0	0	0	0	0	0	0	0	0	0	9.94213676403e-06	0	0	0	9.94213676403e-06	0	0	0	0	0	0	0.00101409794993	0	9.94213676403e-05	0.000119305641168	0.00296275675568	0.000248553419101	0	0	0	0	0	0	0	0
0	0.00229663359249	9.94213676403e-05	0	0	0	0	0	0	0.00318148376449	0	0	0	0	0	0	0.0225984768646	0	0	0	0	0.00220715436162	0.0131633890756	0.00821220496709	0.00509037402319	0	0	0.00554771231433	0.00339026863654	0	0	0	0	0	1.98842735281e-05	0	0	0	0	0	0	0	0	0	0.000308206239685	0	0	0	0	0	0	0.0108568133463	0	0	0	0	0.000169016324989	0.0117317213816	0.0068004215466	0.00334055795272	0	0	2.98264102921e-05	0.00061641247937	0	0	0	0	0	0	0.000318148376449	0.000318148376449	0	0	0	0	0	0	0	0	0	0	0	0
0.000169016324989	0.000308206239685	0.00557753872462	0	0	0	0	1.98842735281e-05	0	0	0	0.000208784872045	0	0	0.000119305641168	0	0	0.0257799606291	0	0.0035095742777	0	0.000497106838202	0	0.0065518681275	0	0	0.00432482949235	0.00638285180251	7.95370941123e-05	0.000208784872045	0.000218727008809	0	0	0	0.00797359368475	0	0.00458332504822	0	0	0	0	0	0	0	0	0	0	0	0	0	0	0	0.00335050008948	0	0	0	1.98842735281e-05	0	9.94213676403e-05	0	0	0.00399673897914	0.000626354616134	0	0	0	0	0	0	1.98842735281e-05	0.00111351931757	0	0.00449384581734	0.00100415581317	0	0	0	0.000238611282337	0	0.000268437692629	0.000218727008809	0	0	0
0	0	0	0	1.98842735281e-05	0	0	0	0	0	0	0.00449384581734	0.00146149410431	0	2.98264102921e-05	0	0	0	0.00578632359667	0.00112346145434	0.00146149410431	0	0	5.96528205842e-05	0	0	0.00377801197033	2.98264102921e-05	0	0.00159074188225	9.94213676403e-06	0	0	0	0.00206796444692	0	0	0	0	0	0	0	0	0	0	0	0	0	0	0	0	0	0	0	9.94213676403e-06	0	0	0	0.000119305641168	0	0	0	2.98264102921e-05	0	0	0	0	0	0	0	0.000636296752898	0.000109363504404	0.0014913205146	0.000198842735281	0	0	0	0.000139189914696	0	9.94213676403e-06	9.94213676403e-06	0	0	0
9.94213676403e-06	0.000487164701438	0	0	0	0	0.000169016324989	0	0	0	0.000377801197033	0.00642262034957	0.000417569744089	0	9.94213676403e-06	0	0	0.0035095742777	0.00112346145434	0.0181841681414	0.000318148376449	2.98264102921e-05	0	2.98264102921e-05	9.94213676403e-06	0	0.00974329402875	2.98264102921e-05	1.98842735281e-05	0.000805313077887	3.97685470561e-05	0	0	0	0.011542820783	0	0.000218727008809	0	0	0	0	0	0	0	0	0	0	0	0	0	0	0	0.000397685470561	0	0	0	0	0	9.94213676403e-06	0	0	0.00252530273806	9.94213676403e-06	0	0	0	0	0	0	0	0.0024059970969	0.000556759658786	0.00671094231572	9.94213676403e-05	0	0	0	2.98264102921e-05	9.94213676403e-06	0	0	0	0	0
0	0	0	0	0.011503052236	0.000278379829393	0.000407627607325	0	0	0.00334055795272	0.00167027897636	0.00279374043069	0.0130937941182	0	0.000328090513213	0.000357916923505	0	0	0.00146149410431	0.000318148376449	0.0212861148118	0	0	0	0.00568690222903	0	0.00198842735281	0	0.00741683402597	0.00476228350997	0	3.97685470561e-05	0.000248553419101	0	0.00506054761289	0	0	0	0	0.00159074188225	0	0.000914676582291	0	0.00051699111173	0.000765544530831	0.000964387266111	0.000278379829393	0.000686007436718	9.94213676403e-06	0.000447396154381	0	0	0	0.000159074188225	0.000119305641168	0.00155097333519	0	0	0	0.000576643932314	0	0	0	0.000646238889662	0.000258495555865	0	0	0	0	0.000308206239685	0.000974329402875	9.94213676403e-06	0.00217732795132	9.94213676403e-06	0.00191883239546	0.000278379829393	0	0	0	0.000328090513213	0	0	0	0
0.000686007436718	2.98264102921e-05	0.00379789624386	0	0	0	0	0.0049213576982	0	0.000745660257302	0	2.98264102921e-05	0	0	0.000298264102921	0	0.00220715436162	0.000497106838202	0	2.98264102921e-05	0	0.043735459625	0.000755602394067	0.031725358414	0.00116323000139	0	4.97106838202e-05	0.000288321966157	0.0126563401006	0.0012427670955	0.0152313535225	0	0	0.00155097333519	0.00452367222764	0	0	0	0	0	0	0	0	0	0	0	0	0	0	0	0	0.00211767513074	0	0	9.94213676403e-06	0	1.98842735281e-05	0.00339026863654	0.000904734445527	0.00185917957487	0	0	1.98842735281e-05	0.00134218846314	0	0	0	0	0	0	0.00457338291146	0.00133224632638	0.00558748086139	0.00426517667177	0	0	0	0.000159074188225	1.98842735281e-05	9.94213676403e-06	9.94213676403e-06	0	0	0
0	0.0094251456523	0.00233640213955	0	0	0	0	0	0	0.0108667554831	0	0	0	0.000457338291146	0	0	0.0131633890756	0	0	0	0	0.000755602394067	0.0365572368814	0.00738700761568	0.0139985285638	0.000765544530831	7.95370941123e-05	0.0164045256607	0.00495118410849	0	0	0	0	0	0	0	0.00181941102782	0	0	0	0	0	0	0	0.00317154162773	0	0	0	0	0	0	0.0150623371975	0	0	0	0	8.94792308763e-05	0.0214352468633	0.00910699727585	0.00640273607604	0	0	0.00292298820863	0.000755602394067	0	0	0	0	0	0	0	0	0	0	0	0	0	0	0	0	0	0	0	0
0.00203813803663	1.98842735281e-05	0.0253723330218	0	0	0	0	0.0127060507844	0	0.00300252530274	0	0.000298264102921	0	0	0.00166033683959	0	0.00821220496709	0.0065518681275	5.96528205842e-05	2.98264102921e-05	0	0.031725358414	0.00738700761568	0.104402378159	0.00146149410431	0	0.00239605496013	0.0167823268577	0.0159571295063	0.00191883239546	0.0180946889105	0	0	0.000437454017617	0.00637290966575	0	0	0	0	0	0	0	0	0	0	0	0	0	0	0	0	0.0142967926667	9.94213676403e-06	0	9.94213676403e-06	0	0.000258495555865	0.017150185918	0.0120001590742	0.00231651786602	0	9.94213676403e-06	0.00144160983078	0.000924618719055	0	0	0	0	0	0	0.0141874291623	0.00147143624108	0.0111351931757	0.00775486667595	0	0	0	0.000129247777932	9.94213676403e-06	9.94213676403e-06	9.94213676403e-06	0	0	0
0.000347974786741	0.00613429838341	6.95949573482e-05	0	0.00640273607604	0.00046728042791	0	9.94213676403e-06	9.94213676403e-06	0.0232944264381	0.000268437692629	1.98842735281e-05	0.00267443478952	7.95370941123e-05	0.000357916923505	0.00109363504404	0.00509037402319	0	0	9.94213676403e-06	0.00568690222903	0.00116323000139	0.0139985285638	0.00146149410431	0.0508639716848	0.000169016324989	8.94792308763e-05	0.00636296752898	0.0195959515619	0.000477222564674	0.000357916923505	0	0.000169016324989	0	0.00110357718081	0	0	0	0	0.00155097333519	0	0	0	0	0.017905788312	0.00136207273667	0	0.000188900598517	0	0	9.94213676403e-06	0.00309200453361	2.98264102921e-05	0	1.98842735281e-05	0.00114334572786	0	0.00701914855541	7.95370941123e-05	0.0208784872045	0	3.97685470561e-05	0	0.014873436599	0	0	0	0	0	0	0.00413592889384	0.000198842735281	0.000705891710246	0.000765544530831	0.0032908472689	0.000238611282337	0	0.00014913205146	5.96528205842e-05	0	0	9.94213676403e-06	0	0
0	0.00225686504544	0	0	0	0	0	0	0	0.000656181026426	0	0.000258495555865	0	0.00424529239824	0	0	0	0	0	0	0	0	0.000765544530831	0	0.000169016324989	0.00826191565091	0.00338032649977	0.00387743333797	0	0	0	0.00133224632638	0	0	0	0	0.000248553419101	0	0	0	0	0	0	0	0	0	0.000397685470561	0	0.00193871666899	0	0	0	0	0	0	0	0	0	0	0	0.00125270923227	0.000606470342606	0.000656181026426	0	0	0	0.000288321966157	0	0	0	0	4.97106838202e-05	8.94792308763e-05	0	0	0	0.000169016324989	0	0.000755602394067	0	0	0	0	0.000328090513213
1.98842735281e-05	0.00736712334215	0.0101906901831	0	1.98842735281e-05	0	0.000119305641168	9.94213676403e-06	0	7.95370941123e-05	0.000188900598517	0.0172893758327	0.00213755940427	0.00456344077469	0.000169016324989	0	0	0.00432482949235	0.00377801197033	0.00974329402875	0.00198842735281	4.97106838202e-05	7.95370941123e-05	0.00239605496013	8.94792308763e-05	0.00338032649977	0.0950865960112	0.0355928496152	5.96528205842e-05	0.00427511880853	0.000536875385258	0.00771509812889	0.000188900598517	0	0.0122487124933	0	0.00985265753316	1.98842735281e-05	0	0	0	0	9.94213676403e-06	0	0	9.94213676403e-06	6.95949573482e-05	0	0.00515996898053	0	0	0	0.00242588137042	0	0.00160068401901	0	0	0	0.000248553419101	0	0.00526933248494	0.0130937941182	0.00948479847289	0	0	0	0.00103398222346	0	0	9.94213676403e-06	0.0130142570241	0.0100813266787	0.00924618719055	0.000536875385258	0	0	0	0.000318148376449	0.00202819589986	1.98842735281e-05	9.94213676403e-06	0	0	0
0	0.0273905867849	0.0422839076574	0	0	0	0	0	0	0.00230657572926	0	1.98842735281e-05	0	0.00261478196894	0	0	0.00554771231433	0.00638285180251	2.98264102921e-05	2.98264102921e-05	0	0.000288321966157	0.0164045256607	0.0167823268577	0.00636296752898	0.00387743333797	0.0355928496152	0.119922053648	0.000417569744089	0	0	0.00120299854845	0	0	0.000208784872045	0	0.0195959515619	1.98842735281e-05	0	0	0	0	9.94213676403e-06	0	0	9.94213676403e-06	0	0	0.00249547632777	0	0	0.0123381917242	0.000636296752898	0	0.0013819570102	0	9.94213676403e-06	0.0235429798572	0.00838122129208	0	0.00598516633195	0.00681036368336	0.0326002664493	9.94213676403e-06	0	0	0	0	0	0	0.00764550317154	0.00132230418962	0.000328090513213	0.000507048974966	0	0	0	0.000268437692629	1.98842735281e-05	2.98264102921e-05	1.98842735281e-05	0	0	0
0.00436459803941	9.94213676403e-06	0.00668111590543	0	0.00775486667595	0.000298264102921	2.98264102921e-05	0.0320832753375	0.000964387266111	0.011672068561	0.00374818556004	4.97106838202e-05	0.00568690222903	0	0.00593545564813	0.000676065299954	0.00339026863654	7.95370941123e-05	0	1.98842735281e-05	0.00741683402597	0.0126563401006	0.00495118410849	0.0159571295063	0.0195959515619	0	5.96528205842e-05	0.000417569744089	0.0900857012189	0.012049869758	0.0203416118192	0	0.000238611282337	0.00568690222903	0.00802330436857	0	0	0	0	0.00338032649977	0	0.000178958461753	3.97685470561e-05	0.000178958461753	0.0111550774492	0.0052792746217	5.96528205842e-05	0.000328090513213	3.97685470561e-05	0	0	0.0032908472689	8.94792308763e-05	0	2.98264102921e-05	0.0010240400867	0	0.00847070052296	0.000238611282337	0.0203018432722	0	4.97106838202e-05	0	0.0142967926667	0	0	0	0	0	8.94792308763e-05	0.00620389334076	0.00141178342049	0.00587580282754	0.00425523453501	0.00210773299398	0.000258495555865	0	0.00106380863375	0.00014913205146	0.000159074188225	9.94213676403e-06	0.000586586069078	4.97106838202e-05	0
0.0122785389036	0	0	0	4.97106838202e-05	0.000924618719055	0.00327096299537	0.0224692290867	0.00320136803802	0	0.00940526137878	0.00751625539361	0.0059155713746	3.97685470561e-05	0.0156190968563	0.000318148376449	0	0.000208784872045	0.00159074188225	0.000805313077887	0.00476228350997	0.0012427670955	0	0.00191883239546	0.000477222564674	0	0.00427511880853	0	0.012049869758	0.074575967867	0.0261875882365	0.00061641247937	0.00402656538943	0.0173788550635	0.0290210972142	0	0	0	0	1.98842735281e-05	0	0.000526933248494	0	0	0.000298264102921	0.000139189914696	0.000775486667595	0	0.000198842735281	0	0.000536875385258	0	4.97106838202e-05	0.000397685470561	0.000159074188225	5.96528205842e-05	0	0	9.94213676403e-06	0.00221709649838	0	0.000208784872045	0	0.000198842735281	0.000159074188225	0	0	0	0	0.00104392436022	0.00420552385119	0.000377801197033	0.0146646517269	0.00458332504822	0.00061641247937	0	0	0.00110357718081	2.98264102921e-05	0.00141178342049	5.96528205842e-05	0.00112346145434	0.000278379829393	0
0.0126265136903	0	0.00510031615995	0	0	0	0	0.0267741743055	9.94213676403e-06	0	0	0.000576643932314	0	0	0.00735718120538	1.98842735281e-05	0	0.000218727008809	9.94213676403e-06	3.97685470561e-05	0	0.0152313535225	0	0.0180946889105	0.000357916923505	0	0.000536875385258	0	0.0203416118192	0.0261875882365	0.0619991648605	0	0	0.0109661768507	0.00823208924062	0	0	0	0	0	0	0	0	0	0	0	0	0	0	0	0	0	9.94213676403e-06	0	0	0	0	0	9.94213676403e-06	0	0	0	0	0	0	0	0	0	0	0	0.000328090513213	8.94792308763e-05	0.00766538744507	0.00165039470283	0	0	0	0	0	0	0	0	0	0
0	2.98264102921e-05	0	0	0	0	0	0	0	0	0	0.00348969000418	3.97685470561e-05	0.00399673897914	1.98842735281e-05	0	0	0	0	0	3.97685470561e-05	0	0	0	0	0.00133224632638	0.00771509812889	0.00120299854845	0	0.00061641247937	0	0.00923624505379	0.000248553419101	0	0.000845081624943	0	0	0	0	0	0	0	0	0	0	0	6.95949573482e-05	0	0.00312183094391	0	0	0	0	0	0	0	0	0	0	0	0.00109363504404	0.00206796444692	0.000924618719055	0	0	0	0.000785428804359	0	0	0	0.000397685470561	0.00171004752341	0.000357916923505	2.98264102921e-05	0	0	0	0	0.00162056829254	0	0	0	0	0
0	0	0	0	0.000178958461753	0.00327096299537	0.00175975820723	4.97106838202e-05	0.00126265136903	2.98264102921e-05	7.95370941123e-05	0.00112346145434	0.000427511880853	2.98264102921e-05	0.000407627607325	0.000397685470561	0	0	0	0	0.000248553419101	0	0	0	0.000169016324989	0	0.000188900598517	0	0.000238611282337	0.00402656538943	0	0.000248553419101	0.0081823785568	0	0.0046429778688	0	0	0	0	0	0	0.000288321966157	0	0	0	0	0.000139189914696	0	0.000109363504404	0	0.000208784872045	0	9.94213676403e-06	2.98264102921e-05	0	0	0	0	0	6.95949573482e-05	0	4.97106838202e-05	0	0	9.94213676403e-06	0	0	0	0	0.000188900598517	0.00153108906166	2.98264102921e-05	0.00130241991609	0.000487164701438	0.000904734445527	0.00195860094251	0	0.000278379829393	0	0.000377801197033	3.97685470561e-05	0.000258495555865	0.000198842735281	0
7.95370941123e-05	0	0	0	0	0	0	0.0133920582212	0	0	0.000308206239685	0	0	0	0.00140184128373	6.95949573482e-05	0	0	0	0	0	0.00155097333519	0	0.000437454017617	0	0	0	0	0.00568690222903	0.0173788550635	0.0109661768507	0	0	0.0196058936987	0.00890815454057	0	0	0	0	0	0	0	0	0	0	0	0	0	0	0	0	0	0	0	0	0	0	0	0	0	0	0	0	0	0	0	0	0	0	0	0.000367859060269	0.000109363504404	0.0037581276968	0.00137201487344	1.98842735281e-05	0	0	0	0	0	0	0	0	0
0.000805313077887	0.000119305641168	4.97106838202e-05	0	0.000487164701438	0.000924618719055	0.000914676582291	0.00650215744368	0	0	0.00612435624664	0.0139090493329	0.00440436658647	0.000119305641168	0.00116323000139	0.00014913205146	1.98842735281e-05	0.00797359368475	0.00206796444692	0.011542820783	0.00506054761289	0.00452367222764	0	0.00637290966575	0.00110357718081	0	0.0122487124933	0.000208784872045	0.00802330436857	0.0290210972142	0.00823208924062	0.000845081624943	0.0046429778688	0.00890815454057	0.0651408800779	0	0.000318148376449	0	0	2.98264102921e-05	0	0.00046728042791	0	0	0.00014913205146	0.000188900598517	0.000775486667595	0	0.000198842735281	0	0.00071583384701	0	0.00178958461753	0.000397685470561	0.000178958461753	7.95370941123e-05	1.98842735281e-05	0	0.000119305641168	0.00216738581456	0	0.00221709649838	9.94213676403e-06	5.96528205842e-05	0.00014913205146	0	0	0	0	0.00104392436022	0.00882861744646	0.000497106838202	0.03063172337	0.00660157881132	0.000367859060269	0.00107375077052	0	0.00181941102782	0.00014913205146	0.00151120478813	0.000248553419101	0.00140184128373	0.000248553419101	0
0	0	0	0	0	0	0	0	0	0	0	0	0	0	0	0	0	0	0	0	0	0	0	0	0	0	0	0	0	0	0	0	0	0	0	0.0142470819829	0	0	0	0	0	9.94213676403e-06	0.0104193593287	0.00162056829254	0	0.00342009504683	0	0	0	0.00723787556422	0	0	0	0	0	0	0.00165039470283	0	0.000218727008809	0.000129247777932	0	0	0	0.00459326718498	0.00575649718638	0.00415581316737	0	0	0	9.94213676403e-05	0	0	0	0	0	0	0	0	0	5.96528205842e-05	0	0	0	0
0	0.0160068401901	0.00795370941123	0	0	0	0	0	0	0	0	1.98842735281e-05	0	0	0	0	0	0.00458332504822	0	0.000218727008809	0	0	0.00181941102782	0	0	0.000248553419101	0.00985265753316	0.0195959515619	0	0	0	0	0	0	0.000318148376449	0	0.0428008987692	1.98842735281e-05	0	0	0	0	0	0	0.00659163667455	0	0	1.98842735281e-05	0.000208784872045	0	0	0.000646238889662	0.00203813803663	0	0.000328090513213	0	9.94213676403e-06	0.0168618639518	5.96528205842e-05	0.00824203137738	0.0040365075262	0.00271420333658	0.030124674395	0.000357916923505	0	0	0	0	0	1.98842735281e-05	0.000278379829393	0	0.000188900598517	4.97106838202e-05	0	0	0	0.000109363504404	0	0.000218727008809	0.000129247777932	0	0	0
0	9.94213676403e-06	9.94213676403e-06	0	0	0	0	0	0	0	0	0	0	0	0	0	0	0	0	0	0	0	0	0	0	0	1.98842735281e-05	1.98842735281e-05	0	0	0	0	0	0	0	0	1.98842735281e-05	0.0203217275457	0	0	0	0	0.000178958461753	0	0	0	0	0	0	0.000178958461753	0	0	0.00104392436022	0	0	0	3.97685470561e-05	0	0.00821220496709	0	0	0.00335050008948	0.00717822274363	0	0	0	0	0	0	0	0	0	0	0	0	0	0	0	0	0	0	0	0	0
0	0	0	0	0	0	0	0	0	0	0	0	0	0	0	0	0	0	0	0	0	0	0	0	0	0	0	0	0	0	0	0	0	0	0	0	0	0	0	0	0	0	0	0	0	0	0	0	0	0	0	0	0	0	0	0	0	0	0	0	0	0	0	0	0	0	0	0	0	0	0	0	0	0	0	0	0	0	0	0	0	0	0	0
0	0	0	0	0.00150126265137	0	0	0.000129247777932	0	0.00111351931757	0.000825197351415	0	9.94213676403e-05	0	0	0	0	0	0	0	0.00159074188225	0	0	0	0.00155097333519	0	0	0	0.00338032649977	1.98842735281e-05	0	0	0	0	2.98264102921e-05	0	0	0	0	0.0201527112207	0	0.0024059970969	0	0.00165039470283	0.00243582350719	0.00720804915392	0.000904734445527	0.00581615000696	5.96528205842e-05	0.00071583384701	0.000526933248494	0	0	0.000407627607325	0.000278379829393	0.0118013163389	0	0	0	0.00907717086556	0	7.95370941123e-05	0	0.0128154142888	0.000318148376449	0	0	0	0	0.000994213676403	2.98264102921e-05	0	2.98264102921e-05	0	0.00014913205146	0	0	0.000268437692629	4.97106838202e-05	0.00115328786463	3.97685470561e-05	2.98264102921e-05	9.94213676403e-05	0
0	0	0	0	0	0	0	0	0	0	0	0	0	0	0	0	0	0	0	0	0	0	0	0	0	0	0	0	0	0	0	0	0	0	0	0	0	0	0	0	0.00244576564395	0.000825197351415	0	0.000497106838202	0.000328090513213	0	0	0.000328090513213	0	0	0.00147143624108	0	0	0	0	0.000208784872045	0	0	0	0.000308206239685	0	0	0	0.000298264102921	9.94213676403e-06	0	0	2.98264102921e-05	0	8.94792308763e-05	0	0	0	0	0	0	0	0	0	0	0	0	0.000228669145573	0
0	0	0	0	1.98842735281e-05	9.94213676403e-05	1.98842735281e-05	0	0	0	0	0	0	0	0	0	0	0	0	0	0.000914676582291	0	0	0	0	0	0	0	0.000178958461753	0.000526933248494	0	0	0.000288321966157	0	0.00046728042791	9.94213676403e-06	0	0	0	0.0024059970969	0.000825197351415	0.0395498200473	0.00667117376867	0.0231452943867	0.00110357718081	0.0200532898531	0.0021276172675	0.01668290549	0.000318148376449	0.00612435624664	0.00343003718359	0	4.97106838202e-05	0.000924618719055	0.000507048974966	0.00868942753177	0	0	0	0.000765544530831	0	0.000268437692629	0	0.00242588137042	0.00185917957487	0	0	0	0	0.00267443478952	9.94213676403e-06	0	0	0	0	0	0	0.00168022111312	7.95370941123e-05	0.00322125231155	0.000338032649977	0.00321131017478	0.00107375077052	0
0	0	0	0	0	0	0	9.94213676403e-06	0	0	0	0	0	0	0	0	0	0	0	0	0	0	0	0	0	0	9.94213676403e-06	9.94213676403e-06	3.97685470561e-05	0	0	0	0	0	0	0.0104193593287	0	0.000178958461753	0	0	0	0.00667117376867	0.0747748106023	0.0174782764312	1.98842735281e-05	0.0110954246287	9.94213676403e-06	9.94213676403e-06	0	0.023214889344	0	3.97685470561e-05	0.000288321966157	0.000377801197033	0.000884850171999	9.94213676403e-06	0.00573661291285	0	0.00633314111869	0.00234634427631	0	0.000298264102921	0.000338032649977	0.0228967409676	0.00558748086139	0.012725935058	0	0	0.000119305641168	0.00235628641308	6.95949573482e-05	0	0	0	0	0	0	0.00289316179833	0.000536875385258	0.00466286214233	0.000894792308763	0.00014913205146	0.000169016324989	0
0	0	0	0	1.98842735281e-05	0	0	0	0	0	0	0	0	0	0	0	0	0	0	0	0.00051699111173	0	0	0	0	0	0	0	0.000178958461753	0	0	0	0	0	0	0.00162056829254	0	0	0	0.00165039470283	0.000497106838202	0.0231452943867	0.0174782764312	0.0457835397984	0.000576643932314	0.0190789604502	0.00230657572926	0.00972340975522	0.000507048974966	0.0171004752341	0.00162056829254	0	4.97106838202e-05	0.000686007436718	0.000328090513213	0.00567696009226	0.00109363504404	0	0.00101409794993	2.98264102921e-05	0	0.000208784872045	1.98842735281e-05	0.00548805949375	0.00046728042791	0.00137201487344	0	0.00100415581317	0	0.00348969000418	9.94213676403e-06	0	0	0	0	0	0	0.00143166769402	7.95370941123e-05	0.00294287248215	0.000507048974966	0.00257501342188	0.00171998966018	0
0	0.000507048974966	0	0	0.00061641247937	0	0	0.000188900598517	0	0.0137102065976	0.000526933248494	0	0.000188900598517	0	0	9.94213676403e-06	0.000308206239685	0	0	0	0.000765544530831	0	0.00317154162773	0	0.017905788312	0	0	0	0.0111550774492	0.000298264102921	0	0	0	0	0.00014913205146	0	0.00659163667455	0	0	0.00243582350719	0.000328090513213	0.00110357718081	1.98842735281e-05	0.000576643932314	0.0441033186853	0.00300252530274	0	0.00452367222764	0	0	0.00228669145573	0.000178958461753	5.96528205842e-05	0	9.94213676403e-06	0.00402656538943	0	0.0151021057446	0	0.0411703883399	0.000686007436718	4.97106838202e-05	0.00192877453222	0.0240102602851	0	0	0	0	0	0	0.000367859060269	4.97106838202e-05	9.94213676403e-06	0	0.000676065299954	0	0	0.000556759658786	8.94792308763e-05	0	0	0.0011334035911	9.94213676403e-06	0
0	0	0	0	0.00122288282198	0	0	0.000178958461753	0	0.00046728042791	0.00195860094251	0	8.94792308763e-05	0	0	9.94213676403e-06	0	0	0	0	0.000964387266111	0	0	0	0.00136207273667	0	9.94213676403e-06	9.94213676403e-06	0.0052792746217	0.000139189914696	0	0	0	0	0.000188900598517	0.00342009504683	0	0	0	0.00720804915392	0	0.0200532898531	0.0110954246287	0.0190789604502	0.00300252530274	0.0635203117854	0.000815255214651	0.0118510270227	0.000109363504404	0.0132826947167	0.000198842735281	0	0.000208784872045	0.000318148376449	0.000188900598517	0.0120001590742	9.94213676403e-06	0	0	0.0112644409536	0	0.000377801197033	0	0.0166133105327	0.00635302539222	0	0	0	0	0.00114334572786	0.000278379829393	0	0.000188900598517	0	9.94213676403e-05	0	0	0.00509037402319	0.000447396154381	0.0020182537631	0.000536875385258	0.000377801197033	0.00066612316319	0
0	0	0	0	0	6.95949573482e-05	9.94213676403e-06	0	0	0	0	0	0	0.000159074188225	0	0	0	0	0	0	0.000278379829393	0	0	0	0	0.000397685470561	6.95949573482e-05	0	5.96528205842e-05	0.000775486667595	0	6.95949573482e-05	0.000139189914696	0	0.000775486667595	0	0	0	0	0.000904734445527	0	0.0021276172675	9.94213676403e-06	0.00230657572926	0	0.000815255214651	0.0187111013899	0.00189894812193	0.00609452983635	3.97685470561e-05	9.94213676403e-06	0	9.94213676403e-06	0.00485176274085	0.00139189914696	0.00174981607047	0	0	1.98842735281e-05	0.000367859060269	0.000397685470561	0.00122288282198	0	0.000556759658786	0.000178958461753	0	2.98264102921e-05	0.000258495555865	0	0.00734723906862	9.94213676403e-06	0	0	0	0	0	0	0.000755602394067	0.00225686504544	0.00988248394345	0.000417569744089	7.95370941123e-05	9.94213676403e-06	0.00221709649838
0	9.94213676403e-06	0	0	0.00014913205146	0	0	0	0	0.000357916923505	3.97685470561e-05	0	6.95949573482e-05	0	0	0	0	0	0	0	0.000686007436718	0	0	0	0.000188900598517	0	0	0	0.000328090513213	0	0	0	0	0	0	0	1.98842735281e-05	0	0	0.00581615000696	0.000328090513213	0.01668290549	9.94213676403e-06	0.00972340975522	0.00452367222764	0.0118510270227	0.00189894812193	0.0312680201229	0.000169016324989	0.00419558171442	0.0048915312879	0	0	0.000864965898471	0.00046728042791	0.015927303096	0	7.95370941123e-05	0	0.00594539778489	9.94213676403e-06	0.000188900598517	9.94213676403e-06	0.00844087411266	0.00143166769402	0	0	0	0	0.00232646000278	9.94213676403e-06	0	0	0	0.000288321966157	0	0	0.000825197351415	0	0.00267443478952	0.000298264102921	0.000576643932314	0.000507048974966	0
0	9.94213676403e-06	0	0	0	5.96528205842e-05	9.94213676403e-06	0	0	0	0	4.97106838202e-05	0	0.00175975820723	0	0	0	0	0	0	9.94213676403e-06	0	0	0	0	0.00193871666899	0.00515996898053	0.00249547632777	3.97685470561e-05	0.000198842735281	0	0.00312183094391	0.000109363504404	0	0.000198842735281	0	0.000208784872045	0	0	5.96528205842e-05	0	0.000318148376449	0	0.000507048974966	0	0.000109363504404	0.00609452983635	0.000169016324989	0.0158974766857	0	9.94213676403e-06	0	0	0	0	0.000129247777932	0	0	0	9.94213676403e-05	0.00376806983357	0.0046728042791	0.00308206239685	0.000109363504404	0	0	0.00145155196755	2.98264102921e-05	0	0.00167027897636	0	0	0	0	0	0	0	0.00046728042791	0.00515996898053	0.00363882205564	0.000298264102921	6.95949573482e-05	0	0.00231651786602
0	0	0	0	0	0	0	0	0	0	0	0	0	0	0	0	0	0	0	0	0.000447396154381	0	0	0	0	0	0	0	0	0	0	0	0	0	0	0.00723787556422	0	0.000178958461753	0	0.00071583384701	0	0.00612435624664	0.023214889344	0.0171004752341	0	0.0132826947167	3.97685470561e-05	0.00419558171442	0	0.0388538704738	0	0	3.97685470561e-05	3.97685470561e-05	0.000159074188225	0.00436459803941	0.00294287248215	0	0.00494124197172	0.000169016324989	0	9.94213676403e-06	0.000308206239685	0.00594539778489	0.00689984291424	0.00339026863654	0	0.000367859060269	0	0.000944502992583	0	0	0	0	0	0	0	9.94213676403e-06	2.98264102921e-05	0.00121294068521	9.94213676403e-06	0	0	0
0	0	0	0	0	0.000129247777932	9.94213676403e-06	0	0	0	0	0	0	0	0	0	0	0	0	0	0	0	0	0	9.94213676403e-06	0	0	0	0	0.000536875385258	0	0	0.000208784872045	0	0.00071583384701	0	0	0	0	0.000526933248494	0.00147143624108	0.00343003718359	0	0.00162056829254	0.00228669145573	0.000198842735281	9.94213676403e-06	0.0048915312879	9.94213676403e-06	0	0.00971346761846	0	0	0	0	0.00200831162633	0	0	0	0.00213755940427	0	0	0	0.00182935316458	0	0	0	0	0	2.98264102921e-05	2.98264102921e-05	0	1.98842735281e-05	0	9.94213676403e-06	0	0	0.0013819570102	9.94213676403e-06	8.94792308763e-05	2.98264102921e-05	0.00247559205424	0.00014913205146	0
0	3.97685470561e-05	0.00250541846454	0	0	0	0	0	0	0.00496112624525	0	0	0	0	0	0	0.0108568133463	0	0	0	0	0.00211767513074	0.0150623371975	0.0142967926667	0.00309200453361	0	0	0.0123381917242	0.0032908472689	0	0	0	0	0	0	0	0.000646238889662	0	0	0	0	0	3.97685470561e-05	0	0.000178958461753	0	0	0	0	0	0	0.0466286214233	3.97685470561e-05	2.98264102921e-05	5.96528205842e-05	0	0.000874908035235	0.0377900618401	0.0189994233561	0.0103696486449	0	4.97106838202e-05	0.0070489749657	0.00210773299398	0	0	0	0	0	0	2.98264102921e-05	0	1.98842735281e-05	0	0	0	0	0.0026247241057	0.000695949573482	6.95949573482e-05	0.000109363504404	0.000208784872045	0	0
1.98842735281e-05	1.98842735281e-05	0.000248553419101	0	0	0	0	9.94213676403e-06	0	0	0	5.96528205842e-05	0	0	1.98842735281e-05	0	0	0.00335050008948	0	0.000397685470561	0	0	0	9.94213676403e-06	2.98264102921e-05	0	0.00242588137042	0.000636296752898	8.94792308763e-05	4.97106838202e-05	9.94213676403e-06	0	9.94213676403e-06	0	0.00178958461753	0	0.00203813803663	0.00104392436022	0	0	0	4.97106838202e-05	0.000288321966157	4.97106838202e-05	5.96528205842e-05	0.000208784872045	9.94213676403e-06	0	0	3.97685470561e-05	0	3.97685470561e-05	0.0294684933686	9.94213676403e-06	0.002654550516	0	0.000178958461753	2.98264102921e-05	0.00409616034678	0.00137201487344	0	0.00776480881271	0.00431488735559	0.00164045256607	0	9.94213676403e-06	0	0	0	0.00557753872462	0.00172993179694	0.000129247777932	0.00066612316319	0.000228669145573	0	0	0	0.00684019009365	0.00153108906166	0.00534886957905	0.000367859060269	9.94213676403e-05	0	0
0	0	0	0	0	9.94213676403e-06	0	0	0	0	0	0	0	0	0	0	0	0	0	0	0.000159074188225	0	0	0	0	0	0	0	0	0.000397685470561	0	0	2.98264102921e-05	0	0.000397685470561	0	0	0	0	0.000407627607325	0	0.000924618719055	0.000377801197033	0.000686007436718	0	0.000318148376449	0.00485176274085	0.000864965898471	0	3.97685470561e-05	0	2.98264102921e-05	9.94213676403e-06	0.0100614424052	0.00258495555865	0.000835139488179	9.94213676403e-06	0	0.00014913205146	0.000218727008809	0	0.00153108906166	9.94213676403e-05	0.000268437692629	9.94213676403e-05	0	0	0	0	0.00261478196894	3.97685470561e-05	0	0	0	0	0	0	0.00210773299398	0.00252530273806	0.00479210992026	0.000258495555865	3.97685470561e-05	0	0
0	9.94213676403e-06	0	0	0	0	0	9.94213676403e-06	0	0	0	0	0	0	0	0	0	0	9.94213676403e-06	0	0.000119305641168	9.94213676403e-06	0	9.94213676403e-06	1.98842735281e-05	0	0.00160068401901	0.0013819570102	2.98264102921e-05	0.000159074188225	0	0	0	0	0.000178958461753	0	0.000328090513213	0	0	0.000278379829393	0	0.000507048974966	0.000884850171999	0.000328090513213	9.94213676403e-06	0.000188900598517	0.00139189914696	0.00046728042791	0	0.000159074188225	0	5.96528205842e-05	0.002654550516	0.00258495555865	0.0199439263487	0.000487164701438	1.98842735281e-05	9.94213676403e-06	0.000298264102921	0.000536875385258	0.000198842735281	0.00349963214094	0.000477222564674	0.000417569744089	0.000129247777932	0	0	0	0	0.00684019009365	0.000268437692629	0.000198842735281	1.98842735281e-05	2.98264102921e-05	0	0	0	0.00472251496292	0.00382772265415	0.00808295718916	0.000178958461753	0.000169016324989	0	0
0	0	0	0	0.000447396154381	0	0	0	0	0.00132230418962	0.000198842735281	0	6.95949573482e-05	0	0	0	0	0	0	0	0.00155097333519	0	0	0	0.00114334572786	0	0	0	0.0010240400867	5.96528205842e-05	0	0	0	0	7.95370941123e-05	0	0	0	0	0.0118013163389	0.000208784872045	0.00868942753177	9.94213676403e-06	0.00567696009226	0.00402656538943	0.0120001590742	0.00174981607047	0.015927303096	0.000129247777932	0.00436459803941	0.00200831162633	0	0	0.000835139488179	0.000487164701438	0.0275198345628	0	0	0	0.0072975283848	0	0.000178958461753	0	0.0108965818934	0.00314171521743	0	0	0	0	0.00203813803663	8.94792308763e-05	0	7.95370941123e-05	0	0.000457338291146	0	0	0.00114334572786	0	0.00248553419101	0.000198842735281	0.000367859060269	0.000308206239685	0
0	0	9.94213676403e-06	0	0	0	0	0	0	0.000268437692629	0	0	0	0	0	0	0.000169016324989	1.98842735281e-05	0	0	0	1.98842735281e-05	8.94792308763e-05	0.000258495555865	0	0	0	9.94213676403e-06	0	0	0	0	0	0	1.98842735281e-05	0.00165039470283	9.94213676403e-06	3.97685470561e-05	0	0	0	0	0.00573661291285	0.00109363504404	0	9.94213676403e-06	0	0	0	0.00294287248215	0	0.000874908035235	0.000178958461753	9.94213676403e-06	1.98842735281e-05	0	0.044491062019	0.000318148376449	0.0180250939532	2.98264102921e-05	0	9.94213676403e-06	8.94792308763e-05	0.0126961086477	0.00061641247937	0.0166232526695	0	0	0.00167027897636	0.00761567676125	9.94213676403e-05	0	9.94213676403e-06	9.94213676403e-06	0	0	0	0.00119305641168	3.97685470561e-05	0.00367859060269	0.00137201487344	0.00147143624108	0	0
0	0.00459326718498	0.0105486071066	0	0	0	0	0	0	0.0103497643714	0	0	0	0	0	0	0.0117317213816	0	0	0	0	0.00339026863654	0.0214352468633	0.017150185918	0.00701914855541	0	0	0.0235429798572	0.00847070052296	0	0	0	0	0	0	0	0.0168618639518	0	0	0	0	0	0	0	0.0151021057446	0	0	7.95370941123e-05	0	0	0	0.0377900618401	2.98264102921e-05	0	9.94213676403e-06	0	0.000318148376449	0.0772702869301	0.0186713328429	0.0278280408025	0.000785428804359	9.94213676403e-06	0.0226183611382	0.00397685470561	0	0	0	0	0	0	0.000129247777932	0	0.000139189914696	9.94213676403e-06	0	0	0	0.000258495555865	9.94213676403e-06	0	0	0	0	0
0.000308206239685	2.98264102921e-05	0.00218727008809	0	0	0	0	0.000238611282337	0	0.0012725935058	0	0.000109363504404	0	0	0.000367859060269	0	0.0068004215466	9.94213676403e-05	0.000119305641168	9.94213676403e-06	0	0.000904734445527	0.00910699727585	0.0120001590742	7.95370941123e-05	0	0.000248553419101	0.00838122129208	0.000238611282337	9.94213676403e-06	9.94213676403e-06	0	0	0	0.000119305641168	0.000218727008809	5.96528205842e-05	0.00821220496709	0	0	0	0	0.00633314111869	0.00101409794993	0	0	1.98842735281e-05	0	0	0.00494124197172	0	0.0189994233561	0.00409616034678	0.00014913205146	0.000298264102921	0	0.0180250939532	0.0186713328429	0.0844584518105	4.97106838202e-05	0	0.00109363504404	0.0146248831799	0.00519973752759	5.96528205842e-05	0.00519973752759	0	0	0	0.00381778051739	0.000994213676403	6.95949573482e-05	0.00206796444692	0.00153108906166	2.98264102921e-05	0	0	0.00753613966714	0.000377801197033	0.00166033683959	0.00211767513074	0.00227674931896	0	0
