0.0287160707399	0.000112333045012	0.0034748355257	0	9.36108708432e-05	6.73998270071e-05	0.000292065917031	0.0110198717157	0.00500630937269	0.000138544088848	0.000116077479846	3.36999135036e-05	0.000101099740511	2.99554786698e-05	0.0150975612496	4.1188783171e-05	3.36999135036e-05	0.00117949697262	1.49777393349e-05	0.000265854873195	0.000149777393349	0.00291317030064	7.48886966746e-06	0.00578140738328	0.000400654527209	0	0.00144535184582	0.000194710611354	0.00695715992107	0.0138431755803	0.0141314970625	0	9.36108708432e-05	0.00452702171398	0.00305545882432	4.86776528385e-05	0.00013105521918	3.74443483373e-06	0	2.24666090024e-05	3.74443483373e-06	0.000149777393349	4.1188783171e-05	0.000265854873195	0.000595365138563	6.36553921734e-05	1.12333045012e-05	0.000104844175344	0	0.000123566349513	0	3.36999135036e-05	0	0	3.74443483373e-06	0.000104844175344	0	0.000258366003527	6.36553921734e-05	0.00105967505795	1.12333045012e-05	3.74443483373e-06	0.000168499567518	0.000172244002352	3.74443483373e-05	3.74443483373e-06	0	3.74443483373e-06	0	5.99109573397e-05	0.00022092165519	0.000400654527209	0.000894919925261	0.000363210178872	7.86331315083e-05	3.74443483373e-05	1.49777393349e-05	0.000138544088848	1.87221741686e-05	3.74443483373e-05	2.62110438361e-05	4.86776528385e-05	3.36999135036e-05	3.74443483373e-06
0.000112333045012	0.0208714797632	0.00044184331038	0	0	0.000344488004703	0.000187221741686	3.74443483373e-06	8.98664360095e-05	0.00212309455072	3.74443483373e-06	0.000232154959691	1.12333045012e-05	0.000385676787874	0.000134799654014	2.24666090024e-05	0.000456821049715	0.000610342877898	2.24666090024e-05	0.000557920790226	1.87221741686e-05	6.36553921734e-05	0.00447459962631	0.000273343742862	0.0018759618517	0.00157266263017	0.00241516046775	0.015629270996	0.000205943915855	0.000187221741686	0.000119821914679	8.61220011758e-05	2.62110438361e-05	2.24666090024e-05	0.000426865571045	0	0.0108251611043	0.000209688350689	0	1.12333045012e-05	0	1.12333045012e-05	1.12333045012e-05	2.24666090024e-05	0.000142288523682	4.1188783171e-05	8.61220011758e-05	2.62110438361e-05	0.000119821914679	1.49777393349e-05	0	0.000101099740511	0.000307043656366	3.74443483373e-06	0.000119821914679	1.49777393349e-05	0	0.000539198616057	0.00028083261253	0.000142288523682	6.36553921734e-05	0.000640298356568	0.0105892617098	4.49332180047e-05	4.86776528385e-05	0	0	0	1.12333045012e-05	0.000318276960867	0.000797564619584	0.000295810351865	0.000202199481021	3.74443483373e-05	0.00044184331038	0	3.74443483373e-06	0.000423121136211	0.000217177220356	0.000202199481021	4.1188783171e-05	4.1188783171e-05	7.48886966746e-06	2.99554786698e-05
0.0034748355257	0.00044184331038	0.0479287658717	0	1.49777393349e-05	8.2377566342e-05	7.11442618408e-05	0.000232154959691	0.000992275230938	2.99554786698e-05	0	2.99554786698e-05	3.36999135036e-05	6.73998270071e-05	0.00268475977578	2.99554786698e-05	0.000217177220356	0.0081928234162	3.36999135036e-05	0.000879942185926	1.49777393349e-05	0.00152024054249	4.49332180047e-05	0.0162396138739	0.000168499567518	4.86776528385e-05	0.0124053126041	0.0175089772825	0.000864964446591	0.00365831283255	0.00494265398052	0	4.49332180047e-05	0.00144909628065	0.0022316831609	2.24666090024e-05	0.000621576182399	0.00333254700202	0	0	3.74443483373e-06	2.62110438361e-05	5.99109573397e-05	0.000104844175344	0.000389421222708	5.99109573397e-05	5.61665225059e-05	3.36999135036e-05	7.48886966746e-06	0.000116077479846	0	0.000610342877898	0.00069272044424	1.87221741686e-05	0.000273343742862	1.12333045012e-05	0.000378187918207	0.00241516046775	0.00390544553158	0.000273343742862	4.49332180047e-05	0.00112707488495	0.0057065186866	0.000104844175344	0.000153521828183	1.12333045012e-05	0	0	0	0.00167376237068	0.00588250712379	0.00356844639654	0.00237022724975	0.00163257358751	0.000119821914679	0	1.12333045012e-05	0.000752631401579	0.00113830818945	0.000606598443064	8.2377566342e-05	0.000112333045012	1.12333045012e-05	3.74443483373e-06
0	0	0	0	0	0	0	0	0	0	0	0	0	0	0	0	0	0	0	0	0	0	0	0	0	0	0	0	0	0	0	0	0	0	0	0	0	0	0	0	0	0	0	0	0	0	0	0	0	0	0	0	0	0	0	0	0	0	0	0	0	0	0	0	0	0	0	0	0	0	0	0	0	0	0	0	0	0	0	0	0	0	0	0
9.36108708432e-05	0	1.49777393349e-05	0	0.0238445610212	4.49332180047e-05	0.00237397168458	0.00204446141922	0.00206692802822	0.00153896271666	0.000374443483373	0.000127310784347	0.00482283206584	0.000146032958515	0.00132178549631	0.00257991560044	3.74443483373e-06	7.48886966746e-06	5.99109573397e-05	7.48886966746e-06	0.00764613593047	3.74443483373e-06	0	1.87221741686e-05	0.0167563458809	3.74443483373e-06	5.99109573397e-05	2.99554786698e-05	0.00547436372691	0.00193587280904	1.49777393349e-05	3.74443483373e-06	3.74443483373e-05	0.000569154094727	0.00174865106735	1.49777393349e-05	3.74443483373e-06	0	0	0.00753005845063	0	0.00205569472372	3.36999135036e-05	5.99109573397e-05	0.00431733336329	0.00294687021414	2.99554786698e-05	0.00461688814999	3.74443483373e-06	6.36553921734e-05	4.49332180047e-05	3.74443483373e-06	7.48886966746e-06	3.74443483373e-06	2.99554786698e-05	0.00682236026705	0	3.74443483373e-06	0	0.00389795666191	0.000101099740511	1.12333045012e-05	1.49777393349e-05	0.00214930559456	4.86776528385e-05	0	0	0	0	4.1188783171e-05	0.00057289852956	0.000175988437185	0.00115703036362	0.000434354440712	0.0006328094869	0	7.48886966746e-05	0.000116077479846	1.12333045012e-05	7.86331315083e-05	3.74443483373e-05	5.24220876722e-05	1.49777393349e-05	7.48886966746e-06
6.73998270071e-05	0.000344488004703	8.2377566342e-05	0	4.49332180047e-05	0.00682610470189	0.00420500031828	0.000194710611354	0.00198455046188	0.000494265398052	0.000340743569869	7.11442618408e-05	0.000254621568694	2.24666090024e-05	0.00025087713386	0.00158389593467	1.12333045012e-05	0	3.74443483373e-06	0	5.99109573397e-05	7.48886966746e-06	7.11442618408e-05	1.49777393349e-05	0.000614087312731	8.2377566342e-05	2.24666090024e-05	0.000336999135036	0.000550431920558	0.000355721309204	0	0	0.00166627350101	3.36999135036e-05	0.000449332180047	0	0	0	0	0	0	1.12333045012e-05	3.74443483373e-06	7.48886966746e-06	4.86776528385e-05	0	0	1.12333045012e-05	3.74443483373e-06	3.74443483373e-06	0	1.49777393349e-05	0	0	0	1.12333045012e-05	1.49777393349e-05	2.99554786698e-05	0	5.24220876722e-05	3.74443483373e-06	0	1.12333045012e-05	0	0	1.49777393349e-05	0	0	0	0	0.00226163863957	1.12333045012e-05	0.00013105521918	4.1188783171e-05	0.00363959065838	0.000456821049715	1.49777393349e-05	3.74443483373e-06	0	0	0	0	3.74443483373e-06	3.74443483373e-06
0.000292065917031	0.000187221741686	7.11442618408e-05	0	0.00237397168458	0.00420500031828	0.0389533555753	0.00223542759574	0.0168087679686	0.000516732007055	0.00618580634532	0.000284577047363	0.00928994282248	0.000984786361271	0.00498009832886	0.00451578840948	1.12333045012e-05	3.74443483373e-06	0.00013105521918	1.12333045012e-05	0.00433979997229	6.73998270071e-05	4.1188783171e-05	3.36999135036e-05	0.00340369126386	6.36553921734e-05	0.000175988437185	0.000205943915855	0.00802806828351	0.00541070833474	1.87221741686e-05	0	0.00304796995465	0.000104844175344	0.00460565484549	3.74443483373e-06	3.74443483373e-06	7.48886966746e-06	0	0.000104844175344	7.48886966746e-06	0.000101099740511	7.48886966746e-06	0.000153521828183	0.000172244002352	0.000142288523682	7.48886966746e-06	0.000284577047363	3.74443483373e-06	0.00013105521918	3.74443483373e-06	1.49777393349e-05	0	3.74443483373e-06	0	0.000269599308028	3.74443483373e-06	2.24666090024e-05	0	0.000516732007055	0.000209688350689	7.48886966746e-06	1.12333045012e-05	1.49777393349e-05	2.99554786698e-05	3.74443483373e-06	0	0	0	7.48886966746e-06	0.00213058342039	0.000479287658717	0.00362086848422	0.00044184331038	0.00302175891082	0.000108588610178	0.00047179878905	4.86776528385e-05	7.48886966746e-06	5.61665225059e-05	6.36553921734e-05	7.48886966746e-05	5.24220876722e-05	5.61665225059e-05
0.0110198717157	3.74443483373e-06	0.000232154959691	0	0.00204446141922	0.000194710611354	0.00223542759574	0.0478576216099	0.00957451986984	7.48886966746e-05	0.00362835735388	0.000314532526033	0.00038193235304	0.000778842445416	0.0109861718022	0.000187221741686	1.49777393349e-05	5.61665225059e-05	2.62110438361e-05	7.48886966746e-06	0.000696464879073	0.00267727090612	0	0.00239269385875	0.00377064587756	7.48886966746e-06	0.000217177220356	0.000108588610178	0.0272969299379	0.00894919925261	0.00784459097666	3.74443483373e-06	0.000134799654014	0.0050400092862	0.00547061929208	0.00072267592291	3.74443483373e-06	3.74443483373e-06	0	0.00345985778637	1.49777393349e-05	0.0012993188873	0.000531709746389	0.00127310784347	0.00798687950034	0.00110086384112	0.000108588610178	0.00152772941216	7.48886966746e-06	0.000647787226235	3.74443483373e-06	2.62110438361e-05	0	2.62110438361e-05	8.2377566342e-05	0.00192463950454	0	4.86776528385e-05	3.74443483373e-06	0.0094472090855	4.1188783171e-05	1.49777393349e-05	2.99554786698e-05	0.00117949697262	0.00102597514444	0	0	1.12333045012e-05	0	0.000175988437185	0.000966064187102	0.000119821914679	0.00426491127562	0.0021755166384	0.000258366003527	0.000172244002352	4.1188783171e-05	0.000524220876722	7.48886966746e-05	0.000213432785523	1.12333045012e-05	0.000101099740511	0.000108588610178	2.62110438361e-05
0.00500630937269	8.98664360095e-05	0.000992275230938	0	0.00206692802822	0.00198455046188	0.0168087679686	0.00957451986984	0.0478051995222	0.00013105521918	0.00516357563571	0.000760120271247	0.0025200046431	0.000258366003527	0.0211560568106	0.00105967505795	2.99554786698e-05	8.61220011758e-05	0.000104844175344	2.24666090024e-05	0.00204446141922	0.00101474183994	7.48886966746e-06	0.00184226193819	0.00353100204821	7.48886966746e-06	0.000752631401579	0.00019096617652	0.0134799654014	0.00925249847414	0.00354223535271	1.87221741686e-05	0.00331382482785	0.00177486211119	0.00404398962043	4.1188783171e-05	6.36553921734e-05	3.74443483373e-06	0	0.000490520963218	4.49332180047e-05	0.000370699048539	0.000194710611354	0.000996019665772	0.00103346401411	0.000363210178872	0.000112333045012	0.00038193235304	0	0.000666509400404	0	5.99109573397e-05	0	1.87221741686e-05	0	0.000340743569869	7.48886966746e-06	7.86331315083e-05	2.62110438361e-05	0.003175280739	5.61665225059e-05	0	7.48886966746e-05	0.000299554786698	0.000314532526033	1.12333045012e-05	0	0	3.74443483373e-06	0.000138544088848	0.00222793872607	0.000295810351865	0.00232154959691	0.000460565484549	0.00134799654014	0.000116077479846	0.000112333045012	0.000239643829359	2.99554786698e-05	0.000277088177696	5.24220876722e-05	0.000370699048539	1.87221741686e-05	2.24666090024e-05
0.000138544088848	0.00212309455072	2.99554786698e-05	0	0.00153896271666	0.000494265398052	0.000516732007055	7.48886966746e-05	0.00013105521918	0.0141352414973	7.48886966746e-06	2.99554786698e-05	0.00176362880669	0.000168499567518	0.000224666090024	0.00143037410648	0.000116077479846	0	3.74443483373e-06	3.74443483373e-06	0.000988530796104	7.48886966746e-06	0.00291317030064	1.49777393349e-05	0.00676244930971	0.000640298356568	0.000217177220356	0.00102597514444	0.000696464879073	0.000295810351865	5.61665225059e-05	0	4.1188783171e-05	0.000194710611354	0.000295810351865	7.11442618408e-05	0.000112333045012	7.48886966746e-06	0	0.000917386534263	0	0.000239643829359	0.000389421222708	0.000146032958515	0.00448208849597	0.000239643829359	1.12333045012e-05	0.00129183001764	1.87221741686e-05	0.000146032958515	6.73998270071e-05	3.74443483373e-05	0	3.74443483373e-06	3.74443483373e-06	0.00104095288378	0	0.000172244002352	2.99554786698e-05	0.00292065917031	5.99109573397e-05	0	4.86776528385e-05	0.000247132699026	2.99554786698e-05	0.000104844175344	0	0	0	7.48886966746e-06	0.00108588610178	1.49777393349e-05	0.000142288523682	6.36553921734e-05	0.00167001793584	0	1.87221741686e-05	0.000172244002352	1.87221741686e-05	1.12333045012e-05	0	0	0	3.74443483373e-06
0.000116077479846	3.74443483373e-06	0	0	0.000374443483373	0.000340743569869	0.00618580634532	0.00362835735388	0.00516357563571	7.48886966746e-06	0.0181342978997	0.000336999135036	0.001553940456	7.48886966746e-05	0.00187970628653	0.000329510265368	0	3.74443483373e-06	7.11442618408e-05	1.12333045012e-05	0.000775098010582	0	0	3.74443483373e-06	0.000307043656366	0	0.000187221741686	1.49777393349e-05	0.00750384740679	0.00198829489671	1.12333045012e-05	0	0.00035197687437	2.99554786698e-05	0.00104844175344	0	0	0	0	5.61665225059e-05	0	1.87221741686e-05	0	7.48886966746e-06	2.62110438361e-05	5.24220876722e-05	3.74443483373e-06	0.000142288523682	0	3.74443483373e-06	0	0	0	3.74443483373e-06	0	0.000142288523682	3.74443483373e-06	3.74443483373e-06	3.74443483373e-06	0.000157266263017	5.61665225059e-05	0	3.74443483373e-06	3.74443483373e-06	0	3.74443483373e-06	0	0	0	3.74443483373e-06	0.000187221741686	0.000112333045012	0.000389421222708	0.00013105521918	0.000284577047363	0	8.2377566342e-05	1.12333045012e-05	0	1.12333045012e-05	0	0	0	4.1188783171e-05
3.36999135036e-05	0.000232154959691	2.99554786698e-05	0	0.000127310784347	7.11442618408e-05	0.000284577047363	0.000314532526033	0.000760120271247	2.99554786698e-05	0.000336999135036	0.0253685459985	0.000610342877898	0.0043847331903	0.00252374907793	0.000183477306853	1.12333045012e-05	2.62110438361e-05	0.00556423016292	0.00330633595818	0.000932364273598	2.62110438361e-05	8.61220011758e-05	2.24666090024e-05	0.000168499567518	0.000906153229762	0.00753005845063	0.00115703036362	0.00136297427948	0.00575519633944	4.86776528385e-05	0.000404398962043	0.000816286793753	0.000183477306853	0.00962694195752	0	0.000101099740511	1.12333045012e-05	0	3.74443483373e-06	3.74443483373e-06	7.48886966746e-06	1.12333045012e-05	1.49777393349e-05	3.74443483373e-05	3.74443483373e-06	0.000112333045012	3.74443483373e-06	0.000277088177696	7.48886966746e-06	0	0	0	3.74443483373e-06	1.49777393349e-05	3.74443483373e-06	3.74443483373e-06	7.48886966746e-06	0	4.49332180047e-05	0.00022092165519	0.000239643829359	0.000157266263017	3.74443483373e-06	3.74443483373e-06	3.74443483373e-06	0	0	0	3.74443483373e-06	0.00022092165519	0.000782586880249	0.00177860654602	0.000138544088848	7.48886966746e-05	2.62110438361e-05	0.000112333045012	3.74443483373e-06	0.000269599308028	1.49777393349e-05	0	2.24666090024e-05	0	0.000187221741686
0.000101099740511	1.12333045012e-05	3.36999135036e-05	0	0.00482283206584	0.000254621568694	0.00928994282248	0.00038193235304	0.0025200046431	0.00176362880669	0.001553940456	0.000610342877898	0.0331120372347	0.00104469731861	0.00290568143097	0.00609219547448	0	1.49777393349e-05	0.000426865571045	3.74443483373e-05	0.0127722672178	1.87221741686e-05	0	5.99109573397e-05	0.00496137615469	7.11442618408e-05	0.00047179878905	9.36108708432e-05	0.00401403414176	0.00644791678368	4.49332180047e-05	0.000116077479846	0.000599109573397	0.00019096617652	0.00564660772926	9.36108708432e-05	7.48886966746e-06	1.87221741686e-05	0	0.000183477306853	7.48886966746e-06	0.00485653197935	0.000127310784347	0.00366580170222	0.000325765830534	0.00480410989167	0.00114954149395	0.00908399890663	0.000258366003527	0.000951086447767	0.000142288523682	1.12333045012e-05	1.49777393349e-05	0.000119821914679	0.000123566349513	0.00257991560044	1.49777393349e-05	7.48886966746e-06	3.36999135036e-05	0.000194710611354	0.000445587745214	0.00016101069785	0.000183477306853	4.86776528385e-05	0.000527965311556	1.87221741686e-05	0	3.74443483373e-06	0	0.00137420758398	0.000969808621936	0.000561665225059	0.00382681240007	0.000625320617233	0.00148654062899	3.74443483373e-06	0.000456821049715	0.000366954613705	0.000363210178872	0.00234776064075	0.000329510265368	0.00231406072724	0.000127310784347	8.61220011758e-05
2.99554786698e-05	0.000385676787874	6.73998270071e-05	0	0.000146032958515	2.24666090024e-05	0.000984786361271	0.000778842445416	0.000258366003527	0.000168499567518	7.48886966746e-05	0.0043847331903	0.00104469731861	0.0227249750059	0.000849986707256	0.000183477306853	7.48886966746e-06	4.49332180047e-05	0.00047179878905	0.000325765830534	0.00060285400823	4.49332180047e-05	0.000209688350689	0.000142288523682	0.00044184331038	0.00576642964394	0.00244137151159	0.00600981790813	0.00114205262429	0.00344862448186	5.99109573397e-05	0.00366954613705	0.000550431920558	0.00109711940628	0.00435103327679	2.24666090024e-05	0.000273343742862	3.74443483373e-05	0	3.74443483373e-05	7.48886966746e-06	8.2377566342e-05	4.1188783171e-05	0.00022092165519	0.000460565484549	0.00022092165519	0.00215679446423	0.000217177220356	0.00477789884784	7.11442618408e-05	0	3.36999135036e-05	3.74443483373e-06	2.24666090024e-05	6.73998270071e-05	0.000134799654014	3.74443483373e-06	3.36999135036e-05	1.49777393349e-05	0.000217177220356	0.00167750680551	0.000659020530736	0.00136297427948	7.86331315083e-05	3.74443483373e-05	0	0	0	3.74443483373e-06	0.000524220876722	0.00132178549631	0.000599109573397	0.00391667883608	0.00236273838008	0.000138544088848	9.36108708432e-05	0.000539198616057	0.000494265398052	0.00336999135036	0.000591620703729	3.74443483373e-06	0.000336999135036	3.74443483373e-06	0.00102597514444
0.0150975612496	0.000134799654014	0.00268475977578	0	0.00132178549631	0.00025087713386	0.00498009832886	0.0109861718022	0.0211560568106	0.000224666090024	0.00187970628653	0.00252374907793	0.00290568143097	0.000849986707256	0.0530923415074	0.00145658515032	3.36999135036e-05	0.000876197751092	0.000340743569869	0.000419376701378	0.00340743569869	0.00174116219768	1.49777393349e-05	0.00328761378401	0.00294687021414	7.48886966746e-06	0.00204446141922	0.000307043656366	0.016235869439	0.0319587513059	0.0102073293567	1.87221741686e-05	0.00314532526033	0.00892673264361	0.0136671871431	3.74443483373e-05	0.00013105521918	1.12333045012e-05	0	9.73553056769e-05	1.49777393349e-05	0.000157266263017	7.48886966746e-05	0.000464309919382	0.000921130969097	0.000153521828183	0.000101099740511	0.000224666090024	0	0.000498009832886	3.74443483373e-06	5.99109573397e-05	3.74443483373e-06	0	7.48886966746e-06	0.000194710611354	0	0.000149777393349	6.36553921734e-05	0.00168125124034	0.000175988437185	1.12333045012e-05	0.000153521828183	0.000101099740511	0.000209688350689	3.74443483373e-06	0	7.48886966746e-06	3.74443483373e-06	0.00016101069785	0.0012319190603	0.000733909227411	0.00456446606231	0.000973553056769	0.000707698183575	8.61220011758e-05	0.000322021395701	0.000322021395701	4.86776528385e-05	0.000232154959691	4.49332180047e-05	0.000258366003527	2.99554786698e-05	0.000112333045012
4.1188783171e-05	2.24666090024e-05	2.99554786698e-05	0	0.00257991560044	0.00158389593467	0.00451578840948	0.000187221741686	0.00105967505795	0.00143037410648	0.000329510265368	0.000183477306853	0.00609219547448	0.000183477306853	0.00145658515032	0.0127423117392	2.62110438361e-05	0	7.11442618408e-05	3.74443483373e-06	0.00424244466661	2.62110438361e-05	1.49777393349e-05	0.000254621568694	0.00267727090612	1.12333045012e-05	8.2377566342e-05	7.11442618408e-05	0.00195085054837	0.00200701707088	3.74443483373e-05	0	0.000269599308028	0.000134799654014	0.00179732872019	3.74443483373e-06	7.48886966746e-06	3.74443483373e-05	0	3.74443483373e-05	0	0.000101099740511	6.36553921734e-05	2.99554786698e-05	0.000599109573397	1.87221741686e-05	7.48886966746e-06	0.000164755132684	0	1.87221741686e-05	1.12333045012e-05	2.24666090024e-05	1.87221741686e-05	3.74443483373e-06	1.49777393349e-05	0.000116077479846	0	2.62110438361e-05	9.73553056769e-05	0.000224666090024	4.86776528385e-05	0	4.49332180047e-05	7.48886966746e-05	1.49777393349e-05	0	0	0	0	2.99554786698e-05	0.000539198616057	7.48886966746e-05	0.00145284071549	0.000685231574572	0.00442217753863	1.87221741686e-05	7.11442618408e-05	0.000235899394525	1.12333045012e-05	0.000138544088848	0.000101099740511	3.74443483373e-06	3.74443483373e-06	3.36999135036e-05
3.36999135036e-05	0.000456821049715	0.000217177220356	0	3.74443483373e-06	1.12333045012e-05	1.12333045012e-05	1.49777393349e-05	2.99554786698e-05	0.000116077479846	0	1.12333045012e-05	0	7.48886966746e-06	3.36999135036e-05	2.62110438361e-05	0.0214930559456	4.1188783171e-05	3.74443483373e-06	1.12333045012e-05	7.48886966746e-06	0.00272969299379	0.00476666554334	0.00599109573397	0.00596862912496	3.74443483373e-06	0.000157266263017	0.00418627814411	0.00168125124034	0.000101099740511	0.000370699048539	0	3.74443483373e-06	6.73998270071e-05	0.000183477306853	0.000175988437185	3.36999135036e-05	4.1188783171e-05	0	0.000101099740511	0	6.73998270071e-05	8.61220011758e-05	0.000104844175344	0.00408143396876	0.00038193235304	0	0.000393165657541	3.74443483373e-06	0.000164755132684	0.000112333045012	0.00732411453477	7.48886966746e-06	0	1.12333045012e-05	0.000468054354216	4.86776528385e-05	0.0082040567207	0.000494265398052	0.00587501825412	7.48886966746e-06	1.49777393349e-05	0.000194710611354	0.00194336167871	3.74443483373e-05	5.24220876722e-05	0	3.74443483373e-06	0	1.12333045012e-05	0.00102223070961	9.36108708432e-05	0.000213432785523	0.000164755132684	0.000149777393349	2.99554786698e-05	0	0.00233278290141	0.000977297491603	3.36999135036e-05	3.36999135036e-05	7.48886966746e-06	3.74443483373e-06	3.74443483373e-06
0.00117949697262	0.000610342877898	0.0081928234162	0	7.48886966746e-06	0	3.74443483373e-06	5.61665225059e-05	8.61220011758e-05	0	3.74443483373e-06	2.62110438361e-05	1.49777393349e-05	4.49332180047e-05	0.000876197751092	0	4.1188783171e-05	0.02668658706	1.12333045012e-05	0.00839502289722	1.12333045012e-05	0.00322770282667	4.1188783171e-05	0.0085036115074	3.74443483373e-05	0.000247132699026	0.00906527673246	0.00416381153511	0.00028083261253	0.00246383812059	0.00529088642006	3.74443483373e-06	2.62110438361e-05	0.0019208950697	0.00363959065838	2.62110438361e-05	0.00044184331038	0.000400654527209	0	1.12333045012e-05	0	7.48886966746e-06	0	5.61665225059e-05	1.12333045012e-05	5.99109573397e-05	4.49332180047e-05	1.87221741686e-05	0	0.000112333045012	0	6.73998270071e-05	0.000101099740511	1.12333045012e-05	0.000295810351865	1.49777393349e-05	3.74443483373e-06	0.000254621568694	0.000711442618408	2.99554786698e-05	2.24666090024e-05	0.000527965311556	0.000868708881425	4.1188783171e-05	9.36108708432e-05	0	0	0	0	0.000314532526033	0.000748886966746	0.000527965311556	0.00171120671901	0.00106716392761	2.62110438361e-05	0	7.48886966746e-06	0.000269599308028	0.000348232439537	0.000288321482197	8.98664360095e-05	2.62110438361e-05	2.24666090024e-05	3.74443483373e-06
1.49777393349e-05	2.24666090024e-05	3.36999135036e-05	0	5.99109573397e-05	3.74443483373e-06	0.00013105521918	2.62110438361e-05	0.000104844175344	3.74443483373e-06	7.11442618408e-05	0.00556423016292	0.000426865571045	0.00047179878905	0.000340743569869	7.11442618408e-05	3.74443483373e-06	1.12333045012e-05	0.00903532125379	0.00349355769987	0.00060285400823	1.12333045012e-05	1.12333045012e-05	1.12333045012e-05	5.99109573397e-05	0.000213432785523	0.00511864241771	0.000370699048539	0.000456821049715	0.00126936340863	1.49777393349e-05	8.2377566342e-05	2.24666090024e-05	2.99554786698e-05	0.001598873674	0	3.74443483373e-06	0	0	3.74443483373e-06	0	0	3.74443483373e-06	0	2.24666090024e-05	1.12333045012e-05	8.98664360095e-05	3.74443483373e-06	0.000112333045012	0	0	3.74443483373e-06	0	0	0	7.48886966746e-06	3.74443483373e-06	7.48886966746e-06	0	1.49777393349e-05	3.36999135036e-05	0.00022092165519	9.36108708432e-05	1.12333045012e-05	0	0	0	0	0	3.74443483373e-06	0.000366954613705	0.000475543223884	0.000584131834062	1.12333045012e-05	7.48886966746e-06	0	3.74443483373e-06	1.49777393349e-05	0.000295810351865	3.74443483373e-06	0	0	0	0
0.000265854873195	0.000557920790226	0.000879942185926	0	7.48886966746e-06	0	1.12333045012e-05	7.48886966746e-06	2.24666090024e-05	3.74443483373e-06	1.12333045012e-05	0.00330633595818	3.74443483373e-05	0.000325765830534	0.000419376701378	3.74443483373e-06	1.12333045012e-05	0.00839502289722	0.00349355769987	0.0218412883851	5.24220876722e-05	0.00121319688613	1.49777393349e-05	0.00156142932566	4.1188783171e-05	0.000610342877898	0.0145583626335	0.00272220412412	0.000134799654014	0.000999764100605	0.001598873674	7.11442618408e-05	2.24666090024e-05	0.000640298356568	0.00462063258482	1.12333045012e-05	0.00035197687437	0.000172244002352	0	0	0	0	3.74443483373e-06	1.12333045012e-05	7.48886966746e-06	1.12333045012e-05	0.000269599308028	0	5.99109573397e-05	2.24666090024e-05	0	1.49777393349e-05	7.48886966746e-05	5.99109573397e-05	0.000438098875546	0	0	1.49777393349e-05	4.1188783171e-05	7.48886966746e-06	4.49332180047e-05	0.0012206857558	0.000861220011758	7.48886966746e-06	2.62110438361e-05	0	0	0	0	4.86776528385e-05	0.000445587745214	0.000651531661069	0.000924875403931	0.000157266263017	3.74443483373e-06	0	1.12333045012e-05	4.1188783171e-05	0.000816286793753	7.86331315083e-05	2.62110438361e-05	7.48886966746e-06	7.48886966746e-06	3.74443483373e-06
0.000149777393349	1.87221741686e-05	1.49777393349e-05	0	0.00764613593047	5.99109573397e-05	0.00433979997229	0.000696464879073	0.00204446141922	0.000988530796104	0.000775098010582	0.000932364273598	0.0127722672178	0.00060285400823	0.00340743569869	0.00424244466661	7.48886966746e-06	1.12333045012e-05	0.00060285400823	5.24220876722e-05	0.0187521296473	1.87221741686e-05	3.74443483373e-06	7.48886966746e-05	0.0075937138428	1.87221741686e-05	0.000576642964394	0.000119821914679	0.00511489798287	0.00729041462127	4.1188783171e-05	1.12333045012e-05	0.000284577047363	0.000333254700202	0.00612963982281	2.99554786698e-05	7.48886966746e-06	3.74443483373e-06	0	0.000453076614881	0	0.000153521828183	3.36999135036e-05	8.61220011758e-05	0.000396910092375	0.00013105521918	1.12333045012e-05	0.000576642964394	0	9.36108708432e-05	3.74443483373e-06	3.74443483373e-06	1.49777393349e-05	3.74443483373e-06	2.24666090024e-05	0.000629065052066	0	0	7.48886966746e-06	0.000700209313907	0.000318276960867	1.12333045012e-05	2.99554786698e-05	7.11442618408e-05	5.99109573397e-05	0	0	0	0	1.87221741686e-05	0.00120196358163	0.000539198616057	0.00365456839772	0.000730164792577	0.0009435975781	3.74443483373e-06	0.000303299221532	0.00013105521918	1.12333045012e-05	8.2377566342e-05	7.48886966746e-05	6.73998270071e-05	4.49332180047e-05	6.73998270071e-05
0.00291317030064	6.36553921734e-05	0.00152024054249	0	3.74443483373e-06	7.48886966746e-06	6.73998270071e-05	0.00267727090612	0.00101474183994	7.48886966746e-06	0	2.62110438361e-05	1.87221741686e-05	4.49332180047e-05	0.00174116219768	2.62110438361e-05	0.00272969299379	0.00322770282667	1.12333045012e-05	0.00121319688613	1.87221741686e-05	0.0543654493509	0.00047179878905	0.0328761378401	0.000483032093551	0	0.00148654062899	0.00140041862781	0.0112632599799	0.00313783639066	0.0181118312907	7.48886966746e-06	4.1188783171e-05	0.0025087713386	0.00835757854888	5.24220876722e-05	3.36999135036e-05	8.98664360095e-05	0	6.36553921734e-05	0	7.86331315083e-05	5.61665225059e-05	2.99554786698e-05	0.000745142531912	0.000292065917031	1.87221741686e-05	0.000329510265368	3.74443483373e-06	3.36999135036e-05	0.000149777393349	0.00195085054837	3.74443483373e-05	1.12333045012e-05	0.000108588610178	0.000344488004703	0.00022092165519	0.00390918996641	0.000307043656366	0.00201825037538	1.12333045012e-05	2.99554786698e-05	0.000119821914679	0.000539198616057	4.1188783171e-05	0.000179732872019	0	0	1.87221741686e-05	0.000101099740511	0.00331008039302	0.000786331315083	0.00914016542913	0.00299554786698	0.00159138480433	0.000389421222708	1.49777393349e-05	0.00113081931979	0.00088368662076	4.1188783171e-05	1.49777393349e-05	7.48886966746e-06	7.48886966746e-06	3.74443483373e-06
7.48886966746e-06	0.00447459962631	4.49332180047e-05	0	0	7.11442618408e-05	4.1188783171e-05	0	7.48886966746e-06	0.00291317030064	0	8.61220011758e-05	0	0.000209688350689	1.49777393349e-05	1.49777393349e-05	0.00476666554334	4.1188783171e-05	1.12333045012e-05	1.49777393349e-05	3.74443483373e-06	0.00047179878905	0.0145358960245	0.000831264533088	0.00561665225059	0.000569154094727	0.000737653662244	0.0041301116216	0.000336999135036	8.2377566342e-05	0.000179732872019	2.24666090024e-05	0	5.99109573397e-05	0.000187221741686	3.36999135036e-05	7.11442618408e-05	0.000108588610178	0	0	0	3.74443483373e-06	0	1.49777393349e-05	0.00182728419886	0	7.48886966746e-06	1.12333045012e-05	1.49777393349e-05	4.49332180047e-05	3.74443483373e-06	0.000310788091199	0	0	0	0	4.49332180047e-05	0.00169248454485	2.62110438361e-05	0.00149028506382	7.48886966746e-06	3.74443483373e-06	0.000157266263017	0.000580387399228	0	4.49332180047e-05	0	0	0	7.48886966746e-06	0.000325765830534	6.36553921734e-05	0.000104844175344	2.62110438361e-05	0.000198455046188	0	0	0.000307043656366	2.99554786698e-05	1.87221741686e-05	3.74443483373e-06	0	0	0
0.00578140738328	0.000273343742862	0.0162396138739	0	1.87221741686e-05	1.49777393349e-05	3.36999135036e-05	0.00239269385875	0.00184226193819	1.49777393349e-05	3.74443483373e-06	2.24666090024e-05	5.99109573397e-05	0.000142288523682	0.00328761378401	0.000254621568694	0.00599109573397	0.0085036115074	1.12333045012e-05	0.00156142932566	7.48886966746e-05	0.0328761378401	0.000831264533088	0.0896230477453	0.000486776528385	1.12333045012e-05	0.00492018737152	0.0177823210254	0.00613712869248	0.00432856666779	0.0145770848077	1.12333045012e-05	1.12333045012e-05	0.00137420758398	0.00535454181223	4.1188783171e-05	0.000438098875546	0.000456821049715	0	4.1188783171e-05	0	0.000119821914679	4.86776528385e-05	9.36108708432e-05	0.000640298356568	0.000187221741686	5.24220876722e-05	0.000284577047363	7.48886966746e-06	0.000101099740511	0.000146032958515	0.00922254299547	0.000134799654014	1.49777393349e-05	0.000183477306853	0.000224666090024	0.0041301116216	0.0174790218038	0.0082602232432	0.00305545882432	2.99554786698e-05	0.000138544088848	0.00147905175932	0.000445587745214	4.86776528385e-05	0.000666509400404	0	0	2.24666090024e-05	0.00105218618828	0.00778842445416	0.00351227987404	0.0116901255509	0.00783710210699	0.00240018272842	0.000644042791401	2.99554786698e-05	0.00195085054837	0.00100725297027	0.000524220876722	0.000239643829359	9.36108708432e-05	4.49332180047e-05	1.12333045012e-05
0.000400654527209	0.0018759618517	0.000168499567518	0	0.0167563458809	0.000614087312731	0.00340369126386	0.00377064587756	0.00353100204821	0.00676244930971	0.000307043656366	0.000168499567518	0.00496137615469	0.00044184331038	0.00294687021414	0.00267727090612	0.00596862912496	3.74443483373e-05	5.99109573397e-05	4.1188783171e-05	0.0075937138428	0.000483032093551	0.00561665225059	0.000486776528385	0.0607422218727	0.000172244002352	0.000726420357743	0.00202573924505	0.017048411798	0.00529463085489	0.00111584158045	2.24666090024e-05	0.000134799654014	0.00365082396289	0.00718931488076	0.00134799654014	4.1188783171e-05	5.24220876722e-05	0	0.00667632730854	1.12333045012e-05	0.00295810351865	0.00172992889318	0.00149402949866	0.0213283008129	0.00329135821885	0.000262110438361	0.00481534319617	1.12333045012e-05	0.00196208385287	0.000707698183575	0.000213432785523	1.49777393349e-05	6.36553921734e-05	0.00022092165519	0.00602479564747	4.86776528385e-05	0.00213432785523	7.48886966746e-05	0.020178759319	0.000142288523682	5.61665225059e-05	0.000149777393349	0.00335875804585	0.00123566349513	4.1188783171e-05	0	3.74443483373e-06	0	0.00041188783171	0.00377813474723	0.000636553921734	0.00305545882432	0.00126187453897	0.00244511594642	5.61665225059e-05	9.36108708432e-05	0.00255744899144	0.00035197687437	0.000527965311556	5.61665225059e-05	0.000175988437185	1.87221741686e-05	1.12333045012e-05
0	0.00157266263017	4.86776528385e-05	0	3.74443483373e-06	8.2377566342e-05	6.36553921734e-05	7.48886966746e-06	7.48886966746e-06	0.000640298356568	0	0.000906153229762	7.11442618408e-05	0.00576642964394	7.48886966746e-06	1.12333045012e-05	3.74443483373e-06	0.000247132699026	0.000213432785523	0.000610342877898	1.87221741686e-05	0	0.000569154094727	1.12333045012e-05	0.000172244002352	0.0153222273396	0.00268475977578	0.00839502289722	2.99554786698e-05	5.99109573397e-05	0	0.000262110438361	3.74443483373e-06	1.49777393349e-05	0.000415632266544	0	0.00237771611942	5.24220876722e-05	0	0	0	2.62110438361e-05	0	7.48886966746e-05	5.99109573397e-05	7.48886966746e-05	0.00114205262429	6.73998270071e-05	0.00292065917031	7.48886966746e-06	0	5.24220876722e-05	3.74443483373e-06	1.12333045012e-05	0.000119821914679	4.1188783171e-05	0	8.98664360095e-05	2.62110438361e-05	3.36999135036e-05	0.00246383812059	0.00187221741686	0.00502503154686	3.74443483373e-06	3.74443483373e-06	0	3.74443483373e-06	0	0	5.61665225059e-05	0.000179732872019	0.000149777393349	0.000228410524857	1.87221741686e-05	0.00013105521918	0	5.61665225059e-05	7.86331315083e-05	0.000951086447767	0.000239643829359	0	0.000146032958515	0	0.000520476441888
0.00144535184582	0.00241516046775	0.0124053126041	0	5.99109573397e-05	2.24666090024e-05	0.000175988437185	0.000217177220356	0.000752631401579	0.000217177220356	0.000187221741686	0.00753005845063	0.00047179878905	0.00244137151159	0.00204446141922	8.2377566342e-05	0.000157266263017	0.00906527673246	0.00511864241771	0.0145583626335	0.000576642964394	0.00148654062899	0.000737653662244	0.00492018737152	0.000726420357743	0.00268475977578	0.0809247256265	0.0227848859632	0.00127310784347	0.00354223535271	0.00257242673077	0.0025537045566	3.36999135036e-05	0.000449332180047	0.00842497837589	1.49777393349e-05	0.00144160741099	0.00334378030652	0	4.1188783171e-05	1.12333045012e-05	3.74443483373e-05	2.99554786698e-05	0.000101099740511	0.000284577047363	8.98664360095e-05	0.00139667419298	7.48886966746e-05	0.00204446141922	7.48886966746e-05	0	0.000108588610178	0.000771353575748	0.000175988437185	0.00295061464898	5.99109573397e-05	7.48886966746e-06	0.000164755132684	0.000939853143266	0.000213432785523	0.000378187918207	0.0111958601528	0.00831264533088	7.86331315083e-05	7.48886966746e-05	3.74443483373e-06	3.74443483373e-06	0	3.74443483373e-06	0.000453076614881	0.00371447935506	0.00440345536446	0.00322395839184	0.000752631401579	3.36999135036e-05	3.74443483373e-06	1.49777393349e-05	0.000453076614881	0.00559793007642	0.000423121136211	2.62110438361e-05	6.36553921734e-05	1.49777393349e-05	0.000277088177696
0.000194710611354	0.015629270996	0.0175089772825	0	2.99554786698e-05	0.000336999135036	0.000205943915855	0.000108588610178	0.00019096617652	0.00102597514444	1.49777393349e-05	0.00115703036362	9.36108708432e-05	0.00600981790813	0.000307043656366	7.11442618408e-05	0.00418627814411	0.00416381153511	0.000370699048539	0.00272220412412	0.000119821914679	0.00140041862781	0.0041301116216	0.0177823210254	0.00202573924505	0.00839502289722	0.0227848859632	0.109580885409	0.00126936340863	0.000737653662244	0.000292065917031	0.000816286793753	8.98664360095e-05	0.000295810351865	0.00459442154098	2.24666090024e-05	0.0137757757533	0.00256119342627	0	3.74443483373e-05	0	6.73998270071e-05	9.73553056769e-05	0.000183477306853	0.000790075749917	8.61220011758e-05	0.000891175490427	0.000101099740511	0.00194710611354	0.000153521828183	7.48886966746e-06	0.00827520098254	0.000453076614881	8.61220011758e-05	0.0006328094869	4.1188783171e-05	0.00131804106147	0.013985464104	0.0050737091997	0.000659020530736	0.00082377566342	0.00751508071129	0.0285700377813	0.000119821914679	0.000101099740511	0.000164755132684	3.74443483373e-06	0	1.87221741686e-05	0.00158015149983	0.0101661405736	0.00410390057777	0.00530211972456	0.00269599308028	0.000486776528385	7.48886966746e-06	4.1188783171e-05	0.00164006245717	0.00130680775697	0.000939853143266	0.000134799654014	0.000269599308028	1.12333045012e-05	0.000187221741686
0.00695715992107	0.000205943915855	0.000864964446591	0	0.00547436372691	0.000550431920558	0.00802806828351	0.0272969299379	0.0134799654014	0.000696464879073	0.00750384740679	0.00136297427948	0.00401403414176	0.00114205262429	0.016235869439	0.00195085054837	0.00168125124034	0.00028083261253	0.000456821049715	0.000134799654014	0.00511489798287	0.0112632599799	0.000336999135036	0.00613712869248	0.017048411798	2.99554786698e-05	0.00127310784347	0.00126936340863	0.0832425307886	0.0202723701898	0.013962997495	1.87221741686e-05	0.000512987572221	0.0103571067501	0.0194074057432	0.000969808621936	4.86776528385e-05	3.36999135036e-05	0	0.00484529867484	3.74443483373e-05	0.00172992889318	0.0012656189738	0.00183851750336	0.0125288789537	0.00156142932566	0.00025087713386	0.00198455046188	7.48886966746e-06	0.001621340283	1.87221741686e-05	0.000146032958515	1.87221741686e-05	7.48886966746e-05	0.000198455046188	0.00260612664427	2.24666090024e-05	0.000295810351865	4.86776528385e-05	0.0123903348648	0.00016101069785	5.24220876722e-05	0.00016101069785	0.00169997341451	0.00126187453897	4.1188783171e-05	0	1.12333045012e-05	3.74443483373e-06	0.000456821049715	0.00369575718089	0.000808797924085	0.00938355369332	0.00342615787286	0.00122443019063	0.000269599308028	0.000175988437185	0.00140041862781	0.000112333045012	0.000539198616057	1.87221741686e-05	0.000232154959691	2.62110438361e-05	8.2377566342e-05
0.0138431755803	0.000187221741686	0.00365831283255	0	0.00193587280904	0.000355721309204	0.00541070833474	0.00894919925261	0.00925249847414	0.000295810351865	0.00198829489671	0.00575519633944	0.00644791678368	0.00344862448186	0.0319587513059	0.00200701707088	0.000101099740511	0.00246383812059	0.00126936340863	0.000999764100605	0.00729041462127	0.00313783639066	8.2377566342e-05	0.00432856666779	0.00529463085489	5.99109573397e-05	0.00354223535271	0.000737653662244	0.0202723701898	0.0684108244122	0.0190479399992	2.24666090024e-05	0.00360589074488	0.0233615289276	0.0361188184061	0.000235899394525	0.000179732872019	1.49777393349e-05	0	0.000108588610178	1.87221741686e-05	0.000112333045012	0.000209688350689	0.000516732007055	0.00399531196759	0.000198455046188	6.36553921734e-05	0.000247132699026	0	0.00060285400823	3.74443483373e-06	0.000164755132684	1.87221741686e-05	0	7.11442618408e-05	0.000235899394525	0	0.000842497837589	8.98664360095e-05	0.00322395839184	0.000868708881425	2.99554786698e-05	0.000277088177696	0.000703953748741	0.000273343742862	3.74443483373e-06	0	3.74443483373e-06	3.74443483373e-06	0.000157266263017	0.00314906969517	0.00189093959103	0.0137757757533	0.00426865571045	0.00100350853544	0.000415632266544	0.00107465279728	0.00138544088848	0.000164755132684	0.000340743569869	0.000265854873195	0.000262110438361	8.98664360095e-05	0.000322021395701
0.0141314970625	0.000119821914679	0.00494265398052	0	1.49777393349e-05	0	1.87221741686e-05	0.00784459097666	0.00354223535271	5.61665225059e-05	1.12333045012e-05	4.86776528385e-05	4.49332180047e-05	5.99109573397e-05	0.0102073293567	3.74443483373e-05	0.000370699048539	0.00529088642006	1.49777393349e-05	0.001598873674	4.1188783171e-05	0.0181118312907	0.000179732872019	0.0145770848077	0.00111584158045	0	0.00257242673077	0.000292065917031	0.013962997495	0.0190479399992	0.0513249682659	0	0	0.00965315300135	0.0091813542123	0.000213432785523	0.000146032958515	7.48886966746e-06	0	3.74443483373e-05	0	0.000187221741686	2.99554786698e-05	0.000322021395701	0.00308541430299	4.49332180047e-05	2.99554786698e-05	6.73998270071e-05	0	0.000303299221532	0	0.00041188783171	2.62110438361e-05	0	0.000149777393349	4.1188783171e-05	0	0.001598873674	0.000157266263017	0.00283828160397	3.74443483373e-06	2.62110438361e-05	0.000232154959691	0.000861220011758	0.000172244002352	3.74443483373e-06	0	3.74443483373e-06	0	0.000108588610178	0.000527965311556	0.000498009832886	0.00314906969517	0.000820031228587	0.000292065917031	8.61220011758e-05	3.74443483373e-06	0.00082377566342	0.000146032958515	2.99554786698e-05	2.99554786698e-05	4.49332180047e-05	2.62110438361e-05	3.74443483373e-06
