0.0068910589376	6.92568737447e-06	3.46284368724e-05	0	3.11655931851e-05	0	0.000297804557102	0.00148902278551	0.000602534801579	9.69596232426e-05	0.000346284368724	3.46284368724e-06	0.000138513747489	0	0.00378142530646	1.73142184362e-05	1.38513747489e-05	1.73142184362e-05	0	3.46284368724e-06	9.00339358681e-05	0.000148902278551	3.11655931851e-05	0.000135050903802	0.000232010527045	0	3.46284368724e-06	1.03885310617e-05	0.000429392617217	0.00359443174735	0.00182491862317	0	0	0.000630237551077	0.00072719717432	0	0	0	0	3.46284368724e-06	0	0	6.92568737447e-06	3.46284368724e-06	2.77027494979e-05	3.46284368724e-06	0	0	0	0	0	3.46284368724e-06	0	0	0	0	0	6.92568737447e-06	0	3.11655931851e-05	0	0	0	0	0	0	0	0	0	0	0.000155827965926	3.80912805596e-05	0.000235473370732	0.00010042246693	3.11655931851e-05	1.38513747489e-05	3.46284368724e-06	3.46284368724e-06	0	0	0	0	0	0
6.92568737447e-06	0.0145647205485	0.00363944871528	0	0	0	0	1.38513747489e-05	3.46284368724e-06	7.96454048064e-05	0	0.000221621995983	0	0.000128125216428	0	0	0.000135050903802	0.0011392755731	6.92568737447e-06	0.000481335272526	0	0.000159290809613	0.00191148971535	0.00106655585567	3.80912805596e-05	0.000931504951866	0.00432162892167	0.00870212618602	6.92568737447e-05	3.11655931851e-05	7.2719717432e-05	3.46284368724e-06	0	2.77027494979e-05	0.000758362767505	0	0.00273218366923	0.000242399058107	0	0	0	3.46284368724e-06	3.46284368724e-06	0	6.92568737447e-06	0	8.65710921809e-05	0	5.54054989958e-05	0	3.46284368724e-06	0.000176605028049	0.000214696308609	1.73142184362e-05	0.000114273841679	0	7.96454048064e-05	0.000765288454879	0.000218159152296	2.07770621234e-05	0.000304730244477	0.000335895837662	0.00109425860517	1.73142184362e-05	0	2.42399058107e-05	0	0	0	0.0001627536533	0.000432855460904	0.000605997645266	0.000609460488954	0.000266638963917	3.46284368724e-06	1.03885310617e-05	0	9.34967795554e-05	0.000640626082139	0.000159290809613	5.19426553085e-05	1.03885310617e-05	3.46284368724e-06	1.03885310617e-05
3.46284368724e-05	0.00363944871528	0.0455987256735	0	0	0	3.46284368724e-06	0.000232010527045	1.03885310617e-05	0.000166216496987	1.03885310617e-05	0.000180067871736	0	4.50169679341e-05	3.11655931851e-05	6.92568737447e-06	0.000858785234435	0.00800955744858	3.46284368724e-06	0.000855322390747	0	0.00286030888566	0.00173834753099	0.0176224115243	0.000214696308609	3.80912805596e-05	0.0103227370317	0.0182249463259	0.000786065517003	0.000283953182353	0.00134358335065	0	0	0.000204307777547	0.00505228893968	0	0.000945356326615	7.96454048064e-05	0	0	0	0	1.38513747489e-05	0	1.73142184362e-05	0	1.03885310617e-05	0	0	0	0	0.0001627536533	6.92568737447e-05	3.46284368724e-06	3.46284368724e-06	0	3.80912805596e-05	0.000709882955883	0.000169679340675	2.42399058107e-05	3.11655931851e-05	9.00339358681e-05	0.000415541242468	1.38513747489e-05	0	1.03885310617e-05	0	0	0	6.23311863702e-05	0.00380912805596	0.00317889050488	0.00449823394972	0.00221968280352	2.77027494979e-05	3.11655931851e-05	5.19426553085e-05	0.00010042246693	0.00022508483967	6.92568737447e-05	2.42399058107e-05	0	3.46284368724e-06	0
0	0	0	0	0	0	0	0	0	0	0	0	0	0	0	0	0	0	0	0	0	0	0	0	0	0	0	0	0	0	0	0	0	0	0	0	0	0	0	0	0	0	0	0	0	0	0	0	0	0	0	0	0	0	0	0	0	0	0	0	0	0	0	0	0	0	0	0	0	0	0	0	0	0	0	0	0	0	0	0	0	0	0	0
3.11655931851e-05	0	0	0	0.0153958030335	0	0.0003255073066	0.00123277235266	0.000166216496987	0.00046402105409	0.00226816261514	0	0.00256250432855	0	7.2719717432e-05	3.46284368724e-05	1.03885310617e-05	0	0	0	0.00703649837246	2.42399058107e-05	1.38513747489e-05	1.73142184362e-05	0.00483412978738	0	0	0	0.0044220513886	0.000218159152296	0.000141976591177	0	0	5.8868342683e-05	8.31082484937e-05	0	0	0	0	0.00102153888773	0	3.11655931851e-05	3.46284368724e-05	3.46284368724e-06	2.07770621234e-05	0.000633700394764	0	4.84798116213e-05	0	0	0	0	0	0	0	0.000211233464921	3.46284368724e-06	0	0	0.000114273841679	0	0	0	0.00123969804003	0	6.92568737447e-06	0	0	0	3.46284368724e-06	2.42399058107e-05	3.46284368724e-06	2.07770621234e-05	3.46284368724e-06	5.8868342683e-05	0	0	0	0	0	0	6.92568737447e-06	0	0
0	0	0	0	0	0.00463674769721	0.00122930950897	3.46284368724e-06	0.000540203615209	0	0	1.03885310617e-05	0	0	0.000335895837662	0.000190456402798	0	0	0	0	0	0	0	0	0	0	0	0	0	0.00107348154304	0	0	0.00221275711614	6.92568737447e-06	0.000824156797562	0	0	0	0	0	0	0	0	0	0	0	0	0	0	0	0	0	0	0	0	0	0	0	0	0	0	0	0	0	0	0	0	0	0	0	2.07770621234e-05	6.92568737447e-06	0.000135050903802	1.73142184362e-05	0.000983447607175	0.000941893482928	0	0	0	0	0	0	0	0
0.000297804557102	0	3.46284368724e-06	0	0.0003255073066	0.00122930950897	0.0249878800471	0.000962670545052	0.00782948957684	0.00020084493386	0.0044220513886	1.03885310617e-05	0.00635085532239	0	0.00255904148487	0.00105270448092	0	3.46284368724e-06	0	0	0.0012466237274	3.46284368724e-05	1.03885310617e-05	3.11655931851e-05	0.000519426553085	0	3.46284368724e-06	3.46284368724e-06	0.000415541242468	0.00299535978946	0.000360135743473	0	0.0010042246693	0.000294341713415	0.00119814391578	0	0	0	0	3.46284368724e-06	0	0	0	0	1.73142184362e-05	0	0	0	0	0	0	0	0	0	0	0	0	0	0	3.46284368724e-06	0	0	0	0	0	0	0	0	0	0	0.000141976591177	2.07770621234e-05	0.000360135743473	7.96454048064e-05	0.00088995082762	0.000159290809613	0	0	0	0	0	0	0	0
0.00148902278551	1.38513747489e-05	0.000232010527045	0	0.00123277235266	3.46284368724e-06	0.000962670545052	0.0344379804696	0.000955744857677	0.00143361728652	0.00589029711199	3.46284368724e-06	0.00109079576148	6.92568737447e-06	0.00182145577949	5.19426553085e-05	0.00022508483967	7.96454048064e-05	0	3.46284368724e-06	0.0013574347254	0.00158251956507	0.000377449961909	0.00140245169333	0.004938015098	0	1.38513747489e-05	0.000141976591177	0.0157524759332	0.00482027841263	0.0083835445668	0	1.38513747489e-05	0.001627536533	0.00274257220029	6.92568737447e-06	0	3.46284368724e-06	0	3.11655931851e-05	0	6.92568737447e-06	7.96454048064e-05	3.46284368724e-06	0.000460558210402	2.42399058107e-05	0	1.03885310617e-05	0	0	0	2.77027494979e-05	0	0	0	1.03885310617e-05	1.03885310617e-05	5.19426553085e-05	1.03885310617e-05	0.000297804557102	0	0	3.46284368724e-06	0.00010042246693	0	3.11655931851e-05	0	0	0	3.46284368724e-06	0.000824156797562	0.000166216496987	0.000883025140245	0.000377449961909	0.000277027494979	3.11655931851e-05	1.03885310617e-05	3.11655931851e-05	3.46284368724e-06	3.46284368724e-06	3.46284368724e-06	3.46284368724e-06	0	0
0.000602534801579	3.46284368724e-06	1.03885310617e-05	0	0.000166216496987	0.000540203615209	0.00782948957684	0.000955744857677	0.0200221621996	0.000117736685366	0.00316850197382	3.46284368724e-06	0.000848396703373	0	0.00831082484937	0.000145439434864	0	6.92568737447e-06	0	0	0.000446706835653	3.80912805596e-05	1.03885310617e-05	3.46284368724e-05	0.000256250432855	0	3.46284368724e-06	3.46284368724e-06	0.00030126740079	0.00435625735854	0.000373987118221	0	0.000945356326615	0.000342821525036	0.00119814391578	0	0	0	0	0	0	0	0	0	1.03885310617e-05	0	0	3.46284368724e-06	0	0	0	0	0	0	0	0	0	0	0	3.46284368724e-06	0	0	0	3.46284368724e-06	0	0	0	0	0	0	9.34967795554e-05	1.38513747489e-05	0.000373987118221	6.92568737447e-05	0.000287416026041	0.000169679340675	0	0	0	0	0	0	0	0
9.69596232426e-05	7.96454048064e-05	0.000166216496987	0	0.00046402105409	0	0.00020084493386	0.00143361728652	0.000117736685366	0.0173315326546	0.000270101807604	3.46284368724e-06	0.00248978461112	3.46284368724e-06	0.000117736685366	0.000245861901794	0.000346284368724	4.15541242468e-05	0	6.92568737447e-06	0.000844933859686	0.000623311863702	0.00336934690768	0.000806842579126	0.005779486114	0	2.07770621234e-05	0.000214696308609	0.00228547683358	0.000616386176328	0.00100076182561	0	0	0.000280490338666	0.000831082484937	3.46284368724e-05	3.46284368724e-06	6.92568737447e-06	0	6.23311863702e-05	0	1.73142184362e-05	0.000283953182353	2.42399058107e-05	0.00189071265323	4.84798116213e-05	0	4.50169679341e-05	0	1.38513747489e-05	1.03885310617e-05	0.000207770621234	3.46284368724e-06	0	0	5.19426553085e-05	4.84798116213e-05	0.000654477456888	4.50169679341e-05	0.0011392755731	0	0	6.92568737447e-06	0.000380912805596	6.92568737447e-06	0.00010042246693	0	0	0	4.15541242468e-05	0.000519426553085	0.00012466237274	0.000290878869728	0.000128125216428	0.00091419073343	3.46284368724e-06	0	7.96454048064e-05	1.73142184362e-05	3.11655931851e-05	1.03885310617e-05	2.42399058107e-05	0	0
0.000346284368724	0	1.03885310617e-05	0	0.00226816261514	0	0.0044220513886	0.00589029711199	0.00316850197382	0.000270101807604	0.0291363667844	0	0.00563750952282	3.46284368724e-06	0.00177990165524	8.65710921809e-05	6.92568737447e-06	6.92568737447e-06	0	0	0.00386799639864	6.57940300575e-05	3.80912805596e-05	6.92568737447e-05	0.00151672553501	0	0	6.92568737447e-06	0.00360482027841	0.00123277235266	0.000623311863702	0	6.92568737447e-06	0.000322044462913	0.000467483897777	0	0	3.46284368724e-06	0	5.8868342683e-05	0	3.46284368724e-06	1.03885310617e-05	0	3.46284368724e-05	0.000245861901794	0	1.73142184362e-05	0	0	0	0	0	0	0	4.50169679341e-05	0	1.03885310617e-05	0	3.46284368724e-05	0	0	3.46284368724e-06	6.23311863702e-05	0	0	0	0	0	3.46284368724e-06	9.00339358681e-05	1.03885310617e-05	0.000152365122238	5.54054989958e-05	0.000131588060115	0	3.46284368724e-06	1.03885310617e-05	3.46284368724e-06	6.92568737447e-06	6.92568737447e-06	3.46284368724e-06	0	0
3.46284368724e-06	0.000221621995983	0.000180067871736	0	0	1.03885310617e-05	1.03885310617e-05	3.46284368724e-06	3.46284368724e-06	3.46284368724e-06	0	0.0273980192534	0	0.00584528014405	2.77027494979e-05	0	3.46284368724e-06	0.000668328831637	0.0017625874368	0.00475102153889	0	2.42399058107e-05	3.46284368724e-06	0.000128125216428	3.46284368724e-06	0.00242052773738	0.0109287346769	0.00162407368931	3.46284368724e-06	0.000159290809613	0	0.00121545813422	1.73142184362e-05	6.92568737447e-06	0.00441166285754	0	0.000145439434864	1.03885310617e-05	0	0	0	0	0	0	0	0	0.000190456402798	0	0.000138513747489	0	0	3.46284368724e-06	2.77027494979e-05	3.46284368724e-06	5.19426553085e-05	0	3.46284368724e-06	0	6.92568737447e-06	0	0.000408615555094	0.000148902278551	0.000197382090172	0	0	3.46284368724e-06	0	0	0	2.07770621234e-05	0.000394764180345	0.00252095020431	0.00267677817023	0.000398227024032	0	2.77027494979e-05	0.000270101807604	1.03885310617e-05	0.000207770621234	5.19426553085e-05	6.92568737447e-06	0	0	4.50169679341e-05
0.000138513747489	0	0	0	0.00256250432855	0	0.00635085532239	0.00109079576148	0.000848396703373	0.00248978461112	0.00563750952282	0	0.0276057898746	0	0.000384375649283	0.00103539026248	3.46284368724e-06	0	0	0	0.00903802202369	1.73142184362e-05	1.03885310617e-05	1.03885310617e-05	0.00288454879147	0	0	3.46284368724e-06	0.00107348154304	0.000533277927834	0.000211233464921	0	0	0.000135050903802	0.000218159152296	0	0	0	0	0.000159290809613	0	0	3.46284368724e-06	0	1.38513747489e-05	0	0	3.46284368724e-06	0	0	0	0	0	0	0	0	0	0	0	1.03885310617e-05	0	0	0	3.46284368724e-06	0	0	0	0	0	0	0.000141976591177	1.38513747489e-05	6.92568737447e-05	3.11655931851e-05	0.000948819170303	6.92568737447e-06	0	0	0	0	0	0	0	0
0	0.000128125216428	4.50169679341e-05	0	0	0	0	6.92568737447e-06	0	3.46284368724e-06	3.46284368724e-06	0.00584528014405	0	0.0177401482097	3.46284368724e-06	0	0	0.000117736685366	0.000138513747489	0.000443243991966	0	1.38513747489e-05	0	6.23311863702e-05	0	0.00536048202784	0.0060772906711	0.0031200221622	3.46284368724e-06	1.73142184362e-05	0	0.0018179929358	0	6.92568737447e-06	0.000422466929843	0	0.000114273841679	6.92568737447e-06	0	0	0	0	0	0	0	0	0.000228547683358	0	0.000308193088164	3.46284368724e-06	3.46284368724e-06	0	1.73142184362e-05	1.38513747489e-05	6.57940300575e-05	0	0	0	2.07770621234e-05	0	0.000502112334649	0.000148902278551	0.000186993559111	0	0	0	3.46284368724e-06	0	0	2.77027494979e-05	0.000245861901794	0.00107694438673	0.000602534801579	0.000290878869728	3.46284368724e-06	6.92568737447e-06	0.000554054989958	5.19426553085e-05	0.000280490338666	7.96454048064e-05	1.38513747489e-05	6.92568737447e-06	1.38513747489e-05	7.96454048064e-05
0.00378142530646	0	3.11655931851e-05	0	7.2719717432e-05	0.000335895837662	0.00255904148487	0.00182145577949	0.00831082484937	0.000117736685366	0.00177990165524	2.77027494979e-05	0.000384375649283	3.46284368724e-06	0.0300990373295	0.000169679340675	6.92568737447e-06	2.77027494979e-05	0	3.46284368724e-06	0.000232010527045	0.000166216496987	4.50169679341e-05	0.000155827965926	0.000349747212411	0	1.73142184362e-05	1.03885310617e-05	0.000491723803588	0.0157940300575	0.00167947918831	0	0.00108040723042	0.00141976591177	0.0035009349678	0	0	0	0	6.92568737447e-06	0	0	3.46284368724e-06	0	4.50169679341e-05	3.46284368724e-06	0	6.92568737447e-06	0	0	0	3.46284368724e-06	0	0	0	6.92568737447e-06	0	0	0	3.80912805596e-05	0	0	0	3.46284368724e-06	0	3.46284368724e-06	0	0	0	0	0.000280490338666	4.84798116213e-05	0.00114620126048	0.000266638963917	0.000311655931851	0.000280490338666	6.92568737447e-06	6.92568737447e-06	0	0	0	0	0	0
1.73142184362e-05	0	6.92568737447e-06	0	3.46284368724e-05	0.000190456402798	0.00105270448092	5.19426553085e-05	0.000145439434864	0.000245861901794	8.65710921809e-05	0	0.00103539026248	0	0.000169679340675	0.0035528776231	0	6.92568737447e-06	0	0	0.00010042246693	6.92568737447e-06	3.46284368724e-06	1.73142184362e-05	5.8868342683e-05	0	0	3.46284368724e-06	3.11655931851e-05	0.000232010527045	3.80912805596e-05	0	1.03885310617e-05	2.07770621234e-05	0.000131588060115	0	0	0	0	0	0	0	0	0	3.46284368724e-06	0	0	0	0	0	0	0	0	0	0	3.46284368724e-06	3.46284368724e-06	0	0	3.46284368724e-06	0	0	0	0	0	0	0	0	0	3.46284368724e-06	0.000207770621234	3.46284368724e-06	8.65710921809e-05	3.11655931851e-05	0.00195650668329	1.38513747489e-05	0	3.46284368724e-06	3.46284368724e-06	0	0	0	0	0
1.38513747489e-05	0.000135050903802	0.000858785234435	0	1.03885310617e-05	0	0	0.00022508483967	0	0.000346284368724	6.92568737447e-06	3.46284368724e-06	3.46284368724e-06	0	6.92568737447e-06	0	0.0124177574624	0.000107348154304	0	2.42399058107e-05	3.46284368724e-06	0.00255557864118	0.00150979984763	0.00622965579334	0.00229932820832	0	6.23311863702e-05	0.00261444698386	0.00231317958307	0.000159290809613	0.000550592146271	0	3.46284368724e-06	9.34967795554e-05	0.000585220583143	6.92568737447e-06	2.42399058107e-05	0	0	0	0	0	6.92568737447e-06	0	5.8868342683e-05	0	0	0	0	0	0	2.77027494979e-05	3.46284368724e-06	0	0	0	0	0.000128125216428	0	3.11655931851e-05	0	3.46284368724e-06	1.38513747489e-05	1.73142184362e-05	0	6.92568737447e-06	0	0	0	0	0.000419004086156	0.00026317612023	0.000377449961909	0.00022508483967	3.46284368724e-06	3.46284368724e-06	0	1.38513747489e-05	3.46284368724e-06	1.03885310617e-05	6.92568737447e-06	6.92568737447e-06	0	0
1.73142184362e-05	0.0011392755731	0.00800955744858	0	0	0	3.46284368724e-06	7.96454048064e-05	6.92568737447e-06	4.15541242468e-05	6.92568737447e-06	0.000668328831637	0	0.000117736685366	2.77027494979e-05	6.92568737447e-06	0.000107348154304	0.0273495394418	3.80912805596e-05	0.00635085532239	0	0.00141284022439	0.000294341713415	0.00910727889743	5.54054989958e-05	0.00012466237274	0.00745203961493	0.00338666112612	0.000238936214419	0.000141976591177	0.000595609114205	6.92568737447e-06	0	5.8868342683e-05	0.00867442343653	0	0.000367061430847	1.73142184362e-05	0	0	0	0	0	0	6.92568737447e-06	0	2.07770621234e-05	0	2.42399058107e-05	0	0	3.11655931851e-05	3.11655931851e-05	1.03885310617e-05	2.07770621234e-05	0	1.38513747489e-05	0.000110810997992	3.46284368724e-05	3.46284368724e-06	6.92568737447e-05	4.84798116213e-05	0.000169679340675	6.92568737447e-06	0	6.92568737447e-06	0	0	0	2.77027494979e-05	0.00265253826442	0.00262483551492	0.00469561603989	0.00186993559111	2.07770621234e-05	2.42399058107e-05	4.84798116213e-05	2.42399058107e-05	7.2719717432e-05	2.42399058107e-05	1.03885310617e-05	3.46284368724e-06	3.46284368724e-06	0
0	6.92568737447e-06	3.46284368724e-06	0	0	0	0	0	0	0	0	0.0017625874368	0	0.000138513747489	0	0	0	3.80912805596e-05	0.00384375649283	0.00199459796385	0	3.46284368724e-06	0	3.46284368724e-06	0	0.000107348154304	0.00191841540273	0.000107348154304	0	0	0	6.92568737447e-06	0	0	0.000128125216428	0	1.73142184362e-05	0	0	0	0	0	0	0	0	0	1.03885310617e-05	0	3.46284368724e-06	0	0	0	0	0	0	0	0	0	0	0	2.42399058107e-05	1.03885310617e-05	1.03885310617e-05	0	0	0	0	0	0	0	6.92568737447e-06	6.57940300575e-05	6.57940300575e-05	1.03885310617e-05	0	0	0	0	6.92568737447e-06	0	0	0	0	3.46284368724e-06
3.46284368724e-06	0.000481335272526	0.000855322390747	0	0	0	0	3.46284368724e-06	0	6.92568737447e-06	0	0.00475102153889	0	0.000443243991966	3.46284368724e-06	0	2.42399058107e-05	0.00635085532239	0.00199459796385	0.0199113512016	0	9.34967795554e-05	2.77027494979e-05	0.000498649490962	6.92568737447e-06	0.000415541242468	0.0101461320036	0.00154442828451	2.42399058107e-05	1.38513747489e-05	4.84798116213e-05	3.80912805596e-05	3.46284368724e-06	6.92568737447e-06	0.00476487291364	0	0.000266638963917	2.07770621234e-05	0	0	0	0	0	0	3.46284368724e-06	0	3.80912805596e-05	0	5.8868342683e-05	0	0	0	3.80912805596e-05	3.46284368724e-06	4.15541242468e-05	0	3.46284368724e-06	0	1.03885310617e-05	0	0.000169679340675	6.57940300575e-05	0.000128125216428	0	0	3.46284368724e-06	0	0	0	6.92568737447e-06	0.000713345799571	0.0013297319759	0.00187339843479	0.000619849020015	1.38513747489e-05	0	1.73142184362e-05	3.46284368724e-06	7.96454048064e-05	3.46284368724e-05	1.03885310617e-05	0	3.46284368724e-06	1.03885310617e-05
9.00339358681e-05	0	0	0	0.00703649837246	0	0.0012466237274	0.0013574347254	0.000446706835653	0.000844933859686	0.00386799639864	0	0.00903802202369	0	0.000232010527045	0.00010042246693	3.46284368724e-06	0	0	0	0.0182561119191	4.15541242468e-05	2.07770621234e-05	1.38513747489e-05	0.00427314911005	0	0	0	0.00194611815223	0.000453632523028	0.000228547683358	0	3.46284368724e-06	0.00010042246693	0.000186993559111	0	0	0	0	0.00130549207009	0	2.77027494979e-05	2.77027494979e-05	6.92568737447e-06	1.38513747489e-05	0.000356672899785	0	6.92568737447e-05	0	3.46284368724e-06	0	0	0	0	0	0.000498649490962	0	0	0	8.65710921809e-05	0	0	0	0.000169679340675	0	0	0	0	0	0	4.50169679341e-05	3.46284368724e-06	6.23311863702e-05	1.73142184362e-05	0.000173142184362	0	0	0	0	0	0	0	0	0
0.000148902278551	0.000159290809613	0.00286030888566	0	2.42399058107e-05	0	3.46284368724e-05	0.00158251956507	3.80912805596e-05	0.000623311863702	6.57940300575e-05	2.42399058107e-05	1.73142184362e-05	1.38513747489e-05	0.000166216496987	6.92568737447e-06	0.00255557864118	0.00141284022439	3.46284368724e-06	9.34967795554e-05	4.15541242468e-05	0.0385587644574	0.00108040723042	0.024634669991	0.00169333056306	0	0.000270101807604	0.00120160675947	0.00822425375719	0.00150979984763	0.011680171757	0	0	0.00128817785165	0.00444282845072	6.92568737447e-06	4.50169679341e-05	3.46284368724e-06	0	0	0	0	2.42399058107e-05	3.46284368724e-06	0.000155827965926	3.46284368724e-06	0	0	0	0	6.92568737447e-06	2.77027494979e-05	3.46284368724e-06	0	0	3.46284368724e-06	6.92568737447e-06	0.000145439434864	1.73142184362e-05	9.34967795554e-05	0	3.46284368724e-06	2.07770621234e-05	3.46284368724e-05	3.46284368724e-06	1.03885310617e-05	0	0	3.46284368724e-06	6.92568737447e-06	0.00209155758709	0.000983447607175	0.00228547683358	0.00102846457511	2.42399058107e-05	4.84798116213e-05	1.73142184362e-05	1.38513747489e-05	1.73142184362e-05	3.46284368724e-06	0	0	0	0
3.11655931851e-05	0.00191148971535	0.00173834753099	0	1.38513747489e-05	0	1.03885310617e-05	0.000377449961909	1.03885310617e-05	0.00336934690768	3.80912805596e-05	3.46284368724e-06	1.03885310617e-05	0	4.50169679341e-05	3.46284368724e-06	0.00150979984763	0.000294341713415	0	2.77027494979e-05	2.07770621234e-05	0.00108040723042	0.0148036567629	0.00289840016622	0.00223007133458	0	0.000186993559111	0.00333471847081	0.00146132003601	0.000242399058107	0.000792991204377	0	0	0.000138513747489	0.00105270448092	1.03885310617e-05	0.000266638963917	4.84798116213e-05	0	3.46284368724e-06	0	0	7.2719717432e-05	6.92568737447e-06	0.000481335272526	3.46284368724e-06	0	0	0	0	3.46284368724e-06	0.00046402105409	1.38513747489e-05	0	0	0	0.00010042246693	0.00177643881155	0.000280490338666	0.000287416026041	0	1.03885310617e-05	0.00026317612023	0.000135050903802	3.46284368724e-06	7.96454048064e-05	0	0	0	9.34967795554e-05	0.000761825611192	0.000509038022024	0.000664865987949	0.000356672899785	2.42399058107e-05	6.92568737447e-06	3.46284368724e-06	7.2719717432e-05	6.92568737447e-05	6.57940300575e-05	2.77027494979e-05	1.73142184362e-05	0	0
0.000135050903802	0.00106655585567	0.0176224115243	0	1.73142184362e-05	0	3.11655931851e-05	0.00140245169333	3.46284368724e-05	0.000806842579126	6.92568737447e-05	0.000128125216428	1.03885310617e-05	6.23311863702e-05	0.000155827965926	1.73142184362e-05	0.00622965579334	0.00910727889743	3.46284368724e-06	0.000498649490962	1.38513747489e-05	0.024634669991	0.00289840016622	0.067781702334	0.00153403975345	2.07770621234e-05	0.00171064478149	0.00913151880324	0.00630583835446	0.00136436041277	0.00746242814599	0	0	0.000803379735439	0.00908650183531	6.92568737447e-06	0.000256250432855	2.42399058107e-05	0	3.46284368724e-06	0	0	4.50169679341e-05	3.46284368724e-06	0.000159290809613	3.46284368724e-06	1.03885310617e-05	0	0	0	3.46284368724e-06	0.000155827965926	1.73142184362e-05	3.46284368724e-06	3.46284368724e-06	3.46284368724e-06	2.42399058107e-05	0.00058868342683	9.00339358681e-05	0.000121199529053	1.38513747489e-05	2.77027494979e-05	0.0001627536533	5.54054989958e-05	3.46284368724e-06	2.42399058107e-05	0	0	3.46284368724e-06	3.46284368724e-05	0.00551284715008	0.00311309647483	0.006510146132	0.00303345107002	5.54054989958e-05	7.61825611192e-05	5.54054989958e-05	7.96454048064e-05	5.54054989958e-05	2.42399058107e-05	1.73142184362e-05	6.92568737447e-06	1.03885310617e-05	0
0.000232010527045	3.80912805596e-05	0.000214696308609	0	0.00483412978738	0	0.000519426553085	0.004938015098	0.000256250432855	0.005779486114	0.00151672553501	3.46284368724e-06	0.00288454879147	0	0.000349747212411	5.8868342683e-05	0.00229932820832	5.54054989958e-05	0	6.92568737447e-06	0.00427314911005	0.00169333056306	0.00223007133458	0.00153403975345	0.0324087540688	0	1.73142184362e-05	0.000169679340675	0.0124039060877	0.00124316088372	0.0019530438396	0	6.92568737447e-06	0.000522889396773	0.00132626913221	1.03885310617e-05	6.92568737447e-06	3.46284368724e-06	0	0.000110810997992	0	1.38513747489e-05	7.61825611192e-05	1.38513747489e-05	0.000519426553085	6.92568737447e-06	0	6.92568737447e-06	0	3.46284368724e-06	0	2.42399058107e-05	0	0	0	1.73142184362e-05	3.46284368724e-06	0.000121199529053	1.03885310617e-05	0.000373987118221	0	0	1.03885310617e-05	0.000107348154304	3.46284368724e-06	2.42399058107e-05	0	0	0	3.46284368724e-06	0.000605997645266	0.000145439434864	0.000439781148279	0.000214696308609	0.000277027494979	3.46284368724e-06	0	2.07770621234e-05	3.46284368724e-06	2.07770621234e-05	1.03885310617e-05	1.38513747489e-05	0	0
0	0.000931504951866	3.80912805596e-05	0	0	0	0	0	0	0	0	0.00242052773738	0	0.00536048202784	0	0	0	0.00012466237274	0.000107348154304	0.000415541242468	0	0	0	2.07770621234e-05	0	0.0106828727751	0.00319620472332	0.0016552392825	0	0	0	0.000145439434864	0	0	0.00026317612023	0	0.000273564651292	1.03885310617e-05	0	0	0	0	0	0	0	0	0.000491723803588	0	0.000346284368724	0	3.46284368724e-06	0	5.8868342683e-05	1.73142184362e-05	0.000114273841679	0	0	0	3.46284368724e-06	0	0.00107348154304	0.00030126740079	0.000342821525036	0	0	0	0	0	0	3.46284368724e-05	4.50169679341e-05	0.000675254519011	0.00026317612023	4.84798116213e-05	0	0	0.000173142184362	1.03885310617e-05	0.000571369208394	0.000121199529053	1.03885310617e-05	3.46284368724e-06	0	0.000155827965926
3.46284368724e-06	0.00432162892167	0.0103227370317	0	0	0	3.46284368724e-06	1.38513747489e-05	3.46284368724e-06	2.07770621234e-05	0	0.0109287346769	0	0.0060772906711	1.73142184362e-05	0	6.23311863702e-05	0.00745203961493	0.00191841540273	0.0101461320036	0	0.000270101807604	0.000186993559111	0.00171064478149	1.73142184362e-05	0.00319620472332	0.0651430154443	0.0211302721795	6.57940300575e-05	6.92568737447e-05	0.000110810997992	0.00209155758709	0	4.15541242468e-05	0.00554054989958	0	0.001627536533	9.00339358681e-05	0	0	0	0	0	0	3.46284368724e-06	0	0.000273564651292	0	0.000256250432855	0	3.46284368724e-06	1.73142184362e-05	0.000169679340675	3.46284368724e-05	0.000176605028049	0	1.73142184362e-05	0.000103885310617	5.8868342683e-05	3.46284368724e-06	0.000900339358681	0.000474409585151	0.000858785234435	6.92568737447e-06	0	3.46284368724e-06	0	0	0	9.69596232426e-05	0.00152365122238	0.0026871667013	0.00316850197382	0.00108733291779	1.03885310617e-05	1.73142184362e-05	4.15541242468e-05	4.84798116213e-05	0.000599071957892	0.000159290809613	3.46284368724e-05	1.03885310617e-05	0	4.84798116213e-05
1.03885310617e-05	0.00870212618602	0.0182249463259	0	0	0	3.46284368724e-06	0.000141976591177	3.46284368724e-06	0.000214696308609	6.92568737447e-06	0.00162407368931	3.46284368724e-06	0.0031200221622	1.03885310617e-05	3.46284368724e-06	0.00261444698386	0.00338666112612	0.000107348154304	0.00154442828451	0	0.00120160675947	0.00333471847081	0.00913151880324	0.000169679340675	0.0016552392825	0.0211302721795	0.0606794099314	0.000571369208394	9.34967795554e-05	0.000481335272526	0.000716808643258	0	7.2719717432e-05	0.00275296073135	0	0.00141630306808	8.31082484937e-05	0	0	0	3.46284368724e-06	1.03885310617e-05	0	1.38513747489e-05	0	9.69596232426e-05	0	8.31082484937e-05	3.46284368724e-06	0	0.000141976591177	0.000128125216428	1.03885310617e-05	5.8868342683e-05	0	4.50169679341e-05	0.000758362767505	0.000159290809613	1.73142184362e-05	0.000232010527045	0.000249324745481	0.000644088925826	2.77027494979e-05	0	2.42399058107e-05	3.46284368724e-06	0	0	9.34967795554e-05	0.00176605028049	0.00180067871736	0.0021435002424	0.00102500173142	1.03885310617e-05	1.73142184362e-05	2.42399058107e-05	9.69596232426e-05	0.000457095366715	7.61825611192e-05	3.11655931851e-05	1.73142184362e-05	6.92568737447e-06	1.38513747489e-05
0.000429392617217	6.92568737447e-05	0.000786065517003	0	0.0044220513886	0	0.000415541242468	0.0157524759332	0.00030126740079	0.00228547683358	0.00360482027841	3.46284368724e-06	0.00107348154304	3.46284368724e-06	0.000491723803588	3.11655931851e-05	0.00231317958307	0.000238936214419	0	2.42399058107e-05	0.00194611815223	0.00822425375719	0.00146132003601	0.00630583835446	0.0124039060877	0	6.57940300575e-05	0.000571369208394	0.0472712791745	0.00265600110811	0.0101184292541	0	6.92568737447e-06	0.00109425860517	0.00323775884757	6.92568737447e-06	1.38513747489e-05	3.46284368724e-06	0	0.000470946741464	0	6.92568737447e-06	0.000110810997992	1.38513747489e-05	0.00052635224046	0.000204307777547	0	1.38513747489e-05	0	0	0	5.54054989958e-05	0	0	0	6.57940300575e-05	6.92568737447e-06	0.000173142184362	2.42399058107e-05	0.000401689867719	0	0	1.38513747489e-05	0.000734122861694	0	4.50169679341e-05	0	0	0	1.73142184362e-05	0.00137474894383	0.000450169679341	0.0012466237274	0.000519426553085	0.000141976591177	2.42399058107e-05	6.92568737447e-06	3.46284368724e-05	6.92568737447e-06	6.92568737447e-06	3.46284368724e-06	1.38513747489e-05	0	0
0.00359443174735	3.11655931851e-05	0.000283953182353	0	0.000218159152296	0.00107348154304	0.00299535978946	0.00482027841263	0.00435625735854	0.000616386176328	0.00123277235266	0.000159290809613	0.000533277927834	1.73142184362e-05	0.0157940300575	0.000232010527045	0.000159290809613	0.000141976591177	0	1.38513747489e-05	0.000453632523028	0.00150979984763	0.000242399058107	0.00136436041277	0.00124316088372	0	6.92568737447e-05	9.34967795554e-05	0.00265600110811	0.0516517764388	0.0133319481959	0	0.00253826442274	0.0107590553362	0.0140972366507	0	1.03885310617e-05	6.92568737447e-06	0	6.92568737447e-06	0	0	2.77027494979e-05	3.46284368724e-06	0.000169679340675	6.92568737447e-06	0	6.92568737447e-06	6.92568737447e-06	0	0	1.38513747489e-05	0	0	0	1.03885310617e-05	3.46284368724e-06	4.84798116213e-05	3.46284368724e-06	0.000128125216428	0	3.46284368724e-06	1.03885310617e-05	2.77027494979e-05	0	1.73142184362e-05	0	0	0	0	0.00223353417827	0.0003255073066	0.00492762656694	0.00140245169333	0.000484798116213	0.000917653577118	1.73142184362e-05	2.77027494979e-05	6.92568737447e-06	6.92568737447e-06	6.92568737447e-06	0	0	0
0.00182491862317	7.2719717432e-05	0.00134358335065	0	0.000141976591177	0	0.000360135743473	0.0083835445668	0.000373987118221	0.00100076182561	0.000623311863702	0	0.000211233464921	0	0.00167947918831	3.80912805596e-05	0.000550592146271	0.000595609114205	0	4.84798116213e-05	0.000228547683358	0.011680171757	0.000792991204377	0.00746242814599	0.0019530438396	0	0.000110810997992	0.000481335272526	0.0101184292541	0.0133319481959	0.0391266708221	0	1.38513747489e-05	0.00494147794169	0.00770829004779	6.92568737447e-06	2.07770621234e-05	6.92568737447e-06	0	6.92568737447e-06	0	0	4.84798116213e-05	3.46284368724e-06	0.000270101807604	6.92568737447e-06	0	1.03885310617e-05	0	0	3.46284368724e-06	2.77027494979e-05	0	0	0	1.38513747489e-05	1.38513747489e-05	0.00010042246693	3.46284368724e-06	0.00020084493386	0	0	1.73142184362e-05	5.54054989958e-05	0	2.42399058107e-05	0	0	0	1.03885310617e-05	0.00231664242676	0.000630237551077	0.00251056167325	0.00111849851098	0.000145439434864	6.23311863702e-05	1.03885310617e-05	4.15541242468e-05	1.38513747489e-05	6.92568737447e-06	6.92568737447e-06	0	0	0
0	3.46284368724e-06	0	0	0	0	0	0	0	0	0	0.00121545813422	0	0.0018179929358	0	0	0	6.92568737447e-06	6.92568737447e-06	3.80912805596e-05	0	0	0	0	0	0.000145439434864	0.00209155758709	0.000716808643258	0	0	0	0.00269755523236	0	0	3.11655931851e-05	0	6.92568737447e-06	0	0	0	0	0	0	0	0	0	1.03885310617e-05	0	6.92568737447e-06	0	0	0	0	3.46284368724e-06	3.46284368724e-06	0	0	0	0	0	2.07770621234e-05	1.38513747489e-05	3.46284368724e-06	0	0	0	0	0	0	6.92568737447e-06	3.46284368724e-06	4.15541242468e-05	2.07770621234e-05	0	0	0	0	0	6.92568737447e-06	6.92568737447e-06	0	0	0	0
0	0	0	0	0	0.00221275711614	0.0010042246693	1.38513747489e-05	0.000945356326615	0	6.92568737447e-06	1.73142184362e-05	0	0	0.00108040723042	1.03885310617e-05	3.46284368724e-06	0	0	3.46284368724e-06	3.46284368724e-06	0	0	0	6.92568737447e-06	0	0	0	6.92568737447e-06	0.00253826442274	1.38513747489e-05	0	0.00542973890159	1.38513747489e-05	0.00153403975345	0	0	0	0	0	0	0	0	0	0	0	0	0	0	0	0	0	0	0	0	0	0	0	0	0	0	0	0	0	0	0	0	0	0	0	1.73142184362e-05	3.46284368724e-06	0.000193919246485	2.77027494979e-05	0.000103885310617	0.000900339358681	0	0	0	0	0	0	0	0
0.000630237551077	2.77027494979e-05	0.000204307777547	0	5.8868342683e-05	6.92568737447e-06	0.000294341713415	0.001627536533	0.000342821525036	0.000280490338666	0.000322044462913	6.92568737447e-06	0.000135050903802	6.92568737447e-06	0.00141976591177	2.07770621234e-05	9.34967795554e-05	5.8868342683e-05	0	6.92568737447e-06	0.00010042246693	0.00128817785165	0.000138513747489	0.000803379735439	0.000522889396773	0	4.15541242468e-05	7.2719717432e-05	0.00109425860517	0.0107590553362	0.00494147794169	0	1.38513747489e-05	0.0132730798532	0.00625043285546	3.46284368724e-06	0	0	0	0	0	3.46284368724e-06	1.73142184362e-05	3.46284368724e-06	6.57940300575e-05	3.46284368724e-06	0	0	6.92568737447e-06	0	0	3.46284368724e-06	0	0	0	0	0	2.77027494979e-05	0	4.15541242468e-05	0	0	3.46284368724e-06	3.46284368724e-06	0	6.92568737447e-06	0	0	0	0	0.00163792506406	0.000221621995983	0.00202576355703	0.0008137682665	9.69596232426e-05	4.15541242468e-05	1.38513747489e-05	2.07770621234e-05	6.92568737447e-06	3.46284368724e-06	6.92568737447e-06	3.46284368724e-06	3.46284368724e-06	0
0.00072719717432	0.000758362767505	0.00505228893968	0	8.31082484937e-05	0.000824156797562	0.00119814391578	0.00274257220029	0.00119814391578	0.000831082484937	0.000467483897777	0.00441166285754	0.000218159152296	0.000422466929843	0.0035009349678	0.000131588060115	0.000585220583143	0.00867442343653	0.000128125216428	0.00476487291364	0.000186993559111	0.00444282845072	0.00105270448092	0.00908650183531	0.00132626913221	0.00026317612023	0.00554054989958	0.00275296073135	0.00323775884757	0.0140972366507	0.00770829004779	3.11655931851e-05	0.00153403975345	0.00625043285546	0.0545432509177	6.92568737447e-06	0.000252787589168	4.15541242468e-05	0	1.03885310617e-05	0	6.92568737447e-06	4.15541242468e-05	3.46284368724e-06	0.000232010527045	6.92568737447e-06	3.11655931851e-05	3.46284368724e-06	2.42399058107e-05	0	3.46284368724e-06	5.19426553085e-05	2.07770621234e-05	0	2.07770621234e-05	1.73142184362e-05	2.42399058107e-05	0.000232010527045	5.19426553085e-05	0.000152365122238	7.61825611192e-05	4.15541242468e-05	0.000114273841679	3.11655931851e-05	0	3.80912805596e-05	0	0	0	4.50169679341e-05	0.0107763695547	0.00518733984348	0.0229725050211	0.00784334095159	0.000380912805596	0.0012466237274	0.000232010527045	0.000138513747489	8.31082484937e-05	7.2719717432e-05	3.11655931851e-05	2.07770621234e-05	1.38513747489e-05	6.92568737447e-06
0	0	0	0	0	0	0	6.92568737447e-06	0	3.46284368724e-05	0	0	0	0	0	0	6.92568737447e-06	0	0	0	0	6.92568737447e-06	1.03885310617e-05	6.92568737447e-06	1.03885310617e-05	0	0	0	6.92568737447e-06	0	6.92568737447e-06	0	0	3.46284368724e-06	6.92568737447e-06	0.0107348154304	0	3.46284368724e-06	0	2.77027494979e-05	6.92568737447e-06	0.00112196135466	0.00344206662511	0.00227508830251	0.000141976591177	0.000439781148279	0	0.000190456402798	0	0.00370524274534	0.000197382090172	6.57940300575e-05	0	0	0	7.96454048064e-05	6.92568737447e-05	5.54054989958e-05	3.46284368724e-05	0.000505575178336	0	0	1.03885310617e-05	0.000228547683358	0.00308193088164	0.000900339358681	0	6.92568737447e-06	0.000114273841679	0.000159290809613	3.46284368724e-06	0	0	0	0	0	0	0.000304730244477	2.42399058107e-05	0.000190456402798	8.31082484937e-05	0.000768751298566	5.8868342683e-05	0
0	0.00273218366923	0.000945356326615	0	0	0	0	0	0	3.46284368724e-06	0	0.000145439434864	0	0.000114273841679	0	0	2.42399058107e-05	0.000367061430847	1.73142184362e-05	0.000266638963917	0	4.50169679341e-05	0.000266638963917	0.000256250432855	6.92568737447e-06	0.000273564651292	0.001627536533	0.00141630306808	1.38513747489e-05	1.03885310617e-05	2.07770621234e-05	6.92568737447e-06	0	0	0.000252787589168	0	0.0178128679271	0.00138167463121	0	0	0	3.46284368724e-06	1.03885310617e-05	0	4.50169679341e-05	0	0.000322044462913	0	0.000176605028049	0	6.92568737447e-06	0.000536740771522	0.00121199529053	6.23311863702e-05	0.0006510146132	0	0.000252787589168	0.00317889050488	0.0010319274188	4.50169679341e-05	0.00163099937669	0.00195996952698	0.00941200914191	2.42399058107e-05	0	0.000128125216428	3.46284368724e-06	0	1.03885310617e-05	0.000585220583143	9.69596232426e-05	0.000207770621234	0.000169679340675	9.00339358681e-05	3.46284368724e-06	0	0	0.00046402105409	0.00226816261514	0.000723734330632	0.000242399058107	3.11655931851e-05	2.77027494979e-05	1.73142184362e-05
0	0.000242399058107	7.96454048064e-05	0	0	0	0	3.46284368724e-06	0	6.92568737447e-06	3.46284368724e-06	1.03885310617e-05	0	6.92568737447e-06	0	0	0	1.73142184362e-05	0	2.07770621234e-05	0	3.46284368724e-06	4.84798116213e-05	2.42399058107e-05	3.46284368724e-06	1.03885310617e-05	9.00339358681e-05	8.31082484937e-05	3.46284368724e-06	6.92568737447e-06	6.92568737447e-06	0	0	0	4.15541242468e-05	3.46284368724e-06	0.00138167463121	0.019142599903	0	0	0	1.03885310617e-05	9.00339358681e-05	1.38513747489e-05	3.46284368724e-05	3.46284368724e-06	5.54054989958e-05	3.46284368724e-06	1.38513747489e-05	6.92568737447e-06	1.03885310617e-05	0.000730660018007	0.00186993559111	1.73142184362e-05	0.00022508483967	0	0.000931504951866	0.00144400581758	0.00612577048272	6.92568737447e-05	2.77027494979e-05	0.0023339566452	0.00608075351479	0.000103885310617	1.03885310617e-05	0.000290878869728	0	0	3.46284368724e-06	0.00114273841679	2.77027494979e-05	1.73142184362e-05	2.77027494979e-05	1.38513747489e-05	3.46284368724e-06	0	0	0.000997298981924	0.00161368515825	0.00121199529053	0.000509038022024	0.000110810997992	8.31082484937e-05	1.03885310617e-05
0	0	0	0	0	0	0	0	0	0	0	0	0	0	0	0	0	0	0	0	0	0	0	0	0	0	0	0	0	0	0	0	0	0	0	0	0	0	0	0	0	0	0	0	0	0	0	0	0	0	0	0	0	0	0	0	0	0	0	0	0	0	0	0	0	0	0	0	0	0	0	0	0	0	0	0	0	0	0	0	0	0	0	0
3.46284368724e-06	0	0	0	0.00102153888773	0	3.46284368724e-06	3.11655931851e-05	0	6.23311863702e-05	5.8868342683e-05	0	0.000159290809613	0	6.92568737447e-06	0	0	0	0	0	0.00130549207009	0	3.46284368724e-06	3.46284368724e-06	0.000110810997992	0	0	0	0.000470946741464	6.92568737447e-06	6.92568737447e-06	0	0	0	1.03885310617e-05	2.77027494979e-05	0	0	0	0.0174215665905	0	0.000741048549068	0.00113234988573	0.000214696308609	0.000637163238451	0.00654823741256	0	0.00241360205	0	4.84798116213e-05	3.46284368724e-05	2.07770621234e-05	0	0	0	0.00859824087541	1.38513747489e-05	2.77027494979e-05	1.03885310617e-05	0.0050453632523	0	0	0	0.00613962185747	2.07770621234e-05	5.19426553085e-05	0	0	0	3.46284368724e-05	6.92568737447e-06	3.46284368724e-06	3.46284368724e-06	3.46284368724e-06	6.92568737447e-06	0	0	3.80912805596e-05	1.03885310617e-05	6.92568737447e-06	3.46284368724e-06	9.69596232426e-05	3.46284368724e-06	0
0	0	0	0	0	0	0	0	0	0	0	0	0	0	0	0	0	0	0	0	0	0	0	0	0	0	0	0	0	0	0	0	0	0	0	6.92568737447e-06	0	0	0	0	0.00260059560911	0.00118082969735	3.46284368724e-06	0.000838008172311	0	0	0	0	0	6.57940300575e-05	0.000408615555094	0	0	0	3.46284368724e-06	0	0	3.46284368724e-06	0	3.46284368724e-06	0	0	3.46284368724e-06	0	9.00339358681e-05	3.46284368724e-06	0	0.000245861901794	0	8.31082484937e-05	0	0	0	0	0	0	0	3.46284368724e-06	0	3.46284368724e-05	6.92568737447e-06	8.65710921809e-05	0.000391301336658	0
0	3.46284368724e-06	0	0	3.11655931851e-05	0	0	6.92568737447e-06	0	1.73142184362e-05	3.46284368724e-06	0	0	0	0	0	0	0	0	0	2.77027494979e-05	0	0	0	1.38513747489e-05	0	0	3.46284368724e-06	6.92568737447e-06	0	0	0	0	3.46284368724e-06	6.92568737447e-06	0.00112196135466	3.46284368724e-06	1.03885310617e-05	0	0.000741048549068	0.00118082969735	0.0433028603089	0.00350786065517	0.0197485975483	0.00026317612023	0.0093600664866	3.46284368724e-05	0.0100283953182	0	0.00470254172727	0.00299189694577	7.96454048064e-05	6.92568737447e-06	0	6.92568737447e-06	0.00178336449893	7.2719717432e-05	6.92568737447e-05	5.8868342683e-05	0.00157213103401	3.46284368724e-06	3.46284368724e-06	1.03885310617e-05	0.000747974236443	0.00177643881155	0.000228547683358	0	0.000578294895768	3.80912805596e-05	0.00112888704204	1.03885310617e-05	0	1.03885310617e-05	6.92568737447e-06	0	0	0	0.000623311863702	8.31082484937e-05	0.00112542419835	0.000287416026041	0.00430085185955	0.00124316088372	0
6.92568737447e-06	3.46284368724e-06	1.38513747489e-05	0	3.46284368724e-05	0	0	7.96454048064e-05	0	0.000283953182353	1.03885310617e-05	0	3.46284368724e-06	0	3.46284368724e-06	0	6.92568737447e-06	0	0	0	2.77027494979e-05	2.42399058107e-05	7.2719717432e-05	4.50169679341e-05	7.61825611192e-05	0	0	1.03885310617e-05	0.000110810997992	2.77027494979e-05	4.84798116213e-05	0	0	1.73142184362e-05	4.15541242468e-05	0.00344206662511	1.03885310617e-05	9.00339358681e-05	0	0.00113234988573	3.46284368724e-06	0.00350786065517	0.0507722141423	0.00609114204585	0.00190802687167	0.00818962532031	3.46284368724e-06	0.00112542419835	6.92568737447e-06	0.00500380912806	0.000277027494979	0.00173142184362	2.42399058107e-05	0	3.46284368724e-06	0.00104924163723	0.00150287416026	0.00109079576148	0.00110118429254	0.009820624697	3.46284368724e-06	1.73142184362e-05	0.00012466237274	0.0158355841817	0.000723734330632	0.00826580788143	0	0	9.69596232426e-05	0.00131588060115	3.80912805596e-05	6.92568737447e-06	1.38513747489e-05	3.46284368724e-06	1.73142184362e-05	0	0	0.00139206316227	0.000297804557102	0.000675254519011	0.000259713276543	0.00118775538472	8.31082484937e-05	0
