0.0237821478372	2.79584397793e-05	0.000332006472379	0	0.000496262306082	4.54324646413e-05	0.000429861011606	0.00995320456142	0.00491719059618	0.00224016998731	0.00385127507959	0.000359964912158	0.000255120762986	3.84428546965e-05	0.0148948587924	3.14532447517e-05	9.08649292826e-05	0.000380933741993	3.49480497241e-05	0.000195709078455	0.0014817973083	0.000985535002219	0.000262110372931	0.00126162459504	0.00273992709837	3.49480497241e-06	0.000321522057462	0.00029006881271	0.00457120490391	0.0114944135543	0.00569653210503	0	2.79584397793e-05	0.000300553227627	0.00377089456523	0.0001013493442	5.59168795585e-05	3.49480497241e-06	0	0.000115328564089	6.98960994482e-06	0.000104844149172	0.000234151933151	0.000178235053593	0.00106941032156	0.000132802588952	3.14532447517e-05	3.14532447517e-05	6.98960994482e-06	0.000230657128179	6.98960994482e-06	0.000115328564089	3.49480497241e-06	6.98960994482e-06	6.98960994482e-06	9.08649292826e-05	4.19376596689e-05	0.000160761028731	8.73701243102e-05	0.000698960994482	2.09688298345e-05	3.14532447517e-05	8.73701243102e-05	0.00037743893702	0.000216677908289	0.000237646738124	0	3.49480497241e-06	5.24220745861e-05	0.000286574007737	0.00147131289338	0.000248131153041	0.00255470243483	0.000664012944758	0.000136297393924	4.89272696137e-05	1.04844149172e-05	8.73701243102e-05	2.44636348069e-05	0.000171245443648	5.24220745861e-05	4.19376596689e-05	1.7474024862e-05	3.49480497241e-06
2.79584397793e-05	0.00908299812329	0.00131055186465	0	6.98960994482e-06	0	1.04844149172e-05	8.03805143654e-05	2.79584397793e-05	0.00134549991438	1.39792198896e-05	0.000143287003869	6.98960994482e-06	0.000387923351937	2.79584397793e-05	3.49480497241e-06	0.000241141543096	0.000622075285089	5.59168795585e-05	0.000181729858565	6.98960994482e-06	5.24220745861e-05	0.00243587906577	0.000597611650282	0.00114629603095	0.000443840231496	0.00137345835416	0.00380933741993	0.000206193493372	4.19376596689e-05	7.6885709393e-05	0	0	6.98960994482e-06	0.0002026986884	1.39792198896e-05	0.00350179458235	0.000230657128179	0	3.49480497241e-06	0	0	1.39792198896e-05	0	7.6885709393e-05	3.49480497241e-06	0.000146781808841	6.98960994482e-06	0.000293563617682	1.7474024862e-05	0	3.49480497241e-05	0.00017474024862	9.08649292826e-05	0.000136297393924	6.98960994482e-06	1.39792198896e-05	0.000213183103317	6.98960994482e-05	6.64012944758e-05	0.00103446227183	0.000646538919896	0.00297058422655	2.09688298345e-05	1.39792198896e-05	3.14532447517e-05	7.6885709393e-05	0	0	5.24220745861e-05	0.000332006472379	0.000216677908289	0.000153771418786	3.84428546965e-05	1.04844149172e-05	0	6.98960994482e-06	9.4359734255e-05	0.000146781808841	5.24220745861e-05	3.49480497241e-05	0	1.39792198896e-05	2.09688298345e-05
0.000332006472379	0.00131055186465	0.0378906755109	0	2.09688298345e-05	3.49480497241e-06	0.0001013493442	0.0012790986199	0.000311037642544	0.000426366206634	0.000286574007737	0.000297058422655	1.7474024862e-05	4.89272696137e-05	0.00039141815691	3.49480497241e-06	0.000726919434261	0.0127455537344	7.6885709393e-05	0.000709445409399	2.44636348069e-05	0.00184525702543	0.000975050587302	0.0116237213382	0.00076885709393	2.09688298345e-05	0.00856926179235	0.0157475912057	0.00118473888565	0.000227162323207	0.00173691807129	0	3.49480497241e-06	2.44636348069e-05	0.00218774791273	3.14532447517e-05	0.00680438528128	0.000807299948626	0	3.49480497241e-06	0	1.04844149172e-05	2.09688298345e-05	1.7474024862e-05	8.03805143654e-05	3.49480497241e-06	4.89272696137e-05	0	4.19376596689e-05	5.24220745861e-05	0	0.000157266223758	0.000922628512716	5.94116845309e-05	0.000989029807192	6.98960994482e-06	9.78545392274e-05	0.000307542837572	0.00049276750111	7.33909044206e-05	0.000297058422655	0.00200601805416	0.00650732685862	5.24220745861e-05	3.84428546965e-05	9.4359734255e-05	1.04844149172e-05	0	6.98960994482e-06	0.000248131153041	0.0037359465155	0.00228560245196	0.00183826741549	0.000485777891165	4.19376596689e-05	3.49480497241e-06	6.98960994482e-06	0.000349480497241	0.000779341508847	0.000283079202765	0.000150276613814	2.09688298345e-05	1.7474024862e-05	1.7474024862e-05
0	0	0	0	0	0	0	0	0	0	0	0	0	0	0	0	0	0	0	0	0	0	0	0	0	0	0	0	0	0	0	0	0	0	0	0	0	0	0	0	0	0	0	0	0	0	0	0	0	0	0	0	0	0	0	0	0	0	0	0	0	0	0	0	0	0	0	0	0	0	0	0	0	0	0	0	0	0	0	0	0	0	0	0
0.000496262306082	6.98960994482e-06	2.09688298345e-05	0	0.0135738225128	3.49480497241e-06	0.000475293476248	0.000922628512716	0.000751383069068	0.000629064895034	0.00377089456523	3.14532447517e-05	0.00210736739836	6.98960994482e-06	0.000660518139785	3.14532447517e-05	0	3.49480497241e-06	3.49480497241e-06	6.98960994482e-06	0.00868808516141	2.44636348069e-05	3.49480497241e-05	3.14532447517e-05	0.00247082711549	0	2.79584397793e-05	2.09688298345e-05	0.00337947640832	0.000625570090061	7.6885709393e-05	0	3.49480497241e-06	4.19376596689e-05	0.000527715550834	1.04844149172e-05	6.98960994482e-06	0	0	0.000258615567958	0	3.49480497241e-05	2.79584397793e-05	4.19376596689e-05	0.000129307783979	0.000125812979007	0	3.14532447517e-05	0	2.44636348069e-05	1.39792198896e-05	2.09688298345e-05	0	0	3.49480497241e-06	0.000185224663538	0	1.04844149172e-05	3.49480497241e-06	0.000335501277351	6.98960994482e-06	3.49480497241e-06	6.98960994482e-06	0.000108338954145	3.49480497241e-05	1.39792198896e-05	0	0	1.04844149172e-05	4.19376596689e-05	0.000251625958013	1.39792198896e-05	0.000384428546965	0.000143287003869	9.78545392274e-05	1.39792198896e-05	0	4.19376596689e-05	1.04844149172e-05	2.44636348069e-05	1.04844149172e-05	3.49480497241e-05	3.49480497241e-06	0
4.54324646413e-05	0	3.49480497241e-06	0	3.49480497241e-06	0.00311037642544	0.00152722977294	0.000111833759117	0.00119522330056	4.89272696137e-05	0.000234151933151	6.98960994482e-06	0.000122318174034	3.49480497241e-06	0.000332006472379	0.000332006472379	0	3.49480497241e-06	0	0	6.98960994482e-05	1.7474024862e-05	0	6.98960994482e-06	1.7474024862e-05	0	0	0	4.54324646413e-05	0.000181729858565	2.79584397793e-05	0	0.000933112927633	6.98960994482e-06	0.000269099982875	0	0	0	0	0	0	3.49480497241e-06	3.49480497241e-06	3.49480497241e-06	6.98960994482e-06	3.49480497241e-06	0	6.98960994482e-06	0	0	0	0	0	0	0	3.49480497241e-06	0	0	3.49480497241e-06	6.98960994482e-06	0	0	3.49480497241e-06	3.49480497241e-06	0	0	0	0	0	0	0.000104844149172	2.09688298345e-05	0.000167750638676	0.000118823369062	0.000429861011606	0.000751383069068	3.49480497241e-06	3.49480497241e-06	0	6.98960994482e-06	0	3.49480497241e-06	0	3.49480497241e-06
0.000429861011606	1.04844149172e-05	0.0001013493442	0	0.000475293476248	0.00152722977294	0.0302615162561	0.00395961403374	0.0122737550631	0.000380933741993	0.0151429899454	0.000178235053593	0.00827569817466	4.54324646413e-05	0.00252324919008	0.00047878828122	1.7474024862e-05	9.08649292826e-05	1.7474024862e-05	5.94116845309e-05	0.00250228036024	0.000199203883427	4.19376596689e-05	0.000286574007737	0.000684981774592	2.09688298345e-05	0.000122318174034	7.6885709393e-05	0.00292165695693	0.00167051677681	0.000496262306082	0	0.000394912961882	5.59168795585e-05	0.00142238562377	0	1.04844149172e-05	0	0	3.84428546965e-05	0	2.44636348069e-05	2.79584397793e-05	2.09688298345e-05	8.38753193378e-05	3.84428546965e-05	1.04844149172e-05	1.7474024862e-05	6.98960994482e-06	2.09688298345e-05	3.49480497241e-06	6.98960994482e-06	3.49480497241e-06	6.98960994482e-06	1.04844149172e-05	3.84428546965e-05	3.49480497241e-06	1.39792198896e-05	1.7474024862e-05	0.000122318174034	6.98960994482e-06	1.7474024862e-05	1.7474024862e-05	4.89272696137e-05	2.09688298345e-05	1.39792198896e-05	0	0	3.49480497241e-06	1.04844149172e-05	0.00112532720112	0.000209688298345	0.00159363106742	0.000590622040337	0.00167051677681	0.000216677908289	3.49480497241e-06	2.09688298345e-05	3.49480497241e-06	2.79584397793e-05	1.39792198896e-05	6.98960994482e-06	0	0
0.00995320456142	8.03805143654e-05	0.0012790986199	0	0.000922628512716	0.000111833759117	0.00395961403374	0.0574790573812	0.00885583580008	0.00347383614257	0.0156043042018	0.000373944132048	0.000898164877909	4.19376596689e-05	0.0109911616382	0.000108338954145	0.000209688298345	0.00163556872709	5.94116845309e-05	0.000387923351937	0.0015831466525	0.00450130880446	0.000401902571827	0.00532608277795	0.00595514767298	1.7474024862e-05	0.000950586952495	0.000926123317688	0.0225589660969	0.00520376460392	0.0182498715659	0	5.94116845309e-05	0.000461314256358	0.00587826196359	0.0001013493442	0.000181729858565	4.89272696137e-05	0	0.000318027252489	0	0.000181729858565	0.000328511667406	0.000251625958013	0.00146781808841	0.00029006881271	2.09688298345e-05	0.000104844149172	6.98960994482e-06	0.000279584397793	1.04844149172e-05	0.000146781808841	3.14532447517e-05	6.98960994482e-06	3.14532447517e-05	0.000234151933151	5.94116845309e-05	0.000213183103317	0.000209688298345	0.00130006744974	3.84428546965e-05	9.4359734255e-05	0.000251625958013	0.000677992164647	0.000307542837572	0.000307542837572	0	6.98960994482e-06	6.29064895034e-05	0.000366954522103	0.00297058422655	0.000485777891165	0.00416231272214	0.00125114018012	0.000307542837572	9.78545392274e-05	6.98960994482e-06	0.000255120762986	5.94116845309e-05	0.000293563617682	0.000115328564089	9.08649292826e-05	3.14532447517e-05	3.49480497241e-06
0.00491719059618	2.79584397793e-05	0.000311037642544	0	0.000751383069068	0.00119522330056	0.0122737550631	0.00885583580008	0.0413260687987	0.00132453108454	0.0147201185438	0.000671002554702	0.00328861147904	0.000111833759117	0.014566347125	0.000136297393924	7.6885709393e-05	0.000307542837572	4.89272696137e-05	0.000237646738124	0.00346684653263	0.00085622721824	0.000160761028731	0.00113231681106	0.00200252324919	2.09688298345e-05	0.000307542837572	0.000230657128179	0.00493466462104	0.00475293476248	0.00267702060886	6.98960994482e-06	0.00066750774973	0.000146781808841	0.00376739976026	6.64012944758e-05	6.29064895034e-05	1.04844149172e-05	0	0.000122318174034	0	4.89272696137e-05	0.000136297393924	0.000104844149172	0.000562663600558	0.0001013493442	1.39792198896e-05	4.19376596689e-05	1.04844149172e-05	0.000136297393924	3.49480497241e-06	8.03805143654e-05	6.98960994482e-06	0	3.49480497241e-06	9.4359734255e-05	2.44636348069e-05	8.73701243102e-05	7.6885709393e-05	0.000524220745861	2.79584397793e-05	3.49480497241e-05	9.08649292826e-05	0.000262110372931	0.000111833759117	8.73701243102e-05	3.49480497241e-06	0	2.09688298345e-05	0.000132802588952	0.00192214273482	0.000398407766855	0.00374293612545	0.00129307783979	0.00136996354918	0.000412386986744	3.14532447517e-05	9.78545392274e-05	2.09688298345e-05	0.000104844149172	5.24220745861e-05	3.49480497241e-05	3.49480497241e-06	6.98960994482e-06
0.00224016998731	0.00134549991438	0.000426366206634	0	0.000629064895034	4.89272696137e-05	0.000380933741993	0.00347383614257	0.00132453108454	0.0350738627031	0.0010763999315	0.000185224663538	0.00197107000444	0.000129307783979	0.00214231544809	0.00111134798123	0.000831763583433	0.000293563617682	1.7474024862e-05	0.000118823369062	0.000859722023212	0.000611590870171	0.00604601260227	0.000922628512716	0.0183966533748	5.94116845309e-05	0.000520725940889	0.00118124408067	0.00844694361831	0.00299155305638	0.00233802452654	0	2.79584397793e-05	0.000349480497241	0.00178235053593	0.000643044114923	0.000286574007737	0.000108338954145	0	0.00121269732543	2.09688298345e-05	0.000583632430392	0.00172643365637	0.000919133707743	0.00946742667025	0.000936607732605	0.000111833759117	0.000279584397793	1.04844149172e-05	0.00125463498509	7.6885709393e-05	0.001646053142	9.78545392274e-05	1.7474024862e-05	4.19376596689e-05	0.000779341508847	0.000300553227627	0.00169148560665	0.000548684380668	0.00625570090061	5.59168795585e-05	7.6885709393e-05	0.000325016862434	0.00325366342931	0.00130705705968	0.0018487518304	1.39792198896e-05	2.09688298345e-05	0.000332006472379	0.00177186612101	0.00334452835859	0.000447335036468	0.00137695315913	0.000440345426523	0.00115678044587	5.59168795585e-05	3.49480497241e-06	0.00110435837128	0.000146781808841	0.00108338954145	0.000335501277351	0.000415881791717	8.38753193378e-05	1.04844149172e-05
0.00385127507959	1.39792198896e-05	0.000286574007737	0	0.00377089456523	0.000234151933151	0.0151429899454	0.0156043042018	0.0147201185438	0.0010763999315	0.0563921730348	0.000618580480116	0.00935559291114	9.78545392274e-05	0.00894670072937	5.24220745861e-05	5.94116845309e-05	0.00027608959282	5.59168795585e-05	0.000258615567958	0.0123156927228	0.000765362288957	7.6885709393e-05	0.000961071367412	0.00213183103317	3.49480497241e-05	0.000321522057462	0.000192214273482	0.00969808379843	0.00517231135916	0.00194311156466	0	0.000115328564089	0.000118823369062	0.00430210492103	2.44636348069e-05	3.49480497241e-05	3.49480497241e-06	0	0.000181729858565	0	5.24220745861e-05	6.64012944758e-05	7.33909044206e-05	0.000311037642544	0.000146781808841	1.39792198896e-05	6.29064895034e-05	1.7474024862e-05	6.64012944758e-05	3.49480497241e-06	4.89272696137e-05	3.49480497241e-06	6.98960994482e-06	1.04844149172e-05	0.000150276613814	3.49480497241e-06	5.24220745861e-05	4.89272696137e-05	0.000545189575696	2.79584397793e-05	3.84428546965e-05	4.89272696137e-05	0.000234151933151	5.59168795585e-05	4.89272696137e-05	3.49480497241e-06	0	1.39792198896e-05	5.59168795585e-05	0.00195709078455	0.000349480497241	0.00349480497241	0.000859722023212	0.000786331118792	0.000181729858565	1.7474024862e-05	9.4359734255e-05	2.09688298345e-05	5.59168795585e-05	2.09688298345e-05	4.19376596689e-05	1.04844149172e-05	3.49480497241e-06
0.000359964912158	0.000143287003869	0.000297058422655	0	3.14532447517e-05	6.98960994482e-06	0.000178235053593	0.000373944132048	0.000671002554702	0.000185224663538	0.000618580480116	0.0285071241599	0.000234151933151	0.00413784908733	0.00087020643813	3.49480497241e-06	5.94116845309e-05	0.00130006744974	0.00263158814422	0.0115083927741	0.000300553227627	0.000325016862434	0.000115328564089	0.000643044114923	0.000167750638676	0.00109037915139	0.00821279168516	0.0021912427177	0.000311037642544	0.00205844012875	0.0003040480326	0.000125812979007	5.59168795585e-05	6.98960994482e-05	0.00956178640451	3.49480497241e-06	0.000482283086192	2.09688298345e-05	0	1.04844149172e-05	0	6.98960994482e-06	1.7474024862e-05	2.09688298345e-05	4.19376596689e-05	3.49480497241e-06	0.000555673990613	3.49480497241e-06	0.000817784363544	2.79584397793e-05	0	1.39792198896e-05	1.04844149172e-05	0.0002026986884	0.000146781808841	3.49480497241e-06	6.98960994482e-06	3.49480497241e-05	4.19376596689e-05	3.14532447517e-05	0.00143287003869	0.000835258388406	0.00113581161603	2.44636348069e-05	1.7474024862e-05	3.49480497241e-06	0.0003040480326	3.49480497241e-06	3.49480497241e-06	4.19376596689e-05	0.00275740112323	0.00559168795585	0.00930317083655	0.00107989473647	6.98960994482e-05	4.89272696137e-05	0.000307542837572	0.000185224663538	0.000192214273482	3.84428546965e-05	1.04844149172e-05	3.49480497241e-06	0	3.14532447517e-05
0.000255120762986	6.98960994482e-06	1.7474024862e-05	0	0.00210736739836	0.000122318174034	0.00827569817466	0.000898164877909	0.00328861147904	0.00197107000444	0.00935559291114	0.000234151933151	0.0283638371561	2.44636348069e-05	0.00140840640388	0.00150975574808	1.04844149172e-05	3.14532447517e-05	2.79584397793e-05	8.03805143654e-05	0.00976448509291	4.54324646413e-05	3.84428546965e-05	7.33909044206e-05	0.00239044660113	1.39792198896e-05	9.4359734255e-05	2.09688298345e-05	0.00128958303482	0.00145733367349	9.08649292826e-05	0	5.24220745861e-05	3.84428546965e-05	0.00133851030443	3.49480497241e-06	1.39792198896e-05	6.98960994482e-06	0	3.84428546965e-05	0	1.7474024862e-05	1.04844149172e-05	1.39792198896e-05	5.59168795585e-05	2.79584397793e-05	6.98960994482e-06	0.000241141543096	3.49480497241e-06	1.04844149172e-05	3.49480497241e-06	6.98960994482e-06	0	0	3.49480497241e-06	0.000125812979007	0	1.04844149172e-05	6.98960994482e-06	6.64012944758e-05	0	6.98960994482e-06	1.04844149172e-05	3.14532447517e-05	1.04844149172e-05	1.39792198896e-05	0	0	0	2.09688298345e-05	0.000629064895034	0.000111833759117	0.00111134798123	0.00027608959282	0.000733909044206	6.29064895034e-05	0	2.44636348069e-05	0	2.79584397793e-05	1.04844149172e-05	1.39792198896e-05	3.49480497241e-06	0
3.84428546965e-05	0.000387923351937	4.89272696137e-05	0	6.98960994482e-06	3.49480497241e-06	4.54324646413e-05	4.19376596689e-05	0.000111833759117	0.000129307783979	9.78545392274e-05	0.00413784908733	2.44636348069e-05	0.0154645120029	0.000160761028731	0	2.09688298345e-05	8.38753193378e-05	0.000279584397793	0.000527715550834	4.89272696137e-05	2.44636348069e-05	0.00018871946851	5.24220745861e-05	0.000108338954145	0.00338996082324	0.00475642956745	0.00346684653263	4.19376596689e-05	0.000335501277351	6.98960994482e-06	9.4359734255e-05	1.39792198896e-05	6.98960994482e-06	0.000915638902771	0	0.000387923351937	0	0	6.98960994482e-06	0	3.49480497241e-06	3.49480497241e-06	3.49480497241e-06	0	3.49480497241e-06	0.00106941032156	3.49480497241e-06	0.0017474024862	1.04844149172e-05	0	6.98960994482e-06	1.04844149172e-05	0.000255120762986	8.73701243102e-05	3.49480497241e-06	3.49480497241e-06	1.04844149172e-05	3.49480497241e-06	1.04844149172e-05	0.00191165831991	0.000999514222109	0.00117075966576	1.39792198896e-05	2.79584397793e-05	3.49480497241e-06	0.000454324646413	3.49480497241e-06	0	6.98960994482e-05	0.000153771418786	0.00377089456523	0.00167401158178	7.6885709393e-05	2.09688298345e-05	3.49480497241e-06	0.000513736330944	3.14532447517e-05	0.000244636348069	6.98960994482e-05	3.49480497241e-06	0	0	3.49480497241e-05
0.0148948587924	2.79584397793e-05	0.00039141815691	0	0.000660518139785	0.000332006472379	0.00252324919008	0.0109911616382	0.014566347125	0.00214231544809	0.00894670072937	0.00087020643813	0.00140840640388	0.000160761028731	0.0403824714562	8.03805143654e-05	0.000111833759117	0.000485777891165	4.89272696137e-05	0.000307542837572	0.00250228036024	0.0011777492757	0.00027608959282	0.00150276613814	0.00306144915583	3.14532447517e-05	0.000496262306082	0.000342490887296	0.00542044251221	0.0173307378582	0.00457819451386	0	0.000450829841441	0.000664012944758	0.00572798534978	0.0001013493442	7.33909044206e-05	6.98960994482e-06	0	0.000157266223758	1.39792198896e-05	9.4359734255e-05	0.000213183103317	0.000171245443648	0.000922628512716	0.000129307783979	3.84428546965e-05	3.49480497241e-05	1.39792198896e-05	0.0002026986884	6.98960994482e-06	0.000139792198896	6.98960994482e-06	0	3.49480497241e-06	9.08649292826e-05	4.54324646413e-05	0.000143287003869	9.78545392274e-05	0.000716435019344	3.14532447517e-05	3.14532447517e-05	9.08649292826e-05	0.000426366206634	0.000199203883427	0.000206193493372	1.7474024862e-05	0	3.49480497241e-05	0.000237646738124	0.00200951285913	0.000422871401661	0.00436850621551	0.0011777492757	0.000709445409399	0.000370449327075	2.79584397793e-05	0.000118823369062	1.7474024862e-05	0.000178235053593	5.24220745861e-05	5.24220745861e-05	1.7474024862e-05	1.04844149172e-05
3.14532447517e-05	3.49480497241e-06	3.49480497241e-06	0	3.14532447517e-05	0.000332006472379	0.00047878828122	0.000108338954145	0.000136297393924	0.00111134798123	5.24220745861e-05	3.49480497241e-06	0.00150975574808	0	8.03805143654e-05	0.00357868029175	3.49480497241e-06	3.49480497241e-06	0	0	3.14532447517e-05	6.98960994482e-06	3.49480497241e-05	3.49480497241e-06	0.000632559700006	0	0	3.49480497241e-06	0.000216677908289	7.33909044206e-05	1.7474024862e-05	0	1.7474024862e-05	1.04844149172e-05	3.14532447517e-05	0	6.98960994482e-06	3.49480497241e-06	0	0	0	3.49480497241e-06	6.98960994482e-06	0	1.7474024862e-05	0	3.49480497241e-06	3.49480497241e-06	0	0	0	6.98960994482e-06	0	0	3.49480497241e-06	3.49480497241e-06	0	6.98960994482e-06	3.49480497241e-06	1.04844149172e-05	0	0	6.98960994482e-06	1.04844149172e-05	6.98960994482e-06	0	0	0	0	3.49480497241e-06	4.19376596689e-05	3.49480497241e-06	1.39792198896e-05	3.49480497241e-06	0.00133851030443	2.09688298345e-05	0	3.49480497241e-06	3.49480497241e-06	6.98960994482e-06	1.04844149172e-05	3.49480497241e-06	0	0
9.08649292826e-05	0.000241141543096	0.000726919434261	0	0	0	1.7474024862e-05	0.000209688298345	7.6885709393e-05	0.000831763583433	5.94116845309e-05	5.94116845309e-05	1.04844149172e-05	2.09688298345e-05	0.000111833759117	3.49480497241e-06	0.0204655779184	0.000422871401661	1.04844149172e-05	9.78545392274e-05	6.98960994482e-06	0.00214231544809	0.00883137216528	0.00708396967907	0.00804504104648	1.04844149172e-05	0.000426366206634	0.00644791517409	0.0037114828807	0.000171245443648	0.000650033724868	0	3.49480497241e-06	5.24220745861e-05	0.000992524612164	2.79584397793e-05	0.00027608959282	0.000115328564089	0	0	3.49480497241e-06	6.98960994482e-06	2.79584397793e-05	3.14532447517e-05	0.000283079202765	1.39792198896e-05	3.49480497241e-06	0	3.49480497241e-06	2.79584397793e-05	0	0.00119172849559	3.84428546965e-05	0	2.09688298345e-05	3.49480497241e-06	0.000482283086192	0.0027364322934	0.00153771418786	0.0003040480326	2.79584397793e-05	6.29064895034e-05	0.000562663600558	0.000394912961882	5.59168795585e-05	0.000216677908289	0	0	3.49480497241e-05	0.000115328564089	0.00226113881715	0.000597611650282	0.000831763583433	0.000223667518234	1.7474024862e-05	1.04844149172e-05	3.49480497241e-06	0.000136297393924	6.98960994482e-05	0.000111833759117	7.6885709393e-05	1.7474024862e-05	1.7474024862e-05	0
0.000380933741993	0.000622075285089	0.0127455537344	0	3.49480497241e-06	3.49480497241e-06	9.08649292826e-05	0.00163556872709	0.000307542837572	0.000293563617682	0.00027608959282	0.00130006744974	3.14532447517e-05	8.38753193378e-05	0.000485777891165	3.49480497241e-06	0.000422871401661	0.0370134794628	0.00018871946851	0.00673448918183	3.84428546965e-05	0.00233452972157	0.00068148696962	0.0140945484537	0.00046480906133	3.84428546965e-05	0.0119836862504	0.00776545664869	0.000821279168516	0.000384428546965	0.00287971929726	0	6.98960994482e-06	6.64012944758e-05	0.00635705024481	1.39792198896e-05	0.00318376732986	0.000300553227627	0	0	0	6.98960994482e-06	6.98960994482e-06	1.04844149172e-05	4.89272696137e-05	0	2.44636348069e-05	0	2.44636348069e-05	1.7474024862e-05	0	5.59168795585e-05	0.00037743893702	5.94116845309e-05	0.000517231135916	3.49480497241e-06	2.79584397793e-05	0.000150276613814	0.000199203883427	4.19376596689e-05	0.000387923351937	0.00120570771548	0.00313833486522	2.79584397793e-05	2.09688298345e-05	4.54324646413e-05	6.98960994482e-06	0	3.49480497241e-06	0.000115328564089	0.00360663873153	0.00213532583814	0.00391767637407	0.00105543110167	5.94116845309e-05	1.39792198896e-05	3.49480497241e-06	0.00018871946851	0.000325016862434	0.000129307783979	7.6885709393e-05	6.98960994482e-06	1.39792198896e-05	3.49480497241e-06
3.49480497241e-05	5.59168795585e-05	7.6885709393e-05	0	3.49480497241e-06	0	1.7474024862e-05	5.94116845309e-05	4.89272696137e-05	1.7474024862e-05	5.59168795585e-05	0.00263158814422	2.79584397793e-05	0.000279584397793	4.89272696137e-05	0	1.04844149172e-05	0.00018871946851	0.00673099437686	0.00282380241771	1.39792198896e-05	4.54324646413e-05	1.7474024862e-05	7.6885709393e-05	6.98960994482e-06	5.94116845309e-05	0.00291466734699	0.000555673990613	1.7474024862e-05	0.000160761028731	5.59168795585e-05	3.49480497241e-06	0	1.39792198896e-05	0.000657023334813	0	0.000318027252489	6.98960994482e-06	0	0	0	0	0	0	6.98960994482e-06	0	8.38753193378e-05	0	0.000118823369062	0	0	3.49480497241e-06	1.39792198896e-05	0.000132802588952	0.000108338954145	0	3.49480497241e-06	0	3.49480497241e-06	6.98960994482e-06	0.000800310338682	0.000380933741993	0.000698960994482	3.49480497241e-06	3.49480497241e-06	0	5.94116845309e-05	0	0	1.7474024862e-05	0.000311037642544	0.000831763583433	0.000849237608295	9.78545392274e-05	3.49480497241e-06	0	1.04844149172e-05	3.14532447517e-05	2.79584397793e-05	1.7474024862e-05	1.04844149172e-05	0	0	3.49480497241e-06
0.000195709078455	0.000181729858565	0.000709445409399	0	6.98960994482e-06	0	5.94116845309e-05	0.000387923351937	0.000237646738124	0.000118823369062	0.000258615567958	0.0115083927741	8.03805143654e-05	0.000527715550834	0.000307542837572	0	9.78545392274e-05	0.00673448918183	0.00282380241771	0.0269169878975	0.000118823369062	0.000457819451386	0.000132802588952	0.00121968693537	0.000167750638676	0.000199203883427	0.0143601536316	0.00338996082324	0.000241141543096	0.00066750774973	0.000555673990613	1.7474024862e-05	1.7474024862e-05	4.54324646413e-05	0.00892573189953	3.49480497241e-06	0.00114979083592	4.89272696137e-05	0	0	0	0	1.7474024862e-05	3.49480497241e-06	2.09688298345e-05	0	8.38753193378e-05	0	0.000132802588952	1.39792198896e-05	0	2.44636348069e-05	3.84428546965e-05	0.000171245443648	0.000237646738124	0	1.7474024862e-05	4.89272696137e-05	5.94116845309e-05	1.39792198896e-05	0.00169498041162	0.000887680462992	0.0018487518304	6.98960994482e-06	6.98960994482e-06	6.98960994482e-06	4.19376596689e-05	0	0	3.49480497241e-05	0.00399456208346	0.00289719332213	0.00681836450117	0.00116726486078	4.89272696137e-05	2.79584397793e-05	2.09688298345e-05	0.000269099982875	0.000115328564089	4.19376596689e-05	2.09688298345e-05	3.49480497241e-06	3.49480497241e-06	3.49480497241e-06
0.0014817973083	6.98960994482e-06	2.44636348069e-05	0	0.00868808516141	6.98960994482e-05	0.00250228036024	0.0015831466525	0.00346684653263	0.000859722023212	0.0123156927228	0.000300553227627	0.00976448509291	4.89272696137e-05	0.00250228036024	3.14532447517e-05	6.98960994482e-06	3.84428546965e-05	1.39792198896e-05	0.000118823369062	0.0263053970273	9.4359734255e-05	3.49480497241e-06	0.000111833759117	0.00244636348069	1.04844149172e-05	0.000150276613814	4.89272696137e-05	0.00429162050612	0.00271546346356	0.000150276613814	0	3.84428546965e-05	4.54324646413e-05	0.00204795571383	1.39792198896e-05	1.7474024862e-05	0	0	0.00018871946851	0	4.54324646413e-05	3.14532447517e-05	5.24220745861e-05	0.000171245443648	0.000139792198896	1.04844149172e-05	3.49480497241e-05	1.7474024862e-05	2.79584397793e-05	6.98960994482e-06	6.98960994482e-06	0	0	0	0.000139792198896	0	3.49480497241e-06	1.04844149172e-05	0.000387923351937	1.39792198896e-05	6.98960994482e-06	1.39792198896e-05	0.000153771418786	2.09688298345e-05	2.09688298345e-05	3.49480497241e-06	3.49480497241e-06	3.49480497241e-06	2.79584397793e-05	0.00109037915139	0.000136297393924	0.00165304275195	0.000447335036468	0.000468303866303	8.38753193378e-05	6.98960994482e-06	9.08649292826e-05	1.39792198896e-05	3.84428546965e-05	1.39792198896e-05	3.84428546965e-05	3.49480497241e-06	3.49480497241e-06
0.000985535002219	5.24220745861e-05	0.00184525702543	0	2.44636348069e-05	1.7474024862e-05	0.000199203883427	0.00450130880446	0.00085622721824	0.000611590870171	0.000765362288957	0.000325016862434	4.54324646413e-05	2.44636348069e-05	0.0011777492757	6.98960994482e-06	0.00214231544809	0.00233452972157	4.54324646413e-05	0.000457819451386	9.4359734255e-05	0.0433845089275	0.00170197002156	0.0241560919693	0.00196408039449	6.98960994482e-06	0.000901659682881	0.00227511803704	0.00876846567577	0.00102048305194	0.0156392522515	0	6.98960994482e-06	0.000185224663538	0.00891524748461	2.79584397793e-05	0.000216677908289	0.000146781808841	0	6.98960994482e-06	0	2.09688298345e-05	7.33909044206e-05	3.49480497241e-05	0.000300553227627	1.39792198896e-05	6.98960994482e-06	0	0	5.59168795585e-05	3.49480497241e-06	0.000657023334813	0.000104844149172	3.49480497241e-06	3.84428546965e-05	6.98960994482e-06	0.000209688298345	0.00131055186465	0.000898164877909	0.000248131153041	3.14532447517e-05	9.78545392274e-05	0.000520725940889	0.000244636348069	4.19376596689e-05	0.000185224663538	0	0	2.09688298345e-05	8.73701243102e-05	0.00628715414536	0.00128259342487	0.00583282949895	0.00156217782267	7.33909044206e-05	3.49480497241e-05	3.49480497241e-06	0.000213183103317	0.000108338954145	0.000139792198896	0.000153771418786	6.29064895034e-05	2.09688298345e-05	6.98960994482e-06
0.000262110372931	0.00243587906577	0.000975050587302	0	3.49480497241e-05	0	4.19376596689e-05	0.000401902571827	0.000160761028731	0.00604601260227	7.6885709393e-05	0.000115328564089	3.84428546965e-05	0.00018871946851	0.00027608959282	3.49480497241e-05	0.00883137216528	0.00068148696962	1.7474024862e-05	0.000132802588952	3.49480497241e-06	0.00170197002156	0.0254177165643	0.0065352852984	0.00811144234096	9.4359734255e-05	0.000866711633157	0.00747189303101	0.00309989201053	0.000265605177903	0.00103795707681	0	0	4.19376596689e-05	0.000597611650282	6.29064895034e-05	0.00129657264476	0.000412386986744	0	1.04844149172e-05	3.49480497241e-06	2.44636348069e-05	0.000118823369062	8.73701243102e-05	0.00110435837128	1.04844149172e-05	1.39792198896e-05	0	1.39792198896e-05	9.4359734255e-05	3.49480497241e-06	0.00313484006025	0.00018871946851	6.98960994482e-06	3.84428546965e-05	6.98960994482e-06	0.00100999863703	0.00772351898902	0.00364158678125	0.00097155578233	9.4359734255e-05	0.000167750638676	0.00230307647682	0.00104145188178	0.000146781808841	0.000541694770723	1.39792198896e-05	0	8.03805143654e-05	0.000293563617682	0.00112183239614	0.000311037642544	0.000440345426523	0.000122318174034	3.14532447517e-05	6.98960994482e-06	0	0.000321522057462	0.000206193493372	0.000230657128179	0.000129307783979	3.84428546965e-05	2.44636348069e-05	3.49480497241e-06
0.00126162459504	0.000597611650282	0.0116237213382	0	3.14532447517e-05	6.98960994482e-06	0.000286574007737	0.00532608277795	0.00113231681106	0.000922628512716	0.000961071367412	0.000643044114923	7.33909044206e-05	5.24220745861e-05	0.00150276613814	3.49480497241e-06	0.00708396967907	0.0140945484537	7.6885709393e-05	0.00121968693537	0.000111833759117	0.0241560919693	0.0065352852984	0.0796186468814	0.0027993387829	1.04844149172e-05	0.00319075693981	0.0199937792471	0.00656324373818	0.00114280122598	0.0102432733741	0	1.7474024862e-05	0.000213183103317	0.0104529616725	4.89272696137e-05	0.00232055050168	0.0011777492757	0	0	3.49480497241e-06	1.04844149172e-05	0.000111833759117	5.24220745861e-05	0.000293563617682	1.39792198896e-05	2.79584397793e-05	1.04844149172e-05	6.98960994482e-06	6.98960994482e-05	0	0.00208290376356	0.000646538919896	1.7474024862e-05	0.000234151933151	1.04844149172e-05	0.00047878828122	0.00630462817022	0.00423220882159	0.000352975302213	0.000104844149172	0.000629064895034	0.00480186203209	0.000373944132048	5.59168795585e-05	0.000234151933151	6.98960994482e-06	0	1.7474024862e-05	0.000195709078455	0.0151814328001	0.00354023743705	0.00852033452273	0.0022541492072	0.000160761028731	3.14532447517e-05	3.14532447517e-05	0.000664012944758	0.000524220745861	0.000394912961882	0.000440345426523	0.000146781808841	6.29064895034e-05	2.44636348069e-05
0.00273992709837	0.00114629603095	0.00076885709393	0	0.00247082711549	1.7474024862e-05	0.000684981774592	0.00595514767298	0.00200252324919	0.0183966533748	0.00213183103317	0.000167750638676	0.00239044660113	0.000108338954145	0.00306144915583	0.000632559700006	0.00804504104648	0.00046480906133	6.98960994482e-06	0.000167750638676	0.00244636348069	0.00196408039449	0.00811144234096	0.0027993387829	0.0499162994209	4.54324646413e-05	0.000604601260227	0.00247781672544	0.0194625688913	0.00352276341219	0.00287971929726	0	3.84428546965e-05	0.000552179185641	0.00301601669119	0.000338996082324	0.000283079202765	0.000129307783979	0	0.00076885709393	1.04844149172e-05	0.000269099982875	0.000866711633157	0.000436850621551	0.00469002827297	0.000545189575696	5.24220745861e-05	0.000181729858565	1.04844149172e-05	0.000657023334813	4.19376596689e-05	0.00117425447073	6.98960994482e-05	1.04844149172e-05	2.09688298345e-05	0.000450829841441	0.000384428546965	0.00175788690112	0.000733909044206	0.00362411275639	4.54324646413e-05	0.000111833759117	0.00039141815691	0.00200252324919	0.000684981774592	0.000978545392274	1.04844149172e-05	1.04844149172e-05	0.000150276613814	0.000968060977357	0.00354023743705	0.000534705160779	0.00198155441936	0.000632559700006	0.000426366206634	7.33909044206e-05	3.49480497241e-06	0.000531210355806	0.0001013493442	0.000611590870171	0.00018871946851	0.000146781808841	4.19376596689e-05	3.49480497241e-06
3.49480497241e-06	0.000443840231496	2.09688298345e-05	0	0	0	2.09688298345e-05	1.7474024862e-05	2.09688298345e-05	5.94116845309e-05	3.49480497241e-05	0.00109037915139	1.39792198896e-05	0.00338996082324	3.14532447517e-05	0	1.04844149172e-05	3.84428546965e-05	5.94116845309e-05	0.000199203883427	1.04844149172e-05	6.98960994482e-06	9.4359734255e-05	1.04844149172e-05	4.54324646413e-05	0.00644791517409	0.00100650383205	0.00114629603095	3.49480497241e-06	8.38753193378e-05	3.49480497241e-06	1.04844149172e-05	6.98960994482e-06	0	0.000213183103317	0	0.000213183103317	3.49480497241e-06	0	0	0	3.49480497241e-06	0	1.04844149172e-05	0	0	0.000901659682881	3.49480497241e-06	0.00125812979007	1.04844149172e-05	0	0	1.04844149172e-05	0.000143287003869	4.89272696137e-05	3.49480497241e-06	0	0	0	0	0.00124764537515	0.000499757111054	0.000625570090061	0	1.39792198896e-05	3.49480497241e-06	0.000321522057462	3.49480497241e-06	0	5.94116845309e-05	3.14532447517e-05	0.00132453108454	0.000258615567958	2.09688298345e-05	0	0	0.000531210355806	6.98960994482e-06	0.000345985692268	5.59168795585e-05	1.04844149172e-05	0	0	6.64012944758e-05
0.000321522057462	0.00137345835416	0.00856926179235	0	2.79584397793e-05	0	0.000122318174034	0.000950586952495	0.000307542837572	0.000520725940889	0.000321522057462	0.00821279168516	9.4359734255e-05	0.00475642956745	0.000496262306082	0	0.000426366206634	0.0119836862504	0.00291466734699	0.0143601536316	0.000150276613814	0.000901659682881	0.000866711633157	0.00319075693981	0.000604601260227	0.00100650383205	0.0671386983249	0.02533034644	0.000541694770723	0.00076885709393	0.00129657264476	0.000178235053593	1.04844149172e-05	4.19376596689e-05	0.00867760074649	3.14532447517e-05	0.0102397785692	0.000223667518234	0	1.39792198896e-05	0	2.79584397793e-05	1.7474024862e-05	2.79584397793e-05	5.94116845309e-05	1.39792198896e-05	0.00101698824697	1.39792198896e-05	0.00132802588952	6.98960994482e-05	6.98960994482e-06	6.29064895034e-05	0.000387923351937	0.000887680462992	0.00169847521659	2.79584397793e-05	3.84428546965e-05	0.000160761028731	0.000143287003869	8.03805143654e-05	0.00973303184816	0.0059271892332	0.0129866952775	2.44636348069e-05	7.6885709393e-05	7.6885709393e-05	0.000489272696137	6.98960994482e-06	0	0.000283079202765	0.00508144642988	0.00688476579564	0.00695466189509	0.00110785317625	5.94116845309e-05	2.44636348069e-05	5.24220745861e-05	0.000482283086192	0.000629064895034	0.000408892181772	0.000164255833703	1.39792198896e-05	2.79584397793e-05	1.7474024862e-05
0.00029006881271	0.00380933741993	0.0157475912057	0	2.09688298345e-05	0	7.6885709393e-05	0.000926123317688	0.000230657128179	0.00118124408067	0.000192214273482	0.0021912427177	2.09688298345e-05	0.00346684653263	0.000342490887296	3.49480497241e-06	0.00644791517409	0.00776545664869	0.000555673990613	0.00338996082324	4.89272696137e-05	0.00227511803704	0.00747189303101	0.0199937792471	0.00247781672544	0.00114629603095	0.02533034644	0.08296317524	0.00187671027018	0.000405397376799	0.00145034406355	4.89272696137e-05	3.49480497241e-06	6.64012944758e-05	0.00409591142766	8.03805143654e-05	0.0131125082565	0.00141539601383	0	1.04844149172e-05	0	3.14532447517e-05	4.89272696137e-05	5.59168795585e-05	0.000150276613814	1.39792198896e-05	0.000503251916027	1.39792198896e-05	0.000604601260227	0.000108338954145	6.98960994482e-06	0.000933112927633	0.0010763999315	0.000426366206634	0.001520240163	1.39792198896e-05	0.000241141543096	0.00380584261495	0.002533733605	0.000132802588952	0.00483331527684	0.0049276750111	0.0165059638847	0.000150276613814	7.33909044206e-05	0.00017474024862	0.00018871946851	3.49480497241e-06	1.39792198896e-05	0.000338996082324	0.00671701515697	0.00448033997463	0.00366954522103	0.000775846703875	6.98960994482e-05	6.98960994482e-06	5.24220745861e-05	0.000726919434261	0.00102048305194	0.000443840231496	0.000318027252489	4.89272696137e-05	3.49480497241e-05	2.44636348069e-05
0.00457120490391	0.000206193493372	0.00118473888565	0	0.00337947640832	4.54324646413e-05	0.00292165695693	0.0225589660969	0.00493466462104	0.00844694361831	0.00969808379843	0.000311037642544	0.00128958303482	4.19376596689e-05	0.00542044251221	0.000216677908289	0.0037114828807	0.000821279168516	1.7474024862e-05	0.000241141543096	0.00429162050612	0.00876846567577	0.00309989201053	0.00656324373818	0.0194625688913	3.49480497241e-06	0.000541694770723	0.00187671027018	0.0665480762846	0.00474594515253	0.0101873564946	0	3.84428546965e-05	0.000838753193378	0.00634307102492	0.000279584397793	0.00018871946851	6.64012944758e-05	0	0.000664012944758	3.49480497241e-06	0.000262110372931	0.000660518139785	0.000401902571827	0.00362760756136	0.000562663600558	3.14532447517e-05	0.000153771418786	0	0.000646538919896	3.84428546965e-05	0.00116726486078	5.94116845309e-05	6.98960994482e-06	4.54324646413e-05	0.000482283086192	0.000338996082324	0.00150975574808	0.00065352852984	0.00318726213484	2.79584397793e-05	6.29064895034e-05	0.000335501277351	0.00175089729118	0.000615085675144	0.000772351898902	0	1.04844149172e-05	0.000146781808841	0.000908649292826	0.00517930096911	0.000726919434261	0.00441743348512	0.00147480769836	0.000440345426523	0.000118823369062	1.04844149172e-05	0.000601106455254	0.000118823369062	0.00058013762542	0.000199203883427	0.000178235053593	7.33909044206e-05	3.49480497241e-06
0.0114944135543	4.19376596689e-05	0.000227162323207	0	0.000625570090061	0.000181729858565	0.00167051677681	0.00520376460392	0.00475293476248	0.00299155305638	0.00517231135916	0.00205844012875	0.00145733367349	0.000335501277351	0.0173307378582	7.33909044206e-05	0.000171245443648	0.000384428546965	0.000160761028731	0.00066750774973	0.00271546346356	0.00102048305194	0.000265605177903	0.00114280122598	0.00352276341219	8.38753193378e-05	0.00076885709393	0.000405397376799	0.00474594515253	0.0386805014346	0.00528763992325	6.98960994482e-06	0.00097155578233	0.00228909725693	0.0115678044587	8.03805143654e-05	5.24220745861e-05	3.49480497241e-06	0	0.000132802588952	1.04844149172e-05	0.000118823369062	0.000328511667406	0.000178235053593	0.00128608822985	0.000150276613814	6.29064895034e-05	3.84428546965e-05	4.19376596689e-05	0.000234151933151	6.98960994482e-06	0.000160761028731	2.09688298345e-05	1.39792198896e-05	2.09688298345e-05	0.000104844149172	4.54324646413e-05	0.000160761028731	8.03805143654e-05	0.000803805143654	5.59168795585e-05	5.94116845309e-05	9.78545392274e-05	0.000531210355806	0.000237646738124	0.000297058422655	1.7474024862e-05	6.98960994482e-06	5.59168795585e-05	0.000349480497241	0.00278186475804	0.000891175267964	0.00810794753599	0.00177186612101	0.000562663600558	0.000398407766855	5.24220745861e-05	0.000143287003869	4.19376596689e-05	0.000230657128179	4.89272696137e-05	3.84428546965e-05	1.7474024862e-05	6.98960994482e-06
0.00569653210503	7.6885709393e-05	0.00173691807129	0	7.6885709393e-05	2.79584397793e-05	0.000496262306082	0.0182498715659	0.00267702060886	0.00233802452654	0.00194311156466	0.0003040480326	9.08649292826e-05	6.98960994482e-06	0.00457819451386	1.7474024862e-05	0.000650033724868	0.00287971929726	5.59168795585e-05	0.000555673990613	0.000150276613814	0.0156392522515	0.00103795707681	0.0102432733741	0.00287971929726	3.49480497241e-06	0.00129657264476	0.00145034406355	0.0101873564946	0.00528763992325	0.0474804203551	0	1.39792198896e-05	0.000632559700006	0.00910047214815	0.0001013493442	0.000216677908289	0.0001013493442	0	5.59168795585e-05	0	7.6885709393e-05	0.000213183103317	0.000143287003869	0.00108688434642	4.89272696137e-05	6.98960994482e-06	1.7474024862e-05	0	0.000206193493372	1.39792198896e-05	0.000447335036468	5.24220745861e-05	6.98960994482e-06	3.49480497241e-05	3.84428546965e-05	0.00018871946851	0.000671002554702	0.000468303866303	0.000611590870171	3.84428546965e-05	0.000122318174034	0.000373944132048	0.000405397376799	0.0002026986884	0.000412386986744	0	6.98960994482e-06	5.59168795585e-05	0.000279584397793	0.00413085947739	0.000810794753599	0.00551130744149	0.00155868301769	0.000118823369062	5.24220745861e-05	3.49480497241e-06	0.000206193493372	9.08649292826e-05	0.000216677908289	0.000143287003869	5.24220745861e-05	3.49480497241e-05	3.49480497241e-06
