0.0406071287271	7.99274258973e-06	0.002493735688	0	0.0017144432855	3.99637129486e-06	0.00102307105149	0.0215564267645	0.0140032850172	0.00151862109205	0.0108981045211	0.00563088715446	0.00149863923557	0.000183833079564	0.0145627769985	0.000111898396256	0.000103905653666	0.00042761172855	0.00150663197816	0.000931154511703	0.00332897728862	0.0011709367894	1.19891138846e-05	0.00179437071139	0.00222997518253	0	0.00073932868955	0.000547502867396	0.0142190890671	0.0177438885492	0.0083244414072	0	1.19891138846e-05	0.000987103709831	0.0129122756537	0	2.39782277692e-05	0	0	0.00074732143214	0	3.99637129486e-06	0.000103905653666	0	0.00189028362247	0.000339691560063	3.99637129486e-06	3.99637129486e-06	0	0	0	1.99818564743e-05	3.99637129486e-05	0	6.79383120127e-05	9.99092823716e-05	2.39782277692e-05	0.000107902024961	3.99637129486e-05	0.00173442514197	0	4.79564555384e-05	5.9945569423e-05	0.0014027263245	0	0	0	0	0	1.19891138846e-05	0.0014746610078	0.000111898396256	0.010910093635	0.00234986632138	0.000111898396256	0.000151862109205	3.99637129486e-06	0.000375658901717	8.39237971921e-05	1.19891138846e-05	7.99274258973e-06	1.59854851795e-05	3.99637129486e-06	0
7.99274258973e-06	0.026903571557	0.00162652311701	0	3.99637129486e-06	0	1.19891138846e-05	1.59854851795e-05	3.99637129486e-06	0.00379255635883	0	0.000275749619346	0	0.000167847594384	1.59854851795e-05	0	0.000695368605306	0.00115894767551	3.99637129486e-06	0.000415622614666	0	1.99818564743e-05	0.0068457840281	0.000503542783153	0.00324904986272	0.00227393526678	0.00896386081438	0.0160893908331	0.00028773873323	1.99818564743e-05	1.99818564743e-05	0.000103905653666	3.99637129486e-06	1.19891138846e-05	0.000231789535102	0	0.0163691368238	0.000119891138846	0	4.39600842435e-05	0	0	3.99637129486e-06	7.99274258973e-06	0.000195822193448	7.99274258973e-06	5.59491981281e-05	3.99637129486e-05	0.000483560926679	3.99637129486e-06	3.99637129486e-06	7.59310546024e-05	3.59673416538e-05	7.99274258973e-06	0.00179836708269	1.59854851795e-05	3.99637129486e-06	0.000423615357256	1.99818564743e-05	0.000259764134166	0.000563488352576	0.00439201205306	0.0120570521966	3.99637129486e-05	0	3.99637129486e-06	9.19165397819e-05	0	0	0.000419618985961	0.000947139996883	0.000483560926679	0.000695368605306	0.000219800421218	4.39600842435e-05	0	0.000171843965679	0.000615441179409	0.000275749619346	0.00042761172855	1.59854851795e-05	0	0	0
0.002493735688	0.00162652311701	0.0481123140189	0	7.99274258973e-06	0	1.19891138846e-05	0.00589864403122	0.00234187357879	0.000263760505461	0.000127883881436	0.000291735104525	2.7974599064e-05	7.99274258973e-06	0.000851227085806	0	0.000239782277692	0.00399237492357	5.9945569423e-05	0.000339691560063	5.19528268332e-05	0.00570282183777	0.000263760505461	0.0223237300531	0.000123887510141	0	0.00916367937912	0.0161573291451	0.00531117745087	0.000619437550704	0.00539909761936	0	0	7.19346833076e-05	0.0012428714727	0	0.00359673416538	0.00087920168487	0	0.000219800421218	0	7.19346833076e-05	0.000239782277692	4.39600842435e-05	0.000367666159128	0.000191825822153	3.59673416538e-05	6.79383120127e-05	2.39782277692e-05	4.79564555384e-05	0	0.000371662530422	0.00220200058347	2.7974599064e-05	0.00152661383464	9.19165397819e-05	4.79564555384e-05	0.00314514420906	0.00192225459283	0.000447593585025	0	0.000795277887678	0.00578274926367	0.000563488352576	1.99818564743e-05	6.79383120127e-05	3.59673416538e-05	0	0	0.00073133594696	0.0076250764306	0.00156657754759	0.00235386269268	0.000555495609986	4.39600842435e-05	0	3.99637129486e-06	0.00227793163807	0.00121489687364	0.000791281516383	0.00013987299532	7.99274258973e-06	3.59673416538e-05	7.99274258973e-06
0	0	0	0	0	0	0	0	0	0	0	0	0	0	0	0	0	0	0	0	0	0	0	0	0	0	0	0	0	0	0	0	0	0	0	0	0	0	0	0	0	0	0	0	0	0	0	0	0	0	0	0	0	0	0	0	0	0	0	0	0	0	0	0	0	0	0	0	0	0	0	0	0	0	0	0	0	0	0	0	0	0	0	0
0.0017144432855	3.99637129486e-06	7.99274258973e-06	0	0.0232508881935	0	0.000391644386897	0.00306921315446	0.00122688598752	0.00207411670203	0.000907176283934	0.000267756876756	0.00565886175353	0	0.00028773873323	0.000379655273012	1.59854851795e-05	0	2.39782277692e-05	2.7974599064e-05	0.00360472690797	7.99274258973e-06	4.79564555384e-05	2.39782277692e-05	0.00864814748209	3.99637129486e-06	3.99637129486e-06	4.39600842435e-05	0.00899583178474	0.00118692227457	3.99637129486e-06	0	0	0.00014786573791	0.000835241600627	0	2.39782277692e-05	3.99637129486e-06	0	0.00581472023403	0	0.000499546411858	1.99818564743e-05	3.99637129486e-05	0.00306122041187	0.00177438885492	4.79564555384e-05	0.00110699484868	1.59854851795e-05	3.99637129486e-05	1.99818564743e-05	3.99637129486e-06	0	1.19891138846e-05	1.19891138846e-05	0.00278147442123	0	0.0001558584805	0	0.00297330024338	0	4.39600842435e-05	5.9945569423e-05	0.00161853037442	8.39237971921e-05	0	0	3.99637129486e-06	0	0.000131880252731	0.000207811307333	5.19528268332e-05	0.000563488352576	9.59129110767e-05	0.000403633500781	3.99637129486e-06	0	0.000387648015602	6.79383120127e-05	8.7920168487e-05	0	9.99092823716e-05	3.19709703589e-05	0
3.99637129486e-06	0	0	0	0	0.00624632833387	0.0037326107894	3.99637129486e-06	0.00058347020905	0	2.39782277692e-05	0	0	0	0.000383651644307	0.00148265375039	0	0	0	0	0	0	0	0	0	0	0	0	0	0	0	0	0.000395640758192	0	0.000175840336974	0	0	0	0	0	0	0	0	0	0	0	0	0	0	0	0	0	0	0	3.99637129486e-06	0	0	0	0	0	0	3.99637129486e-06	0	0	0	0	0	0	0	0	4.39600842435e-05	0	7.99274258973e-06	0	0.00165050134478	0.00136276261155	0	7.99274258973e-06	3.99637129486e-06	0	0	0	0	0
0.00102307105149	1.19891138846e-05	1.19891138846e-05	0	0.000391644386897	0.0037326107894	0.0348883214042	0.0042761172855	0.016764777582	0.000659401263653	0.0125925659501	0.000131880252731	0.00611444808114	0	0.00320508977848	0.00276948530734	0	0	2.39782277692e-05	2.39782277692e-05	0.00074732143214	0	3.99637129486e-06	0	0.000651408521063	0	1.99818564743e-05	3.19709703589e-05	0.00117892953198	0.00112298033386	7.99274258973e-06	0	0.00115894767551	0	0.000467575441499	0	1.59854851795e-05	0	0	7.19346833076e-05	0	3.19709703589e-05	7.99274258973e-06	2.7974599064e-05	9.59129110767e-05	5.59491981281e-05	1.59854851795e-05	3.19709703589e-05	1.59854851795e-05	2.7974599064e-05	0	0	0	2.7974599064e-05	7.19346833076e-05	3.59673416538e-05	0	1.19891138846e-05	3.99637129486e-06	0.000107902024961	0	4.39600842435e-05	2.7974599064e-05	6.39419407178e-05	2.39782277692e-05	0	0	3.99637129486e-06	0	5.19528268332e-05	0.00138674083932	0.000175840336974	0.00043560447114	5.19528268332e-05	0.0031931006646	0.000503542783153	0	0.000363669787833	0.000115894767551	4.79564555384e-05	7.99274258973e-06	3.99637129486e-05	3.99637129486e-05	0
0.0215564267645	1.59854851795e-05	0.00589864403122	0	0.00306921315446	3.99637129486e-06	0.0042761172855	0.0654405799534	0.0200338093012	0.00232588809361	0.0167168211264	0.00286140184712	0.000407629872076	6.79383120127e-05	0.00818057204059	0.000319709703589	0.00013987299532	2.7974599064e-05	0.00027974599064	0.000291735104525	0.000247775020282	0.00516730808426	7.99274258973e-05	0.00643415778473	0.00205413484556	3.99637129486e-06	0.00123487873011	0.000395640758192	0.035495769841	0.011709367894	0.00944342536976	0	1.99818564743e-05	0.00355277408113	0.00932353423092	0	3.99637129486e-05	9.19165397819e-05	0	0.00403633500781	0	0.000227793163807	0.000439600842435	6.79383120127e-05	0.0052951919657	0.0014746610078	4.79564555384e-05	0.000359673416538	2.39782277692e-05	6.39419407178e-05	0	6.39419407178e-05	5.9945569423e-05	3.19709703589e-05	0.000115894767551	0.000935150882998	7.19346833076e-05	0.000543506496102	0.000291735104525	0.0052951919657	0	0.00013987299532	0.00027974599064	0.00250172843059	6.79383120127e-05	7.19346833076e-05	2.7974599064e-05	0	0	0.000171843965679	0.00251371754447	0.000159854851795	0.0080127244462	0.00253369940094	0.000555495609986	6.39419407178e-05	3.99637129486e-06	0.0010150783089	0.000411626243371	0.000215804049923	7.19346833076e-05	5.9945569423e-05	5.59491981281e-05	3.99637129486e-06
0.0140032850172	3.99637129486e-06	0.00234187357879	0	0.00122688598752	0.00058347020905	0.016764777582	0.0200338093012	0.0530038724838	0.000683379491422	0.013959324933	0.000399637129486	0.00102307105149	0	0.0162652311701	0.000343687931358	1.59854851795e-05	3.99637129486e-06	3.19709703589e-05	3.19709703589e-05	0.000483560926679	0.000695368605306	0	0.00198619653355	0.00119091864587	0	0.000203814936038	9.19165397819e-05	0.011249785195	0.00512334800002	0.00231389897973	0	0.000915169026524	0.000715350461781	0.00133878438378	0	1.59854851795e-05	7.99274258973e-05	0	0.000175840336974	0	2.39782277692e-05	0.000319709703589	2.39782277692e-05	0.000603452065525	9.99092823716e-05	1.59854851795e-05	2.39782277692e-05	1.99818564743e-05	1.59854851795e-05	0	7.99274258973e-06	7.99274258973e-06	2.7974599064e-05	6.39419407178e-05	4.39600842435e-05	1.59854851795e-05	0.000307720589705	0.000207811307333	0.000539510124807	0	7.19346833076e-05	0.000191825822153	0.000603452065525	1.19891138846e-05	7.19346833076e-05	1.99818564743e-05	3.99637129486e-06	0	6.39419407178e-05	0.000955132739473	0.000163851223089	0.00173442514197	0.000407629872076	0.000771299659909	0.000115894767551	3.99637129486e-06	0.000607448436819	0.000203814936038	8.7920168487e-05	3.19709703589e-05	1.59854851795e-05	2.39782277692e-05	3.99637129486e-06
0.00151862109205	0.00379255635883	0.000263760505461	0	0.00207411670203	0	0.000659401263653	0.00232588809361	0.000683379491422	0.0397638943839	0.00014786573791	0.000367666159128	0.00278547079252	6.39419407178e-05	0.000759310546024	0.00135476986896	0.001246867844	0.000143869366615	3.59673416538e-05	0.00013987299532	5.9945569423e-05	0.00103905653666	0.0113696763339	0.000431608099845	0.021984038493	0.00103506016537	0.00126285332918	0.0028014562777	0.0165010170765	0.0024098118908	0.000695368605306	6.39419407178e-05	0	0.00107102750702	0.00127883881436	0	0.0001558584805	1.59854851795e-05	0	0.00299727847115	0	2.7974599064e-05	0.000647412149768	5.19528268332e-05	0.0145907515975	0.00058347020905	1.59854851795e-05	9.19165397819e-05	0.000127883881436	0.000107902024961	6.39419407178e-05	0.00276548893605	3.99637129486e-05	6.79383120127e-05	0.00030372421841	0.000979110967242	7.19346833076e-05	0.00785286959441	9.59129110767e-05	0.0115015565866	5.19528268332e-05	0.000355677045243	0.000463579070204	0.0104545073074	0.000167847594384	0.00030372421841	1.19891138846e-05	0	2.39782277692e-05	0.000111898396256	0.00242579737598	0.000535513753512	0.000811263372857	0.000135876624025	0.00299727847115	0	2.7974599064e-05	0.00296930387208	0.000655404892358	0.000239782277692	3.99637129486e-05	0.000195822193448	6.39419407178e-05	0
0.0108981045211	0	0.000127883881436	0	0.000907176283934	2.39782277692e-05	0.0125925659501	0.0167168211264	0.013959324933	0.00014786573791	0.0502104089487	0.00413624429018	0.00664596546336	0.000199818564743	0.00399637129486	0.000103905653666	2.7974599064e-05	1.19891138846e-05	0.00134677712637	0.000759310546024	0.00814060832764	1.99818564743e-05	7.99274258973e-06	0.000131880252731	0.000419618985961	0	1.99818564743e-05	0.00013987299532	0.0071575009891	0.00779292402499	7.99274258973e-06	0	2.7974599064e-05	5.9945569423e-05	0.00758511271765	0	1.19891138846e-05	3.99637129486e-06	0	0.00216203687052	0	0.0010910093635	3.99637129486e-05	9.59129110767e-05	0.00252970302965	0.00200617839002	0.000259764134166	0.00151062834946	3.99637129486e-05	0.000131880252731	7.99274258973e-05	3.59673416538e-05	0	3.19709703589e-05	1.99818564743e-05	0.00232988446491	4.39600842435e-05	6.79383120127e-05	5.19528268332e-05	0.00266957602497	0	0.000191825822153	3.19709703589e-05	0.000991100081126	0.00045158995632	0	1.99818564743e-05	0	0	0.000483560926679	0.0017144432855	4.39600842435e-05	0.00611844445244	0.00157856666147	7.99274258973e-05	4.79564555384e-05	3.99637129486e-06	0.000667394006242	3.59673416538e-05	0.000275749619346	7.99274258973e-06	0.000359673416538	1.99818564743e-05	0
0.00563088715446	0.000275749619346	0.000291735104525	0	0.000267756876756	0	0.000131880252731	0.00286140184712	0.000399637129486	0.000367666159128	0.00413624429018	0.0398118508394	0.00215404412793	0.00932353423092	0.00132679526989	2.7974599064e-05	2.7974599064e-05	0.00153860294852	0.00709355904838	0.00765305102967	0.0037326107894	0.000163851223089	6.39419407178e-05	0.000571481095166	0.000919165397819	0.00181834893916	0.00318510792201	0.000411626243371	0.00160254488924	0.00784887322311	0.00027974599064	0.000331698817474	0.000759310546024	0.000223796792512	0.0141511507551	0	0.000275749619346	0	0	0.000119891138846	0	0	1.99818564743e-05	0	0.000403633500781	4.79564555384e-05	0.000351680673948	0	0.00325304623402	0	0	0	7.99274258973e-06	0	0.000103905653666	4.39600842435e-05	0	2.7974599064e-05	0	0.000387648015602	0.00185431628082	0.000235785906397	0.000911172655229	0.000311716960999	0	0	2.7974599064e-05	0	0	3.99637129486e-06	0.00499946048988	0.00510336614354	0.0195902120874	0.00230990260843	3.59673416538e-05	0	0.00165449771607	3.99637129486e-05	0.000123887510141	0	0	0	0	1.19891138846e-05
0.00149863923557	0	2.7974599064e-05	0	0.00565886175353	0	0.00611444808114	0.000407629872076	0.00102307105149	0.00278547079252	0.00664596546336	0.00215404412793	0.0375379155727	1.99818564743e-05	0.000655404892358	0.00216203687052	1.59854851795e-05	0	0.000491553669268	0.000247775020282	0.0111099121997	1.59854851795e-05	7.99274258973e-06	4.39600842435e-05	0.00680582031515	0	1.19891138846e-05	1.99818564743e-05	0.00119491501716	0.00392443661156	7.99274258973e-06	0	1.19891138846e-05	0	0.0028773873323	0	0	0	0	0.000111898396256	3.99637129486e-06	0.00380054910142	2.7974599064e-05	0.000515531897037	9.99092823716e-05	0.000211807678628	0.000799274258973	0.0066939219189	0.000127883881436	0.00159854851795	0.000219800421218	3.99637129486e-06	0	0.000183833079564	4.39600842435e-05	0.000811263372857	1.99818564743e-05	1.19891138846e-05	3.19709703589e-05	0.000111898396256	0	0.000479564555384	3.99637129486e-06	2.7974599064e-05	0.00170645054291	0	3.59673416538e-05	0.000179836708269	0	0.000987103709831	0.000379655273012	1.19891138846e-05	0.00254169214353	0.000111898396256	0.00201017476132	0	3.99637129486e-06	0.000395640758192	2.39782277692e-05	0.000819256115447	9.59129110767e-05	0.000123887510141	0.00013987299532	0
0.000183833079564	0.000167847594384	7.99274258973e-06	0	0	0	0	6.79383120127e-05	0	6.39419407178e-05	0.000199818564743	0.00932353423092	1.99818564743e-05	0.0152541492325	4.79564555384e-05	0	1.19891138846e-05	0	0.000735332318255	1.19891138846e-05	0.000111898396256	0	8.39237971921e-05	0	4.79564555384e-05	0.00147066463651	0.00314514420906	0.00152261746334	1.59854851795e-05	0.00027974599064	0	0.000963125482062	0.000203814936038	0	0.00045158995632	0	0.00013987299532	0	0	0	0	0	0	0	7.99274258973e-06	0	0.000187829450859	0	0.00510736251484	0	0	0	0	0	3.59673416538e-05	0	0	7.99274258973e-06	0	1.19891138846e-05	0.00277747804993	0.000159854851795	0.00238183729174	0	0	0	0.000275749619346	0	0	0	0.000403633500781	0.00253769577224	0.00173842151327	0.000387648015602	0	1.99818564743e-05	0.000687375862717	3.99637129486e-06	0.00013987299532	7.99274258973e-06	3.99637129486e-06	0	0	1.59854851795e-05
0.0145627769985	1.59854851795e-05	0.000851227085806	0	0.00028773873323	0.000383651644307	0.00320508977848	0.00818057204059	0.0162652311701	0.000759310546024	0.00399637129486	0.00132679526989	0.000655404892358	4.79564555384e-05	0.0341889564276	0.000111898396256	3.59673416538e-05	0.000163851223089	2.39782277692e-05	2.7974599064e-05	0.00045158995632	0.000567484723871	0	0.000767303288614	0.00133079164119	1.19891138846e-05	0.000271753248051	0.000223796792512	0.00520727179721	0.012116997766	0.00442797939471	0	0.00221398969735	0.00133878438378	0.00255767762871	0	1.99818564743e-05	0	0	0.000135876624025	0	1.19891138846e-05	3.19709703589e-05	1.19891138846e-05	0.000595459322935	5.59491981281e-05	1.19891138846e-05	1.19891138846e-05	1.19891138846e-05	1.19891138846e-05	0	0	1.99818564743e-05	2.39782277692e-05	8.7920168487e-05	3.19709703589e-05	3.99637129486e-06	3.99637129486e-06	7.99274258973e-06	0.000515531897037	0	5.19528268332e-05	3.19709703589e-05	0.000431608099845	1.59854851795e-05	0	0	3.99637129486e-06	0	2.7974599064e-05	0.00131880252731	0.000243778648987	0.00324904986272	0.000243778648987	0.000811263372857	1.19891138846e-05	8.7920168487e-05	0.000399637129486	0.000123887510141	2.7974599064e-05	1.19891138846e-05	1.59854851795e-05	1.99818564743e-05	0
0.000111898396256	0	0	0	0.000379655273012	0.00148265375039	0.00276948530734	0.000319709703589	0.000343687931358	0.00135476986896	0.000103905653666	2.7974599064e-05	0.00216203687052	0	0.000111898396256	0.00881599507647	3.99637129486e-06	0	3.99637129486e-06	3.99637129486e-06	0.000255767762871	0	7.99274258973e-06	7.99274258973e-06	0.00132679526989	0	0	0	0.000667394006242	7.19346833076e-05	0	0	0.000103905653666	1.99818564743e-05	0.000199818564743	0	0	0	0	0.000103905653666	0	0	0	0	0.000167847594384	1.19891138846e-05	0	7.99274258973e-06	0	0	0	3.99637129486e-06	0	0	0	2.7974599064e-05	0	1.99818564743e-05	7.99274258973e-06	0.000143869366615	0	0	0	8.39237971921e-05	0	0	0	0	0	0	0.00130281704213	0	8.7920168487e-05	7.99274258973e-06	0.00586667306086	0.000367666159128	0	7.99274258973e-06	0	0	0	7.99274258973e-06	0	0
0.000103905653666	0.000695368605306	0.000239782277692	0	1.59854851795e-05	0	0	0.00013987299532	1.59854851795e-05	0.001246867844	2.7974599064e-05	2.7974599064e-05	1.59854851795e-05	1.19891138846e-05	3.59673416538e-05	3.99637129486e-06	0.0313795074073	0.000307720589705	5.59491981281e-05	0.000119891138846	0	0.00417620800313	0.0150503342965	0.0166528791857	0.00236984817785	5.19528268332e-05	0.000611444808114	0.00610245896726	0.00192225459283	0.000143869366615	0.000159854851795	1.99818564743e-05	0	3.99637129486e-06	8.39237971921e-05	0	0.000127883881436	0	0	3.19709703589e-05	0	0	2.39782277692e-05	1.19891138846e-05	0.000179836708269	1.99818564743e-05	0	0	4.79564555384e-05	0	0	0.00605849888301	7.99274258973e-06	0	0.000131880252731	7.99274258973e-06	0.00114296219033	0.00846031803123	0.00358474505149	0.00087920168487	6.79383120127e-05	0.00013987299532	0.000543506496102	0.00131080978472	0	7.99274258973e-06	1.59854851795e-05	0	0	7.99274258973e-06	0.0085562309423	0.0017144432855	0.000367666159128	0.000167847594384	5.9945569423e-05	0	0	0.000547502867396	0.000223796792512	5.9945569423e-05	2.39782277692e-05	3.99637129486e-06	1.99818564743e-05	0
0.00042761172855	0.00115894767551	0.00399237492357	0	0	0	0	2.7974599064e-05	3.99637129486e-06	0.000143869366615	1.19891138846e-05	0.00153860294852	0	0	0.000163851223089	0	0.000307720589705	0.0266957602497	0.000103905653666	0.00682180580033	3.99637129486e-06	0.00167447957255	0.000143869366615	0.00952734916696	5.19528268332e-05	3.99637129486e-06	0.0114975602153	0.00192625096412	7.99274258973e-05	0.000915169026524	0.00405232049299	0	0	2.39782277692e-05	0.00557893432763	0	0.0013227988986	7.99274258973e-06	0	3.99637129486e-06	0	3.99637129486e-06	0	0	3.99637129486e-05	3.99637129486e-06	0	7.99274258973e-06	4.39600842435e-05	0	0	7.59310546024e-05	0.000623433921999	3.99637129486e-06	0.000491553669268	7.99274258973e-06	3.19709703589e-05	8.39237971921e-05	7.99274258973e-05	1.19891138846e-05	6.79383120127e-05	0.001246867844	0.000987103709831	8.39237971921e-05	0	0	1.19891138846e-05	0	0	5.19528268332e-05	0.00415622614666	0.00158655940406	0.00638620132919	0.00130281704213	3.99637129486e-06	0	0	0.000247775020282	0.000123887510141	7.59310546024e-05	1.19891138846e-05	0	3.99637129486e-06	0
0.00150663197816	3.99637129486e-06	5.9945569423e-05	0	2.39782277692e-05	0	2.39782277692e-05	0.00027974599064	3.19709703589e-05	3.59673416538e-05	0.00134677712637	0.00709355904838	0.000491553669268	0.000735332318255	2.39782277692e-05	3.99637129486e-06	5.59491981281e-05	0.000103905653666	0.0116054622403	0.00355677045243	0.00125486058659	1.19891138846e-05	0	0.000135876624025	0.000191825822153	7.99274258973e-06	0.00331698817474	5.9945569423e-05	0.000167847594384	0.000779292402499	1.99818564743e-05	8.39237971921e-05	0	3.99637129486e-05	0.00198220016225	0	3.19709703589e-05	0	0	1.59854851795e-05	0	0	0	0	3.19709703589e-05	1.19891138846e-05	0	0	0.000255767762871	0	0	0	7.99274258973e-06	7.99274258973e-06	3.59673416538e-05	7.99274258973e-06	0	0	0	3.19709703589e-05	0.000231789535102	0.00059945569423	0.000539510124807	2.39782277692e-05	0	0	3.99637129486e-06	0	0	3.99637129486e-06	0.00173042877068	0.001558584805	0.00394441846803	0.000523524639627	3.99637129486e-06	0	3.99637129486e-06	3.99637129486e-06	3.99637129486e-06	3.99637129486e-06	0	0	0	0
0.000931154511703	0.000415622614666	0.000339691560063	0	2.7974599064e-05	0	2.39782277692e-05	0.000291735104525	3.19709703589e-05	0.00013987299532	0.000759310546024	0.00765305102967	0.000247775020282	1.19891138846e-05	2.7974599064e-05	3.99637129486e-06	0.000119891138846	0.00682180580033	0.00355677045243	0.0181275401935	0.000623433921999	0.000263760505461	0.000119891138846	0.000703361347896	0.000199818564743	0	0.00665395820595	0.000463579070204	0.000275749619346	0.000827248858037	0.000419618985961	0	0	0.000111898396256	0.00448392859284	0	0.000499546411858	7.99274258973e-06	0	1.59854851795e-05	0	0	0	0	4.39600842435e-05	1.19891138846e-05	0	0	9.19165397819e-05	0	0	0	0.000167847594384	1.59854851795e-05	0.000455586327615	7.99274258973e-06	3.99637129486e-06	7.99274258973e-06	1.99818564743e-05	3.19709703589e-05	7.59310546024e-05	0.00128283518565	0.000691372234012	2.39782277692e-05	0	0	7.99274258973e-06	0	0	1.19891138846e-05	0.00445995036507	0.00175041062715	0.00845632165993	0.00255368125742	7.99274258973e-06	0	0	0.000103905653666	2.39782277692e-05	1.59854851795e-05	0	0	0	0
0.00332897728862	0	5.19528268332e-05	0	0.00360472690797	0	0.00074732143214	0.000247775020282	0.000483560926679	5.9945569423e-05	0.00814060832764	0.0037326107894	0.0111099121997	0.000111898396256	0.00045158995632	0.000255767762871	0	3.99637129486e-06	0.00125486058659	0.000623433921999	0.0218161908987	0	3.99637129486e-06	3.99637129486e-06	0.00304123855539	0	2.39782277692e-05	5.19528268332e-05	0.0017144432855	0.00412825154759	0	0	1.19891138846e-05	0	0.00479564555384	0	1.59854851795e-05	1.59854851795e-05	0	0.000471571812794	0	0.0023338808362	3.59673416538e-05	0.000235785906397	0.000515531897037	0.000475568184089	0.000619437550704	0.00243379011857	0.000111898396256	0.000911172655229	1.99818564743e-05	3.99637129486e-06	1.59854851795e-05	0.000163851223089	7.59310546024e-05	0.00274950345087	7.99274258973e-06	7.99274258973e-06	1.59854851795e-05	0.000651408521063	0	0.000247775020282	1.59854851795e-05	3.19709703589e-05	0.00119891138846	0	6.39419407178e-05	0	0	0.00112697670515	0.000239782277692	1.59854851795e-05	0.00422816082997	0.000223796792512	0.000247775020282	0	0	0.000711354090486	0.000115894767551	0.000767303288614	3.99637129486e-06	0.000219800421218	3.59673416538e-05	0
0.0011709367894	1.99818564743e-05	0.00570282183777	0	7.99274258973e-06	0	0	0.00516730808426	0.000695368605306	0.00103905653666	1.99818564743e-05	0.000163851223089	1.59854851795e-05	0	0.000567484723871	0	0.00417620800313	0.00167447957255	1.19891138846e-05	0.000263760505461	0	0.0431008644151	0.00396440032451	0.0217282707302	0.000587466580345	0	0.00201017476132	0.000963125482062	0.012780395401	0.000383651644307	0.0137714954821	0	0	5.9945569423e-05	0.00697366790954	7.99274258973e-06	6.39419407178e-05	1.59854851795e-05	0	1.59854851795e-05	0	7.99274258973e-06	0	1.59854851795e-05	5.9945569423e-05	1.19891138846e-05	1.59854851795e-05	7.99274258973e-06	7.99274258973e-06	1.59854851795e-05	0	0.00323306437755	3.59673416538e-05	3.19709703589e-05	0.000143869366615	7.99274258973e-06	0.00152261746334	0.00396440032451	0.000283742361935	0.000955132739473	0	0.000123887510141	8.39237971921e-05	0.00276548893605	8.39237971921e-05	0.00013987299532	1.59854851795e-05	0	0	1.59854851795e-05	0.00305322766928	0.000439600842435	0.00608247711078	0.00137874809673	0.000183833079564	3.19709703589e-05	0	0.000859219828396	0.000603452065525	0.000123887510141	8.7920168487e-05	3.99637129486e-05	0	0
1.19891138846e-05	0.0068457840281	0.000263760505461	0	4.79564555384e-05	0	3.99637129486e-06	7.99274258973e-05	0	0.0113696763339	7.99274258973e-06	6.39419407178e-05	7.99274258973e-06	8.39237971921e-05	0	7.99274258973e-06	0.0150503342965	0.000143869366615	0	0.000119891138846	3.99637129486e-06	0.00396440032451	0.0386289249362	0.0044359721373	0.0107902024961	0.00145867552263	0.00211807678628	0.0144708604587	0.00539110487677	1.99818564743e-05	5.59491981281e-05	8.7920168487e-05	0	1.19891138846e-05	5.59491981281e-05	1.19891138846e-05	0.00136276261155	1.99818564743e-05	0	5.9945569423e-05	0	3.99637129486e-06	3.19709703589e-05	6.39419407178e-05	0.000819256115447	3.99637129486e-06	3.99637129486e-06	3.99637129486e-06	0.000167847594384	0.000151862109205	3.99637129486e-06	0.00968720401875	2.7974599064e-05	3.99637129486e-06	5.59491981281e-05	7.99274258973e-06	0.00151462472075	0.0148105520188	0.00257366311389	0.00260963045555	0.000115894767551	0.000131880252731	0.00288937644619	0.00509137702966	0.000239782277692	0.000311716960999	2.7974599064e-05	0	1.59854851795e-05	7.19346833076e-05	0.000923161769114	0.000415622614666	7.59310546024e-05	2.39782277692e-05	5.59491981281e-05	0	3.59673416538e-05	0.000627430293294	0.000127883881436	5.19528268332e-05	1.19891138846e-05	4.39600842435e-05	7.99274258973e-06	0
0.00179437071139	0.000503542783153	0.0223237300531	0	2.39782277692e-05	0	0	0.00643415778473	0.00198619653355	0.000431608099845	0.000131880252731	0.000571481095166	4.39600842435e-05	0	0.000767303288614	7.99274258973e-06	0.0166528791857	0.00952734916696	0.000135876624025	0.000703361347896	3.99637129486e-06	0.0217282707302	0.0044359721373	0.0764385937569	0.000371662530422	7.99274258973e-06	0.00674187837444	0.00970318950393	0.00924360680502	0.00088719442746	0.0102546887426	1.19891138846e-05	3.99637129486e-06	8.39237971921e-05	0.00673388563185	0	0.00100308919501	0.000527521010922	0	9.99092823716e-05	0	4.79564555384e-05	0.000319709703589	3.19709703589e-05	0.00042761172855	8.7920168487e-05	3.99637129486e-05	3.99637129486e-05	2.7974599064e-05	2.39782277692e-05	0	0.00471172175664	0.000323706074884	3.19709703589e-05	0.000547502867396	5.9945569423e-05	0.00102706742278	0.00904778461157	0.00509537340095	0.000267756876756	5.19528268332e-05	0.000691372234012	0.00232988446491	0.00106703113573	0	0.000111898396256	3.99637129486e-05	0	0	0.000135876624025	0.017484124415	0.00236984817785	0.00901981001251	0.002493735688	0.000911172655229	3.59673416538e-05	0	0.00167447957255	0.00089518717005	0.000335695188769	0.000211807678628	1.59854851795e-05	4.79564555384e-05	3.99637129486e-06
0.00222997518253	0.00324904986272	0.000123887510141	0	0.00864814748209	0	0.000651408521063	0.00205413484556	0.00119091864587	0.021984038493	0.000419618985961	0.000919165397819	0.00680582031515	4.79564555384e-05	0.00133079164119	0.00132679526989	0.00236984817785	5.19528268332e-05	0.000191825822153	0.000199818564743	0.00304123855539	0.000587466580345	0.0107902024961	0.000371662530422	0.0507938791577	0.000727339575665	0.000899183541344	0.00327302809049	0.0210009311545	0.00408029509206	0.00281344539158	2.7974599064e-05	0	0.0016305194883	0.00257366311389	3.99637129486e-06	0.000135876624025	1.19891138846e-05	0	0.00176639611233	0	2.39782277692e-05	0.000347684302653	5.9945569423e-05	0.00904378824028	0.000207811307333	1.99818564743e-05	7.19346833076e-05	4.39600842435e-05	0.000107902024961	3.59673416538e-05	0.00130681341342	1.59854851795e-05	4.79564555384e-05	0.000175840336974	0.000331698817474	5.19528268332e-05	0.00488356572232	9.59129110767e-05	0.0071614973604	1.99818564743e-05	0.000187829450859	0.00029573147582	0.0052951919657	0.000175840336974	0.000235785906397	0	0	1.99818564743e-05	7.99274258973e-05	0.0010870129922	5.19528268332e-05	0.0020980949298	0.000259764134166	0.00281744176288	3.99637129486e-06	2.39782277692e-05	0.00222198243994	0.000419618985961	0.000183833079564	3.19709703589e-05	0.00013987299532	6.39419407178e-05	0
0	0.00227393526678	0	0	3.99637129486e-06	0	0	3.99637129486e-06	0	0.00103506016537	0	0.00181834893916	0	0.00147066463651	1.19891138846e-05	0	5.19528268332e-05	3.99637129486e-06	7.99274258973e-06	0	0	0	0.00145867552263	7.99274258973e-06	0.000727339575665	0.00886395153201	0.000931154511703	0.0013227988986	1.19891138846e-05	1.19891138846e-05	0	1.59854851795e-05	2.7974599064e-05	0	2.39782277692e-05	0	0.0013227988986	0	0	0	0	0	0	0	1.19891138846e-05	0	0.000235785906397	7.99274258973e-06	0.00298528935726	0	0	0	0	1.19891138846e-05	0.00028773873323	0	0	1.19891138846e-05	0	2.7974599064e-05	0.00415622614666	0.000763306917319	0.00246176471764	0	0	0	7.99274258973e-05	0	0	0	0	0.000979110967242	2.7974599064e-05	0	7.99274258973e-06	0	0.00120290775975	1.59854851795e-05	0	0	0	0	0	3.99637129486e-06
0.00073932868955	0.00896386081438	0.00916367937912	0	3.99637129486e-06	0	1.99818564743e-05	0.00123487873011	0.000203814936038	0.00126285332918	1.99818564743e-05	0.00318510792201	1.19891138846e-05	0.00314514420906	0.000271753248051	0	0.000611444808114	0.0114975602153	0.00331698817474	0.00665395820595	2.39782277692e-05	0.00201017476132	0.00211807678628	0.00674187837444	0.000899183541344	0.000931154511703	0.0728658378193	0.0204534282871	0.000519528268332	0.000199818564743	0.00305322766928	0.00237384454915	0	3.99637129486e-06	0.00101907468019	0	0.0129042829111	0.000299727847115	0	7.59310546024e-05	0	5.19528268332e-05	3.99637129486e-06	2.7974599064e-05	0.000379655273012	1.99818564743e-05	7.99274258973e-05	0.000119891138846	0.00665395820595	4.79564555384e-05	0	0.000107902024961	0.000967121853357	0.000967121853357	0.00678184208738	6.39419407178e-05	1.19891138846e-05	0.000503542783153	5.59491981281e-05	0.000355677045243	0.00779292402499	0.019110647532	0.0165409807894	0.000115894767551	7.99274258973e-05	3.99637129486e-06	0.000743325060845	0	0	0.000727339575665	0.00276149256475	0.00304523492669	0.00268556151015	0.00119491501716	5.59491981281e-05	0	4.39600842435e-05	0.0016345158596	0.000995096452421	0.000755314174729	5.59491981281e-05	7.99274258973e-06	3.99637129486e-06	0
0.000547502867396	0.0160893908331	0.0161573291451	0	4.39600842435e-05	0	3.19709703589e-05	0.000395640758192	9.19165397819e-05	0.0028014562777	0.00013987299532	0.000411626243371	1.99818564743e-05	0.00152261746334	0.000223796792512	0	0.00610245896726	0.00192625096412	5.9945569423e-05	0.000463579070204	5.19528268332e-05	0.000963125482062	0.0144708604587	0.00970318950393	0.00327302809049	0.0013227988986	0.0204534282871	0.0812222501968	0.000899183541344	0.000399637129486	0.000899183541344	0.00107902024961	3.99637129486e-06	3.99637129486e-06	0.000987103709831	0	0.0192345350422	0.000247775020282	0	0.000131880252731	0	0.000103905653666	3.99637129486e-06	3.59673416538e-05	0.000523524639627	0.000143869366615	1.19891138846e-05	0.000123887510141	0.00344886842747	3.59673416538e-05	3.99637129486e-06	0.00251771391576	0.000343687931358	6.39419407178e-05	0.00308120226834	9.99092823716e-05	2.39782277692e-05	0.00836440512015	0.00360472690797	0.000635423035883	0.0047476890983	0.00601054242748	0.0224556103058	0.000423615357256	1.59854851795e-05	0	0.000351680673948	0	0	0.000595459322935	0.0116094586116	0.00253769577224	0.00237784092044	0.000711354090486	3.19709703589e-05	0	3.19709703589e-05	0.00129882067083	0.000615441179409	0.000655404892358	4.79564555384e-05	0	2.39782277692e-05	0
0.0142190890671	0.00028773873323	0.00531117745087	0	0.00899583178474	0	0.00117892953198	0.035495769841	0.011249785195	0.0165010170765	0.0071575009891	0.00160254488924	0.00119491501716	1.59854851795e-05	0.00520727179721	0.000667394006242	0.00192225459283	7.99274258973e-05	0.000167847594384	0.000275749619346	0.0017144432855	0.012780395401	0.00539110487677	0.00924360680502	0.0210009311545	1.19891138846e-05	0.000519528268332	0.000899183541344	0.0813980905338	0.0114456073885	0.00936349794387	3.99637129486e-06	0	0.00495949677693	0.00867212570986	1.19891138846e-05	9.99092823716e-05	0.000107902024961	0	0.00858020917007	0	0.00128683155695	0.000979110967242	0.000215804049923	0.0174721353011	0.0033449627738	0.000331698817474	0.00186230902341	7.99274258973e-05	0.000299727847115	0.0001558584805	0.00248574294541	8.7920168487e-05	0.000119891138846	0.000331698817474	0.00367666159128	0.000123887510141	0.00668592917631	0.000415622614666	0.0150223596974	0	0.000543506496102	0.00058347020905	0.0113137271358	0.000719346833076	0.00045158995632	5.59491981281e-05	3.99637129486e-06	2.7974599064e-05	0.000711354090486	0.00346085754135	0.000307720589705	0.00739728326679	0.00165449771607	0.00170245417161	3.59673416538e-05	0	0.00481562741031	0.00130281704213	0.000647412149768	0.000123887510141	0.000567484723871	0.000119891138846	3.99637129486e-06
0.0177438885492	1.99818564743e-05	0.000619437550704	0	0.00118692227457	0	0.00112298033386	0.011709367894	0.00512334800002	0.0024098118908	0.00779292402499	0.00784887322311	0.00392443661156	0.00027974599064	0.012116997766	7.19346833076e-05	0.000143869366615	0.000915169026524	0.000779292402499	0.000827248858037	0.00412825154759	0.000383651644307	1.99818564743e-05	0.00088719442746	0.00408029509206	1.19891138846e-05	0.000199818564743	0.000399637129486	0.0114456073885	0.0463219396788	0.010530438362	0	0.00137874809673	0.00841236157569	0.0167407993542	0	3.19709703589e-05	0	0	0.000735332318255	0	0.000111898396256	0.000203814936038	0.000103905653666	0.00234586995009	0.000463579070204	7.99274258973e-06	8.7920168487e-05	7.99274258973e-06	7.99274258973e-05	0	1.99818564743e-05	3.59673416538e-05	1.19891138846e-05	7.59310546024e-05	0.000195822193448	1.99818564743e-05	5.59491981281e-05	2.7974599064e-05	0.00219800421218	0	5.59491981281e-05	9.59129110767e-05	0.00167847594384	1.99818564743e-05	0	0	0	0	0.000111898396256	0.00145867552263	0.000271753248051	0.012360776415	0.00180635982528	0.000119891138846	7.59310546024e-05	0.000211807678628	0.000423615357256	7.19346833076e-05	0.000123887510141	1.99818564743e-05	1.99818564743e-05	7.99274258973e-05	0
0.0083244414072	1.99818564743e-05	0.00539909761936	0	3.99637129486e-06	0	7.99274258973e-06	0.00944342536976	0.00231389897973	0.000695368605306	7.99274258973e-06	0.00027974599064	7.99274258973e-06	0	0.00442797939471	0	0.000159854851795	0.00405232049299	1.99818564743e-05	0.000419618985961	0	0.0137714954821	5.59491981281e-05	0.0102546887426	0.00281344539158	0	0.00305322766928	0.000899183541344	0.00936349794387	0.010530438362	0.0392163915165	3.99637129486e-06	0	0.00195022919189	0.00776095305463	0	5.19528268332e-05	0	0	6.79383120127e-05	0	0	6.79383120127e-05	0	0.00058347020905	1.99818564743e-05	0	0	0	0	0	5.59491981281e-05	6.39419407178e-05	0	0.000123887510141	1.59854851795e-05	3.99637129486e-06	6.79383120127e-05	3.59673416538e-05	0.000415622614666	0	8.7920168487e-05	3.99637129486e-05	0.000423615357256	0	0	0	0	0	3.99637129486e-06	0.000611444808114	0.000187829450859	0.00563887989705	0.00114296219033	4.39600842435e-05	8.39237971921e-05	3.99637129486e-06	0.000267756876756	0.000107902024961	2.7974599064e-05	1.99818564743e-05	3.99637129486e-06	3.99637129486e-06	0
0	0.000103905653666	0	0	0	0	0	0	0	6.39419407178e-05	0	0.000331698817474	0	0.000963125482062	0	0	1.99818564743e-05	0	8.39237971921e-05	0	0	0	8.7920168487e-05	1.19891138846e-05	2.7974599064e-05	1.59854851795e-05	0.00237384454915	0.00107902024961	3.99637129486e-06	0	3.99637129486e-06	0.00261362682684	0	0	3.99637129486e-06	0	5.9945569423e-05	0	0	0	0	0	0	0	1.59854851795e-05	0	0	0	0.00073932868955	0	0	0	0	3.99637129486e-06	1.59854851795e-05	0	0	1.99818564743e-05	0	7.99274258973e-06	0.000131880252731	9.99092823716e-05	0.000507539154448	0	0	0	7.99274258973e-05	0	0	0	2.39782277692e-05	9.99092823716e-05	3.99637129486e-05	1.19891138846e-05	3.99637129486e-06	0	7.99274258973e-06	0	1.19891138846e-05	0	0	0	0	0
1.19891138846e-05	3.99637129486e-06	0	0	0	0.000395640758192	0.00115894767551	1.99818564743e-05	0.000915169026524	0	2.7974599064e-05	0.000759310546024	1.19891138846e-05	0.000203814936038	0.00221398969735	0.000103905653666	0	0	0	0	1.19891138846e-05	0	0	3.99637129486e-06	0	2.7974599064e-05	0	3.99637129486e-06	0	0.00137874809673	0	0	0.00434805196881	0	0.00148665012169	0	0	0	0	0	0	0	0	0	0	0	0	0	0	0	0	0	0	7.99274258973e-06	1.59854851795e-05	0	3.99637129486e-06	0	0	0	0	7.99274258973e-06	3.99637129486e-06	3.99637129486e-06	0	0	0	0	0	0	0.000631426664589	0.000227793163807	0.00149863923557	0.000115894767551	0.000355677045243	0.000447593585025	0.000267756876756	0.000119891138846	2.7974599064e-05	0	0	0	0	0
0.000987103709831	1.19891138846e-05	7.19346833076e-05	0	0.00014786573791	0	0	0.00355277408113	0.000715350461781	0.00107102750702	5.9945569423e-05	0.000223796792512	0	0	0.00133878438378	1.99818564743e-05	3.99637129486e-06	2.39782277692e-05	3.99637129486e-05	0.000111898396256	0	5.9945569423e-05	1.19891138846e-05	8.39237971921e-05	0.0016305194883	0	3.99637129486e-06	3.99637129486e-06	0.00495949677693	0.00841236157569	0.00195022919189	0	0	0.00898783904215	0.00241780463339	0	1.19891138846e-05	0	0	0.000175840336974	0	0	9.19165397819e-05	0	0.000767303288614	3.59673416538e-05	0	0	0	0	0	1.19891138846e-05	0	0	0	1.59854851795e-05	0	1.59854851795e-05	7.99274258973e-06	0.000587466580345	0	0	1.99818564743e-05	0.00045158995632	0	0	0	0	0	0	9.59129110767e-05	1.19891138846e-05	0.00137475172543	0.000223796792512	1.19891138846e-05	7.99274258973e-06	0	0.000135876624025	0	7.99274258973e-06	3.99637129486e-06	0	0	0
0.0129122756537	0.000231789535102	0.0012428714727	0	0.000835241600627	0.000175840336974	0.000467575441499	0.00932353423092	0.00133878438378	0.00127883881436	0.00758511271765	0.0141511507551	0.0028773873323	0.00045158995632	0.00255767762871	0.000199818564743	8.39237971921e-05	0.00557893432763	0.00198220016225	0.00448392859284	0.00479564555384	0.00697366790954	5.59491981281e-05	0.00673388563185	0.00257366311389	2.39782277692e-05	0.00101907468019	0.000987103709831	0.00867212570986	0.0167407993542	0.00776095305463	3.99637129486e-06	0.00148665012169	0.00241780463339	0.0491154032139	0	0.000291735104525	0	0	0.0010110819376	0	0.000259764134166	0.0001558584805	0.000239782277692	0.0020980949298	0.000943143625588	3.99637129486e-06	0.000227793163807	0	0.000207811307333	0	1.99818564743e-05	2.39782277692e-05	1.59854851795e-05	0.000299727847115	0.00028773873323	4.39600842435e-05	5.59491981281e-05	7.59310546024e-05	0.00236984817785	3.99637129486e-06	0.000395640758192	0.000187829450859	0.00165849408737	2.39782277692e-05	0	0	0	0	0.000247775020282	0.00286939458971	0.000383651644307	0.0337413628425	0.00494351129175	7.59310546024e-05	0.000679383120127	0.000255767762871	0.000555495609986	0.000119891138846	0.000271753248051	1.59854851795e-05	2.39782277692e-05	0.000215804049923	0
0	0	0	0	0	0	0	0	0	0	0	0	0	0	0	0	0	0	0	0	0	7.99274258973e-06	1.19891138846e-05	0	3.99637129486e-06	0	0	0	1.19891138846e-05	0	0	0	0	0	0	0.011113908571	0	5.19528268332e-05	0	1.19891138846e-05	0	0.000323706074884	0.00744523972233	0.000415622614666	0	8.39237971921e-05	0	2.39782277692e-05	0	0.00430808825586	0	9.19165397819e-05	0.00030372421841	0	8.7920168487e-05	1.99818564743e-05	7.59310546024e-05	1.59854851795e-05	0.00014786573791	0.000607448436819	0	7.99274258973e-06	7.59310546024e-05	0.00156258117629	0.004431975766	0.00109900210609	0	0	0.00127484244306	0.00119491501716	0	0	0	0	0	0	0	3.99637129486e-06	0	0.000335695188769	1.19891138846e-05	0	2.39782277692e-05	0
