0.0103253088585	1.42221885104e-05	0.000583109728925	0	0.000151703344111	4.74072950346e-06	1.89629180138e-05	0.00246043861229	0.000317628876732	0.00039822127829	0.000189629180138	6.63702130484e-05	3.79258360276e-05	1.42221885104e-05	0.00345125107852	0	4.74072950346e-05	0.00050725805687	4.74072950346e-06	0.000151703344111	4.26665655311e-05	0.000730072343532	0.000251258663683	0.00121362675288	0.000763257450056	4.74072950346e-06	0.000199110639145	6.16294835449e-05	0.0017825142933	0.00906901554011	0.00552294987153	0	9.48145900691e-06	0.00138429301501	0.0019152547194	3.31851065242e-05	4.74072950346e-06	4.74072950346e-06	0	3.79258360276e-05	0	5.2148024538e-05	0.000132740426097	8.53331310622e-05	0.000483554409353	7.11109425518e-05	4.74072950346e-06	1.42221885104e-05	0	7.58516720553e-05	1.42221885104e-05	5.2148024538e-05	4.74072950346e-06	4.74072950346e-06	4.74072950346e-06	2.37036475173e-05	9.48145900691e-06	7.11109425518e-05	2.37036475173e-05	0.000469332220842	0	4.74072950346e-06	9.48145900691e-06	0.000227555016166	1.89629180138e-05	9.48145900691e-06	0	0	0	3.79258360276e-05	0.000331851065242	6.16294835449e-05	0.00036977690127	9.95553195726e-05	1.89629180138e-05	0	0	4.26665655311e-05	9.48145900691e-06	2.84443770207e-05	0	5.2148024538e-05	1.42221885104e-05	0
1.42221885104e-05	0.0271264542188	0.0052100617243	0	0	4.74072950346e-06	4.74072950346e-06	3.31851065242e-05	1.89629180138e-05	0.000834368392608	1.42221885104e-05	0.000146962614607	9.48145900691e-06	0.000331851065242	4.74072950346e-05	2.84443770207e-05	0.000142221885104	0.00252206809584	6.63702130484e-05	0.00152177417061	0	0.000142221885104	0.00412443466801	0.000673183589491	0.000232295745669	0.00144592249855	0.0100076799818	0.0166826271227	0.000151703344111	0.000194369909642	0.000118518237586	4.74072950346e-06	9.48145900691e-06	7.58516720553e-05	0.000895997876153	2.84443770207e-05	0.0098749395557	0.0035602878571	0	4.74072950346e-06	0	1.89629180138e-05	8.05924015588e-05	2.84443770207e-05	6.63702130484e-05	1.89629180138e-05	0.000194369909642	9.48145900691e-06	9.95553195726e-05	5.2148024538e-05	0	0.000175406991628	0.00131792280196	4.74072950346e-05	0.000573628269918	4.74072950346e-06	0.000303406688221	0.000872294228636	0.00137955228551	0.000109036778579	0.000848590581119	0.00326162189838	0.00651850306725	9.00738605657e-05	1.42221885104e-05	9.95553195726e-05	9.48145900691e-06	0	0	0.000820146204098	0.00112829362182	0.000853331310622	0.000455110032332	9.00738605657e-05	5.2148024538e-05	0	9.48145900691e-06	0.000540443163394	0.00100503465473	0.000639998482967	0.000118518237586	1.42221885104e-05	9.48145900691e-06	1.42221885104e-05
0.000583109728925	0.0052100617243	0.0482274412387	0	4.74072950346e-05	1.89629180138e-05	1.42221885104e-05	0.0013700708265	0.000151703344111	0.000289184499711	3.79258360276e-05	9.48145900691e-05	1.42221885104e-05	6.16294835449e-05	0.000511998786373	0	0.000365036171766	0.0114441210213	5.68887540415e-05	0.00128947842494	1.42221885104e-05	0.00176355137529	0.00407702737297	0.0207027657416	0.000293925229214	2.84443770207e-05	0.00909745991713	0.0148858906409	0.00117570091686	0.00217125411258	0.00354132493908	4.74072950346e-06	1.89629180138e-05	0.000293925229214	0.00294399302165	3.79258360276e-05	0.00333747357043	0.00303406688221	0	9.48145900691e-06	0	9.48145900691e-06	0.000151703344111	1.89629180138e-05	0.000165925532621	3.31851065242e-05	6.63702130484e-05	4.74072950346e-06	4.74072950346e-06	4.26665655311e-05	0	0.00132740426097	0.000971849548208	2.37036475173e-05	0.000118518237586	1.42221885104e-05	0.000635257753463	0.00391584256985	0.00426191582361	0.000379258360276	3.31851065242e-05	0.00105718267927	0.00471228512644	0.000355554712759	2.37036475173e-05	0.000222814286662	0	0	9.48145900691e-06	0.000587850458429	0.006167689084	0.00139377447402	0.00396799059439	0.00078222036807	0.000270221581697	1.42221885104e-05	5.2148024538e-05	0.000796442556581	0.00114251581033	0.000711109425518	0.000199110639145	3.31851065242e-05	9.48145900691e-06	9.48145900691e-06
0	0	0	0	0	0	0	0	0	0	0	0	0	0	0	0	0	0	0	0	0	0	0	0	0	0	0	0	0	0	0	0	0	0	0	0	0	0	0	0	0	0	0	0	0	0	0	0	0	0	0	0	0	0	0	0	0	0	0	0	0	0	0	0	0	0	0	0	0	0	0	0	0	0	0	0	0	0	0	0	0	0	0	0
0.000151703344111	0	4.74072950346e-05	0	0.0228029089116	9.48145900691e-06	0.000341332524249	0.000952886630195	0.000417184196304	0.00304354834122	0.00298191885767	0.000109036778579	0.00445154500375	1.89629180138e-05	0.000654220671477	0.000127999696593	0	1.89629180138e-05	3.79258360276e-05	4.26665655311e-05	0.00972797694109	3.79258360276e-05	4.74072950346e-06	7.58516720553e-05	0.0105196787682	4.74072950346e-06	9.48145900691e-05	1.42221885104e-05	0.00819198058197	0.00192947690791	0.000412443466801	0	2.84443770207e-05	0.000938664441684	0.00122310821189	7.11109425518e-05	0	0	0	0.00550398695351	0	0.00024651793418	0.000189629180138	0.000151703344111	0.0024699200713	0.00184888450635	9.48145900691e-06	0.00160710730167	0	9.95553195726e-05	1.89629180138e-05	4.74072950346e-06	0	0	1.42221885104e-05	0.00319525168533	4.74072950346e-06	9.48145900691e-06	4.74072950346e-06	0.00311465928377	0	0	0	0.00323791825086	1.42221885104e-05	4.74072950346e-06	0	0	0	3.79258360276e-05	0.000232295745669	3.79258360276e-05	0.000478813679849	0.000127999696593	0.000355554712759	1.42221885104e-05	0	2.37036475173e-05	0	5.68887540415e-05	1.42221885104e-05	4.74072950346e-05	4.74072950346e-06	0
4.74072950346e-06	4.74072950346e-06	1.89629180138e-05	0	9.48145900691e-06	0.00584057874826	0.00195792128493	6.16294835449e-05	0.00368828755369	3.31851065242e-05	8.53331310622e-05	7.11109425518e-05	4.74072950346e-05	1.89629180138e-05	0.000886516417146	0.000407702737297	0	9.48145900691e-06	9.48145900691e-06	1.42221885104e-05	4.74072950346e-06	0	9.48145900691e-06	2.37036475173e-05	1.89629180138e-05	9.48145900691e-06	4.26665655311e-05	1.89629180138e-05	7.58516720553e-05	0.00156444073614	3.31851065242e-05	0	0.00290132645612	0.000104296049076	0.00154547781813	0	0	0	0	4.74072950346e-06	0	4.74072950346e-06	4.74072950346e-06	4.74072950346e-06	9.48145900691e-06	9.48145900691e-06	4.74072950346e-06	4.74072950346e-06	4.74072950346e-06	0	0	0	0	0	0	4.74072950346e-06	0	0	4.74072950346e-06	3.31851065242e-05	4.74072950346e-06	0	0	1.89629180138e-05	0	0	0	0	0	0	0.000232295745669	4.26665655311e-05	0.000592591187932	0.000360295442263	0.000635257753463	0.000402962007794	4.74072950346e-06	0	4.74072950346e-06	0	0	0	0	4.74072950346e-06
1.89629180138e-05	4.74072950346e-06	1.42221885104e-05	0	0.000341332524249	0.00195792128493	0.0290464496677	0.00125629331842	0.0122500450369	0.000293925229214	0.00938190368734	0.000284443770207	0.00709687206667	4.74072950346e-05	0.00485450701154	0.000957627359698	0	2.37036475173e-05	9.00738605657e-05	4.26665655311e-05	0.000682665048498	1.89629180138e-05	1.89629180138e-05	2.84443770207e-05	0.000379258360276	1.89629180138e-05	0.000189629180138	3.79258360276e-05	0.000663702130484	0.00426191582361	9.00738605657e-05	4.74072950346e-06	0.00145066322806	0.000218073557159	0.0023276981862	0	0	0	0	0.000109036778579	0	1.89629180138e-05	2.37036475173e-05	4.26665655311e-05	0.000175406991628	0.000118518237586	1.42221885104e-05	3.79258360276e-05	4.74072950346e-06	2.84443770207e-05	0	4.74072950346e-06	0	0	4.74072950346e-06	0.000104296049076	0	4.74072950346e-06	4.74072950346e-06	0.000293925229214	4.74072950346e-06	4.74072950346e-06	0	8.05924015588e-05	0	0	0	0	0	0	0.000289184499711	6.16294835449e-05	0.000824886933601	0.000279703040704	0.000379258360276	8.53331310622e-05	0	9.48145900691e-06	9.48145900691e-06	9.48145900691e-06	4.74072950346e-06	0	0	0
0.00246043861229	3.31851065242e-05	0.0013700708265	0	0.000952886630195	6.16294835449e-05	0.00125629331842	0.0370393196105	0.00354606566859	0.00174458845727	0.00786961097574	0.000564146810911	0.000350813983256	9.48145900691e-05	0.00684087267349	4.74072950346e-05	8.05924015588e-05	0.000711109425518	0.000104296049076	0.00024651793418	0.000270221581697	0.0015028112526	0.000322369606235	0.00263110487442	0.00291080791512	1.42221885104e-05	0.000677924318994	0.000265480852194	0.0145587803051	0.0121694526354	0.00903108970408	0	5.68887540415e-05	0.00394428694688	0.00536176506841	7.58516720553e-05	1.42221885104e-05	4.74072950346e-06	0	0.00103347903175	0	0.000142221885104	0.000237036475173	0.000213332827656	0.00187258815387	0.000924442253174	9.48145900691e-06	0.000237036475173	1.42221885104e-05	0.000161184803118	9.48145900691e-06	6.63702130484e-05	9.48145900691e-06	0	4.74072950346e-06	0.00064473921247	1.42221885104e-05	0.0001374811556	5.68887540415e-05	0.00237036475173	9.48145900691e-06	1.42221885104e-05	1.89629180138e-05	0.000981331007215	2.37036475173e-05	2.37036475173e-05	0	0	0	3.31851065242e-05	0.000990812466222	0.000180147721131	0.00223288359613	0.000464591491339	0.00024651793418	1.89629180138e-05	4.74072950346e-06	9.00738605657e-05	2.37036475173e-05	5.68887540415e-05	1.42221885104e-05	9.95553195726e-05	2.37036475173e-05	0
0.000317628876732	1.89629180138e-05	0.000151703344111	0	0.000417184196304	0.00368828755369	0.0122500450369	0.00354606566859	0.0362049512179	0.00076799817956	0.00573154196968	0.000511998786373	0.00248414225981	7.58516720553e-05	0.0180906237852	0.000355554712759	1.42221885104e-05	0.000118518237586	9.00738605657e-05	0.000118518237586	0.00064473921247	0.000161184803118	0.000146962614607	0.000265480852194	0.000848590581119	2.84443770207e-05	0.000308147417725	0.000104296049076	0.00173984772777	0.0111075292266	0.00102399757275	4.74072950346e-06	0.00426665655311	0.000872294228636	0.00579317145322	4.74072950346e-05	9.48145900691e-06	1.89629180138e-05	0	0.000251258663683	0	8.53331310622e-05	0.0001374811556	0.000151703344111	0.000616294835449	0.000279703040704	1.42221885104e-05	7.58516720553e-05	9.48145900691e-06	9.95553195726e-05	2.84443770207e-05	9.48145900691e-06	9.48145900691e-06	0	1.89629180138e-05	0.000175406991628	4.74072950346e-06	2.84443770207e-05	4.74072950346e-06	0.000848590581119	2.37036475173e-05	1.89629180138e-05	1.89629180138e-05	0.00038399908978	9.48145900691e-06	2.84443770207e-05	0	0	0	1.89629180138e-05	0.00113303435133	0.000208592098152	0.00245095715329	0.00115673799884	0.000331851065242	0.000270221581697	1.89629180138e-05	7.58516720553e-05	1.89629180138e-05	5.68887540415e-05	4.74072950346e-06	6.63702130484e-05	1.89629180138e-05	4.74072950346e-06
0.00039822127829	0.000834368392608	0.000289184499711	0	0.00304354834122	3.31851065242e-05	0.000293925229214	0.00174458845727	0.00076799817956	0.0254577174336	0.00171614408025	0.000279703040704	0.00206695806351	4.74072950346e-05	0.00141273739203	0.000402962007794	0.000530961704387	0.000127999696593	7.58516720553e-05	7.58516720553e-05	0.00201955076847	0.000402962007794	0.00537598725692	0.000493035868359	0.00848590581119	3.79258360276e-05	0.000412443466801	0.00105718267927	0.00608235595293	0.00448473011027	0.00257895684988	4.74072950346e-06	1.89629180138e-05	0.00258843830889	0.00412443466801	0.000530961704387	3.31851065242e-05	3.79258360276e-05	0	0.0032900662754	4.74072950346e-06	0.000587850458429	0.00117570091686	0.00091970152367	0.00785538878723	0.00304354834122	3.31851065242e-05	0.00198162493244	1.42221885104e-05	0.000687405778001	0.000109036778579	0.000279703040704	3.79258360276e-05	0	4.74072950346e-06	0.0030151039642	3.31851065242e-05	0.000374517630773	0.00012325896709	0.00879879395841	0	5.68887540415e-05	3.31851065242e-05	0.00346547326703	0.000161184803118	0.000113777508083	4.74072950346e-06	4.74072950346e-06	4.74072950346e-06	0.00024651793418	0.00118044164636	9.00738605657e-05	0.00140325593302	0.000365036171766	0.00149807052309	4.74072950346e-06	0	0.000379258360276	9.95553195726e-05	0.000436147114318	9.00738605657e-05	0.000488295138856	0.000151703344111	1.42221885104e-05
0.000189629180138	1.42221885104e-05	3.79258360276e-05	0	0.00298191885767	8.53331310622e-05	0.00938190368734	0.00786961097574	0.00573154196968	0.00171614408025	0.0348396211209	0.000843849851615	0.00594961552684	9.95553195726e-05	0.00470280366743	0.0001374811556	2.37036475173e-05	3.31851065242e-05	0.000161184803118	0.000170666262124	0.00321421460334	2.84443770207e-05	2.37036475173e-05	9.00738605657e-05	0.00196266201443	3.31851065242e-05	0.000564146810911	5.68887540415e-05	0.0065801325508	0.00620561492002	0.000232295745669	0	8.53331310622e-05	0.00158340365415	0.00473124804445	9.48145900691e-06	0	9.48145900691e-06	0	0.000862812769629	0	5.2148024538e-05	8.05924015588e-05	5.2148024538e-05	0.00117570091686	0.000758516720553	1.42221885104e-05	0.000459850761835	9.48145900691e-06	2.84443770207e-05	9.48145900691e-06	4.74072950346e-06	4.74072950346e-06	4.74072950346e-06	9.48145900691e-06	0.000749035261546	0	4.74072950346e-06	4.74072950346e-06	0.00166399605571	1.42221885104e-05	9.48145900691e-06	4.74072950346e-06	0.000440887843821	9.48145900691e-06	0	0	0	0	4.74072950346e-06	0.000474072950346	9.95553195726e-05	0.00166399605571	0.000341332524249	0.000175406991628	1.89629180138e-05	4.74072950346e-06	2.84443770207e-05	9.48145900691e-06	1.42221885104e-05	0	1.42221885104e-05	9.48145900691e-06	4.74072950346e-06
6.63702130484e-05	0.000146962614607	9.48145900691e-05	0	0.000109036778579	7.11109425518e-05	0.000284443770207	0.000564146810911	0.000511998786373	0.000279703040704	0.000843849851615	0.025424532327	0.000587850458429	0.00585006020726	0.00118044164636	4.74072950346e-06	1.89629180138e-05	0.000308147417725	0.0037072504717	0.00428087874162	0.000184888450635	0.000109036778579	9.95553195726e-05	0.000255999393187	0.000270221581697	0.00223288359613	0.0107804188909	0.000943405171188	0.000440887843821	0.00447998938077	0.000208592098152	0.000132740426097	0.000118518237586	0.000592591187932	0.00977064350662	4.74072950346e-05	6.63702130484e-05	1.42221885104e-05	0	6.63702130484e-05	0	3.79258360276e-05	6.63702130484e-05	7.11109425518e-05	0.000213332827656	9.48145900691e-05	0.00121836748239	1.89629180138e-05	0.000971849548208	7.11109425518e-05	4.74072950346e-06	1.42221885104e-05	5.2148024538e-05	0.000151703344111	0.000184888450635	3.31851065242e-05	0	2.37036475173e-05	3.31851065242e-05	0.000255999393187	0.00106192340877	0.000839109122112	0.00024651793418	0.000170666262124	1.89629180138e-05	1.89629180138e-05	9.00738605657e-05	0	0	0.000199110639145	0.0013700708265	0.00279703040704	0.00449421156928	0.000554665351904	3.31851065242e-05	9.48145900691e-06	0.000516739515877	0.000170666262124	0.00100977538424	0.000189629180138	3.79258360276e-05	2.84443770207e-05	9.48145900691e-06	0.000109036778579
3.79258360276e-05	9.48145900691e-06	1.42221885104e-05	0	0.00445154500375	4.74072950346e-05	0.00709687206667	0.000350813983256	0.00248414225981	0.00206695806351	0.00594961552684	0.000587850458429	0.0279086745868	8.53331310622e-05	0.00256473466137	0.00111881216282	0	2.37036475173e-05	9.95553195726e-05	9.95553195726e-05	0.00959523651499	2.84443770207e-05	4.26665655311e-05	2.84443770207e-05	0.0035650285866	4.26665655311e-05	0.000379258360276	3.31851065242e-05	0.00153125562962	0.00364088025865	7.11109425518e-05	9.48145900691e-06	7.11109425518e-05	0.000336591794745	0.00275910457101	4.74072950346e-06	0	4.74072950346e-06	0	0.000303406688221	0	9.48145900691e-06	2.37036475173e-05	2.84443770207e-05	0.000426665655311	0.000251258663683	4.74072950346e-06	0.000194369909642	4.74072950346e-06	1.89629180138e-05	0	0	0	4.74072950346e-06	4.74072950346e-06	0.000303406688221	0	0	0	0.000535702433891	0	9.48145900691e-06	0	0.00012325896709	0	0	0	0	0	4.74072950346e-06	0.000237036475173	7.11109425518e-05	0.000881775687643	0.000151703344111	0.000929182982677	9.48145900691e-06	4.74072950346e-06	4.74072950346e-06	1.42221885104e-05	4.74072950346e-06	0	4.74072950346e-06	0	0
1.42221885104e-05	0.000331851065242	6.16294835449e-05	0	1.89629180138e-05	1.89629180138e-05	4.74072950346e-05	9.48145900691e-05	7.58516720553e-05	4.74072950346e-05	9.95553195726e-05	0.00585006020726	8.53331310622e-05	0.019915804644	0.000156444073614	0	4.74072950346e-06	6.63702130484e-05	0.000843849851615	0.000393480548787	2.37036475173e-05	2.37036475173e-05	1.89629180138e-05	4.74072950346e-05	3.31851065242e-05	0.00612976324797	0.00817775839346	0.00446576719226	4.74072950346e-05	0.000649479941973	5.68887540415e-05	0.00118044164636	1.89629180138e-05	8.53331310622e-05	0.00135584863799	2.37036475173e-05	0.000118518237586	2.37036475173e-05	0	4.74072950346e-06	0	9.48145900691e-06	3.79258360276e-05	4.26665655311e-05	4.26665655311e-05	2.84443770207e-05	0.00245095715329	0	0.00189629180138	2.84443770207e-05	0	4.74072950346e-06	5.68887540415e-05	0.000516739515877	0.000483554409353	4.74072950346e-06	1.42221885104e-05	0	3.31851065242e-05	3.31851065242e-05	0.00244147569428	0.00249836444832	0.000739553802539	4.74072950346e-05	4.74072950346e-06	1.42221885104e-05	0.000132740426097	0	0	0.000255999393187	0.000360295442263	0.0019247361784	0.00136058936749	0.000213332827656	4.74072950346e-06	4.74072950346e-06	0.000692146507505	0.000132740426097	0.00147910760508	0.000331851065242	5.2148024538e-05	2.84443770207e-05	0	0.00012325896709
0.00345125107852	4.74072950346e-05	0.000511998786373	0	0.000654220671477	0.000886516417146	0.00485450701154	0.00684087267349	0.0180906237852	0.00141273739203	0.00470280366743	0.00118044164636	0.00256473466137	0.000156444073614	0.0422067147693	0.000203851368649	6.63702130484e-05	0.000388739819283	0.000213332827656	0.000322369606235	0.000824886933601	0.000597331917435	0.00038399908978	0.000957627359698	0.00170666262124	7.11109425518e-05	0.00078222036807	0.000222814286662	0.00377836141425	0.0242630535987	0.00477391460998	9.48145900691e-06	0.00133214499047	0.00319525168533	0.0102684201045	0.000132740426097	1.89629180138e-05	9.48145900691e-06	0	0.000421924925808	0	0.000189629180138	0.000308147417725	0.000327110335738	0.00136058936749	0.000488295138856	2.84443770207e-05	6.63702130484e-05	1.42221885104e-05	0.000241777204676	2.84443770207e-05	3.79258360276e-05	1.89629180138e-05	4.74072950346e-06	1.89629180138e-05	0.000222814286662	1.89629180138e-05	7.11109425518e-05	1.89629180138e-05	0.00161658876068	2.37036475173e-05	3.31851065242e-05	4.74072950346e-05	0.00076799817956	4.26665655311e-05	4.26665655311e-05	0	4.74072950346e-06	0	6.63702130484e-05	0.00210014317003	0.000379258360276	0.0041196939385	0.00147436687557	0.000232295745669	6.16294835449e-05	2.37036475173e-05	0.000132740426097	5.2148024538e-05	0.000142221885104	9.48145900691e-06	0.000170666262124	3.79258360276e-05	9.48145900691e-06
0	2.84443770207e-05	0	0	0.000127999696593	0.000407702737297	0.000957627359698	4.74072950346e-05	0.000355554712759	0.000402962007794	0.0001374811556	4.74072950346e-06	0.00111881216282	0	0.000203851368649	0.00545657965848	1.89629180138e-05	9.48145900691e-06	0	0	0.000232295745669	2.37036475173e-05	9.95553195726e-05	8.05924015588e-05	0.00038399908978	0	0	2.84443770207e-05	0.000194369909642	0.000189629180138	6.16294835449e-05	0	2.84443770207e-05	4.26665655311e-05	0.000165925532621	0	0	0	0	1.42221885104e-05	0	0	9.48145900691e-06	0	4.26665655311e-05	4.74072950346e-06	0	1.89629180138e-05	0	0	4.74072950346e-06	0	4.74072950346e-06	0	0	4.74072950346e-06	0	4.74072950346e-06	1.42221885104e-05	3.31851065242e-05	0	0	0	1.89629180138e-05	0	0	0	0	0	4.74072950346e-06	5.68887540415e-05	9.48145900691e-06	0.000156444073614	3.79258360276e-05	0.00372147266021	0	0	9.48145900691e-06	0	9.48145900691e-06	4.74072950346e-06	0	0	0
4.74072950346e-05	0.000142221885104	0.000365036171766	0	0	0	0	8.05924015588e-05	1.42221885104e-05	0.000530961704387	2.37036475173e-05	1.89629180138e-05	0	4.74072950346e-06	6.63702130484e-05	1.89629180138e-05	0.0133451535522	0.00024651793418	9.48145900691e-06	5.68887540415e-05	0	0.00222814286662	0.00474547023296	0.00597805990386	0.00214755046507	9.48145900691e-06	0.000184888450635	0.00235614256322	0.000995553195726	0.000445628573325	0.000478813679849	0	0	0.000478813679849	0.00152651490011	0.000113777508083	2.37036475173e-05	1.89629180138e-05	0	4.74072950346e-06	0	2.37036475173e-05	0.000161184803118	6.16294835449e-05	0.000426665655311	2.84443770207e-05	4.74072950346e-06	4.74072950346e-06	4.74072950346e-06	0.000109036778579	4.74072950346e-06	0.00191051398989	3.31851065242e-05	0	9.48145900691e-06	9.48145900691e-06	9.95553195726e-05	0.00167821824422	0.00036977690127	0.000573628269918	0	1.89629180138e-05	8.05924015588e-05	0.000407702737297	3.79258360276e-05	0.000127999696593	4.74072950346e-06	4.74072950346e-06	0	8.05924015588e-05	0.00129895988395	0.000227555016166	0.000995553195726	0.000227555016166	6.16294835449e-05	0	4.74072950346e-06	0.00024651793418	0.000118518237586	0.000165925532621	6.63702130484e-05	5.68887540415e-05	9.48145900691e-06	0
0.00050725805687	0.00252206809584	0.0114441210213	0	1.89629180138e-05	9.48145900691e-06	2.37036475173e-05	0.000711109425518	0.000118518237586	0.000127999696593	3.31851065242e-05	0.000308147417725	2.37036475173e-05	6.63702130484e-05	0.000388739819283	9.48145900691e-06	0.00024651793418	0.0372099858726	0.000118518237586	0.0106571599238	9.48145900691e-06	0.00283969697257	0.00121836748239	0.0132930055277	0.000156444073614	3.31851065242e-05	0.0129137471674	0.00765153741858	0.000696887237008	0.00184414377684	0.00321895533285	4.74072950346e-06	4.74072950346e-06	0.000227555016166	0.00594013406783	1.89629180138e-05	0.00161184803118	0.00157392219515	0	4.74072950346e-06	0	9.48145900691e-06	4.74072950346e-05	2.37036475173e-05	9.48145900691e-05	1.42221885104e-05	3.31851065242e-05	4.74072950346e-06	1.42221885104e-05	1.89629180138e-05	0	0.000279703040704	0.000597331917435	9.48145900691e-06	0.000146962614607	4.74072950346e-06	0.000165925532621	0.000725331614029	0.00110933070381	0.000146962614607	8.53331310622e-05	0.00101451611374	0.00182992158833	0.000118518237586	4.74072950346e-06	3.79258360276e-05	0	0	0	0.000308147417725	0.00619139273151	0.00199584712095	0.00464591491339	0.00135110790848	0.000127999696593	1.89629180138e-05	9.48145900691e-06	0.000516739515877	0.000791701827077	0.000284443770207	0.000104296049076	1.42221885104e-05	9.48145900691e-06	4.74072950346e-06
4.74072950346e-06	6.63702130484e-05	5.68887540415e-05	0	3.79258360276e-05	9.48145900691e-06	9.00738605657e-05	0.000104296049076	9.00738605657e-05	7.58516720553e-05	0.000161184803118	0.0037072504717	9.95553195726e-05	0.000843849851615	0.000213332827656	0	9.48145900691e-06	0.000118518237586	0.0107045672188	0.00350813983256	4.74072950346e-05	3.31851065242e-05	1.89629180138e-05	9.00738605657e-05	9.95553195726e-05	0.000421924925808	0.0083626468441	0.00121362675288	0.000113777508083	0.000839109122112	3.79258360276e-05	3.79258360276e-05	1.42221885104e-05	0.000146962614607	0.00188206961287	9.48145900691e-06	3.31851065242e-05	4.74072950346e-06	0	2.84443770207e-05	0	4.74072950346e-06	1.89629180138e-05	9.48145900691e-06	3.79258360276e-05	1.89629180138e-05	0.00039822127829	4.74072950346e-06	0.000213332827656	1.42221885104e-05	4.74072950346e-06	4.74072950346e-06	3.79258360276e-05	0.000104296049076	0.000151703344111	9.48145900691e-06	0	4.74072950346e-06	1.42221885104e-05	5.2148024538e-05	0.000255999393187	0.000511998786373	0.000165925532621	4.26665655311e-05	0	9.48145900691e-06	2.84443770207e-05	0	0	8.53331310622e-05	0.000744294532043	0.00078222036807	0.00124681185941	0.000251258663683	9.48145900691e-06	0	1.42221885104e-05	3.79258360276e-05	0.000431406384814	9.95553195726e-05	1.89629180138e-05	1.42221885104e-05	0	1.42221885104e-05
0.000151703344111	0.00152177417061	0.00128947842494	0	4.26665655311e-05	1.42221885104e-05	4.26665655311e-05	0.00024651793418	0.000118518237586	7.58516720553e-05	0.000170666262124	0.00428087874162	9.95553195726e-05	0.000393480548787	0.000322369606235	0	5.68887540415e-05	0.0106571599238	0.00350813983256	0.0276242308166	5.2148024538e-05	0.00065896140098	0.000255999393187	0.00173510699826	0.000127999696593	0.000298665958718	0.0172752183106	0.00391110184035	0.000255999393187	0.00127999696593	0.000810664745091	1.89629180138e-05	2.84443770207e-05	0.000251258663683	0.00788383316425	2.37036475173e-05	0.00100977538424	0.000616294835449	0	1.89629180138e-05	0	9.48145900691e-06	4.26665655311e-05	1.89629180138e-05	4.74072950346e-05	1.89629180138e-05	0.000170666262124	9.48145900691e-06	0.0001374811556	2.37036475173e-05	4.74072950346e-06	7.11109425518e-05	0.000440887843821	8.53331310622e-05	0.00038399908978	1.42221885104e-05	2.37036475173e-05	0.000132740426097	0.000189629180138	5.68887540415e-05	0.000270221581697	0.00133688571997	0.00121836748239	6.63702130484e-05	9.48145900691e-06	2.37036475173e-05	2.37036475173e-05	0	0	0.000289184499711	0.00400117570092	0.00210014317003	0.0034228067015	0.000682665048498	3.79258360276e-05	9.48145900691e-06	3.31851065242e-05	0.00036977690127	0.000867553499132	0.000293925229214	5.68887540415e-05	1.42221885104e-05	9.48145900691e-06	0
4.26665655311e-05	0	1.42221885104e-05	0	0.00972797694109	4.74072950346e-06	0.000682665048498	0.000270221581697	0.00064473921247	0.00201955076847	0.00321421460334	0.000184888450635	0.00959523651499	2.37036475173e-05	0.000824886933601	0.000232295745669	0	9.48145900691e-06	4.74072950346e-05	5.2148024538e-05	0.0173036626876	3.31851065242e-05	1.42221885104e-05	2.37036475173e-05	0.00612502251847	4.74072950346e-06	0.00012325896709	4.74072950346e-06	0.00307673344774	0.00143170031004	0.000132740426097	4.74072950346e-06	2.37036475173e-05	0.000331851065242	0.00110458997431	4.74072950346e-06	0	0	0	0.000497776597863	0	5.68887540415e-05	1.42221885104e-05	1.42221885104e-05	0.000810664745091	0.00036977690127	0	0.000374517630773	0	9.48145900691e-06	0	0	0	0	0	0.000549924622401	0	0	0	0.000886516417146	0	0	0	0.000241777204676	4.74072950346e-06	0	0	0	0	4.74072950346e-06	0.000104296049076	1.89629180138e-05	0.0002749623112	5.2148024538e-05	0.000360295442263	4.74072950346e-06	0	1.42221885104e-05	0	4.74072950346e-06	0	1.42221885104e-05	0	0
0.000730072343532	0.000142221885104	0.00176355137529	0	3.79258360276e-05	0	1.89629180138e-05	0.0015028112526	0.000161184803118	0.000402962007794	2.84443770207e-05	0.000109036778579	2.84443770207e-05	2.37036475173e-05	0.000597331917435	2.37036475173e-05	0.00222814286662	0.00283969697257	3.31851065242e-05	0.00065896140098	3.31851065242e-05	0.0417847898435	0.00239880912875	0.0254909025401	0.00172088480975	4.74072950346e-06	0.000711109425518	0.00110458997431	0.00822042495899	0.00533806142089	0.0122737486844	0	4.74072950346e-06	0.00210014317003	0.0079596848363	0.000194369909642	4.26665655311e-05	4.26665655311e-05	0	5.68887540415e-05	0	3.31851065242e-05	0.00024651793418	0.0001374811556	0.00076799817956	6.63702130484e-05	0	4.74072950346e-06	4.74072950346e-06	0.000165925532621	1.42221885104e-05	0.000663702130484	3.31851065242e-05	0	4.74072950346e-06	1.42221885104e-05	5.2148024538e-05	0.00113303435133	0.000194369909642	0.000957627359698	9.48145900691e-06	6.16294835449e-05	0.000113777508083	0.000559406081408	4.26665655311e-05	0.000113777508083	0	0	4.74072950346e-06	4.74072950346e-05	0.00379732433227	0.000511998786373	0.00413391612701	0.00090547933516	0.00024651793418	9.48145900691e-06	1.42221885104e-05	0.000241777204676	7.58516720553e-05	0.000146962614607	4.74072950346e-05	8.05924015588e-05	9.48145900691e-06	0
0.000251258663683	0.00412443466801	0.00407702737297	0	4.74072950346e-06	9.48145900691e-06	1.89629180138e-05	0.000322369606235	0.000146962614607	0.00537598725692	2.37036475173e-05	9.95553195726e-05	4.26665655311e-05	1.89629180138e-05	0.00038399908978	9.95553195726e-05	0.00474547023296	0.00121836748239	1.89629180138e-05	0.000255999393187	1.42221885104e-05	0.00239880912875	0.0314452587964	0.00760413012354	0.00314784439029	9.00738605657e-05	0.0010951085153	0.00859020186026	0.00330428846391	0.00207169879301	0.00174458845727	0	1.42221885104e-05	0.00165925532621	0.00365036171766	0.000815405474594	0.000687405778001	0.000730072343532	0	7.11109425518e-05	4.74072950346e-06	0.000180147721131	0.00101925684324	0.000474072950346	0.00478339606899	0.000118518237586	7.58516720553e-05	7.58516720553e-05	9.48145900691e-06	0.000621035564953	5.68887540415e-05	0.00504413619168	0.000156444073614	9.48145900691e-06	5.2148024538e-05	4.26665655311e-05	0.000711109425518	0.0108420483744	0.00324739970987	0.0042524343646	0	0.000170666262124	0.00231347599769	0.00270221581697	0.000237036475173	0.000625776294456	4.74072950346e-06	4.74072950346e-06	4.74072950346e-06	0.000511998786373	0.00209066171102	0.000388739819283	0.00171140335075	0.000407702737297	0.000322369606235	0	4.74072950346e-06	0.00108562705629	0.000530961704387	0.000791701827077	0.000180147721131	0.000327110335738	0.000146962614607	1.42221885104e-05
0.00121362675288	0.000673183589491	0.0207027657416	0	7.58516720553e-05	2.37036475173e-05	2.84443770207e-05	0.00263110487442	0.000265480852194	0.000493035868359	9.00738605657e-05	0.000255999393187	2.84443770207e-05	4.74072950346e-05	0.000957627359698	8.05924015588e-05	0.00597805990386	0.0132930055277	9.00738605657e-05	0.00173510699826	2.37036475173e-05	0.0254909025401	0.00760413012354	0.0813272146318	0.00126577477742	2.84443770207e-05	0.00352710275057	0.0113635286198	0.00581213437124	0.00519583953579	0.010349012506	0	2.84443770207e-05	0.00146962614607	0.0118470830291	0.000161184803118	0.000308147417725	0.000360295442263	0	5.2148024538e-05	0	3.79258360276e-05	0.000298665958718	0.000127999696593	0.000592591187932	7.11109425518e-05	2.37036475173e-05	1.89629180138e-05	0	0.000170666262124	9.48145900691e-06	0.00354132493908	0.000184888450635	9.48145900691e-06	3.79258360276e-05	3.79258360276e-05	0.000412443466801	0.00642368847718	0.00305302980023	0.00120414529388	4.74072950346e-06	0.000218073557159	0.0013700708265	0.000843849851615	3.31851065242e-05	0.000317628876732	0	0	0	0.000284443770207	0.0152367046241	0.00199110639145	0.0124870815121	0.00237036475173	0.000933923712181	3.79258360276e-05	4.26665655311e-05	0.000971849548208	0.000573628269918	0.000502517327366	0.000251258663683	4.74072950346e-05	2.37036475173e-05	4.74072950346e-06
0.000763257450056	0.000232295745669	0.000293925229214	0	0.0105196787682	1.89629180138e-05	0.000379258360276	0.00291080791512	0.000848590581119	0.00848590581119	0.00196266201443	0.000270221581697	0.0035650285866	3.31851065242e-05	0.00170666262124	0.00038399908978	0.00214755046507	0.000156444073614	9.95553195726e-05	0.000127999696593	0.00612502251847	0.00172088480975	0.00314784439029	0.00126577477742	0.0380680579128	1.89629180138e-05	0.000336591794745	0.000625776294456	0.0169955152699	0.00656591036229	0.00406754591397	4.74072950346e-06	2.84443770207e-05	0.00417658269254	0.00572206051067	0.000331851065242	3.79258360276e-05	2.84443770207e-05	0	0.00254103101385	4.74072950346e-06	0.000327110335738	0.000720590884525	0.000388739819283	0.00487821065906	0.0015122927116	2.84443770207e-05	0.00127051550693	9.48145900691e-06	0.00039822127829	6.16294835449e-05	0.000175406991628	1.89629180138e-05	9.48145900691e-06	1.42221885104e-05	0.00190577326039	5.68887540415e-05	0.000526220974884	0.000104296049076	0.00621509637903	0	4.26665655311e-05	4.74072950346e-05	0.00199584712095	0.000113777508083	0.0001374811556	4.74072950346e-06	9.48145900691e-06	0	0.000113777508083	0.00120888602338	0.000165925532621	0.00202429149798	0.000474072950346	0.000881775687643	1.42221885104e-05	0	0.000227555016166	7.11109425518e-05	0.000237036475173	6.16294835449e-05	0.00024651793418	7.58516720553e-05	0
4.74072950346e-06	0.00144592249855	2.84443770207e-05	0	4.74072950346e-06	9.48145900691e-06	1.89629180138e-05	1.42221885104e-05	2.84443770207e-05	3.79258360276e-05	3.31851065242e-05	0.00223288359613	4.26665655311e-05	0.00612976324797	7.11109425518e-05	0	9.48145900691e-06	3.31851065242e-05	0.000421924925808	0.000298665958718	4.74072950346e-06	4.74072950346e-06	9.00738605657e-05	2.84443770207e-05	1.89629180138e-05	0.0118897495947	0.0032853255459	0.00246043861229	2.37036475173e-05	0.000232295745669	4.74072950346e-06	0.000165925532621	9.48145900691e-06	1.89629180138e-05	0.00052148024538	1.42221885104e-05	0.0002749623112	5.2148024538e-05	0	0	0	1.89629180138e-05	1.89629180138e-05	3.31851065242e-05	4.74072950346e-06	9.48145900691e-06	0.00203851368649	0	0.00195318055542	2.37036475173e-05	0	4.74072950346e-06	3.79258360276e-05	0.00038399908978	0.000327110335738	0	4.74072950346e-06	0	3.31851065242e-05	4.74072950346e-06	0.00321895533285	0.00225658724365	0.000763257450056	0	9.48145900691e-06	9.48145900691e-06	0.000118518237586	0	0	0.00024651793418	0.000170666262124	0.00110933070381	0.000455110032332	5.68887540415e-05	4.74072950346e-06	0	0.000592591187932	9.00738605657e-05	0.000829627663105	0.00026074012269	3.79258360276e-05	1.42221885104e-05	0	0.000232295745669
0.000199110639145	0.0100076799818	0.00909745991713	0	9.48145900691e-05	4.26665655311e-05	0.000189629180138	0.000677924318994	0.000308147417725	0.000412443466801	0.000564146810911	0.0107804188909	0.000379258360276	0.00817775839346	0.00078222036807	0	0.000184888450635	0.0129137471674	0.0083626468441	0.0172752183106	0.00012325896709	0.000711109425518	0.0010951085153	0.00352710275057	0.000336591794745	0.0032853255459	0.0965734007149	0.0320568129024	0.000677924318994	0.00328058481639	0.00131318207246	0.000943405171188	8.53331310622e-05	0.000578368999422	0.010282642293	0.000113777508083	0.006864576321	0.00310517782476	0	6.63702130484e-05	0	1.89629180138e-05	0.000199110639145	9.48145900691e-05	0.000203851368649	9.48145900691e-05	0.0027448823825	2.37036475173e-05	0.00156444073614	0.000170666262124	4.74072950346e-06	0.000222814286662	0.00242251277627	0.000848590581119	0.00295347448065	4.26665655311e-05	0.000127999696593	0.000421924925808	0.000786961097574	0.00024651793418	0.00371199120121	0.0104580492846	0.00804027723786	0.00024651793418	5.68887540415e-05	0.000113777508083	0.000146962614607	0	4.74072950346e-06	0.00198636566195	0.00746190823844	0.00640946628867	0.00650902160825	0.00138429301501	3.31851065242e-05	1.42221885104e-05	0.000113777508083	0.00140325593302	0.00491613649508	0.00170192189174	0.000251258663683	0.000109036778579	3.79258360276e-05	8.05924015588e-05
6.16294835449e-05	0.0166826271227	0.0148858906409	0	1.42221885104e-05	1.89629180138e-05	3.79258360276e-05	0.000265480852194	0.000104296049076	0.00105718267927	5.68887540415e-05	0.000943405171188	3.31851065242e-05	0.00446576719226	0.000222814286662	2.84443770207e-05	0.00235614256322	0.00765153741858	0.00121362675288	0.00391110184035	4.74072950346e-06	0.00110458997431	0.00859020186026	0.0113635286198	0.000625776294456	0.00246043861229	0.0320568129024	0.0801941802805	0.000687405778001	0.000910220064664	0.000758516720553	0.00024651793418	2.84443770207e-05	0.000303406688221	0.00399643497141	4.74072950346e-05	0.00692620580455	0.00307199271824	0	1.89629180138e-05	0	2.37036475173e-05	0.000146962614607	3.79258360276e-05	0.000142221885104	2.37036475173e-05	0.00091970152367	9.48145900691e-06	0.000412443466801	6.63702130484e-05	4.74072950346e-06	0.00139851520352	0.00135110790848	0.000336591794745	0.00137955228551	4.74072950346e-06	0.000497776597863	0.00371199120121	0.00303880761172	0.000322369606235	0.00204325441599	0.00478339606899	0.00688827996852	0.000255999393187	1.42221885104e-05	0.000175406991628	4.26665655311e-05	0	0	0.00119940456437	0.00649954014924	0.00272591946449	0.00337065867696	0.000739553802539	0.000194369909642	9.48145900691e-06	6.63702130484e-05	0.00103347903175	0.00228503162067	0.00109036778579	0.000222814286662	1.42221885104e-05	1.89629180138e-05	4.74072950346e-05
0.0017825142933	0.000151703344111	0.00117570091686	0	0.00819198058197	7.58516720553e-05	0.000663702130484	0.0145587803051	0.00173984772777	0.00608235595293	0.0065801325508	0.000440887843821	0.00153125562962	4.74072950346e-05	0.00377836141425	0.000194369909642	0.000995553195726	0.000696887237008	0.000113777508083	0.000255999393187	0.00307673344774	0.00822042495899	0.00330428846391	0.00581213437124	0.0169955152699	2.37036475173e-05	0.000677924318994	0.000687405778001	0.0639192558951	0.0134589310603	0.0145635210346	0	8.05924015588e-05	0.00821094349999	0.0120888602338	0.000621035564953	3.31851065242e-05	3.31851065242e-05	0	0.00273540092349	0	0.000455110032332	0.00111407143331	0.00075377599105	0.00691672434554	0.00210014317003	3.31851065242e-05	0.0010998492448	9.48145900691e-06	0.000696887237008	0.000109036778579	0.00036977690127	3.31851065242e-05	9.48145900691e-06	1.42221885104e-05	0.00198162493244	8.05924015588e-05	0.000858072040126	0.0001374811556	0.00684087267349	4.74072950346e-06	3.79258360276e-05	6.16294835449e-05	0.00357451004561	0.000180147721131	0.000208592098152	4.74072950346e-06	4.74072950346e-06	9.48145900691e-06	0.000208592098152	0.00299614104618	0.000445628573325	0.00448947083977	0.00110458997431	0.000687405778001	2.37036475173e-05	4.74072950346e-06	0.000478813679849	0.000127999696593	0.000431406384814	8.53331310622e-05	0.000436147114318	0.000132740426097	9.48145900691e-06
0.00906901554011	0.000194369909642	0.00217125411258	0	0.00192947690791	0.00156444073614	0.00426191582361	0.0121694526354	0.0111075292266	0.00448473011027	0.00620561492002	0.00447998938077	0.00364088025865	0.000649479941973	0.0242630535987	0.000189629180138	0.000445628573325	0.00184414377684	0.000839109122112	0.00127999696593	0.00143170031004	0.00533806142089	0.00207169879301	0.00519583953579	0.00656591036229	0.000232295745669	0.00328058481639	0.000910220064664	0.0134589310603	0.0793645526174	0.0220443921911	1.89629180138e-05	0.00296769666916	0.0228740198542	0.0395803506244	0.000573628269918	6.63702130484e-05	5.68887540415e-05	0	0.00100503465473	0	0.000540443163394	0.00113303435133	0.000962368089202	0.00467435929041	0.00110933070381	0.00012325896709	0.000232295745669	7.11109425518e-05	0.000810664745091	9.48145900691e-05	0.00026074012269	3.79258360276e-05	4.26665655311e-05	3.79258360276e-05	0.000554665351904	4.74072950346e-05	0.000516739515877	0.000127999696593	0.00495406233111	7.58516720553e-05	0.000127999696593	0.000118518237586	0.00259317903839	0.000194369909642	0.000113777508083	4.74072950346e-06	4.74072950346e-06	4.74072950346e-06	0.000184888450635	0.00720116811575	0.00131318207246	0.0150992234685	0.00433776749566	0.00050725805687	0.000151703344111	8.53331310622e-05	0.000540443163394	0.000184888450635	0.000440887843821	9.95553195726e-05	0.000511998786373	0.000151703344111	2.84443770207e-05
0.00552294987153	0.000118518237586	0.00354132493908	0	0.000412443466801	3.31851065242e-05	9.00738605657e-05	0.00903108970408	0.00102399757275	0.00257895684988	0.000232295745669	0.000208592098152	7.11109425518e-05	5.68887540415e-05	0.00477391460998	6.16294835449e-05	0.000478813679849	0.00321895533285	3.79258360276e-05	0.000810664745091	0.000132740426097	0.0122737486844	0.00174458845727	0.010349012506	0.00406754591397	4.74072950346e-06	0.00131318207246	0.000758516720553	0.0145635210346	0.0220443921911	0.0447240421356	0	5.2148024538e-05	0.00911168210564	0.0125818961022	0.000293925229214	3.79258360276e-05	3.79258360276e-05	0	0.00050725805687	0	0.000251258663683	0.000549924622401	0.00050725805687	0.00283969697257	0.000497776597863	4.26665655311e-05	8.05924015588e-05	9.48145900691e-06	0.000436147114318	6.63702130484e-05	0.000279703040704	2.37036475173e-05	1.42221885104e-05	1.42221885104e-05	0.00024651793418	3.31851065242e-05	0.000493035868359	0.000118518237586	0.0026074012269	9.48145900691e-06	4.74072950346e-05	7.58516720553e-05	0.0013700708265	9.48145900691e-05	6.63702130484e-05	0	4.74072950346e-06	9.48145900691e-06	0.00012325896709	0.00286340062009	0.000407702737297	0.00394902767638	0.000933923712181	0.000298665958718	1.89629180138e-05	4.74072950346e-06	0.000308147417725	9.00738605657e-05	0.000218073557159	5.68887540415e-05	0.000289184499711	7.58516720553e-05	1.42221885104e-05
