0.0191207186402	3.39622000713e-06	3.05659800642e-05	0	0.000224150520471	3.39622000713e-06	0.00187131722393	0.00539998981134	0.00495848121041	0.000132452580278	0.00113773370239	0	0.000475470800998	0	0.00730866545535	6.79244001426e-06	4.41508600927e-05	2.71697600571e-05	3.39622000713e-06	0	0.000244527840514	0.000254716500535	5.0943300107e-05	0.000268301380563	0.000590942281241	0	3.39622000713e-06	4.41508600927e-05	0.00117848834247	0.00786564553652	0.00620829017304	0	1.69811000357e-05	0.00114792236241	0.00164037426344	0	3.39622000713e-06	0	0	0	0	0	6.79244001426e-06	0	7.47168401569e-05	0	0	0	0	0	0	0	0	0	0	0	3.39622000713e-06	6.79244001426e-06	0	3.39622000713e-05	0	3.39622000713e-06	0	1.35848800285e-05	0	3.39622000713e-06	0	0	0	3.39622000713e-06	0.00036679176077	2.37735400499e-05	0.00060452716127	0.000169811000357	3.73584200785e-05	4.75470800998e-05	0	0	0	0	0	0	0	0
3.39622000713e-06	0.0107422438826	0.0013347144628	0	0	0	0	0	0	2.37735400499e-05	0	0.00036679176077	0	0.000125660140264	3.39622000713e-06	0	5.77357401212e-05	0.000672451561412	7.47168401569e-05	0.000465282140977	0	7.8113060164e-05	0.00099509246209	0.000421131280884	1.01886600214e-05	0.00197999626416	0.00323320144679	0.00627281835317	2.37735400499e-05	1.69811000357e-05	4.41508600927e-05	1.01886600214e-05	0	0	0.000516225441084	0	0.00241131620506	0.000132452580278	0	0	0	0	0	0	1.69811000357e-05	0	0.000122263920257	0	5.0943300107e-05	0	0	6.11319601284e-05	0.000112075260235	1.69811000357e-05	0.000115471480242	0	2.03773200428e-05	0.000387169080813	0.000146037460307	1.01886600214e-05	0.000244527840514	0.000665659121398	0.0011411299224	3.39622000713e-06	3.39622000713e-06	1.35848800285e-05	0	0	0	0.000115471480242	0.000166414780349	0.000475470800998	0.000370187980777	0.000173207220364	0	6.79244001426e-06	3.39622000713e-06	7.47168401569e-05	0.000230942960485	0.000129056360271	3.39622000713e-05	6.79244001426e-06	3.39622000713e-06	1.35848800285e-05
3.05659800642e-05	0.0013347144628	0.0339554076313	0	0	3.39622000713e-06	3.39622000713e-06	8.15092801712e-05	1.01886600214e-05	7.8113060164e-05	0	0.000207169420435	0	2.71697600571e-05	3.39622000713e-05	1.01886600214e-05	0.00058075362122	0.0110682810032	2.03773200428e-05	0.000774338161626	0	0.00231961826487	0.00119886566252	0.0134456350082	0.000129056360271	0.000101886600214	0.00650715753367	0.0140535583895	0.000288678700606	0.000166414780349	0.0011411299224	0	3.39622000713e-06	0.000152829900321	0.00447282174939	0	0.000703017541476	8.83017201854e-05	0	0	0	0	3.39622000713e-06	0	3.39622000713e-05	0	1.01886600214e-05	0	1.01886600214e-05	0	0	6.45281801355e-05	2.03773200428e-05	0	3.39622000713e-06	0	2.71697600571e-05	0.00034301822072	0.00011886770025	2.03773200428e-05	3.73584200785e-05	9.84903802068e-05	0.000332829560699	1.35848800285e-05	0	1.69811000357e-05	0	0	0	3.05659800642e-05	0.00233659936491	0.00246565572518	0.003807162628	0.00184754368388	2.03773200428e-05	6.45281801355e-05	3.73584200785e-05	4.07546400856e-05	7.47168401569e-05	3.73584200785e-05	3.05659800642e-05	3.39622000713e-06	0	0
0	0	0	0	0	0	0	0	0	0	0	0	0	0	0	0	0	0	0	0	0	0	0	0	0	0	0	0	0	0	0	0	0	0	0	0	0	0	0	0	0	0	0	0	0	0	0	0	0	0	0	0	0	0	0	0	0	0	0	0	0	0	0	0	0	0	0	0	0	0	0	0	0	0	0	0	0	0	0	0	0	0	0	0
0.000224150520471	0	0	0	0.0167026099951	0	0.000275093820578	0.00174226086366	0.00011886770025	0.000713206201498	0.00145018594305	0	0.00195961894412	0	0.000122263920257	0	0	3.39622000713e-06	0	0	0.00448640662942	1.01886600214e-05	3.39622000713e-06	1.01886600214e-05	0.00682300599433	0	0	0	0.00506036781063	0.000149433680314	0.000281886260592	0	0	5.0943300107e-05	5.43395201141e-05	0	0	0	0	0.00169811000357	0	1.35848800285e-05	3.73584200785e-05	6.79244001426e-06	1.35848800285e-05	0.000482263241013	0	0.00046188592097	0	3.39622000713e-06	0	0	0	0	0	0.00130075226273	0	0	0	4.07546400856e-05	0	0	0	0.000149433680314	0	0	0	0	0	0	1.69811000357e-05	0	1.35848800285e-05	6.79244001426e-06	0	0	0	0	0	0	0	0	0	0
3.39622000713e-06	0	3.39622000713e-06	0	0	0.00488716059026	0.00125320518263	6.79244001426e-06	0.00128037494269	0	0	2.03773200428e-05	3.39622000713e-06	0	0.000404150180849	0.00031924468067	0	3.39622000713e-06	0	3.39622000713e-06	0	0	0	0	0	0	3.39622000713e-06	0	6.79244001426e-06	0.000893205861876	1.35848800285e-05	0	0.00230942960485	1.69811000357e-05	0.00100867734212	0	0	0	0	0	0	0	0	0	0	0	0	0	0	0	0	0	0	0	0	0	0	0	0	0	0	0	0	0	0	0	0	0	0	0	1.01886600214e-05	6.79244001426e-06	0.0001426412403	1.35848800285e-05	0.000455093480956	0.000933960501961	0	0	0	0	0	0	0	0
0.00187131722393	0	3.39622000713e-06	0	0.000275093820578	0.00125320518263	0.0330995601895	0.00235358046494	0.0131739374077	4.41508600927e-05	0.00853130465792	2.37735400499e-05	0.0053796124913	3.39622000713e-06	0.00458150078962	6.45281801355e-05	6.79244001426e-06	6.79244001426e-06	3.39622000713e-06	3.39622000713e-06	0.00158263852332	4.07546400856e-05	6.79244001426e-06	4.41508600927e-05	0.000309056020649	3.39622000713e-06	6.79244001426e-06	3.39622000713e-06	0.000801507921683	0.00292754164615	0.000719998641512	0	0.000950941601997	0.000234339180492	0.00131433714276	0	0	0	0	0	0	0	0	0	1.69811000357e-05	0	0	6.79244001426e-06	0	0	0	0	0	0	0	0	0	0	0	3.39622000713e-06	0	0	0	0	0	0	0	0	0	0	0.000173207220364	2.03773200428e-05	0.000550187641155	0.000122263920257	1.69811000357e-05	0.000227546740478	0	3.39622000713e-06	0	0	0	0	0	0
0.00539998981134	0	8.15092801712e-05	0	0.00174226086366	6.79244001426e-06	0.00235358046494	0.0435667102515	0.0021905619046	0.00101546978213	0.00701998675474	3.39622000713e-06	0.000954337822004	0	0.0036169743076	6.79244001426e-06	0.000207169420435	6.45281801355e-05	0	3.39622000713e-06	0.00133811068281	0.00110716772233	0.000247924060521	0.00112754504237	0.00452716126951	0	1.35848800285e-05	6.45281801355e-05	0.0174327972966	0.00344716330724	0.0138667662891	0	1.01886600214e-05	0.00122943164258	0.00216339214454	6.79244001426e-06	0	3.39622000713e-06	0	2.37735400499e-05	0	3.39622000713e-06	7.47168401569e-05	6.79244001426e-06	0.000455093480956	3.39622000713e-06	0	3.39622000713e-06	0	0	0	1.35848800285e-05	0	0	0	6.79244001426e-06	2.03773200428e-05	4.75470800998e-05	1.35848800285e-05	0.000275093820578	0	0	0	7.13206201498e-05	3.39622000713e-06	2.71697600571e-05	0	0	0	6.79244001426e-06	0.000536602761127	7.13206201498e-05	0.000686036441441	0.000207169420435	7.13206201498e-05	2.71697600571e-05	0	1.35848800285e-05	6.79244001426e-06	1.01886600214e-05	1.01886600214e-05	3.39622000713e-06	0	0
0.00495848121041	0	1.01886600214e-05	0	0.00011886770025	0.00128037494269	0.0131739374077	0.0021905619046	0.0332693711899	5.77357401212e-05	0.00308376776648	3.39622000713e-05	0.000726791081526	0	0.0148380852112	1.69811000357e-05	1.01886600214e-05	1.01886600214e-05	0	1.01886600214e-05	0.000305659800642	7.13206201498e-05	1.69811000357e-05	7.13206201498e-05	0.000251320280528	3.39622000713e-06	2.03773200428e-05	3.39622000713e-06	0.00050943300107	0.00594678123249	0.0015215065632	0	0.00158263852332	0.000516225441084	0.00201395846423	0	0	0	0	0	0	0	6.79244001426e-06	0	2.71697600571e-05	0	0	0	0	0	0	0	0	0	0	0	0	0	0	1.01886600214e-05	0	0	0	1.01886600214e-05	0	3.39622000713e-06	0	0	0	0	0.000224150520471	3.05659800642e-05	0.000760753281598	0.000169811000357	1.01886600214e-05	0.000326037120685	3.39622000713e-06	0	0	0	0	0	0	0
0.000132452580278	2.37735400499e-05	7.8113060164e-05	0	0.000713206201498	0	4.41508600927e-05	0.00101546978213	5.77357401212e-05	0.0133845030481	4.07546400856e-05	3.39622000713e-06	0.00198339248417	3.39622000713e-06	7.47168401569e-05	4.07546400856e-05	0.000387169080813	5.43395201141e-05	0	6.79244001426e-06	0.000961130262018	0.000421131280884	0.00194603406409	0.000560376301177	0.00452036882949	0	1.35848800285e-05	0.000159622340335	0.00181358148381	0.000326037120685	0.00115811102243	0	0	0.000190188320399	0.000665659121398	3.73584200785e-05	1.01886600214e-05	1.01886600214e-05	0	0.000129056360271	0	1.01886600214e-05	0.000213961860449	2.03773200428e-05	0.00187131722393	3.05659800642e-05	0	5.77357401212e-05	0	2.71697600571e-05	0	0.000193584540407	0	0	0	2.03773200428e-05	5.0943300107e-05	0.000407546400856	4.07546400856e-05	0.00108679040228	3.39622000713e-06	0	2.37735400499e-05	0.000359999320756	1.01886600214e-05	0.000101886600214	0	0	3.39622000713e-06	2.03773200428e-05	0.000210565640442	2.37735400499e-05	0.000186792100392	9.50941601997e-05	0.000315848460663	1.01886600214e-05	0	5.77357401212e-05	1.69811000357e-05	2.37735400499e-05	0	2.03773200428e-05	0	0
0.00113773370239	0	0	0	0.00145018594305	0	0.00853130465792	0.00701998675474	0.00308376776648	4.07546400856e-05	0.0279271171186	0	0.00339622000713	0	0.00265924026558	0	3.39622000713e-06	0	0	3.39622000713e-06	0.00397357740834	2.71697600571e-05	0	2.37735400499e-05	0.000546791421148	0	3.39622000713e-06	6.79244001426e-06	0.00424187878891	0.000573961181205	0.000526414101105	0	3.39622000713e-06	0.000108679040228	0.000193584540407	0	0	0	0	0	0	0	0	0	1.69811000357e-05	0	0	1.01886600214e-05	0	0	0	0	0	0	0	0	0	0	0	1.01886600214e-05	0	0	0	0	0	0	0	0	0	0	5.0943300107e-05	1.01886600214e-05	7.13206201498e-05	3.05659800642e-05	1.01886600214e-05	6.79244001426e-06	0	0	0	0	0	0	0	0
0	0.00036679176077	0.000207169420435	0	0	2.03773200428e-05	2.37735400499e-05	3.39622000713e-06	3.39622000713e-05	3.39622000713e-06	0	0.0269252322165	0	0.00783507955645	4.75470800998e-05	0	3.39622000713e-06	0.000523017881098	0.00211244884444	0.00521659393095	0	3.39622000713e-05	1.69811000357e-05	0.000135848800285	3.39622000713e-06	0.00232980692489	0.00830715413745	0.00280188150588	1.01886600214e-05	0.000146037460307	1.35848800285e-05	0.000183395880385	2.71697600571e-05	3.39622000713e-06	0.00471055714989	0	0.000129056360271	3.39622000713e-06	0	0	0	0	0	0	0	0	6.45281801355e-05	0	0.000285282480599	0	0	3.39622000713e-06	1.01886600214e-05	0	2.03773200428e-05	0	0	6.79244001426e-06	1.01886600214e-05	0	0.000152829900321	9.84903802068e-05	0.000101886600214	3.39622000713e-06	0	0	0	0	0	1.69811000357e-05	0.000196980760414	0.00229924094483	0.00245207084515	0.000285282480599	0	2.03773200428e-05	0.000431319940906	0	0.000108679040228	1.01886600214e-05	0	0	0	4.07546400856e-05
0.000475470800998	0	0	0	0.00195961894412	3.39622000713e-06	0.0053796124913	0.000954337822004	0.000726791081526	0.00198339248417	0.00339622000713	0	0.0251761789129	0	0.000468678360984	0.000383772860806	0	0	0	0	0.0109222435429	1.01886600214e-05	3.39622000713e-06	1.01886600214e-05	0.000597734721255	0	0	0	0.000624904481312	0.000261508940549	0.000183395880385	0	3.39622000713e-06	6.45281801355e-05	9.16979401926e-05	0	0	0	0	3.39622000713e-06	0	0	0	0	6.79244001426e-06	1.01886600214e-05	0	0.00078113060164	0	0	0	0	0	0	0	1.01886600214e-05	0	0	0	3.39622000713e-06	0	0	0	0	0	0	0	0	0	0	3.39622000713e-05	0	4.41508600927e-05	1.01886600214e-05	0.000519621661091	0	0	0	0	0	0	0	0	0
0	0.000125660140264	2.71697600571e-05	0	0	0	3.39622000713e-06	0	0	3.39622000713e-06	0	0.00783507955645	0	0.0203976973628	3.39622000713e-06	0	0	4.75470800998e-05	0.000305659800642	0.000332829560699	0	3.39622000713e-06	0	1.69811000357e-05	3.39622000713e-06	0.00395999252832	0.00472414202992	0.00465621762978	0	1.35848800285e-05	0	0.000825281461733	0	0	0.000550187641155	0	4.41508600927e-05	0	0	0	0	0	0	0	0	0	0.000122263920257	0	0.00151131790317	0	0	0	3.39622000713e-06	6.79244001426e-06	6.79244001426e-06	0	0	0	0	0	0.000190188320399	5.0943300107e-05	6.11319601284e-05	0	0	0	0	0	0	6.79244001426e-06	2.71697600571e-05	0.00102565844215	0.000573961181205	3.39622000713e-05	0	6.79244001426e-06	0.000577357401212	3.39622000713e-06	0.000125660140264	1.35848800285e-05	0	0	0	5.43395201141e-05
0.00730866545535	3.39622000713e-06	3.39622000713e-05	0	0.000122263920257	0.000404150180849	0.00458150078962	0.0036169743076	0.0148380852112	7.47168401569e-05	0.00265924026558	4.75470800998e-05	0.000468678360984	3.39622000713e-06	0.0378542681995	4.07546400856e-05	4.07546400856e-05	3.05659800642e-05	0	1.01886600214e-05	0.000196980760414	0.000152829900321	1.69811000357e-05	0.000163018560342	0.000309056020649	6.79244001426e-06	2.71697600571e-05	2.37735400499e-05	0.000743772181562	0.0172935522763	0.00310074886651	0	0.00115471480242	0.00155207254326	0.00439131246922	0	6.79244001426e-06	0	0	0	0	0	3.39622000713e-06	0	3.05659800642e-05	0	0	0	0	0	0	0	0	0	0	0	0	6.79244001426e-06	0	1.01886600214e-05	0	0	0	1.01886600214e-05	0	3.39622000713e-06	0	0	0	3.39622000713e-06	0.000662262901391	6.45281801355e-05	0.0017626381837	0.000417735060877	4.07546400856e-05	0.000380376640799	3.39622000713e-06	3.39622000713e-06	3.39622000713e-06	0	0	0	0	0
6.79244001426e-06	0	1.01886600214e-05	0	0	0.00031924468067	6.45281801355e-05	6.79244001426e-06	1.69811000357e-05	4.07546400856e-05	0	0	0.000383772860806	0	4.07546400856e-05	0.00349471038734	0	3.39622000713e-06	0	0	6.79244001426e-06	0	0	3.39622000713e-06	3.39622000713e-06	0	0	6.79244001426e-06	6.79244001426e-06	3.39622000713e-05	1.01886600214e-05	0	0	6.79244001426e-06	2.71697600571e-05	0	0	0	0	0	0	0	0	0	0	0	0	0	0	0	0	0	0	0	0	0	0	0	0	0	0	0	0	0	0	0	0	0	0	0	6.45281801355e-05	1.01886600214e-05	2.03773200428e-05	3.05659800642e-05	0.00269999490567	3.39622000713e-05	0	0	0	3.39622000713e-06	3.39622000713e-06	0	0	0
4.41508600927e-05	5.77357401212e-05	0.00058075362122	0	0	0	6.79244001426e-06	0.000207169420435	1.01886600214e-05	0.000387169080813	3.39622000713e-06	3.39622000713e-06	0	0	4.07546400856e-05	0	0.0137750683489	0.000193584540407	0	3.39622000713e-06	0	0.0035728234475	0.00267622136562	0.00666338365399	0.00168452512354	0	3.05659800642e-05	0.00262527806551	0.00246565572518	0.000163018560342	0.000818489021719	0	0	0.000135848800285	0.00125660140264	3.39622000713e-06	1.69811000357e-05	3.39622000713e-06	0	6.79244001426e-06	0	3.39622000713e-06	2.03773200428e-05	3.39622000713e-06	0.00011886770025	6.79244001426e-06	0	0	0	3.39622000713e-06	3.39622000713e-06	4.07546400856e-05	3.39622000713e-06	0	0	0	1.01886600214e-05	0.000108679040228	2.03773200428e-05	5.77357401212e-05	0	6.79244001426e-06	1.35848800285e-05	2.37735400499e-05	3.39622000713e-06	1.01886600214e-05	0	0	0	1.35848800285e-05	0.000516225441084	0.000183395880385	0.000669055341405	0.000326037120685	1.35848800285e-05	1.35848800285e-05	0	6.79244001426e-06	3.39622000713e-06	1.69811000357e-05	3.39622000713e-06	6.79244001426e-06	0	0
2.71697600571e-05	0.000672451561412	0.0110682810032	0	3.39622000713e-06	3.39622000713e-06	6.79244001426e-06	6.45281801355e-05	1.01886600214e-05	5.43395201141e-05	0	0.000523017881098	0	4.75470800998e-05	3.05659800642e-05	3.39622000713e-06	0.000193584540407	0.027597683778	7.13206201498e-05	0.00458489700963	0	0.00241810864508	0.000434716160913	0.0126712968466	6.45281801355e-05	0.000132452580278	0.0067143269541	0.00436074648916	0.000196980760414	0.000179999660378	0.00115471480242	0	3.39622000713e-06	0.000125660140264	0.00664979877396	0	0.00031924468067	4.07546400856e-05	0	0	0	0	0	0	1.01886600214e-05	0	1.01886600214e-05	0	6.79244001426e-06	0	3.39622000713e-06	1.69811000357e-05	1.35848800285e-05	0	1.35848800285e-05	0	6.79244001426e-06	8.15092801712e-05	6.11319601284e-05	6.79244001426e-06	2.71697600571e-05	7.47168401569e-05	0.0001426412403	3.39622000713e-06	0	0	0	0	0	1.01886600214e-05	0.00182716636384	0.00242490108509	0.00427584098898	0.00175584574369	2.03773200428e-05	5.77357401212e-05	3.73584200785e-05	3.05659800642e-05	3.39622000713e-05	1.01886600214e-05	3.39622000713e-06	3.39622000713e-06	3.39622000713e-06	3.39622000713e-06
3.39622000713e-06	7.47168401569e-05	2.03773200428e-05	0	0	0	3.39622000713e-06	0	0	0	0	0.00211244884444	0	0.000305659800642	0	0	0	7.13206201498e-05	0.00543734823142	0.00165735536348	0	3.39622000713e-06	6.79244001426e-06	2.03773200428e-05	0	0.000264905160556	0.0035252763674	0.000573961181205	0	6.79244001426e-06	3.39622000713e-06	3.39622000713e-06	0	3.39622000713e-06	0.000251320280528	0	1.69811000357e-05	0	0	0	0	0	0	0	0	0	1.69811000357e-05	0	1.69811000357e-05	0	0	0	0	0	0	0	0	0	0	0	2.37735400499e-05	1.35848800285e-05	2.03773200428e-05	0	0	0	0	0	0	0	1.35848800285e-05	0.000203773200428	0.000129056360271	1.35848800285e-05	0	3.39622000713e-06	3.39622000713e-06	0	2.03773200428e-05	6.79244001426e-06	0	0	0	0
0	0.000465282140977	0.000774338161626	0	0	3.39622000713e-06	3.39622000713e-06	3.39622000713e-06	1.01886600214e-05	6.79244001426e-06	3.39622000713e-06	0.00521659393095	0	0.000332829560699	1.01886600214e-05	0	3.39622000713e-06	0.00458489700963	0.00165735536348	0.017161099696	0	8.83017201854e-05	2.71697600571e-05	0.000567168741191	3.39622000713e-06	0.000550187641155	0.00942111429978	0.00201395846423	0	2.37735400499e-05	6.45281801355e-05	1.01886600214e-05	6.79244001426e-06	1.35848800285e-05	0.00260829696548	0	0.000213961860449	1.35848800285e-05	0	0	0	0	0	0	0	0	5.0943300107e-05	0	3.05659800642e-05	0	0	0	1.35848800285e-05	6.79244001426e-06	2.37735400499e-05	0	0	1.35848800285e-05	1.35848800285e-05	0	7.8113060164e-05	8.83017201854e-05	8.49055001783e-05	0	0	0	0	0	0	1.35848800285e-05	0.000275093820578	0.00105622442222	0.00117169590246	0.000281886260592	0	6.79244001426e-06	1.35848800285e-05	6.79244001426e-06	3.73584200785e-05	1.35848800285e-05	1.01886600214e-05	0	3.39622000713e-06	1.01886600214e-05
0.000244527840514	0	0	0	0.00448640662942	0	0.00158263852332	0.00133811068281	0.000305659800642	0.000961130262018	0.00397357740834	0	0.0109222435429	0	0.000196980760414	6.79244001426e-06	0	0	0	0	0.0192871334205	0	3.39622000713e-06	0	0.00131433714276	0	0	0	0.00214641104451	0.000146037460307	0.000146037460307	0	0	3.73584200785e-05	4.41508600927e-05	0	0	0	0	0	0	0	0	0	3.39622000713e-06	0	0	0.000281886260592	0	0	0	0	0	0	0	0	0	0	0	3.39622000713e-06	0	0	0	0	0	0	0	0	0	0	6.79244001426e-06	0	3.05659800642e-05	6.79244001426e-06	0	0	0	0	0	0	0	0	0	0
0.000254716500535	7.8113060164e-05	0.00231961826487	0	1.01886600214e-05	0	4.07546400856e-05	0.00110716772233	7.13206201498e-05	0.000421131280884	2.71697600571e-05	3.39622000713e-05	1.01886600214e-05	3.39622000713e-06	0.000152829900321	0	0.0035728234475	0.00241810864508	3.39622000713e-06	8.83017201854e-05	0	0.0429757679702	0.000974715142047	0.0255022160336	0.00132112958277	0	0.000305659800642	0.00143999728302	0.00429961452903	0.00113094126237	0.0134150690282	0	3.39622000713e-06	0.000954337822004	0.00829017303741	0	2.71697600571e-05	3.39622000713e-06	0	6.79244001426e-06	0	3.39622000713e-06	3.39622000713e-05	3.39622000713e-06	0.000251320280528	3.39622000713e-06	0	6.79244001426e-06	0	0	3.39622000713e-06	6.79244001426e-05	0	0	0	3.39622000713e-06	2.37735400499e-05	0.000129056360271	2.71697600571e-05	0.000125660140264	3.39622000713e-06	6.79244001426e-06	1.01886600214e-05	6.11319601284e-05	0	1.01886600214e-05	0	0	0	1.01886600214e-05	0.00180339282379	0.000645281801355	0.00277471174583	0.00124980896262	5.43395201141e-05	5.43395201141e-05	3.05659800642e-05	3.73584200785e-05	3.39622000713e-06	2.37735400499e-05	1.01886600214e-05	6.79244001426e-06	0	0
5.0943300107e-05	0.00099509246209	0.00119886566252	0	3.39622000713e-06	0	6.79244001426e-06	0.000247924060521	1.69811000357e-05	0.00194603406409	0	1.69811000357e-05	3.39622000713e-06	0	1.69811000357e-05	0	0.00267622136562	0.000434716160913	6.79244001426e-06	2.71697600571e-05	3.39622000713e-06	0.000974715142047	0.0122467693457	0.00212263750446	0.00137207288288	1.01886600214e-05	0.000163018560342	0.00258452342543	0.000944149161983	0.000149433680314	0.000658866681384	0	0	0.000132452580278	0.00103584710218	1.01886600214e-05	0.000370187980777	6.79244001426e-05	0	1.01886600214e-05	0	6.79244001426e-06	4.75470800998e-05	6.79244001426e-06	0.000648678021362	1.35848800285e-05	0	0	0	6.79244001426e-06	3.39622000713e-06	0.000417735060877	1.35848800285e-05	0	3.39622000713e-06	6.79244001426e-06	0.000115471480242	0.00220414678463	0.000305659800642	0.000332829560699	3.39622000713e-06	2.71697600571e-05	0.000264905160556	0.000247924060521	3.39622000713e-06	0.0001426412403	0	0	0	8.83017201854e-05	0.000482263241013	0.000258112720542	0.000590942281241	0.000258112720542	2.03773200428e-05	6.79244001426e-06	6.79244001426e-06	0.000125660140264	0.000108679040228	8.49055001783e-05	3.73584200785e-05	3.39622000713e-06	0	0
0.000268301380563	0.000421131280884	0.0134456350082	0	1.01886600214e-05	0	4.41508600927e-05	0.00112754504237	7.13206201498e-05	0.000560376301177	2.37735400499e-05	0.000135848800285	1.01886600214e-05	1.69811000357e-05	0.000163018560342	3.39622000713e-06	0.00666338365399	0.0126712968466	2.03773200428e-05	0.000567168741191	0	0.0255022160336	0.00212263750446	0.0626296931515	0.00141961996298	2.03773200428e-05	0.00183395880385	0.008096588497	0.00427584098898	0.00115811102243	0.00794375859668	0	3.39622000713e-06	0.000692828881455	0.0124233727861	0	0.000183395880385	3.05659800642e-05	0	1.35848800285e-05	0	6.79244001426e-06	3.39622000713e-05	6.79244001426e-06	0.000312452240656	1.01886600214e-05	0	1.01886600214e-05	3.39622000713e-06	0	6.79244001426e-06	0.000129056360271	1.01886600214e-05	0	0	3.39622000713e-06	4.07546400856e-05	0.000404150180849	0.000101886600214	0.000166414780349	6.79244001426e-06	2.37735400499e-05	7.13206201498e-05	0.000101886600214	3.39622000713e-06	2.03773200428e-05	0	0	3.39622000713e-06	2.37735400499e-05	0.00428263342899	0.00228905228481	0.00676866647421	0.00325697498684	8.83017201854e-05	0.000149433680314	5.0943300107e-05	6.79244001426e-05	4.41508600927e-05	3.73584200785e-05	2.03773200428e-05	1.35848800285e-05	3.39622000713e-06	0
0.000590942281241	1.01886600214e-05	0.000129056360271	0	0.00682300599433	0	0.000309056020649	0.00452716126951	0.000251320280528	0.00452036882949	0.000546791421148	3.39622000713e-06	0.000597734721255	3.39622000713e-06	0.000309056020649	3.39622000713e-06	0.00168452512354	6.45281801355e-05	0	3.39622000713e-06	0.00131433714276	0.00132112958277	0.00137207288288	0.00141961996298	0.0307425835046	0	1.69811000357e-05	0.000220754300464	0.0118222418448	0.00087622476184	0.00249622170524	0	0	0.000444904820934	0.00124980896262	1.35848800285e-05	3.39622000713e-06	6.79244001426e-06	0	3.05659800642e-05	0	6.79244001426e-06	8.15092801712e-05	0	0.000601130941262	3.39622000713e-06	0	6.79244001426e-06	0	0	0	7.47168401569e-05	0	0	0	6.79244001426e-06	2.37735400499e-05	0.000115471480242	1.01886600214e-05	0.000363395540763	0	0	1.01886600214e-05	0.000132452580278	0	2.71697600571e-05	0	0	0	6.79244001426e-06	0.000380376640799	6.11319601284e-05	0.000387169080813	0.000159622340335	6.79244001426e-05	3.39622000713e-06	0	6.79244001426e-06	0	0	0	3.39622000713e-06	0	0
0	0.00197999626416	0.000101886600214	0	0	0	3.39622000713e-06	0	3.39622000713e-06	0	0	0.00232980692489	0	0.00395999252832	6.79244001426e-06	0	0	0.000132452580278	0.000264905160556	0.000550187641155	0	0	1.01886600214e-05	2.03773200428e-05	0	0.0130245037274	0.00351169148737	0.00442527466929	0	2.03773200428e-05	0	4.41508600927e-05	6.79244001426e-06	0	0.000550187641155	0	0.000478867021006	1.35848800285e-05	0	0	0	0	0	0	0	0	0.000349810660735	0	0.000376980420792	0	0	0	2.03773200428e-05	3.05659800642e-05	5.0943300107e-05	0	0	6.79244001426e-06	1.01886600214e-05	0	0.000808300361697	0.00043811238092	0.000410942620863	0	0	0	0	0	0	5.43395201141e-05	6.11319601284e-05	0.000838866341762	0.000407546400856	6.11319601284e-05	0	1.35848800285e-05	0.000465282140977	1.35848800285e-05	0.000417735060877	6.11319601284e-05	6.79244001426e-06	3.39622000713e-06	3.39622000713e-06	0.000173207220364
3.39622000713e-06	0.00323320144679	0.00650715753367	0	0	3.39622000713e-06	6.79244001426e-06	1.35848800285e-05	2.03773200428e-05	1.35848800285e-05	3.39622000713e-06	0.00830715413745	0	0.00472414202992	2.71697600571e-05	0	3.05659800642e-05	0.0067143269541	0.0035252763674	0.00942111429978	0	0.000305659800642	0.000163018560342	0.00183395880385	1.69811000357e-05	0.00351169148737	0.0567134778991	0.0203161880827	2.37735400499e-05	6.45281801355e-05	0.000173207220364	0.000383772860806	3.39622000713e-06	4.41508600927e-05	0.0042384825689	0	0.00101207356213	3.05659800642e-05	0	0	0	0	0	0	3.39622000713e-06	0	0.000179999660378	0	0.000210565640442	0	3.39622000713e-06	6.79244001426e-06	5.0943300107e-05	1.69811000357e-05	8.83017201854e-05	0	3.39622000713e-06	5.77357401212e-05	4.41508600927e-05	3.39622000713e-06	0.000431319940906	0.000441508600927	0.000618112041298	3.39622000713e-06	6.79244001426e-06	0	0	0	0	7.13206201498e-05	0.000716602421505	0.00286640968602	0.00268641002564	0.000770941941619	6.79244001426e-06	3.39622000713e-05	5.77357401212e-05	2.37735400499e-05	0.000278490040585	5.77357401212e-05	1.01886600214e-05	6.79244001426e-06	3.39622000713e-06	6.79244001426e-05
4.41508600927e-05	0.00627281835317	0.0140535583895	0	0	0	3.39622000713e-06	6.45281801355e-05	3.39622000713e-06	0.000159622340335	6.79244001426e-06	0.00280188150588	0	0.00465621762978	2.37735400499e-05	6.79244001426e-06	0.00262527806551	0.00436074648916	0.000573961181205	0.00201395846423	0	0.00143999728302	0.00258452342543	0.008096588497	0.000220754300464	0.00442527466929	0.0203161880827	0.0648372361562	0.000407546400856	0.000105282820221	0.000597734721255	0.000448301040941	0	0.000101886600214	0.00341659732717	0	0.00133811068281	0.000101886600214	0	0	0	0	3.39622000713e-06	3.39622000713e-06	3.73584200785e-05	3.39622000713e-06	0.000159622340335	0	0.000329433340692	3.39622000713e-06	0	8.15092801712e-05	7.47168401569e-05	1.35848800285e-05	7.8113060164e-05	0	3.73584200785e-05	0.00036679176077	0.000169811000357	2.37735400499e-05	0.000349810660735	0.000451697260949	0.000713206201498	2.37735400499e-05	0	2.03773200428e-05	0	0	0	9.84903802068e-05	0.0013313182428	0.00226527874476	0.00261169318548	0.00111735638235	3.39622000713e-06	4.75470800998e-05	3.39622000713e-05	6.45281801355e-05	0.000268301380563	0.000105282820221	3.05659800642e-05	0	0	5.0943300107e-05
0.00117848834247	2.37735400499e-05	0.000288678700606	0	0.00506036781063	6.79244001426e-06	0.000801507921683	0.0174327972966	0.00050943300107	0.00181358148381	0.00424187878891	1.01886600214e-05	0.000624904481312	0	0.000743772181562	6.79244001426e-06	0.00246565572518	0.000196980760414	0	0	0.00214641104451	0.00429961452903	0.000944149161983	0.00427584098898	0.0118222418448	0	2.37735400499e-05	0.000407546400856	0.045716517516	0.00213622238449	0.00860262527807	0	1.01886600214e-05	0.00107320552225	0.00292074920613	6.79244001426e-06	3.39622000713e-06	3.39622000713e-06	0	0.000275093820578	0	6.79244001426e-06	0.000139245020292	1.01886600214e-05	0.000818489021719	5.0943300107e-05	0	2.71697600571e-05	0	6.79244001426e-06	0	8.49055001783e-05	0	0	0	9.50941601997e-05	3.05659800642e-05	0.000152829900321	1.69811000357e-05	0.000472074580991	0	3.39622000713e-06	0	0.000234339180492	6.79244001426e-06	4.75470800998e-05	0	0	3.39622000713e-06	1.69811000357e-05	0.000815092801712	0.000179999660378	0.000930564281954	0.00036679176077	4.75470800998e-05	2.71697600571e-05	0	2.03773200428e-05	1.01886600214e-05	2.37735400499e-05	2.03773200428e-05	6.79244001426e-06	3.39622000713e-06	0
0.00786564553652	1.69811000357e-05	0.000166414780349	0	0.000149433680314	0.000893205861876	0.00292754164615	0.00344716330724	0.00594678123249	0.000326037120685	0.000573961181205	0.000146037460307	0.000261508940549	1.35848800285e-05	0.0172935522763	3.39622000713e-05	0.000163018560342	0.000179999660378	6.79244001426e-06	2.37735400499e-05	0.000146037460307	0.00113094126237	0.000149433680314	0.00115811102243	0.00087622476184	2.03773200428e-05	6.45281801355e-05	0.000105282820221	0.00213622238449	0.0487934928425	0.01429129379	0	0.00281207016591	0.00679244001426	0.0124777123062	0	1.01886600214e-05	0	0	1.01886600214e-05	0	3.39622000713e-06	1.35848800285e-05	3.39622000713e-06	0.000146037460307	3.39622000713e-06	0	0	0	0	0	6.79244001426e-06	0	0	0	0	0	2.71697600571e-05	3.39622000713e-06	9.50941601997e-05	0	3.39622000713e-06	6.79244001426e-06	2.37735400499e-05	0	0	0	0	0	3.39622000713e-06	0.002380750225	0.000275093820578	0.00495508499041	0.00135509178285	0.000156226120328	0.000927168061947	1.69811000357e-05	1.35848800285e-05	6.79244001426e-06	1.01886600214e-05	6.79244001426e-06	0	3.39622000713e-06	0
0.00620829017304	4.41508600927e-05	0.0011411299224	0	0.000281886260592	1.35848800285e-05	0.000719998641512	0.0138667662891	0.0015215065632	0.00115811102243	0.000526414101105	1.35848800285e-05	0.000183395880385	0	0.00310074886651	1.01886600214e-05	0.000818489021719	0.00115471480242	3.39622000713e-06	6.45281801355e-05	0.000146037460307	0.0134150690282	0.000658866681384	0.00794375859668	0.00249622170524	0	0.000173207220364	0.000597734721255	0.00860262527807	0.01429129379	0.0530251829714	0	1.69811000357e-05	0.00546112177147	0.0122501655657	1.35848800285e-05	2.37735400499e-05	3.39622000713e-06	0	3.05659800642e-05	0	6.79244001426e-06	6.11319601284e-05	6.79244001426e-06	0.000512829221077	3.39622000713e-06	0	0	0	0	0	4.07546400856e-05	0	0	0	3.39622000713e-06	2.03773200428e-05	0.000112075260235	1.69811000357e-05	0.000285282480599	0	1.01886600214e-05	1.35848800285e-05	9.50941601997e-05	0	1.69811000357e-05	0	0	3.39622000713e-06	6.79244001426e-06	0.00249282548523	0.000512829221077	0.00361018186758	0.00145697838306	0.000146037460307	0.000139245020292	2.03773200428e-05	3.39622000713e-05	1.69811000357e-05	2.03773200428e-05	1.35848800285e-05	0	3.39622000713e-06	0
0	1.01886600214e-05	0	0	0	0	0	0	0	0	0	0.000183395880385	0	0.000825281461733	0	0	0	0	3.39622000713e-06	1.01886600214e-05	0	0	0	0	0	4.41508600927e-05	0.000383772860806	0.000448301040941	0	0	0	0.000974715142047	0	0	6.79244001426e-06	0	0	0	0	0	0	0	0	0	0	0	0	0	2.37735400499e-05	0	0	0	0	0	0	0	0	0	0	0	0	0	0	0	0	0	0	0	0	0	0	2.37735400499e-05	6.79244001426e-06	0	0	0	0	0	0	0	0	0	0	0
1.69811000357e-05	0	3.39622000713e-06	0	0	0.00230942960485	0.000950941601997	1.01886600214e-05	0.00158263852332	0	3.39622000713e-06	2.71697600571e-05	3.39622000713e-06	0	0.00115471480242	0	0	3.39622000713e-06	0	6.79244001426e-06	0	3.39622000713e-06	0	3.39622000713e-06	0	6.79244001426e-06	3.39622000713e-06	0	1.01886600214e-05	0.00281207016591	1.69811000357e-05	0	0.00595696989251	1.69811000357e-05	0.00148754436312	0	0	0	0	0	0	0	0	0	0	0	0	0	0	0	0	0	0	0	0	0	0	0	0	0	0	0	0	0	0	0	0	0	0	0	2.03773200428e-05	1.01886600214e-05	0.000179999660378	4.41508600927e-05	3.39622000713e-06	0.000597734721255	3.39622000713e-06	0	0	0	0	0	0	0
0.00114792236241	0	0.000152829900321	0	5.0943300107e-05	1.69811000357e-05	0.000234339180492	0.00122943164258	0.000516225441084	0.000190188320399	0.000108679040228	3.39622000713e-06	6.45281801355e-05	0	0.00155207254326	6.79244001426e-06	0.000135848800285	0.000125660140264	3.39622000713e-06	1.35848800285e-05	3.73584200785e-05	0.000954337822004	0.000132452580278	0.000692828881455	0.000444904820934	0	4.41508600927e-05	0.000101886600214	0.00107320552225	0.00679244001426	0.00546112177147	0	1.69811000357e-05	0.00915960535924	0.00578376267215	0	0	0	0	1.01886600214e-05	0	6.79244001426e-06	1.01886600214e-05	6.79244001426e-06	0.000101886600214	3.39622000713e-06	0	0	0	0	3.39622000713e-06	6.79244001426e-06	0	0	0	0	0	1.69811000357e-05	3.39622000713e-06	7.13206201498e-05	0	0	3.39622000713e-06	1.69811000357e-05	0	3.39622000713e-06	0	0	0	3.39622000713e-06	0.00170829866359	0.000156226120328	0.00226527874476	0.000777734381633	0.000108679040228	9.16979401926e-05	1.01886600214e-05	1.69811000357e-05	1.01886600214e-05	1.35848800285e-05	3.39622000713e-06	3.39622000713e-06	0	0
0.00164037426344	0.000516225441084	0.00447282174939	0	5.43395201141e-05	0.00100867734212	0.00131433714276	0.00216339214454	0.00201395846423	0.000665659121398	0.000193584540407	0.00471055714989	9.16979401926e-05	0.000550187641155	0.00439131246922	2.71697600571e-05	0.00125660140264	0.00664979877396	0.000251320280528	0.00260829696548	4.41508600927e-05	0.00829017303741	0.00103584710218	0.0124233727861	0.00124980896262	0.000550187641155	0.0042384825689	0.00341659732717	0.00292074920613	0.0124777123062	0.0122501655657	6.79244001426e-06	0.00148754436312	0.00578376267215	0.055704800557	1.01886600214e-05	0.000237735400499	2.37735400499e-05	0	1.69811000357e-05	0	3.39622000713e-06	2.37735400499e-05	6.79244001426e-06	0.000244527840514	6.79244001426e-06	2.03773200428e-05	3.39622000713e-06	1.35848800285e-05	0	6.79244001426e-06	5.43395201141e-05	1.01886600214e-05	3.39622000713e-06	6.79244001426e-06	0	3.05659800642e-05	0.000176603440371	6.11319601284e-05	0.000139245020292	5.77357401212e-05	8.49055001783e-05	0.000105282820221	6.11319601284e-05	3.39622000713e-06	1.35848800285e-05	0	0	3.39622000713e-06	4.07546400856e-05	0.00939394453973	0.00458489700963	0.0228973152881	0.00762791013602	0.000356603100749	0.00168792134354	0.000146037460307	0.000152829900321	7.8113060164e-05	7.47168401569e-05	6.11319601284e-05	1.01886600214e-05	3.39622000713e-06	1.01886600214e-05
0	0	0	0	0	0	0	6.79244001426e-06	0	3.73584200785e-05	0	0	0	0	0	0	3.39622000713e-06	0	0	0	0	0	1.01886600214e-05	0	1.35848800285e-05	0	0	0	6.79244001426e-06	0	1.35848800285e-05	0	0	0	1.01886600214e-05	0.0134999745283	3.39622000713e-06	3.39622000713e-06	0	5.0943300107e-05	0	0.00160980828338	0.00618451663299	0.00244527840514	0.000193584540407	0.000332829560699	6.79244001426e-06	0.000210565640442	3.39622000713e-06	0.00361018186758	0.000315848460663	0.000108679040228	1.35848800285e-05	0	0	3.05659800642e-05	0.000176603440371	7.8113060164e-05	9.84903802068e-05	0.000787923041655	0	6.79244001426e-06	2.03773200428e-05	0.000696225101462	0.00299206982628	0.0020479206643	0	0	0.000363395540763	0.000543395201141	3.39622000713e-06	3.39622000713e-06	3.39622000713e-06	3.39622000713e-06	0	0	0	0.000363395540763	0.000101886600214	0.000292074920613	7.47168401569e-05	0.00034301822072	3.05659800642e-05	0
3.39622000713e-06	0.00241131620506	0.000703017541476	0	0	0	0	0	0	1.01886600214e-05	0	0.000129056360271	0	4.41508600927e-05	6.79244001426e-06	0	1.69811000357e-05	0.00031924468067	1.69811000357e-05	0.000213961860449	0	2.71697600571e-05	0.000370187980777	0.000183395880385	3.39622000713e-06	0.000478867021006	0.00101207356213	0.00133811068281	3.39622000713e-06	1.01886600214e-05	2.37735400499e-05	0	0	0	0.000237735400499	3.39622000713e-06	0.0154833670125	0.00121924298256	0	0	0	1.01886600214e-05	1.35848800285e-05	3.39622000713e-06	5.77357401212e-05	0	0.000489055681027	0	0.000196980760414	0	1.01886600214e-05	0.000427923720899	0.000893205861876	7.47168401569e-05	0.000587546061234	3.39622000713e-06	0.000169811000357	0.00241810864508	0.00116150724244	4.75470800998e-05	0.00166075158349	0.00359999320756	0.00885394555859	7.8113060164e-05	6.79244001426e-06	0.000101886600214	3.39622000713e-06	0	0	0.000777734381633	2.71697600571e-05	0.000149433680314	0.000135848800285	5.43395201141e-05	0	0	0	0.000363395540763	0.00107660174226	0.000791319261662	0.000237735400499	3.05659800642e-05	1.69811000357e-05	2.03773200428e-05
0	0.000132452580278	8.83017201854e-05	0	0	0	0	3.39622000713e-06	0	1.01886600214e-05	0	3.39622000713e-06	0	0	0	0	3.39622000713e-06	4.07546400856e-05	0	1.35848800285e-05	0	3.39622000713e-06	6.79244001426e-05	3.05659800642e-05	6.79244001426e-06	1.35848800285e-05	3.05659800642e-05	0.000101886600214	3.39622000713e-06	0	3.39622000713e-06	0	0	0	2.37735400499e-05	3.39622000713e-06	0.00121924298256	0.0160980828338	0	3.39622000713e-06	0	1.01886600214e-05	7.8113060164e-05	1.35848800285e-05	3.05659800642e-05	3.39622000713e-06	5.77357401212e-05	0	3.39622000713e-06	6.79244001426e-06	0	0.000686036441441	0.0030022584863	1.35848800285e-05	0.000288678700606	3.39622000713e-06	0.00058075362122	0.00060452716127	0.00652074241369	6.11319601284e-05	2.37735400499e-05	0.00597734721255	0.00408904888859	0.000210565640442	2.71697600571e-05	0.000427923720899	0	0	3.39622000713e-06	0.00100528112211	3.73584200785e-05	1.01886600214e-05	2.03773200428e-05	1.35848800285e-05	3.39622000713e-06	0	0	0.000740375961555	0.00126679006266	0.0011445261424	0.000397357740834	6.79244001426e-05	3.39622000713e-05	1.01886600214e-05
0	0	0	0	0	0	0	0	0	0	0	0	0	0	0	0	0	0	0	0	0	0	0	0	0	0	0	0	0	0	0	0	0	0	0	0	0	0	0	0	0	0	0	0	0	0	0	0	0	0	0	0	0	0	0	0	0	0	0	0	0	0	0	0	0	0	0	0	0	0	0	0	0	0	0	0	0	0	0	0	0	0	0	0
0	0	0	0	0.00169811000357	0	0	2.37735400499e-05	0	0.000129056360271	0	0	3.39622000713e-06	0	0	0	6.79244001426e-06	0	0	0	0	6.79244001426e-06	1.01886600214e-05	1.35848800285e-05	3.05659800642e-05	0	0	0	0.000275093820578	1.01886600214e-05	3.05659800642e-05	0	0	1.01886600214e-05	1.69811000357e-05	5.0943300107e-05	0	3.39622000713e-06	0	0.0183871351186	0	0.000336225780706	0.0011920732225	0.000125660140264	0.0015724498633	0.00391244544822	0	0.00215320348452	0	6.11319601284e-05	5.0943300107e-05	5.0943300107e-05	3.39622000713e-06	0	0	0.00934979367963	1.69811000357e-05	6.11319601284e-05	2.71697600571e-05	0.0055731970317	0	3.39622000713e-06	0	0.00438452002921	3.73584200785e-05	8.15092801712e-05	0	0	1.35848800285e-05	2.71697600571e-05	3.39622000713e-06	0	0	0	6.79244001426e-06	0	0	5.0943300107e-05	1.01886600214e-05	1.69811000357e-05	3.39622000713e-06	4.07546400856e-05	0	0
0	0	0	0	0	0	0	0	0	0	0	0	0	0	0	0	0	0	0	0	0	0	0	0	0	0	0	0	0	0	0	0	0	0	0	0	0	0	0	0	0.00231622204486	0.00102226222215	0	0.000499244341048	0	0	0	0	0	0.000112075260235	0.000567168741191	0	0	0	0	0	0	0	0	0	0	0	0	0	6.11319601284e-05	0	0	0.000458489700963	3.39622000713e-06	3.39622000713e-05	0	0	0	0	0	0	0	0	0	2.03773200428e-05	0	0.000129056360271	0.000631696921327	0
0	0	0	0	1.35848800285e-05	0	0	3.39622000713e-06	0	1.01886600214e-05	0	0	0	0	0	0	3.39622000713e-06	0	0	0	0	3.39622000713e-06	6.79244001426e-06	6.79244001426e-06	6.79244001426e-06	0	0	0	6.79244001426e-06	3.39622000713e-06	6.79244001426e-06	0	0	6.79244001426e-06	3.39622000713e-06	0.00160980828338	1.01886600214e-05	1.01886600214e-05	0	0.000336225780706	0.00102226222215	0.0427244476897	0.00285282480599	0.017636570497	0.000132452580278	0.00900677545891	3.39622000713e-05	0.00617772419297	6.79244001426e-06	0.0056173478918	0.00418414304879	9.16979401926e-05	1.69811000357e-05	3.39622000713e-06	3.39622000713e-06	0.0013788653229	7.8113060164e-05	5.0943300107e-05	5.43395201141e-05	0.000818489021719	0	2.37735400499e-05	1.69811000357e-05	0.00122943164258	0.0037596155479	0.000305659800642	0	0.000896602081883	0.000179999660378	0.00186112856391	1.01886600214e-05	0	3.39622000713e-06	0	0	0	0	0.000553583861163	9.16979401926e-05	0.00141622374297	0.000278490040585	0.00235018424494	0.00133811068281	3.39622000713e-06
6.79244001426e-06	0	3.39622000713e-06	0	3.73584200785e-05	0	0	7.47168401569e-05	6.79244001426e-06	0.000213961860449	0	0	0	0	3.39622000713e-06	0	2.03773200428e-05	0	0	0	0	3.39622000713e-05	4.75470800998e-05	3.39622000713e-05	8.15092801712e-05	0	0	3.39622000713e-06	0.000139245020292	1.35848800285e-05	6.11319601284e-05	0	0	1.01886600214e-05	2.37735400499e-05	0.00618451663299	1.35848800285e-05	7.8113060164e-05	0	0.0011920732225	0	0.00285282480599	0.0435191631714	0.00261508940549	0.001429808623	0.00734942009543	6.79244001426e-06	0.000584149841227	3.39622000713e-06	0.00224490142471	0.000309056020649	0.000740375961555	7.8113060164e-05	0	3.39622000713e-06	0.00121584676255	0.0014773557031	0.000444904820934	0.000719998641512	0.00763130635603	3.39622000713e-06	3.39622000713e-05	0.000129056360271	0.01428450135	0.00102565844215	0.00662602523391	0	3.39622000713e-06	0.000183395880385	0.000716602421505	1.69811000357e-05	0	3.39622000713e-06	3.39622000713e-06	0	0	0	0.000974715142047	0.000427923720899	0.000774338161626	0.000278490040585	0.000563772521184	7.13206201498e-05	6.79244001426e-06
0	0	0	0	6.79244001426e-06	0	0	6.79244001426e-06	0	2.03773200428e-05	0	0	0	0	0	0	3.39622000713e-06	0	0	0	0	3.39622000713e-06	6.79244001426e-06	6.79244001426e-06	0	0	0	3.39622000713e-06	1.01886600214e-05	3.39622000713e-06	6.79244001426e-06	0	0	6.79244001426e-06	6.79244001426e-06	0.00244527840514	3.39622000713e-06	1.35848800285e-05	0	0.000125660140264	0.000499244341048	0.017636570497	0.00261508940549	0.034305218292	0.000122263920257	0.00275433442578	1.35848800285e-05	0.000798111701676	1.01886600214e-05	0.0126441270866	0.00190867564401	6.79244001426e-05	1.01886600214e-05	0	3.39622000713e-06	0.000193584540407	8.15092801712e-05	4.41508600927e-05	7.8113060164e-05	0.000770941941619	0	1.01886600214e-05	1.01886600214e-05	0.000879620981847	0.00376980420792	0.000383772860806	0	0.00105622442222	0.000183395880385	0.00129056360271	1.01886600214e-05	0	3.39622000713e-06	0	0	0	0	0.00041433884087	9.16979401926e-05	0.00085245122179	0.000173207220364	0.00124301652261	0.000550187641155	3.39622000713e-06
