0.021182532214	0	3.26100122055e-05	0	0.000186342926888	6.05614512387e-05	0.00206374791529	0.00552972635541	0.00368958995239	0.000456540170876	0.00435576591602	1.39757195166e-05	0.000624248805076	2.79514390333e-05	0.0113995285524	0.000172367207372	0.000135098621994	2.3292865861e-05	0	0	0.000256221524471	0.000223611512266	8.38543170998e-05	0.000288831536677	0.000577663073354	0	9.31714634442e-06	1.86342926888e-05	0.00314453689124	0.00633100094103	0.00175628208592	0	3.26100122055e-05	0.00108078897595	0.002245432269	9.31714634442e-06	0	0	0	1.39757195166e-05	0	0	2.79514390333e-05	0	6.98785975831e-05	4.65857317221e-06	0	1.39757195166e-05	0	0	0	0	4.65857317221e-06	0	4.65857317221e-06	4.65857317221e-06	0	4.65857317221e-06	0	6.52200244109e-05	0	0	0	1.39757195166e-05	0	9.31714634442e-06	0	0	4.65857317221e-06	4.65857317221e-06	0.00101556895154	0.000149074341511	0.00123452189064	0.000423930158671	9.78300366164e-05	9.31714634442e-05	4.65857317221e-06	1.39757195166e-05	1.39757195166e-05	4.65857317221e-06	0	0	0	0
0	0.00800808728303	0.00152335342731	0	0	0	0	1.39757195166e-05	0	9.31714634442e-06	0	5.12443048943e-05	0	5.12443048943e-05	0	0	0.000191001500061	0.000689468829487	1.39757195166e-05	0.000279514390333	0	0.000139757195166	0.00115998471988	0.000857177463686	3.72685853777e-05	0.000158391487855	0.00218487081777	0.00447688881849	3.72685853777e-05	0	7.91957439275e-05	0	0	4.65857317221e-06	0.000493808756254	9.31714634442e-06	0.00136030336628	0.000265538670816	0	0	0	0	4.65857317221e-06	0	0	0	2.3292865861e-05	0	1.39757195166e-05	0	0	3.26100122055e-05	0.000116464329305	1.39757195166e-05	7.91957439275e-05	0	1.86342926888e-05	0.00012578147565	8.8512890272e-05	0	9.31714634442e-05	0.000228270085438	0.000726737414865	4.65857317221e-06	4.65857317221e-06	1.39757195166e-05	0	0	0	8.8512890272e-05	0.000242245804955	0.000447223024532	0.000321441548882	8.8512890272e-05	0	0	9.31714634442e-06	3.72685853777e-05	0.000139757195166	8.38543170998e-05	3.26100122055e-05	0	0	9.31714634442e-06
3.26100122055e-05	0.00152335342731	0.033220285291	0	4.65857317221e-06	4.65857317221e-06	0	0.000326100122055	0	0.000149074341511	1.39757195166e-05	0.000144415768338	4.65857317221e-06	5.12443048943e-05	2.3292865861e-05	1.39757195166e-05	0.000736054561209	0.00497535614792	0	0.000479833036738	4.65857317221e-06	0.00356846704991	0.00162118346393	0.0162910303832	0.000177025780544	2.79514390333e-05	0.00532940770901	0.0118420930038	0.000922397488097	0.000111805756133	0.00169572063468	0	4.65857317221e-06	5.59028780665e-05	0.00362436992798	4.65857317221e-06	0.000996934658853	0.000288831536677	0	0	4.65857317221e-06	0	4.65857317221e-06	0	4.65857317221e-06	0	2.3292865861e-05	0	9.31714634442e-06	0	0	9.31714634442e-05	0.000107147182961	0	2.79514390333e-05	0	4.19271585499e-05	0.000624248805076	0.000209635792749	0	3.72685853777e-05	0.000153732914683	0.000614931658732	1.86342926888e-05	0	1.86342926888e-05	0	0	4.65857317221e-06	0.000130440048822	0.00261345954961	0.00286502250091	0.00236655517148	0.000987617512508	9.31714634442e-06	4.65857317221e-06	5.59028780665e-05	0.000135098621994	8.38543170998e-05	0.000121122902477	6.98785975831e-05	0	9.31714634442e-06	4.65857317221e-06
0	0	0	0	0	0	0	0	0	0	0	0	0	0	0	0	0	0	0	0	0	0	0	0	0	0	0	0	0	0	0	0	0	0	0	0	0	0	0	0	0	0	0	0	0	0	0	0	0	0	0	0	0	0	0	0	0	0	0	0	0	0	0	0	0	0	0	0	0	0	0	0	0	0	0	0	0	0	0	0	0	0	0	0
0.000186342926888	0	4.65857317221e-06	0	0.018881197067	0	0.000172367207372	0.00217089509825	5.12443048943e-05	0.000312124402538	0.00704376263638	0	0.00243177519589	0	0.000121122902477	4.65857317221e-06	1.39757195166e-05	0	0	0	0.00641019668496	1.86342926888e-05	9.31714634442e-06	1.86342926888e-05	0.00861370179541	0	0	0	0.00943361067372	7.91957439275e-05	6.05614512387e-05	0	0	0	3.26100122055e-05	0	0	0	0	0.000218952939094	0	0	1.39757195166e-05	0	9.31714634442e-05	9.31714634442e-06	0	0.000531077341632	0	0	0	0	0	0	0	0.000256221524471	0	0	0	5.59028780665e-05	0	0	0	9.31714634442e-06	0	0	0	0	0	0	1.39757195166e-05	4.65857317221e-06	1.86342926888e-05	9.31714634442e-06	4.65857317221e-06	0	0	0	0	0	0	0	0	0
6.05614512387e-05	0	4.65857317221e-06	0	0	0.00614465801414	0.00147210912242	1.39757195166e-05	0.00136496193946	0	1.86342926888e-05	4.65857317221e-06	9.31714634442e-06	2.3292865861e-05	0.00044256445136	0.00115532614671	4.65857317221e-06	9.31714634442e-06	0	4.65857317221e-06	4.65857317221e-06	0	0	9.31714634442e-06	4.65857317221e-06	0	4.65857317221e-06	0	1.39757195166e-05	0.00164447632979	1.86342926888e-05	0	0.00183081925668	9.31714634442e-06	0.0014255233907	0	0	0	0	0	0	0	0	0	0	0	0	0	0	0	0	0	0	0	0	0	0	0	0	0	0	0	0	0	0	0	0	0	0	0	3.72685853777e-05	1.86342926888e-05	0.000340075841571	8.8512890272e-05	0.000181684353716	0.00143018196387	0	0	0	4.65857317221e-06	4.65857317221e-06	4.65857317221e-06	4.65857317221e-06	0
0.00206374791529	0	0	0	0.000172367207372	0.00147210912242	0.0224962498486	0.0020451136226	0.00324702550103	8.8512890272e-05	0.00579526502623	2.3292865861e-05	0.00350790559867	1.86342926888e-05	0.00254358095203	0.00201250361039	2.3292865861e-05	4.65857317221e-06	0	9.31714634442e-06	0.000624248805076	2.79514390333e-05	9.31714634442e-06	1.86342926888e-05	0.000298148683021	0	9.31714634442e-06	0	0.00178889209813	0.00308397544	0.000130440048822	0	0.000186342926888	0.000200318646405	0.00163515918345	0	0	0	0	4.65857317221e-06	0	0	0	0	9.31714634442e-06	4.65857317221e-06	0	4.65857317221e-06	0	0	0	0	0	0	0	4.65857317221e-06	0	0	0	1.39757195166e-05	0	0	0	0	0	0	0	0	0	0	0.000237587231783	3.26100122055e-05	0.000805933158792	0.000246904378127	0.000200318646405	0.000293490109849	4.65857317221e-06	0	4.65857317221e-06	4.65857317221e-06	9.31714634442e-06	4.65857317221e-06	0	4.65857317221e-06
0.00552972635541	1.39757195166e-05	0.000326100122055	0	0.00217089509825	1.39757195166e-05	0.0020451136226	0.0508343504551	0.00119259473209	0.00269731386671	0.013309543553	9.31714634442e-06	0.00169106206151	1.86342926888e-05	0.00337280697668	8.8512890272e-05	0.000908421768581	9.78300366164e-05	0	4.65857317221e-06	0.00177957495178	0.00189603928109	0.000652200244109	0.00184013640302	0.00643814812399	0	4.65857317221e-05	0.000102488609789	0.0321674477541	0.0035032470255	0.00988549227143	0	4.65857317221e-06	0.000889787475892	0.00161186631758	7.45371707553e-05	1.39757195166e-05	4.65857317221e-06	0	9.31714634442e-05	0	5.12443048943e-05	0.000181684353716	4.19271585499e-05	0.000810591731964	4.65857317221e-05	0	0.000107147182961	0	1.86342926888e-05	9.31714634442e-06	1.86342926888e-05	0	0	0	1.86342926888e-05	1.39757195166e-05	7.45371707553e-05	1.86342926888e-05	0.000517101622115	0	0	1.86342926888e-05	0.000153732914683	3.72685853777e-05	6.05614512387e-05	0	0	4.65857317221e-06	4.19271585499e-05	0.00130440048822	0.000475174463565	0.000857177463686	0.000307465829366	6.05614512387e-05	9.31714634442e-06	4.65857317221e-06	5.59028780665e-05	0	1.39757195166e-05	4.65857317221e-06	0	0	0
0.00368958995239	0	0	0	5.12443048943e-05	0.00136496193946	0.00324702550103	0.00119259473209	0.0191141257256	6.98785975831e-05	0.00332156267178	9.31714634442e-06	0.000307465829366	2.79514390333e-05	0.00893980191747	0.000489150183082	0	0	0	4.65857317221e-06	0.000116464329305	1.39757195166e-05	9.31714634442e-06	4.19271585499e-05	0.000116464329305	0	4.65857317221e-06	0	0.000708103122176	0.00456540170876	0.000139757195166	0	0.000395978719638	0.000209635792749	0.00157459773221	0	0	0	0	4.65857317221e-06	0	0	0	0	0	4.65857317221e-06	0	4.65857317221e-06	0	0	0	0	4.65857317221e-06	0	4.65857317221e-06	4.65857317221e-06	0	0	0	1.39757195166e-05	0	0	0	4.65857317221e-06	0	0	0	0	0	0	0.000265538670816	4.19271585499e-05	0.000866494610031	0.000237587231783	7.91957439275e-05	0.000279514390333	4.65857317221e-06	4.65857317221e-06	4.65857317221e-06	0	0	0	0	0
0.000456540170876	9.31714634442e-06	0.000149074341511	0	0.000312124402538	0	8.8512890272e-05	0.00269731386671	6.98785975831e-05	0.0180007267374	0.000391320146466	0	0.000726737414865	4.65857317221e-06	0.000237587231783	0.000363368707432	0.00126247332967	4.19271585499e-05	0	4.65857317221e-06	8.38543170998e-05	0.000642883097765	0.00240848233003	0.000661517390454	0.0084320174417	0	2.79514390333e-05	9.31714634442e-05	0.00530145626997	0.000600955939215	0.000955007500303	0	0	0.000293490109849	0.000708103122176	0.000107147182961	9.31714634442e-06	1.86342926888e-05	0	0.000186342926888	0	9.31714634442e-05	0.000354051561088	7.45371707553e-05	0.00279048533015	8.38543170998e-05	0	0.000242245804955	0	2.79514390333e-05	4.19271585499e-05	5.59028780665e-05	9.31714634442e-06	0	0	8.38543170998e-05	0.000135098621994	0.000321441548882	5.12443048943e-05	0.00130440048822	0	4.65857317221e-06	2.79514390333e-05	0.000549711634321	6.52200244109e-05	0.000177025780544	0	0	1.86342926888e-05	0.000144415768338	0.00252494665934	0.000614931658732	0.000503125902599	0.00023292865861	0.000694127402659	0	4.65857317221e-06	9.78300366164e-05	2.3292865861e-05	7.45371707553e-05	2.79514390333e-05	5.12443048943e-05	9.31714634442e-06	0
0.00435576591602	0	1.39757195166e-05	0	0.00704376263638	1.86342926888e-05	0.00579526502623	0.013309543553	0.00332156267178	0.000391320146466	0.0493249727473	4.65857317221e-06	0.00787298866103	4.65857317221e-06	0.00466323174538	7.45371707553e-05	5.12443048943e-05	9.31714634442e-06	0	0	0.010062518052	8.38543170998e-05	2.3292865861e-05	7.45371707553e-05	0.00359641848895	0	1.39757195166e-05	1.39757195166e-05	0.0176420166032	0.00128576619553	0.000428588731843	0	9.31714634442e-06	0.000284172963505	0.000531077341632	4.65857317221e-06	0	0	0	0.000624248805076	0	0	9.31714634442e-06	0	0.000116464329305	4.65857317221e-06	0	7.91957439275e-05	0	4.65857317221e-06	0	0	0	0	0	2.79514390333e-05	4.65857317221e-06	0	0	8.8512890272e-05	0	0	0	2.3292865861e-05	0	4.65857317221e-06	0	0	0	0	0.000242245804955	3.26100122055e-05	0.000260880097644	6.05614512387e-05	4.19271585499e-05	9.31714634442e-06	9.31714634442e-06	9.31714634442e-06	0	0	0	0	0	0
1.39757195166e-05	5.12443048943e-05	0.000144415768338	0	0	4.65857317221e-06	2.3292865861e-05	9.31714634442e-06	9.31714634442e-06	0	4.65857317221e-06	0.0243270691053	0	0.00798945299034	2.3292865861e-05	4.65857317221e-06	4.65857317221e-06	0.000465857317221	0.00114600900036	0.0045421088429	0	2.3292865861e-05	0	8.8512890272e-05	0	0.0027998024765	0.00892582619795	0.000913080341753	1.39757195166e-05	7.45371707553e-05	2.3292865861e-05	0.00109476469547	0	1.39757195166e-05	0.00381537142804	0	8.38543170998e-05	4.65857317221e-06	0	0	0	0	0	0	0	0	0.000456540170876	0	0.00040063729281	0	0	0	4.65857317221e-06	9.78300366164e-05	5.12443048943e-05	0	0	0	0	0	0.000708103122176	0.000312124402538	0.000172367207372	0	0	0	2.79514390333e-05	0	0	4.19271585499e-05	0.000335417268399	0.00382468857438	0.00352188131819	0.00040063729281	0	4.65857317221e-06	0.000521760195287	1.86342926888e-05	0.000135098621994	6.98785975831e-05	4.65857317221e-06	0	4.65857317221e-06	9.31714634442e-06
0.000624248805076	0	4.65857317221e-06	0	0.00243177519589	9.31714634442e-06	0.00350790559867	0.00169106206151	0.000307465829366	0.000726737414865	0.00787298866103	0	0.0269638215207	0	0.000372685853777	0.000465857317221	4.65857317221e-06	4.65857317221e-06	0	0	0.0108358411986	4.65857317221e-06	0	9.31714634442e-06	0.00164447632979	0	0	4.65857317221e-06	0.00264141098864	0.000191001500061	6.52200244109e-05	0	4.65857317221e-06	5.12443048943e-05	6.98785975831e-05	0	0	0	0	9.31714634442e-06	0	0	1.39757195166e-05	0	5.12443048943e-05	4.65857317221e-06	4.65857317221e-06	0.000312124402538	0	0	0	0	0	0	0	0	9.31714634442e-06	0	0	1.39757195166e-05	0	0	0	1.39757195166e-05	0	4.65857317221e-06	0	0	4.65857317221e-06	1.86342926888e-05	6.98785975831e-05	2.3292865861e-05	4.65857317221e-05	9.31714634442e-06	0.000149074341511	0	0	2.3292865861e-05	0	1.39757195166e-05	4.65857317221e-06	4.65857317221e-06	9.31714634442e-06	0
2.79514390333e-05	5.12443048943e-05	5.12443048943e-05	0	0	2.3292865861e-05	1.86342926888e-05	1.86342926888e-05	2.79514390333e-05	4.65857317221e-06	4.65857317221e-06	0.00798945299034	0	0.0214667051775	6.52200244109e-05	4.65857317221e-06	9.31714634442e-06	0.000102488609789	0.000158391487855	0.000624248805076	0	2.3292865861e-05	4.65857317221e-06	6.52200244109e-05	0	0.00533872485535	0.00656858817281	0.00189603928109	1.86342926888e-05	0.000195660073233	1.39757195166e-05	0.00200318646405	9.31714634442e-06	9.31714634442e-06	0.00136496193946	0	5.12443048943e-05	1.39757195166e-05	0	0	0	0	4.65857317221e-06	0	0	0	0.000395978719638	0	0.000433247305015	0	0	0	9.31714634442e-06	6.52200244109e-05	5.12443048943e-05	0	0	0	4.65857317221e-06	0	0.000666175963626	0.000340075841571	0.000177025780544	0	0	0	1.39757195166e-05	0	0	0.000163050061027	0.000405295865982	0.00211965079336	0.00221748082997	0.000349392987916	0	2.79514390333e-05	0.00126713190284	7.45371707553e-05	0.000209635792749	0.000158391487855	8.8512890272e-05	1.39757195166e-05	9.31714634442e-06	9.78300366164e-05
0.0113995285524	0	2.3292865861e-05	0	0.000121122902477	0.00044256445136	0.00254358095203	0.00337280697668	0.00893980191747	0.000237587231783	0.00466323174538	2.3292865861e-05	0.000372685853777	6.52200244109e-05	0.030434458534	0.000447223024532	4.65857317221e-05	9.31714634442e-06	0	4.65857317221e-06	0.000158391487855	9.78300366164e-05	3.72685853777e-05	0.000135098621994	0.000298148683021	4.65857317221e-06	1.39757195166e-05	1.39757195166e-05	0.00171435492737	0.0112784056499	0.000447223024532	0	0.000191001500061	0.000661517390454	0.00332156267178	0	0	0	0	4.65857317221e-06	0	0	0	0	2.3292865861e-05	9.31714634442e-06	4.65857317221e-06	9.31714634442e-06	0	0	0	0	4.65857317221e-06	0	4.65857317221e-06	4.65857317221e-06	0	0	0	2.79514390333e-05	0	0	0	9.31714634442e-06	0	0	0	0	0	0	0.000624248805076	8.8512890272e-05	0.00183081925668	0.000531077341632	0.000116464329305	0.00031678297571	4.65857317221e-06	9.31714634442e-06	9.31714634442e-06	0	0	0	0	0
0.000172367207372	0	1.39757195166e-05	0	4.65857317221e-06	0.00115532614671	0.00201250361039	8.8512890272e-05	0.000489150183082	0.000363368707432	7.45371707553e-05	4.65857317221e-06	0.000465857317221	4.65857317221e-06	0.000447223024532	0.0060514865507	9.31714634442e-06	2.3292865861e-05	0	9.31714634442e-06	9.31714634442e-06	2.79514390333e-05	9.31714634442e-06	4.65857317221e-05	7.91957439275e-05	0	9.31714634442e-06	4.65857317221e-06	8.8512890272e-05	0.00125315618332	5.12443048943e-05	0	0.000111805756133	1.86342926888e-05	0.000894446049064	0	0	4.65857317221e-06	0	0	0	4.65857317221e-06	0	4.65857317221e-06	1.39757195166e-05	0	0	0	0	4.65857317221e-06	4.65857317221e-06	0	0	0	0	0	0	0	4.65857317221e-06	9.31714634442e-06	0	0	0	0	4.65857317221e-06	4.65857317221e-06	0	0	4.65857317221e-06	4.65857317221e-06	0.000386661573293	6.52200244109e-05	0.000447223024532	0.000177025780544	0.00117861901257	0.000414613012327	4.65857317221e-06	3.72685853777e-05	0	2.3292865861e-05	1.39757195166e-05	1.39757195166e-05	4.65857317221e-06	0
0.000135098621994	0.000191001500061	0.000736054561209	0	1.39757195166e-05	4.65857317221e-06	2.3292865861e-05	0.000908421768581	0	0.00126247332967	5.12443048943e-05	4.65857317221e-06	4.65857317221e-06	9.31714634442e-06	4.65857317221e-05	9.31714634442e-06	0.0176792851885	0.00012578147565	0	9.31714634442e-06	1.86342926888e-05	0.0055157506359	0.00592570507505	0.00769596288049	0.00568811784327	0	6.98785975831e-05	0.00218021224459	0.00466789031855	0.000218952939094	0.00120191187843	0	0	6.52200244109e-05	0.000764006000242	3.26100122055e-05	6.98785975831e-05	6.05614512387e-05	0	1.39757195166e-05	0	1.39757195166e-05	2.3292865861e-05	2.79514390333e-05	0.000191001500061	0	4.65857317221e-06	0	0	4.65857317221e-06	9.31714634442e-06	0.000899104622236	0	4.65857317221e-06	0	0	0.00012578147565	0.000787298866103	0.000195660073233	0.000153732914683	0	9.31714634442e-06	0.000270197243988	8.8512890272e-05	2.79514390333e-05	0.000111805756133	0	0	9.31714634442e-06	8.8512890272e-05	0.000955007500303	0.000666175963626	0.000451881597704	0.000228270085438	2.79514390333e-05	0	1.86342926888e-05	7.45371707553e-05	1.86342926888e-05	6.52200244109e-05	3.72685853777e-05	9.31714634442e-06	4.65857317221e-06	0
2.3292865861e-05	0.000689468829487	0.00497535614792	0	0	9.31714634442e-06	4.65857317221e-06	9.78300366164e-05	0	4.19271585499e-05	9.31714634442e-06	0.000465857317221	4.65857317221e-06	0.000102488609789	9.31714634442e-06	2.3292865861e-05	0.00012578147565	0.0218440496045	1.39757195166e-05	0.00428122874526	4.65857317221e-06	0.00127179047601	0.000288831536677	0.00564619068472	5.12443048943e-05	8.8512890272e-05	0.00689468829487	0.00241779947638	0.000200318646405	5.59028780665e-05	0.000694127402659	1.39757195166e-05	4.65857317221e-06	2.79514390333e-05	0.00563687353837	0	0.000354051561088	5.12443048943e-05	0	0	0	0	0	0	0	0	0	0	1.86342926888e-05	0	0	2.3292865861e-05	4.65857317221e-05	4.65857317221e-06	2.79514390333e-05	0	4.65857317221e-06	4.65857317221e-05	2.3292865861e-05	0	8.38543170998e-05	9.78300366164e-05	0.000214294365922	0	0	4.65857317221e-06	0	0	0	2.3292865861e-05	0.00178889209813	0.00235257945197	0.00265538670816	0.000875811756375	1.86342926888e-05	4.65857317221e-06	9.31714634442e-06	5.59028780665e-05	2.79514390333e-05	2.3292865861e-05	4.65857317221e-06	0	4.65857317221e-06	0
0	1.39757195166e-05	0	0	0	0	0	0	0	0	0	0.00114600900036	0	0.000158391487855	0	0	0	1.39757195166e-05	0.0030001211229	0.00136962051263	0	0	0	0	0	0.000107147182961	0.00166311062248	0.000107147182961	0	0	0	2.79514390333e-05	0	0	5.59028780665e-05	0	4.65857317221e-06	0	0	0	0	0	0	0	0	0	3.26100122055e-05	0	2.79514390333e-05	0	0	0	0	0	9.31714634442e-06	0	0	0	0	0	3.26100122055e-05	1.39757195166e-05	1.39757195166e-05	0	0	0	0	0	0	0	0	7.45371707553e-05	6.98785975831e-05	9.31714634442e-06	0	0	4.65857317221e-06	0	1.39757195166e-05	4.65857317221e-06	0	0	0	0
0	0.000279514390333	0.000479833036738	0	0	4.65857317221e-06	9.31714634442e-06	4.65857317221e-06	4.65857317221e-06	4.65857317221e-06	0	0.0045421088429	0	0.000624248805076	4.65857317221e-06	9.31714634442e-06	9.31714634442e-06	0.00428122874526	0.00136962051263	0.0182709239814	0	6.98785975831e-05	2.3292865861e-05	0.000368027280604	0	0.000372685853777	0.0105749611009	0.0014581334029	9.31714634442e-06	2.79514390333e-05	5.12443048943e-05	6.05614512387e-05	0	9.31714634442e-06	0.00346597844012	0	0.000195660073233	9.31714634442e-06	0	0	0	0	0	0	0	0	0.00012578147565	0	0.000107147182961	0	0	0	1.86342926888e-05	3.26100122055e-05	4.65857317221e-05	0	0	4.65857317221e-06	0	0	0.000256221524471	0.000209635792749	0.000218952939094	0	0	0	9.31714634442e-06	0	0	3.26100122055e-05	0.000479833036738	0.001677086342	0.00177025780544	0.000409954439154	0	0	5.12443048943e-05	3.26100122055e-05	4.19271585499e-05	1.86342926888e-05	4.65857317221e-06	0	0	0
0.000256221524471	0	4.65857317221e-06	0	0.00641019668496	4.65857317221e-06	0.000624248805076	0.00177957495178	0.000116464329305	8.38543170998e-05	0.010062518052	0	0.0108358411986	0	0.000158391487855	9.31714634442e-06	1.86342926888e-05	4.65857317221e-06	0	0	0.0205396491163	9.31714634442e-06	4.65857317221e-06	4.65857317221e-06	0.00165379347613	0	4.65857317221e-06	4.65857317221e-06	0.0043417901965	8.8512890272e-05	3.26100122055e-05	0	4.65857317221e-06	9.31714634442e-06	3.26100122055e-05	0	0	0	0	4.19271585499e-05	0	0	9.31714634442e-06	0	3.72685853777e-05	0	0	0.000223611512266	0	0	0	0	0	0	0	4.65857317221e-06	0	0	0	1.39757195166e-05	0	0	0	4.65857317221e-06	0	0	0	0	0	0	3.26100122055e-05	9.31714634442e-06	1.39757195166e-05	0	1.86342926888e-05	4.65857317221e-06	0	0	0	0	0	0	0	0
0.000223611512266	0.000139757195166	0.00356846704991	0	1.86342926888e-05	0	2.79514390333e-05	0.00189603928109	1.39757195166e-05	0.000642883097765	8.38543170998e-05	2.3292865861e-05	4.65857317221e-06	2.3292865861e-05	9.78300366164e-05	2.79514390333e-05	0.0055157506359	0.00127179047601	0	6.98785975831e-05	9.31714634442e-06	0.0439023935749	0.00184013640302	0.0251749294226	0.00218487081777	4.65857317221e-06	0.000260880097644	0.00150471913462	0.00865562895396	0.000805933158792	0.0132256892359	0	0	0.000479833036738	0.00447688881849	9.31714634442e-06	8.38543170998e-05	4.19271585499e-05	0	9.31714634442e-06	0	0	1.39757195166e-05	4.65857317221e-06	9.31714634442e-05	0	4.65857317221e-06	0	4.65857317221e-06	0	0	3.26100122055e-05	4.65857317221e-06	0	4.65857317221e-06	0	9.31714634442e-06	0.000288831536677	4.65857317221e-05	3.72685853777e-05	4.65857317221e-06	9.31714634442e-06	7.91957439275e-05	3.72685853777e-05	4.65857317221e-06	2.79514390333e-05	0	0	9.31714634442e-06	3.72685853777e-05	0.00293955967166	0.00201250361039	0.00183547782985	0.000815250305137	2.79514390333e-05	0	2.79514390333e-05	7.91957439275e-05	2.79514390333e-05	3.26100122055e-05	2.3292865861e-05	2.3292865861e-05	9.31714634442e-06	0
8.38543170998e-05	0.00115998471988	0.00162118346393	0	9.31714634442e-06	0	9.31714634442e-06	0.000652200244109	9.31714634442e-06	0.00240848233003	2.3292865861e-05	0	0	4.65857317221e-06	3.72685853777e-05	9.31714634442e-06	0.00592570507505	0.000288831536677	0	2.3292865861e-05	4.65857317221e-06	0.00184013640302	0.0139291337849	0.00373151711094	0.0026320938423	0	0.000172367207372	0.00410886153789	0.00225009084218	0.000181684353716	0.00080127458562	0	0	7.91957439275e-05	0.000731395988037	2.79514390333e-05	0.000470515890393	0.000214294365922	0	2.3292865861e-05	0	9.31714634442e-06	4.19271585499e-05	1.86342926888e-05	0.000391320146466	0	9.31714634442e-06	4.65857317221e-06	0	1.39757195166e-05	0	0.000335417268399	1.86342926888e-05	4.65857317221e-06	4.65857317221e-06	0	0.000135098621994	0.00201250361039	0.000330758695227	0.000135098621994	9.31714634442e-06	2.3292865861e-05	0.000423930158671	0.000130440048822	4.19271585499e-05	0.000149074341511	0	0	1.86342926888e-05	0.000195660073233	0.000875811756375	0.000698785975831	0.000461198744049	0.000191001500061	1.39757195166e-05	0	9.31714634442e-06	0.000107147182961	0.000111805756133	0.000149074341511	5.59028780665e-05	1.39757195166e-05	1.86342926888e-05	4.65857317221e-06
0.000288831536677	0.000857177463686	0.0162910303832	0	1.86342926888e-05	9.31714634442e-06	1.86342926888e-05	0.00184013640302	4.19271585499e-05	0.000661517390454	7.45371707553e-05	8.8512890272e-05	9.31714634442e-06	6.52200244109e-05	0.000135098621994	4.65857317221e-05	0.00769596288049	0.00564619068472	0	0.000368027280604	4.65857317221e-06	0.0251749294226	0.00373151711094	0.0629978850078	0.00182150211033	9.31714634442e-06	0.00172367207372	0.00761210856339	0.00623782947759	0.000889787475892	0.00791957439275	0	4.65857317221e-06	0.000256221524471	0.00777050005124	1.39757195166e-05	0.000493808756254	0.00023292865861	0	4.65857317221e-06	0	4.65857317221e-06	2.3292865861e-05	1.39757195166e-05	0.000102488609789	0	4.65857317221e-06	0	9.31714634442e-06	4.65857317221e-06	4.65857317221e-06	0.000149074341511	7.45371707553e-05	0	1.86342926888e-05	0	7.45371707553e-05	0.000950348927131	0.000228270085438	3.72685853777e-05	4.65857317221e-06	7.45371707553e-05	0.000414613012327	5.59028780665e-05	9.31714634442e-06	5.59028780665e-05	0	0	9.31714634442e-06	9.78300366164e-05	0.00586514362381	0.00481696466006	0.00407625152568	0.00183547782985	5.59028780665e-05	4.65857317221e-06	7.45371707553e-05	0.000200318646405	0.000102488609789	0.000102488609789	7.91957439275e-05	3.72685853777e-05	1.86342926888e-05	4.65857317221e-06
0.000577663073354	3.72685853777e-05	0.000177025780544	0	0.00861370179541	4.65857317221e-06	0.000298148683021	0.00643814812399	0.000116464329305	0.0084320174417	0.00359641848895	0	0.00164447632979	0	0.000298148683021	7.91957439275e-05	0.00568811784327	5.12443048943e-05	0	0	0.00165379347613	0.00218487081777	0.0026320938423	0.00182150211033	0.0395606033784	0	9.31714634442e-06	0.000172367207372	0.0223145654949	0.000577663073354	0.00153732914683	0	0	0.000158391487855	0.000600955939215	2.79514390333e-05	1.86342926888e-05	9.31714634442e-06	0	0.000149074341511	0	2.79514390333e-05	0.000139757195166	1.39757195166e-05	0.00115532614671	3.72685853777e-05	0	0.000107147182961	0	1.39757195166e-05	9.31714634442e-06	4.19271585499e-05	0	0	0	4.19271585499e-05	6.98785975831e-05	0.000223611512266	1.86342926888e-05	0.00071742026852	0	0	2.3292865861e-05	0.000228270085438	3.72685853777e-05	6.98785975831e-05	0	0	0	5.12443048943e-05	0.000638224524593	0.000377344426949	0.000326100122055	0.000135098621994	4.65857317221e-05	0	4.65857317221e-06	2.79514390333e-05	0	3.72685853777e-05	9.31714634442e-06	1.39757195166e-05	0	0
0	0.000158391487855	2.79514390333e-05	0	0	0	0	0	0	0	0	0.0027998024765	0	0.00533872485535	4.65857317221e-06	0	0	8.8512890272e-05	0.000107147182961	0.000372685853777	0	4.65857317221e-06	0	9.31714634442e-06	0	0.00989480941777	0.00238518946417	0.00121122902477	0	9.31714634442e-06	4.65857317221e-06	0.000181684353716	0	0	0.000517101622115	0	6.98785975831e-05	4.65857317221e-06	0	0	0	0	0	4.65857317221e-06	0	0	0.00071742026852	0	0.000614931658732	0	0	0	1.39757195166e-05	0.000107147182961	7.45371707553e-05	0	0	0	0	0	0.00126247332967	0.000489150183082	0.000260880097644	0	0	0	3.72685853777e-05	4.65857317221e-06	0	8.8512890272e-05	2.79514390333e-05	0.00162118346393	0.000656858817281	6.05614512387e-05	0	0	0.00071742026852	4.65857317221e-06	0.000256221524471	0.000111805756133	1.39757195166e-05	0	0	3.72685853777e-05
9.31714634442e-06	0.00218487081777	0.00532940770901	0	0	4.65857317221e-06	9.31714634442e-06	4.65857317221e-05	4.65857317221e-06	2.79514390333e-05	1.39757195166e-05	0.00892582619795	0	0.00656858817281	1.39757195166e-05	9.31714634442e-06	6.98785975831e-05	0.00689468829487	0.00166311062248	0.0105749611009	4.65857317221e-06	0.000260880097644	0.000172367207372	0.00172367207372	9.31714634442e-06	0.00238518946417	0.0571187656645	0.0145766754558	9.31714634442e-05	6.05614512387e-05	0.000149074341511	0.00221748082997	0	1.39757195166e-05	0.00533872485535	0	0.00115998471988	4.19271585499e-05	0	0	4.65857317221e-06	0	4.65857317221e-06	0	0	0	0.000624248805076	0	0.000614931658732	0	0	1.39757195166e-05	0.000102488609789	0.000191001500061	0.000260880097644	0	4.65857317221e-06	6.05614512387e-05	1.39757195166e-05	0	0.00163515918345	0.000978300366164	0.00111339898816	0	0	0	4.19271585499e-05	0	0	0.0001677086342	0.00122054617112	0.00395047005003	0.00332156267178	0.000889787475892	1.39757195166e-05	0	0.00012578147565	5.59028780665e-05	0.000172367207372	0.000135098621994	4.19271585499e-05	4.65857317221e-06	9.31714634442e-06	9.31714634442e-06
1.86342926888e-05	0.00447688881849	0.0118420930038	0	0	0	0	0.000102488609789	0	9.31714634442e-05	1.39757195166e-05	0.000913080341753	4.65857317221e-06	0.00189603928109	1.39757195166e-05	4.65857317221e-06	0.00218021224459	0.00241779947638	0.000107147182961	0.0014581334029	4.65857317221e-06	0.00150471913462	0.00410886153789	0.00761210856339	0.000172367207372	0.00121122902477	0.0145766754558	0.045556187051	0.00040063729281	4.19271585499e-05	0.000517101622115	0.00012578147565	0	1.86342926888e-05	0.00235723802514	0	0.0013742790858	0.000298148683021	0	0	0	0	0	0	4.65857317221e-06	0	0.0001677086342	0	0.000130440048822	0	0	0.000153732914683	0.000121122902477	5.12443048943e-05	0.000102488609789	0	5.12443048943e-05	0.000871153183203	0.000228270085438	0	0.00048449160991	0.000382003000121	0.00121122902477	1.39757195166e-05	4.65857317221e-06	3.72685853777e-05	4.65857317221e-06	0	0	0.000195660073233	0.00129974191505	0.00215226080556	0.00147210912242	0.000489150183082	1.39757195166e-05	0	2.79514390333e-05	0.000102488609789	0.000139757195166	0.000130440048822	4.65857317221e-05	0	0	4.65857317221e-06
0.00314453689124	3.72685853777e-05	0.000922397488097	0	0.00943361067372	1.39757195166e-05	0.00178889209813	0.0321674477541	0.000708103122176	0.00530145626997	0.0176420166032	1.39757195166e-05	0.00264141098864	1.86342926888e-05	0.00171435492737	8.8512890272e-05	0.00466789031855	0.000200318646405	0	9.31714634442e-06	0.0043417901965	0.00865562895396	0.00225009084218	0.00623782947759	0.0223145654949	0	9.31714634442e-05	0.00040063729281	0.0781102963784	0.00270663101305	0.0146232611876	0	4.65857317221e-06	0.000810591731964	0.00270197243988	8.8512890272e-05	3.72685853777e-05	9.31714634442e-06	0	0.000372685853777	0	6.98785975831e-05	0.000279514390333	6.52200244109e-05	0.00156062201269	6.52200244109e-05	0	0.000163050061027	0	3.26100122055e-05	2.3292865861e-05	7.45371707553e-05	4.65857317221e-06	0	0	2.79514390333e-05	3.72685853777e-05	0.000335417268399	5.12443048943e-05	0.000852518890514	0	0	4.65857317221e-05	0.000270197243988	5.59028780665e-05	0.00012578147565	0	0	2.3292865861e-05	9.31714634442e-05	0.00252494665934	0.00124383903698	0.00129508334187	0.000540394487976	0.000102488609789	4.65857317221e-06	4.65857317221e-06	0.000111805756133	9.31714634442e-06	5.12443048943e-05	1.86342926888e-05	2.79514390333e-05	0	0
0.00633100094103	0	0.000111805756133	0	7.91957439275e-05	0.00164447632979	0.00308397544	0.0035032470255	0.00456540170876	0.000600955939215	0.00128576619553	7.45371707553e-05	0.000191001500061	0.000195660073233	0.0112784056499	0.00125315618332	0.000218952939094	5.59028780665e-05	0	2.79514390333e-05	8.8512890272e-05	0.000805933158792	0.000181684353716	0.000889787475892	0.000577663073354	9.31714634442e-06	6.05614512387e-05	4.19271585499e-05	0.00270663101305	0.042146111489	0.00644746527034	0	0.000577663073354	0.00549245777003	0.0102302266862	4.65857317221e-06	0	0	0	9.31714634442e-06	0	9.31714634442e-06	1.39757195166e-05	0	5.59028780665e-05	9.31714634442e-06	4.65857317221e-06	2.79514390333e-05	0	0	0	4.65857317221e-06	9.31714634442e-06	0	4.65857317221e-06	4.65857317221e-06	9.31714634442e-06	1.39757195166e-05	0	5.12443048943e-05	0	0	0	2.79514390333e-05	0	1.86342926888e-05	0	0	4.65857317221e-06	4.65857317221e-06	0.00237121374465	0.000586980219698	0.00536667629438	0.00174696493958	0.000307465829366	0.00111805756133	1.39757195166e-05	3.72685853777e-05	4.65857317221e-06	4.65857317221e-06	4.65857317221e-06	4.65857317221e-06	0	0
0.00175628208592	7.91957439275e-05	0.00169572063468	0	6.05614512387e-05	1.86342926888e-05	0.000130440048822	0.00988549227143	0.000139757195166	0.000955007500303	0.000428588731843	2.3292865861e-05	6.52200244109e-05	1.39757195166e-05	0.000447223024532	5.12443048943e-05	0.00120191187843	0.000694127402659	0	5.12443048943e-05	3.26100122055e-05	0.0132256892359	0.00080127458562	0.00791957439275	0.00153732914683	4.65857317221e-06	0.000149074341511	0.000517101622115	0.0146232611876	0.00644746527034	0.0428868246234	0	0	0.00119259473209	0.00466789031855	2.3292865861e-05	4.65857317221e-05	4.19271585499e-05	0	2.79514390333e-05	0	1.39757195166e-05	4.19271585499e-05	0	0.000237587231783	9.31714634442e-06	9.31714634442e-06	2.3292865861e-05	9.31714634442e-06	0	4.65857317221e-06	2.79514390333e-05	0	0	0	9.31714634442e-06	1.39757195166e-05	0.000149074341511	3.72685853777e-05	0.000107147182961	0	4.65857317221e-06	6.05614512387e-05	5.59028780665e-05	4.65857317221e-06	1.86342926888e-05	0	0	0	3.26100122055e-05	0.0030001211229	0.00162118346393	0.00192864929329	0.000819908878309	6.52200244109e-05	1.39757195166e-05	0	8.38543170998e-05	1.86342926888e-05	1.86342926888e-05	1.39757195166e-05	9.31714634442e-06	0	0
0	0	0	0	0	0	0	0	0	0	0	0.00109476469547	0	0.00200318646405	0	0	0	1.39757195166e-05	2.79514390333e-05	6.05614512387e-05	0	0	0	0	0	0.000181684353716	0.00221748082997	0.00012578147565	0	0	0	0.00263675241547	0	0	5.59028780665e-05	0	0	0	0	0	0	0	0	0	0	0	3.26100122055e-05	0	2.3292865861e-05	0	0	0	0	4.65857317221e-06	9.31714634442e-06	0	0	0	0	0	5.59028780665e-05	9.31714634442e-06	1.39757195166e-05	0	0	0	0	0	0	0	0	0.000102488609789	5.59028780665e-05	4.65857317221e-06	0	0	1.39757195166e-05	0	1.39757195166e-05	0	0	0	0	0
3.26100122055e-05	0	4.65857317221e-06	0	0	0.00183081925668	0.000186342926888	4.65857317221e-06	0.000395978719638	0	9.31714634442e-06	0	4.65857317221e-06	9.31714634442e-06	0.000191001500061	0.000111805756133	0	4.65857317221e-06	0	0	4.65857317221e-06	0	0	4.65857317221e-06	0	0	0	0	4.65857317221e-06	0.000577663073354	0	0	0.0024969952203	4.65857317221e-06	0.000740713134381	0	0	0	0	0	0	0	0	0	0	0	0	0	0	0	0	0	0	0	0	0	0	0	0	0	0	0	0	0	0	0	0	0	0	0	1.39757195166e-05	0	0.000130440048822	3.72685853777e-05	8.38543170998e-05	0.000694127402659	0	0	0	0	0	0	0	0
0.00108078897595	4.65857317221e-06	5.59028780665e-05	0	0	9.31714634442e-06	0.000200318646405	0.000889787475892	0.000209635792749	0.000293490109849	0.000284172963505	1.39757195166e-05	5.12443048943e-05	9.31714634442e-06	0.000661517390454	1.86342926888e-05	6.52200244109e-05	2.79514390333e-05	0	9.31714634442e-06	9.31714634442e-06	0.000479833036738	7.91957439275e-05	0.000256221524471	0.000158391487855	0	1.39757195166e-05	1.86342926888e-05	0.000810591731964	0.00549245777003	0.00119259473209	0	4.65857317221e-06	0.00690866401439	0.00197523502502	0	0	4.65857317221e-06	0	4.65857317221e-06	0	0	0	0	4.19271585499e-05	4.65857317221e-06	0	4.65857317221e-06	0	0	0	0	0	0	0	0	9.31714634442e-06	4.65857317221e-06	0	1.86342926888e-05	0	0	0	1.39757195166e-05	0	9.31714634442e-06	0	0	0	0	0.00103420324423	0.000204977219577	0.00106215468326	0.000354051561088	8.38543170998e-05	2.3292865861e-05	9.31714634442e-06	2.3292865861e-05	4.65857317221e-06	4.65857317221e-06	4.65857317221e-06	0	0	0
0.002245432269	0.000493808756254	0.00362436992798	0	3.26100122055e-05	0.0014255233907	0.00163515918345	0.00161186631758	0.00157459773221	0.000708103122176	0.000531077341632	0.00381537142804	6.98785975831e-05	0.00136496193946	0.00332156267178	0.000894446049064	0.000764006000242	0.00563687353837	5.59028780665e-05	0.00346597844012	3.26100122055e-05	0.00447688881849	0.000731395988037	0.00777050005124	0.000600955939215	0.000517101622115	0.00533872485535	0.00235723802514	0.00270197243988	0.0102302266862	0.00466789031855	5.59028780665e-05	0.000740713134381	0.00197523502502	0.0476245935395	4.65857317221e-06	0.00031678297571	5.12443048943e-05	0	4.65857317221e-06	0	0	1.39757195166e-05	0	6.52200244109e-05	9.31714634442e-06	7.91957439275e-05	9.31714634442e-06	7.45371707553e-05	0	4.65857317221e-06	1.86342926888e-05	3.26100122055e-05	9.31714634442e-06	3.72685853777e-05	0	1.39757195166e-05	0.000149074341511	4.19271585499e-05	4.19271585499e-05	0.000200318646405	0.000121122902477	0.000218952939094	1.39757195166e-05	0	1.39757195166e-05	4.65857317221e-06	0	0	7.45371707553e-05	0.0095547335762	0.00708103122176	0.0224915912754	0.00729066701451	0.000344734414743	0.00136030336628	0.000340075841571	0.000228270085438	8.38543170998e-05	9.31714634442e-05	4.19271585499e-05	4.65857317221e-05	1.86342926888e-05	4.65857317221e-06
9.31714634442e-06	9.31714634442e-06	4.65857317221e-06	0	0	0	0	7.45371707553e-05	0	0.000107147182961	4.65857317221e-06	0	0	0	0	0	3.26100122055e-05	0	0	0	0	9.31714634442e-06	2.79514390333e-05	1.39757195166e-05	2.79514390333e-05	0	0	0	8.8512890272e-05	4.65857317221e-06	2.3292865861e-05	0	0	0	4.65857317221e-06	0.0149633370291	4.65857317221e-06	0.000228270085438	0	0.000149074341511	3.26100122055e-05	0.00154664629317	0.00598626652629	0.00194262501281	0.000586980219698	0.000302807256194	9.31714634442e-06	0.000600955939215	9.31714634442e-06	0.00225474941535	0.000768664573414	0.000186342926888	9.78300366164e-05	0	9.31714634442e-06	6.52200244109e-05	0.000703444549004	0.000191001500061	0.000461198744049	0.00101091037837	4.65857317221e-06	1.39757195166e-05	4.19271585499e-05	0.000880470329547	0.00565550783106	0.00534338342852	0	9.31714634442e-06	0.000773323146587	0.00178423352496	2.3292865861e-05	4.65857317221e-06	9.31714634442e-06	4.65857317221e-06	0	0	0	0.000596297366043	0.000139757195166	0.000573004500182	0.000242245804955	0.00088512890272	7.91957439275e-05	0
0	0.00136030336628	0.000996934658853	0	0	0	0	1.39757195166e-05	0	9.31714634442e-06	0	8.38543170998e-05	0	5.12443048943e-05	0	0	6.98785975831e-05	0.000354051561088	4.65857317221e-06	0.000195660073233	0	8.38543170998e-05	0.000470515890393	0.000493808756254	1.86342926888e-05	6.98785975831e-05	0.00115998471988	0.0013742790858	3.72685853777e-05	0	4.65857317221e-05	0	0	0	0.00031678297571	4.65857317221e-06	0.0161652489076	0.0017096963542	0	4.65857317221e-06	4.65857317221e-06	0	1.39757195166e-05	9.31714634442e-06	2.79514390333e-05	0	0.000265538670816	4.65857317221e-06	0.000177025780544	4.65857317221e-06	4.65857317221e-06	0.000200318646405	0.00120191187843	8.38543170998e-05	0.000736054561209	4.65857317221e-06	0.00012578147565	0.00155130486635	0.000475174463565	1.39757195166e-05	0.00160720774441	0.00268799672036	0.0100392251861	3.26100122055e-05	9.31714634442e-06	6.98785975831e-05	1.39757195166e-05	0	9.31714634442e-06	0.00102022752471	0.000149074341511	0.000312124402538	0.000191001500061	7.91957439275e-05	0	0	0	0.000284172963505	0.00101091037837	0.000805933158792	0.000344734414743	4.19271585499e-05	3.26100122055e-05	2.3292865861e-05
0	0.000265538670816	0.000288831536677	0	0	0	0	4.65857317221e-06	0	1.86342926888e-05	0	4.65857317221e-06	0	1.39757195166e-05	0	4.65857317221e-06	6.05614512387e-05	5.12443048943e-05	0	9.31714634442e-06	0	4.19271585499e-05	0.000214294365922	0.00023292865861	9.31714634442e-06	4.65857317221e-06	4.19271585499e-05	0.000298148683021	9.31714634442e-06	0	4.19271585499e-05	0	0	4.65857317221e-06	5.12443048943e-05	0.000228270085438	0.0017096963542	0.0280492690699	0	4.65857317221e-06	1.86342926888e-05	7.45371707553e-05	0.000288831536677	6.98785975831e-05	6.98785975831e-05	4.65857317221e-06	0.000135098621994	1.39757195166e-05	4.19271585499e-05	2.79514390333e-05	4.65857317221e-05	0.000987617512508	0.00518499194067	3.72685853777e-05	0.000382003000121	0	0.00298148683021	0.00156993915903	0.0104119110399	0.000121122902477	2.79514390333e-05	0.00373151711094	0.00790094010007	0.00052641876846	0.000186342926888	0.00233860373245	0	9.31714634442e-06	0.000111805756133	0.00381071285487	8.8512890272e-05	7.91957439275e-05	2.3292865861e-05	2.3292865861e-05	4.65857317221e-06	0	0	0.00160720774441	0.00234792087879	0.00290229108629	0.00140223052483	0.000284172963505	0.000293490109849	5.12443048943e-05
0	0	0	0	0	0	0	0	0	0	0	0	0	0	0	0	0	0	0	0	0	0	0	0	0	0	0	0	0	0	0	0	0	0	0	0	0	0	0	0	0	0	0	0	0	0	0	0	0	0	0	0	0	0	0	0	0	0	0	0	0	0	0	0	0	0	0	0	0	0	0	0	0	0	0	0	0	0	0	0	0	0	0	0
1.39757195166e-05	0	0	0	0.000218952939094	0	4.65857317221e-06	9.31714634442e-05	4.65857317221e-06	0.000186342926888	0.000624248805076	0	9.31714634442e-06	0	4.65857317221e-06	0	1.39757195166e-05	0	0	0	4.19271585499e-05	9.31714634442e-06	2.3292865861e-05	4.65857317221e-06	0.000149074341511	0	0	0	0.000372685853777	9.31714634442e-06	2.79514390333e-05	0	0	4.65857317221e-06	4.65857317221e-06	0.000149074341511	4.65857317221e-06	4.65857317221e-06	0	0.0118188001379	4.65857317221e-06	0.000405295865982	0.000815250305137	0.000214294365922	0.00133701050042	0.000782640292931	0	0.00273458245209	0	6.98785975831e-05	0.000116464329305	1.39757195166e-05	0	0	0	0.00343802700109	3.72685853777e-05	4.65857317221e-05	4.65857317221e-06	0.00753757139263	0	0	9.31714634442e-06	0.0020451136226	8.38543170998e-05	0.000139757195166	0	0	2.79514390333e-05	9.78300366164e-05	4.65857317221e-06	4.65857317221e-06	0	0	0	0	0	4.19271585499e-05	0	5.59028780665e-05	2.79514390333e-05	9.31714634442e-05	1.39757195166e-05	0
0	0	4.65857317221e-06	0	0	0	0	0	0	0	0	0	0	0	0	0	0	0	0	0	0	0	0	0	0	0	4.65857317221e-06	0	0	0	0	0	0	0	0	3.26100122055e-05	4.65857317221e-06	1.86342926888e-05	0	4.65857317221e-06	0.00655927102647	0.00373617568411	2.79514390333e-05	0.00327963551324	1.86342926888e-05	1.86342926888e-05	3.72685853777e-05	3.26100122055e-05	4.65857317221e-06	0.000419271585499	0.0012904247687	4.65857317221e-06	9.31714634442e-06	0	9.31714634442e-06	9.31714634442e-06	9.31714634442e-06	2.79514390333e-05	1.86342926888e-05	1.86342926888e-05	0	0	0	1.39757195166e-05	0.000246904378127	3.72685853777e-05	0	0.00186342926888	1.86342926888e-05	0.000894446049064	0	0	0	0	0	0	0	7.45371707553e-05	4.65857317221e-05	0.000386661573293	0.000242245804955	0.000600955939215	0.000955007500303	3.72685853777e-05
