3768	0	0	0	0	0	17	2582	415	0	495	146	93	0	1850	0	0	17	5	126	30	47	0	44	440	0	21	0	1133	731	780	0	0	38	194	0	0	0	0	0	0	0	0	0	0	0	0	0	0	0	0	0	0	0	0	0	0	0	29	0	0	0	2	0	0	0	0	0	0	4	11	28	373	77	4	0	0	0	0	29	29	25	5	0
0	1012	84	0	0	0	0	0	0	300	0	0	2	3	0	0	0	95	0	0	0	0	389	105	29	12	80	651	0	0	0	0	0	0	21	0	485	0	0	0	0	0	0	0	24	0	0	0	4	0	4	0	104	0	61	0	0	24	0	18	12	15	248	0	0	0	0	0	0	6	0	0	1	0	0	0	0	0	0	0	0	4	0	1
0	84	3640	0	0	0	0	0	0	58	0	0	2	0	0	0	0	81	0	0	0	0	61	1092	15	0	1156	2288	0	0	0	0	0	0	0	0	137	0	0	0	0	0	0	0	0	0	0	0	0	0	0	0	72	0	79	0	0	0	0	0	0	35	79	0	0	0	0	0	0	2	0	0	0	0	0	0	0	0	0	0	0	0	0	0
0	0	0	0	0	0	0	0	0	0	0	0	0	0	0	0	0	0	0	0	0	0	0	0	0	0	0	0	0	0	0	0	0	0	0	0	0	0	0	0	0	0	0	0	0	0	0	0	0	0	0	0	0	0	0	0	0	0	0	0	0	0	0	0	0	0	0	0	0	0	0	0	0	0	0	0	0	0	0	0	0	0	0	0
0	0	0	0	1471	0	1	124	1	429	125	1	200	0	0	99	0	0	0	1	303	0	24	0	718	0	0	0	603	0	0	0	0	0	0	0	0	0	0	460	0	0	0	0	100	50	0	55	0	0	4	0	0	0	0	159	0	0	0	613	0	0	0	182	0	0	0	0	0	0	6	0	8	0	99	0	0	3	0	0	0	1	0	0
0	0	0	0	0	30	23	0	0	0	0	0	0	0	0	0	0	0	0	0	0	0	0	0	0	0	0	0	0	0	0	0	0	0	2	0	0	0	0	0	0	0	0	0	0	0	0	0	0	0	0	0	0	0	0	0	0	0	0	0	0	0	0	0	0	0	0	0	0	0	0	0	0	0	21	20	0	0	0	0	0	0	0	0
17	0	0	0	1	23	1791	341	684	2	839	1	172	0	144	111	3	1	0	3	44	0	0	0	5	0	2	0	178	5	1	0	0	0	3	0	0	0	0	0	0	0	0	0	0	0	0	0	0	0	0	0	0	0	0	0	0	0	0	0	0	0	0	0	0	0	0	0	0	1	222	4	211	87	255	90	0	0	0	1	1	0	1	0
2582	0	0	0	124	0	341	10065	799	398	2121	212	9	1	2424	4	1	39	6	264	81	608	2	323	1096	0	24	1	4659	1070	2159	0	0	38	245	0	0	0	0	599	0	0	0	0	234	184	31	181	10	4	1	0	0	20	7	318	0	3	136	1105	1	3	4	548	94	0	0	0	0	173	608	33	661	355	178	28	0	40	12	262	153	129	55	0
415	0	0	0	1	0	684	799	2160	0	1035	60	99	0	942	1	0	0	5	39	116	0	0	0	4	0	16	0	321	63	3	0	0	0	140	0	0	0	0	0	0	0	0	0	0	0	14	0	13	0	0	0	0	1	1	0	0	0	0	0	0	1	0	0	0	0	0	0	0	19	154	28	345	139	136	0	0	1	1	1	1	12	3	0
0	300	58	0	429	0	2	398	0	2784	111	0	388	3	0	236	0	0	0	0	120	0	762	0	1913	13	53	209	985	0	0	0	0	0	0	0	0	0	0	207	0	0	0	0	723	27	3	108	3	0	3	8	0	0	0	147	0	127	0	851	0	0	0	296	2	0	0	0	1	43	56	25	3	0	256	0	0	35	0	92	29	21	4	0
495	0	0	0	125	0	839	2121	1035	111	4665	421	319	3	735	1	0	19	15	407	460	0	0	1	27	0	39	1	800	338	1	0	0	0	523	0	0	0	0	328	0	0	0	0	16	81	14	105	13	0	0	0	0	1	1	252	0	0	0	360	0	1	0	180	0	0	0	0	0	27	265	59	949	186	135	22	0	19	1	1	2	12	9	0
146	0	0	0	1	0	1	212	60	0	421	2398	60	332	155	0	10	2	247	814	79	14	0	8	15	33	510	8	27	507	25	14	7	3	941	0	0	0	0	0	0	0	0	0	0	0	0	0	145	0	0	0	0	0	0	0	0	0	0	0	1	0	39	0	0	0	0	0	0	0	89	565	1283	56	0	0	8	0	81	0	0	0	0	0
93	2	2	0	200	0	172	9	99	388	319	60	2039	2	0	204	0	0	3	30	243	0	20	0	359	0	15	2	108	27	0	0	0	0	91	0	0	0	0	376	0	448	0	378	58	0	3	665	0	340	206	0	0	0	0	627	0	1	0	30	0	0	0	3	31	0	0	0	0	10	25	25	159	8	221	0	0	8	1	4	0	1	2	3
0	3	0	0	0	0	0	1	0	3	3	332	2	1116	1	0	0	0	0	0	0	0	3	0	0	387	110	79	0	4	0	18	3	0	72	0	13	0	0	0	0	0	0	0	0	0	15	0	529	0	0	0	0	1	2	0	0	0	0	0	32	3	148	0	0	0	0	0	0	0	0	322	149	2	0	0	147	0	153	0	0	0	0	1
1850	0	0	0	0	0	144	2424	942	0	735	155	0	1	3914	1	0	17	83	83	22	37	0	42	165	0	43	0	657	304	424	0	0	0	329	0	0	0	0	0	0	0	0	0	0	0	0	0	0	0	0	0	0	0	0	0	0	0	26	0	0	0	2	0	0	0	0	0	0	3	43	29	604	209	4	0	0	0	0	26	26	24	3	0
0	0	0	0	99	0	111	4	1	236	1	0	204	0	1	526	0	0	0	0	10	0	0	0	217	0	0	0	16	0	0	0	0	0	0	0	0	0	0	0	0	0	0	0	1	0	0	1	0	0	0	0	0	0	0	1	0	0	0	0	0	0	0	0	0	0	0	0	0	0	19	1	4	1	419	2	0	0	0	0	0	1	0	0
0	0	0	0	0	0	3	1	0	0	0	10	0	0	0	0	3048	3	0	3	0	130	1536	336	885	0	16	351	13	0	0	1	0	0	0	0	1	0	0	0	0	0	0	0	0	0	0	0	0	0	0	868	0	0	3	0	172	1933	914	19	0	4	561	95	0	0	0	0	0	0	541	190	19	11	0	0	0	56	0	8	9	4	0	0
17	95	81	0	0	0	1	39	0	0	19	2	0	0	17	0	3	2372	0	350	0	67	0	999	3	0	735	205	12	3	23	0	0	0	439	0	457	0	0	0	0	0	0	0	2	0	0	0	0	0	0	0	268	3	435	0	17	0	49	0	2	409	48	0	12	9	0	0	3	87	164	147	488	36	0	0	0	0	15	6	4	0	0	0
5	0	0	0	0	0	0	6	5	0	15	247	3	0	83	0	0	0	658	151	3	0	0	3	0	0	284	18	0	58	2	3	0	0	92	0	16	0	0	0	0	0	0	0	0	0	0	0	0	0	0	0	0	86	48	0	0	0	0	0	2	79	0	0	0	0	0	0	0	0	61	103	158	3	0	0	0	6	0	0	0	0	0	0
126	0	0	0	1	0	3	264	39	0	407	814	30	0	83	0	3	350	151	1803	75	27	0	51	11	0	320	5	42	184	46	2	0	0	717	0	0	0	0	0	0	0	0	0	0	0	0	0	0	0	0	0	0	0	0	0	0	0	0	0	0	0	0	0	0	0	0	0	0	1	292	199	1079	48	0	0	0	2	0	1	0	0	0	0
30	0	0	0	303	0	44	81	116	120	460	79	243	0	22	10	0	0	3	75	999	0	25	0	149	0	3	0	4	45	0	0	0	0	94	0	0	0	0	34	0	0	0	0	0	6	14	31	13	0	0	0	0	1	1	34	0	0	0	36	0	1	0	17	0	0	0	0	0	14	75	5	134	4	59	0	0	6	1	0	0	12	0	0
47	0	0	0	0	0	0	608	0	0	0	14	0	0	37	0	130	67	0	27	0	3079	0	844	89	0	7	1	1035	1	1199	0	0	2	321	0	71	0	0	0	0	0	0	0	0	0	0	0	0	0	0	0	53	0	45	0	4	0	38	0	0	7	14	0	3	2	0	0	1	19	316	6	284	61	0	0	0	2	0	36	35	15	0	0
0	389	61	0	24	0	0	2	0	762	0	0	20	3	0	0	1536	0	0	0	25	0	3777	178	980	13	54	1293	53	0	0	0	0	0	0	0	263	16	0	0	0	0	0	0	44	0	0	0	0	0	0	945	19	0	0	0	132	2179	604	131	0	3	983	118	3	0	0	0	2	25	14	4	0	0	0	0	0	4	0	86	58	8	1	0
44	105	1092	0	0	0	0	323	0	0	1	8	0	0	42	0	336	999	3	51	0	844	178	7668	41	0	571	1402	164	2	638	1	0	0	290	0	477	1	0	0	0	0	0	0	0	0	1	0	1	0	0	95	363	0	218	0	25	649	628	0	0	38	536	0	16	12	0	0	4	304	1314	440	123	135	0	0	0	66	1	332	363	155	2	0
440	29	15	0	718	0	5	1096	4	1913	27	15	359	0	165	217	885	3	0	11	149	89	980	41	6548	0	25	51	3706	445	119	0	0	3	2	0	2	0	0	202	0	6	0	4	627	12	24	43	10	5	3	484	1	13	6	17	303	1071	364	1707	0	3	0	777	69	0	0	0	1	126	1195	235	101	76	221	0	0	120	2	111	42	15	10	0
0	12	0	0	0	0	0	0	0	13	0	33	0	387	0	0	0	0	0	0	0	0	13	0	0	533	108	99	0	0	0	24	0	0	7	0	19	0	0	0	0	0	0	0	0	0	0	0	236	0	0	0	0	0	0	0	0	0	0	0	32	0	138	0	0	0	0	0	0	0	0	17	19	0	0	0	67	0	0	0	0	0	0	0
21	80	1156	0	0	0	2	24	16	53	39	510	15	110	43	0	16	735	284	320	3	7	54	571	25	108	6560	2196	8	115	15	389	0	0	129	0	1517	0	0	0	0	0	0	0	2	0	0	0	394	0	0	0	161	473	1012	0	4	0	18	0	391	1698	786	0	3	3	15	0	0	54	428	792	275	47	0	0	5	10	49	17	14	0	0	0
0	651	2288	0	0	0	0	1	0	209	1	8	2	79	0	0	351	205	18	5	0	1	1293	1402	51	99	2196	8567	2	0	1	111	0	0	7	0	1839	32	0	0	0	0	0	0	0	0	0	0	138	0	0	48	86	287	353	0	0	787	191	0	533	884	1626	0	0	0	3	0	0	81	50	51	13	12	0	0	0	110	2	289	319	7	2	1
1133	0	0	0	603	0	178	4659	321	985	800	27	108	0	657	16	13	12	0	42	4	1035	53	164	3706	0	8	2	9134	768	991	0	0	38	38	0	1	0	0	611	0	6	0	4	635	148	24	134	10	5	3	77	0	13	6	258	61	260	107	1858	0	3	5	764	71	0	0	0	0	114	1102	116	360	276	16	9	0	93	2	115	82	45	6	0
731	0	0	0	0	0	5	1070	63	0	338	507	27	4	304	0	0	3	58	184	45	1	0	2	445	0	115	0	768	2831	241	0	4	222	649	0	0	0	0	0	0	0	0	0	0	0	0	0	0	0	0	0	0	0	1	0	0	0	0	0	0	1	0	0	0	0	0	0	0	3	35	21	670	25	0	0	0	6	1	1	0	1	0	0
780	0	0	0	0	0	1	2159	3	0	1	25	0	0	424	0	0	23	2	46	0	1199	0	638	119	0	15	1	991	241	4184	0	0	11	352	0	5	0	0	0	0	0	0	0	0	0	0	0	0	0	0	0	3	0	1	0	1	0	125	0	0	0	3	0	1	0	0	0	1	1	56	6	516	133	0	0	0	3	0	123	124	111	2	0
0	0	0	0	0	0	0	0	0	0	0	14	0	18	0	0	1	0	3	2	0	0	0	1	0	24	389	111	0	0	0	389	0	0	0	0	46	0	0	0	0	0	0	0	0	0	0	0	210	0	0	0	0	103	0	0	0	0	0	0	40	110	137	0	0	0	10	0	0	0	5	28	0	0	0	0	0	0	3	0	0	0	0	0
0	0	0	0	0	0	0	0	0	0	0	7	0	3	0	0	0	0	0	0	0	0	0	0	0	0	0	0	0	4	0	0	29	0	29	0	0	0	0	0	0	0	0	0	0	0	0	0	0	0	0	0	0	0	0	0	0	0	0	0	0	0	0	0	0	0	0	0	0	0	0	0	7	0	0	5	0	0	0	0	0	0	0	0
38	0	0	0	0	0	0	38	0	0	0	3	0	0	0	0	0	0	0	0	0	2	0	0	3	0	0	0	38	222	11	0	0	232	41	0	0	0	0	0	0	0	0	0	0	0	0	0	0	0	0	0	0	0	0	0	0	0	0	0	0	0	0	0	0	0	0	0	0	0	0	3	99	1	0	0	0	0	0	0	0	0	0	0
194	21	0	0	0	2	3	245	140	0	523	941	91	72	329	0	0	439	92	717	94	321	0	290	2	7	129	7	38	649	352	0	29	41	2918	0	104	0	0	0	0	0	0	0	0	0	0	0	0	0	0	0	57	0	33	0	8	0	18	0	0	6	14	0	6	6	0	0	0	39	6	100	1858	26	0	12	18	0	0	8	8	0	0	0
0	0	0	0	0	0	0	0	0	0	0	0	0	0	0	0	0	0	0	0	0	0	0	0	0	0	0	0	0	0	0	0	0	0	0	4074	0	5	0	38	0	2	1387	553	0	34	0	34	0	1953	0	168	113	0	0	2	314	0	419	905	0	23	0	1197	879	1911	0	0	123	9	0	0	0	0	0	0	0	0	0	3	0	0	0	0
0	485	137	0	0	0	0	0	0	0	0	0	0	13	0	0	1	457	16	0	0	71	263	477	2	19	1517	1839	1	0	5	46	0	0	104	0	5112	31	0	0	0	0	0	0	487	0	8	0	284	0	25	62	581	215	1076	0	30	934	94	656	1057	1712	2677	0	19	14	0	0	5	205	101	33	37	9	0	0	0	70	1	178	190	23	0	4
0	0	0	0	0	0	0	0	0	0	0	0	0	0	0	0	0	0	0	0	0	0	16	1	0	0	0	32	0	0	0	0	0	0	0	5	31	3428	0	0	0	0	89	36	0	0	0	0	0	6	0	0	599	0	0	0	137	3	1834	0	0	643	1513	24	0	81	0	0	0	0	0	0	0	0	0	0	0	0	0	0	0	0	0	0
0	0	0	0	0	0	0	0	0	0	0	0	0	0	0	0	0	0	0	0	0	0	0	0	0	0	0	0	0	0	0	0	0	0	0	0	0	0	0	0	0	0	0	0	0	0	0	0	0	0	0	0	0	0	0	0	0	0	0	0	0	0	0	0	0	0	0	0	0	0	0	0	0	0	0	0	0	0	0	0	0	0	0	0
0	0	0	0	460	0	0	599	0	207	328	0	376	0	0	0	0	0	0	0	34	0	0	0	202	0	0	0	611	0	0	0	0	0	0	38	0	0	0	3191	0	458	44	707	155	496	79	1463	4	432	101	0	0	67	19	1804	0	0	0	2100	0	6	0	1018	211	0	0	0	0	152	38	0	0	0	21	0	0	28	3	6	2	16	0	3
0	0	0	0	0	0	0	0	0	0	0	0	0	0	0	0	0	0	0	0	0	0	0	0	0	0	0	0	0	0	0	0	0	0	0	0	0	0	0	0	233	32	0	26	17	0	0	0	0	0	68	0	0	0	0	0	0	0	0	16	0	0	0	0	0	0	0	68	0	0	0	0	0	0	0	0	0	3	0	0	0	21	1	0
0	0	0	0	0	0	0	0	0	0	0	0	448	0	0	0	0	0	0	0	0	0	0	0	6	0	0	0	6	0	0	0	0	0	0	2	0	0	0	458	32	3253	118	1655	1	852	23	2307	9	763	766	0	0	0	0	1729	0	0	0	202	0	0	0	650	66	0	0	29	0	48	6	0	0	0	0	0	0	44	7	21	0	200	1	10
0	0	0	0	0	0	0	0	0	0	0	0	0	0	0	0	0	0	0	0	0	0	0	0	0	0	0	0	0	0	0	0	0	0	0	1387	0	89	0	44	0	118	4205	657	0	611	0	422	0	592	0	1	0	0	0	314	309	0	421	733	0	0	0	1604	124	675	0	0	0	26	0	0	0	0	0	0	0	0	0	42	0	0	0	0
0	0	0	0	0	0	0	0	0	0	0	0	378	0	0	0	0	0	0	0	0	0	0	0	4	0	0	0	4	0	0	0	0	0	0	553	0	36	0	707	26	1655	657	4619	0	753	16	1863	2	2271	738	0	0	7	3	1383	52	0	128	1032	2	1	0	761	215	193	0	151	32	67	4	0	0	0	0	0	0	211	6	26	0	376	19	10
0	24	0	0	100	0	0	234	0	723	16	0	58	0	0	1	0	2	0	0	0	0	44	0	627	0	2	0	635	0	0	0	0	0	0	0	487	0	0	155	17	1	0	0	2177	1	7	226	44	0	232	0	0	5	6	125	0	836	0	1476	172	13	357	163	4	0	0	0	3	91	89	69	0	0	1	0	0	14	0	97	28	217	7	0
0	0	0	0	50	0	0	184	0	27	81	0	0	0	0	0	0	0	0	0	6	0	0	0	12	0	0	0	148	0	0	0	0	0	0	34	0	0	0	496	0	852	611	753	1	2590	28	1696	1	350	6	0	0	29	8	1476	16	0	21	981	0	2	0	1458	157	14	0	0	0	100	22	0	0	0	18	0	0	7	0	0	0	0	0	0
0	0	0	0	0	0	0	31	14	3	14	0	3	15	0	0	0	0	0	0	14	0	0	1	24	0	0	0	24	0	0	0	0	0	0	0	8	0	0	79	0	23	0	16	7	28	2244	213	640	137	24	0	0	633	228	173	0	0	2	165	16	110	0	38	327	0	7	3	0	1167	37	22	4	5	18	0	1	138	136	140	16	82	0	31
0	0	0	0	55	0	0	181	0	108	105	0	665	0	0	1	0	0	0	0	31	0	0	0	43	0	0	0	134	0	0	0	0	0	0	34	0	0	0	1463	0	2307	422	1863	226	1696	213	5043	63	892	576	0	0	110	28	3388	16	0	20	1596	0	10	0	1281	406	13	0	0	0	395	40	0	0	0	33	0	0	42	8	32	5	54	4	9
0	4	0	0	0	0	0	10	13	3	13	145	0	529	0	0	0	0	0	0	13	0	0	1	10	236	394	138	10	0	0	210	0	0	0	0	284	0	0	4	0	9	0	2	44	1	640	63	2247	34	12	0	0	4	7	51	0	39	0	81	461	118	573	9	63	0	33	0	0	351	23	124	4	3	10	0	1	73	248	78	0	65	0	26
0	0	0	0	0	0	0	4	0	0	0	0	340	0	0	0	0	0	0	0	0	0	0	0	5	0	0	0	5	0	0	0	0	0	0	1953	0	6	0	432	0	763	592	2271	0	350	137	892	34	5514	494	106	52	12	3	808	200	0	266	1494	6	17	0	1411	1718	1303	0	174	259	702	2	0	0	0	2	0	0	198	16	61	4	331	27	39
0	4	0	0	4	0	0	1	0	3	0	0	206	0	0	0	0	0	0	0	0	0	0	0	3	0	0	0	3	0	0	0	0	0	0	0	25	0	0	101	68	766	0	738	232	6	24	576	12	494	1207	0	0	0	0	441	0	63	0	103	0	0	3	8	33	0	0	0	0	43	8	0	0	0	5	0	0	34	6	15	0	329	0	6
0	0	0	0	0	0	0	0	0	8	0	0	0	0	0	0	868	0	0	0	0	0	945	95	484	0	0	48	77	0	0	0	0	0	0	168	62	0	0	0	0	0	1	0	0	0	0	0	0	106	0	2398	0	0	0	0	130	1429	606	512	0	0	315	185	120	230	0	0	98	153	0	0	0	0	0	0	0	185	1	286	181	55	41	0
0	104	72	0	0	0	0	0	0	0	0	0	0	0	0	0	0	268	0	0	0	53	19	363	1	0	161	86	0	0	3	0	0	0	57	113	581	599	0	0	0	0	0	0	0	0	0	0	0	52	0	0	2837	0	716	0	135	0	745	0	0	881	865	0	78	182	0	0	0	299	15	2	11	1	0	0	0	0	0	3	3	0	0	0
0	0	0	0	0	0	0	20	1	0	1	0	0	1	0	0	0	3	86	0	1	0	0	0	13	0	473	287	13	0	0	103	0	0	0	0	215	0	0	67	0	0	0	7	5	29	633	110	4	12	0	0	0	1779	603	93	0	3	7	98	168	553	79	31	135	0	0	0	0	537	21	30	0	0	7	0	0	284	190	120	40	3	0	0
0	61	79	0	0	0	0	7	1	0	1	0	0	2	0	0	3	435	48	0	1	45	0	218	6	0	1012	353	6	1	1	0	0	0	33	0	1076	0	0	19	0	0	0	3	6	8	228	28	7	3	0	0	716	603	3580	23	3	3	10	29	332	2306	611	13	59	0	0	0	0	818	60	75	9	2	1	0	0	211	144	71	67	9	0	0
0	0	0	0	159	0	0	318	0	147	252	0	627	0	0	1	0	0	0	0	34	0	0	0	17	0	0	0	258	0	0	0	0	0	0	2	0	0	0	1804	0	1729	314	1383	125	1476	173	3388	51	808	441	0	0	93	23	4238	0	0	0	1455	0	8	0	1494	322	0	0	0	0	314	39	0	0	0	33	0	0	33	5	19	2	35	1	6
0	0	0	0	0	0	0	0	0	0	0	0	0	0	0	0	172	17	0	0	0	4	132	25	303	0	4	0	61	0	1	0	0	0	8	314	30	137	0	0	0	0	309	52	0	16	0	16	0	200	0	130	135	0	3	0	3500	308	2527	125	0	3	2	774	203	1170	0	0	17	824	1	0	2	0	0	0	0	37	0	562	153	39	23	0
0	24	0	0	0	0	0	3	0	127	0	0	1	0	0	0	1933	0	0	0	0	0	2179	649	1071	0	0	787	260	0	0	0	0	0	0	0	934	3	0	0	0	0	0	0	836	0	0	0	39	0	63	1429	0	3	3	0	308	5794	1486	1325	176	10	2322	262	10	1	0	0	8	105	161	109	3	5	0	0	0	248	6	312	218	74	19	0
29	0	0	0	0	0	0	136	0	0	0	0	0	0	26	0	914	49	0	0	0	38	604	628	364	0	18	191	107	0	125	0	0	0	18	419	94	1834	0	0	0	0	421	128	0	21	2	20	0	266	0	606	745	7	10	0	2527	1486	9530	114	0	229	1574	481	93	879	0	0	6	873	28	1	39	80	0	0	0	681	2	2200	1721	630	429	0
0	18	0	0	613	0	0	1105	0	851	360	0	30	0	0	0	19	0	0	0	36	0	131	0	1707	0	0	0	1858	0	0	0	0	0	0	905	656	0	0	2100	16	202	733	1032	1476	981	165	1596	81	1494	103	512	0	98	29	1455	125	1325	114	9358	176	19	529	3199	2066	943	0	0	1012	1675	147	27	0	0	42	0	0	66	6	310	89	146	26	0
0	12	0	0	0	0	0	1	0	0	0	1	0	32	0	0	0	2	2	0	0	0	0	0	0	32	391	533	0	0	0	40	0	0	0	0	1057	0	0	0	0	0	0	2	172	0	16	0	461	6	0	0	0	168	332	0	0	176	0	176	1349	466	515	0	6	0	0	3	0	21	1	4	0	0	0	0	0	0	5	6	0	0	17	30
0	15	35	0	0	0	0	3	1	0	1	0	0	3	0	0	4	409	79	0	1	7	3	38	3	0	1698	884	3	1	0	110	0	0	6	23	1712	643	0	6	0	0	0	1	13	2	110	10	118	17	0	0	881	553	2306	8	3	10	229	19	466	7410	3402	1	12	23	1	0	0	242	109	98	8	7	1	0	0	232	183	55	44	9	0	0
2	248	79	0	0	0	0	4	0	0	0	39	0	148	2	0	561	48	0	0	0	14	983	536	0	138	786	1626	5	0	3	137	0	0	14	0	2677	1513	0	0	0	0	0	0	357	0	0	0	573	0	3	315	865	79	611	0	2	2322	1574	529	515	3402	10002	0	0	0	1	0	0	87	18	0	35	39	0	0	0	28	0	289	260	105	34	0
0	0	0	0	182	0	0	548	0	296	180	0	3	0	0	0	95	0	0	0	17	0	118	0	777	0	0	0	764	0	0	0	0	0	0	1197	0	24	0	1018	0	650	1604	761	163	1458	38	1281	9	1411	8	185	0	31	13	1494	774	262	481	3199	0	1	0	7364	1078	1498	0	0	494	716	39	2	0	0	23	0	0	60	6	268	70	25	31	0
0	0	0	0	0	0	0	94	0	2	0	0	31	0	0	0	0	12	0	0	0	3	3	16	69	0	3	0	71	0	1	0	0	0	6	879	19	0	0	211	0	66	124	215	4	157	327	406	63	1718	33	120	78	135	59	322	203	10	93	2066	6	12	0	1078	4544	1415	0	168	1120	2161	51	4	1	0	40	0	0	17	21	99	10	27	25	40
0	0	0	0	0	0	0	0	0	0	0	0	0	0	0	0	0	9	0	0	0	2	0	12	0	0	3	0	0	0	0	0	0	0	6	1911	14	81	0	0	0	0	675	193	0	14	0	13	0	1303	0	230	182	0	0	0	1170	1	879	943	0	23	0	1498	1415	4281	0	0	729	602	0	0	1	0	0	0	0	1	0	17	1	0	1	0
0	0	0	0	0	0	0	0	0	0	0	0	0	0	0	0	0	0	0	0	0	0	0	0	0	0	15	3	0	0	0	10	0	0	0	0	0	0	0	0	0	0	0	0	0	0	7	0	33	0	0	0	0	0	0	0	0	0	0	0	0	1	1	0	0	0	34	0	0	0	0	2	0	0	0	0	0	0	7	6	0	0	0	0
0	0	0	0	0	0	0	0	0	0	0	0	0	0	0	0	0	0	0	0	0	0	0	0	0	0	0	0	0	0	0	0	0	0	0	0	0	0	0	0	68	29	0	151	0	0	3	0	0	174	0	0	0	0	0	0	0	0	0	0	3	0	0	0	168	0	0	371	0	94	0	0	0	0	0	0	0	9	2	18	0	3	28	5
0	0	0	0	0	0	0	0	0	1	0	0	0	0	0	0	0	3	0	0	0	1	2	4	1	0	0	0	0	0	1	0	0	0	0	123	5	0	0	0	0	0	0	32	3	0	0	0	0	259	0	98	0	0	0	0	17	8	6	1012	0	0	0	494	1120	729	0	0	1232	704	0	0	0	0	0	0	0	0	0	8	0	0	0	0
4	6	2	0	0	0	1	173	19	43	27	0	10	0	3	0	0	87	0	1	14	19	25	304	126	0	54	81	114	3	1	0	0	0	39	9	205	0	0	152	0	48	26	67	91	100	1167	395	351	702	43	153	299	537	818	314	824	105	873	1675	21	242	87	716	2161	602	0	94	704	6267	352	108	34	33	109	0	0	200	121	1535	259	177	230	84
11	0	0	0	6	0	222	608	154	56	265	89	25	0	43	19	541	164	61	292	75	316	14	1314	1195	0	428	50	1102	35	56	5	0	0	6	0	101	0	0	38	0	6	0	4	89	22	37	40	23	2	8	0	15	21	60	39	1	161	28	147	1	109	18	39	51	0	0	0	0	352	5947	1589	315	365	617	34	0	315	36	452	109	72	71	0
28	0	0	0	0	0	4	33	28	25	59	565	25	322	29	1	190	147	103	199	5	6	4	440	235	17	792	51	116	21	6	28	0	3	100	0	33	0	0	0	0	0	0	0	69	0	22	0	124	0	0	0	2	30	75	0	0	109	1	27	4	98	0	2	4	0	2	0	0	108	1589	2704	291	84	0	0	58	128	121	123	15	9	12	1
373	1	0	0	8	0	211	661	345	3	949	1283	159	149	604	4	19	488	158	1079	134	284	0	123	101	19	275	13	360	670	516	0	7	99	1858	0	37	0	0	0	0	0	0	0	0	0	4	0	4	0	0	0	11	0	9	0	2	3	39	0	0	8	35	0	1	1	0	0	0	34	315	291	4403	676	121	75	59	2	1	54	56	43	17	0
77	0	0	0	0	0	87	355	139	0	186	56	8	2	209	1	11	36	3	48	4	61	0	135	76	0	47	12	276	25	133	0	0	1	26	0	9	0	0	0	0	0	0	0	0	0	5	0	3	0	0	0	1	0	2	0	0	5	80	0	0	7	39	0	0	0	0	0	0	33	365	84	676	1189	1	38	0	34	7	100	103	87	17	0
4	0	0	0	99	21	255	178	136	256	135	0	221	0	4	419	0	0	0	0	59	0	0	0	221	0	0	0	16	0	0	0	0	0	0	0	0	0	0	21	0	0	0	0	1	18	18	33	10	2	5	0	0	7	1	33	0	0	0	42	0	1	0	23	40	0	0	0	0	109	617	0	121	1	1154	53	0	42	10	148	6	29	41	0
0	0	0	0	0	20	90	28	0	0	22	0	0	0	0	2	0	0	0	0	0	0	0	0	0	0	0	0	9	0	0	0	5	0	12	0	0	0	0	0	0	0	0	0	0	0	0	0	0	0	0	0	0	0	0	0	0	0	0	0	0	0	0	0	0	0	0	0	0	0	34	0	75	38	53	157	0	0	0	0	0	0	0	0
0	0	0	0	0	0	0	0	0	0	0	8	0	147	0	0	0	0	0	0	0	0	0	0	0	67	5	0	0	0	0	0	0	0	18	0	0	0	0	0	0	0	0	0	0	0	1	0	1	0	0	0	0	0	0	0	0	0	0	0	0	0	0	0	0	0	0	0	0	0	0	58	59	0	0	0	176	0	1	0	0	0	0	0
0	0	0	0	3	0	0	40	1	35	19	0	8	0	0	0	56	0	6	2	6	2	4	66	120	0	10	110	93	6	3	0	0	0	0	0	70	0	0	28	3	44	0	211	14	7	138	42	73	198	34	185	0	284	211	33	37	248	681	66	0	232	28	60	17	1	0	9	0	200	315	128	2	34	42	0	0	2652	348	182	121	473	73	1
0	0	0	0	0	0	0	12	1	0	1	81	1	153	0	0	0	15	0	0	1	0	0	1	2	0	49	2	2	1	0	3	0	0	0	0	1	0	0	3	0	7	0	6	0	0	136	8	248	16	6	1	0	190	144	5	0	6	2	6	5	183	0	6	21	0	7	2	0	121	36	121	1	7	10	0	1	348	855	143	11	46	3	26
29	0	0	0	0	0	1	262	1	92	1	0	4	0	26	0	8	6	0	1	0	36	86	332	111	0	17	289	115	1	123	0	0	0	8	3	178	0	0	6	0	21	42	26	97	0	140	32	78	61	15	286	3	120	71	19	562	312	2200	310	6	55	289	268	99	17	6	18	8	1535	452	123	54	100	148	0	0	182	143	4367	2355	798	649	56
29	0	0	0	0	0	1	153	1	29	2	0	0	0	26	0	9	4	0	0	0	35	58	363	42	0	14	319	82	0	124	0	0	0	8	0	190	0	0	2	0	0	0	0	28	0	16	5	0	4	0	181	3	40	67	2	153	218	1721	89	0	44	260	70	10	1	0	0	0	259	109	15	56	103	6	0	0	121	11	2355	2623	747	504	0
25	4	0	0	1	0	0	129	12	21	12	0	1	0	24	1	4	0	0	0	12	15	8	155	15	0	0	7	45	1	111	0	0	0	0	0	23	0	0	16	21	200	0	376	217	0	82	54	65	331	329	55	0	3	9	35	39	74	630	146	0	9	105	25	27	0	0	3	0	177	72	9	43	87	29	0	0	473	46	798	747	1741	282	1
5	0	0	0	0	0	1	55	3	4	9	0	2	0	3	0	0	0	0	0	0	0	1	2	10	0	0	2	6	0	2	0	0	0	0	0	0	0	0	0	1	1	0	19	7	0	0	4	0	27	0	41	0	0	0	1	23	19	429	26	17	0	34	31	25	1	0	28	0	230	71	12	17	17	41	0	0	73	3	649	504	282	800	20
0	1	0	0	0	0	0	0	0	0	0	0	3	1	0	0	0	0	0	0	0	0	0	0	0	0	0	1	0	0	0	0	0	0	0	0	4	0	0	3	0	10	0	10	0	0	31	9	26	39	6	0	0	0	0	6	0	0	0	0	30	0	0	0	40	0	0	5	0	84	0	1	0	0	0	0	0	1	26	56	0	1	20	138
