0.0385780981243	0	0	0	0	0	0.000174051928905	0.026435416496	0.00424891473503	0	0.00506798263576	0.00149479891883	0.000952166434597	0	0.0189409452044	0	0	0.000174051928905	5.11917437956e-05	0.00129003194365	0.000307150462773	0.000481202391678	0	0.000450487345401	0.00450487345401	0	0.000215005323941	0	0.0116000491441	0.00748423294291	0.00798591203211	0	0	0.000389057252846	0.00198623965927	0	0	0	0	0	0	0	0	0	0	0	0	0	0	0	0	0	0	0	0	0	0	0	0.000296912114014	0	0	0	2.04766975182e-05	0	0	0	0	0	0	4.09533950364e-05	0.00011262183635	0.000286673765255	0.00381890408715	0.000788352854452	4.09533950364e-05	0	0	0	0	0.000296912114014	0.000296912114014	0.000255958718978	5.11917437956e-05	0
0	0.0103612089442	0.000860021295765	0	0	0	0	0	0	0.00307150462773	0	0	2.04766975182e-05	3.07150462773e-05	0	0	0	0.000972643132116	0	0	0	0	0.00398271766729	0.00107502661971	0.000296912114014	0.000122860185109	0.000819067900729	0.00666516504218	0	0	0	0	0	0	0.000215005323941	0	0.00496559914817	0	0	0	0	0	0	0	0.000245720370219	0	0	0	4.09533950364e-05	0	4.09533950364e-05	0	0.00106478827095	0	0.000624539274306	0	0	0.000245720370219	0	0.000184290277664	0.000122860185109	0.000153575231387	0.00253911049226	0	0	0	0	0	0	6.14300925547e-05	0	0	1.02383487591e-05	0	0	0	0	0	0	0	0	4.09533950364e-05	0	1.02383487591e-05
0	0.000860021295765	0.0372675894832	0	0	0	0	0	0	0.000593824228029	0	0	2.04766975182e-05	0	0	0	0	0.000829306249488	0	0	0	0	0.000624539274306	0.011180276845	0.000153575231387	0	0.0118355311655	0.0234253419608	0	0	0	0	0	0	0	0	0.00140265378	0	0	0	0	0	0	0	0	0	0	0	0	0	0	0	0.000737161110656	0	0.00080882955197	0	0	0	0	0	0	0.000358342206569	0.00080882955197	0	0	0	0	0	0	2.04766975182e-05	0	0	0	0	0	0	0	0	0	0	0	0	0	0
0	0	0	0	0	0	0	0	0	0	0	0	0	0	0	0	0	0	0	0	0	0	0	0	0	0	0	0	0	0	0	0	0	0	0	0	0	0	0	0	0	0	0	0	0	0	0	0	0	0	0	0	0	0	0	0	0	0	0	0	0	0	0	0	0	0	0	0	0	0	0	0	0	0	0	0	0	0	0	0	0	0	0	0
0	0	0	0	0.0150606110247	0	1.02383487591e-05	0.00126955524613	1.02383487591e-05	0.00439225161766	0.00127979359489	1.02383487591e-05	0.00204766975182	0	0	0.00101359652715	0	0	0	1.02383487591e-05	0.00310221967401	0	0.000245720370219	0	0.00735113440904	0	0	0	0.00617372430174	0	0	0	0	0	0	0	0	0	0	0.00470964042919	0	0	0	0	0.00102383487591	0.000511917437956	0	0.000563109181751	0	0	4.09533950364e-05	0	0	0	0	0.0016278974527	0	0	0	0.00627610778934	0	0	0	0.00186337947416	0	0	0	0	0	0	6.14300925547e-05	0	8.19067900729e-05	0	0.00101359652715	0	0	3.07150462773e-05	0	0	0	1.02383487591e-05	0	0
0	0	0	0	0	0.000307150462773	0.00023548202146	0	0	0	0	0	0	0	0	0	0	0	0	0	0	0	0	0	0	0	0	0	0	0	0	0	0	0	2.04766975182e-05	0	0	0	0	0	0	0	0	0	0	0	0	0	0	0	0	0	0	0	0	0	0	0	0	0	0	0	0	0	0	0	0	0	0	0	0	0	0	0	0.000215005323941	0.000204766975182	0	0	0	0	0	0	0	0
0.000174051928905	0	0	0	1.02383487591e-05	0.00023548202146	0.0183368826276	0.00349127692686	0.00700303055123	2.04766975182e-05	0.0085899746089	1.02383487591e-05	0.00176099598657	0	0.00147432222131	0.00113645671226	3.07150462773e-05	1.02383487591e-05	0	3.07150462773e-05	0.000450487345401	0	0	0	5.11917437956e-05	0	2.04766975182e-05	0	0.00182242607912	5.11917437956e-05	1.02383487591e-05	0	0	0	3.07150462773e-05	0	0	0	0	0	0	0	0	0	0	0	0	0	0	0	0	0	0	0	0	0	0	0	0	0	0	0	0	0	0	0	0	0	0	1.02383487591e-05	0.00227291342452	4.09533950364e-05	0.00216029158817	0.000890736342043	0.00261077893357	0.00092145138832	0	0	0	1.02383487591e-05	1.02383487591e-05	0	1.02383487591e-05	0
0.026435416496	0	0	0	0.00126955524613	0	0.00349127692686	0.10304898026	0.00818044065853	0.00407486280613	0.0217155377181	0.00217052993693	9.2145138832e-05	1.02383487591e-05	0.0248177573921	4.09533950364e-05	1.02383487591e-05	0.000399295601605	6.14300925547e-05	0.00270292407241	0.000829306249488	0.00622491604554	2.04766975182e-05	0.00330698664919	0.01122123024	0	0.000245720370219	1.02383487591e-05	0.0477004668687	0.0109550331722	0.0221045949709	0	0	0.000389057252846	0.00250839544598	0	0	0	0	0.00613277090671	0	0	0	0	0.00239577360963	0.00188385617168	0.000317388811532	0.0018531411254	0.000102383487591	4.09533950364e-05	1.02383487591e-05	0	0	0.000204766975182	7.16684413138e-05	0.0032557949054	0	3.07150462773e-05	0.00139241543124	0.0113133753788	1.02383487591e-05	3.07150462773e-05	4.09533950364e-05	0.00561061511999	0.000962404783357	0	0	0	0	0.00177123433533	0.00622491604554	0.000337865509051	0.00676754852977	0.00363461380948	0.00182242607912	0.000286673765255	0	0.000409533950364	0.000122860185109	0.00268244737489	0.00156646736014	0.00132074698993	0.000563109181751	0
0.00424891473503	0	0	0	1.02383487591e-05	0	0.00700303055123	0.00818044065853	0.0221148333197	0	0.0105966909657	0.000614300925547	0.00101359652715	0	0.00964452453108	1.02383487591e-05	0	0	5.11917437956e-05	0.000399295601605	0.00118764845606	0	0	0	4.09533950364e-05	0	0.000163813580146	0	0.00328650995167	0.000645015971824	3.07150462773e-05	0	0	0	0.00143336882628	0	0	0	0	0	0	0	0	0	0	0	0.000143336882628	0	0.000133098533868	0	0	0	0	1.02383487591e-05	1.02383487591e-05	0	0	0	0	0	0	1.02383487591e-05	0	0	0	0	0	0	0	0.000194528626423	0.0015767057089	0.000286673765255	0.00353223032189	0.00142313047752	0.00139241543124	0	0	1.02383487591e-05	1.02383487591e-05	1.02383487591e-05	1.02383487591e-05	0.000122860185109	3.07150462773e-05	0
0	0.00307150462773	0.000593824228029	0	0.00439225161766	0	2.04766975182e-05	0.00407486280613	0	0.0285035629454	0.00113645671226	0	0.00397247931854	3.07150462773e-05	0	0.00241625030715	0	0	0	0	0.00122860185109	0	0.00780162175444	0	0.0195859611762	0.000133098533868	0.000542632484233	0.00213981489065	0.0100847735277	0	0	0	0	0	0	0	0	0	0	0.00211933819314	0	0	0	0	0.00740232615284	0.000276435416496	3.07150462773e-05	0.00110574166598	3.07150462773e-05	0	3.07150462773e-05	8.19067900729e-05	0	0	0	0.00150503726759	0	0.00130027029241	0	0.008712834794	0	0	0	0.0030305512327	2.04766975182e-05	0	0	0	1.02383487591e-05	0.000440248996642	0.00057334753051	0.000255958718978	3.07150462773e-05	0	0.00262101728233	0	0	0.000358342206569	0	0.000941928085838	0.000296912114014	0.000215005323941	4.09533950364e-05	0
0.00506798263576	0	0	0	0.00127979359489	0	0.0085899746089	0.0217155377181	0.0105966909657	0.00113645671226	0.0477618969613	0.00431034482759	0.00326603325416	3.07150462773e-05	0.00752518633795	1.02383487591e-05	0	0.000194528626423	0.000153575231387	0.00416700794496	0.00470964042919	0	0	1.02383487591e-05	0.000276435416496	0	0.000399295601605	1.02383487591e-05	0.00819067900729	0.00346056188058	1.02383487591e-05	0	0	0	0.00535465640102	0	0	0	0	0.00335817839299	0	0	0	0	0.000163813580146	0.000829306249488	0.000143336882628	0.00107502661971	0.000133098533868	0	0	0	0	1.02383487591e-05	1.02383487591e-05	0.0025800638873	0	0	0	0.00368580555328	0	1.02383487591e-05	0	0.00184290277664	0	0	0	0	0	0.000276435416496	0.00271316242116	0.000604062576788	0.0097161929724	0.00190433286919	0.00138217708248	0.0002252436727	0	0.000194528626423	1.02383487591e-05	1.02383487591e-05	2.04766975182e-05	0.000122860185109	9.2145138832e-05	0
0.00149479891883	0	0	0	1.02383487591e-05	0	1.02383487591e-05	0.00217052993693	0.000614300925547	0	0.00431034482759	0.0245515603244	0.000614300925547	0.00339913178803	0.00158694405766	0	0.000102383487591	2.04766975182e-05	0.0025288721435	0.00833401588992	0.00080882955197	0.000143336882628	0	8.19067900729e-05	0.000153575231387	0.000337865509051	0.00522155786715	8.19067900729e-05	0.000276435416496	0.00519084282087	0.000255958718978	0.000143336882628	7.16684413138e-05	3.07150462773e-05	0.00963428618232	0	0	0	0	0	0	0	0	0	0	0	0	0	0.00148456057007	0	0	0	0	0	0	0	0	0	0	0	1.02383487591e-05	0	0.000399295601605	0	0	0	0	0	0	0	0.000911213039561	0.0057846670489	0.0131358014579	0.00057334753051	0	0	8.19067900729e-05	0	0.000829306249488	0	0	0	0	0
0.000952166434597	2.04766975182e-05	2.04766975182e-05	0	0.00204766975182	0	0.00176099598657	9.2145138832e-05	0.00101359652715	0.00397247931854	0.00326603325416	0.000614300925547	0.0208759931198	2.04766975182e-05	0	0.00208862314686	0	0	3.07150462773e-05	0.000307150462773	0.00248791874846	0	0.000204766975182	0	0.00367556720452	0	0.000153575231387	2.04766975182e-05	0.00110574166598	0.000276435416496	0	0	0	0	0.000931689737079	0	0	0	0	0.00384961913343	0	0.00458678024408	0	0.00387009583094	0.000593824228029	0	3.07150462773e-05	0.00680850192481	0	0.0034810385781	0.00210909984438	0	0	0	0	0.00641944467196	0	1.02383487591e-05	0	0.000307150462773	0	0	0	3.07150462773e-05	0.000317388811532	0	0	0	0	0.000102383487591	0.000255958718978	0.000255958718978	0.0016278974527	8.19067900729e-05	0.00226267507576	0	0	8.19067900729e-05	1.02383487591e-05	4.09533950364e-05	0	1.02383487591e-05	2.04766975182e-05	3.07150462773e-05
0	3.07150462773e-05	0	0	0	0	0	1.02383487591e-05	0	3.07150462773e-05	3.07150462773e-05	0.00339913178803	2.04766975182e-05	0.0114259972152	1.02383487591e-05	0	0	0	0	0	0	0	3.07150462773e-05	0	0	0.00396224096978	0.0011262183635	0.00080882955197	0	4.09533950364e-05	0	0.000184290277664	3.07150462773e-05	0	0.000737161110656	0	0.000133098533868	0	0	0	0	0	0	0	0	0	0.000153575231387	0	0.00541608649357	0	0	0	0	1.02383487591e-05	2.04766975182e-05	0	0	0	0	0	0.000327627160292	3.07150462773e-05	0.00151527561635	0	0	0	0	0	0	0	0	0.00329674830043	0.00152551396511	2.04766975182e-05	0	0	0.00150503726759	0	0.00156646736014	0	0	0	0	1.02383487591e-05
0.0189409452044	0	0	0	0	0	0.00147432222131	0.0248177573921	0.00964452453108	0	0.00752518633795	0.00158694405766	0	1.02383487591e-05	0.0400728970432	1.02383487591e-05	0	0.000174051928905	0.000849782947006	0.000849782947006	0.0002252436727	0.000378818904087	0	0.000430010647883	0.00168932754525	0	0.000440248996642	0	0.00672659513474	0.00311245802277	0.00434105987386	0	0	0	0.00336841674175	0	0	0	0	0	0	0	0	0	0	0	0	0	0	0	0	0	0	0	0	0	0	0	0.000266197067737	0	0	0	2.04766975182e-05	0	0	0	0	0	0	3.07150462773e-05	0.000440248996642	0.000296912114014	0.0061839626505	0.00213981489065	4.09533950364e-05	0	0	0	0	0.000266197067737	0.000266197067737	0.000245720370219	3.07150462773e-05	0
0	0	0	0	0.00101359652715	0	0.00113645671226	4.09533950364e-05	1.02383487591e-05	0.00241625030715	1.02383487591e-05	0	0.00208862314686	0	1.02383487591e-05	0.00538537144729	0	0	0	0	0.000102383487591	0	0	0	0.00222172168073	0	0	0	0.000163813580146	0	0	0	0	0	0	0	0	0	0	0	0	0	0	0	1.02383487591e-05	0	0	1.02383487591e-05	0	0	0	0	0	0	0	1.02383487591e-05	0	0	0	0	0	0	0	0	0	0	0	0	0	0	0.000194528626423	1.02383487591e-05	4.09533950364e-05	1.02383487591e-05	0.00428986813007	2.04766975182e-05	0	0	0	0	0	1.02383487591e-05	0	0
0	0	0	0	0	0	3.07150462773e-05	1.02383487591e-05	0	0	0	0.000102383487591	0	0	0	0	0.0312064870178	3.07150462773e-05	0	3.07150462773e-05	0	0.00133098533868	0.015726103694	0.00344008518306	0.00906093865181	0	0.000163813580146	0.00359366041445	0.000133098533868	0	0	1.02383487591e-05	0	0	0	0	1.02383487591e-05	0	0	0	0	0	0	0	0	0	0	0	0	0	0	0.00888688672291	0	0	3.07150462773e-05	0	0.00176099598657	0.0197907281514	0.00935785076583	0.000194528626423	0	4.09533950364e-05	0.00574371365386	0.000972643132116	0	0	0	0	0	0	0.00553894667868	0.00194528626423	0.000194528626423	0.00011262183635	0	0	0	0.00057334753051	0	8.19067900729e-05	9.2145138832e-05	4.09533950364e-05	0	0
0.000174051928905	0.000972643132116	0.000829306249488	0	0	0	1.02383487591e-05	0.000399295601605	0	0	0.000194528626423	2.04766975182e-05	0	0	0.000174051928905	0	3.07150462773e-05	0.0242853632566	0	0.00358342206569	0	0.000685969366861	0	0.0102281104104	3.07150462773e-05	0	0.00752518633795	0.00209886149562	0.000122860185109	3.07150462773e-05	0.00023548202146	0	0	0	0.00449463510525	0	0.00467892538291	0	0	0	0	0	0	0	2.04766975182e-05	0	0	0	0	0	0	0	0.00274387746744	3.07150462773e-05	0.00445368171021	0	0.000174051928905	0	0.000501679089196	0	2.04766975182e-05	0.00418748464248	0.000491440740437	0	0.000122860185109	9.2145138832e-05	0	0	3.07150462773e-05	0.000890736342043	0.00167908919649	0.00150503726759	0.00499631419445	0.000368580555328	0	0	0	0	0.000153575231387	6.14300925547e-05	4.09533950364e-05	0	0	0
5.11917437956e-05	0	0	0	0	0	0	6.14300925547e-05	5.11917437956e-05	0	0.000153575231387	0.0025288721435	3.07150462773e-05	0	0.000849782947006	0	0	0	0.0067368334835	0.00154599066263	3.07150462773e-05	0	0	3.07150462773e-05	0	0	0.00290769104759	0.000184290277664	0	0.000593824228029	2.04766975182e-05	3.07150462773e-05	0	0	0.000941928085838	0	0.000163813580146	0	0	0	0	0	0	0	0	0	0	0	0	0	0	0	0	0.000880497993284	0.000491440740437	0	0	0	0	0	2.04766975182e-05	0.00080882955197	0	0	0	0	0	0	0	0	0.000624539274306	0.00105454992219	0.00161765910394	3.07150462773e-05	0	0	0	6.14300925547e-05	0	0	0	0	0	0
0.00129003194365	0	0	0	1.02383487591e-05	0	3.07150462773e-05	0.00270292407241	0.000399295601605	0	0.00416700794496	0.00833401588992	0.000307150462773	0	0.000849782947006	0	3.07150462773e-05	0.00358342206569	0.00154599066263	0.0184597428127	0.000767876156933	0.000276435416496	0	0.000522155786715	0.00011262183635	0	0.00327627160292	5.11917437956e-05	0.000430010647883	0.00188385617168	0.000470964042919	2.04766975182e-05	0	0	0.00734089606028	0	0	0	0	0	0	0	0	0	0	0	0	0	0	0	0	0	0	0	0	0	0	0	0	0	0	0	0	0	0	0	0	0	0	1.02383487591e-05	0.00298959783766	0.00203743140306	0.0110471783111	0.000491440740437	0	0	0	2.04766975182e-05	0	1.02383487591e-05	0	0	0	0
0.000307150462773	0	0	0	0.00310221967401	0	0.000450487345401	0.000829306249488	0.00118764845606	0.00122860185109	0.00470964042919	0.00080882955197	0.00248791874846	0	0.0002252436727	0.000102383487591	0	0	3.07150462773e-05	0.000767876156933	0.0102281104104	0	0.000255958718978	0	0.00152551396511	0	3.07150462773e-05	0	4.09533950364e-05	0.00046072569416	0	0	0	0	0.000962404783357	0	0	0	0	0.00034810385781	0	0	0	0	0	6.14300925547e-05	0.000143336882628	0.000317388811532	0.000133098533868	0	0	0	0	1.02383487591e-05	1.02383487591e-05	0.00034810385781	0	0	0	0.000368580555328	0	1.02383487591e-05	0	0.000174051928905	0	0	0	0	0	0.000143336882628	0.000767876156933	5.11917437956e-05	0.00137193873372	4.09533950364e-05	0.000604062576788	0	0	6.14300925547e-05	1.02383487591e-05	0	0	0.000122860185109	0	0
0.000481202391678	0	0	0	0	0	0	0.00622491604554	0	0	0	0.000143336882628	0	0	0.000378818904087	0	0.00133098533868	0.000685969366861	0	0.000276435416496	0	0.0315238758293	0	0.00864116635269	0.000911213039561	0	7.16684413138e-05	1.02383487591e-05	0.0105966909657	1.02383487591e-05	0.0122757801622	0	0	2.04766975182e-05	0.00328650995167	0	0.000726922761897	0	0	0	0	0	0	0	0	0	0	0	0	0	0	0	0.000542632484233	0	0.00046072569416	0	4.09533950364e-05	0	0.000389057252846	0	0	7.16684413138e-05	0.000143336882628	0	3.07150462773e-05	2.04766975182e-05	0	0	1.02383487591e-05	0.000194528626423	0.00323531820788	6.14300925547e-05	0.00290769104759	0.000624539274306	0	0	0	2.04766975182e-05	0	0.000368580555328	0.000358342206569	0.000153575231387	0	0
0	0.00398271766729	0.000624539274306	0	0.000245720370219	0	0	2.04766975182e-05	0	0.00780162175444	0	0	0.000204766975182	3.07150462773e-05	0	0	0.015726103694	0	0	0	0.000255958718978	0	0.0386702432632	0.00182242607912	0.0100335817839	0.000133098533868	0.000552870832992	0.0132381849455	0.000542632484233	0	0	0	0	0	0	0	0.00269268572365	0.000163813580146	0	0	0	0	0	0	0.000450487345401	0	0	0	0	0	0	0.00967523957736	0.000194528626423	0	0	0	0.0013514620362	0.0223093619461	0.0061839626505	0.00134122368744	0	3.07150462773e-05	0.0100642968302	0.00120812515358	3.07150462773e-05	0	0	0	2.04766975182e-05	0.000255958718978	0.000143336882628	4.09533950364e-05	0	0	0	0	0	4.09533950364e-05	0	0.000880497993284	0.000593824228029	8.19067900729e-05	1.02383487591e-05	0
0.000450487345401	0.00107502661971	0.011180276845	0	0	0	0	0.00330698664919	0	0	1.02383487591e-05	8.19067900729e-05	0	0	0.000430010647883	0	0.00344008518306	0.0102281104104	3.07150462773e-05	0.000522155786715	0	0.00864116635269	0.00182242607912	0.0785076582849	0.000419772299124	0	0.00584609714145	0.0143541649603	0.00167908919649	2.04766975182e-05	0.00653206650831	1.02383487591e-05	0	0	0.00296912114014	0	0.0048836923581	1.02383487591e-05	0	0	0	0	0	0	0	0	1.02383487591e-05	0	1.02383487591e-05	0	0	0.000972643132116	0.00371652059956	0	0.00223196002949	0	0.000255958718978	0.00664468834466	0.00642968302072	0	0	0.000389057252846	0.00548775493488	0	0.000163813580146	0.000122860185109	0	0	4.09533950364e-05	0.00311245802277	0.0134531902695	0.00450487345401	0.00125931689737	0.00138217708248	0	0	0	0.000675731018101	1.02383487591e-05	0.00339913178803	0.00371652059956	0.00158694405766	2.04766975182e-05	0
0.00450487345401	0.000296912114014	0.000153575231387	0	0.00735113440904	0	5.11917437956e-05	0.01122123024	4.09533950364e-05	0.0195859611762	0.000276435416496	0.000153575231387	0.00367556720452	0	0.00168932754525	0.00222172168073	0.00906093865181	3.07150462773e-05	0	0.00011262183635	0.00152551396511	0.000911213039561	0.0100335817839	0.000419772299124	0.0670407076747	0	0.000255958718978	0.000522155786715	0.0379433205013	0.0045560651978	0.00121836350233	0	0	3.07150462773e-05	2.04766975182e-05	0	2.04766975182e-05	0	0	0.00206814644934	0	6.14300925547e-05	0	4.09533950364e-05	0.00641944467196	0.000122860185109	0.000245720370219	0.000440248996642	0.000102383487591	5.11917437956e-05	3.07150462773e-05	0.00495536079941	1.02383487591e-05	0.000133098533868	6.14300925547e-05	0.000174051928905	0.00310221967401	0.010965271521	0.00372675894832	0.0174768613318	0	3.07150462773e-05	0	0.00795519698583	0.000706446064379	0	0	0	1.02383487591e-05	0.00129003194365	0.0122348267671	0.00240601195839	0.00103407322467	0.000778114505693	0.00226267507576	0	0	0.00122860185109	2.04766975182e-05	0.00113645671226	0.000430010647883	0.000153575231387	0.000102383487591	0
0	0.000122860185109	0	0	0	0	0	0	0	0.000133098533868	0	0.000337865509051	0	0.00396224096978	0	0	0	0	0	0	0	0	0.000133098533868	0	0	0.00545703988861	0.00110574166598	0.00101359652715	0	0	0	0.000245720370219	0	0	7.16684413138e-05	0	0.000194528626423	0	0	0	0	0	0	0	0	0	0	0	0.00241625030715	0	0	0	0	0	0	0	0	0	0	0	0.000327627160292	0	0.00141289212876	0	0	0	0	0	0	0	0	0.000174051928905	0.000194528626423	0	0	0	0.000685969366861	0	0	0	0	0	0	0
0.000215005323941	0.000819067900729	0.0118355311655	0	0	0	2.04766975182e-05	0.000245720370219	0.000163813580146	0.000542632484233	0.000399295601605	0.00522155786715	0.000153575231387	0.0011262183635	0.000440248996642	0	0.000163813580146	0.00752518633795	0.00290769104759	0.00327627160292	3.07150462773e-05	7.16684413138e-05	0.000552870832992	0.00584609714145	0.000255958718978	0.00110574166598	0.0671635678598	0.022483413875	8.19067900729e-05	0.0011774101073	0.000153575231387	0.00398271766729	0	0	0.00132074698993	0	0.0155315750676	0	0	0	0	0	0	0	2.04766975182e-05	0	0	0	0.00403390941109	0	0	0	0.00164837415022	0.00484273896306	0.0103612089442	0	4.09533950364e-05	0	0.000184290277664	0	0.00400319436481	0.017384716193	0.00804734212466	0	3.07150462773e-05	3.07150462773e-05	0.000153575231387	0	0	0.000552870832992	0.0043820132689	0.00810877221722	0.00281554590876	0.000481202391678	0	0	5.11917437956e-05	0.000102383487591	0.000501679089196	0.000174051928905	0.000143336882628	0	0	0
0	0.00666516504218	0.0234253419608	0	0	0	0	1.02383487591e-05	0	0.00213981489065	1.02383487591e-05	8.19067900729e-05	2.04766975182e-05	0.00080882955197	0	0	0.00359366041445	0.00209886149562	0.000184290277664	5.11917437956e-05	0	1.02383487591e-05	0.0132381849455	0.0143541649603	0.000522155786715	0.00101359652715	0.022483413875	0.0877119338193	2.04766975182e-05	0	1.02383487591e-05	0.00113645671226	0	0	7.16684413138e-05	0	0.018828323368	0.000327627160292	0	0	0	0	0	0	0	0	0	0	0.00141289212876	0	0	0.000491440740437	0.000880497993284	0.00293840609387	0.00361413711197	0	0	0.00805758047342	0.00195552461299	0	0.00545703988861	0.00905070030306	0.0166475550823	0	0	0	3.07150462773e-05	0	0	0.000829306249488	0.000511917437956	0.000522155786715	0.000133098533868	0.000122860185109	0	0	0	0.0011262183635	2.04766975182e-05	0.00295888279138	0.00326603325416	7.16684413138e-05	2.04766975182e-05	1.02383487591e-05
0.0116000491441	0	0	0	0.00617372430174	0	0.00182242607912	0.0477004668687	0.00328650995167	0.0100847735277	0.00819067900729	0.000276435416496	0.00110574166598	0	0.00672659513474	0.000163813580146	0.000133098533868	0.000122860185109	0	0.000430010647883	4.09533950364e-05	0.0105966909657	0.000542632484233	0.00167908919649	0.0379433205013	0	8.19067900729e-05	2.04766975182e-05	0.0935170775657	0.007863051847	0.0101462036203	0	0	0.000389057252846	0.000389057252846	0	1.02383487591e-05	0	0	0.00625563109182	0	6.14300925547e-05	0	4.09533950364e-05	0.00650135146204	0.00151527561635	0.000245720370219	0.00137193873372	0.000102383487591	5.11917437956e-05	3.07150462773e-05	0.000788352854452	0	0.000133098533868	6.14300925547e-05	0.00264149397985	0.000624539274306	0.00266197067737	0.00109550331722	0.0190228519944	0	3.07150462773e-05	5.11917437956e-05	0.00782209845196	0.000726922761897	0	0	0	0	0.00116717175854	0.0112826603325	0.00118764845606	0.00368580555328	0.00282578425751	0.000163813580146	9.2145138832e-05	0	0.000952166434597	2.04766975182e-05	0.0011774101073	0.000839544598247	0.00046072569416	6.14300925547e-05	0
0.00748423294291	0	0	0	0	0	5.11917437956e-05	0.0109550331722	0.000645015971824	0	0.00346056188058	0.00519084282087	0.000276435416496	4.09533950364e-05	0.00311245802277	0	0	3.07150462773e-05	0.000593824228029	0.00188385617168	0.00046072569416	1.02383487591e-05	0	2.04766975182e-05	0.0045560651978	0	0.0011774101073	0	0.007863051847	0.028984765337	0.00246744205095	0	4.09533950364e-05	0.00227291342452	0.00664468834466	0	0	0	0	0	0	0	0	0	0	0	0	0	0	0	0	0	0	0	1.02383487591e-05	0	0	0	0	0	0	1.02383487591e-05	0	0	0	0	0	0	0	3.07150462773e-05	0.000358342206569	0.000215005323941	0.00685969366861	0.000255958718978	0	0	0	6.14300925547e-05	1.02383487591e-05	1.02383487591e-05	0	1.02383487591e-05	0	0
0.00798591203211	0	0	0	0	0	1.02383487591e-05	0.0221045949709	3.07150462773e-05	0	1.02383487591e-05	0.000255958718978	0	0	0.00434105987386	0	0	0.00023548202146	2.04766975182e-05	0.000470964042919	0	0.0122757801622	0	0.00653206650831	0.00121836350233	0	0.000153575231387	1.02383487591e-05	0.0101462036203	0.00246744205095	0.0428372512081	0	0	0.00011262183635	0.00360389876321	0	5.11917437956e-05	0	0	0	0	0	0	0	0	0	0	0	0	0	0	0	3.07150462773e-05	0	1.02383487591e-05	0	1.02383487591e-05	0	0.00127979359489	0	0	0	3.07150462773e-05	0	1.02383487591e-05	0	0	0	1.02383487591e-05	1.02383487591e-05	0.00057334753051	6.14300925547e-05	0.0052829879597	0.00136170038496	0	0	0	3.07150462773e-05	0	0.00125931689737	0.00126955524613	0.00113645671226	2.04766975182e-05	0
0	0	0	0	0	0	0	0	0	0	0	0.000143336882628	0	0.000184290277664	0	0	1.02383487591e-05	0	3.07150462773e-05	2.04766975182e-05	0	0	0	1.02383487591e-05	0	0.000245720370219	0.00398271766729	0.00113645671226	0	0	0	0.00398271766729	0	0	0	0	0.000470964042919	0	0	0	0	0	0	0	0	0	0	0	0.00215005323941	0	0	0	0	0.00105454992219	0	0	0	0	0	0	0.000409533950364	0.0011262183635	0.00140265378	0	0	0	0.000102383487591	0	0	0	5.11917437956e-05	0.000286673765255	0	0	0	0	0	0	3.07150462773e-05	0	0	0	0	0
0	0	0	0	0	0	0	0	0	0	0	7.16684413138e-05	0	3.07150462773e-05	0	0	0	0	0	0	0	0	0	0	0	0	0	0	0	4.09533950364e-05	0	0	0.000296912114014	0	0.000296912114014	0	0	0	0	0	0	0	0	0	0	0	0	0	0	0	0	0	0	0	0	0	0	0	0	0	0	0	0	0	0	0	0	0	0	0	0	0	7.16684413138e-05	0	0	5.11917437956e-05	0	0	0	0	0	0	0	0
0.000389057252846	0	0	0	0	0	0	0.000389057252846	0	0	0	3.07150462773e-05	0	0	0	0	0	0	0	0	0	2.04766975182e-05	0	0	3.07150462773e-05	0	0	0	0.000389057252846	0.00227291342452	0.00011262183635	0	0	0.00237529691211	0.000419772299124	0	0	0	0	0	0	0	0	0	0	0	0	0	0	0	0	0	0	0	0	0	0	0	0	0	0	0	0	0	0	0	0	0	0	0	0	3.07150462773e-05	0.00101359652715	1.02383487591e-05	0	0	0	0	0	0	0	0	0	0
0.00198623965927	0.000215005323941	0	0	0	2.04766975182e-05	3.07150462773e-05	0.00250839544598	0.00143336882628	0	0.00535465640102	0.00963428618232	0.000931689737079	0.000737161110656	0.00336841674175	0	0	0.00449463510525	0.000941928085838	0.00734089606028	0.000962404783357	0.00328650995167	0	0.00296912114014	2.04766975182e-05	7.16684413138e-05	0.00132074698993	7.16684413138e-05	0.000389057252846	0.00664468834466	0.00360389876321	0	0.000296912114014	0.000419772299124	0.0298755016791	0	0.00106478827095	0	0	0	0	0	0	0	0	0	0	0	0	0	0	0	0.000583585879269	0	0.000337865509051	0	8.19067900729e-05	0	0.000184290277664	0	0	6.14300925547e-05	0.000143336882628	0	6.14300925547e-05	6.14300925547e-05	0	0	0	0.000399295601605	6.14300925547e-05	0.00102383487591	0.0190228519944	0.000266197067737	0	0.000122860185109	0.000184290277664	0	0	8.19067900729e-05	8.19067900729e-05	0	0	0
0	0	0	0	0	0	0	0	0	0	0	0	0	0	0	0	0	0	0	0	0	0	0	0	0	0	0	0	0	0	0	0	0	0	0	0.0417110328446	0	5.11917437956e-05	0	0.000389057252846	0	2.04766975182e-05	0.0142005897289	0.00566180686379	0	0.00034810385781	0	0.00034810385781	0	0.0199954951265	0	0.00172004259153	0.00115693340978	0	0	2.04766975182e-05	0.00321484151036	0	0.00428986813007	0.009265705627	0	0.00023548202146	0	0.0122553034647	0.00899950855926	0.0195654844787	0	0	0.00125931689737	9.2145138832e-05	0	0	0	0	0	0	0	0	0	3.07150462773e-05	0	0	0	0
0	0.00496559914817	0.00140265378	0	0	0	0	0	0	0	0	0	0	0.000133098533868	0	0	1.02383487591e-05	0.00467892538291	0.000163813580146	0	0	0.000726922761897	0.00269268572365	0.0048836923581	2.04766975182e-05	0.000194528626423	0.0155315750676	0.018828323368	1.02383487591e-05	0	5.11917437956e-05	0.000470964042919	0	0	0.00106478827095	0	0.0523384388566	0.000317388811532	0	0	0	0	0	0	0.00498607584569	0	8.19067900729e-05	0	0.00290769104759	0	0.000255958718978	0.000634777623065	0.00594848062904	0.00220124498321	0.0110164632648	0	0.000307150462773	0.00956261774101	0.000962404783357	0.00671635678598	0.0108219346384	0.0175280530756	0.0274080596281	0	0.000194528626423	0.000143336882628	0	0	5.11917437956e-05	0.00209886149562	0.00103407322467	0.000337865509051	0.000378818904087	9.2145138832e-05	0	0	0	0.000716684413138	1.02383487591e-05	0.00182242607912	0.00194528626423	0.00023548202146	0	4.09533950364e-05
0	0	0	0	0	0	0	0	0	0	0	0	0	0	0	0	0	0	0	0	0	0	0.000163813580146	1.02383487591e-05	0	0	0	0.000327627160292	0	0	0	0	0	0	0	5.11917437956e-05	0.000317388811532	0.0350970595462	0	0	0	0	0.000911213039561	0.000368580555328	0	0	0	0	0	6.14300925547e-05	0	0	0.00613277090671	0	0	0	0.00140265378	3.07150462773e-05	0.0187771316242	0	0	0.00658325825211	0.0154906216725	0.000245720370219	0	0.000829306249488	0	0	0	0	0	0	0	0	0	0	0	0	0	0	0	0	0	0
0	0	0	0	0	0	0	0	0	0	0	0	0	0	0	0	0	0	0	0	0	0	0	0	0	0	0	0	0	0	0	0	0	0	0	0	0	0	0	0	0	0	0	0	0	0	0	0	0	0	0	0	0	0	0	0	0	0	0	0	0	0	0	0	0	0	0	0	0	0	0	0	0	0	0	0	0	0	0	0	0	0	0	0
0	0	0	0	0.00470964042919	0	0	0.00613277090671	0	0.00211933819314	0.00335817839299	0	0.00384961913343	0	0	0	0	0	0	0	0.00034810385781	0	0	0	0.00206814644934	0	0	0	0.00625563109182	0	0	0	0	0	0	0.000389057252846	0	0	0	0.0326705708903	0	0.00468916373167	0.000450487345401	0.00723851257269	0.00158694405766	0.00507822098452	0.00080882955197	0.0149787042346	4.09533950364e-05	0.00442296666394	0.00103407322467	0	0	0.000685969366861	0.000194528626423	0.0184699811614	0	0	0	0.0215005323941	0	6.14300925547e-05	0	0.0104226390368	0.00216029158817	0	0	0	0	0.00155622901139	0.000389057252846	0	0	0	0.000215005323941	0	0	0.000286673765255	3.07150462773e-05	6.14300925547e-05	2.04766975182e-05	0.000163813580146	0	3.07150462773e-05
0	0	0	0	0	0	0	0	0	0	0	0	0	0	0	0	0	0	0	0	0	0	0	0	0	0	0	0	0	0	0	0	0	0	0	0	0	0	0	0	0.00238553526087	0.000327627160292	0	0.000266197067737	0.000174051928905	0	0	0	0	0	0.00069620771562	0	0	0	0	0	0	0	0	0.000163813580146	0	0	0	0	0	0	0	0.00069620771562	0	0	0	0	0	0	0	0	0	3.07150462773e-05	0	0	0	0.000215005323941	1.02383487591e-05	0
0	0	0	0	0	0	0	0	0	0	0	0	0.00458678024408	0	0	0	0	0	0	0	0	0	0	0	6.14300925547e-05	0	0	0	6.14300925547e-05	0	0	0	0	0	0	2.04766975182e-05	0	0	0	0.00468916373167	0.000327627160292	0.0333053485134	0.00120812515358	0.0169444671963	1.02383487591e-05	0.00872307314276	0.00023548202146	0.0236198705873	9.2145138832e-05	0.0078118601032	0.00784257514948	0	0	0	0	0.0177021050045	0	0	0	0.00206814644934	0	0	0	0.00665492669342	0.000675731018101	0	0	0.000296912114014	0	0.000491440740437	6.14300925547e-05	0	0	0	0	0	0	0.000450487345401	7.16684413138e-05	0.000215005323941	0	0.00204766975182	1.02383487591e-05	0.000102383487591
0	0	0	0	0	0	0	0	0	0	0	0	0	0	0	0	0	0	0	0	0	0	0	0	0	0	0	0	0	0	0	0	0	0	0	0.0142005897289	0	0.000911213039561	0	0.000450487345401	0	0.00120812515358	0.0430522565321	0.00672659513474	0	0.00625563109182	0	0.00432058317635	0	0.00606110246539	0	1.02383487591e-05	0	0	0	0.00321484151036	0.00316364976657	0	0.00431034482759	0.00750470964043	0	0	0	0.0164223114096	0.00126955524613	0.0069108854124	0	0	0	0.000266197067737	0	0	0	0	0	0	0	0	0	0.000430010647883	0	0	0	0
0	0	0	0	0	0	0	0	0	0	0	0	0.00387009583094	0	0	0	0	0	0	0	0	0	0	0	4.09533950364e-05	0	0	0	4.09533950364e-05	0	0	0	0	0	0	0.00566180686379	0	0.000368580555328	0	0.00723851257269	0.000266197067737	0.0169444671963	0.00672659513474	0.0472909329183	0	0.00770947661561	0.000163813580146	0.0190740437382	2.04766975182e-05	0.0232512900319	0.00755590138422	0	0	7.16684413138e-05	3.07150462773e-05	0.0141596363339	0.000532394135474	0	0.00131050864117	0.0105659759194	2.04766975182e-05	1.02383487591e-05	0	0.00779138340568	0.00220124498321	0.00197600131051	0	0.00154599066263	0.000327627160292	0.000685969366861	4.09533950364e-05	0	0	0	0	0	0	0.00216029158817	6.14300925547e-05	0.000266197067737	0	0.00384961913343	0.000194528626423	0.000102383487591
0	0.000245720370219	0	0	0.00102383487591	0	0	0.00239577360963	0	0.00740232615284	0.000163813580146	0	0.000593824228029	0	0	1.02383487591e-05	0	2.04766975182e-05	0	0	0	0	0.000450487345401	0	0.00641944467196	0	2.04766975182e-05	0	0.00650135146204	0	0	0	0	0	0	0	0.00498607584569	0	0	0.00158694405766	0.000174051928905	1.02383487591e-05	0	0	0.0222888852486	1.02383487591e-05	7.16684413138e-05	0.00231386681956	0.000450487345401	0	0.00237529691211	0	0	5.11917437956e-05	6.14300925547e-05	0.00127979359489	0	0.00855925956262	0	0.0151118027684	0.00176099598657	0.000133098533868	0.003655090507	0.00166885084774	4.09533950364e-05	0	0	0	3.07150462773e-05	0.000931689737079	0.000911213039561	0.000706446064379	0	0	1.02383487591e-05	0	0	0.000143336882628	0	0.000993119829634	0.000286673765255	0.00222172168073	7.16684413138e-05	0
0	0	0	0	0.000511917437956	0	0	0.00188385617168	0	0.000276435416496	0.000829306249488	0	0	0	0	0	0	0	0	0	6.14300925547e-05	0	0	0	0.000122860185109	0	0	0	0.00151527561635	0	0	0	0	0	0	0.00034810385781	0	0	0	0.00507822098452	0	0.00872307314276	0.00625563109182	0.00770947661561	1.02383487591e-05	0.0265173232861	0.000286673765255	0.0173642394955	1.02383487591e-05	0.00358342206569	6.14300925547e-05	0	0	0.000296912114014	8.19067900729e-05	0.0151118027684	0.000163813580146	0	0.000215005323941	0.0100438201327	0	2.04766975182e-05	0	0.0149275124908	0.00160742075518	0.000143336882628	0	0	0	0.00102383487591	0.0002252436727	0	0	0	0.000184290277664	0	0	7.16684413138e-05	0	0	0	0	0	0
0	0	0	0	0	0	0	0.000317388811532	0.000143336882628	3.07150462773e-05	0.000143336882628	0	3.07150462773e-05	0.000153575231387	0	0	0	0	0	0	0.000143336882628	0	0	1.02383487591e-05	0.000245720370219	0	0	0	0.000245720370219	0	0	0	0	0	0	0	8.19067900729e-05	0	0	0.00080882955197	0	0.00023548202146	0	0.000163813580146	7.16684413138e-05	0.000286673765255	0.0229748546154	0.00218076828569	0.00655254320583	0.00140265378	0.000245720370219	0	0	0.00648087476452	0.00233434351708	0.00177123433533	0	0	2.04766975182e-05	0.00168932754525	0.000163813580146	0.0011262183635	0	0.000389057252846	0.00334794004423	0	7.16684413138e-05	3.07150462773e-05	0	0.0119481530019	0.000378818904087	0.0002252436727	4.09533950364e-05	5.11917437956e-05	0.000184290277664	0	1.02383487591e-05	0.00141289212876	0.00139241543124	0.00143336882628	0.000163813580146	0.000839544598247	0	0.000317388811532
0	0	0	0	0.000563109181751	0	0	0.0018531411254	0	0.00110574166598	0.00107502661971	0	0.00680850192481	0	0	1.02383487591e-05	0	0	0	0	0.000317388811532	0	0	0	0.000440248996642	0	0	0	0.00137193873372	0	0	0	0	0	0	0.00034810385781	0	0	0	0.0149787042346	0	0.0236198705873	0.00432058317635	0.0190740437382	0.00231386681956	0.0173642394955	0.00218076828569	0.0516319927922	0.000645015971824	0.00913260709313	0.00589728888525	0	0	0.0011262183635	0.000286673765255	0.0346875255959	0.000163813580146	0	0.000204766975182	0.0163404046195	0	0.000102383487591	0	0.0131153247604	0.0041567695962	0.000133098533868	0	0	0	0.00404414775985	0.000409533950364	0	0	0	0.000337865509051	0	0	0.000430010647883	8.19067900729e-05	0.000327627160292	5.11917437956e-05	0.000552870832992	4.09533950364e-05	9.2145138832e-05
0	4.09533950364e-05	0	0	0	0	0	0.000102383487591	0.000133098533868	3.07150462773e-05	0.000133098533868	0.00148456057007	0	0.00541608649357	0	0	0	0	0	0	0.000133098533868	0	0	1.02383487591e-05	0.000102383487591	0.00241625030715	0.00403390941109	0.00141289212876	0.000102383487591	0	0	0.00215005323941	0	0	0	0	0.00290769104759	0	0	4.09533950364e-05	0	9.2145138832e-05	0	2.04766975182e-05	0.000450487345401	1.02383487591e-05	0.00655254320583	0.000645015971824	0.0230055696617	0.00034810385781	0.000122860185109	0	0	4.09533950364e-05	7.16684413138e-05	0.000522155786715	0	0.000399295601605	0	0.000829306249488	0.00471987877795	0.00120812515358	0.00586657383897	9.2145138832e-05	0.000645015971824	0	0.000337865509051	0	0	0.00359366041445	0.00023548202146	0.00126955524613	4.09533950364e-05	3.07150462773e-05	0.000102383487591	0	1.02383487591e-05	0.000747399459415	0.00253911049226	0.000798591203211	0	0.000665492669342	0	0.000266197067737
0	0	0	0	0	0	0	4.09533950364e-05	0	0	0	0	0.0034810385781	0	0	0	0	0	0	0	0	0	0	0	5.11917437956e-05	0	0	0	5.11917437956e-05	0	0	0	0	0	0	0.0199954951265	0	6.14300925547e-05	0	0.00442296666394	0	0.0078118601032	0.00606110246539	0.0232512900319	0	0.00358342206569	0.00140265378	0.00913260709313	0.00034810385781	0.0564542550577	0.005057744287	0.00108526496847	0.000532394135474	0.000122860185109	3.07150462773e-05	0.00827258579736	0.00204766975182	0	0.00272340076992	0.0152960930461	6.14300925547e-05	0.000174051928905	0	0.0144463100991	0.0175894831682	0.0133405684331	0	0.00178147268409	0.00265173232861	0.0071873208289	2.04766975182e-05	0	0	0	2.04766975182e-05	0	0	0.0020271930543	0.000163813580146	0.000624539274306	4.09533950364e-05	0.00338889343927	0.000276435416496	0.000399295601605
0	4.09533950364e-05	0	0	4.09533950364e-05	0	0	1.02383487591e-05	0	3.07150462773e-05	0	0	0.00210909984438	0	0	0	0	0	0	0	0	0	0	0	3.07150462773e-05	0	0	0	3.07150462773e-05	0	0	0	0	0	0	0	0.000255958718978	0	0	0.00103407322467	0.00069620771562	0.00784257514948	0	0.00755590138422	0.00237529691211	6.14300925547e-05	0.000245720370219	0.00589728888525	0.000122860185109	0.005057744287	0.0123576869522	0	0	0	0	0.00451511180277	0	0.000645015971824	0	0.00105454992219	0	0	3.07150462773e-05	8.19067900729e-05	0.000337865509051	0	0	0	0	0.000440248996642	8.19067900729e-05	0	0	0	5.11917437956e-05	0	0	0.00034810385781	6.14300925547e-05	0.000153575231387	0	0.00336841674175	0	6.14300925547e-05
0	0	0	0	0	0	0	0	0	8.19067900729e-05	0	0	0	0	0	0	0.00888688672291	0	0	0	0	0	0.00967523957736	0.000972643132116	0.00495536079941	0	0	0.000491440740437	0.000788352854452	0	0	0	0	0	0	0.00172004259153	0.000634777623065	0	0	0	0	0	1.02383487591e-05	0	0	0	0	0	0	0.00108526496847	0	0.0245515603244	0	0	0	0	0.00133098533868	0.0146306003768	0.00620443934802	0.00524203456467	0	0	0.00322507985912	0.00189409452044	0.00122860185109	0.0023548202146	0	0	0.00100335817839	0.00156646736014	0	0	0	0	0	0	0	0.00189409452044	1.02383487591e-05	0.00292816774511	0.0018531411254	0.000563109181751	0.000419772299124	0
0	0.00106478827095	0.000737161110656	0	0	0	0	0	0	0	0	0	0	0	0	0	0	0.00274387746744	0	0	0	0.000542632484233	0.000194528626423	0.00371652059956	1.02383487591e-05	0	0.00164837415022	0.000880497993284	0	0	3.07150462773e-05	0	0	0	0.000583585879269	0.00115693340978	0.00594848062904	0.00613277090671	0	0	0	0	0	0	0	0	0	0	0	0.000532394135474	0	0	0.0290461954296	0	0.00733065771152	0	0.00138217708248	0	0.00762756982554	0	0	0.00901998525678	0.00885617167663	0	0.000798591203211	0.00186337947416	0	0	0	0.00306126627897	0.000153575231387	2.04766975182e-05	0.00011262183635	1.02383487591e-05	0	0	0	0	0	3.07150462773e-05	3.07150462773e-05	0	0	0
0	0	0	0	0	0	0	0.000204766975182	1.02383487591e-05	0	1.02383487591e-05	0	0	1.02383487591e-05	0	0	0	3.07150462773e-05	0.000880497993284	0	1.02383487591e-05	0	0	0	0.000133098533868	0	0.00484273896306	0.00293840609387	0.000133098533868	0	0	0.00105454992219	0	0	0	0	0.00220124498321	0	0	0.000685969366861	0	0	0	7.16684413138e-05	5.11917437956e-05	0.000296912114014	0.00648087476452	0.0011262183635	4.09533950364e-05	0.000122860185109	0	0	0	0.0182140224425	0.00617372430174	0.000952166434597	0	3.07150462773e-05	7.16684413138e-05	0.00100335817839	0.00172004259153	0.00566180686379	0.00080882955197	0.000317388811532	0.00138217708248	0	0	0	0	0.00549799328364	0.000215005323941	0.000307150462773	0	0	7.16684413138e-05	0	0	0.00290769104759	0.00194528626423	0.00122860185109	0.000409533950364	3.07150462773e-05	0	0
0	0.000624539274306	0.00080882955197	0	0	0	0	7.16684413138e-05	1.02383487591e-05	0	1.02383487591e-05	0	0	2.04766975182e-05	0	0	3.07150462773e-05	0.00445368171021	0.000491440740437	0	1.02383487591e-05	0.00046072569416	0	0.00223196002949	6.14300925547e-05	0	0.0103612089442	0.00361413711197	6.14300925547e-05	1.02383487591e-05	1.02383487591e-05	0	0	0	0.000337865509051	0	0.0110164632648	0	0	0.000194528626423	0	0	0	3.07150462773e-05	6.14300925547e-05	8.19067900729e-05	0.00233434351708	0.000286673765255	7.16684413138e-05	3.07150462773e-05	0	0	0.00733065771152	0.00617372430174	0.0366532885576	0.00023548202146	3.07150462773e-05	3.07150462773e-05	0.000102383487591	0.000296912114014	0.00339913178803	0.0236096322385	0.00625563109182	0.000133098533868	0.000604062576788	0	0	0	0	0.00837496928495	0.000614300925547	0.000767876156933	9.2145138832e-05	2.04766975182e-05	1.02383487591e-05	0	0	0.00216029158817	0.00147432222131	0.000726922761897	0.000685969366861	9.2145138832e-05	0	0
0	0	0	0	0.0016278974527	0	0	0.0032557949054	0	0.00150503726759	0.0025800638873	0	0.00641944467196	0	0	1.02383487591e-05	0	0	0	0	0.00034810385781	0	0	0	0.000174051928905	0	0	0	0.00264149397985	0	0	0	0	0	0	2.04766975182e-05	0	0	0	0.0184699811614	0	0.0177021050045	0.00321484151036	0.0141596363339	0.00127979359489	0.0151118027684	0.00177123433533	0.0346875255959	0.000522155786715	0.00827258579736	0.00451511180277	0	0	0.000952166434597	0.00023548202146	0.0433901220411	0	0	0	0.0148967974445	0	8.19067900729e-05	0	0.0152960930461	0.00329674830043	0	0	0	0	0.00321484151036	0.000399295601605	0	0	0	0.000337865509051	0	0	0.000337865509051	5.11917437956e-05	0.000194528626423	2.04766975182e-05	0.000358342206569	1.02383487591e-05	6.14300925547e-05
0	0	0	0	0	0	0	0	0	0	0	0	0	0	0	0	0.00176099598657	0.000174051928905	0	0	0	4.09533950364e-05	0.0013514620362	0.000255958718978	0.00310221967401	0	4.09533950364e-05	0	0.000624539274306	0	1.02383487591e-05	0	0	0	8.19067900729e-05	0.00321484151036	0.000307150462773	0.00140265378	0	0	0	0	0.00316364976657	0.000532394135474	0	0.000163813580146	0	0.000163813580146	0	0.00204766975182	0	0.00133098533868	0.00138217708248	0	3.07150462773e-05	0	0.0358342206569	0.00315341141781	0.0258723073143	0.00127979359489	0	3.07150462773e-05	2.04766975182e-05	0.00792448193955	0.0020783847981	0.0119788680482	0	0	0.000174051928905	0.00843639937751	1.02383487591e-05	0	2.04766975182e-05	0	0	0	0	0.000378818904087	0	0.00575395200262	0.00156646736014	0.000399295601605	0.00023548202146	0
0	0.000245720370219	0	0	0	0	0	3.07150462773e-05	0	0.00130027029241	0	0	1.02383487591e-05	0	0	0	0.0197907281514	0	0	0	0	0	0.0223093619461	0.00664468834466	0.010965271521	0	0	0.00805758047342	0.00266197067737	0	0	0	0	0	0	0	0.00956261774101	3.07150462773e-05	0	0	0	0	0	0	0.00855925956262	0	0	0	0.000399295601605	0	0.000645015971824	0.0146306003768	0	3.07150462773e-05	3.07150462773e-05	0	0.00315341141781	0.0593209927103	0.015214186256	0.0135658121058	0.0018019493816	0.000102383487591	0.0237734458187	0.00268244737489	0.000102383487591	1.02383487591e-05	0	0	8.19067900729e-05	0.00107502661971	0.00164837415022	0.00111598001474	3.07150462773e-05	5.11917437956e-05	0	0	0	0.00253911049226	6.14300925547e-05	0.00319436481284	0.00223196002949	0.000757637808174	0.000194528626423	0
