0.0254069110758	0.000112499606251	0.000656997700508	0	0.000530998141507	1.34999527502e-05	0.000679497621758	0.0133334533329	0.00698397555609	0.000647997732008	0.00223199218803	0.000305998929004	0.000935996724011	8.0999716501e-05	0.0150749472377	2.24999212503e-05	0.000265499070753	0.00120149579476	2.69999055003e-05	0.000431998488005	0.00109799615701	0.00121049576326	0.000373498692755	0.00146699486552	0.00171449399927	2.69999055003e-05	0.000589497936757	0.000251999118003	0.00303298938454	0.00888296890961	0.00627297804458	1.79999370002e-05	7.64997322509e-05	0.000863996976011	0.00444598443905	5.39998110007e-05	3.14998897504e-05	1.79999370002e-05	0	3.59998740004e-05	0	4.49998425006e-05	0.000125999559002	6.29997795008e-05	0.000413998551005	6.29997795008e-05	1.79999370002e-05	9.44996692512e-05	0	9.44996692512e-05	0	4.04998582505e-05	1.34999527502e-05	0	1.79999370002e-05	1.34999527502e-05	3.59998740004e-05	0.000152999464502	3.59998740004e-05	0.000382498661255	4.49998425006e-06	4.04998582505e-05	7.19997480009e-05	0.000305998929004	8.0999716501e-05	5.84997952507e-05	0	0	2.24999212503e-05	8.5499700751e-05	0.000751497369759	0.000148499480252	0.00175049387327	0.000409498566755	0.000193499322752	0.000202499291252	4.49998425006e-06	7.19997480009e-05	4.04998582505e-05	8.5499700751e-05	4.04998582505e-05	8.99996850011e-06	1.34999527502e-05	0
0.000112499606251	0.0245789139738	0.00689397587108	0	8.99996850011e-06	0	4.49998425006e-06	0.000202499291252	6.29997795008e-05	0.000751497369759	4.49998425006e-06	0.000269999055003	8.99996850011e-06	0.000733497432759	8.5499700751e-05	8.99996850011e-06	0.000476998330506	0.00211049261328	9.89996535012e-05	0.00123299568452	4.49998425006e-06	0.000233999181003	0.00365848719529	0.00136349522777	0.00131399540102	0.00168749409377	0.00772197297309	0.0114884597904	0.000332998834504	0.000143999496002	0.000382498661255	2.24999212503e-05	0	2.69999055003e-05	0.00156149453477	1.34999527502e-05	0.00891446879936	0.00116999590501	0	0	0	4.49998425006e-06	4.49998425006e-05	1.34999527502e-05	0.000161999433002	4.49998425006e-06	0.000188999338502	8.99996850011e-06	0.000184499354252	2.69999055003e-05	0	8.5499700751e-05	0.00083699707051	0.000166499417252	0.00117899587351	4.49998425006e-06	5.84997952507e-05	0.00216449242428	0.00084599703901	0.000112499606251	0.000427498503755	0.00311848908529	0.00678147626483	4.49998425006e-05	4.04998582505e-05	5.84997952507e-05	2.24999212503e-05	0	1.34999527502e-05	0.000247499133753	0.00111599609401	0.000517498188756	0.00112499606251	0.000202499291252	3.14998897504e-05	1.79999370002e-05	5.39998110007e-05	0.000364498724254	0.000463498377756	0.000305998929004	7.19997480009e-05	8.99996850011e-06	4.49998425006e-06	2.24999212503e-05
0.000656997700508	0.00689397587108	0.0527263154579	0	2.24999212503e-05	4.49998425006e-06	5.39998110007e-05	0.00128249551127	0.000355498755754	0.000418498535255	7.64997322509e-05	0.000454498409256	1.34999527502e-05	0.000175499385752	0.000607497873757	8.99996850011e-06	0.000575997984007	0.0155564455524	0.000116999590501	0.00198899303852	2.69999055003e-05	0.00159299442452	0.00219149232978	0.017365439221	0.00083249708626	0.000157499448752	0.00984146555487	0.019957430149	0.00128699549552	0.000535498125757	0.00192149327477	2.24999212503e-05	0	4.94998267506e-05	0.00525148161981	4.49998425006e-05	0.00620097829658	0.00267749062878	0	4.49998425006e-06	0	1.79999370002e-05	0.000179999370002	4.04998582505e-05	0.000166499417252	1.34999527502e-05	0.000112499606251	4.49998425006e-06	2.69999055003e-05	7.19997480009e-05	4.49998425006e-06	0.000364498724254	0.00160199439302	4.49998425006e-05	0.00083699707051	8.99996850011e-06	0.000188999338502	0.00468898358856	0.00281699014053	0.000170999401502	6.29997795008e-05	0.00178199376302	0.00682647610733	0.000229499196753	7.19997480009e-05	0.000125999559002	8.99996850011e-06	0	1.79999370002e-05	0.000427498503755	0.00585897949357	0.00206549277078	0.00496798261206	0.000859496991761	0.000103499637751	0.000148499480252	4.49998425006e-05	0.000701997543009	0.000724497464259	0.000553498062757	0.000211499259753	1.34999527502e-05	1.34999527502e-05	1.34999527502e-05
0	0	0	0	0	0	0	0	0	0	0	0	0	0	0	0	0	0	0	0	0	0	0	0	0	0	0	0	0	0	0	0	0	0	0	0	0	0	0	0	0	0	0	0	0	0	0	0	0	0	0	0	0	0	0	0	0	0	0	0	0	0	0	0	0	0	0	0	0	0	0	0	0	0	0	0	0	0	0	0	0	0	0	0
0.000530998141507	8.99996850011e-06	2.24999212503e-05	0	0.0188324340865	4.49998425006e-06	0.00078749724376	0.00239849160528	0.000598497905257	0.00116999590501	0.00446398437605	5.39998110007e-05	0.00372598695905	3.14998897504e-05	0.00115649595226	5.39998110007e-05	0	8.99996850011e-06	0	2.24999212503e-05	0.0108224621214	3.59998740004e-05	8.99996850011e-06	3.59998740004e-05	0.00668247661133	4.49998425006e-06	3.59998740004e-05	4.49998425006e-06	0.0079019723431	0.00118349585776	0.000121499574751	4.49998425006e-06	1.34999527502e-05	0.000125999559002	0.00125999559002	8.99996850011e-06	4.49998425006e-06	0	0	0.00296098963654	0	7.19997480009e-05	0.000157499448752	0.000103499637751	0.000670497653258	0.000323998866004	1.34999527502e-05	0.000269999055003	0	6.29997795008e-05	8.99996850011e-06	4.49998425006e-06	0	0	8.99996850011e-06	0.000265499070753	4.49998425006e-06	1.34999527502e-05	0	0.00084599703901	0	1.34999527502e-05	4.49998425006e-06	0.000517498188756	5.39998110007e-05	1.79999370002e-05	0	0	8.99996850011e-06	4.04998582505e-05	0.000184499354252	8.99996850011e-06	0.000580497968257	0.000166499417252	0.000139499511752	8.0999716501e-05	0	2.24999212503e-05	1.34999527502e-05	1.79999370002e-05	4.49998425006e-06	5.84997952507e-05	4.49998425006e-06	4.49998425006e-06
1.34999527502e-05	0	4.49998425006e-06	0	4.49998425006e-06	0.00202049292827	0.000427498503755	1.34999527502e-05	0.000112499606251	8.99996850011e-06	2.24999212503e-05	8.99996850011e-06	2.69999055003e-05	4.49998425006e-06	0.000179999370002	0.000242999149503	0	4.49998425006e-06	0	0	4.49998425006e-06	0	0	8.99996850011e-06	0	0	0	4.49998425006e-06	8.99996850011e-06	0.000215999244003	4.49998425006e-06	0	0.000940496708262	0	0.000256499102253	0	0	0	0	0	0	0	0	0	4.49998425006e-06	0	0	0	0	0	0	0	0	0	0	0	0	0	0	4.49998425006e-06	0	0	0	0	4.49998425006e-06	4.49998425006e-06	0	0	4.49998425006e-06	0	3.14998897504e-05	0	4.94998267506e-05	4.49998425006e-06	0.000665997669008	0.00114749598376	0	0	0	0	0	0	0	0
0.000679497621758	4.49998425006e-06	5.39998110007e-05	0	0.00078749724376	0.000427498503755	0.0337408819069	0.00322198872304	0.00929246747636	0.000269999055003	0.0128339550812	0.000278999023503	0.0100259649091	0.000103499637751	0.00850047024835	0.00107999622001	1.79999370002e-05	5.39998110007e-05	1.79999370002e-05	3.59998740004e-05	0.00191249330627	6.29997795008e-05	5.84997952507e-05	0.000152999464502	0.00082349711776	8.99996850011e-06	0.000125999559002	4.49998425006e-05	0.00155699455052	0.00479248322631	0.000148499480252	0	0.00212399256603	4.94998267506e-05	0.00338398815604	1.79999370002e-05	4.49998425006e-06	0	0	6.74997637508e-05	0	2.24999212503e-05	7.19997480009e-05	2.69999055003e-05	0.000116999590501	4.04998582505e-05	0	0.000224999212503	0	4.94998267506e-05	0	4.49998425006e-06	0	4.49998425006e-06	0	4.49998425006e-06	4.49998425006e-06	8.99996850011e-06	1.34999527502e-05	0.000193499322752	4.49998425006e-06	8.99996850011e-06	8.99996850011e-06	0.000116999590501	2.24999212503e-05	8.99996850011e-06	0	0	1.34999527502e-05	2.69999055003e-05	0.000719997480009	6.29997795008e-05	0.00104849633026	0.000202499291252	0.00200249299127	0.00158399445602	1.34999527502e-05	2.69999055003e-05	0	1.34999527502e-05	8.99996850011e-06	4.49998425006e-06	0	0
0.0133334533329	0.000202499291252	0.00128249551127	0	0.00239849160528	1.34999527502e-05	0.00322198872304	0.0586572946995	0.00685797599708	0.00327598853404	0.0102329641846	0.000467998362006	0.00224099215653	0.000143999496002	0.0144224495214	5.84997952507e-05	0.000404998582505	0.00199799300702	4.49998425006e-05	0.000580497968257	0.00257849097528	0.00256949100678	0.000589497936757	0.00349198777804	0.0081269715556	2.69999055003e-05	0.000908996818511	0.000539998110007	0.0214604248885	0.00973346593287	0.0186389347637	4.49998425006e-06	0.000116999590501	0.00137249519627	0.00781647264235	0.000283499007753	9.44996692512e-05	3.59998740004e-05	0	0.000265499070753	0	0.000202499291252	0.000868496960261	0.000436498472255	0.00205649280228	0.000607497873757	1.79999370002e-05	0.000220499228253	8.99996850011e-06	0.000553498062757	4.49998425006e-06	8.0999716501e-05	4.04998582505e-05	0	4.94998267506e-05	0.000121499574751	8.5499700751e-05	0.000391498629755	8.5499700751e-05	0.00261449084928	1.34999527502e-05	8.0999716501e-05	0.000125999559002	0.00172799395202	0.000548998078507	0.000251999118003	0	4.49998425006e-06	0.000193499322752	0.000377998677005	0.00175049387327	0.000256499102253	0.00340648807729	0.000980996566512	0.000386998645505	0.000436498472255	3.14998897504e-05	0.000247499133753	8.0999716501e-05	0.000278999023503	0.000134999527502	7.19997480009e-05	6.74997637508e-05	8.99996850011e-06
0.00698397555609	6.29997795008e-05	0.000355498755754	0	0.000598497905257	0.000112499606251	0.00929246747636	0.00685797599708	0.0287098995154	0.000395998614005	0.00461248385631	0.000197999307002	0.00267749062878	6.29997795008e-05	0.0178019376932	0.000211499259753	7.64997322509e-05	0.000490498283256	1.34999527502e-05	0.000143999496002	0.00157949447177	0.000580497968257	0.000125999559002	0.00080099719651	0.00111599609401	8.99996850011e-06	0.000238499165253	0.000134999527502	0.00214649248728	0.00374398689605	0.00175949384177	4.49998425006e-06	0.00126449557427	5.84997952507e-05	0.00300148949479	5.39998110007e-05	1.79999370002e-05	8.99996850011e-06	0	5.39998110007e-05	0	3.59998740004e-05	0.000103499637751	8.5499700751e-05	0.000247499133753	4.94998267506e-05	4.49998425006e-06	0.000161999433002	0	8.5499700751e-05	0	1.79999370002e-05	4.49998425006e-06	0	0	4.49998425006e-06	1.79999370002e-05	6.29997795008e-05	2.24999212503e-05	0.000269999055003	4.49998425006e-06	1.34999527502e-05	4.49998425006e-05	0.000224999212503	8.99996850011e-05	3.59998740004e-05	0	0	4.04998582505e-05	2.69999055003e-05	0.000670497653258	8.5499700751e-05	0.00119699581051	0.000269999055003	0.000728997448509	0.000656997700508	8.99996850011e-06	4.04998582505e-05	1.79999370002e-05	3.14998897504e-05	2.24999212503e-05	4.49998425006e-06	8.99996850011e-06	0
0.000647997732008	0.000751497369759	0.000418498535255	0	0.00116999590501	8.99996850011e-06	0.000269999055003	0.00327598853404	0.000395998614005	0.0244844143045	0.000665997669008	9.44996692512e-05	0.00167849412527	7.19997480009e-05	0.000895496865761	0.000868496960261	0.00123749566877	0.000179999370002	8.99996850011e-06	6.29997795008e-05	0.00114749598376	0.000521998173006	0.00338848814029	0.000571497999757	0.0117494588769	8.5499700751e-05	0.000233999181003	0.000697497558759	0.0079559721541	0.00202949289677	0.00264599073903	8.99996850011e-06	2.69999055003e-05	0.000656997700508	0.00181799363702	0.000665997669008	5.39998110007e-05	2.69999055003e-05	0	0.000427498503755	0	0.000440998456505	0.00167399414102	0.00079649721226	0.00819447131935	0.00109349617276	4.04998582505e-05	0.000611997858007	2.24999212503e-05	0.00103949636176	5.84997952507e-05	0.000440998456505	4.94998267506e-05	4.49998425006e-06	1.34999527502e-05	0.000310498913254	0.000512998204506	0.00158399445602	0.000274499039253	0.00636747771383	0	3.59998740004e-05	9.89996535012e-05	0.0041444854943	0.00129149547977	0.000872996944511	8.99996850011e-06	1.79999370002e-05	0.000463498377756	0.000899996850011	0.000940496708262	0.000107999622001	0.00081899713351	0.000242999149503	0.00133649532227	0.000116999590501	2.24999212503e-05	0.000616497842258	0.000184499354252	0.000589497936757	0.000287998992004	0.000337498818754	0.000107999622001	4.49998425006e-06
0.00223199218803	4.49998425006e-06	7.64997322509e-05	0	0.00446398437605	2.24999212503e-05	0.0128339550812	0.0102329641846	0.00461248385631	0.000665997669008	0.039176862881	0.000395998614005	0.0134459529392	0.000148499480252	0.00827547103585	7.64997322509e-05	4.04998582505e-05	6.74997637508e-05	1.79999370002e-05	5.39998110007e-05	0.0101384645154	0.000179999370002	4.94998267506e-05	0.000233999181003	0.00278549025078	1.34999527502e-05	0.000157499448752	5.39998110007e-05	0.00610197864307	0.0037394869118	0.000346498787254	0	0.000112499606251	0.000175499385752	0.00377098680155	3.59998740004e-05	8.99996850011e-06	0	0	0.000436498472255	0	4.94998267506e-05	0.000130499543252	6.29997795008e-05	0.000368998708505	0.000215999244003	4.49998425006e-06	0.000926996755511	0	7.19997480009e-05	8.99996850011e-06	4.49998425006e-06	0	0	0	4.04998582505e-05	4.49998425006e-06	2.24999212503e-05	1.34999527502e-05	0.000598497905257	0	1.34999527502e-05	1.79999370002e-05	0.000409498566755	6.29997795008e-05	3.14998897504e-05	0	4.49998425006e-06	2.69999055003e-05	4.94998267506e-05	0.000485998299006	7.64997322509e-05	0.00123749566877	0.000319498881754	0.000206999275503	0.000256499102253	8.99996850011e-06	2.69999055003e-05	3.14998897504e-05	1.34999527502e-05	8.99996850011e-06	2.24999212503e-05	0	0
0.000305998929004	0.000269999055003	0.000454498409256	0	5.39998110007e-05	8.99996850011e-06	0.000278999023503	0.000467998362006	0.000197999307002	9.44996692512e-05	0.000395998614005	0.0233459182893	0.000368998708505	0.00454048410831	0.000710997511509	2.24999212503e-05	5.84997952507e-05	0.000877496928761	0.00209249267628	0.00620547828083	0.000193499322752	0.000220499228253	7.19997480009e-05	0.000494998267506	0.000260999086503	0.00172349396777	0.00870746952386	0.00122399571601	0.000310498913254	0.00107549623576	0.000269999055003	0.000346498787254	5.84997952507e-05	4.49998425006e-05	0.00832047087835	4.49998425006e-06	0.000161999433002	1.34999527502e-05	0	1.34999527502e-05	0	8.99996850011e-06	3.14998897504e-05	1.79999370002e-05	3.59998740004e-05	1.79999370002e-05	0.000620997826508	1.79999370002e-05	0.000386998645505	1.34999527502e-05	0	2.69999055003e-05	4.49998425006e-06	0.000112499606251	5.84997952507e-05	0	4.49998425006e-06	4.49998425006e-05	2.69999055003e-05	5.84997952507e-05	0.000404998582505	0.000472498346256	0.000400498598255	4.94998267506e-05	1.34999527502e-05	2.24999212503e-05	0.000112499606251	4.49998425006e-06	0	0.000116999590501	0.00122399571601	0.00172799395202	0.00471148350981	0.000535498125757	0.000130499543252	7.64997322509e-05	0.000400498598255	4.49998425006e-05	0.000413998551005	5.39998110007e-05	2.69999055003e-05	4.49998425006e-06	0	6.29997795008e-05
0.000935996724011	8.99996850011e-06	1.34999527502e-05	0	0.00372598695905	2.69999055003e-05	0.0100259649091	0.00224099215653	0.00267749062878	0.00167849412527	0.0134459529392	0.000368998708505	0.0341323805367	0.000139499511752	0.00432898484855	0.00112949604676	1.79999370002e-05	2.24999212503e-05	3.14998897504e-05	6.29997795008e-05	0.0114929597746	5.39998110007e-05	2.69999055003e-05	4.49998425006e-05	0.00221849223528	1.79999370002e-05	0.000193499322752	1.79999370002e-05	0.00170099404652	0.00269999055003	8.99996850011e-05	0	0.000112499606251	4.49998425006e-05	0.00282599010903	1.34999527502e-05	0	0	0	0.000481498314756	0	2.24999212503e-05	5.84997952507e-05	2.24999212503e-05	0.000256499102253	7.64997322509e-05	8.99996850011e-06	0.00302398941604	0	2.69999055003e-05	4.49998425006e-06	8.99996850011e-06	4.49998425006e-06	4.49998425006e-06	0	3.14998897504e-05	1.79999370002e-05	3.14998897504e-05	8.99996850011e-06	0.000260999086503	0	1.34999527502e-05	4.49998425006e-06	0.000170999401502	2.24999212503e-05	0	0	0	8.99996850011e-06	2.69999055003e-05	0.000274499039253	4.49998425006e-05	0.000895496865761	0.000161999433002	0.00115649595226	0.000175499385752	4.49998425006e-06	2.69999055003e-05	1.79999370002e-05	1.34999527502e-05	0	5.84997952507e-05	0	0
8.0999716501e-05	0.000733497432759	0.000175499385752	0	3.14998897504e-05	4.49998425006e-06	0.000103499637751	0.000143999496002	6.29997795008e-05	7.19997480009e-05	0.000148499480252	0.00454048410831	0.000139499511752	0.020029429897	0.000283499007753	4.49998425006e-06	3.14998897504e-05	0.000152999464502	0.000445498440755	0.000647997732008	0.000103499637751	4.49998425006e-05	0.000170999401502	0.000139499511752	0.000152999464502	0.00764097325659	0.00608397870607	0.00513898201356	0.000125999559002	0.000355498755754	8.5499700751e-05	0.00152099467652	3.14998897504e-05	2.24999212503e-05	0.00184949352677	8.99996850011e-06	0.000364498724254	4.49998425006e-06	0	4.49998425006e-06	0	8.99996850011e-06	4.49998425006e-06	1.34999527502e-05	2.69999055003e-05	8.99996850011e-06	0.00134999527502	1.34999527502e-05	0.00129599546402	1.79999370002e-05	0	1.34999527502e-05	1.79999370002e-05	0.000224999212503	7.64997322509e-05	0	4.49998425006e-06	2.69999055003e-05	1.79999370002e-05	5.39998110007e-05	0.00104849633026	0.00109349617276	0.000728997448509	2.69999055003e-05	3.14998897504e-05	4.49998425006e-06	0.000242999149503	0	0	0.000274499039253	0.000395998614005	0.00139049513327	0.00192599325902	0.000373498692755	4.94998267506e-05	4.04998582505e-05	0.000890996881511	6.74997637508e-05	0.000935996724011	0.000170999401502	5.39998110007e-05	0	8.99996850011e-06	0.000188999338502
0.0150749472377	8.5499700751e-05	0.000607497873757	0	0.00115649595226	0.000179999370002	0.00850047024835	0.0144224495214	0.0178019376932	0.000895496865761	0.00827547103585	0.000710997511509	0.00432898484855	0.000283499007753	0.0449908425321	0.000337498818754	0.000215999244003	0.00102149642476	3.14998897504e-05	0.000418498535255	0.00281249015628	0.00107999622001	0.000296998960504	0.00142199502302	0.00236249173128	3.14998897504e-05	0.000625497810758	0.000256499102253	0.0040994856518	0.0145304491434	0.00465298371456	4.04998582505e-05	0.00211949258178	0.000283499007753	0.0082799710201	0.000107999622001	2.69999055003e-05	2.24999212503e-05	0	9.89996535012e-05	0	4.49998425006e-05	0.000238499165253	0.000121499574751	0.000521998173006	0.000112499606251	8.99996850011e-06	0.000296998960504	0	0.000175499385752	0	5.39998110007e-05	1.34999527502e-05	4.49998425006e-06	1.79999370002e-05	1.34999527502e-05	4.04998582505e-05	0.000143999496002	4.49998425006e-05	0.000625497810758	0	3.59998740004e-05	6.29997795008e-05	0.000481498314756	0.000175499385752	7.64997322509e-05	0	0	6.74997637508e-05	0.000116999590501	0.00177749377877	0.000242999149503	0.00314548899079	0.000665997669008	0.00130049544827	0.00119699581051	1.79999370002e-05	0.000121499574751	4.94998267506e-05	9.44996692512e-05	6.29997795008e-05	8.99996850011e-06	1.34999527502e-05	0
2.24999212503e-05	8.99996850011e-06	8.99996850011e-06	0	5.39998110007e-05	0.000242999149503	0.00107999622001	5.84997952507e-05	0.000211499259753	0.000868496960261	7.64997322509e-05	2.24999212503e-05	0.00112949604676	4.49998425006e-06	0.000337498818754	0.0041714853998	0	4.49998425006e-06	0	0	8.0999716501e-05	8.99996850011e-06	2.24999212503e-05	1.34999527502e-05	0.000278999023503	0	0	8.99996850011e-06	6.74997637508e-05	0.000319498881754	3.14998897504e-05	0	6.29997795008e-05	0	0.000224999212503	0	0	0	0	4.49998425006e-06	0	0	8.99996850011e-06	0	2.69999055003e-05	8.99996850011e-06	0	4.49998425006e-06	0	4.49998425006e-06	0	0	0	0	0	8.99996850011e-06	8.99996850011e-06	1.34999527502e-05	0	3.14998897504e-05	0	0	0	4.04998582505e-05	4.49998425006e-06	8.99996850011e-06	0	0	4.49998425006e-06	8.99996850011e-06	3.59998740004e-05	4.49998425006e-06	6.29997795008e-05	4.49998425006e-06	0.00208799269203	5.39998110007e-05	0	0	0	4.49998425006e-06	0	0	0	0
0.000265499070753	0.000476998330506	0.000575997984007	0	0	0	1.79999370002e-05	0.000404998582505	7.64997322509e-05	0.00123749566877	4.04998582505e-05	5.84997952507e-05	1.79999370002e-05	3.14998897504e-05	0.000215999244003	0	0.021289425487	0.000287998992004	1.34999527502e-05	9.89996535012e-05	8.99996850011e-06	0.00473848341531	0.00594897917857	0.00665097672158	0.00899996850011	5.39998110007e-05	0.000184499354252	0.00317698888054	0.0041264855573	0.000499498251756	0.00175949384177	0	1.34999527502e-05	0.000229499196753	0.00253799111703	7.19997480009e-05	0.000157499448752	6.29997795008e-05	0	0	0	2.69999055003e-05	0.000139499511752	6.74997637508e-05	0.00127799552702	2.69999055003e-05	1.34999527502e-05	8.99996850011e-06	4.49998425006e-06	0.000112499606251	4.49998425006e-06	0.00346498787254	5.84997952507e-05	0	3.14998897504e-05	8.99996850011e-06	0.000625497810758	0.00314998897504	0.00081449714926	0.000634497779258	8.99996850011e-06	3.59998740004e-05	0.000319498881754	0.000746997385509	0.000184499354252	0.000287998992004	0	4.49998425006e-06	9.44996692512e-05	0.000220499228253	0.00246599136903	0.000323998866004	0.00147599483402	0.000328498850254	0.000161999433002	5.39998110007e-05	8.99996850011e-06	0.000584997952507	0.000337498818754	0.000242999149503	0.000220499228253	1.34999527502e-05	1.79999370002e-05	4.49998425006e-06
0.00120149579476	0.00211049261328	0.0155564455524	0	8.99996850011e-06	4.49998425006e-06	5.39998110007e-05	0.00199799300702	0.000490498283256	0.000179999370002	6.74997637508e-05	0.000877496928761	2.24999212503e-05	0.000152999464502	0.00102149642476	4.49998425006e-06	0.000287998992004	0.0339118813084	0.000152999464502	0.00683547607583	8.99996850011e-06	0.00288898988854	0.000611997858007	0.0106154628459	0.000404998582505	0.000107999622001	0.0083699707051	0.00535048127332	0.00151199470802	0.00116099593651	0.0043604847383	8.99996850011e-06	8.99996850011e-06	0.000107999622001	0.00789747235885	4.04998582505e-05	0.00159749440877	0.000593997921007	0	4.49998425006e-06	0	4.49998425006e-06	5.84997952507e-05	1.34999527502e-05	8.99996850011e-05	4.49998425006e-06	4.49998425006e-05	0	2.24999212503e-05	3.59998740004e-05	0	9.89996535012e-05	0.000346498787254	1.79999370002e-05	0.000301498944754	4.49998425006e-06	6.29997795008e-05	0.000760497338259	0.000557998047007	8.99996850011e-05	3.14998897504e-05	0.00078749724376	0.00170099404652	9.44996692512e-05	5.84997952507e-05	7.64997322509e-05	0	0	2.24999212503e-05	0.000166499417252	0.00404098585655	0.00172799395202	0.00417598538405	0.00083249708626	5.84997952507e-05	7.64997322509e-05	4.04998582505e-05	0.000283499007753	0.000188999338502	0.000184499354252	8.5499700751e-05	4.49998425006e-06	8.99996850011e-06	8.99996850011e-06
2.69999055003e-05	9.89996535012e-05	0.000116999590501	0	0	0	1.79999370002e-05	4.49998425006e-05	1.34999527502e-05	8.99996850011e-06	1.79999370002e-05	0.00209249267628	3.14998897504e-05	0.000445498440755	3.14998897504e-05	0	1.34999527502e-05	0.000152999464502	0.00598047906832	0.00272249047128	4.49998425006e-06	1.79999370002e-05	1.34999527502e-05	6.74997637508e-05	1.79999370002e-05	0.000490498283256	0.00465748369881	0.000620997826508	2.24999212503e-05	4.04998582505e-05	3.59998740004e-05	3.14998897504e-05	0	8.99996850011e-06	0.000710997511509	0	0.000107999622001	0	0	0	0	0	4.49998425006e-06	0	4.49998425006e-06	0	0.000247499133753	0	0.000125999559002	8.99996850011e-06	0	8.99996850011e-06	8.99996850011e-06	8.5499700751e-05	4.04998582505e-05	0	0	8.99996850011e-06	0	8.99996850011e-06	0.000278999023503	0.000332998834504	0.000242999149503	1.34999527502e-05	1.34999527502e-05	0	2.69999055003e-05	4.49998425006e-06	0	2.24999212503e-05	0.000260999086503	0.000386998645505	0.000562498031257	8.0999716501e-05	8.99996850011e-06	0	8.99996850011e-06	3.14998897504e-05	0.000134999527502	2.24999212503e-05	4.49998425006e-06	0	0	8.99996850011e-06
0.000431998488005	0.00123299568452	0.00198899303852	0	2.24999212503e-05	0	3.59998740004e-05	0.000580497968257	0.000143999496002	6.29997795008e-05	5.39998110007e-05	0.00620547828083	6.29997795008e-05	0.000647997732008	0.000418498535255	0	9.89996535012e-05	0.00683547607583	0.00272249047128	0.0262484081306	4.04998582505e-05	0.000769497306759	0.000215999244003	0.00138599514902	0.000161999433002	0.000535498125757	0.0162539431112	0.00337048820329	0.000368998708505	0.000427498503755	0.00118799584201	5.84997952507e-05	1.34999527502e-05	5.39998110007e-05	0.00927446753936	4.49998425006e-06	0.00082799710201	9.89996535012e-05	0	4.49998425006e-06	0	0	1.79999370002e-05	0	1.79999370002e-05	0	0.000283499007753	4.49998425006e-06	0.000143999496002	4.49998425006e-06	0	4.04998582505e-05	6.29997795008e-05	0.000103499637751	0.000364498724254	0	1.34999527502e-05	0.000116999590501	8.99996850011e-05	3.14998897504e-05	0.000233999181003	0.00121499574751	0.00130949541677	3.14998897504e-05	1.34999527502e-05	2.69999055003e-05	2.69999055003e-05	0	4.49998425006e-06	0.000139499511752	0.00260099089653	0.00171899398352	0.00496798261206	0.00111149610976	3.59998740004e-05	4.94998267506e-05	7.19997480009e-05	0.000193499322752	0.000265499070753	0.000152999464502	4.94998267506e-05	4.49998425006e-06	0	2.24999212503e-05
0.00109799615701	4.49998425006e-06	2.69999055003e-05	0	0.0108224621214	4.49998425006e-06	0.00191249330627	0.00257849097528	0.00157949447177	0.00114749598376	0.0101384645154	0.000193499322752	0.0114929597746	0.000103499637751	0.00281249015628	8.0999716501e-05	8.99996850011e-06	8.99996850011e-06	4.49998425006e-06	4.04998582505e-05	0.0241469154858	6.74997637508e-05	4.49998425006e-06	6.29997795008e-05	0.00607947872182	1.79999370002e-05	6.74997637508e-05	1.79999370002e-05	0.00473398343106	0.00215999244003	0.000130499543252	4.49998425006e-06	5.84997952507e-05	9.89996535012e-05	0.00249749125878	3.14998897504e-05	8.99996850011e-06	0	0	0.00191699329052	0	6.29997795008e-05	0.000143999496002	7.64997322509e-05	0.000548998078507	0.000278999023503	8.99996850011e-06	0.00103949636176	0	4.94998267506e-05	2.24999212503e-05	0	0	0	0	0.000220499228253	0	1.34999527502e-05	0	0.000751497369759	0	8.99996850011e-06	1.34999527502e-05	0.000449998425006	6.74997637508e-05	2.69999055003e-05	0	4.49998425006e-06	8.99996850011e-06	5.39998110007e-05	0.000292498976254	3.59998740004e-05	0.000958496645262	0.000269999055003	0.000260999086503	0.000134999527502	8.99996850011e-06	2.69999055003e-05	2.69999055003e-05	1.79999370002e-05	0	5.39998110007e-05	0	4.49998425006e-06
0.00121049576326	0.000233999181003	0.00159299442452	0	3.59998740004e-05	0	6.29997795008e-05	0.00256949100678	0.000580497968257	0.000521998173006	0.000179999370002	0.000220499228253	5.39998110007e-05	4.49998425006e-05	0.00107999622001	8.99996850011e-06	0.00473848341531	0.00288898988854	1.79999370002e-05	0.000769497306759	6.74997637508e-05	0.0473578342476	0.00194399319602	0.0256409102568	0.00223649217228	1.34999527502e-05	0.00084149705476	0.00141749503877	0.0116729591446	0.00186299347952	0.0130769542307	4.49998425006e-06	1.34999527502e-05	0.000166499417252	0.00944546694087	8.5499700751e-05	0.000116999590501	6.74997637508e-05	0	0	4.49998425006e-06	2.24999212503e-05	7.64997322509e-05	4.49998425006e-05	0.00079649721226	4.49998425006e-06	1.79999370002e-05	8.99996850011e-06	0	8.0999716501e-05	8.99996850011e-06	0.00114299599951	4.04998582505e-05	8.99996850011e-06	3.59998740004e-05	4.49998425006e-06	0.000616497842258	0.00273149043978	0.000728997448509	0.000391498629755	4.49998425006e-06	7.19997480009e-05	0.000238499165253	0.000625497810758	0.000139499511752	0.000269999055003	4.49998425006e-06	1.34999527502e-05	7.64997322509e-05	0.000157499448752	0.00494098270656	0.00080099719651	0.00575997984007	0.00116999590501	0.000454498409256	0.000454498409256	4.49998425006e-05	0.000319498881754	0.000152999464502	0.000197999307002	0.000161999433002	1.79999370002e-05	1.34999527502e-05	4.49998425006e-06
0.000373498692755	0.00365848719529	0.00219149232978	0	8.99996850011e-06	0	5.84997952507e-05	0.000589497936757	0.000125999559002	0.00338848814029	4.94998267506e-05	7.19997480009e-05	2.69999055003e-05	0.000170999401502	0.000296998960504	2.24999212503e-05	0.00594897917857	0.000611997858007	1.34999527502e-05	0.000215999244003	4.49998425006e-06	0.00194399319602	0.024007415974	0.00666897665858	0.00692097577658	0.000359998740004	0.00079649721226	0.00674097640658	0.00215549245578	0.00080099719651	0.00142649500727	4.49998425006e-06	8.99996850011e-06	0.000341998803004	0.00190349333777	8.99996850011e-05	0.000242999149503	0.000247499133753	0	8.99996850011e-06	0	2.69999055003e-05	0.000179999370002	4.94998267506e-05	0.00179549371577	3.14998897504e-05	8.99996850011e-06	1.34999527502e-05	8.99996850011e-06	0.000125999559002	8.99996850011e-06	0.00303748936879	0.000116999590501	0	5.39998110007e-05	8.99996850011e-06	0.00081899713351	0.00868496960261	0.00232199187303	0.000773997291009	8.99996850011e-06	6.29997795008e-05	0.00199799300702	0.000971996598012	0.000242999149503	0.000355498755754	0	0	0.000121499574751	0.000310498913254	0.00184049355827	0.000337498818754	0.00116999590501	0.000238499165253	0.000184499354252	4.49998425006e-05	4.04998582505e-05	0.000517498188756	0.000364498724254	0.000278999023503	0.000193499322752	1.79999370002e-05	1.79999370002e-05	0
0.00146699486552	0.00136349522777	0.017365439221	0	3.59998740004e-05	8.99996850011e-06	0.000152999464502	0.00349198777804	0.00080099719651	0.000571497999757	0.000233999181003	0.000494998267506	4.49998425006e-05	0.000139499511752	0.00142199502302	1.34999527502e-05	0.00665097672158	0.0106154628459	6.74997637508e-05	0.00138599514902	6.29997795008e-05	0.0256409102568	0.00666897665858	0.0797352209267	0.00189899335352	8.0999716501e-05	0.00227249204628	0.0159659441192	0.00602547891082	0.00317248889629	0.0077939727211	8.99996850011e-06	2.24999212503e-05	0.000229499196753	0.0119294582469	8.5499700751e-05	0.00105749629876	0.000706497527259	0	8.99996850011e-06	0	2.24999212503e-05	0.000188999338502	6.29997795008e-05	0.000697497558759	1.34999527502e-05	3.59998740004e-05	4.49998425006e-06	4.49998425006e-06	0.000121499574751	4.49998425006e-06	0.00359548741579	0.000377998677005	8.99996850011e-06	0.000134999527502	4.49998425006e-06	0.000890996881511	0.0085319701381	0.00329848845529	0.000517498188756	1.79999370002e-05	0.000274499039253	0.00245699140053	0.000602997889507	0.000184499354252	0.000391498629755	4.49998425006e-06	4.49998425006e-06	4.94998267506e-05	0.000373498692755	0.0124964562624	0.00216449242428	0.0106514627199	0.00216449242428	0.00084599703901	0.000886496897261	0.000121499574751	0.00102149642476	0.000562498031257	0.000512998204506	0.000418498535255	3.59998740004e-05	2.24999212503e-05	4.49998425006e-06
0.00171449399927	0.00131399540102	0.00083249708626	0	0.00668247661133	0	0.00082349711776	0.0081269715556	0.00111599609401	0.0117494588769	0.00278549025078	0.000260999086503	0.00221849223528	0.000152999464502	0.00236249173128	0.000278999023503	0.00899996850011	0.000404998582505	1.79999370002e-05	0.000161999433002	0.00607947872182	0.00223649217228	0.00692097577658	0.00189899335352	0.0539143112999	0.000166499417252	0.000418498535255	0.00185399351102	0.0227519203683	0.00459898390356	0.00580047969832	4.49998425006e-06	6.29997795008e-05	0.00159749440877	0.00670497653258	0.000305998929004	8.5499700751e-05	4.94998267506e-05	0	0.00082349711776	0	0.000238499165253	0.00103949636176	0.000418498535255	0.0044144845493	0.00085049702326	3.14998897504e-05	0.000517498188756	1.79999370002e-05	0.000562498031257	3.14998897504e-05	0.000431998488005	2.69999055003e-05	4.49998425006e-06	1.34999527502e-05	0.000247499133753	0.000427498503755	0.00172799395202	0.000287998992004	0.00480148319481	0	4.49998425006e-05	0.000148499480252	0.00280349018778	0.000746997385509	0.000526498157256	4.49998425006e-06	4.49998425006e-06	0.000265499070753	0.000526498157256	0.00319948880179	0.000359998740004	0.00308248921129	0.000863996976011	0.000895496865761	0.000269999055003	3.14998897504e-05	0.000494998267506	0.000170999401502	0.000323998866004	0.000148499480252	0.000229499196753	4.94998267506e-05	1.79999370002e-05
2.69999055003e-05	0.00168749409377	0.000157499448752	0	4.49998425006e-06	0	8.99996850011e-06	2.69999055003e-05	8.99996850011e-06	8.5499700751e-05	1.34999527502e-05	0.00172349396777	1.79999370002e-05	0.00764097325659	3.14998897504e-05	0	5.39998110007e-05	0.000107999622001	0.000490498283256	0.000535498125757	1.79999370002e-05	1.34999527502e-05	0.000359998740004	8.0999716501e-05	0.000166499417252	0.0151694469069	0.00593997921007	0.0036854871008	4.94998267506e-05	5.84997952507e-05	4.94998267506e-05	0.000436498472255	4.49998425006e-06	4.49998425006e-06	0.000553498062757	4.49998425006e-06	0.00119249582626	1.34999527502e-05	0	4.49998425006e-06	0	1.34999527502e-05	1.34999527502e-05	4.49998425006e-06	8.99996850011e-06	8.99996850011e-06	0.00242099152653	4.49998425006e-06	0.00182249362127	3.14998897504e-05	0	2.24999212503e-05	2.69999055003e-05	0.000544498094257	0.000197999307002	0	1.34999527502e-05	4.94998267506e-05	5.39998110007e-05	8.99996850011e-06	0.00320848877029	0.00244799143203	0.00197549308577	4.49998425006e-06	5.39998110007e-05	0	0.000404998582505	0	0	0.000373498692755	0.000179999370002	0.000499498251756	0.000566998015507	5.39998110007e-05	0	4.49998425006e-06	0.000494998267506	9.44996692512e-05	0.00127349554277	0.000220499228253	3.14998897504e-05	0	4.49998425006e-06	0.000202499291252
0.000589497936757	0.00772197297309	0.00984146555487	0	3.59998740004e-05	0	0.000125999559002	0.000908996818511	0.000238499165253	0.000233999181003	0.000157499448752	0.00870746952386	0.000193499322752	0.00608397870607	0.000625497810758	0	0.000184499354252	0.0083699707051	0.00465748369881	0.0162539431112	6.74997637508e-05	0.00084149705476	0.00079649721226	0.00227249204628	0.000418498535255	0.00593997921007	0.0717927487254	0.0206504277235	0.000575997984007	0.000719997480009	0.00141749503877	0.000755997354009	1.79999370002e-05	4.94998267506e-05	0.00967496613762	1.79999370002e-05	0.00633597782408	0.000463498377756	0	4.49998425006e-06	0	1.34999527502e-05	8.0999716501e-05	1.34999527502e-05	8.99996850011e-05	1.79999370002e-05	0.00206549277078	1.34999527502e-05	0.00136799521202	4.49998425006e-05	0	0.000148499480252	0.000476998330506	0.000890996881511	0.00223649217228	4.49998425006e-06	6.74997637508e-05	0.000422998519505	0.000364498724254	7.19997480009e-05	0.00240749157378	0.00769497306759	0.00812247157135	8.5499700751e-05	8.5499700751e-05	4.94998267506e-05	0.000242999149503	4.49998425006e-06	8.99996850011e-06	0.000728997448509	0.00416698541555	0.00474748338381	0.00695247566634	0.00137249519627	7.64997322509e-05	7.64997322509e-05	0.000152999464502	0.000571497999757	0.00166499417252	0.000710997511509	0.000170999401502	8.99996850011e-06	0	9.44996692512e-05
0.000251999118003	0.0114884597904	0.019957430149	0	4.49998425006e-06	4.49998425006e-06	4.49998425006e-05	0.000539998110007	0.000134999527502	0.000697497558759	5.39998110007e-05	0.00122399571601	1.79999370002e-05	0.00513898201356	0.000256499102253	8.99996850011e-06	0.00317698888054	0.00535048127332	0.000620997826508	0.00337048820329	1.79999370002e-05	0.00141749503877	0.00674097640658	0.0159659441192	0.00185399351102	0.0036854871008	0.0206504277235	0.0737367419214	0.00078749724376	0.000431998488005	0.000944996692512	0.000670497653258	1.34999527502e-05	5.39998110007e-05	0.00512098207656	3.14998897504e-05	0.00480598317906	0.00127799552702	0	4.49998425006e-06	0	1.34999527502e-05	9.44996692512e-05	2.69999055003e-05	0.000143999496002	8.99996850011e-06	0.000665997669008	8.99996850011e-06	0.000436498472255	4.04998582505e-05	0	0.000899996850011	0.000890996881511	0.000332998834504	0.000962996629512	4.49998425006e-06	0.000152999464502	0.00454498409256	0.00218699234553	0.000152999464502	0.00081899713351	0.00314548899079	0.00622347821783	0.000143999496002	8.0999716501e-05	8.99996850011e-05	8.99996850011e-05	0	2.69999055003e-05	0.000427498503755	0.00558898043857	0.00215099247153	0.00465298371456	0.000872996944511	0.000166499417252	0.000170999401502	0.000103499637751	0.000526498157256	0.000895496865761	0.000512998204506	0.000242999149503	2.24999212503e-05	2.24999212503e-05	4.49998425006e-05
0.00303298938454	0.000332998834504	0.00128699549552	0	0.0079019723431	8.99996850011e-06	0.00155699455052	0.0214604248885	0.00214649248728	0.0079559721541	0.00610197864307	0.000310498913254	0.00170099404652	0.000125999559002	0.0040994856518	6.74997637508e-05	0.0041264855573	0.00151199470802	2.24999212503e-05	0.000368998708505	0.00473398343106	0.0116729591446	0.00215549245578	0.00602547891082	0.0227519203683	4.94998267506e-05	0.000575997984007	0.00078749724376	0.0680397618608	0.00614697848558	0.0187469343857	4.49998425006e-06	4.49998425006e-05	0.00244799143203	0.00988196541312	0.000490498283256	8.99996850011e-05	4.94998267506e-05	0	0.000683997606008	4.49998425006e-06	0.000287998992004	0.00129599546402	0.000683997606008	0.00512098207656	0.000625497810758	5.84997952507e-05	0.000247499133753	1.79999370002e-05	0.000863996976011	2.24999212503e-05	0.000535498125757	4.94998267506e-05	4.49998425006e-06	5.39998110007e-05	0.000179999370002	0.000530998141507	0.00189449336927	0.000305998929004	0.0042614850848	1.34999527502e-05	8.5499700751e-05	0.000184499354252	0.00328948848679	0.00108449620426	0.00084149705476	8.99996850011e-06	2.24999212503e-05	0.000454498409256	0.00081899713351	0.00408598569905	0.000431998488005	0.00448198431305	0.00123299568452	0.000535498125757	0.000346498787254	2.69999055003e-05	0.000679497621758	0.000166499417252	0.000562498031257	0.000260999086503	0.000139499511752	7.19997480009e-05	2.69999055003e-05
0.00888296890961	0.000143999496002	0.000535498125757	0	0.00118349585776	0.000215999244003	0.00479248322631	0.00973346593287	0.00374398689605	0.00202949289677	0.0037394869118	0.00107549623576	0.00269999055003	0.000355498755754	0.0145304491434	0.000319498881754	0.000499498251756	0.00116099593651	4.04998582505e-05	0.000427498503755	0.00215999244003	0.00186299347952	0.00080099719651	0.00317248889629	0.00459898390356	5.84997952507e-05	0.000719997480009	0.000431998488005	0.00614697848558	0.0483928306251	0.00751497369759	2.24999212503e-05	0.00203399288102	0.00611097861157	0.018643434748	0.000166499417252	6.74997637508e-05	3.59998740004e-05	0	0.000107999622001	0	0.000139499511752	0.000395998614005	0.000220499228253	0.00111599609401	0.000166499417252	2.69999055003e-05	0.000211499259753	4.49998425006e-06	0.000278999023503	0	4.94998267506e-05	1.34999527502e-05	4.49998425006e-06	4.49998425006e-06	1.79999370002e-05	0.000143999496002	0.000296998960504	0.000121499574751	0.00122399571601	8.99996850011e-06	5.39998110007e-05	6.74997637508e-05	0.00100349648776	0.000332998834504	0.000179999370002	4.49998425006e-06	4.49998425006e-06	0.000112499606251	0.000292498976254	0.00327598853404	0.000386998645505	0.00670047654833	0.00181799363702	0.00149399477102	0.00174599388902	4.49998425006e-05	0.000229499196753	8.5499700751e-05	0.000220499228253	0.000112499606251	2.69999055003e-05	4.49998425006e-05	0
0.00627297804458	0.000382498661255	0.00192149327477	0	0.000121499574751	4.49998425006e-06	0.000148499480252	0.0186389347637	0.00175949384177	0.00264599073903	0.000346498787254	0.000269999055003	8.99996850011e-05	8.5499700751e-05	0.00465298371456	3.14998897504e-05	0.00175949384177	0.0043604847383	3.59998740004e-05	0.00118799584201	0.000130499543252	0.0130769542307	0.00142649500727	0.0077939727211	0.00580047969832	4.94998267506e-05	0.00141749503877	0.000944996692512	0.0187469343857	0.00751497369759	0.0533113134104	4.49998425006e-06	2.24999212503e-05	0.00104849633026	0.0117989587036	0.000233999181003	0.000179999370002	5.39998110007e-05	0	7.64997322509e-05	4.49998425006e-06	0.000143999496002	0.000611997858007	0.000283499007753	0.00179099373152	0.000184499354252	3.59998740004e-05	3.14998897504e-05	1.34999527502e-05	0.000427498503755	1.34999527502e-05	0.000269999055003	5.84997952507e-05	0	5.84997952507e-05	4.04998582505e-05	0.000265499070753	0.00105749629876	0.000278999023503	0.00164699423552	2.24999212503e-05	0.000112499606251	0.000251999118003	0.00135449525927	0.000467998362006	0.000305998929004	4.49998425006e-06	1.79999370002e-05	0.000170999401502	0.000337498818754	0.00274499039253	0.000481498314756	0.00422098522655	0.000890996881511	0.000296998960504	0.000242999149503	2.24999212503e-05	0.000319498881754	0.000116999590501	0.000292498976254	0.000211499259753	4.94998267506e-05	5.84997952507e-05	8.99996850011e-06
