0.0249733069612	0	0.00653760655336	0	4.813498801e-05	0	0.000350072640073	0.00785037895363	0.0134821725508	0	7.87663440164e-05	6.12627120127e-05	0.000301937652063	1.75036320036e-05	0.0118587106825	8.75181600182e-06	3.50072640073e-05	0.00302812833663	8.75181600182e-06	3.06313560064e-05	0.00024067494005	0.00265180024855	0	0.0086774255658	0.000398207628083	0	0.00157532688033	0.000441966708092	0.00269993523656	0.00613502301728	0.00868617738181	0	0	0.000140029056029	0.00159720642033	0	0	4.37590800091e-06	0	1.75036320036e-05	0	0	2.62554480055e-05	0	6.56386200137e-05	2.62554480055e-05	0	0.00019253995204	0	0	0	0	8.75181600182e-06	0	2.62554480055e-05	0	8.75181600182e-06	4.37590800091e-06	1.31277240027e-05	8.31422520173e-05	0	0	7.43904360155e-05	7.00145280146e-05	0	0	0	0	0	0	0.000135653148028	1.31277240027e-05	0.00122963014826	0.000293185836061	0.000118149516025	4.37590800091e-05	4.37590800091e-06	2.62554480055e-05	2.18795400046e-05	3.93831720082e-05	3.93831720082e-05	0	0	0
0	0.0278745339658	0.00140029056029	0	0	0	0	0	0	0.00348322276872	0	0	0	0.000595123488124	0	4.37590800091e-06	0.000341320824071	4.813498801e-05	0	4.37590800091e-06	0	4.37590800091e-06	0.00373264952478	6.12627120127e-05	0.00182475363638	0.00326005146068	0.00255115436453	0.018991440724	2.18795400046e-05	0	0	2.62554480055e-05	0	0	3.06313560064e-05	1.75036320036e-05	0.0166153226795	0	0	4.37590800091e-06	0	0	3.06313560064e-05	0	0.000214419492045	2.18795400046e-05	1.31277240027e-05	4.37590800091e-06	3.06313560064e-05	0.000214419492045	4.37590800091e-06	8.75181600182e-05	3.50072640073e-05	3.06313560064e-05	0.000218795400046	4.37590800091e-06	4.37590800091e-06	0.00136528329628	4.813498801e-05	0.000161908596034	0.000271306296056	0.00165409322434	0.0155388493112	2.18795400046e-05	0.000218795400046	0	4.37590800091e-06	0	0	0.000262554480055	0.00184663317638	0.00166284504035	0.000170660412035	4.37590800091e-06	4.37590800091e-06	0	0	0.000371952180077	0.000301937652063	0.000402583536084	0.000153156780032	0	0	0
0.00653760655336	0.00140029056029	0.0630480824771	0	2.62554480055e-05	0	0.000560116224117	0.00253365073253	0.00650259928935	1.75036320036e-05	3.06313560064e-05	4.37590800091e-05	0.000100645884021	0.000113773608024	0.00296248971662	0.000236299032049	0.000266930388056	0.0125019691586	2.62554480055e-05	0.0004813498801	5.68868040118e-05	0.00332569008069	0.00365825908876	0.0208030666363	0.000293185836061	8.75181600182e-06	0.0139635224309	0.019227739756	0.00201291768042	0.00245926029651	0.00456407204495	0	3.93831720082e-05	0.000166284504035	0.00293185836061	4.37590800091e-06	0.00380703996079	0.000315065376066	0	8.75181600182e-06	0	8.75181600182e-06	2.18795400046e-05	3.93831720082e-05	0.000231923124048	2.62554480055e-05	0	5.68868040118e-05	0	0.000262554480055	0	0.00187288862439	0.000363200364076	8.75181600182e-06	0.000218795400046	2.18795400046e-05	0.000739528452154	0.00905812956188	0.000231923124048	0.000183788136038	0	0.000393831720082	0.0147686895031	0.000450718524094	0.000249426756052	4.37590800091e-06	0	0	0	0.00126901332026	0.0135040520908	0.00272181477657	0.00549614044914	0.00117711925224	0.000310689468065	0.000175036320036	1.31277240027e-05	0.000652010292136	0.000227547216047	0.000988955208206	0.000958323852199	2.62554480055e-05	8.75181600182e-06	0
0	0	0	0	0	0	0	0	0	0	0	0	0	0	0	0	0	0	0	0	0	0	0	0	0	0	0	0	0	0	0	0	0	0	0	0	0	0	0	0	0	0	0	0	0	0	0	0	0	0	0	0	0	0	0	0	0	0	0	0	0	0	0	0	0	0	0	0	0	0	0	0	0	0	0	0	0	0	0	0	0	0	0	0
4.813498801e-05	0	2.62554480055e-05	0	0.0204704976283	0.000437590800091	0.00186413680839	0.000148780872031	0.00139591465229	0.00276994976458	0.00160158232833	4.37590800091e-05	0.00792476938965	0	0.000315065376066	0.00120337470025	0	8.75181600182e-06	2.18795400046e-05	1.31277240027e-05	0.0127601477307	0	0	4.37590800091e-06	0.00567992858518	0	0.000472598064098	8.75181600182e-06	0.00608251212127	0.000778911624162	0	0	2.62554480055e-05	0	0.00100208293221	0	0	0	0	0.00526421732509	0	4.37590800091e-06	0.000113773608024	1.31277240027e-05	0.00437153209291	0.00462971066496	0	0.000695769372145	0	0	0	0	0	0	0	0.000822670704171	0	0	0	0.00501041466104	0	0	0	0.00284871610859	0	0	0	0	0	1.31277240027e-05	0.000441966708092	0.000271306296056	0.000980203392204	7.87663440164e-05	0.00150531235231	0	4.37590800091e-06	2.62554480055e-05	4.37590800091e-06	0	0	4.37590800091e-06	8.75181600182e-06	0
0	0	0	0	0.000437590800091	0.00627505207331	0.000783287532163	4.37590800091e-06	0.000835798428174	0.00086642978418	8.75181600182e-06	0	0.000612627120127	0	4.37590800091e-06	0.00276994976458	0	0	0	0	0.000441966708092	0	0	0	0.00106334564422	0	4.37590800091e-06	0	0.000258178572054	8.75181600182e-05	0	0	0.00268680751256	0	0.000840174336175	0	0	0	0	4.37590800091e-06	0	0	0	0	0	0	0	0	0	0	0	0	0	0	0	0	0	0	0	0	0	0	0	0	0	0	0	0	0	1.31277240027e-05	0.000196915860041	4.37590800091e-06	2.18795400046e-05	8.75181600182e-06	0.00311127058865	0.00176349092437	0	0	0	4.37590800091e-06	4.37590800091e-06	0	0	0
0.000350072640073	0	0.000560116224117	0	0.00186413680839	0.000783287532163	0.0639451436173	0.00312877422065	0.0310383154505	0.00019253995204	0.0177443069437	0.00396457264882	0.033554462551	6.12627120127e-05	0.00735152544153	0.0076840944496	5.68868040118e-05	0.000118149516025	0.00101958656421	0.00510230872906	0.0111629413103	0.000284434020059	0	0.00043321489209	0.00119899879225	4.37590800091e-06	0.00660762108137	0.000266930388056	0.00400833172883	0.0147599376871	4.813498801e-05	0	0.000967075668201	8.31422520173e-05	0.0168910048835	0.00134777966428	1.31277240027e-05	0	0	0.000210043584044	0	7.43904360155e-05	0.0019341513364	0.000354448548074	0.00132152421627	0.00247238802051	0.00014440496403	0.00726838318951	4.37590800091e-05	0.00103271428821	8.75181600182e-06	8.75181600182e-06	8.75181600182e-06	1.31277240027e-05	3.50072640073e-05	0.000494477604103	1.75036320036e-05	8.75181600182e-06	0	0.00426213439289	1.75036320036e-05	5.68868040118e-05	5.25108960109e-05	0.00199103814041	0.000581995764121	0	0	0	0	0.00155782324832	0.0033738250687	0.00397332446483	0.0168997566995	0.00126463741226	0.00215294673645	0.000161908596034	0.000236299032049	0.00120337470025	3.06313560064e-05	0.00133902784828	0.000376328088078	4.37590800091e-06	0.000118149516025	0
0.00785037895363	0	0.00253365073253	0	0.000148780872031	4.37590800091e-06	0.00312877422065	0.033685739791	0.0115480212144	4.37590800091e-06	0.00305438378464	3.93831720082e-05	4.813498801e-05	4.37590800091e-06	0.0043496525529	0.000153156780032	0	0.000590747580123	2.62554480055e-05	5.25108960109e-05	3.06313560064e-05	0.004822250617	0	0.00733402180953	0.00072202482015	0	0.00109397700023	9.18940680191e-05	0.014571773643	0.00279620521258	0.00732526999352	0	7.43904360155e-05	0.00199541404842	0.0019385272444	0	4.37590800091e-06	0	0	0	0	0	1.31277240027e-05	4.37590800091e-06	6.56386200137e-05	0	0	8.75181600182e-06	0	4.37590800091e-06	0	0	0	0	1.31277240027e-05	0	0	0	4.37590800091e-06	7.43904360155e-05	0	0	8.75181600182e-06	6.12627120127e-05	4.37590800091e-06	0	0	0	0	8.75181600182e-06	0.000280058112058	0.000249426756052	0.00271306296056	0.00138278692829	0.000179412228037	7.43904360155e-05	4.37590800091e-06	1.31277240027e-05	0	1.75036320036e-05	1.75036320036e-05	0	4.37590800091e-06	0
0.0134821725508	0	0.00650259928935	0	0.00139591465229	0.000835798428174	0.0310383154505	0.0115480212144	0.0666800861179	7.00145280146e-05	0.00794664892965	0.00406959444085	0.0164315345434	4.813498801e-05	0.0200897936322	0.0024111253085	4.813498801e-05	0.00169785230435	0.000936444312195	0.00275682204057	0.00464283838897	0.0029012270046	0	0.00797728028566	0.00115523971224	8.75181600182e-06	0.00563616950517	0.000568868040118	0.00691831054944	0.0151844007632	0.0038551749488	0	0.00159283051233	0.000245050848051	0.00965325305001	0.000485725788101	8.75181600182e-06	0	0	0.000236299032049	0	2.62554480055e-05	0.000280058112058	0.000126901332026	0.000214419492045	0.00057761985612	3.50072640073e-05	0.00439778754091	4.37590800091e-06	0.000437590800091	0	0	1.75036320036e-05	0	4.813498801e-05	0.00019253995204	8.75181600182e-06	4.37590800091e-06	8.75181600182e-06	0.000520733052108	8.75181600182e-06	4.37590800091e-05	8.75181600182e-05	0.000148780872031	0.000223171308046	0	0	0	0	0.000459470340096	0.00273931840857	0.00168472458035	0.00983266527805	0.000599499396125	0.00186413680839	0.00043321489209	0.00014440496403	0.000319441284066	2.18795400046e-05	0.000415711260086	0.000109397700023	0	2.18795400046e-05	0
0	0.00348322276872	1.75036320036e-05	0	0.00276994976458	0.00086642978418	0.00019253995204	4.37590800091e-06	7.00145280146e-05	0.028754091474	1.31277240027e-05	8.75181600182e-06	0.0028793474646	5.68868040118e-05	8.75181600182e-06	0.00265617615655	0.00170660412035	4.37590800091e-06	0	0	0.00171973184436	0.000345696732072	0.00830547338573	0.000485725788101	0.0178318251037	0.000380703996079	3.50072640073e-05	0.000945196128197	0.00705396369747	2.62554480055e-05	0	0	0	0	7.00145280146e-05	8.75181600182e-06	6.12627120127e-05	0	0	0.00171973184436	0	2.62554480055e-05	0.000380703996079	3.06313560064e-05	0.0124407064466	0.00117274334424	4.37590800091e-06	0.000774535716161	0	1.31277240027e-05	0.000183788136038	0.000161908596034	0	1.31277240027e-05	3.93831720082e-05	0.000717648912149	0.000581995764121	0.00128651695227	3.06313560064e-05	0.00950009626998	0	0.00014440496403	0.000328193100068	0.00473473245698	1.31277240027e-05	0	0	0	0	0.000109397700023	0.000367576272076	2.62554480055e-05	7.43904360155e-05	2.62554480055e-05	0.00322942010467	0	0	0.00203479722042	0.000525108960109	0.000201291768042	9.626997602e-05	8.75181600182e-05	4.37590800091e-06	0
7.87663440164e-05	0	3.06313560064e-05	0	0.00160158232833	8.75181600182e-06	0.0177443069437	0.00305438378464	0.00794664892965	1.31277240027e-05	0.0280626980098	0.000634506660132	0.0116355393744	0	0.00313315012865	0.000179412228037	0	3.93831720082e-05	0.000201291768042	0.000498853512104	0.00637132204933	0	0	2.18795400046e-05	0.000888309324185	0	0.000800791164167	1.75036320036e-05	0.00407834625685	0.00347884686072	4.37590800091e-06	0	4.37590800091e-05	3.50072640073e-05	0.00220108172446	4.813498801e-05	0	0	0	0.000122525424025	0	4.37590800091e-06	3.06313560064e-05	1.31277240027e-05	9.18940680191e-05	0.000258178572054	4.37590800091e-06	0.00134340375628	0	6.12627120127e-05	0	0	0	0	0	1.75036320036e-05	0	0	0	0.000210043584044	0	0	0	7.43904360155e-05	5.68868040118e-05	0	0	0	0	7.87663440164e-05	0.000437590800091	0.000441966708092	0.00224921671247	0.00028880992806	6.12627120127e-05	8.75181600182e-06	3.93831720082e-05	3.93831720082e-05	0	7.00145280146e-05	0	0	4.37590800091e-06	0
6.12627120127e-05	0	4.37590800091e-05	0	4.37590800091e-05	0	0.00396457264882	3.93831720082e-05	0.00406959444085	8.75181600182e-06	0.000634506660132	0.0300581120583	0.00390768584481	0.00777598851762	0.00349635049273	0.000441966708092	0	0.000468222156097	0.00420524758887	0.00506292555705	0.00122963014826	4.37590800091e-06	0	2.18795400046e-05	5.25108960109e-05	0.00348759867673	0.00757469674958	0.000266930388056	0.000109397700023	0.0115392693984	6.56386200137e-05	0.00133027603228	7.43904360155e-05	0	0.014549894103	0.000105021792022	1.31277240027e-05	0	0	1.75036320036e-05	0	4.37590800091e-06	8.75181600182e-05	2.62554480055e-05	0.000131277240027	0.000100645884021	0.00266055206455	0.00181162591238	0.00170660412035	0.000118149516025	0	0	0	3.06313560064e-05	4.37590800091e-06	3.93831720082e-05	0	8.75181600182e-06	0	0.000231923124048	0.000612627120127	0.000310689468065	3.06313560064e-05	0.000122525424025	5.25108960109e-05	0	3.06313560064e-05	1.31277240027e-05	0	0.000380703996079	0.000175036320036	0.00210043584044	0.00601249759325	3.50072640073e-05	3.06313560064e-05	0	0.000643258476134	8.75181600182e-05	0.00137403511229	0.000148780872031	4.37590800091e-05	0	4.37590800091e-06	1.31277240027e-05
0.000301937652063	0	0.000100645884021	0	0.00792476938965	0.000612627120127	0.033554462551	4.813498801e-05	0.0164315345434	0.0028793474646	0.0116355393744	0.00390768584481	0.0550926817315	5.68868040118e-05	0.00520733052108	0.00471285291698	0	0.000113773608024	0.000923316588192	0.00520733052108	0.0206586616723	8.75181600182e-06	0	3.06313560064e-05	0.00326442736868	0	0.00554427543715	0.000183788136038	0.000879557508183	0.0123050532986	2.18795400046e-05	0	0.000105021792022	1.31277240027e-05	0.0138366210989	0.000411335352086	0	0	0	0.0023848698605	0	3.50072640073e-05	0.00109397700023	0.000126901332026	0.00109397700023	0.00352260594073	4.813498801e-05	0.00939507447795	2.18795400046e-05	0.00028880992806	0	4.37590800091e-06	4.37590800091e-06	4.37590800091e-06	2.18795400046e-05	0.000669513924139	0	0	0	0.00305438378464	1.31277240027e-05	5.25108960109e-05	3.50072640073e-05	0.000560116224117	0.000236299032049	0	0	0	0	0.000634506660132	0.00125150968826	0.00278745339658	0.0135828184348	0.000441966708092	0.00219232990846	1.31277240027e-05	0.00019253995204	0.0004813498801	4.37590800091e-06	0.000507605328106	0.000131277240027	4.37590800091e-06	7.00145280146e-05	0
1.75036320036e-05	0.000595123488124	0.000113773608024	0	0	0	6.12627120127e-05	4.37590800091e-06	4.813498801e-05	5.68868040118e-05	0	0.00777598851762	5.68868040118e-05	0.0242950412211	0.000218795400046	1.31277240027e-05	4.37590800091e-06	1.31277240027e-05	3.93831720082e-05	4.37590800091e-06	2.18795400046e-05	0.000205667676043	7.00145280146e-05	0.000389455812081	8.75181600182e-06	0.014418616863	0.00735590134953	0.00365388318076	3.06313560064e-05	0.00134340375628	3.06313560064e-05	0.00368889044477	0.00024067494005	0	0.0019341513364	4.37590800091e-06	0.000367576272076	0	0	0	0	4.37590800091e-06	0	3.50072640073e-05	1.75036320036e-05	0	0.00518545098108	2.62554480055e-05	0.00572368766519	6.56386200137e-05	0	2.62554480055e-05	0	4.37590800091e-06	2.62554480055e-05	0	0	4.37590800091e-05	4.37590800091e-06	2.18795400046e-05	0.00414836078486	0.00182912954438	0.000984579300205	0	2.18795400046e-05	0	5.25108960109e-05	3.06313560064e-05	0	0.000835798428174	0.000223171308046	0.00100645884021	0.00125150968826	0.00135653148028	0	0.000258178572054	0.00109835290823	8.75181600182e-06	0.00244175666451	5.25108960109e-05	8.75181600182e-06	0	0	7.43904360155e-05
0.0118587106825	0	0.00296248971662	0	0.000315065376066	4.37590800091e-06	0.00735152544153	0.0043496525529	0.0200897936322	8.75181600182e-06	0.00313315012865	0.00349635049273	0.00520733052108	0.000218795400046	0.0412210533686	0.000844550244176	3.06313560064e-05	0.00222733717246	0.000936444312195	0.00163221368434	0.00185100908439	0.00103271428821	0	0.00361012410075	0.000730776636152	4.37590800091e-06	0.00247238802051	0.000568868040118	0.00376328088078	0.019105214332	0.00485725788101	0	0.000883933416184	0.00033694491607	0.00520733052108	0.000109397700023	4.37590800091e-06	4.37590800091e-06	0	0.000100645884021	0	8.75181600182e-06	0.000126901332026	3.50072640073e-05	0.000175036320036	0.000253802664053	4.37590800091e-06	0.00201729358842	0	0.000113773608024	0	0	1.31277240027e-05	0	2.62554480055e-05	4.37590800091e-05	0	0	1.31277240027e-05	0.000411335352086	0	1.75036320036e-05	7.00145280146e-05	0.000227547216047	6.56386200137e-05	0	0	0	0	0.000170660412035	0.00141341828429	0.000446342616093	0.00420087168087	0.000730776636152	0.000647634384135	7.00145280146e-05	8.75181600182e-05	0.000153156780032	2.62554480055e-05	0.000166284504035	7.43904360155e-05	0	3.06313560064e-05	2.18795400046e-05
8.75181600182e-06	4.37590800091e-06	0.000236299032049	0	0.00120337470025	0.00276994976458	0.0076840944496	0.000153156780032	0.0024111253085	0.00265617615655	0.000179412228037	0.000441966708092	0.00471285291698	1.31277240027e-05	0.000844550244176	0.0140597924069	4.37590800091e-06	8.75181600182e-06	8.31422520173e-05	0.0004813498801	0.00175036320036	1.75036320036e-05	8.75181600182e-06	6.12627120127e-05	0.00256865799653	0	0.00101083474821	9.18940680191e-05	0.00086642978418	0.00109835290823	0	0	0.000354448548074	4.37590800091e-06	0.00444154662092	0.000980203392204	8.75181600182e-06	0	0	2.18795400046e-05	4.37590800091e-06	4.813498801e-05	0.000862053876179	0.000201291768042	0.00086642978418	0.000643258476134	0.000109397700023	0.000704521188147	3.06313560064e-05	0.000765783900159	1.31277240027e-05	8.75181600182e-06	8.75181600182e-06	1.75036320036e-05	1.75036320036e-05	0.000389455812081	0	0	0	0.00198228632441	4.37590800091e-06	8.75181600182e-06	2.18795400046e-05	0.00107209746022	0.000354448548074	0	0	0	0	0.000988955208206	0.00140466646829	0.00206105266843	0.00455969613695	0.000590747580123	0.00474348427299	8.75181600182e-06	0.000105021792022	0.000883933416184	2.18795400046e-05	0.000940820220196	0.000280058112058	8.75181600182e-06	3.50072640073e-05	0
3.50072640073e-05	0.000341320824071	0.000266930388056	0	0	0	5.68868040118e-05	0	4.813498801e-05	0.00170660412035	0	0	0	4.37590800091e-06	3.06313560064e-05	4.37590800091e-06	0.0179937336997	5.68868040118e-05	0	4.37590800091e-05	0	0.00290997882061	0.0100164534141	0.00516794734907	0.0057455672052	3.93831720082e-05	9.626997602e-05	0.00232360714848	0.00111585654023	3.06313560064e-05	2.62554480055e-05	0	0	4.37590800091e-06	0.000166284504035	4.37590800091e-06	0.000371952180077	0	0	4.37590800091e-06	0	0	0	0	0.00301500061263	0	0	1.31277240027e-05	0	1.75036320036e-05	0	0.00549614044914	0	1.31277240027e-05	1.75036320036e-05	8.75181600182e-06	0.00271306296056	0.00693143827344	0.000778911624162	0.00207855630043	8.75181600182e-06	7.00145280146e-05	0.000564492132117	0.00315502966866	1.75036320036e-05	0	0	0	0	1.75036320036e-05	0.00126463741226	0.000135653148028	0.000253802664053	0.000266930388056	4.37590800091e-05	0	0	0.000210043584044	0.000231923124048	3.93831720082e-05	8.75181600182e-06	4.37590800091e-06	0	0
0.00302812833663	4.813498801e-05	0.0125019691586	0	8.75181600182e-06	0	0.000118149516025	0.000590747580123	0.00169785230435	4.37590800091e-06	3.93831720082e-05	0.000468222156097	0.000113773608024	1.31277240027e-05	0.00222733717246	8.75181600182e-06	5.68868040118e-05	0.0314759062505	0.000236299032049	0.00225796852847	5.25108960109e-05	0.00319878874867	0	0.0107516059582	0.000231923124048	0	0.0108872591063	0.00206542857643	0.00102833838021	0.00280933293658	0.00708459505347	0	3.06313560064e-05	0.000157532688033	0.0111891967583	4.37590800091e-06	0.000258178572054	5.25108960109e-05	0	0	0	0	4.37590800091e-06	0	8.75181600182e-06	0	0	5.68868040118e-05	0	0.000118149516025	0	4.37590800091e-06	0.000354448548074	8.75181600182e-06	0.000398207628083	0	2.18795400046e-05	1.75036320036e-05	0.000161908596034	0	0	0.000306313560064	0.00103271428821	1.75036320036e-05	0.000161908596034	0	0	0	0	0.000376328088078	0.00199978995642	0.000398207628083	0.00751343403756	0.0014659291803	0.000319441284066	8.31422520173e-05	4.37590800091e-06	0.000297561744062	0.000214419492045	0.000612627120127	0.000883933416184	1.31277240027e-05	0	0
8.75181600182e-06	0	2.62554480055e-05	0	2.18795400046e-05	0	0.00101958656421	2.62554480055e-05	0.000936444312195	0	0.000201291768042	0.00420524758887	0.000923316588192	3.93831720082e-05	0.000936444312195	8.31422520173e-05	0	0.000236299032049	0.00694456599744	0.00123400605626	0.000183788136038	0	0	2.62554480055e-05	4.37590800091e-05	3.06313560064e-05	0.00261679298454	9.18940680191e-05	8.31422520173e-05	0.00276994976458	2.18795400046e-05	0	4.37590800091e-05	4.37590800091e-06	0.00422712712888	2.18795400046e-05	0	0	0	4.37590800091e-06	0	0	0.000113773608024	0	4.813498801e-05	0.000166284504035	0	0.000210043584044	0	1.31277240027e-05	0	0	0	0	0	4.37590800091e-06	0	0	0	0.000179412228037	8.75181600182e-06	1.75036320036e-05	8.75181600182e-06	5.25108960109e-05	1.31277240027e-05	0	0	0	0	3.06313560064e-05	0.000468222156097	0.000420087168087	0.00157970278833	3.50072640073e-05	4.37590800091e-06	0	0	8.31422520173e-05	0	3.50072640073e-05	1.31277240027e-05	0	0	0
3.06313560064e-05	4.37590800091e-06	0.0004813498801	0	1.31277240027e-05	0	0.00510230872906	5.25108960109e-05	0.00275682204057	0	0.000498853512104	0.00506292555705	0.00520733052108	4.37590800091e-06	0.00163221368434	0.0004813498801	4.37590800091e-05	0.00225796852847	0.00123400605626	0.0168822530675	0.00276557385658	0.000131277240027	0	0.000494477604103	8.75181600182e-05	0	0.00564054541317	0.000280058112058	0.000166284504035	0.00476973972099	0.000196915860041	0	1.31277240027e-05	4.37590800091e-06	0.0103227669741	8.75181600182e-05	1.75036320036e-05	0	0	8.75181600182e-06	0	0	0.000393831720082	4.37590800091e-06	0.000183788136038	0.000446342616093	0	0.00276119794857	0	8.75181600182e-05	0	8.75181600182e-06	0	4.37590800091e-06	6.12627120127e-05	2.18795400046e-05	1.31277240027e-05	1.31277240027e-05	1.31277240027e-05	0.000844550244176	0	0.000249426756052	0.00014440496403	0.000411335352086	5.68868040118e-05	0	0	0	0	0.000118149516025	0.00266492797255	0.00157095097233	0.0086686737498	0.000196915860041	3.93831720082e-05	8.75181600182e-06	4.37590800091e-06	0.000284434020059	6.56386200137e-05	0.000166284504035	8.75181600182e-05	0	0	0
0.00024067494005	0	5.68868040118e-05	0	0.0127601477307	0.000441966708092	0.0111629413103	3.06313560064e-05	0.00464283838897	0.00171973184436	0.00637132204933	0.00122963014826	0.0206586616723	2.18795400046e-05	0.00185100908439	0.00175036320036	0	5.25108960109e-05	0.000183788136038	0.00276557385658	0.02887224099	0	0	1.75036320036e-05	0.00258178572054	0	0.00212669128844	5.25108960109e-05	0.00137841102029	0.00489226514502	1.31277240027e-05	0	5.25108960109e-05	0	0.00618315800529	0	0	0	0	0.00350510230873	0	1.31277240027e-05	0.000196915860041	2.62554480055e-05	0.00170222821235	0.00307626332464	8.75181600182e-06	0.00550489226515	4.37590800091e-06	1.31277240027e-05	0	0	4.37590800091e-06	0	2.18795400046e-05	0.000809542980168	0	0	0	0.00179849818837	0	3.06313560064e-05	8.75181600182e-06	0.0004813498801	1.31277240027e-05	0	0	0	0	5.68868040118e-05	0.000927692496193	0.000831422520173	0.00564929722918	0.000109397700023	0.00129526876827	4.37590800091e-06	4.813498801e-05	2.62554480055e-05	0	4.813498801e-05	4.37590800091e-06	4.37590800091e-06	2.18795400046e-05	0
0.00265180024855	4.37590800091e-06	0.00332569008069	0	0	0	0.000284434020059	0.004822250617	0.0029012270046	0.000345696732072	0	4.37590800091e-06	8.75181600182e-06	0.000205667676043	0.00103271428821	1.75036320036e-05	0.00290997882061	0.00319878874867	0	0.000131277240027	0	0.0440960249252	0.00218357809245	0.0219976895206	0.00147030508831	0	0.00081829479617	0.000468222156097	0.0132152421627	0.00118149516025	0.0106640877982	0	3.06313560064e-05	0.000328193100068	0.00711522640948	8.75181600182e-06	4.37590800091e-06	1.31277240027e-05	0	0	0	0	1.31277240027e-05	0	0.000787663440164	4.37590800091e-06	0	8.75181600182e-06	0	2.18795400046e-05	0	0.000980203392204	1.31277240027e-05	4.37590800091e-06	3.06313560064e-05	0	0.00229735170048	0.00300187288862	0.000437590800091	0.000424463076088	0	2.18795400046e-05	0.00014440496403	0.00205667676043	1.75036320036e-05	0	0	0	0	2.62554480055e-05	0.00558365860916	0.000328193100068	0.00591622761723	0.00375015315678	0.00152281598432	0.000280058112058	0	4.813498801e-05	8.75181600182e-06	0.000109397700023	0.000170660412035	4.813498801e-05	0	0
0	0.00373264952478	0.00365825908876	0	0	0	0	0	0	0.00830547338573	0	0	0	7.00145280146e-05	0	8.75181600182e-06	0.0100164534141	0	0	0	0	0.00218357809245	0.028732211934	0.00662074880538	0.00754406539357	0.000227547216047	1.31277240027e-05	0.00958761442999	0.000214419492045	0	0	0	0	0	0	0	0.000411335352086	0	0	3.93831720082e-05	0	0	4.37590800091e-06	0	0.00230610351648	2.18795400046e-05	0	2.18795400046e-05	0	0	4.37590800091e-06	0.00775848488561	0	0	0	1.75036320036e-05	0.0024155012165	0.0140991755789	0.00107209746022	0.00161471005234	0	4.37590800091e-05	0.00661637289738	0.0028924751886	0	0	0	0	0	0	9.626997602e-05	3.06313560064e-05	4.37590800091e-06	4.37590800091e-06	4.37590800091e-05	0	0	4.37590800091e-05	7.43904360155e-05	4.37590800091e-06	4.37590800091e-06	0	0	0
0.0086774255658	6.12627120127e-05	0.0208030666363	0	4.37590800091e-06	0	0.00043321489209	0.00733402180953	0.00797728028566	0.000485725788101	2.18795400046e-05	2.18795400046e-05	3.06313560064e-05	0.000389455812081	0.00361012410075	6.12627120127e-05	0.00516794734907	0.0107516059582	2.62554480055e-05	0.000494477604103	1.75036320036e-05	0.0219976895206	0.00662074880538	0.0807617580648	0.00115523971224	0	0.00558365860916	0.00933818767394	0.00487476151301	0.00213106719644	0.00830984929373	0	7.00145280146e-05	0.000367576272076	0.00546988500114	1.75036320036e-05	0.000306313560064	5.68868040118e-05	0	8.75181600182e-06	0	0	1.75036320036e-05	4.37590800091e-06	0.000765783900159	3.50072640073e-05	0	6.12627120127e-05	0	4.813498801e-05	0	0.0120556265425	0.000100645884021	1.75036320036e-05	0.000140029056029	3.50072640073e-05	0.00270431114456	0.0150224921671	0.00513731599307	0.000936444312195	0	0.000126901332026	0.00516794734907	0.00226234443647	3.50072640073e-05	0	0	0	0	9.626997602e-05	0.0170266580315	0.00112898426423	0.00704521188147	0.00237611804449	0.00119899879225	0.000406959444085	4.37590800091e-06	0.000236299032049	6.56386200137e-05	0.000411335352086	0.000678265740141	0.000135653148028	0	0
0.000398207628083	0.00182475363638	0.000293185836061	0	0.00567992858518	0.00106334564422	0.00119899879225	0.00072202482015	0.00115523971224	0.0178318251037	0.000888309324185	5.25108960109e-05	0.00326442736868	8.75181600182e-06	0.000730776636152	0.00256865799653	0.0057455672052	0.000231923124048	4.37590800091e-05	8.75181600182e-05	0.00258178572054	0.00147030508831	0.00754406539357	0.00115523971224	0.0438859813411	6.56386200137e-05	0.000402583536084	0.000840174336175	0.0175430151756	0.00113336017224	0.000153156780032	0	8.75181600182e-06	0.000153156780032	0.00149656053631	7.00145280146e-05	0.000293185836061	0	0	0.00171973184436	8.75181600182e-06	2.18795400046e-05	0.000402583536084	4.813498801e-05	0.0147949449511	0.00128651695227	1.31277240027e-05	0.000752656176157	8.75181600182e-06	0.000179412228037	0.000245050848051	0.000253802664053	0	2.18795400046e-05	7.00145280146e-05	0.000704521188147	0.00132590012428	0.00194727906041	8.75181600182e-05	0.0116617948224	0.000118149516025	0.000271306296056	0.000503229420105	0.00831422520173	0.000153156780032	0	0	0	0	0.000310689468065	0.00307188741664	0.000315065376066	0.00185100908439	0.00101521065621	0.00343071187271	4.37590800091e-06	2.18795400046e-05	0.00315065376066	0.00110272881623	0.000253802664053	3.93831720082e-05	0.000135653148028	0	0
0	0.00326005146068	8.75181600182e-06	0	0	0	4.37590800091e-06	0	8.75181600182e-06	0.000380703996079	0	0.00348759867673	0	0.014418616863	4.37590800091e-06	0	3.93831720082e-05	0	3.06313560064e-05	0	0	0	0.000227547216047	0	6.56386200137e-05	0.0228903747528	0.0072027445695	0.00757907265758	4.37590800091e-06	2.62554480055e-05	0	0.00269118342056	0	0	0.00038507990408	4.37590800091e-06	0.00311564649665	0	0	0	0	4.37590800091e-06	4.37590800091e-06	2.62554480055e-05	3.06313560064e-05	4.37590800091e-06	0.00450280933294	4.37590800091e-06	0.00572368766519	6.56386200137e-05	0	4.813498801e-05	0	2.62554480055e-05	3.06313560064e-05	0	0	7.43904360155e-05	0	1.75036320036e-05	0.00584621308922	0.00413523306086	0.00399957991283	0	3.93831720082e-05	0	0.000100645884021	2.18795400046e-05	0	0.000835798428174	5.68868040118e-05	0.000223171308046	0.000175036320036	0	0	0	0.000332569008069	4.37590800091e-05	0.00185538499239	5.25108960109e-05	8.75181600182e-06	0	0	7.87663440164e-05
0.00157532688033	0.00255115436453	0.0139635224309	0	0.000472598064098	4.37590800091e-06	0.00660762108137	0.00109397700023	0.00563616950517	3.50072640073e-05	0.000800791164167	0.00757469674958	0.00554427543715	0.00735590134953	0.00247238802051	0.00101083474821	9.626997602e-05	0.0108872591063	0.00261679298454	0.00564054541317	0.00212669128844	0.00081829479617	1.31277240027e-05	0.00558365860916	0.000402583536084	0.0072027445695	0.0786613222244	0.019359016996	0.00151406416831	0.0072290000175	0.00163221368434	0.00492727240902	5.68868040118e-05	0.000135653148028	0.0123750678266	0.000210043584044	0.00408272216485	3.50072640073e-05	0	3.93831720082e-05	0	0	0.00057761985612	4.37590800091e-05	0.000551364408115	0.000796415256166	0.0033869527927	0.00133027603228	0.00584621308922	0.000862053876179	0	1.75036320036e-05	0.000398207628083	0.000148780872031	0.00127776513627	7.87663440164e-05	9.626997602e-05	0.000109397700023	0.000196915860041	0.00129089286027	0.00439341163291	0.0112985944584	0.00788976212564	0.000752656176157	0.000796415256166	0	0.000236299032049	8.75181600182e-06	0	0.00132590012428	0.00874306418582	0.00686142374543	0.014545518195	0.000897061140187	0.000170660412035	6.56386200137e-05	0.000105021792022	0.00117274334424	0.0014615532723	0.00155344734032	0.000888309324185	2.18795400046e-05	4.37590800091e-06	4.37590800091e-06
0.000441966708092	0.018991440724	0.019227739756	0	8.75181600182e-06	0	0.000266930388056	9.18940680191e-05	0.000568868040118	0.000945196128197	1.75036320036e-05	0.000266930388056	0.000183788136038	0.00365388318076	0.000568868040118	9.18940680191e-05	0.00232360714848	0.00206542857643	9.18940680191e-05	0.000280058112058	5.25108960109e-05	0.000468222156097	0.00958761442999	0.00933818767394	0.000840174336175	0.00757907265758	0.019359016996	0.0861397489979	0.000503229420105	0.00052948486811	0.000157532688033	0.000525108960109	1.31277240027e-05	2.62554480055e-05	0.000450718524094	3.50072640073e-05	0.0225184225727	0.000341320824071	0	4.37590800091e-06	0	4.37590800091e-06	3.50072640073e-05	2.18795400046e-05	0.00033694491607	4.813498801e-05	0.000210043584044	8.31422520173e-05	0.0014352978243	0.000678265740141	8.75181600182e-06	0.00685704783743	0.000406959444085	2.62554480055e-05	0.000953947944198	5.68868040118e-05	0.000157532688033	0.0137753583869	0.00272619068457	0.000350072640073	0.00256865799653	0.00970576394602	0.0362456459715	0.000148780872031	0.000691393464144	0	9.626997602e-05	0	0	0.00184225726838	0.00728151091351	0.0019122717964	0.00122087833225	0.000328193100068	5.68868040118e-05	0.000113773608024	1.75036320036e-05	0.00173285956836	0.00109397700023	0.0014615532723	0.00057761985612	1.31277240027e-05	4.37590800091e-06	4.37590800091e-06
0.00269993523656	2.18795400046e-05	0.00201291768042	0	0.00608251212127	0.000258178572054	0.00400833172883	0.014571773643	0.00691831054944	0.00705396369747	0.00407834625685	0.000109397700023	0.000879557508183	3.06313560064e-05	0.00376328088078	0.00086642978418	0.00111585654023	0.00102833838021	8.31422520173e-05	0.000166284504035	0.00137841102029	0.0132152421627	0.000214419492045	0.00487476151301	0.0175430151756	4.37590800091e-06	0.00151406416831	0.000503229420105	0.0708240709947	0.0106597118902	0.00844550244176	0	5.25108960109e-05	0.00427963802489	0.0062706761653	0.000210043584044	4.37590800091e-05	4.37590800091e-06	0	0.00127338922826	0	1.75036320036e-05	0.000757032084157	9.18940680191e-05	0.0114429994224	0.00283121247659	4.37590800091e-05	0.000319441284066	4.37590800091e-06	0.000424463076088	3.93831720082e-05	0.000196915860041	0	3.93831720082e-05	9.626997602e-05	0.000323817192067	0.00014440496403	0.000113773608024	0.000100645884021	0.0112067003903	0	0.000258178572054	0.000170660412035	0.00631881115331	0.000354448548074	0	0	0	0	0.000656386200137	0.00705396369747	0.000949572036198	0.00803854299767	0.00546988500114	0.00203917312842	0.000126901332026	4.37590800091e-05	0.00327317918468	0.00102833838021	0.000643258476134	0.000148780872031	2.18795400046e-05	8.75181600182e-06	0
0.00613502301728	0	0.00245926029651	0	0.000778911624162	8.75181600182e-05	0.0147599376871	0.00279620521258	0.0151844007632	2.62554480055e-05	0.00347884686072	0.0115392693984	0.0123050532986	0.00134340375628	0.019105214332	0.00109835290823	3.06313560064e-05	0.00280933293658	0.00276994976458	0.00476973972099	0.00489226514502	0.00118149516025	0	0.00213106719644	0.00113336017224	2.62554480055e-05	0.0072290000175	0.00052948486811	0.0106597118902	0.0592279147923	0.00938194675395	0	0.00266492797255	0.00565367313718	0.0230347797168	0.000148780872031	4.37590800091e-06	0	0	0.00019253995204	0	8.75181600182e-06	0.000271306296056	4.37590800091e-05	0.000441966708092	0.000393831720082	2.62554480055e-05	0.00409584988885	0	0.00014440496403	0	4.37590800091e-06	8.75181600182e-06	4.37590800091e-06	1.75036320036e-05	3.06313560064e-05	8.75181600182e-06	4.37590800091e-06	1.31277240027e-05	0.000870805692181	4.37590800091e-06	4.37590800091e-05	4.813498801e-05	0.000590747580123	8.75181600182e-05	0	0	0	0	0.000323817192067	0.00230610351648	0.00186851271639	0.0126638777546	0.00185100908439	0.000761407992158	0.00128651695227	0.000450718524094	0.000301937652063	5.68868040118e-05	0.000196915860041	7.43904360155e-05	4.37590800091e-06	3.50072640073e-05	2.62554480055e-05
0.00868617738181	0	0.00456407204495	0	0	0	4.813498801e-05	0.00732526999352	0.0038551749488	0	4.37590800091e-06	6.56386200137e-05	2.18795400046e-05	3.06313560064e-05	0.00485725788101	0	2.62554480055e-05	0.00708459505347	2.18795400046e-05	0.000196915860041	1.31277240027e-05	0.0106640877982	0	0.00830984929373	0.000153156780032	0	0.00163221368434	0.000157532688033	0.00844550244176	0.00938194675395	0.0397332446483	0	0	0.00122087833225	0.00990267980606	4.37590800091e-06	0	4.37590800091e-06	0	0	0	0	0	0	4.37590800091e-06	0	0	1.75036320036e-05	0	8.75181600182e-06	0	0	8.75181600182e-06	0	3.50072640073e-05	0	4.37590800091e-06	0	1.31277240027e-05	1.31277240027e-05	0	8.75181600182e-06	5.25108960109e-05	3.50072640073e-05	4.37590800091e-06	0	0	0	0	0	7.87663440164e-05	1.75036320036e-05	0.00508042918906	0.000415711260086	8.31422520173e-05	3.50072640073e-05	4.37590800091e-06	4.37590800091e-05	3.93831720082e-05	3.93831720082e-05	4.37590800091e-05	0	0	0
0	2.62554480055e-05	0	0	0	0	0	0	0	0	0	0.00133027603228	0	0.00368889044477	0	0	0	0	0	0	0	0	0	0	0	0.00269118342056	0.00492727240902	0.000525108960109	0	0	0	0.00514606780907	0	0	0	0	7.00145280146e-05	0	0	0	0	0	0	8.75181600182e-06	1.75036320036e-05	0	0.0019341513364	0	0.0028880992806	1.31277240027e-05	0	0	0	4.37590800091e-06	0	0	0	1.75036320036e-05	0	1.31277240027e-05	0.00126026150426	0.000271306296056	7.87663440164e-05	0	0	0	1.31277240027e-05	8.75181600182e-06	0	2.62554480055e-05	0	4.37590800091e-06	0	0	0	0	2.18795400046e-05	0	0.000599499396125	0	0	0	0	0
0	0	3.93831720082e-05	0	2.62554480055e-05	0.00268680751256	0.000967075668201	7.43904360155e-05	0.00159283051233	0	4.37590800091e-05	7.43904360155e-05	0.000105021792022	0.00024067494005	0.000883933416184	0.000354448548074	0	3.06313560064e-05	4.37590800091e-05	1.31277240027e-05	5.25108960109e-05	3.06313560064e-05	0	7.00145280146e-05	8.75181600182e-06	0	5.68868040118e-05	1.31277240027e-05	5.25108960109e-05	0.00266492797255	0	0	0.00685704783743	0	0.00267367978856	0	0	0	0	0	0	0	0	0	4.37590800091e-06	0	0	1.31277240027e-05	0	4.37590800091e-06	0	4.37590800091e-06	0	0	0	0	0	0	8.75181600182e-06	1.31277240027e-05	0	0	0	0	4.37590800091e-06	0	0	0	0	6.12627120127e-05	0.00103271428821	0.000183788136038	0.000402583536084	0.000555740316116	0.000993331116207	0.00272619068457	7.43904360155e-05	2.62554480055e-05	0	1.75036320036e-05	8.75181600182e-06	4.37590800091e-06	4.37590800091e-06	0
0.000140029056029	0	0.000166284504035	0	0	0	8.31422520173e-05	0.00199541404842	0.000245050848051	0	3.50072640073e-05	0	1.31277240027e-05	0	0.00033694491607	4.37590800091e-06	4.37590800091e-06	0.000157532688033	4.37590800091e-06	4.37590800091e-06	0	0.000328193100068	0	0.000367576272076	0.000153156780032	0	0.000135653148028	2.62554480055e-05	0.00427963802489	0.00565367313718	0.00122087833225	0	0	0.00665138016138	0.00169347639635	0	0	0	0	0	0	0	4.37590800091e-06	0	0	0	0	0	0	0	0	0	0	0	0	0	0	0	0	4.37590800091e-06	0	0	0	0	0	0	0	0	0	0	1.75036320036e-05	7.87663440164e-05	0.00108084927622	0.000332569008069	8.75181600182e-06	0	0	4.37590800091e-06	0	0	0	0	0	0
0.00159720642033	3.06313560064e-05	0.00293185836061	0	0.00100208293221	0.000840174336175	0.0168910048835	0.0019385272444	0.00965325305001	7.00145280146e-05	0.00220108172446	0.014549894103	0.0138366210989	0.0019341513364	0.00520733052108	0.00444154662092	0.000166284504035	0.0111891967583	0.00422712712888	0.0103227669741	0.00618315800529	0.00711522640948	0	0.00546988500114	0.00149656053631	0.00038507990408	0.0123750678266	0.000450718524094	0.0062706761653	0.0230347797168	0.00990267980606	0	0.00267367978856	0.00169347639635	0.0664656666258	0.000984579300205	5.68868040118e-05	0	0	0.000161908596034	4.37590800091e-06	3.50072640073e-05	0.00184663317638	0.000140029056029	0.00148780872031	0.00234111078049	0.000166284504035	0.00445467434493	3.06313560064e-05	0.000813918888169	1.31277240027e-05	1.31277240027e-05	8.75181600182e-06	2.62554480055e-05	7.43904360155e-05	0.000345696732072	3.93831720082e-05	3.06313560064e-05	3.50072640073e-05	0.00456407204495	2.18795400046e-05	0.000140029056029	0.000218795400046	0.00224921671247	0.000568868040118	0	0	0	0	0.00152281598432	0.00303250424463	0.00536048730111	0.0391468729761	0.00397332446483	0.00123400605626	0.00248113983652	0.000761407992158	0.00108960109223	0.000100645884021	0.00126463741226	0.000341320824071	1.75036320036e-05	8.75181600182e-06	1.75036320036e-05
0	1.75036320036e-05	4.37590800091e-06	0	0	0	0.00134777966428	0	0.000485725788101	8.75181600182e-06	4.813498801e-05	0.000105021792022	0.000411335352086	4.37590800091e-06	0.000109397700023	0.000980203392204	4.37590800091e-06	4.37590800091e-06	2.18795400046e-05	8.75181600182e-05	0	8.75181600182e-06	0	1.75036320036e-05	7.00145280146e-05	4.37590800091e-06	0.000210043584044	3.50072640073e-05	0.000210043584044	0.000148780872031	4.37590800091e-06	0	0	0	0.000984579300205	0.0419649577287	3.93831720082e-05	0.0043496525529	0	0.00062575484413	0	0.0019429031524	0.0184488281318	0.00821357931771	0.000126901332026	0.00655948609336	0.00149218462831	0.00275682204057	1.75036320036e-05	0.0259053753654	0	1.75036320036e-05	0.0028749715566	0.00120337470025	0.000971451576202	0.00445905025293	0.00212669128844	0	0.00737340498153	0.00538674274912	4.37590800091e-06	0.000490101696102	0.000787663440164	0.00814794069769	0.0117668166144	0.00771910171361	0	4.37590800091e-06	0.00256428208853	0.00707146732947	0.000231923124048	0.000363200364076	0.000809542980168	0.000118149516025	2.18795400046e-05	0	8.75181600182e-06	0.00147905690431	0.000161908596034	0.00579370219321	0.00174598729236	1.75036320036e-05	2.18795400046e-05	0
0	0.0166153226795	0.00380703996079	0	0	0	1.31277240027e-05	4.37590800091e-06	8.75181600182e-06	6.12627120127e-05	0	1.31277240027e-05	0	0.000367576272076	4.37590800091e-06	8.75181600182e-06	0.000371952180077	0.000258178572054	0	1.75036320036e-05	0	4.37590800091e-06	0.000411335352086	0.000306313560064	0.000293185836061	0.00311564649665	0.00408272216485	0.0225184225727	4.37590800091e-05	4.37590800091e-06	0	7.00145280146e-05	0	0	5.68868040118e-05	3.93831720082e-05	0.0418818154767	2.18795400046e-05	0	8.75181600182e-06	0	0	4.813498801e-05	0	0.00497540739703	3.50072640073e-05	0.000109397700023	4.37590800091e-06	0.000735152544153	0.000542612592113	1.31277240027e-05	0.00132152421627	0.000376328088078	3.93831720082e-05	0.000503229420105	1.31277240027e-05	0.000148780872031	0.00995519070207	8.31422520173e-05	0.00533860776111	0.00464283838897	0.00533860776111	0.0323204564947	0.000223171308046	0.000546988500114	0	7.00145280146e-05	0	0	0.000949572036198	0.00273931840857	0.00234986259649	0.00024067494005	4.37590800091e-06	8.75181600182e-06	0	0	0.00137403511229	0.000831422520173	0.000953947944198	0.000262554480055	0	0	0
4.37590800091e-06	0	0.000315065376066	0	0	0	0	0	0	0	0	0	0	0	4.37590800091e-06	0	0	5.25108960109e-05	0	0	0	1.31277240027e-05	0	5.68868040118e-05	0	0	3.50072640073e-05	0.000341320824071	4.37590800091e-06	0	4.37590800091e-06	0	0	0	0	0.0043496525529	2.18795400046e-05	0.0254765363813	0	4.37590800091e-05	0	0.000170660412035	0.00615690255728	0.00197791041641	0	0.000297561744062	2.18795400046e-05	0	0	0.00500603875304	0	7.00145280146e-05	0.0120162433705	2.18795400046e-05	1.75036320036e-05	0	0.000214419492045	0	0.0111760690343	7.43904360155e-05	0	0.00315502966866	0.0103227669741	0.00351823003273	0.000603875304126	0.00409584988885	0	0	0.00024067494005	0.00067388983214	0.000227547216047	3.93831720082e-05	9.18940680191e-05	8.75181600182e-06	0	0	0	0.000520733052108	0.000210043584044	0.000446342616093	0.000301937652063	8.75181600182e-06	0	0
0	0	0	0	0	0	0	0	0	0	0	0	0	0	0	0	0	0	0	0	0	0	0	0	0	0	0	0	0	0	0	0	0	0	0	0	0	0	0	0	0	0	0	0	0	0	0	0	0	0	0	0	0	0	0	0	0	0	0	0	0	0	0	0	0	0	0	0	0	0	0	0	0	0	0	0	0	0	0	0	0	0	0	0
