0.0252897157149	4.98221349781e-06	0.00244626682743	0	3.48754944847e-05	0	0.000378648225834	0.00965054754526	0.0150662136174	3.48754944847e-05	0.000293950596371	0.000493239136283	9.46620564584e-05	5.48043484759e-05	0.0146227966161	0	5.48043484759e-05	0.00105622926154	0.000194306326415	0.00214235180406	0.000124555337445	0.00111103361001	0.00036370158534	0.000901780643104	0.000876869575615	9.96442699563e-06	0.00266050200783	0.000298932809869	0.00221708500653	0.0105523281884	0.00419004155166	0	0.000119573123948	0.000259075101886	0.00254591109738	7.47332024672e-05	0	4.98221349781e-06	0	0	0	5.97865619738e-05	0.000518150203773	5.97865619738e-05	2.98932809869e-05	2.98932809869e-05	3.48754944847e-05	0	3.48754944847e-05	1.49466404934e-05	1.99288539913e-05	3.48754944847e-05	0	0	4.98221349781e-06	0	4.98221349781e-05	1.49466404934e-05	9.96442699563e-06	0.00036370158534	0	2.98932809869e-05	1.49466404934e-05	0.000602847833235	0.000104626483454	0.000189324112917	4.98221349781e-06	0	1.49466404934e-05	0.000174377472423	0.000129537550943	7.47332024672e-05	0.00210249409608	0.000234164034397	4.98221349781e-06	4.98221349781e-06	9.96442699563e-06	9.96442699563e-06	1.99288539913e-05	0.000224199607402	0.000104626483454	0.000189324112917	9.96442699563e-06	6.97509889694e-05
4.98221349781e-06	0.022669071415	0.000194306326415	0	0	0	0	4.98221349781e-06	2.49110674891e-05	0.00361708699941	4.98221349781e-06	0.000129537550943	0	0.000971531632073	3.48754944847e-05	0.000209252966908	0.000254092888388	0.000503203563279	0	0.000149466404934	0	3.98577079825e-05	0.00621282023177	0.000388612652829	0.00185836563468	0.00235160477097	0.00563986567952	0.0196249389679	3.48754944847e-05	3.48754944847e-05	0	4.48399214803e-05	4.98221349781e-06	0	0.000209252966908	0	0.00961068983728	0.000199288539913	0	0	0	0	0	0	3.48754944847e-05	0	5.48043484759e-05	0	0.000353737158345	0	0	9.96442699563e-06	5.97865619738e-05	4.98221349781e-06	4.98221349781e-06	0	1.49466404934e-05	9.46620564584e-05	0.000104626483454	2.98932809869e-05	0.000408541506821	0.00173381029724	0.0109210119872	0	0	0	9.96442699563e-05	0	0	7.47332024672e-05	0.000657652181711	0.000438434787808	0.000229181820899	3.48754944847e-05	0.000209252966908	0	0.000129537550943	7.9715415965e-05	6.97509889694e-05	1.49466404934e-05	0	0	0	1.49466404934e-05
0.00244626682743	0.000194306326415	0.04452604203	0	4.98221349781e-06	4.98221349781e-06	2.49110674891e-05	0.00255587552438	0.00193309883715	0.000139501977939	4.98221349781e-06	0.000124555337445	4.98221349781e-06	6.97509889694e-05	0.00162918381378	2.49110674891e-05	4.98221349781e-05	0.00576940323047	2.98932809869e-05	0.00191316998316	4.98221349781e-06	0.00186334784818	0.000378648225834	0.0162071405084	4.98221349781e-05	4.98221349781e-06	0.00924698825194	0.0134719052981	0.000886834002611	0.00036370158534	0.00132028657692	0	3.98577079825e-05	1.49466404934e-05	0.000946620564584	2.98932809869e-05	0.000782207519157	0.00428968582162	0	0	0	1.49466404934e-05	4.98221349781e-06	1.99288539913e-05	7.9715415965e-05	0	1.99288539913e-05	0	4.98221349781e-06	1.49466404934e-05	0	0.00209751188258	0.000587901192742	0	9.96442699563e-06	0	0.000632741114222	0.00553523919607	0.00419502376516	7.47332024672e-05	4.98221349781e-06	0.000129537550943	0.00510676883526	0.000104626483454	1.99288539913e-05	2.98932809869e-05	0	0	0	8.96798429606e-05	0.00544555935311	0.00289964825573	0.00157437946531	0.00108114032903	4.48399214803e-05	4.98221349781e-05	1.49466404934e-05	0.000667616608707	0.000259075101886	9.46620564584e-05	2.49110674891e-05	9.96442699563e-06	0	4.98221349781e-06
0	0	0	0	0	0	0	0	0	0	0	0	0	0	0	0	0	0	0	0	0	0	0	0	0	0	0	0	0	0	0	0	0	0	0	0	0	0	0	0	0	0	0	0	0	0	0	0	0	0	0	0	0	0	0	0	0	0	0	0	0	0	0	0	0	0	0	0	0	0	0	0	0	0	0	0	0	0	0	0	0	0	0	0
3.48754944847e-05	0	4.98221349781e-06	0	0.0217324152775	9.96442699563e-06	0.000926691710593	0.000333808304353	0.000398577079825	0.0011359446775	0.00379146447184	0.000124555337445	0.00509182219476	0.000169395258926	0.000493239136283	0.000498221349781	0	4.98221349781e-06	8.46976294628e-05	4.48399214803e-05	0.0091124684875	2.49110674891e-05	1.49466404934e-05	1.49466404934e-05	0.00772243092161	4.98221349781e-06	0.000458363641799	5.48043484759e-05	0.00930677481391	0.000553025698257	0	0	3.48754944847e-05	0	0.00100640712656	0	4.98221349781e-06	0	0	0.003422780673	0	8.96798429606e-05	5.48043484759e-05	5.48043484759e-05	0.00271530635631	0.00178363243222	4.98221349781e-06	0.000333808304353	0	0	9.96442699563e-06	9.96442699563e-06	0	0	0	0.00180356128621	0	2.49110674891e-05	9.96442699563e-06	0.00418007712466	0	2.49110674891e-05	4.48399214803e-05	0.00396085973076	0	0	0	0	0	1.99288539913e-05	0.000209252966908	5.97865619738e-05	0.00142491306037	0.000358719371843	0.000498221349781	0	3.48754944847e-05	4.98221349781e-06	0	5.97865619738e-05	7.9715415965e-05	5.48043484759e-05	0	0
0	0	4.98221349781e-06	0	9.96442699563e-06	0.00361708699941	0.00140996641988	0	0.00084199408113	0	0	9.96442699563e-06	1.99288539913e-05	1.99288539913e-05	0.000149466404934	0.000896798429606	0	0	0	0	9.96442699563e-06	4.98221349781e-06	0	4.98221349781e-06	0	0	4.98221349781e-06	0	0	0.00015943083193	0	0	0.00122064230696	0	0.000607830046733	0	0	0	0	0	0	0	0	0	0	0	0	0	0	0	0	0	0	0	0	0	0	0	0	0	0	4.98221349781e-06	0	0	0	0	0	0	0	0	0.000229181820899	0	0.00011459091045	6.47687754716e-05	0.0015843438923	0.000229181820899	9.96442699563e-06	4.98221349781e-06	4.98221349781e-06	0	0	0	0	0
0.000378648225834	0	2.49110674891e-05	0	0.000926691710593	0.00140996641988	0.0372021881882	0.00254591109738	0.0104028617834	4.98221349781e-05	0.0142840060982	0.00153452175733	0.0113644289885	0.000303915023367	0.00543061271262	0.00152953954383	0	4.98221349781e-06	0.000742349811174	0.000234164034397	0.00292954153671	4.48399214803e-05	1.49466404934e-05	5.48043484759e-05	0.00302420359317	1.99288539913e-05	0.00148469962235	3.48754944847e-05	0.00557011469055	0.00379644668533	0	3.98577079825e-05	0.00240142690595	3.48754944847e-05	0.00497224907082	0	0	0	0	0.000333808304353	9.96442699563e-06	0.00104626483454	0.0013750909254	0.000861922935122	6.47687754716e-05	0.00103630040755	9.96442699563e-06	0.000194306326415	0	1.49466404934e-05	2.98932809869e-05	4.98221349781e-06	0	4.98221349781e-06	0	0.00011459091045	0	1.49466404934e-05	4.98221349781e-06	0.00229680042249	0	4.98221349781e-06	0	0.00109110475602	0	0	0	4.98221349781e-06	0	2.98932809869e-05	0.000543061271262	0.000667616608707	0.00416513048417	0.00127046444194	0.00160925495979	0.00020427075341	0.000164413045428	3.98577079825e-05	4.98221349781e-06	0.000393594866327	0.000453381428301	0.000179359685921	3.98577079825e-05	7.47332024672e-05
0.00965054754526	4.98221349781e-06	0.00255587552438	0	0.000333808304353	0	0.00254591109738	0.0422192771805	0.00809111472045	0.00043345257431	0.0050220712058	0.000348754944847	0.000219217393904	0.000921709497095	0.00712954751537	1.49466404934e-05	9.96442699563e-06	0.000707474316689	0.000224199607402	0.000822065227139	0.00027402174238	0.00450890321552	1.49466404934e-05	0.00245124904092	0.00141993084688	9.96442699563e-06	0.00178861464571	0.000358719371843	0.0127594487679	0.00504698227328	0.0068306147055	4.98221349781e-06	2.98932809869e-05	0.000184341899419	0.00461851191247	4.98221349781e-06	2.49110674891e-05	9.96442699563e-06	0	6.97509889694e-05	0	0.000169395258926	0.000772243092161	0.000169395258926	0.000722420957183	8.96798429606e-05	8.96798429606e-05	4.98221349781e-05	1.49466404934e-05	5.48043484759e-05	5.97865619738e-05	4.98221349781e-06	0	9.96442699563e-06	9.96442699563e-06	1.49466404934e-05	9.96442699563e-06	3.98577079825e-05	1.49466404934e-05	0.00201281425312	2.49110674891e-05	6.97509889694e-05	6.47687754716e-05	0.00187829448868	4.98221349781e-06	4.98221349781e-06	4.98221349781e-06	0	4.98221349781e-06	0.000194306326415	0.0013651264984	0.000562990125253	0.00599360283787	0.00248114232191	3.98577079825e-05	2.49110674891e-05	0.000104626483454	5.48043484759e-05	3.98577079825e-05	0.000328826090856	0.000154448618432	0.000288968382873	9.96442699563e-06	5.48043484759e-05
0.0150662136174	2.49110674891e-05	0.00193309883715	0	0.000398577079825	0.00084199408113	0.0104028617834	0.00809111472045	0.051331745668	0.000199288539913	0.00454377871001	0.00352740715645	0.00247616010841	0.000538079057764	0.0346712237313	0.000418505933816	9.46620564584e-05	0.000787189732654	0.00102633598055	0.00257580437837	0.00276512849129	0.00109608696952	0.00043345257431	0.000837011867633	0.0034078340325	5.48043484759e-05	0.00472812060942	0.000837011867633	0.00414021941668	0.0175124804448	0.00215729844455	8.46976294628e-05	0.00253594667039	8.96798429606e-05	0.00860926492422	7.47332024672e-05	9.96442699563e-06	9.96442699563e-06	0	0.000129537550943	2.98932809869e-05	0.00108114032903	0.00169395258926	0.00104128262104	0.000194306326415	0.000259075101886	6.47687754716e-05	4.98221349781e-05	4.48399214803e-05	0.00011459091045	8.96798429606e-05	5.48043484759e-05	0	1.99288539913e-05	1.49466404934e-05	2.49110674891e-05	7.47332024672e-05	0.000104626483454	4.98221349781e-05	0.00176868579172	4.98221349781e-06	7.47332024672e-05	9.46620564584e-05	0.00178363243222	0.000104626483454	0.000174377472423	4.98221349781e-06	1.99288539913e-05	1.49466404934e-05	0.000269039528882	0.00229680042249	0.00084199408113	0.00869396255368	0.00323843877358	0.00063772332772	0.000149466404934	0.000408541506821	0.000209252966908	5.48043484759e-05	0.000891816216108	0.00106619368853	0.000951602778082	0.000378648225834	0.000149466404934
3.48754944847e-05	0.00361708699941	0.000139501977939	0	0.0011359446775	0	4.98221349781e-05	0.00043345257431	0.000199288539913	0.0272128501251	3.98577079825e-05	1.99288539913e-05	0.00212740516357	0.000244128461393	0.000328826090856	0.0025110356029	0.00027402174238	0.000298932809869	0	0.00011459091045	0.000129537550943	0.00011459091045	0.0059238518489	0.000373666012336	0.0126896977789	0.000976513845571	0.000448399214803	0.00399573522525	0.00549039927459	0.000617794473729	0.000413523720318	3.98577079825e-05	0.00011459091045	0.000239146247895	0.000418505933816	0.000129537550943	7.9715415965e-05	9.96442699563e-06	0	0.000328826090856	0	0.000343772731349	0.0009117450701	0.000164413045428	0.0106021503233	0.00027402174238	5.97865619738e-05	0.000567972338751	4.98221349781e-06	0.000144484191437	0.000104626483454	0.000129537550943	3.48754944847e-05	1.99288539913e-05	1.49466404934e-05	0.000353737158345	9.96442699563e-06	0.00168398816226	3.48754944847e-05	0.0112747491456	2.49110674891e-05	0.000184341899419	0.000283986169375	0.00395587751726	1.99288539913e-05	0.000348754944847	4.98221349781e-06	0	4.98221349781e-06	9.96442699563e-05	0.00452384985601	0.000488256922786	0.000308897236864	0.000164413045428	0.00252100002989	0	0	0.000622776687227	0.000244128461393	0.00020427075341	3.98577079825e-05	0.000393594866327	4.98221349781e-06	0
0.000293950596371	4.98221349781e-06	4.98221349781e-06	0	0.00379146447184	0	0.0142840060982	0.0050220712058	0.00454377871001	3.98577079825e-05	0.0414420518748	0.00119573123948	0.0114341799775	0.00102633598055	0.0038811443148	0.000104626483454	4.98221349781e-06	9.96442699563e-06	0.000632741114222	0.000488256922786	0.0117978815628	6.47687754716e-05	1.49466404934e-05	2.98932809869e-05	0.00290463046922	3.98577079825e-05	0.00202277868011	0.000254092888388	0.00917225504947	0.00457367199099	3.98577079825e-05	7.9715415965e-05	5.97865619738e-05	5.97865619738e-05	0.0105523281884	0	9.96442699563e-06	0	0	0.000548043484759	0	0.000458363641799	0.000697509889694	0.000403559293323	1.49466404934e-05	0.0013601442849	3.98577079825e-05	0.000647687754716	9.96442699563e-06	2.49110674891e-05	0	0	0	4.98221349781e-06	0	0.000762278665165	4.98221349781e-06	1.49466404934e-05	9.96442699563e-06	0.00133025100392	0	6.97509889694e-05	5.48043484759e-05	0.00132526879042	0	9.96442699563e-06	0	0	0	4.48399214803e-05	0.000782207519157	0.000837011867633	0.0122512629911	0.00461352969897	2.49110674891e-05	1.49466404934e-05	0.00059288340624	0.000119573123948	9.96442699563e-06	0.00221210279303	0.00187331227518	0.000622776687227	1.99288539913e-05	0.00015943083193
0.000493239136283	0.000129537550943	0.000124555337445	0	0.000124555337445	9.96442699563e-06	0.00153452175733	0.000348754944847	0.00352740715645	1.99288539913e-05	0.00119573123948	0.0281793995436	0.000837011867633	0.00624769572626	0.00914734398198	2.98932809869e-05	2.98932809869e-05	0.000358719371843	0.00587402971392	0.00544057713961	0.000792171946152	0.000179359685921	2.98932809869e-05	0.000418505933816	0.000553025698257	0.000906762856602	0.0104028617834	0.00157437946531	0.000214235180406	0.0126348934305	0.000134519764441	0.00129039329593	0.000632741114222	4.48399214803e-05	0.0139452155804	9.96442699563e-06	0.000189324112917	4.98221349781e-06	0	2.49110674891e-05	0	0	0.000209252966908	0	6.47687754716e-05	1.49466404934e-05	0.00084199408113	0	0.00161423717329	4.98221349781e-06	0	9.96442699563e-06	0	0	9.96442699563e-06	0	4.98221349781e-06	0.000104626483454	0	0.000388612652829	0.000488256922786	0.000508185776777	0.000543061271262	0.000199288539913	9.96442699563e-06	0	0.000199288539913	0	4.98221349781e-06	1.49466404934e-05	0.00142491306037	0.0059338162759	0.00715445858286	0.00120569566647	3.98577079825e-05	9.96442699563e-06	0.00186833006168	0.000283986169375	0.000747332024672	9.96442699563e-06	9.96442699563e-06	4.98221349781e-06	0	0.000702492103192
9.46620564584e-05	0	4.98221349781e-06	0	0.00509182219476	1.99288539913e-05	0.0113644289885	0.000219217393904	0.00247616010841	0.00212740516357	0.0114341799775	0.000837011867633	0.0388712297099	0.000498221349781	0.00298434588519	0.00294448817721	0	0	0.00047829249579	0.000109608696952	0.0171986009944	2.98932809869e-05	4.98221349781e-06	2.49110674891e-05	0.0031985810656	9.96442699563e-06	0.00075231423817	9.96442699563e-06	0.00129537550943	0.00211245852307	5.48043484759e-05	1.49466404934e-05	0.00031886166386	0	0.00665623723308	0	0	0	0	0.000199288539913	0	0.000642705541218	0.000558007911755	0.000792171946152	0.000936656137589	0.000672598822205	2.49110674891e-05	0.00153452175733	4.98221349781e-06	2.49110674891e-05	0	0	0	4.98221349781e-06	0	0.00079715415965	4.98221349781e-06	4.98221349781e-06	0	0.000667616608707	0	0	0	0.000398577079825	0	9.96442699563e-06	0	4.98221349781e-06	0	5.48043484759e-05	0.000632741114222	0.000244128461393	0.00803132815847	0.00507189334077	0.00191316998316	2.98932809869e-05	0.000622776687227	0.000104626483454	4.98221349781e-06	0.00282989726676	0.00260569765936	0.00115587353149	2.98932809869e-05	0.000169395258926
5.48043484759e-05	0.000971531632073	6.97509889694e-05	0	0.000169395258926	1.99288539913e-05	0.000303915023367	0.000921709497095	0.000538079057764	0.000244128461393	0.00102633598055	0.00624769572626	0.000498221349781	0.0244078639258	0.00079715415965	4.98221349781e-06	1.99288539913e-05	2.49110674891e-05	0.000368683798838	0.000124555337445	0.000846976294628	6.97509889694e-05	0.000562990125253	6.47687754716e-05	0.000343772731349	0.00565979453352	0.00485765816037	0.00510676883526	0.00052313241727	0.00103131819405	6.47687754716e-05	0.00329822533555	0.000234164034397	1.99288539913e-05	0.00140000199289	9.96442699563e-06	0.000353737158345	0	0	1.49466404934e-05	0	0.000144484191437	0.000856940721624	0.000104626483454	5.97865619738e-05	4.98221349781e-05	0.00177366800522	4.98221349781e-06	0.00818079456341	2.49110674891e-05	8.46976294628e-05	9.96442699563e-06	0	9.96442699563e-06	9.96442699563e-06	0	2.98932809869e-05	9.46620564584e-05	0	0.00043345257431	0.00502705341929	0.00397580637125	0.00271530635631	0.000966549418576	9.96442699563e-06	0.000134519764441	0.00184840120769	0	0	0.000104626483454	0.000328826090856	0.00351744272946	0.00535089729665	0.00330320754905	0	0.000209252966908	0.00198292097213	0.00011459091045	0.00121067787997	0.000174377472423	9.46620564584e-05	0.000194306326415	7.47332024672e-05	0.00126548222844
0.0146227966161	3.48754944847e-05	0.00162918381378	0	0.000493239136283	0.000149466404934	0.00543061271262	0.00712954751537	0.0346712237313	0.000328826090856	0.0038811443148	0.00914734398198	0.00298434588519	0.00079715415965	0.0567474117401	0.000443417001305	0.000134519764441	0.000846976294628	0.00293452375021	0.0061480514563	0.00320356327909	0.000916727283598	0.000373666012336	0.000807118586646	0.00371673126937	8.96798429606e-05	0.00938649022988	0.00150961068984	0.00374164233686	0.0331217553335	0.00244128461393	0.000129537550943	0.00256583995137	4.48399214803e-05	0.0188526958757	3.98577079825e-05	9.96442699563e-06	9.96442699563e-06	0	3.98577079825e-05	2.49110674891e-05	0.00107117590203	0.00171388144325	0.00105124704804	0.00015943083193	0.000184341899419	6.97509889694e-05	4.48399214803e-05	6.47687754716e-05	0.000104626483454	7.47332024672e-05	4.98221349781e-05	0	1.99288539913e-05	1.99288539913e-05	1.49466404934e-05	5.97865619738e-05	0.000119573123948	3.48754944847e-05	0.0015992905328	9.96442699563e-06	0.00011459091045	0.000214235180406	0.00129537550943	4.98221349781e-05	0.000124555337445	4.98221349781e-06	1.99288539913e-05	9.96442699563e-06	0.000283986169375	0.00304911466066	0.00121566009347	0.014881871718	0.00359217593192	0.000662634395209	3.98577079825e-05	0.000553025698257	0.000239146247895	0.00011459091045	0.00095658499158	0.0011459091045	0.00109110475602	0.000458363641799	0.000154448618432
0	0.000209252966908	2.49110674891e-05	0	0.000498221349781	0.000896798429606	0.00152953954383	1.49466404934e-05	0.000418505933816	0.0025110356029	0.000104626483454	2.98932809869e-05	0.00294448817721	4.98221349781e-06	0.000443417001305	0.00862919377821	9.96442699563e-06	5.48043484759e-05	0	1.49466404934e-05	0.000707474316689	4.98221349781e-06	0.000518150203773	6.97509889694e-05	0.00192811662365	0	5.97865619738e-05	0.000413523720318	0.000577936765746	0.000139501977939	0	0	0.000617794473729	4.98221349781e-06	0.000124555337445	0	0	0	0	4.98221349781e-06	0	4.98221349781e-06	2.49110674891e-05	0	4.98221349781e-06	4.98221349781e-06	0	9.96442699563e-06	0	0	0	3.48754944847e-05	0	0	0	0	0	3.98577079825e-05	9.96442699563e-06	4.98221349781e-06	0	4.98221349781e-06	4.98221349781e-06	2.49110674891e-05	0	0	0	0	0	0	0.000313879450362	3.98577079825e-05	0.000174377472423	1.49466404934e-05	0.00579431429796	4.98221349781e-06	4.98221349781e-06	9.96442699563e-06	1.49466404934e-05	1.99288539913e-05	1.49466404934e-05	1.99288539913e-05	0	0
5.48043484759e-05	0.000254092888388	4.98221349781e-05	0	0	0	0	9.96442699563e-06	9.46620564584e-05	0.00027402174238	4.98221349781e-06	2.98932809869e-05	0	1.99288539913e-05	0.000134519764441	9.96442699563e-06	0.0180057195811	7.47332024672e-05	0	6.47687754716e-05	0	0.00525623524019	0.0095758143428	0.00483274709288	0.00267544864833	3.48754944847e-05	0.000308897236864	0.00198292097213	0.00369680241538	0.000567972338751	0.000627758900724	0	9.96442699563e-06	7.47332024672e-05	0.000473310282292	0.000109608696952	5.48043484759e-05	1.49466404934e-05	0	4.98221349781e-06	0	4.98221349781e-06	2.49110674891e-05	4.98221349781e-06	0.000259075101886	4.98221349781e-06	1.99288539913e-05	4.98221349781e-06	4.98221349781e-06	2.98932809869e-05	0	0.00520641310521	0	1.49466404934e-05	1.99288539913e-05	0	7.47332024672e-05	0.00460854748548	0.000503203563279	0.00124057116096	1.49466404934e-05	6.47687754716e-05	0.000229181820899	0.000876869575615	9.46620564584e-05	0.000194306326415	0	0	0	1.99288539913e-05	0.00128541108244	0.00104626483454	0.000119573123948	4.98221349781e-05	9.96442699563e-06	0	4.98221349781e-06	0.000418505933816	0.000174377472423	5.48043484759e-05	4.98221349781e-05	9.96442699563e-06	0	4.98221349781e-06
0.00105622926154	0.000503203563279	0.00576940323047	0	4.98221349781e-06	0	4.98221349781e-06	0.000707474316689	0.000787189732654	0.000298932809869	9.96442699563e-06	0.000358719371843	0	2.49110674891e-05	0.000846976294628	5.48043484759e-05	7.47332024672e-05	0.0190768954831	8.46976294628e-05	0.00616299809679	0	0.00200284982612	0.000438434787808	0.00784200404556	5.48043484759e-05	0	0.00371673126937	0.00349253166197	0.000154448618432	0.00202277868011	0.00400071743874	1.49466404934e-05	0	0.000303915023367	0.00304413244716	2.49110674891e-05	0.000303915023367	0.000259075101886	0	0	0	0	0	0	4.98221349781e-06	0	0	0	0	9.96442699563e-06	4.98221349781e-06	5.97865619738e-05	2.49110674891e-05	0	9.96442699563e-06	0	2.49110674891e-05	0.000139501977939	3.98577079825e-05	1.49466404934e-05	0	0.000129537550943	0.000443417001305	2.98932809869e-05	0	4.98221349781e-06	0	0	0	4.98221349781e-06	0.000458363641799	0.000533096844266	0.000657652181711	0.000154448618432	5.48043484759e-05	0	0	1.49466404934e-05	0.000209252966908	0	0	0	0	0
0.000194306326415	0	2.98932809869e-05	0	8.46976294628e-05	0	0.000742349811174	0.000224199607402	0.00102633598055	0	0.000632741114222	0.00587402971392	0.00047829249579	0.000368683798838	0.00293452375021	0	0	8.46976294628e-05	0.00826549219287	0.00288470161523	0.000388612652829	4.98221349781e-05	4.98221349781e-06	0.000199288539913	0.000219217393904	4.98221349781e-05	0.00451388542902	0.000209252966908	0.000139501977939	0.00443915222655	4.98221349781e-05	2.98932809869e-05	3.48754944847e-05	0	0.00451886764252	0	0	4.98221349781e-06	0	9.96442699563e-06	0	0	0.00015943083193	0	0	9.96442699563e-06	0	4.98221349781e-06	0	0	4.98221349781e-06	0	0	0	4.98221349781e-06	0	4.98221349781e-06	4.98221349781e-06	4.98221349781e-06	0.000259075101886	9.96442699563e-06	0.000199288539913	0.000129537550943	0.000109608696952	0	0	9.46620564584e-05	0	0	0	0.00129039329593	0.00153950397082	0.00236655141146	0.000303915023367	0	0	8.46976294628e-05	0.000458363641799	4.98221349781e-06	4.98221349781e-06	4.98221349781e-06	0	0	0
0.00214235180406	0.000149466404934	0.00191316998316	0	4.48399214803e-05	0	0.000234164034397	0.000822065227139	0.00257580437837	0.00011459091045	0.000488256922786	0.00544057713961	0.000109608696952	0.000124555337445	0.0061480514563	1.49466404934e-05	6.47687754716e-05	0.00616299809679	0.00288470161523	0.0278655200933	0.000129537550943	0.00117082017199	0.000269039528882	0.00178363243222	0.000199288539913	0.000109608696952	0.017113903365	0.00253594667039	0.00027402174238	0.00791673724802	0.00201281425312	1.99288539913e-05	3.48754944847e-05	0.000254092888388	0.0105074882669	0.000109608696952	0.000134519764441	9.46620564584e-05	0	0	0	0	8.96798429606e-05	4.98221349781e-06	5.48043484759e-05	4.98221349781e-06	9.96442699563e-06	4.98221349781e-06	4.98221349781e-06	4.98221349781e-05	0	9.96442699563e-05	0.000179359685921	9.96442699563e-06	0.00043345257431	0	4.98221349781e-05	0.000129537550943	0.000144484191437	0.000124555337445	0.000109608696952	0.00186833006168	0.000602847833235	4.48399214803e-05	4.98221349781e-06	2.49110674891e-05	0	0	0	9.46620564584e-05	0.00242633797343	0.0020476897476	0.0045487609235	0.000189324112917	1.49466404934e-05	0	4.98221349781e-06	0.000458363641799	6.97509889694e-05	4.98221349781e-05	4.98221349781e-06	0	0	0
0.000124555337445	0	4.98221349781e-06	0	0.0091124684875	9.96442699563e-06	0.00292954153671	0.00027402174238	0.00276512849129	0.000129537550943	0.0117978815628	0.000792171946152	0.0171986009944	0.000846976294628	0.00320356327909	0.000707474316689	0	0	0.000388612652829	0.000129537550943	0.0296292236715	2.49110674891e-05	0	2.49110674891e-05	0.00379644668533	9.96442699563e-06	0.000926691710593	0.000169395258926	0.00241637354644	0.0022669071415	4.48399214803e-05	4.48399214803e-05	8.46976294628e-05	0	0.00693524118896	0	0	0	0	0.000627758900724	0	0.000582918979244	0.000692527676196	0.000717438743685	7.47332024672e-05	0.00192313441016	5.48043484759e-05	0.00104128262104	9.96442699563e-06	2.98932809869e-05	4.98221349781e-06	0	0	2.49110674891e-05	0	0.00100640712656	0	4.98221349781e-06	0	0.00142989527387	0	2.49110674891e-05	9.96442699563e-06	0.00198790318563	0	4.98221349781e-06	0	4.98221349781e-06	0	4.48399214803e-05	0.000607830046733	0.000149466404934	0.00942136572436	0.00472313839593	0.000498221349781	3.48754944847e-05	0.000468328068794	0.000109608696952	9.96442699563e-06	0.00267046643483	0.00240640911944	0.000891816216108	2.98932809869e-05	0.000119573123948
0.00111103361001	3.98577079825e-05	0.00186334784818	0	2.49110674891e-05	4.98221349781e-06	4.48399214803e-05	0.00450890321552	0.00109608696952	0.00011459091045	6.47687754716e-05	0.000179359685921	2.98932809869e-05	6.97509889694e-05	0.000916727283598	4.98221349781e-06	0.00525623524019	0.00200284982612	4.98221349781e-05	0.00117082017199	2.49110674891e-05	0.045557360224	0.00838506531682	0.0184889942904	0.00043345257431	0	0.00173381029724	0.00104128262104	0.0104925416264	0.00125551780145	0.00863915820521	4.98221349781e-06	6.47687754716e-05	0.000154448618432	0.00644200205267	0.000483274709288	4.98221349781e-05	0.000224199607402	0	0	0	0.000224199607402	0.000199288539913	0.000303915023367	9.46620564584e-05	4.48399214803e-05	2.98932809869e-05	1.99288539913e-05	1.49466404934e-05	0.000119573123948	3.48754944847e-05	0.00383132217982	2.98932809869e-05	9.96442699563e-06	1.49466404934e-05	9.96442699563e-06	0.000567972338751	0.00578933208446	0.000423488147314	0.00155943282482	1.99288539913e-05	9.96442699563e-05	0.000702492103192	0.00156441503831	0.000976513845571	0.00127046444194	0	0	0.000129537550943	0.000149466404934	0.00536584393714	0.00294947039071	0.00472812060942	0.00148968183585	0.000368683798838	0.000288968382873	9.96442699563e-06	0.00133523321741	0.000981496059069	0.000333808304353	0.000254092888388	0.000308897236864	9.96442699563e-06	9.96442699563e-06
0.00036370158534	0.00621282023177	0.000378648225834	0	1.49466404934e-05	0	1.49466404934e-05	1.49466404934e-05	0.00043345257431	0.0059238518489	1.49466404934e-05	2.98932809869e-05	4.98221349781e-06	0.000562990125253	0.000373666012336	0.000518150203773	0.0095758143428	0.000438434787808	4.98221349781e-06	0.000269039528882	0	0.00838506531682	0.0380790577638	0.00672598822205	0.00630250007473	0.0015893261058	0.000607830046733	0.0101936088165	0.00539075500463	0.00190320555616	0.00160925495979	3.48754944847e-05	9.96442699563e-06	0.00110605139651	0.00215729844455	0.000727403170681	0.000224199607402	0.00052313241727	0	4.98221349781e-06	0	4.98221349781e-05	0.000443417001305	0.000139501977939	0.00155445061132	4.98221349781e-06	2.49110674891e-05	4.98221349781e-06	4.98221349781e-06	0.000184341899419	0	0.01130962464	3.48754944847e-05	9.96442699563e-06	1.99288539913e-05	0	0.00108114032903	0.0166455752962	0.00119573123948	0.00542064828562	2.98932809869e-05	0.000303915023367	0.00125053558795	0.00535587951015	0.00101637155355	0.00180356128621	4.98221349781e-06	0	0.000109608696952	0.000144484191437	0.00161921938679	0.000946620564584	0.00100640712656	0.000303915023367	0.000582918979244	0	0	0.00100640712656	0.000772243092161	0.000184341899419	0.00011459091045	3.48754944847e-05	4.98221349781e-06	1.49466404934e-05
0.000901780643104	0.000388612652829	0.0162071405084	0	1.49466404934e-05	4.98221349781e-06	5.48043484759e-05	0.00245124904092	0.000837011867633	0.000373666012336	2.98932809869e-05	0.000418505933816	2.49110674891e-05	6.47687754716e-05	0.000807118586646	6.97509889694e-05	0.00483274709288	0.00784200404556	0.000199288539913	0.00178363243222	2.49110674891e-05	0.0184889942904	0.00672598822205	0.0645296292237	0.000543061271262	0	0.00291957710972	0.00813097242843	0.00301922137967	0.000762278665165	0.00294947039071	4.98221349781e-06	0.000144484191437	3.98577079825e-05	0.00652669968213	2.49110674891e-05	0.000368683798838	0.000244128461393	0	0	0	0.000283986169375	7.9715415965e-05	0.000323843877358	0.00011459091045	1.99288539913e-05	0	1.99288539913e-05	0	1.49466404934e-05	4.98221349781e-06	0.00691033012147	5.97865619738e-05	0	4.98221349781e-06	4.98221349781e-06	0.000602847833235	0.0111103361001	0.00471815618243	0.000199288539913	4.98221349781e-06	9.96442699563e-05	0.00200284982612	0.000368683798838	9.96442699563e-06	0.000333808304353	0	0	4.98221349781e-06	7.9715415965e-05	0.0100042847036	0.00415018384368	0.00766264435964	0.00483274709288	0.00184840120769	0.0009117450701	2.98932809869e-05	0.00116085574499	0.000667616608707	0.000368683798838	0.000358719371843	0.000283986169375	1.49466404934e-05	4.98221349781e-06
0.000876869575615	0.00185836563468	4.98221349781e-05	0	0.00772243092161	0	0.00302420359317	0.00141993084688	0.0034078340325	0.0126896977789	0.00290463046922	0.000553025698257	0.0031985810656	0.000343772731349	0.00371673126937	0.00192811662365	0.00267544864833	5.48043484759e-05	0.000219217393904	0.000199288539913	0.00379644668533	0.00043345257431	0.00630250007473	0.000543061271262	0.0509780085096	0.000443417001305	0.000916727283598	0.00396085973076	0.0193010950905	0.0038661976743	0.00141993084688	3.48754944847e-05	0.000139501977939	0.000737367597676	0.00331815418954	3.48754944847e-05	3.98577079825e-05	9.96442699563e-06	0	0.00375658897735	4.98221349781e-06	0.000866905148619	0.00117082017199	0.000662634395209	0.0101288400411	0.00157437946531	3.48754944847e-05	0.000343772731349	9.96442699563e-06	5.97865619738e-05	3.98577079825e-05	0.000413523720318	2.98932809869e-05	0	9.96442699563e-06	0.00110605139651	0	0.00100142491306	1.99288539913e-05	0.0138804468049	3.48754944847e-05	0.000194306326415	0.000119573123948	0.00724413842582	1.49466404934e-05	7.9715415965e-05	0	4.98221349781e-06	4.98221349781e-06	8.96798429606e-05	0.00327829648156	0.000528114630768	0.00360214035892	0.0011359446775	0.00188825891567	9.96442699563e-06	4.48399214803e-05	0.000214235180406	5.97865619738e-05	0.000244128461393	0.00015943083193	0.000189324112917	9.96442699563e-06	9.96442699563e-06
9.96442699563e-06	0.00235160477097	4.98221349781e-06	0	4.98221349781e-06	0	1.99288539913e-05	9.96442699563e-06	5.48043484759e-05	0.000976513845571	3.98577079825e-05	0.000906762856602	9.96442699563e-06	0.00565979453352	8.96798429606e-05	0	3.48754944847e-05	0	4.98221349781e-05	0.000109608696952	9.96442699563e-06	0	0.0015893261058	0	0.000443417001305	0.013581513995	0.00253594667039	0.00844485187879	1.49466404934e-05	0.00011459091045	0	0.000164413045428	0	0	0.00011459091045	0	0.000941638351087	0	0	0	0	0	0	0	9.96442699563e-06	0	0.000398577079825	0	0.00331317197605	0	0	0	4.98221349781e-06	8.96798429606e-05	7.9715415965e-05	0	0	9.96442699563e-06	0	4.98221349781e-06	0.00623274908576	0.00236655141146	0.0038761621013	0	0	0	0.00047829249579	0	0	9.96442699563e-06	0.00011459091045	0.000283986169375	0.000154448618432	2.49110674891e-05	0	0	0.000921709497095	9.96442699563e-06	0.000104626483454	4.98221349781e-06	0	0	0	0.00027402174238
0.00266050200783	0.00563986567952	0.00924698825194	0	0.000458363641799	4.98221349781e-06	0.00148469962235	0.00178861464571	0.00472812060942	0.000448399214803	0.00202277868011	0.0104028617834	0.00075231423817	0.00485765816037	0.00938649022988	5.97865619738e-05	0.000308897236864	0.00371673126937	0.00451388542902	0.017113903365	0.000926691710593	0.00173381029724	0.000607830046733	0.00291957710972	0.000916727283598	0.00253594667039	0.0952848331457	0.0282092928246	0.00131032214992	0.0116384507309	0.000812100800143	0.00193309883715	5.97865619738e-05	6.97509889694e-05	0.0152356088763	0.000149466404934	0.00525623524019	0.00111103361001	0	3.48754944847e-05	0	1.49466404934e-05	0.000627758900724	2.49110674891e-05	0.000119573123948	8.46976294628e-05	0.0006825632492	1.99288539913e-05	0.00235658698447	0.000139501977939	4.98221349781e-06	6.97509889694e-05	0.000264057315384	0.0013651264984	0.00243132018693	0	2.98932809869e-05	0.000189324112917	0.000224199607402	0.000861922935122	0.00360712257242	0.0193907749335	0.0161722650139	0.000378648225834	4.98221349781e-05	4.48399214803e-05	0.00175373915123	0	0	0.000288968382873	0.0116733262254	0.0137907669619	0.0123210139801	0.00125053558795	7.47332024672e-05	1.49466404934e-05	8.46976294628e-05	0.00168897037576	0.00141993084688	0.000513167990275	3.98577079825e-05	0	1.49466404934e-05	4.98221349781e-06
0.000298932809869	0.0196249389679	0.0134719052981	0	5.48043484759e-05	0	3.48754944847e-05	0.000358719371843	0.000837011867633	0.00399573522525	0.000254092888388	0.00157437946531	9.96442699563e-06	0.00510676883526	0.00150961068984	0.000413523720318	0.00198292097213	0.00349253166197	0.000209252966908	0.00253594667039	0.000169395258926	0.00104128262104	0.0101936088165	0.00813097242843	0.00396085973076	0.00844485187879	0.0282092928246	0.087771655191	0.00150462847634	0.00151957511683	0.000149466404934	0.000607830046733	4.98221349781e-05	4.98221349781e-06	0.00320356327909	9.96442699563e-06	0.0128889863188	0.0018234901402	0	0	0	0	4.98221349781e-05	0	0.000209252966908	1.99288539913e-05	0.000259075101886	4.98221349781e-06	0.00267544864833	0	0	0.00366192692089	0.00043345257431	0.000279003955878	0.00063772332772	0	0.00031886166386	0.00715944079636	0.00210747630957	0.000189324112917	0.00737865819026	0.00900784200405	0.0283338481621	8.46976294628e-05	0	9.96442699563e-06	0.00151957511683	0	0	0.000164413045428	0.0107665633688	0.00649182418765	0.00334804747053	0.000577936765746	0.000463345855297	9.96442699563e-06	8.46976294628e-05	0.00105124704804	0.000288968382873	0.000119573123948	3.48754944847e-05	0	0	8.96798429606e-05
0.00221708500653	3.48754944847e-05	0.000886834002611	0	0.00930677481391	0	0.00557011469055	0.0127594487679	0.00414021941668	0.00549039927459	0.00917225504947	0.000214235180406	0.00129537550943	0.00052313241727	0.00374164233686	0.000577936765746	0.00369680241538	0.000154448618432	0.000139501977939	0.00027402174238	0.00241637354644	0.0104925416264	0.00539075500463	0.00301922137967	0.0193010950905	1.49466404934e-05	0.00131032214992	0.00150462847634	0.0696862201939	0.00335302968403	0.00580427872495	4.98221349781e-06	4.98221349781e-05	9.96442699563e-05	0.00413025498969	0.000343772731349	0.000154448618432	2.98932809869e-05	0	0.00482278266588	4.98221349781e-06	0.00126548222844	0.00225196050101	0.00100640712656	0.00950606335383	0.0029594348177	0.000239146247895	0.000244128461393	2.49110674891e-05	0.00027402174238	0.000328826090856	0.00225694271451	2.98932809869e-05	5.48043484759e-05	2.49110674891e-05	0.00157437946531	1.99288539913e-05	0.00486762258736	4.48399214803e-05	0.0177067867712	9.96442699563e-06	0.000219217393904	0.000463345855297	0.0122761740586	9.46620564584e-05	0.000677581035703	4.98221349781e-06	4.98221349781e-06	0	0.000418505933816	0.00344270952699	0.00125551780145	0.00552527476907	0.00144484191437	0.000607830046733	0	3.98577079825e-05	0.000538079057764	0.000224199607402	0.000931673924091	0.000408541506821	0.00075231423817	3.48754944847e-05	6.97509889694e-05
0.0105523281884	3.48754944847e-05	0.00036370158534	0	0.000553025698257	0.00015943083193	0.00379644668533	0.00504698227328	0.0175124804448	0.000617794473729	0.00457367199099	0.0126348934305	0.00211245852307	0.00103131819405	0.0331217553335	0.000139501977939	0.000567972338751	0.00202277868011	0.00443915222655	0.00791673724802	0.0022669071415	0.00125551780145	0.00190320555616	0.000762278665165	0.0038661976743	0.00011459091045	0.0116384507309	0.00151957511683	0.00335302968403	0.0603644987395	0.00561495461204	0.000189324112917	0.00229181820899	0.00463844076646	0.030755203922	8.96798429606e-05	2.49110674891e-05	6.97509889694e-05	0	6.97509889694e-05	4.48399214803e-05	0.000951602778082	0.000976513845571	0.000891816216108	0.000488256922786	9.96442699563e-05	4.98221349781e-05	4.48399214803e-05	4.48399214803e-05	4.98221349781e-05	2.49110674891e-05	0.000597865619738	0	2.49110674891e-05	1.49466404934e-05	1.49466404934e-05	9.46620564584e-05	0.00104626483454	0.000109608696952	0.00207758302859	9.96442699563e-06	0.000149466404934	0.000279003955878	0.00175373915123	7.47332024672e-05	0.000104626483454	4.98221349781e-06	1.99288539913e-05	9.96442699563e-06	9.96442699563e-05	0.00350747830246	0.00187331227518	0.0181601681995	0.00361210478591	0.000333808304353	4.98221349781e-05	0.00047829249579	0.000244128461393	8.46976294628e-05	0.00063772332772	0.00105124704804	0.000906762856602	0.000518150203773	6.97509889694e-05
0.00419004155166	0	0.00132028657692	0	0	0	0	0.0068306147055	0.00215729844455	0.000413523720318	3.98577079825e-05	0.000134519764441	5.48043484759e-05	6.47687754716e-05	0.00244128461393	0	0.000627758900724	0.00400071743874	4.98221349781e-05	0.00201281425312	4.48399214803e-05	0.00863915820521	0.00160925495979	0.00294947039071	0.00141993084688	0	0.000812100800143	0.000149466404934	0.00580427872495	0.00561495461204	0.0258726346941	4.98221349781e-06	3.98577079825e-05	0.00011459091045	0.00324840320057	0.000109608696952	0	0.000139501977939	0	0	0	0.000139501977939	0.000169395258926	0.000164413045428	0.000144484191437	3.48754944847e-05	0.000109608696952	4.98221349781e-06	2.49110674891e-05	3.48754944847e-05	5.48043484759e-05	0.00036370158534	1.99288539913e-05	1.49466404934e-05	1.49466404934e-05	9.96442699563e-06	0.000229181820899	0.000408541506821	0.000214235180406	0.000413523720318	0	2.49110674891e-05	5.97865619738e-05	0.000587901192742	0.000119573123948	0.000313879450362	0	0	1.99288539913e-05	0.000234164034397	0.000403559293323	0.000109608696952	0.000886834002611	0.00027402174238	4.98221349781e-06	6.47687754716e-05	0	0.000119573123948	8.96798429606e-05	0.000378648225834	0.000144484191437	0.00047829249579	1.99288539913e-05	2.98932809869e-05
0	4.48399214803e-05	0	0	0	0	3.98577079825e-05	4.98221349781e-06	8.46976294628e-05	3.98577079825e-05	7.9715415965e-05	0.00129039329593	1.49466404934e-05	0.00329822533555	0.000129537550943	0	0	1.49466404934e-05	2.98932809869e-05	1.99288539913e-05	4.48399214803e-05	4.98221349781e-06	3.48754944847e-05	4.98221349781e-06	3.48754944847e-05	0.000164413045428	0.00193309883715	0.000607830046733	4.98221349781e-06	0.000189324112917	4.98221349781e-06	0.00361708699941	0	0	0.000194306326415	0	0	0	0	4.98221349781e-06	0	0	1.49466404934e-05	0	0	0	0.000313879450362	0	0.00168897037576	0	0	0	0	4.98221349781e-06	0	0	0	0	0	1.99288539913e-05	0.000533096844266	0.00103630040755	0.000712456530187	4.98221349781e-06	0	0	0.00027402174238	0	0	0	2.98932809869e-05	0.000807118586646	0.000129537550943	4.98221349781e-06	0	0	9.96442699563e-06	2.49110674891e-05	0.000428470360812	0	0	0	0	1.49466404934e-05
0.000119573123948	4.98221349781e-06	3.98577079825e-05	0	3.48754944847e-05	0.00122064230696	0.00240142690595	2.98932809869e-05	0.00253594667039	0.00011459091045	5.97865619738e-05	0.000632741114222	0.00031886166386	0.000234164034397	0.00256583995137	0.000617794473729	9.96442699563e-06	0	3.48754944847e-05	3.48754944847e-05	8.46976294628e-05	6.47687754716e-05	9.96442699563e-06	0.000144484191437	0.000139501977939	0	5.97865619738e-05	4.98221349781e-05	4.98221349781e-05	0.00229181820899	3.98577079825e-05	0	0.00715944079636	0	0.00259075101886	0	4.98221349781e-06	0	0	0	0	9.46620564584e-05	5.48043484759e-05	5.97865619738e-05	0	0	0	0	0	0	0	4.98221349781e-06	0	0	0	0	0	4.98221349781e-06	0	4.98221349781e-05	0	0	1.99288539913e-05	2.49110674891e-05	0	9.96442699563e-06	0	0	0	9.96442699563e-06	0.00079715415965	0.000154448618432	0.000548043484759	0.000513167990275	0.00104128262104	0.00011459091045	0.000139501977939	9.96442699563e-06	4.98221349781e-06	4.48399214803e-05	0.000104626483454	0.00011459091045	9.46620564584e-05	4.98221349781e-06
0.000259075101886	0	1.49466404934e-05	0	0	0	3.48754944847e-05	0.000184341899419	8.96798429606e-05	0.000239146247895	5.97865619738e-05	4.48399214803e-05	0	1.99288539913e-05	4.48399214803e-05	4.98221349781e-06	7.47332024672e-05	0.000303915023367	0	0.000254092888388	0	0.000154448618432	0.00110605139651	3.98577079825e-05	0.000737367597676	0	6.97509889694e-05	4.98221349781e-06	9.96442699563e-05	0.00463844076646	0.00011459091045	0	0	0.00553523919607	0.00334306525703	5.97865619738e-05	0	3.98577079825e-05	0	0	0	9.96442699563e-06	4.98221349781e-06	1.49466404934e-05	0.000179359685921	0	0	0	0	0	0	0.00059288340624	0	0	0	0	1.99288539913e-05	0.00084199408113	3.48754944847e-05	0.000558007911755	0	0	4.98221349781e-06	0.000757296451668	4.98221349781e-05	1.99288539913e-05	0	0	0	0	0.000313879450362	2.49110674891e-05	0.000398577079825	3.98577079825e-05	0	0	0	4.98221349781e-06	0	4.98221349781e-06	4.98221349781e-06	4.98221349781e-06	0	0
