0.033652318523	2.88861103202e-05	0.00152271067259	0	1.65063487544e-05	8.25317437719e-06	0.00162587535231	0.0165517412135	0.011509051669	0.000437418241991	0.00541408239144	0.00386248560853	0.00132050790035	0.000144430551601	0.0186150348078	3.71392846974e-05	4.1265871886e-06	0.00134114083629	0.00108116584341	0.00109767219217	0.00262038286476	0.00124622933096	4.1265871886e-06	0.00211693922775	0.000214582533807	4.1265871886e-06	0.00424625821707	0.0014855713879	0.00276481341636	0.0210786073594	0.0141748269928	0	0.000491063875443	0.00379233362632	0.00826142755157	3.30126975088e-05	1.65063487544e-05	8.25317437719e-06	0	0.000949115053377	0	0.000160936900355	3.30126975088e-05	7.42785693948e-05	0.00141541940569	0.000313620626333	0	0.000193949597864	0	0.000103164679715	4.1265871886e-06	8.25317437719e-06	1.65063487544e-05	0	9.49115053377e-05	0.000119671028469	0	0.000198076185053	4.1265871886e-06	0.00167539439857	0	5.77722206404e-05	1.65063487544e-05	0.00136177377224	1.23797615658e-05	1.23797615658e-05	0	0	0	0.000284734516013	0.00049931704982	4.53924590746e-05	0.00247182572597	0.000792304740211	6.60253950176e-05	7.84051565834e-05	0.000226962295373	0.000392025782917	2.88861103202e-05	0.000416785306048	0.000259974992882	0.000193949597864	3.71392846974e-05	6.60253950176e-05
2.88861103202e-05	0.0292079841209	0.000895469419926	0	8.25317437719e-06	4.1265871886e-06	4.1265871886e-06	0.000123797615658	2.0632935943e-05	0.00315683919928	5.36456334518e-05	9.07849181491e-05	1.23797615658e-05	0.00108941901779	2.88861103202e-05	4.1265871886e-06	0.000792304740211	0.000606608316724	2.88861103202e-05	0.000222835708184	4.1265871886e-05	0.000152683725978	0.00540995580425	0.000429165067614	0.00167539439857	0.00585150063343	0.00553375341991	0.0231130148433	0.000202202772241	9.49115053377e-05	0.000173316661921	0.00088308965836	1.23797615658e-05	0.000189823010675	0.000623114665478	1.65063487544e-05	0.0123302425195	0.00201790113522	0	0	0	0	3.30126975088e-05	8.25317437719e-06	1.65063487544e-05	4.1265871886e-06	0.000152683725978	4.1265871886e-06	0.000891342832737	1.65063487544e-05	0	0.00164238170106	7.42785693948e-05	1.23797615658e-05	0.000482810701066	0	2.47595231316e-05	0.00222010390747	0.000408532131671	0.000239342056939	0.00187759717081	0.00291749714234	0.0101431513096	0.000202202772241	0	2.0632935943e-05	0.000453924590746	0	0	0.00017744324911	0.00245119279003	0.002100432879	0.00038377260854	4.53924590746e-05	3.71392846974e-05	8.25317437719e-06	4.1265871886e-06	0.000309494039145	0.000404405544483	0.000367266259785	8.25317437719e-06	4.1265871886e-06	4.1265871886e-06	0
0.00152271067259	0.000895469419926	0.0335326474945	0	0	0	1.65063487544e-05	0.00169602733451	0.000949115053377	7.01519822062e-05	4.1265871886e-06	0	4.1265871886e-06	4.1265871886e-06	0.00101514044839	1.23797615658e-05	0.00153096384697	0.00359838402846	0	9.07849181491e-05	0	0.00167126781138	0.00118845711032	0.0129657369466	0.000103164679715	4.1265871886e-06	0.00847601008538	0.00882676999641	0.00132463448754	0.000775798391456	0.00426276456582	0	4.1265871886e-06	9.90380925263e-05	0.00070564640925	1.65063487544e-05	0.00246357255159	0.00433291654803	0	4.1265871886e-06	0	0	0.000334253562276	1.23797615658e-05	2.88861103202e-05	1.23797615658e-05	0	4.1265871886e-06	0	1.65063487544e-05	0	0.000701519822062	5.77722206404e-05	0	1.65063487544e-05	0	0.00165476146263	0.00499729708539	0.00877725095015	5.77722206404e-05	0	5.77722206404e-05	0.00158460948042	0.000569469032026	2.0632935943e-05	0.000222835708184	0	0	4.1265871886e-06	3.71392846974e-05	0.0010481531459	0.000140303964412	0.000800557914588	0.000185696423487	7.42785693948e-05	5.36456334518e-05	1.23797615658e-05	0.000185696423487	0.000193949597864	5.77722206404e-05	2.47595231316e-05	4.1265871886e-06	0	0
0	0	0	0	0	0	0	0	0	0	0	0	0	0	0	0	0	0	0	0	0	0	0	0	0	0	0	0	0	0	0	0	0	0	0	0	0	0	0	0	0	0	0	0	0	0	0	0	0	0	0	0	0	0	0	0	0	0	0	0	0	0	0	0	0	0	0	0	0	0	0	0	0	0	0	0	0	0	0	0	0	0	0	0
1.65063487544e-05	8.25317437719e-06	0	0	0.0179011352241	2.0632935943e-05	0.000354886498219	0.000652000775798	6.60253950176e-05	0.00183633129893	0.00111417854092	2.47595231316e-05	0.00235628128469	0	0.000111417854092	0.000507570224197	0	0	4.1265871886e-06	1.65063487544e-05	0.00492714510319	0	8.25317437719e-06	0	0.00865757992168	0	5.36456334518e-05	3.30126975088e-05	0.00503443637009	0.000317747213522	0	0	3.30126975088e-05	0.000140303964412	0.000354886498219	0	0	0	0	0.00357775109251	0	0.000305367451956	0	2.88861103202e-05	0.00174554638078	0.00123384956939	3.71392846974e-05	0.00239342056939	0	1.23797615658e-05	0	4.1265871886e-06	4.1265871886e-06	0	0	0.00443195464055	0	0	4.1265871886e-06	0.00135352059786	0	2.0632935943e-05	0	0.000759292042702	0	0	0	4.1265871886e-06	0	4.95190462632e-05	7.84051565834e-05	8.25317437719e-06	0.000301240864768	0.000181569836298	7.42785693948e-05	1.23797615658e-05	3.30126975088e-05	8.25317437719e-05	4.1265871886e-06	0.00014855713879	8.25317437719e-05	0.000226962295373	1.23797615658e-05	0
8.25317437719e-06	4.1265871886e-06	0	0	2.0632935943e-05	0.00694091965122	0.00289273761921	0.000123797615658	0.000375519434162	0.000408532131671	1.23797615658e-05	8.25317437719e-06	0.000160936900355	8.25317437719e-06	0.000156810313167	0.00302891499643	0	8.25317437719e-06	0	0	4.95190462632e-05	0	0	8.25317437719e-06	0.000342506736654	4.1265871886e-06	4.1265871886e-06	1.65063487544e-05	0.00029298769039	0.000239342056939	1.23797615658e-05	0	0.00255023088255	1.65063487544e-05	0.00044154482918	0	4.1265871886e-06	0	0	8.25317437719e-06	0	8.25317437719e-06	0	4.1265871886e-06	1.65063487544e-05	1.23797615658e-05	0	1.65063487544e-05	0	0	4.1265871886e-06	0	0	0	0	4.1265871886e-06	4.1265871886e-06	0	4.1265871886e-06	8.25317437719e-06	0	0	0	1.23797615658e-05	0	4.1265871886e-06	0	0	0	1.65063487544e-05	0.0011925836975	2.47595231316e-05	0.000338380149465	0.000276481341636	0.00234802811031	0.000713899583627	8.25317437719e-06	4.1265871886e-06	8.25317437719e-06	2.88861103202e-05	2.88861103202e-05	4.1265871886e-06	4.1265871886e-06	0
0.00162587535231	4.1265871886e-06	1.65063487544e-05	0	0.000354886498219	0.00289273761921	0.0325546463308	0.00978413822416	0.0127098885409	0.000404405544483	0.00630129863699	0.000346633323842	0.00373868799287	7.01519822062e-05	0.00311557332739	0.00375519434162	0	1.65063487544e-05	4.53924590746e-05	8.66583309605e-05	0.00160111582918	4.1265871886e-05	0	5.77722206404e-05	0.00067676029893	0	0.000346633323842	0.000239342056939	0.00428752408895	0.00288035785764	0.000449798003557	0	0.0027854463523	0.000338380149465	0.00244293961565	2.0632935943e-05	4.1265871886e-06	0	0	0.000156810313167	0	0.00041265871886	0	0.000103164679715	0.000524076572952	0.000321873800711	0	0.000363139672597	0	8.25317437719e-05	4.1265871886e-06	4.1265871886e-06	0	0	8.25317437719e-06	5.77722206404e-05	0	4.1265871886e-06	4.1265871886e-06	0.000507570224197	0	0	0	0.000309494039145	0	0	0	4.1265871886e-06	0	0.000202202772241	0.00105640632028	3.71392846974e-05	0.00174967296797	0.000936735291812	0.00238104080782	0.000387899195728	7.01519822062e-05	0.000709772996439	8.25317437719e-06	0.000524076572952	0.00049931704982	0.000437418241991	0.000123797615658	0
0.0165517412135	0.000123797615658	0.00169602733451	0	0.000652000775798	0.000123797615658	0.00978413822416	0.0645810895015	0.014112928185	0.00136590035943	0.0151940940284	0.00449385344838	0.00184045788611	0.000317747213522	0.0112201905658	0.00129162179003	4.95190462632e-05	0.000396152370105	0.0010481531459	0.00222423049465	0.00279782611387	0.002603876516	0.00017744324911	0.00375932092881	0.00188997693238	1.65063487544e-05	0.00394914393949	0.00207979994305	0.0282341095444	0.0221308870924	0.0190937189216	0	0.000350759911031	0.015557233701	0.0163536650284	3.30126975088e-05	4.1265871886e-06	4.1265871886e-05	0	0.00168364757295	8.25317437719e-06	0.000503443637009	0.00017744324911	0.000742785693948	0.00397803004981	0.00113068488968	0	0.000936735291812	0	0.00026410158007	8.25317437719e-06	0	0.000259974992882	0	8.66583309605e-05	0.00163825511387	8.25317437719e-06	7.01519822062e-05	2.0632935943e-05	0.00365202966191	0	7.42785693948e-05	0	0.00139478646975	0	2.0632935943e-05	0	0	0	0.00026410158007	0.00270704119572	0.00026410158007	0.00800970573307	0.00251721818504	0.000990380925263	6.1898807829e-05	0.000160936900355	0.00167952098576	0.000181569836298	0.000565342444838	0.0004704309395	0.000482810701066	0.000193949597864	4.53924590746e-05
0.011509051669	2.0632935943e-05	0.000949115053377	0	6.60253950176e-05	0.000375519434162	0.0127098885409	0.014112928185	0.0386289826725	0.00064787418861	0.00328476340212	0.000408532131671	0.00111005195373	0.000218709120996	0.0188708832135	0.00124210274377	8.25317437719e-06	0.000334253562276	6.60253950176e-05	0.000123797615658	0.000689140060496	0.000165063487544	1.65063487544e-05	0.000759292042702	0.00023521546975	0	0.00118020393594	0.000585975380781	0.00331364951244	0.0123715083914	0.00422149869394	0	0.00359838402846	0.000837697199285	0.00645810895015	2.88861103202e-05	8.25317437719e-06	0	0	0.000713899583627	8.25317437719e-06	0.00111005195373	4.95190462632e-05	0.000495190462632	0.00122559639501	0.00088308965836	0	0.000829444024908	0	0.000127924202847	4.1265871886e-06	8.25317437719e-06	1.23797615658e-05	0	0	0.000156810313167	4.1265871886e-06	0.000127924202847	8.25317437719e-06	0.00142779916725	0	0	8.25317437719e-06	0.00108116584341	1.23797615658e-05	4.1265871886e-06	0	5.36456334518e-05	0	0.000557089270461	0.0020632935943	0.000144430551601	0.004704309395	0.00283083881138	0.000812937676154	0.000536456334518	0.000334253562276	0.000907849181491	1.23797615658e-05	0.0015185840854	0.00134526742348	0.00124622933096	0.00049931704982	9.07849181491e-05
0.000437418241991	0.00315683919928	7.01519822062e-05	0	0.00183633129893	0.000408532131671	0.000404405544483	0.00136590035943	0.00064787418861	0.0313125435871	0.000462177765123	5.36456334518e-05	0.00429577726333	8.66583309605e-05	0.000722152758005	0.00293813007828	0.00252959794661	1.23797615658e-05	1.65063487544e-05	4.1265871886e-05	0.002100432879	0.00349109276155	0.00576896888966	0.00174141979359	0.0141872067544	0.00142779916725	0.000226962295373	0.00227787612811	0.00569469032026	0.00114719123843	0.00172491344483	4.1265871886e-06	0.000243468644127	0.000515823398575	0.00222010390747	0.000231088882561	0.000103164679715	2.47595231316e-05	0	0.00172078685765	0	0.000272354754447	0.00125035591815	0.000400278957294	0.00976350528822	0.00121321663345	1.65063487544e-05	0.00153509043416	4.1265871886e-06	0.000330126975088	3.30126975088e-05	9.49115053377e-05	4.53924590746e-05	0	3.30126975088e-05	0.00127924202847	1.65063487544e-05	0.00602894388254	3.30126975088e-05	0.0082861870747	0	6.60253950176e-05	0.000107291266904	0.00588038674375	0.000214582533807	0.000375519434162	0	0	2.0632935943e-05	7.42785693948e-05	0.00275656024198	0.000169190074732	0.000557089270461	0.000548836096083	0.00205091383273	9.07849181491e-05	6.1898807829e-05	0.000788178153022	6.60253950176e-05	0.000210455946618	0.000189823010675	0.00017744324911	2.88861103202e-05	0
0.00541408239144	5.36456334518e-05	4.1265871886e-06	0	0.00111417854092	1.23797615658e-05	0.00630129863699	0.0151940940284	0.00328476340212	0.000462177765123	0.0302189979821	0.00230676223843	0.00250896501067	0.000198076185053	0.00432878996084	0.000433291654803	2.0632935943e-05	4.53924590746e-05	0.000590101967969	0.000817064263342	0.00504681613165	1.23797615658e-05	8.25317437719e-06	9.07849181491e-05	0.000532329747329	4.1265871886e-06	0.00163412852668	0.000755165455513	0.00670983076866	0.00762593312453	0.000354886498219	0	0.000152683725978	0.00409357449109	0.00771671804268	0	4.1265871886e-06	0	0	0.00188585034519	0	0.000354886498219	4.1265871886e-06	0.000136177377224	0.00113893806405	0.0017744324911	4.1265871886e-06	0.000936735291812	0	8.25317437719e-06	0	0	0.000169190074732	0	6.1898807829e-05	0.00222835708184	0	1.65063487544e-05	0	0.00134939401067	0	4.53924590746e-05	0	0.000127924202847	0	0	0	8.25317437719e-06	0	0.00014855713879	0.000685013473307	6.60253950176e-05	0.00381296656226	0.0015185840854	0.000284734516013	7.42785693948e-05	6.60253950176e-05	0.000140303964412	0.000107291266904	0.000392025782917	0.000354886498219	0.000387899195728	0.00014855713879	8.25317437719e-06
0.00386248560853	9.07849181491e-05	0	0	2.47595231316e-05	8.25317437719e-06	0.000346633323842	0.00449385344838	0.000408532131671	5.36456334518e-05	0.00230676223843	0.0293978071316	0.00207154676868	0.0074567430498	0.00431641019927	2.47595231316e-05	0	0.000928482117434	0.00615686808539	0.00511284152667	0.00240580033095	0.000226962295373	8.25317437719e-06	0.00029298769039	0.000107291266904	0.00144430551601	0.00843474421349	0.00258737016725	0.000874836483983	0.00921466919214	0.00124622933096	0.000998634099641	0.00102752020996	0.00156810313167	0.012383888153	0	8.25317437719e-06	0	0	0.000185696423487	0	0.000330126975088	1.65063487544e-05	0.000132050790035	0.000280607928825	0.000326000387899	0.000136177377224	0.000330126975088	0.00128749520284	8.25317437719e-06	0	4.1265871886e-06	8.25317437719e-06	1.65063487544e-05	0.000185696423487	3.30126975088e-05	0	1.65063487544e-05	0	0.000255848405693	3.71392846974e-05	0.00070564640925	9.90380925263e-05	0.00023521546975	0	0	0.000354886498219	0	0	1.23797615658e-05	0.000858330135228	0.00224899001779	0.0039078780676	0.000367266259785	1.23797615658e-05	3.30126975088e-05	0.000631367839855	0.000198076185053	0.001881723758	0.000363139672597	0.000346633323842	0.000330126975088	3.30126975088e-05	8.25317437719e-06
0.00132050790035	1.23797615658e-05	4.1265871886e-06	0	0.00235628128469	0.000160936900355	0.00373868799287	0.00184045788611	0.00111005195373	0.00429577726333	0.00250896501067	0.00207154676868	0.0344322435017	0.000189823010675	0.00320223165835	0.00391613124198	2.0632935943e-05	4.1265871886e-05	0.0004704309395	0.00064787418861	0.0159533860711	4.53924590746e-05	0	2.88861103202e-05	0.00220359755871	0	0.0014855713879	0.000878963071171	0.00162587535231	0.0100193536939	0.000140303964412	0	0.000466304352312	0.000259974992882	0.00887628904267	0	8.25317437719e-06	0	0	0.000136177377224	1.23797615658e-05	0.00569056373308	3.30126975088e-05	0.00118845711032	0.000577722206404	0.00569881690745	0.000288861103202	0.00848013667257	1.23797615658e-05	0.000338380149465	4.53924590746e-05	8.25317437719e-06	8.25317437719e-06	2.0632935943e-05	7.42785693948e-05	0.00270291460853	1.23797615658e-05	1.23797615658e-05	1.23797615658e-05	0.000156810313167	0	0.000185696423487	4.53924590746e-05	3.71392846974e-05	2.47595231316e-05	8.25317437719e-06	0	1.65063487544e-05	0	0.00154747019572	0.000808811088965	0.000111417854092	0.00508808200354	0.00416372647329	0.00132463448754	1.65063487544e-05	0.000515823398575	0.000404405544483	0.000103164679715	0.00403580227045	0.00330539633807	0.00418848599643	0.000425038480426	4.1265871886e-06
0.000144430551601	0.00108941901779	4.1265871886e-06	0	0	8.25317437719e-06	7.01519822062e-05	0.000317747213522	0.000218709120996	8.66583309605e-05	0.000198076185053	0.0074567430498	0.000189823010675	0.0206411891174	0.000825317437719	1.23797615658e-05	4.1265871886e-06	8.25317437719e-06	0.000565342444838	0.00014855713879	0.00017744324911	0.000181569836298	0	6.60253950176e-05	0	0.00751038868325	0.00365202966191	0.0031857253096	9.07849181491e-05	0.00132050790035	0.000127924202847	0.00431641019927	0.00064787418861	0.000243468644127	0.00192711621707	0	3.30126975088e-05	0	0	5.36456334518e-05	0	9.07849181491e-05	8.25317437719e-06	3.71392846974e-05	5.77722206404e-05	9.07849181491e-05	0.00139478646975	9.49115053377e-05	0.00511284152667	0	0	8.25317437719e-06	0	2.47595231316e-05	6.60253950176e-05	1.65063487544e-05	0	1.23797615658e-05	0	6.1898807829e-05	0.000231088882561	0.0011925836975	0.000132050790035	4.53924590746e-05	0	0	0.000680886886119	0	0	0.000478684113877	0.000284734516013	0.000718026170816	0.00191473645551	0.00141541940569	1.23797615658e-05	4.1265871886e-05	0.00116369758718	3.71392846974e-05	0.00400278957294	0.000680886886119	0.000338380149465	9.49115053377e-05	8.25317437719e-06	0.000660253950176
0.0186150348078	2.88861103202e-05	0.00101514044839	0	0.000111417854092	0.000156810313167	0.00311557332739	0.0112201905658	0.0188708832135	0.000722152758005	0.00432878996084	0.00431641019927	0.00320223165835	0.000825317437719	0.0474268665586	0.000635494427044	1.65063487544e-05	0.000949115053377	0.00073453251957	0.000536456334518	0.00261625627757	0.000590101967969	4.1265871886e-06	0.00106053290747	0.000144430551601	4.1265871886e-05	0.00377582727757	0.00133701424911	0.00347045982561	0.0347788768255	0.0103989997153	4.1265871886e-06	0.0065488938683	0.0052820316014	0.017240881274	5.36456334518e-05	1.65063487544e-05	0	0	0.000660253950176	4.1265871886e-06	0.00219121779715	0.000144430551601	0.000693266647684	0.00122559639501	0.00175792614234	2.88861103202e-05	0.00192298962989	0	0.000189823010675	0	4.1265871886e-06	2.0632935943e-05	0	6.1898807829e-05	0.000247595231316	4.1265871886e-06	0.000173316661921	4.1265871886e-06	0.00131225472597	0	3.30126975088e-05	1.65063487544e-05	0.00101926703558	5.36456334518e-05	2.0632935943e-05	0	2.47595231316e-05	0	0.00101926703558	0.00355299156938	0.000165063487544	0.00914451720993	0.00506332248041	0.000561215857649	0.000709772996439	0.000672633711741	0.000693266647684	2.47595231316e-05	0.00287210468326	0.00268640825978	0.00229850906405	0.000718026170816	0.000119671028469
3.71392846974e-05	4.1265871886e-06	1.23797615658e-05	0	0.000507570224197	0.00302891499643	0.00375519434162	0.00129162179003	0.00124210274377	0.00293813007828	0.000433291654803	2.47595231316e-05	0.00391613124198	1.23797615658e-05	0.000635494427044	0.0134114083629	2.0632935943e-05	4.1265871886e-05	1.23797615658e-05	2.47595231316e-05	0.00155159678291	4.95190462632e-05	8.25317437719e-06	4.53924590746e-05	0.00102339362277	0	9.49115053377e-05	8.25317437719e-06	0.00132876107473	0.00204266065836	0.000152683725978	0	0.000775798391456	0.000573595619215	0.00190235669394	0	0	0	0	2.0632935943e-05	0	0.000623114665478	4.95190462632e-05	0.000103164679715	0.000218709120996	0.000466304352312	0	0.000685013473307	0	2.88861103202e-05	4.1265871886e-06	0	0	0	0	6.60253950176e-05	3.30126975088e-05	2.0632935943e-05	2.0632935943e-05	4.95190462632e-05	0	0	0	3.71392846974e-05	0	6.1898807829e-05	0	4.1265871886e-06	0	0.000247595231316	0.00142367258007	2.0632935943e-05	0.00164650828825	0.00161349559074	0.00478684113877	4.95190462632e-05	0.000111417854092	0.000119671028469	8.25317437719e-06	0.000722152758005	0.000697393234873	0.000652000775798	0.000136177377224	0
4.1265871886e-06	0.000792304740211	0.00153096384697	0	0	0	0	4.95190462632e-05	8.25317437719e-06	0.00252959794661	2.0632935943e-05	0	2.0632935943e-05	4.1265871886e-06	1.65063487544e-05	2.0632935943e-05	0.0248172953522	0.000276481341636	0	4.1265871886e-05	1.23797615658e-05	0.00454749908183	0.0101060120249	0.00831919977221	0.00417610623486	2.88861103202e-05	0.000524076572952	0.00834808588253	0.00265752214946	8.25317437719e-05	0.000387899195728	0	8.25317437719e-06	7.42785693948e-05	0.000338380149465	8.66583309605e-05	0.000420911893237	9.07849181491e-05	0	4.1265871886e-06	0	8.25317437719e-06	0.000255848405693	6.60253950176e-05	4.1265871886e-05	0.000173316661921	8.25317437719e-06	2.47595231316e-05	4.1265871886e-06	7.84051565834e-05	0	0.00256261064412	4.1265871886e-06	0	4.1265871886e-06	0	0.00241405350533	0.0061898807829	0.0022077241459	0.000767545217079	0	8.25317437719e-06	0.000404405544483	0.00186934399643	4.1265871886e-05	0.000573595619215	0	0	8.25317437719e-06	3.71392846974e-05	0.00410595425265	0.000565342444838	0.000371392846974	0.00020632935943	4.1265871886e-05	2.0632935943e-05	1.65063487544e-05	8.66583309605e-05	1.65063487544e-05	2.0632935943e-05	1.23797615658e-05	0	0	0
0.00134114083629	0.000606608316724	0.00359838402846	0	0	8.25317437719e-06	1.65063487544e-05	0.000396152370105	0.000334253562276	1.23797615658e-05	4.53924590746e-05	0.000928482117434	4.1265871886e-05	8.25317437719e-06	0.000949115053377	4.1265871886e-05	0.000276481341636	0.0302726436156	0.000482810701066	0.00798081962275	8.25317437719e-06	0.00467954987187	0.000400278957294	0.0100564929786	8.66583309605e-05	4.1265871886e-06	0.0104567719359	0.00677172957649	0.000354886498219	0.00141541940569	0.00530679112454	4.1265871886e-06	1.23797615658e-05	0.00038377260854	0.00661079267613	0	0.000330126975088	0.00164238170106	0	1.23797615658e-05	0	2.0632935943e-05	5.36456334518e-05	4.1265871886e-06	4.53924590746e-05	3.30126975088e-05	0	2.88861103202e-05	0	4.1265871886e-06	4.1265871886e-06	8.25317437719e-06	0.000103164679715	0	3.71392846974e-05	8.25317437719e-06	7.84051565834e-05	9.49115053377e-05	0.000548836096083	2.0632935943e-05	0	0.000346633323842	0.000280607928825	0.000103164679715	0	0.00014855713879	0	0	0	8.25317437719e-06	0.0011224317153	0.00073453251957	0.00248007890035	0.000973874576509	0.000301240864768	0.000132050790035	8.25317437719e-06	7.42785693948e-05	0.00061898807829	5.36456334518e-05	5.36456334518e-05	2.0632935943e-05	8.25317437719e-06	0
0.00108116584341	2.88861103202e-05	0	0	4.1265871886e-06	0	4.53924590746e-05	0.0010481531459	6.60253950176e-05	1.65063487544e-05	0.000590101967969	0.00615686808539	0.0004704309395	0.000565342444838	0.00073453251957	1.23797615658e-05	0	0.000482810701066	0.00853378230602	0.00413896695016	0.000577722206404	0.000103164679715	8.25317437719e-06	0.000107291266904	1.65063487544e-05	0.000202202772241	0.00240580033095	0.000652000775798	0.000181569836298	0.001881723758	0.000408532131671	0.00014855713879	5.36456334518e-05	0.000317747213522	0.0027152943701	0	0	0	0	2.0632935943e-05	0	8.25317437719e-06	0	0	4.95190462632e-05	2.47595231316e-05	0	2.47595231316e-05	3.30126975088e-05	4.1265871886e-06	0	0	0	0	1.65063487544e-05	0	0	0	0	3.30126975088e-05	0	4.53924590746e-05	4.1265871886e-06	3.30126975088e-05	0	0	1.65063487544e-05	0	0	0	0.000713899583627	0.000800557914588	0.000598355142347	8.66583309605e-05	1.23797615658e-05	0	0	0.000115544441281	1.65063487544e-05	2.0632935943e-05	2.0632935943e-05	4.1265871886e-06	0	0
0.00109767219217	0.000222835708184	9.07849181491e-05	0	1.65063487544e-05	0	8.66583309605e-05	0.00222423049465	0.000123797615658	4.1265871886e-05	0.000817064263342	0.00511284152667	0.00064787418861	0.00014855713879	0.000536456334518	2.47595231316e-05	4.1265871886e-05	0.00798081962275	0.00413896695016	0.0202326569857	0.000672633711741	0.00132050790035	7.84051565834e-05	0.00208392653024	9.90380925263e-05	0.000140303964412	0.00914864379712	0.00210868605337	0.000672633711741	0.00318985189679	0.00210455946618	8.25317437719e-05	1.65063487544e-05	0.00187759717081	0.00769195851955	0	7.01519822062e-05	0.000466304352312	0	1.65063487544e-05	0	2.47595231316e-05	4.1265871886e-06	4.1265871886e-06	4.95190462632e-05	5.77722206404e-05	0	6.60253950176e-05	0	8.25317437719e-06	0	1.23797615658e-05	3.71392846974e-05	0	7.01519822062e-05	1.23797615658e-05	4.1265871886e-05	1.23797615658e-05	9.07849181491e-05	4.1265871886e-05	4.1265871886e-06	0.000255848405693	6.1898807829e-05	6.1898807829e-05	0	5.36456334518e-05	0	0	0	1.23797615658e-05	0.00187347058362	0.00127511544128	0.00346220665123	0.000639621014233	1.65063487544e-05	8.25317437719e-06	4.1265871886e-06	0.000239342056939	0.000173316661921	9.07849181491e-05	9.07849181491e-05	3.30126975088e-05	8.25317437719e-06	0
0.00262038286476	4.1265871886e-05	0	0	0.00492714510319	4.95190462632e-05	0.00160111582918	0.00279782611387	0.000689140060496	0.002100432879	0.00504681613165	0.00240580033095	0.0159533860711	0.00017744324911	0.00261625627757	0.00155159678291	1.23797615658e-05	8.25317437719e-06	0.000577722206404	0.000672633711741	0.025205194548	2.88861103202e-05	0	8.25317437719e-06	0.00327238364056	4.1265871886e-06	0.00160111582918	0.00101514044839	0.00309906697864	0.00859568111385	9.90380925263e-05	0	0.00026410158007	0.000821190850531	0.00869471920637	0	8.25317437719e-06	0	0	9.49115053377e-05	0	0.000916102355869	0	8.25317437719e-05	0.000144430551601	0.000784051565834	8.25317437719e-06	0.00112655830249	0	2.47595231316e-05	0	8.25317437719e-06	1.65063487544e-05	0	1.65063487544e-05	0.000363139672597	0	2.0632935943e-05	8.25317437719e-06	9.07849181491e-05	0	1.65063487544e-05	1.23797615658e-05	3.71392846974e-05	2.47595231316e-05	0	0	4.1265871886e-06	0	0.000540582921706	0.000792304740211	1.23797615658e-05	0.00436592924554	0.00309081380426	0.000321873800711	0.000210455946618	4.53924590746e-05	7.84051565834e-05	1.23797615658e-05	0.00120909004626	0.00118845711032	0.000866583309605	0.000222835708184	0
0.00124622933096	0.000152683725978	0.00167126781138	0	0	0	4.1265871886e-05	0.002603876516	0.000165063487544	0.00349109276155	1.23797615658e-05	0.000226962295373	4.53924590746e-05	0.000181569836298	0.000590101967969	4.95190462632e-05	0.00454749908183	0.00467954987187	0.000103164679715	0.00132050790035	2.88861103202e-05	0.0525933537187	0.00234802811031	0.0274583111529	0.00335904197152	8.25317437719e-06	0.00266164873665	0.000973874576509	0.0103164679715	0.00326413046618	0.0205421510248	0	2.0632935943e-05	0.00198076185053	0.00692853988966	0.000507570224197	0.000111417854092	0.000193949597864	0	3.30126975088e-05	4.1265871886e-06	0.000111417854092	0.000916102355869	0.000284734516013	0.000243468644127	0.000276481341636	2.0632935943e-05	0.000173316661921	0	0.000453924590746	0	0.00023521546975	3.71392846974e-05	4.1265871886e-06	1.65063487544e-05	1.23797615658e-05	4.1265871886e-05	0.00815413628467	0.000173316661921	0.00111830512811	4.1265871886e-06	3.30126975088e-05	9.49115053377e-05	0.00525727207827	0.000346633323842	0.00289273761921	0	0	5.36456334518e-05	0.000226962295373	0.0019560023274	0.000420911893237	0.00656540021706	0.0024264332669	0.000627241252667	0.000940861879	0.00023521546975	0.000218709120996	5.36456334518e-05	0.000346633323842	0.00026410158007	9.90380925263e-05	5.36456334518e-05	3.71392846974e-05
4.1265871886e-06	0.00540995580425	0.00118845711032	0	8.25317437719e-06	0	0	0.00017744324911	1.65063487544e-05	0.00576896888966	8.25317437719e-06	8.25317437719e-06	0	0	4.1265871886e-06	8.25317437719e-06	0.0101060120249	0.000400278957294	8.25317437719e-06	7.84051565834e-05	0	0.00234802811031	0.0257416508825	0.00514172763699	0.00360663720283	0.00141954599288	0.000437418241991	0.0116947480925	0.000408532131671	0.000152683725978	0.00038377260854	0	4.1265871886e-06	0.000226962295373	0.000486937288254	9.49115053377e-05	0.000920228943057	0.000140303964412	0	0	0	4.1265871886e-06	0.000123797615658	5.77722206404e-05	1.65063487544e-05	8.25317437719e-06	8.25317437719e-06	5.36456334518e-05	0	0.00014855713879	0	0.00346633323842	4.1265871886e-06	0	1.65063487544e-05	0	0.00164238170106	0.00712248948752	0.00283909198576	0.000375519434162	0	3.30126975088e-05	0.00116369758718	0.00137002694661	7.01519822062e-05	0.000371392846974	0	0	0	2.88861103202e-05	0.00279782611387	0.000408532131671	0.00038377260854	9.90380925263e-05	5.77722206404e-05	1.23797615658e-05	0	0.000363139672597	9.90380925263e-05	5.36456334518e-05	2.0632935943e-05	4.1265871886e-06	0	0
0.00211693922775	0.000429165067614	0.0129657369466	0	0	8.25317437719e-06	5.77722206404e-05	0.00375932092881	0.000759292042702	0.00174141979359	9.07849181491e-05	0.00029298769039	2.88861103202e-05	6.60253950176e-05	0.00106053290747	4.53924590746e-05	0.00831919977221	0.0100564929786	0.000107291266904	0.00208392653024	8.25317437719e-06	0.0274583111529	0.00514172763699	0.0697682095976	0.000404405544483	1.23797615658e-05	0.00566580420994	0.0151033091103	0.00428752408895	0.00226136977935	0.0114182667508	4.1265871886e-06	3.30126975088e-05	0.00113893806405	0.00738659106759	0.00017744324911	0.000334253562276	0.000429165067614	0	2.88861103202e-05	0	0.000103164679715	0.000458051177934	9.90380925263e-05	0.000107291266904	7.01519822062e-05	1.23797615658e-05	0.000136177377224	0	0.000189823010675	0	0.00211281264056	2.47595231316e-05	0	1.23797615658e-05	1.23797615658e-05	0.0044154482918	0.013172066306	0.00754752796794	0.000689140060496	4.1265871886e-06	4.1265871886e-05	0.000305367451956	0.00337142173308	0.000193949597864	0.00127098885409	0	0	1.23797615658e-05	0.000111417854092	0.00486111970817	0.000701519822062	0.0076011736014	0.00368504235942	0.00196425550177	0.00151445749822	8.25317437719e-05	0.000482810701066	0.000173316661921	0.000231088882561	0.000202202772241	0.000119671028469	4.95190462632e-05	1.65063487544e-05
0.000214582533807	0.00167539439857	0.000103164679715	0	0.00865757992168	0.000342506736654	0.00067676029893	0.00188997693238	0.00023521546975	0.0141872067544	0.000532329747329	0.000107291266904	0.00220359755871	0	0.000144430551601	0.00102339362277	0.00417610623486	8.66583309605e-05	1.65063487544e-05	9.90380925263e-05	0.00327238364056	0.00335904197152	0.00360663720283	0.000404405544483	0.046320941192	0.000181569836298	0.000367266259785	0.0016300019395	0.0158130821067	0.000738659106759	0.0030041554733	0	9.49115053377e-05	0.000845950373662	0.00254610429536	0.000610734903912	0.000239342056939	5.77722206404e-05	0	0.00575658912809	0	0.000136177377224	0.00120083687188	0.000425038480426	0.0136053579608	0.000916102355869	3.30126975088e-05	0.00132050790035	2.88861103202e-05	0.000804684501776	8.25317437719e-05	1.23797615658e-05	4.95190462632e-05	4.1265871886e-06	1.65063487544e-05	0.00186934399643	4.1265871886e-06	0.00232739517437	4.1265871886e-05	0.0118886976903	2.0632935943e-05	7.42785693948e-05	0.000173316661921	0.00584737404624	0.000173316661921	0.000226962295373	8.25317437719e-06	0	8.25317437719e-06	3.71392846974e-05	0.00240167374376	0.000338380149465	0.00121321663345	0.000664380537364	0.00158048289323	1.65063487544e-05	2.0632935943e-05	0.000891342832737	4.1265871886e-05	0.000140303964412	9.07849181491e-05	0.000107291266904	4.53924590746e-05	8.25317437719e-06
4.1265871886e-06	0.00585150063343	4.1265871886e-06	0	0	4.1265871886e-06	0	1.65063487544e-05	0	0.00142779916725	4.1265871886e-06	0.00144430551601	0	0.00751038868325	4.1265871886e-05	0	2.88861103202e-05	4.1265871886e-06	0.000202202772241	0.000140303964412	4.1265871886e-06	8.25317437719e-06	0.00141954599288	1.23797615658e-05	0.000181569836298	0.0182106292633	0.00431641019927	0.00968922671883	3.30126975088e-05	7.01519822062e-05	2.47595231316e-05	0.00264926897508	5.36456334518e-05	2.0632935943e-05	0.000181569836298	4.1265871886e-06	0.000511696811386	6.1898807829e-05	0	0	0	0	4.1265871886e-06	0	8.25317437719e-06	0	0.00105640632028	0	0.00331777609963	4.1265871886e-06	0	0.000239342056939	0	1.23797615658e-05	0.000309494039145	0	0	0.000321873800711	4.1265871886e-06	0.00020632935943	0.00126273567971	0.00352823204625	0.00109354560498	7.01519822062e-05	0	8.25317437719e-06	0.000474557526689	0	0	5.77722206404e-05	0.000631367839855	0.000664380537364	9.49115053377e-05	2.0632935943e-05	8.25317437719e-06	0	0.000127924202847	0.000189823010675	0.00125860909252	0.000214582533807	0	0	0	0.000507570224197
0.00424625821707	0.00553375341991	0.00847601008538	0	5.36456334518e-05	4.1265871886e-06	0.000346633323842	0.00394914393949	0.00118020393594	0.000226962295373	0.00163412852668	0.00843474421349	0.0014855713879	0.00365202966191	0.00377582727757	9.49115053377e-05	0.000524076572952	0.0104567719359	0.00240580033095	0.00914864379712	0.00160111582918	0.00266164873665	0.000437418241991	0.00566580420994	0.000367266259785	0.00431641019927	0.0973503183662	0.0382823493486	0.00198488843772	0.00716375535941	0.00590514626688	0.00280195270106	0.000268228167259	0.0021705848612	0.0123591286298	9.07849181491e-05	0.00415134671173	0.0103247211459	0	0.000198076185053	0	0.000181569836298	0.000491063875443	4.95190462632e-05	0.000462177765123	0.00026410158007	0.000491063875443	0.000305367451956	0.00167126781138	9.07849181491e-05	4.1265871886e-06	0.000193949597864	0.00214169875088	0.000280607928825	0.00374694116725	7.01519822062e-05	0.0004704309395	0.000532329747329	0.00143192575444	0.000532329747329	0.000928482117434	0.0163165257437	0.00467129669749	0.000998634099641	3.71392846974e-05	0.000664380537364	0.000965621402132	0	0	0.000218709120996	0.0116741151565	0.00751038868325	0.00748562916012	0.00209217970462	0.000140303964412	7.84051565834e-05	0.000165063487544	0.00198488843772	0.00555025976866	0.000878963071171	0.00049931704982	0.00017744324911	4.1265871886e-05	4.1265871886e-06
0.0014855713879	0.0231130148433	0.00882676999641	0	3.30126975088e-05	1.65063487544e-05	0.000239342056939	0.00207979994305	0.000585975380781	0.00227787612811	0.000755165455513	0.00258737016725	0.000878963071171	0.0031857253096	0.00133701424911	8.25317437719e-06	0.00834808588253	0.00677172957649	0.000652000775798	0.00210868605337	0.00101514044839	0.000973874576509	0.0116947480925	0.0151033091103	0.0016300019395	0.00968922671883	0.0382823493486	0.115899327779	0.00143192575444	0.00323524435586	0.00202202772241	0.00147319162633	0.000169190074732	0.00165888804982	0.00714312242346	6.60253950176e-05	0.0165723741494	0.00465479034874	0	0.000103164679715	0	0.000181569836298	0.000185696423487	4.53924590746e-05	0.000416785306048	0.000276481341636	0.000189823010675	0.000330126975088	0.000210455946618	8.25317437719e-05	4.1265871886e-06	0.00701107163343	0.000297114277579	4.1265871886e-05	0.00235628128469	7.84051565834e-05	0.00384597925977	0.0139107254128	0.0126644960818	0.000643747601421	0.00273180071885	0.0115214314306	0.0149176126868	0.000507570224197	2.47595231316e-05	0.000606608316724	6.60253950176e-05	0	0	0.000371392846974	0.0188750098006	0.00486937288254	0.00545122167614	0.00174554638078	0.000193949597864	0.000156810313167	0.00020632935943	0.00196838208896	0.0012668622669	0.0013040015516	0.000462177765123	0.000193949597864	4.1265871886e-05	1.65063487544e-05
0.00276481341636	0.000202202772241	0.00132463448754	0	0.00503443637009	0.00029298769039	0.00428752408895	0.0282341095444	0.00331364951244	0.00569469032026	0.00670983076866	0.000874836483983	0.00162587535231	9.07849181491e-05	0.00347045982561	0.00132876107473	0.00265752214946	0.000354886498219	0.000181569836298	0.000672633711741	0.00309906697864	0.0103164679715	0.000408532131671	0.00428752408895	0.0158130821067	3.30126975088e-05	0.00198488843772	0.00143192575444	0.0718026170816	0.0114471528612	0.0192298962989	0	0.000173316661921	0.0131926992419	0.0130028762313	0.000189823010675	4.53924590746e-05	4.95190462632e-05	0	0.0105970759003	0	0.000656127362987	0.00139478646975	0.00101514044839	0.0169767796939	0.00271116778291	1.65063487544e-05	0.00273592730604	0	0.000478684113877	7.01519822062e-05	2.88861103202e-05	0.000156810313167	8.25317437719e-06	2.88861103202e-05	0.00562453833806	4.1265871886e-05	0.00181157177579	9.90380925263e-05	0.0176081475337	0	4.95190462632e-05	5.36456334518e-05	0.00909087157648	7.84051565834e-05	0.000119671028469	0	0	1.23797615658e-05	0.000193949597864	0.00552550024553	0.000511696811386	0.00725454027755	0.00320223165835	0.00203028089679	0.000140303964412	0.000111417854092	0.00222010390747	9.07849181491e-05	0.000557089270461	0.00049931704982	0.00061898807829	0.000140303964412	8.25317437719e-06
0.0210786073594	9.49115053377e-05	0.000775798391456	0	0.000317747213522	0.000239342056939	0.00288035785764	0.0221308870924	0.0123715083914	0.00114719123843	0.00762593312453	0.00921466919214	0.0100193536939	0.00132050790035	0.0347788768255	0.00204266065836	8.25317437719e-05	0.00141541940569	0.001881723758	0.00318985189679	0.00859568111385	0.00326413046618	0.000152683725978	0.00226136977935	0.000738659106759	7.01519822062e-05	0.00716375535941	0.00323524435586	0.0114471528612	0.0724793773805	0.0216315700426	4.1265871886e-06	0.0061527414982	0.0212560506085	0.0383731342668	9.49115053377e-05	2.88861103202e-05	0	0	0.000895469419926	1.23797615658e-05	0.00465891693593	0.000239342056939	0.001159571	0.00174554638078	0.00380471338789	3.30126975088e-05	0.00437418241991	0	0.000350759911031	0	8.25317437719e-06	0.000284734516013	0	0.000123797615658	0.000718026170816	8.25317437719e-06	0.000400278957294	2.47595231316e-05	0.00188997693238	0	7.84051565834e-05	3.30126975088e-05	0.00148144480071	8.25317437719e-05	2.88861103202e-05	0	7.01519822062e-05	0	0.00256673723131	0.00647048871172	0.000330126975088	0.0206700752277	0.0107373798647	0.00142779916725	0.00041265871886	0.00120083687188	0.00123797615658	0.00023521546975	0.00604957681848	0.00565755103557	0.004923018516	0.00122559639501	0.000169190074732
0.0141748269928	0.000173316661921	0.00426276456582	0	0	1.23797615658e-05	0.000449798003557	0.0190937189216	0.00422149869394	0.00172491344483	0.000354886498219	0.00124622933096	0.000140303964412	0.000127924202847	0.0103989997153	0.000152683725978	0.000387899195728	0.00530679112454	0.000408532131671	0.00210455946618	9.90380925263e-05	0.0205421510248	0.00038377260854	0.0114182667508	0.0030041554733	2.47595231316e-05	0.00590514626688	0.00202202772241	0.0192298962989	0.0216315700426	0.0671684596688	4.1265871886e-06	9.90380925263e-05	0.0184623510818	0.0183550598149	0.0004704309395	4.53924590746e-05	0.00017744324911	0	0.000317747213522	4.1265871886e-06	0.000173316661921	0.000767545217079	0.000379646021351	0.00381709314945	0.000160936900355	2.47595231316e-05	0.000495190462632	4.1265871886e-06	0.000590101967969	0	4.1265871886e-05	7.42785693948e-05	8.25317437719e-06	8.25317437719e-06	2.0632935943e-05	3.30126975088e-05	0.00284321857294	9.07849181491e-05	0.00308668721707	0	2.47595231316e-05	3.71392846974e-05	0.00269053484697	0.000231088882561	0.00143605234163	0	8.25317437719e-06	2.88861103202e-05	0.00014855713879	0.00639621014233	0.000458051177934	0.00788178153022	0.00236866104625	0.000396152370105	0.000342506736654	0.000144430551601	0.000718026170816	9.07849181491e-05	0.000317747213522	0.000239342056939	0.000416785306048	9.07849181491e-05	1.23797615658e-05
0	0.00088308965836	0	0	0	0	0	0	0	4.1265871886e-06	0	0.000998634099641	0	0.00431641019927	4.1265871886e-06	0	0	4.1265871886e-06	0.00014855713879	8.25317437719e-05	0	0	0	4.1265871886e-06	0	0.00264926897508	0.00280195270106	0.00147319162633	0	4.1265871886e-06	4.1265871886e-06	0.00532742406048	4.1265871886e-06	0	2.88861103202e-05	0	2.88861103202e-05	4.1265871886e-06	0	0	0	0	0	0	0	0	0.00020632935943	0	0.00179919201423	0	0	0	0	2.88861103202e-05	3.71392846974e-05	0	0	0	0	0	0.000107291266904	0.0010852924306	3.71392846974e-05	0	0	0	0.000709772996439	0	0	8.25317437719e-06	8.25317437719e-06	2.88861103202e-05	2.88861103202e-05	0	4.1265871886e-06	0	4.1265871886e-05	8.25317437719e-06	0.000829444024908	8.25317437719e-06	0	0	0	0
0.000491063875443	1.23797615658e-05	4.1265871886e-06	0	3.30126975088e-05	0.00255023088255	0.0027854463523	0.000350759911031	0.00359838402846	0.000243468644127	0.000152683725978	0.00102752020996	0.000466304352312	0.00064787418861	0.0065488938683	0.000775798391456	8.25317437719e-06	1.23797615658e-05	5.36456334518e-05	1.65063487544e-05	0.00026410158007	2.0632935943e-05	4.1265871886e-06	3.30126975088e-05	9.49115053377e-05	5.36456334518e-05	0.000268228167259	0.000169190074732	0.000173316661921	0.0061527414982	9.90380925263e-05	4.1265871886e-06	0.01159571	5.77722206404e-05	0.0057194498434	4.1265871886e-06	4.1265871886e-06	0	0	0.000115544441281	1.23797615658e-05	0.000936735291812	3.71392846974e-05	0.000429165067614	0.000119671028469	0.000594228555158	2.88861103202e-05	0.000557089270461	0	6.1898807829e-05	0	0	4.1265871886e-06	0	0	4.53924590746e-05	4.1265871886e-06	0	4.1265871886e-06	0.00017744324911	0	0	0	0.00014855713879	0	4.1265871886e-06	0	4.95190462632e-05	0	0.000251721818504	0.00184045788611	0.000198076185053	0.00392438441636	0.00288035785764	0.000639621014233	0.00132463448754	0.000185696423487	0.000156810313167	8.25317437719e-06	0.00115131782562	0.00110179877936	0.00104402655872	0.000359013085408	7.42785693948e-05
