0.0322817346046	0.000110919135684	0.00316119536699	0	4.26612060323e-05	0	0.00040954757791	0.0156609287345	0.0117659606237	0.00067404705531	0.00270898658305	0.000302894562829	0.00169791600009	8.95885326678e-05	0.0208016040613	1.27983618097e-05	2.98628442226e-05	0.00437277361831	1.70644824129e-05	0.00097694161814	0.000605789125659	0.00122864273373	2.98628442226e-05	0.00279857511572	0.00139075531665	0	0.000802030673407	0.00205200401015	0.00309720355794	0.0083232012969	0.00960730359847	0	0.000162112582923	0.000635651969881	0.00856210405068	0	2.13306030161e-05	3.83950854291e-05	0	0	0	0	0	0	0.000520466713594	0	0	0.000136515859303	0	0	0	0	6.82579296517e-05	0	0	0	0	3.41289648258e-05	2.13306030161e-05	0.000511934472388	0	4.26612060323e-06	0.000362620251275	0	0	4.26612060323e-06	0	0	0	4.26612060323e-06	0.000784966190994	3.41289648258e-05	0.00463727309571	0.000930014291504	0.000226104391971	9.3854653271e-05	0	4.26612060323e-05	5.11934472388e-05	0	0	4.26612060323e-06	4.26612060323e-06	0
0.000110919135684	0.0315266312579	0.0031654614876	0	0	0	0	2.55967236194e-05	9.3854653271e-05	0.00367312983938	8.53224120646e-06	8.53224120646e-06	8.53224120646e-06	0.00170218212069	3.83950854291e-05	8.53224120646e-06	0.000857490241249	0.000375418613084	8.53224120646e-06	0.000273031718607	4.26612060323e-06	2.98628442226e-05	0.00802883897528	0.000733772743755	0.00431304792986	0.00363473475395	0.0125210639705	0.0215567074081	2.13306030161e-05	2.98628442226e-05	2.13306030161e-05	8.53224120646e-06	0	1.27983618097e-05	0.000294362321623	0.000281563959813	0.0131012563725	8.95885326678e-05	0	0	0	8.53224120646e-06	0	1.27983618097e-05	6.39918090484e-05	0	0.00011945137689	4.26612060323e-06	0.00029009620102	7.25240502549e-05	0	0.000106653015081	0.000332757407052	1.70644824129e-05	0.00110492523624	4.26612060323e-06	2.13306030161e-05	0.00247434994987	0.000123717497494	0.000106653015081	0.000648450331691	0.00353234785947	0.0114715983021	2.13306030161e-05	0.000405281457307	0.000439410422133	0.000115185256287	0	3.83950854291e-05	0.000209039909558	0.000426612060323	6.82579296517e-05	0.000580192402039	0.00014504810051	2.13306030161e-05	0	8.53224120646e-06	0.000123717497494	0.000221838271368	0.000358354130671	8.95885326678e-05	0	4.26612060323e-06	2.13306030161e-05
0.00316119536699	0.0031654614876	0.0503743520829	0	0	0	4.69273266355e-05	0.00129690066338	0.0026364625328	0.000302894562829	5.97256884452e-05	3.83950854291e-05	8.95885326678e-05	6.39918090484e-05	0.00146327936691	4.26612060323e-06	0.000307160683433	0.0139971416992	6.39918090484e-05	0.000571660160833	0.000110919135684	0.000635651969881	0.000622853608072	0.0167189266441	0.000712442140739	3.41289648258e-05	0.00646317271389	0.0250549263028	0.000823361276423	0.000486337748768	0.00130116678398	0	1.27983618097e-05	0.00011945137689	0.00340009812077	0.000110919135684	0.00560568247264	0.00114332032167	0	4.26612060323e-06	0	4.26612060323e-06	1.27983618097e-05	0.000127983618097	8.53224120646e-05	4.26612060323e-06	0	5.5459567842e-05	0	0.000162112582923	0	0.000243168874384	0.00257673684435	8.53224120646e-06	6.39918090484e-05	0	0.000200507668352	0.00424479000021	0.0011945137689	0.000123717497494	4.26612060323e-06	7.67901708581e-05	0.00999978669397	8.95885326678e-05	0.000157846462319	0.000140781979907	0	0	0	0.000426612060323	0.00694097822145	0.000473539386958	0.00514494144749	0.000797764552804	0.000102386894478	5.11934472388e-05	4.26612060323e-06	0.00187709306542	0.00161259358802	0.000127983618097	4.69273266355e-05	0	8.53224120646e-06	0
0	0	0	0	0	0	0	0	0	0	0	0	0	0	0	0	0	0	0	0	0	0	0	0	0	0	0	0	0	0	0	0	0	0	0	0	0	0	0	0	0	0	0	0	0	0	0	0	0	0	0	0	0	0	0	0	0	0	0	0	0	0	0	0	0	0	0	0	0	0	0	0	0	0	0	0	0	0	0	0	0	0	0	0
4.26612060323e-05	0	0	0	0.0170346195687	0	0.000127983618097	0.000661248693501	0.000123717497494	0.0023719630554	0.00206906849257	3.83950854291e-05	0.00438130585952	4.26612060323e-06	0.000260233356797	0.000200507668352	4.26612060323e-06	0	0	0	0.00874981335722	0	0	1.27983618097e-05	0.00762355751797	0	0	0	0.0056867387641	0.00166378703526	8.53224120646e-06	0	8.53224120646e-06	0	0.0021117296986	0	0	0	0	0.00307587295493	0	8.53224120646e-06	8.10562914614e-05	8.53224120646e-06	0.00131396514579	0.00144194876389	0	0.000217572150765	0	1.27983618097e-05	4.26612060323e-06	0	0	0	0	0.000328491286449	0	0	0	0.003698726563	0	0	0	0.00302894562829	3.41289648258e-05	0	0	4.26612060323e-06	2.13306030161e-05	2.55967236194e-05	1.27983618097e-05	0	0.00207333461317	0.00136515859303	0.000341289648258	7.25240502549e-05	0	4.26612060323e-06	0	1.27983618097e-05	8.53224120646e-06	8.53224120646e-06	8.53224120646e-06	0
0	0	0	0	0	0.00203493952774	0.000140781979907	0	0	4.26612060323e-06	0	0	0	0	0	0.000294362321623	0	0	0	0	0	0	0	0	4.26612060323e-06	0	0	0	4.26612060323e-06	1.27983618097e-05	0	0	0.000810562914614	0	8.10562914614e-05	0	0	0	0	0	0	0	0	0	0	0	0	0	0	0	0	0	0	0	0	0	0	0	0	0	0	0	0	0	0	0	0	0	0	0	0	0	0	0	0.000904417567885	0.00116038480408	0	0	0	0	0	0	0	0
0.00040954757791	0	4.69273266355e-05	0	0.000127983618097	0.000140781979907	0.0395085429065	0.00162539194983	0.0108018173674	0.000255967236194	0.0157633156289	0.000460741025149	0.0110919135684	8.10562914614e-05	0.0115569207141	0.00193255263326	4.26612060323e-06	8.10562914614e-05	8.53224120646e-06	1.70644824129e-05	0.000614321366865	0.00011945137689	0	0.000153580341716	0.000247434994987	0	3.83950854291e-05	0	0.00263219641219	0.00778567010089	7.25240502549e-05	0	0.00424905612082	4.26612060323e-05	0.00181736737698	0	0	0	0	1.27983618097e-05	0	0	0	0	0.00027729783921	0	0	0.000174910944732	0	8.53224120646e-06	0	0	0	0	0	0	0	0	8.53224120646e-06	0.00029009620102	0	0	4.26612060323e-06	2.98628442226e-05	8.53224120646e-06	0	0	0	0	8.53224120646e-06	0.000691111537723	0.000106653015081	0.000652716452294	0.000187709306542	0.0019752138393	0.00130969902519	3.41289648258e-05	4.26612060323e-06	0	4.26612060323e-06	0	0	0	0
0.0156609287345	2.55967236194e-05	0.00129690066338	0	0.000661248693501	0	0.00162539194983	0.0474179305049	0.00619440711589	0.00136515859303	0.00935133636228	0.000827627397027	0.00286256692477	0.000174910944732	0.0162411211365	8.10562914614e-05	4.26612060323e-05	0.00254687400013	8.10562914614e-05	0.000345555768862	0.00151020669354	0.00141208591967	1.27983618097e-05	0.00299055054286	0.00465007145752	0	0.000622853608072	0.00110492523624	0.0170047567245	0.00708602632196	0.0124698705232	0	0.000230370512574	0.00115185256287	0.00693244598025	0	0	0	0	0.000546063437213	0	8.53224120646e-06	0	1.27983618097e-05	0.00142061816088	1.27983618097e-05	1.27983618097e-05	0.000221838271368	0	1.70644824129e-05	0	2.13306030161e-05	0	4.26612060323e-06	0	0	0	0	0	0.00217998762825	0	8.53224120646e-06	2.13306030161e-05	0.00106653015081	1.27983618097e-05	0	0	4.26612060323e-06	0	4.26612060323e-05	0.0002644994774	8.53224120646e-06	0.00478232119622	0.00293509097502	0.000102386894478	0.000110919135684	0	0.000238902753781	4.26612060323e-05	5.11934472388e-05	3.83950854291e-05	0	4.26612060323e-06	0
0.0117659606237	9.3854653271e-05	0.0026364625328	0	0.000123717497494	0	0.0108018173674	0.00619440711589	0.0329003220921	0.000298628442226	0.0044922249952	0.000170644824129	0.00128836842218	5.97256884452e-05	0.0182163349758	0.000157846462319	1.27983618097e-05	0.00199227832171	1.70644824129e-05	0.000298628442226	0.000405281457307	0.00040954757791	1.70644824129e-05	0.0023804952966	0.000930014291504	0	0.000332757407052	0.00138222307545	0.00323371941725	0.0038352424223	0.000648450331691	0	0.00390776647256	0.000115185256287	0.0048847080907	0	2.13306030161e-05	3.83950854291e-05	0	2.13306030161e-05	0	8.53224120646e-06	0	8.53224120646e-06	0.00029009620102	4.26612060323e-06	8.53224120646e-06	0.000136515859303	0	1.27983618097e-05	0	0	7.25240502549e-05	0	4.26612060323e-06	0	0	4.26612060323e-06	2.55967236194e-05	0.000302894562829	0	0	0.000349821889465	5.11934472388e-05	1.70644824129e-05	4.26612060323e-06	0	0	0	3.83950854291e-05	0.0019752138393	0.000209039909558	0.00534544911585	0.00133529574881	0.00107932851262	0.000575926281436	3.83950854291e-05	8.53224120646e-05	5.97256884452e-05	8.53224120646e-06	0	0	4.26612060323e-06	0
0.00067404705531	0.00367312983938	0.000302894562829	0	0.0023719630554	4.26612060323e-06	0.000255967236194	0.00136515859303	0.000298628442226	0.0341758921525	0.000499136110578	0.000110919135684	0.00248288219108	0.000315692924639	0.00217145538704	0.00271751882426	0.0025042127941	6.82579296517e-05	1.27983618097e-05	3.83950854291e-05	0.00170218212069	0.000930014291504	0.00524306222137	0.000341289648258	0.0174313687848	0.000580192402039	0.00133529574881	0.00363473475395	0.00795631492502	0.00379258121627	0.00103666730658	0	1.70644824129e-05	0.00146327936691	0.00283697020115	0	0.000298628442226	0	0	0.00104946566839	1.27983618097e-05	6.82579296517e-05	8.53224120646e-05	8.10562914614e-05	0.0150807363324	0.000874554723662	2.13306030161e-05	0.000814829035217	1.27983618097e-05	8.10562914614e-05	9.81207738743e-05	0.00126277169856	0	1.27983618097e-05	2.13306030161e-05	9.81207738743e-05	0.000558861799023	0.00220985047247	8.53224120646e-06	0.0125338623323	0.000106653015081	6.39918090484e-05	0.000311426804036	0.00378404897506	0.0001322497387	0.000123717497494	0	4.26612060323e-06	4.26612060323e-05	0.000345555768862	0.00393336319618	0.000273031718607	0.00129690066338	0.000784966190994	0.00288389752778	0.000127983618097	0	0.00116038480408	9.81207738743e-05	0.000221838271368	5.11934472388e-05	0.000196241547749	1.27983618097e-05	0
0.00270898658305	8.53224120646e-06	5.97256884452e-05	0	0.00206906849257	0	0.0157633156289	0.00935133636228	0.0044922249952	0.000499136110578	0.0433779142936	0.00311853416096	0.0194193809859	0.000635651969881	0.0122693628549	8.53224120646e-05	4.26612060323e-06	2.98628442226e-05	0.000204773788955	0.000110919135684	0.00914656257332	2.98628442226e-05	0	0.000166378703526	0.00191975427145	4.26612060323e-06	0.00191122203025	4.69273266355e-05	0.00624560056313	0.0088522002517	0.000127983618097	3.83950854291e-05	0.0003967492161	0.00014504810051	0.00876261171903	0	0	0	0	0.000524732834197	0	0	5.5459567842e-05	0	0.000162112582923	0.000204773788955	0	0.00311426804036	0	1.27983618097e-05	0	0	0	4.26612060323e-06	0	0	0	0	0	0.000725240502549	4.26612060323e-06	8.53224120646e-06	4.26612060323e-06	0.000661248693501	2.98628442226e-05	0	0	0	1.70644824129e-05	1.70644824129e-05	0.000302894562829	3.83950854291e-05	0.00600243168874	0.00217572150765	2.55967236194e-05	0.000281563959813	4.26612060323e-06	0	0	0	0	0	0	0
0.000302894562829	8.53224120646e-06	3.83950854291e-05	0	3.83950854291e-05	0	0.000460741025149	0.000827627397027	0.000170644824129	0.000110919135684	0.00311853416096	0.0267315116998	0.00564407755807	0.00483778076406	0.00143768264329	3.83950854291e-05	1.70644824129e-05	0.000285830080416	0.00210319745739	0.00614321366865	0.00306734071372	2.55967236194e-05	0	0.000183443185939	0.000102386894478	0.000430878180926	0.00696230882447	0.000110919135684	0.000371152492481	0.00453488620123	0.000162112582923	0.0001322497387	0.000447942663339	4.26612060323e-06	0.0167999829355	0	1.70644824129e-05	4.26612060323e-06	0	0	0	0	0	0	7.25240502549e-05	4.26612060323e-06	0.00067404705531	0.00168938375888	0.000157846462319	0	0	0	0	4.26612060323e-06	0	0	0	8.53224120646e-06	8.53224120646e-06	8.10562914614e-05	1.70644824129e-05	0.000285830080416	2.98628442226e-05	2.98628442226e-05	4.26612060323e-06	0	0.000307160683433	0	4.26612060323e-06	1.27983618097e-05	0.000349821889465	0.000900151447281	0.00642904374907	0.0001322497387	8.10562914614e-05	8.53224120646e-05	0.000302894562829	1.27983618097e-05	0.000507668351784	8.53224120646e-06	4.26612060323e-06	0	4.26612060323e-06	0
0.00169791600009	8.53224120646e-06	8.95885326678e-05	0	0.00438130585952	0	0.0110919135684	0.00286256692477	0.00128836842218	0.00248288219108	0.0194193809859	0.00564407755807	0.0423967065549	0.00122864273373	0.00634798745761	0.00191548815085	4.26612060323e-06	3.41289648258e-05	0.000196241547749	0.000127983618097	0.0146413259103	1.27983618097e-05	3.41289648258e-05	5.97256884452e-05	0.00335317079414	4.26612060323e-06	0.00182589961818	8.53224120646e-05	0.00263219641219	0.00849384612103	6.82579296517e-05	5.97256884452e-05	0.00011945137689	0	0.00925748170901	0	4.26612060323e-06	0	0	0.000580192402039	0	0	1.27983618097e-05	0	0.000238902753781	0.000196241547749	0	0.00639491478424	0	0	4.26612060323e-06	1.70644824129e-05	4.26612060323e-06	4.26612060323e-06	0	2.55967236194e-05	0	2.55967236194e-05	4.26612060323e-06	0.00110919135684	4.26612060323e-06	4.26612060323e-06	4.69273266355e-05	0.000725240502549	1.27983618097e-05	0	0	0	1.27983618097e-05	1.27983618097e-05	0.000695377658326	0.00014504810051	0.00393762931678	0.000853224120646	0.00101960282417	0.000200507668352	4.26612060323e-06	4.26612060323e-06	0	0	0	8.53224120646e-06	0	0
8.95885326678e-05	0.00170218212069	6.39918090484e-05	0	4.26612060323e-06	0	8.10562914614e-05	0.000174910944732	5.97256884452e-05	0.000315692924639	0.000635651969881	0.00483778076406	0.00122864273373	0.0241163797701	0.000153580341716	8.53224120646e-06	0.000221838271368	0	0.000234636633178	0.000106653015081	0.00109212687443	0	0.000955611015123	0.000196241547749	0.000324225165845	0.0127642328449	0.0055416906636	0.00685138968879	9.3854653271e-05	0.000610055246262	0	0.00156566626139	6.82579296517e-05	0	0.00246155158806	0	0.000627119728675	0	0	0	0	0	4.26612060323e-06	0	1.27983618097e-05	4.26612060323e-06	0.00381391181929	0.000490603869371	0.0022439794373	1.27983618097e-05	0	0	0	0.000221838271368	5.5459567842e-05	0	0	2.55967236194e-05	0	8.53224120646e-06	0.00333610631173	0.00341289648258	0.00096414325633	8.53224120646e-06	1.70644824129e-05	0	0.00157419850259	0	0	0.000281563959813	0.000285830080416	0.0013267635076	0.00174057720612	0.000341289648258	8.53224120646e-06	8.10562914614e-05	0.00111772359805	8.53224120646e-06	0.0019794799599	5.5459567842e-05	4.26612060323e-06	0	4.26612060323e-06	0.000238902753781
0.0208016040613	3.83950854291e-05	0.00146327936691	0	0.000260233356797	0	0.0115569207141	0.0162411211365	0.0182163349758	0.00217145538704	0.0122693628549	0.00143768264329	0.00634798745761	0.000153580341716	0.0530577419424	0.000260233356797	3.83950854291e-05	0.00322092105544	4.26612060323e-05	0.000789232311597	0.0011859815277	0.00143341652269	1.70644824129e-05	0.00201360892472	0.0017107143619	1.27983618097e-05	0.000742304984962	0.00127557006037	0.00612614918624	0.017128474222	0.00877541008084	0	0.00502122395	0.000268765598003	0.00974381945778	0	8.53224120646e-06	8.53224120646e-06	0	2.13306030161e-05	0	3.41289648258e-05	0	2.98628442226e-05	0.00188562530663	4.26612060323e-06	1.70644824129e-05	0.000767901708581	0	3.83950854291e-05	4.26612060323e-06	0	8.53224120646e-06	0	4.26612060323e-06	0	0	6.39918090484e-05	2.13306030161e-05	0.00188135918602	0	1.27983618097e-05	0.000115185256287	5.11934472388e-05	5.5459567842e-05	4.26612060323e-06	0	0	0	8.10562914614e-05	0.00258953520616	0.000341289648258	0.00410827414091	0.00101107058297	0.00164672255285	0.000776433949788	5.5459567842e-05	7.25240502549e-05	1.70644824129e-05	1.27983618097e-05	0	1.27983618097e-05	0	0
1.27983618097e-05	8.53224120646e-06	4.26612060323e-06	0	0.000200507668352	0.000294362321623	0.00193255263326	8.10562914614e-05	0.000157846462319	0.00271751882426	8.53224120646e-05	3.83950854291e-05	0.00191548815085	8.53224120646e-06	0.000260233356797	0.00750410614108	4.26612060323e-06	0	0	0	0.000341289648258	0	4.26612060323e-05	0	0.00194961711568	0	0	4.26612060323e-06	0.000639918090484	0.00130116678398	4.26612060323e-05	0	0.000375418613084	4.69273266355e-05	0.000507668351784	0	0	0	0	8.53224120646e-06	0	0	0	0	3.83950854291e-05	0	0	8.53224120646e-06	0	0	0	1.27983618097e-05	0	0	0	0	4.26612060323e-06	2.55967236194e-05	0	1.27983618097e-05	0	0	0	1.70644824129e-05	0	0	0	0	0	0	0.000110919135684	0	0.000127983618097	3.83950854291e-05	0.00373285552783	9.3854653271e-05	1.27983618097e-05	0	0	0	0	0	0	0
2.98628442226e-05	0.000857490241249	0.000307160683433	0	4.26612060323e-06	0	4.26612060323e-06	4.26612060323e-05	1.27983618097e-05	0.0025042127941	4.26612060323e-06	1.70644824129e-05	4.26612060323e-06	0.000221838271368	3.83950854291e-05	4.26612060323e-06	0.0199227832171	0.0003967492161	2.55967236194e-05	0.000127983618097	8.53224120646e-06	0.00445809603037	0.00750837226168	0.00590004479427	0.00730359847273	0.000311426804036	0.000720974381946	0.00424052387961	0.00216292314584	7.67901708581e-05	0.00055459567842	0	0	5.97256884452e-05	0.00176190780913	0	0.000319959045242	8.53224120646e-06	0	0	0	0	0	0	0.00307160683433	4.26612060323e-06	1.27983618097e-05	0	6.39918090484e-05	0	0	0.00442396706555	0	0	0	0	0.00138648919605	0.00534544911585	0.000217572150765	0.000234636633178	0.000157846462319	5.5459567842e-05	0.000490603869371	0.00219705211066	4.26612060323e-06	4.26612060323e-06	4.26612060323e-06	0	0	4.26612060323e-06	0.0022439794373	0.000482071628165	0.00169791600009	0.000925748170901	0.000226104391971	4.26612060323e-06	8.53224120646e-06	0.000115185256287	5.97256884452e-05	0	0	0	0	0
0.00437277361831	0.000375418613084	0.0139971416992	0	0	0	8.10562914614e-05	0.00254687400013	0.00199227832171	6.82579296517e-05	2.98628442226e-05	0.000285830080416	3.41289648258e-05	0	0.00322092105544	0	0.0003967492161	0.0346408992982	1.27983618097e-05	0.00585738358823	3.83950854291e-05	0.00167658539707	9.3854653271e-05	0.00662955141742	0.000588724643246	0	0.00560568247264	0.00432584629167	0.00112198971865	0.00146754548751	0.00561848083445	0	4.69273266355e-05	3.83950854291e-05	0.0079264520808	0.00014504810051	0.00253834175892	0.000473539386958	0	0	0	4.26612060323e-06	8.53224120646e-06	3.83950854291e-05	1.70644824129e-05	0	0	4.26612060323e-06	0	0.000157846462319	0	0.000157846462319	0.00146754548751	1.70644824129e-05	0.000401015336704	0	0.000183443185939	0.000302894562829	0.000861756361852	4.69273266355e-05	0	0.000209039909558	0.00150167445234	2.98628442226e-05	0.000196241547749	0.000183443185939	0	0	0	0.000426612060323	0.00187282694482	0.000895885326678	0.00272605106546	0.000482071628165	8.95885326678e-05	4.69273266355e-05	8.53224120646e-06	0.00188562530663	0.00155286789958	0.000238902753781	4.26612060323e-05	4.26612060323e-06	4.26612060323e-06	0
1.70644824129e-05	8.53224120646e-06	6.39918090484e-05	0	0	0	8.53224120646e-06	8.10562914614e-05	1.70644824129e-05	1.27983618097e-05	0.000204773788955	0.00210319745739	0.000196241547749	0.000234636633178	4.26612060323e-05	0	2.55967236194e-05	1.27983618097e-05	0.00770034768883	0.00253834175892	8.10562914614e-05	1.27983618097e-05	4.26612060323e-06	6.39918090484e-05	9.81207738743e-05	0.000136515859303	0.00632665685459	0.000708176020136	6.82579296517e-05	0.000179177065336	1.27983618097e-05	0	4.26612060323e-06	4.26612060323e-06	0.00151020669354	0	4.26612060323e-05	2.13306030161e-05	0	0	0	0	0	0	4.69273266355e-05	0	5.5459567842e-05	3.83950854291e-05	3.83950854291e-05	0	0	0	0	8.95885326678e-05	0	0	2.13306030161e-05	4.26612060323e-05	8.53224120646e-06	8.53224120646e-06	0.000149314221113	0.000106653015081	0.000157846462319	2.98628442226e-05	4.26612060323e-06	0	4.26612060323e-06	0	0	4.26612060323e-06	0.000844691879439	0.000742304984962	0.00183016573879	8.53224120646e-06	8.53224120646e-06	0	0	4.26612060323e-06	8.53224120646e-06	0	0	0	0	0
0.00097694161814	0.000273031718607	0.000571660160833	0	0	0	1.70644824129e-05	0.000345555768862	0.000298628442226	3.83950854291e-05	0.000110919135684	0.00614321366865	0.000127983618097	0.000106653015081	0.000789232311597	0	0.000127983618097	0.00585738358823	0.00253834175892	0.0274140909964	6.82579296517e-05	0.000482071628165	2.13306030161e-05	0.0017192466031	0.000221838271368	2.55967236194e-05	0.0183187218703	0.000972675497536	0.000217572150765	0.000810562914614	0.00164245643224	4.26612060323e-06	2.13306030161e-05	1.70644824129e-05	0.0134894733474	4.26612060323e-06	0.000140781979907	4.69273266355e-05	0	0	0	0	4.26612060323e-06	0	4.69273266355e-05	4.26612060323e-06	8.53224120646e-06	2.13306030161e-05	0	8.53224120646e-06	0	1.27983618097e-05	0.000136515859303	1.27983618097e-05	0.00104093342719	0	2.55967236194e-05	5.5459567842e-05	6.39918090484e-05	1.70644824129e-05	2.13306030161e-05	0.000712442140739	0.000247434994987	3.83950854291e-05	1.70644824129e-05	4.26612060323e-06	0	0	0	5.97256884452e-05	0.00300334890467	0.00215439090463	0.00667221262345	0.00122437661313	2.55967236194e-05	1.27983618097e-05	4.26612060323e-06	0.000273031718607	0.000341289648258	9.3854653271e-05	1.27983618097e-05	0	0	0
0.000605789125659	4.26612060323e-06	0.000110919135684	0	0.00874981335722	0	0.000614321366865	0.00151020669354	0.000405281457307	0.00170218212069	0.00914656257332	0.00306734071372	0.0146413259103	0.00109212687443	0.0011859815277	0.000341289648258	8.53224120646e-06	3.83950854291e-05	8.10562914614e-05	6.82579296517e-05	0.0218638680916	8.53224120646e-06	0	7.25240502549e-05	0.00494016765854	0	0.000981207738743	8.53224120646e-05	0.00268765598003	0.0039589599198	2.55967236194e-05	4.69273266355e-05	5.97256884452e-05	4.26612060323e-06	0.00723960666368	0	0	0	0	0.00188562530663	0	0	7.25240502549e-05	0	0.000170644824129	0.000575926281436	0	0.00265352701521	0	1.27983618097e-05	4.26612060323e-06	0	4.26612060323e-06	0	0	0.000260233356797	0	4.26612060323e-06	4.26612060323e-06	0.00129263454278	0	0	4.26612060323e-05	0.00111772359805	2.98628442226e-05	0	0	0	1.70644824129e-05	1.70644824129e-05	0.000631385849278	0.0001322497387	0.00431731405047	0.00181736737698	0.000388216974894	0.0002644994774	4.26612060323e-06	4.26612060323e-06	0	0	0	8.53224120646e-06	0	0
0.00122864273373	2.98628442226e-05	0.000635651969881	0	0	0	0.00011945137689	0.00141208591967	0.00040954757791	0.000930014291504	2.98628442226e-05	2.55967236194e-05	1.27983618097e-05	0	0.00143341652269	0	0.00445809603037	0.00167658539707	1.27983618097e-05	0.000482071628165	8.53224120646e-06	0.0389539472281	0.00281563959813	0.0195089695186	0.000853224120646	4.26612060323e-06	0.000477805507562	0.000575926281436	0.00988033531708	0.00157846462319	0.0111345747744	0	3.83950854291e-05	4.26612060323e-05	0.00900151447281	0	1.27983618097e-05	1.70644824129e-05	0	0	0	0	0	0	0.00131396514579	0	0	8.53224120646e-06	0	0	0	0.00392483095497	8.53224120646e-06	0	0	0	0.00196668159809	0.00433011241228	0.00100680446236	0.000153580341716	0	0	5.11934472388e-05	0.000610055246262	0	0	0	0	0	0	0.00291802649261	0.000571660160833	0.00588724643246	0.000784966190994	0.000648450331691	8.53224120646e-05	0	0.000140781979907	0.000115185256287	0	0	0	0	0
2.98628442226e-05	0.00802883897528	0.000622853608072	0	0	0	0	1.27983618097e-05	1.70644824129e-05	0.00524306222137	0	0	3.41289648258e-05	0.000955611015123	1.70644824129e-05	4.26612060323e-05	0.00750837226168	9.3854653271e-05	4.26612060323e-06	2.13306030161e-05	0	0.00281563959813	0.0267869712677	0.00681726072396	0.00761929139737	0.00183016573879	0.00243168874384	0.0130159339605	0.00011945137689	4.26612060323e-06	1.27983618097e-05	0	0	3.83950854291e-05	5.11934472388e-05	0	0.000328491286449	3.83950854291e-05	0	0	0	0	0	0	0.00203493952774	0	7.67901708581e-05	0	3.83950854291e-05	4.26612060323e-06	0	0.00662955141742	8.53224120646e-06	1.70644824129e-05	8.53224120646e-06	0	0.0005289989548	0.00962863420149	0.000691111537723	0.000230370512574	0.000226104391971	0.000136515859303	0.00235916469359	0.000981207738743	4.26612060323e-06	0	2.13306030161e-05	0	0	8.53224120646e-06	0.000401015336704	0.000170644824129	2.55967236194e-05	2.13306030161e-05	5.97256884452e-05	0	8.53224120646e-06	0.000234636633178	0.00029009620102	4.26612060323e-06	0	0	4.26612060323e-06	4.26612060323e-06
0.00279857511572	0.000733772743755	0.0167189266441	0	1.27983618097e-05	0	0.000153580341716	0.00299055054286	0.0023804952966	0.000341289648258	0.000166378703526	0.000183443185939	5.97256884452e-05	0.000196241547749	0.00201360892472	0	0.00590004479427	0.00662955141742	6.39918090484e-05	0.0017192466031	7.25240502549e-05	0.0195089695186	0.00681726072396	0.0801646722553	0.000678313175913	0.000255967236194	0.00218425374885	0.0163307096692	0.00519613489473	0.0029052281308	0.00645890659329	0	5.5459567842e-05	0.000157846462319	0.00933000575926	4.26612060323e-06	0.000345555768862	0.000383950854291	0	1.27983618097e-05	0	4.26612060323e-06	4.26612060323e-06	6.82579296517e-05	0.00027729783921	8.53224120646e-06	1.27983618097e-05	3.83950854291e-05	4.26612060323e-06	2.55967236194e-05	0	0.00811416138734	0.0002644994774	4.26612060323e-06	2.55967236194e-05	0	0.00104093342719	0.0101576331563	0.00275591390969	0.000226104391971	2.55967236194e-05	6.82579296517e-05	0.00177470617094	0.000157846462319	1.70644824129e-05	1.27983618097e-05	0	0	4.26612060323e-06	5.11934472388e-05	0.0169279665536	0.00128836842218	0.0135108039504	0.00339156587957	0.00138222307545	0.00081909515582	7.67901708581e-05	0.00103240118598	0.000968409376933	5.97256884452e-05	3.83950854291e-05	1.70644824129e-05	4.26612060323e-05	0
0.00139075531665	0.00431304792986	0.000712442140739	0	0.00762355751797	4.26612060323e-06	0.000247434994987	0.00465007145752	0.000930014291504	0.0174313687848	0.00191975427145	0.000102386894478	0.00335317079414	0.000324225165845	0.0017107143619	0.00194961711568	0.00730359847273	0.000588724643246	9.81207738743e-05	0.000221838271368	0.00494016765854	0.000853224120646	0.00761929139737	0.000678313175913	0.0574561122843	0.000443676542736	0.00168085151767	0.0055502229048	0.0222478189458	0.00507668351784	0.00395469379919	0	3.41289648258e-05	0.00201360892472	0.00761075915616	0	0.000285830080416	8.53224120646e-06	0	0.0014590132463	0	1.27983618097e-05	8.53224120646e-05	2.98628442226e-05	0.00749557389987	0.00156566626139	1.27983618097e-05	0.000401015336704	0	4.26612060323e-05	4.26612060323e-06	0.000362620251275	0	4.26612060323e-06	1.70644824129e-05	5.11934472388e-05	0.000533265075404	0.0018472302212	3.41289648258e-05	0.00893325654316	7.25240502549e-05	8.10562914614e-05	0.000324225165845	0.00694097822145	5.5459567842e-05	4.26612060323e-06	0	4.26612060323e-06	3.41289648258e-05	0.000106653015081	0.00455621680425	0.000375418613084	0.0044964911158	0.00293935709563	0.00247008382927	0.000213306030161	0	0.000614321366865	5.97256884452e-05	5.5459567842e-05	2.13306030161e-05	1.27983618097e-05	8.53224120646e-06	0
0	0.00363473475395	3.41289648258e-05	0	0	0	0	0	0	0.000580192402039	4.26612060323e-06	0.000430878180926	4.26612060323e-06	0.0127642328449	1.27983618097e-05	0	0.000311426804036	0	0.000136515859303	2.55967236194e-05	0	4.26612060323e-06	0.00183016573879	0.000255967236194	0.000443676542736	0.0185234956592	0.00642477762846	0.00811416138734	8.53224120646e-06	1.70644824129e-05	0	0.000810562914614	0	0	4.69273266355e-05	0	0.00190695590964	0	0	0	0	0	0	0	2.55967236194e-05	0	0.00363473475395	4.26612060323e-06	0.00201360892472	0	0	0	0	0.0002644994774	0.000115185256287	0	0	2.98628442226e-05	0	2.55967236194e-05	0.00546916661334	0.00380111345748	0.002644994774	0	0	0	0.00116465092468	0	0	0.000426612060323	8.95885326678e-05	8.53224120646e-05	0.000153580341716	4.26612060323e-06	0	0	0.000473539386958	0	0.00133529574881	0.000183443185939	0	0	0	0.000251701115591
0.000802030673407	0.0125210639705	0.00646317271389	0	0	0	3.83950854291e-05	0.000622853608072	0.000332757407052	0.00133529574881	0.00191122203025	0.00696230882447	0.00182589961818	0.0055416906636	0.000742304984962	0	0.000720974381946	0.00560568247264	0.00632665685459	0.0183187218703	0.000981207738743	0.000477805507562	0.00243168874384	0.00218425374885	0.00168085151767	0.00642477762846	0.0788080459035	0.0192444700412	0.000358354130671	0.00163392419104	0.00102386894478	0.0005289989548	5.97256884452e-05	2.98628442226e-05	0.0122395000107	0.000311426804036	0.0115441223523	0.000166378703526	0	8.53224120646e-06	0	2.55967236194e-05	2.13306030161e-05	2.98628442226e-05	0.000273031718607	2.55967236194e-05	0.00143341652269	0.000618587487468	0.00029009620102	0.000140781979907	4.26612060323e-06	0.000136515859303	0.000435144301529	0.000720974381946	0.00569100488471	1.70644824129e-05	0.000123717497494	0.000337023527655	0.00027729783921	0.000230370512574	0.00354088010068	0.0125850557795	0.0113180179604	0.000166378703526	0.000507668351784	0.000516200592991	0.000251701115591	0	4.26612060323e-05	0.000652716452294	0.00702630063352	0.00666794650285	0.0103624069452	0.00151020669354	8.95885326678e-05	1.27983618097e-05	2.55967236194e-05	0.00126277169856	0.00199227832171	0.00110492523624	0.000196241547749	0	4.26612060323e-06	1.27983618097e-05
0.00205200401015	0.0215567074081	0.0250549263028	0	0	0	0	0.00110492523624	0.00138222307545	0.00363473475395	4.69273266355e-05	0.000110919135684	8.53224120646e-05	0.00685138968879	0.00127557006037	4.26612060323e-06	0.00424052387961	0.00432584629167	0.000708176020136	0.000972675497536	8.53224120646e-05	0.000575926281436	0.0130159339605	0.0163307096692	0.0055502229048	0.00811416138734	0.0192444700412	0.0842388174314	0.000708176020136	0.000460741025149	0.00109212687443	0.000456474904546	8.53224120646e-06	6.82579296517e-05	0.00226531004031	0	0.0120347262217	0.000281563959813	0	8.53224120646e-06	0	0	1.27983618097e-05	4.26612060323e-05	0.000123717497494	1.27983618097e-05	0.00119877988951	5.11934472388e-05	0.000418079819116	2.55967236194e-05	0	0.00233783409057	0.000887353085472	0.000238902753781	0.00080629679401	0	8.10562914614e-05	0.00788379087477	0.000435144301529	0.000140781979907	0.00306734071372	0.00485484524648	0.0167999829355	8.53224120646e-05	2.55967236194e-05	4.26612060323e-06	0.000418079819116	0	0	0.000430878180926	0.00722254218127	0.000784966190994	0.00295642157804	0.000635651969881	8.53224120646e-05	3.41289648258e-05	0.00011945137689	0.000392483095497	0.000998272221156	0.000366886371878	1.70644824129e-05	0	1.27983618097e-05	4.26612060323e-05
0.00309720355794	2.13306030161e-05	0.000823361276423	0	0.0056867387641	4.26612060323e-06	0.00263219641219	0.0170047567245	0.00323371941725	0.00795631492502	0.00624560056313	0.000371152492481	0.00263219641219	9.3854653271e-05	0.00612614918624	0.000639918090484	0.00216292314584	0.00112198971865	6.82579296517e-05	0.000217572150765	0.00268765598003	0.00988033531708	0.00011945137689	0.00519613489473	0.0222478189458	8.53224120646e-06	0.000358354130671	0.000708176020136	0.0658518376314	0.0103154796186	0.0140270045434	0	0.000191975427145	0.00406987905548	0.0139032870459	0	0	1.27983618097e-05	0	0.00137369083424	0	1.27983618097e-05	5.5459567842e-05	2.13306030161e-05	0.00549476333696	0.000644184211088	2.13306030161e-05	0.00014504810051	0	2.55967236194e-05	0	4.69273266355e-05	4.26612060323e-06	4.26612060323e-06	0	2.13306030161e-05	6.39918090484e-05	0.000226104391971	2.55967236194e-05	0.0071329536486	0	1.70644824129e-05	6.82579296517e-05	0.00313559864337	2.98628442226e-05	0	0	8.53224120646e-06	1.27983618097e-05	7.25240502549e-05	0.00346408992982	0.000110919135684	0.00952624730701	0.00575499669376	0.000998272221156	0.0002644994774	8.53224120646e-06	0.000388216974894	4.26612060323e-05	7.25240502549e-05	5.97256884452e-05	4.26612060323e-06	1.27983618097e-05	0
0.0083232012969	2.98628442226e-05	0.000486337748768	0	0.00166378703526	1.27983618097e-05	0.00778567010089	0.00708602632196	0.0038352424223	0.00379258121627	0.0088522002517	0.00453488620123	0.00849384612103	0.000610055246262	0.017128474222	0.00130116678398	7.67901708581e-05	0.00146754548751	0.000179177065336	0.000810562914614	0.0039589599198	0.00157846462319	4.26612060323e-06	0.0029052281308	0.00507668351784	1.70644824129e-05	0.00163392419104	0.000460741025149	0.0103154796186	0.0560568247264	0.00736759028178	2.13306030161e-05	0.00474392611079	0.00530705403042	0.0278279046949	0	4.26612060323e-06	2.55967236194e-05	0	0.000507668351784	0	5.5459567842e-05	0	0.00011945137689	0.00254687400013	4.26612060323e-06	0.000127983618097	0.000878820844265	0	0.000251701115591	1.70644824129e-05	1.27983618097e-05	4.26612060323e-06	8.53224120646e-06	4.26612060323e-06	2.98628442226e-05	4.26612060323e-06	6.82579296517e-05	8.53224120646e-05	0.00293509097502	0	2.55967236194e-05	8.95885326678e-05	0.000115185256287	0.000268765598003	2.13306030161e-05	0	0	0	0.000507668351784	0.00531985239223	0.000516200592991	0.0153921631365	0.00745717881445	0.00296921993985	0.00209466521619	0.00011945137689	0.000878820844265	7.67901708581e-05	0.000123717497494	2.98628442226e-05	0.000243168874384	0	4.26612060323e-06
0.00960730359847	2.13306030161e-05	0.00130116678398	0	8.53224120646e-06	0	7.25240502549e-05	0.0124698705232	0.000648450331691	0.00103666730658	0.000127983618097	0.000162112582923	6.82579296517e-05	0	0.00877541008084	4.26612060323e-05	0.00055459567842	0.00561848083445	1.27983618097e-05	0.00164245643224	2.55967236194e-05	0.0111345747744	1.27983618097e-05	0.00645890659329	0.00395469379919	0	0.00102386894478	0.00109212687443	0.0140270045434	0.00736759028178	0.0454085877008	0	0	0.000315692924639	0.0129306115484	0	0	4.26612060323e-06	0	1.27983618097e-05	0	0	0	0	0.000900151447281	0	0	0	0	0	0	0	1.27983618097e-05	0	0	0	0	6.39918090484e-05	2.98628442226e-05	0.000947078773917	0	8.53224120646e-06	8.10562914614e-05	1.27983618097e-05	0	0	0	0	0	0	0.000324225165845	3.41289648258e-05	0.00283270408054	0.000251701115591	0.00029009620102	1.27983618097e-05	8.53224120646e-06	5.5459567842e-05	1.70644824129e-05	0	0	0	0	0
0	8.53224120646e-06	0	0	0	0	0	0	0	0	3.83950854291e-05	0.0001322497387	5.97256884452e-05	0.00156566626139	0	0	0	0	0	4.26612060323e-06	4.69273266355e-05	0	0	0	0	0.000810562914614	0.0005289989548	0.000456474904546	0	2.13306030161e-05	0	0.00160406134681	0	0	8.10562914614e-05	0	8.53224120646e-06	0	0	0	0	0	4.26612060323e-06	0	0	4.26612060323e-06	0.000345555768862	2.98628442226e-05	0.00011945137689	0	0	0	0	2.13306030161e-05	0	0	0	4.26612060323e-06	0	0	0.000157846462319	0.000443676542736	8.53224120646e-06	4.26612060323e-06	4.26612060323e-06	0	9.81207738743e-05	0	0	2.98628442226e-05	0	0.000140781979907	4.26612060323e-05	0	0	0	2.55967236194e-05	0	0.000209039909558	4.26612060323e-06	0	0	0	1.27983618097e-05
0.000162112582923	0	1.27983618097e-05	0	8.53224120646e-06	0.000810562914614	0.00424905612082	0.000230370512574	0.00390776647256	1.70644824129e-05	0.0003967492161	0.000447942663339	0.00011945137689	6.82579296517e-05	0.00502122395	0.000375418613084	0	4.69273266355e-05	4.26612060323e-06	2.13306030161e-05	5.97256884452e-05	3.83950854291e-05	0	5.5459567842e-05	3.41289648258e-05	0	5.97256884452e-05	8.53224120646e-06	0.000191975427145	0.00474392611079	0	0	0.00901004671402	2.13306030161e-05	0.00204347176895	0	0	4.26612060323e-06	0	0	0	1.70644824129e-05	0	1.27983618097e-05	2.13306030161e-05	4.26612060323e-06	1.27983618097e-05	2.98628442226e-05	0	2.13306030161e-05	4.26612060323e-06	0	0	0	4.26612060323e-06	0	0	4.26612060323e-06	2.13306030161e-05	2.13306030161e-05	0	0	4.26612060323e-06	8.53224120646e-06	2.55967236194e-05	0	0	0	0	4.69273266355e-05	0.0018514963418	0.000191975427145	0.00186002858301	0.000379684733687	0.00206480237196	0.00274311554788	4.26612060323e-05	3.41289648258e-05	4.26612060323e-06	8.53224120646e-06	0	4.26612060323e-06	0	0
0.000635651969881	1.27983618097e-05	0.00011945137689	0	0	0	4.26612060323e-05	0.00115185256287	0.000115185256287	0.00146327936691	0.00014504810051	4.26612060323e-06	0	0	0.000268765598003	4.69273266355e-05	5.97256884452e-05	3.83950854291e-05	4.26612060323e-06	1.70644824129e-05	4.26612060323e-06	4.26612060323e-05	3.83950854291e-05	0.000157846462319	0.00201360892472	0	2.98628442226e-05	6.82579296517e-05	0.00406987905548	0.00530705403042	0.000315692924639	0	2.13306030161e-05	0.00729506623152	0.00407841129669	0	4.26612060323e-06	4.26612060323e-06	0	1.70644824129e-05	0	0	0	4.26612060323e-06	0.00147607772872	0	4.26612060323e-06	0	4.26612060323e-06	4.26612060323e-06	0	8.53224120646e-06	4.26612060323e-06	0	4.26612060323e-06	0	8.95885326678e-05	1.27983618097e-05	4.26612060323e-06	0.00107932851262	4.26612060323e-06	4.26612060323e-06	3.83950854291e-05	0.000200507668352	0	0	0	0	0	4.26612060323e-06	0.00126703781916	2.13306030161e-05	0.00279857511572	0.00205200401015	0.000162112582923	4.69273266355e-05	0	0.000209039909558	6.82579296517e-05	1.70644824129e-05	8.53224120646e-06	8.53224120646e-06	0	0
0.00856210405068	0.000294362321623	0.00340009812077	0	0.0021117296986	8.10562914614e-05	0.00181736737698	0.00693244598025	0.0048847080907	0.00283697020115	0.00876261171903	0.0167999829355	0.00925748170901	0.00246155158806	0.00974381945778	0.000507668351784	0.00176190780913	0.0079264520808	0.00151020669354	0.0134894733474	0.00723960666368	0.00900151447281	5.11934472388e-05	0.00933000575926	0.00761075915616	4.69273266355e-05	0.0122395000107	0.00226531004031	0.0139032870459	0.0278279046949	0.0129306115484	8.10562914614e-05	0.00204347176895	0.00407841129669	0.0835306414112	4.26612060323e-06	0.000226104391971	0.000243168874384	0	0.000490603869371	0	0.000102386894478	0	0.000200507668352	0.00159552910561	8.53224120646e-06	0.000243168874384	0.00252980951772	8.53224120646e-06	0.000405281457307	4.26612060323e-06	3.41289648258e-05	0.000196241547749	1.70644824129e-05	5.97256884452e-05	1.70644824129e-05	8.53224120646e-05	0.000183443185939	0.000319959045242	0.00190695590964	4.26612060323e-06	0.00011945137689	0.00100680446236	0.000371152492481	0.000465007145752	8.53224120646e-05	0	0	8.53224120646e-06	0.000895885326678	0.00810562914614	0.000622853608072	0.0417226594996	0.0148503658198	0.00257673684435	0.00239755977901	0.00014504810051	0.00177470617094	0.000260233356797	0.000328491286449	8.95885326678e-05	0.000285830080416	8.53224120646e-06	8.53224120646e-06
0	0.000281563959813	0.000110919135684	0	0	0	0	0	0	0	0	0	0	0	0	0	0	0.00014504810051	0	4.26612060323e-06	0	0	0	4.26612060323e-06	0	0	0.000311426804036	0	0	0	0	0	0	0	4.26612060323e-06	0.0208229346644	0.000388216974894	2.98628442226e-05	0	0	4.26612060323e-06	0.000755103346772	0.0085919668949	0.0015827307438	2.55967236194e-05	0.000217572150765	0	4.26612060323e-06	0	0.0119579360509	4.26612060323e-06	8.53224120646e-06	0.00293082485442	0	0.000136515859303	8.53224120646e-06	0.00042234593972	5.11934472388e-05	0.000750837226168	0.00142915040208	0	3.41289648258e-05	2.98628442226e-05	0.00194535099507	0.010247221689	0.00854930568887	0	2.55967236194e-05	0.0014547471257	0.000631385849278	3.41289648258e-05	8.53224120646e-06	0	0	0	0	0	0.000243168874384	2.13306030161e-05	0.000550329557817	0.000490603869371	4.26612060323e-06	8.10562914614e-05	0
2.13306030161e-05	0.0131012563725	0.00560568247264	0	0	0	0	0	2.13306030161e-05	0.000298628442226	0	1.70644824129e-05	4.26612060323e-06	0.000627119728675	8.53224120646e-06	0	0.000319959045242	0.00253834175892	4.26612060323e-05	0.000140781979907	0	1.27983618097e-05	0.000328491286449	0.000345555768862	0.000285830080416	0.00190695590964	0.0115441223523	0.0120347262217	0	4.26612060323e-06	0	8.53224120646e-06	0	4.26612060323e-06	0.000226104391971	0.000388216974894	0.0407201211578	0.000179177065336	0	0	0	1.27983618097e-05	8.53224120646e-06	2.98628442226e-05	0.00748277553806	4.26612060323e-06	0.000230370512574	8.53224120646e-06	0.00522599773896	0.000157846462319	4.26612060323e-06	0.00183443185939	0.00193255263326	0.000234636633178	0.00152727117596	8.10562914614e-05	0.00014504810051	0.0131268530961	0.000499136110578	0.00651010004053	0.00918922377936	0.00770461380943	0.0292655873382	0.00029009620102	0.000533265075404	0.000563127919626	0.000362620251275	0	3.83950854291e-05	0.000772167829185	0.000345555768862	8.95885326678e-05	0.000196241547749	3.83950854291e-05	0	0	0	0.00107079627141	0.000968409376933	0.000853224120646	0.000140781979907	1.27983618097e-05	4.26612060323e-06	7.67901708581e-05
