0.0222836854391	7.84636811236e-05	0.0035897134114	0	9.31756213343e-05	1.47119402107e-05	0.000269718903862	0.00656642931403	0.0122060063948	0.000387414425548	0.000289334824143	0.000779732831166	4.90398007022e-06	4.90398007022e-06	0.0127699641029	4.90398007022e-06	3.43278604916e-05	0.000578669648287	4.90398007022e-06	0.000995507954256	8.33676611938e-05	0.0010543557151	0.00022558308323	0.00225092685223	0.00138782635987	0.000666941289551	0.00170658506444	0.000353086565056	0.00185370446655	0.00884187606662	0.00448714176426	0	5.39437807725e-05	0.000539437807725	0.00249612585574	0	9.80796014045e-06	0	0	9.80796014045e-06	0	2.45199003511e-05	8.33676611938e-05	3.92318405618e-05	6.37517409129e-05	1.96159202809e-05	0	0	1.47119402107e-05	2.45199003511e-05	0	0.000107887561545	0	0	0	0	2.45199003511e-05	0.000132407461896	2.45199003511e-05	0.000308950744424	1.47119402107e-05	0	1.96159202809e-05	0.000205967162949	0	2.94238804213e-05	0	0	0	3.92318405618e-05	0.000132407461896	0.000137311441966	0.0011033955158	0.000201063182879	2.94238804213e-05	9.80796014045e-06	0	1.47119402107e-05	0	9.80796014045e-06	0	9.80796014045e-06	3.92318405618e-05	9.80796014045e-06
7.84636811236e-05	0.0306008356382	0.00116714725671	0	4.90398007022e-06	0	4.90398007022e-06	3.92318405618e-05	2.45199003511e-05	0.00252554973617	1.47119402107e-05	6.86557209831e-05	9.80796014045e-06	0.000490398007022	9.80796014045e-05	0	0.000603189548638	0.000583573628357	1.47119402107e-05	0.000147119402107	1.47119402107e-05	0.00022558308323	0.00602699150631	0.000421742286039	0.00214303929069	0.00353086565056	0.0115145452049	0.0252407854214	0.000196159202809	0.000230487063301	6.86557209831e-05	3.43278604916e-05	1.96159202809e-05	0.000171639302458	0.000460974126601	4.90398007022e-06	0.00926361835266	1.96159202809e-05	0	4.90398007022e-06	0	9.80796014045e-06	0	0	2.45199003511e-05	9.80796014045e-06	1.47119402107e-05	3.92318405618e-05	0.00022067910316	9.80796014045e-06	0	0.000240295023441	0.00101021989447	1.96159202809e-05	0.000117695521685	1.47119402107e-05	2.45199003511e-05	0.00264324525785	0.00021087114302	0.000181447262598	0.000514917907374	0.0024863178956	0.0154279213009	0.000122599501756	4.90398007022e-06	0	1.47119402107e-05	0	0	0.000245199003511	0.000460974126601	0.00065713332941	0.000539437807725	0.000161831342317	1.47119402107e-05	4.90398007022e-06	0.000102983581475	0.000176543282528	0.000122599501756	0.000289334824143	7.35597010534e-05	3.92318405618e-05	9.80796014045e-06	0
0.0035897134114	0.00116714725671	0.0451705604268	0	0	1.47119402107e-05	0.000112791541615	0.00190764824732	0.00349163381	3.92318405618e-05	1.96159202809e-05	7.84636811236e-05	4.90398007022e-06	3.43278604916e-05	0.00208909550992	0	0.000313854724494	0.00498244375135	0	0.0012848427784	9.80796014045e-06	0.00232939053336	0.00193216814767	0.0178602954158	0.000186351242669	2.45199003511e-05	0.00631632633045	0.0166343003982	0.00107887561545	0.000769924871025	0.00225092685223	9.80796014045e-06	2.45199003511e-05	2.94238804213e-05	0.00120147511721	4.90398007022e-06	0.000475686066812	0.00367798505267	0	0	0	9.80796014045e-06	8.33676611938e-05	2.45199003511e-05	3.92318405618e-05	4.90398007022e-06	4.90398007022e-06	4.90398007022e-06	1.47119402107e-05	1.47119402107e-05	0	0.00282469252045	0.000201063182879	4.90398007022e-06	4.4135820632e-05	0	0.000152023382177	0.00634575021087	0.00325133878656	0.000112791541615	4.90398007022e-06	0.000387414425548	0.0103473979482	0.000171639302458	0	5.39437807725e-05	4.90398007022e-06	0	0	0.000186351242669	0.00558072931992	0.00131917063889	0.00280998058024	0.000608093528708	9.80796014045e-05	0	2.45199003511e-05	0.000554149747935	0.000117695521685	0.000255006963652	5.88477608427e-05	1.96159202809e-05	1.96159202809e-05	4.90398007022e-06
0	0	0	0	0	0	0	0	0	0	0	0	0	0	0	0	0	0	0	0	0	0	0	0	0	0	0	0	0	0	0	0	0	0	0	0	0	0	0	0	0	0	0	0	0	0	0	0	0	0	0	0	0	0	0	0	0	0	0	0	0	0	0	0	0	0	0	0	0	0	0	0	0	0	0	0	0	0	0	0	0	0	0	0
9.31756213343e-05	4.90398007022e-06	0	0	0.0249906824379	2.94238804213e-05	0.00154475372212	5.88477608427e-05	0.000279526864003	0.00264814923792	0.00241766217462	0.000142215422037	0.00475195668805	9.80796014045e-06	0.00022067910316	0.000255006963652	0	4.90398007022e-06	9.80796014045e-06	0	0.0111320347594	0	0.000122599501756	9.80796014045e-06	0.0127209243022	3.43278604916e-05	0.000147119402107	0	0.0122256223151	0.000505109947233	0	4.90398007022e-06	6.37517409129e-05	0	0.000627709448989	0	0	0	0	0.00360932933169	0	0.000387414425548	0.000235391043371	0.000240295023441	0.00568371290139	0.00305517958375	0.000181447262598	0.0013338825791	3.92318405618e-05	9.31756213343e-05	3.92318405618e-05	9.80796014045e-06	0	1.96159202809e-05	4.90398007022e-06	0.00249612585574	2.45199003511e-05	8.8271641264e-05	7.84636811236e-05	0.00586516016399	4.90398007022e-06	4.90398007022e-06	0	0.00432531042194	0	0	0	0	0	0.000524725867514	0.000112791541615	0.00021577512309	0.000975892033975	0.00022067910316	0.000338374624846	0	2.94238804213e-05	4.90398007022e-06	5.88477608427e-05	0.000230487063301	8.33676611938e-05	0.00022067910316	0.000127503481826	6.86557209831e-05
1.47119402107e-05	0	1.47119402107e-05	0	2.94238804213e-05	0.00451166166461	0.00174091292493	0.000152023382177	0.00132407461896	7.84636811236e-05	9.80796014045e-06	0.000152023382177	3.92318405618e-05	0	0.000637517409129	0.000823868651798	0	9.80796014045e-06	9.80796014045e-06	4.90398007022e-06	4.90398007022e-06	4.90398007022e-06	0	9.80796014045e-06	0.000112791541615	0	3.92318405618e-05	4.90398007022e-06	0.000142215422037	0.000833676611938	1.96159202809e-05	0	0.00182428058612	0	0.000936660193413	0	0	0	0	0	0	3.43278604916e-05	0	5.39437807725e-05	0	0	0	0	0.000107887561545	0	0	0	0	0	0	0	0	0	0	0	0.000107887561545	0	0	0	0	0	0	0	0	5.88477608427e-05	0.000127503481826	6.86557209831e-05	0.000323662684635	0.000102983581475	0.00138782635987	0.000323662684635	0	0	0	1.96159202809e-05	5.39437807725e-05	1.96159202809e-05	4.90398007022e-05	2.45199003511e-05
0.000269718903862	4.90398007022e-06	0.000112791541615	0	0.00154475372212	0.00174091292493	0.0342003570097	0.00342788206909	0.00970497655898	0.000299142784284	0.0122844700759	0.000926852233273	0.0115979128661	5.88477608427e-05	0.00429588654152	0.00245199003511	0	3.43278604916e-05	0.000117695521685	1.96159202809e-05	0.00216755919104	5.39437807725e-05	4.4135820632e-05	3.92318405618e-05	0.00294238804213	5.88477608427e-05	0.00120147511721	3.43278604916e-05	0.00630651837031	0.0056984248416	7.35597010534e-05	3.92318405618e-05	0.00237843033406	1.47119402107e-05	0.00617901488848	9.80796014045e-06	0	0	0	0.000176543282528	4.90398007022e-06	0.000730693030464	0.000392318405618	0.00153494576198	8.8271641264e-05	0.000230487063301	3.43278604916e-05	0.000127503481826	0.000259910943722	0.000269718903862	9.80796014045e-06	0	0	4.90398007022e-06	0	3.43278604916e-05	9.80796014045e-06	3.92318405618e-05	0.000142215422037	0.000730693030464	0.000259910943722	2.45199003511e-05	2.94238804213e-05	0.000593381588497	0	0	0	0	0	0.00273642087919	0.000730693030464	0.00122599501756	0.00720885070323	0.0010053159144	0.00186841640676	9.31756213343e-05	9.80796014045e-06	7.35597010534e-05	3.43278604916e-05	0.000362894525197	0.00044626218639	0.00022067910316	0.00101021989447	0.000112791541615
0.00656642931403	3.92318405618e-05	0.00190764824732	0	5.88477608427e-05	0.000152023382177	0.00342788206909	0.0471713842955	0.00787088801271	0.00277565271975	0.00305517958375	0.000313854724494	0.000328566664705	4.90398007022e-06	0.00683614821789	0.000176543282528	8.8271641264e-05	0.000966084073834	9.80796014045e-06	0.000804252731517	7.35597010534e-05	0.00343278604916	0.000421742286039	0.00289334824143	0.00203024774907	0.000152023382177	0.00149080994135	0.000294238804213	0.0154916730418	0.00460974126601	0.00848878950156	0	0.00022067910316	0.00042664626611	0.00562486514055	0.000201063182879	9.80796014045e-06	1.47119402107e-05	0	0.00022067910316	2.45199003511e-05	0.000956276113694	0.00424684674081	0.000936660193413	0.00249612585574	0.0010543557151	0.000407030345829	6.86557209831e-05	3.43278604916e-05	0.00117205123678	3.43278604916e-05	0.000279526864003	2.94238804213e-05	0.00021087114302	6.86557209831e-05	3.43278604916e-05	8.8271641264e-05	0.000372702485337	0.000132407461896	0.00588477608427	3.92318405618e-05	0.000107887561545	6.37517409129e-05	0.00371231291316	7.84636811236e-05	0.00022558308323	9.80796014045e-06	0	0	0.000961180093764	0.00144667412072	0.000387414425548	0.00527668255556	0.00236862237392	0.000308950744424	5.39437807725e-05	5.88477608427e-05	0.000328566664705	0.000137311441966	0.000769924871025	0.000176543282528	9.80796014045e-05	0.000338374624846	2.45199003511e-05
0.0122060063948	2.45199003511e-05	0.00349163381	0	0.000279526864003	0.00132407461896	0.00970497655898	0.00787088801271	0.0441260126719	0.000519821887444	0.00282469252045	0.0012848427784	0.00177033680535	5.39437807725e-05	0.0256625277075	0.00065713332941	3.43278604916e-05	0.000377606465407	0.000137311441966	0.00104454775496	0.00149080994135	0.00111320347594	0.000235391043371	0.00211851939034	0.00191255222739	0.000328566664705	0.00291296416171	0.000372702485337	0.00320720296593	0.00815041487671	0.00321701092607	2.45199003511e-05	0.00279036465996	4.4135820632e-05	0.00456560544538	0	9.80796014045e-06	0	0	0.000102983581475	0	0.000372702485337	0.000627709448989	0.000642421389199	0.000137311441966	0.000279526864003	2.45199003511e-05	4.4135820632e-05	0.000147119402107	0.000235391043371	0	0.000107887561545	0	9.80796014045e-06	0	1.47119402107e-05	3.43278604916e-05	0.000161831342317	5.88477608427e-05	0.000995507954256	0.000147119402107	1.47119402107e-05	1.96159202809e-05	0.000912140293062	0	2.94238804213e-05	0	0	0	0.000608093528708	0.0023391984935	0.000289334824143	0.00522273877479	0.00106906765531	0.00114262735636	0.000107887561545	3.92318405618e-05	4.4135820632e-05	4.90398007022e-06	0.000181447262598	0.000372702485337	8.8271641264e-05	0.000397222385688	5.39437807725e-05
0.000387414425548	0.00252554973617	3.92318405618e-05	0	0.00264814923792	7.84636811236e-05	0.000299142784284	0.00277565271975	0.000519821887444	0.0284136605269	5.88477608427e-05	4.90398007022e-05	0.0016134094431	0.000117695521685	0.000313854724494	0.00168206516409	0.000588477608427	0.000205967162949	0	1.96159202809e-05	0.00111320347594	0.00189293630711	0.00669883677593	0.000299142784284	0.0118823437102	0.00112791541615	0.000681653229761	0.00166244924381	0.00813079895643	0.000784636811236	0.000715981090253	0	6.86557209831e-05	1.47119402107e-05	0.000617901488848	0.000495301987093	4.90398007022e-06	2.94238804213e-05	0	0.000897428352851	9.80796014045e-06	0.000544341787795	0.00192236018753	0.000308950744424	0.0103817258087	0.000451166166461	5.88477608427e-05	0.00144667412072	1.96159202809e-05	0.000485494026952	0.000132407461896	0.000608093528708	2.45199003511e-05	2.45199003511e-05	7.35597010534e-05	0.000711077110183	0.000343278604916	0.00253535769631	0.000451166166461	0.00861629298339	2.45199003511e-05	0.000161831342317	0.000176543282528	0.0027511328194	0.000161831342317	0.000936660193413	0	0	9.80796014045e-06	0.000627709448989	0.00162321740324	0.000112791541615	0.000612997508778	0.000255006963652	0.00213323133055	2.45199003511e-05	1.47119402107e-05	0.000966084073834	0.000465878106671	0.000372702485337	0.000117695521685	0.000500205967163	0.00042664626611	9.80796014045e-06
0.000289334824143	1.47119402107e-05	1.96159202809e-05	0	0.00241766217462	9.80796014045e-06	0.0122844700759	0.00305517958375	0.00282469252045	5.88477608427e-05	0.0374516957963	0.000696365169972	0.0121912944546	3.43278604916e-05	0.00223621491202	0.000563957708076	0	1.47119402107e-05	7.35597010534e-05	0.000152023382177	0.0114262735636	0	2.94238804213e-05	5.88477608427e-05	0.00122109103749	0.000142215422037	0.001745816905	6.86557209831e-05	0.00539928205732	0.00304046764354	4.90398007022e-06	3.43278604916e-05	0.000294238804213	4.90398007022e-06	0.00858196512289	0	4.90398007022e-06	4.90398007022e-06	0	0.000196159202809	0	0.000676749249691	9.31756213343e-05	0.00205967162949	2.45199003511e-05	0.000274622883933	9.31756213343e-05	0.000102983581475	0.000147119402107	0.000240295023441	0	4.90398007022e-06	0	1.47119402107e-05	0	0.000147119402107	9.80796014045e-06	2.45199003511e-05	0.000112791541615	0.000318758704565	0.000147119402107	2.94238804213e-05	5.39437807725e-05	0.000323662684635	0	0	0	0	0	0.00295219600228	0.00147119402107	0.000858196512289	0.0101512387454	0.0019763039683	0.000284430844073	0.000161831342317	3.43278604916e-05	0.000186351242669	6.37517409129e-05	0.000809156711587	0.000917044273132	0.000205967162949	0.00138782635987	8.8271641264e-05
0.000779732831166	6.86557209831e-05	7.84636811236e-05	0	0.000142215422037	0.000152023382177	0.000926852233273	0.000313854724494	0.0012848427784	4.90398007022e-05	0.000696365169972	0.0262362933757	0.000181447262598	0.00655662135389	0.00721865866337	0	2.45199003511e-05	0.000196159202809	0.00374664077365	0.00392808803625	0.000299142784284	6.37517409129e-05	6.37517409129e-05	6.86557209831e-05	0.00043155024618	0.00184880048647	0.00998450342298	0.00043645422625	0.000799348751447	0.00902332332921	0.000117695521685	0.00287863630122	0.00205476764942	0.000127503481826	0.0117842641088	0	4.90398007022e-06	0	0	1.96159202809e-05	0	2.45199003511e-05	0.000122599501756	5.88477608427e-05	0	9.31756213343e-05	0.000838580592008	5.88477608427e-05	0.00185860844662	4.90398007022e-05	0	0	0	6.86557209831e-05	3.92318405618e-05	1.96159202809e-05	9.80796014045e-06	2.94238804213e-05	2.94238804213e-05	0.000205967162949	0.00162321740324	0.000367798505267	0.000147119402107	0.000250102983581	0	0	7.35597010534e-05	2.45199003511e-05	0	0.000240295023441	0.000735597010534	0.00441848604327	0.00340826614881	0.000407030345829	2.94238804213e-05	0	0.00106906765531	0.000397222385688	0.00114753133643	0.000294238804213	0.000205967162949	8.8271641264e-05	2.45199003511e-05	0.000789540791306
4.90398007022e-06	9.80796014045e-06	4.90398007022e-06	0	0.00475195668805	3.92318405618e-05	0.0115979128661	0.000328566664705	0.00177033680535	0.0016134094431	0.0121912944546	0.000181447262598	0.0392514564821	2.45199003511e-05	0.000956276113694	0.00255987759666	0	1.47119402107e-05	2.45199003511e-05	1.47119402107e-05	0.0169285392024	4.90398007022e-06	1.47119402107e-05	3.43278604916e-05	0.00297671590263	1.96159202809e-05	0.000313854724494	1.47119402107e-05	0.00368288903274	0.0033935542086	4.90398007022e-06	1.96159202809e-05	0.000343278604916	0	0.00516389101395	0	4.90398007022e-06	0	0	0.000107887561545	4.90398007022e-06	0.000912140293062	8.33676611938e-05	0.00303556366347	0.000519821887444	0.000186351242669	3.43278604916e-05	0.00154965770219	3.43278604916e-05	0.000313854724494	4.90398007022e-05	0	0	0	0	0.00021577512309	0	1.96159202809e-05	0.000127503481826	0.000166735322388	3.43278604916e-05	2.45199003511e-05	4.4135820632e-05	0.000196159202809	0	0	0	0	0	0.00465878106671	0.000691461189902	0.000598285568567	0.00868985268444	0.00216755919104	0.0025696855568	0	9.80796014045e-06	0.000166735322388	8.33676611938e-05	0.000794444771376	0.0008729084525	0.000706173130112	0.00173600894486	1.47119402107e-05
4.90398007022e-06	0.000490398007022	3.43278604916e-05	0	9.80796014045e-06	0	5.88477608427e-05	4.90398007022e-06	5.39437807725e-05	0.000117695521685	3.43278604916e-05	0.00655662135389	2.45199003511e-05	0.0171394103454	0.000137311441966	0	0	0	0.000161831342317	0.000299142784284	1.96159202809e-05	1.96159202809e-05	0.000259910943722	4.90398007022e-06	0.000191255222739	0.00554149747935	0.00333961042782	0.00384472037506	4.90398007022e-05	0.000308950744424	0	0.0035406736107	0.000102983581475	4.90398007022e-06	0.000328566664705	0	0.000382510445478	0	0	9.80796014045e-06	0	1.47119402107e-05	3.43278604916e-05	2.45199003511e-05	0.000269718903862	4.90398007022e-05	0.0015153298417	3.43278604916e-05	0.00714019498225	1.96159202809e-05	0	1.96159202809e-05	0	0.000122599501756	2.45199003511e-05	3.43278604916e-05	0	0.000328566664705	0	0.000230487063301	0.0056003452402	0.00311402734459	0.00236862237392	1.47119402107e-05	0	0	0.000563957708076	2.94238804213e-05	0	0.00021577512309	0.000142215422037	0.00253535769631	0.000583573628357	0.000107887561545	9.80796014045e-06	0	0.000671845269621	9.31756213343e-05	0.00277074873968	0.000171639302458	5.39437807725e-05	5.39437807725e-05	4.90398007022e-06	0.000917044273132
0.0127699641029	9.80796014045e-05	0.00208909550992	0	0.00022067910316	0.000637517409129	0.00429588654152	0.00683614821789	0.0256625277075	0.000313854724494	0.00223621491202	0.00721865866337	0.000956276113694	0.000137311441966	0.04609250868	8.8271641264e-05	0	0.000284430844073	0.00104454775496	0.00405068753801	0.0012848427784	0.00064732536927	0.000205967162949	0.00116714725671	0.00139763432001	0.00118676317699	0.00869966064458	0.000711077110183	0.00306498754389	0.0203368053512	0.00292277212185	9.31756213343e-05	0.00307479550403	0.000308950744424	0.0157662959258	0	4.90398007022e-06	0	0	6.86557209831e-05	0	0.000166735322388	0.00043645422625	0.000377606465407	3.92318405618e-05	0.000161831342317	2.45199003511e-05	1.47119402107e-05	0.000264814923792	0.000152023382177	0	1.47119402107e-05	0	4.90398007022e-06	4.90398007022e-06	1.47119402107e-05	1.96159202809e-05	5.39437807725e-05	4.90398007022e-05	0.000637517409129	0.000264814923792	9.80796014045e-06	1.47119402107e-05	0.000745404970674	0	4.90398007022e-06	0	0	0	0.000328566664705	0.0016967771043	0.000666941289551	0.00814060691657	0.000510013927303	0.000250102983581	7.84636811236e-05	2.94238804213e-05	2.45199003511e-05	1.96159202809e-05	0.000107887561545	0.000112791541615	3.43278604916e-05	0.00022067910316	4.90398007022e-05
4.90398007022e-06	0	0	0	0.000255006963652	0.000823868651798	0.00245199003511	0.000176543282528	0.00065713332941	0.00168206516409	0.000563957708076	0	0.00255987759666	0	8.8271641264e-05	0.00726769846407	0	4.90398007022e-06	0	4.90398007022e-06	0.000578669648287	0	4.90398007022e-06	9.80796014045e-06	0.00102493183468	0	4.90398007022e-06	0	0.000529629847584	0.000372702485337	0	0	0.000264814923792	0	0.000152023382177	9.80796014045e-06	0	4.90398007022e-06	0	4.90398007022e-06	4.90398007022e-06	0.000132407461896	4.90398007022e-05	0.000186351242669	0.000137311441966	4.90398007022e-05	4.90398007022e-06	0.000137311441966	2.94238804213e-05	2.94238804213e-05	9.80796014045e-06	0	0	0	0	4.90398007022e-06	0	0	4.90398007022e-06	0.000127503481826	2.94238804213e-05	0	4.90398007022e-06	0.000117695521685	0	0	0	0	0	0.000294238804213	0.000858196512289	5.39437807725e-05	0.000637517409129	0.000255006963652	0.00444300594362	2.94238804213e-05	0	9.80796014045e-06	4.90398007022e-06	6.37517409129e-05	8.8271641264e-05	0.000240295023441	0.000137311441966	1.47119402107e-05
3.43278604916e-05	0.000603189548638	0.000313854724494	0	0	0	0	8.8271641264e-05	3.43278604916e-05	0.000588477608427	0	2.45199003511e-05	0	0	0	0	0.015849663587	8.8271641264e-05	0	5.39437807725e-05	0	0.00345730594951	0.0078561760725	0.00544832185802	0.00163302536338	5.39437807725e-05	0.000588477608427	0.0028001726201	0.00359461739147	0.000112791541615	0.000201063182879	0	0	3.43278604916e-05	0.000161831342317	9.80796014045e-06	9.80796014045e-06	2.45199003511e-05	0	0	0	4.90398007022e-06	1.96159202809e-05	1.96159202809e-05	8.8271641264e-05	0	3.43278604916e-05	0	0	1.96159202809e-05	0	0.00536005021676	2.94238804213e-05	2.45199003511e-05	4.90398007022e-05	0	0.00021087114302	0.00421742286039	0.000338374624846	0.00022067910316	4.90398007022e-06	4.90398007022e-06	0.000941564173483	0.000152023382177	0	8.33676611938e-05	0	0	0	7.35597010534e-05	0.00152513780184	0.000402126365758	5.88477608427e-05	2.45199003511e-05	4.90398007022e-06	4.90398007022e-06	0	0.000588477608427	0.000259910943722	7.35597010534e-05	3.43278604916e-05	1.47119402107e-05	9.80796014045e-06	4.90398007022e-06
0.000578669648287	0.000583573628357	0.00498244375135	0	4.90398007022e-06	9.80796014045e-06	3.43278604916e-05	0.000966084073834	0.000377606465407	0.000205967162949	1.47119402107e-05	0.000196159202809	1.47119402107e-05	0	0.000284430844073	4.90398007022e-06	8.8271641264e-05	0.0215284725083	0	0.00525216265521	1.96159202809e-05	0.00125051491791	0.000549245767865	0.0073461621452	0.000745404970674	1.47119402107e-05	0.00392808803625	0.00534533827655	0.000828772631868	0.00249612585574	0.00391337609604	0	4.90398007022e-06	0.000951372133624	0.00406539947822	0	9.80796014045e-06	5.39437807725e-05	0	4.90398007022e-06	0	0	1.96159202809e-05	4.90398007022e-06	9.80796014045e-06	4.90398007022e-06	4.90398007022e-06	4.90398007022e-06	0	9.80796014045e-06	0	9.80796014045e-06	0.000348182584986	4.90398007022e-06	3.43278604916e-05	0	0	4.90398007022e-05	1.47119402107e-05	1.96159202809e-05	0	0.00102002785461	0.000279526864003	9.80796014045e-06	0	0	0	0	0	4.90398007022e-05	0.00064732536927	0.000627709448989	0.00234410247357	0.00131426665882	3.92318405618e-05	0	0	0	0.000465878106671	3.43278604916e-05	0	4.90398007022e-06	0	0
4.90398007022e-06	1.47119402107e-05	0	0	9.80796014045e-06	9.80796014045e-06	0.000117695521685	9.80796014045e-06	0.000137311441966	0	7.35597010534e-05	0.00374664077365	2.45199003511e-05	0.000161831342317	0.00104454775496	0	0	0	0.00481570842896	0.00180466466584	9.80796014045e-06	0	0	0	2.94238804213e-05	2.94238804213e-05	0.00253045371624	7.84636811236e-05	3.43278604916e-05	0.00201553580886	0	9.31756213343e-05	0.000367798505267	0	0.00232448655329	0	0	0	0	0	0	0	9.80796014045e-06	4.90398007022e-06	0	4.90398007022e-06	0	0	1.96159202809e-05	4.90398007022e-06	0	0	0	0	3.92318405618e-05	0	0	0	0	9.80796014045e-06	1.47119402107e-05	6.86557209831e-05	1.96159202809e-05	9.80796014045e-06	0	0	1.47119402107e-05	0	0	0	0.000196159202809	0.000519821887444	0.000166735322388	4.90398007022e-06	4.90398007022e-06	0	0	7.84636811236e-05	0	0	0	0	0	0
0.000995507954256	0.000147119402107	0.0012848427784	0	0	4.90398007022e-06	1.96159202809e-05	0.000804252731517	0.00104454775496	1.96159202809e-05	0.000152023382177	0.00392808803625	1.47119402107e-05	0.000299142784284	0.00405068753801	4.90398007022e-06	5.39437807725e-05	0.00525216265521	0.00180466466584	0.0287128033112	4.4135820632e-05	0.000377606465407	3.43278604916e-05	0.00186841640676	5.88477608427e-05	0.000264814923792	0.0203466133114	0.00462445320622	0.000171639302458	0.00597304772553	0.00282959650052	0.000112791541615	9.80796014045e-06	0.000519821887444	0.00919496263167	9.80796014045e-06	6.86557209831e-05	2.45199003511e-05	0	1.47119402107e-05	0	0	8.33676611938e-05	9.80796014045e-06	4.90398007022e-06	2.94238804213e-05	9.80796014045e-06	0	9.31756213343e-05	4.90398007022e-06	0	0	7.35597010534e-05	9.80796014045e-06	0.000720885070323	9.80796014045e-06	0	0	9.80796014045e-06	2.94238804213e-05	0.00021577512309	0.00277074873968	0.000240295023441	5.39437807725e-05	0	0	4.90398007022e-06	0	0	6.86557209831e-05	0.00300613978305	0.00161831342317	0.00466858902685	0.000362894525197	9.80796014045e-06	4.90398007022e-06	7.84636811236e-05	0.000152023382177	0.00021087114302	0.000186351242669	1.47119402107e-05	0	0	0
8.33676611938e-05	1.47119402107e-05	9.80796014045e-06	0	0.0111320347594	4.90398007022e-06	0.00216755919104	7.35597010534e-05	0.00149080994135	0.00111320347594	0.0114262735636	0.000299142784284	0.0169285392024	1.96159202809e-05	0.0012848427784	0.000578669648287	0	1.96159202809e-05	9.80796014045e-06	4.4135820632e-05	0.0298750465878	0	5.88477608427e-05	6.37517409129e-05	0.0035406736107	9.31756213343e-05	0.000706173130112	3.92318405618e-05	0.00366327311246	0.000985699994115	4.90398007022e-06	1.47119402107e-05	0.000387414425548	0	0.00376625669393	0	4.90398007022e-06	0	0	0.000632613429059	0	0.000519821887444	0.000117695521685	0.00205967162949	0.0010053159144	0.00187332038683	0.000181447262598	0.0015643696424	7.35597010534e-05	0.000250102983581	1.96159202809e-05	9.80796014045e-06	0	4.90398007022e-06	0	0.00143196218051	9.80796014045e-06	4.90398007022e-05	6.86557209831e-05	0.00088271641264	5.39437807725e-05	1.47119402107e-05	1.96159202809e-05	0.000696365169972	0	0	0	0	0	0.00269228505855	0.00112301143608	0.000411934325899	0.0068018203574	0.00188803232704	0.00101021989447	5.88477608427e-05	5.39437807725e-05	0.000122599501756	7.84636811236e-05	0.000706173130112	0.00086310049236	0.000333470644775	0.00106906765531	9.31756213343e-05
0.0010543557151	0.00022558308323	0.00232939053336	0	0	4.90398007022e-06	5.39437807725e-05	0.00343278604916	0.00111320347594	0.00189293630711	0	6.37517409129e-05	4.90398007022e-06	1.96159202809e-05	0.00064732536927	0	0.00345730594951	0.00125051491791	0	0.000377606465407	0	0.04469487436	0.00853782930226	0.0187577237686	0.000730693030464	4.90398007022e-05	0.0010053159144	0.000897428352851	0.0154230173209	0.000671845269621	0.00837109397987	0	2.94238804213e-05	6.37517409129e-05	0.00792973577355	0.000343278604916	3.43278604916e-05	0.000362894525197	0	0	0	0.00021577512309	0.000750308950744	0.000392318405618	0.00108868357559	1.96159202809e-05	3.43278604916e-05	0	0	0.000259910943722	4.90398007022e-06	0.00439887012299	8.8271641264e-05	1.96159202809e-05	4.4135820632e-05	0	0.00153494576198	0.00599756762589	0.00112791541615	0.0012848427784	0	0.000142215422037	0.000402126365758	0.00105925969517	0.000127503481826	0.00159379352282	0	0	1.47119402107e-05	0.00044135820632	0.00467349300692	0.000961180093764	0.00761097706899	0.0033101865474	0.00178995272563	0.000608093528708	1.47119402107e-05	0.000887620392711	0.00043155024618	0.000573765668216	0.000407030345829	0.000230487063301	0.000147119402107	4.90398007022e-06
0.00022558308323	0.00602699150631	0.00193216814767	0	0.000122599501756	0	4.4135820632e-05	0.000421742286039	0.000235391043371	0.00669883677593	2.94238804213e-05	6.37517409129e-05	1.47119402107e-05	0.000259910943722	0.000205967162949	4.90398007022e-06	0.0078561760725	0.000549245767865	0	3.43278604916e-05	5.88477608427e-05	0.00853782930226	0.0365787873438	0.00757174522843	0.00708625120148	0.0019763039683	0.00287863630122	0.00990113576178	0.00781204025187	0.00100041193433	0.000858196512289	0	5.39437807725e-05	0.000470782086742	0.00110829949587	0.00064732536927	4.4135820632e-05	0.000348182584986	0	4.90398007022e-06	0	2.94238804213e-05	0.000343278604916	0.000122599501756	0.00231467859315	2.45199003511e-05	5.39437807725e-05	0	2.45199003511e-05	0.000451166166461	0	0.0110388591381	2.94238804213e-05	2.45199003511e-05	5.39437807725e-05	0	0.00219698307146	0.015570136723	0.00193707212774	0.0019272641676	3.43278604916e-05	0.000132407461896	0.00282959650052	0.00113772337629	0.000259910943722	0.00167716118402	0	0	3.92318405618e-05	0.000250102983581	0.00139273033994	0.00064732536927	0.000858196512289	0.000338374624846	7.84636811236e-05	0	0	0.00185370446655	0.000926852233273	0.000323662684635	7.84636811236e-05	3.92318405618e-05	5.39437807725e-05	4.90398007022e-06
0.00225092685223	0.000421742286039	0.0178602954158	0	9.80796014045e-06	9.80796014045e-06	3.92318405618e-05	0.00289334824143	0.00211851939034	0.000299142784284	5.88477608427e-05	6.86557209831e-05	3.43278604916e-05	4.90398007022e-06	0.00116714725671	9.80796014045e-06	0.00544832185802	0.0073461621452	0	0.00186841640676	6.37517409129e-05	0.0187577237686	0.00757174522843	0.0708281841543	0.0011033955158	5.39437807725e-05	0.00294729202221	0.0108426999353	0.0043155024618	0.00125051491791	0.00442339002334	0	5.39437807725e-05	0.000176543282528	0.00628690245003	3.43278604916e-05	3.43278604916e-05	0.000421742286039	0	4.90398007022e-06	0	0.000122599501756	0.000107887561545	0.000284430844073	7.35597010534e-05	3.43278604916e-05	9.80796014045e-06	2.94238804213e-05	4.90398007022e-06	6.37517409129e-05	0	0.00829753427882	1.96159202809e-05	9.80796014045e-06	2.94238804213e-05	4.90398007022e-06	0.000534533827655	0.0106318287922	0.00391828007611	0.000353086565056	4.90398007022e-06	8.33676611938e-05	0.00199591988858	0.000343278604916	2.94238804213e-05	0.000456070146531	0	0	0	0.00043155024618	0.0162665018929	0.00302085172326	0.0121471586339	0.00633594225073	0.00295709998235	0.000637517409129	0.000117695521685	0.000789540791306	5.39437807725e-05	0.000608093528708	0.00043155024618	0.000176543282528	5.88477608427e-05	4.90398007022e-06
0.00138782635987	0.00214303929069	0.000186351242669	0	0.0127209243022	0.000112791541615	0.00294238804213	0.00203024774907	0.00191255222739	0.0118823437102	0.00122109103749	0.00043155024618	0.00297671590263	0.000191255222739	0.00139763432001	0.00102493183468	0.00163302536338	0.000745404970674	2.94238804213e-05	5.88477608427e-05	0.0035406736107	0.000730693030464	0.00708625120148	0.0011033955158	0.0474656230997	0.000828772631868	0.0016967771043	0.00321701092607	0.0207634516173	0.00346220992958	0.00209399948999	9.80796014045e-06	0.000201063182879	0.000274622883933	0.00321701092607	0.000205967162949	0	0	0	0.00371721689323	9.80796014045e-06	0.000524725867514	0.000578669648287	0.000460974126601	0.00947448949567	0.00179976068577	7.84636811236e-05	0.0012358029777	9.80796014045e-05	0.000333470644775	6.86557209831e-05	0.000181447262598	0	3.43278604916e-05	3.43278604916e-05	0.0014172502403	0.000137311441966	0.000362894525197	0.000176543282528	0.0102002785461	8.33676611938e-05	6.37517409129e-05	8.33676611938e-05	0.00550716961886	2.94238804213e-05	3.43278604916e-05	0	0	0	0.000524725867514	0.00268738107848	0.000833676611938	0.0037221208733	0.00132407461896	0.00136821043959	4.90398007022e-06	1.47119402107e-05	9.31756213343e-05	2.45199003511e-05	0.000250102983581	0.000152023382177	0.000255006963652	0.00022558308323	5.88477608427e-05
0.000666941289551	0.00353086565056	2.45199003511e-05	0	3.43278604916e-05	0	5.88477608427e-05	0.000152023382177	0.000328566664705	0.00112791541615	0.000142215422037	0.00184880048647	1.96159202809e-05	0.00554149747935	0.00118676317699	0	5.39437807725e-05	1.47119402107e-05	2.94238804213e-05	0.000264814923792	9.31756213343e-05	4.90398007022e-05	0.0019763039683	5.39437807725e-05	0.000828772631868	0.0160997665705	0.00386924027541	0.00793463975362	0.000284430844073	0.000593381588497	0.000107887561545	0.000490398007022	4.4135820632e-05	4.90398007022e-05	0.0014172502403	4.90398007022e-06	0.00133878655917	0	0	9.80796014045e-06	0	0	0.000235391043371	1.47119402107e-05	0.000294238804213	0.000171639302458	0.00042664626611	0.000117695521685	0.00322191490614	7.84636811236e-05	0	1.96159202809e-05	0	0.000284430844073	0.000127503481826	0.000102983581475	0	0.000338374624846	0	0.000338374624846	0.00599756762589	0.00277565271975	0.00427136664117	0.000161831342317	1.47119402107e-05	0	0.000353086565056	0	0	0.000397222385688	0.000274622883933	0.00043645422625	0.000666941289551	8.8271641264e-05	9.80796014045e-06	0	0.000264814923792	5.39437807725e-05	0.000308950744424	0.000407030345829	4.90398007022e-06	0	2.45199003511e-05	9.80796014045e-06
0.00170658506444	0.0115145452049	0.00631632633045	0	0.000147119402107	3.92318405618e-05	0.00120147511721	0.00149080994135	0.00291296416171	0.000681653229761	0.001745816905	0.00998450342298	0.000313854724494	0.00333961042782	0.00869966064458	4.90398007022e-06	0.000588477608427	0.00392808803625	0.00253045371624	0.0203466133114	0.000706173130112	0.0010053159144	0.00287863630122	0.00294729202221	0.0016967771043	0.00386924027541	0.0979324820024	0.0332833127366	0.00107887561545	0.00920477059181	0.0016477373036	0.00160850546303	0.000804252731517	0.000156927362247	0.0162812138331	2.45199003511e-05	0.00365836913239	0.000259910943722	0	5.88477608427e-05	0	4.90398007022e-05	0.000470782086742	8.33676611938e-05	1.96159202809e-05	0.000308950744424	0.00133878655917	0.000122599501756	0.00231958257322	0.000152023382177	0	5.88477608427e-05	0.000843484572079	0.00186351242669	0.00338865022853	0.000142215422037	2.45199003511e-05	8.33676611938e-05	0.000117695521685	0.000259910943722	0.00408011141843	0.0177867357147	0.0141479825026	0.000255006963652	2.45199003511e-05	0	0.00065713332941	0	9.80796014045e-06	0.000696365169972	0.00870456462465	0.00728241040428	0.0123482218168	0.00102983581475	3.43278604916e-05	1.47119402107e-05	0.000196159202809	0.000951372133624	0.00207438356971	0.00087781243257	0.000147119402107	1.96159202809e-05	2.45199003511e-05	1.47119402107e-05
0.000353086565056	0.0252407854214	0.0166343003982	0	0	4.90398007022e-06	3.43278604916e-05	0.000294238804213	0.000372702485337	0.00166244924381	6.86557209831e-05	0.00043645422625	1.47119402107e-05	0.00384472037506	0.000711077110183	0	0.0028001726201	0.00534533827655	7.84636811236e-05	0.00462445320622	3.92318405618e-05	0.000897428352851	0.00990113576178	0.0108426999353	0.00321701092607	0.00793463975362	0.0332833127366	0.0947694148571	0.00134369053924	0.000823868651798	0.000171639302458	0.000843484572079	3.92318405618e-05	0.000191255222739	0.00318758704565	2.45199003511e-05	0.0112203064007	0.000250102983581	0	9.80796014045e-06	0	1.96159202809e-05	0.000465878106671	3.92318405618e-05	0.000142215422037	0.000318758704565	0.000485494026952	0.000230487063301	0.00200082386865	0.000117695521685	0	0.00509033131289	0.00122109103749	0.000519821887444	0.000578669648287	0.000196159202809	0.000102983581475	0.0100874870045	0.00125541889798	0.000397222385688	0.00541399399753	0.00584554424371	0.0273200729712	0.000328566664705	2.45199003511e-05	2.94238804213e-05	0.000250102983581	0	0	0.000956276113694	0.010612212872	0.00468820494714	0.00448714176426	0.0008729084525	5.88477608427e-05	4.90398007022e-06	0.000142215422037	0.000921948253202	0.000951372133624	0.000995507954256	0.000142215422037	9.31756213343e-05	3.92318405618e-05	1.47119402107e-05
0.00185370446655	0.000196159202809	0.00107887561545	0	0.0122256223151	0.000142215422037	0.00630651837031	0.0154916730418	0.00320720296593	0.00813079895643	0.00539928205732	0.000799348751447	0.00368288903274	4.90398007022e-05	0.00306498754389	0.000529629847584	0.00359461739147	0.000828772631868	3.43278604916e-05	0.000171639302458	0.00366327311246	0.0154230173209	0.00781204025187	0.0043155024618	0.0207634516173	0.000284430844073	0.00107887561545	0.00134369053924	0.0795817885796	0.00434002236215	0.00932737009357	2.94238804213e-05	0.000338374624846	0.000480590046882	0.00669393279586	0.000794444771376	9.80796014045e-06	0.000171639302458	0	0.00357990545126	4.90398007022e-06	0.00101512387454	0.00347201788972	0.000936660193413	0.012009847192	0.00396241589674	0.000500205967163	0.000382510445478	0.000102983581475	0.0008729084525	5.88477608427e-05	0.00140744228015	2.94238804213e-05	0.000313854724494	0.000132407461896	0.00208419152985	0.000691461189902	0.00502657957198	0.000505109947233	0.015290609859	0.000107887561545	0.000181447262598	0.000348182584986	0.00848878950156	0.00021087114302	0.00160850546303	4.90398007022e-06	0	4.90398007022e-06	0.00161831342317	0.0056003452402	0.0015643696424	0.0077580964711	0.00296200396242	0.0010053159144	7.84636811236e-05	2.45199003511e-05	0.00155946566233	0.000701269150042	0.00105925969517	0.000421742286039	0.000245199003511	0.00064732536927	6.86557209831e-05
0.00884187606662	0.000230487063301	0.000769924871025	0	0.000505109947233	0.000833676611938	0.0056984248416	0.00460974126601	0.00815041487671	0.000784636811236	0.00304046764354	0.00902332332921	0.0033935542086	0.000308950744424	0.0203368053512	0.000372702485337	0.000112791541615	0.00249612585574	0.00201553580886	0.00597304772553	0.000985699994115	0.000671845269621	0.00100041193433	0.00125051491791	0.00346220992958	0.000593381588497	0.00920477059181	0.000823868651798	0.00434002236215	0.0524529708311	0.00623295866926	0.000176543282528	0.00417819101983	0.00591419996469	0.0273789207321	1.47119402107e-05	0	0	0	4.90398007022e-05	0	0.000622805468919	0.000460974126601	0.00124561093784	0.000181447262598	0.000166735322388	6.37517409129e-05	8.33676611938e-05	0.000622805468919	0.000196159202809	0	0.000181447262598	0	1.47119402107e-05	4.90398007022e-06	1.96159202809e-05	3.43278604916e-05	0.000230487063301	0.000156927362247	0.000617901488848	0.000622805468919	2.45199003511e-05	9.80796014045e-06	0.00044135820632	4.90398007022e-06	9.80796014045e-06	0	0	0	0.00254026167638	0.00160850546303	0.00166735322388	0.013127954648	0.00219207909139	0.000838580592008	0.000166735322388	6.37517409129e-05	0.000127503481826	1.47119402107e-05	0.000323662684635	0.000735597010534	0.000152023382177	0.000966084073834	0.000186351242669
0.00448714176426	6.86557209831e-05	0.00225092685223	0	0	1.96159202809e-05	7.35597010534e-05	0.00848878950156	0.00321701092607	0.000715981090253	4.90398007022e-06	0.000117695521685	4.90398007022e-06	0	0.00292277212185	0	0.000201063182879	0.00391337609604	0	0.00282959650052	4.90398007022e-06	0.00837109397987	0.000858196512289	0.00442339002334	0.00209399948999	0.000107887561545	0.0016477373036	0.000171639302458	0.00932737009357	0.00623295866926	0.0270209301869	0	1.47119402107e-05	0.000828772631868	0.00458031738559	2.94238804213e-05	0	5.39437807725e-05	0	0	0	6.86557209831e-05	0.000382510445478	8.8271641264e-05	0.00021577512309	4.90398007022e-06	0	4.90398007022e-06	0	3.43278604916e-05	4.90398007022e-06	0.00065713332941	5.88477608427e-05	0	4.90398007022e-06	0	0.000284430844073	0.000137311441966	0.00022558308323	0.000191255222739	0	7.35597010534e-05	3.43278604916e-05	0.00022067910316	2.94238804213e-05	0.000392318405618	0	0	9.80796014045e-06	0.000250102983581	0.000156927362247	0.000107887561545	0.00145648208086	0.000205967162949	2.94238804213e-05	4.90398007022e-06	9.80796014045e-06	8.8271641264e-05	3.43278604916e-05	9.31756213343e-05	1.47119402107e-05	8.33676611938e-05	0.000176543282528	0
0	3.43278604916e-05	9.80796014045e-06	0	4.90398007022e-06	0	3.92318405618e-05	0	2.45199003511e-05	0	3.43278604916e-05	0.00287863630122	1.96159202809e-05	0.0035406736107	9.31756213343e-05	0	0	0	9.31756213343e-05	0.000112791541615	1.47119402107e-05	0	0	0	9.80796014045e-06	0.000490398007022	0.00160850546303	0.000843484572079	2.94238804213e-05	0.000176543282528	0	0.00434983032229	4.4135820632e-05	0	0.00021577512309	0	4.90398007022e-06	0	0	0	0	0	1.96159202809e-05	0	0	2.45199003511e-05	0.000186351242669	4.90398007022e-06	0.000686557209831	0	0	0	0	3.92318405618e-05	2.45199003511e-05	0	0	0	0	0	0.000583573628357	0.000627709448989	0.000475686066812	0	0	0	0.000107887561545	0	0	2.94238804213e-05	0.000156927362247	0.0012848427784	0.000392318405618	4.90398007022e-05	4.90398007022e-06	0	1.96159202809e-05	8.33676611938e-05	0.00043645422625	3.92318405618e-05	1.96159202809e-05	4.90398007022e-06	0	0.000132407461896
5.39437807725e-05	1.96159202809e-05	2.45199003511e-05	0	6.37517409129e-05	0.00182428058612	0.00237843033406	0.00022067910316	0.00279036465996	6.86557209831e-05	0.000294238804213	0.00205476764942	0.000343278604916	0.000102983581475	0.00307479550403	0.000264814923792	0	4.90398007022e-06	0.000367798505267	9.80796014045e-06	0.000387414425548	2.94238804213e-05	5.39437807725e-05	5.39437807725e-05	0.000201063182879	4.4135820632e-05	0.000804252731517	3.92318405618e-05	0.000338374624846	0.00417819101983	1.47119402107e-05	4.4135820632e-05	0.00891543576767	2.45199003511e-05	0.00336413032817	9.80796014045e-06	0	0	0	9.80796014045e-06	0	7.35597010534e-05	7.84636811236e-05	0.000161831342317	2.94238804213e-05	3.92318405618e-05	9.80796014045e-06	1.47119402107e-05	0.000186351242669	5.39437807725e-05	0	0	0	0	0	4.90398007022e-06	0	4.90398007022e-06	0	9.31756213343e-05	0.000186351242669	0	0	0.000102983581475	0	0	0	0	0	0.000176543282528	0.00101512387454	0.00022067910316	0.00234900645364	0.000328566664705	0.000490398007022	0.00021087114302	2.45199003511e-05	1.96159202809e-05	0	6.37517409129e-05	0.000152023382177	4.4135820632e-05	0.000127503481826	5.39437807725e-05
0.000539437807725	0.000171639302458	2.94238804213e-05	0	0	0	1.47119402107e-05	0.00042664626611	4.4135820632e-05	1.47119402107e-05	4.90398007022e-06	0.000127503481826	0	4.90398007022e-06	0.000308950744424	0	3.43278604916e-05	0.000951372133624	0	0.000519821887444	0	6.37517409129e-05	0.000470782086742	0.000176543282528	0.000274622883933	4.90398007022e-05	0.000156927362247	0.000191255222739	0.000480590046882	0.00591419996469	0.000828772631868	0	2.45199003511e-05	0.00655662135389	0.00345730594951	0	0	0	0	0	0	0	0	1.47119402107e-05	9.80796014045e-06	0	4.90398007022e-06	0	0	4.90398007022e-06	0	0	0	4.90398007022e-06	0	0	0	4.90398007022e-06	0	0	0	0	0	0	0	0	0	0	0	0	0.000617901488848	6.37517409129e-05	0.000858196512289	0.000475686066812	9.80796014045e-06	2.45199003511e-05	0	3.43278604916e-05	0	2.45199003511e-05	2.45199003511e-05	0	0	0
