0.0344517420353	6.88791737741e-05	0.00624369451681	0	2.83620127305e-05	1.21551483131e-05	0.00147887637809	0.00712696862756	0.0166322946084	0.000704998602158	0.000733360614888	4.45688771479e-05	4.45688771479e-05	4.05171610436e-06	0.0272194287891	6.88791737741e-05	4.05171610436e-06	0.00266602919667	2.43102966261e-05	0.000790084640349	0.000101292902609	0.00347232070143	0.000559136822401	0.00549412703751	0.000863015530228	8.10343220871e-06	0.00385723373135	0.000551033390192	0.0029780113367	0.0173697069394	0.0197399608604	0	2.02585805218e-05	0.000919739555689	0.00395447491785	0.000393016462123	6.48274576697e-05	0.000336292436662	0	0	4.05171610436e-06	4.05171610436e-06	0.000303878707827	8.10343220871e-06	4.45688771479e-05	4.05171610436e-06	0	4.05171610436e-06	2.02585805218e-05	0.000141810063652	0	0.000340344152766	4.05171610436e-06	1.21551483131e-05	4.05171610436e-06	0	0.000765774343723	0.000461895635897	0.00050241279694	9.31894704002e-05	5.26723093566e-05	0.000283620127305	0.000587498835132	8.91377542958e-05	0.000421378474853	0.000239051250157	0	8.10343220871e-06	6.88791737741e-05	6.07757415653e-05	0.000109396334818	0.000340344152766	0.00154775555186	0.000303878707827	0.000125603199235	0	0	0.00063206771228	0.000291723559514	4.86205932523e-05	2.43102966261e-05	2.43102966261e-05	2.83620127305e-05	0
6.88791737741e-05	0.029237183409	0.000664481441114	0	0	4.05171610436e-06	8.10343220871e-06	4.05171610436e-05	6.48274576697e-05	0.00137758347548	6.88791737741e-05	3.24137288348e-05	6.07757415653e-05	0.000494309364731	3.24137288348e-05	0	0.000611809131758	0.000121551483131	1.62068644174e-05	6.07757415653e-05	5.26723093566e-05	3.24137288348e-05	0.00463921493949	0.000340344152766	0.00152749697134	0.000360602733288	0.00626800481344	0.0218792669635	0.0001863789408	7.29308898784e-05	0.000125603199235	4.05171610436e-06	1.21551483131e-05	8.10343220871e-06	0.000299826991722	2.02585805218e-05	0.0180017746517	0.000469999068105	0	0	0	1.21551483131e-05	5.26723093566e-05	3.24137288348e-05	0.000162068644174	8.10343220871e-05	1.21551483131e-05	7.29308898784e-05	1.21551483131e-05	1.21551483131e-05	0	4.86205932523e-05	0.000538878241879	2.43102966261e-05	0.000607757415653	2.02585805218e-05	1.62068644174e-05	9.72411865045e-05	5.6724025461e-05	0.000105344618713	0.00200965118776	0.00434749137997	0.0142417821068	2.83620127305e-05	0	3.64654449392e-05	1.21551483131e-05	0	0	0.000295775275618	0.00304689051048	0.00105344618713	0.000214740953531	4.86205932523e-05	0	1.21551483131e-05	0	0.000352499301079	0.000692843453845	0.000356551017183	4.05171610436e-05	1.62068644174e-05	4.05171610436e-05	0
0.00624369451681	0.000664481441114	0.0383697515083	0	4.05171610436e-06	1.62068644174e-05	0.000498361080836	0.000680688305532	0.00507680027876	4.05171610436e-05	7.69826059828e-05	5.6724025461e-05	2.83620127305e-05	2.43102966261e-05	0.00568860941052	8.10343220871e-06	0.000271464978992	0.00396663006616	2.83620127305e-05	0.00025120639847	4.45688771479e-05	0.0012074113991	0.00114663565753	0.0125684233557	0.000133706631444	2.43102966261e-05	0.0111705812997	0.00868687932774	0.000802239788662	0.0017705999376	0.00448930144363	0	2.43102966261e-05	1.21551483131e-05	0.000899480975167	6.48274576697e-05	0.00190430656905	0.0065111077797	0	0	0	0	0.000113448050922	4.05171610436e-05	3.64654449392e-05	8.10343220871e-06	4.05171610436e-06	4.05171610436e-06	0	5.6724025461e-05	0	3.64654449392e-05	0.000380861313809	4.05171610436e-06	4.45688771479e-05	0	9.31894704002e-05	0.000640171144488	0.000465947352001	4.45688771479e-05	3.24137288348e-05	0.00281594269253	0.00505248998213	8.10343220871e-05	4.86205932523e-05	5.6724025461e-05	0	0	4.05171610436e-06	0.00015801692807	0.00127629057287	0.00118310110247	0.0015842209968	0.000571291970714	4.86205932523e-05	4.05171610436e-06	8.10343220871e-06	0.000271464978992	0.00091163612348	0.000170172076383	4.45688771479e-05	4.05171610436e-05	4.05171610436e-05	0
0	0	0	0	0	0	0	0	0	0	0	0	0	0	0	0	0	0	0	0	0	0	0	0	0	0	0	0	0	0	0	0	0	0	0	0	0	0	0	0	0	0	0	0	0	0	0	0	0	0	0	0	0	0	0	0	0	0	0	0	0	0	0	0	0	0	0	0	0	0	0	0	0	0	0	0	0	0	0	0	0	0	0	0
2.83620127305e-05	0	4.05171610436e-06	0	0.0143754887383	2.02585805218e-05	0.00112637707701	0.000283620127305	0.000680688305532	0.00151129010692	0.00170982419604	6.88791737741e-05	0.00429481907062	1.62068644174e-05	0.000291723559514	0.000320085572244	0	4.05171610436e-06	0.000206637521322	3.24137288348e-05	0.00616266019473	8.10343220871e-06	0	4.05171610436e-06	0.00694869311897	4.05171610436e-06	0.000320085572244	3.24137288348e-05	0.00551438561803	0.000546981674088	0	0	4.05171610436e-05	2.02585805218e-05	0.000887325826854	4.05171610436e-06	0	0	0	0.000640171144488	0	2.43102966261e-05	0	0	0.0013006008695	0.000109396334818	4.05171610436e-06	0.00113853222532	0	0	0	0	0	4.05171610436e-06	4.05171610436e-06	0.00162878987395	0	4.05171610436e-06	0	0.00125198027625	0	2.02585805218e-05	0	0.000692843453845	1.62068644174e-05	0	0	0	8.10343220871e-06	2.83620127305e-05	9.31894704002e-05	2.43102966261e-05	0.000648274576697	3.64654449392e-05	0.000372757881601	9.31894704002e-05	8.10343220871e-06	0	0	1.21551483131e-05	0	0	0	0
1.21551483131e-05	4.05171610436e-06	1.62068644174e-05	0	2.02585805218e-05	0.00521455862631	0.00091163612348	1.62068644174e-05	0.000648274576697	0.000182327224696	5.26723093566e-05	5.26723093566e-05	7.29308898784e-05	2.83620127305e-05	0.000129654915339	0.00123172169572	5.6724025461e-05	5.6724025461e-05	2.43102966261e-05	4.05171610436e-06	5.26723093566e-05	3.24137288348e-05	1.62068644174e-05	0.000247154682366	0.000166120360279	4.45688771479e-05	5.26723093566e-05	8.50860381915e-05	6.88791737741e-05	0.000320085572244	4.05171610436e-05	0	0.00147077294588	3.24137288348e-05	0.000360602733288	0	0	1.62068644174e-05	0	0	0	0	0	8.10343220871e-06	8.10343220871e-06	0	4.05171610436e-06	8.10343220871e-06	0	8.10343220871e-06	0	8.10343220871e-06	8.10343220871e-06	0	0	4.05171610436e-06	0	1.21551483131e-05	2.43102966261e-05	8.10343220871e-06	0	4.05171610436e-06	2.43102966261e-05	4.05171610436e-06	0	0	0	0	0	1.62068644174e-05	0.000133706631444	3.64654449392e-05	0.000413275042644	0.000214740953531	0.000952153284524	0.000867067246332	4.05171610436e-05	4.45688771479e-05	2.43102966261e-05	2.43102966261e-05	2.43102966261e-05	4.86205932523e-05	2.02585805218e-05	8.10343220871e-06
0.00147887637809	8.10343220871e-06	0.000498361080836	0	0.00112637707701	0.00091163612348	0.0390747501104	0.00861394843786	0.0211580614969	0.000259309830679	0.0150399701794	0.000299826991722	0.00734170958109	0.000226896101844	0.00253232256522	0.00162068644174	8.10343220871e-06	0.000141810063652	0.000551033390192	2.02585805218e-05	0.00387749231187	0.00034439586887	2.43102966261e-05	0.000875170678541	0.000867067246332	0.000149913495861	0.00121956654741	0.000571291970714	0.00657188352127	0.00206232349712	0.0011182736448	0	0.00287671843409	1.62068644174e-05	0.00239051250157	1.62068644174e-05	2.02585805218e-05	0.000591550551236	0	2.02585805218e-05	4.05171610436e-06	4.05171610436e-06	8.50860381915e-05	8.10343220871e-06	4.86205932523e-05	1.62068644174e-05	2.02585805218e-05	5.6724025461e-05	2.43102966261e-05	4.86205932523e-05	0	0	4.05171610436e-06	0	0	4.05171610436e-05	0.00015801692807	0.000117499767026	0.000194482373009	0.000291723559514	4.05171610436e-06	2.02585805218e-05	0.000611809131758	0.00022284438574	2.02585805218e-05	0.000121551483131	8.10343220871e-06	0	4.05171610436e-06	0.000275516695096	0.00125198027625	0.000174223792487	0.00285645985357	0.000636119428384	0.000875170678541	0.000433533623166	0.000299826991722	0.000125603199235	2.83620127305e-05	0.000307930423931	0	8.10343220871e-06	1.21551483131e-05	0
0.00712696862756	4.05171610436e-05	0.000680688305532	0	0.000283620127305	1.62068644174e-05	0.00861394843786	0.0460923224032	0.0126980782711	0.000563188538505	0.0114339428465	0.000360602733288	0.000364654449392	0.000214740953531	0.0117702352832	0.000259309830679	0.000162068644174	0.00022284438574	0.000247154682366	7.69826059828e-05	0.000384913029914	0.000652326292801	4.45688771479e-05	0.00117094595416	0.000944049852315	9.31894704002e-05	0.000802239788662	0.000781981208141	0.0243021931939	0.00926627473066	0.00838705233602	0	0.000336292436662	0.0022284438574	0.00322516601907	0.000465947352001	3.24137288348e-05	0.00056724025461	0	4.86205932523e-05	4.05171610436e-06	1.21551483131e-05	8.91377542958e-05	0.000198534089113	0.00230137474727	3.24137288348e-05	4.45688771479e-05	0.000182327224696	4.45688771479e-05	0.00043758533927	0	0	3.64654449392e-05	3.24137288348e-05	9.72411865045e-05	5.6724025461e-05	8.10343220871e-06	6.48274576697e-05	2.83620127305e-05	0.00314413169698	2.83620127305e-05	6.48274576697e-05	0.000717153750471	0.00160447957732	0.000433533623166	8.10343220871e-06	4.05171610436e-06	0.000109396334818	0.000340344152766	0.000267413262887	0.00171792762825	0.000137758347548	0.00288887358241	0.00106560133545	6.07757415653e-05	3.64654449392e-05	2.83620127305e-05	0.00056724025461	0.000397068178227	0.00031603385614	4.05171610436e-05	4.05171610436e-05	0.000105344618713	1.21551483131e-05
0.0166322946084	6.48274576697e-05	0.00507680027876	0	0.000680688305532	0.000648274576697	0.0211580614969	0.0126980782711	0.0511772261141	0.000429481907062	0.00993480788788	0.000615860847862	0.00371137195159	0.000393016462123	0.0226409895911	0.000218792669635	8.10343220871e-06	0.00143835921705	0.000607757415653	0.000465947352001	0.00302663192995	0.00227301273454	4.05171610436e-05	0.00524292063904	0.00109801506428	0.000125603199235	0.0040881815493	0.000749567479306	0.00827360428509	0.0107046339477	0.0101819625702	4.05171610436e-06	0.0028848218663	3.64654449392e-05	0.00386533716356	9.31894704002e-05	4.45688771479e-05	0.000964308432837	0	1.62068644174e-05	8.10343220871e-06	1.62068644174e-05	0.000202585805218	3.24137288348e-05	8.91377542958e-05	1.21551483131e-05	2.83620127305e-05	6.48274576697e-05	4.05171610436e-05	0.000109396334818	0	8.10343220871e-06	4.05171610436e-06	0	0	3.24137288348e-05	0.000311982140035	0.000178275508592	0.000340344152766	0.000425430190957	8.10343220871e-06	0.000283620127305	0.000984567013359	0.000328189004453	0.000101292902609	0.00022284438574	1.21551483131e-05	8.10343220871e-06	2.43102966261e-05	0.000145861779757	0.00131680773392	0.000526723093566	0.00407197468488	0.000676636589427	0.00031603385614	0.000234999534053	0.000121551483131	0.00031603385614	4.05171610436e-05	0.000202585805218	0	3.24137288348e-05	8.10343220871e-06	0
0.000704998602158	0.00137758347548	4.05171610436e-05	0	0.00151129010692	0.000182327224696	0.000259309830679	0.000563188538505	0.000429481907062	0.0348771722263	0.000105344618713	2.43102966261e-05	0.000984567013359	3.24137288348e-05	0.000996722161672	0.00245533995924	0.00631257369059	0.00015801692807	3.24137288348e-05	5.6724025461e-05	0.000360602733288	0.000449740487584	0.00895429259063	0.00435559481218	0.0120781657071	0.000178275508592	0.000514567945253	0.00366680307444	0.00603300527939	0.0033467175022	0.00300637334943	8.10343220871e-06	2.83620127305e-05	0.00123172169572	0.00205827178101	0.000388964746018	9.31894704002e-05	3.24137288348e-05	0	0.00186784112411	0	4.05171610436e-05	0.000137758347548	0.000117499767026	0.00832627659445	0.000802239788662	7.29308898784e-05	0.00144646264926	2.02585805218e-05	0.000105344618713	2.43102966261e-05	0.00497550737615	3.64654449392e-05	1.62068644174e-05	7.69826059828e-05	0.00337507951493	0.00218387498025	0.0119728210884	0.00560757508843	0.00933110218833	1.21551483131e-05	3.64654449392e-05	0.00155180726797	0.0043718016766	0.000575343686819	0.000307930423931	6.48274576697e-05	8.10343220871e-06	0.00025120639847	0.000194482373009	0.00556705792739	0.00207853036153	0.000960256716732	0.00031603385614	0.00278352896369	8.10343220871e-06	3.24137288348e-05	0.00224870243792	0.000757670911515	0.000291723559514	5.6724025461e-05	4.45688771479e-05	3.64654449392e-05	0
0.000733360614888	6.88791737741e-05	7.69826059828e-05	0	0.00170982419604	5.26723093566e-05	0.0150399701794	0.0114339428465	0.00993480788788	0.000105344618713	0.0386574233517	0.00119930796689	0.00757670911515	0.000478102500314	0.0036303376295	0.00047405078421	3.24137288348e-05	6.07757415653e-05	0.000980515297254	0.000733360614888	0.00733765786499	3.24137288348e-05	0.000174223792487	0	0.000542929957984	0.000174223792487	0.00369516508717	0.00178275508592	0.00954989485797	0.00636929771605	0.000117499767026	1.21551483131e-05	0.000676636589427	8.91377542958e-05	0.00896644773894	0	0.000117499767026	1.62068644174e-05	0	4.45688771479e-05	0	0	0	0	0.000105344618713	4.05171610436e-06	1.21551483131e-05	7.29308898784e-05	8.50860381915e-05	0	0	0	0	0	4.45688771479e-05	9.31894704002e-05	0	4.05171610436e-06	0	0.0001863789408	5.6724025461e-05	0.000137758347548	0.000170172076383	7.69826059828e-05	4.05171610436e-06	0	4.05171610436e-06	0	4.05171610436e-06	2.02585805218e-05	0.000397068178227	0.000680688305532	0.00692033110624	0.000328189004453	6.48274576697e-05	0.000259309830679	8.91377542958e-05	1.21551483131e-05	4.45688771479e-05	2.02585805218e-05	0	0	0	0
4.45688771479e-05	3.24137288348e-05	5.6724025461e-05	0	6.88791737741e-05	5.26723093566e-05	0.000299826991722	0.000360602733288	0.000615860847862	2.43102966261e-05	0.00119930796689	0.018909359059	0.000992670445567	0.00300637334943	0.000133706631444	1.21551483131e-05	4.05171610436e-05	0.000230947817948	0.00308335595541	0.00240671936599	0.00116284252195	8.10343220871e-05	3.64654449392e-05	0.000259309830679	0.000113448050922	0.00129654915339	0.00739438189045	0.000542929957984	0.000546981674088	0.00314818341308	0.000194482373009	0.00025120639847	0.000461895635897	2.43102966261e-05	0.00693248625455	4.05171610436e-05	1.21551483131e-05	0.000162068644174	0	4.05171610436e-06	4.05171610436e-06	6.48274576697e-05	6.88791737741e-05	1.62068644174e-05	2.83620127305e-05	8.50860381915e-05	0.000413275042644	6.88791737741e-05	0.000194482373009	0.000105344618713	0	8.10343220871e-06	4.05171610436e-05	6.48274576697e-05	0.000105344618713	1.62068644174e-05	0.000153965211966	1.62068644174e-05	0.000141810063652	0.000113448050922	0.000162068644174	0.000218792669635	0.000255258114574	7.29308898784e-05	9.72411865045e-05	9.72411865045e-05	0.000145861779757	2.02585805218e-05	1.21551483131e-05	0.000218792669635	0.000879222394645	0.00294154589176	0.00352499301079	0.000380861313809	8.10343220871e-06	6.48274576697e-05	0.000935946420106	4.05171610436e-05	0.000348447584975	0.000226896101844	6.48274576697e-05	0	0	0.000129654915339
4.45688771479e-05	6.07757415653e-05	2.83620127305e-05	0	0.00429481907062	7.29308898784e-05	0.00734170958109	0.000364654449392	0.00371137195159	0.000984567013359	0.00757670911515	0.000992670445567	0.0314615755503	0.000218792669635	0.00121956654741	0.00192861686567	2.02585805218e-05	4.45688771479e-05	0.00212715095479	0.000376809597705	0.0194603924492	1.21551483131e-05	0.000145861779757	0	0.00298206305281	0.000121551483131	0.00367490650665	0.000887325826854	0.0019569788784	0.00328189004453	5.6724025461e-05	4.05171610436e-06	0.000376809597705	0	0.00765369172113	1.62068644174e-05	0.000113448050922	0	0	4.45688771479e-05	4.05171610436e-06	0.000579395402923	8.10343220871e-06	0.000182327224696	9.72411865045e-05	0.000887325826854	4.05171610436e-05	0.0017705999376	3.24137288348e-05	0.000105344618713	9.72411865045e-05	0	0	1.21551483131e-05	2.43102966261e-05	7.69826059828e-05	0	0	0	0.000210689237427	2.43102966261e-05	0.00015801692807	0.000141810063652	0.000141810063652	7.29308898784e-05	0	4.05171610436e-06	9.31894704002e-05	8.10343220871e-06	0.000340344152766	0.000425430190957	0.000611809131758	0.00640576316099	0.000149913495861	0.00117499767026	0.000291723559514	0.000190430656905	3.64654449392e-05	3.64654449392e-05	0.000449740487584	1.21551483131e-05	2.43102966261e-05	6.48274576697e-05	4.05171610436e-06
4.05171610436e-06	0.000494309364731	2.43102966261e-05	0	1.62068644174e-05	2.83620127305e-05	0.000226896101844	0.000214740953531	0.000393016462123	3.24137288348e-05	0.000478102500314	0.00300637334943	0.000218792669635	0.0163122090361	7.29308898784e-05	0	0.0001863789408	1.21551483131e-05	0.000283620127305	0.000105344618713	0.000149913495861	2.43102966261e-05	0.000449740487584	2.83620127305e-05	0.000137758347548	0.00739033017435	0.00241077108209	0.00327783832842	0.000162068644174	0.00131275601781	3.64654449392e-05	0.00128844572119	0.000376809597705	8.10343220871e-06	0.00169361733162	4.05171610436e-06	0.000101292902609	6.48274576697e-05	0	4.05171610436e-06	0	0	8.10343220871e-06	0	0	1.21551483131e-05	0.00109396334818	0	0.00270249464161	3.24137288348e-05	0	0	0	6.88791737741e-05	6.07757415653e-05	0	4.05171610436e-05	1.21551483131e-05	3.64654449392e-05	2.43102966261e-05	0.00168956561552	0.00034439586887	0.000952153284524	2.83620127305e-05	3.24137288348e-05	4.05171610436e-06	0.000465947352001	4.05171610436e-06	0	5.6724025461e-05	0.000275516695096	0.00178275508592	0.00173008277656	7.69826059828e-05	1.21551483131e-05	1.62068644174e-05	0.00146672122978	8.10343220871e-06	0.00162473815785	4.86205932523e-05	4.05171610436e-05	0	0	0.000267413262887
0.0272194287891	3.24137288348e-05	0.00568860941052	0	0.000291723559514	0.000129654915339	0.00253232256522	0.0117702352832	0.0226409895911	0.000996722161672	0.0036303376295	0.000133706631444	0.00121956654741	7.29308898784e-05	0.0536771349505	0.000198534089113	0	0.00235404705663	0.000153965211966	0.000786032924245	0.00222034042519	0.00287266671799	0.000522671377462	0.00430697421893	0.00131680773392	4.86205932523e-05	0.00370732023549	0.000449740487584	0.00866256903111	0.0289859770106	0.0181962570247	0	0.00311982140035	0.00216766811583	0.00616671191083	0.000518619661358	6.07757415653e-05	0.000182327224696	0	1.21551483131e-05	4.05171610436e-06	8.10343220871e-06	0.000449740487584	2.43102966261e-05	0.000137758347548	8.10343220871e-06	1.21551483131e-05	4.05171610436e-05	2.43102966261e-05	0.00022284438574	0	0.000368706165496	0	1.62068644174e-05	1.62068644174e-05	1.21551483131e-05	0.000891377542958	0.000376809597705	0.000603705699549	0.000445688771479	5.26723093566e-05	0.000299826991722	0.000356551017183	0.000356551017183	0.000482154216418	0.000336292436662	4.05171610436e-06	2.02585805218e-05	0.000121551483131	0.000162068644174	0.00112637707701	0.000348447584975	0.00322516601907	0.000482154216418	0.000267413262887	3.64654449392e-05	4.05171610436e-05	0.00091163612348	0.000291723559514	0.000149913495861	2.43102966261e-05	4.45688771479e-05	6.07757415653e-05	4.05171610436e-06
6.88791737741e-05	0	8.10343220871e-06	0	0.000320085572244	0.00123172169572	0.00162068644174	0.000259309830679	0.000218792669635	0.00245533995924	0.00047405078421	1.21551483131e-05	0.00192861686567	0	0.000198534089113	0.0084680866581	6.48274576697e-05	3.64654449392e-05	2.83620127305e-05	8.10343220871e-06	0.000692843453845	2.83620127305e-05	4.05171610436e-06	0.000190430656905	0.00168551389941	0	5.26723093566e-05	6.07757415653e-05	0.00066042972501	0.00072525718268	0.000352499301079	0	8.50860381915e-05	0.00040922332654	0.000263361546783	0	0	8.10343220871e-06	0	2.43102966261e-05	0	0	3.24137288348e-05	8.10343220871e-06	0.000299826991722	5.26723093566e-05	0	0.000247154682366	0	8.10343220871e-06	0	4.05171610436e-06	0	0	0	5.6724025461e-05	0	0	8.10343220871e-06	7.29308898784e-05	0	8.10343220871e-06	8.10343220871e-06	4.86205932523e-05	8.10343220871e-06	1.21551483131e-05	0	0	8.10343220871e-06	1.62068644174e-05	0.00015801692807	4.05171610436e-06	0.000640171144488	0.000263361546783	0.00493499021511	8.91377542958e-05	1.21551483131e-05	8.10343220871e-06	4.05171610436e-06	2.43102966261e-05	4.05171610436e-06	2.02585805218e-05	3.24137288348e-05	0
4.05171610436e-06	0.000611809131758	0.000271464978992	0	0	5.6724025461e-05	8.10343220871e-06	0.000162068644174	8.10343220871e-06	0.00631257369059	3.24137288348e-05	4.05171610436e-05	2.02585805218e-05	0.0001863789408	0	6.48274576697e-05	0.0246830545077	7.29308898784e-05	4.05171610436e-06	0.00031603385614	2.83620127305e-05	0.00243913309482	0.00972817036656	0.0101171351126	0.00410033669761	4.05171610436e-05	0.00182327224696	0.00746731278033	0.00177870336981	0.000149913495861	0.00031603385614	4.05171610436e-06	8.91377542958e-05	8.91377542958e-05	0.000583447119027	1.62068644174e-05	0.000145861779757	8.91377542958e-05	0	0	0	0	3.24137288348e-05	8.10343220871e-06	0.000153965211966	4.05171610436e-06	8.10343220871e-06	0	1.62068644174e-05	3.64654449392e-05	0	0.00289697701461	7.29308898784e-05	8.10343220871e-06	5.26723093566e-05	0	0.00123172169572	0.00721205466575	0.00480938701587	0.000174223792487	7.29308898784e-05	0.000113448050922	0.00131680773392	0.000174223792487	1.21551483131e-05	5.6724025461e-05	4.05171610436e-06	8.10343220871e-06	0	0.000206637521322	0.0063206771228	0.000777929492036	0.00121551483131	0.00104939447103	0.00031603385614	8.10343220871e-06	7.69826059828e-05	0.000611809131758	0.000429481907062	0.000218792669635	3.64654449392e-05	0	0.000137758347548	0
0.00266602919667	0.000121551483131	0.00396663006616	0	4.05171610436e-06	5.6724025461e-05	0.000141810063652	0.00022284438574	0.00143835921705	0.00015801692807	6.07757415653e-05	0.000230947817948	4.45688771479e-05	1.21551483131e-05	0.00235404705663	3.64654449392e-05	7.29308898784e-05	0.0265144301869	0.000247154682366	0.00509705885928	5.26723093566e-05	0.00410844012982	9.72411865045e-05	0.00803455303494	0.00015801692807	0	0.00833843174276	0.00188809970463	0.000401119894331	0.00336697608272	0.00649084919918	0	2.02585805218e-05	0.000174223792487	0.00583852290638	8.50860381915e-05	0.000109396334818	0.000465947352001	0	0	0	0	4.05171610436e-05	8.10343220871e-06	5.6724025461e-05	0	1.21551483131e-05	0	4.05171610436e-06	5.26723093566e-05	0	2.43102966261e-05	0.000530774809671	8.10343220871e-06	0.00107370476765	0	2.43102966261e-05	3.24137288348e-05	0.000145861779757	3.64654449392e-05	4.05171610436e-06	0.00129249743729	0.000311982140035	2.43102966261e-05	6.48274576697e-05	2.43102966261e-05	0	0	2.43102966261e-05	0.000486205932523	0.00132085945002	0.00261740860341	0.00356551017183	0.00127629057287	5.26723093566e-05	0	0	8.50860381915e-05	0.000563188538505	5.26723093566e-05	2.43102966261e-05	2.43102966261e-05	2.43102966261e-05	0
2.43102966261e-05	1.62068644174e-05	2.83620127305e-05	0	0.000206637521322	2.43102966261e-05	0.000551033390192	0.000247154682366	0.000607757415653	3.24137288348e-05	0.000980515297254	0.00308335595541	0.00212715095479	0.000283620127305	0.000153965211966	2.83620127305e-05	4.05171610436e-06	0.000247154682366	0.0103237726339	0.00227301273454	0.00220413356077	8.91377542958e-05	4.05171610436e-06	0.00015801692807	8.91377542958e-05	0.000141810063652	0.00769826059828	0.000303878707827	0.000401119894331	0.00106965305155	0.000210689237427	5.26723093566e-05	0.000105344618713	8.10343220871e-06	0.00465542180391	2.02585805218e-05	8.10343220871e-06	3.24137288348e-05	0	4.05171610436e-06	8.10343220871e-06	2.02585805218e-05	4.05171610436e-05	4.05171610436e-05	7.69826059828e-05	2.02585805218e-05	6.07757415653e-05	4.45688771479e-05	2.02585805218e-05	5.6724025461e-05	0	0	4.05171610436e-06	8.10343220871e-05	6.48274576697e-05	1.62068644174e-05	8.10343220871e-06	0	8.10343220871e-06	0.000271464978992	1.62068644174e-05	9.72411865045e-05	8.50860381915e-05	0.000166120360279	2.83620127305e-05	1.21551483131e-05	2.83620127305e-05	1.62068644174e-05	4.05171610436e-06	6.48274576697e-05	0.000546981674088	0.00075361919541	0.00451766345636	8.50860381915e-05	2.02585805218e-05	0.000109396334818	1.21551483131e-05	2.02585805218e-05	3.24137288348e-05	7.29308898784e-05	0	2.83620127305e-05	2.43102966261e-05	0
0.000790084640349	6.07757415653e-05	0.00025120639847	0	3.24137288348e-05	4.05171610436e-06	2.02585805218e-05	7.69826059828e-05	0.000465947352001	5.6724025461e-05	0.000733360614888	0.00240671936599	0.000376809597705	0.000105344618713	0.000786032924245	8.10343220871e-06	0.00031603385614	0.00509705885928	0.00227301273454	0.0195819439324	0.000486205932523	0.00150318667472	0.000405171610436	0.0022284438574	7.29308898784e-05	8.91377542958e-05	0.0134760077631	0.00256068457795	0.000384913029914	0.001397842056	0.00276327038317	2.02585805218e-05	4.05171610436e-06	3.64654449392e-05	0.00593981580899	4.86205932523e-05	0.000133706631444	0.000141810063652	0	0	0	1.21551483131e-05	1.62068644174e-05	1.21551483131e-05	2.43102966261e-05	1.62068644174e-05	5.6724025461e-05	8.10343220871e-06	2.02585805218e-05	1.62068644174e-05	4.05171610436e-06	1.62068644174e-05	5.26723093566e-05	9.72411865045e-05	0.000332240720557	0	2.43102966261e-05	7.69826059828e-05	9.31894704002e-05	2.43102966261e-05	7.69826059828e-05	0.000555085106297	0.000376809597705	1.21551483131e-05	4.86205932523e-05	2.83620127305e-05	8.91377542958e-05	0	1.62068644174e-05	0.000105344618713	0.00186784112411	0.00200965118776	0.00282404612474	0.000551033390192	1.21551483131e-05	0	4.05171610436e-06	5.26723093566e-05	0.000121551483131	2.43102966261e-05	1.21551483131e-05	8.10343220871e-06	0	1.21551483131e-05
0.000101292902609	5.26723093566e-05	4.45688771479e-05	0	0.00616266019473	5.26723093566e-05	0.00387749231187	0.000384913029914	0.00302663192995	0.000360602733288	0.00733765786499	0.00116284252195	0.0194603924492	0.000149913495861	0.00222034042519	0.000692843453845	2.83620127305e-05	5.26723093566e-05	0.00220413356077	0.000486205932523	0.0313076103384	2.02585805218e-05	0.000174223792487	8.10343220871e-06	0.00361413076509	0.000109396334818	0.00401930237552	0.00103318760661	0.00324947631569	0.00489852477017	7.29308898784e-05	8.10343220871e-06	0.00025120639847	1.62068644174e-05	0.00955394657407	1.62068644174e-05	0.000137758347548	8.10343220871e-06	0	0.000145861779757	4.05171610436e-06	0.00108180819986	8.10343220871e-06	0.000324137288348	0.000243102966261	0.00192051343346	7.29308898784e-05	0.00229327131507	2.83620127305e-05	0.000255258114574	0.0001863789408	0	0	1.21551483131e-05	2.83620127305e-05	0.000247154682366	0	4.05171610436e-06	0	0.000311982140035	3.64654449392e-05	0.000324137288348	0.000174223792487	0.000133706631444	0.000105344618713	0	4.05171610436e-06	0.000141810063652	8.10343220871e-06	0.000623964280071	0.000587498835132	0.000551033390192	0.00775903633984	0.000498361080836	0.000623964280071	0.000384913029914	0.000202585805218	6.07757415653e-05	3.64654449392e-05	0.000899480975167	2.43102966261e-05	0.000113448050922	0.000101292902609	8.10343220871e-06
0.00347232070143	3.24137288348e-05	0.0012074113991	0	8.10343220871e-06	3.24137288348e-05	0.00034439586887	0.000652326292801	0.00227301273454	0.000449740487584	3.24137288348e-05	8.10343220871e-05	1.21551483131e-05	2.43102966261e-05	0.00287266671799	2.83620127305e-05	0.00243913309482	0.00410844012982	8.91377542958e-05	0.00150318667472	2.02585805218e-05	0.0388924228857	0.000786032924245	0.0191929791863	0.00113042879312	8.10343220871e-06	0.00181922053086	0.000814394936976	0.00598438468613	0.00302258021385	0.0196791851189	0	7.29308898784e-05	0.000769826059828	0.00805886333156	0.000490257648627	2.43102966261e-05	0.000628015996175	0	0	2.02585805218e-05	7.29308898784e-05	0.000255258114574	0.000194482373009	1.21551483131e-05	0.000117499767026	4.05171610436e-06	0	0	0.000243102966261	4.05171610436e-06	0.000449740487584	0.000364654449392	0	5.26723093566e-05	0	0.000826550085289	0.00200559947166	0.00208663379374	2.83620127305e-05	4.05171610436e-06	2.02585805218e-05	0.000283620127305	0.000247154682366	0.000498361080836	0.000360602733288	0	4.05171610436e-05	0.000174223792487	0.000210689237427	0.00197318574282	0.00106965305155	0.00536042040606	0.00243508137872	0.000579395402923	2.83620127305e-05	6.07757415653e-05	0.000469999068105	0.000117499767026	0.000182327224696	1.62068644174e-05	8.10343220871e-06	0.000117499767026	4.05171610436e-06
0.000559136822401	0.00463921493949	0.00114663565753	0	0	1.62068644174e-05	2.43102966261e-05	4.45688771479e-05	4.05171610436e-05	0.00895429259063	0.000174223792487	3.64654449392e-05	0.000145861779757	0.000449740487584	0.000522671377462	4.05171610436e-06	0.00972817036656	9.72411865045e-05	4.05171610436e-06	0.000405171610436	0.000174223792487	0.000786032924245	0.0316641613555	0.0023216333278	0.00765774343723	0.000210689237427	0.00300232163333	0.0148049706453	0.00122361826352	0.00105749790324	0.00182732396306	8.10343220871e-06	8.10343220871e-06	6.88791737741e-05	0.00105749790324	0.00015801692807	0.00345611383702	4.86205932523e-05	0	0	0	0	6.48274576697e-05	0	0.000267413262887	0	4.05171610436e-06	0	1.21551483131e-05	3.24137288348e-05	0	0.0022284438574	1.62068644174e-05	2.43102966261e-05	7.69826059828e-05	0	0.00129249743729	0.00982541155306	0.00327378661232	0.000461895635897	0.0001863789408	0.000162068644174	0.0057655920165	0.000141810063652	0.000372757881601	0.000510516229149	1.62068644174e-05	0	0	6.07757415653e-05	0.00496335222784	0.0025120639847	0.000623964280071	0.000198534089113	1.62068644174e-05	0	2.02585805218e-05	0.00187999627242	0.000810343220871	7.29308898784e-05	2.02585805218e-05	1.62068644174e-05	2.02585805218e-05	0
0.00549412703751	0.000340344152766	0.0125684233557	0	4.05171610436e-06	0.000247154682366	0.000875170678541	0.00117094595416	0.00524292063904	0.00435559481218	0	0.000259309830679	0	2.83620127305e-05	0.00430697421893	0.000190430656905	0.0101171351126	0.00803455303494	0.00015801692807	0.0022284438574	8.10343220871e-06	0.0191929791863	0.0023216333278	0.0787451024882	0.000311982140035	2.02585805218e-05	0.00733360614888	0.0124833373175	0.002601201739	0.00105749790324	0.0120579071266	0	0.00015801692807	0.000275516695096	0.00577774716481	0.000267413262887	0.000202585805218	0.00841136263264	0	0	4.05171610436e-06	2.83620127305e-05	0.000210689237427	0.000121551483131	8.10343220871e-05	7.29308898784e-05	4.05171610436e-06	2.02585805218e-05	0	0.000121551483131	2.43102966261e-05	0.00328999347674	0.000405171610436	8.10343220871e-06	0.000162068644174	0	0.00155991070018	0.014286350984	0.00786843267466	0.000141810063652	2.43102966261e-05	0.000401119894331	0.00899480975167	0.000393016462123	0.000234999534053	0.000384913029914	4.05171610436e-06	1.21551483131e-05	6.07757415653e-05	0.000397068178227	0.00714317549198	0.00238646078547	0.00845593150979	0.00590740208015	0.00173413449266	5.6724025461e-05	4.86205932523e-05	0.000636119428384	0.000393016462123	0.000478102500314	9.72411865045e-05	6.48274576697e-05	0.000218792669635	0
0.000863015530228	0.00152749697134	0.000133706631444	0	0.00694869311897	0.000166120360279	0.000867067246332	0.000944049852315	0.00109801506428	0.0120781657071	0.000542929957984	0.000113448050922	0.00298206305281	0.000137758347548	0.00131680773392	0.00168551389941	0.00410033669761	0.00015801692807	8.91377542958e-05	7.29308898784e-05	0.00361413076509	0.00113042879312	0.00765774343723	0.000311982140035	0.0430494836088	4.86205932523e-05	0.00175439307319	0.00526317921956	0.0153235903067	0.00210284065816	0.00397473349837	4.05171610436e-06	9.72411865045e-05	0.000798188072558	0.00390180260849	0.000692843453845	0.000121551483131	2.02585805218e-05	0	0.00126413542456	2.43102966261e-05	3.24137288348e-05	0.000117499767026	0.000271464978992	0.00704593430548	0.000109396334818	4.05171610436e-06	0.000802239788662	1.21551483131e-05	0.000340344152766	4.05171610436e-06	0.000607757415653	2.83620127305e-05	8.10343220871e-06	1.62068644174e-05	0.00252827084912	0.000425430190957	0.00244723652703	0.000526723093566	0.00812774250534	2.83620127305e-05	9.31894704002e-05	0.000214740953531	0.00467568038443	0.000964308432837	0.000401119894331	1.62068644174e-05	0.000101292902609	0.000623964280071	0.000303878707827	0.00630852197448	0.00106154961934	0.00140999720432	0.00059560226734	0.00192861686567	0.00015801692807	6.88791737741e-05	0.000923791271793	0.000133706631444	0.000376809597705	4.05171610436e-05	8.10343220871e-05	0.000214740953531	0
8.10343220871e-06	0.000360602733288	2.43102966261e-05	0	4.05171610436e-06	4.45688771479e-05	0.000149913495861	9.31894704002e-05	0.000125603199235	0.000178275508592	0.000174223792487	0.00129654915339	0.000121551483131	0.00739033017435	4.86205932523e-05	0	4.05171610436e-05	0	0.000141810063652	8.91377542958e-05	0.000109396334818	8.10343220871e-06	0.000210689237427	2.02585805218e-05	4.86205932523e-05	0.0130910947332	0.00305904565879	0.00348852756585	6.48274576697e-05	0.000948101568419	1.62068644174e-05	0.00103318760661	0.000425430190957	8.10343220871e-06	0.00121956654741	8.10343220871e-06	3.24137288348e-05	2.83620127305e-05	0	0	0	0	4.05171610436e-06	0	8.10343220871e-06	4.05171610436e-06	0.00128439400508	0	0.00433533623166	2.02585805218e-05	0	0	4.05171610436e-06	0.000202585805218	4.45688771479e-05	0	1.62068644174e-05	8.10343220871e-06	2.02585805218e-05	1.62068644174e-05	0.00328999347674	0.000741464047097	0.00181111709865	1.21551483131e-05	2.02585805218e-05	0	0.000615860847862	4.05171610436e-06	0	5.26723093566e-05	0.000498361080836	0.00149508324251	0.0010250841744	5.6724025461e-05	8.10343220871e-06	1.21551483131e-05	0.000956205000628	1.21551483131e-05	0.0019529271623	4.86205932523e-05	2.02585805218e-05	0	0	0.000421378474853
0.00385723373135	0.00626800481344	0.0111705812997	0	0.000320085572244	5.26723093566e-05	0.00121956654741	0.000802239788662	0.0040881815493	0.000514567945253	0.00369516508717	0.00739438189045	0.00367490650665	0.00241077108209	0.00370732023549	5.26723093566e-05	0.00182327224696	0.00833843174276	0.00769826059828	0.0134760077631	0.00401930237552	0.00181922053086	0.00300232163333	0.00733360614888	0.00175439307319	0.00305904565879	0.0985579942385	0.02733287684	0.00151534182303	0.00570886799104	0.00619507392356	0.00244318481093	0.000137758347548	6.88791737741e-05	0.0127507505804	0.000162068644174	0.0051132657237	0.00138163519159	0	3.24137288348e-05	8.10343220871e-06	8.91377542958e-05	0.000166120360279	0.000149913495861	0.000239051250157	0.0001863789408	0.00140999720432	0.000133706631444	0.00236620220494	0.00022284438574	8.10343220871e-06	6.07757415653e-05	0.00207853036153	0.00168146218331	0.00497145566004	7.29308898784e-05	8.50860381915e-05	0.000263361546783	0.000352499301079	0.000555085106297	0.00310766625204	0.0141526443525	0.00723231324628	0.000311982140035	0.000198534089113	7.69826059828e-05	0.00056724025461	4.86205932523e-05	2.43102966261e-05	0.00140999720432	0.00717964093692	0.00939998136211	0.0122037689063	0.00147077294588	4.86205932523e-05	0.000153965211966	0.000170172076383	0.000368706165496	0.00294154589176	0.000579395402923	0.000153965211966	5.6724025461e-05	5.26723093566e-05	3.24137288348e-05
0.000551033390192	0.0218792669635	0.00868687932774	0	3.24137288348e-05	8.50860381915e-05	0.000571291970714	0.000781981208141	0.000749567479306	0.00366680307444	0.00178275508592	0.000542929957984	0.000887325826854	0.00327783832842	0.000449740487584	6.07757415653e-05	0.00746731278033	0.00188809970463	0.000303878707827	0.00256068457795	0.00103318760661	0.000814394936976	0.0148049706453	0.0124833373175	0.00526317921956	0.00348852756585	0.02733287684	0.10181152227	0.00190835828515	0.0018597376919	0.000968360148941	0.000368706165496	6.07757415653e-05	0.000105344618713	0.00551033390192	6.48274576697e-05	0.0193793581271	0.00336292436662	0	2.02585805218e-05	0	2.83620127305e-05	9.72411865045e-05	0.000105344618713	0.00126008370845	0.000137758347548	0.000506464513044	0.000178275508592	0.000988618729463	0.000101292902609	7.29308898784e-05	0.00132491116612	0.000575343686819	0.000721205466575	0.00106560133545	4.45688771479e-05	0.000700946886054	0.0124509235887	0.00225680587013	0.00115879080585	0.0065111077797	0.00930679189171	0.0299624405917	0.000721205466575	3.64654449392e-05	4.86205932523e-05	0.000226896101844	2.02585805218e-05	0	0.000429481907062	0.0147198846071	0.00562783366895	0.00708239975041	0.00284430470526	0.000129654915339	2.83620127305e-05	0.000125603199235	0.00102913589051	0.00118715281858	0.000551033390192	0.000121551483131	0.000129654915339	8.91377542958e-05	8.10343220871e-06
0.0029780113367	0.0001863789408	0.000802239788662	0	0.00551438561803	6.88791737741e-05	0.00657188352127	0.0243021931939	0.00827360428509	0.00603300527939	0.00954989485797	0.000546981674088	0.0019569788784	0.000162068644174	0.00866256903111	0.00066042972501	0.00177870336981	0.000401119894331	0.000401119894331	0.000384913029914	0.00324947631569	0.00598438468613	0.00122361826352	0.002601201739	0.0153235903067	6.48274576697e-05	0.00151534182303	0.00190835828515	0.0662536617384	0.0122929066606	0.0126291990973	4.05171610436e-06	0.000465947352001	0.00350473443027	0.00934325733664	0.000356551017183	9.31894704002e-05	0.00115879080585	0	0.00282809784084	4.05171610436e-06	4.45688771479e-05	0.00015801692807	0.000166120360279	0.00654352150853	0.000741464047097	8.10343220871e-06	0.0010250841744	2.83620127305e-05	0.000230947817948	2.02585805218e-05	0.000234999534053	3.64654449392e-05	8.10343220871e-06	2.43102966261e-05	0.00487016275744	0.000121551483131	0.00136542832717	0.000178275508592	0.0108261854308	2.43102966261e-05	0.000129654915339	0.00119120453468	0.00692033110624	0.000603705699549	0.000421378474853	4.05171610436e-06	6.48274576697e-05	0.000299826991722	0.000190430656905	0.00504033483382	0.000433533623166	0.0064138665932	0.0023256850439	0.000486205932523	0.000182327224696	9.72411865045e-05	0.000899480975167	0.000182327224696	0.000267413262887	8.10343220871e-06	6.88791737741e-05	7.69826059828e-05	8.10343220871e-06
0.0173697069394	7.29308898784e-05	0.0017705999376	0	0.000546981674088	0.000320085572244	0.00206232349712	0.00926627473066	0.0107046339477	0.0033467175022	0.00636929771605	0.00314818341308	0.00328189004453	0.00131275601781	0.0289859770106	0.00072525718268	0.000149913495861	0.00336697608272	0.00106965305155	0.001397842056	0.00489852477017	0.00302258021385	0.00105749790324	0.00105749790324	0.00210284065816	0.000948101568419	0.00570886799104	0.0018597376919	0.0122929066606	0.0619750495322	0.0216523708617	1.62068644174e-05	0.00365464792613	0.0083708454716	0.0212228889546	0.00101292902609	0.000149913495861	0.000652326292801	0	2.02585805218e-05	4.05171610436e-06	1.21551483131e-05	0.000781981208141	9.31894704002e-05	0.00266197748056	3.64654449392e-05	6.48274576697e-05	8.50860381915e-05	0.000149913495861	0.000376809597705	1.21551483131e-05	0.000510516229149	4.86205932523e-05	4.86205932523e-05	0.000239051250157	2.43102966261e-05	0.00125198027625	0.000891377542958	0.00103723932272	0.00192861686567	0.000117499767026	0.000214740953531	0.00132896288223	0.000863015530228	0.00134111803054	0.000644222860593	1.62068644174e-05	2.83620127305e-05	0.000469999068105	0.000393016462123	0.00463111150728	0.00110611849649	0.0110449781005	0.00173818620877	0.000729308898784	0.000230947817948	0.000429481907062	0.00237835735326	0.00129249743729	0.00043758533927	0.000117499767026	8.91377542958e-05	0.000105344618713	8.10343220871e-05
0.0197399608604	0.000125603199235	0.00448930144363	0	0	4.05171610436e-05	0.0011182736448	0.00838705233602	0.0101819625702	0.00300637334943	0.000117499767026	0.000194482373009	5.6724025461e-05	3.64654449392e-05	0.0181962570247	0.000352499301079	0.00031603385614	0.00649084919918	0.000210689237427	0.00276327038317	7.29308898784e-05	0.0196791851189	0.00182732396306	0.0120579071266	0.00397473349837	1.62068644174e-05	0.00619507392356	0.000968360148941	0.0126291990973	0.0216523708617	0.0646572855933	4.05171610436e-06	4.05171610436e-05	0.00335482093441	0.01102471952	0.00149913495861	9.31894704002e-05	0.000636119428384	0	0	2.02585805218e-05	8.10343220871e-05	0.000980515297254	0.000401119894331	0.00150723839082	0.000109396334818	8.91377542958e-05	0.000105344618713	4.86205932523e-05	0.000765774343723	0	0.000688791737741	0.000129654915339	5.26723093566e-05	0.00015801692807	4.05171610436e-06	0.001863789408	0.00179896195033	0.00158827271291	0.00134111803054	5.26723093566e-05	0.000234999534053	0.000652326292801	0.000713102034367	0.00285645985357	0.00113853222532	4.86205932523e-05	0.000117499767026	0.000822498369184	0.000551033390192	0.00155991070018	0.000741464047097	0.00458249091403	0.000960256716732	0.000401119894331	4.05171610436e-06	5.6724025461e-05	0.00263361546783	0.000636119428384	0.000692843453845	0.000105344618713	0.000117499767026	0.000206637521322	0
