0.0237387646949	9.07445133599e-05	0.00270418649812	0	4.08350310119e-05	5.89839336839e-05	0.000585302111171	0.00842562806546	0.00893379734028	0.000476408695139	0.000580764885503	0.000331217473763	0.000176951801052	7.71328363559e-05	0.012518205618	4.99094823479e-05	0.000186026252388	0.00132033266939	9.52817390279e-05	0.000313068571092	0.000195100703724	0.00171053407683	0.000222324057732	0.00409257755253	0.00100726409829	9.07445133599e-06	0.00128857208971	0.000562615982831	0.00294012223286	0.00774504421526	0.00794468214466	4.53722566799e-06	2.7223354008e-05	0.00176044355918	0.00234574567035	1.3611677004e-05	6.35211593519e-05	7.25956106879e-05	0	5.44467080159e-05	4.53722566799e-06	2.7223354008e-05	8.16700620239e-05	3.1760579676e-05	0.000326680248095	6.80583850199e-05	1.8148902672e-05	2.268612834e-05	9.07445133599e-06	3.62978053439e-05	0	5.44467080159e-05	3.1760579676e-05	1.3611677004e-05	1.8148902672e-05	7.25956106879e-05	0.000108893416032	4.53722566799e-05	4.08350310119e-05	0.000412887535787	4.53722566799e-06	4.53722566799e-05	0.000154265672712	0.000217786832064	3.62978053439e-05	4.53722566799e-05	0	0	0	8.16700620239e-05	0.000789477266231	0.000254084637408	0.00130672099238	0.000666972173195	0.000104356190364	1.8148902672e-05	4.53722566799e-06	7.71328363559e-05	3.62978053439e-05	9.98189646958e-05	3.62978053439e-05	2.268612834e-05	9.07445133599e-06	4.53722566799e-06
9.07445133599e-05	0.017014596255	0.00223231502865	0	4.53722566799e-06	1.3611677004e-05	9.07445133599e-06	4.53722566799e-05	3.1760579676e-05	0.00141107718275	4.53722566799e-06	0.000163340124048	2.268612834e-05	0.000140653995708	5.44467080159e-05	4.99094823479e-05	0.000648823270523	0.000485483146475	4.53722566799e-05	0.000213249606396	0	0.000199637929392	0.00497279933212	0.000780402814895	0.00107532248331	0.00200545374525	0.00181942749287	0.0116062232587	0.000186026252388	0.000104356190364	0.00020417515506	0	0	2.268612834e-05	0.000458259792467	2.268612834e-05	0.0063929509662	0.00132033266939	0	4.53722566799e-06	0	0	2.7223354008e-05	1.8148902672e-05	0.000104356190364	9.07445133599e-06	3.62978053439e-05	0	3.62978053439e-05	3.1760579676e-05	0	8.16700620239e-05	0.000322143022428	3.62978053439e-05	0.00024954741174	1.3611677004e-05	0.000108893416032	0.000748642235219	0.000558078757163	0.000149728447044	0.000172414575384	0.00109347138599	0.00599821233309	6.80583850199e-05	1.3611677004e-05	2.7223354008e-05	2.7223354008e-05	0	0	0.00020417515506	0.000571690434167	0.000349366376435	0.000471871469471	0.00013611677004	6.35211593519e-05	4.53722566799e-06	2.7223354008e-05	0.000258621863076	0.00029491966842	0.000167877349716	3.62978053439e-05	0	0	9.07445133599e-06
0.00270418649812	0.00223231502865	0.0443241575506	0	4.53722566799e-06	4.99094823479e-05	0.000190563478056	0.0018285019442	0.00214610774096	0.000199637929392	9.52817390279e-05	0.000176951801052	4.08350310119e-05	3.62978053439e-05	0.00198276761691	3.62978053439e-05	0.000462797018135	0.00515428835884	5.89839336839e-05	0.000421961987123	3.62978053439e-05	0.00196461871424	0.00137931660307	0.0171325641223	0.000458259792467	3.62978053439e-05	0.00784032595429	0.0158848270636	0.00107985970898	0.00133394434639	0.00338930757399	0	1.8148902672e-05	0.000508169274815	0.00280400546282	8.16700620239e-05	0.00268603759545	0.00217786832064	0	1.3611677004e-05	0	1.3611677004e-05	5.89839336839e-05	9.07445133599e-05	0.000140653995708	9.07445133599e-06	1.8148902672e-05	9.07445133599e-06	1.3611677004e-05	0.000104356190364	4.53722566799e-06	0.000617062690847	0.000571690434167	1.8148902672e-05	0.000231398509068	1.3611677004e-05	0.000458259792467	0.00120236480202	0.00191924645756	0.000285845217084	5.44467080159e-05	0.000830312297243	0.0051316022305	0.000208712380728	3.1760579676e-05	0.000140653995708	9.07445133599e-06	0	4.53722566799e-06	0.00027223354008	0.00693288082069	0.00290382442752	0.00378858343277	0.00177859246185	5.89839336839e-05	1.8148902672e-05	1.8148902672e-05	0.000580764885503	0.000666972173195	0.000358440827771	0.000208712380728	2.268612834e-05	1.3611677004e-05	0
0	0	0	0	0	0	0	0	0	0	0	0	0	0	0	0	0	0	0	0	0	0	0	0	0	0	0	0	0	0	0	0	0	0	0	0	0	0	0	0	0	0	0	0	0	0	0	0	0	0	0	0	0	0	0	0	0	0	0	0	0	0	0	0	0	0	0	0	0	0	0	0	0	0	0	0	0	0	0	0	0	0	0	0
4.08350310119e-05	4.53722566799e-06	4.53722566799e-06	0	0.0167695860689	1.8148902672e-05	0.000458259792467	0.000431036438459	0.000331217473763	0.000503632049147	0.00211888438695	4.99094823479e-05	0.00209619825861	4.53722566799e-06	0.000267696314412	5.89839336839e-05	4.53722566799e-06	4.53722566799e-06	2.268612834e-05	2.268612834e-05	0.00373413672476	1.8148902672e-05	1.3611677004e-05	1.3611677004e-05	0.0061524780058	4.53722566799e-06	2.268612834e-05	1.3611677004e-05	0.00524957009787	0.000372052504775	2.7223354008e-05	0	9.07445133599e-06	0.000127042318704	0.00031760579676	2.7223354008e-05	0	4.53722566799e-06	0	0.00407896587553	4.53722566799e-06	0.000267696314412	8.16700620239e-05	0.000167877349716	0.000794014491899	0.00119782757635	5.44467080159e-05	0.00276317043181	9.07445133599e-06	0.000149728447044	9.07445133599e-06	0	0	1.8148902672e-05	9.07445133599e-06	0.00561254815131	2.268612834e-05	4.53722566799e-06	4.53722566799e-06	0.00115245531967	0	0	0	0.000344829150767	0.00015880289838	0	0	4.53722566799e-06	0	0.000127042318704	9.07445133599e-05	1.3611677004e-05	0.00029491966842	0.0001134306417	0.000149728447044	0	0	7.71328363559e-05	9.07445133599e-06	0.000172414575384	3.62978053439e-05	8.62072876919e-05	9.07445133599e-06	4.53722566799e-06
5.89839336839e-05	1.3611677004e-05	4.99094823479e-05	0	1.8148902672e-05	0.00518151171285	0.00240472960404	0.000122505093036	0.00215064496663	6.35211593519e-05	0.0001134306417	0.0001134306417	0.000127042318704	0.00018148902672	0.000353903602103	0.00127042318704	9.07445133599e-06	4.53722566799e-06	9.07445133599e-06	2.268612834e-05	8.62072876919e-05	2.268612834e-05	1.8148902672e-05	4.99094823479e-05	3.62978053439e-05	4.53722566799e-06	9.07445133599e-06	4.53722566799e-06	9.98189646958e-05	0.000254084637408	2.7223354008e-05	0	0.000834849522911	2.268612834e-05	0.000549004305827	0	4.53722566799e-06	0	0	1.3611677004e-05	0	0	0	4.53722566799e-06	9.07445133599e-06	0	4.53722566799e-06	0	0	9.07445133599e-06	0	0	4.53722566799e-06	0	0	9.07445133599e-06	0	0	9.07445133599e-06	1.8148902672e-05	0	4.53722566799e-06	9.07445133599e-06	4.53722566799e-06	0	0	0	0	0	4.53722566799e-06	0.000131579544372	1.8148902672e-05	0.000267696314412	0.00013611677004	0.00111615751433	0.000476408695139	0	4.53722566799e-06	4.53722566799e-06	1.3611677004e-05	2.268612834e-05	0	4.53722566799e-06	0
0.000585302111171	9.07445133599e-06	0.000190563478056	0	0.000458259792467	0.00240472960404	0.0383395568945	0.00750003402919	0.0178812063576	0.000421961987123	0.0118920684758	0.000757716686555	0.00754540628587	0.000471871469471	0.0031896696446	0.00217333109497	3.1760579676e-05	3.1760579676e-05	0.000127042318704	0.00018148902672	0.00269964927246	0.00018148902672	4.53722566799e-05	0.000426499212791	0.0012613487357	1.3611677004e-05	0.000313068571092	9.98189646958e-05	0.00441925780063	0.00262705366177	0.000440110889795	4.53722566799e-06	0.000921056810603	0.000635211593519	0.00275409598047	1.8148902672e-05	9.07445133599e-06	4.53722566799e-06	0	0.000299456894088	0	4.08350310119e-05	4.53722566799e-05	6.35211593519e-05	0.000412887535787	0.000195100703724	4.53722566799e-06	0.00020417515506	4.53722566799e-06	4.99094823479e-05	1.3611677004e-05	1.3611677004e-05	4.53722566799e-06	9.07445133599e-06	0	0.000458259792467	1.8148902672e-05	1.3611677004e-05	0	0.000671509398863	4.53722566799e-06	3.1760579676e-05	9.07445133599e-06	0.00020417515506	2.7223354008e-05	9.07445133599e-06	4.53722566799e-06	4.53722566799e-06	0	1.8148902672e-05	0.000544467080159	0.000122505093036	0.00185572529821	0.000821237845907	0.00183303916987	0.000213249606396	2.268612834e-05	4.08350310119e-05	4.53722566799e-06	6.35211593519e-05	7.71328363559e-05	3.62978053439e-05	9.07445133599e-06	1.8148902672e-05
0.00842562806546	4.53722566799e-05	0.0018285019442	0	0.000431036438459	0.000122505093036	0.00750003402919	0.0567833792349	0.0147369089696	0.00193285813457	0.0110027722449	0.000612525465179	0.000907445133599	0.000231398509068	0.00882036669858	0.000381126956111	0.000331217473763	0.000453722566799	0.000108893416032	0.000290382442752	0.000735030558215	0.00311253680824	0.000308531345424	0.00550819196094	0.00377950898144	4.53722566799e-06	0.000553541531495	0.000344829150767	0.02380682308	0.00735484280782	0.0122958815603	4.53722566799e-06	8.16700620239e-05	0.00501363436313	0.00519966061552	0.00020417515506	1.8148902672e-05	5.89839336839e-05	0	0.00105263635497	0	0.00020417515506	0.000517243726151	0.000322143022428	0.0024954741174	0.000739567783883	5.89839336839e-05	0.000503632049147	9.07445133599e-06	0.000362978053439	9.07445133599e-06	4.08350310119e-05	2.268612834e-05	1.3611677004e-05	2.268612834e-05	0.00127949763837	0.000163340124048	0.000108893416032	7.71328363559e-05	0.00376589730443	0	3.62978053439e-05	8.62072876919e-05	0.00133848157206	0.00024954741174	0.000172414575384	0	1.3611677004e-05	1.3611677004e-05	0.000254084637408	0.00174229465651	0.000276770765748	0.0035435732467	0.00158349175813	0.000431036438459	3.1760579676e-05	1.3611677004e-05	0.000222324057732	4.99094823479e-05	0.000381126956111	0.000263159088744	0.000131579544372	4.99094823479e-05	2.7223354008e-05
0.00893379734028	3.1760579676e-05	0.00214610774096	0	0.000331217473763	0.00215064496663	0.0178812063576	0.0147369089696	0.0569512565846	0.000721418881211	0.0095690089338	0.00257260695375	0.00410165200387	0.00154265672712	0.0212342161262	0.000907445133599	0.00020417515506	0.000539929854491	0.000440110889795	0.000666972173195	0.00340291925099	0.00135663047473	0.000222324057732	0.003430142605	0.00191017200623	3.62978053439e-05	0.00119329035068	0.000494557597811	0.00628405755017	0.00936483377874	0.00415609871188	1.3611677004e-05	0.0018285019442	0.00147913556777	0.00774504421526	6.80583850199e-05	4.53722566799e-05	5.44467080159e-05	0	0.000313068571092	4.53722566799e-06	8.16700620239e-05	0.000140653995708	0.000149728447044	0.000644286044855	0.00024954741174	4.99094823479e-05	0.000176951801052	2.268612834e-05	0.000149728447044	1.3611677004e-05	4.08350310119e-05	3.1760579676e-05	1.8148902672e-05	1.8148902672e-05	0.000394738633115	0.000122505093036	7.25956106879e-05	4.99094823479e-05	0.001147918094	3.1760579676e-05	6.80583850199e-05	0.000104356190364	0.000372052504775	9.07445133599e-05	5.89839336839e-05	4.53722566799e-06	1.8148902672e-05	4.53722566799e-06	0.0001134306417	0.00209166103294	0.000453722566799	0.00507261829682	0.00221870335165	0.00132940712072	0.000426499212791	3.1760579676e-05	0.000127042318704	6.35211593519e-05	0.000245010186072	0.0002268612834	6.35211593519e-05	7.71328363559e-05	5.89839336839e-05
0.000476408695139	0.00141107718275	0.000199637929392	0	0.000503632049147	6.35211593519e-05	0.000421961987123	0.00193285813457	0.000721418881211	0.0211117110332	0.000662434947527	8.16700620239e-05	0.00154265672712	4.53722566799e-05	0.000607988239511	0.00152904505011	0.000290382442752	8.62072876919e-05	1.8148902672e-05	4.53722566799e-05	0.000517243726151	0.000403813084451	0.00367515279107	0.000367515279107	0.00734576835648	0.000462797018135	0.000199637929392	0.000757716686555	0.00593015394807	0.00154719395279	0.00205082600193	0	1.3611677004e-05	0.00120690202769	0.0018148902672	0.000245010186072	4.99094823479e-05	4.08350310119e-05	0	0.00147913556777	0	0.00015880289838	0.000535392628823	0.000254084637408	0.00623868529349	0.000671509398863	3.62978053439e-05	0.000707807204207	9.07445133599e-06	0.00029491966842	4.53722566799e-05	0.00015880289838	2.7223354008e-05	1.8148902672e-05	1.8148902672e-05	0.00174229465651	0.000195100703724	0.000435573664127	0.000104356190364	0.0049047409471	1.3611677004e-05	5.44467080159e-05	0.000104356190364	0.00185572529821	0.00024954741174	0.00027223354008	9.07445133599e-06	9.07445133599e-06	1.3611677004e-05	0.00027223354008	0.00101633854963	0.000108893416032	0.00100272687263	0.000539929854491	0.00211888438695	0	1.3611677004e-05	0.000372052504775	3.62978053439e-05	0.000308531345424	0.000108893416032	0.000258621863076	4.53722566799e-05	9.07445133599e-06
0.000580764885503	4.53722566799e-06	9.52817390279e-05	0	0.00211888438695	0.0001134306417	0.0118920684758	0.0110027722449	0.0095690089338	0.000662434947527	0.0384938225673	0.000925594036271	0.00551726641228	0.000263159088744	0.0029491966842	0.000213249606396	2.268612834e-05	3.1760579676e-05	0.000186026252388	0.000335754699431	0.00734123113081	7.71328363559e-05	2.7223354008e-05	0.00013611677004	0.00297188281254	1.8148902672e-05	0.000408350310119	0.00013611677004	0.0108076715412	0.00471871469471	0.000245010186072	0	0.000145191221376	0.00162432678914	0.00395192355682	3.62978053439e-05	0	4.53722566799e-06	0	0.000925594036271	0	9.98189646958e-05	6.80583850199e-05	0.0001134306417	0.00121143925335	0.000594376562507	1.8148902672e-05	0.000480945920807	9.07445133599e-06	0.000104356190364	2.268612834e-05	9.07445133599e-06	4.53722566799e-06	1.3611677004e-05	4.53722566799e-06	0.00144737498809	1.3611677004e-05	9.07445133599e-06	9.07445133599e-06	0.00170599685117	1.3611677004e-05	3.1760579676e-05	1.3611677004e-05	0.000444648115463	5.89839336839e-05	1.3611677004e-05	4.53722566799e-06	0	0	4.08350310119e-05	0.000798551717567	0.00013611677004	0.00274502152914	0.00104356190364	0.00027223354008	3.62978053439e-05	1.8148902672e-05	4.08350310119e-05	2.268612834e-05	0.000122505093036	8.62072876919e-05	6.80583850199e-05	1.3611677004e-05	4.53722566799e-06
0.000331217473763	0.000163340124048	0.000176951801052	0	4.99094823479e-05	0.0001134306417	0.000757716686555	0.000612525465179	0.00257260695375	8.16700620239e-05	0.000925594036271	0.0309620279584	0.000957354615947	0.00751818293186	0.00210980993562	2.7223354008e-05	4.53722566799e-05	0.000644286044855	0.00517697448718	0.0069464924977	0.00101180132396	0.000131579544372	6.80583850199e-05	0.000326680248095	0.000258621863076	0.00235935734736	0.00897916959696	0.0020417515506	0.000571690434167	0.00472325192038	0.000222324057732	0.000285845217084	0.000186026252388	0.000403813084451	0.00998189646958	0	0.000258621863076	4.53722566799e-06	0	9.07445133599e-06	0	2.268612834e-05	1.8148902672e-05	2.268612834e-05	7.71328363559e-05	3.62978053439e-05	0.00117060422234	4.08350310119e-05	0.00106624803198	1.3611677004e-05	0	4.53722566799e-06	1.3611677004e-05	0.000303994119756	6.80583850199e-05	4.53722566799e-05	1.3611677004e-05	1.8148902672e-05	2.7223354008e-05	0.000108893416032	0.00107078525765	0.00127496041271	0.000653360496191	3.1760579676e-05	9.07445133599e-06	4.53722566799e-06	0.000231398509068	0	0	5.89839336839e-05	0.00125227428437	0.00331217473763	0.00793560769332	0.000794014491899	4.53722566799e-05	1.3611677004e-05	0.000807626168903	4.99094823479e-05	0.000816700620239	0.000154265672712	3.1760579676e-05	9.07445133599e-06	4.53722566799e-06	9.07445133599e-05
0.000176951801052	2.268612834e-05	4.08350310119e-05	0	0.00209619825861	0.000127042318704	0.00754540628587	0.000907445133599	0.00410165200387	0.00154265672712	0.00551726641228	0.000957354615947	0.0311162936311	0.000313068571092	0.00214610774096	0.00138385382874	2.268612834e-05	3.62978053439e-05	0.000213249606396	0.000254084637408	0.0129991515388	5.44467080159e-05	8.16700620239e-05	0.0001134306417	0.00212795883829	1.3611677004e-05	0.000417424761455	0.000122505093036	0.00235935734736	0.00358894550338	0.000154265672712	0	0.00015880289838	0.000376589730443	0.00367061556541	2.7223354008e-05	0	1.8148902672e-05	0	0.000462797018135	1.3611677004e-05	0.000789477266231	5.89839336839e-05	0.000471871469471	0.000449185341131	0.000798551717567	8.62072876919e-05	0.0042105454199	9.07445133599e-06	0.000344829150767	6.80583850199e-05	9.07445133599e-06	9.07445133599e-06	2.7223354008e-05	0	0.00235028289602	1.8148902672e-05	1.3611677004e-05	1.3611677004e-05	0.000589839336839	0	4.08350310119e-05	1.8148902672e-05	0.000172414575384	0.000217786832064	9.07445133599e-06	0	0	0	0.000195100703724	0.000571690434167	0.000140653995708	0.0025226974714	0.000939205713275	0.00154265672712	2.268612834e-05	2.7223354008e-05	9.98189646958e-05	3.1760579676e-05	0.000308531345424	0.000154265672712	0.000117967867368	4.99094823479e-05	2.7223354008e-05
7.71328363559e-05	0.000140653995708	3.62978053439e-05	0	4.53722566799e-06	0.00018148902672	0.000471871469471	0.000231398509068	0.00154265672712	4.53722566799e-05	0.000263159088744	0.00751818293186	0.000313068571092	0.0173684998571	0.000739567783883	2.268612834e-05	1.8148902672e-05	2.268612834e-05	0.000340291925099	0.0002268612834	0.000195100703724	1.8148902672e-05	0.000104356190364	9.98189646958e-05	6.35211593519e-05	0.00328041415796	0.00266335146711	0.0028357660425	0.00018148902672	0.00131579544372	7.71328363559e-05	0.000544467080159	0.000240472960404	9.98189646958e-05	0.00255899527675	0	0.000140653995708	4.53722566799e-06	0	4.53722566799e-06	0	1.3611677004e-05	9.07445133599e-06	2.7223354008e-05	2.7223354008e-05	1.8148902672e-05	0.00151997059878	1.3611677004e-05	0.00134755602339	2.268612834e-05	0	4.53722566799e-06	0	0.000344829150767	4.99094823479e-05	1.8148902672e-05	4.53722566799e-06	1.3611677004e-05	4.53722566799e-06	4.08350310119e-05	0.00115245531967	0.00110254583732	0.000449185341131	2.7223354008e-05	9.07445133599e-06	4.53722566799e-06	0.00031760579676	0	0	8.16700620239e-05	0.000235935734736	0.00208258658161	0.00177859246185	0.000362978053439	7.71328363559e-05	7.25956106879e-05	0.000476408695139	3.1760579676e-05	0.00103902467797	0.000154265672712	4.53722566799e-05	0	2.268612834e-05	0.000199637929392
0.012518205618	5.44467080159e-05	0.00198276761691	0	0.000267696314412	0.000353903602103	0.0031896696446	0.00882036669858	0.0212342161262	0.000607988239511	0.0029491966842	0.00210980993562	0.00214610774096	0.000739567783883	0.0409938339103	0.000285845217084	0.000186026252388	0.000911982359267	0.000421961987123	0.000784940040563	0.00227768728533	0.00132486989505	0.000199637929392	0.00285845217084	0.00167877349716	3.62978053439e-05	0.00138385382874	0.000503632049147	0.00424230599957	0.0146280155536	0.00498187378346	9.07445133599e-06	0.00167877349716	0.00200999097092	0.00701455088272	3.62978053439e-05	4.53722566799e-05	6.35211593519e-05	0	0.000167877349716	0	2.7223354008e-05	0.000122505093036	9.07445133599e-05	0.000417424761455	0.000131579544372	2.7223354008e-05	6.80583850199e-05	4.53722566799e-06	6.80583850199e-05	9.07445133599e-06	3.62978053439e-05	2.7223354008e-05	1.3611677004e-05	1.8148902672e-05	0.0002268612834	7.71328363559e-05	2.7223354008e-05	5.89839336839e-05	0.000698732752871	2.268612834e-05	3.62978053439e-05	0.000127042318704	0.000258621863076	5.89839336839e-05	3.62978053439e-05	0	9.07445133599e-06	0	9.52817390279e-05	0.00176044355918	0.000313068571092	0.00359348272905	0.00144283776242	0.000485483146475	0.000108893416032	4.53722566799e-05	0.000122505093036	4.99094823479e-05	0.000172414575384	0.000127042318704	4.08350310119e-05	4.08350310119e-05	2.268612834e-05
4.99094823479e-05	4.99094823479e-05	3.62978053439e-05	0	5.89839336839e-05	0.00127042318704	0.00217333109497	0.000381126956111	0.000907445133599	0.00152904505011	0.000213249606396	2.7223354008e-05	0.00138385382874	2.268612834e-05	0.000285845217084	0.00921964255736	4.53722566799e-05	9.07445133599e-06	4.53722566799e-06	9.07445133599e-06	0.000154265672712	0.0001134306417	0.000167877349716	0.00024954741174	0.000657897721859	1.8148902672e-05	4.08350310119e-05	5.44467080159e-05	0.000780402814895	0.000403813084451	0.00020417515506	0	5.89839336839e-05	0.000258621863076	0.000694195527203	4.53722566799e-06	4.53722566799e-06	1.8148902672e-05	0	6.80583850199e-05	0	1.8148902672e-05	1.3611677004e-05	2.268612834e-05	0.000149728447044	4.08350310119e-05	4.53722566799e-06	5.44467080159e-05	0	1.8148902672e-05	4.53722566799e-06	4.08350310119e-05	1.8148902672e-05	4.53722566799e-06	0	0.000108893416032	7.71328363559e-05	2.7223354008e-05	0.000131579544372	0.000176951801052	0	1.3611677004e-05	2.268612834e-05	5.89839336839e-05	9.07445133599e-06	1.8148902672e-05	0	0	0	5.89839336839e-05	0.000535392628823	5.89839336839e-05	0.000907445133599	0.000771328363559	0.0037704345301	9.07445133599e-06	0	8.16700620239e-05	2.268612834e-05	0.000140653995708	7.71328363559e-05	3.1760579676e-05	0	4.53722566799e-06
0.000186026252388	0.000648823270523	0.000462797018135	0	4.53722566799e-06	9.07445133599e-06	3.1760579676e-05	0.000331217473763	0.00020417515506	0.000290382442752	2.268612834e-05	4.53722566799e-05	2.268612834e-05	1.8148902672e-05	0.000186026252388	4.53722566799e-05	0.0193195068943	0.00020417515506	9.07445133599e-06	5.89839336839e-05	1.8148902672e-05	0.00427860380492	0.00813978284838	0.00677861514798	0.00874323386222	0.000127042318704	0.000176951801052	0.00419239651723	0.00407442864986	0.000403813084451	0.00156988008113	0	4.53722566799e-06	0.000240472960404	0.00129764654105	8.16700620239e-05	7.25956106879e-05	0.000122505093036	0	2.268612834e-05	0	1.8148902672e-05	0.000186026252388	5.89839336839e-05	0.0002268612834	4.08350310119e-05	9.07445133599e-06	4.53722566799e-06	4.53722566799e-06	9.52817390279e-05	0	0.00112523196566	5.89839336839e-05	4.53722566799e-06	9.07445133599e-06	2.268612834e-05	0.00112523196566	0.00220055444898	0.000843923974247	0.000539929854491	9.07445133599e-06	2.7223354008e-05	0.000340291925099	0.000589839336839	0.000108893416032	0.000499094823479	0	0	9.07445133599e-06	9.98189646958e-05	0.00185118807254	0.000594376562507	0.000961891841615	0.000662434947527	2.7223354008e-05	0	0	0.000240472960404	0.000104356190364	7.71328363559e-05	4.53722566799e-05	1.3611677004e-05	1.3611677004e-05	0
0.00132033266939	0.000485483146475	0.00515428835884	0	4.53722566799e-06	4.53722566799e-06	3.1760579676e-05	0.000453722566799	0.000539929854491	8.62072876919e-05	3.1760579676e-05	0.000644286044855	3.62978053439e-05	2.268612834e-05	0.000911982359267	9.07445133599e-06	0.00020417515506	0.0262705366177	0.00024954741174	0.0044374067033	4.99094823479e-05	0.0028629893965	0.000263159088744	0.00886120172959	0.000267696314412	2.7223354008e-05	0.00870239883121	0.00474140082305	0.000431036438459	0.00161525233781	0.00393831187982	0	4.53722566799e-06	0.000263159088744	0.00573505324434	4.53722566799e-06	0.000607988239511	0.000267696314412	0	0	0	0	1.3611677004e-05	9.07445133599e-06	3.1760579676e-05	4.53722566799e-06	4.08350310119e-05	0	4.53722566799e-06	9.07445133599e-06	0	9.98189646958e-05	7.71328363559e-05	3.62978053439e-05	0.000167877349716	0	7.71328363559e-05	0.00015880289838	0.000108893416032	3.62978053439e-05	6.35211593519e-05	0.000771328363559	0.00105263635497	2.268612834e-05	9.07445133599e-06	5.89839336839e-05	0	0	0	4.53722566799e-05	0.00209619825861	0.00147913556777	0.00308531345424	0.000934668487607	3.62978053439e-05	4.53722566799e-06	0	7.25956106879e-05	0.000154265672712	7.71328363559e-05	3.1760579676e-05	4.53722566799e-06	4.53722566799e-06	4.53722566799e-06
9.52817390279e-05	4.53722566799e-05	5.89839336839e-05	0	2.268612834e-05	9.07445133599e-06	0.000127042318704	0.000108893416032	0.000440110889795	1.8148902672e-05	0.000186026252388	0.00517697448718	0.000213249606396	0.000340291925099	0.000421961987123	4.53722566799e-06	9.07445133599e-06	0.00024954741174	0.010113476014	0.00422869432257	0.000285845217084	3.1760579676e-05	1.3611677004e-05	3.62978053439e-05	6.80583850199e-05	0.000340291925099	0.00590746781973	0.000639748819187	0.000145191221376	0.00102541300097	9.52817390279e-05	3.1760579676e-05	1.3611677004e-05	9.98189646958e-05	0.00185572529821	0	9.98189646958e-05	0	0	4.53722566799e-06	0	1.8148902672e-05	9.07445133599e-06	9.07445133599e-06	1.3611677004e-05	1.3611677004e-05	0.000276770765748	2.7223354008e-05	0.000190563478056	0	0	0	9.07445133599e-06	0.000213249606396	2.268612834e-05	1.8148902672e-05	0	0	9.07445133599e-06	4.53722566799e-05	0.000381126956111	0.000644286044855	0.000335754699431	4.53722566799e-06	0	0	6.35211593519e-05	0	0	2.268612834e-05	0.000458259792467	0.000621599916515	0.00172414575384	0.000299456894088	1.3611677004e-05	0	1.8148902672e-05	2.7223354008e-05	7.71328363559e-05	6.35211593519e-05	1.8148902672e-05	0	0	2.268612834e-05
0.000313068571092	0.000213249606396	0.000421961987123	0	2.268612834e-05	2.268612834e-05	0.00018148902672	0.000290382442752	0.000666972173195	4.53722566799e-05	0.000335754699431	0.0069464924977	0.000254084637408	0.0002268612834	0.000784940040563	9.07445133599e-06	5.89839336839e-05	0.0044374067033	0.00422869432257	0.0173322020517	0.000335754699431	0.000362978053439	6.35211593519e-05	0.000744105009551	0.000131579544372	0.000231398509068	0.00718242823243	0.00221416612598	0.00024954741174	0.00183757639554	0.000621599916515	1.3611677004e-05	1.8148902672e-05	0.000263159088744	0.00618877581114	0	0.000408350310119	3.62978053439e-05	0	9.07445133599e-06	0	9.07445133599e-06	9.07445133599e-06	9.07445133599e-06	4.53722566799e-05	1.3611677004e-05	0.00018148902672	1.3611677004e-05	0.000108893416032	1.3611677004e-05	0	9.07445133599e-06	1.8148902672e-05	0.00020417515506	0.0001134306417	2.268612834e-05	1.3611677004e-05	2.268612834e-05	3.62978053439e-05	5.89839336839e-05	0.000303994119756	0.00104356190364	0.000735030558215	1.8148902672e-05	4.53722566799e-06	1.8148902672e-05	5.89839336839e-05	0	0	2.7223354008e-05	0.00140200273141	0.0012613487357	0.00461889573002	0.000666972173195	2.268612834e-05	4.53722566799e-06	1.8148902672e-05	4.08350310119e-05	4.99094823479e-05	4.53722566799e-05	1.3611677004e-05	9.07445133599e-06	0	1.8148902672e-05
0.000195100703724	0	3.62978053439e-05	0	0.00373413672476	8.62072876919e-05	0.00269964927246	0.000735030558215	0.00340291925099	0.000517243726151	0.00734123113081	0.00101180132396	0.0129991515388	0.000195100703724	0.00227768728533	0.000154265672712	1.8148902672e-05	4.99094823479e-05	0.000285845217084	0.000335754699431	0.0225454743443	4.99094823479e-05	2.268612834e-05	9.98189646958e-05	0.00271779817513	1.8148902672e-05	0.000490020372143	0.000131579544372	0.00362070608306	0.0043239760616	0.000108893416032	0	0.000140653995708	0.000666972173195	0.00390655130014	2.268612834e-05	9.07445133599e-06	9.07445133599e-06	0	0.000780402814895	4.53722566799e-06	0.00013611677004	0.000108893416032	0.000140653995708	0.000426499212791	0.000499094823479	4.08350310119e-05	0.000694195527203	0	0.000131579544372	1.3611677004e-05	4.53722566799e-06	0	1.8148902672e-05	0	0.00194646981157	9.07445133599e-06	4.53722566799e-06	4.53722566799e-06	0.000730493332547	9.07445133599e-06	4.99094823479e-05	1.8148902672e-05	0.000199637929392	9.98189646958e-05	9.07445133599e-06	0	0	0	0.000104356190364	0.000639748819187	0.000149728447044	0.00282669159116	0.000957354615947	0.000290382442752	9.07445133599e-06	4.08350310119e-05	4.99094823479e-05	2.7223354008e-05	0.000154265672712	8.16700620239e-05	2.7223354008e-05	1.3611677004e-05	4.53722566799e-06
0.00171053407683	0.000199637929392	0.00196461871424	0	1.8148902672e-05	2.268612834e-05	0.00018148902672	0.00311253680824	0.00135663047473	0.000403813084451	7.71328363559e-05	0.000131579544372	5.44467080159e-05	1.8148902672e-05	0.00132486989505	0.0001134306417	0.00427860380492	0.0028629893965	3.1760579676e-05	0.000362978053439	4.99094823479e-05	0.0452452143612	0.00268150036978	0.0258077395995	0.00242741573238	4.53722566799e-05	0.000907445133599	0.00179220413886	0.00820330400773	0.00253177192274	0.0173412765031	0	1.3611677004e-05	0.00112976919133	0.00626137142183	0.000122505093036	9.52817390279e-05	0.000222324057732	0	4.53722566799e-06	0	2.268612834e-05	0.000190563478056	6.80583850199e-05	0.000399275858783	2.268612834e-05	2.268612834e-05	9.07445133599e-06	4.53722566799e-06	0.000163340124048	0	0.0010208757753	8.62072876919e-05	1.3611677004e-05	1.8148902672e-05	0	0.00123866260736	0.00184665084687	0.000444648115463	0.000626137142183	1.8148902672e-05	7.25956106879e-05	0.000290382442752	0.000603451013843	0.00013611677004	0.000603451013843	0	0	9.07445133599e-06	0.000104356190364	0.00387479072047	0.000893833456595	0.00419693374289	0.00256353250242	0.00013611677004	9.07445133599e-06	1.3611677004e-05	0.000281307991416	0.000104356190364	0.000154265672712	0.000104356190364	4.08350310119e-05	9.07445133599e-06	4.53722566799e-06
0.000222324057732	0.00497279933212	0.00137931660307	0	1.3611677004e-05	1.8148902672e-05	4.53722566799e-05	0.000308531345424	0.000222324057732	0.00367515279107	2.7223354008e-05	6.80583850199e-05	8.16700620239e-05	0.000104356190364	0.000199637929392	0.000167877349716	0.00813978284838	0.000263159088744	1.3611677004e-05	6.35211593519e-05	2.268612834e-05	0.00268150036978	0.0286344311907	0.00614340355446	0.00812617117138	0.00130218376671	0.000617062690847	0.00822599013607	0.00225046393132	0.000589839336839	0.00151089614744	0	9.07445133599e-06	0.000358440827771	0.00119329035068	0.000195100703724	0.000381126956111	0.000344829150767	0	2.268612834e-05	0	3.1760579676e-05	0.000349366376435	0.00013611677004	0.000735030558215	6.35211593519e-05	2.7223354008e-05	2.268612834e-05	1.3611677004e-05	0.000240472960404	0	0.00300818061788	0.000117967867368	1.3611677004e-05	2.7223354008e-05	2.7223354008e-05	0.00220509167464	0.00715974210409	0.00220509167464	0.00129764654105	5.89839336839e-05	0.000131579544372	0.0021824055463	0.0012613487357	0.000176951801052	0.000921056810603	4.53722566799e-06	4.53722566799e-06	1.3611677004e-05	0.000263159088744	0.00159256620947	0.000576227659835	0.000666972173195	0.000435573664127	0.00018148902672	0	1.8148902672e-05	0.000431036438459	0.000172414575384	0.000240472960404	0.000131579544372	4.53722566799e-05	2.268612834e-05	9.07445133599e-06
0.00409257755253	0.000780402814895	0.0171325641223	0	1.3611677004e-05	4.99094823479e-05	0.000426499212791	0.00550819196094	0.003430142605	0.000367515279107	0.00013611677004	0.000326680248095	0.0001134306417	9.98189646958e-05	0.00285845217084	0.00024954741174	0.00677861514798	0.00886120172959	3.62978053439e-05	0.000744105009551	9.98189646958e-05	0.0258077395995	0.00614340355446	0.085631060032	0.00230491063934	0.000127042318704	0.00326680248095	0.0143512447879	0.00624322251916	0.00212342161262	0.012681545742	4.53722566799e-06	3.1760579676e-05	0.000889296230927	0.00838025580878	0.000108893416032	0.000440110889795	0.000925594036271	0	9.07445133599e-06	4.53722566799e-06	1.8148902672e-05	0.000154265672712	8.16700620239e-05	0.000267696314412	4.08350310119e-05	3.1760579676e-05	3.1760579676e-05	4.53722566799e-06	0.000145191221376	1.3611677004e-05	0.00420600819423	0.000299456894088	1.8148902672e-05	9.07445133599e-05	1.3611677004e-05	0.002295836188	0.00494103875244	0.00431036438459	0.000676046624531	3.1760579676e-05	0.000267696314412	0.00237296902436	0.000689658301535	0.000117967867368	0.000884759005259	0	0	1.8148902672e-05	0.000390201407447	0.0133575923666	0.0046914913407	0.0084210908398	0.00598460065608	0.000267696314412	1.8148902672e-05	3.1760579676e-05	0.000703269978539	0.000281307991416	0.000508169274815	0.000303994119756	7.25956106879e-05	2.268612834e-05	9.07445133599e-06
0.00100726409829	0.00107532248331	0.000458259792467	0	0.0061524780058	3.62978053439e-05	0.0012613487357	0.00377950898144	0.00191017200623	0.00734576835648	0.00297188281254	0.000258621863076	0.00212795883829	6.35211593519e-05	0.00167877349716	0.000657897721859	0.00874323386222	0.000267696314412	6.80583850199e-05	0.000131579544372	0.00271779817513	0.00242741573238	0.00812617117138	0.00230491063934	0.0483577511695	0.000313068571092	0.000331217473763	0.00194646981157	0.0247914010499	0.00371145059642	0.00488205481876	0	4.53722566799e-05	0.00253177192274	0.00462343295568	0.000222324057732	9.98189646958e-05	0.000122505093036	0	0.00150635892177	4.53722566799e-06	0.00020417515506	0.000603451013843	0.000240472960404	0.00371145059642	0.000948280164611	2.268612834e-05	0.000657897721859	1.8148902672e-05	0.000335754699431	1.3611677004e-05	0.000603451013843	7.71328363559e-05	1.3611677004e-05	3.1760579676e-05	0.00213703328962	0.000843923974247	0.00154719395279	0.000331217473763	0.00459167237601	1.8148902672e-05	6.80583850199e-05	0.000217786832064	0.0018285019442	0.00029491966842	0.000530855403155	1.3611677004e-05	4.53722566799e-06	2.268612834e-05	0.000222324057732	0.00305355287456	0.000462797018135	0.00282215436549	0.0014745983421	0.000934668487607	1.3611677004e-05	9.07445133599e-06	0.000394738633115	9.98189646958e-05	0.000349366376435	0.000208712380728	0.000208712380728	3.62978053439e-05	1.3611677004e-05
9.07445133599e-06	0.00200545374525	3.62978053439e-05	0	4.53722566799e-06	4.53722566799e-06	1.3611677004e-05	4.53722566799e-06	3.62978053439e-05	0.000462797018135	1.8148902672e-05	0.00235935734736	1.3611677004e-05	0.00328041415796	3.62978053439e-05	1.8148902672e-05	0.000127042318704	2.7223354008e-05	0.000340291925099	0.000231398509068	1.8148902672e-05	4.53722566799e-05	0.00130218376671	0.000127042318704	0.000313068571092	0.0103085767177	0.00159256620947	0.00275409598047	6.35211593519e-05	9.98189646958e-05	3.1760579676e-05	5.89839336839e-05	9.07445133599e-06	1.3611677004e-05	0.000245010186072	4.53722566799e-06	0.000349366376435	2.268612834e-05	0	4.53722566799e-06	0	9.07445133599e-06	0	1.3611677004e-05	9.07445133599e-06	1.3611677004e-05	0.000816700620239	4.53722566799e-06	0.000789477266231	1.8148902672e-05	0	0	1.3611677004e-05	0.000195100703724	8.62072876919e-05	4.53722566799e-06	4.53722566799e-06	4.53722566799e-06	4.53722566799e-06	4.53722566799e-06	0.00140653995708	0.000925594036271	0.000549004305827	0	9.07445133599e-06	4.53722566799e-06	0.00018148902672	0	0	4.99094823479e-05	5.89839336839e-05	0.000494557597811	0.000381126956111	4.53722566799e-05	3.1760579676e-05	0	0.000372052504775	1.8148902672e-05	0.000372052504775	9.52817390279e-05	0	0	0	0.000117967867368
0.00128857208971	0.00181942749287	0.00784032595429	0	2.268612834e-05	9.07445133599e-06	0.000313068571092	0.000553541531495	0.00119329035068	0.000199637929392	0.000408350310119	0.00897916959696	0.000417424761455	0.00266335146711	0.00138385382874	4.08350310119e-05	0.000176951801052	0.00870239883121	0.00590746781973	0.00718242823243	0.000490020372143	0.000907445133599	0.000617062690847	0.00326680248095	0.000331217473763	0.00159256620947	0.0645828701582	0.0231307764554	0.000517243726151	0.00259529308209	0.00194646981157	0.000340291925099	3.62978053439e-05	0.000417424761455	0.00625683419616	9.07445133599e-06	0.00549004305827	0.000517243726151	0	9.07445133599e-06	0	9.07445133599e-06	4.08350310119e-05	5.89839336839e-05	0.0001134306417	2.7223354008e-05	0.00121143925335	1.8148902672e-05	0.000961891841615	9.07445133599e-05	0	8.16700620239e-05	0.00027223354008	0.00140653995708	0.00121597647902	3.62978053439e-05	8.16700620239e-05	0.000267696314412	0.00020417515506	0.000172414575384	0.00378404620711	0.00889296230927	0.00794014491899	6.80583850199e-05	3.1760579676e-05	4.08350310119e-05	0.000403813084451	0	0	0.000254084637408	0.00405174252152	0.00476408695139	0.00682398740466	0.00163340124048	6.35211593519e-05	1.3611677004e-05	4.53722566799e-05	0.000394738633115	0.000984577969954	0.000571690434167	8.16700620239e-05	1.3611677004e-05	0	7.25956106879e-05
0.000562615982831	0.0116062232587	0.0158848270636	0	1.3611677004e-05	4.53722566799e-06	9.98189646958e-05	0.000344829150767	0.000494557597811	0.000757716686555	0.00013611677004	0.0020417515506	0.000122505093036	0.0028357660425	0.000503632049147	5.44467080159e-05	0.00419239651723	0.00474140082305	0.000639748819187	0.00221416612598	0.000131579544372	0.00179220413886	0.00822599013607	0.0143512447879	0.00194646981157	0.00275409598047	0.0231307764554	0.0854087359743	0.000975503518619	0.000921056810603	0.00115245531967	6.80583850199e-05	1.3611677004e-05	0.000276770765748	0.0043239760616	7.25956106879e-05	0.0106443314171	0.00281307991416	0	1.8148902672e-05	0	1.3611677004e-05	9.52817390279e-05	8.16700620239e-05	0.000222324057732	1.8148902672e-05	0.000862072876919	4.53722566799e-06	0.000762253912223	0.0001134306417	0	0.00196461871424	0.000862072876919	0.000789477266231	0.00117967867368	2.268612834e-05	0.000657897721859	0.0035435732467	0.00338023312265	0.000376589730443	0.00247732521472	0.00677861514798	0.013761405451	0.000245010186072	5.44467080159e-05	0.000149728447044	0.000258621863076	0	0	0.000585302111171	0.00830312297243	0.00441472057496	0.00522234674386	0.00200091651958	8.16700620239e-05	4.53722566799e-06	5.44467080159e-05	0.000884759005259	0.00155626840412	0.000680583850199	0.000199637929392	1.8148902672e-05	1.3611677004e-05	4.53722566799e-05
0.00294012223286	0.000186026252388	0.00107985970898	0	0.00524957009787	9.98189646958e-05	0.00441925780063	0.02380682308	0.00628405755017	0.00593015394807	0.0108076715412	0.000571690434167	0.00235935734736	0.00018148902672	0.00424230599957	0.000780402814895	0.00407442864986	0.000431036438459	0.000145191221376	0.00024954741174	0.00362070608306	0.00820330400773	0.00225046393132	0.00624322251916	0.0247914010499	6.35211593519e-05	0.000517243726151	0.000975503518619	0.0767562466254	0.00789930988798	0.0146552389076	0	8.62072876919e-05	0.00544920802726	0.00835303245478	0.000367515279107	4.53722566799e-05	0.0001134306417	0	0.00403813084451	4.53722566799e-06	0.000440110889795	0.000948280164611	0.000544467080159	0.00624775974483	0.00200545374525	7.71328363559e-05	0.00154719395279	1.3611677004e-05	0.000676046624531	3.62978053439e-05	0.000362978053439	5.89839336839e-05	2.268612834e-05	4.53722566799e-05	0.00497733655779	0.000553541531495	0.000911982359267	0.00020417515506	0.00783125150296	1.8148902672e-05	8.16700620239e-05	0.000131579544372	0.00332578641464	0.000521780951819	0.000512706500483	9.07445133599e-06	0	2.7223354008e-05	0.000480945920807	0.00394738633115	0.000490020372143	0.00507715552248	0.00246371353772	0.001147918094	3.62978053439e-05	9.07445133599e-06	0.000539929854491	0.000122505093036	0.000676046624531	0.000417424761455	0.000362978053439	4.99094823479e-05	4.08350310119e-05
0.00774504421526	0.000104356190364	0.00133394434639	0	0.000372052504775	0.000254084637408	0.00262705366177	0.00735484280782	0.00936483377874	0.00154719395279	0.00471871469471	0.00472325192038	0.00358894550338	0.00131579544372	0.0146280155536	0.000403813084451	0.000403813084451	0.00161525233781	0.00102541300097	0.00183757639554	0.0043239760616	0.00253177192274	0.000589839336839	0.00212342161262	0.00371145059642	9.98189646958e-05	0.00259529308209	0.000921056810603	0.00789930988798	0.0503223698837	0.0118149356395	4.53722566799e-06	0.0010208757753	0.0136751981633	0.0208077169134	0.00015880289838	8.62072876919e-05	3.1760579676e-05	0	0.0002268612834	9.07445133599e-06	7.25956106879e-05	0.000267696314412	0.000154265672712	0.00120690202769	0.00015880289838	8.16700620239e-05	0.000104356190364	5.89839336839e-05	0.000235935734736	9.07445133599e-06	0.000122505093036	2.268612834e-05	2.268612834e-05	2.268612834e-05	0.000276770765748	0.000167877349716	0.000163340124048	9.98189646958e-05	0.00155626840412	6.80583850199e-05	0.0001134306417	0.00015880289838	0.000703269978539	0.000167877349716	0.000186026252388	1.3611677004e-05	1.8148902672e-05	9.07445133599e-06	0.000167877349716	0.00311707403391	0.000612525465179	0.00936937100441	0.00307170177723	0.000435573664127	9.07445133599e-05	6.35211593519e-05	0.000231398509068	9.52817390279e-05	0.00031760579676	0.000258621863076	0.0001134306417	7.71328363559e-05	5.89839336839e-05
