0.0279878560734	7.66178334392e-05	0.00619327486967	0	0.000791717612205	0.00100241665416	0.00173347848156	0.00843753890749	0.00259862151748	0.000383089167196	0.00061613507724	0.000450129771455	0.00202398776669	0.000268162417037	0.015706655855	4.46937361729e-05	0	0.0022059551211	9.89647015257e-05	0.000296894104577	0.00271035585791	0.00262735320502	6.38481945327e-06	0.00761389719802	0.00099603183471	0	0.00133761967546	0.00236557560744	0.00323391105308	0.0132453079558	0.0170570451694	5.42709653528e-05	0.000389473986649	0.0024932719965	0.00280293573998	0	0	0.00035116506993	0	1.27696389065e-05	6.38481945327e-06	8.61950626191e-05	1.91544583598e-05	9.5772291799e-05	0.000695945320406	3.19240972663e-05	2.23468680864e-05	0.000111734340432	0	3.19240972663e-05	0	6.38481945327e-06	4.15013264462e-05	2.23468680864e-05	4.46937361729e-05	3.83089167196e-05	6.38481945327e-05	1.59620486332e-05	0.000153235666878	0.000338395431023	0	0.000236238319771	0.00101199388334	0.000143658437699	0	4.15013264462e-05	0	3.19240972663e-06	0	2.23468680864e-05	0.000494823507628	0.000217083861411	0.0028284750178	0.00166005305785	0.000443744952002	1.59620486332e-05	0	0.000555479292434	0.000679983271773	0.000159620486332	7.02330139859e-05	8.93874723458e-05	3.19240972663e-06	0
7.66178334392e-05	0.024488975013	0.000740639056579	0	0	0	0	0	0	0.00396497288048	0	0	1.27696389065e-05	3.5116506993e-05	3.19240972663e-06	0	0.000823641709472	0.000628904716147	0	3.19240972663e-05	6.38481945327e-06	9.25798820724e-05	0.00853011878957	0.00029370169485	0.00333287575461	0.00179094185664	0.00159939727304	0.0187426375051	0.000245815548951	7.34254237126e-05	0.000197929403051	6.38481945327e-06	0	9.5772291799e-06	0.000277739646217	0	0.0079714470874	6.70406042593e-05	0	6.38481945327e-06	0	9.5772291799e-06	3.19240972663e-06	3.19240972663e-06	3.19240972663e-05	1.91544583598e-05	8.61950626191e-05	1.59620486332e-05	0.000280932055944	6.38481945327e-06	0	6.70406042593e-05	5.74633750794e-05	6.38481945327e-06	0.00028412446567	9.5772291799e-06	0	0.00102476352225	0.000296894104577	5.74633750794e-05	0.000424590493642	0.00231130464208	0.0118789565928	1.91544583598e-05	0	0	0	0	0	2.87316875397e-05	0.000280932055944	0.000210699041958	0.000498015917355	0.000319240972663	6.70406042593e-05	0	0	0.000210699041958	6.38481945327e-05	0.000175582534965	3.19240972663e-05	6.38481945327e-06	3.19240972663e-06	3.19240972663e-06
0.00619327486967	0.000740639056579	0.0469220381621	0	1.59620486332e-05	0	6.38481945327e-06	0.000619327486967	0	3.19240972663e-06	2.55392778131e-05	0	5.10785556261e-05	9.5772291799e-06	0.00202718017641	0	3.19240972663e-06	0.0176157168716	1.59620486332e-05	0.00125461702257	5.42709653528e-05	0.00846307818531	2.55392778131e-05	0.0241378099431	0.000108541930706	0	0.0159077776678	0.0237802600537	0.000386281576923	0.00434167722822	0.0150266725833	6.38481945327e-06	0	9.25798820724e-05	0.000801294841385	9.5772291799e-06	0.000150043257152	0.000743831466306	0	3.19240972663e-06	0	1.27696389065e-05	0	1.59620486332e-05	3.19240972663e-06	6.38481945327e-06	3.19240972663e-06	9.5772291799e-06	0	6.38481945327e-06	0	4.78861458995e-05	0.00116203714049	3.19240972663e-06	0.000900259542911	0	6.0655784806e-05	9.5772291799e-06	0.000881105084551	0.000344780250476	0	0.00107584207788	0.00290828526096	0.000316048562937	3.19240972663e-06	1.27696389065e-05	0	0	0	0.000434167722822	0.000354357479656	0.000105349520979	0.00117161436967	0.000494823507628	0.000102157111252	0	0	0.0019058686068	0.00365211672727	0.00101518629307	0.000130888798792	6.38481945327e-06	0	0
0	0	0	0	0	0	0	0	0	0	0	0	0	0	0	0	0	0	0	0	0	0	0	0	0	0	0	0	0	0	0	0	0	0	0	0	0	0	0	0	0	0	0	0	0	0	0	0	0	0	0	0	0	0	0	0	0	0	0	0	0	0	0	0	0	0	0	0	0	0	0	0	0	0	0	0	0	0	0	0	0	0	0	0
0.000791717612205	0	1.59620486332e-05	0	0.0218009660232	0.000264970007311	0.00242303898252	0.00118119159885	0.000437360132549	0.00279016610108	0.000842796167831	0.000823641709472	0.00466091820089	0.000226661090591	0.00125142461284	0.000280932055944	0	6.38481945327e-06	0.000153235666878	0.000405436035283	0.00628266234202	4.78861458995e-05	0	0.000194736993325	0.011479905377	0	0.000421398083916	7.02330139859e-05	0.00788525202479	0.0055260612368	0.000772563153845	6.38481945327e-05	6.38481945327e-05	0.00236876801716	0.00495461989574	0	0	3.19240972663e-06	0	0.00466411061061	6.38481945327e-06	6.38481945327e-05	2.23468680864e-05	5.42709653528e-05	0.00604323161252	0.00298171068468	0.000130888798792	0.00285720670534	6.38481945327e-06	3.5116506993e-05	0.000325625792117	0	0	0.000114926750159	9.25798820724e-05	0.00631458643928	3.19240972663e-06	0	1.27696389065e-05	0.00482053868722	0	4.46937361729e-05	1.27696389065e-05	0.0014748932937	9.5772291799e-06	3.19240972663e-06	0	0	0	0.000280932055944	0.00149724016179	0.000153235666878	0.00299767273331	0.00105030280006	0.000258585187857	0	0	0.000121311569612	3.19240972663e-06	0.000236238319771	3.19240972663e-06	0.000264970007311	3.19240972663e-05	0
0.00100241665416	0	0	0	0.000264970007311	0.0125876715521	0.00744789189224	0.00206548909313	0.00544305858391	0.000542709653528	0.000641674355053	8.93874723458e-05	0.00119715364749	3.19240972663e-05	0.00281889778862	0.00311259948347	0	0	3.19240972663e-05	3.19240972663e-06	0.00132804244628	1.91544583598e-05	0	1.27696389065e-05	0.00101199388334	0	0	0	0.00133761967546	0.00157705040496	0.000418205674189	0	0.00375427383852	0.000791717612205	0.00211976005848	0	0	0	0	8.30026528925e-05	0	0	0	0	0.000418205674189	0.000118119159885	0	0.000166005305785	0	0	3.83089167196e-05	0	0	0	0	0.000127696389065	0	0	0	0.000245815548951	0	0	0	5.42709653528e-05	0	0	0	0	0	0	0.000118119159885	6.70406042593e-05	0.000798102431658	0.000507593146535	0.00358507612301	0.000750216285759	0	0.000108541930706	6.38481945327e-06	0	0	3.5116506993e-05	0	0
0.00173347848156	0	6.38481945327e-06	0	0.00242303898252	0.00744789189224	0.0511360190012	0.00899621060965	0.0198152871732	0.000641674355053	0.016734611787	0.00195056234297	0.0161631704459	0.000810872070565	0.00702010898887	0.00570164377177	0	1.59620486332e-05	0.000434167722822	0.000271354826764	0.0124599751631	5.10785556261e-05	0	6.38481945327e-05	0.00333606816433	0	9.5772291799e-05	1.59620486332e-05	0.00781182660107	0.00720526875301	0.000469284229815	6.70406042593e-05	0.00214210692657	0.00064486676478	0.00528982291703	0	0	0	0	6.38481945327e-06	0	1.91544583598e-05	0	0	0.000226661090591	2.55392778131e-05	1.91544583598e-05	0.00178774944692	3.19240972663e-06	0	1.27696389065e-05	0	0	1.59620486332e-05	1.27696389065e-05	2.23468680864e-05	0	0	3.19240972663e-06	0.000108541930706	0	0	0	1.59620486332e-05	0	0	0	0	0	3.5116506993e-05	0.00143339196726	0.000379896757469	0.00280612814971	0.000491631097902	0.00280932055944	0.000277739646217	0	0.000146850847425	6.38481945327e-06	3.19240972663e-05	1.27696389065e-05	3.19240972663e-05	9.5772291799e-06	0
0.00843753890749	0	0.000619327486967	0	0.00118119159885	0.00206548909313	0.00899621060965	0.0558671702161	0.0103561771532	0.000724677007946	0.0139061367692	0.000242623139224	0.00100560906389	5.42709653528e-05	0.00777351768435	0.000191544583598	0	0.000124503979339	4.46937361729e-05	0.000181967354418	0.00331372129625	0.00274547236491	1.91544583598e-05	0.00327541237953	0.00747662357978	0	0.00030327892403	0.000446937361729	0.0342481715473	0.0128239098719	0.0130154544555	1.27696389065e-05	0.000392666396376	0.01062753198	0.00636885740463	0	0	0	0	0.00098645460553	0	1.27696389065e-05	0.000146850847425	2.55392778131e-05	0.00305832851812	0.000568248931341	0.000121311569612	0.000430975313096	0	2.23468680864e-05	1.91544583598e-05	1.27696389065e-05	0	0.000127696389065	0.000105349520979	0.000590595799427	6.38481945327e-05	4.46937361729e-05	5.42709653528e-05	0.00276781923299	0	2.55392778131e-05	6.38481945327e-06	0.00119396123776	0	2.87316875397e-05	0	0	0	0.000134081208519	0.00191863824571	0.000242623139224	0.00525151400031	0.00319560213636	0.000603365438334	0	0	0.000660828813413	1.91544583598e-05	0.000114926750159	0	0.000162812896058	3.19240972663e-06	0
0.00259862151748	0	0	0	0.000437360132549	0.00544305858391	0.0198152871732	0.0103561771532	0.0346472227632	0.000153235666878	0.00735531201016	0.000715099778766	0.00310940707374	0.000207506632231	0.0120832708153	0.000960915327717	0	0	5.74633750794e-05	2.87316875397e-05	0.00450129771455	3.5116506993e-05	0	5.10785556261e-05	0.00202398776669	0	3.19240972663e-05	0	0.00501208327082	0.00307109815702	0.000734254237126	3.19240972663e-05	0.00168559233566	0.000890682313731	0.00193460029434	0	0	0	0	2.87316875397e-05	0	2.55392778131e-05	0	9.5772291799e-06	0.00028412446567	2.87316875397e-05	1.27696389065e-05	0.000309663743483	3.19240972663e-06	3.19240972663e-06	0	0	0	9.5772291799e-06	9.5772291799e-06	9.5772291799e-06	0	0	0	0.000172390125238	0	3.19240972663e-06	3.19240972663e-06	6.0655784806e-05	0	3.19240972663e-06	0	0	0	3.83089167196e-05	0.000210699041958	0.000127696389065	0.000759793514939	0.00033201061157	0.000533132424348	6.38481945327e-05	0	0.000175582534965	6.38481945327e-06	5.10785556261e-05	2.87316875397e-05	1.59620486332e-05	3.19240972663e-05	3.19240972663e-06
0.000383089167196	0.00396497288048	3.19240972663e-06	0	0.00279016610108	0.000542709653528	0.000641674355053	0.000724677007946	0.000153235666878	0.0263565347031	3.19240972663e-06	3.5116506993e-05	0.00129611834901	2.23468680864e-05	0.000456514590909	0.00176859498856	6.38481945327e-05	0	3.19240972663e-06	0	0.000111734340432	0.000261777597584	0.00897705615129	1.59620486332e-05	0.0126483273369	0.000734254237126	0.000127696389065	0.00276462682327	0.00660509572441	0.00123227015448	0.00104391798061	0	6.70406042593e-05	0.000903451952637	0.00121311569612	3.19240972663e-06	6.0655784806e-05	0	0	0.00126738666147	3.19240972663e-06	0.000418205674189	0.000105349520979	0.000399051215829	0.0103306378754	0.000379896757469	0.000105349520979	0.00233045910044	6.38481945327e-06	8.30026528925e-05	0.000581018570247	0.00160897450222	0	7.34254237126e-05	5.10785556261e-05	0.00115884473077	0.00033201061157	0.00170793920375	2.55392778131e-05	0.00683494922472	3.19240972663e-06	9.89647015257e-05	8.61950626191e-05	0.00234642114908	6.38481945327e-06	0.000143658437699	0	0	0	0.000150043257152	0.00166005305785	0.000274547236491	0.000249007958677	7.34254237126e-05	0.0018579824609	0	0	0.00203675740559	0.000108541930706	0.000143658437699	0	0.00067359845232	1.59620486332e-05	0
0.00061613507724	0	2.55392778131e-05	0	0.000842796167831	0.000641674355053	0.016734611787	0.0139061367692	0.00735531201016	3.19240972663e-06	0.0300756920346	0.00034158784075	0.00141104509917	8.30026528925e-05	0.00381492962333	1.27696389065e-05	0	9.5772291799e-06	6.70406042593e-05	0.000114926750159	0.00643270559917	5.42709653528e-05	0	6.0655784806e-05	0.00248688717705	0	5.42709653528e-05	6.38481945327e-06	0.0142381473808	0.00447895084647	0.000105349520979	3.5116506993e-05	6.38481945327e-05	0.00207825873204	0.00170474679402	0	0	0	0	4.46937361729e-05	6.38481945327e-06	1.91544583598e-05	0	6.38481945327e-06	9.89647015257e-05	0.000386281576923	2.23468680864e-05	0.000143658437699	3.19240972663e-06	6.38481945327e-06	0	3.19240972663e-06	0	1.59620486332e-05	6.38481945327e-06	0.00034158784075	0	0	3.19240972663e-06	0.000239430729498	0	3.19240972663e-06	0	5.10785556261e-05	0	0	0	0	0	2.55392778131e-05	0.000111734340432	9.5772291799e-06	0.0012226929253	0.000533132424348	1.27696389065e-05	0	0	5.74633750794e-05	0	2.55392778131e-05	0	7.02330139859e-05	0	0
0.000450129771455	0	0	0	0.000823641709472	8.93874723458e-05	0.00195056234297	0.000242623139224	0.000715099778766	3.5116506993e-05	0.00034158784075	0.020939015397	0.00472476639542	0.00660190331468	0.00274866477463	0.000418205674189	0	1.91544583598e-05	0.00222830198919	0.00393943360267	0.00491950338874	0	0	2.23468680864e-05	0.000229853500318	0.000434167722822	0.00316687044882	0.00032243338239	0.00093856845963	0.00954530508264	3.83089167196e-05	0.00172070884266	0.000383089167196	0.000520362785441	0.0113490165782	0	1.91544583598e-05	0	0	9.5772291799e-06	0	0	0	0	1.59620486332e-05	2.23468680864e-05	0.000191544583598	0.000651251584233	0.000220276271138	0	0	0	0	0	0	2.23468680864e-05	0	0	3.19240972663e-06	2.23468680864e-05	0.000156428076605	1.91544583598e-05	3.5116506993e-05	3.19240972663e-06	0	0	0	0	0	0	0.000201121812778	0.00178455703719	0.00651570825206	0.000239430729498	0.000159620486332	3.19240972663e-06	0.00037031952829	3.19240972663e-06	9.25798820724e-05	0	0	0	0	5.42709653528e-05
0.00202398776669	1.27696389065e-05	5.10785556261e-05	0	0.00466091820089	0.00119715364749	0.0161631704459	0.00100560906389	0.00310940707374	0.00129611834901	0.00141104509917	0.00472476639542	0.0480138422886	0.00144935401589	0.00442148747139	0.00311898430292	0	1.91544583598e-05	0.000897067133184	0.00241346175334	0.0224649872463	7.02330139859e-05	0	0.000108541930706	0.00242623139224	6.38481945327e-06	0.00113969027241	5.42709653528e-05	0.00268800898983	0.0124887068506	0.000178774944692	0.000197929403051	0.000166005305785	0.000737446646852	0.0101167464237	5.10785556261e-05	2.55392778131e-05	0	0	0.000197929403051	0	0.00541113448664	2.55392778131e-05	0.000418205674189	0.000175582534965	0.00913667663763	0.00259542910775	0.0127121755315	0.000194736993325	0.00232088187126	1.91544583598e-05	0	3.19240972663e-06	0.001366351363	0.00100560906389	0.00468007265925	3.5116506993e-05	1.27696389065e-05	3.19240972663e-05	0.000418205674189	2.23468680864e-05	0.000482053868722	5.74633750794e-05	0.000105349520979	0.0011269206335	3.83089167196e-05	0	6.38481945327e-06	0	0.00422675047806	0.00198887125969	0.000402243625556	0.00579422365384	0.000581018570247	0.000715099778766	3.5116506993e-05	0	0.000373511938016	1.59620486332e-05	0.00267523935092	0.000178774944692	0.000296894104577	0.000178774944692	2.23468680864e-05
0.000268162417037	3.5116506993e-05	9.5772291799e-06	0	0.000226661090591	3.19240972663e-05	0.000810872070565	5.42709653528e-05	0.000207506632231	2.23468680864e-05	8.30026528925e-05	0.00660190331468	0.00144935401589	0.020086642	0.00116842195995	0.000242623139224	0	6.38481945327e-06	8.93874723458e-05	6.38481945327e-06	0.00118438400858	5.10785556261e-05	0	0.000185159764145	2.23468680864e-05	0.00410543890845	0.00253477332295	0.00460345482581	0.000108541930706	0.00313175394183	0.000124503979339	0.00272951031627	0.000111734340432	2.55392778131e-05	0.00328179719898	0	0.000229853500318	3.19240972663e-06	0	0	0	0	0	0	2.23468680864e-05	0	0.0024453858506	0.000201121812778	0.0043863709644	0	0	0	0	6.38481945327e-06	6.38481945327e-06	0	0	3.83089167196e-05	9.5772291799e-06	2.23468680864e-05	0.00216445379466	0.000855565806738	0.00061613507724	0	0	0	4.46937361729e-05	0	0	3.5116506993e-05	0.000999224244436	0.00481734627749	0.00341907081722	0.000258585187857	7.98102431658e-05	0	0.000839603758105	3.19240972663e-06	0.000657636403687	0	0	0	0	0.000162812896058
0.015706655855	3.19240972663e-06	0.00202718017641	0	0.00125142461284	0.00281889778862	0.00702010898887	0.00777351768435	0.0120832708153	0.000456514590909	0.00381492962333	0.00274866477463	0.00442148747139	0.00116842195995	0.0403265196668	0.000440552542275	0	0.000472476639542	0.000466091820089	0.000415013264462	0.00633054848792	0.00174624812047	6.38481945327e-06	0.0031285615321	0.00211337523903	0	0.000389473986649	0.000775755563572	0.0057176058204	0.0189501441373	0.00885893699141	9.25798820724e-05	0.00221233994056	0.00331691370597	0.00625393065448	0	0	6.38481945327e-06	0	1.59620486332e-05	6.38481945327e-06	0.000121311569612	9.5772291799e-06	7.34254237126e-05	0.000852373397011	9.25798820724e-05	4.15013264462e-05	0.00035116506993	3.19240972663e-06	3.19240972663e-05	0	6.38481945327e-06	3.19240972663e-06	3.83089167196e-05	4.15013264462e-05	4.78861458995e-05	5.10785556261e-05	1.27696389065e-05	7.34254237126e-05	0.000386281576923	0	2.87316875397e-05	6.38481945327e-06	0.000105349520979	0	2.55392778131e-05	0	6.38481945327e-06	0	8.93874723458e-05	0.00111734340432	0.000430975313096	0.00358826853274	0.00154193389796	0.000638481945327	2.87316875397e-05	0	0.000568248931341	3.19240972663e-05	9.89647015257e-05	8.93874723458e-05	0.000124503979339	6.0655784806e-05	3.19240972663e-06
4.46937361729e-05	0	0	0	0.000280932055944	0.00311259948347	0.00570164377177	0.000191544583598	0.000960915327717	0.00176859498856	1.27696389065e-05	0.000418205674189	0.00311898430292	0.000242623139224	0.000440552542275	0.010662648487	0	0	9.89647015257e-05	6.38481945327e-06	7.66178334392e-05	0	0	3.19240972663e-06	0.00141742991863	0	1.91544583598e-05	0	0.00035116506993	0.00108861171678	1.27696389065e-05	9.5772291799e-06	0.00100241665416	3.19240972663e-05	0.000874720265098	0	0	0	0	3.19240972663e-06	0	1.59620486332e-05	0	0	0.000220276271138	1.27696389065e-05	9.5772291799e-06	0.000162812896058	3.19240972663e-06	0	5.42709653528e-05	0	0	6.38481945327e-06	0	2.55392778131e-05	0	0	0	9.5772291799e-06	0	0	0	6.38481945327e-06	0	0	0	0	0	1.27696389065e-05	0.000213891451684	0.000118119159885	0.000501208327082	0.000121311569612	0.00582295534138	0.000191544583598	0	6.38481945327e-06	0	6.38481945327e-06	0	3.5116506993e-05	0	0
0	0.000823641709472	3.19240972663e-06	0	0	0	0	0	0	6.38481945327e-05	0	0	0	0	0	0	0.0165622216618	3.19240972663e-06	0	0	0	0.00176859498856	0.0102604048614	0.0066880983773	0.00357549889383	2.55392778131e-05	6.38481945327e-06	0.00464814856198	0.00139827546027	0	0	0	0	0	0	0	0.000143658437699	0	0	0	0	3.19240972663e-06	0	0	0	9.5772291799e-06	0	9.5772291799e-06	0	0	0	0.00142700714781	0	0	0	9.5772291799e-06	0.000220276271138	0.00237834524634	0.0011269206335	1.59620486332e-05	0	3.83089167196e-05	0.00033201061157	0	0	0	0	0	0	0	6.0655784806e-05	1.91544583598e-05	0	0	0	0	0	9.5772291799e-06	6.38481945327e-06	0	0	6.38481945327e-06	0	0
0.0022059551211	0.000628904716147	0.0176157168716	0	6.38481945327e-06	0	1.59620486332e-05	0.000124503979339	0	0	9.5772291799e-06	1.91544583598e-05	1.91544583598e-05	6.38481945327e-06	0.000472476639542	0	3.19240972663e-06	0.0321954520931	3.19240972663e-05	0.00307748297648	1.27696389065e-05	0.00478542218022	4.15013264462e-05	0.014177491596	3.5116506993e-05	0	0.0139572153248	0.00981346749967	0.000114926750159	0.00237196042689	0.00814702962237	0	0	7.34254237126e-05	0.00601769233471	0	0.000127696389065	0.00036074229911	0	0	0	0	0	0	3.19240972663e-06	0	3.19240972663e-06	0	0	0	0	0	0.000421398083916	0	0.00100241665416	0	1.91544583598e-05	9.5772291799e-06	0.000306471333757	7.66178334392e-05	0	0.000743831466306	0.00120673087667	7.02330139859e-05	3.19240972663e-06	3.19240972663e-06	0	0	0	0.000102157111252	0.000507593146535	0.00028412446567	0.0015578959466	0.000667213632866	2.55392778131e-05	3.19240972663e-06	0	0.000379896757469	0.000852373397011	0.000344780250476	6.38481945327e-05	0	0	0
9.89647015257e-05	0	1.59620486332e-05	0	0.000153235666878	3.19240972663e-05	0.000434167722822	4.46937361729e-05	5.74633750794e-05	3.19240972663e-06	6.70406042593e-05	0.00222830198919	0.000897067133184	8.93874723458e-05	0.000466091820089	9.89647015257e-05	0	3.19240972663e-05	0.00673279211347	0.00150681739097	0.000973684966623	3.19240972663e-06	0	8.30026528925e-05	2.23468680864e-05	0	0.00362338503973	4.46937361729e-05	0.000169197715512	0.00178136462746	1.91544583598e-05	0.000421398083916	7.02330139859e-05	0.000146850847425	0.00205271945423	0	0	3.19240972663e-06	0	0	0	0	0	0	0	0	3.19240972663e-06	0.000111734340432	2.23468680864e-05	0	0	0	0	0	0	0	0	0	1.27696389065e-05	0	0	2.87316875397e-05	9.5772291799e-06	0	0	0	9.5772291799e-06	0	0	0	0.00098645460553	0.00095772291799	0.00173986330102	0.000335203021297	5.10785556261e-05	0	0	1.27696389065e-05	0	1.59620486332e-05	2.23468680864e-05	0	0	0
0.000296894104577	3.19240972663e-05	0.00125461702257	0	0.000405436035283	3.19240972663e-06	0.000271354826764	0.000181967354418	2.87316875397e-05	0	0.000114926750159	0.00393943360267	0.00241346175334	6.38481945327e-06	0.000415013264462	6.38481945327e-06	0	0.00307748297648	0.00150681739097	0.0153586831948	0.0030806753862	0.000223468680864	0	0.0010311483417	0.000121311569612	0	0.0100401285903	0.000657636403687	0.000679983271773	0.00407989963064	0.00092899123045	6.38481945327e-05	0	0.000555479292434	0.00720846116274	0	3.5116506993e-05	0	0	1.27696389065e-05	0	3.19240972663e-06	0	0	1.59620486332e-05	2.23468680864e-05	6.38481945327e-06	0.000290509285124	3.19240972663e-06	0	0	6.38481945327e-06	2.87316875397e-05	3.19240972663e-06	0.000462899410362	2.23468680864e-05	3.19240972663e-06	6.38481945327e-06	0.000188352173871	6.38481945327e-05	0	0.000146850847425	8.30026528925e-05	2.23468680864e-05	0	0	0	0	0	7.02330139859e-05	0.0006831756815	0.000679983271773	0.00422994288779	0.000418205674189	1.91544583598e-05	3.19240972663e-06	0	0.000319240972663	0.000587403389701	6.38481945327e-05	2.23468680864e-05	3.19240972663e-06	0	0
0.00271035585791	6.38481945327e-06	5.42709653528e-05	0	0.00628266234202	0.00132804244628	0.0124599751631	0.00331372129625	0.00450129771455	0.000111734340432	0.00643270559917	0.00491950338874	0.0224649872463	0.00118438400858	0.00633054848792	7.66178334392e-05	0	1.27696389065e-05	0.000973684966623	0.0030806753862	0.0363008910016	7.02330139859e-05	0	0.000156428076605	0.00145573883535	0	0.00238792247552	7.34254237126e-05	0.007719246719	0.0157194254939	0.000194736993325	0.000306471333757	0.000134081208519	0.00422994288779	0.012938836622	3.19240972663e-06	3.19240972663e-06	0	0	0.00064486676478	0	9.25798820724e-05	1.27696389065e-05	2.87316875397e-05	0.000651251584233	0.00115245991131	0.000226661090591	0.00357869130356	3.19240972663e-06	5.42709653528e-05	1.59620486332e-05	3.19240972663e-06	0	0.000185159764145	0.000204314222505	0.00153874148824	3.19240972663e-06	0	1.91544583598e-05	0.000919414001271	0	0.000102157111252	6.38481945327e-06	0.000239430729498	3.5116506993e-05	3.19240972663e-06	0	0	0	0.000501208327082	0.00190267619707	0.000194736993325	0.00879189638715	0.00205591186395	8.93874723458e-05	3.5116506993e-05	0	0.000108541930706	9.5772291799e-06	0.000440552542275	1.27696389065e-05	6.70406042593e-05	2.55392778131e-05	0
0.00262735320502	9.25798820724e-05	0.00846307818531	0	4.78861458995e-05	1.91544583598e-05	5.10785556261e-05	0.00274547236491	3.5116506993e-05	0.000261777597584	5.42709653528e-05	0	7.02330139859e-05	5.10785556261e-05	0.00174624812047	0	0.00176859498856	0.00478542218022	3.19240972663e-06	0.000223468680864	7.02330139859e-05	0.0482277337403	0.00286997634424	0.0314643902657	0.000494823507628	0	0.00177497980801	0.00488757929148	0.00879189638715	0.00573676027876	0.022713995205	0	3.19240972663e-06	0.00268162417037	0.0050823162848	9.5772291799e-06	3.19240972663e-06	3.5116506993e-05	0	5.10785556261e-05	3.19240972663e-06	0.000127696389065	3.83089167196e-05	0.000114926750159	5.42709653528e-05	0.000134081208519	2.55392778131e-05	0.000245815548951	0	3.19240972663e-05	0	0.000670406042593	3.5116506993e-05	1.59620486332e-05	2.23468680864e-05	0.000197929403051	0.00203675740559	0.00205271945423	0.00118438400858	0.000217083861411	0	3.5116506993e-05	0.000204314222505	0.000603365438334	6.38481945327e-06	0.000121311569612	0	0	0	3.83089167196e-05	0.00215487656548	0.000402243625556	0.00426825180451	0.00337756949078	0.00173028607184	3.5116506993e-05	0	0.000504400736808	0.000124503979339	5.42709653528e-05	9.5772291799e-06	9.25798820724e-05	3.19240972663e-06	0
6.38481945327e-06	0.00853011878957	2.55392778131e-05	0	0	0	0	1.91544583598e-05	0	0.00897705615129	0	0	0	0	6.38481945327e-06	0	0.0102604048614	4.15013264462e-05	0	0	0	0.00286997634424	0.0423473150238	0.0101933642571	0.00894513205403	0.000686368091226	9.89647015257e-05	0.0169836197457	0.00633374089764	2.55392778131e-05	7.34254237126e-05	0	0	1.27696389065e-05	1.59620486332e-05	0	0.000373511938016	9.5772291799e-06	0	0	0	3.19240972663e-06	1.91544583598e-05	3.19240972663e-06	0.00222191716974	3.19240972663e-06	9.5772291799e-06	3.19240972663e-06	9.5772291799e-06	0	0	0.0106913801745	0	6.38481945327e-06	0	3.19240972663e-06	0.00177178739828	0.0172358201141	0.00524193677113	0.00226661090591	3.19240972663e-06	0.000102157111252	0.00591234281373	0.00101199388334	0	2.23468680864e-05	0	0	0	0	0.000105349520979	0.000124503979339	3.19240972663e-05	2.23468680864e-05	0.000146850847425	0	0	4.78861458995e-05	2.23468680864e-05	0	0	9.5772291799e-06	0	0
0.00761389719802	0.00029370169485	0.0241378099431	0	0.000194736993325	1.27696389065e-05	6.38481945327e-05	0.00327541237953	5.10785556261e-05	1.59620486332e-05	6.0655784806e-05	2.23468680864e-05	0.000108541930706	0.000185159764145	0.0031285615321	3.19240972663e-06	0.0066880983773	0.014177491596	8.30026528925e-05	0.0010311483417	0.000156428076605	0.0314643902657	0.0101933642571	0.0940036968105	0.000839603758105	0	0.00534090147266	0.0216062290299	0.00629543198092	0.00674556175238	0.0269822470095	0.000114926750159	0	0.00134081208519	0.00543986617418	6.38481945327e-06	4.15013264462e-05	0.000453322181182	0	5.42709653528e-05	3.19240972663e-06	0.000159620486332	0.000105349520979	0.000134081208519	0.000114926750159	0.000105349520979	3.19240972663e-05	0.000264970007311	0	6.0655784806e-05	0	0.00532813183375	0.000105349520979	2.55392778131e-05	0.000249007958677	0.000191544583598	0.0021580689752	0.00991881702065	0.00887170663032	0.00030327892403	0	0.000456514590909	0.00186436728035	0.000600173028607	3.19240972663e-06	0.000236238319771	0	3.19240972663e-06	0	4.78861458995e-05	0.0108893095775	0.00162174414113	0.0114830977867	0.00858438975492	0.00236876801716	4.15013264462e-05	0	0.000884297494278	0.00119076882803	0.000335203021297	0.000242623139224	0.000118119159885	6.38481945327e-06	0
0.00099603183471	0.00333287575461	0.000108541930706	0	0.011479905377	0.00101199388334	0.00333606816433	0.00747662357978	0.00202398776669	0.0126483273369	0.00248688717705	0.000229853500318	0.00242623139224	2.23468680864e-05	0.00211337523903	0.00141742991863	0.00357549889383	3.5116506993e-05	2.23468680864e-05	0.000121311569612	0.00145573883535	0.000494823507628	0.00894513205403	0.000839603758105	0.045463106917	0.000533132424348	0.000338395431023	0.0029849030944	0.0203101106808	0.00624116101557	0.00355315202574	3.19240972663e-05	0.00028412446567	0.00489715652066	0.00393304878321	0	7.66178334392e-05	3.19240972663e-06	0	0.00382131444278	0	5.74633750794e-05	4.78861458995e-05	3.5116506993e-05	0.00896109410266	0.0012226929253	4.78861458995e-05	0.00211656764876	6.38481945327e-06	2.87316875397e-05	0.000418205674189	8.61950626191e-05	0	2.87316875397e-05	1.59620486332e-05	0.0032722199698	7.34254237126e-05	0.000233045910044	7.66178334392e-05	0.00663382741195	3.19240972663e-06	9.89647015257e-05	0.000166005305785	0.00240388452416	3.19240972663e-06	3.5116506993e-05	0	0	0	0.000118119159885	0.00255392778131	0.000197929403051	0.00271993308709	0.00108541930706	0.00271993308709	0	0	0.000849180987285	6.0655784806e-05	0.000105349520979	3.19240972663e-06	0.000347972660203	3.19240972663e-05	0
0	0.00179094185664	0	0	0	0	0	0	0	0.000734254237126	0	0.000434167722822	6.38481945327e-06	0.00410543890845	0	0	2.55392778131e-05	0	0	0	0	0	0.000686368091226	0	0.000533132424348	0.0108286537927	0.000909836772091	0.00365850154672	1.91544583598e-05	0	0	4.15013264462e-05	0	0	3.19240972663e-06	0	0.00155470353687	0	0	0	0	1.27696389065e-05	0	0	6.38481945327e-06	1.27696389065e-05	0.00155151112714	6.38481945327e-06	0.00301682719167	6.38481945327e-06	0	0	0	1.27696389065e-05	9.5772291799e-06	0	0	3.19240972663e-06	0	6.38481945327e-06	0.00257946705912	0.000842796167831	0.00116522955022	0	0	0	0	0	0	3.19240972663e-05	6.38481945327e-06	0.000737446646852	2.55392778131e-05	0	0	0	0.000280932055944	0	0.000156428076605	2.23468680864e-05	0	0	0	0.000197929403051
0.00133761967546	0.00159939727304	0.0159077776678	0	0.000421398083916	0	9.5772291799e-05	0.00030327892403	3.19240972663e-05	0.000127696389065	5.42709653528e-05	0.00316687044882	0.00113969027241	0.00253477332295	0.000389473986649	1.91544583598e-05	6.38481945327e-06	0.0139572153248	0.00362338503973	0.0100401285903	0.00238792247552	0.00177497980801	9.89647015257e-05	0.00534090147266	0.000338395431023	0.000909836772091	0.0783864284278	0.0299160715483	0.00113649786268	0.00443744952002	0.00464495615225	0.00226341849618	3.19240972663e-06	0.00102795593198	0.0115661004396	6.38481945327e-06	0.00508550869453	0.000169197715512	0	1.59620486332e-05	0	2.23468680864e-05	6.38481945327e-06	1.27696389065e-05	0.000185159764145	5.42709653528e-05	0.00199844848887	0.000102157111252	0.00391708673458	6.38481945327e-06	9.5772291799e-06	3.5116506993e-05	0.000478861458995	0.000252200368404	0.00294020935823	3.83089167196e-05	4.78861458995e-05	0.000118119159885	0.000475669049268	0.000383089167196	0.00123546256421	0.0145701579924	0.00898024856102	0.000220276271138	0	9.5772291799e-06	0.000399051215829	0	0	0.000386281576923	0.00393943360267	0.00475030567323	0.00907602085282	0.00283805224698	2.87316875397e-05	6.38481945327e-06	2.23468680864e-05	0.00158024281468	0.00452364458264	0.000845988577558	0.000274547236491	1.59620486332e-05	0	5.10785556261e-05
0.00236557560744	0.0187426375051	0.0237802600537	0	7.02330139859e-05	0	1.59620486332e-05	0.000446937361729	0	0.00276462682327	6.38481945327e-06	0.00032243338239	5.42709653528e-05	0.00460345482581	0.000775755563572	0	0.00464814856198	0.00981346749967	4.46937361729e-05	0.000657636403687	7.34254237126e-05	0.00488757929148	0.0169836197457	0.0216062290299	0.0029849030944	0.00365850154672	0.0299160715483	0.123986808963	0.00065444399396	0.00153874148824	0.00753727936458	0.000488438688175	0	0.000245815548951	0.00384685372059	6.38481945327e-06	0.0144616160617	0.00149085534234	0	1.27696389065e-05	3.19240972663e-06	5.10785556261e-05	6.38481945327e-06	4.78861458995e-05	0.000226661090591	6.38481945327e-05	0.00194417752352	9.25798820724e-05	0.00462899410362	1.91544583598e-05	1.59620486332e-05	0.00456833831881	0.00180051908582	0.000194736993325	0.00173667089129	3.5116506993e-05	8.93874723458e-05	0.00768413021201	0.00557713979243	0.000568248931341	0.00212295246821	0.0167952675718	0.0306247865076	0.00034158784075	0	1.59620486332e-05	0.000217083861411	0	0	0.00069275291068	0.00473115121487	0.00208783596122	0.00398731974857	0.0013184652171	0.000150043257152	0	0.000124503979339	0.00196652439161	0.00372234974126	0.00153874148824	0.000201121812778	2.87316875397e-05	3.19240972663e-06	4.78861458995e-05
0.00323391105308	0.000245815548951	0.000386281576923	0	0.00788525202479	0.00133761967546	0.00781182660107	0.0342481715473	0.00501208327082	0.00660509572441	0.0142381473808	0.00093856845963	0.00268800898983	0.000108541930706	0.0057176058204	0.00035116506993	0.00139827546027	0.000114926750159	0.000169197715512	0.000679983271773	0.007719246719	0.00879189638715	0.00633374089764	0.00629543198092	0.0203101106808	1.91544583598e-05	0.00113649786268	0.00065444399396	0.0814128328486	0.017481635663	0.0166260698563	0.000108541930706	0.00029370169485	0.0144169223255	0.014854282458	6.38481945327e-06	1.27696389065e-05	1.59620486332e-05	0	0.00482373109694	6.38481945327e-06	0.000191544583598	0.000316048562937	0.000185159764145	0.0126100184202	0.00241984657279	0.000236238319771	0.00145893124507	1.27696389065e-05	0.000121311569612	0.000124503979339	0.00356592166465	3.19240972663e-06	0.000201121812778	0.000153235666878	0.00395858806103	0.00264012284393	0.00482692350667	0.000964107737443	0.0112851683837	0	8.93874723458e-05	0.000153235666878	0.00611984944596	1.59620486332e-05	0.000249007958677	0	3.19240972663e-06	0	0.00037031952829	0.00809914347647	0.00119076882803	0.010930810904	0.00543348135473	0.00166963028703	3.19240972663e-06	0	0.00221872476001	0.000239430729498	0.000338395431023	2.55392778131e-05	0.000571441341067	4.78861458995e-05	0
0.0132453079558	7.34254237126e-05	0.00434167722822	0	0.0055260612368	0.00157705040496	0.00720526875301	0.0128239098719	0.00307109815702	0.00123227015448	0.00447895084647	0.00954530508264	0.0124887068506	0.00313175394183	0.0189501441373	0.00108861171678	0	0.00237196042689	0.00178136462746	0.00407989963064	0.0157194254939	0.00573676027876	2.55392778131e-05	0.00674556175238	0.00624116101557	0	0.00443744952002	0.00153874148824	0.017481635663	0.0799666712425	0.0326104653576	0.000421398083916	0.00206548909313	0.0271737915931	0.0386856210674	4.46937361729e-05	1.59620486332e-05	0.000306471333757	0	0.000788525202479	1.91544583598e-05	0.000523555195168	0.000108541930706	0.00032243338239	0.00326583515035	0.00180051908582	0.00104391798061	0.00512701002097	6.38481945327e-06	0.000236238319771	2.23468680864e-05	5.42709653528e-05	3.5116506993e-05	0.00099603183471	0.000887489904004	0.00148766293261	0.000181967354418	1.91544583598e-05	0.000181967354418	0.00539198002828	3.19240972663e-06	0.000392666396376	0.000877912674824	0.000992839424983	6.0655784806e-05	9.25798820724e-05	0	9.5772291799e-06	0	0.00142062232835	0.0113170924809	0.00166963028703	0.0211018282931	0.00685410368308	0.00142381473808	7.98102431658e-05	0	0.00329775924761	0.000724677007946	0.00171113161348	0.000185159764145	0.00210060560013	0.000533132424348	6.38481945327e-06
0.0170570451694	0.000197929403051	0.0150266725833	0	0.000772563153845	0.000418205674189	0.000469284229815	0.0130154544555	0.000734254237126	0.00104391798061	0.000105349520979	3.83089167196e-05	0.000178774944692	0.000124503979339	0.00885893699141	1.27696389065e-05	0	0.00814702962237	1.91544583598e-05	0.00092899123045	0.000194736993325	0.022713995205	7.34254237126e-05	0.0269822470095	0.00355315202574	0	0.00464495615225	0.00753727936458	0.0166260698563	0.0326104653576	0.0761102402927	2.87316875397e-05	7.98102431658e-05	0.0159301245359	0.0173347848156	4.46937361729e-05	2.23468680864e-05	0.000389473986649	0	3.5116506993e-05	2.23468680864e-05	0.000427782903369	7.98102431658e-05	0.000389473986649	0.00226022608646	0.000201121812778	0.00064486676478	0.00200802571805	1.27696389065e-05	0.000220276271138	3.19240972663e-06	9.25798820724e-05	6.70406042593e-05	0.000587403389701	0.000676790862046	0.000150043257152	0.000296894104577	9.25798820724e-05	0.000402243625556	0.00178136462746	6.38481945327e-06	0.000347972660203	0.00135677413382	0.000577826160521	3.83089167196e-05	0.000150043257152	0	1.27696389065e-05	0	0.000708714959313	0.00779267214271	0.000782140383025	0.0110840465709	0.0061485811335	0.00164089859949	3.83089167196e-05	0	0.00258585187857	0.000893874723458	0.000960915327717	0.000102157111252	0.00148447052288	0.000181967354418	3.19240972663e-06
5.42709653528e-05	6.38481945327e-06	6.38481945327e-06	0	6.38481945327e-05	0	6.70406042593e-05	1.27696389065e-05	3.19240972663e-05	0	3.5116506993e-05	0.00172070884266	0.000197929403051	0.00272951031627	9.25798820724e-05	9.5772291799e-06	0	0	0.000421398083916	6.38481945327e-05	0.000306471333757	0	0	0.000114926750159	3.19240972663e-05	4.15013264462e-05	0.00226341849618	0.000488438688175	0.000108541930706	0.000421398083916	2.87316875397e-05	0.00491950338874	0	6.38481945327e-05	0.000558671702161	0	3.19240972663e-06	3.19240972663e-06	0	0	0	0	0	0	0	0	0.000127696389065	2.23468680864e-05	0.000178774944692	0	0	0	0	0	0	0	0	0	9.5772291799e-06	0	3.19240972663e-06	4.78861458995e-05	2.55392778131e-05	0	0	0	9.5772291799e-06	0	0	0	0.00097687737635	0.00132165762683	0.0011269206335	0.000137273618245	3.19240972663e-06	3.19240972663e-06	6.38481945327e-06	0	2.87316875397e-05	0	0	0	0	0
0.000389473986649	0	0	0	6.38481945327e-05	0.00375427383852	0.00214210692657	0.000392666396376	0.00168559233566	6.70406042593e-05	6.38481945327e-05	0.000383089167196	0.000166005305785	0.000111734340432	0.00221233994056	0.00100241665416	0	0	7.02330139859e-05	0	0.000134081208519	3.19240972663e-06	0	0	0.00028412446567	0	3.19240972663e-06	0	0.00029370169485	0.00206548909313	7.98102431658e-05	0	0.00645824487698	7.02330139859e-05	0.00226341849618	0	0	0	0	0	0	0	0	0	7.98102431658e-05	3.19240972663e-06	0	3.19240972663e-06	0	0	3.19240972663e-06	0	0	0	0	3.19240972663e-06	0	0	0	2.23468680864e-05	0	0	0	6.38481945327e-06	0	0	0	0	0	0	0.000121311569612	6.38481945327e-05	0.000217083861411	0.000102157111252	0.00119715364749	0.000450129771455	0	6.70406042593e-05	3.19240972663e-06	0	0	9.5772291799e-06	0	0
0.0024932719965	9.5772291799e-06	9.25798820724e-05	0	0.00236876801716	0.000791717612205	0.00064486676478	0.01062753198	0.000890682313731	0.000903451952637	0.00207825873204	0.000520362785441	0.000737446646852	2.55392778131e-05	0.00331691370597	3.19240972663e-05	0	7.34254237126e-05	0.000146850847425	0.000555479292434	0.00422994288779	0.00268162417037	1.27696389065e-05	0.00134081208519	0.00489715652066	0	0.00102795593198	0.000245815548951	0.0144169223255	0.0271737915931	0.0159301245359	6.38481945327e-05	7.02330139859e-05	0.0293893239434	0.0178296083233	2.55392778131e-05	9.5772291799e-06	6.38481945327e-06	0	0.000753408695486	1.27696389065e-05	0.000287316875397	0.000102157111252	0.000280932055944	0.0035116506993	0.00130250316847	0.000759793514939	0.00281570537889	6.38481945327e-06	0.000213891451684	2.23468680864e-05	5.42709653528e-05	0	0.000718292188493	0.000600173028607	0.00115245991131	0.000127696389065	1.91544583598e-05	9.25798820724e-05	0.00428102144342	6.38481945327e-06	8.30026528925e-05	6.70406042593e-05	0.000925798820724	2.55392778131e-05	9.25798820724e-05	0	9.5772291799e-06	0	0.000861950626191	0.00772882394818	0.000488438688175	0.0108797323484	0.0051780885766	0.000443744952002	9.5772291799e-06	0	0.00294020935823	0.000181967354418	0.00096730014717	3.19240972663e-06	0.0017015543843	0.000236238319771	0
0.00280293573998	0.000277739646217	0.000801294841385	0	0.00495461989574	0.00211976005848	0.00528982291703	0.00636885740463	0.00193460029434	0.00121311569612	0.00170474679402	0.0113490165782	0.0101167464237	0.00328179719898	0.00625393065448	0.000874720265098	0	0.00601769233471	0.00205271945423	0.00720846116274	0.012938836622	0.0050823162848	1.59620486332e-05	0.00543986617418	0.00393304878321	3.19240972663e-06	0.0115661004396	0.00384685372059	0.014854282458	0.0386856210674	0.0173347848156	0.000558671702161	0.00226341849618	0.0178296083233	0.068818776477	0	0.000153235666878	6.70406042593e-05	0	0.000782140383025	2.23468680864e-05	0.000466091820089	8.61950626191e-05	0.000268162417037	0.00308386779593	0.00177178739828	0.00111095858487	0.00480776904831	1.91544583598e-05	0.000210699041958	2.55392778131e-05	8.61950626191e-05	4.78861458995e-05	0.000989647015257	0.00094814568881	0.0014748932937	0.000121311569612	4.15013264462e-05	0.000271354826764	0.00525789881977	9.5772291799e-06	0.000498015917355	0.000498015917355	0.0010183787028	2.23468680864e-05	0.000134081208519	0	6.38481945327e-06	0	0.00152916425906	0.0149436699304	0.00164728341894	0.0299863045623	0.00838007553241	0.00148127811316	0.000584210979974	6.38481945327e-06	0.00324348828226	0.000424590493642	0.00169516956484	0.000242623139224	0.00213252969739	0.000418205674189	3.19240972663e-06
0	0	9.5772291799e-06	0	0	0	0	0	0	3.19240972663e-06	0	0	5.10785556261e-05	0	0	0	0	0	0	0	3.19240972663e-06	9.5772291799e-06	0	6.38481945327e-06	0	0	6.38481945327e-06	6.38481945327e-06	6.38481945327e-06	4.46937361729e-05	4.46937361729e-05	0	0	2.55392778131e-05	0	0.019981292479	0	5.74633750794e-05	0	0.000229853500318	0	0.00138869823109	0.00602407715416	0.0047471132635	4.46937361729e-05	0.000743831466306	9.5772291799e-06	0.00033201061157	0	0.0119970757527	3.5116506993e-05	9.5772291799e-06	0.000964107737443	1.59620486332e-05	3.19240972663e-05	0.000523555195168	0.00143658437699	0	0.00406393758201	0.000861950626191	0	6.38481945327e-06	1.91544583598e-05	0.00135038931437	0.00798421672631	0.00235599837826	0	3.19240972663e-06	0.000280932055944	0.00281251296916	6.38481945327e-06	0.000169197715512	0	0	0	0	0	0.00100241665416	3.83089167196e-05	0.000826834119198	0.00028412446567	0.000121311569612	0.000108541930706	0
