0.0178097299947	1.22544013725e-05	7.3526408235e-05	0	0.000171561619215	0	0.00246313467587	0.00484865814305	0.00593113026429	0.000416649646665	0.000841468894245	8.169600915e-06	0.000232833626077	0	0.00744659123402	8.169600915e-05	0.000155222417385	4.901760549e-05	0	1.22544013725e-05	4.901760549e-05	0.000371716841632	0.000142968016012	0.00044115844941	0.000739348882807	0	1.22544013725e-05	6.535680732e-05	0.00143784976104	0.00685429516768	0.00464850292063	0	1.22544013725e-05	0.0021526898411	0.00182182100404	4.0848004575e-06	8.169600915e-06	0	0	2.04240022875e-05	0	0	1.633920183e-05	0	0.000155222417385	0	0	1.633920183e-05	0	0	0	0	0	0	0	2.4508802745e-05	4.0848004575e-06	1.633920183e-05	4.0848004575e-06	0.00014705281647	0	0	4.0848004575e-06	4.0848004575e-05	0	1.22544013725e-05	0	0	0	0	0.000526939259017	9.39504105224e-05	0.000788366488297	0.00029410563294	0.00062088966954	0.000138883215555	4.0848004575e-06	4.0848004575e-06	4.0848004575e-06	0	0	0	0	0
1.22544013725e-05	0.0133205342919	0.00252440668273	0	0	0	8.169600915e-06	1.22544013725e-05	1.22544013725e-05	4.49328050325e-05	0	0.00021240962379	0	6.12720068625e-05	8.169600915e-06	0	0.000122544013725	0.00109064172215	3.267840366e-05	0.000616804869082	0	9.39504105224e-05	0.00140925615784	0.000845553694702	2.85936032025e-05	0.00058821126588	0.00304317634084	0.00793268248846	4.0848004575e-05	2.85936032025e-05	6.535680732e-05	8.169600915e-06	0	2.85936032025e-05	0.00117642253176	0	0.00260201789143	0.000420734447122	0	0	0	0	4.0848004575e-06	0	8.169600915e-06	0	9.80352109799e-05	0	4.901760549e-05	0	0	2.85936032025e-05	0.000175646419672	2.85936032025e-05	0.0001633920183	0	5.31024059475e-05	0.00026142722928	0.000200155222417	4.0848004575e-06	0.000388056043462	0.000841468894245	0.00103345451575	1.22544013725e-05	0	1.22544013725e-05	8.169600915e-06	0	0	0.000159307217842	0.000290020832482	0.000845553694702	0.000874147297904	0.000318614435685	2.85936032025e-05	6.94416077775e-05	1.22544013725e-05	3.267840366e-05	0.000171561619215	0.000126628814182	3.67632041175e-05	0	0	0
7.3526408235e-05	0.00252440668273	0.0354438135697	0	4.0848004575e-06	0	9.39504105224e-05	0.000118459213267	6.12720068625e-05	7.76112086925e-05	4.0848004575e-06	0.000118459213267	1.633920183e-05	3.267840366e-05	2.85936032025e-05	4.0848004575e-06	0.00119276173359	0.00641313671827	1.22544013725e-05	0.000829214492872	0	0.00160941138025	0.00198112822189	0.0158817041788	0.000224664025162	6.535680732e-05	0.00666639434664	0.0120542461501	0.00044115844941	0.000383971243005	0.00154813937339	0	0	0.000273681630652	0.00575139904416	0	0.000657652873657	0.000142968016012	0	0	0	4.0848004575e-06	0	0	2.4508802745e-05	0	1.22544013725e-05	0	8.169600915e-06	0	0	4.49328050325e-05	4.901760549e-05	4.0848004575e-06	3.267840366e-05	0	5.31024059475e-05	0.000563702463135	0.000220579224705	2.4508802745e-05	3.67632041175e-05	0.000142968016012	0.000363547240717	2.04240022875e-05	4.0848004575e-06	2.4508802745e-05	0	0	0	6.535680732e-05	0.00194028021731	0.0027490707079	0.00408888525796	0.00168702258895	0.000367632041175	0.00029410563294	3.267840366e-05	4.49328050325e-05	6.12720068625e-05	4.49328050325e-05	2.04240022875e-05	0	0	0
0	0	0	0	0	0	0	0	0	0	0	0	0	0	0	0	0	0	0	0	0	0	0	0	0	0	0	0	0	0	0	0	0	0	0	0	0	0	0	0	0	0	0	0	0	0	0	0	0	0	0	0	0	0	0	0	0	0	0	0	0	0	0	0	0	0	0	0	0	0	0	0	0	0	0	0	0	0	0	0	0	0	0	0
0.000171561619215	0	4.0848004575e-06	0	0.0220701768719	0	0.000432988848495	0.00170744659123	0.000232833626077	0.000306360034312	0.00237326906581	0	0.00281442751522	0	0.000126628814182	3.67632041175e-05	4.0848004575e-06	0	0	0	0.00526122298926	1.22544013725e-05	1.22544013725e-05	1.22544013725e-05	0.00796944569258	0	0	0	0.00630693190638	7.3526408235e-05	7.76112086925e-05	0	0	2.04240022875e-05	2.4508802745e-05	1.22544013725e-05	0	0	0	0.0049303541522	0	0.000106204811895	0.000155222417385	2.4508802745e-05	6.94416077775e-05	0.00171970099261	0	0.00330868837057	0	2.85936032025e-05	0	4.0848004575e-06	0	0	0	0.00303909154038	0	4.0848004575e-06	8.169600915e-06	0.00029410563294	0	0	0	0.00053919366039	8.169600915e-06	8.169600915e-06	0	0	0	4.0848004575e-06	8.169600915e-06	4.0848004575e-06	1.633920183e-05	4.0848004575e-06	5.7187206405e-05	0	0	0	0	0	0	0	0	0
0	0	0	0	0	0.00341897798293	0.00198112822189	0	0.000804705690127	0	0	4.0848004575e-06	0	0	0.000269596830195	0.00071892488052	0	0	0	0	0	8.169600915e-06	0	8.169600915e-06	0	0	0	4.0848004575e-06	0	0.00014705281647	4.0848004575e-06	0	0.00132756014869	0	0.00013071361464	0	0	0	0	0	0	0	0	0	0	0	0	0	0	0	0	0	0	0	0	0	0	0	0	0	0	0	0	0	0	0	0	0	0	0	8.169600915e-06	4.0848004575e-06	5.7187206405e-05	4.49328050325e-05	0.000126628814182	0.000208324823332	0	4.0848004575e-06	0	0	0	0	0	0
0.00246313467587	8.169600915e-06	9.39504105224e-05	0	0.000432988848495	0.00198112822189	0.0467464564356	0.00241820187084	0.0230546137821	0.000183816020587	0.00783464727748	0.000126628814182	0.00385196683142	8.169600915e-06	0.00762632245415	0.00120501613496	7.76112086925e-05	7.3526408235e-05	4.0848004575e-06	3.267840366e-05	0.000776112086925	0.000134798415097	7.3526408235e-05	0.000253257628365	0.0006535680732	1.22544013725e-05	6.12720068625e-05	5.7187206405e-05	0.00100077611209	0.00589436706017	0.000996691311629	0	0.00453412850782	0.000755688084637	0.00508149176913	0	4.0848004575e-06	0	0	4.0848004575e-06	0	0	4.0848004575e-06	0	5.31024059475e-05	4.0848004575e-06	0	4.0848004575e-06	0	0	0	0	0	0	0	0	0	4.0848004575e-06	8.169600915e-06	3.267840366e-05	4.0848004575e-06	4.0848004575e-06	4.0848004575e-06	8.169600915e-06	0	4.0848004575e-06	0	0	0	0	0.000772027286467	0.00022874882562	0.00224664025162	0.000874147297904	0.00382745802868	0.00236918426535	5.31024059475e-05	4.0848004575e-06	0	0	0	0	0	0
0.00484865814305	1.22544013725e-05	0.000118459213267	0	0.00170744659123	0	0.00241820187084	0.0362362648585	0.00364772680855	0.000898656100649	0.00649074792696	8.169600915e-06	0.000731179281892	0	0.0027776643111	6.12720068625e-05	0.000339038437972	5.31024059475e-05	4.0848004575e-06	0	0.000547363261305	0.000563702463135	0.000351292839345	0.000714840080062	0.00373350761815	0	0	4.49328050325e-05	0.0141987663903	0.00256116988685	0.00759364405049	0	4.0848004575e-06	0.000923164903394	0.0013071361464	4.0848004575e-06	8.169600915e-06	0	0	1.633920183e-05	0	8.169600915e-06	4.0848004575e-05	0	0.000367632041175	3.267840366e-05	0	3.267840366e-05	0	8.169600915e-06	0	4.0848004575e-06	0	0	0	2.4508802745e-05	0	3.267840366e-05	1.22544013725e-05	0.00031044483477	0	0	4.0848004575e-06	7.76112086925e-05	4.0848004575e-06	8.169600915e-06	0	0	0	4.0848004575e-06	0.000355377639802	6.94416077775e-05	0.00045749765124	0.000175646419672	0.000437073648952	7.76112086925e-05	4.0848004575e-06	1.22544013725e-05	4.0848004575e-06	8.169600915e-06	8.169600915e-06	0	0	0
0.00593113026429	1.22544013725e-05	6.12720068625e-05	0	0.000232833626077	0.000804705690127	0.0230546137821	0.00364772680855	0.052910420326	0.00021240962379	0.00611086148442	8.98656100649e-05	0.000959928107512	4.0848004575e-06	0.0184183652629	0.000445243249867	6.12720068625e-05	4.901760549e-05	4.0848004575e-06	3.67632041175e-05	0.000269596830195	0.000126628814182	4.49328050325e-05	0.000220579224705	0.000580041664965	4.0848004575e-06	3.67632041175e-05	4.0848004575e-05	0.00118867693313	0.00646623912422	0.00158490257751	0	0.00250398268045	0.00101303051346	0.003651811609	0	4.0848004575e-06	0	0	1.22544013725e-05	0	4.0848004575e-06	0	0	9.80352109799e-05	4.0848004575e-06	0	1.22544013725e-05	0	0	4.0848004575e-06	0	0	0	0	1.22544013725e-05	4.0848004575e-06	4.0848004575e-06	8.169600915e-06	8.169600915e-05	0	4.0848004575e-06	0	2.04240022875e-05	4.0848004575e-06	4.0848004575e-06	0	0	0	4.0848004575e-06	0.000498345655815	0.000122544013725	0.00137657775418	0.000514684857645	0.00184632980679	0.00116416813039	2.04240022875e-05	8.169600915e-06	4.0848004575e-06	4.0848004575e-06	4.0848004575e-06	0	0	0
0.000416649646665	4.49328050325e-05	7.76112086925e-05	0	0.000306360034312	0	0.000183816020587	0.000898656100649	0.00021240962379	0.0140843919775	0.000142968016012	4.0848004575e-06	0.00132756014869	0	0.000159307217842	0.000404395245292	0.000743433683265	2.04240022875e-05	0	0	0.000661737674115	0.00021240962379	0.002258894653	0.000531024059475	0.0040848004575	0	8.169600915e-06	0.000102120011437	0.00152363057065	0.000714840080062	0.00121727053633	0	0	0.00042481924758	0.00075160328418	2.04240022875e-05	8.169600915e-06	4.0848004575e-06	0	0.0001633920183	0	4.901760549e-05	0.000269596830195	1.22544013725e-05	0.00225480985254	0.00011437441281	0	0.000175646419672	0	3.67632041175e-05	2.04240022875e-05	3.267840366e-05	4.0848004575e-06	0	0	0.000155222417385	9.39504105224e-05	0.000298190433397	7.76112086925e-05	0.00173604019444	0	0	1.22544013725e-05	0.00050651525673	1.22544013725e-05	8.169600915e-05	0	0	4.0848004575e-06	3.67632041175e-05	0.000232833626077	6.12720068625e-05	0.000253257628365	7.76112086925e-05	0.00104162411666	1.22544013725e-05	0	2.04240022875e-05	1.633920183e-05	1.22544013725e-05	4.0848004575e-06	0	4.0848004575e-06	0
0.000841468894245	0	4.0848004575e-06	0	0.00237326906581	0	0.00783464727748	0.00649074792696	0.00611086148442	0.000142968016012	0.0276786079	8.169600915e-06	0.00270005310241	0	0.00221396184796	2.4508802745e-05	2.4508802745e-05	0	0	4.0848004575e-06	0.00278583391201	2.85936032025e-05	2.4508802745e-05	2.85936032025e-05	0.00104162411666	0	0	4.0848004575e-06	0.00434622768678	0.000404395245292	0.000281851231567	0	0	0.000118459213267	0.000191985621502	0	0	0	0	0.00031044483477	0	1.633920183e-05	1.633920183e-05	4.0848004575e-06	5.31024059475e-05	0.000159307217842	0	0.0003267840366	0	0	0	0	0	0	0	0.000191985621502	0	0	0	4.901760549e-05	0	0	0	2.85936032025e-05	0	0	0	0	0	0	4.49328050325e-05	8.169600915e-06	6.12720068625e-05	1.633920183e-05	0.000151137616927	2.04240022875e-05	0	0	0	0	0	0	0	0
8.169600915e-06	0.00021240962379	0.000118459213267	0	0	4.0848004575e-06	0.000126628814182	8.169600915e-06	8.98656100649e-05	4.0848004575e-06	8.169600915e-06	0.0308320738532	0	0.00746293043585	5.31024059475e-05	8.169600915e-06	1.22544013725e-05	0.000383971243005	0.00307993954495	0.00499979575998	0	1.633920183e-05	2.4508802745e-05	0.000122544013725	8.169600915e-06	0.00494669335403	0.0100853723296	0.00136840815326	4.0848004575e-06	0.000138883215555	8.169600915e-06	0.000955843307054	2.85936032025e-05	1.22544013725e-05	0.00472611412932	0	0.000122544013725	1.633920183e-05	0	0	0	0	0	0	0	0	0.000314529635227	0	0.000191985621502	0	0	0	1.22544013725e-05	3.67632041175e-05	6.535680732e-05	0	0	0	4.0848004575e-06	0	0.000706670479147	0.00037580164209	0.000171561619215	0	0	0	0	0	0	3.267840366e-05	0.00027776643111	0.00325150116417	0.00412564846207	0.000608635268167	8.169600915e-05	0.000118459213267	0.000502430456272	8.169600915e-06	8.169600915e-05	2.4508802745e-05	4.0848004575e-06	0	0	2.4508802745e-05
0.000232833626077	0	1.633920183e-05	0	0.00281442751522	0	0.00385196683142	0.000731179281892	0.000959928107512	0.00132756014869	0.00270005310241	0	0.0225154201217	0	0.000265512029737	0.000976267309342	0	1.22544013725e-05	0	0	0.00807973530493	1.22544013725e-05	1.22544013725e-05	1.633920183e-05	0.0021526898411	0	4.0848004575e-06	0	0.00076794248601	0.000155222417385	6.535680732e-05	0	4.0848004575e-06	3.267840366e-05	4.49328050325e-05	4.0848004575e-06	0	0	0	1.633920183e-05	0	2.4508802745e-05	1.22544013725e-05	0	6.94416077775e-05	0.000257342428822	0	0.0014991217679	0	0	0	0	0	0	0	0.000208324823332	0	0	0	5.31024059475e-05	0	0	0	1.22544013725e-05	0	0	0	0	0	0	1.22544013725e-05	0	4.901760549e-05	3.267840366e-05	0.000755688084637	8.169600915e-06	0	0	0	0	0	0	0	0
0	6.12720068625e-05	3.267840366e-05	0	0	0	8.169600915e-06	0	4.0848004575e-06	0	0	0.00746293043585	0	0.0160941138025	4.0848004575e-06	0	8.169600915e-06	7.76112086925e-05	0.000298190433397	0.000420734447122	0	1.633920183e-05	8.169600915e-06	5.7187206405e-05	4.0848004575e-06	0.00449328050325	0.00477104693436	0.00196478902006	8.169600915e-06	2.4508802745e-05	2.4508802745e-05	0.00131939054777	4.0848004575e-06	1.633920183e-05	0.00070258567869	0	5.31024059475e-05	8.169600915e-06	0	0	0	0	0	0	0	0	0.000191985621502	0	0.000727094481435	0	0	0	4.0848004575e-06	1.22544013725e-05	1.633920183e-05	0	0	8.169600915e-06	8.169600915e-06	0	0.000306360034312	0.000171561619215	0.00011437441281	0	0	0	0	0	0	4.901760549e-05	0.000339038437972	0.00102528491483	0.00120501613496	0.000428904048037	3.267840366e-05	8.169600915e-05	0.000964012907969	4.901760549e-05	9.39504105224e-05	7.3526408235e-05	5.7187206405e-05	0	0	4.901760549e-05
0.00744659123402	8.169600915e-06	2.85936032025e-05	0	0.000126628814182	0.000269596830195	0.00762632245415	0.0027776643111	0.0184183652629	0.000159307217842	0.00221396184796	5.31024059475e-05	0.000265512029737	4.0848004575e-06	0.0329357460888	0.000110289612352	6.94416077775e-05	3.67632041175e-05	4.0848004575e-06	2.04240022875e-05	8.98656100649e-05	0.000122544013725	6.535680732e-05	0.000191985621502	0.000396225644377	4.0848004575e-06	1.633920183e-05	4.901760549e-05	0.000743433683265	0.00980352109799	0.00147461296516	0	0.00312487234999	0.00115599852947	0.0024794738777	4.0848004575e-06	0	0	0	0	0	0	4.0848004575e-06	0	6.535680732e-05	0	0	1.633920183e-05	0	0	4.0848004575e-06	0	0	0	0	1.633920183e-05	0	8.169600915e-06	0	6.535680732e-05	0	0	0	1.633920183e-05	4.0848004575e-06	0	0	0	0	4.0848004575e-06	0.000400310444835	0.000110289612352	0.000853723295617	0.000281851231567	0.00104162411666	0.000727094481435	1.22544013725e-05	4.0848004575e-06	8.169600915e-06	8.169600915e-06	8.169600915e-06	0	0	0
8.169600915e-05	0	4.0848004575e-06	0	3.67632041175e-05	0.00071892488052	0.00120501613496	6.12720068625e-05	0.000445243249867	0.000404395245292	2.4508802745e-05	8.169600915e-06	0.000976267309342	0	0.000110289612352	0.00477921653527	8.169600915e-06	4.0848004575e-06	0	0	2.04240022875e-05	0	4.0848004575e-06	1.633920183e-05	8.169600915e-05	0	0	0	3.67632041175e-05	0.000191985621502	7.3526408235e-05	0	1.22544013725e-05	5.31024059475e-05	0.000151137616927	0	0	0	0	4.0848004575e-06	0	0	4.0848004575e-06	0	4.49328050325e-05	0	0	1.22544013725e-05	0	0	4.0848004575e-06	0	0	0	0	4.0848004575e-06	0	0	0	2.4508802745e-05	0	0	0	0	0	0	0	0	0	4.0848004575e-06	6.94416077775e-05	0	8.57808096075e-05	3.267840366e-05	0.00181773620359	3.267840366e-05	4.0848004575e-06	8.169600915e-06	0	0	0	0	0	0
0.000155222417385	0.000122544013725	0.00119276173359	0	4.0848004575e-06	0	7.76112086925e-05	0.000339038437972	6.12720068625e-05	0.000743433683265	2.4508802745e-05	1.22544013725e-05	0	8.169600915e-06	6.94416077775e-05	8.169600915e-06	0.0215023896083	0.00021240962379	4.0848004575e-06	2.4508802745e-05	0	0.00293697152894	0.00591887586291	0.00911727462113	0.00524488378743	4.0848004575e-06	6.535680732e-05	0.0044973653037	0.00383971243005	0.000477921653527	0.00167476818757	0	0	0.000351292839345	0.00189943221274	0	2.04240022875e-05	0	0	4.0848004575e-06	0	0	3.267840366e-05	0	0.00029410563294	0	0	0	0	0	0	2.4508802745e-05	4.0848004575e-06	0	4.0848004575e-06	0	3.267840366e-05	0.000355377639802	6.12720068625e-05	0.00019607042196	0	0	6.12720068625e-05	6.535680732e-05	0	1.633920183e-05	0	0	0	3.267840366e-05	0.000657652873657	0.000388056043462	0.00102936971529	0.000502430456272	0.00021240962379	0.000106204811895	1.22544013725e-05	1.22544013725e-05	1.633920183e-05	1.22544013725e-05	8.169600915e-06	0	0	0
4.901760549e-05	0.00109064172215	0.00641313671827	0	0	0	7.3526408235e-05	5.31024059475e-05	4.901760549e-05	2.04240022875e-05	0	0.000383971243005	1.22544013725e-05	7.76112086925e-05	3.67632041175e-05	4.0848004575e-06	0.00021240962379	0.0262734365426	6.12720068625e-05	0.00611903108533	0	0.00153180017156	0.000383971243005	0.010232425146	2.4508802745e-05	0.00013071361464	0.0077652056697	0.00342306278338	0.000106204811895	0.000253257628365	0.000837384093787	0	1.22544013725e-05	0.000118459213267	0.00836567133696	0	0.000306360034312	4.0848004575e-05	0	0	0	4.0848004575e-06	4.0848004575e-06	4.0848004575e-06	4.0848004575e-06	0	8.169600915e-06	0	0	0	0	0	8.169600915e-06	4.0848004575e-06	3.267840366e-05	0	1.22544013725e-05	8.57808096075e-05	2.85936032025e-05	4.0848004575e-06	3.267840366e-05	8.98656100649e-05	0.000122544013725	4.0848004575e-06	4.0848004575e-06	8.169600915e-06	0	0	0	2.85936032025e-05	0.00129896654548	0.00226706425391	0.00365589640946	0.00133164494914	0.000265512029737	0.000281851231567	4.901760549e-05	3.67632041175e-05	4.0848004575e-05	2.85936032025e-05	1.633920183e-05	0	0	4.0848004575e-06
0	3.267840366e-05	1.22544013725e-05	0	0	0	4.0848004575e-06	4.0848004575e-06	4.0848004575e-06	0	0	0.00307993954495	0	0.000298190433397	4.0848004575e-06	0	4.0848004575e-06	6.12720068625e-05	0.0055839222254	0.00212818103836	0	0	0	4.0848004575e-06	0	0.00029410563294	0.0029982435358	0.000232833626077	0	4.0848004575e-06	0	2.4508802745e-05	0	4.0848004575e-06	0.00026142722928	0	8.169600915e-06	0	0	0	0	0	0	0	0	0	4.0848004575e-06	0	1.22544013725e-05	0	0	0	0	0	8.169600915e-06	0	0	0	0	0	6.94416077775e-05	2.85936032025e-05	2.4508802745e-05	0	0	0	0	0	0	0	1.22544013725e-05	0.00019607042196	0.000183816020587	3.267840366e-05	4.0848004575e-06	4.0848004575e-06	1.22544013725e-05	0	0	0	0	0	0	0
1.22544013725e-05	0.000616804869082	0.000829214492872	0	0	0	3.267840366e-05	0	3.67632041175e-05	0	4.0848004575e-06	0.00499979575998	0	0.000420734447122	2.04240022875e-05	0	2.4508802745e-05	0.00611903108533	0.00212818103836	0.0221396184796	0	7.3526408235e-05	4.49328050325e-05	0.000453412850782	0	0.000673992075487	0.0115967484988	0.00243862587313	8.169600915e-06	6.94416077775e-05	6.94416077775e-05	5.31024059475e-05	4.0848004575e-06	1.633920183e-05	0.00482006453985	0	0.000224664025162	2.4508802745e-05	0	0	0	4.0848004575e-06	0	4.0848004575e-06	0	0	6.94416077775e-05	0	4.901760549e-05	0	0	0	0	1.22544013725e-05	3.267840366e-05	0	8.169600915e-06	0	8.169600915e-06	0	0.000224664025162	0.00014705281647	0.000138883215555	0	4.0848004575e-06	0	0	0	0	2.04240022875e-05	0.000449328050325	0.00172378579306	0.00252849148319	0.000657652873657	7.76112086925e-05	7.3526408235e-05	3.67632041175e-05	1.22544013725e-05	2.85936032025e-05	1.633920183e-05	8.169600915e-06	0	0	4.0848004575e-06
4.901760549e-05	0	0	0	0.00526122298926	0	0.000776112086925	0.000547363261305	0.000269596830195	0.000661737674115	0.00278583391201	0	0.00807973530493	0	8.98656100649e-05	2.04240022875e-05	0	0	0	0	0.0146031616356	4.0848004575e-06	4.0848004575e-06	4.0848004575e-06	0.00274090110698	0	0	0	0.00172787059352	3.67632041175e-05	2.04240022875e-05	0	0	8.169600915e-06	1.22544013725e-05	0	0	0	0	0.000379886442547	0	8.169600915e-06	1.22544013725e-05	0	1.633920183e-05	0.00014705281647	0	0.000502430456272	0	0	0	0	0	0	0	0.00027776643111	0	0	0	2.4508802745e-05	0	0	0	2.04240022875e-05	0	0	0	0	0	0	0	0	1.22544013725e-05	8.169600915e-06	3.67632041175e-05	4.0848004575e-06	0	0	0	0	0	0	0	0
0.000371716841632	9.39504105224e-05	0.00160941138025	0	1.22544013725e-05	8.169600915e-06	0.000134798415097	0.000563702463135	0.000126628814182	0.00021240962379	2.85936032025e-05	1.633920183e-05	1.22544013725e-05	1.633920183e-05	0.000122544013725	0	0.00293697152894	0.00153180017156	0	7.3526408235e-05	4.0848004575e-06	0.0314488787223	0.000980352109799	0.0168620562886	0.00108247212124	8.169600915e-06	0.000253257628365	0.000596380866795	0.00242637147175	0.00131939054777	0.0109513500266	0	4.0848004575e-06	0.000808790490585	0.00706261999101	0	2.85936032025e-05	4.0848004575e-06	0	4.0848004575e-06	0	0	8.169600915e-06	0	0.000106204811895	8.169600915e-06	0	0	0	4.0848004575e-06	0	1.633920183e-05	0	0	0	4.0848004575e-06	1.22544013725e-05	8.98656100649e-05	3.67632041175e-05	9.80352109799e-05	4.0848004575e-06	4.0848004575e-06	2.85936032025e-05	2.04240022875e-05	0	4.0848004575e-06	0	0	0	4.0848004575e-06	0.00102528491483	0.000608635268167	0.00233650586169	0.000976267309342	0.000363547240717	0.000224664025162	2.04240022875e-05	4.0848004575e-06	8.169600915e-06	4.0848004575e-06	4.0848004575e-06	0	4.0848004575e-06	0
0.000142968016012	0.00140925615784	0.00198112822189	0	1.22544013725e-05	0	7.3526408235e-05	0.000351292839345	4.49328050325e-05	0.002258894653	2.4508802745e-05	2.4508802745e-05	1.22544013725e-05	8.169600915e-06	6.535680732e-05	4.0848004575e-06	0.00591887586291	0.000383971243005	0	4.49328050325e-05	4.0848004575e-06	0.000980352109799	0.0203014582738	0.00462399411789	0.0037580164209	4.0848004575e-06	0.00022874882562	0.00386422123279	0.00212001143744	0.00040848004575	0.00148278256607	0	4.0848004575e-06	0.000339038437972	0.00225480985254	1.22544013725e-05	0.000453412850782	0.000138883215555	0	2.4508802745e-05	0	0	8.169600915e-05	0	0.000792451288755	4.0848004575e-06	4.0848004575e-06	8.169600915e-06	8.169600915e-06	0	0	0.00027776643111	4.49328050325e-05	0	4.0848004575e-06	4.0848004575e-06	0.000314529635227	0.0026714594992	0.000649483272742	0.000592296066337	0	5.31024059475e-05	0.000526939259017	0.00027776643111	0	0.00011437441281	0	0	4.0848004575e-06	0.000138883215555	0.000882316898819	0.000526939259017	0.0013357297496	0.000624974469997	0.000241003226992	9.80352109799e-05	4.0848004575e-06	0.00011437441281	9.80352109799e-05	8.57808096075e-05	3.67632041175e-05	0	0	8.169600915e-06
0.00044115844941	0.000845553694702	0.0158817041788	0	1.22544013725e-05	8.169600915e-06	0.000253257628365	0.000714840080062	0.000220579224705	0.000531024059475	2.85936032025e-05	0.000122544013725	1.633920183e-05	5.7187206405e-05	0.000191985621502	1.633920183e-05	0.00911727462113	0.010232425146	4.0848004575e-06	0.000453412850782	4.0848004575e-06	0.0168620562886	0.00462399411789	0.0625219558025	0.00165025938483	2.85936032025e-05	0.00155222417385	0.00896613700421	0.00289203872391	0.00180548180221	0.00740165842899	4.0848004575e-06	8.169600915e-06	0.000951758506597	0.0117315469139	0	0.000220579224705	4.901760549e-05	0	8.169600915e-06	0	0	1.633920183e-05	0	0.000241003226992	4.0848004575e-06	4.0848004575e-06	4.0848004575e-06	8.169600915e-06	4.0848004575e-06	0	0.000102120011437	3.267840366e-05	0	1.22544013725e-05	0	9.39504105224e-05	0.000919080102937	0.000249172827907	0.000183816020587	4.0848004575e-06	3.267840366e-05	0.00017973122013	8.57808096075e-05	0	2.04240022875e-05	0	0	0	6.94416077775e-05	0.00314529635227	0.00271230750378	0.00621706629631	0.00273681630652	0.000910910502022	0.000665822474572	5.7187206405e-05	7.76112086925e-05	4.901760549e-05	3.67632041175e-05	2.04240022875e-05	0	4.0848004575e-06	4.0848004575e-06
0.000739348882807	2.85936032025e-05	0.000224664025162	0	0.00796944569258	0	0.0006535680732	0.00373350761815	0.000580041664965	0.0040848004575	0.00104162411666	8.169600915e-06	0.0021526898411	4.0848004575e-06	0.000396225644377	8.169600915e-05	0.00524488378743	2.4508802745e-05	0	0	0.00274090110698	0.00108247212124	0.0037580164209	0.00165025938483	0.0353130999551	4.0848004575e-06	8.169600915e-06	0.000220579224705	0.012634287815	0.0012009313345	0.00251623708182	0	0	0.000649483272742	0.00128262734365	1.633920183e-05	0	0	0	0.000420734447122	0	4.0848004575e-06	6.535680732e-05	0	0.00060455046771	1.22544013725e-05	0	1.633920183e-05	0	4.0848004575e-06	0	2.04240022875e-05	0	0	0	3.267840366e-05	1.633920183e-05	0.000126628814182	1.22544013725e-05	0.000710755279605	0	0	1.22544013725e-05	0.000134798415097	1.22544013725e-05	1.633920183e-05	0	0	0	2.04240022875e-05	0.000355377639802	0.000110289612352	0.000461582451697	0.000187900821045	0.000314529635227	5.31024059475e-05	4.0848004575e-06	2.4508802745e-05	8.169600915e-06	1.22544013725e-05	1.22544013725e-05	4.0848004575e-06	0	0
0	0.00058821126588	6.535680732e-05	0	0	0	1.22544013725e-05	0	4.0848004575e-06	0	0	0.00494669335403	0	0.00449328050325	4.0848004575e-06	0	4.0848004575e-06	0.00013071361464	0.00029410563294	0.000673992075487	0	8.169600915e-06	4.0848004575e-06	2.85936032025e-05	4.0848004575e-06	0.0138066255463	0.00372125321678	0.00189943221274	0	4.0848004575e-06	0	0.000204240022875	0	0	0.00068624647686	0	0.00035946244026	8.169600915e-06	0	0	0	0	0	0	0	0	0.000812875291042	0	0.00058821126588	0	0	0	1.22544013725e-05	7.76112086925e-05	0.000138883215555	0	1.22544013725e-05	0	2.04240022875e-05	0	0.0018544994077	0.000845553694702	0.000445243249867	0	0	0	8.169600915e-06	0	0	0.00013071361464	3.267840366e-05	0.00106613291941	0.000596380866795	7.76112086925e-05	8.169600915e-06	8.169600915e-06	0.000347208038887	4.0848004575e-06	0.000175646419672	0.000126628814182	2.4508802745e-05	0	0	6.12720068625e-05
1.22544013725e-05	0.00304317634084	0.00666639434664	0	0	0	6.12720068625e-05	0	3.67632041175e-05	8.169600915e-06	0	0.0100853723296	4.0848004575e-06	0.00477104693436	1.633920183e-05	0	6.535680732e-05	0.0077652056697	0.0029982435358	0.0115967484988	0	0.000253257628365	0.00022874882562	0.00155222417385	8.169600915e-06	0.00372125321678	0.0588088721866	0.0166659858666	1.22544013725e-05	8.57808096075e-05	0.000175646419672	0.00207916343287	1.633920183e-05	4.901760549e-05	0.00609043748213	0	0.00108247212124	0.000110289612352	0	0	0	4.0848004575e-06	8.169600915e-06	0	4.0848004575e-06	0	0.00024508802745	0	0.000155222417385	0	0	0	3.267840366e-05	2.85936032025e-05	0.000138883215555	0	2.04240022875e-05	4.49328050325e-05	6.94416077775e-05	4.0848004575e-06	0.000959928107512	0.000661737674115	0.000494260855357	4.0848004575e-06	4.0848004575e-06	4.0848004575e-06	8.169600915e-06	0	0	0.000106204811895	0.000984436910257	0.00333728197378	0.00383562762959	0.0011437441281	0.00013071361464	0.000167476818757	0.000110289612352	1.633920183e-05	0.000110289612352	6.535680732e-05	2.04240022875e-05	0	0	4.0848004575e-06
6.535680732e-05	0.00793268248846	0.0120542461501	0	0	4.0848004575e-06	5.7187206405e-05	4.49328050325e-05	4.0848004575e-05	0.000102120011437	4.0848004575e-06	0.00136840815326	0	0.00196478902006	4.901760549e-05	0	0.0044973653037	0.00342306278338	0.000232833626077	0.00243862587313	0	0.000596380866795	0.00386422123279	0.00896613700421	0.000220579224705	0.00189943221274	0.0166659858666	0.0589069073976	0.000241003226992	0.0001633920183	0.000477921653527	0.000265512029737	1.22544013725e-05	9.80352109799e-05	0.0044687717005	0	0.00166659858666	0.000232833626077	0	0	0	4.0848004575e-06	8.169600915e-06	0	3.267840366e-05	0	0.00011437441281	0	5.7187206405e-05	0	0	4.0848004575e-05	0.000110289612352	2.04240022875e-05	0.00011437441281	0	6.535680732e-05	0.000567787263592	0.000241003226992	2.85936032025e-05	0.000400310444835	0.000584126465422	0.00075160328418	1.633920183e-05	4.0848004575e-06	2.4508802745e-05	0	0	0	0.000122544013725	0.0011723377313	0.00256116988685	0.00325967076508	0.00124994893999	0.000241003226992	0.000191985621502	5.31024059475e-05	5.7187206405e-05	0.000134798415097	7.3526408235e-05	2.04240022875e-05	0	0	4.0848004575e-06
0.00143784976104	4.0848004575e-05	0.00044115844941	0	0.00630693190638	0	0.00100077611209	0.0141987663903	0.00118867693313	0.00152363057065	0.00434622768678	4.0848004575e-06	0.00076794248601	8.169600915e-06	0.000743433683265	3.67632041175e-05	0.00383971243005	0.000106204811895	0	8.169600915e-06	0.00172787059352	0.00242637147175	0.00212001143744	0.00289203872391	0.012634287815	0	1.22544013725e-05	0.000241003226992	0.044356848168	0.00182999060496	0.00589028225971	0	0	0.000984436910257	0.00209958743515	2.04240022875e-05	8.169600915e-06	0	0	0.00136023855235	0	1.22544013725e-05	7.76112086925e-05	4.0848004575e-06	0.000633144070912	0.000351292839345	0	0.00044115844941	0	1.633920183e-05	0	1.22544013725e-05	0	0	0	0.000616804869082	1.22544013725e-05	0.000134798415097	1.633920183e-05	0.000547363261305	0	0	4.0848004575e-06	0.000306360034312	1.633920183e-05	4.0848004575e-06	0	0	0	8.169600915e-06	0.00058821126588	0.000187900821045	0.00068624647686	0.0003267840366	0.000306360034312	9.80352109799e-05	1.22544013725e-05	2.04240022875e-05	1.22544013725e-05	4.0848004575e-06	0	4.0848004575e-06	0	0
0.00685429516768	2.85936032025e-05	0.000383971243005	0	7.3526408235e-05	0.00014705281647	0.00589436706017	0.00256116988685	0.00646623912422	0.000714840080062	0.000404395245292	0.000138883215555	0.000155222417385	2.4508802745e-05	0.00980352109799	0.000191985621502	0.000477921653527	0.000253257628365	4.0848004575e-06	6.94416077775e-05	3.67632041175e-05	0.00131939054777	0.00040848004575	0.00180548180221	0.0012009313345	4.0848004575e-06	8.57808096075e-05	0.0001633920183	0.00182999060496	0.039455087619	0.0108900780197	0	0.00263061149463	0.00921939463257	0.00927249703852	0	1.22544013725e-05	0	0	1.22544013725e-05	0	4.0848004575e-06	4.0848004575e-05	0	0.00035946244026	2.04240022875e-05	0	1.633920183e-05	0	0	0	4.0848004575e-06	0	0	0	1.633920183e-05	1.633920183e-05	6.94416077775e-05	2.04240022875e-05	0.0003267840366	0	4.0848004575e-06	8.169600915e-06	9.39504105224e-05	8.169600915e-06	2.04240022875e-05	0	0	0	8.169600915e-06	0.00197704342143	0.000351292839345	0.00323516196234	0.00123769453862	0.00212001143744	0.00113557452718	3.67632041175e-05	1.633920183e-05	1.633920183e-05	1.22544013725e-05	1.633920183e-05	4.0848004575e-06	0	0
0.00464850292063	6.535680732e-05	0.00154813937339	0	7.76112086925e-05	4.0848004575e-06	0.000996691311629	0.00759364405049	0.00158490257751	0.00121727053633	0.000281851231567	8.169600915e-06	6.535680732e-05	2.4508802745e-05	0.00147461296516	7.3526408235e-05	0.00167476818757	0.000837384093787	0	6.94416077775e-05	2.04240022875e-05	0.0109513500266	0.00148278256607	0.00740165842899	0.00251623708182	0	0.000175646419672	0.000477921653527	0.00589028225971	0.0108900780197	0.0451738082595	0	0	0.00586985825742	0.0105428699808	0	2.85936032025e-05	0	0	5.31024059475e-05	0	8.169600915e-06	6.94416077775e-05	0	0.000645398472285	2.04240022875e-05	0	2.4508802745e-05	4.0848004575e-06	0	0	2.04240022875e-05	0	0	0	2.85936032025e-05	4.49328050325e-05	0.000224664025162	4.49328050325e-05	0.000531024059475	0	4.0848004575e-06	1.633920183e-05	0.00017973122013	8.169600915e-06	3.267840366e-05	0	0	0	3.67632041175e-05	0.00213635063927	0.000690331277317	0.00328009476737	0.00153996977248	0.000992606511172	0.00040848004575	1.22544013725e-05	2.85936032025e-05	8.169600915e-06	2.85936032025e-05	1.633920183e-05	4.0848004575e-06	0	0
0	8.169600915e-06	0	0	0	0	0	0	0	0	0	0.000955843307054	0	0.00131939054777	0	0	0	0	2.4508802745e-05	5.31024059475e-05	0	0	0	4.0848004575e-06	0	0.000204240022875	0.00207916343287	0.000265512029737	0	0	0	0.00234059066215	0	0	3.267840366e-05	0	4.0848004575e-06	0	0	0	0	0	0	0	0	0	4.0848004575e-06	0	1.22544013725e-05	0	0	0	0	0	4.0848004575e-06	0	0	0	0	0	2.04240022875e-05	2.04240022875e-05	0	0	0	0	0	0	0	0	0	4.0848004575e-05	2.04240022875e-05	4.0848004575e-06	0	0	4.0848004575e-06	0	4.0848004575e-06	4.0848004575e-06	0	0	0	0
1.22544013725e-05	0	0	0	0	0.00132756014869	0.00453412850782	4.0848004575e-06	0.00250398268045	0	0	2.85936032025e-05	4.0848004575e-06	4.0848004575e-06	0.00312487234999	1.22544013725e-05	0	1.22544013725e-05	0	4.0848004575e-06	0	4.0848004575e-06	4.0848004575e-06	8.169600915e-06	0	0	1.633920183e-05	1.22544013725e-05	0	0.00263061149463	0	0	0.00787549528206	1.22544013725e-05	0.00107021771986	0	0	0	0	0	0	0	0	0	0	0	0	0	0	0	0	0	0	0	0	0	0	0	0	0	0	0	0	0	0	0	0	0	0	0	1.22544013725e-05	2.85936032025e-05	0.000171561619215	5.31024059475e-05	0.000232833626077	0.000673992075487	4.0848004575e-06	0	0	0	0	0	0	0
0.0021526898411	2.85936032025e-05	0.000273681630652	0	2.04240022875e-05	0	0.000755688084637	0.000923164903394	0.00101303051346	0.00042481924758	0.000118459213267	1.22544013725e-05	3.267840366e-05	1.633920183e-05	0.00115599852947	5.31024059475e-05	0.000351292839345	0.000118459213267	4.0848004575e-06	1.633920183e-05	8.169600915e-06	0.000808790490585	0.000339038437972	0.000951758506597	0.000649483272742	0	4.901760549e-05	9.80352109799e-05	0.000984436910257	0.00921939463257	0.00586985825742	0	1.22544013725e-05	0.0118622605286	0.0059678934684	0	1.22544013725e-05	0	0	8.169600915e-06	0	8.169600915e-06	2.85936032025e-05	0	0.00022874882562	2.4508802745e-05	0	1.633920183e-05	0	0	0	1.22544013725e-05	0	0	0	4.0848004575e-06	2.85936032025e-05	6.535680732e-05	2.85936032025e-05	0.00021240962379	0	0	4.0848004575e-06	6.12720068625e-05	4.0848004575e-06	2.04240022875e-05	0	0	0	8.169600915e-06	0.00163800498346	0.000265512029737	0.00208324823332	0.00086597769699	0.000861892896532	0.000257342428822	1.633920183e-05	2.04240022875e-05	1.22544013725e-05	4.0848004575e-06	4.0848004575e-06	4.0848004575e-06	0	0
0.00182182100404	0.00117642253176	0.00575139904416	0	2.4508802745e-05	0.00013071361464	0.00508149176913	0.0013071361464	0.003651811609	0.00075160328418	0.000191985621502	0.00472611412932	4.49328050325e-05	0.00070258567869	0.0024794738777	0.000151137616927	0.00189943221274	0.00836567133696	0.00026142722928	0.00482006453985	1.22544013725e-05	0.00706261999101	0.00225480985254	0.0117315469139	0.00128262734365	0.00068624647686	0.00609043748213	0.0044687717005	0.00209958743515	0.00927249703852	0.0105428699808	3.267840366e-05	0.00107021771986	0.0059678934684	0.0587884481843	0	0.000334953637515	4.49328050325e-05	0	1.633920183e-05	0	8.169600915e-06	4.901760549e-05	0	0.00040848004575	1.633920183e-05	4.901760549e-05	1.633920183e-05	2.85936032025e-05	4.0848004575e-06	0	5.7187206405e-05	1.22544013725e-05	4.0848004575e-06	2.4508802745e-05	8.169600915e-06	6.12720068625e-05	0.00039214084392	9.39504105224e-05	0.000367632041175	0.000134798415097	0.000110289612352	0.000159307217842	0.000122544013725	1.633920183e-05	3.67632041175e-05	0	0	0	6.94416077775e-05	0.00938687145133	0.00692373677546	0.0267391037948	0.00925615783669	0.00471385972795	0.00374167721907	0.000404395245292	0.00014705281647	7.76112086925e-05	5.31024059475e-05	4.0848004575e-05	4.0848004575e-06	0	1.22544013725e-05
4.0848004575e-06	0	0	0	1.22544013725e-05	0	0	4.0848004575e-06	0	2.04240022875e-05	0	0	4.0848004575e-06	0	4.0848004575e-06	0	0	0	0	0	0	0	1.22544013725e-05	0	1.633920183e-05	0	0	0	2.04240022875e-05	0	0	0	0	0	0	0.0143784976104	0	1.22544013725e-05	0	0.000126628814182	0	0.00115599852947	0.0051223397737	0.0013071361464	0.00021240962379	0.000853723295617	4.0848004575e-06	0.000232833626077	8.169600915e-06	0.00453412850782	0.000159307217842	8.169600915e-05	2.4508802745e-05	0	4.0848004575e-06	0.000171561619215	0.000290020832482	5.31024059475e-05	0.000236918426535	0.00102936971529	0	8.169600915e-06	2.04240022875e-05	0.00107021771986	0.00439933009272	0.000580041664965	0	4.0848004575e-06	0.000657652873657	0.00106204811895	0	0	4.0848004575e-06	0	4.0848004575e-06	4.0848004575e-06	4.0848004575e-06	0.00055553286222	0.000106204811895	0.000477921653527	0.00014705281647	8.98656100649e-05	2.04240022875e-05	0
8.169600915e-06	0.00260201789143	0.000657652873657	0	0	0	4.0848004575e-06	8.169600915e-06	4.0848004575e-06	8.169600915e-06	0	0.000122544013725	0	5.31024059475e-05	0	0	2.04240022875e-05	0.000306360034312	8.169600915e-06	0.000224664025162	0	2.85936032025e-05	0.000453412850782	0.000220579224705	0	0.00035946244026	0.00108247212124	0.00166659858666	8.169600915e-06	1.22544013725e-05	2.85936032025e-05	4.0848004575e-06	0	1.22544013725e-05	0.000334953637515	0	0.0149993872799	0.00207916343287	0	0	0	0	3.267840366e-05	0	6.535680732e-05	0	0.000347208038887	0	0.000126628814182	4.0848004575e-06	0	0.000151137616927	0.000812875291042	7.76112086925e-05	0.0006535680732	0	0.000208324823332	0.00171561619215	0.00123769453862	6.12720068625e-05	0.00164208978391	0.00368040521221	0.0073812344267	4.49328050325e-05	8.169600915e-06	5.31024059475e-05	8.169600915e-06	0	0	0.000682161676402	0.000110289612352	0.000298190433397	0.00022874882562	6.535680732e-05	1.22544013725e-05	8.169600915e-06	0	0.000306360034312	0.000710755279605	0.000567787263592	0.000183816020587	0	4.0848004575e-06	8.169600915e-06
0	0.000420734447122	0.000142968016012	0	0	0	0	0	0	4.0848004575e-06	0	1.633920183e-05	0	8.169600915e-06	0	0	0	4.0848004575e-05	0	2.4508802745e-05	0	4.0848004575e-06	0.000138883215555	4.901760549e-05	0	8.169600915e-06	0.000110289612352	0.000232833626077	0	0	0	0	0	0	4.49328050325e-05	1.22544013725e-05	0.00207916343287	0.0246313467587	0	0	0	8.169600915e-06	0.000118459213267	4.0848004575e-06	4.49328050325e-05	8.169600915e-06	0.000249172827907	0	2.04240022875e-05	8.169600915e-06	4.0848004575e-06	0.00034312323843	0.00503247416364	6.12720068625e-05	0.000641313671827	0	0.00145010416241	0.00100486091254	0.0104448347698	8.169600915e-05	0.000126628814182	0.00898247620604	0.00877006658225	0.000220579224705	4.49328050325e-05	0.000428904048037	4.0848004575e-06	4.0848004575e-06	8.169600915e-06	0.00203423062783	3.67632041175e-05	6.94416077775e-05	2.4508802745e-05	8.169600915e-06	4.0848004575e-06	4.0848004575e-06	0	0.00109064172215	0.00189943221274	0.00175237939627	0.00062088966954	4.0848004575e-06	2.04240022875e-05	2.85936032025e-05
0	0	0	0	0	0	0	0	0	0	0	0	0	0	0	0	0	0	0	0	0	0	0	0	0	0	0	0	0	0	0	0	0	0	0	0	0	0	0	0	0	0	0	0	0	0	0	0	0	0	0	0	0	0	0	0	0	0	0	0	0	0	0	0	0	0	0	0	0	0	0	0	0	0	0	0	0	0	0	0	0	0	0	0
2.04240022875e-05	0	0	0	0.0049303541522	0	4.0848004575e-06	1.633920183e-05	1.22544013725e-05	0.0001633920183	0.00031044483477	0	1.633920183e-05	0	0	4.0848004575e-06	4.0848004575e-06	0	0	0	0.000379886442547	4.0848004575e-06	2.4508802745e-05	8.169600915e-06	0.000420734447122	0	0	0	0.00136023855235	1.22544013725e-05	5.31024059475e-05	0	0	8.169600915e-06	1.633920183e-05	0.000126628814182	0	0	0	0.0203994934847	0	0.000302275233855	0.00135206895143	6.94416077775e-05	0.000959928107512	0.00347208038887	0	0.00268371390058	0	0.00017973122013	4.0848004575e-06	2.85936032025e-05	4.0848004575e-06	0	0	0.00734447122258	8.98656100649e-05	5.7187206405e-05	9.80352109799e-05	0.00896205220375	0	0	0	0.00629876230546	6.12720068625e-05	0.00017973122013	0	0	1.633920183e-05	7.76112086925e-05	8.169600915e-06	0	4.0848004575e-06	0	1.22544013725e-05	0	0	0.000102120011437	5.31024059475e-05	4.901760549e-05	8.169600915e-06	8.169600915e-06	8.169600915e-06	4.0848004575e-06
0	0	0	0	0	0	0	0	0	0	0	0	0	0	0	0	0	0	0	0	0	0	0	0	0	0	0	0	0	0	0	0	0	0	0	0	0	0	0	0	0.00147461296516	0.000355377639802	0	0.000142968016012	0	0	0	0	4.0848004575e-06	2.85936032025e-05	0.000106204811895	0	0	0	0	0	0	0	0	0	0	0	0	0	0.000122544013725	0	0	0.000396225644377	0	0.000102120011437	0	0	0	0	0	0	0	4.0848004575e-06	4.0848004575e-06	1.633920183e-05	4.0848004575e-06	0.000531024059475	0.00060455046771	0
0	0	4.0848004575e-06	0	0.000106204811895	0	0	8.169600915e-06	4.0848004575e-06	4.901760549e-05	1.633920183e-05	0	2.4508802745e-05	0	0	0	0	4.0848004575e-06	0	4.0848004575e-06	8.169600915e-06	0	0	0	4.0848004575e-06	0	4.0848004575e-06	4.0848004575e-06	1.22544013725e-05	4.0848004575e-06	8.169600915e-06	0	0	8.169600915e-06	8.169600915e-06	0.00115599852947	0	8.169600915e-06	0	0.000302275233855	0.000355377639802	0.0259793309097	0.00221804664842	0.00533474939749	0.000208324823332	0.0080633961031	1.22544013725e-05	0.0037580164209	8.169600915e-06	0.00493443895266	0.00177688819901	8.169600915e-06	8.169600915e-06	0	4.0848004575e-06	0.000906825701564	0.000106204811895	4.0848004575e-06	7.3526408235e-05	0.000898656100649	0	8.169600915e-06	8.169600915e-06	0.000600465667252	0.00361504840489	0.000142968016012	0	0.000780196887382	9.39504105224e-05	0.00119276173359	0	0	8.169600915e-06	0	4.0848004575e-06	0	0	0.000273681630652	2.85936032025e-05	0.00063722887137	0.000151137616927	0.000453412850782	0.00124994893999	8.169600915e-06
1.633920183e-05	4.0848004575e-06	0	0	0.000155222417385	0	4.0848004575e-06	4.0848004575e-05	0	0.000269596830195	1.633920183e-05	0	1.22544013725e-05	0	4.0848004575e-06	4.0848004575e-06	3.267840366e-05	4.0848004575e-06	0	0	1.22544013725e-05	8.169600915e-06	8.169600915e-05	1.633920183e-05	6.535680732e-05	0	8.169600915e-06	8.169600915e-06	7.76112086925e-05	4.0848004575e-05	6.94416077775e-05	0	0	2.85936032025e-05	4.901760549e-05	0.0051223397737	3.267840366e-05	0.000118459213267	0	0.00135206895143	0	0.00221804664842	0.0456108819084	0.00215677464156	0.00162166578163	0.00783873207794	8.169600915e-06	0.000894571300192	8.169600915e-06	0.00560434622769	0.000102120011437	0.000355377639802	0.000167476818757	0	8.169600915e-06	0.00106204811895	0.0025856786896	0.000400310444835	0.00194436501777	0.00863118336669	0	5.31024059475e-05	0.000134798415097	0.0180589028226	0.00131530574731	0.0092357338344	0	4.0848004575e-06	0.00024508802745	0.00130305134594	1.22544013725e-05	8.169600915e-06	1.22544013725e-05	0	2.04240022875e-05	4.0848004575e-06	4.0848004575e-06	0.0011437441281	0.00044115844941	0.000739348882807	0.00026142722928	5.31024059475e-05	1.633920183e-05	8.169600915e-06
