4360	3	18	0	42	0	603	1187	1452	102	206	2	57	0	1823	20	38	12	0	3	12	91	35	108	181	0	3	16	352	1678	1138	0	3	527	446	1	2	0	0	5	0	0	4	0	38	0	0	4	0	0	0	0	0	0	0	6	1	4	1	36	0	0	1	10	0	3	0	0	0	0	129	23	193	72	152	34	1	1	1	0	0	0	0	0
3	3261	618	0	0	0	2	3	3	11	0	52	0	15	2	0	30	267	8	151	0	23	345	207	7	144	745	1942	10	7	16	2	0	7	288	0	637	103	0	0	0	0	1	0	2	0	24	0	12	0	0	7	43	7	40	0	13	64	49	1	95	206	253	3	0	3	2	0	0	39	71	207	214	78	7	17	3	8	42	31	9	0	0	0
18	618	8677	0	1	0	23	29	15	19	1	29	4	8	7	1	292	1570	3	203	0	394	485	3888	55	16	1632	2951	108	94	379	0	0	67	1408	0	161	35	0	0	0	1	0	0	6	0	3	0	2	0	0	11	12	1	8	0	13	138	54	6	9	35	89	5	1	6	0	0	0	16	475	673	1001	413	90	72	8	11	15	11	5	0	0	0
0	0	0	0	0	0	0	0	0	0	0	0	0	0	0	0	0	0	0	0	0	0	0	0	0	0	0	0	0	0	0	0	0	0	0	0	0	0	0	0	0	0	0	0	0	0	0	0	0	0	0	0	0	0	0	0	0	0	0	0	0	0	0	0	0	0	0	0	0	0	0	0	0	0	0	0	0	0	0	0	0	0	0	0
42	0	1	0	5403	0	106	418	57	75	581	0	689	0	31	9	1	0	0	0	1288	3	3	3	1951	0	0	0	1544	18	19	0	0	5	6	3	0	0	0	1207	0	26	38	6	17	421	0	810	0	7	0	1	0	0	0	744	0	1	2	72	0	0	0	132	2	2	0	0	0	1	2	1	4	1	14	0	0	0	0	0	0	0	0	0
0	0	0	0	0	837	485	0	197	0	0	1	0	0	66	176	0	0	0	0	0	2	0	2	0	0	0	1	0	36	1	0	325	0	32	0	0	0	0	0	0	0	0	0	0	0	0	0	0	0	0	0	0	0	0	0	0	0	0	0	0	0	0	0	0	0	0	0	0	0	2	1	14	11	31	51	0	1	0	0	0	0	0	0
603	2	23	0	106	485	11444	592	5644	45	1918	31	943	2	1867	295	19	18	1	8	190	33	18	62	160	3	15	14	245	1443	244	0	1110	185	1244	0	1	0	0	1	0	0	1	0	13	1	0	1	0	0	0	0	0	0	0	0	0	1	2	8	1	1	1	2	0	1	0	0	0	0	189	56	550	214	937	580	13	1	0	0	0	0	0	0
1187	3	29	0	418	0	592	8871	893	220	1589	2	179	0	680	15	83	13	1	0	134	138	86	175	914	0	0	11	3476	627	1859	0	1	226	320	1	2	0	0	4	0	2	10	0	90	8	0	8	0	2	0	1	0	0	0	6	0	8	3	76	0	0	1	19	1	2	0	0	0	1	87	17	112	43	107	19	1	3	1	2	2	0	0	0
1452	3	15	0	57	197	5644	893	12953	52	1496	22	235	1	4509	109	15	12	1	9	66	31	11	54	142	1	9	10	291	1583	388	0	613	248	894	0	1	0	0	3	0	1	0	0	24	1	0	3	0	0	1	0	0	0	0	3	1	1	2	20	0	1	0	5	1	1	0	0	0	1	122	30	337	126	452	285	5	2	1	1	1	0	0	0
102	11	19	0	75	0	45	220	52	3448	35	1	325	0	39	99	182	5	0	0	162	52	553	130	1000	0	2	25	373	175	298	0	0	104	184	5	2	1	0	40	0	12	66	3	552	28	0	43	0	9	5	8	1	0	0	38	23	73	19	425	0	0	3	124	3	20	0	0	1	9	57	15	62	19	255	3	0	5	4	3	1	0	1	0
206	0	1	0	581	0	1918	1589	1496	35	6776	2	661	0	542	6	6	0	0	1	682	7	6	7	255	0	0	1	1064	99	69	0	0	29	47	0	0	0	0	76	0	4	4	1	13	39	0	80	0	0	0	0	0	0	0	47	0	0	0	12	0	0	0	7	0	0	0	0	0	0	11	2	15	4	37	5	0	0	0	0	0	0	0	0
2	52	29	0	0	1	31	2	22	1	2	7548	0	1827	13	2	3	94	754	1224	0	4	6	30	2	1211	2469	335	1	34	2	234	7	3	1157	0	30	4	0	0	0	0	0	0	0	0	77	0	47	0	0	0	3	9	16	0	0	0	1	0	173	92	42	0	0	0	0	0	0	8	68	796	1010	149	20	29	123	2	20	6	1	0	0	6
57	0	4	0	689	0	943	179	235	325	661	0	5512	0	65	239	0	3	0	0	1978	3	3	4	527	0	1	0	188	38	16	0	1	8	11	1	0	0	0	4	0	6	3	0	17	63	0	367	0	0	0	0	0	0	0	51	0	0	0	13	0	0	0	3	0	0	0	0	0	0	3	0	12	8	185	2	0	0	0	0	0	0	0	0
0	15	8	0	0	0	2	0	1	0	0	1827	0	3940	1	0	2	19	73	103	0	4	2	14	1	1100	1168	481	2	6	6	323	1	4	172	0	13	2	0	0	0	0	0	0	0	0	47	0	178	0	0	0	1	3	4	0	0	2	2	0	75	42	28	0	0	0	0	0	0	12	83	251	295	105	8	20	236	12	23	18	14	0	0	12
1823	2	7	0	31	66	1867	680	4509	39	542	13	65	1	8063	27	17	9	1	5	22	30	16	47	97	1	4	12	182	2400	361	0	765	283	607	1	0	0	0	0	0	0	1	0	16	0	0	4	0	0	1	0	0	0	0	4	0	2	0	16	0	0	0	4	1	0	0	0	0	1	98	27	209	69	255	178	3	1	2	2	2	0	0	0
20	0	1	0	9	176	295	15	109	99	6	2	239	0	27	1170	2	1	0	0	5	0	1	4	20	0	0	0	9	47	18	0	3	13	37	0	0	0	0	1	0	0	1	0	11	0	0	3	0	0	1	0	0	0	0	1	0	0	0	6	0	0	0	0	0	0	0	0	0	1	17	0	21	8	445	8	1	2	0	0	0	0	0	0
38	30	292	0	1	0	19	83	15	182	6	3	0	2	17	2	5264	52	1	6	0	719	1449	2232	1284	1	16	1101	940	117	410	0	0	86	465	0	5	0	0	1	0	0	8	0	72	0	0	0	0	0	0	6	1	0	1	0	8	87	15	48	0	0	15	16	0	4	0	0	0	8	161	95	252	123	52	26	3	3	4	3	2	0	0	0
12	267	1570	0	0	0	18	13	12	5	0	94	3	19	9	1	52	6432	15	1498	0	375	94	2505	6	32	1901	838	26	62	205	0	3	29	2048	0	75	10	0	0	0	1	1	1	1	0	2	0	0	0	0	0	2	1	8	0	3	21	7	1	8	22	30	1	1	2	0	0	0	7	318	555	895	326	65	69	12	9	10	7	4	0	0	1
0	8	3	0	0	0	1	1	1	0	0	754	0	73	1	0	1	15	1367	521	0	0	0	1	0	72	734	57	0	1	0	6	0	1	64	0	2	0	0	0	0	0	0	0	0	0	1	0	3	0	0	0	0	0	2	0	0	0	0	0	17	7	6	0	0	0	0	0	0	0	3	48	45	8	1	1	3	0	0	0	0	0	0	0
3	151	203	0	0	0	8	0	9	0	1	1224	0	103	5	0	6	1498	521	5420	0	18	11	111	0	165	2839	597	2	17	17	13	1	4	1180	0	55	6	0	0	0	1	0	1	0	0	17	0	12	0	0	0	0	3	8	0	2	0	2	0	55	36	34	0	1	0	0	0	0	5	110	422	619	161	19	18	9	3	7	4	2	0	0	1
12	0	0	0	1288	0	190	134	66	162	682	0	1978	0	22	5	0	0	0	0	3575	1	1	1	671	0	0	0	423	9	5	0	0	2	3	0	0	0	0	93	0	2	3	0	4	36	0	123	0	0	0	0	0	0	0	68	0	0	0	6	0	0	0	5	0	0	0	0	0	0	0	0	3	2	9	1	0	0	0	0	0	0	0	0
91	23	394	0	3	2	33	138	31	52	7	4	3	4	30	0	719	375	0	18	1	7699	240	4128	265	2	62	146	594	323	2681	0	1	198	1729	0	7	1	0	1	0	0	2	0	26	2	0	0	0	1	0	4	0	0	0	1	3	22	9	24	1	1	7	5	0	1	0	0	0	1	251	149	572	239	89	55	5	1	2	1	1	0	1	0
35	345	485	0	3	0	18	86	11	553	6	6	3	2	16	1	1449	94	0	11	1	240	4970	1132	920	1	56	946	519	100	363	0	1	83	552	3	111	34	0	6	0	0	20	0	194	1	1	2	2	0	0	68	11	0	1	1	77	654	159	145	0	13	129	68	0	28	0	0	1	34	216	129	327	153	59	24	1	28	24	21	9	0	0	2
108	207	3888	0	3	2	62	175	54	130	7	30	4	14	47	4	2232	2505	1	111	1	4128	1132	15306	404	7	380	2195	708	442	1812	1	2	233	2872	0	54	12	0	2	0	0	4	0	59	1	1	1	2	1	0	25	8	0	3	0	23	225	61	45	1	8	44	21	0	5	0	0	0	17	770	664	1522	670	223	163	14	19	12	9	5	0	1	1
181	7	55	0	1951	0	160	914	142	1000	255	2	527	1	97	20	1284	6	0	0	671	265	920	404	8645	1	2	54	3093	294	616	0	0	159	314	4	0	0	0	103	0	1	16	0	148	3	0	4	0	1	0	5	0	0	0	8	4	31	3	174	0	0	3	33	3	4	0	0	0	5	87	27	113	46	77	13	1	6	2	3	3	1	0	0
0	144	16	0	0	0	3	0	1	0	0	1211	0	1100	1	0	1	32	72	165	0	2	1	7	1	3380	911	465	0	1	0	50	0	0	168	0	88	2	0	0	0	0	0	0	0	0	199	0	144	0	0	0	3	19	34	0	3	0	5	0	454	207	109	0	0	0	2	0	0	32	8	261	146	19	2	2	85	1	43	31	6	0	0	15
3	745	1632	0	0	0	15	0	9	2	0	2469	1	1168	4	0	16	1901	734	2839	0	62	56	380	2	911	14397	4080	3	21	43	509	4	12	1491	0	265	27	0	0	0	1	2	0	1	0	60	0	38	0	0	0	8	7	34	0	5	11	17	1	235	162	121	1	1	1	2	0	0	26	241	817	939	280	32	41	27	4	27	16	5	0	0	1
16	1942	2951	0	0	1	14	11	10	25	1	335	0	481	12	0	1101	838	57	597	0	146	946	2195	54	465	4080	14421	59	40	117	65	3	24	1094	0	408	57	0	0	0	1	2	0	8	0	28	0	14	0	0	10	27	5	28	0	16	139	59	7	98	143	184	4	1	6	0	0	0	30	287	627	798	306	59	47	13	14	33	18	5	0	0	1
352	10	108	0	1544	0	245	3476	291	373	1064	1	188	2	182	9	940	26	0	2	423	594	519	708	3093	0	3	59	10859	448	1442	0	0	241	514	5	2	0	0	333	0	3	19	1	155	86	0	108	0	4	0	3	0	0	0	151	3	33	4	134	0	0	1	75	4	1	0	0	0	2	144	46	168	80	75	24	3	5	3	1	0	1	0	0
1678	7	94	0	18	36	1443	627	1583	175	99	34	38	6	2400	47	117	62	1	17	9	323	100	442	294	1	21	40	448	9659	2666	0	644	2257	2270	0	3	0	0	3	0	1	10	0	88	5	0	4	0	0	0	1	0	0	0	4	4	17	5	80	0	1	2	23	2	5	0	0	0	2	484	86	792	303	519	278	9	4	4	3	4	1	0	0
1138	16	379	0	19	1	244	1859	388	298	69	2	16	6	361	18	410	205	0	17	5	2681	363	1812	616	0	43	117	1442	2666	11059	0	0	1437	2581	0	7	0	0	13	0	2	17	0	158	5	0	6	1	0	0	5	0	0	0	7	11	55	11	130	0	1	4	44	2	8	0	0	0	9	523	169	803	377	243	100	3	7	2	7	4	1	0	0
0	2	0	0	0	0	0	0	0	0	0	234	0	323	0	0	0	0	6	13	0	0	0	1	0	50	509	65	0	0	0	573	0	0	8	0	1	0	0	0	0	0	0	0	0	0	1	0	3	0	0	0	0	0	1	0	0	0	0	0	5	5	0	0	0	0	0	0	0	0	0	10	5	1	0	0	1	0	1	1	0	0	0	0
3	0	0	0	0	325	1110	1	613	0	0	7	1	1	765	3	0	3	0	1	0	1	1	2	0	0	4	3	0	644	0	0	1928	3	262	0	0	0	0	0	0	0	0	0	0	0	0	0	0	0	0	0	0	0	0	0	0	0	0	0	0	0	0	0	0	0	0	0	0	0	3	7	42	13	57	165	1	0	0	0	0	0	0	0
527	7	67	0	5	0	185	226	248	104	29	3	8	4	283	13	86	29	1	4	2	198	83	233	159	0	12	24	241	2257	1437	0	3	2904	1461	0	3	0	0	2	0	2	7	0	56	6	0	4	0	0	0	3	0	0	0	1	7	16	7	52	0	0	1	15	1	5	0	0	0	2	401	65	510	212	211	63	4	5	3	1	1	1	0	0
446	288	1408	0	6	32	1244	320	894	184	47	1157	11	172	607	37	465	2048	64	1180	3	1729	552	2872	314	168	1491	1094	514	2270	2581	8	262	1461	14392	0	82	11	0	4	0	2	12	0	100	4	12	4	7	1	0	14	3	1	6	2	15	96	23	90	33	27	39	30	4	9	0	0	0	17	2298	1695	6546	2266	1154	916	99	36	19	13	10	1	0	3
1	0	0	0	3	0	0	1	0	5	0	0	1	0	1	0	0	0	0	0	0	0	3	0	4	0	0	0	5	0	0	0	0	0	0	3520	0	3	0	31	0	283	1254	320	52	209	1	57	2	1110	39	20	6	0	1	42	71	13	58	252	0	2	5	262	1077	142	0	1	161	260	0	0	1	0	1	1	1	136	26	117	36	22	5	0
2	637	161	0	0	0	1	2	1	2	0	30	0	13	0	0	5	75	2	55	0	7	111	54	0	88	265	408	2	3	7	1	0	3	82	0	3672	509	0	0	0	0	8	0	16	0	85	0	31	1	0	37	199	19	160	0	51	420	303	15	402	901	1807	11	2	13	2	0	0	167	27	73	56	16	3	2	0	75	174	139	45	0	1	2
0	103	35	0	0	0	0	0	0	1	0	4	0	2	0	0	0	10	0	6	0	1	34	12	0	2	27	57	0	0	0	0	0	0	11	3	509	6030	0	0	0	2	29	1	11	2	61	0	5	2	1	84	1232	15	157	0	355	246	2557	20	31	2199	2147	54	11	105	1	1	2	498	9	17	6	2	1	1	0	267	465	429	152	1	5	7
0	0	0	0	0	0	0	0	0	0	0	0	0	0	0	0	0	0	0	0	0	0	0	0	0	0	0	0	0	0	0	0	0	0	0	0	0	0	0	0	0	0	0	0	0	0	0	0	0	0	0	0	0	0	0	0	0	0	0	0	0	0	0	0	0	0	0	0	0	0	0	0	0	0	0	0	0	0	0	0	0	0	0	0
5	0	0	0	1207	0	1	4	3	40	76	0	4	0	0	1	1	0	0	0	93	1	6	2	103	0	0	0	333	3	13	0	0	2	4	31	0	0	0	4994	0	74	331	17	235	850	0	657	0	44	1	7	1	0	0	1798	22	14	24	2194	0	0	0	1542	15	44	0	0	4	19	2	0	1	0	3	0	0	25	13	12	2	2	2	1
0	0	0	0	0	0	0	0	0	0	0	0	0	0	0	0	0	0	0	0	0	0	0	0	0	0	0	0	0	0	0	0	0	0	0	0	0	0	0	0	361	87	0	35	0	0	0	0	1	7	26	0	0	0	0	0	0	0	0	0	0	0	0	0	30	0	0	97	0	25	0	0	0	0	0	0	0	1	1	4	1	130	148	0
0	0	1	0	26	0	0	2	1	12	4	0	6	0	0	0	0	1	0	1	2	0	0	0	1	0	1	1	3	1	2	0	0	2	2	283	0	2	0	74	87	6360	543	1306	51	1974	3	920	2	1208	435	2	2	0	1	222	26	1	18	220	0	2	2	147	885	35	0	191	23	292	0	0	2	0	1	0	0	67	7	156	37	111	306	2
4	1	0	0	38	0	1	10	0	66	4	0	3	0	1	1	8	1	0	0	3	2	20	4	16	0	2	2	19	10	17	0	0	7	12	1254	8	29	0	331	0	543	11166	528	397	1919	2	219	2	1372	25	87	41	0	2	260	633	98	476	2113	0	13	33	4421	322	2261	0	1	60	319	3	2	3	0	5	1	1	280	108	181	64	13	4	2
0	0	0	0	6	0	0	0	0	3	1	0	0	0	0	0	0	1	0	1	0	0	0	0	0	0	0	0	1	0	0	0	0	0	0	320	0	1	0	17	35	1306	528	3825	16	555	0	85	0	2228	58	2	1	0	0	33	21	1	15	98	0	0	3	84	727	30	0	150	23	189	0	0	0	0	0	0	0	40	6	92	12	23	108	0
38	2	6	0	17	0	13	90	24	552	13	0	17	0	16	11	72	1	0	0	4	26	194	59	148	0	1	8	155	88	158	0	0	56	100	52	16	11	0	235	0	51	397	16	4199	137	0	371	0	38	119	140	12	0	0	296	216	900	201	3051	0	2	53	861	20	183	0	0	7	110	22	5	28	8	56	3	0	158	74	57	24	56	1	0
0	0	0	0	421	0	1	8	1	28	39	0	63	0	0	0	0	0	0	0	36	2	1	1	3	0	0	0	86	5	5	0	0	6	4	209	0	2	0	850	0	1974	1919	555	137	8857	0	2282	0	889	28	5	3	0	0	1817	43	10	34	1059	0	0	3	1400	100	81	0	2	16	71	1	0	0	0	2	0	0	57	10	43	14	11	2	0
0	24	3	0	0	0	0	0	0	0	0	77	0	47	0	0	0	2	1	17	0	0	1	1	0	199	60	28	0	0	0	1	0	0	12	1	85	61	0	0	0	3	2	0	0	0	8250	0	2188	6	1	1	41	944	848	0	12	1	32	0	448	2082	623	1	16	6	65	1	0	1206	1	12	5	3	1	0	0	80	576	1271	178	0	10	391
4	0	0	0	810	0	1	8	3	43	80	0	367	0	4	3	0	0	0	0	123	0	2	1	4	0	0	0	108	4	6	0	0	4	4	57	0	0	0	657	0	920	219	85	371	2282	0	5924	0	106	91	1	0	0	0	2119	5	3	4	406	0	0	0	186	30	14	0	0	5	17	0	0	0	0	7	0	0	12	2	10	5	31	0	0
0	12	2	0	0	0	0	0	0	0	0	47	0	178	0	0	0	0	3	12	0	0	2	2	0	144	38	14	0	0	1	3	0	0	7	2	31	5	0	0	1	2	2	0	0	0	2188	0	4323	1	0	1	3	82	80	0	1	3	7	0	431	932	721	0	5	0	246	1	0	169	10	16	20	15	2	2	13	31	150	260	54	0	2	199
0	0	0	0	7	0	0	2	0	9	0	0	0	0	0	0	0	0	0	0	0	1	0	1	1	0	0	0	4	0	0	0	0	0	1	1110	1	2	0	44	7	1208	1372	2228	38	889	6	106	1	7884	188	12	4	0	1	49	43	9	45	228	0	2	10	218	3498	62	0	70	105	747	0	0	0	0	0	0	0	133	23	419	73	54	131	3
0	0	0	0	0	0	0	0	1	5	0	0	0	0	1	1	0	0	0	0	0	0	0	0	0	0	0	0	0	0	0	0	0	0	0	39	0	1	0	1	26	435	25	58	119	28	1	91	0	188	1066	1	0	0	0	14	4	1	3	22	0	1	0	8	151	2	0	0	3	48	0	0	0	0	1	0	0	11	1	21	4	406	4	0
0	7	11	0	1	0	0	1	0	8	0	0	0	0	0	0	6	0	0	0	0	4	68	25	5	0	0	10	3	1	5	0	0	3	14	20	37	84	0	7	0	2	87	2	140	5	1	1	1	12	1	4397	46	0	1	3	868	837	2118	497	1	21	1003	976	8	190	0	0	2	153	6	1	7	3	2	0	0	184	130	113	60	4	3	0
0	43	12	0	0	0	0	0	0	1	0	3	0	1	0	0	1	2	0	0	0	0	11	8	0	3	8	27	0	0	0	0	0	0	3	6	199	1232	0	1	0	2	41	1	12	3	41	0	3	4	0	46	4166	8	474	1	561	97	2000	20	18	1049	603	40	10	148	0	0	2	656	6	6	3	1	1	0	0	231	390	378	141	2	4	8
0	7	1	0	0	0	0	0	0	0	0	9	0	3	0	0	0	1	0	3	0	0	0	0	0	19	7	5	0	0	0	0	0	0	1	0	19	15	0	0	0	0	0	0	0	0	944	0	82	0	0	0	8	1471	559	0	1	0	6	0	76	544	125	0	0	0	6	0	0	68	1	1	1	1	0	0	0	7	52	63	14	0	0	8
0	40	8	0	0	0	0	0	0	0	0	16	0	4	0	0	1	8	2	8	0	0	1	3	0	34	34	28	0	0	0	1	0	0	6	1	160	157	0	0	0	1	2	0	0	0	848	0	80	1	0	1	474	559	3658	0	12	8	67	0	163	1750	391	2	3	4	7	0	0	416	1	2	4	1	1	0	1	45	230	258	52	0	1	10
6	0	0	0	744	0	0	6	3	38	47	0	51	0	4	1	0	0	0	0	68	1	1	0	8	0	0	0	151	4	7	0	0	1	2	42	0	0	0	1798	0	222	260	33	296	1817	0	2119	0	49	14	3	1	0	0	4429	7	1	8	783	0	0	0	540	14	17	0	0	5	13	1	0	0	0	7	0	0	15	4	9	3	2	0	0
1	13	13	0	0	0	0	0	1	23	0	0	0	0	0	0	8	3	0	2	0	3	77	23	4	3	5	16	3	4	11	0	0	7	15	71	51	355	0	22	0	26	633	21	216	43	12	5	1	43	4	868	561	1	12	7	10492	481	5609	657	3	106	361	2357	130	3431	0	2	176	721	5	1	5	4	2	2	0	596	398	447	209	10	2	8
4	64	138	0	1	0	1	8	1	73	0	0	0	2	2	0	87	21	0	0	0	22	654	225	31	0	11	139	33	17	55	0	0	16	96	13	420	246	0	14	0	1	98	1	900	10	1	3	3	9	1	837	97	0	8	1	481	4433	1161	837	0	70	1362	373	14	176	0	0	3	246	37	20	58	23	13	6	1	235	198	193	88	4	3	4
1	49	54	0	2	0	2	3	2	19	0	1	0	2	0	0	15	7	0	2	0	9	159	61	3	5	17	59	4	5	11	0	0	7	23	58	303	2557	0	24	0	18	476	15	201	34	32	4	7	45	3	2118	2000	6	67	8	5609	1161	14666	482	7	679	2074	1399	117	1686	0	2	97	1202	20	12	22	14	8	4	0	1037	856	898	426	13	7	17
36	1	6	0	72	0	8	76	20	425	12	0	13	0	16	6	48	1	0	0	6	24	145	45	174	0	1	7	134	80	130	0	0	52	90	252	15	20	0	2194	0	220	2113	98	3051	1059	0	406	0	228	22	497	20	0	0	783	657	837	482	12301	0	5	66	5724	115	630	0	1	39	275	20	6	28	9	39	3	0	287	147	166	65	16	8	2
0	95	9	0	0	0	1	0	0	0	0	173	0	75	0	0	0	8	17	55	0	1	0	1	0	454	235	98	0	0	0	5	0	0	33	0	402	31	0	0	0	0	0	0	0	0	448	0	431	0	0	1	18	76	163	0	3	0	7	0	2437	808	776	1	0	1	12	0	0	97	4	35	28	6	2	0	2	16	123	97	18	1	1	39
0	206	35	0	0	0	1	0	1	0	0	92	0	42	0	0	0	22	7	36	0	1	13	8	0	207	162	143	0	1	1	5	0	0	27	2	901	2199	0	0	0	2	13	0	2	0	2082	0	932	2	1	21	1049	544	1750	0	106	70	679	5	808	12864	4063	13	11	42	204	0	0	728	6	26	22	6	0	1	2	166	660	629	138	1	4	34
1	253	89	0	0	0	1	1	0	3	0	42	0	28	0	0	15	30	6	34	0	7	129	44	3	109	121	184	1	2	4	0	0	1	39	5	1807	2147	0	0	0	2	33	3	53	3	623	0	721	10	0	1003	603	125	391	0	361	1362	2074	66	776	4063	14241	104	16	87	171	0	2	560	15	33	27	13	4	2	1	326	575	477	162	5	2	11
10	3	5	0	132	0	2	19	5	124	7	0	3	0	4	0	16	1	0	0	5	5	68	21	33	0	1	4	75	23	44	0	0	15	30	262	11	54	0	1542	0	147	4421	84	861	1400	1	186	0	218	8	976	40	0	2	540	2357	373	1399	5724	1	13	104	13384	104	1867	0	1	40	367	11	2	10	3	10	2	0	402	235	235	95	12	4	3
0	0	1	0	2	0	0	1	1	3	0	0	0	0	1	0	0	1	0	1	0	0	0	0	3	0	1	1	4	2	2	0	0	1	4	1077	2	11	0	15	30	885	322	727	20	100	16	30	5	3498	151	8	10	0	3	14	130	14	117	115	0	11	16	104	7928	86	0	216	1021	1603	2	1	3	0	1	0	1	259	60	898	193	71	334	5
3	3	6	0	2	0	1	2	1	20	0	0	0	0	0	0	4	2	0	0	0	1	28	5	4	0	1	6	1	5	8	0	0	5	9	142	13	105	0	44	0	35	2261	30	183	81	6	14	0	62	2	190	148	0	4	17	3431	176	1686	630	1	42	87	1867	86	7599	0	0	66	437	2	1	6	2	3	3	0	341	220	232	95	10	3	3
0	2	0	0	0	0	0	0	0	0	0	0	0	0	0	0	0	0	0	0	0	0	0	0	0	2	2	0	0	0	0	0	0	0	0	0	2	1	0	0	0	0	0	0	0	0	65	0	246	0	0	0	0	6	7	0	0	0	0	0	12	204	171	0	0	0	439	0	0	7	1	0	0	1	0	0	0	0	4	5	3	0	0	0
0	0	0	0	0	0	0	0	0	0	0	0	0	0	0	0	0	0	0	0	0	0	0	0	0	0	0	0	0	0	0	0	0	0	0	1	0	1	0	0	97	191	1	150	0	2	1	0	1	70	0	0	0	0	0	0	2	0	2	1	0	0	0	1	216	0	0	522	1	104	0	0	0	0	0	0	0	4	1	30	8	17	184	0
0	0	0	0	0	0	0	0	0	1	0	0	0	0	0	0	0	0	0	0	0	0	1	0	0	0	0	0	0	0	0	0	0	0	0	161	0	2	0	4	0	23	60	23	7	16	0	5	0	105	3	2	2	0	0	5	176	3	97	39	0	0	2	40	1021	66	0	1	1405	124	0	0	0	0	0	0	0	57	10	47	11	5	5	0
0	39	16	0	1	0	0	1	1	9	0	8	0	12	1	1	8	7	0	5	0	1	34	17	5	32	26	30	2	2	9	0	0	2	17	260	167	498	0	19	25	292	319	189	110	71	1206	17	169	747	48	153	656	68	416	13	721	246	1202	275	97	728	560	367	1603	437	7	104	124	9404	21	7	11	10	10	2	3	1504	1155	4590	1177	57	325	137
129	71	475	0	2	2	189	87	122	57	11	68	3	83	98	17	161	318	3	110	0	251	216	770	87	8	241	287	144	484	523	0	3	401	2298	0	27	9	0	2	0	0	3	0	22	1	1	0	10	0	0	6	6	1	1	1	5	37	20	20	4	6	15	11	2	2	1	0	0	21	6888	1779	2569	1802	1009	379	106	84	24	25	26	1	0	5
23	207	673	0	1	1	56	17	30	15	2	796	0	251	27	0	95	555	48	422	0	149	129	664	27	261	817	627	46	86	169	10	7	65	1695	0	73	17	0	0	0	0	2	0	5	0	12	0	16	0	0	1	6	1	2	0	1	20	12	6	35	26	33	2	1	1	0	0	0	7	1779	5623	2183	1189	206	192	209	20	16	5	3	0	0	6
193	214	1001	0	4	14	550	112	337	62	15	1010	12	295	209	21	252	895	45	619	3	572	327	1522	113	146	939	798	168	792	803	5	42	510	6546	1	56	6	0	1	0	2	3	0	28	0	5	0	20	0	0	7	3	1	4	0	5	58	22	28	28	22	27	10	3	6	0	0	0	11	2569	2183	9568	3710	1258	1077	274	55	21	17	14	1	0	4
72	78	413	0	1	11	214	43	126	19	4	149	8	105	69	8	123	326	8	161	2	239	153	670	46	19	280	306	80	303	377	1	13	212	2266	0	16	2	0	0	0	0	0	0	8	0	3	0	15	0	0	3	1	1	1	0	4	23	14	9	6	6	13	3	0	2	1	0	0	10	1802	1189	3710	4341	947	915	183	57	18	16	17	1	0	4
152	7	90	0	14	31	937	107	452	255	37	20	185	8	255	445	52	65	1	19	9	89	59	223	77	2	32	59	75	519	243	0	57	211	1154	1	3	1	0	3	0	1	5	0	56	2	1	7	2	0	1	2	1	0	1	7	2	13	8	39	2	0	4	10	1	3	0	0	0	10	1009	206	1258	947	3737	614	20	28	7	12	8	0	0	0
34	17	72	0	0	51	580	19	285	3	5	29	2	20	178	8	26	69	1	18	1	55	24	163	13	2	41	47	24	278	100	0	165	63	916	1	2	1	0	0	0	0	1	0	3	0	0	0	2	0	0	0	0	0	0	0	2	6	4	3	0	1	2	2	0	3	0	0	0	2	379	192	1077	915	614	1932	52	17	2	1	2	0	0	0
1	3	8	0	0	0	13	1	5	0	0	123	0	236	3	1	3	12	3	9	0	5	1	14	1	85	27	13	3	9	3	1	1	4	99	1	0	0	0	0	0	0	1	0	0	0	0	0	13	0	0	0	0	0	1	0	0	1	0	0	2	2	1	0	1	0	0	0	0	3	106	209	274	183	20	52	555	6	6	4	5	0	0	3
1	8	11	0	0	1	1	3	2	5	0	2	0	12	1	2	3	9	0	3	0	1	28	19	6	1	4	14	5	4	7	0	0	5	36	136	75	267	0	25	1	67	280	40	158	57	80	12	31	133	11	184	231	7	45	15	596	235	1037	287	16	166	326	402	259	341	0	4	57	1504	84	20	55	57	28	17	6	7414	2451	1864	1320	241	44	105
1	42	15	0	0	0	0	1	1	4	0	20	0	23	2	0	4	10	0	7	0	2	24	12	2	43	27	33	3	4	2	1	0	3	19	26	174	465	0	13	1	7	108	6	74	10	576	2	150	23	1	130	390	52	230	4	398	198	856	147	123	660	575	235	60	220	4	1	10	1155	24	16	21	18	7	2	6	2451	5805	1761	986	24	22	160
0	31	11	0	0	0	0	2	1	3	0	6	0	18	2	0	3	7	0	4	0	1	21	9	3	31	16	18	1	3	7	1	0	1	13	117	139	429	0	12	4	156	181	92	57	43	1271	10	260	419	21	113	378	63	258	9	447	193	898	166	97	629	477	235	898	232	5	30	47	4590	25	5	17	16	12	1	4	1864	1761	7651	2356	55	204	320
0	9	5	0	0	0	0	2	1	1	0	1	0	14	2	0	2	4	0	2	0	1	9	5	3	6	5	5	0	4	4	0	0	1	10	36	45	152	0	2	1	37	64	12	24	14	178	5	54	73	4	60	141	14	52	3	209	88	426	65	18	138	162	95	193	95	3	8	11	1177	26	3	14	17	8	2	5	1320	986	2356	3005	16	101	149
0	0	0	0	0	0	0	0	0	0	0	0	0	0	0	0	0	0	0	0	0	0	0	0	1	0	0	0	1	1	1	0	0	1	1	22	0	1	0	2	130	111	13	23	56	11	0	31	0	54	406	4	2	0	0	2	10	4	13	16	1	1	5	12	71	10	0	17	5	57	1	0	1	1	0	0	0	241	24	55	16	967	55	0
0	0	0	0	0	0	0	0	0	1	0	0	0	0	0	0	0	0	0	0	0	1	0	1	0	0	0	0	0	0	0	0	0	0	0	5	1	5	0	2	148	306	4	108	1	2	10	0	2	131	4	3	4	0	1	0	2	3	7	8	1	4	2	4	334	3	0	184	5	325	0	0	0	0	0	0	0	44	22	204	101	55	885	3
0	0	0	0	0	0	0	0	0	0	0	6	0	12	0	0	0	1	0	1	0	0	2	1	0	15	1	1	0	0	0	0	0	0	3	0	2	7	0	1	0	2	2	0	0	0	391	0	199	3	0	0	8	8	10	0	8	4	17	2	39	34	11	3	5	3	0	0	0	137	5	6	4	4	0	0	3	105	160	320	149	0	3	706
