0.0154357634766	0	0	0	1.97894403546e-05	0	0	0.00498693896937	0.00203831235653	0	0.00014842080266	0	0	0	0.00945935248951	0	0	0	0	0	0	0	0	0	0.00120715586163	0	0	0	0.00525409641415	0.00580820074408	0.00657998891791	0	0	0.000692630412412	9.89472017731e-06	0	9.89472017731e-06	0	0	0	0	0	0	0	0	0	0	0	0	0	0	0	0	0	0	0	0	0	0	0	0	9.89472017731e-06	9.89472017731e-06	0	0	0	0	0	0	0	0	0	4.94736008866e-05	4.94736008866e-05	0	0	0	0	0	0	0	0	0	0
0	0.0299315285364	0.00677788332146	0	0	0	0	0	0	0.00667893611969	0	0	9.89472017731e-06	5.93683210639e-05	0	0	0	9.89472017731e-06	0	0	0	5.93683210639e-05	0.00943956304916	9.89472017731e-06	0.00784651310061	0.00116757698092	0.00146441858624	0.0263001662313	0.000860840655426	0	2.96841605319e-05	0	0	0	5.93683210639e-05	0	0.012556399905	0.000346315206206	0	9.89472017731e-06	0	0	0	1.97894403546e-05	0	0	0	1.97894403546e-05	1.97894403546e-05	0	0	0	0.000306736325497	0	0.00066294625188	1.97894403546e-05	0	0.000227578564078	1.97894403546e-05	0	7.91577614185e-05	0.000227578564078	0.0148519749861	0	3.95788807093e-05	0	0	1.97894403546e-05	0	0.000850945935249	1.97894403546e-05	0	9.89472017731e-05	0	0	0	0	0	0	0.000860840655426	6.92630412412e-05	0	0	0
0	0.00677788332146	0.0495923375287	0	9.89472017731e-06	0	0	0	0	0	0	0	0	0	0	0	0	0.0120814533365	0	0.000484841288688	0	0.000563999050107	0.00180083907227	0.0190176521808	5.93683210639e-05	0	0.00832145966912	0.020867964854	0.000395788807093	0	1.97894403546e-05	0	0	0	0.000435367687802	0	0.00698567244518	0.000633262091348	0	9.89472017731e-06	0	0	0	0.00010884192195	0	0	0	1.97894403546e-05	0	0	0	0	0.00120715586163	1.97894403546e-05	0.00175136547138	1.97894403546e-05	0.000158315522837	0.000751998733476	0.000207789123724	9.89472017731e-06	0	0.000544209609752	0.00794546030238	1.97894403546e-05	0.000158315522837	0	0	0.00010884192195	0	0.00364125702525	0.000465051848334	0	0.000969682577377	0.000217683843901	0	0	0	4.94736008866e-05	0	0.00518483337291	0.0010488403388	0	0	0
0	0	0	0	0	0	0	0	0	0	0	0	0	0	0	0	0	0	0	0	0	0	0	0	0	0	0	0	0	0	0	0	0	0	0	0	0	0	0	0	0	0	0	0	0	0	0	0	0	0	0	0	0	0	0	0	0	0	0	0	0	0	0	0	0	0	0	0	0	0	0	0	0	0	0	0	0	0	0	0	0	0	0	0
1.97894403546e-05	0	9.89472017731e-06	0	0.014396817858	0.000870735375604	0.000455157128156	0.000187999683369	0.000168210243014	0.00651072587667	0.0022263120399	0.00025726272461	0.00151389218713	0	0.000326525765851	0.00292883717248	0	0	9.89472017731e-06	1.97894403546e-05	0.00167220770997	0	2.96841605319e-05	0	0.00849956463231	0	0	0	0.00381936198844	5.93683210639e-05	0	0	0	0	0.000277052164965	0	0	0	0	0.00180083907227	0	0	0	0	0.00113789282039	0	0	0.00125662946252	0	0	1.97894403546e-05	0	0	0	0	0.00218673315919	0	0	0	0.00081136705454	0	0	0	0	0.000722314572944	1.97894403546e-05	0	0	0	0.000712419852767	7.91577614185e-05	0	0.000306736325497	5.93683210639e-05	0.00132589250376	1.97894403546e-05	0	8.90524815958e-05	0	0.000722314572944	3.95788807093e-05	4.94736008866e-05	0	0
0	0	0	0	0.000870735375604	0.00370062534632	0.000801472334362	0.000138526082482	9.89472017731e-06	0.00145452386607	7.91577614185e-05	0	0.000178104963192	0	0	0.00239452228291	0	0	0	0	0	0	9.89472017731e-06	0	0.00100926145809	0	0	0	0.000178104963192	0	0	0	0.000504630729043	0	0.000178104963192	0	0	0	0	0	0	0	0	0	0	0	0	0	0	0	0	0	0	0	0	0	0	0	0	0	0	0	0	0	0	0	0	0	0	0	3.95788807093e-05	0	0.00014842080266	4.94736008866e-05	0.00214715427848	0.00146441858624	9.89472017731e-06	0	0	0	0	0	0	0
0	0	0	0	0.000455157128156	0.000801472334362	0.0281306894641	0.00524420169398	0.00700546188554	0.000277052164965	0.0155347106784	0.000880630095781	0.00800482862345	2.96841605319e-05	0.00184041795298	0.00187010211351	0	0	6.92630412412e-05	0	0.00404694055252	0	0	0	0.000187999683369	0	0	0	0.00261220612681	4.94736008866e-05	0	3.95788807093e-05	0.000375999366738	0	0.000860840655426	0	0	0	0	0	0	0	0	0	0	0	0	0	0	0	0	0	0	0	0	0	0	0	0	0	0	0	0	0	0	0	0	0	0	0	2.96841605319e-05	0	0.000880630095781	9.89472017731e-06	0.000415578247447	0.000336420486029	0	0	0	0	0	0	0	0
0.00498693896937	0	0	0	0.000187999683369	0.000138526082482	0.00524420169398	0.0790588142167	0.0132688197578	0.00419536135518	0.0292487928441	0.00136547138447	0.000128631362305	0	0.0163757618935	0.00010884192195	0	9.89472017731e-06	0.000751998733476	0.000939998416845	0.000316631045674	0.00450209768068	0	0.00279031109	0.000672840972057	0	0.000207789123724	0.000178104963192	0.0465645531544	0.00743093485316	0.0136052402438	0	2.96841605319e-05	0	0.00197894403546	0	9.89472017731e-05	0	0	0.00384904614897	0	0	0	0	0.0051452544922	0	0	3.95788807093e-05	0	0	7.91577614185e-05	0	5.93683210639e-05	0	6.92630412412e-05	0.000445262407979	0	0	0	0.0055410432993	0	9.89472017731e-05	3.95788807093e-05	0.000197894403546	0.00207789123724	0	0	0	0	0.00207789123724	0.000395788807093	2.96841605319e-05	0.00358188870419	0.00102905089844	9.89472017731e-05	0.000306736325497	0	0.000336420486029	3.95788807093e-05	0.00203831235653	9.89472017731e-05	0.000227578564078	0	0
0.00203831235653	0	0	0	0.000168210243014	9.89472017731e-06	0.00700546188554	0.0132688197578	0.0317917359297	0	0.0168012348611	0.000267157444787	0.00386883558933	1.97894403546e-05	0.016464814375	0.000573893770284	0	0	0	0	0.0024439958838	0	0	2.96841605319e-05	0.000613472650993	0	0.000118736642128	0.000118736642128	0.00878651151745	0.000474946568511	0.00179094435209	0	0.000860840655426	0	0.000653051531703	0	9.89472017731e-06	0	0	0	0	0	0	0	0	0	0	0	0	0	0	0	0	0	0	0	0	0	0	0	0	0	0	0	0	0	0	0	0	0	2.96841605319e-05	0	0.00125662946252	0.000277052164965	1.97894403546e-05	0.000484841288688	9.89472017731e-06	9.89472017731e-06	0	9.89472017731e-06	0	0	0	0
0	0.00667893611969	0	0	0.00651072587667	0.00145452386607	0.000277052164965	0.00419536135518	0	0.0467327633975	0.00502651785008	0.000237473284256	0.00246378532415	2.96841605319e-05	0	0.00556083273965	0.00282988997071	0	0	9.89472017731e-06	0.00055410432993	0.000692630412412	0.0208184912531	0.000791577614185	0.0291993192433	0.00101915617826	0.000385894086915	0.00549156969841	0.0169397609436	1.97894403546e-05	0	0	0	1.97894403546e-05	0.000227578564078	0	0	0	0	0.00459115016227	0	0	0	0.000197894403546	0.0119231378137	0	9.89472017731e-06	0.000415578247447	9.89472017731e-06	9.89472017731e-06	0.000296841605319	0.00329494181905	1.97894403546e-05	0	8.90524815958e-05	0.001395155545	0.000890524815958	0.0103894561862	0.00337409958046	0.00948903665004	9.89472017731e-06	8.90524815958e-05	9.89472017731e-06	0.00432399271749	0.00413599303412	0.000494736008866	0	0.000207789123724	0	0.00434378215784	0.00326525765851	0.000742104013299	0.000306736325497	6.92630412412e-05	0.00269136388823	0.000158315522837	0	0.00315641573656	0.000178104963192	0.00435367687802	0.000207789123724	0.000781682894008	0	0
0.00014842080266	0	0	0	0.0022263120399	7.91577614185e-05	0.0155347106784	0.0292487928441	0.0168012348611	0.00502651785008	0.070816512309	0.00618420011082	0.00621388427135	8.90524815958e-05	0.0107951397134	0.000227578564078	0	0	0.00225599620043	0.00144462914589	0.0071538826882	0	0	0	0.000455157128156	0	0	0	0.0188296524974	0.00896461648065	0	9.89472017731e-06	0.000118736642128	0	0.00494736008866	0	0	0	0	0.00785640782079	0	0	0	0	0.00580820074408	9.89472017731e-06	0	0.000356209926383	0	0	0.000277052164965	0	0	0	0	0.00238462756273	0	0	0	0.00943956304916	0	0	0	0.000435367687802	0.000326525765851	0	0	0	0	0.000336420486029	9.89472017731e-05	9.89472017731e-06	0.00851935407267	0.00066294625188	7.91577614185e-05	0.000504630729043	0	7.91577614185e-05	0	0.000326525765851	0	0.000643156811525	0	0
0	0	0	0	0.00025726272461	0	0.000880630095781	0.00136547138447	0.000267157444787	0.000237473284256	0.00618420011082	0.0313959471226	0.00299810021373	0.00160294466872	0.0016128393889	0.000187999683369	0	0.0023549434022	0.0100233515396	0.00779703949972	0.00385894086915	0.000168210243014	0	0	0.000178104963192	0	0.00268146916805	0.00014842080266	0.00238462756273	0.00565977994142	0.000118736642128	0.000613472650993	5.93683210639e-05	0	0.0120715586163	0	0	0	0	0.000286946885142	0	0	0	0	0.000247368004433	0	0.00025726272461	0.000524420169398	0.000178104963192	0.000207789123724	0	0	0	0	0	0.000603577930816	0	0	0	0.000316631045674	0	2.96841605319e-05	0	0	0.000346315206206	0	0	0	0	0.000346315206206	0.00160294466872	0.00259241668646	0.0236285917834	0.00153368162748	9.89472017731e-05	0.00051452544922	0.00066294625188	0	0	0.000168210243014	0	0	0	0
0	9.89472017731e-06	0	0	0.00151389218713	0.000178104963192	0.00800482862345	0.000128631362305	0.00386883558933	0.00246378532415	0.00621388427135	0.00299810021373	0.019977440038	6.92630412412e-05	0.00420525607536	0.00424483495607	0	0	0.000445262407979	7.91577614185e-05	0.0102509301037	0	9.89472017731e-06	0	0.00219662787936	0	0	9.89472017731e-06	0.000870735375604	0.00102905089844	0	5.93683210639e-05	0.000178104963192	0	0.00221641731972	0	0	0	0	7.91577614185e-05	0	0	0	0	0.00010884192195	9.89472017731e-06	0	0.000366104646561	0	0	0	0	0	0	0	6.92630412412e-05	0	0	0	7.91577614185e-05	0	0	0	0	9.89472017731e-06	0	0	0	0	9.89472017731e-06	0	9.89472017731e-06	0.00315641573656	9.89472017731e-05	0.00105873505897	0.000128631362305	0	2.96841605319e-05	0	9.89472017731e-06	0	2.96841605319e-05	0	0
0	5.93683210639e-05	0	0	0	0	2.96841605319e-05	0	1.97894403546e-05	2.96841605319e-05	8.90524815958e-05	0.00160294466872	6.92630412412e-05	0.0126058735059	4.94736008866e-05	3.95788807093e-05	0	0	0	0	4.94736008866e-05	0	3.95788807093e-05	9.89472017731e-06	2.96841605319e-05	0.00291894245231	0.00106862977915	0.00130610306341	0	6.92630412412e-05	0	0	9.89472017731e-06	0	0.000356209926383	0	0	0	0	1.97894403546e-05	0	0	0	8.90524815958e-05	0	1.97894403546e-05	0.00025726272461	1.97894403546e-05	0.00473957096493	0	0	0	0	9.89472017731e-06	0	1.97894403546e-05	1.97894403546e-05	0	0.000138526082482	4.94736008866e-05	0.00224610148025	4.94736008866e-05	0.000979577297554	9.89472017731e-06	7.91577614185e-05	0	0.00014842080266	5.93683210639e-05	0	0.000178104963192	4.94736008866e-05	0.00432399271749	0.00115768226075	9.89472017731e-06	9.89472017731e-06	8.90524815958e-05	0.00255283780575	0.000633262091348	0.00301788965408	0.000653051531703	0.000742104013299	0	0	0.000465051848334
0.00945935248951	0	0	0	0.000326525765851	0	0.00184041795298	0.0163757618935	0.016464814375	0	0.0107951397134	0.0016128393889	0.00420525607536	4.94736008866e-05	0.0408355101718	0	0	0	0.00010884192195	0	0.00527388585451	4.94736008866e-05	0	8.90524815958e-05	0.00140505026518	0	0.000138526082482	0.000138526082482	0.0111513496398	0.00726272461015	0.00497704424919	0	0.00051452544922	0	0.00200862819599	0	9.89472017731e-06	0	0	0	0	0	0	0	0	0	0	0	0	0	0	0	0	0	0	0	0	0	0	0	0	0	0	0	0	0	0	0	0	0	0	0	0.00304757381461	0.000316631045674	0	0.00040568352727	0	0	0	9.89472017731e-06	0	0	0	0
0	0	0	0	0.00292883717248	0.00239452228291	0.00187010211351	0.00010884192195	0.000573893770284	0.00556083273965	0.000227578564078	0.000187999683369	0.00424483495607	3.95788807093e-05	0	0.0100332462598	0	0	1.97894403546e-05	0	7.91577614185e-05	0	1.97894403546e-05	0	0.00437346631837	0	0	0	0.000375999366738	0	0	9.89472017731e-06	0.000207789123724	0	9.89472017731e-05	0	0	0	0	0	0	0	0	0	0	0	0	1.97894403546e-05	0	0	0	0	0	0	0	1.97894403546e-05	0	0	0	9.89472017731e-06	0	0	0	0	3.95788807093e-05	0	0	0	0	2.96841605319e-05	0.000128631362305	1.97894403546e-05	0.000563999050107	0.00025726272461	0.00366104646561	0.00112799810021	9.89472017731e-06	7.91577614185e-05	0	1.97894403546e-05	0	0	0	0
0	0	0	0	0	0	0	0	0	0.00282988997071	0	0	0	0	0	0	0.0203039658038	0	0	1.97894403546e-05	0	0.0024439958838	0.0124772421436	0.00290904773213	0.00695598828465	0	3.95788807093e-05	0.00281010053036	0.00615451595029	0	0	0	0	0	0	0	0	0	0	0	0	0	0	0	0	0	0	0	0	0	0	0.00310694213568	0	0	0	0	0.000138526082482	0.00700546188554	0.00565977994142	0	0	0	0.00305746853479	0	0	0	0	0	0	0	0.00448230824032	0.00318609989709	0	0	0	0	0	9.89472017731e-06	0	0	0	0	0	0
0	9.89472017731e-06	0.0120814533365	0	0	0	0	9.89472017731e-06	0	0	0	0.0023549434022	0	0	0	0	0	0.0321875247368	0.00025726272461	0.00962756273253	0	0.000633262091348	0	0.0159502889258	0	0	0.00389851974986	0.00188989155387	0.00102905089844	9.89472017731e-06	0.00646125227579	0	0	0	0.00741114541281	0	0.00338399430064	0	0	0	0	0	0	9.89472017731e-06	0	0	0	9.89472017731e-06	0	0	0	0	0.00077178817383	0	0.00133578722394	9.89472017731e-06	0.000138526082482	0	0.000138526082482	9.89472017731e-06	0	0.000316631045674	0.000999366737909	9.89472017731e-06	1.97894403546e-05	0	0	9.89472017731e-06	0	0.000534314889575	0.000158315522837	2.96841605319e-05	0.00520462281327	0.000336420486029	0	0	0	0	0	0.000930103696667	0.000237473284256	0	0	0
0	0	0	0	9.89472017731e-06	0	6.92630412412e-05	0.000751998733476	0	0	0.00225599620043	0.0100233515396	0.000445262407979	0	0.00010884192195	1.97894403546e-05	0	0.00025726272461	0.0111216654793	0.00431409799731	0.000791577614185	8.90524815958e-05	0	0	9.89472017731e-05	0	0.00150399746695	0.000187999683369	0.00146441858624	0.00186020739333	0.000118736642128	0	0	0	0.00228568036096	0	0	0	0	1.97894403546e-05	0	0	0	0	1.97894403546e-05	0	9.89472017731e-06	0	0	9.89472017731e-06	0	0	0	0	0	1.97894403546e-05	0	0	0	1.97894403546e-05	0	0	0	0	9.89472017731e-06	0	0	0	0	9.89472017731e-06	0.00051452544922	8.90524815958e-05	0.00837093327001	0.00106862977915	0	8.90524815958e-05	0	0	0	0	0	0	0	0
0	0	0.000484841288688	0	1.97894403546e-05	0	0	0.000939998416845	0	9.89472017731e-06	0.00144462914589	0.00779703949972	7.91577614185e-05	0	0	0	1.97894403546e-05	0.00962756273253	0.00431409799731	0.0213923850234	0.000158315522837	0.000178104963192	0	5.93683210639e-05	7.91577614185e-05	0	0.00555093801947	0.00178104963192	0.00206799651706	0.00136547138447	0.000593683210639	0	0	0	0.00851935407267	0	0.000247368004433	0	0	0	0	0	0	0	9.89472017731e-06	0	0	0	0	0	0	0	9.89472017731e-06	9.89472017731e-06	6.92630412412e-05	0	9.89472017731e-06	0	9.89472017731e-06	9.89472017731e-06	0	0.000494736008866	0.000118736642128	9.89472017731e-06	0	0	0	0	0	0	0.000999366737909	0.000366104646561	0.0109039816354	0.000959787857199	0	0	0	0	0	4.94736008866e-05	9.89472017731e-05	0	0	0
0	0	0	0	0.00167220770997	0	0.00404694055252	0.000316631045674	0.0024439958838	0.00055410432993	0.0071538826882	0.00385894086915	0.0102509301037	4.94736008866e-05	0.00527388585451	7.91577614185e-05	0	0	0.000791577614185	0.000158315522837	0.0151982901924	0	0	0	0.000989472017731	0	0	0	0.000563999050107	0.00186020739333	0	4.94736008866e-05	0.000118736642128	0	0.00262210084699	0	0	0	0	0.000870735375604	0	0	0	0	0.000613472650993	0	0	2.96841605319e-05	0	0	0	0	0	0	0	0.000563999050107	0	0	0	0.000880630095781	0	0	0	3.95788807093e-05	0	0	0	0	0	0	0	0	0.00401725639199	9.89472017731e-06	0	1.97894403546e-05	0	1.97894403546e-05	0	0	0	1.97894403546e-05	0	0
0	5.93683210639e-05	0.000563999050107	0	0	0	0	0.00450209768068	0	0.000692630412412	0	0.000168210243014	0	0	4.94736008866e-05	0	0.0024439958838	0.000633262091348	8.90524815958e-05	0.000178104963192	0	0.0429331908494	0.00212736483812	0.0237077495448	0.000306736325497	0	8.90524815958e-05	8.90524815958e-05	0.0228370141692	0	0.0198982822766	0	0	0	0.00128631362305	0	5.93683210639e-05	0	0	0	0	0	0	9.89472017731e-06	0	0	0	0	0	0	0	0.000524420169398	0	3.95788807093e-05	4.94736008866e-05	0	0	0.00203831235653	0.00200862819599	0	0	6.92630412412e-05	0.00025726272461	0	9.89472017731e-06	0	0	9.89472017731e-06	0	9.89472017731e-06	0.00457136072192	0.00140505026518	0.00127641890287	0.000494736008866	0	0	0	9.89472017731e-06	9.89472017731e-06	0.00055410432993	0.000474946568511	0	0	0
0	0.00943956304916	0.00180083907227	0	2.96841605319e-05	9.89472017731e-06	0	0	0	0.0208184912531	0	0	9.89472017731e-06	3.95788807093e-05	0	1.97894403546e-05	0.0124772421436	0	0	0	0	0.00212736483812	0.0617430539064	0.0104389297871	0.0270818491253	0.00103894561862	0.000326525765851	0.0182260745666	0.0103696667458	0	0	0	0	0	0	0	0.000989472017731	0.000207789123724	0	0	0	0	0	3.95788807093e-05	0.000168210243014	0	0	0	9.89472017731e-06	0	0	0.00606546346869	0.00066294625188	0	8.90524815958e-05	0	0.00354230982348	0.0327416290667	0.0188098630571	0.00415578247447	9.89472017731e-06	0	0.0139218712895	0.00534314889575	3.95788807093e-05	9.89472017731e-06	0	3.95788807093e-05	0	0.000890524815958	0.000316631045674	0.000237473284256	0	0	0	0	0	0.000890524815958	0	0.00142483970553	6.92630412412e-05	0	0	0
0	9.89472017731e-06	0.0190176521808	0	0	0	0	0.00279031109	2.96841605319e-05	0.000791577614185	0	0	0	9.89472017731e-06	8.90524815958e-05	0	0.00290904773213	0.0159502889258	0	5.93683210639e-05	0	0.0237077495448	0.0104389297871	0.0828188078841	0.000267157444787	0	0.00172168131085	0.0100134568194	0.0123980843822	0	0.0123782949418	0	0	0	0.00273094276894	0	0.00217683843901	0	0	0	0	0	0	0	0	0	0	0	9.89472017731e-06	0	0	0.000682735692235	0.000445262407979	0	0.000860840655426	0	0.000118736642128	0.0105576664292	0.0117252434101	9.89472017731e-06	0	0.000178104963192	0.00469999208422	9.89472017731e-06	9.89472017731e-06	0	0	0	0	0.000425472967624	0.01395155545	0.00538272777646	0.000494736008866	6.92630412412e-05	0	0	0	0.000237473284256	9.89472017731e-06	0.00100926145809	0.000415578247447	0	0	0
0.00120715586163	0.00784651310061	5.93683210639e-05	0	0.00849956463231	0.00100926145809	0.000187999683369	0.000672840972057	0.000613472650993	0.0291993192433	0.000455157128156	0.000178104963192	0.00219662787936	2.96841605319e-05	0.00140505026518	0.00437346631837	0.00695598828465	0	9.89472017731e-05	7.91577614185e-05	0.000989472017731	0.000306736325497	0.0270818491253	0.000267157444787	0.0575180083907	0.000949893137022	0.000474946568511	0.00724293516979	0.0281405841843	0.00519472809309	0.000168210243014	0	0	0.00212736483812	0.000583788490461	0	0	0	0	7.91577614185e-05	9.89472017731e-06	0	0	0	0.00225599620043	0	1.97894403546e-05	0	9.89472017731e-06	0	9.89472017731e-06	0.00425472967624	0	0	0	4.94736008866e-05	0.00344336262171	0.0120121902953	0.0037500989472	0.00446251879997	9.89472017731e-06	0	9.89472017731e-06	0.00562020106071	0.00106862977915	0.000247368004433	0	0	0	0.00112799810021	0.00649093643632	0.00281999525053	0.000682735692235	0.000751998733476	0.0016128393889	3.95788807093e-05	9.89472017731e-06	0.00217683843901	0	0.00123684002216	0.000138526082482	3.95788807093e-05	0	0
0	0.00116757698092	0	0	0	0	0	0	0	0.00101915617826	0	0	0	0.00291894245231	0	0	0	0	0	0	0	0	0.00103894561862	0	0.000949893137022	0.00562020106071	2.96841605319e-05	0.000633262091348	0	0	0	0	0	0	0	0	5.93683210639e-05	0	0	0	0	0	0	0	0	0	0.000207789123724	0	0.000979577297554	0	0	0	0	0	0	0	0	0	0	0	0.00107852449933	0	0.00040568352727	0	0	0	0	0	0	0	0	0.000227578564078	5.93683210639e-05	0	0	0	0.000969682577377	0	0.000732209293121	0	0	0	0	0.000474946568511
0	0.00146441858624	0.00832145966912	0	0	0	0	0.000207789123724	0.000118736642128	0.000385894086915	0	0.00268146916805	0	0.00106862977915	0.000138526082482	0	3.95788807093e-05	0.00389851974986	0.00150399746695	0.00555093801947	0	8.90524815958e-05	0.000326525765851	0.00172168131085	0.000474946568511	2.96841605319e-05	0.0573399034275	0.0279327950606	0.00114778754057	5.93683210639e-05	0.000524420169398	0.000217683843901	0	0	0.00141494498536	0	0.0082423019077	0	0	0	0	0	0	0	9.89472017731e-06	0	9.89472017731e-06	0	0.00336420486029	0	0	0	0	2.96841605319e-05	0.000366104646561	0	0	0	9.89472017731e-06	0	0.00887556399905	0.0115867173276	0.0150894482704	0	0	9.89472017731e-06	0.000247368004433	0	0	0	0.00642167339508	0.00624356843188	0.00306736325497	0.000672840972057	0	0	0	7.91577614185e-05	0.000267157444787	1.97894403546e-05	5.93683210639e-05	0	0	0
0	0.0263001662313	0.020867964854	0	0	0	0	0.000178104963192	0.000118736642128	0.00549156969841	0	0.00014842080266	9.89472017731e-06	0.00130610306341	0.000138526082482	0	0.00281010053036	0.00188989155387	0.000187999683369	0.00178104963192	0	8.90524815958e-05	0.0182260745666	0.0100134568194	0.00724293516979	0.000633262091348	0.0279327950606	0.0918427926858	0.00168210243014	0	0.000722314572944	0	0	0	0.00127641890287	0	0.0191561782633	0.000732209293121	0	9.89472017731e-06	0	0	0	4.94736008866e-05	2.96841605319e-05	0	2.96841605319e-05	1.97894403546e-05	0.00368083590596	0	0	4.94736008866e-05	0.0011774717011	9.89472017731e-06	0.00116757698092	1.97894403546e-05	0	0.00639198923454	0.000969682577377	0.000158315522837	0.0092911422465	0.00831156494894	0.0347601519829	0	6.92630412412e-05	9.89472017731e-06	4.94736008866e-05	4.94736008866e-05	0	0.00264189028734	0.00568946410196	0.00307725797514	0.00131599778358	9.89472017731e-06	0	0	2.96841605319e-05	0.000168210243014	9.89472017731e-05	0.00304757381461	0.000178104963192	0	0	0.000118736642128
0.00525409641415	0.000860840655426	0.000395788807093	0	0.00381936198844	0.000178104963192	0.00261220612681	0.0465645531544	0.00878651151745	0.0169397609436	0.0188296524974	0.00238462756273	0.000870735375604	0	0.0111513496398	0.000375999366738	0.00615451595029	0.00102905089844	0.00146441858624	0.00206799651706	0.000563999050107	0.0228370141692	0.0103696667458	0.0123980843822	0.0281405841843	0	0.00114778754057	0.00168210243014	0.131273252592	0.0170980764664	0.0208382806934	0	9.89472017731e-06	0.00493746536848	0.00471978152458	0	0.000356209926383	0	0	0.00388862502968	0	0	0	9.89472017731e-06	0.00936040528774	0	0	0.000237473284256	0	0	0.000296841605319	0.0033147312594	8.90524815958e-05	3.95788807093e-05	0.000128631362305	6.92630412412e-05	0.00291894245231	0.00961766801235	0.00305746853479	0.00997387793873	0	0.000296841605319	0.000534314889575	0.0044922029605	0.00364125702525	0.00010884192195	0	9.89472017731e-06	0	0.00368083590596	0.0142681864957	0.00446251879997	0.0108149291538	0.00556083273965	0.000326525765851	0.000277052164965	9.89472017731e-06	0.00228568036096	4.94736008866e-05	0.00443283463944	0.000831156494894	0.000742104013299	0	0
0.00580820074408	0	0	0	5.93683210639e-05	0	4.94736008866e-05	0.00743093485316	0.000474946568511	1.97894403546e-05	0.00896461648065	0.00565977994142	0.00102905089844	6.92630412412e-05	0.00726272461015	0	0	9.89472017731e-06	0.00186020739333	0.00136547138447	0.00186020739333	0	0	0	0.00519472809309	0	5.93683210639e-05	0	0.0170980764664	0.0371447795456	0.00846988047178	0	9.89472017731e-06	0.00702525132589	0.00829177550859	0	1.97894403546e-05	0	0	0	0	0	0	0	1.97894403546e-05	0	0	0	0	0	0	0	9.89472017731e-06	0	3.95788807093e-05	0	0	0	0	0	0	7.91577614185e-05	9.89472017731e-06	0	1.97894403546e-05	0	0	0	0	1.97894403546e-05	3.95788807093e-05	9.89472017731e-06	0.0101915617826	0.000949893137022	0	9.89472017731e-05	0	0	0	1.97894403546e-05	9.89472017731e-06	0	0	0
0.00657998891791	2.96841605319e-05	1.97894403546e-05	0	0	0	0	0.0136052402438	0.00179094435209	0	0	0.000118736642128	0	0	0.00497704424919	0	0	0.00646125227579	0.000118736642128	0.000593683210639	0	0.0198982822766	0	0.0123782949418	0.000168210243014	0	0.000524420169398	0.000722314572944	0.0208382806934	0.00846988047178	0.0552719069105	0	0	0.000880630095781	0.00678777804164	0	0.00040568352727	0	0	0	0	0	0	0	0	0	0	0	0	0	0	0	2.96841605319e-05	0	5.93683210639e-05	0	0	0	0	0	0	0.00010884192195	0.000366104646561	0	0	0	0	0	0	9.89472017731e-06	3.95788807093e-05	9.89472017731e-06	0.00393809863057	0.000633262091348	0	0	0	0	0	9.89472017731e-06	0	0	0	0
0	0	0	0	0	0	3.95788807093e-05	0	0	0	9.89472017731e-06	0.000613472650993	5.93683210639e-05	0	0	9.89472017731e-06	0	0	0	0	4.94736008866e-05	0	0	0	0	0	0.000217683843901	0	0	0	0	0.000613472650993	0	0	9.89472017731e-05	0	0	0	0	0	0	0	0	0	0	0	1.97894403546e-05	0	1.97894403546e-05	0	0	0	0	0	0	0	0	0	0	0	0	0	0	0	3.95788807093e-05	0	0	0	0	3.95788807093e-05	1.97894403546e-05	0.000306736325497	0.000613472650993	0	1.97894403546e-05	0	0	0	0	1.97894403546e-05	0	0	0	0
0	0	0	0	0	0.000504630729043	0.000375999366738	2.96841605319e-05	0.000860840655426	0	0.000118736642128	5.93683210639e-05	0.000178104963192	9.89472017731e-06	0.00051452544922	0.000207789123724	0	0	0	0	0.000118736642128	0	0	0	0	0	0	0	9.89472017731e-06	9.89472017731e-06	0	0	0.00217683843901	0	0.000435367687802	0	0	0	0	0	0	0	0	0	0	0	0	0	0	0	0	0	0	0	0	0	0	0	0	0	0	0	0	0	0	0	0	0	0	0	2.96841605319e-05	0	0.000138526082482	0.000197894403546	3.95788807093e-05	0.0010884192195	3.95788807093e-05	0	0	0	0	0	0	0
0.000692630412412	0	0	0	0	0	0	0	0	1.97894403546e-05	0	0	0	0	0	0	0	0	0	0	0	0	0	0	0.00212736483812	0	0	0	0.00493746536848	0.00702525132589	0.000880630095781	0	0	0.0070648302066	9.89472017731e-05	0	0	0	0	0	0	0	0	0	1.97894403546e-05	0	0	0	0	0	0	0	0	0	0	0	0	0	0	0	0	0	0	0	1.97894403546e-05	0	0	0	0	1.97894403546e-05	0	0	0	0	0	0	0	0	0	1.97894403546e-05	9.89472017731e-06	0	0	0
9.89472017731e-06	5.93683210639e-05	0.000435367687802	0	0.000277052164965	0.000178104963192	0.000860840655426	0.00197894403546	0.000653051531703	0.000227578564078	0.00494736008866	0.0120715586163	0.00221641731972	0.000356209926383	0.00200862819599	9.89472017731e-05	0	0.00741114541281	0.00228568036096	0.00851935407267	0.00262210084699	0.00128631362305	0	0.00273094276894	0.000583788490461	0	0.00141494498536	0.00127641890287	0.00471978152458	0.00829177550859	0.00678777804164	9.89472017731e-05	0.000435367687802	9.89472017731e-05	0.0364917280139	0	0.00210757539777	0	0	0.000247368004433	0	0	0	9.89472017731e-06	0.000227578564078	0	0.000207789123724	0.000524420169398	0.00014842080266	0.000197894403546	0	0	0.000296841605319	2.96841605319e-05	0.000366104646561	0.000563999050107	1.97894403546e-05	0	9.89472017731e-05	0.000277052164965	0	0.00120715586163	0.00171178659068	0	0.000306736325497	0	0	9.89472017731e-06	0	0.000356209926383	0.000296841605319	0.000138526082482	0.0254887991768	0.00122694530199	2.96841605319e-05	0.000989472017731	0	0	9.89472017731e-06	0.000395788807093	0.000217683843901	0	0	0
0	0	0	0	0	0	0	0	0	0	0	0	0	0	0	0	0	0	0	0	0	0	0	0	0	0	0	0	0	0	0	0	0	0	0	0.0282494261062	0	0.000949893137022	0	0.000128631362305	0	0.000603577930816	0.00751998733476	0.00279031109	0	0	0	1.97894403546e-05	0	0.0198883875564	0	0	0.00544209609752	0	0	7.91577614185e-05	0.0010488403388	0	0.00489788648777	0.00770798701813	0	0	0	0.00469009736405	0.00769809229795	0.0132985039183	0	0	0	0	0	0	0	0	0	0	0	0	0	0	0	0	0	0
9.89472017731e-06	0.012556399905	0.00698567244518	0	0	0	0	9.89472017731e-05	9.89472017731e-06	0	0	0	0	0	9.89472017731e-06	0	0	0.00338399430064	0	0.000247368004433	0	5.93683210639e-05	0.000989472017731	0.00217683843901	0	5.93683210639e-05	0.0082423019077	0.0191561782633	0.000356209926383	1.97894403546e-05	0.00040568352727	0	0	0	0.00210757539777	0	0.0413302461806	0	0	0	1.97894403546e-05	0	0	9.89472017731e-06	0.00459115016227	0	0	9.89472017731e-06	0.000217683843901	0	1.97894403546e-05	0	0.0017018918705	1.97894403546e-05	0.0022263120399	9.89472017731e-06	0.000118736642128	0.00611493706958	0.000138526082482	0.00476925512547	0.00681746220217	0.00746061901369	0.0335134172406	2.96841605319e-05	1.97894403546e-05	0	0	9.89472017731e-06	0	0.000742104013299	0.000138526082482	0	0.00314652101639	5.93683210639e-05	0	0	0	0	9.89472017731e-06	0.00119726114145	0.000296841605319	1.97894403546e-05	0	0
0	0.000346315206206	0.000633262091348	0	0	0	0	0	0	0	0	0	0	0	0	0	0	0	0	0	0	0	0.000207789123724	0	0	0	0	0.000732209293121	0	0	0	0	0	0	0	0.000949893137022	0	0.0285561624317	0	0	0	0	0.000366104646561	0.000326525765851	0	0	0	0	0	0.0010884192195	0	0	0.0114185070846	0	0.00201852291617	0	0.00111810338004	0.000178104963192	0.0152279743529	0	0	0.00806419694451	0.00577851658355	0	7.91577614185e-05	0.00142483970553	0	9.89472017731e-06	6.92630412412e-05	0.000247368004433	1.97894403546e-05	0	0	0	0	0	0	0	0	0.000346315206206	4.94736008866e-05	0.000138526082482	9.89472017731e-06	0
0	0	0	0	0	0	0	0	0	0	0	0	0	0	0	0	0	0	0	0	0	0	0	0	0	0	0	0	0	0	0	0	0	0	0	0	0	0	0	0	0	0	0	0	0	0	0	0	0	0	0	0	0	0	0	0	0	0	0	0	0	0	0	0	0	0	0	0	0	0	0	0	0	0	0	0	0	0	0	0	0	0	0	0
0	9.89472017731e-06	9.89472017731e-06	0	0.00180083907227	0	0	0.00384904614897	0	0.00459115016227	0.00785640782079	0.000286946885142	7.91577614185e-05	1.97894403546e-05	0	0	0	0	1.97894403546e-05	0	0.000870735375604	0	0	0	7.91577614185e-05	0	0	9.89472017731e-06	0.00388862502968	0	0	0	0	0	0.000247368004433	0.000128631362305	0	0	0	0.0249940631679	5.93683210639e-05	0.00324546821816	5.93683210639e-05	0.00134568194411	0.00544209609752	0.00240441700309	0.000237473284256	0.00815324942611	0.000187999683369	0.00228568036096	0.000286946885142	0	0	6.92630412412e-05	2.96841605319e-05	0.0150201852292	0.000118736642128	0	0.000118736642128	0.0136448191245	0	9.89472017731e-05	0	0.00186020739333	0.00372041478667	0	0	0	0	0.00195915459511	5.93683210639e-05	1.97894403546e-05	0.000286946885142	0	0	0	0	0.000247368004433	4.94736008866e-05	0.001395155545	0.000346315206206	0.000494736008866	0	0
0	0	0	0	0	0	0	0	0	0	0	0	0	0	0	0	0	0	0	0	0	0	0	0	9.89472017731e-06	0	0	0	0	0	0	0	0	0	0	0	1.97894403546e-05	0	0	5.93683210639e-05	0.00487809704742	0.00119726114145	0	0.000593683210639	0.00136547138447	0	9.89472017731e-06	0	0	0	0.00313662629621	0	0	0	0	0	0	0.000277052164965	0	0.000890524815958	0	0	0.000178104963192	0	0.00025726272461	1.97894403546e-05	0	0.000880630095781	0	0.000573893770284	0	0	0	0	0	0	0	0.000692630412412	0	0.000969682577377	0.00014842080266	0.00321578405763	0.000613472650993	0
0	0	0	0	0	0	0	0	0	0	0	0	0	0	0	0	0	0	0	0	0	0	0	0	0	0	0	0	0	0	0	0	0	0	0	0.000603577930816	0	0	0	0.00324546821816	0.00119726114145	0.0297534235732	0.000761893453653	0.0145056597799	0.000118736642128	0.0126256629463	0.000494736008866	0.0133182933587	3.95788807093e-05	0.00962756273253	0.00197894403546	0	0	0	0	0.00803451278398	0	0	0	0.00124673474234	0	0	0	0.00173157603103	0.00199873347582	0	0	0.000880630095781	0	0.000880630095781	0	0	0	0	0	0	0	0.000197894403546	0	0.000168210243014	3.95788807093e-05	0.000910314256313	5.93683210639e-05	0
0	0	0	0	0	0	0	0	0	0	0	0	0	0	0	0	0	0	0	0	0	0	0	0	0	0	0	0	0	0	0	0	0	0	0	0.00751998733476	0	0.000366104646561	0	5.93683210639e-05	0	0.000761893453653	0.0455552916964	0.00844019631125	0	0.00450209768068	0	0	0	0.00773767117866	0	0	0.000544209609752	0	0	0.000128631362305	0.00164252354943	0	0.00171178659068	0.0111909285205	0	0	0	0.0248456423652	0.00014842080266	0.00896461648065	0	0	0	1.97894403546e-05	0	0	0	0	0	0	0	0	0	9.89472017731e-06	0	0	0	0
0	1.97894403546e-05	0.00010884192195	0	0	0	0	0	0	0.000197894403546	0	0	0	8.90524815958e-05	0	0	0	9.89472017731e-06	0	0	0	9.89472017731e-06	3.95788807093e-05	0	0	0	0	4.94736008866e-05	9.89472017731e-06	0	0	0	0	0	9.89472017731e-06	0.00279031109	9.89472017731e-06	0.000326525765851	0	0.00134568194411	0.000593683210639	0.0145056597799	0.00844019631125	0.0390742499802	0.000524420169398	0.0071538826882	0.000761893453653	0.00812356526557	0.000336420486029	0.016910076783	0.00174147075121	0	0.000455157128156	5.93683210639e-05	7.91577614185e-05	0.00401725639199	0.0020482070767	0	0.00206799651706	0.00394799335075	0	0.000187999683369	1.97894403546e-05	0.00700546188554	0.00695598828465	0.00135557666429	0	0.00618420011082	7.91577614185e-05	0.00525409641415	0.000217683843901	0	1.97894403546e-05	9.89472017731e-06	0	0	0	0.00269136388823	0.000168210243014	0.00384904614897	0.00367094118578	0.00120715586163	0.000474946568511	0
0	0	0	0	0.00113789282039	0	0	0.0051452544922	0	0.0119231378137	0.00580820074408	0.000247368004433	0.00010884192195	0	0	0	0	0	1.97894403546e-05	9.89472017731e-06	0.000613472650993	0	0.000168210243014	0	0.00225599620043	0	9.89472017731e-06	2.96841605319e-05	0.00936040528774	1.97894403546e-05	0	0	0	1.97894403546e-05	0.000227578564078	0	0.00459115016227	0	0	0.00544209609752	0.00136547138447	0.000118736642128	0	0.000524420169398	0.0296346869311	0	0.00101915617826	0.00132589250376	2.96841605319e-05	4.94736008866e-05	0.00242420644344	0	0	0	9.89472017731e-06	0.00185031267316	5.93683210639e-05	0.00813345998575	0	0.016069025568	0.00168210243014	1.97894403546e-05	0.00431409799731	0.000455157128156	0.00540251721681	0.000761893453653	0	0.00077178817383	0	0.00634251563366	0.00237473284256	0.000375999366738	0.000277052164965	2.96841605319e-05	0	0	0	0.00216694371883	4.94736008866e-05	0.00604567402834	0.000930103696667	0.00275073220929	0.000286946885142	4.94736008866e-05
0	0	0	0	0	0	0	0	0	0	9.89472017731e-06	0	9.89472017731e-06	1.97894403546e-05	0	0	0	0	0	0	0	0	0	0	0	0	0	0	0	0	0	0	0	0	0	0	0	0	0	0.00240441700309	0	0.0126256629463	0.00450209768068	0.0071538826882	0	0.0254195361355	0.000524420169398	0.00939008944827	0.000187999683369	0.00574883242302	0	0	0	9.89472017731e-06	2.96841605319e-05	0.00882609039816	0	0	0	0.00150399746695	0	9.89472017731e-06	0	0.00270125860841	0.00295852133302	0	0	9.89472017731e-06	0	0.000969682577377	7.91577614185e-05	0	0	0	0	0	0	9.89472017731e-06	9.89472017731e-06	0.000286946885142	5.93683210639e-05	0	9.89472017731e-06	0
0	0	0	0	0	0	0	0	0	9.89472017731e-06	0	0.00025726272461	0	0.00025726272461	0	0	0	0	9.89472017731e-06	0	0	0	0	0	1.97894403546e-05	0.000207789123724	9.89472017731e-06	2.96841605319e-05	0	0	0	1.97894403546e-05	0	0	0.000207789123724	0	0	0	0	0.000237473284256	9.89472017731e-06	0.000494736008866	0	0.000761893453653	0.00101915617826	0.000524420169398	0.0216298583076	0.00234504868202	0.00460104488245	0.00210757539777	6.92630412412e-05	0	9.89472017731e-05	0.00169199715032	0.000781682894008	0.000939998416845	0.000227578564078	0	8.90524815958e-05	0.00115768226075	0.000178104963192	0.00221641731972	0	0.000465051848334	0.00547178025805	0.000643156811525	8.90524815958e-05	0.00124673474234	0.000158315522837	0.0114185070846	7.91577614185e-05	9.89472017731e-05	0.000267157444787	0	2.96841605319e-05	0	1.97894403546e-05	0.00224610148025	0.00131599778358	0.00695598828465	0.00242420644344	9.89472017731e-06	0.000702525132589	0.000712419852767
0	1.97894403546e-05	1.97894403546e-05	0	0.00125662946252	0	0	3.95788807093e-05	0	0.000415578247447	0.000356209926383	0.000524420169398	0.000366104646561	1.97894403546e-05	0	1.97894403546e-05	0	9.89472017731e-06	0	0	2.96841605319e-05	0	0	0	0	0	0	1.97894403546e-05	0.000237473284256	0	0	0	0	0	0.000524420169398	1.97894403546e-05	9.89472017731e-06	0	0	0.00815324942611	0	0.0133182933587	0	0.00812356526557	0.00132589250376	0.00939008944827	0.00234504868202	0.0352350985514	0.000653051531703	0.0145452386607	0.00115768226075	0	0	5.93683210639e-05	3.95788807093e-05	0.0180281801631	0.00010884192195	0	0.00010884192195	0.00214715427848	0	0.000158315522837	0	9.89472017731e-06	0.00977598353519	0	0	1.97894403546e-05	0	0.00355220454366	0.000277052164965	0	0.000544209609752	0	0	9.89472017731e-06	0	9.89472017731e-05	4.94736008866e-05	0.00142483970553	0.000385894086915	0.000653051531703	0	0
0	1.97894403546e-05	0	0	0	0	0	0	0	9.89472017731e-06	0	0.000178104963192	0	0.00473957096493	0	0	0	0	0	0	0	0	9.89472017731e-06	9.89472017731e-06	9.89472017731e-06	0.000979577297554	0.00336420486029	0.00368083590596	0	0	0	1.97894403546e-05	0	0	0.00014842080266	0	0.000217683843901	0	0	0.000187999683369	0	3.95788807093e-05	0	0.000336420486029	2.96841605319e-05	0.000187999683369	0.00460104488245	0.000653051531703	0.0234405921001	0.000415578247447	4.94736008866e-05	0	0	9.89472017731e-06	0	0.000474946568511	2.96841605319e-05	0	0.000138526082482	0.00025726272461	0.00912293200348	0.00130610306341	0.00636230507401	0.000138526082482	0.00176126019156	9.89472017731e-06	0.00116757698092	0.000366104646561	9.89472017731e-06	0.00237473284256	7.91577614185e-05	0.00115768226075	0.00025726272461	0	3.95788807093e-05	0	0.000277052164965	0.00192947043458	0.00611493706958	0.00408651943323	0.00205810179688	0	0	0.00107852449933
0	0	0	0	0	0	0	0	0	9.89472017731e-06	0	0.000207789123724	0	0	0	0	0	0	9.89472017731e-06	0	0	0	0	0	0	0	0	0	0	0	0	0	0	0	0.000197894403546	0.0198883875564	0	0.0010884192195	0	0.00228568036096	0	0.00962756273253	0.00773767117866	0.016910076783	4.94736008866e-05	0.00574883242302	0.00210757539777	0.0145452386607	0.000415578247447	0.053292962875	0.00136547138447	0	0.00467030792369	9.89472017731e-06	0	0.00757935565582	0.00200862819599	0	0.0051452544922	0.0088557745587	0	0.000158315522837	0	0.00839072271036	0.0201654397214	0.0103300878651	0	9.89472017731e-06	0	0.00267157444787	0.000178104963192	0	0.000217683843901	0	0	0	0	0.000544209609752	9.89472017731e-06	0.000415578247447	3.95788807093e-05	0.000534314889575	0	0
0	0	0	0	1.97894403546e-05	0	0	7.91577614185e-05	0	0.000296841605319	0.000277052164965	0	0	0	0	0	0	0	0	0	0	0	0	0	9.89472017731e-06	0	0	0	0.000296841605319	0	0	0	0	0	0	0	1.97894403546e-05	0	0	0.000286946885142	0.00313662629621	0.00197894403546	0	0.00174147075121	0.00242420644344	0	6.92630412412e-05	0.00115768226075	4.94736008866e-05	0.00136547138447	0.00778714477955	0	0	0	0	0	9.89472017731e-06	0.000277052164965	9.89472017731e-06	0.00176126019156	0	0	0.000178104963192	0	0.00040568352727	1.97894403546e-05	0	0.000356209926383	0	0.000474946568511	0	0	0	0	0	0	0	1.97894403546e-05	0	0.000474946568511	0.000178104963192	0.00461093960263	0	0
0	0	0	0	0	0	0	0	0	0.00329494181905	0	0	0	0	0	0	0.00310694213568	0	0	0	0	0.000524420169398	0.00606546346869	0.000682735692235	0.00425472967624	0	0	4.94736008866e-05	0.0033147312594	0	0	0	0	0	0	0	0	0	0	0	0	0	0	0	0	0	0	0	0	0	0	0.0214418586242	0	0	0	0	0.00425472967624	0.0143869231378	0.0127740837489	0.00233515396185	0	0	0.00263199556717	0.0012665241827	0	0	0	0	0	0	0.000187999683369	7.91577614185e-05	0	0	0	0	0	0.00282988997071	1.97894403546e-05	0	0	0	0	0
0	0.000306736325497	0.00120715586163	0	0	0	0	5.93683210639e-05	0	1.97894403546e-05	0	0	0	0	0	0	0	0.00077178817383	0	9.89472017731e-06	0	0	0.00066294625188	0.000445262407979	0	0	0	0.0011774717011	8.90524815958e-05	9.89472017731e-06	2.96841605319e-05	0	0	0	0.000296841605319	0.00544209609752	0.0017018918705	0.0114185070846	0	0	0	0	0.000544209609752	0.000455157128156	0	0	9.89472017731e-05	0	0	0.00467030792369	0	0	0.0372833056281	1.97894403546e-05	0.00686693580306	0	0.00415578247447	0.000653051531703	0.0168309190216	0	0	0.00725282988997	0.00559051690018	9.89472017731e-06	0.00278041636983	0.0114778754057	0	0	0.000949893137022	0.00407662471305	3.95788807093e-05	0	0.00114778754057	1.97894403546e-05	0	0	0	0.000197894403546	0.000227578564078	0.00137536610465	5.93683210639e-05	0	0	0
0	0	1.97894403546e-05	0	0	0	0	0	0	0	0	0	0	9.89472017731e-06	0	0	0	0	0	9.89472017731e-06	0	3.95788807093e-05	0	0	0	0	2.96841605319e-05	9.89472017731e-06	3.95788807093e-05	0	0	0	0	0	2.96841605319e-05	0	1.97894403546e-05	0	0	6.92630412412e-05	0	0	0	5.93683210639e-05	0	9.89472017731e-06	0.00169199715032	5.93683210639e-05	9.89472017731e-06	9.89472017731e-06	0	0	1.97894403546e-05	0.0064117786749	0.00245389060397	8.90524815958e-05	0.000187999683369	0	0.000158315522837	7.91577614185e-05	0	0.00357199398401	3.95788807093e-05	2.96841605319e-05	9.89472017731e-05	0	0	6.92630412412e-05	0	0.00121705058181	3.95788807093e-05	0	7.91577614185e-05	0	0	0	0	0.00159304994855	0.00193936515475	0.00333452069975	0.00130610306341	0	0	0
0	0.00066294625188	0.00175136547138	0	0	0	0	6.92630412412e-05	0	8.90524815958e-05	0	0	0	0	0	0	0	0.00133578722394	0	6.92630412412e-05	0	4.94736008866e-05	8.90524815958e-05	0.000860840655426	0	0	0.000366104646561	0.00116757698092	0.000128631362305	3.95788807093e-05	5.93683210639e-05	0	0	0	0.000366104646561	0	0.0022263120399	0.00201852291617	0	2.96841605319e-05	0	0	0	7.91577614185e-05	9.89472017731e-06	2.96841605319e-05	0.000781682894008	3.95788807093e-05	0	0	0	0	0.00686693580306	0.00245389060397	0.023885854508	3.95788807093e-05	0.000346315206206	8.90524815958e-05	0.00025726272461	0.00014842080266	0	0.0120616638961	0.00243410116362	4.94736008866e-05	0.000128631362305	0	0	7.91577614185e-05	0	0.0059764109871	0.000722314572944	0.000158315522837	0.00128631362305	4.94736008866e-05	0	0	0	0.00315641573656	0.00379957254809	0.00510567561149	0.00128631362305	0	0	0
0	1.97894403546e-05	1.97894403546e-05	0	0.00218673315919	0	0	0.000445262407979	0	0.001395155545	0.00238462756273	0.000603577930816	6.92630412412e-05	1.97894403546e-05	0	1.97894403546e-05	0	9.89472017731e-06	1.97894403546e-05	0	0.000563999050107	0	0	0	4.94736008866e-05	0	0	1.97894403546e-05	6.92630412412e-05	0	0	0	0	0	0.000563999050107	7.91577614185e-05	9.89472017731e-06	0	0	0.0150201852292	0	0.00803451278398	0.000128631362305	0.00401725639199	0.00185031267316	0.00882609039816	0.000939998416845	0.0180281801631	0.000474946568511	0.00757935565582	0	0	0	8.90524815958e-05	3.95788807093e-05	0.0293873189266	0.00014842080266	0	0.00014842080266	0.00410630887359	0	0.00014842080266	0	0.000692630412412	0.00755956621547	0	0	9.89472017731e-06	0	0.00258252196628	0.000286946885142	0	0.000623367371171	0	0	9.89472017731e-06	0	0.000217683843901	4.94736008866e-05	0.00173157603103	0.000445262407979	3.95788807093e-05	0	0
