0.0177836572547	7.92145089295e-06	0.00123970706475	0	3.96072544647e-06	0	0.00021387917411	0.00747784964294	0.00688374082597	1.18821763394e-05	0.000138625390627	0.000170311194198	1.18821763394e-05	3.16858035718e-05	0.00719663813624	0	4.75287053577e-05	0.00186946241074	0	0.00026932933036	1.58429017859e-05	0.000990181361618	3.96072544647e-06	0.00198432344868	0.000645598247775	3.96072544647e-06	1.58429017859e-05	0.00118029618305	0.00245168905137	0.00647578610498	0.00578265915185	3.96072544647e-06	0.000479247779023	8.71359598224e-05	0.00471722400675	0	2.37643526788e-05	0	0	0	0	0	0	0	1.18821763394e-05	0	0	3.96072544647e-06	0	0	0	0	7.92145089295e-06	0	0	0	0	0	0	7.92145089295e-06	0	1.18821763394e-05	1.18821763394e-05	0	0	0	0	0	3.96072544647e-06	3.96072544647e-06	3.16858035718e-05	3.96072544647e-06	0.0025823929911	0.00020199699777	3.96072544647e-06	9.10966852689e-05	0	0	0	7.92145089295e-06	3.96072544647e-06	0	0	0
7.92145089295e-06	0.025087234978	5.54501562506e-05	0	0.000308936584825	1.18821763394e-05	3.96072544647e-05	2.37643526788e-05	1.98036272324e-05	0.00692730880588	1.98036272324e-05	7.5253783483e-05	0.000578265915185	0.00206749868306	7.92145089295e-06	1.18821763394e-05	0.000701048404026	0.000205957723217	1.18821763394e-05	0.00020199699777	1.58429017859e-05	3.16858035718e-05	0.00931166552466	0.000114861037948	0.00711346290187	0.00212294883931	0.00450730555809	0.0172925272993	4.75287053577e-05	0	0	2.77250781253e-05	3.16858035718e-05	0	7.12930580365e-05	3.96072544647e-06	0.0109949738394	3.96072544647e-06	0	3.96072544647e-06	0	0	0	3.96072544647e-06	5.94108816971e-05	1.58429017859e-05	3.56465290183e-05	0	0.000400033270094	5.94108816971e-05	0	0.000162389743305	0.000392111819201	7.92145089295e-06	8.31752343759e-05	1.58429017859e-05	1.98036272324e-05	0.000261407879467	1.58429017859e-05	0.000142586116073	0.00231702438619	0.000871359598224	0.00962456283493	6.33716071436e-05	8.31752343759e-05	7.92145089295e-06	0.000154468292412	1.18821763394e-05	0	9.50574107153e-05	0.000863438147331	0.000285172232146	0.000130703939734	3.56465290183e-05	5.94108816971e-05	1.58429017859e-05	3.96072544647e-06	0.000590148091524	0.000598069542417	6.733233259e-05	1.58429017859e-05	0	0	1.98036272324e-05
0.00123970706475	5.54501562506e-05	0.0350405380249	0	7.92145089295e-06	7.92145089295e-06	0.00184569805806	0.00562819085944	0.00344583113843	0.000681244776793	0.000102978861608	0.000126743214287	7.92145089295e-06	3.16858035718e-05	0.00232098511163	3.96072544647e-06	0.00013466466518	0.00408746866076	2.77250781253e-05	0.000653519698668	1.58429017859e-05	0.00260615734378	0.00108127804689	0.0150824425002	0.000621833895096	3.96072544647e-06	0.00391319674112	0.0204531862056	0.00392111819201	0.000106939587055	0.00216651681922	0	5.94108816971e-05	0	0.000661441149561	1.18821763394e-05	0.00248733558038	0.00021387917411	0	7.5253783483e-05	7.92145089295e-06	3.96072544647e-06	7.92145089295e-06	0	0.000491129955363	3.96072544647e-06	0	0	3.96072544647e-06	2.37643526788e-05	1.58429017859e-05	0.000273290055807	0.000629755345989	3.96072544647e-06	9.50574107153e-05	1.98036272324e-05	0.000178232645091	0.00176648354913	0.000463404877237	0.000376268917415	1.18821763394e-05	0.000237643526788	0.00219424189735	0.00041587617188	3.16858035718e-05	2.77250781253e-05	0	3.96072544647e-06	3.96072544647e-06	3.16858035718e-05	0.00552917272328	0.000102978861608	0.00203185215404	0.00179420862725	0.000126743214287	0.000439640524558	7.92145089295e-06	0.00104563151787	0.000653519698668	5.94108816971e-05	7.5253783483e-05	1.18821763394e-05	0	0
0	0	0	0	0	0	0	0	0	0	0	0	0	0	0	0	0	0	0	0	0	0	0	0	0	0	0	0	0	0	0	0	0	0	0	0	0	0	0	0	0	0	0	0	0	0	0	0	0	0	0	0	0	0	0	0	0	0	0	0	0	0	0	0	0	0	0	0	0	0	0	0	0	0	0	0	0	0	0	0	0	0	0	0
3.96072544647e-06	0.000308936584825	7.92145089295e-06	0	0.01827478721	0.00013466466518	0.00320818761164	0.000665401875007	0.005216275413	0.000859477421885	0.0059569310715	0.0009545348326	0.00541827241077	0.00110108167412	0.00165954396207	0.000217839899556	3.16858035718e-05	0	9.90181361618e-05	0.000352504564736	0.00940276220993	1.18821763394e-05	0.000368347466522	2.37643526788e-05	0.00319234470986	2.77250781253e-05	0.00033666166295	0.000273290055807	0.00335869517861	0.000510933582595	2.37643526788e-05	3.56465290183e-05	0.0012357463393	0	0.000934731205368	0	1.18821763394e-05	0	0	0.000831752343759	0	0.000138625390627	0	1.58429017859e-05	0.000411915446433	1.18821763394e-05	3.96072544647e-06	0.00134268592635	7.92145089295e-06	5.14894308041e-05	0.000178232645091	3.16858035718e-05	3.96072544647e-06	0	0	0.000859477421885	0	3.96072544647e-05	1.18821763394e-05	0.000510933582595	7.92145089295e-06	7.92145089295e-06	4.75287053577e-05	3.56465290183e-05	0.000110900312501	3.96072544647e-06	0	0	0	1.98036272324e-05	0.000253486428574	4.75287053577e-05	0.00047132632813	6.733233259e-05	0.00124366779019	0.000443601250005	3.96072544647e-06	7.5253783483e-05	0	3.96072544647e-06	1.18821763394e-05	0.000237643526788	2.37643526788e-05	0
0	1.18821763394e-05	7.92145089295e-06	0	0.00013466466518	0.00783035420768	0.00420232969871	0.000304975859378	0.00126743214287	0.00205561650672	0.000320818761164	2.37643526788e-05	0.00173083702011	5.54501562506e-05	3.96072544647e-06	0.0029230153795	1.58429017859e-05	3.96072544647e-06	3.96072544647e-06	1.18821763394e-05	3.96072544647e-05	1.58429017859e-05	4.35679799112e-05	1.58429017859e-05	0.00198036272324	0	7.5253783483e-05	9.90181361618e-05	0.000657480424114	1.58429017859e-05	0	3.96072544647e-06	0.00238435671878	0	0.000106939587055	0	7.92145089295e-06	0	0	5.94108816971e-05	0	0	0	0	0.000114861037948	0	0	3.96072544647e-06	0	1.98036272324e-05	2.77250781253e-05	7.92145089295e-06	0	3.96072544647e-06	0	5.54501562506e-05	3.96072544647e-06	3.96072544647e-05	3.96072544647e-06	0.000162389743305	0	1.58429017859e-05	4.75287053577e-05	0.00013466466518	3.96072544647e-05	0	0	7.92145089295e-06	0	3.96072544647e-05	0.00105355296876	3.56465290183e-05	0.000122782488841	1.98036272324e-05	0.00196451982145	0.000277250781253	0	7.5253783483e-05	2.37643526788e-05	7.92145089295e-06	1.18821763394e-05	2.37643526788e-05	0	0
0.00021387917411	3.96072544647e-05	0.00184569805806	0	0.00320818761164	0.00420232969871	0.0597356611837	0.0155300044756	0.0339869850562	0.000910966852689	0.0240178391074	0.000451522700898	0.0111375599555	0.000566383738846	0.0064005323215	0.00180213007815	0.000225761350449	0.000182193370538	4.75287053577e-05	0.000285172232146	0.00571928754471	0.000186154095984	0.000308936584825	0.00124762851564	0.0014575469643	7.92145089295e-06	0.000265368604914	0.000800066540188	0.0065708435157	0.000780262912955	0.000930770479921	7.92145089295e-06	0.0100166746541	3.96072544647e-05	0.00124366779019	0	0.000110900312501	0	0	0.000542619386167	0	0	1.18821763394e-05	0	0.000942652656261	7.92145089295e-06	3.96072544647e-06	0.000265368604914	0	0.000356465290183	7.92145089295e-05	0.000265368604914	3.96072544647e-05	7.92145089295e-06	3.96072544647e-06	0.00047132632813	1.98036272324e-05	0.000352504564736	2.77250781253e-05	0.00135852882814	0	0.000217839899556	0.000241604252235	0.00112088530135	0.000681244776793	7.92145089295e-06	0	9.90181361618e-05	2.37643526788e-05	0.000653519698668	0.0040993508371	0.000146546841519	0.00228533858261	0.000586187366078	0.00990181361618	0.000910966852689	4.35679799112e-05	0.00100206353796	0.000376268917415	3.16858035718e-05	4.75287053577e-05	9.50574107153e-05	7.92145089295e-06	0
0.00747784964294	2.37643526788e-05	0.00562819085944	0	0.000665401875007	0.000304975859378	0.0155300044756	0.0727109977463	0.0289251779356	0.00107731732144	0.0217919114065	0.00360029943084	0.000304975859378	0.00264576459824	0.0185837237949	0.000332700937504	8.71359598224e-05	0.00240416034601	0.000114861037948	0.00289529030137	0.000106939587055	0.00276458636164	0.000126743214287	0.00737091005589	0.00302599424111	1.18821763394e-05	0.000653519698668	0.00280815434155	0.0298004982593	0.00694315170767	0.00984240273448	3.56465290183e-05	0.00174271919645	0.000459444151791	0.0085908134934	0	9.50574107153e-05	0	0	0.000463404877237	3.96072544647e-06	3.96072544647e-06	3.96072544647e-06	0	0.00174667992189	0.000138625390627	0	0.000320818761164	7.92145089295e-06	0	0.000503012131702	6.33716071436e-05	6.733233259e-05	0	7.92145089295e-06	0.000558462287953	2.77250781253e-05	8.31752343759e-05	3.56465290183e-05	0.00102186716519	1.18821763394e-05	0.000166350468752	0.000209918448663	0.000324779486611	3.96072544647e-06	2.37643526788e-05	0	0	3.16858035718e-05	3.96072544647e-05	0.001738758471	0.000241604252235	0.011470260893	0.00274478273441	0.00241604252235	0.0033666166295	5.94108816971e-05	0.000297054408485	5.54501562506e-05	7.92145089295e-05	0.000126743214287	0.000701048404026	3.96072544647e-05	0
0.00688374082597	1.98036272324e-05	0.00344583113843	0	0.005216275413	0.00126743214287	0.0339869850562	0.0289251779356	0.0769489739741	0.000332700937504	0.0336384412169	0.00672927253356	0.00918096158492	0.00742239948669	0.0272973197771	0.000138625390627	0.000170311194198	0.00150507566966	0.00053865866072	0.00272497910717	0.010396904297	0.000613912444203	7.92145089295e-05	0.00272893983262	0.0015763687277	3.96072544647e-06	0.00138229318082	0.00177440500002	0.0119534693975	0.00412707591522	0.00313689455361	0.000158429017859	0.0125911461943	0.000118821763394	0.0100919284376	0	9.90181361618e-05	0	0	0.000570344464292	0	0	1.18821763394e-05	0	0.000784223638402	3.16858035718e-05	3.96072544647e-06	0.00020199699777	3.96072544647e-06	0.000277250781253	7.5253783483e-05	5.14894308041e-05	3.96072544647e-05	0	3.96072544647e-06	0.000522815758934	1.58429017859e-05	7.92145089295e-05	4.35679799112e-05	0.00136248955359	3.96072544647e-06	0.000285172232146	0.000328740212057	0.000994142087065	0.000495090680809	1.18821763394e-05	0	6.33716071436e-05	2.37643526788e-05	0.000475287053577	0.0026932933036	0.000364386741075	0.00849575608268	0.00142586116073	0.00963644501127	0.0025229821094	6.33716071436e-05	0.00074065565849	0.0002812115067	4.75287053577e-05	9.10966852689e-05	9.10966852689e-05	7.92145089295e-06	0
1.18821763394e-05	0.00692730880588	0.000681244776793	0	0.000859477421885	0.00205561650672	0.000910966852689	0.00107731732144	0.000332700937504	0.0288023954468	0.00033666166295	0.000289132957593	0.00421421187505	0.00152487929689	5.54501562506e-05	0.00365971031254	0.000657480424114	7.92145089295e-05	1.58429017859e-05	0.000245564977681	0.00026932933036	7.12930580365e-05	0.00981863838181	0.000518855033488	0.0183421195426	0.00141397898439	0.00166350468752	0.00422213332594	0.00273290055807	1.98036272324e-05	7.92145089295e-06	1.58429017859e-05	9.90181361618e-05	3.96072544647e-06	0.00055054083706	0	0.000289132957593	3.96072544647e-06	0	0.000633716071436	2.77250781253e-05	3.96072544647e-06	3.96072544647e-06	0	0.00975922750011	0	1.98036272324e-05	3.56465290183e-05	0.000114861037948	1.58429017859e-05	0.00034854383929	0.000150507566966	3.56465290183e-05	0	3.96072544647e-06	0.000368347466522	2.37643526788e-05	0.00256258936387	4.35679799112e-05	0.00891559298001	0.000126743214287	0.00013466466518	0.000526776484381	0.00308936584825	1.98036272324e-05	2.37643526788e-05	4.75287053577e-05	0	3.16858035718e-05	8.71359598224e-05	0.00542619386167	0.000344583113843	0.00144170406252	0.00068520550224	0.0010060242634	0.00121198198662	7.92145089295e-06	0.00148131131698	0.000554501562506	5.94108816971e-05	7.12930580365e-05	0.000400033270094	1.58429017859e-05	0
0.000138625390627	1.98036272324e-05	0.000102978861608	0	0.0059569310715	0.000320818761164	0.0240178391074	0.0217919114065	0.0336384412169	0.00033666166295	0.0664253264628	0.00623418185275	0.00952950542421	0.00701840549115	0.00964832718761	3.56465290183e-05	0.000225761350449	5.94108816971e-05	0.000510933582595	0.00264972532369	0.0107375266854	0.000122782488841	0.000221800625002	0.000443601250005	0.00184173733261	1.18821763394e-05	0.00129119649555	0.000273290055807	0.0153676147323	0.00267745040182	0.000146546841519	0.000154468292412	0.00532717572551	3.96072544647e-05	0.00607971356034	0	1.98036272324e-05	0	0	0.000609951718757	0	3.96072544647e-06	3.96072544647e-06	0	0.000598069542417	0.000217839899556	0	0.000380229642861	3.96072544647e-06	0	0.000166350468752	0.000110900312501	7.92145089295e-06	0	0	0.000780262912955	1.58429017859e-05	0.000162389743305	6.33716071436e-05	0.000903045401796	3.96072544647e-06	0.000110900312501	0.000241604252235	0.000245564977681	0	1.18821763394e-05	0	0	3.96072544647e-06	1.18821763394e-05	0.00218632044645	0.000439640524558	0.00473306690853	0.000546580111613	0.00737487078133	0.00351316347102	1.18821763394e-05	0.000154468292412	1.58429017859e-05	5.54501562506e-05	8.31752343759e-05	0.000273290055807	3.96072544647e-06	0
0.000170311194198	7.5253783483e-05	0.000126743214287	0	0.0009545348326	2.37643526788e-05	0.000451522700898	0.00360029943084	0.00672927253356	0.000289132957593	0.00623418185275	0.0379001817973	0.00203581287949	0.017130137556	0.00227345640628	7.92145089295e-06	0.00061787316965	0.000324779486611	0.00600445977685	0.00981071693091	0.0027527041853	0.000384190368308	0.000130703939734	0.000435679799112	0.000982259910725	0.000261407879467	0.00913343287957	0.00034854383929	0.00318046253352	0.000586187366078	9.10966852689e-05	0.00130703939734	0.00243188542413	3.16858035718e-05	0.0153834576341	0	0	0	0	2.37643526788e-05	3.96072544647e-06	0	0	0	0.000190114821431	0	5.94108816971e-05	5.94108816971e-05	0.000665401875007	0	7.92145089295e-06	4.75287053577e-05	3.96072544647e-06	0	0	3.96072544647e-06	3.96072544647e-06	7.12930580365e-05	1.58429017859e-05	0.000205957723217	0.000621833895096	0.000308936584825	0.000221800625002	8.31752343759e-05	7.92145089295e-06	0	0.000138625390627	7.92145089295e-06	0	1.98036272324e-05	0.00363594595986	0.00325967704245	0.0128604755247	0.00343394896209	0.00175460137279	0.000633716071436	0.000946613381707	5.54501562506e-05	3.96072544647e-05	1.18821763394e-05	7.92145089295e-06	7.92145089295e-06	0	4.35679799112e-05
1.18821763394e-05	0.000578265915185	7.92145089295e-06	0	0.00541827241077	0.00173083702011	0.0111375599555	0.000304975859378	0.00918096158492	0.00421421187505	0.00952950542421	0.00203581287949	0.0325333988173	0.00244772832592	0.00236455309154	0.00408350793531	0.000178232645091	1.18821763394e-05	0.000182193370538	0.000879281049117	0.0155854546319	7.92145089295e-06	0.000776302187509	1.58429017859e-05	0.00434887654023	7.92145089295e-05	0.000384190368308	0.000316858035718	0.00140209680805	0.000510933582595	1.58429017859e-05	5.14894308041e-05	0.00377457135049	0	0.00197640199779	0	1.58429017859e-05	0	0	0	0	0	0	0	0	0	3.96072544647e-06	0.0009545348326	1.98036272324e-05	0	0	3.96072544647e-06	0	0	0	0	0	7.92145089295e-06	1.18821763394e-05	3.96072544647e-06	1.98036272324e-05	3.56465290183e-05	7.12930580365e-05	7.92145089295e-06	0	0	3.96072544647e-06	0	0	0	0.000114861037948	0.000142586116073	0.00110504239957	9.50574107153e-05	0.00117237473216	0.000530737209827	3.96072544647e-06	1.18821763394e-05	0	1.58429017859e-05	1.98036272324e-05	3.96072544647e-06	0	0
3.16858035718e-05	0.00206749868306	3.16858035718e-05	0	0.00110108167412	5.54501562506e-05	0.000566383738846	0.00264576459824	0.00742239948669	0.00152487929689	0.00701840549115	0.017130137556	0.00244772832592	0.0327037100115	0.00211106666297	1.18821763394e-05	0.000324779486611	6.33716071436e-05	0.000855516696438	0.00417064389514	0.00313689455361	9.10966852689e-05	0.00193679474333	0.000142586116073	0.0020793808594	0.00492318172997	0.00369139611611	0.00232494583708	0.0029230153795	0.000380229642861	1.98036272324e-05	0.000823830892866	0.00257051081476	2.77250781253e-05	0.0108365448215	0	2.77250781253e-05	0	0	1.58429017859e-05	0	0	0	0	4.75287053577e-05	3.96072544647e-06	0.000423797622773	6.33716071436e-05	0.00480435996657	0	3.96072544647e-06	1.58429017859e-05	0	0	0	1.18821763394e-05	0	1.18821763394e-05	0	6.33716071436e-05	0.00457463789068	0.00129119649555	0.000815909441973	1.98036272324e-05	5.54501562506e-05	0	0.00104959224332	5.54501562506e-05	0	7.12930580365e-05	0.000942652656261	0.00313689455361	0.00871755670769	0.000970377734386	0.00189322676341	0.00166746541297	0.00147338986609	7.92145089295e-06	0.000435679799112	6.733233259e-05	0	3.96072544647e-06	0	7.12930580365e-05
0.00719663813624	7.92145089295e-06	0.00232098511163	0	0.00165954396207	3.96072544647e-06	0.0064005323215	0.0185837237949	0.0272973197771	5.54501562506e-05	0.00964832718761	0.00227345640628	0.00236455309154	0.00211106666297	0.0390567136277	7.92145089295e-06	3.96072544647e-05	0.00104563151787	8.31752343759e-05	0.000922849029028	0.00371516046879	0.000360426015629	3.96072544647e-06	0.00194075546877	0.000689166227686	3.96072544647e-06	0.000241604252235	0.000982259910725	0.0053945080581	0.00817889804697	0.00306164077012	3.16858035718e-05	0.00189322676341	0.000780262912955	0.00514498235497	0	2.77250781253e-05	0	0	0	0	0	0	0	5.14894308041e-05	0	0	5.14894308041e-05	0	0	0	0	3.96072544647e-06	0	0	0	0	0	3.96072544647e-06	3.96072544647e-05	0	6.33716071436e-05	7.12930580365e-05	3.96072544647e-06	0	7.92145089295e-06	0	0	1.18821763394e-05	1.18821763394e-05	0.000102978861608	6.33716071436e-05	0.0041587617188	0.000705009129472	0.000154468292412	0.000407954720987	1.18821763394e-05	0	0	1.98036272324e-05	2.77250781253e-05	3.96072544647e-06	0	0
0	1.18821763394e-05	3.96072544647e-06	0	0.000217839899556	0.0029230153795	0.00180213007815	0.000332700937504	0.000138625390627	0.00365971031254	3.56465290183e-05	7.92145089295e-06	0.00408350793531	1.18821763394e-05	7.92145089295e-06	0.00798482250009	3.56465290183e-05	0	0	3.96072544647e-06	0.000209918448663	0.000186154095984	1.98036272324e-05	0.000526776484381	0.00336265590406	3.96072544647e-06	3.96072544647e-06	2.77250781253e-05	0.00117237473216	3.96072544647e-06	0	3.96072544647e-06	0.00020199699777	0	7.92145089295e-06	0	3.96072544647e-06	0	0	1.18821763394e-05	0	0	0	0	0.000229722075895	0	0	0	0	0	0	0	0	0	0	0	0	7.92145089295e-06	0	0.000380229642861	0	0	1.18821763394e-05	0.000126743214287	3.96072544647e-06	0	0	0	0	3.96072544647e-06	0.000289132957593	0	3.56465290183e-05	2.37643526788e-05	0.000308936584825	7.92145089295e-05	0	0	0	3.96072544647e-06	7.92145089295e-06	0	0	0
4.75287053577e-05	0.000701048404026	0.00013466466518	0	3.16858035718e-05	1.58429017859e-05	0.000225761350449	8.71359598224e-05	0.000170311194198	0.000657480424114	0.000225761350449	0.00061787316965	0.000178232645091	0.000324779486611	3.96072544647e-05	3.56465290183e-05	0.0224652347324	0.000110900312501	0.000510933582595	0.000578265915185	3.16858035718e-05	0.0058381093081	0.00926809754475	0.00642429667418	0.00579850205364	0.00020199699777	0.00199224489958	0.00247941412949	0.00240812107146	5.14894308041e-05	0.000237643526788	7.92145089295e-06	0.000217839899556	0	0.000344583113843	0	0.000261407879467	3.96072544647e-06	0	3.96072544647e-06	0	0	0	0	8.31752343759e-05	0	0	0	2.37643526788e-05	0	0	0.00299034771209	6.33716071436e-05	0	3.56465290183e-05	0	0.000938691930814	0.00389339311388	0.000609951718757	0.000859477421885	3.16858035718e-05	0.000205957723217	0.000804027265634	0.00203977360493	0	0	2.37643526788e-05	0	0	7.92145089295e-06	0.00632923926346	0.00222196697547	0.00131100012278	0.000621833895096	0.000518855033488	0.00081987016742	1.98036272324e-05	0.000102978861608	0.000138625390627	1.98036272324e-05	1.18821763394e-05	0	0	0
0.00186946241074	0.000205957723217	0.00408746866076	0	0	3.96072544647e-06	0.000182193370538	0.00240416034601	0.00150507566966	7.92145089295e-05	5.94108816971e-05	0.000324779486611	1.18821763394e-05	6.33716071436e-05	0.00104563151787	0	0.000110900312501	0.0269012472324	3.96072544647e-06	0.00739071368312	1.18821763394e-05	0.00116049255582	2.77250781253e-05	0.00711742362731	0.000154468292412	1.18821763394e-05	0.00207145940851	0.0096562486385	0.00061787316965	0.0006733233259	0.00214671319199	7.92145089295e-06	1.58429017859e-05	0	0.007806589855	0	0.00214275246654	0	0	4.35679799112e-05	0	0	3.96072544647e-06	3.96072544647e-06	5.54501562506e-05	7.92145089295e-06	3.96072544647e-06	0	0	4.35679799112e-05	0	3.16858035718e-05	0.000736694933044	7.92145089295e-06	0.000237643526788	2.37643526788e-05	3.16858035718e-05	2.37643526788e-05	5.94108816971e-05	0.000106939587055	1.98036272324e-05	0.00178232645091	0.000360426015629	9.10966852689e-05	8.71359598224e-05	0	0	7.92145089295e-06	0	0.000225761350449	0.000578265915185	0.000170311194198	0.00389735383933	0.000804027265634	3.16858035718e-05	0.000257447154021	3.96072544647e-06	0.000423797622773	0.000503012131702	0.000158429017859	6.733233259e-05	0	0	0
0	1.18821763394e-05	2.77250781253e-05	0	9.90181361618e-05	3.96072544647e-06	4.75287053577e-05	0.000114861037948	0.00053865866072	1.58429017859e-05	0.000510933582595	0.00600445977685	0.000182193370538	0.000855516696438	8.31752343759e-05	0	0.000510933582595	3.96072544647e-06	0.00746992819205	0.0018575802344	0.000209918448663	0.000166350468752	3.96072544647e-05	4.35679799112e-05	0.00041587617188	7.92145089295e-06	0.00373496409602	7.5253783483e-05	0.000427758348219	3.96072544647e-06	0	0.000166350468752	0.000217839899556	0	0.000907006127242	0	0	0	0	0	0	0	0	0	1.18821763394e-05	0	0	3.96072544647e-06	3.96072544647e-06	0	0	1.98036272324e-05	0	0	0	0	0	1.58429017859e-05	1.18821763394e-05	1.18821763394e-05	2.37643526788e-05	2.77250781253e-05	3.96072544647e-05	0	0	0	3.96072544647e-06	0	0	0	0.00105355296876	0.00107731732144	0.00145358623886	0.00061787316965	0.000265368604914	3.56465290183e-05	0	7.92145089295e-06	0	0	0	0	0	0
0.00026932933036	0.00020199699777	0.000653519698668	0	0.000352504564736	1.18821763394e-05	0.000285172232146	0.00289529030137	0.00272497910717	0.000245564977681	0.00264972532369	0.00981071693091	0.000879281049117	0.00417064389514	0.000922849029028	3.96072544647e-06	0.000578265915185	0.00739071368312	0.0018575802344	0.0245683799445	0.00108523877233	0.000407954720987	0.000146546841519	0.000914927578135	0.000815909441973	2.77250781253e-05	0.00629359273445	0.00391715746656	0.00221800625002	0.000316858035718	0.000186154095984	7.92145089295e-05	0.000217839899556	1.18821763394e-05	0.00990577434163	3.96072544647e-06	0.00158429017859	0	0	3.96072544647e-06	0	0	7.92145089295e-06	0	0.000182193370538	3.96072544647e-06	7.92145089295e-06	5.54501562506e-05	7.92145089295e-06	3.56465290183e-05	0	5.14894308041e-05	0.000209918448663	1.58429017859e-05	0.000372308191968	3.96072544647e-06	4.75287053577e-05	0.000118821763394	4.75287053577e-05	0.000198036272324	0.000110900312501	0.00156448655136	0.000720852031258	0.000106939587055	7.12930580365e-05	0	0	3.96072544647e-06	0	0.000118821763394	0.00385774658486	0.00132684302457	0.00995726377243	0.0023011814844	0.00108127804689	0.000261407879467	0	0.000388151093754	0.000384190368308	6.33716071436e-05	7.92145089295e-06	0	0	0
1.58429017859e-05	1.58429017859e-05	1.58429017859e-05	0	0.00940276220993	3.96072544647e-05	0.00571928754471	0.000106939587055	0.010396904297	0.00026932933036	0.0107375266854	0.0027527041853	0.0155854546319	0.00313689455361	0.00371516046879	0.000209918448663	3.16858035718e-05	1.18821763394e-05	0.000209918448663	0.00108523877233	0.0230633042748	1.58429017859e-05	4.75287053577e-05	4.35679799112e-05	0.000788184363848	0	0.00040399399554	3.56465290183e-05	0.00104563151787	0.00104563151787	3.16858035718e-05	7.12930580365e-05	0.00261011806923	0	0.00270517547994	0	7.92145089295e-06	0	0	3.96072544647e-06	0	0	0	0	3.96072544647e-06	0	0	0.000859477421885	0	0	0	1.58429017859e-05	0	0	0	3.96072544647e-06	0	1.18821763394e-05	2.77250781253e-05	3.96072544647e-06	0	4.75287053577e-05	9.50574107153e-05	3.96072544647e-06	0	0	0	0	0	3.96072544647e-06	0.000249525703128	0.000142586116073	0.00145358623886	0.000150507566966	0.00167142613841	0.000716891305812	3.96072544647e-06	1.98036272324e-05	0	1.98036272324e-05	3.56465290183e-05	3.96072544647e-06	0	0
0.000990181361618	3.16858035718e-05	0.00260615734378	0	1.18821763394e-05	1.58429017859e-05	0.000186154095984	0.00276458636164	0.000613912444203	7.12930580365e-05	0.000122782488841	0.000384190368308	7.92145089295e-06	9.10966852689e-05	0.000360426015629	0.000186154095984	0.0058381093081	0.00116049255582	0.000166350468752	0.000407954720987	1.58429017859e-05	0.0399043088732	0.0014575469643	0.0230751864512	0.000598069542417	0	0.000613912444203	0.00238831744422	0.0086423029242	0.00160805453127	0.0131416870314	7.92145089295e-06	9.10966852689e-05	0.00013466466518	0.00696691606035	0	9.90181361618e-05	3.96072544647e-06	0	0	0	0	0	0	5.54501562506e-05	0	0	0	0	0	0	0.000712930580365	3.96072544647e-05	0	1.18821763394e-05	0	0.000716891305812	0.00124762851564	0.000455483426344	0.00021387917411	3.96072544647e-06	8.31752343759e-05	0.000118821763394	0.000748577109383	0	0	0	0	0	7.92145089295e-06	0.00301015133932	0.000978299185279	0.00695503388401	0.00312105165182	0.00020199699777	0.00161993670761	2.37643526788e-05	5.94108816971e-05	4.35679799112e-05	4.35679799112e-05	3.96072544647e-05	0	0	0
3.96072544647e-06	0.00931166552466	0.00108127804689	0	0.000368347466522	4.35679799112e-05	0.000308936584825	0.000126743214287	7.92145089295e-05	0.00981863838181	0.000221800625002	0.000130703939734	0.000776302187509	0.00193679474333	3.96072544647e-06	1.98036272324e-05	0.00926809754475	2.77250781253e-05	3.96072544647e-05	0.000146546841519	4.75287053577e-05	0.0014575469643	0.0371238796098	0.00874132106037	0.0115890826564	0.00185361950895	0.00216651681922	0.0106701943528	0.000293093683039	0	0	3.56465290183e-05	0.000285172232146	0	9.90181361618e-05	1.58429017859e-05	0.00320026616075	1.98036272324e-05	0	5.54501562506e-05	0	0	1.98036272324e-05	3.96072544647e-06	0.000301015133932	3.96072544647e-06	1.98036272324e-05	0	0.00020199699777	2.37643526788e-05	3.96072544647e-06	0.00766400373892	3.16858035718e-05	7.92145089295e-06	4.75287053577e-05	1.58429017859e-05	0.00153676147323	0.0139417535716	0.00141793970984	0.00173083702011	0.000170311194198	0.000233682801342	0.00448354120541	0.0031448160045	3.16858035718e-05	1.18821763394e-05	9.10966852689e-05	3.96072544647e-06	3.96072544647e-06	1.98036272324e-05	0.00595297034605	0.0016278581585	0.000308936584825	0.000190114821431	0.000839673794652	0.000645598247775	7.92145089295e-06	0.00133080375001	0.000815909441973	6.33716071436e-05	4.75287053577e-05	3.96072544647e-06	0	0
0.00198432344868	0.000114861037948	0.0150824425002	0	2.37643526788e-05	1.58429017859e-05	0.00124762851564	0.00737091005589	0.00272893983262	0.000518855033488	0.000443601250005	0.000435679799112	1.58429017859e-05	0.000142586116073	0.00194075546877	0.000526776484381	0.00642429667418	0.00711742362731	4.35679799112e-05	0.000914927578135	4.35679799112e-05	0.0230751864512	0.00874132106037	0.0733486745432	0.00102978861608	1.98036272324e-05	0.00163577960939	0.0164053247993	0.00565987666301	0.00116049255582	0.0101473785939	1.58429017859e-05	0.000146546841519	3.56465290183e-05	0.00787788291303	3.96072544647e-06	0.00026932933036	4.75287053577e-05	0	0.000122782488841	3.96072544647e-06	0	1.58429017859e-05	0	0.000392111819201	7.92145089295e-06	0	3.96072544647e-06	0	1.58429017859e-05	7.92145089295e-06	0.00534697935274	0.000178232645091	7.92145089295e-06	5.14894308041e-05	3.16858035718e-05	0.00108919949778	0.0071253450782	0.0012872357701	0.000657480424114	3.96072544647e-06	0.000174271919645	0.00120009981028	0.00116841400671	7.92145089295e-06	3.96072544647e-06	0	0	3.96072544647e-06	3.16858035718e-05	0.0167182221096	0.00119217835939	0.00594108816971	0.00425381912951	0.000796105814741	0.00172687629466	1.18821763394e-05	0.00146942914064	0.000982259910725	0.000285172232146	0.000384190368308	1.18821763394e-05	0	0
0.000645598247775	0.00711346290187	0.000621833895096	0	0.00319234470986	0.00198036272324	0.0014575469643	0.00302599424111	0.0015763687277	0.0183421195426	0.00184173733261	0.000982259910725	0.00434887654023	0.0020793808594	0.000689166227686	0.00336265590406	0.00579850205364	0.000154468292412	0.00041587617188	0.000815909441973	0.000788184363848	0.000598069542417	0.0115890826564	0.00102978861608	0.0455998320652	0.00146150768975	0.00279627216521	0.00462612732148	0.0141437505694	0.000756498560276	0.000166350468752	3.56465290183e-05	0.000249525703128	1.58429017859e-05	0.0011842569085	0	0.000514894308041	0	0	0.000154468292412	2.37643526788e-05	0	7.92145089295e-06	0	0.00254674646208	0	1.98036272324e-05	1.18821763394e-05	0.000162389743305	3.96072544647e-06	0.000122782488841	9.90181361618e-05	7.92145089295e-05	0	2.77250781253e-05	6.733233259e-05	0.000122782488841	0.00179024790181	9.50574107153e-05	0.00308936584825	0.000174271919645	0.000308936584825	0.000542619386167	0.00190510893975	7.92145089295e-06	3.96072544647e-06	6.33716071436e-05	3.96072544647e-06	7.92145089295e-06	1.58429017859e-05	0.00813533006706	0.00113276747769	0.00181005152904	0.000998102812511	0.000681244776793	0.00121990343751	3.96072544647e-06	9.50574107153e-05	6.733233259e-05	2.37643526788e-05	3.16858035718e-05	0.000126743214287	7.92145089295e-06	0
3.96072544647e-06	0.00212294883931	3.96072544647e-06	0	2.77250781253e-05	0	7.92145089295e-06	1.18821763394e-05	3.96072544647e-06	0.00141397898439	1.18821763394e-05	0.000261407879467	7.92145089295e-05	0.00492318172997	3.96072544647e-06	3.96072544647e-06	0.00020199699777	1.18821763394e-05	7.92145089295e-06	2.77250781253e-05	0	0	0.00185361950895	1.98036272324e-05	0.00146150768975	0.00859873494429	0.00156052582591	0.00253486428574	3.96072544647e-06	0	0	2.77250781253e-05	7.92145089295e-06	0	2.37643526788e-05	0	0.000174271919645	0	0	0	0	0	0	0	3.16858035718e-05	0	0.000118821763394	0	0.00172687629466	0	1.18821763394e-05	6.733233259e-05	0	0	0	0	0	8.31752343759e-05	0	6.33716071436e-05	0.00344979186388	0.000907006127242	0.00182193370538	3.16858035718e-05	3.96072544647e-06	0	0.000530737209827	3.96072544647e-06	0	1.18821763394e-05	0.000170311194198	0.00033666166295	3.16858035718e-05	1.98036272324e-05	1.58429017859e-05	7.92145089295e-06	0.000162389743305	1.98036272324e-05	0.000114861037948	6.33716071436e-05	0	1.18821763394e-05	0	0.000142586116073
1.58429017859e-05	0.00450730555809	0.00391319674112	0	0.00033666166295	7.5253783483e-05	0.000265368604914	0.000653519698668	0.00138229318082	0.00166350468752	0.00129119649555	0.00913343287957	0.000384190368308	0.00369139611611	0.000241604252235	3.96072544647e-06	0.00199224489958	0.00207145940851	0.00373496409602	0.00629359273445	0.00040399399554	0.000613912444203	0.00216651681922	0.00163577960939	0.00279627216521	0.00156052582591	0.0582266247886	0.0218552830136	0.0011763354576	3.96072544647e-05	1.18821763394e-05	0.0021902811719	0.00040399399554	1.18821763394e-05	0.00345771331477	7.92145089295e-06	0.0037587284487	2.77250781253e-05	0	7.92145089295e-06	0	0	1.58429017859e-05	3.96072544647e-06	0.000586187366078	0	8.71359598224e-05	3.96072544647e-06	0.0029230153795	1.98036272324e-05	1.18821763394e-05	0.000380229642861	2.77250781253e-05	0.000114861037948	0.000926809754475	0	8.71359598224e-05	0.000772341462062	0.000205957723217	0.000491129955363	0.0106068227457	0.0087532032367	0.0120485268082	0.000301015133932	5.94108816971e-05	1.58429017859e-05	0.00115653183037	2.77250781253e-05	0	7.92145089295e-05	0.00799274395098	0.00470930255586	0.00719663813624	0.00242792469869	0.000907006127242	0.000146546841519	0	0.000649558973222	0.000590148091524	0.000158429017859	1.18821763394e-05	1.18821763394e-05	0	6.733233259e-05
0.00118029618305	0.0172925272993	0.0204531862056	0	0.000273290055807	9.90181361618e-05	0.000800066540188	0.00280815434155	0.00177440500002	0.00422213332594	0.000273290055807	0.00034854383929	0.000316858035718	0.00232494583708	0.000982259910725	2.77250781253e-05	0.00247941412949	0.0096562486385	7.5253783483e-05	0.00391715746656	3.56465290183e-05	0.00238831744422	0.0106701943528	0.0164053247993	0.00462612732148	0.00253486428574	0.0218552830136	0.10299470451	0.00273290055807	8.71359598224e-05	0.000851555970992	0.000166350468752	0.000182193370538	0	0.0052756862947	2.37643526788e-05	0.0181084367413	0.000586187366078	0	0.000198036272324	1.18821763394e-05	3.96072544647e-06	2.37643526788e-05	1.18821763394e-05	0.00102582789064	4.75287053577e-05	8.31752343759e-05	0	0.00273290055807	0.000130703939734	1.98036272324e-05	0.00137437172993	0.00166746541297	0.000122782488841	0.000815909441973	0.000114861037948	0.000407954720987	0.00461028441969	0.00138229318082	0.00132684302457	0.00687581937508	0.00665401875007	0.022603860123	0.00110504239957	0.000225761350449	4.35679799112e-05	0.00102978861608	5.94108816971e-05	3.96072544647e-06	0.00026932933036	0.0180371436832	0.00181005152904	0.0085908134934	0.00418252607148	0.000772341462062	0.000934731205368	2.37643526788e-05	0.00352900637281	0.00266556822548	0.000368347466522	0.000467365602684	1.58429017859e-05	0	2.37643526788e-05
0.00245168905137	4.75287053577e-05	0.00392111819201	0	0.00335869517861	0.000657480424114	0.0065708435157	0.0298004982593	0.0119534693975	0.00273290055807	0.0153676147323	0.00318046253352	0.00140209680805	0.0029230153795	0.0053945080581	0.00117237473216	0.00240812107146	0.00061787316965	0.000427758348219	0.00221800625002	0.00104563151787	0.0086423029242	0.000293093683039	0.00565987666301	0.0141437505694	3.96072544647e-06	0.0011763354576	0.00273290055807	0.0710910610387	0.00714118797999	0.00725604901794	4.35679799112e-05	0.0016872690402	0.000879281049117	0.00703820911838	0	0.000174271919645	3.96072544647e-06	0	0.000407954720987	7.92145089295e-06	0	1.98036272324e-05	0	0.0020793808594	2.77250781253e-05	0	0.000297054408485	3.96072544647e-06	0	0.00040399399554	9.90181361618e-05	6.733233259e-05	0	2.37643526788e-05	0.00034854383929	3.56465290183e-05	0.00021387917411	8.31752343759e-05	0.00176252282368	1.58429017859e-05	0.000209918448663	0.000340622388397	0.000998102812511	0	1.58429017859e-05	0	0	1.58429017859e-05	3.16858035718e-05	0.00674511543534	0.000499051406256	0.00938691930814	0.00293093683039	0.0029745048103	0.00402013632817	1.98036272324e-05	0.000380229642861	7.12930580365e-05	6.33716071436e-05	9.10966852689e-05	0.000602030267864	3.16858035718e-05	0
0.00647578610498	0	0.000106939587055	0	0.000510933582595	1.58429017859e-05	0.000780262912955	0.00694315170767	0.00412707591522	1.98036272324e-05	0.00267745040182	0.000586187366078	0.000510933582595	0.000380229642861	0.00817889804697	3.96072544647e-06	5.14894308041e-05	0.0006733233259	3.96072544647e-06	0.000316858035718	0.00104563151787	0.00160805453127	0	0.00116049255582	0.000756498560276	0	3.96072544647e-05	8.71359598224e-05	0.00714118797999	0.0233563979578	0.00409539011165	7.92145089295e-06	0.000645598247775	0.00211502738842	0.00439640524558	0	0	0	0	0	0	0	0	0	1.18821763394e-05	0	0	0	0	0	0	0	0	0	0	0	0	0	0	0	0	1.18821763394e-05	1.18821763394e-05	0	0	7.92145089295e-06	0	0	7.92145089295e-06	7.92145089295e-06	4.35679799112e-05	1.98036272324e-05	0.00182193370538	0.000106939587055	2.37643526788e-05	0.000110900312501	0	0	0	7.92145089295e-06	7.92145089295e-06	3.96072544647e-06	0	0
0.00578265915185	0	0.00216651681922	0	2.37643526788e-05	0	0.000930770479921	0.00984240273448	0.00313689455361	7.92145089295e-06	0.000146546841519	9.10966852689e-05	1.58429017859e-05	1.98036272324e-05	0.00306164077012	0	0.000237643526788	0.00214671319199	0	0.000186154095984	3.16858035718e-05	0.0131416870314	0	0.0101473785939	0.000166350468752	0	1.18821763394e-05	0.000851555970992	0.00725604901794	0.00409539011165	0.0345454473441	0	1.18821763394e-05	7.5253783483e-05	0.00846803100456	0	1.58429017859e-05	0	0	0	0	0	0	0	7.92145089295e-06	0	0	0	0	0	0	0	1.18821763394e-05	0	0	0	0	0	0	7.92145089295e-06	0	1.18821763394e-05	3.96072544647e-06	0	0	0	0	0	0	3.96072544647e-06	7.92145089295e-06	0	0.0033072057478	6.733233259e-05	0	5.54501562506e-05	3.96072544647e-06	0	0	3.96072544647e-06	0	0	0	0
3.96072544647e-06	2.77250781253e-05	0	0	3.56465290183e-05	3.96072544647e-06	7.92145089295e-06	3.56465290183e-05	0.000158429017859	1.58429017859e-05	0.000154468292412	0.00130703939734	5.14894308041e-05	0.000823830892866	3.16858035718e-05	3.96072544647e-06	7.92145089295e-06	7.92145089295e-06	0.000166350468752	7.92145089295e-05	7.12930580365e-05	7.92145089295e-06	3.56465290183e-05	1.58429017859e-05	3.56465290183e-05	2.77250781253e-05	0.0021902811719	0.000166350468752	4.35679799112e-05	7.92145089295e-06	0	0.00243980687503	2.77250781253e-05	0	0.000178232645091	0	1.18821763394e-05	0	0	0	0	0	0	0	3.96072544647e-06	0	0	0	0.000459444151791	0	0	0	0	0	0	0	0	7.92145089295e-06	0	3.96072544647e-06	0.000170311194198	0.000439640524558	0.000198036272324	3.96072544647e-06	3.96072544647e-06	0	0.000293093683039	3.96072544647e-06	0	7.92145089295e-06	8.31752343759e-05	0.000225761350449	0.000400033270094	0.000102978861608	6.33716071436e-05	7.92145089295e-06	0	1.58429017859e-05	2.37643526788e-05	1.58429017859e-05	0	0	0	0
0.000479247779023	3.16858035718e-05	5.94108816971e-05	0	0.0012357463393	0.00238435671878	0.0100166746541	0.00174271919645	0.0125911461943	9.90181361618e-05	0.00532717572551	0.00243188542413	0.00377457135049	0.00257051081476	0.00189322676341	0.00020199699777	0.000217839899556	1.58429017859e-05	0.000217839899556	0.000217839899556	0.00261011806923	9.10966852689e-05	0.000285172232146	0.000146546841519	0.000249525703128	7.92145089295e-06	0.00040399399554	0.000182193370538	0.0016872690402	0.000645598247775	1.18821763394e-05	2.77250781253e-05	0.0187738386163	3.96072544647e-06	0.00250713920762	0	3.16858035718e-05	0	0	9.50574107153e-05	0	0	0	0	0.000142586116073	0	3.96072544647e-06	4.35679799112e-05	7.92145089295e-06	0.000130703939734	7.92145089295e-06	0.000241604252235	0	0	0	9.90181361618e-05	7.92145089295e-06	0.000328740212057	1.58429017859e-05	0.000308936584825	7.92145089295e-06	7.12930580365e-05	0.000110900312501	0.0002812115067	0.000265368604914	0	0	3.56465290183e-05	3.96072544647e-06	0.000253486428574	0.00186946241074	8.71359598224e-05	0.00146546841519	0.000166350468752	0.00390131456478	0.0009545348326	0	0.000277250781253	0.000130703939734	2.37643526788e-05	2.37643526788e-05	7.92145089295e-06	0	0
8.71359598224e-05	0	0	0	0	0	3.96072544647e-05	0.000459444151791	0.000118821763394	3.96072544647e-06	3.96072544647e-05	3.16858035718e-05	0	2.77250781253e-05	0.000780262912955	0	0	0	0	1.18821763394e-05	0	0.00013466466518	0	3.56465290183e-05	1.58429017859e-05	0	1.18821763394e-05	0	0.000879281049117	0.00211502738842	7.5253783483e-05	0	3.96072544647e-06	0.00250317848217	0.000301015133932	0	0	0	0	0	0	0	0	0	0	0	0	0	0	0	0	0	0	0	0	0	0	0	0	0	0	0	0	0	0	0	0	0	0	0	0	0	0.000166350468752	0	0	0	0	0	0	0	0	0	0	0
0.00471722400675	7.12930580365e-05	0.000661441149561	0	0.000934731205368	0.000106939587055	0.00124366779019	0.0085908134934	0.0100919284376	0.00055054083706	0.00607971356034	0.0153834576341	0.00197640199779	0.0108365448215	0.00514498235497	7.92145089295e-06	0.000344583113843	0.007806589855	0.000907006127242	0.00990577434163	0.00270517547994	0.00696691606035	9.90181361618e-05	0.00787788291303	0.0011842569085	2.37643526788e-05	0.00345771331477	0.0052756862947	0.00703820911838	0.00439640524558	0.00846803100456	0.000178232645091	0.00250713920762	0.000301015133932	0.0495922433153	2.77250781253e-05	0.000926809754475	6.733233259e-05	0	5.14894308041e-05	0	0	1.58429017859e-05	0	0.000566383738846	7.92145089295e-06	0	6.733233259e-05	1.98036272324e-05	7.92145089295e-05	3.96072544647e-06	0.000102978861608	0.000308936584825	3.96072544647e-06	0.000217839899556	3.16858035718e-05	5.94108816971e-05	0.000126743214287	0.000150507566966	0.000495090680809	4.35679799112e-05	0.00116049255582	0.000986220636172	0.000150507566966	7.5253783483e-05	3.16858035718e-05	0	7.92145089295e-06	0	0.000126743214287	0.00322799123888	0.000534697935274	0.0268339148999	0.0049429853572	0.00175064064734	0.00207542013395	2.77250781253e-05	0.000297054408485	0.000221800625002	0.000110900312501	0.000205957723217	3.96072544647e-06	3.96072544647e-06	0
