0.0212076216475	1.84454200022e-05	3.68908400044e-05	0	0.000401187885048	8.300439001e-05	0.0025362452503	0.008364997971	0.00879846534106	0.000433467370052	0.00297893533036	0	0.00041502195005	4.61135500055e-06	0.00653890139078	0.000142952005017	0.000124506585015	2.30567750028e-05	0	0	0.000405799240049	0.000553362600066	0.00016600878002	0.000484192275058	0.00128656804515	0	9.22271000111e-06	3.68908400044e-05	0.00232412292028	0.00683402811082	0.0024901317003	0	0	0.00357380012543	0.00355535470543	0	4.61135500055e-06	0	0	4.1502195005e-05	0	1.84454200022e-05	3.22794850039e-05	0	0.000308960785037	1.84454200022e-05	0	5.07249050061e-05	0	0	0	1.84454200022e-05	0	0	0	4.1502195005e-05	9.22271000111e-06	4.1502195005e-05	1.38340650017e-05	0.000299738075036	0	0	4.61135500055e-06	4.61135500055e-05	0	4.61135500055e-06	0	0	0	1.84454200022e-05	0.000765484930092	0.000138340650017	0.00121739772015	0.00066864647508	0.000802375770096	0.000193676910023	1.38340650017e-05	1.84454200022e-05	4.61135500055e-06	9.22271000111e-06	4.61135500055e-06	4.61135500055e-06	0	0
1.84454200022e-05	0.017075847567	0.00356918877043	0	0	4.61135500055e-06	4.61135500055e-06	1.38340650017e-05	1.84454200022e-05	1.38340650017e-05	0	0.000212122330025	0	0.000184454200022	9.22271000111e-06	4.61135500055e-06	0.000119895230014	0.00174309219021	7.37816800089e-05	0.000493414985059	0	0.000198288265024	0.00240251595529	0.00178920574021	1.38340650017e-05	0.000857712030103	0.00388276091047	0.00660807171579	3.68908400044e-05	2.30567750028e-05	3.68908400044e-05	0	0	2.30567750028e-05	0.00106061165013	0	0.00351385251042	0.00041963330505	0	0	0	0	4.61135500055e-06	0	0	0	0.000216733685026	0	0.00016600878002	0	0	1.84454200022e-05	0.000244401815029	5.53362600066e-05	0.000202899620024	0	5.99476150072e-05	0.000129117940015	0.000258235880031	4.61135500055e-06	0.000825432545099	0.000843877965101	0.00179381709522	4.61135500055e-06	0	2.76681300033e-05	4.61135500055e-06	0	0	0.000258235880031	0.000488803630059	0.00125889991515	0.000839266610101	0.000401187885048	3.68908400044e-05	1.38340650017e-05	1.84454200022e-05	8.76157450105e-05	0.00050263769506	0.000193676910023	4.1502195005e-05	0	0	4.61135500055e-06
3.68908400044e-05	0.00356918877043	0.0308222968237	0	0	9.22271000111e-06	9.22271000111e-06	7.83930350094e-05	1.84454200022e-05	3.68908400044e-05	0	0.000193676910023	0	5.07249050061e-05	2.76681300033e-05	4.61135500055e-06	0.000567196665068	0.00792230789095	3.68908400044e-05	0.000839266610101	0	0.000894602870107	0.0016923672852	0.0126812262515	3.68908400044e-05	7.37816800089e-05	0.00641900616077	0.0119111299664	0.000179842845022	9.22271000111e-05	0.000313572140038	0	0	7.83930350094e-05	0.00318183495038	0	0.00144796547017	0.000235179105028	0	0	0	0	0	0	4.61135500055e-06	0	2.30567750028e-05	0	2.30567750028e-05	0	0	1.38340650017e-05	8.300439001e-05	0	3.68908400044e-05	0	2.76681300033e-05	0.000156786070019	0.000133729295016	4.61135500055e-06	8.300439001e-05	0.000281292655034	0.000733205445088	1.84454200022e-05	0	9.22271000111e-06	0	0	0	0.000133729295016	0.00184454200022	0.00344007083041	0.0025362452503	0.00141107463017	0.000124506585015	0.000138340650017	5.53362600066e-05	0.000124506585015	0.000258235880031	6.91703250083e-05	1.84454200022e-05	0	4.61135500055e-06	0
0	0	0	0	0	0	0	0	0	0	0	0	0	0	0	0	0	0	0	0	0	0	0	0	0	0	0	0	0	0	0	0	0	0	0	0	0	0	0	0	0	0	0	0	0	0	0	0	0	0	0	0	0	0	0	0	0	0	0	0	0	0	0	0	0	0	0	0	0	0	0	0	0	0	0	0	0	0	0	0	0	0	0	0
0.000401187885048	0	0	0	0.0180903456672	0	0.000295126720035	0.00196904858524	0.000438078725053	0.000258235880031	0.00339856863541	0	0.00303427159036	0	0.000110672520013	3.22794850039e-05	9.22271000111e-06	0	0	0	0.00364297045044	2.76681300033e-05	1.38340650017e-05	1.38340650017e-05	0.00951322536614	0	0	0	0.00571808020069	0.000106061165013	6.45589700077e-05	0	0	5.99476150072e-05	6.91703250083e-05	9.22271000111e-06	0	0	0	0.00244401815029	0	0.000152174715018	6.45589700077e-05	9.22271000111e-06	5.99476150072e-05	0.0016370310252	0	0.00376747703545	0	4.61135500055e-06	0	0	0	0	0	0.00245324086029	0	0	4.61135500055e-06	0.000202899620024	0	0	0	3.68908400044e-05	0	0	0	0	0	0	4.61135500055e-06	9.22271000111e-06	2.30567750028e-05	0	5.07249050061e-05	0	0	4.61135500055e-06	0	0	0	0	0	0
8.300439001e-05	4.61135500055e-06	9.22271000111e-06	0	0	0.00810215073597	0.00312188733537	3.22794850039e-05	0.00297893533036	4.61135500055e-06	2.76681300033e-05	9.22271000111e-06	1.84454200022e-05	0	0.00216733685026	0.000756262220091	4.61135500055e-06	1.38340650017e-05	0	4.61135500055e-06	4.61135500055e-06	1.38340650017e-05	0	5.07249050061e-05	4.61135500055e-06	0	1.84454200022e-05	4.61135500055e-06	2.30567750028e-05	0.00210277788025	2.30567750028e-05	0	0.0024670749253	3.22794850039e-05	0.00115745010514	0	0	0	0	0	0	0	0	0	0	0	0	0	0	0	0	0	4.61135500055e-06	0	0	0	0	0	4.61135500055e-06	0	0	0	0	0	0	0	0	0	0	0	0.000101449810012	4.1502195005e-05	0.000474969565057	0.000235179105028	0.0008346552551	0.00122200907515	9.22271000111e-06	1.38340650017e-05	4.61135500055e-06	4.61135500055e-06	4.61135500055e-06	0	0	0
0.0025362452503	4.61135500055e-06	9.22271000111e-06	0	0.000295126720035	0.00312188733537	0.0345805511491	0.00208433246025	0.0192385730623	0.000106061165013	0.00760873575091	4.1502195005e-05	0.00271608809533	0	0.00538145128565	0.00153558121518	2.76681300033e-05	1.84454200022e-05	0	0	0.00124506585015	8.300439001e-05	2.76681300033e-05	0.000106061165013	0.000857712030103	4.61135500055e-06	2.76681300033e-05	1.38340650017e-05	0.000926882355111	0.00361530232043	0.000216733685026	0	0.0016554764452	0.000442690080053	0.00199671671524	0	4.61135500055e-06	0	0	9.22271000111e-06	0	0	1.38340650017e-05	4.61135500055e-06	3.68908400044e-05	4.61135500055e-06	0	1.38340650017e-05	0	4.61135500055e-06	0	4.61135500055e-06	4.61135500055e-06	0	0	1.38340650017e-05	0	4.61135500055e-06	4.61135500055e-06	3.22794850039e-05	0	0	0	1.38340650017e-05	0	0	0	0	0	4.61135500055e-06	0.000308960785037	5.07249050061e-05	0.00101910945512	0.000401187885048	0.00182148522522	0.000622532925075	4.61135500055e-06	2.30567750028e-05	0	0	0	4.61135500055e-06	0	0
0.008364997971	1.38340650017e-05	7.83930350094e-05	0	0.00196904858524	3.22794850039e-05	0.00208433246025	0.0423921865201	0.0049710406906	0.00146179953518	0.00760412439591	0	0.000442690080053	0	0.00289131958535	6.45589700077e-05	0.000516471760062	7.37816800089e-05	0	0	0.000728594090087	0.00146179953518	0.00058564208507	0.00142490869517	0.00569963478068	0	1.38340650017e-05	0.000129117940015	0.0178690006271	0.00505865643561	0.00632216770576	0	0	0.00315416682038	0.0033616777954	3.68908400044e-05	4.61135500055e-06	0	0	0.000142952005017	0	4.61135500055e-05	0.000138340650017	1.84454200022e-05	0.00124506585015	6.91703250083e-05	0	0.000179842845022	0	1.84454200022e-05	4.61135500055e-06	0.000101449810012	4.61135500055e-06	0	0	0.000147563360018	1.38340650017e-05	0.000156786070019	2.76681300033e-05	0.00113439333014	0	0	0	0.000212122330025	1.38340650017e-05	3.22794850039e-05	0	0	4.61135500055e-06	3.22794850039e-05	0.000968384550116	0.000212122330025	0.00102833216512	0.000534917180064	0.000617921570074	0.000101449810012	4.61135500055e-06	4.61135500055e-05	4.61135500055e-06	1.38340650017e-05	0	3.68908400044e-05	0	0
0.00879846534106	1.84454200022e-05	1.84454200022e-05	0	0.000438078725053	0.00297893533036	0.0192385730623	0.0049710406906	0.0481702143358	0.000225956395027	0.00777013317593	7.37816800089e-05	0.00100066403512	9.22271000111e-06	0.0184500313572	0.000544139890065	5.53362600066e-05	1.84454200022e-05	0	0	0.000760873575091	0.000175231490021	8.76157450105e-05	0.000198288265024	0.00133729295016	9.22271000111e-06	4.1502195005e-05	2.76681300033e-05	0.00184915335522	0.00889991515107	0.000710148670085	0	0.00142952005017	0.00130962482016	0.00441767809053	0	4.61135500055e-06	0	0	1.84454200022e-05	0	0	2.30567750028e-05	4.61135500055e-06	0.000101449810012	4.61135500055e-06	0	2.30567750028e-05	0	4.61135500055e-06	0	1.38340650017e-05	0	0	0	1.38340650017e-05	0	2.76681300033e-05	0	0.000110672520013	0	0	0	1.84454200022e-05	0	4.61135500055e-06	0	0	0	1.38340650017e-05	0.000677869185081	0.000133729295016	0.00219039362526	0.000949939130114	0.00172003541521	0.00106983436013	2.30567750028e-05	3.22794850039e-05	0	4.61135500055e-06	4.61135500055e-06	4.61135500055e-06	0	0
0.000433467370052	1.38340650017e-05	3.68908400044e-05	0	0.000258235880031	4.61135500055e-06	0.000106061165013	0.00146179953518	0.000225956395027	0.0142121961117	0.000175231490021	0	0.00206588704025	0	0.000119895230014	0.000285904010034	0.000779318995094	2.76681300033e-05	0	0	0.000281292655034	0.000590253440071	0.0025039657653	0.000806987125097	0.00616999299074	0	0	0.000106061165013	0.00209816652525	0.000756262220091	0.00103294352012	0	0	0.000627144280075	0.000963773195116	4.1502195005e-05	0	4.61135500055e-06	0	0.000225956395027	0	5.53362600066e-05	0.000341240270041	2.30567750028e-05	0.00237484782528	0.000129117940015	4.61135500055e-06	0.000239790460029	0	2.76681300033e-05	0	0.000318183495038	0	0	0	0.000184454200022	5.53362600066e-05	0.000631755635076	5.53362600066e-05	0.00161858560519	0	0	0	0.000544139890065	3.22794850039e-05	0.000106061165013	0	0	9.22271000111e-06	8.300439001e-05	0.000438078725053	0.000106061165013	0.000239790460029	0.000142952005017	0.000723982735087	1.84454200022e-05	4.61135500055e-06	0.000115283875014	2.76681300033e-05	3.22794850039e-05	2.30567750028e-05	4.1502195005e-05	4.61135500055e-06	4.61135500055e-06
0.00297893533036	0	0	0	0.00339856863541	2.76681300033e-05	0.00760873575091	0.00760412439591	0.00777013317593	0.000175231490021	0.0364204817944	0	0.00306655107537	0	0.00159091747519	0.000129117940015	1.38340650017e-05	0	0	0	0.0041732762755	3.68908400044e-05	3.68908400044e-05	3.22794850039e-05	0.00260080422031	0	0	4.61135500055e-06	0.00710148670085	0.000723982735087	0.000239790460029	0	4.61135500055e-06	0.00033662891504	0.000456524145055	0	0	0	0	0.00139262921017	0	8.300439001e-05	6.45589700077e-05	9.22271000111e-06	6.91703250083e-05	0.00139262921017	0	0.00201055078024	0	4.61135500055e-06	0	0	0	0	0	0.00114361604014	4.61135500055e-06	0	0	0.000156786070019	0	0	0	4.1502195005e-05	0	4.61135500055e-06	0	0	0	0	9.22271000111e-05	0	0.000110672520013	4.61135500055e-05	0.000267458590032	1.38340650017e-05	0	1.84454200022e-05	0	0	0	4.61135500055e-06	0	0
0	0.000212122330025	0.000193676910023	0	0	9.22271000111e-06	4.1502195005e-05	0	7.37816800089e-05	0	0	0.0257267495481	0	0.00720754786586	5.07249050061e-05	4.61135500055e-06	0	0.000378131110045	0.00306193972037	0.00236562511528	0	2.30567750028e-05	4.61135500055e-06	0.000119895230014	0	0.00261002693031	0.00970229092116	0.00182609658022	0	6.91703250083e-05	4.61135500055e-06	0.000461135500055	9.22271000111e-06	0	0.00275297893533	0	0.00017062013502	1.38340650017e-05	0	0	0	0	0	0	0	0	0.000272069945033	0	0.000225956395027	0	0	0	0	1.38340650017e-05	5.07249050061e-05	0	4.61135500055e-06	0	1.38340650017e-05	0	0.000525694470063	0.000179842845022	0.000142952005017	0	0	0	0	0	0	2.30567750028e-05	0.000276681300033	0.00314033275538	0.00269303132032	0.000378131110045	3.22794850039e-05	0.000115283875014	0.000405799240049	1.38340650017e-05	0.000438078725053	4.1502195005e-05	1.38340650017e-05	0	0	3.68908400044e-05
0.00041502195005	0	0	0	0.00303427159036	1.84454200022e-05	0.00271608809533	0.000442690080053	0.00100066403512	0.00206588704025	0.00306655107537	0	0.0269718153982	0	0.000179842845022	0.00133729295016	4.61135500055e-06	0	0	0	0.00827277087099	0	4.61135500055e-06	4.61135500055e-06	0.0042055557605	0	0	0	0.000604087505072	0.000152174715018	1.84454200022e-05	0	0	5.99476150072e-05	0.000119895230014	2.76681300033e-05	0	0	0	0.000313572140038	0	0.000516471760062	7.83930350094e-05	2.76681300033e-05	4.61135500055e-05	0.0017062013502	0	0.00647895377578	0	2.76681300033e-05	9.22271000111e-06	0	0	0	0	0.00131884753016	0	0	4.61135500055e-06	0.00016600878002	0	0	0	2.76681300033e-05	4.61135500055e-06	0	0	0	0	9.22271000111e-06	5.99476150072e-05	0	3.68908400044e-05	1.38340650017e-05	0.000774707640093	4.61135500055e-06	0	0	0	9.22271000111e-06	0	1.38340650017e-05	0	0
4.61135500055e-06	0.000184454200022	5.07249050061e-05	0	0	0	0	0	9.22271000111e-06	0	0	0.00720754786586	0	0.0178090530121	1.38340650017e-05	0	0	7.83930350094e-05	0.000364297045044	0.000368908400044	0	9.22271000111e-06	0	1.84454200022e-05	0	0.00491109307559	0.00557973955067	0.00257774744531	4.61135500055e-06	1.84454200022e-05	4.61135500055e-06	0.000871546095105	0	4.61135500055e-06	0.000410410595049	0	0.000142952005017	4.61135500055e-06	0	0	0	0	0	0	0	0	0.000267458590032	0	0.000424244660051	0	0	0	9.22271000111e-06	9.22271000111e-06	4.1502195005e-05	0	4.61135500055e-06	0	9.22271000111e-06	0	0.000484192275058	0.000161397425019	0.000124506585015	0	0	0	0	0	0	4.61135500055e-05	0.000129117940015	0.00149407902018	0.000742428155089	0.000244401815029	9.22271000111e-06	3.22794850039e-05	0.00075165086509	1.38340650017e-05	0.00041502195005	9.22271000111e-05	4.1502195005e-05	0	4.61135500055e-06	5.53362600066e-05
0.00653890139078	9.22271000111e-06	2.76681300033e-05	0	0.000110672520013	0.00216733685026	0.00538145128565	0.00289131958535	0.0184500313572	0.000119895230014	0.00159091747519	5.07249050061e-05	0.000179842845022	1.38340650017e-05	0.033160253809	0.000216733685026	4.61135500055e-05	2.30567750028e-05	0	0	0.000152174715018	0.000225956395027	5.53362600066e-05	0.000207510975025	0.000438078725053	4.61135500055e-06	3.22794850039e-05	2.30567750028e-05	0.000742428155089	0.0126166672815	0.000594864795071	0	0.00191832368023	0.00124506585015	0.00386892684546	0	0	0	0	9.22271000111e-06	0	9.22271000111e-06	4.61135500055e-06	0	9.22271000111e-05	4.61135500055e-06	0	1.38340650017e-05	0	0	0	4.61135500055e-06	0	0	0	0	0	2.30567750028e-05	0	8.76157450105e-05	0	0	0	4.61135500055e-06	0	0	0	0	0	1.38340650017e-05	0.000488803630059	0.000124506585015	0.00172925812521	0.000765484930092	0.000968384550116	0.000986829970118	1.38340650017e-05	1.38340650017e-05	0	4.61135500055e-06	9.22271000111e-06	4.61135500055e-06	0	0
0.000142952005017	4.61135500055e-06	4.61135500055e-06	0	3.22794850039e-05	0.000756262220091	0.00153558121518	6.45589700077e-05	0.000544139890065	0.000285904010034	0.000129117940015	4.61135500055e-06	0.00133729295016	0	0.000216733685026	0.00604087505072	4.61135500055e-06	4.61135500055e-06	0	0	3.68908400044e-05	4.61135500055e-06	1.38340650017e-05	1.38340650017e-05	0.000106061165013	0	0	4.61135500055e-06	2.76681300033e-05	0.00016600878002	3.68908400044e-05	0	1.84454200022e-05	5.99476150072e-05	0.000133729295016	0	0	0	0	9.22271000111e-06	0	0	4.61135500055e-06	0	2.30567750028e-05	4.61135500055e-06	0	9.22271000111e-06	0	0	0	0	0	0	0	1.84454200022e-05	0	9.22271000111e-06	0	1.84454200022e-05	0	0	0	0	0	0	0	0	0	0	0.000221345040027	1.38340650017e-05	0.000129117940015	9.22271000111e-05	0.00320950308039	4.61135500055e-05	0	1.84454200022e-05	0	0	0	0	0	0
0.000124506585015	0.000119895230014	0.000567196665068	0	9.22271000111e-06	4.61135500055e-06	2.76681300033e-05	0.000516471760062	5.53362600066e-05	0.000779318995094	1.38340650017e-05	0	4.61135500055e-06	0	4.61135500055e-05	4.61135500055e-06	0.0172787471871	0.000147563360018	0	9.22271000111e-06	0	0.00341701405541	0.00489725901059	0.00924576677611	0.00309883056037	0	1.38340650017e-05	0.00303888294536	0.0025270225403	0.000364297045044	0.000862323385103	0	0	0.000299738075036	0.00127273398015	4.61135500055e-06	4.1502195005e-05	1.84454200022e-05	0	1.84454200022e-05	0	9.22271000111e-06	3.22794850039e-05	0	0.000184454200022	4.61135500055e-06	0	1.38340650017e-05	0	0	0	0.000133729295016	1.38340650017e-05	0	0	1.38340650017e-05	4.1502195005e-05	0.000405799240049	7.37816800089e-05	0.000184454200022	0	9.22271000111e-06	1.84454200022e-05	0.000133729295016	0	2.30567750028e-05	0	0	0	4.61135500055e-05	0.000802375770096	0.00058103073007	0.000617921570074	0.00041502195005	8.300439001e-05	4.1502195005e-05	0	3.22794850039e-05	9.22271000111e-06	1.84454200022e-05	9.22271000111e-06	4.61135500055e-06	0	0
2.30567750028e-05	0.00174309219021	0.00792230789095	0	0	1.38340650017e-05	1.84454200022e-05	7.37816800089e-05	1.84454200022e-05	2.76681300033e-05	0	0.000378131110045	0	7.83930350094e-05	2.30567750028e-05	4.61135500055e-06	0.000147563360018	0.0299830302136	8.300439001e-05	0.00312649869038	0	0.00240712731029	0.000816209835098	0.0142168074667	4.1502195005e-05	9.22271000111e-05	0.00735511122588	0.00314494411038	0.000152174715018	0.000133729295016	0.00058564208507	0	4.61135500055e-06	9.22271000111e-05	0.0066634079758	0	0.000650201055078	9.22271000111e-05	0	0	0	0	4.61135500055e-06	0	1.38340650017e-05	0	3.22794850039e-05	0	1.38340650017e-05	0	0	1.38340650017e-05	4.61135500055e-05	0	1.84454200022e-05	0	2.76681300033e-05	5.07249050061e-05	5.53362600066e-05	4.61135500055e-06	9.68384550116e-05	0.000138340650017	0.000345851625042	1.84454200022e-05	0	1.84454200022e-05	0	0	0	4.61135500055e-05	0.00226417530527	0.00353690928542	0.00398421072048	0.00180765116022	0.000198288265024	0.000179842845022	8.300439001e-05	0.000142952005017	0.000110672520013	4.1502195005e-05	2.76681300033e-05	0	0	0
0	7.37816800089e-05	3.68908400044e-05	0	0	0	0	0	0	0	0	0.00306193972037	0	0.000364297045044	0	0	0	8.300439001e-05	0.00577341646069	0.00125428856015	0	9.22271000111e-06	0	1.84454200022e-05	0	0.000276681300033	0.00362452503043	0.00033201756004	0	0	0	2.30567750028e-05	0	0	0.000207510975025	0	4.1502195005e-05	0	0	0	0	0	0	0	0	0	2.30567750028e-05	0	2.30567750028e-05	0	0	0	4.61135500055e-06	4.61135500055e-06	9.22271000111e-06	0	0	0	0	0	5.53362600066e-05	4.61135500055e-05	2.30567750028e-05	0	0	0	0	0	0	0	4.1502195005e-05	0.000290515365035	0.000202899620024	5.99476150072e-05	0	9.22271000111e-06	9.22271000111e-06	4.61135500055e-06	5.07249050061e-05	1.38340650017e-05	4.61135500055e-06	0	0	9.22271000111e-06
0	0.000493414985059	0.000839266610101	0	0	4.61135500055e-06	0	0	0	0	0	0.00236562511528	0	0.000368908400044	0	0	9.22271000111e-06	0.00312649869038	0.00125428856015	0.0156094366769	0	2.76681300033e-05	1.84454200022e-05	0.000267458590032	0	0.000396576530048	0.0100758106762	0.00138801785517	0	9.22271000111e-06	9.22271000111e-06	1.84454200022e-05	4.61135500055e-06	0	0.0016600878002	0	0.000299738075036	1.38340650017e-05	0	0	0	0	0	0	0	0	5.07249050061e-05	0	2.76681300033e-05	0	0	0	4.61135500055e-06	0	3.68908400044e-05	0	0	9.22271000111e-06	1.38340650017e-05	0	0.000193676910023	0.000110672520013	0.000179842845022	0	0	0	4.61135500055e-06	0	0	2.30567750028e-05	0.000244401815029	0.00106061165013	0.00109289113513	0.000262847235032	4.61135500055e-06	4.1502195005e-05	1.38340650017e-05	2.76681300033e-05	7.37816800089e-05	2.30567750028e-05	9.22271000111e-06	0	0	4.61135500055e-06
0.000405799240049	0	0	0	0.00364297045044	4.61135500055e-06	0.00124506585015	0.000728594090087	0.000760873575091	0.000281292655034	0.0041732762755	0	0.00827277087099	0	0.000152174715018	3.68908400044e-05	0	0	0	0	0.0157385546169	0	0	0	0.00328789611539	0	0	0	0.00118050688014	8.76157450105e-05	1.84454200022e-05	0	0	4.1502195005e-05	5.99476150072e-05	4.61135500055e-06	0	0	0	0.000479580920058	0	5.07249050061e-05	1.38340650017e-05	4.61135500055e-06	2.76681300033e-05	0.000456524145055	0	0.00142029734017	0	4.61135500055e-06	0	0	0	0	0	0.000567196665068	0	0	0	6.91703250083e-05	0	0	0	0	0	0	0	0	0	0	1.84454200022e-05	0	1.38340650017e-05	0	3.68908400044e-05	0	0	9.22271000111e-06	0	0	0	9.22271000111e-06	0	0
0.000553362600066	0.000198288265024	0.000894602870107	0	2.76681300033e-05	1.38340650017e-05	8.300439001e-05	0.00146179953518	0.000175231490021	0.000590253440071	3.68908400044e-05	2.30567750028e-05	0	9.22271000111e-06	0.000225956395027	4.61135500055e-06	0.00341701405541	0.00240712731029	9.22271000111e-06	2.76681300033e-05	0	0.0365957132844	0.00199671671524	0.0233565130778	0.00113439333014	0	0.000133729295016	0.00119895230014	0.00725366141587	0.00258235880031	0.00772401962593	0	1.84454200022e-05	0.00199210536024	0.00470358210056	1.84454200022e-05	5.07249050061e-05	1.84454200022e-05	0	1.84454200022e-05	0	4.61135500055e-06	4.1502195005e-05	0	0.000230567750028	4.61135500055e-06	0	1.84454200022e-05	4.61135500055e-06	1.38340650017e-05	0	7.37816800089e-05	1.38340650017e-05	0	0	9.22271000111e-06	2.76681300033e-05	0.000258235880031	6.45589700077e-05	0.000179842845022	0	4.61135500055e-06	4.1502195005e-05	7.83930350094e-05	9.22271000111e-06	2.76681300033e-05	0	0	0	4.1502195005e-05	0.00215350278526	0.00135112701516	0.00199210536024	0.00114361604014	0.000262847235032	0.000119895230014	9.22271000111e-06	0.000106061165013	3.22794850039e-05	2.30567750028e-05	4.61135500055e-06	9.22271000111e-06	0	0
0.00016600878002	0.00240251595529	0.0016923672852	0	1.38340650017e-05	0	2.76681300033e-05	0.00058564208507	8.76157450105e-05	0.0025039657653	3.68908400044e-05	4.61135500055e-06	4.61135500055e-06	0	5.53362600066e-05	1.38340650017e-05	0.00489725901059	0.000816209835098	0	1.84454200022e-05	0	0.00199671671524	0.0204144685874	0.00594403659571	0.00204744162025	0	0.000161397425019	0.00538145128565	0.00140646327517	0.000479580920058	0.00100988674512	0	0	0.000424244660051	0.00199210536024	1.84454200022e-05	0.000871546095105	0.000272069945033	0	4.61135500055e-05	0	2.30567750028e-05	0.000179842845022	4.61135500055e-06	0.000511860405061	9.22271000111e-06	1.38340650017e-05	3.68908400044e-05	4.61135500055e-06	9.22271000111e-06	0	0.000433467370052	6.91703250083e-05	0	9.22271000111e-06	3.22794850039e-05	0.000225956395027	0.00219500498026	0.000705537315085	0.000313572140038	4.61135500055e-06	5.07249050061e-05	0.000484192275058	0.000405799240049	2.30567750028e-05	0.000207510975025	0	0	1.38340650017e-05	0.000276681300033	0.00140646327517	0.00134190430516	0.00101910945512	0.00058103073007	0.000138340650017	5.99476150072e-05	0	0.000272069945033	0.000179842845022	0.000133729295016	4.61135500055e-05	3.68908400044e-05	0	0
0.000484192275058	0.00178920574021	0.0126812262515	0	1.38340650017e-05	5.07249050061e-05	0.000106061165013	0.00142490869517	0.000198288265024	0.000806987125097	3.22794850039e-05	0.000119895230014	4.61135500055e-06	1.84454200022e-05	0.000207510975025	1.38340650017e-05	0.00924576677611	0.0142168074667	1.84454200022e-05	0.000267458590032	0	0.0233565130778	0.00594403659571	0.0699865348434	0.00140185192017	3.68908400044e-05	0.0016969786402	0.0103017670712	0.00455601874055	0.00191371232523	0.00608237724573	0	1.38340650017e-05	0.00119895230014	0.00934260523112	2.30567750028e-05	0.000728594090087	0.000179842845022	0	1.38340650017e-05	0	4.61135500055e-06	3.68908400044e-05	0	0.000230567750028	4.61135500055e-06	2.30567750028e-05	2.30567750028e-05	1.38340650017e-05	9.22271000111e-06	0	0.000124506585015	4.61135500055e-05	0	4.61135500055e-06	1.38340650017e-05	7.83930350094e-05	0.000723982735087	0.000285904010034	0.00016600878002	3.68908400044e-05	0.000119895230014	0.000438078725053	0.000129117940015	9.22271000111e-06	3.22794850039e-05	0	0	0	0.000129117940015	0.0057918618807	0.00518316302062	0.00595325930571	0.00353229793042	0.000562585310068	0.000401187885048	5.99476150072e-05	0.000341240270041	0.000133729295016	6.91703250083e-05	3.22794850039e-05	1.38340650017e-05	0	0
0.00128656804515	1.38340650017e-05	3.68908400044e-05	0	0.00951322536614	4.61135500055e-06	0.000857712030103	0.00569963478068	0.00133729295016	0.00616999299074	0.00260080422031	0	0.0042055557605	0	0.000438078725053	0.000106061165013	0.00309883056037	4.1502195005e-05	0	0	0.00328789611539	0.00113439333014	0.00204744162025	0.00140185192017	0.0367709447744	0	0	0.000133729295016	0.0146318294168	0.00115283875014	0.00138340650017	0	0	0.000945327775113	0.00135112701516	3.68908400044e-05	4.61135500055e-06	0	0	0.000152174715018	0	1.84454200022e-05	0.000179842845022	0	0.00112978197514	5.53362600066e-05	4.61135500055e-06	0.000101449810012	0	4.61135500055e-06	0	0.000138340650017	4.61135500055e-06	0	0	0.000147563360018	3.68908400044e-05	0.000281292655034	2.76681300033e-05	0.000885380160106	0	9.22271000111e-06	4.61135500055e-06	0.000308960785037	1.84454200022e-05	5.53362600066e-05	0	0	4.61135500055e-06	3.22794850039e-05	0.000396576530048	0.000156786070019	0.000378131110045	0.000212122330025	0.000359685690043	1.38340650017e-05	0	4.61135500055e-05	9.22271000111e-06	1.84454200022e-05	4.61135500055e-06	2.30567750028e-05	4.61135500055e-06	4.61135500055e-06
0	0.000857712030103	7.37816800089e-05	0	0	0	4.61135500055e-06	0	9.22271000111e-06	0	0	0.00261002693031	0	0.00491109307559	4.61135500055e-06	0	0	9.22271000111e-05	0.000276681300033	0.000396576530048	0	0	0	3.68908400044e-05	0	0.0114131036264	0.00343084812041	0.00340317999041	0	9.22271000111e-06	0	5.53362600066e-05	0	0	0.000318183495038	0	0.000290515365035	2.30567750028e-05	0	0	0	0	0	0	0	0	0.000553362600066	0	0.000424244660051	0	0	4.61135500055e-06	1.84454200022e-05	2.30567750028e-05	8.300439001e-05	0	0	0	1.38340650017e-05	4.61135500055e-06	0.00128656804515	0.000313572140038	0.000308960785037	0	0	0	4.61135500055e-06	0	0	0.000106061165013	1.84454200022e-05	0.000719371380086	0.000318183495038	3.68908400044e-05	4.61135500055e-06	9.22271000111e-06	0.000322794850039	0	0.000770096285092	8.76157450105e-05	9.22271000111e-06	0	0	8.76157450105e-05
9.22271000111e-06	0.00388276091047	0.00641900616077	0	0	1.84454200022e-05	2.76681300033e-05	1.38340650017e-05	4.1502195005e-05	0	0	0.00970229092116	0	0.00557973955067	3.22794850039e-05	0	1.38340650017e-05	0.00735511122588	0.00362452503043	0.0100758106762	0	0.000133729295016	0.000161397425019	0.0016969786402	0	0.00343084812041	0.0618474932674	0.0190817869923	1.38340650017e-05	7.83930350094e-05	4.1502195005e-05	0.00131884753016	9.22271000111e-06	4.1502195005e-05	0.00426089202051	0	0.00183531929022	8.76157450105e-05	0	0	0	0	0	0	0	0	0.000424244660051	0	0.000299738075036	0	0	0	0.000129117940015	3.22794850039e-05	0.000225956395027	0	9.22271000111e-06	2.76681300033e-05	6.45589700077e-05	0	0.00124967720515	0.000770096285092	0.00100066403512	0	0	4.61135500055e-06	9.22271000111e-06	0	0	0.000207510975025	0.000894602870107	0.00378131110045	0.00311727598037	0.000876157450105	7.37816800089e-05	9.68384550116e-05	6.91703250083e-05	4.1502195005e-05	0.000590253440071	0.000175231490021	3.68908400044e-05	0	0	2.76681300033e-05
3.68908400044e-05	0.00660807171579	0.0119111299664	0	0	4.61135500055e-06	1.38340650017e-05	0.000129117940015	2.76681300033e-05	0.000106061165013	4.61135500055e-06	0.00182609658022	0	0.00257774744531	2.30567750028e-05	4.61135500055e-06	0.00303888294536	0.00314494411038	0.00033201756004	0.00138801785517	0	0.00119895230014	0.00538145128565	0.0103017670712	0.000133729295016	0.00340317999041	0.0190817869923	0.058605710702	0.000378131110045	0.000129117940015	0.000373519755045	0.00024901317003	0	0.000115283875014	0.00258235880031	0	0.0016969786402	0.000272069945033	0	0	0	0	4.61135500055e-06	0	1.38340650017e-05	0	0.000152174715018	0	0.000119895230014	0	0	6.45589700077e-05	0.000138340650017	1.84454200022e-05	0.000110672520013	0	3.68908400044e-05	0.000396576530048	0.000281292655034	2.30567750028e-05	0.000470358210056	0.000470358210056	0.000945327775113	1.84454200022e-05	0	9.22271000111e-06	4.61135500055e-06	0	0	0.00016600878002	0.0016877559302	0.00290976500535	0.00210738923525	0.00110211384513	0.000142952005017	6.91703250083e-05	3.22794850039e-05	0.000179842845022	0.000373519755045	0.000129117940015	2.76681300033e-05	0	0	4.61135500055e-06
0.00232412292028	3.68908400044e-05	0.000179842845022	0	0.00571808020069	2.30567750028e-05	0.000926882355111	0.0178690006271	0.00184915335522	0.00209816652525	0.00710148670085	0	0.000604087505072	4.61135500055e-06	0.000742428155089	2.76681300033e-05	0.0025270225403	0.000152174715018	0	0	0.00118050688014	0.00725366141587	0.00140646327517	0.00455601874055	0.0146318294168	0	1.38340650017e-05	0.000378131110045	0.0505404508061	0.00209355517025	0.00320028037038	0	4.61135500055e-06	0.00152174715018	0.00239329324529	3.68908400044e-05	1.38340650017e-05	0	0	0.000774707640093	0	5.53362600066e-05	0.000156786070019	2.76681300033e-05	0.00103294352012	0.000258235880031	4.61135500055e-06	0.000405799240049	0	3.68908400044e-05	4.61135500055e-06	0.000138340650017	4.61135500055e-06	0	0	0.000428856015051	1.84454200022e-05	0.000221345040027	3.68908400044e-05	0.00100527539012	0	0	9.22271000111e-06	0.000202899620024	2.30567750028e-05	5.53362600066e-05	0	0	9.22271000111e-06	4.1502195005e-05	0.000802375770096	0.000424244660051	0.000788541705095	0.000447301435054	0.000364297045044	6.91703250083e-05	9.22271000111e-06	6.45589700077e-05	1.38340650017e-05	1.38340650017e-05	4.61135500055e-06	4.1502195005e-05	0	0
0.00683402811082	2.30567750028e-05	9.22271000111e-05	0	0.000106061165013	0.00210277788025	0.00361530232043	0.00505865643561	0.00889991515107	0.000756262220091	0.000723982735087	6.91703250083e-05	0.000152174715018	1.84454200022e-05	0.0126166672815	0.00016600878002	0.000364297045044	0.000133729295016	0	9.22271000111e-06	8.76157450105e-05	0.00258235880031	0.000479580920058	0.00191371232523	0.00115283875014	9.22271000111e-06	7.83930350094e-05	0.000129117940015	0.00209355517025	0.04141457926	0.00763179252592	0	0.00199210536024	0.0125198288265	0.0126812262515	9.22271000111e-06	1.84454200022e-05	4.61135500055e-06	0	5.07249050061e-05	0	1.38340650017e-05	5.99476150072e-05	0	0.000447301435054	3.68908400044e-05	0	4.1502195005e-05	0	0	0	4.1502195005e-05	0	0	0	3.68908400044e-05	1.84454200022e-05	0.000152174715018	1.84454200022e-05	0.000428856015051	0	1.38340650017e-05	1.38340650017e-05	8.300439001e-05	0	3.22794850039e-05	0	0	0	3.22794850039e-05	0.00219500498026	0.000438078725053	0.0042055557605	0.00182609658022	0.00151713579518	0.00147102224518	5.53362600066e-05	6.45589700077e-05	9.22271000111e-06	9.22271000111e-06	9.22271000111e-06	9.22271000111e-06	0	0
0.0024901317003	3.68908400044e-05	0.000313572140038	0	6.45589700077e-05	2.30567750028e-05	0.000216733685026	0.00632216770576	0.000710148670085	0.00103294352012	0.000239790460029	4.61135500055e-06	1.84454200022e-05	4.61135500055e-06	0.000594864795071	3.68908400044e-05	0.000862323385103	0.00058564208507	0	9.22271000111e-06	1.84454200022e-05	0.00772401962593	0.00100988674512	0.00608237724573	0.00138340650017	0	4.1502195005e-05	0.000373519755045	0.00320028037038	0.00763179252592	0.0272577194083	0	0	0.00491570443059	0.00644667429077	1.38340650017e-05	4.61135500055e-06	0	0	4.61135500055e-05	0	1.38340650017e-05	5.07249050061e-05	9.22271000111e-06	0.000428856015051	1.84454200022e-05	0	4.1502195005e-05	0	4.61135500055e-06	0	4.1502195005e-05	0	0	0	1.38340650017e-05	2.30567750028e-05	0.000175231490021	2.30567750028e-05	0.000405799240049	0	4.61135500055e-06	4.61135500055e-06	0.000101449810012	4.61135500055e-06	3.22794850039e-05	0	0	0	2.76681300033e-05	0.00181687387022	0.000553362600066	0.0016831445752	0.000889991515107	0.000401187885048	0.000110672520013	2.30567750028e-05	5.07249050061e-05	1.38340650017e-05	1.84454200022e-05	4.61135500055e-06	1.38340650017e-05	0	0
0	0	0	0	0	0	0	0	0	0	0	0.000461135500055	0	0.000871546095105	0	0	0	0	2.30567750028e-05	1.84454200022e-05	0	0	0	0	0	5.53362600066e-05	0.00131884753016	0.00024901317003	0	0	0	0.00148485631018	0	0	9.22271000111e-06	0	4.61135500055e-06	0	0	0	0	0	0	0	0	0	4.61135500055e-06	0	9.22271000111e-06	0	0	0	0	0	0	0	0	0	0	0	4.61135500055e-06	4.61135500055e-06	0	0	0	0	0	0	0	0	0	1.84454200022e-05	2.30567750028e-05	9.22271000111e-06	4.61135500055e-06	9.22271000111e-06	0	0	4.61135500055e-06	0	0	0	0	0
0	0	0	0	0	0.0024670749253	0.0016554764452	0	0.00142952005017	0	4.61135500055e-06	9.22271000111e-06	0	0	0.00191832368023	1.84454200022e-05	0	4.61135500055e-06	0	4.61135500055e-06	0	1.84454200022e-05	0	1.38340650017e-05	0	0	9.22271000111e-06	0	4.61135500055e-06	0.00199210536024	0	0	0.00516471760062	9.22271000111e-06	0.000742428155089	0	0	0	0	0	0	0	0	0	0	0	0	0	0	0	0	0	0	0	0	0	0	0	0	0	0	0	0	0	0	0	0	0	0	0	2.76681300033e-05	0	0.000152174715018	5.99476150072e-05	6.45589700077e-05	0.000507249050061	0	0	0	0	0	0	0	0
0.00357380012543	2.30567750028e-05	7.83930350094e-05	0	5.99476150072e-05	3.22794850039e-05	0.000442690080053	0.00315416682038	0.00130962482016	0.000627144280075	0.00033662891504	0	5.99476150072e-05	4.61135500055e-06	0.00124506585015	5.99476150072e-05	0.000299738075036	9.22271000111e-05	0	0	4.1502195005e-05	0.00199210536024	0.000424244660051	0.00119895230014	0.000945327775113	0	4.1502195005e-05	0.000115283875014	0.00152174715018	0.0125198288265	0.00491570443059	0	9.22271000111e-06	0.0158768952669	0.00857712030103	9.22271000111e-06	9.22271000111e-06	0	0	4.61135500055e-05	0	9.22271000111e-06	4.1502195005e-05	0	0.000391965175047	3.22794850039e-05	0	3.22794850039e-05	0	0	0	3.68908400044e-05	0	0	0	3.68908400044e-05	9.22271000111e-06	0.000119895230014	4.61135500055e-06	0.000387353820046	0	9.22271000111e-06	9.22271000111e-06	7.83930350094e-05	0	2.30567750028e-05	0	0	0	3.22794850039e-05	0.00211200059025	0.000368908400044	0.00243940679529	0.00119895230014	0.000770096285092	0.000225956395027	3.22794850039e-05	5.99476150072e-05	4.61135500055e-06	1.38340650017e-05	9.22271000111e-06	9.22271000111e-06	0	0
0.00355535470543	0.00106061165013	0.00318183495038	0	6.91703250083e-05	0.00115745010514	0.00199671671524	0.0033616777954	0.00441767809053	0.000963773195116	0.000456524145055	0.00275297893533	0.000119895230014	0.000410410595049	0.00386892684546	0.000133729295016	0.00127273398015	0.0066634079758	0.000207510975025	0.0016600878002	5.99476150072e-05	0.00470358210056	0.00199210536024	0.00934260523112	0.00135112701516	0.000318183495038	0.00426089202051	0.00258235880031	0.00239329324529	0.0126812262515	0.00644667429077	9.22271000111e-06	0.000742428155089	0.00857712030103	0.0510707566311	1.38340650017e-05	0.000442690080053	5.07249050061e-05	0	5.53362600066e-05	0	1.84454200022e-05	6.45589700077e-05	0	0.000493414985059	3.68908400044e-05	4.1502195005e-05	4.1502195005e-05	3.22794850039e-05	0	0	0.000101449810012	3.22794850039e-05	9.22271000111e-06	2.76681300033e-05	4.61135500055e-05	3.68908400044e-05	0.000378131110045	7.37816800089e-05	0.00049802634006	0.000152174715018	0.000106061165013	0.000262847235032	0.000142952005017	0	3.22794850039e-05	0	0	0	6.45589700077e-05	0.0091304829011	0.00599015014572	0.0212583465526	0.00863706791604	0.00272069945033	0.00254546796031	0.000378131110045	0.000345851625042	7.37816800089e-05	6.45589700077e-05	5.99476150072e-05	2.30567750028e-05	0	0
0	0	0	0	9.22271000111e-06	0	0	3.68908400044e-05	0	4.1502195005e-05	0	0	2.76681300033e-05	0	0	0	4.61135500055e-06	0	0	0	4.61135500055e-06	1.84454200022e-05	1.84454200022e-05	2.30567750028e-05	3.68908400044e-05	0	0	0	3.68908400044e-05	9.22271000111e-06	1.38340650017e-05	0	0	9.22271000111e-06	1.38340650017e-05	0.0126812262515	0	1.38340650017e-05	0	0.000161397425019	4.61135500055e-06	0.00108366842513	0.00328789611539	0.00184915335522	0.000391965175047	0.000470358210056	3.68908400044e-05	0.000940716420113	4.61135500055e-06	0.00464363448556	0.000267458590032	0.000110672520013	2.76681300033e-05	0	4.61135500055e-06	0.000216733685026	5.99476150072e-05	0.000152174715018	0.000115283875014	0.00156324934519	4.61135500055e-06	1.84454200022e-05	2.76681300033e-05	0.000622532925075	0.00312188733537	0.000308960785037	0	1.38340650017e-05	0.000438078725053	0.00104216623013	1.38340650017e-05	9.22271000111e-06	1.38340650017e-05	4.61135500055e-06	4.61135500055e-06	0	0	0.000636366990076	4.61135500055e-05	0.000521083115063	0.000216733685026	0.000963773195116	4.1502195005e-05	4.61135500055e-06
4.61135500055e-06	0.00351385251042	0.00144796547017	0	0	0	4.61135500055e-06	4.61135500055e-06	4.61135500055e-06	0	0	0.00017062013502	0	0.000142952005017	0	0	4.1502195005e-05	0.000650201055078	4.1502195005e-05	0.000299738075036	0	5.07249050061e-05	0.000871546095105	0.000728594090087	4.61135500055e-06	0.000290515365035	0.00183531929022	0.0016969786402	1.38340650017e-05	1.84454200022e-05	4.61135500055e-06	4.61135500055e-06	0	9.22271000111e-06	0.000442690080053	0	0.0209954993175	0.00237484782528	0	4.61135500055e-06	4.61135500055e-06	4.61135500055e-06	1.84454200022e-05	0	9.22271000111e-06	0	0.000806987125097	4.61135500055e-06	0.000401187885048	4.61135500055e-06	4.61135500055e-06	0.000161397425019	0.00124967720515	0.000101449810012	0.000931493710112	4.61135500055e-06	0.000290515365035	0.00115283875014	0.00142952005017	1.38340650017e-05	0.00314033275538	0.00486497952558	0.0127457852215	4.1502195005e-05	4.61135500055e-06	0.000106061165013	1.38340650017e-05	0	0	0.00124967720515	0.000235179105028	0.000645589700077	0.00033201756004	0.000152174715018	4.1502195005e-05	1.38340650017e-05	1.84454200022e-05	0.000424244660051	0.00188143284023	0.00102372081012	0.000327406205039	4.61135500055e-06	1.84454200022e-05	2.76681300033e-05
0	0.00041963330505	0.000235179105028	0	0	0	0	0	0	4.61135500055e-06	0	1.38340650017e-05	0	4.61135500055e-06	0	0	1.84454200022e-05	9.22271000111e-05	0	1.38340650017e-05	0	1.84454200022e-05	0.000272069945033	0.000179842845022	0	2.30567750028e-05	8.76157450105e-05	0.000272069945033	0	4.61135500055e-06	0	0	0	0	5.07249050061e-05	1.38340650017e-05	0.00237484782528	0.0259204264581	0	4.61135500055e-06	0	4.61135500055e-06	0.000184454200022	9.22271000111e-06	1.84454200022e-05	4.61135500055e-06	0.000216733685026	0	1.84454200022e-05	1.84454200022e-05	9.22271000111e-06	0.000622532925075	0.00227339801527	1.38340650017e-05	0.00033201756004	0	0.00174309219021	0.000968384550116	0.0118004574464	5.99476150072e-05	9.68384550116e-05	0.0058379754307	0.0118511823514	0.000341240270041	3.68908400044e-05	0.000654812410079	0	4.61135500055e-06	0	0.00197365994024	7.83930350094e-05	0.000119895230014	7.37816800089e-05	4.1502195005e-05	9.22271000111e-06	0	4.61135500055e-06	0.00119434094514	0.00196904858524	0.00173848083521	0.000659423765079	5.07249050061e-05	3.22794850039e-05	1.38340650017e-05
0	0	0	0	0	0	0	0	0	0	0	0	0	0	0	0	0	0	0	0	0	0	0	0	0	0	0	0	0	0	0	0	0	0	0	0	0	0	0	0	0	0	0	0	0	0	0	0	0	0	0	0	0	0	0	0	0	0	0	0	0	0	0	0	0	0	0	0	0	0	0	0	0	0	0	0	0	0	0	0	0	0	0	0
4.1502195005e-05	0	0	0	0.00244401815029	0	9.22271000111e-06	0.000142952005017	1.84454200022e-05	0.000225956395027	0.00139262921017	0	0.000313572140038	0	9.22271000111e-06	9.22271000111e-06	1.84454200022e-05	0	0	0	0.000479580920058	1.84454200022e-05	4.61135500055e-05	1.38340650017e-05	0.000152174715018	0	0	0	0.000774707640093	5.07249050061e-05	4.61135500055e-05	0	0	4.61135500055e-05	5.53362600066e-05	0.000161397425019	4.61135500055e-06	4.61135500055e-06	0	0.0209217176375	0	0.00041502195005	0.00101449810012	7.83930350094e-05	0.00226878666027	0.00509093592061	0	0.00542295348065	0	0.000101449810012	2.30567750028e-05	0.000295126720035	4.61135500055e-06	0	0	0.00767790607592	8.300439001e-05	0.000207510975025	8.76157450105e-05	0.0109611908363	0	4.61135500055e-06	0	0.00317722359538	4.1502195005e-05	0.000161397425019	0	0	9.22271000111e-06	0.000101449810012	2.76681300033e-05	0	1.84454200022e-05	1.38340650017e-05	2.76681300033e-05	0	0	0.000119895230014	2.76681300033e-05	3.68908400044e-05	9.22271000111e-06	0.000106061165013	4.61135500055e-06	0
0	0	0	0	0	0	0	0	0	0	0	0	0	0	0	0	0	0	0	0	0	0	0	0	0	0	0	0	0	0	0	0	0	0	0	4.61135500055e-06	4.61135500055e-06	0	0	0	0.0033386210204	0.00132345888516	9.22271000111e-06	0.000793153060095	9.22271000111e-06	4.61135500055e-06	2.30567750028e-05	1.38340650017e-05	4.61135500055e-06	0.000230567750028	0.000539528535065	0	4.61135500055e-06	4.61135500055e-06	4.61135500055e-06	4.61135500055e-06	0	4.61135500055e-06	1.84454200022e-05	1.38340650017e-05	0	0	9.22271000111e-06	9.22271000111e-06	0.000456524145055	4.61135500055e-06	0	0.00102833216512	0	0.000401187885048	0	0	0	0	0	0	0	2.30567750028e-05	4.61135500055e-06	0.000152174715018	4.61135500055e-05	0.000779318995094	0.00112978197514	0
