2763	1	18	0	25	1	460	889	720	55	106	0	135	2	663	110	18	4	0	0	78	95	31	85	137	0	3	7	264	745	617	0	5	89	225	2	0	0	0	2	0	0	4	0	23	1	0	1	0	1	0	1	0	0	0	1	1	4	0	18	0	0	1	8	0	1	0	0	1	1	117	22	89	30	49	7	0	4	0	2	1	0	0	0
1	3307	623	0	0	1	3	5	2	3	0	75	0	49	0	1	8	243	8	92	0	36	151	158	2	333	888	1108	6	5	12	3	1	0	195	0	891	70	0	0	0	0	0	0	1	0	31	0	18	0	0	9	72	10	74	0	3	106	33	1	58	291	417	2	1	2	0	0	0	67	72	169	153	49	2	4	4	21	102	50	11	1	0	1
18	623	9128	0	1	2	13	51	22	23	1	64	3	31	12	5	161	2215	8	108	2	672	442	3676	45	34	2455	2978	110	71	349	1	1	16	1353	0	261	37	0	0	0	0	1	0	2	0	2	0	1	0	0	18	24	1	4	0	10	177	35	5	5	42	171	4	3	7	0	0	0	30	835	860	1149	366	51	46	18	70	33	31	13	1	2	2
0	0	0	0	0	0	0	0	0	0	0	0	0	0	0	0	0	0	0	0	0	0	0	0	0	0	0	0	0	0	0	0	0	0	0	0	0	0	0	0	0	0	0	0	0	0	0	0	0	0	0	0	0	0	0	0	0	0	0	0	0	0	0	0	0	0	0	0	0	0	0	0	0	0	0	0	0	0	0	0	0	0	0	0
25	0	1	0	3489	0	247	181	48	82	486	0	732	0	8	11	1	1	0	0	2201	1	0	1	835	0	0	0	1145	20	15	0	0	6	16	1	0	0	0	496	0	1	2	0	13	22	0	6	0	0	0	0	0	0	0	18	0	0	0	8	0	0	0	1	0	1	0	0	0	0	6	1	8	1	29	3	0	1	0	2	1	0	0	0
1	1	2	0	0	1079	187	0	184	1	1	8	3	4	63	171	0	1	0	0	1	1	0	3	0	1	1	0	1	198	2	0	549	1	251	0	0	0	0	0	0	0	0	0	0	0	0	0	0	0	0	0	0	0	0	0	0	0	0	0	0	0	0	0	0	0	0	0	0	1	10	3	35	13	264	366	0	0	0	0	0	0	0	0
460	3	13	0	247	187	10255	412	3880	102	2935	19	3228	6	1169	1210	15	7	0	1	1153	27	15	30	251	2	8	2	453	1080	166	0	257	97	705	0	1	0	0	22	0	0	6	0	32	0	0	57	0	0	0	0	0	0	0	4	0	1	1	25	0	0	0	5	0	2	0	0	0	1	213	42	364	120	389	205	8	4	0	1	1	2	0	0
889	5	51	0	181	0	412	6161	298	293	452	4	229	4	149	75	109	16	0	1	309	276	107	229	851	0	5	17	2767	489	1564	0	3	112	348	9	1	0	0	13	0	0	27	0	96	10	0	0	0	3	0	6	1	0	0	0	2	10	7	77	0	0	2	24	0	5	0	0	3	2	232	57	156	65	84	13	1	3	1	1	0	0	0	0
720	2	22	0	48	184	3880	298	8717	45	651	47	584	18	3171	595	18	5	0	5	201	34	18	40	123	5	10	9	188	1694	179	0	418	90	883	1	1	0	0	4	0	0	3	0	13	1	0	6	0	0	0	0	0	0	0	1	0	0	0	17	0	0	0	4	0	0	0	0	0	0	174	35	395	123	241	242	6	2	1	1	1	1	0	0
55	3	23	0	82	1	102	293	45	3448	54	0	353	0	26	150	151	1	0	0	143	79	519	89	1507	0	3	12	642	151	216	0	0	54	117	24	1	1	0	7	0	7	78	4	503	19	0	16	0	6	2	13	1	0	0	5	26	52	26	314	0	0	2	119	2	49	0	0	6	17	94	18	54	19	311	2	0	24	7	4	1	1	0	0
106	0	1	0	486	1	2935	452	651	54	5676	0	2343	0	180	59	2	1	0	0	1636	6	3	5	180	1	0	0	577	79	49	0	1	20	45	1	0	0	0	56	0	0	2	0	16	5	0	43	0	0	0	0	0	0	0	3	0	1	0	13	0	0	0	0	0	0	0	0	0	0	21	3	28	11	26	5	0	0	0	0	0	0	0	0
0	75	64	0	0	8	19	4	47	0	0	6214	0	1963	23	7	1	132	519	873	0	6	2	24	1	922	1676	285	1	94	4	66	21	3	1306	0	58	1	0	0	0	0	0	0	0	0	98	0	55	0	0	0	1	14	15	0	0	1	0	0	108	94	71	1	1	0	0	0	0	35	91	681	986	129	14	38	172	8	79	23	2	0	0	8
135	0	3	0	732	3	3228	229	584	353	2343	0	8043	0	149	427	6	2	0	0	2768	10	7	12	478	0	0	0	402	118	55	0	3	28	75	1	0	0	0	184	0	1	9	0	49	30	0	428	0	1	0	0	0	0	0	25	1	0	1	35	0	0	0	8	0	4	0	0	0	1	33	4	41	10	205	5	0	0	0	0	0	1	0	0
2	49	31	0	0	4	6	4	18	0	0	1963	0	4708	12	5	4	49	57	120	0	12	2	20	1	1422	1341	601	2	32	10	248	7	6	294	0	37	3	0	0	0	1	0	2	0	0	113	0	64	0	0	0	4	16	30	0	0	2	2	0	106	81	54	1	0	0	0	0	0	33	126	331	402	185	6	50	301	14	75	12	2	0	1	8
663	0	12	0	8	63	1169	149	3171	26	180	23	149	12	6458	337	12	4	0	2	48	20	10	25	58	2	6	3	69	2044	93	0	236	117	609	0	0	0	0	0	0	0	4	0	8	0	0	1	0	0	0	0	0	0	0	0	1	1	0	8	0	1	0	4	0	1	0	0	0	0	152	21	267	72	176	132	4	3	0	1	1	0	0	0
110	1	5	0	11	171	1210	75	595	150	59	7	427	5	337	2226	6	3	0	1	51	16	4	15	69	0	1	1	68	388	61	0	22	49	282	0	0	0	0	0	0	0	4	0	14	1	0	1	0	0	0	0	0	0	0	0	0	0	0	11	0	0	0	3	0	0	0	0	0	0	159	18	167	57	751	66	5	3	1	0	0	0	0	0
18	8	161	0	1	0	15	109	18	151	2	1	6	4	12	6	4053	43	0	1	3	838	1015	1587	1169	0	9	301	755	81	265	0	0	38	329	2	2	10	0	0	0	0	6	0	60	0	0	0	0	0	0	390	1	0	0	0	43	85	123	72	0	1	42	47	0	18	0	0	1	14	253	126	169	76	32	13	3	23	6	9	4	2	0	0
4	243	2215	0	1	1	7	16	5	1	1	132	2	49	4	3	43	5633	13	622	2	506	40	2042	10	63	2355	616	26	41	266	4	1	14	1260	0	106	11	0	0	0	0	2	0	2	1	7	0	6	0	0	1	2	3	12	0	1	12	4	2	13	42	52	2	0	0	0	0	0	12	399	518	778	239	21	27	12	32	14	13	7	1	1	0
0	8	8	0	0	0	0	0	0	0	0	519	0	57	0	0	0	13	999	399	0	0	1	2	0	50	407	33	0	2	1	0	0	0	63	0	11	0	0	0	0	0	0	0	0	0	6	0	3	0	0	0	0	3	1	0	0	0	0	0	9	9	6	0	0	0	0	0	0	1	10	41	38	8	3	0	3	0	4	0	0	0	0	0
0	92	108	0	0	0	1	1	5	0	0	873	0	120	2	1	1	622	399	2809	0	6	1	38	0	131	1412	229	0	10	4	5	1	1	478	0	44	3	0	0	0	0	0	0	0	0	20	0	8	0	0	0	5	7	9	0	0	0	2	0	19	42	26	0	1	1	0	0	0	10	47	228	273	48	7	7	16	5	12	8	1	0	0	1
78	0	2	0	2201	1	1153	309	201	143	1636	0	2768	0	48	51	3	2	0	0	5295	9	3	7	680	0	1	1	903	61	43	0	1	10	31	0	0	0	0	308	0	1	6	0	38	11	0	222	0	0	0	0	0	0	0	30	0	1	0	32	0	0	0	4	0	2	0	0	0	0	12	4	22	6	48	4	0	0	0	0	0	1	0	0
95	36	672	0	1	1	27	276	34	79	6	6	10	12	20	16	838	506	0	6	9	9107	351	4765	345	3	106	202	1582	235	3036	0	2	111	1653	2	18	2	0	1	0	0	2	1	19	0	0	1	0	1	0	6	0	0	1	1	5	40	11	17	1	1	19	11	0	4	0	0	0	6	606	253	604	209	70	50	10	26	3	5	3	1	0	0
31	151	442	0	0	0	15	107	18	519	3	2	7	2	10	4	1015	40	1	1	3	351	3821	778	574	0	29	504	430	98	267	0	0	40	343	1	49	22	0	0	0	0	9	0	116	0	0	0	0	1	0	88	16	0	0	0	40	482	97	80	0	4	128	38	0	25	0	0	1	28	256	155	177	81	42	15	2	42	26	20	12	2	0	0
85	158	3676	0	1	3	30	229	40	89	5	24	12	20	25	15	1587	2042	2	38	7	4765	778	13138	388	9	800	1324	766	232	1467	0	2	85	2159	2	72	8	0	1	0	0	4	1	26	1	2	1	1	2	1	28	4	1	3	2	8	148	26	26	2	10	72	13	2	6	0	0	0	18	1222	668	1243	431	108	71	18	73	18	19	11	4	1	1
137	2	45	0	835	0	251	851	123	1507	180	1	478	1	58	69	1169	10	0	0	680	345	574	388	6991	0	3	25	2986	250	386	0	1	79	257	15	1	0	0	15	0	4	53	3	254	11	0	6	0	2	0	5	0	0	0	2	17	23	9	233	0	1	2	97	1	24	0	0	4	9	167	49	116	36	135	10	1	15	5	4	2	0	0	0
0	333	34	0	0	1	2	0	5	0	1	922	0	1422	2	0	0	63	50	131	0	3	0	9	0	3368	703	403	0	6	2	21	2	0	163	0	142	6	0	0	0	1	0	1	0	0	231	0	120	1	0	0	9	28	52	0	0	1	1	0	249	200	134	0	0	0	0	0	0	86	19	234	187	24	0	4	159	3	162	41	4	0	1	14
3	888	2455	0	0	1	8	5	10	3	0	1676	0	1341	6	1	9	2355	407	1412	1	106	29	800	3	703	12509	3817	9	43	56	319	3	5	1145	0	416	18	0	0	0	0	0	0	0	0	122	0	65	0	0	0	33	21	71	0	1	14	10	1	129	261	250	1	3	0	0	0	0	60	324	890	954	219	18	22	31	40	92	45	13	1	2	2
7	1108	2978	0	0	0	2	17	9	12	0	285	0	601	3	1	301	616	33	229	1	202	504	1324	25	403	3817	11382	41	25	89	136	2	8	559	0	361	49	0	0	0	2	0	1	3	0	31	0	28	1	0	134	48	10	39	0	16	145	91	3	47	156	548	5	1	10	0	0	0	53	284	491	438	121	14	14	6	39	70	38	8	1	1	3
264	6	110	0	1145	1	453	2767	188	642	577	1	402	2	69	68	755	26	0	0	903	1582	430	766	2986	0	9	41	10024	421	1182	0	2	135	479	14	2	1	0	59	0	3	37	5	195	17	0	7	0	8	0	8	0	0	0	0	13	31	10	130	0	0	7	51	0	14	0	0	1	4	343	110	233	85	107	15	2	13	5	3	1	0	0	0
745	5	71	0	20	198	1080	489	1694	151	79	94	118	32	2044	388	81	41	2	10	61	235	98	232	250	6	43	25	421	8785	1636	0	722	1119	2367	3	3	0	0	1	0	0	6	0	41	1	0	0	0	0	0	5	0	0	0	0	4	11	2	31	0	2	4	14	0	5	0	0	0	3	738	117	1033	309	404	369	18	14	2	2	2	0	0	0
617	12	349	0	15	2	166	1564	179	216	49	4	55	10	93	61	265	266	1	4	43	3036	267	1467	386	2	56	89	1182	1636	8420	0	4	313	1958	5	8	0	0	1	0	0	11	0	62	1	0	1	0	0	0	5	2	0	0	1	5	33	11	43	0	3	8	20	1	6	0	0	0	9	740	226	644	224	117	44	10	24	3	7	2	0	0	0
0	3	1	0	0	0	0	0	0	0	0	66	0	248	0	0	0	4	0	5	0	0	0	0	0	21	319	136	0	0	0	380	0	0	5	0	2	0	0	0	0	0	0	0	0	0	6	0	6	0	0	0	0	0	0	0	0	0	0	0	5	5	3	0	0	0	0	0	0	1	2	5	3	0	0	1	2	1	3	0	0	0	0	0
5	1	1	0	0	549	257	3	418	0	1	21	3	7	236	22	0	1	0	1	1	2	0	2	1	2	3	2	2	722	4	0	1481	2	476	0	0	0	0	0	0	0	0	0	0	0	0	0	0	0	0	0	0	0	0	0	0	0	0	0	0	0	0	0	0	0	0	0	0	1	15	10	88	29	40	353	1	1	0	0	0	0	0	0
89	0	16	0	6	1	97	112	90	54	20	3	28	6	117	49	38	14	0	1	10	111	40	85	79	0	5	8	135	1119	313	0	2	1444	648	1	0	0	0	1	0	0	5	0	24	0	0	0	0	0	0	2	0	0	0	0	0	4	1	13	0	1	1	4	0	2	0	0	0	0	349	46	323	97	75	25	6	6	0	2	2	0	0	0
225	195	1353	0	16	251	705	348	883	117	45	1306	75	294	609	282	329	1260	63	478	31	1653	343	2159	257	163	1145	559	479	2367	1958	5	476	648	12017	2	105	7	0	1	0	0	7	0	43	1	25	0	13	0	0	7	4	5	11	0	3	43	13	32	33	50	67	12	0	4	0	0	1	40	2591	1273	5452	1627	604	662	96	123	27	41	22	5	3	3
2	0	0	0	1	0	0	9	1	24	1	0	1	0	0	0	2	0	0	0	0	2	1	2	15	0	0	0	14	3	5	0	0	1	2	5303	0	17	0	15	1	585	1996	997	125	464	2	149	0	2096	130	28	13	0	2	56	121	23	130	402	0	2	8	404	1431	528	0	1	355	822	4	1	2	2	1	1	0	291	57	305	94	86	15	2
0	891	261	0	0	0	1	1	1	1	0	58	0	37	0	0	2	106	11	44	0	18	49	72	1	142	416	361	2	3	8	2	0	0	105	0	5150	400	0	0	0	3	3	3	7	0	124	0	80	5	0	52	422	49	317	0	30	675	175	11	405	1439	2844	8	8	16	1	0	0	374	36	132	80	13	2	2	2	139	513	296	133	2	4	3
0	70	37	0	0	0	0	0	0	1	0	1	0	3	0	0	10	11	0	3	0	2	22	8	0	6	18	49	1	0	0	0	0	0	7	17	400	5116	0	0	0	9	38	8	13	4	16	1	2	8	0	205	1886	5	97	0	272	302	2071	39	5	742	1813	77	9	244	0	0	1	467	9	16	7	2	3	1	1	299	449	390	219	11	15	5
0	0	0	0	0	0	0	0	0	0	0	0	0	0	0	0	0	0	0	0	0	0	0	0	0	0	0	0	0	0	0	0	0	0	0	0	0	0	0	0	0	0	0	0	0	0	0	0	0	0	0	0	0	0	0	0	0	0	0	0	0	0	0	0	0	0	0	0	0	0	0	0	0	0	0	0	0	0	0	0	0	0	0	0
2	0	0	0	496	0	22	13	4	7	56	0	184	0	0	0	0	0	0	0	308	1	0	1	15	0	0	0	59	1	1	0	0	1	1	15	0	0	0	2337	0	18	207	7	26	537	0	67	0	10	0	0	0	0	0	808	2	0	1	746	0	0	0	716	2	8	0	0	1	3	0	0	0	0	1	0	0	1	2	0	1	0	0	0
0	0	0	0	0	0	0	0	0	0	0	0	0	0	0	0	0	0	0	0	0	0	0	0	0	0	0	0	0	0	0	0	0	0	0	1	0	0	0	0	344	170	0	34	0	0	0	0	0	11	110	0	0	0	0	0	0	0	0	0	0	1	0	0	5	0	0	23	0	15	0	0	0	0	0	0	0	1	1	10	2	84	32	0
0	0	0	0	1	0	0	0	0	7	0	0	1	1	0	0	0	0	0	0	1	0	0	0	4	1	0	2	3	0	0	0	0	0	0	585	3	9	0	18	170	7663	608	3509	27	1508	23	1136	2	1370	448	5	8	1	5	245	22	1	28	115	2	9	7	124	759	41	0	156	22	634	2	1	0	0	0	0	0	107	42	436	123	210	257	6
4	0	1	0	2	0	6	27	3	78	2	0	9	0	4	4	6	2	0	0	6	2	9	4	53	0	0	0	37	6	11	0	0	5	7	1996	3	38	0	207	0	608	10236	585	403	2662	2	299	0	1351	43	62	28	0	0	310	306	41	256	1836	0	2	30	2993	339	1831	0	1	95	333	6	1	4	0	5	1	0	178	50	145	53	30	5	2
0	0	0	0	0	0	0	0	0	4	0	0	0	2	0	0	0	0	0	0	0	1	0	1	3	1	0	1	5	0	0	0	0	0	0	997	3	8	0	7	34	3509	585	7020	26	797	12	238	2	2819	206	2	3	1	4	56	13	2	25	83	2	5	6	76	913	48	0	156	27	494	2	1	0	0	0	0	0	97	30	332	99	97	128	2
23	1	2	0	13	0	32	96	13	503	16	0	49	0	8	14	60	2	0	0	38	19	116	26	254	0	0	3	195	41	62	0	0	24	43	125	7	13	0	26	0	27	403	26	3321	114	1	222	0	46	94	76	5	0	1	30	156	389	128	2167	0	2	27	622	26	202	0	0	17	85	28	9	23	4	31	2	0	87	31	43	17	98	2	0
1	0	0	0	22	0	0	10	1	19	5	0	30	0	0	1	0	1	0	0	11	0	0	1	11	0	0	0	17	1	1	0	0	0	1	464	0	4	0	537	0	1508	2662	797	114	7657	1	956	0	442	30	5	3	0	0	1164	18	4	20	690	0	0	4	876	84	68	0	0	23	79	0	0	1	0	1	0	0	34	8	28	9	14	3	0
0	31	2	0	0	0	0	0	0	0	0	98	0	113	0	0	0	7	6	20	0	0	0	2	0	231	122	31	0	0	0	6	0	0	25	2	124	16	0	0	0	23	2	12	1	1	7332	0	1879	17	2	1	39	920	733	0	1	1	9	0	591	1319	432	0	31	3	27	0	0	1466	5	35	21	5	0	0	14	57	833	939	107	6	12	221
1	0	0	0	6	0	57	0	6	16	43	0	428	0	1	1	0	0	0	0	222	1	0	1	6	0	0	0	7	0	1	0	0	0	0	149	0	1	0	67	0	1136	299	238	222	956	0	4470	0	128	96	2	1	0	0	1317	5	2	3	262	0	0	0	99	28	15	0	0	6	35	1	0	0	0	3	0	0	13	2	16	6	76	1	0
0	18	1	0	0	0	0	0	0	0	0	55	0	64	0	0	0	6	3	8	0	0	0	1	0	120	65	28	0	0	0	6	0	0	13	0	80	2	0	0	0	2	0	2	0	0	1879	0	3460	2	0	0	9	89	86	0	0	1	1	0	685	846	623	0	2	0	54	0	0	350	1	12	11	1	0	0	7	10	268	173	19	1	0	70
1	0	0	0	0	0	0	3	0	6	0	0	1	0	0	0	0	0	0	0	0	1	1	2	2	1	0	1	8	0	0	0	0	0	0	2096	5	8	0	10	11	1370	1351	2819	46	442	17	128	2	7449	184	10	4	0	11	47	31	7	42	187	2	9	8	175	2452	120	0	86	75	832	1	1	0	0	0	0	0	166	40	489	113	145	84	4
0	0	0	0	0	0	0	0	0	2	0	0	0	0	0	0	0	0	0	0	0	0	0	1	0	0	0	0	0	0	0	0	0	0	0	130	0	0	0	0	110	448	43	206	94	30	2	96	0	184	1109	1	2	0	1	4	2	1	4	19	0	1	0	11	88	11	0	1	9	68	1	0	1	0	0	0	0	29	3	37	10	260	6	2
1	9	18	0	0	0	0	6	0	13	0	0	0	0	0	0	390	1	0	0	0	6	88	28	5	0	0	134	8	5	5	0	0	2	7	28	52	205	0	0	0	5	62	2	76	5	1	2	0	10	1	4840	98	0	4	2	798	1145	2141	630	0	19	1317	670	14	296	0	0	10	244	9	4	7	4	3	0	1	249	239	211	99	11	6	0
0	72	24	0	0	0	0	1	0	1	0	1	0	4	0	0	1	2	0	5	0	0	16	4	0	9	33	48	0	0	2	0	0	0	4	13	422	1886	0	0	0	8	28	3	5	3	39	1	9	4	2	98	5449	17	990	0	282	170	1937	31	22	1122	1018	59	8	184	0	0	1	1009	3	16	3	0	3	0	2	293	553	471	230	11	11	6
0	10	1	0	0	0	0	0	0	0	0	14	0	16	0	0	0	3	3	7	0	0	0	1	0	28	21	10	0	0	0	0	0	0	5	0	49	5	0	0	0	1	0	1	0	0	920	0	89	0	0	0	17	1772	922	0	1	0	3	0	93	606	133	0	0	1	0	0	0	74	1	7	5	0	0	0	1	6	91	77	9	0	1	6
0	74	4	0	0	0	0	0	0	0	0	15	0	30	0	0	0	12	1	9	0	1	0	3	0	52	71	39	0	0	0	0	0	0	11	2	317	97	0	0	0	5	0	4	1	0	733	0	86	11	1	4	990	922	4318	0	5	9	68	2	143	1896	579	2	11	4	1	0	0	599	2	15	14	2	1	1	2	61	382	326	90	4	8	5
1	0	0	0	18	0	4	0	1	5	3	0	25	0	0	0	0	0	0	0	30	1	0	2	2	0	0	0	0	0	1	0	0	0	0	56	0	0	0	808	0	245	310	56	30	1164	0	1317	0	47	4	2	0	0	0	3161	3	1	4	468	0	0	0	389	11	8	0	0	1	13	0	0	0	0	1	0	0	4	1	4	0	4	0	0
1	3	10	0	0	0	0	2	0	26	0	0	1	0	1	0	43	1	0	0	0	5	40	8	17	0	1	16	13	4	5	0	0	0	3	121	30	272	0	2	0	22	306	13	156	18	1	5	0	31	2	798	282	1	5	3	7165	272	4007	630	0	12	226	2258	42	2240	0	1	41	500	7	5	5	4	0	0	0	324	209	282	120	15	7	2
4	106	177	0	0	0	1	10	0	52	1	1	0	2	1	0	85	12	0	0	1	40	482	148	23	1	14	145	31	11	33	0	0	4	43	23	675	302	0	0	0	1	41	2	389	4	1	2	1	7	1	1145	170	0	9	1	272	3983	893	359	1	72	1557	226	12	183	0	0	8	215	33	32	31	13	5	2	2	237	279	212	117	7	7	0
0	33	35	0	0	0	1	7	0	26	0	0	1	2	0	0	123	4	0	2	0	11	97	26	9	1	10	91	10	2	11	0	0	1	13	130	175	2071	0	1	0	28	256	25	128	20	9	3	1	42	4	2141	1937	3	68	4	4007	893	13007	443	4	153	1909	1108	110	1881	0	0	65	1285	27	11	19	8	5	2	2	901	797	896	462	50	19	10
18	1	5	0	8	0	25	77	17	314	13	0	35	0	8	11	72	2	0	0	32	17	80	26	233	0	1	3	130	31	43	0	0	13	32	402	11	39	0	746	0	115	1836	83	2167	690	0	262	0	187	19	630	31	0	2	468	630	359	443	8848	0	5	49	3923	85	633	0	0	60	221	24	7	20	5	21	2	0	194	72	118	49	32	5	1
0	58	5	0	0	0	0	0	0	0	0	108	0	106	0	0	0	13	9	19	0	1	0	2	0	249	129	47	0	0	0	5	0	0	33	0	405	5	0	0	0	2	0	2	0	0	591	0	685	2	0	0	22	93	143	0	0	1	4	0	2274	734	1031	0	1	0	3	0	0	220	2	25	26	3	0	0	13	11	182	119	19	0	2	58
0	291	42	0	0	0	0	0	0	0	0	94	0	81	1	0	1	42	9	42	0	1	4	10	1	200	261	156	0	2	3	5	0	1	50	2	1439	742	0	0	1	9	2	5	2	0	1319	0	846	9	1	19	1122	606	1896	0	12	72	153	5	734	10915	4515	4	11	11	41	0	0	898	11	55	31	2	0	0	6	185	945	709	215	7	10	16
1	417	171	0	0	0	0	2	0	2	0	71	0	54	0	0	42	52	6	26	0	19	128	72	2	134	250	548	7	4	8	3	0	1	67	8	2844	1813	0	0	0	7	30	6	27	4	432	0	623	8	0	1317	1018	133	579	0	226	1557	1909	49	1031	4515	15141	85	16	154	22	0	4	939	25	68	53	11	1	1	2	490	1159	815	365	20	15	14
8	2	4	0	1	0	5	24	4	119	0	1	8	1	4	3	47	2	0	0	4	11	38	13	97	0	1	5	51	14	20	0	0	4	12	404	8	77	0	716	0	124	2993	76	622	876	0	99	0	175	11	670	59	0	2	389	2258	226	1108	3923	0	4	85	9616	91	1793	0	1	62	290	14	4	12	7	5	0	0	252	98	173	70	28	5	3
0	1	3	0	0	0	0	0	0	2	0	1	0	0	0	0	0	0	0	1	0	0	0	2	1	0	3	1	0	0	1	0	0	0	0	1431	8	9	0	2	5	759	339	913	26	84	31	28	2	2452	88	14	8	0	11	11	42	12	110	85	1	11	16	91	5858	150	0	88	646	1276	3	2	0	0	0	0	0	241	60	569	145	129	78	3
1	2	7	0	1	0	2	5	0	49	0	0	4	0	1	0	18	0	0	1	2	4	25	6	24	0	0	10	14	5	6	0	0	2	4	528	16	244	0	8	0	41	1831	48	202	68	3	15	0	120	11	296	184	1	4	8	2240	183	1881	633	0	11	154	1793	150	7360	0	1	106	595	14	6	7	4	3	1	0	411	192	313	133	30	5	2
0	0	0	0	0	0	0	0	0	0	0	0	0	0	0	0	0	0	0	0	0	0	0	0	0	0	0	0	0	0	0	0	0	0	0	0	1	0	0	0	0	0	0	0	0	0	27	0	54	0	0	0	0	0	1	0	0	0	0	0	3	41	22	0	0	0	68	0	0	0	0	0	0	0	0	0	0	0	1	0	0	0	0	0
0	0	0	0	0	0	0	0	0	0	0	0	0	0	0	0	0	0	0	0	0	0	0	0	0	0	0	0	0	0	0	0	0	0	0	1	0	0	0	0	23	156	1	156	0	0	0	0	0	86	1	0	0	0	0	0	1	0	0	0	0	0	0	1	88	1	0	285	0	28	0	0	0	0	0	0	0	0	1	14	2	6	19	0
1	0	0	0	0	0	0	3	0	6	0	0	0	0	0	0	1	0	0	0	0	0	1	0	4	0	0	0	1	0	0	0	0	0	1	355	0	1	0	1	0	22	95	27	17	23	0	6	0	75	9	10	1	0	0	1	41	8	65	60	0	0	4	62	646	106	0	0	1046	405	3	1	1	0	1	0	0	78	16	58	24	16	0	0
1	67	30	0	0	1	1	2	0	17	0	35	1	33	0	0	14	12	1	10	0	6	28	18	9	86	60	53	4	3	9	1	1	0	40	822	374	467	0	3	15	634	333	494	85	79	1466	35	350	832	68	244	1009	74	599	13	500	215	1285	221	220	898	939	290	1276	595	0	28	405	10630	52	35	48	18	3	3	20	1486	1516	4639	1497	206	226	421
117	72	835	0	6	10	213	232	174	94	21	91	33	126	152	159	253	399	10	47	12	606	256	1222	167	19	324	284	343	738	740	2	15	349	2591	4	36	9	0	0	0	2	6	2	28	0	5	1	1	1	1	9	3	1	2	0	7	33	27	24	2	11	25	14	3	14	0	0	3	52	8465	1819	2974	1397	972	292	157	684	49	80	72	14	5	4
22	169	860	0	1	3	42	57	35	18	3	681	4	331	21	18	126	518	41	228	4	253	155	668	49	234	890	491	110	117	226	5	10	46	1273	1	132	16	0	0	0	1	1	1	9	0	35	0	12	1	0	4	16	7	15	0	5	32	11	7	25	55	68	4	2	6	0	0	1	35	1819	5514	1812	783	83	79	320	139	46	32	18	1	1	3
89	153	1149	0	8	35	364	156	395	54	28	986	41	402	267	167	169	778	38	273	22	604	177	1243	116	187	954	438	233	1033	644	3	88	323	5452	2	80	7	0	0	0	0	4	0	23	1	21	0	11	0	1	7	3	5	14	0	5	31	19	20	26	31	53	12	0	7	0	0	1	48	2974	1812	8646	2830	616	541	325	187	43	49	33	10	3	8
30	49	366	0	1	13	120	65	123	19	11	129	10	185	72	57	76	239	8	48	6	209	81	431	36	24	219	121	85	309	224	0	29	97	1627	2	13	2	0	0	0	0	0	0	4	0	5	0	1	0	0	4	0	0	2	0	4	13	8	5	3	2	11	7	0	4	0	0	0	18	1397	783	2830	3128	292	377	187	113	18	17	17	5	1	4
49	2	51	0	29	264	389	84	241	311	26	14	205	6	176	751	32	21	3	7	48	70	42	108	135	0	18	14	107	404	117	0	40	75	604	1	2	3	0	1	0	0	5	0	31	1	0	3	0	0	0	3	3	0	1	1	0	5	5	21	0	0	1	5	0	3	0	0	1	3	972	83	616	292	2850	210	9	27	5	6	8	3	0	1
7	4	46	0	3	366	205	13	242	2	5	38	5	50	132	66	13	27	0	7	4	50	15	71	10	4	22	14	15	369	44	1	353	25	662	1	2	1	0	0	0	0	1	0	2	0	0	0	0	0	0	0	0	0	1	0	0	2	2	2	0	0	1	0	0	1	0	0	0	3	292	79	541	377	210	1433	15	12	0	4	6	2	0	0
0	4	18	0	0	0	8	1	6	0	0	172	0	301	4	5	3	12	3	16	0	10	2	18	1	159	31	6	2	18	10	2	1	6	96	0	2	1	0	0	0	0	0	0	0	0	14	0	7	0	0	1	2	1	2	0	0	2	2	0	13	6	2	0	0	0	0	0	0	20	157	320	325	187	9	15	784	22	18	6	4	0	0	7
4	21	70	0	1	0	4	3	2	24	0	8	0	14	3	3	23	32	0	5	0	26	42	73	15	3	40	39	13	14	24	1	1	6	123	291	139	299	0	1	1	107	178	97	87	34	57	13	10	166	29	249	293	6	61	4	324	237	901	194	11	185	490	252	241	411	0	0	78	1486	684	139	187	113	27	12	22	7314	2095	2015	1642	471	89	88
0	102	33	0	0	0	0	1	1	7	0	79	0	75	0	1	6	14	4	12	0	3	26	18	5	162	92	70	5	2	3	3	0	0	27	57	513	449	0	2	1	42	50	30	31	8	833	2	268	40	3	239	553	91	382	1	209	279	797	72	182	945	1159	98	60	192	1	1	16	1516	49	46	43	18	5	0	18	2095	6791	2107	1331	74	62	169
2	50	31	0	2	0	1	1	1	4	0	23	0	12	1	0	9	13	0	8	0	5	20	19	4	41	45	38	3	2	7	0	0	2	41	305	296	390	0	0	10	436	145	332	43	28	939	16	173	489	37	211	471	77	326	4	282	212	896	118	119	709	815	173	569	313	0	14	58	4639	80	32	49	17	6	4	6	2015	2107	8239	3119	311	321	317
1	11	13	0	1	0	1	0	1	1	0	2	0	2	1	0	4	7	0	1	0	3	12	11	2	4	13	8	1	2	2	0	0	2	22	94	133	219	0	1	2	123	53	99	17	9	107	6	19	113	10	99	230	9	90	0	120	117	462	49	19	215	365	70	145	133	0	2	24	1497	72	18	33	17	8	6	4	1642	1331	3119	3871	179	229	148
0	1	1	0	0	0	2	0	1	1	0	0	1	0	0	0	2	1	0	0	1	1	2	4	0	0	1	1	0	0	0	0	0	0	5	86	2	11	0	0	84	210	30	97	98	14	6	76	1	145	260	11	11	0	4	4	15	7	50	32	0	7	20	28	129	30	0	6	16	206	14	1	10	5	3	2	0	471	74	311	179	1382	57	2
0	0	2	0	0	0	0	0	0	0	0	0	0	1	0	0	0	1	0	0	0	0	0	1	0	1	2	1	0	0	0	0	0	0	3	15	4	15	0	0	32	257	5	128	2	3	12	1	0	84	6	6	11	1	8	0	7	7	19	5	2	10	15	5	78	5	0	19	0	226	5	1	3	1	0	0	0	89	62	321	229	57	663	10
0	1	2	0	0	0	0	0	0	0	0	8	0	8	0	0	0	0	0	1	0	0	0	1	0	14	2	3	0	0	0	0	0	0	3	2	3	5	0	0	0	6	2	2	0	0	221	0	70	4	2	0	6	6	5	0	2	0	10	1	58	16	14	3	3	2	0	0	0	421	4	3	8	4	1	0	7	88	169	317	148	2	10	697
