0.0247040530587	2.84649898416e-05	0.000423416723893	0	0.000469672332386	8.18368457945e-05	0.000846833447786	0.00992360708351	0.0071767355638	0.00152287695652	0.0042306091152	0.000284649898416	0.000836159076596	0.000128092454287	0.0159226036926	5.69299796831e-05	8.89530932549e-05	0.000971367778343	2.13487423812e-05	0.000281091774685	0.00129159891406	0.00146238885311	0.00018502243397	0.00172924813287	0.00296747519098	0	0.00055150917818	0.00037004486794	0.00531227872918	0.00955356221557	0.00641885520927	0	1.06743711906e-05	0.000256184908574	0.00291766145876	7.47205983341e-05	6.40462271435e-05	1.7790618651e-05	0	6.40462271435e-05	0	7.11624746039e-05	0.000167231815319	9.60693407153e-05	0.00074008973588	7.11624746039e-05	7.11624746039e-06	3.20231135718e-05	3.55812373019e-06	0.000152999320398	7.11624746039e-06	0.000113859959366	1.06743711906e-05	0	3.55812373019e-06	4.98137322227e-05	5.33718559529e-05	6.04881034133e-05	6.40462271435e-05	0.000622671652784	7.11624746039e-06	3.20231135718e-05	6.04881034133e-05	0.000426974847623	0.000192138681431	0.00018146431024	0	0	4.98137322227e-05	0.000220603671272	0.0015442256989	0.000277533650955	0.00212775799066	0.000530160435799	0.000238394289923	3.55812373019e-05	7.11624746039e-06	0.000124534330557	2.49068661114e-05	0.000124534330557	3.20231135718e-05	2.13487423812e-05	1.42324949208e-05	7.11624746039e-06
2.84649898416e-05	0.0109768117077	0.00204947926859	0	1.06743711906e-05	0	3.55812373019e-06	6.40462271435e-05	1.06743711906e-05	0.00132362202763	7.11624746039e-06	0.000110301835636	0	0.000323789259448	2.49068661114e-05	3.55812373019e-06	0.000305998640797	0.000590648539212	4.26974847623e-05	0.000160115567859	0	0.000128092454287	0.00344426377083	0.000604881034133	0.00122399456319	0.00072585724096	0.00139834262597	0.0047963507883	0.000252626784844	5.69299796831e-05	8.89530932549e-05	7.11624746039e-06	0	3.55812373019e-06	0.000217045547542	1.42324949208e-05	0.0051023494291	0.000327347383178	0	3.55812373019e-06	0	7.11624746039e-06	0	1.06743711906e-05	8.18368457945e-05	3.55812373019e-06	0.000160115567859	0	0.000284649898416	2.13487423812e-05	0	6.76043508737e-05	0.000170789939049	0.000113859959366	0.00017790618651	0	3.20231135718e-05	0.000259743032304	0.000131650578017	7.47205983341e-05	0.0010959021089	0.000864624066437	0.00417367913552	4.26974847623e-05	2.49068661114e-05	2.49068661114e-05	6.04881034133e-05	0	0	5.33718559529e-05	0.000309556764527	0.000291766145876	0.000217045547542	4.26974847623e-05	1.06743711906e-05	0	4.98137322227e-05	0.000113859959366	0.000152999320398	4.62556084925e-05	2.13487423812e-05	3.55812373019e-06	0	0
0.000423416723893	0.00204947926859	0.0395165221475	0	1.42324949208e-05	7.11624746039e-06	8.53949695247e-05	0.00101406526311	0.000263301156034	0.000291766145876	0.000202813052621	0.000202813052621	2.13487423812e-05	8.18368457945e-05	0.000412742352703	0	0.000412742352703	0.0133785452255	7.11624746039e-05	0.000761438478262	2.13487423812e-05	0.00189292182446	0.000992716520724	0.0115034140197	0.000526602312069	3.20231135718e-05	0.0101086295175	0.0150757702448	0.00104253025295	0.000145883072938	0.00156913256502	3.55812373019e-06	3.55812373019e-06	3.55812373019e-05	0.00232701291955	7.11624746039e-05	0.00851814821009	0.00121687831573	0	0	0	7.11624746039e-06	4.26974847623e-05	2.49068661114e-05	5.33718559529e-05	7.11624746039e-06	3.20231135718e-05	7.11624746039e-06	3.55812373019e-05	7.11624746039e-05	3.55812373019e-06	0.000167231815319	0.000871740313898	4.98137322227e-05	0.000807694086754	3.55812373019e-06	0.000131650578017	0.000466114208655	0.000697392251118	5.33718559529e-05	0.000355812373019	0.00249068661114	0.00707710809936	5.33718559529e-05	4.26974847623e-05	0.000149441196668	1.42324949208e-05	0	3.55812373019e-06	0.000224161795002	0.00348696125559	0.00287140585027	0.00229498980598	0.000441207342544	6.40462271435e-05	0	1.42324949208e-05	0.000469672332386	0.000501695445957	0.000209929300081	0.000149441196668	2.84649898416e-05	7.11624746039e-06	7.11624746039e-06
0	0	0	0	0	0	0	0	0	0	0	0	0	0	0	0	0	0	0	0	0	0	0	0	0	0	0	0	0	0	0	0	0	0	0	0	0	0	0	0	0	0	0	0	0	0	0	0	0	0	0	0	0	0	0	0	0	0	0	0	0	0	0	0	0	0	0	0	0	0	0	0	0	0	0	0	0	0	0	0	0	0	0	0
0.000469672332386	1.06743711906e-05	1.42324949208e-05	0	0.0135991488968	2.84649898416e-05	0.000515927940878	0.000658252890086	0.000715182869769	0.00074008973588	0.00375382053536	3.91393610321e-05	0.00262945343661	4.98137322227e-05	0.000750764107071	3.20231135718e-05	1.42324949208e-05	1.7790618651e-05	0	1.42324949208e-05	0.0082370564354	2.49068661114e-05	3.20231135718e-05	4.62556084925e-05	0.00302084704694	0	1.7790618651e-05	1.42324949208e-05	0.00341224065726	0.000537276683259	5.69299796831e-05	0	3.55812373019e-06	7.11624746039e-06	0.000202813052621	3.55812373019e-06	1.06743711906e-05	0	0	0.000206371176351	0	2.84649898416e-05	6.40462271435e-05	2.49068661114e-05	0.000281091774685	7.47205983341e-05	0	3.20231135718e-05	0	1.42324949208e-05	3.55812373019e-06	3.55812373019e-06	0	0	0	6.40462271435e-05	0	3.55812373019e-06	0	0.000380719239131	3.55812373019e-06	3.55812373019e-06	7.11624746039e-06	0.000156557444129	2.13487423812e-05	7.11624746039e-06	0	0	3.55812373019e-06	2.49068661114e-05	0.000202813052621	2.49068661114e-05	0.000252626784844	6.04881034133e-05	8.89530932549e-05	1.06743711906e-05	3.55812373019e-06	2.49068661114e-05	3.55812373019e-06	1.42324949208e-05	0	1.7790618651e-05	0	0
8.18368457945e-05	0	7.11624746039e-06	0	2.84649898416e-05	0.00463623522044	0.00283582461297	0.000199254928891	0.0024515472501	3.20231135718e-05	0.000604881034133	1.42324949208e-05	0.000305998640797	5.69299796831e-05	0.000494579198497	0.000533718559529	3.55812373019e-06	0	0	3.55812373019e-06	0.000131650578017	2.49068661114e-05	0	3.55812373019e-05	7.11624746039e-05	3.55812373019e-06	7.11624746039e-06	1.42324949208e-05	0.000131650578017	0.000209929300081	3.20231135718e-05	0	0.000565741673101	7.11624746039e-06	0.000256184908574	0	0	0	0	0	0	0	7.11624746039e-06	3.55812373019e-06	1.7790618651e-05	0	3.55812373019e-06	0	0	0	0	0	0	3.55812373019e-06	0	0	0	0	0	1.42324949208e-05	0	0	0	3.55812373019e-06	0	0	0	0	0	0	0.000209929300081	3.20231135718e-05	0.000238394289923	0.000106743711906	0.000789903468103	0.00054439293072	3.55812373019e-06	0	0	7.11624746039e-06	0	0	0	0
0.000846833447786	3.55812373019e-06	8.53949695247e-05	0	0.000515927940878	0.00283582461297	0.0321298572837	0.0049493501087	0.0133678708543	0.000434091095084	0.0167801115116	0.000316673011987	0.00786345344373	0.000430532971354	0.00284294086043	0.000836159076596	2.13487423812e-05	8.89530932549e-05	1.7790618651e-05	8.53949695247e-05	0.00225229232121	0.000241952413653	1.7790618651e-05	0.000348696125559	0.00108878586144	1.06743711906e-05	0.000149441196668	0.000103185588176	0.00289987084011	0.00150508633787	0.000530160435799	0	0.000217045547542	3.55812373019e-05	0.00108878586144	7.11624746039e-06	2.49068661114e-05	0	0	4.26974847623e-05	0	1.42324949208e-05	6.76043508737e-05	1.7790618651e-05	0.000199254928891	2.13487423812e-05	1.42324949208e-05	1.06743711906e-05	7.11624746039e-06	3.55812373019e-05	3.55812373019e-06	3.55812373019e-06	0	1.06743711906e-05	3.55812373019e-06	2.49068661114e-05	3.55812373019e-06	7.11624746039e-06	3.55812373019e-06	0.000217045547542	3.55812373019e-06	2.13487423812e-05	2.13487423812e-05	0.000120976206827	3.55812373019e-05	1.7790618651e-05	3.55812373019e-06	0	7.11624746039e-06	6.76043508737e-05	0.00112436709874	0.000202813052621	0.00167943440065	0.00055506730191	0.0020032236601	0.000249068661114	1.06743711906e-05	4.26974847623e-05	7.11624746039e-06	3.91393610321e-05	1.7790618651e-05	1.06743711906e-05	0	3.55812373019e-06
0.00992360708351	6.40462271435e-05	0.00101406526311	0	0.000658252890086	0.000199254928891	0.0049493501087	0.0582037879785	0.00928670293581	0.00318452073852	0.0169366689557	0.000309556764527	0.00100694901565	0.0001885805577	0.0102046988582	0.000117418083096	0.000131650578017	0.00236259415685	2.49068661114e-05	0.000448323590005	0.00111369272755	0.00543681305974	0.000256184908574	0.00556846363775	0.00583176479379	7.11624746039e-06	0.0010247396343	0.000793461591833	0.0226225506766	0.00436581781695	0.0171323657609	0	7.11624746039e-06	0.000405626105242	0.0040776097948	0.000199254928891	0.000192138681431	7.47205983341e-05	0	0.000241952413653	3.55812373019e-06	0.000149441196668	0.000394951734052	0.000295324269606	0.00165808565827	0.000192138681431	1.06743711906e-05	8.18368457945e-05	1.06743711906e-05	0.000419858600163	2.13487423812e-05	0.000131650578017	2.84649898416e-05	7.11624746039e-06	1.42324949208e-05	0.000152999320398	5.69299796831e-05	0.000124534330557	0.000120976206827	0.00144104011073	3.91393610321e-05	9.25112169851e-05	0.000213487423812	0.000782787220643	0.000448323590005	0.000430532971354	0	7.11624746039e-06	7.11624746039e-05	0.000444765466274	0.00234836166193	0.000498137322227	0.00304219578932	0.000743647859611	0.000355812373019	8.18368457945e-05	1.7790618651e-05	0.00037360299167	7.82787220643e-05	0.000284649898416	0.000113859959366	7.82787220643e-05	2.84649898416e-05	2.13487423812e-05
0.0071767355638	1.06743711906e-05	0.000263301156034	0	0.000715182869769	0.0024515472501	0.0133678708543	0.00928670293581	0.0418257444484	0.00101406526311	0.0151291421008	0.000718740993499	0.00302440517067	0.000793461591833	0.0154137919992	0.000195696805161	8.18368457945e-05	0.00037360299167	6.40462271435e-05	0.000202813052621	0.00256184908574	0.000786345344373	0.000110301835636	0.00107811149025	0.00237682665177	4.62556084925e-05	0.000355812373019	0.000263301156034	0.00543681305974	0.00474653705608	0.00217401359915	3.55812373019e-06	0.000398509857782	0.000113859959366	0.00262589531288	6.04881034133e-05	5.33718559529e-05	1.06743711906e-05	0	9.60693407153e-05	0	4.26974847623e-05	0.000145883072938	6.40462271435e-05	0.000491021074767	9.25112169851e-05	1.7790618651e-05	3.91393610321e-05	1.7790618651e-05	0.000128092454287	7.11624746039e-06	4.98137322227e-05	7.11624746039e-06	1.42324949208e-05	0	6.40462271435e-05	2.13487423812e-05	4.26974847623e-05	4.26974847623e-05	0.00054439293072	1.06743711906e-05	2.49068661114e-05	5.69299796831e-05	0.000305998640797	0.000149441196668	0.000124534330557	3.55812373019e-06	0	3.55812373019e-05	0.000156557444129	0.00166876002946	0.000416300476433	0.00300305642828	0.000885972808818	0.00146950510057	0.000398509857782	3.55812373019e-05	7.11624746039e-05	3.20231135718e-05	9.25112169851e-05	3.91393610321e-05	3.55812373019e-06	7.11624746039e-06	3.55812373019e-06
0.00152287695652	0.00132362202763	0.000291766145876	0	0.00074008973588	3.20231135718e-05	0.000434091095084	0.00318452073852	0.00101406526311	0.0309841414425	0.00107811149025	6.76043508737e-05	0.00152999320398	6.04881034133e-05	0.00163317879216	0.00108878586144	0.0010603208716	0.000202813052621	3.55812373019e-06	3.91393610321e-05	0.000761438478262	0.000967809654613	0.00677466758229	0.0013200639039	0.0171501563795	4.26974847623e-05	0.000224161795002	0.0011314833462	0.00856796194231	0.00209573487708	0.00232701291955	0	3.55812373019e-06	0.000426974847623	0.00110301835636	0.000622671652784	0.000170789939049	0.000113859959366	0	0.000942902788502	1.42324949208e-05	0.000380719239131	0.00129159891406	0.000654694766356	0.00889175120176	0.000491021074767	3.55812373019e-05	0.000288208022146	1.06743711906e-05	0.00119197144962	5.69299796831e-05	0.00196408429907	4.98137322227e-05	7.11624746039e-06	2.49068661114e-05	0.000569299796831	0.000533718559529	0.00196052617534	0.000747205983341	0.00618046091935	1.7790618651e-05	6.04881034133e-05	0.000259743032304	0.00333396193519	0.0013556451412	0.00163317879216	3.55812373019e-06	1.7790618651e-05	0.000398509857782	0.00149797009041	0.00141257512089	0.000145883072938	0.000818368457945	0.0001885805577	0.000526602312069	2.49068661114e-05	0	0.000925112169851	0.000138766825478	0.000807694086754	0.000245510537383	0.000341579878099	8.89530932549e-05	1.42324949208e-05
0.0042306091152	7.11624746039e-06	0.000202813052621	0	0.00375382053536	0.000604881034133	0.0167801115116	0.0169366689557	0.0151291421008	0.00107811149025	0.0574636982426	0.000583532291752	0.00994139770216	0.000483904827306	0.0091443779866	9.60693407153e-05	4.26974847623e-05	0.000234836166193	3.91393610321e-05	0.000241952413653	0.0100943970226	0.00072229911723	5.69299796831e-05	0.000935786541041	0.0028287083655	2.49068661114e-05	0.000305998640797	0.000217045547542	0.00897358804755	0.00435158532203	0.00149441196668	3.55812373019e-06	2.84649898416e-05	0.000106743711906	0.00263656968407	3.55812373019e-05	4.26974847623e-05	1.7790618651e-05	0	0.000213487423812	0	7.82787220643e-05	0.000128092454287	8.89530932549e-05	0.000469672332386	0.000110301835636	1.06743711906e-05	5.33718559529e-05	1.42324949208e-05	9.60693407153e-05	7.11624746039e-06	3.55812373019e-06	7.11624746039e-06	7.11624746039e-06	0	0.000113859959366	1.7790618651e-05	2.49068661114e-05	2.49068661114e-05	0.000715182869769	1.06743711906e-05	2.49068661114e-05	5.33718559529e-05	0.00036292862048	0.000128092454287	8.53949695247e-05	3.55812373019e-06	0	1.42324949208e-05	0.000145883072938	0.00201745615502	0.000345138001829	0.0029105452113	0.000700950374848	0.000875298437628	0.000135208701747	2.49068661114e-05	0.000128092454287	3.55812373019e-05	8.53949695247e-05	2.84649898416e-05	5.33718559529e-05	7.11624746039e-06	1.42324949208e-05
0.000284649898416	0.000110301835636	0.000202813052621	0	3.91393610321e-05	1.42324949208e-05	0.000316673011987	0.000309556764527	0.000718740993499	6.76043508737e-05	0.000583532291752	0.0252164228759	0.000252626784844	0.00463979334417	0.000825484705405	1.06743711906e-05	3.91393610321e-05	0.00073297348842	0.00274687151971	0.00842919511683	0.0001885805577	0.000202813052621	5.69299796831e-05	0.000448323590005	0.000163673691589	0.0013200639039	0.00648645956014	0.00160471380232	0.000259743032304	0.00154066757517	0.00018502243397	8.18368457945e-05	2.84649898416e-05	2.49068661114e-05	0.00678534195348	0	0.000412742352703	7.11624746039e-06	0	1.42324949208e-05	0	7.11624746039e-06	3.55812373019e-06	1.42324949208e-05	3.20231135718e-05	1.42324949208e-05	0.000441207342544	3.55812373019e-06	0.00055506730191	1.06743711906e-05	0	0	1.06743711906e-05	0.000192138681431	0.000124534330557	1.06743711906e-05	0	7.11624746039e-06	2.49068661114e-05	5.33718559529e-05	0.00092155404612	0.000697392251118	0.000864624066437	2.84649898416e-05	7.11624746039e-06	3.55812373019e-06	0.000145883072938	0	7.11624746039e-06	2.13487423812e-05	0.00225229232121	0.00481058328322	0.0069881550061	0.000896647180009	0.000142324949208	1.7790618651e-05	0.000619113529054	0.000120976206827	9.25112169851e-05	3.20231135718e-05	1.7790618651e-05	3.55812373019e-06	0	2.13487423812e-05
0.000836159076596	0	2.13487423812e-05	0	0.00262945343661	0.000305998640797	0.00786345344373	0.00100694901565	0.00302440517067	0.00152999320398	0.00994139770216	0.000252626784844	0.0287211747501	0.000145883072938	0.00188936370073	0.00111725085128	1.06743711906e-05	2.13487423812e-05	1.06743711906e-05	0.000103185588176	0.0094041210189	4.62556084925e-05	3.20231135718e-05	8.89530932549e-05	0.00281447587058	3.55812373019e-06	9.60693407153e-05	4.98137322227e-05	0.00143392386327	0.00124534330557	8.18368457945e-05	3.55812373019e-06	7.11624746039e-06	3.20231135718e-05	0.000772112849452	1.42324949208e-05	7.11624746039e-06	0	0	3.55812373019e-05	0	1.42324949208e-05	1.06743711906e-05	3.55812373019e-06	8.89530932549e-05	3.20231135718e-05	3.55812373019e-06	3.91393610321e-05	0	2.13487423812e-05	3.55812373019e-06	1.06743711906e-05	0	0	0	4.26974847623e-05	0	3.55812373019e-06	0	0.000110301835636	0	3.55812373019e-06	7.11624746039e-06	7.11624746039e-05	2.49068661114e-05	1.7790618651e-05	0	0	0	1.7790618651e-05	0.00054083480699	8.18368457945e-05	0.00101762338684	0.000227719918732	0.00055150917818	4.98137322227e-05	1.06743711906e-05	2.13487423812e-05	7.11624746039e-06	7.11624746039e-06	0	7.11624746039e-06	0	0
0.000128092454287	0.000323789259448	8.18368457945e-05	0	4.98137322227e-05	5.69299796831e-05	0.000430532971354	0.0001885805577	0.000793461591833	6.04881034133e-05	0.000483904827306	0.00463979334417	0.000145883072938	0.0178902461154	0.000715182869769	1.42324949208e-05	1.7790618651e-05	0.000142324949208	0.000394951734052	0.00073653161215	0.000152999320398	7.11624746039e-05	8.53949695247e-05	0.000124534330557	0.000167231815319	0.00333396193519	0.00471095581878	0.00361149558615	0.000206371176351	0.00150152821414	5.69299796831e-05	0.000131650578017	0.000131650578017	2.49068661114e-05	0.00219892046526	3.55812373019e-06	0.000498137322227	3.55812373019e-06	0	3.55812373019e-06	3.55812373019e-06	3.55812373019e-06	7.11624746039e-06	2.13487423812e-05	1.42324949208e-05	0	0.000843275324056	0	0.00131294765644	3.91393610321e-05	0	3.55812373019e-06	3.55812373019e-06	0.000227719918732	0.000117418083096	0	1.7790618651e-05	7.11624746039e-06	2.49068661114e-05	1.06743711906e-05	0.00138055200732	0.00106743711906	0.000967809654613	1.06743711906e-05	2.84649898416e-05	0	0.000320231135718	0	0	7.11624746039e-05	0.000398509857782	0.00361861183361	0.00262945343661	0.000426974847623	9.96274644454e-05	0.000206371176351	0.000515927940878	5.33718559529e-05	0.000135208701747	0.000149441196668	8.89530932549e-05	0	2.13487423812e-05	8.18368457945e-05
0.0159226036926	2.49068661114e-05	0.000412742352703	0	0.000750764107071	0.000494579198497	0.00284294086043	0.0102046988582	0.0154137919992	0.00163317879216	0.0091443779866	0.000825484705405	0.00188936370073	0.000715182869769	0.0408935160311	9.25112169851e-05	0.000110301835636	0.000839717200326	6.04881034133e-05	0.000402067981512	0.00235547790939	0.00140545887343	0.000195696805161	0.00171857376168	0.00323789259448	2.84649898416e-05	0.000615555405324	0.000380719239131	0.00591715976331	0.0171465982558	0.00433023657965	3.55812373019e-06	0.000263301156034	0.000697392251118	0.00461844460179	9.25112169851e-05	8.18368457945e-05	2.49068661114e-05	0	9.96274644454e-05	0	7.82787220643e-05	0.000156557444129	0.000117418083096	0.000850391571517	9.60693407153e-05	1.42324949208e-05	3.20231135718e-05	1.06743711906e-05	0.000195696805161	7.11624746039e-06	0.000120976206827	7.11624746039e-06	1.06743711906e-05	3.55812373019e-06	4.98137322227e-05	4.26974847623e-05	8.53949695247e-05	4.62556084925e-05	0.00072585724096	1.42324949208e-05	3.55812373019e-05	8.18368457945e-05	0.000416300476433	0.000256184908574	0.000199254928891	0	3.55812373019e-06	7.47205983341e-05	0.000231278042463	0.00240173351788	0.000501695445957	0.00413098165076	0.0010247396343	0.00091087967493	0.000309556764527	4.26974847623e-05	9.60693407153e-05	3.55812373019e-05	0.000124534330557	4.62556084925e-05	2.49068661114e-05	3.55812373019e-06	1.06743711906e-05
5.69299796831e-05	3.55812373019e-06	0	0	3.20231135718e-05	0.000533718559529	0.000836159076596	0.000117418083096	0.000195696805161	0.00108878586144	9.60693407153e-05	1.06743711906e-05	0.00111725085128	1.42324949208e-05	9.25112169851e-05	0.00397798233036	7.11624746039e-06	1.42324949208e-05	0	0	4.98137322227e-05	7.11624746039e-06	2.84649898416e-05	2.49068661114e-05	0.00055150917818	0	3.55812373019e-06	1.06743711906e-05	0.00018502243397	6.76043508737e-05	2.49068661114e-05	0	2.49068661114e-05	1.06743711906e-05	4.62556084925e-05	3.55812373019e-06	3.55812373019e-06	0	0	7.11624746039e-06	0	0	7.11624746039e-06	0	2.84649898416e-05	3.55812373019e-06	0	3.55812373019e-06	0	3.55812373019e-06	0	0	0	3.55812373019e-06	3.55812373019e-06	3.55812373019e-06	0	0	0	3.20231135718e-05	3.55812373019e-06	3.55812373019e-06	3.55812373019e-06	7.11624746039e-06	7.11624746039e-06	0	0	0	0	0	2.84649898416e-05	3.55812373019e-06	3.20231135718e-05	7.11624746039e-06	0.00149797009041	4.98137322227e-05	0	3.55812373019e-06	0	0	0	0	0	0
8.89530932549e-05	0.000305998640797	0.000412742352703	0	1.42324949208e-05	3.55812373019e-06	2.13487423812e-05	0.000131650578017	8.18368457945e-05	0.0010603208716	4.26974847623e-05	3.91393610321e-05	1.06743711906e-05	1.7790618651e-05	0.000110301835636	7.11624746039e-06	0.0187726608005	0.000291766145876	1.06743711906e-05	6.76043508737e-05	7.11624746039e-06	0.00217757172288	0.00770333787587	0.00687073692301	0.0078243140827	0	0.000266859279765	0.00543325493601	0.00327347383178	8.53949695247e-05	0.00054083480699	0	0	4.62556084925e-05	0.0010959021089	4.26974847623e-05	0.0001885805577	4.98137322227e-05	0	0	0	1.42324949208e-05	4.98137322227e-05	2.13487423812e-05	0.00017790618651	0	0	7.11624746039e-06	0	6.40462271435e-05	3.55812373019e-06	0.000857507818977	2.84649898416e-05	0	2.49068661114e-05	3.55812373019e-06	0.000455439837465	0.00228075731105	0.00118841332588	0.000295324269606	1.06743711906e-05	7.82787220643e-05	0.000402067981512	0.000419858600163	7.11624746039e-05	0.000220603671272	0	0	4.62556084925e-05	0.000138766825478	0.00203524677367	0.000462556084925	0.000967809654613	0.000295324269606	4.62556084925e-05	7.11624746039e-06	0	0.000135208701747	5.69299796831e-05	9.96274644454e-05	5.69299796831e-05	2.13487423812e-05	7.11624746039e-06	0
0.000971367778343	0.000590648539212	0.0133785452255	0	1.7790618651e-05	0	8.89530932549e-05	0.00236259415685	0.00037360299167	0.000202813052621	0.000234836166193	0.00073297348842	2.13487423812e-05	0.000142324949208	0.000839717200326	1.42324949208e-05	0.000291766145876	0.0400715894495	0.000202813052621	0.00724789803841	2.84649898416e-05	0.00361149558615	0.000569299796831	0.0163851597775	0.000430532971354	1.7790618651e-05	0.0125601767676	0.00752543168936	0.00109946023263	0.000313114888257	0.00399221482528	0	0	3.91393610321e-05	0.00764640789619	1.42324949208e-05	0.00324856696567	0.000288208022146	0	3.55812373019e-06	0	0	1.06743711906e-05	1.42324949208e-05	4.62556084925e-05	3.55812373019e-06	2.49068661114e-05	0	6.04881034133e-05	2.84649898416e-05	0	5.69299796831e-05	0.000224161795002	2.13487423812e-05	0.000380719239131	3.55812373019e-06	4.62556084925e-05	0.000202813052621	0.000234836166193	3.91393610321e-05	0.000444765466274	0.00129871516152	0.00280380149939	2.49068661114e-05	2.13487423812e-05	6.76043508737e-05	2.13487423812e-05	0	1.42324949208e-05	0.000113859959366	0.00441207342544	0.00297103331471	0.00493867573751	0.00112080897501	7.11624746039e-05	7.11624746039e-06	1.42324949208e-05	0.000227719918732	0.000167231815319	0.000120976206827	7.82787220643e-05	1.06743711906e-05	3.55812373019e-06	7.11624746039e-06
2.13487423812e-05	4.26974847623e-05	7.11624746039e-05	0	0	0	1.7790618651e-05	2.49068661114e-05	6.40462271435e-05	3.55812373019e-06	3.91393610321e-05	0.00274687151971	1.06743711906e-05	0.000394951734052	6.04881034133e-05	0	1.06743711906e-05	0.000202813052621	0.00663945888054	0.00250491910606	1.42324949208e-05	3.55812373019e-05	1.42324949208e-05	0.000110301835636	2.49068661114e-05	9.25112169851e-05	0.0030635445317	0.000526602312069	3.91393610321e-05	8.18368457945e-05	3.55812373019e-05	1.06743711906e-05	0	3.55812373019e-06	0.000619113529054	0	0.000241952413653	7.11624746039e-06	0	0	0	0	0	3.55812373019e-06	7.11624746039e-06	0	0.000138766825478	3.55812373019e-06	0.000138766825478	3.55812373019e-06	0	0	7.11624746039e-06	7.47205983341e-05	8.18368457945e-05	0	0	3.55812373019e-06	1.06743711906e-05	1.06743711906e-05	0.00054083480699	0.000323789259448	0.000483904827306	1.06743711906e-05	3.55812373019e-06	0	4.26974847623e-05	0	0	1.06743711906e-05	0.000434091095084	0.000804135963024	0.000850391571517	0.000160115567859	1.7790618651e-05	0	1.7790618651e-05	2.49068661114e-05	1.42324949208e-05	1.06743711906e-05	3.55812373019e-06	3.55812373019e-06	0	0
0.000281091774685	0.000160115567859	0.000761438478262	0	1.42324949208e-05	3.55812373019e-06	8.53949695247e-05	0.000448323590005	0.000202813052621	3.91393610321e-05	0.000241952413653	0.00842919511683	0.000103185588176	0.00073653161215	0.000402067981512	0	6.76043508737e-05	0.00724789803841	0.00250491910606	0.0268602760392	6.04881034133e-05	0.000697392251118	0.000113859959366	0.00161538817351	0.00018502243397	0.000199254928891	0.0148800734397	0.00361861183361	0.000330905506908	0.000437649218814	0.000644020395165	7.11624746039e-06	0	3.55812373019e-05	0.00901984365604	3.55812373019e-06	0.00130938953271	7.11624746039e-06	0	0	0	0	7.11624746039e-06	0	1.7790618651e-05	0	0.000124534330557	0	0.000156557444129	7.11624746039e-06	0	0	2.49068661114e-05	0.000120976206827	0.000241952413653	0	3.55812373019e-06	2.49068661114e-05	3.55812373019e-05	1.06743711906e-05	0.00134852889374	0.000974925902073	0.00175771312272	7.11624746039e-06	1.42324949208e-05	1.7790618651e-05	3.55812373019e-05	0	0	2.49068661114e-05	0.00456151462211	0.00293545207741	0.00682803943824	0.00176482937018	0.000103185588176	0	3.20231135718e-05	0.000202813052621	5.33718559529e-05	3.91393610321e-05	2.49068661114e-05	3.55812373019e-06	0	7.11624746039e-06
0.00129159891406	0	2.13487423812e-05	0	0.0082370564354	0.000131650578017	0.00225229232121	0.00111369272755	0.00256184908574	0.000761438478262	0.0100943970226	0.0001885805577	0.0094041210189	0.000152999320398	0.00235547790939	4.98137322227e-05	7.11624746039e-06	2.84649898416e-05	1.42324949208e-05	6.04881034133e-05	0.0233911054023	6.04881034133e-05	1.42324949208e-05	7.82787220643e-05	0.00268282529257	7.11624746039e-06	7.11624746039e-05	4.26974847623e-05	0.00454372400346	0.00146594697684	9.96274644454e-05	3.55812373019e-06	1.06743711906e-05	3.91393610321e-05	0.000832600952866	1.42324949208e-05	3.55812373019e-06	3.55812373019e-06	0	0.000213487423812	0	3.55812373019e-05	6.40462271435e-05	3.91393610321e-05	0.00036648674421	9.25112169851e-05	0	3.55812373019e-05	0	4.62556084925e-05	3.55812373019e-06	0	0	0	0	6.76043508737e-05	7.11624746039e-06	3.55812373019e-06	0	0.000519486064608	3.55812373019e-06	0	3.55812373019e-06	0.000259743032304	3.91393610321e-05	1.42324949208e-05	0	0	0	4.98137322227e-05	0.000704508498579	9.25112169851e-05	0.000942902788502	0.0001885805577	0.000380719239131	4.62556084925e-05	1.7790618651e-05	5.33718559529e-05	1.42324949208e-05	2.84649898416e-05	7.11624746039e-06	1.7790618651e-05	7.11624746039e-06	0
0.00146238885311	0.000128092454287	0.00189292182446	0	2.49068661114e-05	2.49068661114e-05	0.000241952413653	0.00543681305974	0.000786345344373	0.000967809654613	0.00072229911723	0.000202813052621	4.62556084925e-05	7.11624746039e-05	0.00140545887343	7.11624746039e-06	0.00217757172288	0.00361149558615	3.55812373019e-05	0.000697392251118	6.04881034133e-05	0.0450849857853	0.00175771312272	0.0261949069017	0.00227364106359	0	0.00141257512089	0.00209573487708	0.00923333107985	0.000857507818977	0.0168050183777	3.55812373019e-06	7.11624746039e-06	0.000270417403495	0.0103007681989	4.26974847623e-05	0.000330905506908	0.000160115567859	0	3.55812373019e-06	3.55812373019e-06	1.42324949208e-05	7.11624746039e-05	3.55812373019e-05	0.000402067981512	2.13487423812e-05	0	1.06743711906e-05	3.55812373019e-06	8.18368457945e-05	0	0.000647578518895	6.04881034133e-05	1.42324949208e-05	2.84649898416e-05	1.7790618651e-05	0.000295324269606	0.00122043643946	0.00072229911723	0.000384277362861	6.04881034133e-05	8.18368457945e-05	0.000665369137546	0.000348696125559	9.25112169851e-05	0.000217045547542	0	0	4.98137322227e-05	0.000156557444129	0.00617334467189	0.00120620394454	0.006422413333	0.00167231815319	0.000167231815319	5.33718559529e-05	7.11624746039e-06	0.000227719918732	8.89530932549e-05	0.000170789939049	0.000145883072938	3.55812373019e-05	1.06743711906e-05	3.55812373019e-06
0.00018502243397	0.00344426377083	0.000992716520724	0	3.20231135718e-05	0	1.7790618651e-05	0.000256184908574	0.000110301835636	0.00677466758229	5.69299796831e-05	5.69299796831e-05	3.20231135718e-05	8.53949695247e-05	0.000195696805161	2.84649898416e-05	0.00770333787587	0.000569299796831	1.42324949208e-05	0.000113859959366	1.42324949208e-05	0.00175771312272	0.0272623440208	0.00830821891	0.00736175799777	0.000117418083096	0.000672485385007	0.00876010062374	0.00283226648923	0.000234836166193	0.000789903468103	3.55812373019e-06	0	7.11624746039e-05	0.000626229776514	0.000124534330557	0.00155134194636	0.00036292862048	0	3.55812373019e-06	3.55812373019e-06	2.49068661114e-05	0.000160115567859	8.18368457945e-05	0.00102118151057	3.55812373019e-06	1.7790618651e-05	1.7790618651e-05	6.04881034133e-05	0.000192138681431	1.42324949208e-05	0.00320231135718	0.000145883072938	1.7790618651e-05	7.82787220643e-05	1.06743711906e-05	0.00108166961398	0.00910168050184	0.00343714752337	0.00107455336652	0.000213487423812	0.000252626784844	0.00257963970439	0.00109946023263	0.000224161795002	0.000654694766356	1.7790618651e-05	0	0.000124534330557	0.000330905506908	0.00101050713938	0.000323789259448	0.000487462951037	9.96274644454e-05	4.26974847623e-05	3.55812373019e-06	7.11624746039e-06	0.000437649218814	0.000270417403495	0.000305998640797	0.000142324949208	8.53949695247e-05	3.55812373019e-05	0
0.00172924813287	0.000604881034133	0.0115034140197	0	4.62556084925e-05	3.55812373019e-05	0.000348696125559	0.00556846363775	0.00107811149025	0.0013200639039	0.000935786541041	0.000448323590005	8.89530932549e-05	0.000124534330557	0.00171857376168	2.49068661114e-05	0.00687073692301	0.0163851597775	0.000110301835636	0.00161538817351	7.82787220643e-05	0.0261949069017	0.00830821891	0.0833170252662	0.00334107818265	7.11624746039e-06	0.00382142488623	0.0204200720876	0.0074827342046	0.00107455336652	0.010905649233	3.55812373019e-06	1.42324949208e-05	0.000234836166193	0.0124961305404	7.47205983341e-05	0.00231633854836	0.00136987763612	0	0	0	3.20231135718e-05	8.53949695247e-05	7.47205983341e-05	0.000402067981512	2.49068661114e-05	1.06743711906e-05	1.42324949208e-05	1.42324949208e-05	0.000135208701747	1.06743711906e-05	0.00230566417717	0.000608439157863	1.7790618651e-05	0.000224161795002	2.13487423812e-05	0.000700950374848	0.00710913121293	0.00404914480496	0.000480346703576	0.000160115567859	0.00073297348842	0.00575704419545	0.000530160435799	0.000120976206827	0.000384277362861	7.11624746039e-06	0	6.76043508737e-05	0.000309556764527	0.0151718395855	0.00329482257416	0.00957491095795	0.00244443100264	0.000334463630638	7.82787220643e-05	1.7790618651e-05	0.000718740993499	0.000526602312069	0.000426974847623	0.000398509857782	9.25112169851e-05	4.26974847623e-05	3.55812373019e-06
0.00296747519098	0.00122399456319	0.000526602312069	0	0.00302084704694	7.11624746039e-05	0.00108878586144	0.00583176479379	0.00237682665177	0.0171501563795	0.0028287083655	0.000163673691589	0.00281447587058	0.000167231815319	0.00323789259448	0.00055150917818	0.0078243140827	0.000430532971354	2.49068661114e-05	0.00018502243397	0.00268282529257	0.00227364106359	0.00736175799777	0.00334107818265	0.0521727682558	3.55812373019e-05	0.000380719239131	0.00252270972471	0.0210391856166	0.00390681985575	0.00277889463328	0	1.42324949208e-05	0.00073653161215	0.00289275459265	0.000309556764527	0.000202813052621	8.89530932549e-05	0	0.000804135963024	7.11624746039e-06	0.000259743032304	0.000633346023975	0.000380719239131	0.00438716655933	0.000444765466274	1.7790618651e-05	0.00018146431024	7.11624746039e-06	0.000615555405324	3.91393610321e-05	0.00108878586144	3.20231135718e-05	1.06743711906e-05	3.91393610321e-05	0.000462556084925	0.000352254249289	0.00152643508025	0.000668927261277	0.00365775119464	2.49068661114e-05	8.89530932549e-05	0.000320231135718	0.00199610741264	0.000693834127388	0.000885972808818	3.55812373019e-06	1.06743711906e-05	0.000206371176351	0.000804135963024	0.00381075051504	0.000583532291752	0.00224873419748	0.000665369137546	0.000579974168022	6.40462271435e-05	7.11624746039e-06	0.000572857920561	7.11624746039e-05	0.000419858600163	0.000163673691589	0.000195696805161	5.33718559529e-05	1.42324949208e-05
0	0.00072585724096	3.20231135718e-05	0	0	3.55812373019e-06	1.06743711906e-05	7.11624746039e-06	4.62556084925e-05	4.26974847623e-05	2.49068661114e-05	0.0013200639039	3.55812373019e-06	0.00333396193519	2.84649898416e-05	0	0	1.7790618651e-05	9.25112169851e-05	0.000199254928891	7.11624746039e-06	0	0.000117418083096	7.11624746039e-06	3.55812373019e-05	0.00771045412333	0.00135920326493	0.00175771312272	2.13487423812e-05	7.47205983341e-05	3.55812373019e-06	1.42324949208e-05	7.11624746039e-06	3.55812373019e-06	0.000163673691589	0	0.000558625425641	3.55812373019e-06	0	0	0	0	0	3.55812373019e-06	0	0	0.000836159076596	0	0.00129515703779	1.06743711906e-05	0	0	3.55812373019e-06	0.000167231815319	7.82787220643e-05	0	0	3.55812373019e-06	3.55812373019e-06	0	0.00125957580049	0.000804135963024	0.000985600273264	0	1.06743711906e-05	0	0.000327347383178	0	0	5.33718559529e-05	4.26974847623e-05	0.00151220258533	0.000305998640797	1.06743711906e-05	3.55812373019e-06	0	0.000804135963024	1.06743711906e-05	0.00018502243397	5.69299796831e-05	1.42324949208e-05	0	0	4.26974847623e-05
0.00055150917818	0.00139834262597	0.0101086295175	0	1.7790618651e-05	7.11624746039e-06	0.000149441196668	0.0010247396343	0.000355812373019	0.000224161795002	0.000305998640797	0.00648645956014	9.60693407153e-05	0.00471095581878	0.000615555405324	3.55812373019e-06	0.000266859279765	0.0125601767676	0.0030635445317	0.0148800734397	7.11624746039e-05	0.00141257512089	0.000672485385007	0.00382142488623	0.000380719239131	0.00135920326493	0.0678783264009	0.0249175404826	0.000615555405324	0.000494579198497	0.00149441196668	0.000202813052621	1.06743711906e-05	4.62556084925e-05	0.00828687016762	1.7790618651e-05	0.011012392945	0.0001885805577	0	3.55812373019e-06	0	1.42324949208e-05	1.06743711906e-05	1.7790618651e-05	5.69299796831e-05	1.06743711906e-05	0.00117418083096	1.42324949208e-05	0.00141257512089	2.49068661114e-05	0	4.62556084925e-05	0.000202813052621	0.00106387899533	0.00171145751422	7.11624746039e-06	4.26974847623e-05	0.000142324949208	0.00017790618651	4.62556084925e-05	0.00948951598843	0.0069525737688	0.0132041971628	5.33718559529e-05	4.98137322227e-05	4.26974847623e-05	0.000455439837465	0	3.55812373019e-06	0.000320231135718	0.00560404487506	0.00871028689152	0.00703085249086	0.00161894629724	0.000103185588176	1.06743711906e-05	9.96274644454e-05	0.000405626105242	0.000377161115401	0.000338021754368	0.000131650578017	2.49068661114e-05	1.06743711906e-05	1.42324949208e-05
0.00037004486794	0.0047963507883	0.0150757702448	0	1.42324949208e-05	1.42324949208e-05	0.000103185588176	0.000793461591833	0.000263301156034	0.0011314833462	0.000217045547542	0.00160471380232	4.98137322227e-05	0.00361149558615	0.000380719239131	1.06743711906e-05	0.00543325493601	0.00752543168936	0.000526602312069	0.00361861183361	4.26974847623e-05	0.00209573487708	0.00876010062374	0.0204200720876	0.00252270972471	0.00175771312272	0.0249175404826	0.083993068775	0.00157624881248	0.000259743032304	0.00129515703779	5.69299796831e-05	3.55812373019e-06	5.33718559529e-05	0.00420570224909	4.26974847623e-05	0.0138161944443	0.00152643508025	0	1.06743711906e-05	0	1.7790618651e-05	2.49068661114e-05	3.91393610321e-05	9.96274644454e-05	1.06743711906e-05	0.00054083480699	1.7790618651e-05	0.000704508498579	8.18368457945e-05	0	0.0009073215512	0.000782787220643	0.000466114208655	0.00141613324462	1.06743711906e-05	0.000234836166193	0.00400288919647	0.00219892046526	0.000135208701747	0.00481769953068	0.00526958124442	0.0173600856796	0.000149441196668	6.40462271435e-05	0.000163673691589	0.000270417403495	0	7.11624746039e-06	0.00035937049675	0.00613420531086	0.00491732699513	0.00381430863877	0.000832600952866	0.000110301835636	1.7790618651e-05	4.26974847623e-05	0.000700950374848	0.00073297348842	0.000412742352703	0.00018146431024	4.62556084925e-05	1.06743711906e-05	7.11624746039e-06
0.00531227872918	0.000252626784844	0.00104253025295	0	0.00341224065726	0.000131650578017	0.00289987084011	0.0226225506766	0.00543681305974	0.00856796194231	0.00897358804755	0.000259743032304	0.00143392386327	0.000206371176351	0.00591715976331	0.00018502243397	0.00327347383178	0.00109946023263	3.91393610321e-05	0.000330905506908	0.00454372400346	0.00923333107985	0.00283226648923	0.0074827342046	0.0210391856166	2.13487423812e-05	0.000615555405324	0.00157624881248	0.0683053012485	0.00534074371902	0.0111511597704	0	1.42324949208e-05	0.00101762338684	0.00558625425641	0.000327347383178	0.000206371176351	0.000120976206827	0	0.000651136642626	3.55812373019e-06	0.000270417403495	0.000804135963024	0.000434091095084	0.00438005031187	0.000394951734052	4.62556084925e-05	0.00017434806278	1.7790618651e-05	0.00072585724096	3.55812373019e-05	0.00117062270723	5.69299796831e-05	0	2.84649898416e-05	0.000394951734052	0.000394951734052	0.0013200639039	0.000633346023975	0.00371823929805	2.49068661114e-05	8.18368457945e-05	0.000327347383178	0.00206015363978	0.000843275324056	0.000992716520724	3.55812373019e-06	2.49068661114e-05	0.000202813052621	0.000946460912232	0.00541546431736	0.000779229096913	0.00397442420663	0.00117062270723	0.000519486064608	9.60693407153e-05	1.42324949208e-05	0.000665369137546	0.000131650578017	0.000565741673101	0.000202813052621	0.000145883072938	6.04881034133e-05	1.7790618651e-05
0.00955356221557	5.69299796831e-05	0.000145883072938	0	0.000537276683259	0.000209929300081	0.00150508633787	0.00436581781695	0.00474653705608	0.00209573487708	0.00435158532203	0.00154066757517	0.00124534330557	0.00150152821414	0.0171465982558	6.76043508737e-05	8.53949695247e-05	0.000313114888257	8.18368457945e-05	0.000437649218814	0.00146594697684	0.000857507818977	0.000234836166193	0.00107455336652	0.00390681985575	7.47205983341e-05	0.000494579198497	0.000259743032304	0.00534074371902	0.0358979103139	0.00467537458148	0	0.000587090415482	0.00236615228058	0.007635733525	9.60693407153e-05	3.20231135718e-05	1.42324949208e-05	0	0.000106743711906	0	5.33718559529e-05	0.000156557444129	0.000103185588176	0.000989158396994	8.53949695247e-05	2.49068661114e-05	3.55812373019e-05	2.13487423812e-05	0.00018146431024	7.11624746039e-06	0.000145883072938	0	7.11624746039e-06	0	5.69299796831e-05	6.04881034133e-05	6.04881034133e-05	5.69299796831e-05	0.000804135963024	2.13487423812e-05	1.7790618651e-05	2.84649898416e-05	0.000476788579846	0.000206371176351	0.000202813052621	0	0	5.69299796831e-05	0.000220603671272	0.00209929300081	0.000654694766356	0.00555423114283	0.00115283208858	0.000565741673101	0.000480346703576	8.53949695247e-05	0.000120976206827	2.49068661114e-05	0.000138766825478	3.91393610321e-05	2.13487423812e-05	2.13487423812e-05	7.11624746039e-06
0.00641885520927	8.89530932549e-05	0.00156913256502	0	5.69299796831e-05	3.20231135718e-05	0.000530160435799	0.0171323657609	0.00217401359915	0.00232701291955	0.00149441196668	0.00018502243397	8.18368457945e-05	5.69299796831e-05	0.00433023657965	2.49068661114e-05	0.00054083480699	0.00399221482528	3.55812373019e-05	0.000644020395165	9.96274644454e-05	0.0168050183777	0.000789903468103	0.010905649233	0.00277889463328	3.55812373019e-06	0.00149441196668	0.00129515703779	0.0111511597704	0.00467537458148	0.04715937192	0	1.06743711906e-05	0.000690276003658	0.00897714617128	0.000138766825478	0.000327347383178	0.000113859959366	0	1.7790618651e-05	3.55812373019e-06	3.91393610321e-05	0.000252626784844	0.000124534330557	0.0013556451412	3.20231135718e-05	7.11624746039e-06	1.42324949208e-05	1.06743711906e-05	0.000241952413653	1.06743711906e-05	0.000441207342544	4.98137322227e-05	7.11624746039e-06	4.26974847623e-05	1.7790618651e-05	0.000135208701747	0.000430532971354	0.000263301156034	0.00073653161215	7.82787220643e-05	0.000124534330557	0.00036292862048	0.000498137322227	0.000295324269606	0.000480346703576	0	0	8.18368457945e-05	0.000334463630638	0.00368621618448	0.000832600952866	0.00488174575783	0.00129871516152	0.000163673691589	5.33718559529e-05	1.42324949208e-05	0.000305998640797	6.76043508737e-05	0.000281091774685	0.000135208701747	4.98137322227e-05	1.7790618651e-05	1.42324949208e-05
0	7.11624746039e-06	3.55812373019e-06	0	0	0	0	0	3.55812373019e-06	0	3.55812373019e-06	8.18368457945e-05	3.55812373019e-06	0.000131650578017	3.55812373019e-06	0	0	0	1.06743711906e-05	7.11624746039e-06	3.55812373019e-06	3.55812373019e-06	3.55812373019e-06	3.55812373019e-06	0	1.42324949208e-05	0.000202813052621	5.69299796831e-05	0	0	0	0.000288208022146	0	0	2.13487423812e-05	0	1.42324949208e-05	0	0	0	0	0	0	0	0	0	7.11624746039e-06	0	1.06743711906e-05	0	0	0	0	7.11624746039e-06	3.55812373019e-06	0	0	0	0	0	3.20231135718e-05	2.13487423812e-05	1.7790618651e-05	0	0	0	0	0	0	0	3.55812373019e-06	6.40462271435e-05	3.20231135718e-05	7.11624746039e-06	0	0	0	0	0	0	0	0	0	0
