0.015771921363	8.24460081704e-06	5.77122057193e-05	0	8.24460081704e-05	2.47338024511e-05	0.00137272603604	0.00507042950248	0.00472827856857	0.000181381217975	0.000321539431865	1.64892016341e-05	0.0007255248719	4.12230040852e-06	0.00549502644456	0.000206115020426	6.18345061278e-05	3.71007036767e-05	0	4.12230040852e-06	0.000379251637584	0.000531776752699	0.000136035913481	0.000313294831048	0.000540021353516	0	1.23669012256e-05	2.47338024511e-05	0.0012573016246	0.00617932831237	0.00368121426481	0	4.53453044937e-05	0.0021271070108	0.00262178305982	0	0	0	0	8.24460081704e-06	0	0	8.24460081704e-06	0	8.24460081704e-05	4.12230040852e-06	0	8.24460081704e-06	0	0	0	4.12230040852e-06	0	0	0	0	4.12230040852e-06	2.88561028596e-05	4.12230040852e-06	5.35899053108e-05	0	0	0	1.23669012256e-05	0	8.24460081704e-06	0	0	0	4.12230040852e-06	0.00055651055515	7.00791069448e-05	0.00104294200336	0.000296805629413	0.000119546711847	3.29784032682e-05	0	4.12230040852e-06	0	0	0	4.12230040852e-06	0	0
8.24460081704e-06	0.0149433389809	0.00274957437248	0	0	4.12230040852e-06	0	1.23669012256e-05	0	4.12230040852e-05	0	0.000288561028596	0	0.000115424411439	0	0	0.000131913613073	0.000915150690691	4.94676049022e-05	0.000465819946163	4.12230040852e-06	0.000156647415524	0.00202817180099	0.00104706430376	2.88561028596e-05	0.000964618295594	0.00428719242486	0.00662453675649	5.77122057193e-05	3.71007036767e-05	8.24460081704e-05	1.23669012256e-05	8.24460081704e-06	2.47338024511e-05	0.000704913369857	0	0.00307935840516	0.000387496238401	0	0	0	4.12230040852e-06	1.64892016341e-05	0	8.24460081704e-06	0	0.000152525115115	0	7.00791069448e-05	0	0	7.83237077619e-05	0.000210237320835	4.12230040852e-05	0.000276194127371	0	2.88561028596e-05	0.000581244357601	0.000173136617158	8.24460081704e-06	0.000309172530639	0.000416352341261	0.00152937345156	2.47338024511e-05	4.12230040852e-06	3.29784032682e-05	8.24460081704e-06	0	0	0.000226726522469	0.000507042950248	0.000663690365772	0.000663690365772	0.000243215724103	2.47338024511e-05	1.23669012256e-05	8.24460081704e-06	0.000127791312664	0.000486431448205	0.000177258917566	6.18345061278e-05	0	0	4.12230040852e-06
5.77122057193e-05	0.00274957437248	0.0401182275757	0	4.12230040852e-06	4.12230040852e-06	4.12230040852e-05	0.000136035913481	5.35899053108e-05	6.18345061278e-05	8.24460081704e-06	0.000354517835133	1.23669012256e-05	4.53453044937e-05	3.71007036767e-05	2.88561028596e-05	0.000544143653925	0.0111755564075	3.71007036767e-05	0.000911028390283	8.24460081704e-06	0.00327310652436	0.00187564668588	0.0182988915134	0.000136035913481	5.35899053108e-05	0.00820750011336	0.0109364629838	0.000754380974759	0.000272071826962	0.00145517204421	0	4.12230040852e-06	0.000210237320835	0.00507455180289	0	0.000849193884155	0.000160769715932	0	0	0	0	8.24460081704e-06	0	2.47338024511e-05	0	8.24460081704e-06	4.12230040852e-06	1.64892016341e-05	0	0	0.000156647415524	7.00791069448e-05	0	6.18345061278e-05	4.12230040852e-06	4.53453044937e-05	0.000655445764955	0.000160769715932	2.47338024511e-05	2.88561028596e-05	7.83237077619e-05	0.000540021353516	4.12230040852e-06	4.12230040852e-06	3.71007036767e-05	0	0	0	0.00011130211103	0.003965652993	0.00321127201824	0.00482721377838	0.00224665372264	0.000136035913481	9.06906089874e-05	4.94676049022e-05	0.00011130211103	0.00030505023023	4.94676049022e-05	2.06115020426e-05	4.12230040852e-06	8.24460081704e-06	0
0	0	0	0	0	0	0	0	0	0	0	0	0	0	0	0	0	0	0	0	0	0	0	0	0	0	0	0	0	0	0	0	0	0	0	0	0	0	0	0	0	0	0	0	0	0	0	0	0	0	0	0	0	0	0	0	0	0	0	0	0	0	0	0	0	0	0	0	0	0	0	0	0	0	0	0	0	0	0	0	0	0	0	0
8.24460081704e-05	0	4.12230040852e-06	0	0.0129234117807	0	0.000684301867814	0.00124493472337	0.000272071826962	0.000181381217975	0.00124493472337	0	0.00366884736358	0	6.18345061278e-05	7.42014073534e-05	0	0	0	0	0.00643078863729	4.12230040852e-06	8.24460081704e-06	1.23669012256e-05	0.00583305507806	0	0	0	0.00238681193653	0.000119546711847	8.24460081704e-05	0	0	6.18345061278e-05	7.00791069448e-05	0	0	0	0	0.00109240960826	0	2.06115020426e-05	2.06115020426e-05	4.12230040852e-06	2.06115020426e-05	0.000272071826962	0	0.000144280514298	0	0	0	0	0	0	0	0.000927517591917	0	0	0	6.18345061278e-05	0	0	0	0.000152525115115	0	8.24460081704e-06	0	0	0	0	2.06115020426e-05	4.12230040852e-06	2.88561028596e-05	8.24460081704e-06	2.47338024511e-05	0	0	4.12230040852e-06	0	4.12230040852e-06	0	0	0	0
2.47338024511e-05	4.12230040852e-06	4.12230040852e-06	0	0	0.00517348701269	0.00179320067771	4.12230040852e-06	0.000766747875985	4.12230040852e-06	0	1.64892016341e-05	4.12230040852e-06	4.12230040852e-06	0.000420474641669	0.000853316184564	0	4.12230040852e-06	0	8.24460081704e-06	0	4.12230040852e-06	0	8.24460081704e-06	0	0	2.47338024511e-05	8.24460081704e-06	0	0.000618345061278	8.24460081704e-06	0	0.00202404950058	1.64892016341e-05	0.000898661489057	0	0	0	0	0	0	0	0	0	0	0	0	0	0	0	0	0	0	0	0	0	0	0	0	0	0	0	0	0	0	0	0	0	0	0	3.29784032682e-05	4.12230040852e-06	0.00022260422206	7.42014073534e-05	0.00139333753808	0.000840949283338	4.12230040852e-06	0	0	0	0	0	0	0
0.00137272603604	0	4.12230040852e-05	0	0.000684301867814	0.00179320067771	0.0392319329879	0.00301752389904	0.0150463964911	0.000177258917566	0.00772931326597	5.35899053108e-05	0.0128162319701	4.12230040852e-06	0.00445620674161	0.0036276243595	2.88561028596e-05	3.71007036767e-05	0	8.24460081704e-06	0.00472003396776	0.00014015821389	4.53453044937e-05	0.000127791312664	0.00100584129968	0	3.29784032682e-05	3.71007036767e-05	0.000770870176393	0.00380076097666	0.000531776752699	0	0.00218481921652	0.000403985440035	0.00315768211293	0	0	0	0	0	0	0	0	0	8.24460081704e-06	0	0	4.12230040852e-06	0	0	0	4.12230040852e-06	0	0	0	0	0	1.23669012256e-05	4.12230040852e-06	8.24460081704e-06	0	0	0	0	0	0	0	0	0	0	0.000296805629413	6.18345061278e-05	0.00138097063685	0.000329784032682	0.000845071583747	0.000494676049022	1.23669012256e-05	8.24460081704e-06	0	0	0	0	0	0
0.00507042950248	1.23669012256e-05	0.000136035913481	0	0.00124493472337	4.12230040852e-06	0.00301752389904	0.0366225168293	0.00452216354815	0.00112126571112	0.0037760271742	4.12230040852e-06	0.00263002766064	0	0.00167777626627	0.000313294831048	0.000243215724103	4.94676049022e-05	0	4.12230040852e-06	0.00327310652436	0.00138509293726	0.000564755155967	0.0009192729911	0.00401924289831	0	4.12230040852e-06	7.00791069448e-05	0.0135871021465	0.00364823586154	0.00838475903093	0	4.12230040852e-06	0.00199931569813	0.00263827226145	4.12230040852e-06	4.12230040852e-06	0	0	2.88561028596e-05	0	0	4.53453044937e-05	4.12230040852e-06	0.000284438728188	1.23669012256e-05	0	4.12230040852e-06	0	4.12230040852e-06	0	8.24460081704e-06	0	0	0	8.24460081704e-06	8.24460081704e-06	5.35899053108e-05	4.12230040852e-06	0.000164892016341	0	0	0	7.00791069448e-05	0	8.24460081704e-06	0	0	0	4.12230040852e-06	0.000799726279253	0.000107179810622	0.000902783789466	0.000313294831048	0.000218481921652	3.29784032682e-05	4.12230040852e-06	2.88561028596e-05	4.12230040852e-06	8.24460081704e-06	8.24460081704e-06	8.24460081704e-06	4.12230040852e-06	0
0.00472827856857	0	5.35899053108e-05	0	0.000272071826962	0.000766747875985	0.0150463964911	0.00452216354815	0.0361773083852	0.000131913613073	0.00259292695696	5.77122057193e-05	0.00317004901415	4.12230040852e-06	0.0128038650689	0.00112951031193	3.29784032682e-05	4.12230040852e-05	0	1.64892016341e-05	0.00119546711847	0.00025146032492	7.00791069448e-05	0.0001937481192	0.000634834262912	8.24460081704e-06	2.06115020426e-05	1.64892016341e-05	0.00089041688824	0.0059526017899	0.00123669012256	0	0.00173548847199	0.0010182082009	0.00357403445419	0	0	0	0	0	0	0	0	0	1.64892016341e-05	0	0	0	0	0	0	0	0	0	0	0	0	1.64892016341e-05	0	8.24460081704e-06	0	0	0	0	0	0	0	0	0	4.12230040852e-06	0.000399863139626	6.59568065363e-05	0.00150463964911	0.000387496238401	0.000387496238401	0.000342150933907	4.12230040852e-06	1.23669012256e-05	0	4.12230040852e-06	0	0	0	0
0.000181381217975	4.12230040852e-05	6.18345061278e-05	0	0.000181381217975	4.12230040852e-06	0.000177258917566	0.00112126571112	0.000131913613073	0.0146053103474	0.000107179810622	8.24460081704e-06	0.00194984809323	0	4.12230040852e-05	0.000284438728188	0.000358640135541	1.64892016341e-05	0	0	0.00036276243595	0.000350395534724	0.00263002766064	0.000329784032682	0.00461285415713	0	4.12230040852e-06	7.00791069448e-05	0.00233322203122	0.000478186847388	0.00128203542705	0	0	0.000412230040852	0.00066781266618	2.88561028596e-05	4.12230040852e-06	0	0	0.000144280514298	0	0	0.000173136617158	1.23669012256e-05	0.00145929434462	2.47338024511e-05	0	5.77122057193e-05	0	1.23669012256e-05	1.23669012256e-05	4.94676049022e-05	0	0	0	1.64892016341e-05	2.88561028596e-05	0.000267949526554	1.64892016341e-05	0.000845071583747	0	0	4.12230040852e-06	0.000197870419609	0	5.35899053108e-05	0	0	0	2.47338024511e-05	0.000408107740443	6.59568065363e-05	0.000210237320835	9.89352098045e-05	0.000717280271082	2.06115020426e-05	0	0.000103057510213	8.24460081704e-06	1.64892016341e-05	8.24460081704e-06	4.94676049022e-05	0	0
0.000321539431865	0	8.24460081704e-06	0	0.00124493472337	0	0.00772931326597	0.0037760271742	0.00259292695696	0.000107179810622	0.0199725454793	0	0.00603092549766	0	0.000164892016341	0.000230848822877	1.23669012256e-05	4.12230040852e-06	0	0	0.00591962338663	6.59568065363e-05	2.47338024511e-05	4.12230040852e-05	0.00117897791684	0	0	8.24460081704e-06	0.00195809269405	0.000259704925737	0.000189625818792	0	0	0.000123669012256	0.000197870419609	4.12230040852e-06	0	0	0	4.12230040852e-06	0	0	0	0	2.47338024511e-05	0	0	0	0	0	0	0	0	0	0	0	0	4.12230040852e-06	0	8.24460081704e-06	0	0	0	0	0	0	0	0	0	0	5.35899053108e-05	0	7.42014073534e-05	2.47338024511e-05	3.29784032682e-05	4.12230040852e-06	0	0	0	0	0	0	0	0
1.64892016341e-05	0.000288561028596	0.000354517835133	0	0	1.64892016341e-05	5.35899053108e-05	4.12230040852e-06	5.77122057193e-05	8.24460081704e-06	0	0.0230890045881	4.12230040852e-06	0.00509928560534	5.77122057193e-05	4.12230040852e-06	4.12230040852e-06	0.000700791069448	0.00148815044748	0.00545380344047	0	4.12230040852e-05	8.24460081704e-06	0.000148402814707	4.12230040852e-06	0.00209825090794	0.00865270855748	0.00161181945973	2.06115020426e-05	0.000152525115115	4.94676049022e-05	0.000325661732273	2.88561028596e-05	2.88561028596e-05	0.00540021353516	0	0.000181381217975	4.12230040852e-06	0	0	0	0	0	0	4.12230040852e-06	0	0.000234971123286	0	0.000156647415524	0	0	4.12230040852e-06	1.64892016341e-05	2.88561028596e-05	4.94676049022e-05	0	0	1.23669012256e-05	0	0	0.000379251637584	0.00011130211103	0.00025146032492	0	0	0	1.64892016341e-05	0	0	3.29784032682e-05	0.000515287551065	0.0026588837635	0.00359876825664	0.000684301867814	2.47338024511e-05	3.29784032682e-05	0.000449330744529	4.12230040852e-06	0.000272071826962	5.77122057193e-05	1.23669012256e-05	0	4.12230040852e-06	4.94676049022e-05
0.0007255248719	0	1.23669012256e-05	0	0.00366884736358	4.12230040852e-06	0.0128162319701	0.00263002766064	0.00317004901415	0.00194984809323	0.00603092549766	4.12230040852e-06	0.0355589633239	0	0.000688424168223	0.00275369667289	1.23669012256e-05	8.24460081704e-06	0	0	0.0133974763277	7.42014073534e-05	1.23669012256e-05	3.71007036767e-05	0.0030958476068	0	4.12230040852e-06	1.64892016341e-05	0.000976985196819	0.000816215480887	0.000276194127371	0	0	0.000201992720017	0.000568877456376	0	0	0	0	4.12230040852e-06	0	8.24460081704e-06	4.12230040852e-06	4.12230040852e-06	2.06115020426e-05	0.000214359621243	0	0.000325661732273	0	4.12230040852e-06	0	0	0	0	0	8.24460081704e-05	0	4.12230040852e-06	0	4.12230040852e-06	0	0	0	8.24460081704e-06	0	0	0	0	0	0	9.06906089874e-05	1.23669012256e-05	0.000189625818792	6.18345061278e-05	0.000535899053108	4.12230040852e-06	0	8.24460081704e-06	0	4.12230040852e-06	4.12230040852e-06	4.12230040852e-06	4.12230040852e-06	0
4.12230040852e-06	0.000115424411439	4.53453044937e-05	0	0	4.12230040852e-06	4.12230040852e-06	0	4.12230040852e-06	0	0	0.00509928560534	0	0.0149598281825	0	0	0	4.12230040852e-05	0.000366884736358	0.000420474641669	0	8.24460081704e-06	0	2.47338024511e-05	0	0.00272071826962	0.00511577480697	0.00159945255851	0	1.23669012256e-05	4.12230040852e-06	0.00163243096177	0	4.12230040852e-06	0.00030505023023	0	9.4812909396e-05	0	0	0	0	0	0	0	0	0	0.000226726522469	0	0.000177258917566	0	0	0	4.12230040852e-06	1.64892016341e-05	4.53453044937e-05	0	0	0	4.12230040852e-06	0	0.000366884736358	5.35899053108e-05	0.000115424411439	0	0	0	4.12230040852e-06	0	0	1.64892016341e-05	7.42014073534e-05	0.00109240960826	0.000523532151882	9.89352098045e-05	0	0	0.000498798349431	2.06115020426e-05	0.000313294831048	9.89352098045e-05	3.71007036767e-05	4.12230040852e-06	0	7.83237077619e-05
0.00549502644456	0	3.71007036767e-05	0	6.18345061278e-05	0.000420474641669	0.00445620674161	0.00167777626627	0.0128038650689	4.12230040852e-05	0.000164892016341	5.77122057193e-05	0.000688424168223	0	0.0262920320055	0.00036276243595	2.06115020426e-05	4.94676049022e-05	0	2.47338024511e-05	0.0001937481192	0.000156647415524	4.53453044937e-05	0.00014015821389	0.000210237320835	0	1.64892016341e-05	2.06115020426e-05	0.000399863139626	0.0090937947012	0.000845071583747	0	0.00132325843113	0.000960495995185	0.00402748749912	0	0	0	0	0	0	0	4.12230040852e-06	0	1.23669012256e-05	0	0	0	0	0	0	0	0	0	0	0	0	2.47338024511e-05	0	1.23669012256e-05	0	0	0	0	0	0	0	0	0	8.24460081704e-06	0.000482309147797	4.94676049022e-05	0.0016942654679	0.000395740839218	0.000189625818792	0.00033390633309	0	1.64892016341e-05	4.12230040852e-06	8.24460081704e-06	4.12230040852e-06	0	0	0
0.000206115020426	0	2.88561028596e-05	0	7.42014073534e-05	0.000853316184564	0.0036276243595	0.000313294831048	0.00112951031193	0.000284438728188	0.000230848822877	4.12230040852e-06	0.00275369667289	0	0.00036276243595	0.00901959329384	4.12230040852e-06	8.24460081704e-06	0	0	0.000342150933907	3.29784032682e-05	3.29784032682e-05	7.00791069448e-05	0.000119546711847	0	0	1.64892016341e-05	8.24460081704e-05	0.000350395534724	8.65683085789e-05	0	8.24460081704e-06	0.000115424411439	0.000395740839218	0	0	0	0	0	0	0	0	0	0	0	0	0	0	0	0	0	0	0	0	0	0	0	4.12230040852e-06	4.12230040852e-06	0	0	0	0	0	0	0	0	0	4.12230040852e-06	0.00036276243595	2.06115020426e-05	0.000309172530639	0.000243215724103	0.00357403445419	4.12230040852e-05	0	1.64892016341e-05	4.12230040852e-06	1.23669012256e-05	8.24460081704e-06	0	0	4.12230040852e-06
6.18345061278e-05	0.000131913613073	0.000544143653925	0	0	0	2.88561028596e-05	0.000243215724103	3.29784032682e-05	0.000358640135541	1.23669012256e-05	4.12230040852e-06	1.23669012256e-05	0	2.06115020426e-05	4.12230040852e-06	0.0146259218494	0.00014015821389	0	1.23669012256e-05	0	0.00314943751211	0.00387496238401	0.00654209074832	0.00194984809323	4.12230040852e-06	4.53453044937e-05	0.00129852462868	0.00306286920353	0.00022260422206	0.0013067692295	0	4.12230040852e-06	0.000206115020426	0.000931639892326	4.12230040852e-06	1.64892016341e-05	4.12230040852e-06	0	8.24460081704e-06	0	0	2.47338024511e-05	8.24460081704e-06	0.000152525115115	4.12230040852e-06	0	8.24460081704e-06	0	4.12230040852e-06	0	9.4812909396e-05	0	0	0	0	2.06115020426e-05	0.000342150933907	6.18345061278e-05	7.83237077619e-05	0	0	4.12230040852e-05	4.12230040852e-05	0	2.47338024511e-05	0	0	0	2.88561028596e-05	0.000754380974759	0.000317417131456	0.000523532151882	0.000296805629413	4.12230040852e-05	2.88561028596e-05	0	6.18345061278e-05	1.64892016341e-05	1.23669012256e-05	8.24460081704e-06	8.24460081704e-06	0	0
3.71007036767e-05	0.000915150690691	0.0111755564075	0	0	4.12230040852e-06	3.71007036767e-05	4.94676049022e-05	4.12230040852e-05	1.64892016341e-05	4.12230040852e-06	0.000700791069448	8.24460081704e-06	4.12230040852e-05	4.94676049022e-05	8.24460081704e-06	0.00014015821389	0.0246101334389	4.94676049022e-05	0.00239505653735	8.24460081704e-06	0.00196221499446	0.000366884736358	0.00860324095258	4.53453044937e-05	8.24460081704e-05	0.00807146419988	0.0030010346974	0.000280316427779	0.000164892016341	0.000605978160052	4.12230040852e-06	8.24460081704e-06	0.000107179810622	0.00616696141115	0	0.000346273234316	4.94676049022e-05	0	0	0	0	0	0	1.23669012256e-05	0	4.12230040852e-06	4.12230040852e-06	1.23669012256e-05	0	0	2.47338024511e-05	3.29784032682e-05	0	2.06115020426e-05	0	8.24460081704e-06	0.000127791312664	2.88561028596e-05	8.24460081704e-06	3.29784032682e-05	5.35899053108e-05	0.0001937481192	0	0	8.24460081704e-06	0	0	0	2.47338024511e-05	0.00228375442632	0.00225902062387	0.00394916379136	0.00147166124584	5.35899053108e-05	3.71007036767e-05	2.47338024511e-05	4.53453044937e-05	9.4812909396e-05	2.88561028596e-05	1.64892016341e-05	8.24460081704e-06	0	0
0	4.94676049022e-05	3.71007036767e-05	0	0	0	0	0	0	0	0	0.00148815044748	0	0.000366884736358	0	0	0	4.94676049022e-05	0.00512401940779	0.00228787672673	0	8.24460081704e-06	0	1.23669012256e-05	0	0.000296805629413	0.00393267458973	0.000288561028596	0	0	4.12230040852e-06	4.94676049022e-05	0	0	0.000210237320835	0	2.88561028596e-05	0	0	0	0	0	0	0	0	0	3.71007036767e-05	0	3.29784032682e-05	0	0	0	0	0	4.12230040852e-06	0	0	0	0	0	6.18345061278e-05	1.23669012256e-05	3.71007036767e-05	0	0	0	0	0	0	4.12230040852e-06	2.06115020426e-05	0.000119546711847	0.000127791312664	3.71007036767e-05	4.12230040852e-06	0	4.12230040852e-06	0	3.29784032682e-05	8.24460081704e-06	0	0	0	8.24460081704e-06
4.12230040852e-06	0.000465819946163	0.000911028390283	0	0	8.24460081704e-06	8.24460081704e-06	4.12230040852e-06	1.64892016341e-05	0	0	0.00545380344047	0	0.000420474641669	2.47338024511e-05	0	1.23669012256e-05	0.00239505653735	0.00228787672673	0.0191645745992	0	5.35899053108e-05	3.29784032682e-05	0.000181381217975	4.12230040852e-06	0.000560632855559	0.0130800591962	0.00176022227444	2.06115020426e-05	5.35899053108e-05	2.88561028596e-05	6.59568065363e-05	8.24460081704e-06	8.24460081704e-06	0.00315768211293	0	0.000181381217975	4.12230040852e-06	0	0	0	0	0	0	0	0	4.12230040852e-05	0	4.53453044937e-05	0	0	0	2.06115020426e-05	1.23669012256e-05	4.53453044937e-05	0	4.12230040852e-06	4.12230040852e-06	0	0	0.000127791312664	5.77122057193e-05	0.000156647415524	0	0	4.12230040852e-06	0	0	0	2.06115020426e-05	0.000482309147797	0.00103469740254	0.00151700655034	0.000412230040852	2.47338024511e-05	1.64892016341e-05	3.29784032682e-05	1.23669012256e-05	0.000131913613073	3.71007036767e-05	1.23669012256e-05	0	0	8.24460081704e-06
0.000379251637584	4.12230040852e-06	8.24460081704e-06	0	0.00643078863729	0	0.00472003396776	0.00327310652436	0.00119546711847	0.00036276243595	0.00591962338663	0	0.0133974763277	0	0.0001937481192	0.000342150933907	0	8.24460081704e-06	0	0	0.0230436592836	5.77122057193e-05	3.71007036767e-05	4.94676049022e-05	0.0041594011122	0	0	4.12230040852e-06	0.00211886240998	0.000560632855559	0.000309172530639	0	0	0.000239093423694	0.000329784032682	0	0	0	0	4.12230040852e-06	0	0	0	0	1.64892016341e-05	0	0	1.23669012256e-05	0	0	0	0	0	0	0	0	4.12230040852e-06	1.23669012256e-05	4.12230040852e-06	4.12230040852e-06	0	0	0	4.12230040852e-06	0	0	0	0	0	0	6.18345061278e-05	8.24460081704e-06	0.000156647415524	7.00791069448e-05	9.06906089874e-05	4.12230040852e-06	0	4.12230040852e-06	0	4.12230040852e-06	4.12230040852e-06	4.12230040852e-06	4.12230040852e-06	0
0.000531776752699	0.000156647415524	0.00327310652436	0	4.12230040852e-06	4.12230040852e-06	0.00014015821389	0.00138509293726	0.00025146032492	0.000350395534724	6.59568065363e-05	4.12230040852e-05	7.42014073534e-05	8.24460081704e-06	0.000156647415524	3.29784032682e-05	0.00314943751211	0.00196221499446	8.24460081704e-06	5.35899053108e-05	5.77122057193e-05	0.0424061043024	0.00154586265319	0.0216338325439	0.00122432322133	0	0.00022260422206	0.000997596698862	0.00736242852962	0.00341326473825	0.0149227274788	0	1.64892016341e-05	0.00222191992019	0.00523119921841	4.12230040852e-06	4.94676049022e-05	1.23669012256e-05	0	1.23669012256e-05	0	0	3.71007036767e-05	0	0.000181381217975	0	0	4.12230040852e-06	4.12230040852e-06	0	0	7.42014073534e-05	0	0	0	0	3.29784032682e-05	0.000325661732273	3.71007036767e-05	7.42014073534e-05	4.12230040852e-06	4.12230040852e-06	2.88561028596e-05	6.18345061278e-05	0	2.88561028596e-05	0	0	0	2.06115020426e-05	0.0026588837635	0.00102233050131	0.00283202038065	0.00133974763277	0.000123669012256	0.000103057510213	2.06115020426e-05	6.59568065363e-05	2.06115020426e-05	1.64892016341e-05	8.24460081704e-06	4.12230040852e-06	0	0
0.000136035913481	0.00202817180099	0.00187564668588	0	8.24460081704e-06	0	4.53453044937e-05	0.000564755155967	7.00791069448e-05	0.00263002766064	2.47338024511e-05	8.24460081704e-06	1.23669012256e-05	0	4.53453044937e-05	3.29784032682e-05	0.00387496238401	0.000366884736358	0	3.29784032682e-05	3.71007036767e-05	0.00154586265319	0.0216132210419	0.00405634360198	0.00314119291129	0	0.000226726522469	0.00368533656522	0.00269598446717	0.00047406454698	0.00206527250467	0	4.12230040852e-06	0.00047406454698	0.00140570443931	3.29784032682e-05	0.00025146032492	9.06906089874e-05	0	7.42014073534e-05	0	1.23669012256e-05	0.000218481921652	1.23669012256e-05	0.00122432322133	1.23669012256e-05	4.12230040852e-06	3.29784032682e-05	0	8.24460081704e-06	1.64892016341e-05	0.000680179567406	2.47338024511e-05	0	8.24460081704e-06	8.24460081704e-06	0.000239093423694	0.00305874690312	0.000408107740443	0.000663690365772	4.12230040852e-06	1.64892016341e-05	0.00036276243595	0.000288561028596	1.64892016341e-05	0.000197870419609	0	0	0	0.000169014316749	0.00118310021725	0.000507042950248	0.00069666876904	0.000358640135541	0.000103057510213	4.12230040852e-05	0	0.00030505023023	0.000185503518383	0.000115424411439	5.35899053108e-05	5.77122057193e-05	0	0
0.000313294831048	0.00104706430376	0.0182988915134	0	1.23669012256e-05	8.24460081704e-06	0.000127791312664	0.0009192729911	0.0001937481192	0.000329784032682	4.12230040852e-05	0.000148402814707	3.71007036767e-05	2.47338024511e-05	0.00014015821389	7.00791069448e-05	0.00654209074832	0.00860324095258	1.23669012256e-05	0.000181381217975	4.94676049022e-05	0.0216338325439	0.00405634360198	0.0615294558976	0.00102645280172	1.64892016341e-05	0.00142219364094	0.009192729911	0.00526417762168	0.000993474398453	0.00750670904391	0	2.47338024511e-05	0.000791481678436	0.0079848958913	8.24460081704e-06	0.000300927929822	6.59568065363e-05	0	8.24460081704e-06	0	0	4.12230040852e-05	0	0.0001937481192	4.12230040852e-06	0	1.23669012256e-05	4.12230040852e-06	0	0	0.0001937481192	4.12230040852e-05	0	1.64892016341e-05	4.12230040852e-06	8.65683085789e-05	0.000960495995185	0.000160769715932	0.000103057510213	1.23669012256e-05	8.24460081704e-06	0.00025146032492	6.59568065363e-05	0	4.12230040852e-05	0	0	0	5.77122057193e-05	0.00594847948949	0.00298866779618	0.0063359757279	0.00321539431865	0.000313294831048	0.000247338024511	4.12230040852e-05	0.000185503518383	0.00011130211103	3.71007036767e-05	2.06115020426e-05	2.47338024511e-05	4.12230040852e-06	0
0.000540021353516	2.88561028596e-05	0.000136035913481	0	0.00583305507806	0	0.00100584129968	0.00401924289831	0.000634834262912	0.00461285415713	0.00117897791684	4.12230040852e-06	0.0030958476068	0	0.000210237320835	0.000119546711847	0.00194984809323	4.53453044937e-05	0	4.12230040852e-06	0.0041594011122	0.00122432322133	0.00314119291129	0.00102645280172	0.0308306847553	0	8.24460081704e-06	9.4812909396e-05	0.0107756932679	0.00100584129968	0.00227138752509	0	4.12230040852e-06	0.000758503275168	0.00129028002787	0	8.24460081704e-06	0	0	0.000127791312664	0	0	8.24460081704e-05	0	0.000519409851474	1.23669012256e-05	0	1.23669012256e-05	0	0	0	2.47338024511e-05	0	0	0	4.12230040852e-06	2.06115020426e-05	0.000177258917566	8.24460081704e-06	0.000729647172308	0	0	8.24460081704e-06	0.000276194127371	0	2.47338024511e-05	0	0	0	3.29784032682e-05	0.000519409851474	0.00014015821389	0.000416352341261	0.000164892016341	0.000247338024511	2.47338024511e-05	0	7.83237077619e-05	8.24460081704e-06	1.64892016341e-05	8.24460081704e-06	5.35899053108e-05	4.12230040852e-06	0
0	0.000964618295594	5.35899053108e-05	0	0	0	0	0	8.24460081704e-06	0	0	0.00209825090794	0	0.00272071826962	0	0	4.12230040852e-06	8.24460081704e-05	0.000296805629413	0.000560632855559	0	0	0	1.64892016341e-05	0	0.0102975064205	0.00331845182886	0.00137684833645	0	8.24460081704e-06	4.12230040852e-06	0.00011130211103	0	4.12230040852e-06	0.000375129337175	0	0.000338028633499	8.24460081704e-06	0	0	0	0	0	0	0	0	0.000560632855559	0	0.000465819946163	0	0	0	1.23669012256e-05	7.00791069448e-05	0.000123669012256	0	4.12230040852e-06	0	4.12230040852e-06	0	0.000931639892326	0.000197870419609	0.000366884736358	0	0	4.12230040852e-06	8.24460081704e-06	0	0	2.88561028596e-05	8.65683085789e-05	0.000997596698862	0.000350395534724	0.000103057510213	0	8.24460081704e-06	0.000284438728188	2.06115020426e-05	0.000572999756784	0.000123669012256	1.64892016341e-05	0	0	7.42014073534e-05
1.23669012256e-05	0.00428719242486	0.00820750011336	0	0	2.47338024511e-05	3.29784032682e-05	4.12230040852e-06	2.06115020426e-05	4.12230040852e-06	0	0.00865270855748	4.12230040852e-06	0.00511577480697	1.64892016341e-05	0	4.53453044937e-05	0.00807146419988	0.00393267458973	0.0130800591962	0	0.00022260422206	0.000226726522469	0.00142219364094	8.24460081704e-06	0.00331845182886	0.0685332442916	0.0230312923824	5.35899053108e-05	0.000107179810622	0.000119546711847	0.00143868284257	1.64892016341e-05	3.71007036767e-05	0.00511989710738	0	0.00198694879691	0.00014015821389	0	0	0	0	4.12230040852e-06	0	4.12230040852e-06	0	0.000420474641669	0	0.000259704925737	0	0	8.24460081704e-06	0.000136035913481	8.24460081704e-05	0.000317417131456	0	4.12230040852e-06	9.06906089874e-05	6.59568065363e-05	4.12230040852e-06	0.000742014073534	0.000651323464546	0.00126966852582	0	0	8.24460081704e-06	1.64892016341e-05	0	0	0.000177258917566	0.00163243096177	0.0036276243595	0.00352044454888	0.00118722251765	4.12230040852e-05	7.83237077619e-05	6.59568065363e-05	7.00791069448e-05	0.000717280271082	0.000210237320835	3.71007036767e-05	0	0	4.12230040852e-05
2.47338024511e-05	0.00662453675649	0.0109364629838	0	0	8.24460081704e-06	3.71007036767e-05	7.00791069448e-05	1.64892016341e-05	7.00791069448e-05	8.24460081704e-06	0.00161181945973	1.64892016341e-05	0.00159945255851	2.06115020426e-05	1.64892016341e-05	0.00129852462868	0.0030010346974	0.000288561028596	0.00176022227444	4.12230040852e-06	0.000997596698862	0.00368533656522	0.009192729911	9.4812909396e-05	0.00137684833645	0.0230312923824	0.0605112476967	0.000399863139626	0.000127791312664	0.000436963843303	0.000408107740443	1.23669012256e-05	8.65683085789e-05	0.0028567541831	0	0.00177258917566	0.000234971123286	0	4.12230040852e-06	0	0	2.47338024511e-05	0	3.29784032682e-05	0	0.000177258917566	0	7.42014073534e-05	0	0	0.000185503518383	0.000127791312664	2.06115020426e-05	0.000173136617158	0	6.18345061278e-05	0.00080797088007	0.000255582625328	2.88561028596e-05	0.000329784032682	0.000354517835133	0.00110889880989	1.64892016341e-05	8.24460081704e-06	3.71007036767e-05	8.24460081704e-06	0	0	0.000169014316749	0.00201992720017	0.0021271070108	0.00244864644266	0.00108004270703	0.000103057510213	9.89352098045e-05	1.23669012256e-05	0.00011130211103	0.000494676049022	0.000181381217975	5.35899053108e-05	1.23669012256e-05	8.24460081704e-06	4.12230040852e-06
0.0012573016246	5.77122057193e-05	0.000754380974759	0	0.00238681193653	0	0.000770870176393	0.0135871021465	0.00089041688824	0.00233322203122	0.00195809269405	2.06115020426e-05	0.000976985196819	0	0.000399863139626	8.24460081704e-05	0.00306286920353	0.000280316427779	0	2.06115020426e-05	0.00211886240998	0.00736242852962	0.00269598446717	0.00526417762168	0.0107756932679	0	5.35899053108e-05	0.000399863139626	0.0445497005149	0.00246101334389	0.0118681028761	0	2.47338024511e-05	0.00181793448016	0.00363174665991	2.06115020426e-05	2.06115020426e-05	0	0	0.000762625575576	0	1.23669012256e-05	0.000123669012256	2.06115020426e-05	0.000676057266997	0.000214359621243	0	4.12230040852e-05	0	1.23669012256e-05	0	6.18345061278e-05	4.12230040852e-06	0	0	0.000230848822877	1.23669012256e-05	0.000329784032682	2.06115020426e-05	0.000432841542895	0	0	4.12230040852e-06	0.000614222760869	4.12230040852e-06	3.29784032682e-05	0	0	0	3.29784032682e-05	0.00151700655034	0.000449330744529	0.00140570443931	0.00058536665801	0.000243215724103	3.71007036767e-05	8.24460081704e-06	0.000115424411439	1.64892016341e-05	1.64892016341e-05	8.24460081704e-06	4.94676049022e-05	8.24460081704e-06	0
0.00617932831237	3.71007036767e-05	0.000272071826962	0	0.000119546711847	0.000618345061278	0.00380076097666	0.00364823586154	0.0059526017899	0.000478186847388	0.000259704925737	0.000152525115115	0.000816215480887	1.23669012256e-05	0.0090937947012	0.000350395534724	0.00022260422206	0.000164892016341	0	5.35899053108e-05	0.000560632855559	0.00341326473825	0.00047406454698	0.000993474398453	0.00100584129968	8.24460081704e-06	0.000107179810622	0.000127791312664	0.00246101334389	0.0389845949634	0.0102686503176	0	0.00180556757893	0.0112002902099	0.0140446774918	0	8.24460081704e-06	4.12230040852e-06	0	1.23669012256e-05	0	0	8.24460081704e-06	0	0.000189625818792	4.12230040852e-06	0	8.24460081704e-06	0	0	0	8.24460081704e-06	0	0	0	0	8.24460081704e-06	7.42014073534e-05	4.12230040852e-06	0.000119546711847	4.12230040852e-06	0	0	2.06115020426e-05	0	4.12230040852e-06	0	0	0	2.06115020426e-05	0.00258880465655	0.000317417131456	0.00534662362985	0.00152937345156	0.000350395534724	0.000515287551065	8.24460081704e-06	5.77122057193e-05	1.64892016341e-05	1.23669012256e-05	8.24460081704e-06	4.12230040852e-06	0	0
0.00368121426481	8.24460081704e-05	0.00145517204421	0	8.24460081704e-05	8.24460081704e-06	0.000531776752699	0.00838475903093	0.00123669012256	0.00128203542705	0.000189625818792	4.94676049022e-05	0.000276194127371	4.12230040852e-06	0.000845071583747	8.65683085789e-05	0.0013067692295	0.000605978160052	4.12230040852e-06	2.88561028596e-05	0.000309172530639	0.0149227274788	0.00206527250467	0.00750670904391	0.00227138752509	4.12230040852e-06	0.000119546711847	0.000436963843303	0.0118681028761	0.0102686503176	0.0426287085245	0	1.23669012256e-05	0.00688011938182	0.00891241348322	4.12230040852e-06	3.29784032682e-05	4.12230040852e-06	0	2.06115020426e-05	0	0	7.83237077619e-05	0	0.000531776752699	1.64892016341e-05	0	1.64892016341e-05	0	0	0	7.00791069448e-05	0	0	0	4.12230040852e-06	3.29784032682e-05	0.000329784032682	2.88561028596e-05	0.000300927929822	0	0	1.23669012256e-05	0.000115424411439	0	4.53453044937e-05	0	0	0	2.88561028596e-05	0.00306286920353	0.000688424168223	0.00308760300598	0.00122844552174	0.00025146032492	0.000107179810622	8.24460081704e-06	8.65683085789e-05	2.06115020426e-05	2.06115020426e-05	1.23669012256e-05	2.47338024511e-05	8.24460081704e-06	0
0	1.23669012256e-05	0	0	0	0	0	0	0	0	0	0.000325661732273	0	0.00163243096177	0	0	0	4.12230040852e-06	4.94676049022e-05	6.59568065363e-05	0	0	0	0	0	0.00011130211103	0.00143868284257	0.000408107740443	0	0	0	0.00207763940589	0	0	2.88561028596e-05	0	8.24460081704e-06	0	0	0	0	0	0	0	0	0	2.47338024511e-05	0	1.23669012256e-05	0	0	0	0	4.12230040852e-06	0	0	0	0	0	0	2.88561028596e-05	0	0	0	0	0	0	0	0	4.12230040852e-06	4.12230040852e-06	4.53453044937e-05	4.94676049022e-05	4.12230040852e-06	0	0	4.12230040852e-06	0	1.64892016341e-05	4.12230040852e-06	0	0	0	0
4.53453044937e-05	8.24460081704e-06	4.12230040852e-06	0	0	0.00202404950058	0.00218481921652	4.12230040852e-06	0.00173548847199	0	0	2.88561028596e-05	0	0	0.00132325843113	8.24460081704e-06	4.12230040852e-06	8.24460081704e-06	0	8.24460081704e-06	0	1.64892016341e-05	4.12230040852e-06	2.47338024511e-05	4.12230040852e-06	0	1.64892016341e-05	1.23669012256e-05	2.47338024511e-05	0.00180556757893	1.23669012256e-05	0	0.00582481047724	3.71007036767e-05	0.00152525115115	0	0	0	0	0	0	0	0	0	0	0	0	0	0	0	0	0	0	0	0	0	0	4.12230040852e-06	0	0	0	0	0	0	0	0	0	0	0	0	5.77122057193e-05	1.23669012256e-05	0.000420474641669	9.89352098045e-05	7.83237077619e-05	0.000700791069448	0	0	0	0	0	0	0	0
0.0021271070108	2.47338024511e-05	0.000210237320835	0	6.18345061278e-05	1.64892016341e-05	0.000403985440035	0.00199931569813	0.0010182082009	0.000412230040852	0.000123669012256	2.88561028596e-05	0.000201992720017	4.12230040852e-06	0.000960495995185	0.000115424411439	0.000206115020426	0.000107179810622	0	8.24460081704e-06	0.000239093423694	0.00222191992019	0.00047406454698	0.000791481678436	0.000758503275168	4.12230040852e-06	3.71007036767e-05	8.65683085789e-05	0.00181793448016	0.0112002902099	0.00688011938182	0	3.71007036767e-05	0.0143868284257	0.00879286677137	0	4.12230040852e-06	4.12230040852e-06	0	8.24460081704e-06	0	0	8.24460081704e-06	0	0.000177258917566	0	0	1.23669012256e-05	0	0	4.12230040852e-06	4.12230040852e-06	0	0	0	0	8.24460081704e-06	6.18345061278e-05	8.24460081704e-06	0.000115424411439	0	0	0	2.06115020426e-05	0	4.12230040852e-06	0	0	0	1.64892016341e-05	0.00237444503531	0.000226726522469	0.00310821450802	0.0010140859005	0.000164892016341	8.24460081704e-05	1.23669012256e-05	5.77122057193e-05	8.24460081704e-06	8.24460081704e-06	1.23669012256e-05	1.64892016341e-05	0	0
0.00262178305982	0.000704913369857	0.00507455180289	0	7.00791069448e-05	0.000898661489057	0.00315768211293	0.00263827226145	0.00357403445419	0.00066781266618	0.000197870419609	0.00540021353516	0.000568877456376	0.00030505023023	0.00402748749912	0.000395740839218	0.000931639892326	0.00616696141115	0.000210237320835	0.00315768211293	0.000329784032682	0.00523119921841	0.00140570443931	0.0079848958913	0.00129028002787	0.000375129337175	0.00511989710738	0.0028567541831	0.00363174665991	0.0140446774918	0.00891241348322	2.88561028596e-05	0.00152525115115	0.00879286677137	0.0551192787623	0	0.000280316427779	2.47338024511e-05	0	1.23669012256e-05	0	0	3.71007036767e-05	0	0.000284438728188	0	1.23669012256e-05	1.64892016341e-05	2.06115020426e-05	0	4.12230040852e-06	4.94676049022e-05	2.88561028596e-05	0	2.88561028596e-05	0	2.47338024511e-05	0.000259704925737	4.94676049022e-05	0.000164892016341	5.77122057193e-05	5.35899053108e-05	0.000169014316749	4.94676049022e-05	0	3.71007036767e-05	4.12230040852e-06	0	0	6.59568065363e-05	0.0114641174361	0.00480247997593	0.0246472341425	0.00831880222439	0.00094812909396	0.00133150303195	0.000164892016341	0.00025146032492	0.000119546711847	7.00791069448e-05	5.35899053108e-05	3.29784032682e-05	0	4.12230040852e-06
0	0	0	0	0	0	0	4.12230040852e-06	0	2.88561028596e-05	4.12230040852e-06	0	0	0	0	0	4.12230040852e-06	0	0	0	0	4.12230040852e-06	3.29784032682e-05	8.24460081704e-06	0	0	0	0	2.06115020426e-05	0	4.12230040852e-06	0	0	0	0	0.0130058577889	0	1.64892016341e-05	0	0.000321539431865	4.12230040852e-06	0.000742014073534	0.00510753020616	0.00226726522469	0.000313294831048	0.000589488958418	4.12230040852e-06	0.000428719242486	0	0.00482309147797	9.06906089874e-05	0.000189625818792	0	0	0	0.000160769715932	0.000189625818792	0.000185503518383	0.000144280514298	0.00167777626627	0	4.12230040852e-06	2.47338024511e-05	0.000733769472717	0.00291858868923	0.00125317932419	0	4.12230040852e-06	0.000296805629413	0.000593611258827	1.23669012256e-05	0	0	0	0	0	0	0.000540021353516	7.00791069448e-05	0.000395740839218	0.000131913613073	0.000663690365772	3.71007036767e-05	4.12230040852e-06
0	0.00307935840516	0.000849193884155	0	0	0	0	4.12230040852e-06	0	4.12230040852e-06	0	0.000181381217975	0	9.4812909396e-05	0	0	1.64892016341e-05	0.000346273234316	2.88561028596e-05	0.000181381217975	0	4.94676049022e-05	0.00025146032492	0.000300927929822	8.24460081704e-06	0.000338028633499	0.00198694879691	0.00177258917566	2.06115020426e-05	8.24460081704e-06	3.29784032682e-05	8.24460081704e-06	0	4.12230040852e-06	0.000280316427779	0	0.018496761933	0.00117073331602	0	0	0	1.64892016341e-05	2.06115020426e-05	1.23669012256e-05	8.65683085789e-05	4.12230040852e-06	0.000634834262912	4.12230040852e-06	0.000403985440035	0	0	0.000309172530639	0.000824460081704	0.000189625818792	0.00132325843113	0	0.000177258917566	0.00230024362795	0.000618345061278	7.00791069448e-05	0.00230436592836	0.00273720747126	0.00948953554041	2.06115020426e-05	1.23669012256e-05	9.06906089874e-05	4.12230040852e-05	0	0	0.000832704682521	0.000144280514298	0.000482309147797	0.000247338024511	8.65683085789e-05	0	1.23669012256e-05	0	0.000486431448205	0.00129440232828	0.000931639892326	0.000243215724103	1.23669012256e-05	8.24460081704e-06	2.06115020426e-05
0	0.000387496238401	0.000160769715932	0	0	0	0	0	0	0	0	4.12230040852e-06	0	0	0	0	4.12230040852e-06	4.94676049022e-05	0	4.12230040852e-06	0	1.23669012256e-05	9.06906089874e-05	6.59568065363e-05	0	8.24460081704e-06	0.00014015821389	0.000234971123286	0	4.12230040852e-06	4.12230040852e-06	0	0	4.12230040852e-06	2.47338024511e-05	1.64892016341e-05	0.00117073331602	0.0205331783348	0	1.23669012256e-05	0	8.24460081704e-06	0.000103057510213	3.71007036767e-05	4.12230040852e-05	8.24460081704e-06	4.94676049022e-05	0	3.29784032682e-05	2.88561028596e-05	4.12230040852e-06	0.000659568065363	0.00289797718719	1.23669012256e-05	0.000894539188649	4.12230040852e-06	0.000812093180478	0.00080797088007	0.00524356611964	9.4812909396e-05	5.35899053108e-05	0.00220130841815	0.00785298227823	9.4812909396e-05	4.53453044937e-05	0.000317417131456	4.12230040852e-06	0	8.24460081704e-06	0.00136860373563	4.12230040852e-05	5.77122057193e-05	3.29784032682e-05	8.24460081704e-06	0	0	0	0.00104706430376	0.00138509293726	0.00136035913481	0.000457575345346	9.4812909396e-05	5.77122057193e-05	1.23669012256e-05
0	0	0	0	0	0	0	0	0	0	0	0	0	0	0	0	0	0	0	0	0	0	0	0	0	0	0	0	0	0	0	0	0	0	0	0	0	0	0	0	0	0	0	0	0	0	0	0	0	0	0	0	0	0	0	0	0	0	0	0	0	0	0	0	0	0	0	0	0	0	0	0	0	0	0	0	0	0	0	0	0	0	0	0
8.24460081704e-06	0	0	0	0.00109240960826	0	0	2.88561028596e-05	0	0.000144280514298	4.12230040852e-06	0	4.12230040852e-06	0	0	0	8.24460081704e-06	0	0	0	4.12230040852e-06	1.23669012256e-05	7.42014073534e-05	8.24460081704e-06	0.000127791312664	0	0	4.12230040852e-06	0.000762625575576	1.23669012256e-05	2.06115020426e-05	0	0	8.24460081704e-06	1.23669012256e-05	0.000321539431865	0	1.23669012256e-05	0	0.0210979334908	0	0.000754380974759	0.00206939480508	0.000589488958418	0.00180144527852	0.00621642901605	0	0.00266712836431	0	0.000531776752699	6.18345061278e-05	9.06906089874e-05	8.24460081704e-06	0	0	0.00712745740633	6.18345061278e-05	0.000181381217975	5.35899053108e-05	0.0114105275308	0	0	8.24460081704e-06	0.0072099034145	0.000197870419609	0.000243215724103	0	0	1.64892016341e-05	0.000189625818792	7.42014073534e-05	0	0	0	4.12230040852e-06	0	0	0.000243215724103	1.23669012256e-05	0.000131913613073	3.71007036767e-05	0.000284438728188	8.24460081704e-06	4.12230040852e-06
0	0	0	0	0	0	0	0	0	0	0	0	0	0	0	0	0	0	0	0	0	0	0	0	0	0	0	0	0	0	0	0	0	0	0	4.12230040852e-06	0	0	0	0	0.0013562368344	0.000589488958418	0	8.24460081704e-05	0	0	0	0	0	0.000115424411439	0.000395740839218	0	0	0	0	0	0	0	0	4.12230040852e-06	0	0	0	4.12230040852e-06	9.06906089874e-05	0	0	0.000148402814707	0	1.23669012256e-05	4.12230040852e-06	0	0	0	0	0	0	0	0	4.12230040852e-06	0	0.000601855859644	0.000189625818792	0
0	4.12230040852e-06	0	0	2.06115020426e-05	0	0	0	0	0	0	0	8.24460081704e-06	0	0	0	0	0	0	0	0	0	1.23669012256e-05	0	0	0	0	0	1.23669012256e-05	0	0	0	0	0	0	0.000742014073534	1.64892016341e-05	8.24460081704e-06	0	0.000754380974759	0.000589488958418	0.0370058907673	0.00239505653735	0.0156853530544	0.000387496238401	0.00979046347023	2.06115020426e-05	0.00794779518763	0	0.00608451540298	0.00294744479209	6.59568065363e-05	1.23669012256e-05	0	1.23669012256e-05	0.00179320067771	7.42014073534e-05	6.18345061278e-05	6.59568065363e-05	0.00140570443931	0	8.24460081704e-06	8.24460081704e-06	0.000766747875985	0.00307935840516	0.000181381217975	0	0.000671934966589	3.29784032682e-05	0.00150876194952	1.23669012256e-05	0	4.12230040852e-06	4.12230040852e-06	0	0	0	0.000568877456376	9.4812909396e-05	0.00129852462868	0.000366884736358	0.0028072865782	0.00105530890458	1.23669012256e-05
