0.0410806666293	0	0.00217528957196	0	0.00396290377467	0.00167131159192	0.00127932871856	0.0134049527682	0.00415243395519	0.0014903964196	0.0160239152628	0.0050527023127	0.00767166480726	0.000559975533377	0.0249404487558	0.000525515500554	0.000417827897981	0.000116302610778	0.00086150082058	0.00111564356265	0.0115441109958	0.00130948124728	8.6150082058e-06	0.00314447799512	0.00165838907962	0.000198145188733	0.00196852937502	0.000581513053891	0.0218218157853	0.0225024014335	0.00571175044044	0	1.72300164116e-05	0.00043075041029	0.0151193394012	8.6150082058e-06	6.03050574406e-05	8.6150082058e-06	0	0.000361830344643	8.6150082058e-06	0.000577205549788	4.3075041029e-05	0.000353215336438	0.00174884666578	0.000633203103126	3.87675369261e-05	0.00161962154269	2.58450246174e-05	4.3075041029e-06	0.00010338009847	0	0	1.72300164116e-05	0	0.00118025612419	0	4.3075041029e-06	2.58450246174e-05	0.00175746167398	0	3.01525287203e-05	6.89200656464e-05	0.000641818111332	3.87675369261e-05	0	0	1.72300164116e-05	0	0.000465210443113	0.0020805244817	0.00318324553204	0.0137926281375	0.00524223249323	1.29225123087e-05	5.59975533377e-05	9.90725943666e-05	6.46125615435e-05	3.01525287203e-05	0.000805503267242	6.46125615435e-05	0.000107687602572	0.000710738176978	8.6150082058e-06
0	0.0135858679405	0.00130948124728	0	0	0	0	0	0	0.00233035971967	0	8.6150082058e-06	0	0.000211067701042	0	1.72300164116e-05	0.000779658242624	2.58450246174e-05	8.6150082058e-06	2.58450246174e-05	0	7.32275697493e-05	0.00569452042403	0.000172300164116	0.00128363622266	0.000926113382123	0.00339862073719	0.012306539222	0.000137840131293	4.3075041029e-06	2.58450246174e-05	5.16900492348e-05	0	4.3075041029e-06	3.87675369261e-05	0	0.00422135402084	1.29225123087e-05	0	0	0	8.6150082058e-06	0	7.32275697493e-05	0.000219682709248	0	4.3075041029e-06	4.3075041029e-06	3.44600328232e-05	3.87675369261e-05	0	1.29225123087e-05	0	0	5.16900492348e-05	0	4.3075041029e-06	8.6150082058e-05	8.6150082058e-06	2.58450246174e-05	0.00010338009847	0.000198145188733	0.00412658893058	4.3075041029e-06	9.90725943666e-05	0	0	0	3.01525287203e-05	6.46125615435e-05	6.89200656464e-05	3.87675369261e-05	4.73825451319e-05	8.6150082058e-06	2.15375205145e-05	0	0	4.3075041029e-06	0	8.6150082058e-06	4.3075041029e-06	0	4.3075041029e-06	0
0.00217528957196	0.00130948124728	0.0518580418948	0	2.58450246174e-05	4.3075041029e-06	3.87675369261e-05	0.00238635727301	0	0.000180915172322	0.000697815664669	0.000551360525171	3.01525287203e-05	8.6150082058e-06	0.00290756526946	7.32275697493e-05	9.47650902637e-05	0.00663355631846	0.000413520393878	0.000689200656464	6.03050574406e-05	0.00420843150853	0.00114579609137	0.023652505029	6.89200656464e-05	0	0.00842978552937	0.0256511869328	0.00444965173829	0.000223990213351	0.00362691845464	0	3.01525287203e-05	3.87675369261e-05	0.00143870637037	0	0.00657325126102	0.0040102863198	0	0	0	0.000241220229762	0	0.000146455139499	9.47650902637e-05	4.3075041029e-06	0.000129225123087	0.000236912725659	4.3075041029e-06	0	0.000155070147704	0.000305832791306	3.44600328232e-05	0.000155070147704	0.00010338009847	8.6150082058e-05	3.44600328232e-05	0.00287310523663	0.0013310187678	1.72300164116e-05	1.29225123087e-05	0.00122763866933	0.010798912786	3.01525287203e-05	8.6150082058e-06	4.3075041029e-06	0	0	0	8.6150082058e-05	0.00567298290352	0.00116733361189	0.00246819985096	0.000620280590817	2.58450246174e-05	1.29225123087e-05	0	0.00286449022843	0.00147316640319	0.000223990213351	3.87675369261e-05	9.90725943666e-05	1.72300164116e-05	0
0	0	0	0	0	0	0	0	0	0	0	0	0	0	0	0	0	0	0	0	0	0	0	0	0	0	0	0	0	0	0	0	0	0	0	0	0	0	0	0	0	0	0	0	0	0	0	0	0	0	0	0	0	0	0	0	0	0	0	0	0	0	0	0	0	0	0	0	0	0	0	0	0	0	0	0	0	0	0	0	0	0	0	0
0.00396290377467	0	2.58450246174e-05	0	0.0279858541565	0.000547053021068	0.00086150082058	0.00464779692703	0.000719353185184	0.0038595236762	0.0100321770556	0.000719353185184	0.00484594211576	0.000176607668219	0.00115871860368	0.000198145188733	0	4.3075041029e-06	2.58450246174e-05	6.03050574406e-05	0.0132757276451	1.72300164116e-05	0	1.29225123087e-05	0.0137409380882	8.6150082058e-06	0.000232605221556	2.58450246174e-05	0.0159334576766	0.00470379448036	4.73825451319e-05	0	1.29225123087e-05	0.000814118275448	0.0050613173209	8.6150082058e-06	0	4.3075041029e-06	0	0.00444103673009	2.15375205145e-05	0.000525515500554	0.000236912725659	0.000374752856952	0.00974357428075	0.00124917618984	0	0.00668093886359	0	8.6150082058e-06	0.000383367865158	0	0	0	0	0.0059529706702	0	0	0	0.00985556938743	0	4.3075041029e-06	0	0.00448411177112	4.3075041029e-06	0	0	3.44600328232e-05	0	0.000150762643601	0.000762428226213	0.000740890705698	0.00373460605721	0.00125348369394	0.000111995106675	0.000107687602572	2.15375205145e-05	4.3075041029e-05	0	4.73825451319e-05	1.29225123087e-05	0.000258450246174	9.04575861609e-05	4.3075041029e-06
0.00167131159192	0	4.3075041029e-06	0	0.000547053021068	0.0104586199618	0.00394567375825	0.00101226346418	0.00437642416854	0.000310140295409	0.00176176917809	1.72300164116e-05	0.00123625367753	0.00013353262719	0.00121040865291	0.00240789479352	0	0	0	0	0.00154639397294	8.18425779551e-05	0	7.32275697493e-05	0.000202452692836	0	8.6150082058e-06	0	0.00078827325083	0.000848578308271	8.6150082058e-06	0	0.00188668679707	2.58450246174e-05	0.00123194617343	0	0	0	0	3.44600328232e-05	4.3075041029e-06	1.72300164116e-05	8.6150082058e-06	2.58450246174e-05	0.000137840131293	3.44600328232e-05	4.3075041029e-06	0.000137840131293	0	0	1.72300164116e-05	0	0	0	0	0.000111995106675	0	4.3075041029e-06	8.6150082058e-06	0.000116302610778	0	4.3075041029e-06	0	5.59975533377e-05	0	0	0	0	0	2.58450246174e-05	0.000245527733865	9.47650902637e-05	0.000977803431358	0.000771043234419	0.000499670475936	0.00169715661654	0.000167992660013	5.59975533377e-05	4.3075041029e-06	7.32275697493e-05	6.03050574406e-05	1.72300164116e-05	1.72300164116e-05	0
0.00127932871856	0	3.87675369261e-05	0	0.00086150082058	0.00394567375825	0.0261250123841	0.0047597920337	0.00363984096695	0.000615973086714	0.0112641232291	0.000413520393878	0.00790427002882	3.87675369261e-05	0.00115010359547	0.00268357505611	0	8.6150082058e-06	0.00010338009847	0.000353215336438	0.00502254978398	7.32275697493e-05	0	0.000120610114881	0.000348907832335	0	0.000288602774894	3.44600328232e-05	0.0038638311803	0.00124486868574	8.6150082058e-06	0	0.000288602774894	0.000180915172322	0.00111133605855	0	0	4.3075041029e-06	0	3.01525287203e-05	4.3075041029e-06	4.3075041029e-06	0	2.58450246174e-05	0.000249835237968	8.6150082058e-06	4.3075041029e-06	9.04575861609e-05	0	2.15375205145e-05	1.72300164116e-05	8.6150082058e-06	0	8.6150082058e-06	0	5.59975533377e-05	0	1.72300164116e-05	3.87675369261e-05	7.32275697493e-05	0	4.3075041029e-06	8.6150082058e-06	3.87675369261e-05	1.29225123087e-05	0	0	0	0	6.46125615435e-05	0.0002972177831	5.59975533377e-05	0.00105533850521	0.00032737031182	0.000206760196939	0.000172300164116	5.59975533377e-05	2.15375205145e-05	4.3075041029e-06	0.000107687602572	6.46125615435e-05	1.29225123087e-05	9.47650902637e-05	0
0.0134049527682	0	0.00238635727301	0	0.00464779692703	0.00101226346418	0.0047597920337	0.0701477043157	0.0028171076833	0.00792150004523	0.0283476845012	0.0037216835449	0.00466933444754	0.000305832791306	0.0124271493369	0.00116733361189	7.75350738522e-05	0.000107687602572	0.00078827325083	0.00225713214992	0.00954542909202	0.00397582628697	8.6150082058e-06	0.00616834587535	0.00699538666311	0.000116302610778	0.0020848319858	0.000473825451319	0.0543477792663	0.0141716884985	0.0121127015373	0	3.87675369261e-05	0.00348046331514	0.0113631958234	8.6150082058e-06	1.29225123087e-05	6.03050574406e-05	0	0.00153777896473	1.72300164116e-05	0.000615973086714	0.000228297717454	0.000598743070303	0.00844270804168	0.000982110935461	6.89200656464e-05	0.00249404487558	2.58450246174e-05	0.000529823004656	0.000150762643601	0	4.3075041029e-06	5.16900492348e-05	2.58450246174e-05	0.00214082953914	8.6150082058e-06	1.72300164116e-05	6.03050574406e-05	0.00423427653315	0	7.32275697493e-05	0.000116302610778	0.00219682709248	0.0022312871253	1.72300164116e-05	0	4.3075041029e-06	4.3075041029e-05	0.00276111012996	0.000883038341094	0.00136547880062	0.0112684307332	0.00382506364337	0.000348907832335	0.000301525287203	5.59975533377e-05	0.000456595434907	7.75350738522e-05	0.00189530180527	0.000452287930804	0.000275680262585	0.00202021942426	8.6150082058e-06
0.00415243395519	0	0	0	0.000719353185184	0.00437642416854	0.00363984096695	0.0028171076833	0.018711797823	0.000323062807717	0.00560406283787	0.000486747963627	0.00153777896473	0.000124917618984	0.00723660689287	0.000641818111332	4.3075041029e-06	0	4.3075041029e-06	4.3075041029e-06	0.00206329446529	4.3075041029e-05	0	0.000167992660013	0.000241220229762	8.6150082058e-06	0.00013353262719	0	0.00226574715812	0.00448411177112	4.3075041029e-06	0	0.000404905385672	0.00010338009847	0.00216236705965	0	0	0	0	3.87675369261e-05	7.32275697493e-05	6.03050574406e-05	8.6150082058e-06	0.000120610114881	0.000176607668219	5.59975533377e-05	8.6150082058e-06	0.000167992660013	0	0	1.72300164116e-05	0	0	4.3075041029e-06	0	0.000129225123087	0	4.3075041029e-06	0	0.000142147635396	0	4.3075041029e-06	0	6.46125615435e-05	0	0	0	3.01525287203e-05	0	9.90725943666e-05	0.00026706525438	0.000775350738522	0.0022312871253	0.00141716884985	0.000107687602572	0.000176607668219	3.44600328232e-05	6.03050574406e-05	4.3075041029e-06	7.75350738522e-05	8.6150082058e-05	2.15375205145e-05	9.90725943666e-05	4.3075041029e-06
0.0014903964196	0.00233035971967	0.000180915172322	0	0.0038595236762	0.000310140295409	0.000615973086714	0.00792150004523	0.000323062807717	0.0428768958402	0.00188668679707	0.000538438012862	0.00342877326591	2.58450246174e-05	0.000848578308271	0.00292479528587	0.00279987766688	1.29225123087e-05	0.000120610114881	0.000284295270791	0.00245096983455	6.03050574406e-05	0.00626741846972	0.000180915172322	0.0200600466072	0.000116302610778	0.00086150082058	0.00351492334796	0.017122328809	0.004018901328	0.0049105546773	0	8.6150082058e-06	0.000663355631846	0.0023734347607	8.6150082058e-06	0.000486747963627	5.59975533377e-05	0	0.00266634503969	0.00010338009847	0.00102518597649	0.000275680262585	0.00147747390729	0.0220156534699	0.000142147635396	6.89200656464e-05	0.00304971290485	0	0.00139993883344	0.00125348369394	4.3075041029e-05	8.6150082058e-06	7.32275697493e-05	5.59975533377e-05	0.00211929201863	0.000805503267242	0.00127502121446	0.000124917618984	0.0044582667465	0	6.46125615435e-05	0.000680585648258	0.00189960930938	0.00419981650033	0.000206760196939	0	5.16900492348e-05	0.000124917618984	0.00537576512042	0.00394998126236	0.000551360525171	0.00295494781459	0.000680585648258	0.00106826101752	5.59975533377e-05	4.3075041029e-06	0.0022269796212	7.75350738522e-05	0.00422996902905	0.00129655873497	0.000939035894432	0.00331247065513	8.6150082058e-06
0.0160239152628	0	0.000697815664669	0	0.0100321770556	0.00176176917809	0.0112641232291	0.0283476845012	0.00560406283787	0.00188668679707	0.0626095721356	0.00456595434907	0.0163340555582	0.000577205549788	0.0121773140989	0.00075812072211	4.3075041029e-06	4.3075041029e-05	0.000766735730316	0.00151624144422	0.025659801941	0.000637510607229	0	0.00149470392371	0.00394136625415	0.000206760196939	0.0020848319858	0.00013353262719	0.0343523452206	0.0145636713719	0.000211067701042	0	3.01525287203e-05	0.000633203103126	0.0131809625549	4.3075041029e-06	0	2.15375205145e-05	0	0.00210636950632	3.01525287203e-05	0.000456595434907	0.000215375205145	0.000305832791306	0.00480286707473	0.00151193394012	3.44600328232e-05	0.00458318436548	2.58450246174e-05	2.58450246174e-05	0.000577205549788	0	0	1.29225123087e-05	0	0.00376045108183	0	2.15375205145e-05	5.16900492348e-05	0.0049019396691	0	2.15375205145e-05	3.44600328232e-05	0.00322632057307	8.6150082058e-06	0	0	6.03050574406e-05	0	0.000310140295409	0.00142147635396	0.00240789479352	0.0116001085491	0.00418258648391	1.72300164116e-05	0.00013353262719	0.000111995106675	6.03050574406e-05	3.44600328232e-05	0.000292910278997	6.89200656464e-05	0.00032737031182	0.000370445352849	8.6150082058e-06
0.0050527023127	8.6150082058e-06	0.000551360525171	0	0.000719353185184	1.72300164116e-05	0.000413520393878	0.0037216835449	0.000486747963627	0.000538438012862	0.00456595434907	0.027460338656	0.00295064031048	0.00438934668085	0.00281280017919	1.72300164116e-05	1.29225123087e-05	6.89200656464e-05	0.0047554845296	0.00447118925881	0.00394998126236	2.58450246174e-05	1.29225123087e-05	0.000292910278997	7.32275697493e-05	0.00100795596008	0.0101226346418	0.000568590541582	0.00428596658238	0.00969188423152	3.44600328232e-05	0.00160239152628	0.000198145188733	5.16900492348e-05	0.0117939462337	0	2.58450246174e-05	3.01525287203e-05	0	2.58450246174e-05	0	2.15375205145e-05	0	3.44600328232e-05	0.000348907832335	2.15375205145e-05	0.00199006689554	5.16900492348e-05	0.00169284911244	4.3075041029e-06	4.3075041029e-06	8.6150082058e-06	0	1.72300164116e-05	0	3.87675369261e-05	1.29225123087e-05	7.75350738522e-05	6.03050574406e-05	4.3075041029e-05	0.000878730836991	0.000180915172322	0.000258450246174	2.58450246174e-05	0	0	0.000456595434907	0	0	8.18425779551e-05	0.00456164684497	0.00666801635129	0.0139520057893	0.00128363622266	1.72300164116e-05	4.3075041029e-06	0.000323062807717	0.00043075041029	0.00043075041029	0.000301525287203	4.3075041029e-05	8.6150082058e-06	0.000361830344643	0.000150762643601
0.00767166480726	0	3.01525287203e-05	0	0.00484594211576	0.00123625367753	0.00790427002882	0.00466933444754	0.00153777896473	0.00342877326591	0.0163340555582	0.00295064031048	0.0367473175018	0.00046090293901	0.00264911502328	0.000865808324682	2.58450246174e-05	4.3075041029e-06	0.000607358078509	0.000676278144155	0.0231959095941	0.000146455139499	0	0.000185222676425	0.00334262318385	0.000155070147704	0.00095195840674	2.58450246174e-05	0.00953681408382	0.00776642989752	3.01525287203e-05	0	8.6150082058e-06	5.59975533377e-05	0.0069867716549	0	0	0	0	0.000615973086714	6.89200656464e-05	0.00046090293901	4.73825451319e-05	0.000288602774894	0.00246389234686	0.000292910278997	1.29225123087e-05	0.00232605221556	1.29225123087e-05	0	0.00117164111599	8.6150082058e-06	0	0	0	0.00126209870215	4.3075041029e-06	3.01525287203e-05	2.58450246174e-05	0.000900268357506	0	0	2.15375205145e-05	0.00056428303748	0	0	0	5.59975533377e-05	0	9.04575861609e-05	0.000775350738522	0.00145162888268	0.00583666805943	0.00183930425194	0.000211067701042	2.58450246174e-05	7.32275697493e-05	3.87675369261e-05	2.15375205145e-05	1.72300164116e-05	1.29225123087e-05	0.000680585648258	5.59975533377e-05	1.29225123087e-05
0.000559975533377	0.000211067701042	8.6150082058e-06	0	0.000176607668219	0.00013353262719	3.87675369261e-05	0.000305832791306	0.000124917618984	2.58450246174e-05	0.000577205549788	0.00438934668085	0.00046090293901	0.0234586673444	0.000284295270791	1.72300164116e-05	4.3075041029e-06	4.3075041029e-06	1.29225123087e-05	4.3075041029e-06	0.000671970640052	3.44600328232e-05	0.000116302610778	4.3075041029e-05	2.58450246174e-05	0.00824456285295	0.00581513053891	0.0023777422648	0.000400597881569	0.00154208646884	4.3075041029e-06	0.00286879773253	0.00016368515591	1.29225123087e-05	0.00177038418629	0	2.15375205145e-05	1.72300164116e-05	0	8.6150082058e-06	0	3.01525287203e-05	0	3.44600328232e-05	2.15375205145e-05	4.3075041029e-06	0.00383367865158	3.01525287203e-05	0.00696954163849	8.6150082058e-06	1.72300164116e-05	0	0	0.00010338009847	4.3075041029e-06	1.72300164116e-05	4.3075041029e-06	0	0	1.72300164116e-05	0.00396290377467	0.00130517374318	0.00236912725659	4.3075041029e-06	0	4.3075041029e-06	0.000620280590817	1.29225123087e-05	0	0.000189530180527	0.000142147635396	0.00350630833976	0.00292479528587	0.000809810771345	2.58450246174e-05	0.000124917618984	0.00109410604214	3.87675369261e-05	0.000667663135949	0.000284295270791	0.000189530180527	1.29225123087e-05	8.6150082058e-06	0.000129225123087
0.0249404487558	0	0.00290756526946	0	0.00115871860368	0.00121040865291	0.00115010359547	0.0124271493369	0.00723660689287	0.000848578308271	0.0121773140989	0.00281280017919	0.00264911502328	0.000284295270791	0.0415200320478	0.000551360525171	0.00032737031182	0.00010338009847	0.000124917618984	0.000258450246174	0.00419550899622	0.00173592415347	8.6150082058e-06	0.0044625742506	0.000680585648258	2.15375205145e-05	0.00128794372677	0.00065474062364	0.0152442570202	0.0183542749824	0.00469087196806	0	8.18425779551e-05	0.000245527733865	0.00712461178619	4.3075041029e-06	6.03050574406e-05	1.29225123087e-05	0	5.16900492348e-05	8.6150082058e-06	9.04575861609e-05	1.29225123087e-05	5.59975533377e-05	0.000719353185184	2.58450246174e-05	4.3075041029e-06	0.000159377651807	0	1.29225123087e-05	6.46125615435e-05	0	0	0	0	0.000107687602572	0	1.72300164116e-05	5.59975533377e-05	0.000124917618984	0	2.15375205145e-05	7.32275697493e-05	3.01525287203e-05	5.16900492348e-05	4.3075041029e-06	0	1.29225123087e-05	4.3075041029e-06	0.000387675369261	0.00139132382524	0.00207190947349	0.00758982222931	0.00299371535151	0	2.15375205145e-05	2.15375205145e-05	7.32275697493e-05	8.6150082058e-06	0.000456595434907	3.87675369261e-05	8.6150082058e-05	0.000314447799512	0
0.000525515500554	1.72300164116e-05	7.32275697493e-05	0	0.000198145188733	0.00240789479352	0.00268357505611	0.00116733361189	0.000641818111332	0.00292479528587	0.00075812072211	1.72300164116e-05	0.000865808324682	1.72300164116e-05	0.000551360525171	0.0104112374167	0.000387675369261	0	1.29225123087e-05	4.3075041029e-06	0.000292910278997	0.0010381084888	8.6150082058e-05	0.000167992660013	0.000990725943666	0	2.58450246174e-05	0.000120610114881	0.00164977407141	0.000258450246174	0.000508285484142	0	0.000301525287203	0	0.000206760196939	0	8.6150082058e-06	2.58450246174e-05	0	1.72300164116e-05	0	8.6150082058e-06	0	4.3075041029e-06	0.000960573414946	4.3075041029e-06	1.29225123087e-05	6.03050574406e-05	0	0	1.29225123087e-05	1.29225123087e-05	0	1.29225123087e-05	0	3.87675369261e-05	4.3075041029e-05	0.000176607668219	2.58450246174e-05	4.73825451319e-05	0	4.3075041029e-06	3.01525287203e-05	0.000232605221556	0	4.3075041029e-06	0	0	0	1.72300164116e-05	0.00351492334796	3.01525287203e-05	0.00019383768463	0.000206760196939	0.00189530180527	0.000249835237968	3.87675369261e-05	0.000607358078509	3.44600328232e-05	5.59975533377e-05	5.16900492348e-05	3.87675369261e-05	3.87675369261e-05	0
0.000417827897981	0.000779658242624	9.47650902637e-05	0	0	0	0	7.75350738522e-05	4.3075041029e-06	0.00279987766688	4.3075041029e-06	1.29225123087e-05	2.58450246174e-05	4.3075041029e-06	0.00032737031182	0.000387675369261	0.0207320172472	3.87675369261e-05	0	0	4.3075041029e-06	0.00596158567841	0.0135169478749	0.00796457508626	0.00756828470879	0	0.000206760196939	0.00552222025991	0.00227005466223	0.000568590541582	0.000241220229762	0	0	4.3075041029e-06	0.000215375205145	0	0.000172300164116	1.72300164116e-05	0	8.6150082058e-06	0	1.29225123087e-05	0	8.6150082058e-06	0.000521207996451	0	8.6150082058e-06	7.75350738522e-05	0	0	4.3075041029e-06	0.00379060361055	0	4.3075041029e-06	4.3075041029e-06	7.32275697493e-05	0.0019340693422	0.00610804081791	0.000189530180527	0.000521207996451	4.3075041029e-06	1.72300164116e-05	0.000314447799512	0.00211067701042	0	0	0	0	0	8.6150082058e-06	0.00210206200221	0.00117594862009	0.000215375205145	2.58450246174e-05	3.01525287203e-05	0	0	0.000702123168772	0.000180915172322	4.3075041029e-06	0	4.3075041029e-06	0	0
0.000116302610778	2.58450246174e-05	0.00663355631846	0	4.3075041029e-06	0	8.6150082058e-06	0.000107687602572	0	1.29225123087e-05	4.3075041029e-05	6.89200656464e-05	4.3075041029e-06	4.3075041029e-06	0.00010338009847	0	3.87675369261e-05	0.0187204128312	7.32275697493e-05	0.00358815091771	1.72300164116e-05	0.0013439412801	4.73825451319e-05	0.00500531976757	8.6150082058e-06	0	0.00848578308271	0.00286449022843	0.000331677815923	7.75350738522e-05	0.00136547880062	0	8.6150082058e-06	1.72300164116e-05	0.00360538093413	0	0.000215375205145	6.03050574406e-05	0	0	0	4.3075041029e-06	0	4.3075041029e-06	0	0	0	4.3075041029e-06	0	0	4.3075041029e-06	4.3075041029e-06	4.3075041029e-06	0	9.04575861609e-05	0	4.3075041029e-06	0	1.72300164116e-05	4.3075041029e-06	0	0.000827040787756	0.000241220229762	4.3075041029e-06	8.6150082058e-06	8.6150082058e-06	0	0	8.6150082058e-06	8.6150082058e-06	0.00125348369394	0.000314447799512	0.00258880996584	0.000456595434907	0	4.3075041029e-06	0	0.000150762643601	4.3075041029e-05	6.46125615435e-05	0	1.29225123087e-05	4.3075041029e-06	0
0.00086150082058	8.6150082058e-06	0.000413520393878	0	2.58450246174e-05	0	0.00010338009847	0.00078827325083	4.3075041029e-06	0.000120610114881	0.000766735730316	0.0047554845296	0.000607358078509	1.29225123087e-05	0.000124917618984	1.29225123087e-05	0	7.32275697493e-05	0.00663786382257	0.00175746167398	0.000671970640052	1.29225123087e-05	0	0.000228297717454	0	0	0.00467364195164	0.000396290377467	0.000986418439564	0.00108979853803	2.15375205145e-05	0	0	0	0.0013310187678	0	2.15375205145e-05	2.15375205145e-05	0	0	0	4.3075041029e-06	0	4.3075041029e-06	9.90725943666e-05	0	2.15375205145e-05	4.3075041029e-06	0	0	0	4.3075041029e-06	0	2.15375205145e-05	0	4.3075041029e-06	0	6.46125615435e-05	6.03050574406e-05	0	0	4.73825451319e-05	6.46125615435e-05	0	0	0	0	0	0	1.29225123087e-05	0.00347615581104	0.001632544055	0.00375183607362	0.000603050574406	0	0	4.3075041029e-06	0.000396290377467	2.15375205145e-05	8.18425779551e-05	1.72300164116e-05	0	0.00010338009847	0
0.00111564356265	2.58450246174e-05	0.000689200656464	0	6.03050574406e-05	0	0.000353215336438	0.00225713214992	4.3075041029e-06	0.000284295270791	0.00151624144422	0.00447118925881	0.000676278144155	4.3075041029e-06	0.000258450246174	4.3075041029e-06	0	0.00358815091771	0.00175746167398	0.017204171387	0.001046723497	0.000387675369261	4.3075041029e-06	0.000801195763139	4.3075041029e-06	0	0.00949804654689	0.000538438012862	0.00253711991661	0.0025328124125	0.000753813218007	0	8.6150082058e-06	6.46125615435e-05	0.00960142664536	0	5.16900492348e-05	8.6150082058e-06	0	0	0	1.72300164116e-05	0	1.29225123087e-05	0.000219682709248	0	4.3075041029e-06	8.6150082058e-06	0	0	1.29225123087e-05	4.3075041029e-06	0	4.3075041029e-06	8.6150082058e-06	0	1.72300164116e-05	4.3075041029e-06	3.87675369261e-05	0	1.72300164116e-05	0.000116302610778	5.16900492348e-05	1.72300164116e-05	0	0	0	0	0	5.59975533377e-05	0.00289464275715	0.00119748614061	0.00747782712263	0.000689200656464	0	4.3075041029e-06	0	0.000262757750277	3.01525287203e-05	0.000215375205145	3.44600328232e-05	4.3075041029e-05	0.000249835237968	0
0.0115441109958	0	6.03050574406e-05	0	0.0132757276451	0.00154639397294	0.00502254978398	0.00954542909202	0.00206329446529	0.00245096983455	0.025659801941	0.00394998126236	0.0231959095941	0.000671970640052	0.00419550899622	0.000292910278997	4.3075041029e-06	1.72300164116e-05	0.000671970640052	0.001046723497	0.0404259260057	1.72300164116e-05	0	2.15375205145e-05	0.00488901715679	0.00019383768463	0.00158516150987	5.16900492348e-05	0.0190262456225	0.012517606923	3.44600328232e-05	0	8.6150082058e-06	0.000211067701042	0.0116216460696	8.6150082058e-06	0	4.3075041029e-06	0	0.00161100653448	7.75350738522e-05	0.000740890705698	0.000202452692836	0.000452287930804	0.00491916968551	0.0016411590632	2.15375205145e-05	0.00534130508759	2.15375205145e-05	0	0.00113287357906	0	0	4.3075041029e-06	0	0.00398013379108	0	1.29225123087e-05	4.3075041029e-06	0.00482009709114	0	1.29225123087e-05	1.72300164116e-05	0.00317463052384	0	0	0	8.18425779551e-05	0	0.000185222676425	0.00131378875138	0.00223990213351	0.00948943153868	0.00315309300332	1.29225123087e-05	6.03050574406e-05	9.90725943666e-05	4.3075041029e-05	3.01525287203e-05	3.87675369261e-05	1.72300164116e-05	0.000577205549788	0.000107687602572	1.29225123087e-05
0.00130948124728	7.32275697493e-05	0.00420843150853	0	1.72300164116e-05	8.18425779551e-05	7.32275697493e-05	0.00397582628697	4.3075041029e-05	6.03050574406e-05	0.000637510607229	2.58450246174e-05	0.000146455139499	3.44600328232e-05	0.00173592415347	0.0010381084888	0.00596158567841	0.0013439412801	1.29225123087e-05	0.000387675369261	1.72300164116e-05	0.0498679749992	0.00432473411931	0.0269951282129	0.000904575861609	0	0.0031143254664	0.0028214151874	0.0117594862009	0.00140855384165	0.0109755204542	0	1.72300164116e-05	0.000340292824129	0.00458749186959	0	0.000232605221556	8.6150082058e-06	0	0	0	2.15375205145e-05	0	1.29225123087e-05	4.73825451319e-05	0	0	3.44600328232e-05	0	4.3075041029e-06	8.6150082058e-06	0.00271803508893	0	0	8.6150082058e-06	2.58450246174e-05	0.00092180587802	0.00430319659879	0.000796888259036	0.000275680262585	0	1.72300164116e-05	0.000262757750277	0.00119748614061	4.3075041029e-06	0	0	0	0	8.6150082058e-06	0.0115613410122	0.0031272479787	0.00328231812641	0.000628895599023	0	5.59975533377e-05	0	0.00072796819339	0.000447980426701	1.72300164116e-05	3.44600328232e-05	5.16900492348e-05	4.3075041029e-05	0
8.6150082058e-06	0.00569452042403	0.00114579609137	0	0	0	0	8.6150082058e-06	0	0.00626741846972	0	1.29225123087e-05	0	0.000116302610778	8.6150082058e-06	8.6150082058e-05	0.0135169478749	4.73825451319e-05	0	4.3075041029e-06	0	0.00432473411931	0.0298725409536	0.00964019418228	0.0081799502914	0.000693508160567	0.0017833066986	0.0146584364622	0.000930420886226	4.3075041029e-06	8.6150082058e-05	1.29225123087e-05	0	0	3.01525287203e-05	0	0.00260603998225	2.58450246174e-05	0	8.6150082058e-06	0	2.58450246174e-05	0	9.47650902637e-05	0.00108979853803	0	1.72300164116e-05	9.47650902637e-05	4.3075041029e-06	4.3075041029e-05	3.01525287203e-05	0.00697815664669	0	2.15375205145e-05	1.29225123087e-05	8.18425779551e-05	0.00221836461299	0.0113976558563	0.00149470392371	0.000391982873364	2.58450246174e-05	6.46125615435e-05	0.00365276347926	0.00236912725659	0.000116302610778	4.3075041029e-06	0	0	3.44600328232e-05	8.6150082058e-05	0.000874423332888	0.00078827325083	3.01525287203e-05	0	5.16900492348e-05	0	0	0.000874423332888	0.000167992660013	2.58450246174e-05	4.3075041029e-06	4.3075041029e-06	4.3075041029e-06	0
0.00314447799512	0.000172300164116	0.023652505029	0	1.29225123087e-05	7.32275697493e-05	0.000120610114881	0.00616834587535	0.000167992660013	0.000180915172322	0.00149470392371	0.000292910278997	0.000185222676425	4.3075041029e-05	0.0044625742506	0.000167992660013	0.00796457508626	0.00500531976757	0.000228297717454	0.000801195763139	2.15375205145e-05	0.0269951282129	0.00964019418228	0.0897856155208	0.000159377651807	0	0.00603050574406	0.011221048188	0.0109410604214	0.000749505713904	0.00715907181902	0	0.000146455139499	0.000228297717454	0.00328662563051	0	0.000590128062097	0.00132240375959	0	0	0	0.000172300164116	0	5.59975533377e-05	9.04575861609e-05	0	0.000116302610778	0.000180915172322	0	0	0.000129225123087	0.00909314116122	1.72300164116e-05	0.00010338009847	9.04575861609e-05	7.75350738522e-05	0.000211067701042	0.0134049527682	0.00852885812374	0.000228297717454	0	0.000387675369261	0.00174023165757	0.000344600328232	4.3075041029e-06	0	0	0	0	6.03050574406e-05	0.0254358117276	0.00659478878154	0.00576344048968	0.00143009136216	3.01525287203e-05	5.59975533377e-05	0	0.00263188500687	0.00156362398935	0.000146455139499	6.46125615435e-05	0.000111995106675	4.3075041029e-05	0
0.00165838907962	0.00128363622266	6.89200656464e-05	0	0.0137409380882	0.000202452692836	0.000348907832335	0.00699538666311	0.000241220229762	0.0200600466072	0.00394136625415	7.32275697493e-05	0.00334262318385	2.58450246174e-05	0.000680585648258	0.000990725943666	0.00756828470879	8.6150082058e-06	0	4.3075041029e-06	0.00488901715679	0.000904575861609	0.0081799502914	0.000159377651807	0.0499885851141	3.87675369261e-05	0.000142147635396	0.00397582628697	0.022898691811	0.00226143965402	0.000960573414946	0	1.72300164116e-05	0.000801195763139	0.00188668679707	2.15375205145e-05	0.000400597881569	2.15375205145e-05	0	0.00450134178753	5.16900492348e-05	0.000689200656464	0.000271372758483	0.000740890705698	0.0154510172171	0.000857193316477	3.44600328232e-05	0.00563421536659	0	0.000736583201595	0.000895960853403	6.89200656464e-05	4.3075041029e-06	3.01525287203e-05	2.15375205145e-05	0.00529392254246	0.00121902366112	0.00174453916167	4.3075041029e-05	0.00993310446128	0	1.29225123087e-05	0.000542745516965	0.0049105546773	0.00141286134575	9.47650902637e-05	0	3.01525287203e-05	3.87675369261e-05	0.00155500898115	0.00113718108316	0.000228297717454	0.00161962154269	0.000447980426701	0.000314447799512	8.6150082058e-05	0	0.000715045681081	6.89200656464e-05	0.00062458809492	0.000180915172322	0.000516900492348	0.00078827325083	8.6150082058e-06
0.000198145188733	0.000926113382123	0	0	8.6150082058e-06	0	0	0.000116302610778	8.6150082058e-06	0.000116302610778	0.000206760196939	0.00100795596008	0.000155070147704	0.00824456285295	2.15375205145e-05	0	0	0	0	0	0.00019383768463	0	0.000693508160567	0	3.87675369261e-05	0.0110142879911	0.00227436216633	0.00185222676425	0.000185222676425	0.000228297717454	0	0.00115010359547	0	0	0.000228297717454	0	1.72300164116e-05	0	0	0	0	4.3075041029e-06	0	1.72300164116e-05	0	0	0.00270942008072	0	0.00503116479218	0	0	0	0	8.6150082058e-06	0	0	0	0	0	0	0.00332970067154	0.0002972177831	0.00105533850521	0	0	0	0.000422135402084	0	0	2.15375205145e-05	8.6150082058e-06	0.00086150082058	0.000374752856952	8.6150082058e-06	0	0	0.000413520393878	8.6150082058e-06	0.000715045681081	3.87675369261e-05	1.29225123087e-05	4.3075041029e-06	0	0.000172300164116
0.00196852937502	0.00339862073719	0.00842978552937	0	0.000232605221556	8.6150082058e-06	0.000288602774894	0.0020848319858	0.00013353262719	0.00086150082058	0.0020848319858	0.0101226346418	0.00095195840674	0.00581513053891	0.00128794372677	2.58450246174e-05	0.000206760196939	0.00848578308271	0.00467364195164	0.00949804654689	0.00158516150987	0.0031143254664	0.0017833066986	0.00603050574406	0.000142147635396	0.00227436216633	0.0987366090466	0.018001059646	0.0029678703269	0.0032737031182	0.00245958484275	0.0040145938239	2.15375205145e-05	0.000211067701042	0.0104801574824	6.46125615435e-05	0.0105447700439	0.000400597881569	0	1.29225123087e-05	8.6150082058e-06	0.000146455139499	1.72300164116e-05	0.000318755303614	0.000185222676425	0	0.00350200083566	0.000107687602572	0.00711168927388	4.3075041029e-05	8.18425779551e-05	7.75350738522e-05	0.000279987766688	0.000964880919049	0.00114579609137	2.58450246174e-05	0.00019383768463	0.000404905385672	0.000305832791306	3.01525287203e-05	0.0108333728188	0.0196809862461	0.0151150318971	0.000189530180527	4.3075041029e-06	3.87675369261e-05	0.00153777896473	8.6150082058e-05	0	0.000254142742071	0.0180096746542	0.0113631958234	0.0135514079077	0.00311001796229	1.72300164116e-05	0	8.6150082058e-06	0.00195560686272	0.000874423332888	0.000318755303614	0.000129225123087	0.00019383768463	0.000120610114881	2.58450246174e-05
0.000581513053891	0.012306539222	0.0256511869328	0	2.58450246174e-05	0	3.44600328232e-05	0.000473825451319	0	0.00351492334796	0.00013353262719	0.000568590541582	2.58450246174e-05	0.0023777422648	0.00065474062364	0.000120610114881	0.00552222025991	0.00286449022843	0.000396290377467	0.000538438012862	5.16900492348e-05	0.0028214151874	0.0146584364622	0.011221048188	0.00397582628697	0.00185222676425	0.018001059646	0.0763289727033	0.00176607668219	0.000176607668219	0.00185653426835	0.000206760196939	3.01525287203e-05	8.6150082058e-06	0.00136547880062	0	0.0166054283167	0.00117164111599	0	0	8.6150082058e-06	0.000111995106675	0	0.000167992660013	0.0002972177831	4.3075041029e-06	0.000374752856952	8.18425779551e-05	0.000628895599023	3.87675369261e-05	6.46125615435e-05	0.00259311746994	1.29225123087e-05	0.000275680262585	0.000215375205145	3.87675369261e-05	4.3075041029e-05	0.00693938910977	0.00165408157551	6.46125615435e-05	0.00346323329873	0.00485886462807	0.0227177766387	3.44600328232e-05	9.90725943666e-05	4.3075041029e-06	0.000107687602572	8.6150082058e-06	3.01525287203e-05	9.47650902637e-05	0.00540161014503	0.00119748614061	0.00223990213351	0.000521207996451	8.6150082058e-05	1.29225123087e-05	4.3075041029e-06	0.00160669903038	0.000607358078509	0.000111995106675	4.73825451319e-05	5.59975533377e-05	1.29225123087e-05	4.3075041029e-06
0.0218218157853	0.000137840131293	0.00444965173829	0	0.0159334576766	0.00078827325083	0.0038638311803	0.0543477792663	0.00226574715812	0.017122328809	0.0343523452206	0.00428596658238	0.00953681408382	0.000400597881569	0.0152442570202	0.00164977407141	0.00227005466223	0.000331677815923	0.000986418439564	0.00253711991661	0.0190262456225	0.0117594862009	0.000930420886226	0.0109410604214	0.022898691811	0.000185222676425	0.0029678703269	0.00176607668219	0.110371177629	0.0220802660315	0.0192071607948	0	7.32275697493e-05	0.00456164684497	0.017204171387	1.29225123087e-05	0.000150762643601	6.03050574406e-05	0	0.00435488664803	3.01525287203e-05	0.00078827325083	0.000508285484142	0.000870115828785	0.0184835001055	0.00170146412064	7.32275697493e-05	0.00601758323175	2.58450246174e-05	0.000628895599023	0.000245527733865	9.90725943666e-05	4.3075041029e-06	6.03050574406e-05	3.44600328232e-05	0.00546622270658	0.000443672922598	0.000542745516965	0.000159377651807	0.0103466248552	0	8.18425779551e-05	0.0002972177831	0.00618988339586	0.00262326999866	7.75350738522e-05	0	3.01525287203e-05	5.59975533377e-05	0.00404905385672	0.00499670475936	0.00191253182169	0.0168854160834	0.00486317213217	0.000473825451319	0.000335985320026	9.47650902637e-05	0.0008916533493	7.32275697493e-05	0.00319616804435	0.000999340951872	0.000447980426701	0.00274388011355	1.29225123087e-05
0.0225024014335	4.3075041029e-06	0.000223990213351	0	0.00470379448036	0.000848578308271	0.00124486868574	0.0141716884985	0.00448411177112	0.004018901328	0.0145636713719	0.00969188423152	0.00776642989752	0.00154208646884	0.0183542749824	0.000258450246174	0.000568590541582	7.75350738522e-05	0.00108979853803	0.0025328124125	0.012517606923	0.00140855384165	4.3075041029e-06	0.000749505713904	0.00226143965402	0.000228297717454	0.0032737031182	0.000176607668219	0.0220802660315	0.0620280590817	0.00723229938877	0	0.000986418439564	0.00606496577688	0.0264394601836	1.29225123087e-05	1.29225123087e-05	3.44600328232e-05	0	0.000357522840541	0.000447980426701	0.00132240375959	6.46125615435e-05	0.00113718108316	0.00329524063872	0.000615973086714	7.75350738522e-05	0.00161100653448	3.01525287203e-05	4.73825451319e-05	0.000615973086714	0	4.3075041029e-06	9.04575861609e-05	2.15375205145e-05	0.0011845636283	1.29225123087e-05	1.29225123087e-05	2.15375205145e-05	0.00169715661654	0	0.000107687602572	0.000120610114881	0.000659048127743	0.000249835237968	8.6150082058e-06	0	0.000271372758483	1.29225123087e-05	0.00173161664936	0.00160669903038	0.00518192743579	0.0232303696269	0.00845132304989	0.000116302610778	0.000422135402084	0.000357522840541	0.000895960853403	9.90725943666e-05	0.00273526510534	0.00118025612419	0.000792580754933	0.00194268435041	5.16900492348e-05
0.00571175044044	2.58450246174e-05	0.00362691845464	0	4.73825451319e-05	8.6150082058e-06	8.6150082058e-06	0.0121127015373	4.3075041029e-06	0.0049105546773	0.000211067701042	3.44600328232e-05	3.01525287203e-05	4.3075041029e-06	0.00469087196806	0.000508285484142	0.000241220229762	0.00136547880062	2.15375205145e-05	0.000753813218007	3.44600328232e-05	0.0109755204542	8.6150082058e-05	0.00715907181902	0.000960573414946	0	0.00245958484275	0.00185653426835	0.0192071607948	0.00723229938877	0.0456552359866	0	2.58450246174e-05	0.000628895599023	0.00704707671234	4.3075041029e-06	7.75350738522e-05	3.44600328232e-05	0	0	1.72300164116e-05	0.000167992660013	9.90725943666e-05	0.000206760196939	0.0038681386844	0	3.01525287203e-05	2.58450246174e-05	0	0.000422135402084	8.18425779551e-05	0	4.3075041029e-06	3.44600328232e-05	3.01525287203e-05	8.6150082058e-06	8.6150082058e-06	8.6150082058e-06	0.000120610114881	8.6150082058e-06	0	6.46125615435e-05	0.000206760196939	5.59975533377e-05	0.00192114682989	1.29225123087e-05	0	4.3075041029e-06	2.58450246174e-05	0.00211929201863	0.00235189724018	5.16900492348e-05	0.00586251308404	0.00106826101752	5.59975533377e-05	1.72300164116e-05	0	0.000404905385672	4.3075041029e-05	0.00132671126369	0.000409212889775	0.000189530180527	0.000723660689287	4.3075041029e-06
0	5.16900492348e-05	0	0	0	0	0	0	0	0	0	0.00160239152628	0	0.00286879773253	0	0	0	0	0	0	0	0	1.29225123087e-05	0	0	0.00115010359547	0.0040145938239	0.000206760196939	0	0	0	0.00512162237835	0	0	0	0	4.3075041029e-06	0	0	0	0	0	0	8.6150082058e-06	0	0	0.00121040865291	0	0.00308417293767	0	0	0	0	2.58450246174e-05	0	0	0	0	0	0	0.00162392904679	0.00065474062364	0.00189530180527	0	0	0	0.000697815664669	0	0	8.6150082058e-06	3.44600328232e-05	0.000129225123087	4.3075041029e-06	4.3075041029e-06	0	0	0	4.3075041029e-06	3.44600328232e-05	8.6150082058e-06	0	0	0	8.6150082058e-06
1.72300164116e-05	0	3.01525287203e-05	0	1.29225123087e-05	0.00188668679707	0.000288602774894	3.87675369261e-05	0.000404905385672	8.6150082058e-06	3.01525287203e-05	0.000198145188733	8.6150082058e-06	0.00016368515591	8.18425779551e-05	0.000301525287203	0	8.6150082058e-06	0	8.6150082058e-06	8.6150082058e-06	1.72300164116e-05	0	0.000146455139499	1.72300164116e-05	0	2.15375205145e-05	3.01525287203e-05	7.32275697493e-05	0.000986418439564	2.58450246174e-05	0	0.00435488664803	3.01525287203e-05	0.00111995106675	0	0	0	0	0	0.000590128062097	0.000439365418496	0	0.000590128062097	4.3075041029e-06	0	0	1.72300164116e-05	0	0	5.59975533377e-05	0	0	0	0	0	0	0	2.58450246174e-05	0	0	0	1.29225123087e-05	0	0	0	0	0.000340292824129	0	9.04575861609e-05	0.00013353262719	0.000120610114881	0.00236051224839	0.0020848319858	0.000271372758483	0.00095195840674	4.73825451319e-05	2.15375205145e-05	0	0.00019383768463	0.00072796819339	5.16900492348e-05	0.000590128062097	8.6150082058e-06
0.00043075041029	4.3075041029e-06	3.87675369261e-05	0	0.000814118275448	2.58450246174e-05	0.000180915172322	0.00348046331514	0.00010338009847	0.000663355631846	0.000633203103126	5.16900492348e-05	5.59975533377e-05	1.29225123087e-05	0.000245527733865	0	4.3075041029e-06	1.72300164116e-05	0	6.46125615435e-05	0.000211067701042	0.000340292824129	0	0.000228297717454	0.000801195763139	0	0.000211067701042	8.6150082058e-06	0.00456164684497	0.00606496577688	0.000628895599023	0	3.01525287203e-05	0.007576899717	0.00322632057307	0	8.6150082058e-06	1.72300164116e-05	0	1.72300164116e-05	0	0.000435057914393	1.72300164116e-05	5.16900492348e-05	0.000572898045685	4.3075041029e-06	3.44600328232e-05	3.44600328232e-05	0	1.29225123087e-05	0.000443672922598	0	0	7.32275697493e-05	8.6150082058e-06	4.3075041029e-06	0	0	8.6150082058e-06	1.29225123087e-05	0	7.32275697493e-05	6.03050574406e-05	4.3075041029e-06	0.00013353262719	0	0	0	0	0.000383367865158	9.04575861609e-05	6.46125615435e-05	0.00247681485917	0.000607358078509	0	0.000228297717454	0	0.000534130508759	5.16900492348e-05	0.000387675369261	0.000155070147704	0.000568590541582	0.000323062807717	0
0.0151193394012	3.87675369261e-05	0.00143870637037	0	0.0050613173209	0.00123194617343	0.00111133605855	0.0113631958234	0.00216236705965	0.0023734347607	0.0131809625549	0.0117939462337	0.0069867716549	0.00177038418629	0.00712461178619	0.000206760196939	0.000215375205145	0.00360538093413	0.0013310187678	0.00960142664536	0.0116216460696	0.00458749186959	3.01525287203e-05	0.00328662563051	0.00188668679707	0.000228297717454	0.0104801574824	0.00136547880062	0.017204171387	0.0264394601836	0.00704707671234	0	0.00111995106675	0.00322632057307	0.0575697923352	8.6150082058e-06	0.000292910278997	3.01525287203e-05	0	0.000391982873364	7.75350738522e-05	0.0005944355662	6.03050574406e-05	0.000559975533377	0.00225282464582	0.000555668029274	6.46125615435e-05	0.0014903964196	3.01525287203e-05	2.58450246174e-05	0.000180915172322	4.3075041029e-06	0	3.87675369261e-05	7.75350738522e-05	0.00107687602572	3.44600328232e-05	3.01525287203e-05	0.000111995106675	0.00174023165757	0	0.000262757750277	0.000271372758483	0.000680585648258	0.000180915172322	2.15375205145e-05	0	7.32275697493e-05	4.3075041029e-06	0.000779658242624	0.00351492334796	0.00553945027633	0.0420757000771	0.0111047455773	0.000198145188733	0.0013353262719	0.000482440459525	0.000370445352849	5.59975533377e-05	0.000969188423152	0.000447980426701	0.000249835237968	0.000822733283653	3.44600328232e-05
