0.0120996410045	1.3166094673e-05	2.19434911217e-05	0	7.8996568038e-05	0	0.000860184851969	0.00179058887553	0.00223384739619	0.000144827041403	0.000337929763274	0	0.000320374970376	8.77739644867e-06	0.00489339852013	1.75547928973e-05	7.8996568038e-05	8.77739644867e-06	0	4.38869822433e-06	8.77739644867e-05	0.000535421183369	6.14417751407e-05	0.000430092425985	0.000421315029536	0	0	2.19434911217e-05	0.000592474260285	0.00736423562043	0.00381816745517	0	4.38869822433e-06	0.00163259573945	0.00155798786964	0	0	0	0	8.77739644867e-06	0	4.38869822433e-06	1.75547928973e-05	0	0.000109717455608	1.3166094673e-05	0	1.75547928973e-05	0	4.38869822433e-06	0	0	0	0	0	8.77739644867e-06	4.38869822433e-06	0	0	7.02191715893e-05	0	0	0	4.82756804677e-05	4.38869822433e-06	0	0	0	0	0	0.000241378402338	2.19434911217e-05	0.000544198579817	0.000118494852057	5.2664378692e-05	1.75547928973e-05	0	0	0	0	0	4.38869822433e-06	0	0
1.3166094673e-05	0.0171993083412	0.0035899551475	0	0	0	4.38869822433e-06	4.38869822433e-06	4.38869822433e-06	2.6332189346e-05	0	0.000223823609441	4.38869822433e-06	7.46078698137e-05	8.77739644867e-06	1.3166094673e-05	6.14417751407e-05	0.00154043307674	5.2664378692e-05	0.000548587278042	0	0.000241378402338	0.00169403751459	0.00134733035487	2.6332189346e-05	0.00167209402347	0.00366895171554	0.0090714392297	4.82756804677e-05	5.2664378692e-05	7.8996568038e-05	2.6332189346e-05	0	3.07208875703e-05	0.000930404023559	0	0.00342318461498	0.000601251656734	0	4.38869822433e-06	0	4.38869822433e-06	1.75547928973e-05	4.38869822433e-06	2.19434911217e-05	0	0.000219434911217	0	3.51095857947e-05	4.38869822433e-06	0	0.000166770532525	0.000517866390471	9.65513609353e-05	0.000302820177479	0	0.00013166094673	0.00042570372776	0.000710969112342	1.75547928973e-05	8.33852662623e-05	0.00107523106496	0.00210657514768	3.07208875703e-05	0	1.3166094673e-05	0	0	0	0.000254544497011	0.000561753372715	0.000961124911129	0.000807520473277	0.000487145502901	3.51095857947e-05	2.19434911217e-05	1.3166094673e-05	0.000228212307665	0.00124639029571	0.000434481124209	0.000122883550281	4.38869822433e-06	0	0
2.19434911217e-05	0.0035899551475	0.0296939321858	0	0	8.77739644867e-06	8.77739644867e-06	7.02191715893e-05	2.6332189346e-05	3.51095857947e-05	4.38869822433e-06	0.000223823609441	4.38869822433e-06	5.70530769163e-05	4.38869822433e-05	2.19434911217e-05	0.000245767100563	0.00769777668548	4.82756804677e-05	0.00111034065076	4.38869822433e-06	0.0014965460945	0.0011717824259	0.0109893003537	0.000114106153833	0.000144827041403	0.00692097709977	0.0112438448507	0.000223823609441	0.000197491420095	0.000465202011779	0	4.38869822433e-06	0.000109717455608	0.00388399792853	4.38869822433e-06	0.000899683135988	0.00029404278103	0	4.38869822433e-06	0	4.38869822433e-06	2.19434911217e-05	8.77739644867e-06	4.38869822433e-05	0	4.38869822433e-05	0	1.3166094673e-05	4.38869822433e-06	0	9.65513609353e-05	0.000157993136076	8.77739644867e-06	5.2664378692e-05	4.38869822433e-06	9.65513609353e-05	0.000399371538414	0.000443258520658	3.9498284019e-05	8.77739644867e-06	0.000258933195236	0.000719746508791	2.19434911217e-05	0	1.3166094673e-05	0	0	0	9.2162662711e-05	0.00226456828376	0.00264638502927	0.00314230792862	0.00181253236665	0.000127272248506	0.000114106153833	3.07208875703e-05	0.000140438343179	0.000473979408228	0.000140438343179	4.82756804677e-05	8.77739644867e-06	4.38869822433e-06	4.38869822433e-06
0	0	0	0	0	0	0	0	0	0	0	0	0	0	0	0	0	0	0	0	0	0	0	0	0	0	0	0	0	0	0	0	0	0	0	0	0	0	0	0	0	0	0	0	0	0	0	0	0	0	0	0	0	0	0	0	0	0	0	0	0	0	0	0	0	0	0	0	0	0	0	0	0	0	0	0	0	0	0	0	0	0	0	0
7.8996568038e-05	0	0	0	0.019152279051	0	0.000987457100475	0.00155798786964	0.000228212307665	0.000351095857947	0.00118494852057	0	0.00451597047284	0	0.000127272248506	7.02191715893e-05	1.3166094673e-05	0	0	0	0.00944008988054	4.38869822433e-05	1.3166094673e-05	3.51095857947e-05	0.0121259731938	0	0	0	0.00473540538405	0.000416926331312	0.000250155798787	0	0	0.000114106153833	0.000149215739627	4.38869822433e-06	0	0	0	0.00106206497029	0	3.07208875703e-05	3.07208875703e-05	0	9.65513609353e-05	0.000386205443741	0	0.000640749940753	0	4.38869822433e-06	0	0	0	0	0	0.00126833378683	0	4.38869822433e-06	0	9.65513609353e-05	0	0	0	0.000144827041403	0	4.38869822433e-06	0	0	0	0	4.82756804677e-05	0	4.38869822433e-05	4.38869822433e-06	8.33852662623e-05	4.38869822433e-06	0	0	0	0	0	0	0	0
0	0	8.77739644867e-06	0	0	0.0037698917747	0.00139560603534	0	0.000258933195236	0	0	0	0	0	6.5830473365e-05	0.000346707159722	0	1.75547928973e-05	0	0	0	8.77739644867e-06	0	1.75547928973e-05	0	0	0	1.3166094673e-05	0	9.2162662711e-05	8.77739644867e-06	0	0.000377428047293	4.38869822433e-06	0.000157993136076	0	0	0	0	0	0	0	0	0	0	0	0	0	0	0	0	0	4.38869822433e-06	0	0	0	0	0	0	0	0	0	0	0	0	0	0	0	0	0	3.07208875703e-05	8.77739644867e-06	6.5830473365e-05	6.5830473365e-05	0.00153604437852	0.000258933195236	0	2.19434911217e-05	4.38869822433e-06	8.77739644867e-06	4.38869822433e-06	0	4.38869822433e-06	0
0.000860184851969	4.38869822433e-06	8.77739644867e-06	0	0.000987457100475	0.00139560603534	0.0382343389304	0.00264638502927	0.0115247215371	0.0001623818343	0.00906705053147	1.3166094673e-05	0.00899244266166	4.38869822433e-06	0.00444575130125	0.000561753372715	2.6332189346e-05	1.75547928973e-05	0	0	0.00209779775123	0.000136049644954	1.75547928973e-05	0.00013166094673	0.001838864556	4.38869822433e-06	8.77739644867e-06	2.19434911217e-05	0.00119811461524	0.0047968471592	0.000868962248418	0	0.00105328757384	0.000680248224772	0.00233917615357	0	4.38869822433e-06	0	0	2.19434911217e-05	0	4.38869822433e-06	2.19434911217e-05	0	9.2162662711e-05	4.38869822433e-06	0	1.3166094673e-05	0	0	0	4.38869822433e-06	0	0	0	2.6332189346e-05	0	1.75547928973e-05	4.38869822433e-06	8.33852662623e-05	0	0	4.38869822433e-06	2.19434911217e-05	0	4.38869822433e-06	0	0	0	0	0.000241378402338	1.75547928973e-05	0.000785576982156	0.000166770532525	0.000847018757296	0.000201880118319	4.38869822433e-06	0	0	0	0	0	0	0
0.00179058887553	4.38869822433e-06	7.02191715893e-05	0	0.00155798786964	0	0.00264638502927	0.0299440879846	0.00292726171563	0.000719746508791	0.00394105100545	8.77739644867e-06	0.00154921047319	0	0.00128149988151	6.14417751407e-05	0.000285265384582	3.51095857947e-05	0	8.77739644867e-06	0.00100062319515	0.00127711118328	0.00023260100589	0.000969902307578	0.00531471354967	0	1.3166094673e-05	6.5830473365e-05	0.00959369431839	0.00576674946677	0.00714480070921	0	0	0.00224701349086	0.0024357275145	1.75547928973e-05	0	0	0	7.02191715893e-05	0	1.75547928973e-05	0.00010094005916	1.3166094673e-05	0.000710969112342	6.5830473365e-05	0	4.38869822433e-05	0	8.77739644867e-06	0	2.19434911217e-05	0	0	0	6.5830473365e-05	0	6.5830473365e-05	8.77739644867e-06	0.000579308165612	0	0	0	0.000188714023646	8.77739644867e-06	1.75547928973e-05	0	0	0	8.77739644867e-06	0.000403760236639	5.2664378692e-05	0.000741689999912	0.000179936627198	0.000201880118319	3.51095857947e-05	4.38869822433e-06	1.75547928973e-05	8.77739644867e-06	0	4.38869822433e-06	8.77739644867e-06	0	0
0.00223384739619	4.38869822433e-06	2.6332189346e-05	0	0.000228212307665	0.000258933195236	0.0115247215371	0.00292726171563	0.0329547349665	8.77739644867e-05	0.00253227887544	3.9498284019e-05	0.000974291005802	8.77739644867e-06	0.0129071614778	0.000166770532525	5.70530769163e-05	3.51095857947e-05	0	4.38869822433e-06	0.000346707159722	0.000285265384582	1.3166094673e-05	0.000236989704114	0.000724135207015	0	8.77739644867e-06	1.75547928973e-05	0.000588085562061	0.00858868242502	0.00161942964478	0	0.00165453923057	0.00114983893478	0.00349340378657	0	0	0	0	1.75547928973e-05	0	4.38869822433e-06	1.75547928973e-05	0	0.000109717455608	1.3166094673e-05	0	1.75547928973e-05	0	0	0	8.77739644867e-06	0	0	0	1.75547928973e-05	4.38869822433e-06	1.3166094673e-05	0	7.46078698137e-05	0	0	8.77739644867e-06	2.19434911217e-05	0	4.38869822433e-06	0	0	0	0	0.000311597573928	5.2664378692e-05	0.00107961976319	0.000241378402338	0.00023260100589	0.000276487988133	8.77739644867e-06	4.38869822433e-06	0	0	4.38869822433e-06	0	0	0
0.000144827041403	2.6332189346e-05	3.51095857947e-05	0	0.000351095857947	0	0.0001623818343	0.000719746508791	8.77739644867e-05	0.0122927437264	7.46078698137e-05	4.38869822433e-06	0.00202757857964	0	0.000136049644954	0.000258933195236	0.000535421183369	2.19434911217e-05	0	0	0.000737301301688	0.000645138638977	0.00192224982226	0.000601251656734	0.00379183526582	0	4.38869822433e-06	6.5830473365e-05	0.00152726698207	0.000741689999912	0.00110156325431	0	0	0.000548587278042	0.000947958816456	4.38869822433e-05	0	4.38869822433e-06	0	0.000206268816544	0	5.70530769163e-05	0.000381816745517	4.82756804677e-05	0.00209779775123	0.000109717455608	0	6.14417751407e-05	0	2.19434911217e-05	0	0.000144827041403	0	0	0	9.65513609353e-05	3.51095857947e-05	0.000531032485144	8.33852662623e-05	0.00148337999982	0	0	1.3166094673e-05	0.000653916035426	2.19434911217e-05	0.000114106153833	0	0	0	1.3166094673e-05	0.000561753372715	3.07208875703e-05	0.000280876686357	9.65513609353e-05	0.00089090573954	4.38869822433e-06	0	0.00010094005916	6.14417751407e-05	2.19434911217e-05	8.77739644867e-06	5.2664378692e-05	0	0
0.000337929763274	0	4.38869822433e-06	0	0.00118494852057	0	0.00906705053147	0.00394105100545	0.00253227887544	7.46078698137e-05	0.0222419226009	4.38869822433e-06	0.00419120680424	0	0.000548587278042	4.82756804677e-05	2.6332189346e-05	8.77739644867e-06	0	0	0.0028131555618	0.000105328757384	4.38869822433e-06	7.46078698137e-05	0.00193102721871	0	0	4.38869822433e-06	0.00195735940805	0.000947958816456	0.000478368106452	0	4.38869822433e-06	0.000399371538414	0.000430092425985	0	0	0	0	4.38869822433e-06	0	0	2.19434911217e-05	0	9.65513609353e-05	8.77739644867e-06	0	8.77739644867e-06	0	0	0	4.38869822433e-06	0	0	0	4.38869822433e-06	0	8.77739644867e-06	4.38869822433e-06	7.02191715893e-05	0	0	0	5.2664378692e-05	0	4.38869822433e-06	0	0	0	0	7.46078698137e-05	8.77739644867e-06	0.0001623818343	4.82756804677e-05	7.02191715893e-05	1.3166094673e-05	0	0	4.38869822433e-06	0	0	0	0	0
0	0.000223823609441	0.000223823609441	0	0	0	1.3166094673e-05	8.77739644867e-06	3.9498284019e-05	4.38869822433e-06	4.38869822433e-06	0.0281008347304	0	0.00768022189258	6.14417751407e-05	0	4.38869822433e-06	0.00104451017739	0.00190030633114	0.00208024295833	0	6.14417751407e-05	3.07208875703e-05	0.000228212307665	1.3166094673e-05	0.00349340378657	0.010036952839	0.00296675999965	4.38869822433e-06	0.000149215739627	5.2664378692e-05	0.000662693431874	1.3166094673e-05	2.19434911217e-05	0.00442380781013	0	8.77739644867e-05	1.3166094673e-05	0	0	0	0	0	0	0	0	0.000223823609441	0	0.000157993136076	0	0	0	1.75547928973e-05	5.2664378692e-05	0.000105328757384	0	0	0	1.3166094673e-05	0	0.000276487988133	0.000267710591684	9.65513609353e-05	0	0	0	0	0	0	4.38869822433e-05	0.000355484556171	0.00251911278077	0.00299748088722	0.000500311597574	2.19434911217e-05	3.9498284019e-05	0.000443258520658	1.3166094673e-05	0.000631972544304	9.65513609353e-05	0	0	0	3.07208875703e-05
0.000320374970376	4.38869822433e-06	4.38869822433e-06	0	0.00451597047284	0	0.00899244266166	0.00154921047319	0.000974291005802	0.00202757857964	0.00419120680424	0	0.0328406288127	0	0.000456424615331	0.00133855295842	2.19434911217e-05	0	0	0	0.0128588857973	5.2664378692e-05	4.38869822433e-06	3.9498284019e-05	0.00571847378631	0	0	8.77739644867e-06	0.00172914710039	0.000987457100475	0.000408148934863	0	0	0.00026332189346	0.000403760236639	0	4.38869822433e-06	0	0	1.75547928973e-05	0	8.77739644867e-06	1.75547928973e-05	0	6.5830473365e-05	0.000166770532525	0	0.00100501189337	0	0	0	4.38869822433e-06	0	0	0	0.000206268816544	0	1.3166094673e-05	0	6.14417751407e-05	0	0	4.38869822433e-06	3.51095857947e-05	0	4.38869822433e-06	0	0	0	0	0.000179936627198	0	0.000136049644954	3.9498284019e-05	0.000934792721783	2.19434911217e-05	0	0	0	0	0	0	0	0
8.77739644867e-06	7.46078698137e-05	5.70530769163e-05	0	0	0	4.38869822433e-06	0	8.77739644867e-06	0	0	0.00768022189258	0	0.0171115343767	1.3166094673e-05	0	0	0.000153604437852	0.000280876686357	0.000245767100563	0	3.9498284019e-05	2.6332189346e-05	8.33852662623e-05	0	0.00361628733685	0.0049241194077	0.00306770005881	0	4.38869822433e-05	1.3166094673e-05	0.00183008715955	4.38869822433e-06	2.6332189346e-05	0.000500311597574	0	4.38869822433e-05	4.38869822433e-06	0	0	0	0	0	0	4.38869822433e-06	0	0.000179936627198	0	0.000201880118319	0	0	0	1.75547928973e-05	1.75547928973e-05	3.51095857947e-05	0	0	8.77739644867e-06	4.38869822433e-06	4.38869822433e-06	0.0001623818343	0.000122883550281	5.2664378692e-05	4.38869822433e-06	0	0	8.77739644867e-06	0	0	3.51095857947e-05	0.000267710591684	0.000983068402251	0.00104012147917	0.000671470828323	2.19434911217e-05	4.82756804677e-05	0.000579308165612	2.6332189346e-05	0.000355484556171	4.82756804677e-05	0	0	0	8.77739644867e-06
0.00489339852013	8.77739644867e-06	4.38869822433e-05	0	0.000127272248506	6.5830473365e-05	0.00444575130125	0.00128149988151	0.0129071614778	0.000136049644954	0.000548587278042	6.14417751407e-05	0.000456424615331	1.3166094673e-05	0.0312168104697	0.000109717455608	7.46078698137e-05	5.70530769163e-05	0	2.19434911217e-05	0.000153604437852	0.000311597573928	4.82756804677e-05	0.000315986272152	0.000478368106452	0	1.3166094673e-05	3.07208875703e-05	0.000465202011779	0.0168920994655	0.00201441248497	0	0.00155359917141	0.00204074467431	0.00586330082771	0	8.77739644867e-06	4.38869822433e-06	0	8.77739644867e-06	0	4.38869822433e-06	3.51095857947e-05	0	0.000127272248506	8.77739644867e-06	0	8.77739644867e-06	0	0	0	8.77739644867e-06	4.38869822433e-06	0	0	4.38869822433e-06	1.3166094673e-05	1.3166094673e-05	8.77739644867e-06	6.14417751407e-05	0	4.38869822433e-06	4.38869822433e-06	6.14417751407e-05	0	8.77739644867e-06	0	0	0	0	0.000513477692247	6.14417751407e-05	0.00200563508852	0.000399371538414	0.00029404278103	0.00026332189346	0	8.77739644867e-06	4.38869822433e-06	0	4.38869822433e-06	0	0	0
1.75547928973e-05	1.3166094673e-05	2.19434911217e-05	0	7.02191715893e-05	0.000346707159722	0.000561753372715	6.14417751407e-05	0.000166770532525	0.000258933195236	4.82756804677e-05	0	0.00133855295842	0	0.000109717455608	0.00436236603499	8.77739644867e-06	4.38869822433e-06	0	0	0.000153604437852	1.3166094673e-05	1.75547928973e-05	1.3166094673e-05	0.0001623818343	0	4.38869822433e-06	1.3166094673e-05	4.38869822433e-05	0.000127272248506	4.82756804677e-05	0	4.38869822433e-06	3.07208875703e-05	8.77739644867e-05	0	0	0	0	4.38869822433e-06	0	0	4.38869822433e-06	0	3.51095857947e-05	4.38869822433e-06	0	0	0	0	0	0	0	0	0	0	0	4.38869822433e-06	0	2.19434911217e-05	0	4.38869822433e-06	4.38869822433e-06	4.38869822433e-06	0	4.38869822433e-06	0	0	0	0	0.000206268816544	1.3166094673e-05	0.000114106153833	8.77739644867e-05	0.00269466070974	1.3166094673e-05	0	8.77739644867e-06	8.77739644867e-06	0	0	0	0	4.38869822433e-06
7.8996568038e-05	6.14417751407e-05	0.000245767100563	0	1.3166094673e-05	0	2.6332189346e-05	0.000285265384582	5.70530769163e-05	0.000535421183369	2.6332189346e-05	4.38869822433e-06	2.19434911217e-05	0	7.46078698137e-05	8.77739644867e-06	0.0132231477499	0.000118494852057	0	1.75547928973e-05	0	0.00254105627189	0.00226456828376	0.00575797207032	0.00382255615339	4.38869822433e-06	3.9498284019e-05	0.00144827041403	0.00281754426002	0.00042570372776	0.000908460532437	0	0	0.000456424615331	0.00137805124244	2.19434911217e-05	4.38869822433e-06	3.07208875703e-05	0	1.3166094673e-05	0	8.77739644867e-06	5.70530769163e-05	1.3166094673e-05	0.000307208875703	8.77739644867e-06	0	0	0	0	0	0.000693414319445	4.38869822433e-06	0	4.38869822433e-06	1.3166094673e-05	5.2664378692e-05	0.000342318461498	0.000223823609441	0.000258933195236	0	4.38869822433e-06	9.2162662711e-05	0.000184325325422	0	2.6332189346e-05	0	0	0	1.3166094673e-05	0.000447647218882	0.000122883550281	0.000724135207015	0.000337929763274	7.02191715893e-05	7.02191715893e-05	4.38869822433e-06	8.33852662623e-05	4.82756804677e-05	1.75547928973e-05	1.3166094673e-05	2.6332189346e-05	0	0
8.77739644867e-06	0.00154043307674	0.00769777668548	0	0	1.75547928973e-05	1.75547928973e-05	3.51095857947e-05	3.51095857947e-05	2.19434911217e-05	8.77739644867e-06	0.00104451017739	0	0.000153604437852	5.70530769163e-05	4.38869822433e-06	0.000118494852057	0.0283509905292	0.000127272248506	0.00639872201108	0	0.00192663852048	0.000333541065049	0.00853601804633	6.5830473365e-05	0.000491534201125	0.0100237867444	0.00432725644919	0.000206268816544	0.000206268816544	0.000487145502901	1.75547928973e-05	8.77739644867e-06	0.000118494852057	0.00780310544286	0	0.000460813313555	7.8996568038e-05	0	0	0	0	8.77739644867e-06	0	1.3166094673e-05	0	8.77739644867e-05	0	1.75547928973e-05	0	0	3.07208875703e-05	9.2162662711e-05	2.19434911217e-05	6.14417751407e-05	0	2.6332189346e-05	0.000140438343179	0.000118494852057	1.3166094673e-05	1.75547928973e-05	0.000245767100563	0.000359873254395	8.77739644867e-06	0	1.3166094673e-05	0	0	0	3.07208875703e-05	0.00191786112403	0.00268588331329	0.00376111437825	0.00191786112403	9.65513609353e-05	8.33852662623e-05	9.2162662711e-05	8.33852662623e-05	0.000320374970376	9.2162662711e-05	3.9498284019e-05	4.38869822433e-06	4.38869822433e-06	1.75547928973e-05
0	5.2664378692e-05	4.82756804677e-05	0	0	0	0	0	0	0	0	0.00190030633114	0	0.000280876686357	0	0	0	0.000127272248506	0.0045818009462	0.00114983893478	0	0	0	1.3166094673e-05	0	0.000359873254395	0.00329152366825	0.000473979408228	0	4.38869822433e-06	0	3.51095857947e-05	0	0	0.000136049644954	0	1.3166094673e-05	4.38869822433e-06	0	0	0	0	0	0	0	0	2.6332189346e-05	0	8.77739644867e-06	0	0	0	4.38869822433e-06	0	8.77739644867e-06	0	0	0	0	4.38869822433e-06	2.6332189346e-05	3.07208875703e-05	1.3166094673e-05	0	0	0	0	0	0	8.77739644867e-06	3.07208875703e-05	0.000206268816544	0.000118494852057	3.9498284019e-05	8.77739644867e-06	4.38869822433e-06	1.3166094673e-05	1.3166094673e-05	9.65513609353e-05	3.07208875703e-05	0	0	0	4.38869822433e-06
4.38869822433e-06	0.000548587278042	0.00111034065076	0	0	0	0	8.77739644867e-06	4.38869822433e-06	0	0	0.00208024295833	0	0.000245767100563	2.19434911217e-05	0	1.75547928973e-05	0.00639872201108	0.00114983893478	0.0144344284598	0	0.000166770532525	3.9498284019e-05	0.000851407455521	1.3166094673e-05	0.000912849230661	0.00887833650783	0.00219873781039	8.77739644867e-06	7.8996568038e-05	4.38869822433e-05	3.9498284019e-05	4.38869822433e-06	2.6332189346e-05	0.00439308692256	0	0.000245767100563	3.51095857947e-05	0	0	0	0	0	0	0	0	0.000114106153833	0	2.6332189346e-05	0	0	4.38869822433e-06	4.38869822433e-05	2.6332189346e-05	9.65513609353e-05	0	4.38869822433e-06	2.19434911217e-05	2.19434911217e-05	0	7.46078698137e-05	0.000188714023646	0.000144827041403	4.38869822433e-06	0	0	0	0	0	1.3166094673e-05	0.00075924479281	0.00142632692291	0.00175547928973	0.000710969112342	3.07208875703e-05	4.38869822433e-05	4.38869822433e-05	1.3166094673e-05	0.000254544497011	6.5830473365e-05	2.19434911217e-05	0	0	1.75547928973e-05
8.77739644867e-05	0	4.38869822433e-06	0	0.00944008988054	0	0.00209779775123	0.00100062319515	0.000346707159722	0.000737301301688	0.0028131555618	0	0.0128588857973	0	0.000153604437852	0.000153604437852	0	0	0	0	0.0212895750862	1.75547928973e-05	0	3.07208875703e-05	0.00768899928903	0	0	0	0.00223823609441	0.000447647218882	0.00023260100589	0	0	0.000140438343179	0.000197491420095	4.38869822433e-06	4.38869822433e-06	0	0	4.38869822433e-06	0	4.38869822433e-06	1.75547928973e-05	0	4.82756804677e-05	1.3166094673e-05	0	0.000114106153833	0	0	0	0	0	0	0	8.77739644867e-06	0	4.38869822433e-06	0	4.82756804677e-05	0	0	4.38869822433e-06	2.6332189346e-05	0	8.77739644867e-06	0	0	0	0	4.38869822433e-05	0	7.02191715893e-05	1.3166094673e-05	0.000127272248506	8.77739644867e-06	0	0	0	0	0	0	0	0
0.000535421183369	0.000241378402338	0.0014965460945	0	4.38869822433e-05	8.77739644867e-06	0.000136049644954	0.00127711118328	0.000285265384582	0.000645138638977	0.000105328757384	6.14417751407e-05	5.2664378692e-05	3.9498284019e-05	0.000311597573928	1.3166094673e-05	0.00254105627189	0.00192663852048	0	0.000166770532525	1.75547928973e-05	0.043470055912	0.00165015053235	0.0282324956771	0.00186958544357	2.19434911217e-05	0.000302820177479	0.00130783207085	0.00807520473277	0.00289215212984	0.0116344389927	0	4.38869822433e-06	0.00213290733703	0.00924698715867	1.3166094673e-05	4.82756804677e-05	2.19434911217e-05	0	3.07208875703e-05	0	4.38869822433e-06	0.000114106153833	4.38869822433e-06	0.000355484556171	4.38869822433e-05	0	0	4.38869822433e-06	0	0	0.000118494852057	1.3166094673e-05	0	8.77739644867e-06	2.19434911217e-05	4.38869822433e-05	0.000421315029536	0.000144827041403	0.000315986272152	0	4.38869822433e-06	6.5830473365e-05	0.000206268816544	0	4.38869822433e-05	0	0	4.38869822433e-06	4.38869822433e-06	0.00236989704114	0.000847018757296	0.0042745920705	0.00197930289917	0.000254544497011	0.000250155798787	4.38869822433e-05	7.02191715893e-05	6.14417751407e-05	3.9498284019e-05	2.6332189346e-05	2.19434911217e-05	0	0
6.14417751407e-05	0.00169403751459	0.0011717824259	0	1.3166094673e-05	0	1.75547928973e-05	0.00023260100589	1.3166094673e-05	0.00192224982226	4.38869822433e-06	3.07208875703e-05	4.38869822433e-06	2.6332189346e-05	4.82756804677e-05	1.75547928973e-05	0.00226456828376	0.000333541065049	0	3.9498284019e-05	0	0.00165015053235	0.0162996252052	0.00439308692256	0.001154227633	1.3166094673e-05	0.000175547928973	0.00437553212966	0.00125516769216	0.000381816745517	0.000996234496924	0	0	0.000438869822433	0.00176425668618	5.2664378692e-05	0.000302820177479	0.000109717455608	0	2.6332189346e-05	0	2.19434911217e-05	0.00023260100589	1.75547928973e-05	0.000842630059072	2.19434911217e-05	0	4.38869822433e-06	0	1.75547928973e-05	0	0.000702191715893	3.51095857947e-05	0	0	8.77739644867e-06	0.000184325325422	0.00257177715946	0.000803131775053	0.00065830473365	4.38869822433e-06	4.82756804677e-05	0.000504700295798	0.000513477692247	4.38869822433e-06	0.000149215739627	0	0	4.38869822433e-06	8.77739644867e-05	0.000794354378604	0.000399371538414	0.0010094005916	0.000504700295798	7.46078698137e-05	7.8996568038e-05	1.3166094673e-05	0.000228212307665	0.000267710591684	0.000114106153833	7.02191715893e-05	3.51095857947e-05	4.38869822433e-06	0
0.000430092425985	0.00134733035487	0.0109893003537	0	3.51095857947e-05	1.75547928973e-05	0.00013166094673	0.000969902307578	0.000236989704114	0.000601251656734	7.46078698137e-05	0.000228212307665	3.9498284019e-05	8.33852662623e-05	0.000315986272152	1.3166094673e-05	0.00575797207032	0.00853601804633	1.3166094673e-05	0.000851407455521	3.07208875703e-05	0.0282324956771	0.00439308692256	0.074770251648	0.00153165568029	9.65513609353e-05	0.00169403751459	0.0128237762115	0.00503822556153	0.00256299976301	0.00757928183342	0	0	0.00185203065067	0.0133196991108	1.3166094673e-05	0.000320374970376	0.000136049644954	0	1.75547928973e-05	0	4.38869822433e-06	0.00013166094673	1.3166094673e-05	0.000452035917106	2.19434911217e-05	1.75547928973e-05	0	4.38869822433e-06	1.3166094673e-05	0	0.000298431479255	7.02191715893e-05	8.77739644867e-06	1.75547928973e-05	2.19434911217e-05	0.000140438343179	0.00128588857973	0.00055736467449	0.000307208875703	8.77739644867e-06	5.70530769163e-05	0.00039498284019	0.000219434911217	0	5.70530769163e-05	0	0	4.38869822433e-06	5.70530769163e-05	0.00530154745499	0.00292726171563	0.00908460532437	0.00480562455564	0.000614417751407	0.000574919467388	0.00010094005916	0.000236989704114	0.000285265384582	0.000144827041403	0.000109717455608	3.9498284019e-05	8.77739644867e-06	8.77739644867e-06
0.000421315029536	2.6332189346e-05	0.000114106153833	0	0.0121259731938	0	0.001838864556	0.00531471354967	0.000724135207015	0.00379183526582	0.00193102721871	1.3166094673e-05	0.00571847378631	0	0.000478368106452	0.0001623818343	0.00382255615339	6.5830473365e-05	0	1.3166094673e-05	0.00768899928903	0.00186958544357	0.001154227633	0.00153165568029	0.0386337104688	4.38869822433e-06	4.38869822433e-06	0.000153604437852	0.0148294113	0.00226017958553	0.0028131555618	0	4.38869822433e-06	0.00132099816552	0.00215923952637	3.9498284019e-05	8.77739644867e-06	8.77739644867e-06	0	0.000188714023646	0	2.19434911217e-05	0.000272099289909	1.3166094673e-05	0.00108839715963	9.2162662711e-05	0	4.38869822433e-05	0	1.3166094673e-05	0	2.6332189346e-05	4.38869822433e-06	0	4.38869822433e-06	0.000109717455608	8.77739644867e-06	0.000175547928973	2.6332189346e-05	0.00113228414188	0	0	8.77739644867e-06	0.000473979408228	4.38869822433e-06	3.51095857947e-05	0	0	0	8.77739644867e-06	0.000434481124209	7.46078698137e-05	0.000640749940753	0.000228212307665	0.00036426195262	6.14417751407e-05	4.38869822433e-06	3.9498284019e-05	3.07208875703e-05	4.38869822433e-06	8.77739644867e-06	2.6332189346e-05	0	0
0	0.00167209402347	0.000144827041403	0	0	0	4.38869822433e-06	0	0	0	0	0.00349340378657	0	0.00361628733685	0	0	4.38869822433e-06	0.000491534201125	0.000359873254395	0.000912849230661	0	2.19434911217e-05	1.3166094673e-05	9.65513609353e-05	4.38869822433e-06	0.0189065119504	0.00717113289856	0.00900560875633	0	8.77739644867e-06	0	0.000171159230749	0	0	0.000741689999912	0	0.000618806449631	7.02191715893e-05	0	0	0	0	0	0	0	0	0.0013166094673	0	0.000649527337201	0	4.38869822433e-06	0	0.000157993136076	0.000206268816544	0.000645138638977	0	1.75547928973e-05	4.38869822433e-06	2.19434911217e-05	0	0.00128149988151	0.00122005810636	0.000671470828323	8.77739644867e-06	0	0	2.19434911217e-05	0	0	0.000250155798787	0.000140438343179	0.00103573278094	0.000640749940753	0.000228212307665	4.38869822433e-06	1.3166094673e-05	0.000408148934863	8.33852662623e-05	0.00240061792871	0.000456424615331	4.82756804677e-05	4.38869822433e-06	0	0.000109717455608
0	0.00366895171554	0.00692097709977	0	0	0	8.77739644867e-06	1.3166094673e-05	8.77739644867e-06	4.38869822433e-06	0	0.010036952839	0	0.0049241194077	1.3166094673e-05	4.38869822433e-06	3.9498284019e-05	0.0100237867444	0.00329152366825	0.00887833650783	0	0.000302820177479	0.000175547928973	0.00169403751459	4.38869822433e-06	0.00717113289856	0.062622334963	0.022948503015	2.6332189346e-05	7.8996568038e-05	8.33852662623e-05	0.00145704781048	0	4.38869822433e-05	0.00454230266218	0	0.00133855295842	0.000201880118319	0	0	0	4.38869822433e-06	4.38869822433e-06	0	0	0	0.000855796153745	0	0.000241378402338	0	0	8.77739644867e-06	0.000324763668601	0.000201880118319	0.000610029053182	0	3.51095857947e-05	4.38869822433e-05	0.000105328757384	8.77739644867e-06	0.000522255088696	0.00147460260338	0.00104889887562	8.77739644867e-06	0	0	3.07208875703e-05	0	0	0.000241378402338	0.00132099816552	0.0034802376919	0.00293165041385	0.00137366254422	4.82756804677e-05	5.70530769163e-05	9.2162662711e-05	0.000136049644954	0.00203196727787	0.000447647218882	7.02191715893e-05	4.38869822433e-06	8.77739644867e-06	4.38869822433e-05
2.19434911217e-05	0.0090714392297	0.0112438448507	0	0	1.3166094673e-05	2.19434911217e-05	6.5830473365e-05	1.75547928973e-05	6.5830473365e-05	4.38869822433e-06	0.00296675999965	8.77739644867e-06	0.00306770005881	3.07208875703e-05	1.3166094673e-05	0.00144827041403	0.00432725644919	0.000473979408228	0.00219873781039	0	0.00130783207085	0.00437553212966	0.0128237762115	0.000153604437852	0.00900560875633	0.022948503015	0.0702806133645	0.000302820177479	0.000236989704114	0.000421315029536	0.000614417751407	0	0.000175547928973	0.00402882496994	4.38869822433e-06	0.00204952207076	0.000438869822433	0	0	0	4.38869822433e-06	4.38869822433e-05	8.77739644867e-06	5.2664378692e-05	0	0.000697803017669	0	0.000206268816544	1.3166094673e-05	0	0.000610029053182	0.000430092425985	0.000140438343179	0.000579308165612	4.38869822433e-06	0.0001623818343	0.000917237928886	0.000794354378604	7.02191715893e-05	0.00049592289935	0.00129466597618	0.00191347242581	7.02191715893e-05	0	2.6332189346e-05	1.3166094673e-05	0	0	0.00036426195262	0.00170281491104	0.00276049118311	0.00309403224815	0.00151410088739	0.000122883550281	0.000118494852057	4.38869822433e-05	0.000201880118319	0.0019485820116	0.000517866390471	0.00013166094673	1.75547928973e-05	4.38869822433e-06	4.38869822433e-05
0.000592474260285	4.82756804677e-05	0.000223823609441	0	0.00473540538405	0	0.00119811461524	0.00959369431839	0.000588085562061	0.00152726698207	0.00195735940805	4.38869822433e-06	0.00172914710039	0	0.000465202011779	4.38869822433e-05	0.00281754426002	0.000206268816544	0	8.77739644867e-06	0.00223823609441	0.00807520473277	0.00125516769216	0.00503822556153	0.0148294113	0	2.6332189346e-05	0.000302820177479	0.0412318198176	0.00289215212984	0.00564386591649	0	4.38869822433e-06	0.00211974124235	0.00397616059125	3.07208875703e-05	8.77739644867e-06	1.75547928973e-05	0	8.77739644867e-05	0	1.75547928973e-05	0.000250155798787	8.77739644867e-06	0.00113228414188	7.8996568038e-05	0	5.2664378692e-05	0	4.38869822433e-06	0	7.8996568038e-05	0	0	0	0.00010094005916	1.75547928973e-05	0.000285265384582	5.2664378692e-05	0.000965513609353	0	8.77739644867e-06	1.75547928973e-05	0.000412537633087	4.38869822433e-06	2.6332189346e-05	0	0	0	1.3166094673e-05	0.000829463964399	0.000157993136076	0.00137366254422	0.000482756804677	0.000184325325422	8.77739644867e-05	4.38869822433e-06	8.77739644867e-05	4.82756804677e-05	2.19434911217e-05	8.77739644867e-06	3.07208875703e-05	0	0
0.00736423562043	5.2664378692e-05	0.000197491420095	0	0.000416926331312	9.2162662711e-05	0.0047968471592	0.00576674946677	0.00858868242502	0.000741689999912	0.000947958816456	0.000149215739627	0.000987457100475	4.38869822433e-05	0.0168920994655	0.000127272248506	0.00042570372776	0.000206268816544	4.38869822433e-06	7.8996568038e-05	0.000447647218882	0.00289215212984	0.000381816745517	0.00256299976301	0.00226017958553	8.77739644867e-06	7.8996568038e-05	0.000236989704114	0.00289215212984	0.0502681494615	0.016023137217	0	0.00187836284001	0.0127008926612	0.0176250120689	8.77739644867e-06	2.19434911217e-05	4.38869822433e-06	0	6.14417751407e-05	0	2.6332189346e-05	0.000127272248506	1.75547928973e-05	0.000763633491034	3.07208875703e-05	0	3.51095857947e-05	4.38869822433e-06	8.77739644867e-06	0	6.5830473365e-05	4.38869822433e-06	0	0	5.2664378692e-05	2.6332189346e-05	0.000122883550281	1.75547928973e-05	0.000574919467388	0	1.3166094673e-05	1.3166094673e-05	0.000267710591684	4.38869822433e-06	3.9498284019e-05	0	0	0	4.38869822433e-06	0.00254983366834	0.000320374970376	0.00661815692229	0.00153604437852	0.00065830473365	0.000706580414118	2.6332189346e-05	8.33852662623e-05	3.07208875703e-05	4.38869822433e-06	1.3166094673e-05	1.75547928973e-05	4.38869822433e-06	0
0.00381816745517	7.8996568038e-05	0.000465202011779	0	0.000250155798787	8.77739644867e-06	0.000868962248418	0.00714480070921	0.00161942964478	0.00110156325431	0.000478368106452	5.2664378692e-05	0.000408148934863	1.3166094673e-05	0.00201441248497	4.82756804677e-05	0.000908460532437	0.000487145502901	0	4.38869822433e-05	0.00023260100589	0.0116344389927	0.000996234496924	0.00757928183342	0.0028131555618	0	8.33852662623e-05	0.000421315029536	0.00564386591649	0.016023137217	0.037619921179	0	8.77739644867e-06	0.0093610933125	0.0119284817737	2.19434911217e-05	1.3166094673e-05	4.38869822433e-06	0	4.82756804677e-05	0	1.75547928973e-05	0.000197491420095	2.19434911217e-05	0.00102695538449	5.70530769163e-05	0	4.82756804677e-05	4.38869822433e-06	8.77739644867e-06	0	7.02191715893e-05	4.38869822433e-06	0	0	5.2664378692e-05	3.9498284019e-05	0.000215046212992	4.38869822433e-05	0.000768022189258	0	0	8.77739644867e-06	0.00039498284019	4.38869822433e-06	6.14417751407e-05	0	0	4.38869822433e-06	1.75547928973e-05	0.00215046212992	0.000390594141966	0.00369967260311	0.00122005810636	0.000320374970376	0.000241378402338	1.75547928973e-05	7.8996568038e-05	5.70530769163e-05	3.07208875703e-05	4.38869822433e-06	1.75547928973e-05	4.38869822433e-06	4.38869822433e-06
0	2.6332189346e-05	0	0	0	0	0	0	0	0	0	0.000662693431874	0	0.00183008715955	0	0	0	1.75547928973e-05	3.51095857947e-05	3.9498284019e-05	0	0	0	0	0	0.000171159230749	0.00145704781048	0.000614417751407	0	0	0	0.00227773437843	0	0	1.75547928973e-05	0	8.77739644867e-06	0	0	0	0	0	0	0	0	0	8.77739644867e-06	0	8.77739644867e-06	0	0	0	0	0	4.38869822433e-06	0	0	0	0	0	1.3166094673e-05	1.75547928973e-05	0	0	0	0	4.38869822433e-06	0	0	0	4.38869822433e-06	2.6332189346e-05	1.75547928973e-05	8.77739644867e-06	0	0	4.38869822433e-06	0	2.6332189346e-05	0	0	0	0	0
4.38869822433e-06	0	4.38869822433e-06	0	0	0.000377428047293	0.00105328757384	0	0.00165453923057	0	4.38869822433e-06	1.3166094673e-05	0	4.38869822433e-06	0.00155359917141	4.38869822433e-06	0	8.77739644867e-06	0	4.38869822433e-06	0	4.38869822433e-06	0	0	4.38869822433e-06	0	0	0	4.38869822433e-06	0.00187836284001	8.77739644867e-06	0	0.00403321366816	2.19434911217e-05	0.00116739372767	0	0	0	0	0	0	0	0	0	0	0	0	0	0	0	0	0	0	0	0	0	0	0	0	0	0	0	0	0	0	0	0	0	0	0	2.19434911217e-05	1.3166094673e-05	0.000136049644954	1.75547928973e-05	1.75547928973e-05	0.000228212307665	0	0	0	0	0	0	0	0
0.00163259573945	3.07208875703e-05	0.000109717455608	0	0.000114106153833	4.38869822433e-06	0.000680248224772	0.00224701349086	0.00114983893478	0.000548587278042	0.000399371538414	2.19434911217e-05	0.00026332189346	2.6332189346e-05	0.00204074467431	3.07208875703e-05	0.000456424615331	0.000118494852057	0	2.6332189346e-05	0.000140438343179	0.00213290733703	0.000438869822433	0.00185203065067	0.00132099816552	0	4.38869822433e-05	0.000175547928973	0.00211974124235	0.0127008926612	0.0093610933125	0	2.19434911217e-05	0.0176250120689	0.0122839663299	2.19434911217e-05	4.38869822433e-06	4.38869822433e-06	0	3.9498284019e-05	0	1.75547928973e-05	0.00013166094673	1.3166094673e-05	0.000583696863836	2.19434911217e-05	0	2.19434911217e-05	4.38869822433e-06	8.77739644867e-06	4.38869822433e-06	4.38869822433e-05	0	0	0	3.07208875703e-05	2.6332189346e-05	0.000140438343179	1.75547928973e-05	0.000412537633087	0	0	0	0.000193102721871	4.38869822433e-06	3.07208875703e-05	0	0	0	1.3166094673e-05	0.0028131555618	0.000280876686357	0.00445891739592	0.00125955639038	0.000351095857947	0.000285265384582	8.77739644867e-06	9.2162662711e-05	4.82756804677e-05	2.6332189346e-05	2.19434911217e-05	1.75547928973e-05	0	4.38869822433e-06
0.00155798786964	0.000930404023559	0.00388399792853	0	0.000149215739627	0.000157993136076	0.00233917615357	0.0024357275145	0.00349340378657	0.000947958816456	0.000430092425985	0.00442380781013	0.000403760236639	0.000500311597574	0.00586330082771	8.77739644867e-05	0.00137805124244	0.00780310544286	0.000136049644954	0.00439308692256	0.000197491420095	0.00924698715867	0.00176425668618	0.0133196991108	0.00215923952637	0.000741689999912	0.00454230266218	0.00402882496994	0.00397616059125	0.0176250120689	0.0119284817737	1.75547928973e-05	0.00116739372767	0.0122839663299	0.061428609046	2.19434911217e-05	0.000311597573928	3.9498284019e-05	0	3.9498284019e-05	0	2.19434911217e-05	0.000223823609441	8.77739644867e-06	0.000926015325334	4.82756804677e-05	6.14417751407e-05	4.38869822433e-05	1.75547928973e-05	1.75547928973e-05	4.38869822433e-06	0.000136049644954	7.02191715893e-05	1.3166094673e-05	5.70530769163e-05	3.51095857947e-05	7.02191715893e-05	0.000491534201125	0.000166770532525	0.000636361242528	6.5830473365e-05	0.000166770532525	0.000236989704114	0.00036426195262	0	6.14417751407e-05	0	0	4.38869822433e-06	4.82756804677e-05	0.0109585794662	0.00500311597574	0.0277190179849	0.00997112236568	0.00163698443768	0.00188714023646	0.000250155798787	0.000390594141966	0.000377428047293	0.0001623818343	0.00013166094673	4.82756804677e-05	0	1.3166094673e-05
0	0	4.38869822433e-06	0	4.38869822433e-06	0	0	1.75547928973e-05	0	4.38869822433e-05	0	0	0	0	0	0	2.19434911217e-05	0	0	0	4.38869822433e-06	1.3166094673e-05	5.2664378692e-05	1.3166094673e-05	3.9498284019e-05	0	0	4.38869822433e-06	3.07208875703e-05	8.77739644867e-06	2.19434911217e-05	0	0	2.19434911217e-05	2.19434911217e-05	0.0121171957974	0	8.77739644867e-06	0	7.8996568038e-05	0	0.00145704781048	0.00491973070948	0.00154043307674	0.00036426195262	0.000811909171502	0	0.00010094005916	0	0.00257177715946	0.000149215739627	8.33852662623e-05	8.77739644867e-06	0	4.38869822433e-06	0.000122883550281	8.77739644867e-05	9.65513609353e-05	0.00010094005916	0.000943570118232	0	4.38869822433e-06	4.38869822433e-06	0.000917237928886	0.00300186958544	0.000491534201125	0	4.38869822433e-06	0.000377428047293	0.000285265384582	8.77739644867e-06	0	4.38869822433e-06	0	4.38869822433e-06	0	0	0.00078996568038	0.000166770532525	0.000351095857947	0.000136049644954	0.00089090573954	9.65513609353e-05	8.77739644867e-06
0	0.00342318461498	0.000899683135988	0	0	0	4.38869822433e-06	0	0	0	0	8.77739644867e-05	4.38869822433e-06	4.38869822433e-05	8.77739644867e-06	0	4.38869822433e-06	0.000460813313555	1.3166094673e-05	0.000245767100563	4.38869822433e-06	4.82756804677e-05	0.000302820177479	0.000320374970376	8.77739644867e-06	0.000618806449631	0.00133855295842	0.00204952207076	8.77739644867e-06	2.19434911217e-05	1.3166094673e-05	8.77739644867e-06	0	4.38869822433e-06	0.000311597573928	0	0.0156281543768	0.00111034065076	0	0	0	8.77739644867e-06	3.07208875703e-05	1.3166094673e-05	9.2162662711e-05	0	0.000653916035426	0	0.000153604437852	8.77739644867e-06	8.77739644867e-06	0.000408148934863	0.00111034065076	0.000197491420095	0.000978679704026	0	0.000245767100563	0.0021109638459	0.00119811461524	8.77739644867e-05	0.000855796153745	0.00340124112386	0.00714041201099	5.70530769163e-05	0	7.02191715893e-05	1.3166094673e-05	0	0	0.00049592289935	0.000149215739627	0.000302820177479	0.000254544497011	0.000144827041403	4.38869822433e-06	4.38869822433e-06	1.3166094673e-05	0.00049592289935	0.00205391076899	0.000873350946642	0.000346707159722	3.07208875703e-05	8.77739644867e-06	8.77739644867e-06
0	0.000601251656734	0.00029404278103	0	0	0	0	0	0	4.38869822433e-06	0	1.3166094673e-05	0	4.38869822433e-06	4.38869822433e-06	0	3.07208875703e-05	7.8996568038e-05	4.38869822433e-06	3.51095857947e-05	0	2.19434911217e-05	0.000109717455608	0.000136049644954	8.77739644867e-06	7.02191715893e-05	0.000201880118319	0.000438869822433	1.75547928973e-05	4.38869822433e-06	4.38869822433e-06	0	0	4.38869822433e-06	3.9498284019e-05	8.77739644867e-06	0.00111034065076	0.0193892687551	0	0	0	1.3166094673e-05	9.65513609353e-05	8.77739644867e-06	7.02191715893e-05	8.77739644867e-06	0.000250155798787	0	2.19434911217e-05	4.38869822433e-06	0	0.000473979408228	0.00553853715911	0.00010094005916	0.000768022189258	8.77739644867e-06	0.00129027727795	0.000610029053182	0.00715796680389	5.2664378692e-05	2.19434911217e-05	0.00509527863845	0.00701752846071	0.000197491420095	0	0.00029404278103	0	0	4.38869822433e-06	0.00125077899393	4.82756804677e-05	6.14417751407e-05	7.8996568038e-05	4.38869822433e-05	0	4.38869822433e-06	0	0.00126394508861	0.00226456828376	0.00154482177497	0.000671470828323	0.000105328757384	2.6332189346e-05	1.75547928973e-05
0	0	0	0	0	0	0	0	0	0	0	0	0	0	0	0	0	0	0	0	0	0	0	0	0	0	0	0	0	0	0	0	0	0	0	0	0	0	0	0	0	0	0	0	0	0	0	0	0	0	0	0	0	0	0	0	0	0	0	0	0	0	0	0	0	0	0	0	0	0	0	0	0	0	0	0	0	0	0	0	0	0	0	0
8.77739644867e-06	4.38869822433e-06	4.38869822433e-06	0	0.00106206497029	0	2.19434911217e-05	7.02191715893e-05	1.75547928973e-05	0.000206268816544	4.38869822433e-06	0	1.75547928973e-05	0	8.77739644867e-06	4.38869822433e-06	1.3166094673e-05	0	0	0	4.38869822433e-06	3.07208875703e-05	2.6332189346e-05	1.75547928973e-05	0.000188714023646	0	0	0	8.77739644867e-05	6.14417751407e-05	4.82756804677e-05	0	0	3.9498284019e-05	3.9498284019e-05	7.8996568038e-05	0	0	0	0.0165936679862	0	0.00042570372776	0.0011366728401	0.000118494852057	0.00175109059151	0.00475734887518	0	0.00201880118319	0	0.000140438343179	2.6332189346e-05	3.9498284019e-05	0	0	4.38869822433e-06	0.00776799585707	1.75547928973e-05	8.33852662623e-05	8.77739644867e-06	0.0070701928394	0	4.38869822433e-06	4.38869822433e-06	0.00509088994023	2.19434911217e-05	3.07208875703e-05	0	0	0	1.3166094673e-05	6.14417751407e-05	0	1.3166094673e-05	0	4.38869822433e-05	0	0	9.2162662711e-05	2.19434911217e-05	2.19434911217e-05	1.75547928973e-05	6.14417751407e-05	4.38869822433e-06	0
