0.0228826663495	6.97267123035e-05	0.00292442034543	0	5.33204270556e-05	0.000315820991022	0.00081211111977	0.007231070223	0.00571348883757	0.000414258702509	0.0013371122477	0.00162422223954	0.00020918013691	6.97267123035e-05	0.0139699518886	1.23047139359e-05	0	0.00259629464048	0.000258398992654	0.00137402638951	0.000373242989389	0.000188672280351	5.33204270556e-05	0.000664454552539	8.61329975514e-05	4.10157131197e-06	0.00392110217424	0.000808009548458	0.000877736260761	0.00770275092388	0.00643126381717	4.51172844317e-05	0.00102539282799	0.000307617848398	0.00329356176351	0	1.23047139359e-05	4.51172844317e-05	0	2.87109991838e-05	0	8.20314262394e-06	0.000369141418077	2.05078565598e-05	0.000217383279534	0.000127148710671	4.10157131197e-06	2.87109991838e-05	4.10157131197e-06	0	0	7.38282836155e-05	0	0	4.10157131197e-06	2.05078565598e-05	9.43361401753e-05	1.23047139359e-05	0.000147656567231	0.000319922562334	0	4.10157131197e-05	2.05078565598e-05	0.000697267123035	0	1.64062852479e-05	0	0	0	8.20314262394e-06	0.000512696413996	7.79298549274e-05	0.00239121607488	0.000385547703325	0.000196875422975	3.69141418077e-05	4.10157131197e-06	5.74219983676e-05	0	1.64062852479e-05	4.10157131197e-06	2.05078565598e-05	0	0
6.97267123035e-05	0.033788744468	7.79298549274e-05	0	8.20314262394e-06	2.87109991838e-05	6.97267123035e-05	0.000123047139359	2.87109991838e-05	0.00470040072352	0.000324024133646	0.000451172844317	0.000118945568047	8.61329975514e-05	0.000114843996735	0.000102539282799	0.000959767687001	0.000799806405834	9.84377114873e-05	0.000820314262394	0.000110742425423	0.000192773851663	0.00614415382533	0.000299414705774	0.0031869209094	0.00129609653458	0.00907267574208	0.0235676287586	0.000356836704141	0.00033222727627	0.000123047139359	4.10157131197e-05	1.23047139359e-05	5.74219983676e-05	0.00109922111161	4.92188557436e-05	0.01497483686	0.000471680700877	0	0.000393750845949	0	6.97267123035e-05	0.000406055559885	0.000118945568047	0.000184570709039	0.000127148710671	2.46094278718e-05	7.38282836155e-05	6.56251409915e-05	0.000114843996735	0	1.64062852479e-05	0.000315820991022	2.05078565598e-05	0.00025019585003	0.000373242989389	8.20314262394e-06	0.000676759266475	4.51172844317e-05	0.000533204270556	0.00164062852479	0.00410977445459	0.0163488632495	0.000426563416445	4.51172844317e-05	1.23047139359e-05	4.10157131197e-06	0	0	0.00050039170006	0.00162422223954	0.000758790692714	0.00121816667965	0.000127148710671	0.000356836704141	7.38282836155e-05	0	0.00111972896817	0.000168164423791	0.000483985414812	5.74219983676e-05	1.64062852479e-05	0	2.05078565598e-05
0.00292442034543	7.79298549274e-05	0.0274559183623	0	4.10157131197e-06	4.10157131197e-06	8.20314262394e-06	0.00333047590532	0.000225586422158	7.38282836155e-05	1.64062852479e-05	7.79298549274e-05	4.10157131197e-06	0	0.00052089955662	0	4.10157131197e-05	0.00460606458334	2.46094278718e-05	0.000430664987757	2.46094278718e-05	0.00186211337563	0.000615235696795	0.00819904105263	9.43361401753e-05	8.20314262394e-06	0.00689063980411	0.0103646707053	0.00107871325505	0.00110332268292	0.00439688444643	0	8.20314262394e-06	0	0.00085312683289	5.74219983676e-05	3.28125704958e-05	0.00203437937074	0	0	0	0	0.000106640854111	3.28125704958e-05	6.56251409915e-05	0	0	0	0	1.64062852479e-05	0	0.000151758138543	0.000566016841052	8.20314262394e-06	5.33204270556e-05	0	2.87109991838e-05	0.000689063980411	0.00299414705774	7.38282836155e-05	8.20314262394e-06	0.000627540410731	0.00372422675127	0.000151758138543	3.69141418077e-05	2.87109991838e-05	0	0	0	6.15235696795e-05	0.0019523479445	0.000504493271372	0.00130429967721	0.000233789564782	4.10157131197e-06	1.23047139359e-05	0	6.97267123035e-05	4.51172844317e-05	8.61329975514e-05	8.61329975514e-05	4.10157131197e-06	0	0
0	0	0	0	0	0	0	0	0	0	0	0	0	0	0	0	0	0	0	0	0	0	0	0	0	0	0	0	0	0	0	0	0	0	0	0	0	0	0	0	0	0	0	0	0	0	0	0	0	0	0	0	0	0	0	0	0	0	0	0	0	0	0	0	0	0	0	0	0	0	0	0	0	0	0	0	0	0	0	0	0	0	0	0
5.33204270556e-05	8.20314262394e-06	4.10157131197e-06	0	0.019654729727	0.000246094278718	0.00296953762987	0.00056191526974	0.000475782272188	0.00120996353703	0.0026742244954	0.000180469137727	0.00624259153682	8.20314262394e-06	0.00118535410916	0.000340430418893	0	8.20314262394e-06	0	8.20314262394e-06	0.00899474588715	0	4.10157131197e-06	1.23047139359e-05	0.00268242763803	0	0.000159961281167	3.69141418077e-05	0.00614415382533	0.000172265995103	4.10157131197e-06	4.51172844317e-05	0.000988478686185	0.000114843996735	0.000701368694347	1.23047139359e-05	8.20314262394e-06	0	0	0.00537715998999	1.23047139359e-05	0.000430664987757	2.87109991838e-05	0.000135351853295	0.00118945568047	0.000639845124667	4.10157131197e-05	0.00227227050683	3.69141418077e-05	2.46094278718e-05	8.20314262394e-05	0	0	0	0	0.00536485527606	0	4.10157131197e-06	0	0.00142734681657	0	8.20314262394e-06	4.10157131197e-06	0.000758790692714	8.20314262394e-05	0	0	4.10157131197e-06	0	0.000192773851663	0.000348633561517	1.23047139359e-05	0.000746485978778	0.000131250281983	0.000512696413996	0.000287109991838	0	7.79298549274e-05	8.20314262394e-06	0.000155859709855	3.69141418077e-05	5.74219983676e-05	0	2.05078565598e-05
0.000315820991022	2.87109991838e-05	4.10157131197e-06	0	0.000246094278718	0.0159099951191	0.0104097879898	0.000656251409915	0.00835490076248	0.000221484850846	0.00149297195756	0.00204258251336	0.00204668408467	6.56251409915e-05	0.00375703932176	0.00219023908059	1.23047139359e-05	9.43361401753e-05	1.23047139359e-05	1.23047139359e-05	0.00145195624444	3.69141418077e-05	1.64062852479e-05	6.56251409915e-05	0.000131250281983	0	0.000795704834522	6.56251409915e-05	0.000426563416445	0.00081211111977	4.10157131197e-05	4.10157131197e-05	0.00572989512282	0.00022968799347	0.00283008420526	0	1.64062852479e-05	0	0	5.74219983676e-05	0	3.28125704958e-05	5.74219983676e-05	4.10157131197e-06	0.000139453424607	3.28125704958e-05	0	0.000127148710671	0	0	0	0	0	0	0	0.000114843996735	4.92188557436e-05	0	1.64062852479e-05	0.000155859709855	0	2.05078565598e-05	2.87109991838e-05	8.61329975514e-05	0	4.10157131197e-06	0	0	0	2.46094278718e-05	0.00135351853295	0.000463477558253	0.00158730809773	0.000340430418893	0.00163242538216	0.0025716852126	0	2.05078565598e-05	4.10157131197e-06	0.000139453424607	0.000192773851663	0	0	0
0.00081211111977	6.97267123035e-05	8.20314262394e-06	0	0.00296953762987	0.0104097879898	0.0448178697259	0.00504493271372	0.0181535546268	0.000627540410731	0.0135515916147	0.00267012292409	0.0137033497533	0.000102539282799	0.007743766637	0.00275625592164	4.10157131197e-06	1.64062852479e-05	3.69141418077e-05	1.64062852479e-05	0.00855177618546	4.10157131197e-06	7.38282836155e-05	2.46094278718e-05	0.000557813698428	4.10157131197e-06	0.001472464101	0.000180469137727	0.00315000676759	0.00163652695348	0.000192773851663	0.000246094278718	0.00819904105263	0.000471680700877	0.00416719645296	0	4.10157131197e-06	0	0	0.000213281708222	0	4.51172844317e-05	8.61329975514e-05	1.64062852479e-05	0.000336328847582	4.51172844317e-05	0	0.000184570709039	0	4.10157131197e-06	0	8.20314262394e-06	0	0	0	0.000200976994287	4.92188557436e-05	4.10157131197e-06	3.28125704958e-05	0.000430664987757	0	4.10157131197e-06	2.05078565598e-05	0.000258398992654	0	4.10157131197e-06	0	0	0	2.05078565598e-05	0.00138222953213	5.74219983676e-05	0.00287109991838	0.00052089955662	0.00224766107896	0.00268652920934	0	1.64062852479e-05	0	0.000143554995919	0.00020918013691	8.20314262394e-06	0	4.10157131197e-06
0.007231070223	0.000123047139359	0.00333047590532	0	0.00056191526974	0.000656251409915	0.00504493271372	0.063356972056	0.00722696865169	0.00473731486532	0.0159305029757	0.00188262123219	0.00105820539849	2.05078565598e-05	0.0107009995529	0.000463477558253	6.15235696795e-05	0.000906447259945	0.000127148710671	0.000241992707406	0.00175137095021	0.000939259830441	0.000184570709039	0.00276856063558	0.00308028005529	0	0.00277266220689	0.00105820539849	0.0226775877839	0.0129937779163	0.00743204721729	1.64062852479e-05	0.00105820539849	0.00855587775677	0.00876505789368	7.79298549274e-05	2.46094278718e-05	3.69141418077e-05	0	0.00285469363313	0	0.000344531990205	0.000553712127116	0.000131250281983	0.00567657469577	0.00119355725178	2.87109991838e-05	0.00106640854111	2.46094278718e-05	5.74219983676e-05	0	4.51172844317e-05	2.46094278718e-05	8.20314262394e-06	2.05078565598e-05	0.00150117510018	1.64062852479e-05	3.28125704958e-05	6.15235696795e-05	0.00657481881309	4.10157131197e-06	0.000123047139359	5.74219983676e-05	0.00525001127932	0.000155859709855	0	0	0	2.87109991838e-05	0.000303516277086	0.00372012517996	0.00029121156315	0.00792013420341	0.00122226825097	0.000447071273005	0.00020918013691	4.10157131197e-06	0.000393750845949	6.97267123035e-05	0.000303516277086	0.000151758138543	4.51172844317e-05	8.20314262394e-06	1.23047139359e-05
0.00571348883757	2.87109991838e-05	0.000225586422158	0	0.000475782272188	0.00835490076248	0.0181535546268	0.00722696865169	0.0415366126763	0.00152168295674	0.00609083339827	0.00223535636502	0.00273574806508	6.15235696795e-05	0.0173947639341	0.000467579129565	1.64062852479e-05	0.000488086986124	7.79298549274e-05	0.000393750845949	0.00208769979779	6.15235696795e-05	0.000118945568047	0.000184570709039	0.000348633561517	0	0.00135762010426	0.000213281708222	0.00350684347173	0.0036996173234	0.000820314262394	8.20314262394e-05	0.00516797985308	0.00137812796082	0.00394571160211	1.23047139359e-05	1.64062852479e-05	4.10157131197e-06	0	0.00029121156315	0	7.79298549274e-05	0.000365039846765	0.000159961281167	0.000742384407467	0.000180469137727	0	0.00031171941971	0	3.69141418077e-05	0	4.51172844317e-05	0	0	0	0.000393750845949	9.02345688633e-05	8.20314262394e-06	0.000102539282799	0.00116894782391	0	2.05078565598e-05	2.46094278718e-05	0.00127969024933	4.10157131197e-05	2.05078565598e-05	0	0	0	6.15235696795e-05	0.00343711675943	0.000533204270556	0.00324434290777	0.000824415833706	0.00166933952397	0.00180469137727	1.64062852479e-05	9.43361401753e-05	0	0.000155859709855	0.000180469137727	2.87109991838e-05	0	4.10157131197e-06
0.000414258702509	0.00470040072352	7.38282836155e-05	0	0.00120996353703	0.000221484850846	0.000627540410731	0.00473731486532	0.00152168295674	0.0374104319365	0.00119355725178	0.000151758138543	0.00219844222322	4.10157131197e-06	0.00223945793634	0.00146426095837	0.00125097925015	0.000118945568047	9.02345688633e-05	0.000233789564782	0.000664454552539	0.00022968799347	0.00656661567046	0.000278906849214	0.0126328396409	0.000598829411548	0.00108691639767	0.00394571160211	0.00927365273636	0.00106640854111	0.000836720547642	4.10157131197e-06	0.000233789564782	0.00169394895184	0.00264551349622	0.000192773851663	0.000106640854111	1.64062852479e-05	0	0.00618516953845	4.10157131197e-06	0.000705470265659	0.00214512179616	0.000652149838603	0.0178459367784	0.00182519923383	6.15235696795e-05	0.00316231148153	4.10157131197e-05	0.000180469137727	3.28125704958e-05	8.20314262394e-05	1.64062852479e-05	0	7.79298549274e-05	0.0034945387578	0.000106640854111	0.000635743553355	0.000118945568047	0.0171404665127	6.15235696795e-05	0.00031171941971	0.000200976994287	0.0121816667965	0.00020918013691	0.000389649274637	0	8.20314262394e-06	2.46094278718e-05	0.000705470265659	0.00335098376188	0.000668556123851	0.00277266220689	0.00118125253785	0.00254707578473	0.000164062852479	0	0.00122636982228	0.000451172844317	0.000717774979595	0.000164062852479	0.000164062852479	4.10157131197e-06	4.10157131197e-05
0.0013371122477	0.000324024133646	1.64062852479e-05	0	0.0026742244954	0.00149297195756	0.0135515916147	0.0159305029757	0.00609083339827	0.00119355725178	0.0414176671083	0.00235020036176	0.00512286256865	1.23047139359e-05	0.0064763811016	2.87109991838e-05	2.46094278718e-05	6.56251409915e-05	0.000123047139359	0.000184570709039	0.00779708706405	3.28125704958e-05	0.000106640854111	0.000213281708222	0.00027070370659	8.20314262394e-06	0.0019523479445	0.000488086986124	0.00798986091572	0.00577501240725	5.74219983676e-05	0.000164062852479	0.00235020036176	0.00323203819383	0.0075715006419	0.000127148710671	0.000131250281983	0	0	0.00241172393144	0	0.000172265995103	0.00050039170006	0.000131250281983	0.00108691639767	0.000278906849214	4.10157131197e-06	0.000365039846765	8.20314262394e-06	0.00022968799347	0	0	0	4.10157131197e-06	2.05078565598e-05	0.00160781595429	4.10157131197e-06	4.10157131197e-06	8.20314262394e-06	0.00116074468129	0.000159961281167	2.46094278718e-05	7.79298549274e-05	0.000525001127932	0.000192773851663	0	0	0	0	0.000295313134462	0.00226406736421	0.000176367566415	0.00637794339011	0.00108691639767	5.33204270556e-05	0.000594727840236	4.10157131197e-06	4.92188557436e-05	8.20314262394e-06	0.000254297421342	2.46094278718e-05	1.64062852479e-05	0	4.10157131197e-06
0.00162422223954	0.000451172844317	7.79298549274e-05	0	0.000180469137727	0.00204258251336	0.00267012292409	0.00188262123219	0.00223535636502	0.000151758138543	0.00235020036176	0.0347444105837	0.000914650402569	0.00417129802427	0.00474141643664	4.92188557436e-05	0.000336328847582	0.0010951195403	0.00319102248071	0.00848204947315	0.00147656567231	0.00142324524525	0.000159961281167	0.00148066724362	7.79298549274e-05	0.00107871325505	0.0146385080124	0.00189082437482	0.00118535410916	0.00575860612201	0.000488086986124	0.00173906623628	0.00139863581738	0.000406055559885	0.0197859800089	0	0.000159961281167	0	0	1.23047139359e-05	0	0	6.15235696795e-05	0	8.20314262394e-05	2.46094278718e-05	0.000336328847582	1.64062852479e-05	0.00105000225586	0	0	1.23047139359e-05	8.20314262394e-06	4.10157131197e-06	1.23047139359e-05	4.10157131197e-06	4.10157131197e-06	1.23047139359e-05	4.10157131197e-06	9.43361401753e-05	0.000299414705774	0.000615235696795	0.000512696413996	9.02345688633e-05	0	4.10157131197e-06	0.000123047139359	0	0	4.10157131197e-06	0.00280137320608	0.00243633335931	0.0114597902456	0.000693165551723	9.02345688633e-05	0.00200566837155	5.33204270556e-05	8.20314262394e-06	0.000578321554988	8.20314262394e-06	4.10157131197e-06	0	0	0.000369141418077
0.00020918013691	0.000118945568047	4.10157131197e-06	0	0.00624259153682	0.00204668408467	0.0137033497533	0.00105820539849	0.00273574806508	0.00219844222322	0.00512286256865	0.000914650402569	0.03929715474	6.15235696795e-05	0.00550020712935	0.00201387151418	2.05078565598e-05	6.15235696795e-05	8.20314262394e-06	3.28125704958e-05	0.0157336275527	0	4.10157131197e-05	5.33204270556e-05	0.00225176265027	4.10157131197e-05	0.000914650402569	0.000237891136094	0.00246914592981	0.00167344109528	2.87109991838e-05	0.00022968799347	0.00393750845949	0.000356836704141	0.00319922562334	4.92188557436e-05	0.000106640854111	2.87109991838e-05	0	0.00105410382718	2.05078565598e-05	0.00633282610568	0.000570118412364	0.00104590068455	0.0012345729649	0.00587345011874	0.000963869258313	0.0111111566841	0.00083261897633	0.000418360273821	0.000278906849214	8.20314262394e-06	2.87109991838e-05	5.33204270556e-05	5.74219983676e-05	0.00565196526789	2.05078565598e-05	4.51172844317e-05	4.10157131197e-05	0.00116074468129	4.10157131197e-05	0.00124687767884	0.000127148710671	0.000164062852479	0.00124277610753	1.23047139359e-05	8.20314262394e-06	3.28125704958e-05	0	0.00426563416445	0.00177187880677	5.74219983676e-05	0.00355196075617	0.00109101796898	0.00162422223954	0.00109922111161	4.92188557436e-05	0.00105820539849	0.000881837832073	0.00353965604223	0.000455274415629	0.000389649274637	1.23047139359e-05	0.000164062852479
6.97267123035e-05	8.61329975514e-05	0	0	8.20314262394e-06	6.56251409915e-05	0.000102539282799	2.05078565598e-05	6.15235696795e-05	4.10157131197e-06	1.23047139359e-05	0.00417129802427	6.15235696795e-05	0.0152168295674	0.000106640854111	0	0	2.05078565598e-05	4.10157131197e-06	6.56251409915e-05	4.10157131197e-05	0	4.10157131197e-06	0	0	0.00454454101366	0.00233379407651	0.00189082437482	0	0.000110742425423	8.20314262394e-06	0.00168574580922	2.87109991838e-05	0	0.000406055559885	4.10157131197e-06	0.000118945568047	4.10157131197e-06	0	0	0	2.46094278718e-05	1.23047139359e-05	8.20314262394e-06	6.15235696795e-05	3.28125704958e-05	0.00130019810589	2.87109991838e-05	0.0059964972581	8.20314262394e-06	0	0	8.20314262394e-06	0.000102539282799	0.000106640854111	2.87109991838e-05	4.10157131197e-06	6.56251409915e-05	4.10157131197e-06	4.10157131197e-05	0.00257578678392	0.00290801406019	0.0022271532224	0	8.20314262394e-06	0	0.0010623069698	0	0	4.51172844317e-05	8.61329975514e-05	0.000894142546009	0.000676759266475	0.00025019585003	0	0.000118945568047	0.000159961281167	0	0.00246504435849	0.000114843996735	6.15235696795e-05	0	0	0.000808009548458
0.0139699518886	0.000114843996735	0.00052089955662	0	0.00118535410916	0.00375703932176	0.007743766637	0.0107009995529	0.0173947639341	0.00223945793634	0.0064763811016	0.00474141643664	0.00550020712935	0.000106640854111	0.0486077216182	0.000241992707406	4.51172844317e-05	0.00134941696164	0.000389649274637	0.00134121381901	0.00527051913588	0.000410157131197	0.000176367566415	0.000639845124667	0.000697267123035	8.20314262394e-06	0.00345352304468	0.00105000225586	0.0031541083389	0.0164801135315	0.003391999475	0.000307617848398	0.00939669987572	0.00171855837972	0.00900705060109	0	4.10157131197e-05	1.23047139359e-05	0	0.000205078565598	0	6.56251409915e-05	0.000894142546009	0.000283008420526	0.000566016841052	0.000717774979595	4.10157131197e-06	0.000344531990205	8.20314262394e-06	0.000110742425423	0	9.02345688633e-05	0	0	0	0.00022968799347	0.000114843996735	2.87109991838e-05	0.000172265995103	0.00120996353703	0	0.000102539282799	6.15235696795e-05	0.00185391023301	3.28125704958e-05	3.28125704958e-05	0	0	0	6.97267123035e-05	0.00529102699244	0.00118125253785	0.00664454552539	0.00136582324689	0.000762892264026	0.000397852417261	4.10157131197e-05	0.000217383279534	1.23047139359e-05	7.79298549274e-05	2.46094278718e-05	4.92188557436e-05	0	4.10157131197e-06
1.23047139359e-05	0.000102539282799	0	0	0.000340430418893	0.00219023908059	0.00275625592164	0.000463477558253	0.000467579129565	0.00146426095837	2.87109991838e-05	4.92188557436e-05	0.00201387151418	0	0.000241992707406	0.00899474588715	0	4.10157131197e-06	0	2.05078565598e-05	0.000246094278718	4.10157131197e-06	8.20314262394e-05	0	0.000619337268107	8.20314262394e-06	4.92188557436e-05	0.000118945568047	0.000598829411548	0.000102539282799	2.05078565598e-05	4.10157131197e-06	0.000488086986124	0.000114843996735	0.000233789564782	0	1.23047139359e-05	0	0	0.000307617848398	0	4.92188557436e-05	4.51172844317e-05	0	0.000824415833706	2.05078565598e-05	0	0.000348633561517	0	0	4.10157131197e-06	1.23047139359e-05	0	0	0	0.000106640854111	8.20314262394e-06	2.87109991838e-05	0	0.000504493271372	4.10157131197e-06	8.20314262394e-06	3.28125704958e-05	0.000151758138543	0	0	0	0	0	0	0.000451172844317	0	0.000307617848398	4.51172844317e-05	0.00512286256865	0.000118945568047	0	4.10157131197e-06	0	1.64062852479e-05	1.64062852479e-05	8.20314262394e-06	0	0
0	0.000959767687001	4.10157131197e-05	0	0	1.23047139359e-05	4.10157131197e-06	6.15235696795e-05	1.64062852479e-05	0.00125097925015	2.46094278718e-05	0.000336328847582	2.05078565598e-05	0	4.51172844317e-05	0	0.0202002387115	9.02345688633e-05	5.74219983676e-05	0.000262500563966	2.05078565598e-05	0.00192363694531	0.013371122477	0.00700138222953	0.00382266446276	0	0.000451172844317	0.0060990365409	0.00196465265843	0.000299414705774	0.000233789564782	0	1.23047139359e-05	0.000307617848398	0.000660352981227	0.000102539282799	0.000369141418077	5.74219983676e-05	0	0	4.10157131197e-06	4.10157131197e-06	0.000131250281983	1.64062852479e-05	0.00207539508386	0	1.64062852479e-05	0	1.64062852479e-05	5.33204270556e-05	8.20314262394e-06	0.00372012517996	1.64062852479e-05	8.20314262394e-06	1.23047139359e-05	0	0.00109922111161	0.00681270994918	0.000566016841052	0.00207539508386	1.64062852479e-05	2.46094278718e-05	0.000828517405018	0.00260859935441	0.000118945568047	0.000709571836971	0	4.10157131197e-06	0	8.61329975514e-05	0.00214922336747	0.000512696413996	0.000926955116505	0.000447071273005	1.23047139359e-05	4.10157131197e-06	4.10157131197e-06	7.79298549274e-05	7.38282836155e-05	0.000110742425423	3.28125704958e-05	1.23047139359e-05	0	0
0.00259629464048	0.000799806405834	0.00460606458334	0	8.20314262394e-06	9.43361401753e-05	1.64062852479e-05	0.000906447259945	0.000488086986124	0.000118945568047	6.56251409915e-05	0.0010951195403	6.15235696795e-05	2.05078565598e-05	0.00134941696164	4.10157131197e-06	9.02345688633e-05	0.0333211653384	0.00056191526974	0.00773146192306	9.84377114873e-05	0.0042164153087	0.00022968799347	0.00732540636318	0.000328125704958	2.05078565598e-05	0.00614005225402	0.0050039170006	0.00212051236829	0.00277266220689	0.0062015758237	1.23047139359e-05	2.46094278718e-05	6.56251409915e-05	0.0075386880714	2.46094278718e-05	0.000619337268107	0.000656251409915	0	4.10157131197e-06	0	1.23047139359e-05	0.000131250281983	0.000118945568047	0.000135351853295	1.64062852479e-05	4.10157131197e-06	2.46094278718e-05	3.69141418077e-05	0.000155859709855	8.20314262394e-06	8.20314262394e-06	0.000283008420526	1.64062852479e-05	0.0011976588231	2.46094278718e-05	0.000118945568047	7.79298549274e-05	0.000356836704141	0.000102539282799	6.15235696795e-05	0.00392520374555	0.00178008194939	0.000262500563966	7.79298549274e-05	0.000274805277902	1.23047139359e-05	0	0	0.000172265995103	0.00159551124036	0.00112383053948	0.00233379407651	0.000266602135278	8.20314262394e-06	3.28125704958e-05	0	0.000689063980411	0.000414258702509	0.000143554995919	9.43361401753e-05	8.20314262394e-05	0	4.10157131197e-06
0.000258398992654	9.84377114873e-05	2.46094278718e-05	0	0	1.23047139359e-05	3.69141418077e-05	0.000127148710671	7.79298549274e-05	9.02345688633e-05	0.000123047139359	0.00319102248071	8.20314262394e-06	4.10157131197e-06	0.000389649274637	0	5.74219983676e-05	0.00056191526974	0.00534844899081	0.0033591869045	2.05078565598e-05	0.000401953988573	4.51172844317e-05	0.000233789564782	1.23047139359e-05	4.10157131197e-06	0.00282188106264	0.000176367566415	0.000377344560701	0.000496290128748	0.000205078565598	4.10157131197e-06	4.10157131197e-06	2.87109991838e-05	0.00251426321424	0	4.10157131197e-06	0	0	4.10157131197e-06	0	0	1.64062852479e-05	0	3.69141418077e-05	0	0	0	0	0	0	4.10157131197e-06	0	0	0	0	0	0	0	2.46094278718e-05	0	8.20314262394e-06	2.87109991838e-05	4.10157131197e-05	0	0	0	0	0	0	0.00118535410916	0.00054140741318	0.00100078340012	0.000143554995919	4.10157131197e-06	8.20314262394e-06	0	4.10157131197e-06	0	0	0	0	0	0
0.00137402638951	0.000820314262394	0.000430664987757	0	8.20314262394e-06	1.23047139359e-05	1.64062852479e-05	0.000241992707406	0.000393750845949	0.000233789564782	0.000184570709039	0.00848204947315	3.28125704958e-05	6.56251409915e-05	0.00134121381901	2.05078565598e-05	0.000262500563966	0.00773146192306	0.0033591869045	0.0233461439077	9.43361401753e-05	0.00313770205366	0.000217383279534	0.00239531764619	0.000164062852479	0.000135351853295	0.0110783441136	0.00234199721913	0.00239531764619	0.00162832381085	0.00191133223138	3.69141418077e-05	1.23047139359e-05	0.000155859709855	0.0111644771112	0	0.000574219983676	2.87109991838e-05	0	4.10157131197e-06	0	0	5.33204270556e-05	4.10157131197e-06	0.000102539282799	0	0	4.10157131197e-06	2.05078565598e-05	4.10157131197e-06	0	1.23047139359e-05	7.79298549274e-05	8.20314262394e-06	0.000451172844317	8.20314262394e-06	4.10157131197e-06	2.46094278718e-05	2.46094278718e-05	5.74219983676e-05	0.000213281708222	0.00237480978963	0.000529102699244	0.000114843996735	0	0	8.20314262394e-06	0	0	2.05078565598e-05	0.00233379407651	0.00130840124852	0.00647227953029	0.000508594842684	4.51172844317e-05	1.23047139359e-05	0	0.000123047139359	9.84377114873e-05	3.28125704958e-05	2.05078565598e-05	3.28125704958e-05	0	0
0.000373242989389	0.000110742425423	2.46094278718e-05	0	0.00899474588715	0.00145195624444	0.00855177618546	0.00175137095021	0.00208769979779	0.000664454552539	0.00779708706405	0.00147656567231	0.0157336275527	4.10157131197e-05	0.00527051913588	0.000246094278718	2.05078565598e-05	9.84377114873e-05	2.05078565598e-05	9.43361401753e-05	0.0261926343982	8.20314262394e-06	4.92188557436e-05	0.000172265995103	0.001919535374	4.10157131197e-06	0.0013699248182	0.000274805277902	0.0042164153087	0.00228047364946	7.38282836155e-05	0.000307617848398	0.00312949891103	0.000627540410731	0.00504083114241	4.10157131197e-06	0	0	0	0.00217793436666	4.10157131197e-06	0.000434766559069	0.000118945568047	0.000155859709855	0.00060293098286	0.000459375986941	3.28125704958e-05	0.00218613750928	2.87109991838e-05	5.33204270556e-05	4.51172844317e-05	0	0	0	4.10157131197e-06	0.00292852191675	0	8.20314262394e-06	4.10157131197e-06	0.000631641982043	0	2.46094278718e-05	2.05078565598e-05	0.000159961281167	0.000123047139359	4.10157131197e-06	0	4.10157131197e-06	0	0.00031171941971	0.00214102022485	8.61329975514e-05	0.00498751071536	0.00153808924199	0.000328125704958	0.00119355725178	4.92188557436e-05	0.000123047139359	2.46094278718e-05	0.000283008420526	7.79298549274e-05	0.000106640854111	4.10157131197e-06	4.51172844317e-05
0.000188672280351	0.000192773851663	0.00186211337563	0	0	3.69141418077e-05	4.10157131197e-06	0.000939259830441	6.15235696795e-05	0.00022968799347	3.28125704958e-05	0.00142324524525	0	0	0.000410157131197	4.10157131197e-06	0.00192363694531	0.0042164153087	0.000401953988573	0.00313770205366	8.20314262394e-06	0.0418114179542	0.00275625592164	0.0178787493489	0.00127969024933	4.10157131197e-06	0.00256348206998	0.000894142546009	0.00974123186593	0.00168164423791	0.00948693444459	0	4.10157131197e-06	0.000652149838603	0.00760021164108	0.000352735132829	9.02345688633e-05	0.000131250281983	0	1.23047139359e-05	0	4.10157131197e-06	0.000406055559885	0.000102539282799	0.00145605781575	4.10157131197e-06	4.10157131197e-06	0	4.10157131197e-06	0.000159961281167	0	0.000389649274637	0	0	0	0	0.00151347981412	0.00109101796898	0.0015421908133	0.000627540410731	8.20314262394e-06	9.84377114873e-05	0.000241992707406	0.0015093782428	0.000324024133646	0.000951564544377	0	0	6.56251409915e-05	0.000139453424607	0.00237891136094	0.000803907977146	0.00776837606487	0.0020918013691	4.92188557436e-05	4.51172844317e-05	0	3.69141418077e-05	2.05078565598e-05	0.000127148710671	2.87109991838e-05	1.64062852479e-05	0	0
5.33204270556e-05	0.00614415382533	0.000615235696795	0	4.10157131197e-06	1.64062852479e-05	7.38282836155e-05	0.000184570709039	0.000118945568047	0.00656661567046	0.000106640854111	0.000159961281167	4.10157131197e-05	4.10157131197e-06	0.000176367566415	8.20314262394e-05	0.013371122477	0.00022968799347	4.51172844317e-05	0.000217383279534	4.92188557436e-05	0.00275625592164	0.0362537888265	0.00711212465496	0.00944591873147	0.000877736260761	0.00087363468945	0.0125508082146	0.00265371663884	0.000881837832073	0.000926955116505	4.10157131197e-06	1.23047139359e-05	0.000840822118954	0.00128789339196	0.000217383279534	0.000578321554988	6.56251409915e-05	0	0	8.20314262394e-06	4.10157131197e-06	0.000738282836155	0.000118945568047	0.00454043944235	2.05078565598e-05	2.46094278718e-05	0	0.000135351853295	7.79298549274e-05	8.20314262394e-06	0.0061687632532	2.46094278718e-05	4.10157131197e-05	2.46094278718e-05	0	0.00189902751744	0.0140724911714	0.00292031877412	0.00289160777494	0.00020918013691	0.000135351853295	0.00441329073168	0.00455274415629	0.000159961281167	0.00130019810589	0	8.20314262394e-06	2.05078565598e-05	0.000385547703325	0.00253887264211	0.00108691639767	0.00087363468945	0.000303516277086	0.000340430418893	2.87109991838e-05	0	0.000254297421342	0.000233789564782	0.000426563416445	4.51172844317e-05	2.05078565598e-05	0	8.20314262394e-06
0.000664454552539	0.000299414705774	0.00819904105263	0	1.23047139359e-05	6.56251409915e-05	2.46094278718e-05	0.00276856063558	0.000184570709039	0.000278906849214	0.000213281708222	0.00148066724362	5.33204270556e-05	0	0.000639845124667	0	0.00700138222953	0.00732540636318	0.000233789564782	0.00239531764619	0.000172265995103	0.0178787493489	0.00711212465496	0.064513615166	0.00056191526974	4.10157131197e-06	0.00337969476106	0.00663224081145	0.00269063078065	0.00113613525342	0.00483985414812	0	3.28125704958e-05	0.000635743553355	0.00583653597693	0.000139453424607	0.00020918013691	0.000262500563966	0	8.20314262394e-06	4.10157131197e-06	8.20314262394e-06	0.000164062852479	4.92188557436e-05	0.00081211111977	1.64062852479e-05	8.20314262394e-06	4.10157131197e-06	2.46094278718e-05	4.51172844317e-05	8.20314262394e-06	0.00389649274637	0.000118945568047	1.23047139359e-05	2.46094278718e-05	4.10157131197e-06	0.00285879520444	0.00728849222137	0.00566837155314	0.00118945568047	4.10157131197e-05	0.000221484850846	0.0012673855354	0.00295313134462	0.000164062852479	0.000865431546826	0	4.10157131197e-06	0	6.56251409915e-05	0.00939669987572	0.00220664536584	0.00987658371922	0.00401543831442	4.92188557436e-05	5.33204270556e-05	4.10157131197e-06	4.92188557436e-05	2.05078565598e-05	0.000102539282799	0.000319922562334	4.51172844317e-05	0	4.10157131197e-06
8.61329975514e-05	0.0031869209094	9.43361401753e-05	0	0.00268242763803	0.000131250281983	0.000557813698428	0.00308028005529	0.000348633561517	0.0126328396409	0.00027070370659	7.79298549274e-05	0.00225176265027	0	0.000697267123035	0.000619337268107	0.00382266446276	0.000328125704958	1.23047139359e-05	0.000164062852479	0.001919535374	0.00127969024933	0.00944591873147	0.00056191526974	0.0458801766957	0.000172265995103	0.000623438839419	0.00376524246439	0.0172799199373	0.000939259830441	0.00177187880677	4.10157131197e-06	0.000241992707406	0.000803907977146	0.00371192203733	0.000635743553355	0.000385547703325	2.46094278718e-05	0	0.00153398767068	1.23047139359e-05	0.00025019585003	0.00287109991838	0.000508594842684	0.0140888974566	0.00225586422158	9.02345688633e-05	0.000611134125483	4.51172844317e-05	0.000365039846765	3.69141418077e-05	7.79298549274e-05	0	3.28125704958e-05	0.000102539282799	0.000738282836155	0.00025019585003	0.000488086986124	6.97267123035e-05	0.0138346000353	6.97267123035e-05	0.000147656567231	0.000877736260761	0.00986427900529	0.000459375986941	0.000705470265659	0	8.20314262394e-06	2.46094278718e-05	0.00081211111977	0.00356016389879	0.00104590068455	0.00393340688818	0.0014396515305	0.00081211111977	0.000233789564782	4.10157131197e-06	0.000976173972249	0.000287109991838	0.000787501691898	9.43361401753e-05	0.000127148710671	0	4.10157131197e-06
4.10157131197e-06	0.00129609653458	8.20314262394e-06	0	0	0	4.10157131197e-06	0	0	0.000598829411548	8.20314262394e-06	0.00107871325505	4.10157131197e-05	0.00454454101366	8.20314262394e-06	8.20314262394e-06	0	2.05078565598e-05	4.10157131197e-06	0.000135351853295	4.10157131197e-06	4.10157131197e-06	0.000877736260761	4.10157131197e-06	0.000172265995103	0.0113244383923	0.00242813021669	0.00374063303652	0	4.10157131197e-06	0	0.000110742425423	0	0	4.10157131197e-05	0.000225586422158	0.00160371438298	2.05078565598e-05	0	6.56251409915e-05	0	4.10157131197e-05	0.000155859709855	1.23047139359e-05	4.51172844317e-05	5.33204270556e-05	0.000689063980411	3.28125704958e-05	0.00413848545378	1.23047139359e-05	0	0	3.28125704958e-05	0.000123047139359	0.000196875422975	6.15235696795e-05	0	7.38282836155e-05	8.20314262394e-05	7.79298549274e-05	0.00450352530054	0.00110742425423	0.00273164649377	6.97267123035e-05	0.000213281708222	1.23047139359e-05	0.00054140741318	0	0	0.000360938275453	1.23047139359e-05	3.28125704958e-05	2.87109991838e-05	0	5.33204270556e-05	0	4.10157131197e-06	2.46094278718e-05	0.00120996353703	0.000442969701693	2.05078565598e-05	0	0	0.000196875422975
0.00392110217424	0.00907267574208	0.00689063980411	0	0.000159961281167	0.000795704834522	0.001472464101	0.00277266220689	0.00135762010426	0.00108691639767	0.0019523479445	0.0146385080124	0.000914650402569	0.00233379407651	0.00345352304468	4.92188557436e-05	0.000451172844317	0.00614005225402	0.00282188106264	0.0110783441136	0.0013699248182	0.00256348206998	0.00087363468945	0.00337969476106	0.000623438839419	0.00242813021669	0.0887292921918	0.0253805232785	0.00187031651826	0.00450762687185	0.00236660664701	0.00283828734788	0.000278906849214	0.000324024133646	0.0112383053948	0.000283008420526	0.00775607135093	0.00186211337563	0	0.000295313134462	0	6.97267123035e-05	0.000881837832073	0.000106640854111	0.000947462973065	0.000147656567231	0.000393750845949	9.84377114873e-05	0.00236250507569	0.000155859709855	0	0.000110742425423	0.00056191526974	0.000274805277902	0.00213691865354	0.000340430418893	4.10157131197e-05	0.00100488497143	0.000586524697612	0.000980275543561	0.00631231824912	0.0177639053521	0.0168902706627	0.000824415833706	0.000307617848398	1.23047139359e-05	0.00027070370659	0	0	0.000992580257497	0.00896193331665	0.00760431321239	0.00817033005344	0.00085312683289	0.000123047139359	0.00100078340012	4.10157131197e-06	0.00107461168374	0.00118125253785	0.00111562739686	0.000123047139359	7.79298549274e-05	8.20314262394e-06	9.02345688633e-05
0.000808009548458	0.0235676287586	0.0103646707053	0	3.69141418077e-05	6.56251409915e-05	0.000180469137727	0.00105820539849	0.000213281708222	0.00394571160211	0.000488086986124	0.00189082437482	0.000237891136094	0.00189082437482	0.00105000225586	0.000118945568047	0.0060990365409	0.0050039170006	0.000176367566415	0.00234199721913	0.000274805277902	0.000894142546009	0.0125508082146	0.00663224081145	0.00376524246439	0.00374063303652	0.0253805232785	0.0964279415444	0.00195644951581	0.00129199496327	0.000992580257497	9.84377114873e-05	4.51172844317e-05	0.000221484850846	0.00531563642031	0.00031171941971	0.0141627257402	0.00292442034543	0	0.000377344560701	0	0.000110742425423	0.000717774979595	0.000151758138543	0.000200976994287	0.000164062852479	0.000348633561517	0.000110742425423	0.00269063078065	0.000151758138543	0	0.00340430418893	0.00107871325505	0.000217383279534	0.000947462973065	0.000377344560701	0.000200976994287	0.00753048492878	0.00556993384165	0.000578321554988	0.00584473911956	0.00942951244622	0.0262582595392	0.000844923690266	0.000328125704958	2.46094278718e-05	0.000200976994287	0	0	0.000885939403385	0.0105000225586	0.00247324750112	0.00539356627524	0.000935158259129	0.000307617848398	0.000143554995919	0	0.00129199496327	0.000992580257497	0.000992580257497	0.000151758138543	2.05078565598e-05	0	0.000139453424607
0.000877736260761	0.000356836704141	0.00107871325505	0	0.00614415382533	0.000426563416445	0.00315000676759	0.0226775877839	0.00350684347173	0.00927365273636	0.00798986091572	0.00118535410916	0.00246914592981	0	0.0031541083389	0.000598829411548	0.00196465265843	0.00212051236829	0.000377344560701	0.00239531764619	0.0042164153087	0.00974123186593	0.00265371663884	0.00269063078065	0.0172799199373	0	0.00187031651826	0.00195644951581	0.0718841388136	0.0052418081367	0.00632462296306	8.20314262394e-06	0.000906447259945	0.00488086986124	0.00985197429135	0.000775196977962	0.000151758138543	0	0	0.00753458650009	8.20314262394e-06	0.000643946695979	0.00268242763803	0.000943361401753	0.0145810860141	0.00127969024933	0.000118945568047	0.00173086309365	6.56251409915e-05	0.000389649274637	1.64062852479e-05	4.51172844317e-05	0	2.05078565598e-05	4.92188557436e-05	0.00340840576025	0.000508594842684	0.000246094278718	0.0004798838435	0.0131086219131	2.05078565598e-05	0.000241992707406	0.000188672280351	0.0108486561202	0.000545508984492	0.00102129125668	0	8.20314262394e-06	1.64062852479e-05	0.00087363468945	0.00444610330218	0.000857228404202	0.00880197203549	0.00201797308549	0.000865431546826	0.00022968799347	8.20314262394e-06	0.00060293098286	0.000196875422975	0.000869533118138	8.61329975514e-05	9.84377114873e-05	0	1.64062852479e-05
0.00770275092388	0.00033222727627	0.00110332268292	0	0.000172265995103	0.00081211111977	0.00163652695348	0.0129937779163	0.0036996173234	0.00106640854111	0.00577501240725	0.00575860612201	0.00167344109528	0.000110742425423	0.0164801135315	0.000102539282799	0.000299414705774	0.00277266220689	0.000496290128748	0.00162832381085	0.00228047364946	0.00168164423791	0.000881837832073	0.00113613525342	0.000939259830441	4.10157131197e-06	0.00450762687185	0.00129199496327	0.0052418081367	0.0450311514341	0.0116443609547	0.00029121156315	0.00112383053948	0.0129076449188	0.0155490568437	5.74219983676e-05	2.87109991838e-05	8.20314262394e-06	0	0.000151758138543	4.10157131197e-06	4.10157131197e-06	0.000631641982043	0.000102539282799	0.000996681828809	0.000143554995919	8.20314262394e-06	0.000118945568047	8.20314262394e-06	2.05078565598e-05	0	1.23047139359e-05	4.10157131197e-06	0	1.64062852479e-05	0.000118945568047	9.84377114873e-05	0.000147656567231	5.74219983676e-05	0.000627540410731	0	4.92188557436e-05	5.74219983676e-05	0.00101308811406	2.05078565598e-05	4.10157131197e-05	0	4.10157131197e-06	0	6.56251409915e-05	0.00273164649377	0.000492188557436	0.00839181490429	0.000824415833706	6.97267123035e-05	0.000233789564782	1.64062852479e-05	7.38282836155e-05	3.69141418077e-05	6.56251409915e-05	0	8.20314262394e-06	4.10157131197e-06	4.10157131197e-06
0.00643126381717	0.000123047139359	0.00439688444643	0	4.10157131197e-06	4.10157131197e-05	0.000192773851663	0.00743204721729	0.000820314262394	0.000836720547642	5.74219983676e-05	0.000488086986124	2.87109991838e-05	8.20314262394e-06	0.003391999475	2.05078565598e-05	0.000233789564782	0.0062015758237	0.000205078565598	0.00191133223138	7.38282836155e-05	0.00948693444459	0.000926955116505	0.00483985414812	0.00177187880677	0	0.00236660664701	0.000992580257497	0.00632462296306	0.0116443609547	0.0386409033301	4.10157131197e-06	8.61329975514e-05	0.00262090406835	0.00799806405834	7.38282836155e-05	1.23047139359e-05	4.10157131197e-05	0	0	0	8.20314262394e-06	0.000980275543561	0.000168164423791	0.000680860837787	7.79298549274e-05	0	0	0	4.92188557436e-05	0	2.46094278718e-05	2.46094278718e-05	0	4.10157131197e-06	0	7.38282836155e-05	0.000168164423791	0.000147656567231	0.000348633561517	0	4.92188557436e-05	2.05078565598e-05	0.00180058980595	1.64062852479e-05	0.000180469137727	0	0	0	4.10157131197e-05	0.00105410382718	0.000488086986124	0.00426153259314	0.000434766559069	6.97267123035e-05	4.51172844317e-05	4.10157131197e-06	5.33204270556e-05	2.46094278718e-05	4.51172844317e-05	4.10157131197e-06	8.20314262394e-06	0	0
4.51172844317e-05	4.10157131197e-05	0	0	4.51172844317e-05	4.10157131197e-05	0.000246094278718	1.64062852479e-05	8.20314262394e-05	4.10157131197e-06	0.000164062852479	0.00173906623628	0.00022968799347	0.00168574580922	0.000307617848398	4.10157131197e-06	0	1.23047139359e-05	4.10157131197e-06	3.69141418077e-05	0.000307617848398	0	4.10157131197e-06	0	4.10157131197e-06	0.000110742425423	0.00283828734788	9.84377114873e-05	8.20314262394e-06	0.00029121156315	4.10157131197e-06	0.00381856289144	4.51172844317e-05	0	0.000762892264026	0	1.23047139359e-05	0	0	0	0	0	0	0	4.10157131197e-06	0	9.84377114873e-05	0	0.000668556123851	0	0	0	0	2.87109991838e-05	1.23047139359e-05	0	0	4.10157131197e-06	0	4.10157131197e-06	0.000360938275453	0.000824415833706	0.000849025261578	0	0	0	0.000123047139359	0	0	0	0.000135351853295	0.000307617848398	0.000397852417261	1.23047139359e-05	1.23047139359e-05	0.000225586422158	0	0	0.000110742425423	0	0	0	0	6.56251409915e-05
0.00102539282799	1.23047139359e-05	8.20314262394e-06	0	0.000988478686185	0.00572989512282	0.00819904105263	0.00105820539849	0.00516797985308	0.000233789564782	0.00235020036176	0.00139863581738	0.00393750845949	2.87109991838e-05	0.00939669987572	0.000488086986124	1.23047139359e-05	2.46094278718e-05	4.10157131197e-06	1.23047139359e-05	0.00312949891103	4.10157131197e-06	1.23047139359e-05	3.28125704958e-05	0.000241992707406	0	0.000278906849214	4.51172844317e-05	0.000906447259945	0.00112383053948	8.61329975514e-05	4.51172844317e-05	0.0134408491893	0.000168164423791	0.00214512179616	0	4.10157131197e-06	0	0	2.87109991838e-05	0	2.46094278718e-05	8.20314262394e-05	2.05078565598e-05	0.000114843996735	5.33204270556e-05	0	7.38282836155e-05	0	1.23047139359e-05	0	0	0	0	0	4.92188557436e-05	8.20314262394e-06	0	8.20314262394e-06	0.000172265995103	0	1.23047139359e-05	8.20314262394e-06	9.84377114873e-05	0	4.10157131197e-06	0	0	0	4.10157131197e-06	0.000746485978778	9.84377114873e-05	0.00103769754193	0.000221484850846	0.000598829411548	0.000972072400937	0	3.28125704958e-05	4.10157131197e-06	2.46094278718e-05	2.46094278718e-05	4.10157131197e-06	0	0
