0.0292969937151	8.50950024921e-05	0.00140204146963	0	0.000328223581041	4.86257157098e-05	0.00154386647378	0.0072533359267	0.00963194385351	0.00112649574728	0.00179509933829	0.000510570014952	0.00220841792182	5.67300016614e-05	0.0177078648043	7.69907165404e-05	2.83650008307e-05	0.00074559430755	4.45735727339e-05	0.000316067152113	0.00185182933995	0.00171810862174	0.000283650008307	0.00368745010799	0.00129668575226	2.43128578549e-05	0.000461944299243	0.000255285007476	0.00404809083284	0.0210711434742	0.0117917360596	0	0.000332275724017	0.00333491366909	0.00511380443548	6.88864305888e-05	2.02607148791e-05	4.45735727339e-05	0	0.000364692867823	4.05214297581e-06	0.000153981433081	0.000506517871977	0.000158033576057	0.00176268219448	0.00115080860513	2.83650008307e-05	0.000303910723186	8.10428595163e-06	0.000210711434742	6.4834287613e-05	6.4834287613e-05	4.05214297581e-06	4.05214297581e-06	1.21564289274e-05	0.000401162154605	6.07821446372e-05	9.72514314195e-05	7.29385735646e-05	0.00183967291102	4.05214297581e-06	6.07821446372e-05	6.4834287613e-05	0.000782063594332	6.07821446372e-05	5.26778586856e-05	4.05214297581e-06	1.21564289274e-05	0	4.45735727339e-05	0.000741542164574	0.000141825004153	0.00172216076472	0.000761802879453	0.000328223581041	0.000149929290105	2.02607148791e-05	0.000137772861178	4.05214297581e-05	0.000113460003323	3.24171438065e-05	0.000133720718202	4.05214297581e-06	0
8.50950024921e-05	0.0295644351515	0.00306747223269	0	0	8.10428595163e-06	0	2.43128578549e-05	2.43128578549e-05	0.000713177163743	0	0.000749646450525	0	0.000559195730662	7.29385735646e-05	1.62085719033e-05	0.000437631441388	0.00182346433912	5.67300016614e-05	0.00178294290936	0	0.000384953582702	0.00459513013457	0.00148308432915	0.000867158596824	0.00406429940474	0.00819343309709	0.0214277320561	0.0002512328645	0.000149929290105	0.000307962866162	8.50950024921e-05	8.10428595163e-06	0.000105355717371	0.00129263360928	1.62085719033e-05	0.0104869460214	0.00187209005483	0	4.05214297581e-06	0	2.83650008307e-05	9.72514314195e-05	2.83650008307e-05	0.00012561643225	4.86257157098e-05	0.000218815720694	4.05214297581e-06	0.000218815720694	6.88864305888e-05	8.10428595163e-06	0.000303910723186	0.000984670743123	6.07821446372e-05	0.000587560731493	8.10428595163e-06	0.000307962866162	0.00223273077967	0.00117512146299	0.000153981433081	0.000441683584364	0.00491930157264	0.00998853243538	0.000198555005815	3.64692867823e-05	7.69907165404e-05	0	4.05214297581e-06	2.83650008307e-05	0.000344432152944	0.00154791861676	0.0008712107398	0.00122779932167	0.000664551448033	0.000117512146299	2.83650008307e-05	4.05214297581e-06	0.000778011451356	0.000903627883606	0.000494361443049	8.50950024921e-05	2.43128578549e-05	0	2.83650008307e-05
0.00140204146963	0.00306747223269	0.0469197635169	0	4.05214297581e-06	1.62085719033e-05	7.29385735646e-05	0.000867158596824	0.000360640724847	0.000243128578549	8.10428595163e-06	0.000542987158759	2.83650008307e-05	0.000121564289274	0.000911732169558	4.86257157098e-05	0.000344432152944	0.00765855022429	6.4834287613e-05	0.00154386647378	2.43128578549e-05	0.00340380009968	0.00209901006147	0.0250138785897	0.000316067152113	0.000109407860347	0.0109164731768	0.0159775997536	0.00115891289108	0.00183562076804	0.0036023551055	1.62085719033e-05	4.05214297581e-05	0.000445735727339	0.00370771082287	3.24171438065e-05	0.00233808649704	0.00227730435241	0	1.21564289274e-05	0	2.83650008307e-05	0.000198555005815	1.62085719033e-05	0.000166137862008	6.07821446372e-05	7.69907165404e-05	8.10428595163e-06	2.83650008307e-05	6.88864305888e-05	0	0.00123590360762	0.00100898360098	1.62085719033e-05	0.000283650008307	1.62085719033e-05	0.00136557218285	0.00311204580542	0.00381306654024	0.000267441436404	3.24171438065e-05	0.00101708788693	0.00578646016946	0.000530830729831	9.31992884437e-05	0.000279597865331	0	8.10428595163e-06	5.26778586856e-05	0.000514622157928	0.00508543943465	0.00157223147462	0.00527589015451	0.00396704797332	0.000461944299243	0.000247180721525	5.26778586856e-05	0.00103734860181	0.00064834287613	0.000445735727339	0.000121564289274	2.83650008307e-05	4.05214297581e-06	4.05214297581e-06
0	0	0	0	0	0	0	0	0	0	0	0	0	0	0	0	0	0	0	0	0	0	0	0	0	0	0	0	0	0	0	0	0	0	0	0	0	0	0	0	0	0	0	0	0	0	0	0	0	0	0	0	0	0	0	0	0	0	0	0	0	0	0	0	0	0	0	0	0	0	0	0	0	0	0	0	0	0	0	0	0	0	0	0
0.000328223581041	0	4.05214297581e-06	0	0.0202445063072	3.64692867823e-05	0.000624030018275	0.000360640724847	0.000757750736477	0.000547039301735	0.00105760931669	0.000101303574395	0.00451003513208	1.21564289274e-05	0.0008712107398	0.000303910723186	0	0	0	0	0.00804350380699	1.21564289274e-05	1.21564289274e-05	3.24171438065e-05	0.00840009238886	0	2.83650008307e-05	4.05214297581e-06	0.00629297804144	0.00099682717205	8.10428595163e-05	0	5.67300016614e-05	0.000247180721525	0.000644290733154	1.21564289274e-05	0	0	0	0.00275950936653	4.05214297581e-06	0.000178294290936	0.000178294290936	8.91471454679e-05	0.00227325220943	0.00286081294092	4.05214297581e-06	0.00259337150452	0	8.10428595163e-05	3.24171438065e-05	0	0	0	0	0.00365503296418	0	4.05214297581e-06	0	0.00215979220611	4.05214297581e-06	4.05214297581e-06	0	0.000490309300073	3.24171438065e-05	0	0	8.10428595163e-06	0	2.02607148791e-05	0.000283650008307	8.10428595163e-06	0.000230972149621	5.26778586856e-05	0.00094820145634	3.24171438065e-05	4.05214297581e-06	2.43128578549e-05	4.05214297581e-06	5.26778586856e-05	1.21564289274e-05	2.83650008307e-05	4.05214297581e-06	4.05214297581e-06
4.86257157098e-05	8.10428595163e-06	1.62085719033e-05	0	3.64692867823e-05	0.00497197943132	0.00187209005483	6.88864305888e-05	0.00130884218119	9.31992884437e-05	3.24171438065e-05	6.88864305888e-05	0.000121564289274	6.88864305888e-05	0.000863106453848	0.00111028717537	1.62085719033e-05	2.02607148791e-05	0	8.10428595163e-06	8.50950024921e-05	8.10428595163e-06	2.02607148791e-05	3.64692867823e-05	0.000117512146299	4.05214297581e-06	8.10428595163e-06	1.62085719033e-05	0.000113460003323	0.000692916448864	2.02607148791e-05	0	0.00173026505067	8.10428595163e-05	0.0010211400299	0	4.05214297581e-06	4.05214297581e-06	0	0	0	4.05214297581e-06	2.02607148791e-05	0	5.26778586856e-05	2.43128578549e-05	8.10428595163e-06	8.10428595163e-06	0	4.05214297581e-06	0	0	0	0	4.05214297581e-06	8.10428595163e-06	4.05214297581e-06	8.10428595163e-06	8.10428595163e-06	6.4834287613e-05	0	4.05214297581e-06	8.10428595163e-06	3.64692867823e-05	0	8.10428595163e-06	0	0	0	2.43128578549e-05	0.000271493579379	3.64692867823e-05	0.000344432152944	0.000162085719033	0.00118727789191	0.000295806437234	2.83650008307e-05	7.29385735646e-05	2.02607148791e-05	4.05214297581e-05	4.86257157098e-05	8.10428595163e-06	4.05214297581e-06	0
0.00154386647378	0	7.29385735646e-05	0	0.000624030018275	0.00187209005483	0.0338759152778	0.00285270865497	0.0169784790687	0.000364692867823	0.00676302662663	0.000332275724017	0.00960357885268	0.000121564289274	0.0070871980647	0.000701020734816	0	2.43128578549e-05	2.02607148791e-05	2.02607148791e-05	0.00277571793843	8.10428595163e-05	3.24171438065e-05	0.000210711434742	0.000786115737308	0	8.50950024921e-05	4.05214297581e-05	0.00215168792016	0.00458702584862	0.000376849296751	4.05214297581e-06	0.0022286786367	0.000530830729831	0.00304721151781	2.02607148791e-05	0	8.10428595163e-06	0	0.000291754294259	0	0.000105355717371	0.000291754294259	0.000113460003323	0.00110218288942	0.00104950503074	2.02607148791e-05	0.000263389293428	4.05214297581e-06	0.00012561643225	3.64692867823e-05	8.10428595163e-06	0	0	4.05214297581e-06	0.000421422869485	8.10428595163e-06	1.62085719033e-05	2.02607148791e-05	0.00115486074811	0	4.05214297581e-06	4.05214297581e-06	0.000344432152944	4.86257157098e-05	8.10428595163e-06	0	4.05214297581e-06	0	2.83650008307e-05	0.00059971716042	6.88864305888e-05	0.00129668575226	0.000356588581872	0.00159249218949	0.000498413586025	6.07821446372e-05	7.29385735646e-05	1.62085719033e-05	0.000101303574395	3.64692867823e-05	9.72514314195e-05	8.10428595163e-06	4.05214297581e-06
0.0072533359267	2.43128578549e-05	0.000867158596824	0	0.000360640724847	6.88864305888e-05	0.00285270865497	0.0364935996402	0.00671034876795	0.00106976574561	0.00282029151117	0.000295806437234	0.00082258502409	7.29385735646e-05	0.00542176730164	0.000105355717371	2.83650008307e-05	0.000263389293428	1.62085719033e-05	0.000101303574395	0.00106976574561	0.00158033576057	0.000137772861178	0.0027311443657	0.00224083506562	4.05214297581e-06	0.000202607148791	0.000158033576057	0.0155318640263	0.00929561598651	0.0113095310455	1.21564289274e-05	0.000263389293428	0.00440873155768	0.00482610228419	4.05214297581e-05	8.10428595163e-06	2.43128578549e-05	0	0.000692916448864	0	0.000113460003323	0.000324171438065	0.00012561643225	0.0021435836342	0.001507397187	3.24171438065e-05	0.000405214297581	1.21564289274e-05	0.000133720718202	4.86257157098e-05	4.05214297581e-05	2.02607148791e-05	0	8.10428595163e-06	0.000786115737308	5.67300016614e-05	7.69907165404e-05	5.26778586856e-05	0.00208685363254	0	4.05214297581e-05	5.26778586856e-05	0.000765855022429	5.26778586856e-05	4.05214297581e-05	0	4.05214297581e-06	0	3.24171438065e-05	0.000919836455509	0.000101303574395	0.00224083506562	0.000705072877791	0.000445735727339	0.000214763577718	2.83650008307e-05	0.000105355717371	1.21564289274e-05	8.50950024921e-05	2.43128578549e-05	9.31992884437e-05	8.10428595163e-06	0
0.00963194385351	2.43128578549e-05	0.000360640724847	0	0.000757750736477	0.00130884218119	0.0169784790687	0.00671034876795	0.0474870635335	0.000830689310042	0.00554738373389	0.000980618600147	0.00664146233736	0.00029985858021	0.0288026322721	0.000336327866992	2.83650008307e-05	0.00012561643225	2.02607148791e-05	8.10428595163e-05	0.00365098082121	0.00039711001163	0.000129668575226	0.000940097170389	0.00140609361261	2.43128578549e-05	0.000218815720694	9.31992884437e-05	0.00440467941471	0.0163422926215	0.00275545722355	1.21564289274e-05	0.0045059829891	0.00158438790354	0.00769907165404	9.31992884437e-05	1.62085719033e-05	2.43128578549e-05	0	0.000547039301735	4.05214297581e-06	0.000283650008307	0.000790167880283	0.000312015009138	0.00225299149455	0.00206254077469	6.4834287613e-05	0.000449787870315	2.43128578549e-05	0.000352536438896	0.000101303574395	2.83650008307e-05	1.21564289274e-05	0	0	0.000705072877791	3.64692867823e-05	2.83650008307e-05	4.45735727339e-05	0.0026298407913	4.05214297581e-06	2.83650008307e-05	3.24171438065e-05	0.000976566457171	0.000113460003323	4.05214297581e-05	0	1.62085719033e-05	0	7.29385735646e-05	0.00126021646548	0.000158033576057	0.00319308866494	0.000992775029074	0.000907680026582	0.00122779932167	0.000137772861178	0.00022286786367	4.45735727339e-05	0.0002512328645	8.50950024921e-05	0.000243128578549	2.83650008307e-05	0
0.00112649574728	0.000713177163743	0.000243128578549	0	0.000547039301735	9.31992884437e-05	0.000364692867823	0.00106976574561	0.000830689310042	0.0218086334958	0.000133720718202	0.000206659291766	0.0024961200731	6.88864305888e-05	0.0013736764688	0.000656447162082	0.000757750736477	9.31992884437e-05	0	3.24171438065e-05	0.000668603591009	0.000656447162082	0.00560006159257	0.00141014575558	0.00667387948116	0.000113460003323	0.000170190004984	0.00153981433081	0.00227325220943	0.00461133870647	0.00390221368571	8.10428595163e-06	9.72514314195e-05	0.00372391939477	0.00451003513208	0.000247180721525	6.88864305888e-05	3.24171438065e-05	0	0.000652395019106	8.10428595163e-06	0.000340380009968	0.00147092790022	0.000449787870315	0.00688459091591	0.00183967291102	5.26778586856e-05	0.000384953582702	1.21564289274e-05	0.000587560731493	0.000137772861178	0.00113054789025	2.83650008307e-05	0	3.24171438065e-05	0.000490309300073	0.000368745010799	0.00314446294923	0.00100898360098	0.00467212085111	4.05214297581e-06	4.05214297581e-05	0.000162085719033	0.00267036222106	0.000214763577718	0.00022286786367	0	3.24171438065e-05	0	0.00012561643225	0.00173431719365	0.000141825004153	0.00201391505898	0.000713177163743	0.00198555005815	0.000113460003323	2.43128578549e-05	0.000664551448033	0.00017424214796	0.000364692867823	0.000109407860347	0.000405214297581	1.62085719033e-05	1.62085719033e-05
0.00179509933829	0	8.10428595163e-06	0	0.00105760931669	3.24171438065e-05	0.00676302662663	0.00282029151117	0.00554738373389	0.000133720718202	0.0235915764052	0.00022286786367	0.00553522730496	2.43128578549e-05	0.003014794374	6.07821446372e-05	0	8.10428595163e-06	1.62085719033e-05	4.05214297581e-06	0.00614304875133	3.64692867823e-05	1.21564289274e-05	5.26778586856e-05	0.000579456445541	0	4.45735727339e-05	1.21564289274e-05	0.00313635866328	0.00342811295754	0.000145877147129	4.05214297581e-06	0.000178294290936	0.000737490021598	0.00200581077303	0	0	0	0	0.000441683584364	0	0.000101303574395	0.000178294290936	6.4834287613e-05	0.00151955361593	0.00147092790022	2.02607148791e-05	0.000591612874469	4.05214297581e-06	5.67300016614e-05	3.24171438065e-05	0	4.05214297581e-06	4.05214297581e-06	4.05214297581e-06	0.000834741453017	8.10428595163e-06	1.21564289274e-05	4.05214297581e-06	0.00160059647545	0	4.05214297581e-06	0	0.000275545722355	1.62085719033e-05	4.05214297581e-06	0	0	0	8.10428595163e-06	0.000226920006646	1.21564289274e-05	0.000802324309211	0.000158033576057	0.00017424214796	9.72514314195e-05	2.02607148791e-05	2.43128578549e-05	2.83650008307e-05	5.26778586856e-05	1.21564289274e-05	2.83650008307e-05	0	4.05214297581e-06
0.000510570014952	0.000749646450525	0.000542987158759	0	0.000101303574395	6.88864305888e-05	0.000332275724017	0.000295806437234	0.000980618600147	0.000206659291766	0.00022286786367	0.0328547752479	0.000579456445541	0.00755724664989	0.00241912935656	1.62085719033e-05	7.69907165404e-05	0.00182346433912	0.0027635615095	0.00637807304393	0.000445735727339	0.000660499305057	0.000186398576887	0.00132910289607	0.000324171438065	0.00184372505399	0.0137853904037	0.00263389293428	0.000482205014122	0.00444925298744	0.000676707876961	0.00168163933496	0.000291754294259	0.000859054310872	0.0132018818152	1.62085719033e-05	0.000279597865331	6.07821446372e-05	0	6.4834287613e-05	0	4.05214297581e-05	0.000182346433912	6.07821446372e-05	0.000389005725678	0.000259337150452	0.00146282361427	4.45735727339e-05	0.000907680026582	0.000113460003323	1.62085719033e-05	4.05214297581e-05	5.26778586856e-05	0.000166137862008	0.000206659291766	5.26778586856e-05	5.67300016614e-05	6.88864305888e-05	8.91471454679e-05	0.000433579298412	0.000603769303396	0.00119538217786	0.000498413586025	0.000263389293428	1.62085719033e-05	2.83650008307e-05	4.05214297581e-06	4.05214297581e-06	0	0.000141825004153	0.0037360758237	0.00215574006313	0.00651179376213	0.0028810736558	0.000121564289274	0.000141825004153	0.000198555005815	0.000190450719863	0.000721281449695	0.000194502862839	4.86257157098e-05	4.05214297581e-05	8.10428595163e-06	0.000113460003323
0.00220841792182	0	2.83650008307e-05	0	0.00451003513208	0.000121564289274	0.00960357885268	0.00082258502409	0.00664146233736	0.0024961200731	0.00553522730496	0.000579456445541	0.035010515311	0.000101303574395	0.00695347734649	0.00155602290271	0	8.10428595163e-06	2.43128578549e-05	4.05214297581e-06	0.0165692126281	2.02607148791e-05	1.62085719033e-05	8.91471454679e-05	0.00423448940972	4.05214297581e-06	0.000149929290105	2.02607148791e-05	0.0024961200731	0.00543392373056	0.000145877147129	1.62085719033e-05	0.000429527155436	0.000478152871146	0.00318498437899	4.05214297581e-06	0	0	0	0.000413318583533	0	0.000247180721525	0.000214763577718	6.88864305888e-05	0.00128452932333	0.00126832075143	2.43128578549e-05	0.00106976574561	4.05214297581e-06	4.86257157098e-05	4.05214297581e-05	1.62085719033e-05	0	0	4.05214297581e-06	0.0008712107398	0	2.02607148791e-05	4.05214297581e-06	0.00126832075143	0	8.10428595163e-06	4.05214297581e-06	0.000332275724017	1.21564289274e-05	4.05214297581e-06	0	8.10428595163e-06	0	8.10428595163e-06	0.000652395019106	4.86257157098e-05	0.00108597431752	0.000255285007476	0.00206254077469	0.000113460003323	4.05214297581e-05	3.24171438065e-05	1.21564289274e-05	6.88864305888e-05	2.02607148791e-05	4.45735727339e-05	8.10428595163e-06	0
5.67300016614e-05	0.000559195730662	0.000121564289274	0	1.21564289274e-05	6.88864305888e-05	0.000121564289274	7.29385735646e-05	0.00029985858021	6.88864305888e-05	2.43128578549e-05	0.00755724664989	0.000101303574395	0.0217275906363	0.000575404302565	8.10428595163e-06	1.62085719033e-05	0.000129668575226	0.000190450719863	0.000283650008307	6.88864305888e-05	8.50950024921e-05	9.72514314195e-05	0.000218815720694	7.29385735646e-05	0.00440062727173	0.00580266874136	0.00456271299077	9.72514314195e-05	0.000992775029074	0.000109407860347	0.00427906298246	0.000178294290936	0.000210711434742	0.00201796720195	8.10428595163e-06	0.000133720718202	4.05214297581e-06	0	1.21564289274e-05	0	3.24171438065e-05	5.67300016614e-05	4.05214297581e-05	5.67300016614e-05	8.91471454679e-05	0.00207874934659	8.10428595163e-06	0.00146282361427	3.64692867823e-05	4.05214297581e-06	4.05214297581e-06	1.62085719033e-05	7.69907165404e-05	9.31992884437e-05	1.21564289274e-05	1.21564289274e-05	3.24171438065e-05	2.83650008307e-05	7.29385735646e-05	0.000903627883606	0.000782063594332	0.000279597865331	5.67300016614e-05	1.62085719033e-05	4.05214297581e-06	1.21564289274e-05	2.02607148791e-05	0	0.000101303574395	0.000859054310872	0.000672655733985	0.00186803791185	0.000765855022429	6.07821446372e-05	0.000307962866162	0.000915784312534	0.000145877147129	0.000976566457171	0.000259337150452	0.000137772861178	4.45735727339e-05	4.45735727339e-05	0.000340380009968
0.0177078648043	7.29385735646e-05	0.000911732169558	0	0.0008712107398	0.000863106453848	0.0070871980647	0.00542176730164	0.0288026322721	0.0013736764688	0.003014794374	0.00241912935656	0.00695347734649	0.000575404302565	0.0538367715766	0.000283650008307	5.26778586856e-05	0.000389005725678	8.91471454679e-05	0.000210711434742	0.00462754727838	0.00103329645883	0.00029985858021	0.00255690221774	0.00216384434908	6.07821446372e-05	0.000660499305057	0.000255285007476	0.00461944299243	0.0347309174457	0.00679139162746	5.67300016614e-05	0.00530020301236	0.00322550580875	0.0139961018385	0.00012561643225	1.62085719033e-05	4.45735727339e-05	0	0.000542987158759	4.05214297581e-06	0.000372797153775	0.00107787003157	0.000401162154605	0.00269467507892	0.00215979220611	0.000129668575226	0.000510570014952	5.26778586856e-05	0.000482205014122	0.000158033576057	7.69907165404e-05	1.21564289274e-05	0	4.05214297581e-06	0.000688864305888	8.10428595163e-05	0.000117512146299	8.91471454679e-05	0.00320524509387	8.10428595163e-06	5.67300016614e-05	5.67300016614e-05	0.00140204146963	0.000149929290105	5.67300016614e-05	4.05214297581e-06	2.83650008307e-05	0	9.31992884437e-05	0.0022448872086	0.000332275724017	0.00530020301236	0.00164517004818	0.00094820145634	0.00120753860679	0.000178294290936	0.000303910723186	7.69907165404e-05	0.000303910723186	0.000109407860347	0.000336327866992	2.43128578549e-05	8.10428595163e-06
7.69907165404e-05	1.62085719033e-05	4.86257157098e-05	0	0.000303910723186	0.00111028717537	0.000701020734816	0.000105355717371	0.000336327866992	0.000656447162082	6.07821446372e-05	1.62085719033e-05	0.00155602290271	8.10428595163e-06	0.000283650008307	0.00677518305556	0.000101303574395	3.24171438065e-05	0	1.21564289274e-05	0.000510570014952	0.000218815720694	0.000137772861178	0.000316067152113	0.000551091444711	4.05214297581e-06	2.83650008307e-05	6.07821446372e-05	0.000465996442218	0.000530830729831	0.0002512328645	0	8.91471454679e-05	0.000393057868654	0.000903627883606	4.05214297581e-06	4.05214297581e-06	4.05214297581e-06	0	3.24171438065e-05	0	4.05214297581e-06	4.45735727339e-05	1.21564289274e-05	0.000162085719033	6.88864305888e-05	2.43128578549e-05	3.64692867823e-05	4.05214297581e-06	2.02607148791e-05	4.05214297581e-06	2.02607148791e-05	4.05214297581e-06	0	1.62085719033e-05	4.45735727339e-05	3.24171438065e-05	2.43128578549e-05	4.05214297581e-05	0.000133720718202	0	1.21564289274e-05	2.02607148791e-05	9.31992884437e-05	1.21564289274e-05	3.64692867823e-05	0	4.05214297581e-06	0	3.64692867823e-05	0.000879315025751	2.43128578549e-05	0.00128452932333	0.00117106932001	0.00395489154439	4.45735727339e-05	8.10428595163e-06	0.000190450719863	5.26778586856e-05	4.05214297581e-05	5.26778586856e-05	1.21564289274e-05	0	0
2.83650008307e-05	0.000437631441388	0.000344432152944	0	0	1.62085719033e-05	0	2.83650008307e-05	2.83650008307e-05	0.000757750736477	0	7.69907165404e-05	0	1.62085719033e-05	5.26778586856e-05	0.000101303574395	0.0159492347528	0.000158033576057	0	8.50950024921e-05	0	0.00240292078466	0.00544202801652	0.00549875801818	0.00152360575891	4.86257157098e-05	0.000182346433912	0.00448167013125	0.00210711434742	0.000149929290105	0.000226920006646	0	8.10428595163e-06	0.00012561643225	0.000769907165404	2.83650008307e-05	4.05214297581e-05	4.45735727339e-05	0	8.10428595163e-06	4.05214297581e-06	1.62085719033e-05	0.000166137862008	1.62085719033e-05	0.000239076435573	6.4834287613e-05	0	8.10428595163e-06	0	4.05214297581e-05	8.10428595163e-06	0.00160464861842	3.64692867823e-05	4.05214297581e-06	2.02607148791e-05	8.10428595163e-06	0.000976566457171	0.00301884651698	0.00225704363753	0.000405214297581	0	4.45735727339e-05	0.000247180721525	0.00100087931503	3.64692867823e-05	0.000486257157098	0	0	1.21564289274e-05	0.000113460003323	0.000940097170389	0.000198555005815	0.00133315503904	0.000846897881945	0.0002512328645	6.88864305888e-05	1.62085719033e-05	0.000307962866162	0.000153981433081	0.000101303574395	4.05214297581e-05	1.62085719033e-05	4.05214297581e-06	0
0.00074559430755	0.00182346433912	0.00765855022429	0	0	2.02607148791e-05	2.43128578549e-05	0.000263389293428	0.00012561643225	9.31992884437e-05	8.10428595163e-06	0.00182346433912	8.10428595163e-06	0.000129668575226	0.000389005725678	3.24171438065e-05	0.000158033576057	0.0310799366245	0.000283650008307	0.00710745877958	4.05214297581e-06	0.00493956228752	0.000526778586856	0.0138461725484	0.000166137862008	0.000170190004984	0.00767881093917	0.00576619945458	0.000506517871977	0.00151955361593	0.00334301795505	8.10428595163e-06	3.24171438065e-05	0.000502465729001	0.00709125020767	1.21564289274e-05	0.00103734860181	0.000636186447203	0	1.62085719033e-05	0	8.10428595163e-06	3.24171438065e-05	1.21564289274e-05	8.50950024921e-05	2.83650008307e-05	0.000149929290105	4.05214297581e-06	3.24171438065e-05	1.62085719033e-05	8.10428595163e-06	0.000162085719033	0.000384953582702	2.02607148791e-05	0.000239076435573	8.10428595163e-06	0.000182346433912	0.000429527155436	0.000490309300073	7.29385735646e-05	4.05214297581e-05	0.00113054789025	0.00174647362258	0.000141825004153	2.02607148791e-05	4.86257157098e-05	0	0	8.10428595163e-06	0.000113460003323	0.00288512579878	0.00123590360762	0.00403998654689	0.00252448507393	0.0002512328645	0.000186398576887	2.02607148791e-05	0.000255285007476	0.000247180721525	0.000121564289274	4.86257157098e-05	1.62085719033e-05	0	0
4.45735727339e-05	5.67300016614e-05	6.4834287613e-05	0	0	0	2.02607148791e-05	1.62085719033e-05	2.02607148791e-05	0	1.62085719033e-05	0.0027635615095	2.43128578549e-05	0.000190450719863	8.91471454679e-05	0	0	0.000283650008307	0.00464375585028	0.00198960220112	1.62085719033e-05	6.88864305888e-05	8.10428595163e-06	0.00012561643225	4.05214297581e-06	0.00012561643225	0.0024961200731	0.00017424214796	8.10428595163e-06	0.000166137862008	6.07821446372e-05	4.86257157098e-05	4.05214297581e-06	4.45735727339e-05	0.000782063594332	4.05214297581e-06	1.21564289274e-05	8.10428595163e-06	0	0	0	4.05214297581e-06	8.10428595163e-06	0	1.62085719033e-05	4.05214297581e-06	0.000121564289274	4.05214297581e-06	7.69907165404e-05	4.05214297581e-06	0	0	8.10428595163e-06	1.62085719033e-05	1.62085719033e-05	0	0	8.10428595163e-06	4.05214297581e-06	1.62085719033e-05	6.07821446372e-05	0.000113460003323	6.07821446372e-05	8.10428595163e-06	0	0	0	0	0	1.21564289274e-05	0.000275545722355	0.000145877147129	0.000478152871146	0.00022286786367	4.05214297581e-06	1.21564289274e-05	8.10428595163e-06	8.10428595163e-06	5.67300016614e-05	8.10428595163e-06	4.05214297581e-06	0	0	0
0.000316067152113	0.00178294290936	0.00154386647378	0	0	8.10428595163e-06	2.02607148791e-05	0.000101303574395	8.10428595163e-05	3.24171438065e-05	4.05214297581e-06	0.00637807304393	4.05214297581e-06	0.000283650008307	0.000210711434742	1.21564289274e-05	8.50950024921e-05	0.00710745877958	0.00198960220112	0.0240818857053	0	0.00121969503572	0.000210711434742	0.00240697292763	0.000101303574395	0.000940097170389	0.01307221324	0.00389005725678	0.000166137862008	0.000603769303396	0.00109813074645	4.45735727339e-05	2.83650008307e-05	0.000230972149621	0.00695752948947	8.10428595163e-06	0.000952253599316	0.000149929290105	0	8.10428595163e-06	0	4.05214297581e-06	5.67300016614e-05	8.10428595163e-06	3.24171438065e-05	5.26778586856e-05	0.000526778586856	4.05214297581e-06	0.000218815720694	4.05214297581e-05	4.05214297581e-06	5.26778586856e-05	0.000218815720694	0.000133720718202	0.000482205014122	1.21564289274e-05	4.86257157098e-05	0.00012561643225	0.000113460003323	6.4834287613e-05	0.000259337150452	0.00252043293096	0.00132910289607	7.69907165404e-05	8.10428595163e-06	2.43128578549e-05	0	0	0	0.000178294290936	0.00312420223435	0.00163706576223	0.00383332725512	0.00245154650037	9.72514314195e-05	0.000121564289274	3.64692867823e-05	0.000178294290936	0.000389005725678	0.000145877147129	2.83650008307e-05	8.10428595163e-06	0	2.43128578549e-05
0.00185182933995	0	2.43128578549e-05	0	0.00804350380699	8.50950024921e-05	0.00277571793843	0.00106976574561	0.00365098082121	0.000668603591009	0.00614304875133	0.000445735727339	0.0165692126281	6.88864305888e-05	0.00462754727838	0.000510570014952	0	4.05214297581e-06	1.62085719033e-05	0	0.0285108779778	2.02607148791e-05	1.62085719033e-05	7.29385735646e-05	0.0038860051138	8.10428595163e-06	0.000105355717371	1.62085719033e-05	0.00518269086606	0.00464375585028	0.000117512146299	8.10428595163e-06	0.000247180721525	0.00074559430755	0.00294996008639	8.10428595163e-06	0	0	0	0.000952253599316	0	0.000194502862839	0.000352536438896	0.000121564289274	0.00294185580044	0.00268251864999	4.45735727339e-05	0.00110218288942	1.21564289274e-05	8.91471454679e-05	9.31992884437e-05	4.05214297581e-06	0	0	0	0.00173836933662	8.10428595163e-06	1.21564289274e-05	0	0.00289728222771	4.05214297581e-06	8.10428595163e-06	4.05214297581e-06	0.000591612874469	3.64692867823e-05	4.05214297581e-06	0	1.21564289274e-05	0	1.21564289274e-05	0.000498413586025	3.64692867823e-05	0.00107787003157	0.000198555005815	0.0010211400299	9.72514314195e-05	2.83650008307e-05	3.64692867823e-05	4.05214297581e-05	9.72514314195e-05	2.83650008307e-05	6.88864305888e-05	8.10428595163e-06	2.02607148791e-05
0.00171810862174	0.000384953582702	0.00340380009968	0	1.21564289274e-05	8.10428595163e-06	8.10428595163e-05	0.00158033576057	0.00039711001163	0.000656447162082	3.64692867823e-05	0.000660499305057	2.02607148791e-05	8.50950024921e-05	0.00103329645883	0.000218815720694	0.00240292078466	0.00493956228752	6.88864305888e-05	0.00121969503572	2.02607148791e-05	0.0472804042418	0.00201796720195	0.0310434673377	0.000802324309211	5.67300016614e-05	0.00141419789856	0.00167353504901	0.00851355239218	0.00560411373555	0.0147295397171	4.05214297581e-06	2.83650008307e-05	0.00401972583201	0.00928345955759	6.88864305888e-05	0.000149929290105	9.31992884437e-05	0	2.43128578549e-05	4.05214297581e-06	3.24171438065e-05	0.000401162154605	4.86257157098e-05	0.000952253599316	0.000117512146299	3.64692867823e-05	2.43128578549e-05	4.05214297581e-06	0.000137772861178	1.21564289274e-05	0.000790167880283	7.29385735646e-05	4.05214297581e-06	4.05214297581e-05	2.02607148791e-05	0.00077395930838	0.00137772861178	0.000741542164574	0.000640238590178	8.10428595163e-06	0.000166137862008	0.000336327866992	0.00174647362258	5.26778586856e-05	0.000514622157928	0	1.21564289274e-05	0	8.91471454679e-05	0.00271493579379	0.000555143587686	0.00588776374386	0.0029985858021	0.000891471454679	0.000255285007476	3.24171438065e-05	0.000389005725678	0.000113460003323	8.91471454679e-05	3.64692867823e-05	6.88864305888e-05	8.10428595163e-06	0
0.000283650008307	0.00459513013457	0.00209901006147	0	1.21564289274e-05	2.02607148791e-05	3.24171438065e-05	0.000137772861178	0.000129668575226	0.00560006159257	1.21564289274e-05	0.000186398576887	1.62085719033e-05	9.72514314195e-05	0.00029985858021	0.000137772861178	0.00544202801652	0.000526778586856	8.10428595163e-06	0.000210711434742	1.62085719033e-05	0.00201796720195	0.0294509751482	0.00662525376545	0.00666172305224	0.000567300016614	0.000806376452187	0.011398678191	0.00366718939311	0.00115891289108	0.00129263360928	2.02607148791e-05	2.83650008307e-05	0.00139798932666	0.00287296936985	9.72514314195e-05	0.000279597865331	0.00029985858021	0	3.64692867823e-05	4.05214297581e-06	3.24171438065e-05	0.000494361443049	3.64692867823e-05	0.00269062293594	0.000158033576057	3.24171438065e-05	2.83650008307e-05	1.21564289274e-05	0.000158033576057	2.43128578549e-05	0.00427095869651	0.000149929290105	1.62085719033e-05	6.4834287613e-05	2.43128578549e-05	0.0020949579185	0.011050193895	0.00496792728835	0.00151144932998	0	0.00017424214796	0.00227325220943	0.00303505508888	8.50950024921e-05	0.000798272166235	0	8.10428595163e-06	2.83650008307e-05	0.000352536438896	0.00178294290936	0.000389005725678	0.0021273750623	0.00118727789191	0.000644290733154	0.000141825004153	0	0.00106571360264	0.000465996442218	0.000263389293428	8.91471454679e-05	7.69907165404e-05	1.62085719033e-05	0
0.00368745010799	0.00148308432915	0.0250138785897	0	3.24171438065e-05	3.64692867823e-05	0.000210711434742	0.0027311443657	0.000940097170389	0.00141014575558	5.26778586856e-05	0.00132910289607	8.91471454679e-05	0.000218815720694	0.00255690221774	0.000316067152113	0.00549875801818	0.0138461725484	0.00012561643225	0.00240697292763	7.29385735646e-05	0.0310434673377	0.00662525376545	0.0891106761811	0.0012399557506	0.000162085719033	0.00442899227256	0.0152157968742	0.00616736160919	0.0088620366881	0.0135503661111	1.62085719033e-05	8.50950024921e-05	0.00367124153609	0.0133801761061	6.88864305888e-05	0.000526778586856	0.000863106453848	0	4.45735727339e-05	8.10428595163e-06	4.86257157098e-05	0.000611873589348	7.29385735646e-05	0.000830689310042	0.000214763577718	0.000117512146299	2.02607148791e-05	3.24171438065e-05	0.000194502862839	8.10428595163e-06	0.00381711868322	0.00039711001163	2.02607148791e-05	0.000137772861178	4.05214297581e-05	0.00273924865165	0.00716418878124	0.00719255378207	0.000964410028243	2.83650008307e-05	0.000457892156267	0.00294185580044	0.00218005292099	0.000162085719033	0.00111839146132	0	1.21564289274e-05	6.07821446372e-05	0.00064834287613	0.0088458281162	0.00182751648209	0.0139474761227	0.00942528456174	0.00210306220445	0.000672655733985	9.72514314195e-05	0.00165732647711	0.000729385735646	0.000417370726509	0.000166137862008	0.000105355717371	1.21564289274e-05	0
0.00129668575226	0.000867158596824	0.000316067152113	0	0.00840009238886	0.000117512146299	0.000786115737308	0.00224083506562	0.00140609361261	0.00667387948116	0.000579456445541	0.000324171438065	0.00423448940972	7.29385735646e-05	0.00216384434908	0.000551091444711	0.00152360575891	0.000166137862008	4.05214297581e-06	0.000101303574395	0.0038860051138	0.000802324309211	0.00666172305224	0.0012399557506	0.0365665382137	0.000137772861178	0.000263389293428	0.00207469720362	0.0121766896423	0.00551091444711	0.00410887297747	8.10428595163e-06	0.000129668575226	0.00418991583699	0.00579861659839	0.000101303574395	8.91471454679e-05	5.26778586856e-05	0	0.00089957574063	4.05214297581e-06	0.00017424214796	0.000652395019106	0.000202607148791	0.00391842225761	0.00179915148126	3.64692867823e-05	0.000790167880283	4.05214297581e-06	0.000271493579379	8.10428595163e-05	0.000328223581041	2.83650008307e-05	0	2.43128578549e-05	0.00108597431752	0.000247180721525	0.000956305742292	0.000307962866162	0.00322955795172	0	4.86257157098e-05	0.000158033576057	0.00184372505399	6.88864305888e-05	0.000166137862008	0	8.10428595163e-06	0	6.07821446372e-05	0.00179915148126	0.000153981433081	0.00248396364417	0.000952253599316	0.00183967291102	0.000235024292597	4.05214297581e-05	0.000389005725678	0.000109407860347	0.000194502862839	5.26778586856e-05	0.000186398576887	1.62085719033e-05	0
2.43128578549e-05	0.00406429940474	0.000109407860347	0	0	4.05214297581e-06	0	4.05214297581e-06	2.43128578549e-05	0.000113460003323	0	0.00184372505399	4.05214297581e-06	0.00440062727173	6.07821446372e-05	4.05214297581e-06	4.86257157098e-05	0.000170190004984	0.00012561643225	0.000940097170389	8.10428595163e-06	5.67300016614e-05	0.000567300016614	0.000162085719033	0.000137772861178	0.0160181211834	0.0072209187829	0.00736274378705	2.02607148791e-05	0.000105355717371	5.67300016614e-05	0.000514622157928	4.05214297581e-06	3.64692867823e-05	0.000518674300904	4.05214297581e-06	0.00122779932167	2.43128578549e-05	0	4.05214297581e-06	0	8.10428595163e-06	2.83650008307e-05	1.62085719033e-05	1.62085719033e-05	2.43128578549e-05	0.00181536005316	0	0.00155197075974	1.62085719033e-05	0	1.21564289274e-05	7.29385735646e-05	0.000279597865331	0.000271493579379	0	1.62085719033e-05	3.64692867823e-05	2.83650008307e-05	1.21564289274e-05	0.00344026938647	0.00333491366909	0.00199770648708	2.83650008307e-05	4.05214297581e-06	4.05214297581e-06	1.21564289274e-05	0	0	0.000190450719863	0.000449787870315	0.000291754294259	0.000417370726509	0.0002512328645	1.62085719033e-05	8.10428595163e-06	4.05214297581e-06	0.000170190004984	0.000802324309211	0.000332275724017	8.10428595163e-05	4.05214297581e-06	4.05214297581e-06	0.000344432152944
0.000461944299243	0.00819343309709	0.0109164731768	0	2.83650008307e-05	8.10428595163e-06	8.50950024921e-05	0.000202607148791	0.000218815720694	0.000170190004984	4.45735727339e-05	0.0137853904037	0.000149929290105	0.00580266874136	0.000660499305057	2.83650008307e-05	0.000182346433912	0.00767881093917	0.0024961200731	0.01307221324	0.000105355717371	0.00141419789856	0.000806376452187	0.00442899227256	0.000263389293428	0.0072209187829	0.083429571729	0.0262376257684	0.000429527155436	0.00144256289939	0.00141419789856	0.00228946078133	6.4834287613e-05	0.000409266440557	0.00736679593003	2.43128578549e-05	0.00552307087603	0.00109813074645	0	2.43128578549e-05	0	5.67300016614e-05	0.000210711434742	6.4834287613e-05	0.000141825004153	0.000158033576057	0.00342406081456	1.21564289274e-05	0.0020949579185	0.000133720718202	8.10428595163e-06	0.000186398576887	0.0014911886151	0.000644290733154	0.00207064506064	2.02607148791e-05	0.000194502862839	0.000356588581872	0.000615925732324	0.000230972149621	0.00266225793511	0.0107503353148	0.00774364522678	0.000263389293428	4.45735727339e-05	8.91471454679e-05	2.02607148791e-05	1.21564289274e-05	0	0.000701020734816	0.00635781232905	0.00414939440723	0.00643480304559	0.00368339796501	0.000121564289274	0.000170190004984	0.000117512146299	0.000867158596824	0.00218005292099	0.00109002646049	0.000239076435573	4.86257157098e-05	8.10428595163e-06	0.000153981433081
0.000255285007476	0.0214277320561	0.0159775997536	0	4.05214297581e-06	1.62085719033e-05	4.05214297581e-05	0.000158033576057	9.31992884437e-05	0.00153981433081	1.21564289274e-05	0.00263389293428	2.02607148791e-05	0.00456271299077	0.000255285007476	6.07821446372e-05	0.00448167013125	0.00576619945458	0.00017424214796	0.00389005725678	1.62085719033e-05	0.00167353504901	0.011398678191	0.0152157968742	0.00207469720362	0.00736274378705	0.0262376257684	0.0909017233764	0.00177889076638	0.000713177163743	0.000988722886098	0.000919836455509	1.62085719033e-05	0.000356588581872	0.00458702584862	4.45735727339e-05	0.00854191739301	0.00286891722688	0	8.10428595163e-06	0	6.4834287613e-05	0.000239076435573	4.05214297581e-05	0.00022286786367	0.000101303574395	0.00134936361095	8.10428595163e-06	0.000838793595993	0.000105355717371	8.10428595163e-06	0.00216384434908	0.00173431719365	0.000259337150452	0.00133315503904	2.43128578549e-05	0.00149524075807	0.00645506376047	0.00476532013956	0.000307962866162	0.00141419789856	0.00709125020767	0.0122577325018	0.000591612874469	0.000101303574395	0.000307962866162	8.10428595163e-06	8.10428595163e-06	5.67300016614e-05	0.000778011451356	0.00665767090926	0.00266225793511	0.00540961087271	0.00374418010965	0.000409266440557	0.000186398576887	4.86257157098e-05	0.00160464861842	0.00182751648209	0.000875262882776	0.000194502862839	6.07821446372e-05	8.10428595163e-06	7.29385735646e-05
0.00404809083284	0.0002512328645	0.00115891289108	0	0.00629297804144	0.000113460003323	0.00215168792016	0.0155318640263	0.00440467941471	0.00227325220943	0.00313635866328	0.000482205014122	0.0024961200731	9.72514314195e-05	0.00461944299243	0.000465996442218	0.00210711434742	0.000506517871977	8.10428595163e-06	0.000166137862008	0.00518269086606	0.00851355239218	0.00366718939311	0.00616736160919	0.0121766896423	2.02607148791e-05	0.000429527155436	0.00177889076638	0.0626907039788	0.0110907153248	0.0121766896423	0	0.0002512328645	0.00782063594332	0.0115364510521	0.000206659291766	4.86257157098e-05	6.4834287613e-05	0	0.00194097648541	8.10428595163e-06	0.000218815720694	0.00115891289108	0.00017424214796	0.00736679593003	0.00392247440059	2.02607148791e-05	0.0012561643225	4.05214297581e-06	0.000320119295089	7.29385735646e-05	0.000656447162082	4.45735727339e-05	0	2.83650008307e-05	0.00246775507227	0.000615925732324	0.00145877147129	0.000457892156267	0.00586750302898	8.10428595163e-06	7.69907165404e-05	0.000190450719863	0.00376038868155	0.000129668575226	0.00042547501246	0	1.62085719033e-05	4.05214297581e-06	9.31992884437e-05	0.00334707009802	0.000502465729001	0.00571757373887	0.00223678292265	0.00163301361925	0.000413318583533	6.88864305888e-05	0.000538935015783	0.000109407860347	0.000218815720694	8.91471454679e-05	0.000202607148791	2.83650008307e-05	8.10428595163e-06
0.0210711434742	0.000149929290105	0.00183562076804	0	0.00099682717205	0.000692916448864	0.00458702584862	0.00929561598651	0.0163422926215	0.00461133870647	0.00342811295754	0.00444925298744	0.00543392373056	0.000992775029074	0.0347309174457	0.000530830729831	0.000149929290105	0.00151955361593	0.000166137862008	0.000603769303396	0.00464375585028	0.00560411373555	0.00115891289108	0.0088620366881	0.00551091444711	0.000105355717371	0.00144256289939	0.000713177163743	0.0110907153248	0.0792963858937	0.020945527042	9.31992884437e-05	0.00433579298412	0.0248680014426	0.0392895782935	0.000445735727339	4.86257157098e-05	7.29385735646e-05	0	0.000964410028243	1.21564289274e-05	0.000733437878622	0.00263389293428	0.000887419311703	0.00645911590345	0.00375633653858	0.000239076435573	0.000782063594332	6.4834287613e-05	0.0011224436043	0.000320119295089	0.000182346433912	3.24171438065e-05	1.62085719033e-05	2.83650008307e-05	0.00100898360098	0.000239076435573	0.000312015009138	0.00022286786367	0.00677113091258	2.02607148791e-05	0.00017424214796	0.000166137862008	0.00391031797166	0.000368745010799	0.000153981433081	4.05214297581e-06	8.50950024921e-05	0	0.000137772861178	0.00645506376047	0.000838793595993	0.0151955361593	0.00428716726841	0.0019774457722	0.00196934148625	0.000352536438896	0.000915784312534	0.000235024292597	0.000705072877791	0.0002512328645	0.000855002167896	4.86257157098e-05	2.83650008307e-05
