0.0164356213462	3.86902574063e-06	3.48212316657e-05	0	2.70831801844e-05	1.54761029625e-05	0.000797019302569	0.00556752804076	0.00440295129283	0.000340474265175	0.00102142279553	3.86902574063e-06	0.000251486673141	0	0.00680174725202	0.000143153952403	0.000112201746478	2.70831801844e-05	0	1.54761029625e-05	6.19044118501e-05	0.000216665441475	0.000135415900922	0.000224403492956	0.000619044118501	0	3.86902574063e-06	2.70831801844e-05	0.0016946332744	0.00640710662648	0.00352855147545	0	1.16070772219e-05	0.000769936122385	0.000793150276829	3.86902574063e-06	7.73805148126e-06	0	0	0	0	0	1.16070772219e-05	3.86902574063e-06	0.000112201746478	0	0	0	0	3.86902574063e-06	0	0	0	0	0	7.73805148126e-06	0	1.54761029625e-05	0	4.25592831469e-05	0	0	7.73805148126e-06	2.70831801844e-05	3.86902574063e-06	7.73805148126e-06	0	0	3.86902574063e-06	1.54761029625e-05	0.000653865350166	0.000162499081106	0.000518449449244	0.000220534467216	0.000201189338513	9.67256435157e-05	3.86902574063e-06	0	0	7.73805148126e-06	3.86902574063e-06	3.86902574063e-06	3.86902574063e-06	0
3.86902574063e-06	0.0125472504769	0.00302170910343	0	0	0	3.86902574063e-06	1.54761029625e-05	1.16070772219e-05	5.41663603688e-05	0	0.000189582261291	0	4.25592831469e-05	3.86902574063e-06	3.86902574063e-06	0.000193451287031	0.000909221049048	4.64283088875e-05	0.000464283088875	0	0.000224403492956	0.00240266498493	0.00112201746478	4.25592831469e-05	0.000383033548322	0.0019422509218	0.00644966590963	7.35114890719e-05	1.16070772219e-05	7.35114890719e-05	0	0	0	0.000797019302569	0	0.00255355698881	0.000313391084991	0	0	0	0	0	0	0	0	3.48212316657e-05	0	1.16070772219e-05	0	0	1.54761029625e-05	0.000266962776103	7.73805148126e-06	0.000119939797959	0	3.86902574063e-05	0.000301784007769	0.000208927389994	0	0.000150892003885	0.000731245864979	0.00121487408256	3.86902574063e-06	0	1.16070772219e-05	0	0	0	0.000216665441475	0.000510711397763	0.000870530791641	0.000711900736276	0.000263093750363	7.73805148126e-06	1.93451287031e-05	1.54761029625e-05	6.57734375907e-05	0.000282438879066	0.000177975184069	8.12495405532e-05	0	1.16070772219e-05	3.86902574063e-06
3.48212316657e-05	0.00302170910343	0.0323798764233	0	7.73805148126e-06	3.86902574063e-06	0	0.000139284926663	7.73805148126e-06	6.19044118501e-05	7.73805148126e-06	0.000297914982028	0	3.48212316657e-05	7.73805148126e-06	3.86902574063e-06	0.000936304229232	0.00571068199317	6.57734375907e-05	0.00132320680329	0	0.00144701562699	0.00180683502087	0.0106011305293	0.000193451287031	5.80353861094e-05	0.00610145359297	0.0120365390791	0.000437199908691	0.0001238088237	0.000483628217579	0	0	1.16070772219e-05	0.00341248070323	0	0.000990470589601	0.000174106158328	0	0	0	0	0	0	7.73805148126e-06	0	3.0952205925e-05	0	7.73805148126e-06	0	0	3.86902574063e-06	0.000100594669256	7.73805148126e-06	2.32141544438e-05	0	3.0952205925e-05	0.000205058364253	9.28566177751e-05	3.86902574063e-06	5.41663603688e-05	0.000313391084991	0.000510711397763	3.86902574063e-06	0	3.86902574063e-06	0	0	0	9.67256435157e-05	0.00240266498493	0.00342408778046	0.00298301884602	0.00112201746478	2.70831801844e-05	3.0952205925e-05	2.32141544438e-05	6.57734375907e-05	0.000135415900922	0.000116070772219	4.64283088875e-05	0	1.54761029625e-05	0
0	0	0	0	0	0	0	0	0	0	0	0	0	0	0	0	0	0	0	0	0	0	0	0	0	0	0	0	0	0	0	0	0	0	0	0	0	0	0	0	0	0	0	0	0	0	0	0	0	0	0	0	0	0	0	0	0	0	0	0	0	0	0	0	0	0	0	0	0	0	0	0	0	0	0	0	0	0	0	0	0	0	0	0
2.70831801844e-05	0	7.73805148126e-06	0	0.0106514278639	0	7.73805148126e-05	0.000696424633313	2.32141544438e-05	0.00036755744536	0.00174879963476	0	0.000355950368138	0	3.48212316657e-05	7.73805148126e-06	1.54761029625e-05	3.86902574063e-06	0	0	0.00207379779698	3.86902574063e-06	3.48212316657e-05	1.54761029625e-05	0.00295593566584	0	0	3.86902574063e-06	0.00341634972897	4.25592831469e-05	7.35114890719e-05	0	0	7.73805148126e-06	3.86902574063e-05	3.86902574063e-06	0	0	0	0.00192290579309	0	4.64283088875e-05	3.0952205925e-05	1.54761029625e-05	6.96424633313e-05	7.35114890719e-05	0	0.00171784742884	0	1.16070772219e-05	0	0	0	0	0	0.00222082077512	3.86902574063e-06	1.16070772219e-05	3.86902574063e-06	0.000719638787757	0	0	0	6.96424633313e-05	3.86902574063e-06	7.73805148126e-06	0	0	3.86902574063e-06	1.16070772219e-05	2.70831801844e-05	7.73805148126e-06	1.54761029625e-05	1.16070772219e-05	7.73805148126e-06	3.86902574063e-06	0	3.86902574063e-06	0	0	0	3.86902574063e-06	0	0
1.54761029625e-05	0	3.86902574063e-06	0	0	0.00421723805728	0.0018377872268	7.73805148126e-06	0.000723507813497	0	3.86902574063e-06	3.86902574063e-06	1.16070772219e-05	0	0.000321129136472	0.000684817556091	0	0	3.86902574063e-06	3.86902574063e-06	0	3.86902574063e-06	0	3.86902574063e-06	0	0	0	0	3.86902574063e-06	0.000189582261291	1.16070772219e-05	0	0.00162112178532	3.86902574063e-06	0.000417854779988	0	0	0	0	0	0	0	0	0	0	0	0	0	0	0	0	0	0	0	0	0	0	0	0	0	0	0	0	0	0	0	0	0	0	0	1.54761029625e-05	7.73805148126e-06	0.000170237132588	6.19044118501e-05	0.000916959100529	0.00162112178532	0	0	0	0	0	0	0	0
0.000797019302569	3.86902574063e-06	0	0	7.73805148126e-05	0.0018377872268	0.0354286687069	0.00334670726564	0.0120326700534	0.000170237132588	0.0103612509334	2.70831801844e-05	0.00680948530351	3.86902574063e-06	0.00405860800192	0.00102529182127	1.54761029625e-05	0	0	1.16070772219e-05	0.00156695542495	2.70831801844e-05	2.70831801844e-05	3.86902574063e-06	0.000375295496841	3.86902574063e-06	3.86902574063e-06	3.86902574063e-06	0.000653865350166	0.00168689522291	0.000197320312772	0	0.00154761029625	7.73805148126e-05	0.000851185662938	0	0	0	0	0	0	0	3.86902574063e-06	3.86902574063e-06	3.48212316657e-05	0	0	0	0	3.86902574063e-06	0	0	0	0	0	0	7.73805148126e-06	1.54761029625e-05	3.86902574063e-06	7.73805148126e-06	0	0	0	3.86902574063e-06	3.86902574063e-06	7.73805148126e-06	0	0	0	7.73805148126e-06	0.000193451287031	3.48212316657e-05	0.000700293659054	0.00018184420981	0.000568746783872	0.00188034650995	7.73805148126e-06	3.86902574063e-06	0	0	0	7.73805148126e-06	0	0
0.00556752804076	1.54761029625e-05	0.000139284926663	0	0.000696424633313	7.73805148126e-06	0.00334670726564	0.0557101016393	0.00473955653227	0.00283599586788	0.0156076498377	7.73805148126e-06	0.00198481020494	0	0.00588091912575	0.000189582261291	0.000441068934432	8.51185662938e-05	0	7.73805148126e-06	0.00155921737347	0.000947911306454	0.000708031710535	0.000824102482754	0.00542437408836	0	1.16070772219e-05	0.000139284926663	0.0214227955259	0.00460414063135	0.00851572565512	0	1.16070772219e-05	0.000514580423504	0.00154761029625	2.32141544438e-05	7.73805148126e-06	3.86902574063e-06	0	5.41663603688e-05	0	1.54761029625e-05	0.000112201746478	2.32141544438e-05	0.000773805148126	2.70831801844e-05	0	5.80353861094e-05	0	2.70831801844e-05	3.86902574063e-06	1.54761029625e-05	3.86902574063e-06	0	0	5.80353861094e-05	1.93451287031e-05	0.000150892003885	2.32141544438e-05	0.000464283088875	0	0	7.73805148126e-06	0.000162499081106	4.25592831469e-05	0.000104463694997	0	0	1.93451287031e-05	5.41663603688e-05	0.00128064752015	0.000479759191838	0.000827971508494	0.000317260110732	0.000363688419619	0.000116070772219	1.54761029625e-05	2.32141544438e-05	3.86902574063e-06	2.32141544438e-05	1.16070772219e-05	2.70831801844e-05	0	0
0.00440295129283	1.16070772219e-05	7.73805148126e-06	0	2.32141544438e-05	0.000723507813497	0.0120326700534	0.00473955653227	0.0352739076773	0.0002476176474	0.0040856911821	2.32141544438e-05	0.000994339615341	1.16070772219e-05	0.0178826369732	0.000897613971826	2.32141544438e-05	1.54761029625e-05	0	1.16070772219e-05	0.000216665441475	7.73805148126e-05	5.41663603688e-05	4.64283088875e-05	0.000340474265175	7.73805148126e-06	3.86902574063e-06	1.54761029625e-05	0.000870530791641	0.00469699724912	0.000630651195722	0	0.00131933777755	0.00030952205925	0.0015050510131	3.86902574063e-06	3.86902574063e-06	0	0	3.86902574063e-06	0	3.86902574063e-06	2.32141544438e-05	3.86902574063e-06	6.96424633313e-05	7.73805148126e-06	0	7.73805148126e-06	0	3.86902574063e-06	0	3.86902574063e-06	0	0	0	7.73805148126e-06	0	2.32141544438e-05	3.86902574063e-06	2.70831801844e-05	0	0	3.86902574063e-06	1.16070772219e-05	3.86902574063e-06	3.86902574063e-06	0	0	0	3.86902574063e-06	0.000545532629429	8.12495405532e-05	0.00126130239144	0.000390771599803	0.000595829964057	0.00140058731811	1.54761029625e-05	0	3.86902574063e-06	0	0	0	0	3.86902574063e-06
0.000340474265175	5.41663603688e-05	6.19044118501e-05	0	0.00036755744536	0	0.000170237132588	0.00283599586788	0.0002476176474	0.0182115041611	0.000537794577947	3.86902574063e-06	0.00118779090237	0	0.000232141544438	0.000313391084991	0.000626782169982	3.0952205925e-05	0	3.86902574063e-06	0.000197320312772	0.000294045956288	0.00383420450896	0.000444937960172	0.00812108502958	0	3.86902574063e-06	0.000189582261291	0.00435265395821	0.000727376839238	0.000824102482754	0	3.86902574063e-06	0.000116070772219	0.0003714264711	8.12495405532e-05	3.86902574063e-06	3.48212316657e-05	0	0.00018184420981	0	7.73805148126e-05	0.00030565303351	7.35114890719e-05	0.00254968796307	3.86902574063e-05	0	0.000147022978144	0	8.51185662938e-05	1.93451287031e-05	0.000100594669256	1.16070772219e-05	0	0	0.000139284926663	0.000127677849441	0.000905352023307	0.000127677849441	0.00146249172996	0	3.86902574063e-06	2.32141544438e-05	0.000502973346282	9.28566177751e-05	0.000425592831469	0	3.86902574063e-06	4.25592831469e-05	0.000154761029625	0.00061517509276	0.000251486673141	0.000228272518697	0.000108332720738	0.000421723805728	1.54761029625e-05	3.86902574063e-06	0.000150892003885	7.73805148126e-06	6.57734375907e-05	2.32141544438e-05	9.28566177751e-05	7.73805148126e-06	0
0.00102142279553	0	7.73805148126e-06	0	0.00174879963476	3.86902574063e-06	0.0103612509334	0.0156076498377	0.0040856911821	0.000537794577947	0.0499607293887	3.86902574063e-06	0.00701454366776	0	0.00278182950751	0.000212796415735	2.32141544438e-05	3.86902574063e-06	0	0	0.00533925552207	4.25592831469e-05	4.64283088875e-05	1.93451287031e-05	0.00113749356774	0	0	7.73805148126e-06	0.00785025322773	0.00103689889849	0.000359819393878	0	3.86902574063e-06	0.0001238088237	0.000278569853325	0	0	0	0	1.16070772219e-05	0	0	1.54761029625e-05	0	0.0001238088237	7.73805148126e-06	0	7.73805148126e-06	0	3.86902574063e-06	0	3.86902574063e-06	0	0	0	1.16070772219e-05	0	1.16070772219e-05	0	7.73805148126e-05	0	0	0	2.32141544438e-05	0	1.16070772219e-05	0	0	0	0	0.000177975184069	1.54761029625e-05	0.000220534467216	5.41663603688e-05	0.000131546875181	4.25592831469e-05	0	0	0	0	0	3.86902574063e-06	0	0
3.86902574063e-06	0.000189582261291	0.000297914982028	0	0	3.86902574063e-06	2.70831801844e-05	7.73805148126e-06	2.32141544438e-05	3.86902574063e-06	3.86902574063e-06	0.0327203506885	3.86902574063e-06	0.00552109973188	4.25592831469e-05	7.73805148126e-06	1.16070772219e-05	0.00166755009421	0.00476277068671	0.008771081354	3.86902574063e-06	6.19044118501e-05	1.93451287031e-05	0.000177975184069	7.73805148126e-06	0.00186487040698	0.00849638052642	0.00133868290626	2.70831801844e-05	6.57734375907e-05	2.32141544438e-05	0.000119939797959	3.86902574063e-06	0	0.00706097197665	0	0.000344343290916	0	0	0	0	0	0	0	0	0	0.000108332720738	0	0.000201189338513	0	0	0	1.16070772219e-05	2.70831801844e-05	2.32141544438e-05	0	0	0	0	0	0.000479759191838	0.000177975184069	0.000344343290916	0	0	0	0	0	0	1.93451287031e-05	0.000379164522582	0.00427140441765	0.00700293659054	0.000750590993682	1.16070772219e-05	0.000135415900922	0.00122261213404	3.86902574063e-06	0.000189582261291	3.86902574063e-05	3.86902574063e-06	0	0	1.16070772219e-05
0.000251486673141	0	0	0	0.000355950368138	1.16070772219e-05	0.00680948530351	0.00198481020494	0.000994339615341	0.00118779090237	0.00701454366776	3.86902574063e-06	0.0230245721825	0	0.00055327068091	0.000785412225348	1.54761029625e-05	0	0	3.86902574063e-06	0.0074091842933	3.86902574063e-06	1.93451287031e-05	0	0.00191903676735	0	0	0	0.00073898391646	0.000352081342397	8.51185662938e-05	0	0	5.02973346282e-05	7.73805148126e-05	0	0	0	0	1.16070772219e-05	0	0	3.86902574063e-06	3.86902574063e-06	6.57734375907e-05	3.86902574063e-06	0	0.000139284926663	0	3.86902574063e-06	0	0	0	0	0	2.32141544438e-05	7.73805148126e-06	7.73805148126e-06	3.86902574063e-06	3.48212316657e-05	0	0	0	7.73805148126e-06	0	3.86902574063e-06	0	0	0	3.86902574063e-06	7.35114890719e-05	2.70831801844e-05	6.96424633313e-05	1.54761029625e-05	0.000406247702766	7.73805148126e-06	3.86902574063e-06	3.86902574063e-06	0	0	0	7.73805148126e-06	0	0
0	4.25592831469e-05	3.48212316657e-05	0	0	0	3.86902574063e-06	0	1.16070772219e-05	0	0	0.00552109973188	0	0.0130037955143	1.16070772219e-05	0	1.16070772219e-05	0.000112201746478	0.000355950368138	0.000657734375907	0	1.93451287031e-05	0	3.0952205925e-05	3.86902574063e-06	0.00292498345991	0.00251486673141	0.000978863512379	7.73805148126e-06	2.32141544438e-05	7.73805148126e-06	5.02973346282e-05	0	0	0.000735114890719	0	8.51185662938e-05	0	0	0	0	0	0	0	0	0	0.000150892003885	0	0.000746721967941	0	0	0	0	7.73805148126e-06	7.73805148126e-06	0	0	0	0	0	0.000278569853325	0.000116070772219	0.000139284926663	0	0	0	3.48212316657e-05	0	0	1.93451287031e-05	0.000228272518697	0.00155534834773	0.00153987224477	0.000286307904806	0	4.64283088875e-05	0.00122648115978	1.16070772219e-05	0.000127677849441	3.86902574063e-05	7.73805148126e-06	0	0	3.86902574063e-06
0.00680174725202	3.86902574063e-06	7.73805148126e-06	0	3.48212316657e-05	0.000321129136472	0.00405860800192	0.00588091912575	0.0178826369732	0.000232141544438	0.00278182950751	4.25592831469e-05	0.00055327068091	1.16070772219e-05	0.0314629173228	0.000599698989797	2.32141544438e-05	1.54761029625e-05	0	1.16070772219e-05	0.000147022978144	6.96424633313e-05	3.48212316657e-05	4.64283088875e-05	0.000324998162213	3.86902574063e-06	3.86902574063e-06	1.54761029625e-05	0.000851185662938	0.00679400920054	0.00061517509276	0	0.000870530791641	0.000255355698881	0.00163272886255	7.73805148126e-06	0	0	0	0	0	0	1.16070772219e-05	0	4.64283088875e-05	0	0	0	0	0	0	0	0	0	0	0	0	7.73805148126e-06	0	1.93451287031e-05	0	0	0	7.73805148126e-06	7.73805148126e-06	3.86902574063e-06	0	0	0	3.86902574063e-06	0.000533925552207	8.89875920344e-05	0.00127290946867	0.000355950368138	0.000545532629429	0.00105624402719	3.86902574063e-06	3.86902574063e-06	0	0	0	3.86902574063e-06	0	0
0.000143153952403	3.86902574063e-06	3.86902574063e-06	0	7.73805148126e-06	0.000684817556091	0.00102529182127	0.000189582261291	0.000897613971826	0.000313391084991	0.000212796415735	7.73805148126e-06	0.000785412225348	0	0.000599698989797	0.00495622197374	7.73805148126e-06	0	0	3.86902574063e-06	2.32141544438e-05	7.73805148126e-06	3.86902574063e-06	7.73805148126e-06	8.89875920344e-05	0	3.86902574063e-06	1.16070772219e-05	5.80353861094e-05	0.000417854779988	2.32141544438e-05	0	5.41663603688e-05	2.70831801844e-05	0.00018184420981	0	0	0	0	0	0	0	0	0	7.73805148126e-06	0	0	0	0	0	0	0	0	0	0	0	0	0	0	0	0	0	0	3.86902574063e-06	0	0	0	0	0	0	9.28566177751e-05	1.93451287031e-05	0.000205058364253	8.12495405532e-05	0.00195772702476	0.00018571323555	0	0	0	0	0	0	0	0
0.000112201746478	0.000193451287031	0.000936304229232	0	1.54761029625e-05	0	1.54761029625e-05	0.000441068934432	2.32141544438e-05	0.000626782169982	2.32141544438e-05	1.16070772219e-05	1.54761029625e-05	1.16070772219e-05	2.32141544438e-05	7.73805148126e-06	0.0240846852354	0.000143153952403	0	1.93451287031e-05	3.86902574063e-06	0.00549401655169	0.0059041332802	0.00974607584064	0.00647674908981	3.86902574063e-06	5.02973346282e-05	0.00512645910633	0.00631425000871	0.000228272518697	0.00118392187663	0	0	3.0952205925e-05	0.00126517141719	0	3.0952205925e-05	3.48212316657e-05	0	0	0	0	7.73805148126e-06	0	2.70831801844e-05	0	0	0	3.86902574063e-06	0	0	1.16070772219e-05	1.93451287031e-05	0	0	0	7.73805148126e-06	0.000208927389994	6.19044118501e-05	1.93451287031e-05	0	1.54761029625e-05	6.19044118501e-05	1.16070772219e-05	0	1.16070772219e-05	0	0	0	2.32141544438e-05	0.00163272886255	0.00159403860514	0.000932435203491	0.00042946185721	4.64283088875e-05	1.93451287031e-05	2.70831801844e-05	3.0952205925e-05	1.54761029625e-05	1.93451287031e-05	1.54761029625e-05	0	0	0
2.70831801844e-05	0.000909221049048	0.00571068199317	0	3.86902574063e-06	0	0	8.51185662938e-05	1.54761029625e-05	3.0952205925e-05	3.86902574063e-06	0.00166755009421	0	0.000112201746478	1.54761029625e-05	0	0.000143153952403	0.0241117684156	0.000723507813497	0.00773805148126	0	0.00114136259349	0.000224403492956	0.00723894716072	6.96424633313e-05	8.89875920344e-05	0.00583835984261	0.00224403492956	0.000212796415735	8.12495405532e-05	0.000417854779988	0	0	3.86902574063e-06	0.00626782169982	0	0.000425592831469	2.32141544438e-05	0	0	0	0	0	0	3.86902574063e-06	0	2.70831801844e-05	0	2.70831801844e-05	0	0	0	3.0952205925e-05	3.86902574063e-06	2.32141544438e-05	0	0	3.0952205925e-05	7.73805148126e-06	0	0.0001238088237	0.000166368106847	0.000286307904806	0	3.86902574063e-06	0	3.86902574063e-06	0	0	1.54761029625e-05	0.00130773070033	0.00228272518697	0.00309135156676	0.000994339615341	7.73805148126e-06	3.48212316657e-05	3.48212316657e-05	1.54761029625e-05	5.02973346282e-05	2.32141544438e-05	7.73805148126e-06	0	3.86902574063e-06	0
0	4.64283088875e-05	6.57734375907e-05	0	0	3.86902574063e-06	0	0	0	0	0	0.00476277068671	0	0.000355950368138	0	0	0	0.000723507813497	0.00841126196013	0.00391932307526	0	1.54761029625e-05	0	2.70831801844e-05	0	0.000174106158328	0.00285534099658	0.000266962776103	7.73805148126e-06	1.16070772219e-05	7.73805148126e-06	1.16070772219e-05	3.86902574063e-06	0	0.000719638787757	0	5.02973346282e-05	0	0	0	0	0	0	0	0	0	1.93451287031e-05	0	1.16070772219e-05	0	0	0	0	3.86902574063e-06	3.86902574063e-06	0	0	0	0	0	6.57734375907e-05	3.86902574063e-05	5.02973346282e-05	0	0	0	0	0	0	0	5.02973346282e-05	0.000448806985913	0.000526187500725	7.35114890719e-05	0	3.86902574063e-06	1.93451287031e-05	0	1.54761029625e-05	7.73805148126e-06	0	0	0	0
1.54761029625e-05	0.000464283088875	0.00132320680329	0	0	3.86902574063e-06	1.16070772219e-05	7.73805148126e-06	1.16070772219e-05	3.86902574063e-06	0	0.008771081354	3.86902574063e-06	0.000657734375907	1.16070772219e-05	3.86902574063e-06	1.93451287031e-05	0.00773805148126	0.00391932307526	0.0242123630849	3.86902574063e-06	0.000170237132588	6.57734375907e-05	0.000599698989797	7.73805148126e-06	0.000487497243319	0.0113401144458	0.00211248805438	3.0952205925e-05	4.64283088875e-05	7.73805148126e-05	0	3.86902574063e-06	0	0.00706097197665	0	0.000526187500725	0	0	0	0	0	0	0	0	0	5.80353861094e-05	0	0.000108332720738	0	0	0	2.70831801844e-05	1.54761029625e-05	3.86902574063e-05	0	0	7.73805148126e-06	7.73805148126e-06	0	0.000421723805728	0.000232141544438	0.000413985754247	0	0	0	3.86902574063e-06	0	0	2.70831801844e-05	0.00067707950461	0.00232528447012	0.0034473019349	0.000789281251088	7.73805148126e-06	1.93451287031e-05	0.000119939797959	1.16070772219e-05	7.35114890719e-05	3.86902574063e-05	3.86902574063e-06	0	3.86902574063e-06	3.86902574063e-06
6.19044118501e-05	0	0	0	0.00207379779698	0	0.00156695542495	0.00155921737347	0.000216665441475	0.000197320312772	0.00533925552207	3.86902574063e-06	0.0074091842933	0	0.000147022978144	2.32141544438e-05	3.86902574063e-06	0	0	3.86902574063e-06	0.0144817633472	7.73805148126e-06	3.86902574063e-06	1.16070772219e-05	0.00138898024089	0	0	0	0.00191903676735	8.12495405532e-05	4.64283088875e-05	0	0	1.54761029625e-05	4.25592831469e-05	0	0	0	0	7.73805148126e-06	0	0	0	0	4.25592831469e-05	3.86902574063e-06	0	7.73805148126e-06	0	0	0	0	0	0	0	1.16070772219e-05	3.86902574063e-06	0	3.86902574063e-06	1.93451287031e-05	0	0	0	1.16070772219e-05	0	0	0	0	0	0	1.16070772219e-05	7.73805148126e-06	3.0952205925e-05	1.16070772219e-05	1.16070772219e-05	3.86902574063e-06	0	3.86902574063e-06	0	0	0	3.86902574063e-06	0	0
0.000216665441475	0.000224403492956	0.00144701562699	0	3.86902574063e-06	3.86902574063e-06	2.70831801844e-05	0.000947911306454	7.73805148126e-05	0.000294045956288	4.25592831469e-05	6.19044118501e-05	3.86902574063e-06	1.93451287031e-05	6.96424633313e-05	7.73805148126e-06	0.00549401655169	0.00114136259349	1.54761029625e-05	0.000170237132588	7.73805148126e-06	0.036337889756	0.00151278906459	0.0186951323787	0.00239492693345	3.86902574063e-06	0.000224403492956	0.00141606342107	0.00727376839238	0.000352081342397	0.0106166066323	0	0	4.64283088875e-05	0.00446098667894	0	4.64283088875e-05	1.16070772219e-05	0	0	0	0	1.54761029625e-05	3.86902574063e-06	3.48212316657e-05	0	0	0	7.73805148126e-06	3.86902574063e-06	0	7.73805148126e-06	1.16070772219e-05	0	0	0	7.73805148126e-06	0.000100594669256	3.0952205925e-05	2.70831801844e-05	0	1.16070772219e-05	3.0952205925e-05	1.93451287031e-05	0	1.54761029625e-05	0	0	3.86902574063e-06	2.70831801844e-05	0.00236010570178	0.00167141911995	0.0019422509218	0.000762198070904	7.73805148126e-05	3.86902574063e-05	1.54761029625e-05	3.86902574063e-05	3.86902574063e-06	1.54761029625e-05	7.73805148126e-06	0	0	0
0.000135415900922	0.00240266498493	0.00180683502087	0	3.48212316657e-05	0	2.70831801844e-05	0.000708031710535	5.41663603688e-05	0.00383420450896	4.64283088875e-05	1.93451287031e-05	1.93451287031e-05	0	3.48212316657e-05	3.86902574063e-06	0.0059041332802	0.000224403492956	0	6.57734375907e-05	3.86902574063e-06	0.00151278906459	0.0212293442388	0.00399283456433	0.00452676011654	3.86902574063e-06	0.000220534467216	0.00556752804076	0.00362140809323	0.000324998162213	0.00104076792423	0	0	6.57734375907e-05	0.00116457674793	3.86902574063e-06	0.000290176930547	0.000255355698881	0	3.86902574063e-06	0	7.73805148126e-06	3.48212316657e-05	3.86902574063e-06	0.000224403492956	3.86902574063e-06	0	3.86902574063e-06	0	7.73805148126e-06	0	0.000147022978144	0.000127677849441	0	1.54761029625e-05	3.86902574063e-06	0.000108332720738	0.00171010937736	0.000479759191838	0.000162499081106	7.73805148126e-06	7.35114890719e-05	0.000479759191838	0.000119939797959	1.54761029625e-05	0.000112201746478	0	0	1.16070772219e-05	0.000154761029625	0.00155921737347	0.00152439614181	0.000967256435157	0.000417854779988	4.25592831469e-05	3.0952205925e-05	1.93451287031e-05	0.000119939797959	0.000150892003885	0.0001238088237	4.25592831469e-05	7.73805148126e-06	1.16070772219e-05	0
0.000224403492956	0.00112201746478	0.0106011305293	0	1.54761029625e-05	3.86902574063e-06	3.86902574063e-06	0.000824102482754	4.64283088875e-05	0.000444937960172	1.93451287031e-05	0.000177975184069	0	3.0952205925e-05	4.64283088875e-05	7.73805148126e-06	0.00974607584064	0.00723894716072	2.70831801844e-05	0.000599698989797	1.16070772219e-05	0.0186951323787	0.00399283456433	0.0550214150575	0.00243361719086	2.32141544438e-05	0.00119939797959	0.00833001241957	0.0045809264769	0.000386902574063	0.00446098667894	0	0	5.80353861094e-05	0.0066469862224	0	0.000313391084991	9.28566177751e-05	0	0	0	0	1.16070772219e-05	3.86902574063e-06	3.86902574063e-05	0	3.86902574063e-06	0	1.16070772219e-05	3.86902574063e-06	0	1.93451287031e-05	5.02973346282e-05	0	7.73805148126e-06	0	3.48212316657e-05	0.000324998162213	0.000154761029625	1.93451287031e-05	2.70831801844e-05	8.12495405532e-05	0.000220534467216	7.73805148126e-06	3.86902574063e-06	1.54761029625e-05	3.86902574063e-06	0	0	6.19044118501e-05	0.005056816643	0.00444937960172	0.00452676011654	0.00172558548032	9.28566177751e-05	6.96424633313e-05	4.25592831469e-05	6.57734375907e-05	8.51185662938e-05	4.64283088875e-05	1.93451287031e-05	0	7.73805148126e-06	3.86902574063e-06
0.000619044118501	4.25592831469e-05	0.000193451287031	0	0.00295593566584	0	0.000375295496841	0.00542437408836	0.000340474265175	0.00812108502958	0.00113749356774	7.73805148126e-06	0.00191903676735	3.86902574063e-06	0.000324998162213	8.89875920344e-05	0.00647674908981	6.96424633313e-05	0	7.73805148126e-06	0.00138898024089	0.00239492693345	0.00452676011654	0.00243361719086	0.0363301517045	0	0	0.000530056526466	0.0188382863311	0.00112975551626	0.0019615960505	0	0	0.000112201746478	0.000897613971826	4.25592831469e-05	0	7.73805148126e-06	0	3.86902574063e-05	0	3.86902574063e-05	9.67256435157e-05	1.93451287031e-05	0.000769936122385	7.73805148126e-06	0	5.80353861094e-05	0	4.25592831469e-05	1.93451287031e-05	2.32141544438e-05	3.86902574063e-06	0	0	4.64283088875e-05	4.25592831469e-05	0.000324998162213	4.25592831469e-05	0.000537794577947	0	7.73805148126e-06	3.86902574063e-06	0.000174106158328	5.41663603688e-05	0.000104463694997	0	0	3.86902574063e-06	4.64283088875e-05	0.00101755376979	0.000769936122385	0.000530056526466	0.000259224724622	0.000177975184069	4.25592831469e-05	3.86902574063e-06	6.19044118501e-05	3.86902574063e-06	2.32141544438e-05	1.16070772219e-05	4.25592831469e-05	7.73805148126e-06	0
0	0.000383033548322	5.80353861094e-05	0	0	0	3.86902574063e-06	0	7.73805148126e-06	0	0	0.00186487040698	0	0.00292498345991	3.86902574063e-06	0	3.86902574063e-06	8.89875920344e-05	0.000174106158328	0.000487497243319	0	3.86902574063e-06	3.86902574063e-06	2.32141544438e-05	0	0.00750977896256	0.00108719623312	0.000398509651285	0	3.86902574063e-06	0	0	0	0	0.000313391084991	0	0.000286307904806	7.73805148126e-06	0	0	0	0	0	0	0	0	0.000239879595919	0	0.000332736213694	0	0	0	1.54761029625e-05	1.54761029625e-05	3.0952205925e-05	0	3.86902574063e-06	0	3.86902574063e-06	0	0.000855054688679	0.000282438879066	0.000390771599803	0	0	0	7.73805148126e-06	0	0	2.70831801844e-05	2.70831801844e-05	0.00105624402719	0.000413985754247	3.0952205925e-05	0	3.86902574063e-06	0.000808626379791	0	0.000166368106847	3.0952205925e-05	3.86902574063e-06	0	0	4.64283088875e-05
3.86902574063e-06	0.0019422509218	0.00610145359297	0	0	0	3.86902574063e-06	1.16070772219e-05	3.86902574063e-06	3.86902574063e-06	0	0.00849638052642	0	0.00251486673141	3.86902574063e-06	3.86902574063e-06	5.02973346282e-05	0.00583835984261	0.00285534099658	0.0113401144458	0	0.000224403492956	0.000220534467216	0.00119939797959	0	0.00108719623312	0.0503244178084	0.0156308639921	5.02973346282e-05	1.54761029625e-05	0.000104463694997	0.000154761029625	0	0	0.00481693704708	0	0.00141993244681	3.86902574063e-05	0	0	0	7.73805148126e-06	0	3.86902574063e-06	0	0	0.000147022978144	0	0.000174106158328	3.86902574063e-06	3.86902574063e-06	3.86902574063e-06	8.12495405532e-05	3.48212316657e-05	8.51185662938e-05	0	3.86902574063e-06	3.48212316657e-05	2.70831801844e-05	0	0.000750590993682	0.000607437041279	0.000928566177751	0	3.86902574063e-06	3.86902574063e-06	3.86902574063e-06	0	0	7.35114890719e-05	0.000816364431273	0.00294432858862	0.00307200643806	0.000704162684794	3.86902574063e-06	3.0952205925e-05	9.67256435157e-05	1.16070772219e-05	0.000205058364253	0.000116070772219	2.70831801844e-05	0	3.86902574063e-06	1.16070772219e-05
2.70831801844e-05	0.00644966590963	0.0120365390791	0	3.86902574063e-06	0	3.86902574063e-06	0.000139284926663	1.54761029625e-05	0.000189582261291	7.73805148126e-06	0.00133868290626	0	0.000978863512379	1.54761029625e-05	1.16070772219e-05	0.00512645910633	0.00224403492956	0.000266962776103	0.00211248805438	0	0.00141606342107	0.00556752804076	0.00833001241957	0.000530056526466	0.000398509651285	0.0156308639921	0.0545223107369	0.000688686581832	0.000104463694997	0.000518449449244	7.73805148126e-06	0	3.86902574063e-06	0.00271605606992	0	0.00156695542495	0.000193451287031	0	0	0	3.86902574063e-06	3.86902574063e-06	0	0	0	5.80353861094e-05	0	6.96424633313e-05	0	0	3.86902574063e-05	0.00018571323555	1.16070772219e-05	6.57734375907e-05	0	3.0952205925e-05	0.00049136626906	0.000208927389994	0	0.000324998162213	0.000572615809613	0.00105237500145	0	0	3.86902574063e-06	0	0	0	0.000131546875181	0.00179909696939	0.0029520666401	0.00224790395531	0.000762198070904	7.73805148126e-06	3.86902574063e-05	3.48212316657e-05	4.64283088875e-05	0.000208927389994	0.000131546875181	5.02973346282e-05	0	7.73805148126e-06	0
0.0016946332744	7.35114890719e-05	0.000437199908691	0	0.00341634972897	3.86902574063e-06	0.000653865350166	0.0214227955259	0.000870530791641	0.00435265395821	0.00785025322773	2.70831801844e-05	0.00073898391646	7.73805148126e-06	0.000851185662938	5.80353861094e-05	0.00631425000871	0.000212796415735	7.73805148126e-06	3.0952205925e-05	0.00191903676735	0.00727376839238	0.00362140809323	0.0045809264769	0.0188382863311	0	5.02973346282e-05	0.000688686581832	0.0629258346456	0.00250325965419	0.00958357675954	0	0	0.000282438879066	0.002685103864	3.48212316657e-05	1.54761029625e-05	2.32141544438e-05	0	4.64283088875e-05	0	1.93451287031e-05	0.000143153952403	1.93451287031e-05	0.000847316637198	1.16070772219e-05	0	5.41663603688e-05	0	4.25592831469e-05	3.86902574063e-06	3.48212316657e-05	1.93451287031e-05	0	0	4.25592831469e-05	6.19044118501e-05	0.000340474265175	6.19044118501e-05	0.000568746783872	0	7.73805148126e-06	1.93451287031e-05	0.000193451287031	4.25592831469e-05	0.000131546875181	0	0	1.93451287031e-05	9.67256435157e-05	0.00250325965419	0.00161338373384	0.00145862270422	0.000588091912575	0.000208927389994	0.000100594669256	1.54761029625e-05	6.19044118501e-05	7.73805148126e-06	4.64283088875e-05	2.32141544438e-05	3.86902574063e-05	3.86902574063e-06	0
0.00640710662648	1.16070772219e-05	0.0001238088237	0	4.25592831469e-05	0.000189582261291	0.00168689522291	0.00460414063135	0.00469699724912	0.000727376839238	0.00103689889849	6.57734375907e-05	0.000352081342397	2.32141544438e-05	0.00679400920054	0.000417854779988	0.000228272518697	8.12495405532e-05	1.16070772219e-05	4.64283088875e-05	8.12495405532e-05	0.000352081342397	0.000324998162213	0.000386902574063	0.00112975551626	3.86902574063e-06	1.54761029625e-05	0.000104463694997	0.00250325965419	0.0301513175967	0.00557526609225	0	0.000224403492956	0.00459253355413	0.00420176195432	1.54761029625e-05	3.86902574063e-06	3.86902574063e-06	0	3.86902574063e-06	0	0	2.70831801844e-05	0	0.000139284926663	0	0	0	0	1.16070772219e-05	3.86902574063e-06	3.86902574063e-06	0	0	0	1.16070772219e-05	7.73805148126e-06	5.80353861094e-05	7.73805148126e-06	8.12495405532e-05	0	0	3.86902574063e-06	3.48212316657e-05	7.73805148126e-06	4.25592831469e-05	0	0	0	1.93451287031e-05	0.00242587913937	0.000599698989797	0.0029714117688	0.00103689889849	0.000746721967941	0.000944042280713	2.32141544438e-05	2.32141544438e-05	0	1.54761029625e-05	1.16070772219e-05	1.16070772219e-05	3.86902574063e-06	3.86902574063e-06
0.00352855147545	7.35114890719e-05	0.000483628217579	0	7.35114890719e-05	1.16070772219e-05	0.000197320312772	0.00851572565512	0.000630651195722	0.000824102482754	0.000359819393878	2.32141544438e-05	8.51185662938e-05	7.73805148126e-06	0.00061517509276	2.32141544438e-05	0.00118392187663	0.000417854779988	7.73805148126e-06	7.73805148126e-05	4.64283088875e-05	0.0106166066323	0.00104076792423	0.00446098667894	0.0019615960505	0	0.000104463694997	0.000518449449244	0.00958357675954	0.00557526609225	0.0360361057482	0	0	0.000448806985913	0.00388063281785	1.16070772219e-05	7.73805148126e-06	1.16070772219e-05	0	3.86902574063e-06	0	0	1.93451287031e-05	7.73805148126e-06	0.000139284926663	7.73805148126e-06	0	7.73805148126e-06	3.86902574063e-06	1.16070772219e-05	7.73805148126e-06	7.73805148126e-06	7.73805148126e-06	0	0	1.16070772219e-05	1.54761029625e-05	0.000104463694997	2.32141544438e-05	9.67256435157e-05	0	0	7.73805148126e-06	2.70831801844e-05	3.86902574063e-06	3.0952205925e-05	0	0	7.73805148126e-06	2.70831801844e-05	0.00220147564642	0.00131933777755	0.00148183685866	0.000591960938316	0.000139284926663	4.64283088875e-05	7.73805148126e-06	1.54761029625e-05	3.86902574063e-06	1.54761029625e-05	0	7.73805148126e-06	0	0
0	0	0	0	0	0	0	0	0	0	0	0.000119939797959	0	5.02973346282e-05	0	0	0	0	1.16070772219e-05	0	0	0	0	0	0	0	0.000154761029625	7.73805148126e-06	0	0	0	0.000177975184069	0	0	0	0	0	0	0	0	0	0	0	0	0	0	0	0	0	0	0	0	0	0	0	0	0	0	0	0	0	0	0	0	0	0	0	0	0	0	0	0	0	0	0	0	0	0	0	0	0	0	0	0
1.16070772219e-05	0	0	0	0	0.00162112178532	0.00154761029625	1.16070772219e-05	0.00131933777755	3.86902574063e-06	3.86902574063e-06	3.86902574063e-06	0	0	0.000870530791641	5.41663603688e-05	0	0	3.86902574063e-06	3.86902574063e-06	0	0	0	0	0	0	0	0	0	0.000224403492956	0	0	0.00357497978434	3.86902574063e-06	0.000290176930547	0	0	0	0	0	0	0	0	0	0	0	0	0	0	0	0	0	0	0	0	0	0	0	0	0	0	0	0	0	0	0	0	0	0	0	1.54761029625e-05	0	0.000150892003885	5.41663603688e-05	6.19044118501e-05	0.00080088832831	0	0	0	0	0	0	0	0
0.000769936122385	0	1.16070772219e-05	0	7.73805148126e-06	3.86902574063e-06	7.73805148126e-05	0.000514580423504	0.00030952205925	0.000116070772219	0.0001238088237	0	5.02973346282e-05	0	0.000255355698881	2.70831801844e-05	3.0952205925e-05	3.86902574063e-06	0	0	1.54761029625e-05	4.64283088875e-05	6.57734375907e-05	5.80353861094e-05	0.000112201746478	0	0	3.86902574063e-06	0.000282438879066	0.00459253355413	0.000448806985913	0	3.86902574063e-06	0.00510711397763	0.000468152114616	7.73805148126e-06	0	0	0	0	0	3.86902574063e-06	7.73805148126e-06	0	1.93451287031e-05	0	0	0	0	3.86902574063e-06	0	0	0	0	0	0	3.86902574063e-06	1.54761029625e-05	3.86902574063e-06	1.54761029625e-05	0	0	0	7.73805148126e-06	0	1.54761029625e-05	0	0	0	3.86902574063e-06	0.000444937960172	0.000100594669256	0.000266962776103	0.000131546875181	7.35114890719e-05	2.32141544438e-05	0	7.73805148126e-06	0	3.86902574063e-06	0	3.86902574063e-06	0	0
0.000793150276829	0.000797019302569	0.00341248070323	0	3.86902574063e-05	0.000417854779988	0.000851185662938	0.00154761029625	0.0015050510131	0.0003714264711	0.000278569853325	0.00706097197665	7.73805148126e-05	0.000735114890719	0.00163272886255	0.00018184420981	0.00126517141719	0.00626782169982	0.000719638787757	0.00706097197665	4.25592831469e-05	0.00446098667894	0.00116457674793	0.0066469862224	0.000897613971826	0.000313391084991	0.00481693704708	0.00271605606992	0.002685103864	0.00420176195432	0.00388063281785	0	0.000290176930547	0.000468152114616	0.0450277215694	0	0.000483628217579	6.19044118501e-05	0	0	0	3.86902574063e-06	7.73805148126e-06	3.86902574063e-06	6.19044118501e-05	0	7.73805148126e-05	3.86902574063e-06	9.28566177751e-05	0	0	7.73805148126e-06	4.25592831469e-05	3.86902574063e-06	1.93451287031e-05	0	1.16070772219e-05	0.000116070772219	7.73805148126e-05	4.64283088875e-05	0.000224403492956	0.000224403492956	0.000398509651285	1.93451287031e-05	1.54761029625e-05	1.93451287031e-05	3.86902574063e-06	0	3.86902574063e-06	6.57734375907e-05	0.00798566912866	0.00651543934722	0.0212448203418	0.00574163419909	0.000599698989797	0.00165207399125	0.000297914982028	9.67256435157e-05	9.28566177751e-05	0.000131546875181	5.41663603688e-05	3.86902574063e-06	1.16070772219e-05	7.73805148126e-06
3.86902574063e-06	0	0	0	3.86902574063e-06	0	0	2.32141544438e-05	3.86902574063e-06	8.12495405532e-05	0	0	0	0	7.73805148126e-06	0	0	0	0	0	0	0	3.86902574063e-06	0	4.25592831469e-05	0	0	0	3.48212316657e-05	1.54761029625e-05	1.16070772219e-05	0	0	7.73805148126e-06	0	0.0133636149081	3.86902574063e-06	5.02973346282e-05	0	6.19044118501e-05	3.86902574063e-06	0.00103302987275	0.00529282721318	0.00188034650995	0.000321129136472	0.000166368106847	3.86902574063e-06	0.000363688419619	0	0.00638776149778	0.000228272518697	5.80353861094e-05	7.73805148126e-05	0	7.73805148126e-06	0.000150892003885	0.000448806985913	0.000116070772219	0.000352081342397	0.000812495405532	0	1.16070772219e-05	2.70831801844e-05	0.000754460019423	0.00502973346282	0.00309908961824	0	2.32141544438e-05	0.000363688419619	0.00128451654589	0	0	0	0	0	0	0	0.000348212316657	5.41663603688e-05	0.0004952352948	0.000143153952403	0.000216665441475	4.25592831469e-05	0
7.73805148126e-06	0.00255355698881	0.000990470589601	0	0	0	0	7.73805148126e-06	3.86902574063e-06	3.86902574063e-06	0	0.000344343290916	0	8.51185662938e-05	0	0	3.0952205925e-05	0.000425592831469	5.02973346282e-05	0.000526187500725	0	4.64283088875e-05	0.000290176930547	0.000313391084991	0	0.000286307904806	0.00141993244681	0.00156695542495	1.54761029625e-05	3.86902574063e-06	7.73805148126e-06	0	0	0	0.000483628217579	3.86902574063e-06	0.0175189485536	0.00117618382515	0	0	0	7.73805148126e-06	3.86902574063e-06	1.16070772219e-05	2.70831801844e-05	0	0.000499104320541	0	0.000456545037394	1.16070772219e-05	3.86902574063e-06	0.000147022978144	0.00133094485478	0.000131546875181	0.000874399817382	0	0.000147022978144	0.00171010937736	0.00080088832831	2.32141544438e-05	0.00292498345991	0.00503360248856	0.0101987518523	2.32141544438e-05	1.16070772219e-05	6.57734375907e-05	3.0952205925e-05	0	1.16070772219e-05	0.000936304229232	0.000166368106847	0.000530056526466	0.000352081342397	0.000131546875181	0	1.54761029625e-05	3.86902574063e-06	0.000297914982028	0.00131933777755	0.00101368474404	0.0003714264711	2.32141544438e-05	6.19044118501e-05	3.86902574063e-05
0	0.000313391084991	0.000174106158328	0	0	0	0	3.86902574063e-06	0	3.48212316657e-05	0	0	0	0	0	0	3.48212316657e-05	2.32141544438e-05	0	0	0	1.16070772219e-05	0.000255355698881	9.28566177751e-05	7.73805148126e-06	7.73805148126e-06	3.86902574063e-05	0.000193451287031	2.32141544438e-05	3.86902574063e-06	1.16070772219e-05	0	0	0	6.19044118501e-05	5.02973346282e-05	0.00117618382515	0.0277912118949	0	0	0	7.73805148126e-06	7.73805148126e-05	1.54761029625e-05	6.96424633313e-05	3.86902574063e-06	0.000131546875181	3.86902574063e-06	3.0952205925e-05	4.25592831469e-05	7.73805148126e-06	0.000816364431273	0.00700680561628	1.93451287031e-05	0.000673210478869	0	0.0023523676503	0.0013812421894	0.0136305776842	0.000135415900922	4.64283088875e-05	0.00714995956868	0.00618657215926	0.00030952205925	0.000104463694997	0.00113749356774	0	0	5.80353861094e-05	0.00331962408546	6.57734375907e-05	5.02973346282e-05	5.02973346282e-05	2.32141544438e-05	0	3.86902574063e-06	7.73805148126e-06	0.00165981204273	0.00216278538901	0.00298301884602	0.00137737316366	0.0001238088237	0.000239879595919	5.02973346282e-05
0	0	0	0	0	0	0	0	0	0	0	0	0	0	0	0	0	0	0	0	0	0	0	0	0	0	0	0	0	0	0	0	0	0	0	0	0	0	0	0	0	0	0	0	0	0	0	0	0	0	0	0	0	0	0	0	0	0	0	0	0	0	0	0	0	0	0	0	0	0	0	0	0	0	0	0	0	0	0	0	0	0	0	0
0	0	0	0	0.00192290579309	0	0	5.41663603688e-05	3.86902574063e-06	0.00018184420981	1.16070772219e-05	0	1.16070772219e-05	0	0	0	0	0	0	0	7.73805148126e-06	0	3.86902574063e-06	0	3.86902574063e-05	0	0	0	4.64283088875e-05	3.86902574063e-06	3.86902574063e-06	0	0	0	0	6.19044118501e-05	0	0	0	0.0142109315453	0	0.000437199908691	0.000735114890719	0.000266962776103	0.000413985754247	0.000967256435157	0	0.00489431756189	0	0.000131546875181	7.73805148126e-06	7.73805148126e-06	0	0	0	0.00936304229232	2.70831801844e-05	1.16070772219e-05	1.54761029625e-05	0.00761037363182	0	3.86902574063e-06	3.86902574063e-06	0.00167528814569	6.19044118501e-05	0.0001238088237	0	0	1.54761029625e-05	6.96424633313e-05	0	0	0	0	0	0	0	1.93451287031e-05	3.86902574063e-06	1.16070772219e-05	0	9.28566177751e-05	3.86902574063e-06	0
0	0	0	0	0	0	0	0	0	0	0	0	0	0	0	0	0	0	0	0	0	0	0	0	0	0	0	0	0	0	0	0	0	0	0	3.86902574063e-06	0	0	0	0	0.00323450551917	0.00117618382515	0	0.000653865350166	0	0	0	0	0	0.000135415900922	0.000692555607572	0	0	0	0	0	0	0	0	0	0	0	0	0	0.000162499081106	0	0	0.000913090074788	0	0.000201189338513	0	0	0	0	0	0	0	0	0	1.93451287031e-05	3.86902574063e-06	0.000715769762016	0.000386902574063	0
0	0	0	0	4.64283088875e-05	0	0	1.54761029625e-05	3.86902574063e-06	7.73805148126e-05	0	0	0	0	0	0	0	0	0	0	0	0	7.73805148126e-06	0	3.86902574063e-05	0	7.73805148126e-06	3.86902574063e-06	1.93451287031e-05	0	0	0	0	3.86902574063e-06	3.86902574063e-06	0.00103302987275	7.73805148126e-06	7.73805148126e-06	0	0.000437199908691	0.00117618382515	0.0439366563106	0.00234849862456	0.0181418616978	0.000417854779988	0.00760263558033	1.54761029625e-05	0.00818298944143	0	0.00570681296743	0.0029327215114	3.86902574063e-05	2.32141544438e-05	0	7.73805148126e-06	0.00199641728216	7.35114890719e-05	5.41663603688e-05	6.57734375907e-05	0.00128838557163	0	1.54761029625e-05	7.73805148126e-06	0.00104463694997	0.00459253355413	0.000518449449244	0	0.00253034283437	0.000174106158328	0.00263480652937	7.73805148126e-06	3.86902574063e-06	3.86902574063e-06	0	0	0	0	0.000317260110732	5.41663603688e-05	0.000607437041279	0.000170237132588	0.000959518383676	0.000510711397763	3.86902574063e-06
