0.0169546436285	0	0.000291576673866	0	0	0	0	0.00854211663067	0.00144708423326	0	0.00123110151188	0	0	0	0.00778617710583	0	0	0	0	0	0	1.07991360691e-05	0	0.000399568034557	0	0	0	8.63930885529e-05	7.55939524838e-05	0.00721382289417	0.00780777537797	0	0	0.000172786177106	8.63930885529e-05	0	0	0	0	0	0	0	0	0	0	0	0	0	0	0	0	0	0	0	0	0	0	0	0	0	0	0	0	0	0	0	0	0	0	0	0	0	0.000107991360691	0	0	0	0	0	0	0	0	0	0	0
0	0.0486069114471	0.000539956803456	0	0	0	0	0	0	0.00656587473002	0	1.07991360691e-05	0	0.000475161987041	0	1.07991360691e-05	0.000539956803456	0.00443844492441	0	8.63930885529e-05	0	0.00171706263499	0.0116522678186	0.00166306695464	0.00180345572354	0.00564794816415	0.0123326133909	0.0355075593952	0.000550755939525	3.23974082073e-05	0.00117710583153	0	0	7.55939524838e-05	0.00157667386609	2.15982721382e-05	0.0178941684665	1.07991360691e-05	0	0	0	0	8.63930885529e-05	5.39956803456e-05	0	8.63930885529e-05	0	0	0	1.07991360691e-05	0	0	0.00163066954644	0	0.000172786177106	0	9.7192224622e-05	0.00150107991361	0.000356371490281	0	0.000334773218143	1.07991360691e-05	0.0276889848812	0	0	1.07991360691e-05	0	0	0	0.000399568034557	0.000529157667387	4.31965442765e-05	0.0017818574514	0.000950323974082	0.000291576673866	0	0	0	0	0.000377969762419	0.000161987041037	0	0	0
0.000291576673866	0.000539956803456	0.0320410367171	0	0	0	0	0.00183585313175	0.000334773218143	0	0	0	0	0	0.00100431965443	0	0	0.00616630669546	0	0	0	0.00269978401728	0	0.0169546436285	0	0	0.0140820734341	0.00979481641469	0	1.07991360691e-05	0.00683585313175	0	0	0	1.07991360691e-05	0	6.47948164147e-05	0	0	0	0	0	6.47948164147e-05	1.07991360691e-05	0	6.47948164147e-05	0	0	0	0	0	0	0.000129589632829	0	1.07991360691e-05	0	0	0	3.23974082073e-05	0	0	2.15982721382e-05	0.000572354211663	0	0	0	0	0	0	4.31965442765e-05	0	0	0.000291576673866	0.000215982721382	0	0	0	0	0	5.39956803456e-05	3.23974082073e-05	0	0	0
0	0	0	0	0	0	0	0	0	0	0	0	0	0	0	0	0	0	0	0	0	0	0	0	0	0	0	0	0	0	0	0	0	0	0	0	0	0	0	0	0	0	0	0	0	0	0	0	0	0	0	0	0	0	0	0	0	0	0	0	0	0	0	0	0	0	0	0	0	0	0	0	0	0	0	0	0	0	0	0	0	0	0	0
0	0	0	0	0.0130129589633	0	0.000399568034557	0	0.000388768898488	0	4.31965442765e-05	0.000313174946004	0.00370410367171	0.000161987041037	0.0013282937365	0	0	0	0.000129589632829	0	0.00543196544276	0	0	0	0.00517278617711	0	1.07991360691e-05	0	0.00282937365011	0.00149028077754	0	3.23974082073e-05	0	3.23974082073e-05	0.00111231101512	0	0	0	0	0.00303455723542	0	3.23974082073e-05	0	0	0.000226781857451	5.39956803456e-05	0	0.000151187904968	0	0	0	0	0	0	0	0.00208423326134	0	0	0	0.000172786177106	0	0	0	0	0	0	0	0	0	0	1.07991360691e-05	4.31965442765e-05	0.0007343412527	0.00011879049676	0	0	7.55939524838e-05	0	0	0	0	0	0	0
0	0	0	0	0	0.00450323974082	0.00161987041037	9.7192224622e-05	0.000280777537797	0.000399568034557	1.07991360691e-05	0	1.07991360691e-05	0	0	0.00138228941685	0	0	0	0	2.15982721382e-05	0	0	0	0.000442764578834	0	0	0	0.000226781857451	0.00024838012959	4.31965442765e-05	0	0.00203023758099	0.000280777537797	0.000907127429806	0	0	0	0	0	0	0	0	0	5.39956803456e-05	3.23974082073e-05	0	4.31965442765e-05	0	0	0	0	0	0	0	4.31965442765e-05	0	0	0	4.31965442765e-05	0	0	0	0	0	0	0	0	0	0	0.000550755939525	0	0.000561555075594	0.000161987041037	0.00207343412527	0.00169546436285	0	2.15982721382e-05	0	0	0	0	0	0
0	0	0	0	0.000399568034557	0.00161987041037	0.0285205183585	0.0011555075594	0.0136069114471	1.07991360691e-05	0.0121598272138	0.000755939524838	0.0114254859611	0	0.00492440604752	0.00210583153348	1.07991360691e-05	0	0.000572354211663	0.00048596112311	0.0054535637149	0	0	0.000140388768898	0.000421166306695	0	0	0	0.0011555075594	0.00273218142549	2.15982721382e-05	0	0.000874730021598	0.000302375809935	0.00201943844492	0	0	0	0	0	0	0	0	0	8.63930885529e-05	4.31965442765e-05	0	6.47948164147e-05	0	0	0	0	0	0	0	7.55939524838e-05	0	0	0	7.55939524838e-05	0	0	0	0	0	0	0	0	0	0	0.00048596112311	0	0.00171706263499	0.00024838012959	5.39956803456e-05	0.000766738660907	8.63930885529e-05	1.07991360691e-05	0	0	0	0	0	0
0.00854211663067	0	0.00183585313175	0	0	9.7192224622e-05	0.0011555075594	0.0510043196544	0.00782937365011	0	0.00740820734341	4.31965442765e-05	0.000421166306695	1.07991360691e-05	0.00835853131749	0	0	0	2.15982721382e-05	2.15982721382e-05	0.000993520518359	0.00259179265659	0	0.00344492440605	0.00133909287257	0	0	7.55939524838e-05	0.0214902807775	0.00466522678186	0.0123974082073	0	8.63930885529e-05	0.00181425485961	0.0017494600432	0	0	0	0	0.00024838012959	0	0	0	0	0.000215982721382	3.23974082073e-05	0	0	0	0	0	0	0	0	0	9.7192224622e-05	0	0	0	0.00024838012959	0	0	0	0.000205183585313	0	0	0	0	0	0	0	0	0.000917926565875	0.00036717062635	0	0.000291576673866	0	0	0	0	0	0	0	0
0.00144708423326	0	0.000334773218143	0	0.000388768898488	0.000280777537797	0.0136069114471	0.00782937365011	0.0405183585313	0	0.0158747300216	0	0.0129157667387	0	0.0201403887689	0.000939524838013	0	0	0	0	0.01186825054	0.00165226781857	0	0.00182505399568	0.00211663066955	0	3.23974082073e-05	9.7192224622e-05	0.00434125269978	0.00429805615551	0.00127429805616	0	0.000496760259179	0.000334773218143	0.00227861771058	0	0	0	0	0.00024838012959	0	0	0	0	0.000377969762419	0.000129589632829	0	8.63930885529e-05	0	0	0	0	0	0	0	0.000334773218143	0	0	0	0.00036717062635	0	1.07991360691e-05	2.15982721382e-05	3.23974082073e-05	0	0	0	0	0	2.15982721382e-05	0.00249460043197	4.31965442765e-05	0.00330453563715	0.00112311015119	0	0.00100431965443	0.000215982721382	0.000399568034557	2.15982721382e-05	2.15982721382e-05	0	0	2.15982721382e-05	0
0	0.00656587473002	0	0	0	0.000399568034557	1.07991360691e-05	0	0	0.0212095032397	0	0	0.00113390928726	0.000269978401728	3.23974082073e-05	0.00327213822894	0.000464362850972	0	0	0	0	1.07991360691e-05	0.00877969762419	2.15982721382e-05	0.00962203023758	0.0031101511879	0.00185745140389	0.00610151187905	0.000464362850972	0.000151187904968	0.000345572354212	0	2.15982721382e-05	0.000313174946004	0.000280777537797	0	0.00024838012959	0	0	0.000151187904968	0	1.07991360691e-05	0	0	0.00250539956803	1.07991360691e-05	0	2.15982721382e-05	0	0	0	3.23974082073e-05	0	0	0	1.07991360691e-05	0	0.00159827213823	3.23974082073e-05	0.00246220302376	3.23974082073e-05	0	0.000280777537797	0.000896328293737	0	0	0	0	0	0	0.00184665226782	0	0.000215982721382	0.000205183585313	0.00508639308855	2.15982721382e-05	0	9.7192224622e-05	3.23974082073e-05	0	0	0	0	0
0.00123110151188	0	0	0	4.31965442765e-05	1.07991360691e-05	0.0121598272138	0.00740820734341	0.0158747300216	0	0.0398704103672	0.00277537796976	0.0161123110151	8.63930885529e-05	0.0142332613391	0.000129589632829	0	0	0.00224622030238	0.00190064794816	0.017494600432	0	0	0	0.00553995680346	0	1.07991360691e-05	0	0.00380129589633	0.00645788336933	3.23974082073e-05	2.15982721382e-05	2.15982721382e-05	0.00097192224622	0.00436285097192	0	0	0	0	0.000820734341253	0	0.000637149028078	0	0.000323974082073	0.00147948164147	0.00186825053996	5.39956803456e-05	0.00147948164147	5.39956803456e-05	0.000410367170626	6.47948164147e-05	3.23974082073e-05	0	6.47948164147e-05	7.55939524838e-05	0.00260259179266	1.07991360691e-05	0	1.07991360691e-05	0.00173866090713	0	3.23974082073e-05	4.31965442765e-05	0.000259179265659	0.000140388768898	0	3.23974082073e-05	1.07991360691e-05	0	0.000399568034557	0.000313174946004	9.7192224622e-05	0.00403887688985	0.000107991360691	0	4.31965442765e-05	1.07991360691e-05	0.000269978401728	1.07991360691e-05	0.000561555075594	2.15982721382e-05	6.47948164147e-05	0.000194384449244	2.15982721382e-05
0	1.07991360691e-05	0	0	0.000313174946004	0	0.000755939524838	4.31965442765e-05	0	0	0.00277537796976	0.0283153347732	0.00448164146868	0.00636069114471	0.0039848812095	0	0	1.07991360691e-05	0.00920086393089	0.00877969762419	0.00450323974082	6.47948164147e-05	0	0.000129589632829	0.000691144708423	0.000518358531317	0.00352051835853	0.000982721382289	0.000237580993521	0.00715982721382	6.47948164147e-05	0.00116630669546	0.0010151187905	0.000226781857451	0.014524838013	1.07991360691e-05	0	0	0	0	0	0	0	0	0	0	5.39956803456e-05	0	9.7192224622e-05	0	0	0	2.15982721382e-05	0	0	0	1.07991360691e-05	0	2.15982721382e-05	0	2.15982721382e-05	6.47948164147e-05	3.23974082073e-05	0	0	0	0	0	0	4.31965442765e-05	0.000950323974082	0.00317494600432	0.0109827213823	0.000496760259179	0	0	0.000280777537797	2.15982721382e-05	0.000280777537797	1.07991360691e-05	0	0	0	5.39956803456e-05
0	0	0	0	0.00370410367171	1.07991360691e-05	0.0114254859611	0.000421166306695	0.0129157667387	0.00113390928726	0.0161123110151	0.00448164146868	0.037807775378	0.000464362850972	0.0146004319654	0.00164146868251	0	0	0.00335853131749	0.00226781857451	0.0233693304536	0	0	0	0.00710583153348	0	6.47948164147e-05	0	0.000583153347732	0.0114470842333	3.23974082073e-05	7.55939524838e-05	2.15982721382e-05	0.000766738660907	0.00834773218143	0	0	0	0	0.000291576673866	0	0.00185745140389	0	0.000291576673866	0.0010475161987	0.000831533477322	0.000194384449244	0.00317494600432	0.00011879049676	0.00110151187905	6.47948164147e-05	1.07991360691e-05	0	0.000151187904968	0.000107991360691	0.00284017278618	0	0	1.07991360691e-05	0.00110151187905	0	0.000129589632829	4.31965442765e-05	3.23974082073e-05	0.000356371490281	0	7.55939524838e-05	1.07991360691e-05	0	0.000626349892009	0.000442764578834	0.000194384449244	0.00711663066955	0.000453563714903	0.000550755939525	5.39956803456e-05	0.000129589632829	0.000183585313175	1.07991360691e-05	0.00060475161987	0	6.47948164147e-05	7.55939524838e-05	2.15982721382e-05
0	0.000475161987041	0	0	0.000161987041037	0	0	1.07991360691e-05	0	0.000269978401728	8.63930885529e-05	0.00636069114471	0.000464362850972	0.0255399568035	0.000399568034557	0	0	0	0.000194384449244	0	0.000475161987041	0	0.000334773218143	1.07991360691e-05	0.000215982721382	0.00671706263499	0.00222462203024	0.00710583153348	0.00011879049676	0.000669546436285	1.07991360691e-05	0.00271058315335	3.23974082073e-05	0.00011879049676	0.00112311015119	0	0	0	0	0	0	0	0	0	0	0	0.000539956803456	0	0.00691144708423	0	0	0	1.07991360691e-05	0	0	0	0	0	1.07991360691e-05	0	0.00217062634989	0.00524838012959	0.00133909287257	0	0	0	0.000993520518359	0	0	2.15982721382e-05	0.000691144708423	0.00201943844492	0.0022030237581	0.000313174946004	4.31965442765e-05	6.47948164147e-05	0.000766738660907	0	0.00452483801296	1.07991360691e-05	0	0	0	0.000561555075594
0.00778617710583	0	0.00100431965443	0	0.0013282937365	0	0.00492440604752	0.00835853131749	0.0201403887689	3.23974082073e-05	0.0142332613391	0.0039848812095	0.0146004319654	0.000399568034557	0.0595788336933	2.15982721382e-05	0	0	0.00262419006479	0.00141468682505	0.0143520518359	0.00506479481641	0	0.00393088552916	0.0075161987041	0	8.63930885529e-05	0.000215982721382	0.0153347732181	0.0337257019438	0.0228617710583	5.39956803456e-05	1.07991360691e-05	0.00417926565875	0.00652267818575	0	0	0	0	9.7192224622e-05	0	0	1.07991360691e-05	0	0.000129589632829	4.31965442765e-05	0	0.000161987041037	0	0	9.7192224622e-05	2.15982721382e-05	0	0	0	7.55939524838e-05	1.07991360691e-05	0	2.15982721382e-05	0.000183585313175	0	3.23974082073e-05	5.39956803456e-05	6.47948164147e-05	0	0	0	0	0	7.55939524838e-05	0.000302375809935	0.000129589632829	0.00570194384449	0.000161987041037	0	1.07991360691e-05	0	0.000215982721382	7.55939524838e-05	7.55939524838e-05	0	8.63930885529e-05	0	0
0	1.07991360691e-05	0	0	0	0.00138228941685	0.00210583153348	0	0.000939524838013	0.00327213822894	0.000129589632829	0	0.00164146868251	0	2.15982721382e-05	0.00861771058315	3.23974082073e-05	0	0	0	0	0.000442764578834	9.7192224622e-05	0.00011879049676	0.00224622030238	0	0	0	0.000431965442765	0.000129589632829	0.000215982721382	0	0.000399568034557	0.000259179265659	0.000691144708423	0	0	0	0	0	0	0	0	0	7.55939524838e-05	0	0	0	0	0	0	8.63930885529e-05	0	0	0	0	0	8.63930885529e-05	0	0.000194384449244	0	1.07991360691e-05	0	1.07991360691e-05	0	0	0	0	0	0	0.00151187904968	0	0.000885529157667	0.000885529157667	0.005313174946	0.000302375809935	0	0	0	1.07991360691e-05	1.07991360691e-05	0	0	0
0	0.000539956803456	0	0	0	0	1.07991360691e-05	0	0	0.000464362850972	0	0	0	0	0	3.23974082073e-05	0.0270086393089	0	0	0	0	0.00461123110151	0.0115010799136	0.0135637149028	0.00478401727862	1.07991360691e-05	2.15982721382e-05	0.00317494600432	0.00155507559395	7.55939524838e-05	1.07991360691e-05	0	0	2.15982721382e-05	9.7192224622e-05	0	0	0	0	0	0	0	0	0	0.000194384449244	0	0	0	0	0	0	0.017181425486	0	0	0	0	0.0013282937365	0.0177321814255	0.00242980561555	0.0029373650108	0	0	0.000691144708423	0.00211663066955	0	0	0	0	0	0	0.00204103671706	0.000745140388769	1.07991360691e-05	1.07991360691e-05	4.31965442765e-05	0	0	4.31965442765e-05	2.15982721382e-05	0	0	0	0	0
0	0.00443844492441	0.00616630669546	0	0	0	0	0	0	0	0	1.07991360691e-05	0	0	0	0	0	0.0244060475162	0	0.00165226781857	0	0.00124190064795	0	0.00712742980562	0	0	0.013747300216	0.00369330453564	3.23974082073e-05	0.000388768898488	0.000885529157667	0	0	0	0.0022030237581	0	0.000496760259179	0	0	0	0	0	2.15982721382e-05	4.31965442765e-05	0	2.15982721382e-05	0	0	0	1.07991360691e-05	0	0	0.000745140388769	0	1.07991360691e-05	0	0	0	9.7192224622e-05	0	0	0	0.00436285097192	0	0	0	0	0	0	0	0	0	0.000475161987041	5.39956803456e-05	0	0	0	0	0	1.07991360691e-05	2.15982721382e-05	0	0	0
0	0	0	0	0.000129589632829	0	0.000572354211663	2.15982721382e-05	0	0	0.00224622030238	0.00920086393089	0.00335853131749	0.000194384449244	0.00262419006479	0	0	0	0.0117818574514	0.00446004319654	0.00336933045356	0	0	0	0.000453563714903	0	0.00449244060475	0.00250539956803	8.63930885529e-05	0.00408207343413	0	3.23974082073e-05	9.7192224622e-05	8.63930885529e-05	0.00566954643629	0	0	0	0	0	0	0	0	0	0	0	0	0	0	0	0	0	0	0	0	0	0	0	0	0	0	0	0	0	0	0	0	0	0	0	0.000129589632829	0.000507559395248	0.00492440604752	5.39956803456e-05	0	0	0	0	0	0	0	0	0	0
0	8.63930885529e-05	0	0	0	0	0.00048596112311	2.15982721382e-05	0	0	0.00190064794816	0.00877969762419	0.00226781857451	0	0.00141468682505	0	0	0.00165226781857	0.00446004319654	0.0189200863931	0.00227861771058	0.000140388768898	0	0.000950323974082	0.000377969762419	0	0.00449244060475	0.00203023758099	0.000140388768898	0.00242980561555	0.000151187904968	0	0	9.7192224622e-05	0.0101727861771	0	0	0	0	0	0	0	0	0	0	0	0	0	0	0	0	0	0	0	0	0	0	0	0	0	0.00011879049676	0.000280777537797	0.000529157667387	0	0	0	0	0	0	1.07991360691e-05	0.00106911447084	0.00151187904968	0.00801295896328	0.00142548596112	0	0	0	3.23974082073e-05	0	4.31965442765e-05	3.23974082073e-05	0	0	0
0	0	0	0	0.00543196544276	2.15982721382e-05	0.0054535637149	0.000993520518359	0.01186825054	0	0.017494600432	0.00450323974082	0.0233693304536	0.000475161987041	0.0143520518359	0	0	0	0.00336933045356	0.00227861771058	0.0336717062635	0	0	0	0.00950323974082	0	6.47948164147e-05	0	0.00354211663067	0.0107019438445	3.23974082073e-05	7.55939524838e-05	3.23974082073e-05	0.00106911447084	0.00790496760259	0	0	0	0	0.0036717062635	0	0.00204103671706	0	0.00061555075594	0.00309935205184	0.00179265658747	0.00024838012959	0.00276457883369	0.000269978401728	0.000809935205184	6.47948164147e-05	1.07991360691e-05	0	7.55939524838e-05	0	0.00548596112311	0	0	1.07991360691e-05	0.00327213822894	0	0.000161987041037	4.31965442765e-05	0.000140388768898	0.000593952483801	0	7.55939524838e-05	0	0	0.000658747300216	0.000421166306695	0.000205183585313	0.00697624190065	0.000475161987041	0	8.63930885529e-05	4.31965442765e-05	0.000215982721382	1.07991360691e-05	0.000691144708423	2.15982721382e-05	6.47948164147e-05	0.000172786177106	2.15982721382e-05
1.07991360691e-05	0.00171706263499	0.00269978401728	0	0	0	0	0.00259179265659	0.00165226781857	1.07991360691e-05	0	6.47948164147e-05	0	0	0.00506479481641	0.000442764578834	0.00461123110151	0.00124190064795	0	0.000140388768898	0	0.0479481641469	0.00152267818575	0.0269654427646	0.00245140388769	0	0.00170626349892	0.00109071274298	0.00929805615551	0.00484881209503	0.0174730021598	0	0	0.00152267818575	0.00532397408207	1.07991360691e-05	4.31965442765e-05	0	0	0	0	2.15982721382e-05	0.000151187904968	0.000107991360691	1.07991360691e-05	0.000140388768898	4.31965442765e-05	0	0	3.23974082073e-05	0	0.00759179265659	0.000626349892009	7.55939524838e-05	6.47948164147e-05	0	2.15982721382e-05	0.00731101511879	0.000280777537797	0.00572354211663	0	6.47948164147e-05	0.00153347732181	9.7192224622e-05	0	0	0	0	0	0.00097192224622	0.00296976241901	0.000647948164147	0.00691144708423	0.0055939524838	0.00061555075594	0.000723542116631	0	0.000226781857451	7.55939524838e-05	0.000712742980562	0	0	0	0
0	0.0116522678186	0	0	0	0	0	0	0	0.00877969762419	0	0	0	0.000334773218143	0	9.7192224622e-05	0.0115010799136	0	0	0	0	0.00152267818575	0.041555075594	0.00281857451404	0.00664146868251	0.00327213822894	0.00201943844492	0.0226349892009	0.00276457883369	0	0.000107991360691	0	0	0.000194384449244	0.000194384449244	0	0.000961123110151	0	0	0	0	0	0	0	0.000788336933045	0	0	0	0	0	0	0.0153023758099	0	0	0	0	3.23974082073e-05	0.0184773218143	0.00141468682505	0.00427645788337	3.23974082073e-05	0	0.00801295896328	4.31965442765e-05	0	0	0	0	0	0	9.7192224622e-05	1.07991360691e-05	0.00011879049676	0.000107991360691	0.00060475161987	0	0	0	0	0	0	0	0	0
0.000399568034557	0.00166306695464	0.0169546436285	0	0	0	0.000140388768898	0.00344492440605	0.00182505399568	2.15982721382e-05	0	0.000129589632829	0	1.07991360691e-05	0.00393088552916	0.00011879049676	0.0135637149028	0.00712742980562	0	0.000950323974082	0	0.0269654427646	0.00281857451404	0.0868250539957	0.00368250539957	2.15982721382e-05	0.00401727861771	0.011252699784	0.00266738660907	0.00239740820734	0.0135097192225	1.07991360691e-05	0	0.000226781857451	0.00313174946004	1.07991360691e-05	4.31965442765e-05	0	0	0	0	2.15982721382e-05	8.63930885529e-05	7.55939524838e-05	1.07991360691e-05	7.55939524838e-05	1.07991360691e-05	1.07991360691e-05	0	3.23974082073e-05	1.07991360691e-05	0.0170842332613	0.000475161987041	3.23974082073e-05	8.63930885529e-05	0	0.0010151187905	0.0145032397408	0.00949244060475	0.00356371490281	0	4.31965442765e-05	0.00697624190065	0.00171706263499	0	0	0	0	0	0.00048596112311	0.00953563714903	0.0022030237581	0.015313174946	0.0149784017279	0.000626349892009	0.00218142548596	1.07991360691e-05	0.000183585313175	0.000107991360691	0.000442764578834	0.000637149028078	1.07991360691e-05	0	0
0	0.00180345572354	0	0	0.00517278617711	0.000442764578834	0.000421166306695	0.00133909287257	0.00211663066955	0.00962203023758	0.00553995680346	0.000691144708423	0.00710583153348	0.000215982721382	0.0075161987041	0.00224622030238	0.00478401727862	0	0.000453563714903	0.000377969762419	0.00950323974082	0.00245140388769	0.00664146868251	0.00368250539957	0.0585529157667	0.000151187904968	8.63930885529e-05	0.000399568034557	0.0249568034557	0.0186717062635	0.00935205183585	3.23974082073e-05	0.00024838012959	0.0122246220302	0.0116414686825	0	0	0	0	0.00980561555076	0	0.00140388768898	1.07991360691e-05	0.000334773218143	0.014535637149	0.00172786177106	5.39956803456e-05	0.00169546436285	1.07991360691e-05	0.000701943844492	6.47948164147e-05	0.00263498920086	0	0	0	0.00569114470842	3.23974082073e-05	0.00429805615551	5.39956803456e-05	0.0170194384449	0	4.31965442765e-05	0.000183585313175	0.00547516198704	0.000626349892009	0	1.07991360691e-05	0	0	0.000172786177106	0.00326133909287	0.000431965442765	0.00886609071274	0.00509719222462	0.00343412526998	0.000637149028078	4.31965442765e-05	0.000529157667387	0.000129589632829	0.000323974082073	3.23974082073e-05	6.47948164147e-05	0.000172786177106	2.15982721382e-05
0	0.00564794816415	0	0	0	0	0	0	0	0.0031101511879	0	0.000518358531317	0	0.00671706263499	0	0	1.07991360691e-05	0	0	0	0	0	0.00327213822894	2.15982721382e-05	0.000151187904968	0.0186717062635	0.00585313174946	0.0115874730022	5.39956803456e-05	0	3.23974082073e-05	0	0	0	0.00011879049676	0	0.00166306695464	0	0	0	0	0	0	0	0	0	0.000475161987041	0	0.00204103671706	0	0	0	0	0	2.15982721382e-05	0	0	0	0	0	0.00595032397408	0.000475161987041	0.00563714902808	0	0	0	0	0	0	0	3.23974082073e-05	2.15982721382e-05	9.7192224622e-05	0.00011879049676	2.15982721382e-05	0	0.000583153347732	0	0.00152267818575	3.23974082073e-05	3.23974082073e-05	0	0	0.00060475161987
0	0.0123326133909	0.0140820734341	0	1.07991360691e-05	0	0	0	3.23974082073e-05	0.00185745140389	1.07991360691e-05	0.00352051835853	6.47948164147e-05	0.00222462203024	8.63930885529e-05	0	2.15982721382e-05	0.013747300216	0.00449244060475	0.00449244060475	6.47948164147e-05	0.00170626349892	0.00201943844492	0.00401727861771	8.63930885529e-05	0.00585313174946	0.0738336933045	0.0320518358531	0.000399568034557	0.000107991360691	0.00125269978402	0.00144708423326	0	6.47948164147e-05	0.00113390928726	1.07991360691e-05	0.00484881209503	0	0	0	0	2.15982721382e-05	7.55939524838e-05	0.00011879049676	0	6.47948164147e-05	0	0	0.000151187904968	3.23974082073e-05	0	1.07991360691e-05	0.00112311015119	1.07991360691e-05	7.55939524838e-05	0	0	1.07991360691e-05	0.000205183585313	1.07991360691e-05	0.00429805615551	0.0032181425486	0.0159719222462	0	0	0	0	0	0	0.000183585313175	0.00228941684665	0.00414686825054	0.00143628509719	0.000820734341253	3.23974082073e-05	0	0	1.07991360691e-05	0.000334773218143	0.000151187904968	0.000129589632829	0	0	0
8.63930885529e-05	0.0355075593952	0.00979481641469	0	0	0	0	7.55939524838e-05	9.7192224622e-05	0.00610151187905	0	0.000982721382289	0	0.00710583153348	0.000215982721382	0	0.00317494600432	0.00369330453564	0.00250539956803	0.00203023758099	0	0.00109071274298	0.0226349892009	0.011252699784	0.000399568034557	0.0115874730022	0.0320518358531	0.116058315335	0.00024838012959	7.55939524838e-05	0.0038444924406	0.00060475161987	0	6.47948164147e-05	0.000431965442765	0	0.0179265658747	1.07991360691e-05	0	0	0	0	0	0	0	0	0	0	0.00215982721382	0	0	0.0153671706263	0.000345572354212	1.07991360691e-05	0.000107991360691	0	1.07991360691e-05	0.0152807775378	0.00789416846652	4.31965442765e-05	0.0070626349892	0.00518358531317	0.0477753779698	2.15982721382e-05	0	0	0.000809935205184	0	0	0	0.00328293736501	0.00488120950324	0.00571274298056	0.00584233261339	0.000518358531317	0.000302375809935	0	4.31965442765e-05	7.55939524838e-05	0.000572354211663	0.00144708423326	0	0	0.000280777537797
7.55939524838e-05	0.000550755939525	0	0	0.00282937365011	0.000226781857451	0.0011555075594	0.0214902807775	0.00434125269978	0.000464362850972	0.00380129589633	0.000237580993521	0.000583153347732	0.00011879049676	0.0153347732181	0.000431965442765	0.00155507559395	3.23974082073e-05	8.63930885529e-05	0.000140388768898	0.00354211663067	0.00929805615551	0.00276457883369	0.00266738660907	0.0249568034557	5.39956803456e-05	0.000399568034557	0.00024838012959	0.0783693304536	0.0253995680346	0.0249244060475	2.15982721382e-05	0.000269978401728	0.0155399568035	0.014848812095	0	8.63930885529e-05	0	0	0.0105615550756	0	0.00128509719222	0	5.39956803456e-05	0.0116306695464	0.000680345572354	0.000107991360691	0.00171706263499	3.23974082073e-05	0.000637149028078	0	0.00306695464363	0	0	0	0.00622030237581	1.07991360691e-05	0.0033909287257	1.07991360691e-05	0.0150431965443	0	9.7192224622e-05	0.000885529157667	0.0041252699784	0.000669546436285	0	4.31965442765e-05	0	0	0.000194384449244	0.00164146868251	0.000323974082073	0.0108531317495	0.00866090712743	0.00111231101512	0.00111231101512	0	0.000140388768898	4.31965442765e-05	0.000140388768898	2.15982721382e-05	0	4.31965442765e-05	0
0.00721382289417	3.23974082073e-05	1.07991360691e-05	0	0.00149028077754	0.00024838012959	0.00273218142549	0.00466522678186	0.00429805615551	0.000151187904968	0.00645788336933	0.00715982721382	0.0114470842333	0.000669546436285	0.0337257019438	0.000129589632829	7.55939524838e-05	0.000388768898488	0.00408207343413	0.00242980561555	0.0107019438445	0.00484881209503	0	0.00239740820734	0.0186717062635	0	0.000107991360691	7.55939524838e-05	0.0253995680346	0.0761447084233	0.0347948164147	9.7192224622e-05	0.00238660907127	0.0234773218143	0.0313282937365	0	0	0	0	0.00155507559395	0	0.000723542116631	0.00011879049676	4.31965442765e-05	0.00195464362851	0.00177105831533	2.15982721382e-05	0.00123110151188	7.55939524838e-05	2.15982721382e-05	0.000399568034557	0.00103671706263	0	0	0	0.00140388768898	4.31965442765e-05	0.0010151187905	0.000107991360691	0.00292656587473	0	0.000259179265659	0.000539956803456	0.00159827213823	0	0	0	1.07991360691e-05	0	0.0011879049676	0.00583153347732	0.00085313174946	0.020151187905	0.00682505399568	7.55939524838e-05	0.00156587473002	0.000496760259179	0.00207343412527	0.000647948164147	0.000917926565875	2.15982721382e-05	0.000356371490281	1.07991360691e-05	3.23974082073e-05
0.00780777537797	0.00117710583153	0.00683585313175	0	0	4.31965442765e-05	2.15982721382e-05	0.0123974082073	0.00127429805616	0.000345572354212	3.23974082073e-05	6.47948164147e-05	3.23974082073e-05	1.07991360691e-05	0.0228617710583	0.000215982721382	1.07991360691e-05	0.000885529157667	0	0.000151187904968	3.23974082073e-05	0.0174730021598	0.000107991360691	0.0135097192225	0.00935205183585	3.23974082073e-05	0.00125269978402	0.0038444924406	0.0249244060475	0.0347948164147	0.0736825053996	0	6.47948164147e-05	0.0139848812095	0.0125701943844	0	6.47948164147e-05	0	0	0.000151187904968	0	2.15982721382e-05	0.00011879049676	6.47948164147e-05	0.000539956803456	0.000259179265659	5.39956803456e-05	5.39956803456e-05	0	0	3.23974082073e-05	0.000107991360691	0.000345572354212	9.7192224622e-05	4.31965442765e-05	6.47948164147e-05	1.07991360691e-05	0.000507559395248	0.000226781857451	0.00124190064795	0	0.000269978401728	0.00156587473002	0.000205183585313	0	0	0	0	0	0.000863930885529	0.000885529157667	0.000259179265659	0.00920086393089	0.00424406047516	0.000151187904968	0.000183585313175	0	0.000993520518359	0.00036717062635	0.000777537796976	1.07991360691e-05	4.31965442765e-05	0	0
0	0	0	0	3.23974082073e-05	0	0	0	0	0	2.15982721382e-05	0.00116630669546	7.55939524838e-05	0.00271058315335	5.39956803456e-05	0	0	0	3.23974082073e-05	0	7.55939524838e-05	0	0	1.07991360691e-05	3.23974082073e-05	0	0.00144708423326	0.00060475161987	2.15982721382e-05	9.7192224622e-05	0	0.00314254859611	0	2.15982721382e-05	9.7192224622e-05	0	0	0	0	0	0	0	0	0	0	0	0	0	0.000161987041037	0	0	0	1.07991360691e-05	0	0	0	0	0	0	0	0	0.000637149028078	0.00011879049676	0	0	0	0	0	0	0	0.000151187904968	0.000626349892009	0.000431965442765	5.39956803456e-05	0	0	0	0	0.000334773218143	0	0	0	0	0
0	0	0	0	0	0.00203023758099	0.000874730021598	8.63930885529e-05	0.000496760259179	2.15982721382e-05	2.15982721382e-05	0.0010151187905	2.15982721382e-05	3.23974082073e-05	1.07991360691e-05	0.000399568034557	0	0	9.7192224622e-05	0	3.23974082073e-05	0	0	0	0.00024838012959	0	0	0	0.000269978401728	0.00238660907127	6.47948164147e-05	0	0.00543196544276	0.000323974082073	0.00389848812095	0	0	0	0	0	0	0	0	0	4.31965442765e-05	2.15982721382e-05	0	3.23974082073e-05	0	0	0	0	0	0	0	3.23974082073e-05	0	0	0	3.23974082073e-05	0	0	0	0	0	0	0	0	0	0	0.00060475161987	0	0.00103671706263	0.000647948164147	0.000583153347732	0.00201943844492	0.000107991360691	0.000323974082073	0	0	0	0	0	0
0.000172786177106	7.55939524838e-05	0	0	3.23974082073e-05	0.000280777537797	0.000302375809935	0.00181425485961	0.000334773218143	0.000313174946004	0.00097192224622	0.000226781857451	0.000766738660907	0.00011879049676	0.00417926565875	0.000259179265659	2.15982721382e-05	0	8.63930885529e-05	9.7192224622e-05	0.00106911447084	0.00152267818575	0.000194384449244	0.000226781857451	0.0122246220302	0	6.47948164147e-05	6.47948164147e-05	0.0155399568035	0.0234773218143	0.0139848812095	2.15982721382e-05	0.000323974082073	0.0262850971922	0.015939524838	0	0	0	0	0.00111231101512	0	0	7.55939524838e-05	0	0.00158747300216	0.0013282937365	0	0.00024838012959	0	0	6.47948164147e-05	0.00106911447084	0	0	0	0.000885529157667	0	0.00157667386609	7.55939524838e-05	0.00282937365011	0	0.000183585313175	0.000442764578834	0.0011555075594	0	0	0	0	0	9.7192224622e-05	0.00195464362851	0.000323974082073	0.00960043196544	0.00634989200864	0.00011879049676	0.000982721382289	2.15982721382e-05	0.000961123110151	0.000323974082073	0.000107991360691	1.07991360691e-05	6.47948164147e-05	0	1.07991360691e-05
8.63930885529e-05	0.00157667386609	1.07991360691e-05	0	0.00111231101512	0.000907127429806	0.00201943844492	0.0017494600432	0.00227861771058	0.000280777537797	0.00436285097192	0.014524838013	0.00834773218143	0.00112311015119	0.00652267818575	0.000691144708423	9.7192224622e-05	0.0022030237581	0.00566954643629	0.0101727861771	0.00790496760259	0.00532397408207	0.000194384449244	0.00313174946004	0.0116414686825	0.00011879049676	0.00113390928726	0.000431965442765	0.014848812095	0.0313282937365	0.0125701943844	9.7192224622e-05	0.00389848812095	0.015939524838	0.0620842332613	1.07991360691e-05	0.000205183585313	0	0	0.00145788336933	0	0.000723542116631	0.00011879049676	6.47948164147e-05	0.00222462203024	0.00181425485961	3.23974082073e-05	0.00137149028078	7.55939524838e-05	2.15982721382e-05	0.000388768898488	0.00126349892009	0.000323974082073	1.07991360691e-05	8.63930885529e-05	0.00149028077754	0.000259179265659	0.0017494600432	0.000431965442765	0.00370410367171	0	0.000215982721382	0.00258099352052	0.00149028077754	0	1.07991360691e-05	0	1.07991360691e-05	0	0.00167386609071	0.00741900647948	0.00111231101512	0.0374082073434	0.0136177105832	0.000507559395248	0.00278617710583	0.000539956803456	0.00214902807775	0.00061555075594	0.00116630669546	3.23974082073e-05	0.000345572354212	1.07991360691e-05	3.23974082073e-05
0	2.15982721382e-05	0	0	0	0	0	0	0	0	0	1.07991360691e-05	0	0	0	0	0	0	0	0	0	1.07991360691e-05	0	1.07991360691e-05	0	0	1.07991360691e-05	0	0	0	0	0	0	0	1.07991360691e-05	0.00907127429806	0	0.000421166306695	0	0	0	0	0.00455723542117	0	0	0.000475161987041	0	0	0	0.00255939524838	0	0.000442764578834	0.000863930885529	0	0	0	5.39956803456e-05	0	0.00085313174946	0.00194384449244	0	0	2.15982721382e-05	0.00139308855292	0.00245140388769	0.00227861771058	0	0	0	0.000302375809935	1.07991360691e-05	1.07991360691e-05	3.23974082073e-05	2.15982721382e-05	0	0	0	0	0	0.000107991360691	0	0	0	0
0	0.0178941684665	6.47948164147e-05	0	0	0	0	0	0	0.00024838012959	0	0	0	0	0	0	0	0.000496760259179	0	0	0	4.31965442765e-05	0.000961123110151	4.31965442765e-05	0	0.00166306695464	0.00484881209503	0.0179265658747	8.63930885529e-05	0	6.47948164147e-05	0	0	0	0.000205183585313	0	0.0334233261339	0	0	0	0	0	0	0	0.00489200863931	0	0	0	0.000907127429806	0	0	8.63930885529e-05	1.07991360691e-05	0	3.23974082073e-05	0	0	0.00728941684665	1.07991360691e-05	0.00150107991361	0.00341252699784	2.15982721382e-05	0.0299892008639	0	0	0	0	0	0	0	2.15982721382e-05	0	0.000205183585313	0.000161987041037	0	0	0	0	0	4.31965442765e-05	4.31965442765e-05	0	0	0
0	1.07991360691e-05	0	0	0	0	0	0	0	0	0	0	0	0	0	0	0	0	0	0	0	0	0	0	0	0	0	1.07991360691e-05	0	0	0	0	0	0	0	0.000421166306695	0	0.0315118790497	0	0	0	0	0.000107991360691	0.00204103671706	0	0	0	0	0	0.00290496760259	0	0	0.0131749460043	0	0.00224622030238	0	0.000215982721382	0	0.0170194384449	0	0	0.0112203023758	0.0107343412527	0.00036717062635	0	0.000107991360691	0	0	0	0	0	0	0	0	0	0	0	0	0	0	0	0	0	0
0	0	0	0	0	0	0	0	0	0	0	0	0	0	0	0	0	0	0	0	0	0	0	0	0	0	0	0	0	0	0	0	0	0	0	0	0	0	0	0	0	0	0	0	0	0	0	0	0	0	0	0	0	0	0	0	0	0	0	0	0	0	0	0	0	0	0	0	0	0	0	0	0	0	0	0	0	0	0	0	0	0	0	0
0	0	0	0	0.00303455723542	0	0	0.00024838012959	0.00024838012959	0.000151187904968	0.000820734341253	0	0.000291576673866	0	9.7192224622e-05	0	0	0	0	0	0.0036717062635	0	0	0	0.00980561555076	0	0	0	0.0105615550756	0.00155507559395	0.000151187904968	0	0	0.00111231101512	0.00145788336933	0	0	0	0	0.0286933045356	0.000107991360691	0.00157667386609	0.000313174946004	3.23974082073e-05	0.012807775378	0.0067818574514	0.000107991360691	0.00274298056156	4.31965442765e-05	0.000669546436285	0.000172786177106	0.000842332613391	0	0	0	0.0184773218143	0.000140388768898	0.000863930885529	0	0.0155291576674	0	0.00011879049676	0.000129589632829	0.00812095032397	0.000809935205184	0	6.47948164147e-05	0	0	0.000183585313175	0.000431965442765	5.39956803456e-05	0.000215982721382	8.63930885529e-05	0.000464362850972	0	0	0.000561555075594	0.000172786177106	0.000215982721382	7.55939524838e-05	1.07991360691e-05	1.07991360691e-05	0
0	0	0	0	0	0	0	0	0	0	0	0	0	0	0	0	0	0	0	0	0	0	0	0	0	0	0	0	0	0	0	0	0	0	0	0	0	0	0	0.000107991360691	0.00452483801296	7.55939524838e-05	0	0.000107991360691	0.00271058315335	0	0	0.000475161987041	0	0	0.00376889848812	0	0	0	0	0	0	0	0	0.00247300215983	0	0	0	0.00036717062635	0	0	0	0.000259179265659	0	0	0	0	0	0	0	0	0	0	0	0	0	0.000431965442765	0.000215982721382	0
0	0	0	0	3.23974082073e-05	0	0	0	0	1.07991360691e-05	0.000637149028078	0	0.00185745140389	0	0	0	0	0	0	0	0.00204103671706	2.15982721382e-05	0	2.15982721382e-05	0.00140388768898	0	2.15982721382e-05	0	0.00128509719222	0.000723542116631	2.15982721382e-05	0	0	0	0.000723542116631	0	0	0	0	0.00157667386609	7.55939524838e-05	0.0518898488121	0.00665226781857	0.0180345572354	0.00167386609071	0.0223218142549	0.00306695464363	0.0185097192225	0.0011879049676	0.00852051835853	0.00190064794816	0.000583153347732	0.000107991360691	0.00133909287257	0.000161987041037	0.0108747300216	3.23974082073e-05	0	0.00011879049676	0.00212742980562	0	0.00203023758099	1.07991360691e-05	0.00107991360691	0.00237580993521	0	0.000680345572354	0.000172786177106	0	0.00690064794816	0.000712742980562	0	0.00060475161987	0	0.000194384449244	0	0	0.0016090712743	0.000183585313175	0.00520518358531	0.000107991360691	0.00203023758099	0.000259179265659	4.31965442765e-05
0	8.63930885529e-05	6.47948164147e-05	0	0	0	0	0	0	0	0	0	0	0	1.07991360691e-05	0	0	2.15982721382e-05	0	0	0	0.000151187904968	0	8.63930885529e-05	1.07991360691e-05	0	7.55939524838e-05	0	0	0.00011879049676	0.00011879049676	0	0	7.55939524838e-05	0.00011879049676	0.00455723542117	0	0.000107991360691	0	0.000313174946004	0	0.00665226781857	0.0692872570194	0.00882289416847	0.000129589632829	0.0258747300216	3.23974082073e-05	0.000129589632829	0.000161987041037	0.013898488121	0	0.00323974082073	0.000529157667387	0	0	0.000151187904968	0.00622030237581	6.47948164147e-05	0.00681425485961	0.00719222462203	0	0	2.15982721382e-05	0.0305831533477	0.00383369330454	0.0102375809935	9.7192224622e-05	0	0	0.00139308855292	3.23974082073e-05	0	2.15982721382e-05	1.07991360691e-05	0	0	0	0.000421166306695	2.15982721382e-05	0.002343412527	0.000215982721382	0	0.000183585313175	0
0	5.39956803456e-05	1.07991360691e-05	0	0	0	0	0	0	0	0.000323974082073	0	0.000291576673866	0	0	0	0	4.31965442765e-05	0	0	0.00061555075594	0.000107991360691	0	7.55939524838e-05	0.000334773218143	0	0.00011879049676	0	5.39956803456e-05	4.31965442765e-05	6.47948164147e-05	0	0	0	6.47948164147e-05	0	0	0.00204103671706	0	3.23974082073e-05	0.000107991360691	0.0180345572354	0.00882289416847	0.0406371490281	0.000313174946004	0.0103671706263	0.000820734341253	0.00474082073434	0.000269978401728	0.0170518358531	0.00125269978402	0.00210583153348	0.00273218142549	0	1.07991360691e-05	0.0024838012959	0.00107991360691	0	0.0036717062635	0.00340172786177	0	0	0	0.00301295896328	0.000388768898488	0.000410367170626	0.000183585313175	0.00154427645788	0	0.00255939524838	3.23974082073e-05	0	4.31965442765e-05	1.07991360691e-05	1.07991360691e-05	0	0	0.00241900647948	6.47948164147e-05	0.00170626349892	0.000215982721382	0.00266738660907	0.00249460043197	2.15982721382e-05
0	0	0	0	0.000226781857451	5.39956803456e-05	8.63930885529e-05	0.000215982721382	0.000377969762419	0.00250539956803	0.00147948164147	0	0.0010475161987	0	0.000129589632829	7.55939524838e-05	0.000194384449244	0	0	0	0.00309935205184	1.07991360691e-05	0.000788336933045	1.07991360691e-05	0.014535637149	0	0	0	0.0116306695464	0.00195464362851	0.000539956803456	0	4.31965442765e-05	0.00158747300216	0.00222462203024	0	0.00489200863931	0	0	0.012807775378	0.00271058315335	0.00167386609071	0.000129589632829	0.000313174946004	0.037969762419	0.00318574514039	0.000107991360691	0.00358531317495	0.00048596112311	0.000691144708423	0.00416846652268	0.000896328293737	0	0	0	0.00795896328294	4.31965442765e-05	0.0116738660907	6.47948164147e-05	0.0285205183585	0.00128509719222	7.55939524838e-05	0.00416846652268	0.00791576673866	0.000637149028078	0	4.31965442765e-05	3.23974082073e-05	0	0.000345572354212	0.000626349892009	2.15982721382e-05	0.000939524838013	0.00061555075594	0.00085313174946	8.63930885529e-05	0	0.000993520518359	0.000151187904968	0.000475161987041	3.23974082073e-05	0.0007343412527	0.000302375809935	0
0	8.63930885529e-05	6.47948164147e-05	0	5.39956803456e-05	3.23974082073e-05	4.31965442765e-05	3.23974082073e-05	0.000129589632829	1.07991360691e-05	0.00186825053996	0	0.000831533477322	0	4.31965442765e-05	0	0	2.15982721382e-05	0	0	0.00179265658747	0.000140388768898	0	7.55939524838e-05	0.00172786177106	0	6.47948164147e-05	0	0.000680345572354	0.00177105831533	0.000259179265659	0	2.15982721382e-05	0.0013282937365	0.00181425485961	0.000475161987041	0	0	0	0.0067818574514	0	0.0223218142549	0.0258747300216	0.0103671706263	0.00318574514039	0.0656695464363	0.000107991360691	0.00538876889849	0.00024838012959	0.00963282937365	0	0.00171706263499	1.07991360691e-05	4.31965442765e-05	1.07991360691e-05	0.0122462203024	0.000377969762419	0.00085313174946	0.000107991360691	0.00596112311015	0	0.000205183585313	6.47948164147e-05	0.00943844492441	0.00487041036717	2.15982721382e-05	0.000183585313175	2.15982721382e-05	0	0.00140388768898	0.000539956803456	6.47948164147e-05	0.000421166306695	0.000237580993521	0	5.39956803456e-05	0	0.00128509719222	0.000107991360691	0.00246220302376	0.000475161987041	0	0.000507559395248	0
0	0	0	0	0	0	0	0	0	0	5.39956803456e-05	5.39956803456e-05	0.000194384449244	0.000539956803456	0	0	0	0	0	0	0.00024838012959	4.31965442765e-05	0	1.07991360691e-05	5.39956803456e-05	0.000475161987041	0	0	0.000107991360691	2.15982721382e-05	5.39956803456e-05	0	0	0	3.23974082073e-05	0	0	0	0	0.000107991360691	0	0.00306695464363	3.23974082073e-05	0.000820734341253	0.000107991360691	0.000107991360691	0.0224190064795	0.00285097192225	0.00255939524838	0.0018898488121	0	0	0	0.00532397408207	0.00142548596112	0.00179265658747	1.07991360691e-05	0	1.07991360691e-05	0.00011879049676	0.00011879049676	0.00377969762419	0	1.07991360691e-05	0.00112311015119	0	0.000701943844492	0	0	0.0114686825054	1.07991360691e-05	0	3.23974082073e-05	0	0	0	1.07991360691e-05	0.00061555075594	0.00170626349892	0.0045788336933	6.47948164147e-05	0	0.000377969762419	0.00100431965443
0	0	0	0	0.000151187904968	4.31965442765e-05	6.47948164147e-05	0	8.63930885529e-05	2.15982721382e-05	0.00147948164147	0	0.00317494600432	0	0.000161987041037	0	0	0	0	0	0.00276457883369	0	0	1.07991360691e-05	0.00169546436285	0	0	0	0.00171706263499	0.00123110151188	5.39956803456e-05	0	3.23974082073e-05	0.00024838012959	0.00137149028078	0	0	0	0	0.00274298056156	0.000475161987041	0.0185097192225	0.000129589632829	0.00474082073434	0.00358531317495	0.00538876889849	0.00285097192225	0.0300107991361	0.00119870410367	0.00728941684665	0.00207343412527	6.47948164147e-05	0	0.00137149028078	0.000269978401728	0.0166090712743	2.15982721382e-05	1.07991360691e-05	0	0.00402807775378	0	0.00176025917927	0	0.00011879049676	0.00240820734341	0	0.000583153347732	3.23974082073e-05	0	0.00654427645788	0.0007343412527	4.31965442765e-05	0.00097192224622	0.000259179265659	0.000291576673866	7.55939524838e-05	0	0.000701943844492	0.000129589632829	0.00487041036717	8.63930885529e-05	0.000518358531317	8.63930885529e-05	7.55939524838e-05
0	0	0	0	0	0	0	0	0	0	5.39956803456e-05	9.7192224622e-05	0.00011879049676	0.00691144708423	0	0	0	0	0	0	0.000269978401728	0	0	0	1.07991360691e-05	0.00204103671706	0.000151187904968	0.00215982721382	3.23974082073e-05	7.55939524838e-05	0	0.000161987041037	0	0	7.55939524838e-05	0	0.000907127429806	0	0	4.31965442765e-05	0	0.0011879049676	0.000161987041037	0.000269978401728	0.00048596112311	0.00024838012959	0.00255939524838	0.00119870410367	0.0166306695464	0.000475161987041	0	2.15982721382e-05	0	0	0	0.000701943844492	0	0.000529157667387	0	0.000388768898488	0.00343412526998	0.00235421166307	0.00147948164147	0.000140388768898	0.000215982721382	0	0.00199784017279	0	0	0.00249460043197	5.39956803456e-05	0.00024838012959	7.55939524838e-05	0	0	0	6.47948164147e-05	0.000129589632829	0.00502159827214	0.00233261339093	0.00024838012959	0	5.39956803456e-05	0.000745140388769
