0.0193227361614	4.84036476989e-06	4.84036476989e-05	0	0.000237177873725	0	0.00134078104126	0.00617630544638	0.00433696683382	0.000469515382679	0.00132625994695	1.93614590796e-05	0.000643768514395	4.84036476989e-06	0.00706209219927	6.77651067784e-05	0.000198454955565	9.68072953978e-06	0	0	0.00044047319406	0.000687331797324	0.000348506263432	0.000551801583767	0.00140854614804	4.84036476989e-06	9.68072953978e-06	3.87229181591e-05	0.00226529071231	0.008456117253	0.00441925303491	0	9.68072953978e-06	0.00162152219791	0.0020571550272	4.84036476989e-06	0	0	0	0	0	0	2.42018238494e-05	0	0.000111328389707	4.84036476989e-06	0	4.84036476989e-06	0	0	0	4.84036476989e-06	0	0	0	4.84036476989e-06	4.84036476989e-06	1.93614590796e-05	0	8.22862010881e-05	4.84036476989e-06	0	0	4.84036476989e-05	0	4.84036476989e-06	0	0	0	1.93614590796e-05	0.000997115142597	0.000208135685105	0.00114232608569	0.000343665898662	0.000566322678077	9.19669306279e-05	9.68072953978e-06	1.93614590796e-05	0	9.68072953978e-06	4.84036476989e-06	9.68072953978e-06	0	0
4.84036476989e-06	0.0112102848071	0.00314623710043	0	0	0	4.84036476989e-06	9.68072953978e-06	4.84036476989e-06	2.42018238494e-05	0	0.000130689848787	0	2.42018238494e-05	4.84036476989e-06	0	0.000140370578327	0.00114232608569	9.68072953978e-06	0.000300102615733	0	0.000280741156654	0.00177641387055	0.00167476621038	2.90421886193e-05	0.000638928149625	0.00203779356812	0.00525179577533	4.84036476989e-05	1.93614590796e-05	0.000140370578327	0	0	0	0.000721214350713	0	0.00259443551666	0.000392069546361	0	0	0	0	4.84036476989e-06	0	4.84036476989e-06	0	1.45210943097e-05	0	4.84036476989e-06	0	0	8.7126565858e-05	0.000140370578327	0	3.38825533892e-05	0	4.84036476989e-05	0.000285581521423	0.00043563282929	4.84036476989e-06	7.74458363182e-05	0.000203295320335	0.000813181281341	4.84036476989e-06	0	4.84036476989e-05	0	0	0	0.000217816414645	0.000358186992972	0.000740575809793	0.000585684137157	0.000222656779415	9.68072953978e-06	2.42018238494e-05	1.45210943097e-05	7.74458363182e-05	0.00041627137021	0.000106488024938	2.90421886193e-05	0	0	0
4.84036476989e-05	0.00314623710043	0.0349764758272	0	0	4.84036476989e-06	3.87229181591e-05	5.32440124688e-05	3.38825533892e-05	1.45210943097e-05	4.84036476989e-06	0.000314623710043	4.84036476989e-06	0.000101647660168	4.3563282929e-05	4.84036476989e-06	0.000532440124688	0.00897887664814	4.84036476989e-06	0.000929350035819	0	0.00224108888846	0.000997115142597	0.0149034831265	8.7126565858e-05	0.000193614590796	0.0085045209007	0.0137708377703	0.000411431005441	0.000212976049875	0.00089062711766	0	4.84036476989e-06	7.26054715483e-05	0.00429340355089	0	0.00085674456427	0.000111328389707	0	0	0	0	0	0	4.84036476989e-06	0	9.68072953978e-06	0	9.68072953978e-06	0	0	4.3563282929e-05	3.87229181591e-05	0	1.45210943097e-05	0	1.45210943097e-05	0.000169412766946	0.000164572402176	0	2.42018238494e-05	8.7126565858e-05	0.000304942980503	9.68072953978e-06	0	1.45210943097e-05	0	0	0	9.68072953978e-05	0.00203295320335	0.00375612306143	0.0035044240934	0.00152955526728	8.22862010881e-05	0.000135530213557	4.3563282929e-05	8.22862010881e-05	0.000179093496486	8.7126565858e-05	1.93614590796e-05	4.84036476989e-06	0	0
0	0	0	0	0	0	0	0	0	0	0	0	0	0	0	0	0	0	0	0	0	0	0	0	0	0	0	0	0	0	0	0	0	0	0	0	0	0	0	0	0	0	0	0	0	0	0	0	0	0	0	0	0	0	0	0	0	0	0	0	0	0	0	0	0	0	0	0	0	0	0	0	0	0	0	0	0	0	0	0	0	0	0	0
0.000237177873725	0	0	0	0.0151697031888	0	0.000571163042847	0.00115200681523	0.000188774226026	9.68072953978e-05	0.00192162481365	0	0.000958392224438	0	0.000193614590796	2.42018238494e-05	4.84036476989e-06	0	0	0	0.00554705802629	1.93614590796e-05	1.45210943097e-05	1.45210943097e-05	0.00815601463726	0	0	4.84036476989e-06	0.00545993146043	0.000111328389707	5.32440124688e-05	0	0	2.42018238494e-05	2.90421886193e-05	4.84036476989e-06	0	0	0	0.00198938992042	0	1.45210943097e-05	5.80843772387e-05	0	3.38825533892e-05	0.000309783345273	0	9.19669306279e-05	0	4.84036476989e-06	0	0	0	0	0	0.00112296462661	0	0	0	6.77651067784e-05	0	0	0	0.000154891672636	0	4.84036476989e-06	0	0	0	0	1.93614590796e-05	9.68072953978e-06	3.38825533892e-05	1.93614590796e-05	8.7126565858e-05	0	0	0	0	0	0	0	0	0
0	0	4.84036476989e-06	0	0	0.00664098046429	0.00302522798118	0	0.00128269666402	0	0	1.93614590796e-05	4.84036476989e-06	9.68072953978e-06	0.000798660187032	0.00146179016051	0	0	0	0	0	0	4.84036476989e-06	0	0	0	0	4.84036476989e-06	0	0.000546961218997	0	0	0.00247826676218	4.84036476989e-06	0.000716373985944	0	0	0	0	0	0	0	0	0	0	0	0	0	0	0	0	0	0	0	0	0	0	0	0	0	0	0	0	0	0	0	0	0	0	0	2.90421886193e-05	4.84036476989e-06	0.000111328389707	3.38825533892e-05	0.00123429301632	0.00111812426184	4.84036476989e-06	0	0	0	0	0	0	0
0.00134078104126	4.84036476989e-06	3.87229181591e-05	0	0.000571163042847	0.00302522798118	0.0419950047436	0.0018006156944	0.0124203759995	0.000125849484017	0.0152326279308	2.42018238494e-05	0.00911924722647	2.90421886193e-05	0.00546961218997	0.00252667040988	2.42018238494e-05	9.68072953978e-06	0	4.84036476989e-06	0.00242986311448	7.74458363182e-05	3.38825533892e-05	6.77651067784e-05	0.000968072953978	4.84036476989e-06	4.84036476989e-06	1.45210943097e-05	0.00167960657515	0.00197486882611	0.000217816414645	0	0.00192646517842	0.000208135685105	0.00140854614804	0	0	0	0	0	0	0	4.84036476989e-06	0	2.42018238494e-05	0	0	0	0	0	0	0	0	0	0	4.84036476989e-06	0	4.84036476989e-06	0	2.42018238494e-05	0	0	0	9.68072953978e-06	0	0	0	0	0	4.84036476989e-06	0.000295262250963	6.29247420086e-05	0.000600205231466	0.000159732037406	0.00329144804352	0.000546961218997	9.68072953978e-06	9.68072953978e-06	0	4.84036476989e-06	4.84036476989e-06	0	0	0
0.00617630544638	9.68072953978e-06	5.32440124688e-05	0	0.00115200681523	0	0.0018006156944	0.0360461964414	0.00242018238494	0.00130689848787	0.00586168173634	9.68072953978e-06	0.00111812426184	0	0.00379484597959	3.38825533892e-05	0.000406590640671	1.93614590796e-05	0	4.84036476989e-06	0.00124881411063	0.000909988576739	0.000740575809793	0.000745416174563	0.00643284477918	0	9.68072953978e-06	5.32440124688e-05	0.0146856667118	0.00269608317683	0.00665066119383	0	0	0.000653449243935	0.00122945265155	1.45210943097e-05	4.84036476989e-06	0	0	9.68072953978e-06	0	4.84036476989e-06	6.77651067784e-05	0	0.000372708087281	0	0	9.68072953978e-06	0	1.45210943097e-05	0	1.45210943097e-05	0	0	0	4.84036476989e-06	9.68072953978e-06	5.32440124688e-05	4.84036476989e-06	0.000251698968034	0	0	0	7.26054715483e-05	9.68072953978e-06	1.93614590796e-05	0	0	0	3.38825533892e-05	0.000585684137157	0.000222656779415	0.000677651067784	0.000237177873725	0.000363027357742	4.84036476989e-05	9.68072953978e-06	3.38825533892e-05	9.68072953978e-06	4.84036476989e-06	4.84036476989e-06	4.84036476989e-06	4.84036476989e-06	0
0.00433696683382	4.84036476989e-06	3.38825533892e-05	0	0.000188774226026	0.00128269666402	0.0124203759995	0.00242018238494	0.0388052043602	0.000125849484017	0.00591976611357	6.29247420086e-05	0.00157311855021	9.19669306279e-05	0.0198696973804	0.000367867722512	4.84036476989e-05	3.38825533892e-05	0	1.93614590796e-05	0.000542120854228	0.000140370578327	9.19669306279e-05	0.000145210943097	0.000580843772387	0	1.45210943097e-05	1.93614590796e-05	0.00088094638812	0.00531472051734	0.000624407055316	0	0.00275416755407	0.000367867722512	0.00301070688687	4.84036476989e-06	0	0	0	0	0	0	9.68072953978e-06	0	5.32440124688e-05	0	0	0	0	0	0	0	0	0	0	4.84036476989e-06	0	4.84036476989e-06	0	4.3563282929e-05	0	0	0	9.68072953978e-06	0	0	0	0	0	9.68072953978e-06	0.000401750275901	0.000145210943097	0.00119557009816	0.000285581521423	0.00182965788302	0.000779298727952	1.93614590796e-05	9.68072953978e-06	0	4.84036476989e-06	4.84036476989e-06	0	0	0
0.000469515382679	2.42018238494e-05	1.45210943097e-05	0	9.68072953978e-05	0	0.000125849484017	0.00130689848787	0.000125849484017	0.0134804158841	0.000130689848787	0	0.000280741156654	4.84036476989e-06	0.000154891672636	0.000198454955565	0.0004501539236	0	0	0	9.19669306279e-05	0.000353346628202	0.00263799879959	0.000358186992972	0.00541152781274	0	0	4.84036476989e-05	0.00223140815892	0.000508238300838	0.000997115142597	0	0	0.000174253131716	0.000469515382679	4.84036476989e-05	0	0	0	3.38825533892e-05	0	4.84036476989e-06	0.000242018238494	0	0.00159248000929	1.93614590796e-05	0	3.87229181591e-05	0	1.93614590796e-05	0	5.32440124688e-05	0	0	0	2.90421886193e-05	2.90421886193e-05	0.000188774226026	1.93614590796e-05	0.00100195550737	0	0	0	0.000363027357742	4.84036476989e-06	9.68072953978e-05	0	0	9.68072953978e-06	3.38825533892e-05	0.000372708087281	0.000111328389707	0.000227497144185	7.74458363182e-05	0.00129237739356	9.68072953978e-06	4.84036476989e-06	6.29247420086e-05	9.68072953978e-06	1.93614590796e-05	1.45210943097e-05	4.84036476989e-05	4.84036476989e-06	0
0.00132625994695	0	4.84036476989e-06	0	0.00192162481365	0	0.0152326279308	0.00586168173634	0.00591976611357	0.000130689848787	0.0399523708107	4.84036476989e-06	0.0075558094058	0	0.00274448682453	5.32440124688e-05	2.42018238494e-05	4.84036476989e-06	0	0	0.00479680148696	7.26054715483e-05	3.38825533892e-05	5.80843772387e-05	0.00256055296327	0	0	4.84036476989e-06	0.00662161900521	0.000498557571299	0.000300102615733	0	4.84036476989e-06	0.000145210943097	0.000353346628202	0	0	0	0	0.000125849484017	0	1.45210943097e-05	1.93614590796e-05	0	3.87229181591e-05	0.00044047319406	0	0.000198454955565	0	0	0	4.84036476989e-06	0	0	0	0.000333985169122	0	0	0	3.38825533892e-05	0	0	0	9.68072953978e-06	0	0	0	0	0	0	0.000121009119247	2.90421886193e-05	0.000188774226026	6.29247420086e-05	0.0004501539236	1.45210943097e-05	4.84036476989e-06	4.84036476989e-06	0	0	0	0	0	0
1.93614590796e-05	0.000130689848787	0.000314623710043	0	0	1.93614590796e-05	2.42018238494e-05	9.68072953978e-06	6.29247420086e-05	0	4.84036476989e-06	0.0334953242076	0	0.0108375767198	7.74458363182e-05	0	4.84036476989e-06	0.000726054715483	0.00218784487599	0.00400782202947	0	4.3563282929e-05	9.68072953978e-06	0.000140370578327	4.84036476989e-06	0.00388197254545	0.0108520978141	0.00214428159306	9.68072953978e-06	0.000208135685105	1.45210943097e-05	3.38825533892e-05	1.45210943097e-05	1.45210943097e-05	0.00590040465449	0	0.000203295320335	1.45210943097e-05	0	0	0	0	0	0	0	0	9.19669306279e-05	0	8.7126565858e-05	4.84036476989e-06	0	0	1.45210943097e-05	9.68072953978e-06	3.87229181591e-05	0	0	0	4.84036476989e-06	0	0.000396909911131	0.000188774226026	0.000188774226026	0	4.84036476989e-06	0	0	0	0	2.90421886193e-05	0.000333985169122	0.00235725764294	0.00359639102403	0.000585684137157	2.90421886193e-05	6.77651067784e-05	0.000246858603264	2.90421886193e-05	0.000227497144185	2.42018238494e-05	4.84036476989e-06	4.84036476989e-06	4.84036476989e-06	4.84036476989e-05
0.000643768514395	0	4.84036476989e-06	0	0.000958392224438	4.84036476989e-06	0.00911924722647	0.00111812426184	0.00157311855021	0.000280741156654	0.0075558094058	0	0.0254603186896	0	0.000948711494898	0.00131657921741	2.90421886193e-05	4.84036476989e-06	0	0	0.00725086642529	4.3563282929e-05	1.45210943097e-05	3.87229181591e-05	0.00133110031172	0	0	0	0.00185385970687	0.000377548452051	0.000121009119247	0	0	0.000121009119247	0.000232337508955	1.45210943097e-05	0	0	0	3.38825533892e-05	0	2.42018238494e-05	1.45210943097e-05	4.84036476989e-06	1.45210943097e-05	0.000203295320335	0	0.00119072973339	0	4.84036476989e-06	4.84036476989e-06	0	0	0	0	0.000663129973475	4.84036476989e-06	0	4.84036476989e-06	2.90421886193e-05	0	0	0	4.3563282929e-05	0	4.84036476989e-06	0	0	0	0	0.000135530213557	1.93614590796e-05	0.000169412766946	5.32440124688e-05	0.00126817556971	2.42018238494e-05	4.84036476989e-06	0	0	0	0	0	0	0
4.84036476989e-06	2.42018238494e-05	0.000101647660168	0	0	9.68072953978e-06	2.90421886193e-05	0	9.19669306279e-05	4.84036476989e-06	0	0.0108375767198	0	0.0191484830297	0.000140370578327	0	2.42018238494e-05	0.000154891672636	0.000227497144185	0.000517919030378	0	2.90421886193e-05	1.93614590796e-05	0.000125849484017	4.84036476989e-06	0.00407558713625	0.0049032895119	0.00221204669984	1.45210943097e-05	0.000300102615733	3.38825533892e-05	1.45210943097e-05	2.90421886193e-05	4.84036476989e-06	0.00172801022285	0	5.80843772387e-05	9.68072953978e-06	0	0	0	4.84036476989e-06	0	4.84036476989e-06	4.84036476989e-06	0	0.000145210943097	0	0.000242018238494	4.84036476989e-06	0	4.84036476989e-06	4.84036476989e-06	9.68072953978e-06	1.45210943097e-05	0	0	0	9.68072953978e-06	4.84036476989e-06	0.000271060427114	0.000145210943097	0.000111328389707	0	9.68072953978e-06	0	0	0	0	5.80843772387e-05	0.000609885961006	0.0013988654185	0.00198938992042	0.000909988576739	4.3563282929e-05	0.000188774226026	0.000614726325776	0.000135530213557	0.000246858603264	0.000111328389707	7.74458363182e-05	4.84036476989e-06	9.68072953978e-06	8.22862010881e-05
0.00706209219927	4.84036476989e-06	4.3563282929e-05	0	0.000193614590796	0.000798660187032	0.00546961218997	0.00379484597959	0.0198696973804	0.000154891672636	0.00274448682453	7.74458363182e-05	0.000948711494898	0.000140370578327	0.037043311584	0.000198454955565	5.80843772387e-05	1.45210943097e-05	0	1.45210943097e-05	0.00044047319406	0.000174253131716	9.68072953978e-05	0.000179093496486	0.000788979457492	0	1.93614590796e-05	1.45210943097e-05	0.0011084435323	0.0133255242115	0.00103583806076	0	0.00191194408411	0.000808340916571	0.00446765668261	0	0	0	0	0	0	0	0	0	5.32440124688e-05	0	0	0	0	0	0	0	0	0	0	4.84036476989e-06	0	9.68072953978e-06	0	3.38825533892e-05	0	0	0	4.84036476989e-06	0	0	0	0	0	1.45210943097e-05	0.000672810703015	0.000183933861256	0.00165056438653	0.000348506263432	0.00156827818544	0.000818021646111	1.45210943097e-05	4.84036476989e-06	0	9.68072953978e-06	4.84036476989e-06	0	0	0
6.77651067784e-05	0	4.84036476989e-06	0	2.42018238494e-05	0.00146179016051	0.00252667040988	3.38825533892e-05	0.000367867722512	0.000198454955565	5.32440124688e-05	0	0.00131657921741	0	0.000198454955565	0.00663614009952	4.84036476989e-06	4.84036476989e-06	0	0	3.38825533892e-05	0	4.84036476989e-06	0	5.80843772387e-05	0	0	4.84036476989e-06	3.87229181591e-05	0.000116168754477	1.93614590796e-05	0	5.80843772387e-05	1.45210943097e-05	9.19669306279e-05	0	0	0	0	0	0	0	0	0	4.84036476989e-06	0	0	0	0	0	0	0	0	0	0	0	0	4.84036476989e-06	0	4.84036476989e-06	0	0	0	0	0	0	0	0	0	0	0.000300102615733	2.42018238494e-05	6.77651067784e-05	3.87229181591e-05	0.00373192123758	7.26054715483e-05	0	0	0	4.84036476989e-06	4.84036476989e-06	0	0	0
0.000198454955565	0.000140370578327	0.000532440124688	0	4.84036476989e-06	0	2.42018238494e-05	0.000406590640671	4.84036476989e-05	0.0004501539236	2.42018238494e-05	4.84036476989e-06	2.90421886193e-05	2.42018238494e-05	5.80843772387e-05	4.84036476989e-06	0.0184175879494	9.68072953978e-05	0	1.45210943097e-05	2.42018238494e-05	0.00333017096168	0.00438537048152	0.00853840345408	0.00348990299909	4.84036476989e-06	3.38825533892e-05	0.00243954384402	0.00379000561482	0.000353346628202	0.00175705241147	0	0	9.19669306279e-05	0.00136014250034	0	2.90421886193e-05	0	0	0	0	0	3.38825533892e-05	4.84036476989e-06	0.000135530213557	0	0	4.84036476989e-06	0	0	0	0.00044531355883	0	0	0	0	3.38825533892e-05	0.000275900791884	6.77651067784e-05	7.74458363182e-05	0	0	2.42018238494e-05	4.84036476989e-05	4.84036476989e-06	4.84036476989e-05	0	0	0	3.87229181591e-05	0.000982594048287	0.00087126565858	0.000755096904103	0.000314623710043	3.87229181591e-05	3.38825533892e-05	1.93614590796e-05	3.87229181591e-05	9.68072953978e-06	4.84036476989e-06	0	4.84036476989e-06	0	0
9.68072953978e-06	0.00114232608569	0.00897887664814	0	0	0	9.68072953978e-06	1.93614590796e-05	3.38825533892e-05	0	4.84036476989e-06	0.000726054715483	4.84036476989e-06	0.000154891672636	1.45210943097e-05	4.84036476989e-06	9.68072953978e-05	0.0254119150419	0.000101647660168	0.00488876841759	0	0.00152955526728	0.000179093496486	0.00898855737768	2.42018238494e-05	0.000498557571299	0.00813665317818	0.00412883114872	0.000154891672636	0.000101647660168	0.00043563282929	0	4.84036476989e-06	4.3563282929e-05	0.00524695541056	0	0.000479196112219	6.29247420086e-05	0	0	0	0	0	0	0	0	1.45210943097e-05	0	1.45210943097e-05	0	0	4.84036476989e-06	2.42018238494e-05	0	1.45210943097e-05	0	0	2.42018238494e-05	2.90421886193e-05	0	6.77651067784e-05	0.000111328389707	0.000183933861256	0	0	0	0	0	0	2.42018238494e-05	0.00141338651281	0.00307847199365	0.0036496350365	0.00139402505373	4.84036476989e-05	0.000125849484017	4.3563282929e-05	0.000101647660168	6.29247420086e-05	3.38825533892e-05	9.68072953978e-06	4.84036476989e-06	0	4.84036476989e-06
0	9.68072953978e-06	4.84036476989e-06	0	0	0	0	0	0	0	0	0.00218784487599	0	0.000227497144185	0	0	0	0.000101647660168	0.00417723479641	0.00157311855021	0	0	0	9.68072953978e-06	0	0.000183933861256	0.00247342639741	0.000285581521423	0	0	0	4.84036476989e-06	0	0	0.000164572402176	0	1.93614590796e-05	0	0	0	0	0	0	0	0	0	4.84036476989e-06	0	0	0	0	0	4.84036476989e-06	0	0	0	0	0	0	0	1.45210943097e-05	4.84036476989e-06	9.68072953978e-06	0	0	0	0	0	0	0	9.68072953978e-06	7.74458363182e-05	0.000116168754477	2.42018238494e-05	0	0	4.84036476989e-06	0	1.45210943097e-05	0	0	0	0	4.84036476989e-06
0	0.000300102615733	0.000929350035819	0	0	0	4.84036476989e-06	4.84036476989e-06	1.93614590796e-05	0	0	0.00400782202947	0	0.000517919030378	1.45210943097e-05	0	1.45210943097e-05	0.00488876841759	0.00157311855021	0.0158957579043	0	3.87229181591e-05	1.45210943097e-05	0.00044047319406	0	0.0010455187903	0.00877558132781	0.00199907064996	9.68072953978e-06	3.38825533892e-05	1.45210943097e-05	0	4.84036476989e-06	4.84036476989e-06	0.00281709229608	0	0.000198454955565	4.84036476989e-06	0	0	0	0	0	0	0	0	3.38825533892e-05	0	4.84036476989e-05	0	0	0	1.45210943097e-05	0	0	0	0	0	4.84036476989e-06	0	0.000116168754477	9.19669306279e-05	0.000135530213557	0	0	0	0	0	0	9.68072953978e-06	0.000275900791884	0.00118588936862	0.00141338651281	0.000372708087281	4.84036476989e-06	2.90421886193e-05	3.38825533892e-05	1.45210943097e-05	3.87229181591e-05	1.45210943097e-05	4.84036476989e-06	4.84036476989e-06	4.84036476989e-06	1.45210943097e-05
0.00044047319406	0	0	0	0.00554705802629	0	0.00242986311448	0.00124881411063	0.000542120854228	9.19669306279e-05	0.00479680148696	0	0.00725086642529	0	0.00044047319406	3.38825533892e-05	2.42018238494e-05	0	0	0	0.016912234506	2.90421886193e-05	4.84036476989e-06	4.84036476989e-06	0.00374160196712	0	0	4.84036476989e-06	0.00374160196712	0.000193614590796	0.000106488024938	0	0	5.32440124688e-05	0.000111328389707	9.68072953978e-06	0	0	0	0.000363027357742	0	6.29247420086e-05	2.90421886193e-05	9.68072953978e-06	1.93614590796e-05	0.000275900791884	0	0.00044047319406	0	4.84036476989e-06	4.84036476989e-06	0	0	0	0	0.00105519951984	0	0	0	3.87229181591e-05	0	0	0	8.22862010881e-05	0	0	0	0	0	0	4.84036476989e-05	1.93614590796e-05	8.22862010881e-05	1.93614590796e-05	0.000125849484017	4.84036476989e-06	0	4.84036476989e-06	0	0	0	0	0	0
0.000687331797324	0.000280741156654	0.00224108888846	0	1.93614590796e-05	0	7.74458363182e-05	0.000909988576739	0.000140370578327	0.000353346628202	7.26054715483e-05	4.3563282929e-05	4.3563282929e-05	2.90421886193e-05	0.000174253131716	0	0.00333017096168	0.00152955526728	0	3.87229181591e-05	2.90421886193e-05	0.0382437220469	0.00173769095239	0.0216364305214	0.00127785629925	1.93614590796e-05	0.000280741156654	0.00133110031172	0.00662645936998	0.00103583806076	0.013504617708	0	0	0.000285581521423	0.00640864295533	9.68072953978e-06	2.90421886193e-05	4.84036476989e-06	0	0	0	0	1.45210943097e-05	0	0.000125849484017	0	0	9.68072953978e-06	0	0	0	4.3563282929e-05	0	0	0	4.84036476989e-06	9.68072953978e-06	0.000159732037406	3.87229181591e-05	6.29247420086e-05	0	0	2.42018238494e-05	3.38825533892e-05	0	2.42018238494e-05	0	0	0	1.93614590796e-05	0.00234273654863	0.0019458266375	0.00268156208252	0.00113264535615	0.000183933861256	0.000140370578327	1.93614590796e-05	0.000125849484017	4.84036476989e-05	4.84036476989e-06	9.68072953978e-06	4.84036476989e-06	4.84036476989e-06	0
0.000348506263432	0.00177641387055	0.000997115142597	0	1.45210943097e-05	4.84036476989e-06	3.38825533892e-05	0.000740575809793	9.19669306279e-05	0.00263799879959	3.38825533892e-05	9.68072953978e-06	1.45210943097e-05	1.93614590796e-05	9.68072953978e-05	4.84036476989e-06	0.00438537048152	0.000179093496486	0	1.45210943097e-05	4.84036476989e-06	0.00173769095239	0.0185821603516	0.00394005692269	0.00308815272319	4.84036476989e-06	8.7126565858e-05	0.00246858603264	0.00337857460938	0.000692172162094	0.00231369436001	0	0	0.000188774226026	0.00146179016051	3.87229181591e-05	0.000275900791884	7.74458363182e-05	0	4.84036476989e-06	0	0	0.000174253131716	4.84036476989e-06	0.000774458363182	4.84036476989e-06	0	1.45210943097e-05	0	9.68072953978e-06	0	0.000314623710043	2.90421886193e-05	0	0	1.45210943097e-05	0.000164572402176	0.00188290189549	0.000348506263432	0.0004501539236	0	0	0.000217816414645	0.000304942980503	1.45210943097e-05	0.000164572402176	0	0	9.68072953978e-06	0.000140370578327	0.00104067842553	0.00106003988461	0.000895467482429	0.000392069546361	7.74458363182e-05	5.32440124688e-05	2.42018238494e-05	8.7126565858e-05	0.000125849484017	0.000106488024938	1.93614590796e-05	1.93614590796e-05	9.68072953978e-06	0
0.000551801583767	0.00167476621038	0.0149034831265	0	1.45210943097e-05	0	6.77651067784e-05	0.000745416174563	0.000145210943097	0.000358186992972	5.80843772387e-05	0.000140370578327	3.87229181591e-05	0.000125849484017	0.000179093496486	0	0.00853840345408	0.00898855737768	9.68072953978e-06	0.00044047319406	4.84036476989e-06	0.0216364305214	0.00394005692269	0.0645220623826	0.00129237739356	6.77651067784e-05	0.00173285058762	0.00970493136363	0.0050000968073	0.000914828941509	0.00712501694128	0	4.84036476989e-06	0.000237177873725	0.00923057561618	4.84036476989e-06	0.00042111173498	5.80843772387e-05	0	0	0	0	2.42018238494e-05	0	0.000106488024938	0	4.84036476989e-06	0	0	0	0	0.000251698968034	2.42018238494e-05	0	0	0	1.45210943097e-05	0.000411431005441	0.000130689848787	5.32440124688e-05	9.68072953978e-06	1.93614590796e-05	0.000179093496486	4.84036476989e-05	0	3.38825533892e-05	0	0	0	5.80843772387e-05	0.00484520513466	0.00564386532169	0.00623438982362	0.00295262250963	0.000295262250963	0.000324304439583	7.26054715483e-05	0.000242018238494	6.77651067784e-05	6.29247420086e-05	9.68072953978e-06	1.45210943097e-05	0	0
0.00140854614804	2.90421886193e-05	8.7126565858e-05	0	0.00815601463726	0	0.000968072953978	0.00643284477918	0.000580843772387	0.00541152781274	0.00256055296327	4.84036476989e-06	0.00133110031172	4.84036476989e-06	0.000788979457492	5.80843772387e-05	0.00348990299909	2.42018238494e-05	0	0	0.00374160196712	0.00127785629925	0.00308815272319	0.00129237739356	0.0401798679548	0	1.45210943097e-05	7.26054715483e-05	0.0197002846134	0.00119557009816	0.00237177873725	0	0	0.000300102615733	0.000997115142597	9.68072953978e-06	0	0	0	1.45210943097e-05	0	0	0.000101647660168	4.84036476989e-06	0.000609885961006	2.42018238494e-05	0	3.38825533892e-05	0	1.45210943097e-05	0	5.80843772387e-05	0	0	0	1.93614590796e-05	1.45210943097e-05	0.000145210943097	1.45210943097e-05	0.000479196112219	0	0	4.84036476989e-06	0.000188774226026	4.84036476989e-06	3.87229181591e-05	0	0	9.68072953978e-06	2.42018238494e-05	0.000469515382679	0.000242018238494	0.000484036476989	0.000154891672636	0.000382388816821	2.42018238494e-05	4.84036476989e-06	2.90421886193e-05	1.45210943097e-05	9.68072953978e-06	9.68072953978e-06	1.93614590796e-05	0	0
4.84036476989e-06	0.000638928149625	0.000193614590796	0	0	0	4.84036476989e-06	0	0	0	0	0.00388197254545	0	0.00407558713625	0	0	4.84036476989e-06	0.000498557571299	0.000183933861256	0.0010455187903	0	1.93614590796e-05	4.84036476989e-06	6.77651067784e-05	0	0.0135965846386	0.0047580785688	0.00357702956495	0	1.93614590796e-05	9.68072953978e-06	4.84036476989e-06	0	0	0.000764777633642	0	0.000793819822262	5.80843772387e-05	0	0	0	0	0	0	0	0	0.000396909911131	0	0.000309783345273	4.84036476989e-06	0	0	5.32440124688e-05	5.32440124688e-05	0.000125849484017	0	0	0	2.42018238494e-05	0	0.00167960657515	0.000759937268873	0.000716373985944	0	4.84036476989e-06	4.84036476989e-06	0	0	0	0.000106488024938	5.80843772387e-05	0.000706693256404	0.000551801583767	8.22862010881e-05	0	1.93614590796e-05	8.22862010881e-05	4.84036476989e-06	0.000682491432554	0.000145210943097	1.93614590796e-05	0	0	0.000164572402176
9.68072953978e-06	0.00203779356812	0.0085045209007	0	0	0	4.84036476989e-06	9.68072953978e-06	1.45210943097e-05	0	0	0.0108520978141	0	0.0049032895119	1.93614590796e-05	0	3.38825533892e-05	0.00813665317818	0.00247342639741	0.00877558132781	0	0.000280741156654	8.7126565858e-05	0.00173285058762	1.45210943097e-05	0.0047580785688	0.0553108482255	0.0207990474162	2.90421886193e-05	5.32440124688e-05	0.000106488024938	0.000111328389707	4.84036476989e-06	4.84036476989e-06	0.00431276500997	0	0.00129237739356	0.000116168754477	0	0	0	0	0	0	0	0	0.000130689848787	0	0.000111328389707	0	0	4.84036476989e-06	7.26054715483e-05	9.68072953978e-06	7.74458363182e-05	0	0	1.45210943097e-05	2.42018238494e-05	0	0.000701852891634	0.000464675017909	0.000561482313307	0	0	0	0	0	0	7.26054715483e-05	0.000706693256404	0.00272996573022	0.00285581521423	0.000813181281341	1.45210943097e-05	6.77651067784e-05	5.32440124688e-05	3.87229181591e-05	0.000280741156654	7.74458363182e-05	4.84036476989e-06	9.68072953978e-06	4.84036476989e-06	3.87229181591e-05
3.87229181591e-05	0.00525179577533	0.0137708377703	0	4.84036476989e-06	4.84036476989e-06	1.45210943097e-05	5.32440124688e-05	1.93614590796e-05	4.84036476989e-05	4.84036476989e-06	0.00214428159306	0	0.00221204669984	1.45210943097e-05	4.84036476989e-06	0.00243954384402	0.00412883114872	0.000285581521423	0.00199907064996	4.84036476989e-06	0.00133110031172	0.00246858603264	0.00970493136363	7.26054715483e-05	0.00357702956495	0.0207990474162	0.0601124900773	0.000319464074813	0.000116168754477	0.000503397936068	2.90421886193e-05	0	1.93614590796e-05	0.0031026738175	0	0.00164088365699	0.000188774226026	0	0	0	0	4.84036476989e-06	0	1.93614590796e-05	0	7.74458363182e-05	0	4.84036476989e-05	0	0	6.77651067784e-05	7.26054715483e-05	4.84036476989e-06	5.32440124688e-05	0	3.38825533892e-05	0.000280741156654	0.000266220062344	4.84036476989e-06	0.000300102615733	0.000261379697574	0.000522759395148	1.45210943097e-05	0	2.90421886193e-05	0	0	0	0.000125849484017	0.00138434432419	0.00283161339039	0.00238145946679	0.000992274777827	3.87229181591e-05	0.000130689848787	3.38825533892e-05	5.80843772387e-05	0.000353346628202	0.000111328389707	2.42018238494e-05	4.84036476989e-06	4.84036476989e-06	1.45210943097e-05
0.00226529071231	4.84036476989e-05	0.000411431005441	0	0.00545993146043	0	0.00167960657515	0.0146856667118	0.00088094638812	0.00223140815892	0.00662161900521	9.68072953978e-06	0.00185385970687	1.45210943097e-05	0.0011084435323	3.87229181591e-05	0.00379000561482	0.000154891672636	0	9.68072953978e-06	0.00374160196712	0.00662645936998	0.00337857460938	0.0050000968073	0.0197002846134	0	2.90421886193e-05	0.000319464074813	0.0551704776472	0.00196518809657	0.00822862010881	0	4.84036476989e-06	0.000464675017909	0.00223624852369	1.45210943097e-05	0	0	0	4.84036476989e-06	0	4.84036476989e-06	0.000111328389707	4.84036476989e-06	0.000571163042847	4.84036476989e-06	0	1.93614590796e-05	0	9.68072953978e-06	0	9.19669306279e-05	0	0	0	9.68072953978e-06	1.93614590796e-05	0.000232337508955	4.84036476989e-06	0.00041627137021	0	0	4.84036476989e-06	0.000159732037406	4.84036476989e-06	4.3563282929e-05	0	0	0	3.87229181591e-05	0.00132625994695	0.000798660187032	0.00117620863908	0.00043079246452	0.000295262250963	8.7126565858e-05	1.93614590796e-05	4.3563282929e-05	1.93614590796e-05	1.93614590796e-05	1.45210943097e-05	1.93614590796e-05	4.84036476989e-06	0
0.008456117253	1.93614590796e-05	0.000212976049875	0	0.000111328389707	0.000546961218997	0.00197486882611	0.00269608317683	0.00531472051734	0.000508238300838	0.000498557571299	0.000208135685105	0.000377548452051	0.000300102615733	0.0133255242115	0.000116168754477	0.000353346628202	0.000101647660168	0	3.38825533892e-05	0.000193614590796	0.00103583806076	0.000692172162094	0.000914828941509	0.00119557009816	1.93614590796e-05	5.32440124688e-05	0.000116168754477	0.00196518809657	0.0398023195028	0.00803984588279	0	0.0013020581231	0.00574067261709	0.0099179074135	4.84036476989e-06	9.68072953978e-06	0	0	0	0	0	9.68072953978e-06	0	0.000130689848787	0	0	4.84036476989e-06	0	0	0	1.45210943097e-05	0	0	0	0	0	4.84036476989e-05	4.84036476989e-06	8.7126565858e-05	4.84036476989e-06	0	0	3.38825533892e-05	0	9.68072953978e-06	0	0	0	9.68072953978e-06	0.00267672171775	0.000580843772387	0.00394489728746	0.0011084435323	0.00150535344344	0.000939030765358	3.87229181591e-05	1.93614590796e-05	1.93614590796e-05	4.84036476989e-06	9.68072953978e-06	4.84036476989e-06	0	0
0.00441925303491	0.000140370578327	0.00089062711766	0	5.32440124688e-05	0	0.000217816414645	0.00665066119383	0.000624407055316	0.000997115142597	0.000300102615733	1.45210943097e-05	0.000121009119247	3.38825533892e-05	0.00103583806076	1.93614590796e-05	0.00175705241147	0.00043563282929	0	1.45210943097e-05	0.000106488024938	0.013504617708	0.00231369436001	0.00712501694128	0.00237177873725	9.68072953978e-06	0.000106488024938	0.000503397936068	0.00822862010881	0.00803984588279	0.0375370287905	0	0	0.00126333520494	0.00674746848923	1.45210943097e-05	2.90421886193e-05	9.68072953978e-06	0	0	0	0	3.38825533892e-05	0	0.000343665898662	0	0	9.68072953978e-06	0	0	0	5.32440124688e-05	0	0	0	4.84036476989e-06	9.68072953978e-06	0.000212976049875	3.87229181591e-05	0.000212976049875	4.84036476989e-06	0	9.68072953978e-06	9.68072953978e-05	4.84036476989e-06	2.90421886193e-05	0	0	9.68072953978e-06	1.93614590796e-05	0.00277352901315	0.00142306724235	0.00251698968034	0.00102615733122	0.000367867722512	0.000150051307867	2.42018238494e-05	7.26054715483e-05	3.38825533892e-05	1.45210943097e-05	4.84036476989e-06	4.84036476989e-06	4.84036476989e-06	0
0	0	0	0	0	0	0	0	0	0	0	3.38825533892e-05	0	1.45210943097e-05	0	0	0	0	4.84036476989e-06	0	0	0	0	0	0	4.84036476989e-06	0.000111328389707	2.90421886193e-05	0	0	0	0.000111328389707	0	0	0	0	0	0	0	0	0	0	0	0	0	0	0	0	0	0	0	0	0	0	0	0	0	0	0	0	0	0	0	0	0	0	0	0	0	0	4.84036476989e-06	0	4.84036476989e-06	0	0	0	0	0	0	0	0	0	0	0
9.68072953978e-06	0	4.84036476989e-06	0	0	0.00247826676218	0.00192646517842	0	0.00275416755407	0	4.84036476989e-06	1.45210943097e-05	0	2.90421886193e-05	0.00191194408411	5.80843772387e-05	0	4.84036476989e-06	0	4.84036476989e-06	0	0	0	4.84036476989e-06	0	0	4.84036476989e-06	0	4.84036476989e-06	0.0013020581231	0	0	0.00571647079324	4.84036476989e-06	0.00088578675289	0	0	0	0	0	0	0	0	0	0	0	0	0	0	0	0	0	0	0	0	0	0	0	0	0	0	0	0	0	0	0	0	0	0	0	1.45210943097e-05	9.68072953978e-06	0.000150051307867	2.90421886193e-05	0.000111328389707	0.000692172162094	4.84036476989e-06	0	0	0	0	0	0	0
0.00162152219791	0	7.26054715483e-05	0	2.42018238494e-05	4.84036476989e-06	0.000208135685105	0.000653449243935	0.000367867722512	0.000174253131716	0.000145210943097	1.45210943097e-05	0.000121009119247	4.84036476989e-06	0.000808340916571	1.45210943097e-05	9.19669306279e-05	4.3563282929e-05	0	4.84036476989e-06	5.32440124688e-05	0.000285581521423	0.000188774226026	0.000237177873725	0.000300102615733	0	4.84036476989e-06	1.93614590796e-05	0.000464675017909	0.00574067261709	0.00126333520494	0	4.84036476989e-06	0.00682491432554	0.00311235454704	0	0	0	0	0	0	0	0	0	2.90421886193e-05	0	0	0	0	0	0	0	0	0	0	0	0	4.84036476989e-06	0	2.42018238494e-05	4.84036476989e-06	0	0	4.84036476989e-06	0	0	0	0	0	0	0.00106972061415	0.000203295320335	0.00132625994695	0.00042111173498	0.000242018238494	6.77651067784e-05	1.93614590796e-05	1.93614590796e-05	0	0	0	4.84036476989e-06	0	0
0.0020571550272	0.000721214350713	0.00429340355089	0	2.90421886193e-05	0.000716373985944	0.00140854614804	0.00122945265155	0.00301070688687	0.000469515382679	0.000353346628202	0.00590040465449	0.000232337508955	0.00172801022285	0.00446765668261	9.19669306279e-05	0.00136014250034	0.00524695541056	0.000164572402176	0.00281709229608	0.000111328389707	0.00640864295533	0.00146179016051	0.00923057561618	0.000997115142597	0.000764777633642	0.00431276500997	0.0031026738175	0.00223624852369	0.0099179074135	0.00674746848923	0	0.00088578675289	0.00311235454704	0.0527406145327	1.45210943097e-05	0.000246858603264	3.38825533892e-05	0	0	0	0	1.45210943097e-05	0	0.000101647660168	4.84036476989e-06	1.93614590796e-05	4.84036476989e-06	2.42018238494e-05	0	0	2.42018238494e-05	9.68072953978e-06	0	1.45210943097e-05	0	9.68072953978e-06	0.000169412766946	2.42018238494e-05	7.74458363182e-05	9.19669306279e-05	8.22862010881e-05	0.000116168754477	5.32440124688e-05	9.68072953978e-06	9.68072953978e-06	0	0	9.68072953978e-06	7.74458363182e-05	0.00886270789367	0.0068636372437	0.0221156266336	0.00676198958354	0.00166508548084	0.00176673314101	0.000309783345273	0.000343665898662	7.74458363182e-05	8.7126565858e-05	5.32440124688e-05	1.45210943097e-05	4.84036476989e-06	9.68072953978e-06
4.84036476989e-06	0	0	0	4.84036476989e-06	0	0	1.45210943097e-05	4.84036476989e-06	4.84036476989e-05	0	0	1.45210943097e-05	0	0	0	0	0	0	0	9.68072953978e-06	9.68072953978e-06	3.87229181591e-05	4.84036476989e-06	9.68072953978e-06	0	0	0	1.45210943097e-05	4.84036476989e-06	1.45210943097e-05	0	0	0	1.45210943097e-05	0.0159683633759	4.84036476989e-06	2.42018238494e-05	0	0.000121009119247	1.45210943097e-05	0.00107940134369	0.00566322678077	0.00203779356812	0.000348506263432	0.0014956727139	9.68072953978e-06	0.00103583806076	0	0.00620050727023	8.22862010881e-05	0.000188774226026	1.45210943097e-05	0	4.84036476989e-06	0.0004501539236	0.000251698968034	0.000242018238494	0.000242018238494	0.00112296462661	0	0	4.3563282929e-05	0.0018490193421	0.00508238300838	0.00134078104126	0	4.84036476989e-06	0.000813181281341	0.00137466359465	1.93614590796e-05	0	9.68072953978e-06	1.45210943097e-05	9.68072953978e-06	0	0	0.0010455187903	0.000198454955565	0.00107456097892	0.000295262250963	0.000740575809793	0.000106488024938	0
0	0.00259443551666	0.00085674456427	0	0	0	0	4.84036476989e-06	0	0	0	0.000203295320335	0	5.80843772387e-05	0	0	2.90421886193e-05	0.000479196112219	1.93614590796e-05	0.000198454955565	0	2.90421886193e-05	0.000275900791884	0.00042111173498	0	0.000793819822262	0.00129237739356	0.00164088365699	0	9.68072953978e-06	2.90421886193e-05	0	0	0	0.000246858603264	4.84036476989e-06	0.0156198571124	0.00226529071231	0	0	0	0	1.45210943097e-05	0	2.90421886193e-05	4.84036476989e-06	0.000203295320335	0	5.32440124688e-05	0	0	0.000382388816821	0.00105519951984	4.84036476989e-05	0.000513078665608	0	0.000217816414645	0.00163120292745	0.00208619721582	1.45210943097e-05	0.00159248000929	0.00244438420879	0.00729442970822	1.93614590796e-05	0	9.68072953978e-05	0	0	4.84036476989e-06	0.00124881411063	9.19669306279e-05	0.000363027357742	0.000198454955565	8.22862010881e-05	4.84036476989e-06	4.84036476989e-06	4.84036476989e-06	0.000392069546361	0.00212492013398	0.00085674456427	0.000212976049875	2.42018238494e-05	1.93614590796e-05	3.38825533892e-05
0	0.000392069546361	0.000111328389707	0	0	0	0	0	0	0	0	1.45210943097e-05	0	9.68072953978e-06	0	0	0	6.29247420086e-05	0	4.84036476989e-06	0	4.84036476989e-06	7.74458363182e-05	5.80843772387e-05	0	5.80843772387e-05	0.000116168754477	0.000188774226026	0	0	9.68072953978e-06	0	0	0	3.38825533892e-05	2.42018238494e-05	0.00226529071231	0.0236548626304	0	0	0	4.84036476989e-06	5.80843772387e-05	0	4.3563282929e-05	0	1.45210943097e-05	4.84036476989e-06	0	0	9.68072953978e-06	0.000614726325776	0.00207167612151	9.68072953978e-06	0.000217816414645	0	0.000827702375651	0.000745416174563	0.0106826850471	3.38825533892e-05	3.87229181591e-05	0.00330596913783	0.0100147147089	0.000130689848787	1.45210943097e-05	0.000488876841759	0	0	9.68072953978e-06	0.00203295320335	1.45210943097e-05	3.87229181591e-05	2.42018238494e-05	1.93614590796e-05	4.84036476989e-06	0	0	0.000808340916571	0.00258475478712	0.00124881411063	0.00042595209975	4.3563282929e-05	9.68072953978e-06	4.84036476989e-06
0	0	0	0	0	0	0	0	0	0	0	0	0	0	0	0	0	0	0	0	0	0	0	0	0	0	0	0	0	0	0	0	0	0	0	0	0	0	0	0	0	0	0	0	0	0	0	0	0	0	0	0	0	0	0	0	0	0	0	0	0	0	0	0	0	0	0	0	0	0	0	0	0	0	0	0	0	0	0	0	0	0	0	0
0	0	0	0	0.00198938992042	0	0	9.68072953978e-06	0	3.38825533892e-05	0.000125849484017	0	3.38825533892e-05	0	0	0	0	0	0	0	0.000363027357742	0	4.84036476989e-06	0	1.45210943097e-05	0	0	0	4.84036476989e-06	0	0	0	0	0	0	0.000121009119247	0	0	0	0.0172220178513	0	0.000396909911131	0.00116168754477	6.77651067784e-05	0.000188774226026	0.00428372282135	0	0.00127785629925	0	0.000106488024938	9.68072953978e-06	0	0	0	0	0.00983562121241	9.68072953978e-06	1.45210943097e-05	9.68072953978e-06	0.0040997889601	0	0	0	0.00517434993901	5.32440124688e-05	6.29247420086e-05	0	0	3.38825533892e-05	1.93614590796e-05	0	0	0	0	0	0	0	4.84036476989e-05	9.68072953978e-06	2.42018238494e-05	4.84036476989e-06	3.87229181591e-05	4.84036476989e-06	0
0	0	0	0	0	0	0	0	0	0	0	0	0	0	0	0	0	0	0	0	0	0	0	0	0	0	0	0	0	0	0	0	0	0	0	1.45210943097e-05	0	0	0	0	0.00485004549943	0.00199423028519	4.84036476989e-06	0.000963232589208	0	4.84036476989e-06	0	0	0	0.000169412766946	0.000745416174563	0	0	0	0	0	0	0	0	0	0	0	0	0	0.000159732037406	0	0	0.00127301593448	4.84036476989e-06	0.000377548452051	0	0	0	0	0	0	0	1.45210943097e-05	4.84036476989e-06	0.000140370578327	1.45210943097e-05	0.00123429301632	0.00114716645046	0
0	0	0	0	1.45210943097e-05	0	0	4.84036476989e-06	0	4.84036476989e-06	1.45210943097e-05	0	2.42018238494e-05	4.84036476989e-06	0	0	0	0	0	0	6.29247420086e-05	0	0	0	0	0	0	0	4.84036476989e-06	0	0	0	0	0	0	0.00107940134369	0	4.84036476989e-06	0	0.000396909911131	0.00199423028519	0.0344391953378	0.00257023369281	0.00788011384538	0.000116168754477	0.0127204786153	2.90421886193e-05	0.00626827237701	0	0.00402718348855	0.00292842068578	3.38825533892e-05	0	0	0	0.00248310712695	1.45210943097e-05	1.93614590796e-05	2.90421886193e-05	0.000542120854228	0	4.84036476989e-06	4.84036476989e-06	0.00192162481365	0.00183933861256	0.000135530213557	0	0.00108424170846	6.29247420086e-05	0.00114716645046	0	0	0	0	0	0	0	0.000309783345273	5.32440124688e-05	0.000987434413057	0.000179093496486	0.0034560204457	0.000968072953978	9.68072953978e-06
2.42018238494e-05	4.84036476989e-06	0	0	5.80843772387e-05	0	4.84036476989e-06	6.77651067784e-05	9.68072953978e-06	0.000242018238494	1.93614590796e-05	0	1.45210943097e-05	0	0	0	3.38825533892e-05	0	0	0	2.90421886193e-05	1.45210943097e-05	0.000174253131716	2.42018238494e-05	0.000101647660168	0	0	4.84036476989e-06	0.000111328389707	9.68072953978e-06	3.38825533892e-05	0	0	0	1.45210943097e-05	0.00566322678077	1.45210943097e-05	5.80843772387e-05	0	0.00116168754477	4.84036476989e-06	0.00257023369281	0.0487860365157	0.00158279927975	0.00164088365699	0.00881430424597	4.84036476989e-06	0.0025557125985	0	0.00411431005441	9.68072953978e-05	0.00100195550737	3.38825533892e-05	0	4.84036476989e-06	0.00268640244729	0.00151503417298	0.000929350035819	0.00131657921741	0.00821893937927	0	9.68072953978e-06	8.22862010881e-05	0.0222947201301	0.00142790760712	0.00706693256404	0	9.68072953978e-06	0.00041627137021	0.00166508548084	4.3563282929e-05	0	1.45210943097e-05	4.84036476989e-06	1.93614590796e-05	0	0	0.00123429301632	0.000498557571299	0.000934190400589	0.000314623710043	0.000542120854228	6.29247420086e-05	4.84036476989e-06
0	0	0	0	0	0	0	0	0	0	0	0	4.84036476989e-06	4.84036476989e-06	0	0	4.84036476989e-06	0	0	0	9.68072953978e-06	0	4.84036476989e-06	0	4.84036476989e-06	0	0	0	4.84036476989e-06	0	0	0	0	0	0	0.00203779356812	0	0	0	6.77651067784e-05	0.000963232589208	0.00788011384538	0.00158279927975	0.0241292183779	5.80843772387e-05	0.00264767952913	2.42018238494e-05	0.000784139092722	4.84036476989e-06	0.0102567329474	0.000479196112219	3.38825533892e-05	0	4.84036476989e-06	4.84036476989e-06	0.000295262250963	6.77651067784e-05	1.93614590796e-05	5.32440124688e-05	0.000329144804352	4.84036476989e-06	4.84036476989e-06	1.45210943097e-05	0.000590524501926	0.00344149935139	0.000154891672636	0	0.00141338651281	0.000111328389707	0.00178609460009	4.84036476989e-06	0	4.84036476989e-06	4.84036476989e-06	0	0	0	0.000367867722512	8.22862010881e-05	0.00131657921741	0.000246858603264	0.00209587794536	0.000924509671049	9.68072953978e-06
