0.0252627099382	0.000149912712114	0.00128151189388	0	0.000149912712114	1.93435757567e-05	0.000512604757552	0.00979268522683	0.00826454274205	0.00088013269693	0.000962342893896	0.00023695880302	0.000178928075749	3.86871515134e-05	0.0153201119993	1.93435757567e-05	0.000130569136358	0.000657681575728	1.45076818175e-05	0.000135405030297	0.000169256287871	0.00265006987867	0.000507768863613	0.00369945886347	0.00213746512111	5.80307272701e-05	0.000396543303012	0.000648009787849	0.00445869421192	0.0114320532722	0.0106292948783	0	8.70460909051e-05	0.0014942912272	0.00261621862109	8.70460909051e-05	0.000154748606054	7.73743030268e-05	0	7.25384090876e-05	0	9.67178787835e-06	0.000217615227263	2.9015363635e-05	0.000735055878754	5.80307272701e-05	4.83589393917e-06	2.9015363635e-05	4.83589393917e-06	7.73743030268e-05	0	6.28666212093e-05	3.38512575742e-05	4.83589393917e-06	4.83589393917e-06	5.31948333309e-05	5.31948333309e-05	0.000222451121202	0.000154748606054	0.000667353363606	9.67178787835e-06	3.38512575742e-05	7.25384090876e-05	0.000536784227248	4.35230454526e-05	7.73743030268e-05	0	0	0	7.25384090876e-05	0.000981686469652	0.000372363833316	0.00173125003022	0.000618994424214	0.00017409218181	9.18819848443e-05	1.45076818175e-05	8.70460909051e-05	3.86871515134e-05	8.2210196966e-05	9.67178787835e-06	9.67178787835e-06	4.83589393917e-06	4.83589393917e-06
0.000149912712114	0.018845478681	0.00456508387858	0	4.83589393917e-06	0	0	7.73743030268e-05	4.83589393917e-05	0.00100103004541	4.83589393917e-06	9.67178787835e-05	9.67178787835e-06	8.2210196966e-05	0.000135405030297	1.93435757567e-05	0.000531948333309	0.00158133731811	9.67178787835e-06	0.000203107545445	4.83589393917e-06	0.000425558666647	0.0038396997877	0.0023695880302	0.00070120462118	0.00121380937873	0.00332225913621	0.0107405204389	0.000217615227263	0.000145076818175	0.000280481848472	0	0	1.93435757567e-05	0.000599650848458	1.93435757567e-05	0.0084434708178	0.00353503846954	0	9.67178787835e-06	0	9.67178787835e-06	1.45076818175e-05	9.67178787835e-06	7.25384090876e-05	2.41794696959e-05	1.45076818175e-05	4.83589393917e-06	1.93435757567e-05	2.9015363635e-05	0	7.73743030268e-05	0.0010493889848	0	0.000120897348479	4.83589393917e-06	9.18819848443e-05	0.000256302378776	0.00266941345442	6.77025151484e-05	6.28666212093e-05	0.00119446580298	0.00442000706041	7.25384090876e-05	2.9015363635e-05	7.25384090876e-05	0	0	4.83589393917e-06	0.000604486742397	0.00082210196966	0.0004690817121	0.000551291909066	0.000367527939377	0.000125733242419	9.67178787835e-06	4.83589393917e-06	0.000435230454526	0.000633502106032	0.000396543303012	5.80307272701e-05	9.67178787835e-06	4.83589393917e-06	1.93435757567e-05
0.00128151189388	0.00456508387858	0.0415741801951	0	9.67178787835e-06	0	2.9015363635e-05	0.000710876409059	0.000536784227248	8.70460909051e-05	4.35230454526e-05	0.000140240924236	2.41794696959e-05	5.80307272701e-05	0.0010252095151	0	0.00029498953029	0.0100489876056	1.45076818175e-05	0.00041105098483	1.45076818175e-05	0.00247114180292	0.000991358257531	0.0196047140294	0.000261138272715	0.000101553772723	0.00917852669655	0.0195321756203	0.00117028633328	0.00075923534845	0.00250499306049	0	0	8.2210196966e-05	0.00241311107565	3.38512575742e-05	0.00460860692403	0.00328840787864	0	4.83589393917e-06	0	9.67178787835e-06	4.35230454526e-05	2.41794696959e-05	8.2210196966e-05	3.38512575742e-05	1.93435757567e-05	1.93435757567e-05	0	4.83589393917e-05	0	0.000270810060594	0.00120413759085	9.67178787835e-06	0.000106389666662	1.45076818175e-05	0.000149912712114	0.000773743030268	0.00266941345442	8.70460909051e-05	1.45076818175e-05	0.00099619415147	0.00296440298471	0.000169256287871	4.35230454526e-05	0.000101553772723	0	0	0	0.000725384090876	0.0036414281362	0.00247597769686	0.00267424934836	0.00147494765145	7.25384090876e-05	8.70460909051e-05	4.35230454526e-05	0.000594814954518	0.00106873256056	0.000464245818161	8.2210196966e-05	9.67178787835e-06	0	0
0	0	0	0	0	0	0	0	0	0	0	0	0	0	0	0	0	0	0	0	0	0	0	0	0	0	0	0	0	0	0	0	0	0	0	0	0	0	0	0	0	0	0	0	0	0	0	0	0	0	0	0	0	0	0	0	0	0	0	0	0	0	0	0	0	0	0	0	0	0	0	0	0	0	0	0	0	0	0	0	0	0	0	0
0.000149912712114	4.83589393917e-06	9.67178787835e-06	0	0.0191839912567	4.83589393917e-06	0.00100586593935	0.00125249653025	0.00102037362117	0.000744727666633	0.00421206362102	7.25384090876e-05	0.00121864527267	2.9015363635e-05	0.000836609651477	3.38512575742e-05	4.83589393917e-06	0	4.83589393917e-06	1.93435757567e-05	0.00575471378762	1.45076818175e-05	1.93435757567e-05	2.41794696959e-05	0.0100489876056	1.45076818175e-05	4.35230454526e-05	9.67178787835e-06	0.00771808672692	0.000594814954518	5.80307272701e-05	0	2.41794696959e-05	0.00017409218181	0.000773743030268	0.000145076818175	4.83589393917e-06	0	0	0.00378650495437	4.83589393917e-06	0.000159584499993	0.000203107545445	9.67178787835e-05	0.00103004540904	0.000720548196937	1.45076818175e-05	0.000556127803005	9.67178787835e-06	0.000280481848472	2.41794696959e-05	0	4.83589393917e-06	9.67178787835e-06	9.67178787835e-06	0.00283383384836	0	0	9.67178787835e-06	0.00136372209085	4.83589393917e-06	1.93435757567e-05	1.45076818175e-05	0.000715712302998	0.000265974166655	1.93435757567e-05	0	4.83589393917e-06	4.83589393917e-06	0.000159584499993	0.000222451121202	1.93435757567e-05	0.000522276545431	0.000130569136358	0.000198271651506	4.83589393917e-05	1.45076818175e-05	0.000120897348479	2.9015363635e-05	0.000241794696959	4.83589393917e-06	4.35230454526e-05	1.45076818175e-05	0
1.93435757567e-05	0	0	0	4.83589393917e-06	0.00627699033305	0.00293538762108	4.83589393917e-05	0.00129118368176	3.86871515134e-05	8.70460909051e-05	6.77025151484e-05	9.18819848443e-05	5.31948333309e-05	0.000657681575728	0.00186181916658	0	4.83589393917e-06	0	4.83589393917e-06	1.45076818175e-05	0	0	9.67178787835e-06	2.41794696959e-05	1.45076818175e-05	2.41794696959e-05	0	1.93435757567e-05	0.000285317742411	0	0	0.00265490577261	0	0.000628666212093	0	4.83589393917e-06	0	0	0	0	4.83589393917e-06	0	4.83589393917e-06	1.45076818175e-05	0	0	4.83589393917e-06	4.83589393917e-06	0	0	0	0	0	0	0	4.83589393917e-06	0	4.83589393917e-06	0	9.67178787835e-06	4.83589393917e-06	4.83589393917e-06	0	0	0	0	0	0	0	0.000183763969689	4.83589393917e-06	0.000203107545445	7.73743030268e-05	0.00158133731811	0.00115577865146	4.83589393917e-06	4.83589393917e-06	0	9.67178787835e-06	9.67178787835e-06	4.83589393917e-06	1.45076818175e-05	0
0.000512604757552	0	2.9015363635e-05	0	0.00100586593935	0.00293538762108	0.0417966313163	0.00194402936355	0.0137871336206	0.000178928075749	0.0183473816052	0.000652845681789	0.0103488130298	0.000372363833316	0.00710876409059	0.00298858245441	4.83589393917e-06	0.000101553772723	3.86871515134e-05	0.000183763969689	0.00304661318168	9.67178787835e-05	1.45076818175e-05	0.000125733242419	0.00108807613631	7.25384090876e-05	0.000319168999985	5.31948333309e-05	0.00219065995445	0.00301759781804	0.000149912712114	0	0.00267424934836	9.18819848443e-05	0.00332709503015	2.9015363635e-05	1.93435757567e-05	4.83589393917e-06	0	5.80307272701e-05	0	4.83589393917e-06	1.45076818175e-05	0	0.000154748606054	2.41794696959e-05	4.83589393917e-06	1.45076818175e-05	9.67178787835e-06	1.93435757567e-05	0	0	0	0	0	6.28666212093e-05	4.83589393917e-06	0	4.83589393917e-06	0.000203107545445	1.45076818175e-05	1.93435757567e-05	0	5.80307272701e-05	1.45076818175e-05	1.45076818175e-05	0	0	0	9.67178787835e-06	0.00070120462118	0.000145076818175	0.00163936804538	0.000498097075735	0.00366560760589	0.000720548196937	3.38512575742e-05	1.45076818175e-05	4.83589393917e-06	9.67178787835e-06	9.67178787835e-06	0	0	9.67178787835e-06
0.00979268522683	7.73743030268e-05	0.000710876409059	0	0.00125249653025	4.83589393917e-05	0.00194402936355	0.0469758737251	0.00953638284805	0.00225352657566	0.00869493730264	0.000275645954533	0.000338512575742	0.000120897348479	0.0115722941964	0.00011606145454	5.31948333309e-05	0.00023695880302	0	8.70460909051e-05	0.00058514316664	0.00229704962111	0.000382035621195	0.00253884431807	0.00704589746938	3.86871515134e-05	0.000227287015141	0.000343348469681	0.0210361386354	0.00514055525734	0.0077519379845	0	0.000140240924236	0.00180862433325	0.00362208456044	0.000188599863628	7.73743030268e-05	3.86871515134e-05	0	0.000594814954518	0	3.86871515134e-05	0.000677025151484	0.00011606145454	0.00264523398473	0.000212779333324	0	0.000101553772723	0	0.000198271651506	9.67178787835e-06	4.83589393917e-05	3.86871515134e-05	0	9.67178787835e-06	0.000435230454526	5.31948333309e-05	0.000154748606054	0.000120897348479	0.00298374656047	4.83589393917e-06	4.35230454526e-05	5.31948333309e-05	0.00158133731811	0.000145076818175	0.000106389666662	0	4.83589393917e-06	1.45076818175e-05	0.000120897348479	0.00135888619691	0.000217615227263	0.002703264712	0.000855953227234	0.000614158530275	0.000241794696959	2.41794696959e-05	0.000241794696959	5.31948333309e-05	0.000140240924236	3.38512575742e-05	3.38512575742e-05	4.83589393917e-06	4.83589393917e-06
0.00826454274205	4.83589393917e-05	0.000536784227248	0	0.00102037362117	0.00129118368176	0.0137871336206	0.00953638284805	0.0502546098159	0.000677025151484	0.013438949257	0.000962342893896	0.00358823330287	0.000677025151484	0.0290830661502	0.000551291909066	9.18819848443e-05	0.000309497212107	5.31948333309e-05	0.000251466484837	0.00183280380295	0.00125733242419	0.000212779333324	0.00156682963629	0.00235508034838	0.000125733242419	0.000512604757552	0.000299825424229	0.00552742677248	0.00666386184818	0.00331742324227	0	0.00376232548468	0.000372363833316	0.0050244938028	7.25384090876e-05	7.73743030268e-05	3.38512575742e-05	0	0.000135405030297	0	1.93435757567e-05	0.000145076818175	2.41794696959e-05	0.00064317389391	5.31948333309e-05	4.83589393917e-06	3.38512575742e-05	2.9015363635e-05	6.77025151484e-05	0	1.45076818175e-05	4.83589393917e-06	0	4.83589393917e-06	9.67178787835e-05	2.9015363635e-05	7.73743030268e-05	8.70460909051e-05	0.000720548196937	2.41794696959e-05	1.93435757567e-05	4.83589393917e-05	0.000435230454526	3.86871515134e-05	2.9015363635e-05	0	0	4.83589393917e-06	5.31948333309e-05	0.00189083453022	0.000314333106046	0.00329324377258	0.00111225560601	0.00209394207566	0.00139273745448	6.28666212093e-05	6.28666212093e-05	4.83589393917e-05	6.77025151484e-05	3.38512575742e-05	4.83589393917e-06	0	4.83589393917e-06
0.00088013269693	0.00100103004541	8.70460909051e-05	0	0.000744727666633	3.86871515134e-05	0.000178928075749	0.00225352657566	0.000677025151484	0.0195321756203	0.000324004893925	4.35230454526e-05	0.000498097075735	2.9015363635e-05	0.000870460909051	0.000580307272701	0.000159584499993	5.80307272701e-05	4.83589393917e-06	1.45076818175e-05	0.000261138272715	0.000309497212107	0.00360757687862	0.0004690817121	0.00897541915111	0.000159584499993	0.000159584499993	0.000401379196951	0.00378166906043	0.00141691692418	0.00151363480296	0	2.41794696959e-05	0.000396543303012	0.000942999318139	0.000425558666647	3.86871515134e-05	3.38512575742e-05	0	0.000565799590883	0	6.77025151484e-05	0.000909148060565	0.00017409218181	0.00604970331791	0.000270810060594	4.83589393917e-06	0.000111225560601	0	0.000357856151499	3.38512575742e-05	7.25384090876e-05	1.93435757567e-05	4.83589393917e-06	1.45076818175e-05	0.000512604757552	4.83589393917e-05	0.000251466484837	0.000130569136358	0.00411534574224	4.83589393917e-06	1.45076818175e-05	4.35230454526e-05	0.00225352657566	0.00029015363635	0.00023212290908	0	0	5.31948333309e-05	0.00023212290908	0.000754399454511	0.000120897348479	0.000826937863599	0.000309497212107	0.00210361386354	2.9015363635e-05	1.45076818175e-05	0.000435230454526	6.77025151484e-05	0.000246630590898	5.80307272701e-05	7.25384090876e-05	0	0
0.000962342893896	4.83589393917e-06	4.35230454526e-05	0	0.00421206362102	8.70460909051e-05	0.0183473816052	0.00869493730264	0.013438949257	0.000324004893925	0.050409358422	0.000667353363606	0.00709909230271	0.000251466484837	0.00790185069661	0.000227287015141	9.67178787835e-06	0.000135405030297	2.9015363635e-05	0.000207943439384	0.00546939604521	0.000101553772723	2.41794696959e-05	0.000178928075749	0.00389773051497	8.2210196966e-05	0.000304661318168	6.77025151484e-05	0.0113063200298	0.00379617674225	0.000261138272715	0	0.000275645954533	0.000614158530275	0.00447320189374	7.25384090876e-05	3.38512575742e-05	9.67178787835e-06	0	0.0004690817121	0	0.000120897348479	0.00011606145454	0.00011606145454	0.000502932969674	0.0009381634242	4.83589393917e-06	0.000488425287857	4.83589393917e-06	0.000159584499993	0	0	4.83589393917e-06	0	4.83589393917e-06	0.00114127096965	9.67178787835e-06	9.67178787835e-06	2.41794696959e-05	0.000599650848458	2.41794696959e-05	3.86871515134e-05	1.45076818175e-05	0.000372363833316	0.00011606145454	9.67178787835e-06	0	0	0	6.28666212093e-05	0.000918819848443	0.000159584499993	0.00269842881806	0.000677025151484	0.000841445545416	0.000338512575742	1.93435757567e-05	5.80307272701e-05	9.67178787835e-06	0.000106389666662	0	9.67178787835e-06	1.45076818175e-05	9.67178787835e-06
0.00023695880302	9.67178787835e-05	0.000140240924236	0	7.25384090876e-05	6.77025151484e-05	0.000652845681789	0.000275645954533	0.000962342893896	4.35230454526e-05	0.000667353363606	0.0340882163772	0.000672189257545	0.0103294694541	0.00243729054534	9.67178787835e-06	4.83589393917e-05	0.000870460909051	0.00324972072713	0.0053581704846	0.000328840787864	0.000145076818175	4.83589393917e-05	0.000309497212107	0.000140240924236	0.00476819142403	0.0121912886207	0.00178928075749	0.000275645954533	0.00352536668166	0.000149912712114	9.67178787835e-05	0.000212779333324	0.000111225560601	0.0113063200298	4.83589393917e-06	0.000149912712114	2.9015363635e-05	0	1.45076818175e-05	0	9.67178787835e-06	2.41794696959e-05	0	4.35230454526e-05	9.67178787835e-06	0.000812430181781	1.45076818175e-05	0.00110258381813	1.45076818175e-05	0	0	3.38512575742e-05	0.000299825424229	0.000265974166655	9.67178787835e-06	4.83589393917e-06	1.45076818175e-05	4.83589393917e-05	3.86871515134e-05	0.00114610686358	0.00111225560601	0.00058514316664	3.38512575742e-05	2.9015363635e-05	9.67178787835e-06	4.35230454526e-05	4.83589393917e-06	0	0.000149912712114	0.00178928075749	0.00237925981807	0.00490359645432	0.00156199374235	0.000169256287871	0.000120897348479	0.000241794696959	0.000217615227263	0.00110741971207	0.000149912712114	1.45076818175e-05	0	4.83589393917e-06	0.00023695880302
0.000178928075749	9.67178787835e-06	2.41794696959e-05	0	0.00121864527267	9.18819848443e-05	0.0103488130298	0.000338512575742	0.00358823330287	0.000498097075735	0.00709909230271	0.000672189257545	0.0272405905594	0.000285317742411	0.00343832059075	0.00149912712114	9.67178787835e-06	0.000120897348479	3.86871515134e-05	0.00023212290908	0.00862239889355	6.77025151484e-05	3.86871515134e-05	6.28666212093e-05	0.00100586593935	8.70460909051e-05	0.000343348469681	7.73743030268e-05	0.00104455309086	0.00268875703018	0.000106389666662	0	0.000207943439384	0.00011606145454	0.00342864880287	6.28666212093e-05	1.93435757567e-05	0	0	0.000149912712114	0	0.000265974166655	2.9015363635e-05	0.000135405030297	0.000203107545445	0.000488425287857	9.67178787835e-06	0.00218582406051	9.67178787835e-06	0.000299825424229	2.41794696959e-05	0	4.83589393917e-06	4.83589393917e-06	4.83589393917e-06	0.00165871162114	0	4.83589393917e-06	0	0.000270810060594	1.45076818175e-05	3.38512575742e-05	4.83589393917e-06	9.18819848443e-05	0.000280481848472	0	0	4.83589393917e-06	0	0.000222451121202	0.000686696939363	0.000106389666662	0.00180862433325	0.000382035621195	0.00218098816657	0.000265974166655	3.86871515134e-05	4.83589393917e-05	3.38512575742e-05	0.000275645954533	1.93435757567e-05	1.93435757567e-05	1.45076818175e-05	0
3.86871515134e-05	8.2210196966e-05	5.80307272701e-05	0	2.9015363635e-05	5.31948333309e-05	0.000372363833316	0.000120897348479	0.000677025151484	2.9015363635e-05	0.000251466484837	0.0103294694541	0.000285317742411	0.0183232021355	0.00133954262115	9.67178787835e-06	9.67178787835e-06	0.000169256287871	0.000541620121188	0.000517440651492	0.000106389666662	9.18819848443e-05	2.9015363635e-05	0.000159584499993	5.31948333309e-05	0.00520342187855	0.00442000706041	0.00198271651506	0.000106389666662	0.00171674234841	6.28666212093e-05	5.31948333309e-05	0.000183763969689	3.86871515134e-05	0.0037526536968	9.67178787835e-06	7.25384090876e-05	1.93435757567e-05	0	0	4.83589393917e-06	1.93435757567e-05	1.93435757567e-05	2.41794696959e-05	1.45076818175e-05	9.67178787835e-06	0.000677025151484	1.45076818175e-05	0.00103971719692	3.38512575742e-05	4.83589393917e-06	2.41794696959e-05	4.83589393917e-06	0.000217615227263	0.000183763969689	0	1.93435757567e-05	1.93435757567e-05	2.9015363635e-05	2.41794696959e-05	0.00106873256056	0.000991358257531	0.00052711243937	4.35230454526e-05	3.86871515134e-05	2.41794696959e-05	3.86871515134e-05	4.83589393917e-06	0	0.000193435757567	0.000464245818161	0.000884968590869	0.00261138272715	0.000942999318139	0.00011606145454	0.000304661318168	0.000536784227248	7.73743030268e-05	0.000904312166626	0.000265974166655	0.000178928075749	4.83589393917e-06	3.38512575742e-05	0.00029498953029
0.0153201119993	0.000135405030297	0.0010252095151	0	0.000836609651477	0.000657681575728	0.00710876409059	0.0115722941964	0.0290830661502	0.000870460909051	0.00790185069661	0.00243729054534	0.00343832059075	0.00133954262115	0.0544956888006	0.000299825424229	0.00011606145454	0.000580307272701	0.000140240924236	0.000517440651492	0.0018763268484	0.00211812154536	0.000386871515134	0.00296923887865	0.00271293649988	0.000309497212107	0.00103488130298	0.000604486742397	0.00613191351487	0.02019469309	0.00671222078757	0	0.00234057266656	0.00134921440903	0.00972981860562	7.25384090876e-05	0.00011606145454	5.31948333309e-05	0	0.00011606145454	0	1.45076818175e-05	0.000169256287871	4.35230454526e-05	0.00082210196966	9.18819848443e-05	3.38512575742e-05	1.45076818175e-05	3.86871515134e-05	9.18819848443e-05	0	3.86871515134e-05	2.9015363635e-05	4.83589393917e-06	1.45076818175e-05	9.67178787835e-05	4.35230454526e-05	0.000159584499993	0.000120897348479	0.000860789121173	2.9015363635e-05	3.86871515134e-05	5.31948333309e-05	0.000541620121188	3.86871515134e-05	4.83589393917e-05	0	0	0	7.73743030268e-05	0.00251466484837	0.000614158530275	0.00496162718159	0.00134921440903	0.00179895254537	0.00113159918177	9.67178787835e-05	0.000125733242419	0.00011606145454	8.70460909051e-05	4.83589393917e-05	4.83589393917e-06	0	2.41794696959e-05
1.93435757567e-05	1.93435757567e-05	0	0	3.38512575742e-05	0.00186181916658	0.00298858245441	0.00011606145454	0.000551291909066	0.000580307272701	0.000227287015141	9.67178787835e-06	0.00149912712114	9.67178787835e-06	0.000299825424229	0.00688147707544	9.67178787835e-06	0	0	0	7.73743030268e-05	0	5.31948333309e-05	9.67178787835e-06	0.000198271651506	0	1.45076818175e-05	9.67178787835e-06	0.000106389666662	0.000178928075749	9.67178787835e-06	0	0.000333676681803	9.67178787835e-06	0.000140240924236	4.83589393917e-06	0	0	0	2.9015363635e-05	0	4.83589393917e-06	9.67178787835e-06	4.83589393917e-06	0.000111225560601	9.67178787835e-06	0	9.67178787835e-06	0	9.67178787835e-06	0	4.83589393917e-06	0	0	0	4.83589393917e-05	0	4.83589393917e-06	9.67178787835e-06	8.2210196966e-05	0	0	0	1.45076818175e-05	9.67178787835e-06	4.83589393917e-06	0	0	0	4.83589393917e-06	0.000207943439384	4.83589393917e-06	9.67178787835e-05	4.83589393917e-05	0.00410083806042	0.000130569136358	0	9.67178787835e-06	4.83589393917e-06	4.83589393917e-06	9.67178787835e-06	9.67178787835e-06	0	0
0.000130569136358	0.000531948333309	0.00029498953029	0	4.83589393917e-06	0	4.83589393917e-06	5.31948333309e-05	9.18819848443e-05	0.000159584499993	9.67178787835e-06	4.83589393917e-05	9.67178787835e-06	9.67178787835e-06	0.00011606145454	9.67178787835e-06	0.0177767461204	0.000198271651506	0	4.35230454526e-05	1.45076818175e-05	0.00341414112106	0.00721998965119	0.00765522010571	0.00376232548468	6.28666212093e-05	0.000159584499993	0.00222934710596	0.00171674234841	0.000145076818175	0.000865625015112	0	9.67178787835e-06	4.83589393917e-05	0.00108324024238	5.31948333309e-05	9.67178787835e-05	4.35230454526e-05	0	4.83589393917e-06	0	4.83589393917e-06	0.000135405030297	1.45076818175e-05	0.000198271651506	1.93435757567e-05	0	0	4.83589393917e-06	3.86871515134e-05	0	0.00135888619691	3.38512575742e-05	0	0	4.83589393917e-06	0.000498097075735	0.00250982895443	0.000725384090876	0.000314333106046	1.45076818175e-05	2.41794696959e-05	0.000120897348479	0.000826937863599	2.9015363635e-05	0.000382035621195	0	0	4.83589393917e-06	0.000217615227263	0.00204558313627	0.000623830318153	0.00133954262115	0.000860789121173	0.000125733242419	7.73743030268e-05	1.45076818175e-05	0.000299825424229	0.000125733242419	0.000178928075749	7.25384090876e-05	4.83589393917e-06	0	0
0.000657681575728	0.00158133731811	0.0100489876056	0	0	4.83589393917e-06	0.000101553772723	0.00023695880302	0.000309497212107	5.80307272701e-05	0.000135405030297	0.000870460909051	0.000120897348479	0.000169256287871	0.000580307272701	0	0.000198271651506	0.0306015368471	3.38512575742e-05	0.00489392466644	4.83589393917e-05	0.00260171093928	0.000324004893925	0.0104261873329	0.00011606145454	0.00041105098483	0.00983620827228	0.00782447639358	0.000415886878769	0.00088013269693	0.00179411665143	0	4.83589393917e-06	9.18819848443e-05	0.00616092887851	4.83589393917e-06	0.00198271651506	0.000957506999956	0	1.45076818175e-05	0	0	1.45076818175e-05	9.67178787835e-06	4.83589393917e-05	1.93435757567e-05	4.83589393917e-06	1.45076818175e-05	0	1.93435757567e-05	0	6.28666212093e-05	0.000507768863613	9.67178787835e-06	0.000164420393932	2.41794696959e-05	2.9015363635e-05	0.000106389666662	0.000406215090891	5.80307272701e-05	0.000106389666662	0.00110258381813	0.00115094275752	4.83589393917e-05	2.41794696959e-05	3.38512575742e-05	0	0	0	0.000222451121202	0.00403313554527	0.00274678775745	0.00488908877251	0.00235024445444	7.73743030268e-05	0.000106389666662	6.28666212093e-05	0.000348184363621	0.000251466484837	0.000207943439384	3.86871515134e-05	4.83589393917e-06	4.83589393917e-06	0
1.45076818175e-05	9.67178787835e-06	1.45076818175e-05	0	4.83589393917e-06	0	3.86871515134e-05	0	5.31948333309e-05	4.83589393917e-06	2.9015363635e-05	0.00324972072713	3.86871515134e-05	0.000541620121188	0.000140240924236	0	0	3.38512575742e-05	0.00552742677248	0.00192952168173	2.41794696959e-05	9.67178787835e-06	0	1.93435757567e-05	9.67178787835e-06	0.0004690817121	0.00379134084831	0.000551291909066	2.9015363635e-05	0.000203107545445	1.93435757567e-05	4.83589393917e-06	1.45076818175e-05	9.67178787835e-06	0.000696368727241	0	1.93435757567e-05	0	0	0	0	0	4.83589393917e-06	0	0	0	4.83589393917e-05	0	5.31948333309e-05	0	0	0	9.67178787835e-06	3.86871515134e-05	6.28666212093e-05	0	0	0	4.83589393917e-06	4.83589393917e-06	9.67178787835e-05	0.000183763969689	5.31948333309e-05	0	0	0	0	0	0	9.67178787835e-06	0.000203107545445	0.000348184363621	0.000464245818161	0.000193435757567	9.67178787835e-06	4.83589393917e-06	1.45076818175e-05	3.38512575742e-05	8.2210196966e-05	1.45076818175e-05	4.83589393917e-06	0	0	0
0.000135405030297	0.000203107545445	0.00041105098483	0	1.93435757567e-05	4.83589393917e-06	0.000183763969689	8.70460909051e-05	0.000251466484837	1.45076818175e-05	0.000207943439384	0.0053581704846	0.00023212290908	0.000517440651492	0.000517440651492	0	4.35230454526e-05	0.00489392466644	0.00192952168173	0.0180523920749	0.000120897348479	0.000280481848472	2.41794696959e-05	0.000623830318153	5.80307272701e-05	0.000947835212078	0.0108662536813	0.00316267463622	0.00017409218181	0.000812430181781	0.000183763969689	0	2.41794696959e-05	5.31948333309e-05	0.00518891419673	0	0.000594814954518	8.70460909051e-05	0	9.67178787835e-06	0	0	9.67178787835e-06	0	1.45076818175e-05	9.67178787835e-06	4.83589393917e-05	9.67178787835e-06	3.38512575742e-05	0	0	4.83589393917e-06	0.000111225560601	3.86871515134e-05	0.00017409218181	1.45076818175e-05	4.83589393917e-06	1.45076818175e-05	3.38512575742e-05	2.41794696959e-05	0.000251466484837	0.000730219984815	0.000425558666647	1.45076818175e-05	9.67178787835e-06	9.67178787835e-06	0	4.83589393917e-06	0	7.73743030268e-05	0.00161518857568	0.00169256287871	0.0025678596817	0.00101070183329	5.31948333309e-05	4.35230454526e-05	2.41794696959e-05	0.000183763969689	9.18819848443e-05	6.77025151484e-05	4.83589393917e-06	0	4.83589393917e-06	4.83589393917e-06
0.000169256287871	4.83589393917e-06	1.45076818175e-05	0	0.00575471378762	1.45076818175e-05	0.00304661318168	0.00058514316664	0.00183280380295	0.000261138272715	0.00546939604521	0.000328840787864	0.00862239889355	0.000106389666662	0.0018763268484	7.73743030268e-05	1.45076818175e-05	4.83589393917e-05	2.41794696959e-05	0.000120897348479	0.0192662014537	2.9015363635e-05	9.67178787835e-06	3.86871515134e-05	0.00301759781804	5.80307272701e-05	0.000164420393932	4.35230454526e-05	0.00327873609076	0.00152330659084	5.80307272701e-05	0	5.80307272701e-05	0.000183763969689	0.00206976260597	9.18819848443e-05	9.67178787835e-06	4.83589393917e-06	0	0.00088013269693	0	0.00017409218181	7.73743030268e-05	0.000154748606054	0.00041105098483	0.000483589393917	1.45076818175e-05	0.00109774792419	9.67178787835e-06	0.000227287015141	0	4.83589393917e-06	9.67178787835e-06	1.45076818175e-05	9.67178787835e-06	0.0023695880302	4.83589393917e-06	9.67178787835e-06	9.67178787835e-06	0.000594814954518	4.83589393917e-06	3.86871515134e-05	4.83589393917e-06	0.00035302025756	0.000227287015141	4.83589393917e-06	0	9.67178787835e-06	0	0.000217615227263	0.000498097075735	6.77025151484e-05	0.00122348116661	0.000270810060594	0.000435230454526	0.000140240924236	2.41794696959e-05	0.000101553772723	3.38512575742e-05	0.000275645954533	2.9015363635e-05	2.41794696959e-05	2.41794696959e-05	0
0.00265006987867	0.000425558666647	0.00247114180292	0	1.45076818175e-05	0	9.67178787835e-05	0.00229704962111	0.00125733242419	0.000309497212107	0.000101553772723	0.000145076818175	6.77025151484e-05	9.18819848443e-05	0.00211812154536	0	0.00341414112106	0.00260171093928	9.67178787835e-06	0.000280481848472	2.9015363635e-05	0.0435037018768	0.00287735689381	0.0248613307413	0.00126700421206	5.31948333309e-05	0.00081726607572	0.00200206009082	0.00825487095417	0.00177477307568	0.0155619066963	0	2.41794696959e-05	0.000285317742411	0.00683795402999	4.35230454526e-05	0.000280481848472	0.000183763969689	0	4.83589393917e-06	0	4.83589393917e-06	0.00011606145454	3.86871515134e-05	0.000338512575742	5.31948333309e-05	4.83589393917e-06	9.67178787835e-06	4.83589393917e-06	5.31948333309e-05	0	0.000696368727241	9.18819848443e-05	0	1.45076818175e-05	1.93435757567e-05	0.000551291909066	0.00172641413629	0.000812430181781	0.0004690817121	1.93435757567e-05	9.18819848443e-05	0.000324004893925	0.000972014681774	3.38512575742e-05	0.00041105098483	0	0	1.93435757567e-05	0.000275645954533	0.00436681222707	0.00146043996963	0.00609322636336	0.00346250006045	0.000319168999985	0.000280481848472	4.35230454526e-05	0.000386871515134	0.00017409218181	0.000207943439384	0.000111225560601	1.45076818175e-05	4.83589393917e-06	4.83589393917e-06
0.000507768863613	0.0038396997877	0.000991358257531	0	1.93435757567e-05	0	1.45076818175e-05	0.000382035621195	0.000212779333324	0.00360757687862	2.41794696959e-05	4.83589393917e-05	3.86871515134e-05	2.9015363635e-05	0.000386871515134	5.31948333309e-05	0.00721998965119	0.000324004893925	0	2.41794696959e-05	9.67178787835e-06	0.00287735689381	0.0305096548622	0.00925106510564	0.00624313907547	0.0004690817121	0.000440066348465	0.00558545749975	0.00409600216648	0.000720548196937	0.00223901889384	0	0	0.000217615227263	0.00115094275752	0.000299825424229	0.000575471378762	0.000227287015141	0	9.67178787835e-06	0	1.45076818175e-05	0.000449738136343	7.73743030268e-05	0.00227770604535	8.2210196966e-05	4.83589393917e-06	4.83589393917e-06	9.67178787835e-06	0.00023212290908	0	0.00356888972711	0.000120897348479	4.83589393917e-06	1.45076818175e-05	1.45076818175e-05	0.00164903983326	0.0105906077268	0.00369462296953	0.0016538757272	1.93435757567e-05	4.83589393917e-05	0.00123315295449	0.00302726960592	0.000222451121202	0.00123315295449	0	4.83589393917e-06	6.28666212093e-05	0.000783414818146	0.00184247559083	0.000744727666633	0.00125733242419	0.000778578924207	0.000372363833316	4.83589393917e-05	2.41794696959e-05	0.000894640378747	0.00041105098483	0.000556127803005	0.000169256287871	1.45076818175e-05	4.83589393917e-06	0
0.00369945886347	0.0023695880302	0.0196047140294	0	2.41794696959e-05	9.67178787835e-06	0.000125733242419	0.00253884431807	0.00156682963629	0.0004690817121	0.000178928075749	0.000309497212107	6.28666212093e-05	0.000159584499993	0.00296923887865	9.67178787835e-06	0.00765522010571	0.0104261873329	1.93435757567e-05	0.000623830318153	3.86871515134e-05	0.0248613307413	0.00925106510564	0.0792941529206	0.00153781427266	0.000164420393932	0.0028144902726	0.0161470498629	0.00547906783308	0.00237442392413	0.0100054645602	0	2.41794696959e-05	0.000319168999985	0.00740858951481	7.25384090876e-05	0.00196820883324	0.00124766063631	0	9.67178787835e-06	0	1.45076818175e-05	0.00017409218181	5.31948333309e-05	0.000348184363621	5.80307272701e-05	1.45076818175e-05	1.93435757567e-05	4.83589393917e-06	8.70460909051e-05	0	0.00316751053016	0.000478753499978	9.67178787835e-06	2.9015363635e-05	3.38512575742e-05	0.0011606145454	0.00722482554513	0.00506801684825	0.000580307272701	3.86871515134e-05	0.00029498953029	0.00247597769686	0.00101070183329	6.77025151484e-05	0.000672189257545	0	0	1.45076818175e-05	0.00082210196966	0.0104552026965	0.00480687857554	0.00911566007534	0.0063205133785	0.000531948333309	0.000478753499978	8.2210196966e-05	0.0010735684545	0.000633502106032	0.000604486742397	0.000227287015141	3.38512575742e-05	4.83589393917e-06	9.67178787835e-06
0.00213746512111	0.00070120462118	0.000261138272715	0	0.0100489876056	2.41794696959e-05	0.00108807613631	0.00704589746938	0.00235508034838	0.00897541915111	0.00389773051497	0.000140240924236	0.00100586593935	5.31948333309e-05	0.00271293649988	0.000198271651506	0.00376232548468	0.00011606145454	9.67178787835e-06	5.80307272701e-05	0.00301759781804	0.00126700421206	0.00624313907547	0.00153781427266	0.0508445888765	8.2210196966e-05	0.000154748606054	0.000522276545431	0.0240343928777	0.00384937157558	0.00405731501497	0	7.73743030268e-05	0.00125249653025	0.00315783874228	0.000483589393917	7.25384090876e-05	4.83589393917e-05	0	0.00104455309086	0	6.77025151484e-05	0.00109291203025	0.000188599863628	0.00538718584824	0.000377199727256	9.67178787835e-06	0.000183763969689	4.83589393917e-06	0.000440066348465	3.38512575742e-05	0.00023695880302	2.9015363635e-05	9.67178787835e-06	1.93435757567e-05	0.000923655742382	0.000217615227263	0.00114610686358	0.000178928075749	0.00523243724219	9.67178787835e-06	4.83589393917e-05	9.67178787835e-05	0.00310464390895	0.000362692045438	0.000401379196951	0	4.83589393917e-06	6.77025151484e-05	0.000333676681803	0.00222451121202	0.0004690817121	0.00285801331805	0.000976850575713	0.000918819848443	0.000164420393932	3.38512575742e-05	0.000536784227248	0.000111225560601	0.000425558666647	0.000101553772723	8.70460909051e-05	2.9015363635e-05	4.83589393917e-06
5.80307272701e-05	0.00121380937873	0.000101553772723	0	1.45076818175e-05	1.45076818175e-05	7.25384090876e-05	3.86871515134e-05	0.000125733242419	0.000159584499993	8.2210196966e-05	0.00476819142403	8.70460909051e-05	0.00520342187855	0.000309497212107	0	6.28666212093e-05	0.00041105098483	0.0004690817121	0.000947835212078	5.80307272701e-05	5.31948333309e-05	0.0004690817121	0.000164420393932	8.2210196966e-05	0.0167370289235	0.00702171799968	0.00506801684825	3.86871515134e-05	0.000440066348465	3.86871515134e-05	3.38512575742e-05	3.38512575742e-05	1.45076818175e-05	0.00145560407569	1.93435757567e-05	0.00159584499993	5.31948333309e-05	0	0	0	1.45076818175e-05	1.45076818175e-05	4.83589393917e-06	9.67178787835e-06	1.45076818175e-05	0.00131052725752	2.41794696959e-05	0.00167805519689	5.80307272701e-05	4.83589393917e-06	9.67178787835e-06	0.000101553772723	0.000415886878769	0.000783414818146	9.67178787835e-06	9.67178787835e-06	4.83589393917e-06	2.9015363635e-05	1.45076818175e-05	0.00383002799983	0.00365593581802	0.00234057266656	1.45076818175e-05	6.77025151484e-05	4.83589393917e-06	5.31948333309e-05	4.83589393917e-06	0	0.00035302025756	0.000338512575742	0.00070120462118	0.000672189257545	0.000212779333324	3.86871515134e-05	2.9015363635e-05	4.35230454526e-05	6.28666212093e-05	0.00163453215144	0.000333676681803	1.45076818175e-05	4.83589393917e-06	4.83589393917e-06	0.000498097075735
0.000396543303012	0.00332225913621	0.00917852669655	0	4.35230454526e-05	2.41794696959e-05	0.000319168999985	0.000227287015141	0.000512604757552	0.000159584499993	0.000304661318168	0.0121912886207	0.000343348469681	0.00442000706041	0.00103488130298	1.45076818175e-05	0.000159584499993	0.00983620827228	0.00379134084831	0.0108662536813	0.000164420393932	0.00081726607572	0.000440066348465	0.0028144902726	0.000154748606054	0.00702171799968	0.0694144216029	0.0257994941655	0.000314333106046	0.00150879890902	0.000628666212093	0.000169256287871	9.18819848443e-05	8.2210196966e-05	0.0072828562724	4.35230454526e-05	0.00738924593906	0.00191017810597	0	1.93435757567e-05	0	1.93435757567e-05	5.80307272701e-05	1.93435757567e-05	6.28666212093e-05	4.35230454526e-05	0.000618994424214	4.83589393917e-05	0.000522276545431	9.67178787835e-05	0	3.86871515134e-05	0.00148461943933	0.000382035621195	0.00175542949992	4.83589393917e-05	3.86871515134e-05	7.25384090876e-05	0.000449738136343	6.28666212093e-05	0.00308530033319	0.00827905042387	0.00539202174218	7.73743030268e-05	8.70460909051e-05	2.41794696959e-05	1.45076818175e-05	0	0	0.00082210196966	0.0037284742271	0.00396059713618	0.0045554120907	0.00213746512111	0.000125733242419	9.18819848443e-05	6.28666212093e-05	0.000667353363606	0.00150879890902	0.000710876409059	5.80307272701e-05	9.67178787835e-06	4.83589393917e-06	9.18819848443e-05
0.000648009787849	0.0107405204389	0.0195321756203	0	9.67178787835e-06	0	5.31948333309e-05	0.000343348469681	0.000299825424229	0.000401379196951	6.77025151484e-05	0.00178928075749	7.73743030268e-05	0.00198271651506	0.000604486742397	9.67178787835e-06	0.00222934710596	0.00782447639358	0.000551291909066	0.00316267463622	4.35230454526e-05	0.00200206009082	0.00558545749975	0.0161470498629	0.000522276545431	0.00506801684825	0.0257994941655	0.0763781088753	0.000696368727241	0.000623830318153	0.00130569136358	5.31948333309e-05	0	7.73743030268e-05	0.00353503846954	2.41794696959e-05	0.00858854763597	0.00349635131802	0	9.67178787835e-06	0	1.93435757567e-05	5.31948333309e-05	1.45076818175e-05	7.25384090876e-05	1.93435757567e-05	0.000125733242419	1.45076818175e-05	0.000135405030297	5.31948333309e-05	0	0.00101553772723	0.00134921440903	0.000106389666662	0.000594814954518	9.67178787835e-06	0.000324004893925	0.00248564948474	0.0040863303786	0.000106389666662	0.00120897348479	0.00329807966652	0.00604003153003	0.00017409218181	6.77025151484e-05	0.000120897348479	0	4.83589393917e-06	4.83589393917e-06	0.000957506999956	0.00376232548468	0.00246630590898	0.00301276192411	0.00171674234841	0.000111225560601	9.67178787835e-05	2.9015363635e-05	0.00064317389391	0.00107840434844	0.000696368727241	0.00011606145454	2.9015363635e-05	4.83589393917e-06	2.41794696959e-05
0.00445869421192	0.000217615227263	0.00117028633328	0	0.00771808672692	1.93435757567e-05	0.00219065995445	0.0210361386354	0.00552742677248	0.00378166906043	0.0113063200298	0.000275645954533	0.00104455309086	0.000106389666662	0.00613191351487	0.000106389666662	0.00171674234841	0.000415886878769	2.9015363635e-05	0.00017409218181	0.00327873609076	0.00825487095417	0.00409600216648	0.00547906783308	0.0240343928777	3.86871515134e-05	0.000314333106046	0.000696368727241	0.0695063035877	0.00553709856035	0.0103971719692	0	0.000120897348479	0.00178444486356	0.00517440651492	0.000415886878769	9.18819848443e-05	6.77025151484e-05	0	0.00075923534845	0	5.31948333309e-05	0.000909148060565	0.000149912712114	0.00435230454526	0.000309497212107	4.83589393917e-06	0.000154748606054	0	0.000372363833316	1.93435757567e-05	0.000449738136343	4.35230454526e-05	4.83589393917e-06	1.45076818175e-05	0.000715712302998	0.000449738136343	0.00191017810597	0.0004690817121	0.00424591487859	9.67178787835e-06	2.9015363635e-05	0.000101553772723	0.00319652589379	0.000333676681803	0.000565799590883	0	0	5.31948333309e-05	0.000382035621195	0.00301276192411	0.000589979060579	0.00461344281797	0.00162486036356	0.000797922499964	0.000261138272715	3.86871515134e-05	0.00058514316664	0.000193435757567	0.000396543303012	0.000101553772723	7.25384090876e-05	9.67178787835e-06	0
0.0114320532722	0.000145076818175	0.00075923534845	0	0.000594814954518	0.000285317742411	0.00301759781804	0.00514055525734	0.00666386184818	0.00141691692418	0.00379617674225	0.00352536668166	0.00268875703018	0.00171674234841	0.02019469309	0.000178928075749	0.000145076818175	0.00088013269693	0.000203107545445	0.000812430181781	0.00152330659084	0.00177477307568	0.000720548196937	0.00237442392413	0.00384937157558	0.000440066348465	0.00150879890902	0.000623830318153	0.00553709856035	0.0503755071644	0.0112966482419	0	0.00104455309086	0.00753432275723	0.0177864179083	0.000101553772723	0.000130569136358	6.77025151484e-05	0	0.000120897348479	0	1.93435757567e-05	0.000314333106046	0.000111225560601	0.00124282474237	0.000125733242419	5.80307272701e-05	6.28666212093e-05	7.25384090876e-05	0.000169256287871	4.83589393917e-06	6.28666212093e-05	4.83589393917e-05	1.93435757567e-05	1.45076818175e-05	0.000111225560601	5.80307272701e-05	0.000270810060594	0.000135405030297	0.00126700421206	7.25384090876e-05	9.67178787835e-05	0.00011606145454	0.000967178787835	0.000101553772723	9.18819848443e-05	0	4.83589393917e-06	0	0.00011606145454	0.00394125356043	0.000855953227234	0.00857887584809	0.00225836246959	0.00144593228781	0.000667353363606	0.000101553772723	0.000246630590898	0.00017409218181	0.000169256287871	6.28666212093e-05	1.93435757567e-05	4.83589393917e-06	2.9015363635e-05
0.0106292948783	0.000280481848472	0.00250499306049	0	5.80307272701e-05	0	0.000149912712114	0.0077519379845	0.00331742324227	0.00151363480296	0.000261138272715	0.000149912712114	0.000106389666662	6.28666212093e-05	0.00671222078757	9.67178787835e-06	0.000865625015112	0.00179411665143	1.93435757567e-05	0.000183763969689	5.80307272701e-05	0.0155619066963	0.00223901889384	0.0100054645602	0.00405731501497	3.86871515134e-05	0.000628666212093	0.00130569136358	0.0103971719692	0.0112966482419	0.0445144037101	0	3.38512575742e-05	0.00177477307568	0.00729252806027	0.000178928075749	0.000207943439384	0.000145076818175	0	2.41794696959e-05	0	1.93435757567e-05	0.000343348469681	7.73743030268e-05	0.00135888619691	9.67178787835e-05	0	4.35230454526e-05	0	0.000193435757567	0	0.000275645954533	7.25384090876e-05	4.83589393917e-06	1.93435757567e-05	2.41794696959e-05	0.00029015363635	0.00104455309086	0.000382035621195	0.000967178787835	4.83589393917e-06	6.28666212093e-05	0.000169256287871	0.00150396301508	0.000111225560601	0.000357856151499	0	0	1.93435757567e-05	0.000212779333324	0.00301759781804	0.00106873256056	0.00438131990889	0.00169739877265	0.000285317742411	0.000203107545445	1.45076818175e-05	0.000377199727256	0.000164420393932	0.000246630590898	7.25384090876e-05	2.41794696959e-05	9.67178787835e-06	0
0	0	0	0	0	0	0	0	0	0	0	9.67178787835e-05	0	5.31948333309e-05	0	0	0	0	4.83589393917e-06	0	0	0	0	0	0	3.38512575742e-05	0.000169256287871	5.31948333309e-05	0	0	0	0.00017409218181	0	0	4.83589393917e-06	4.83589393917e-06	0	0	0	0	0	0	4.83589393917e-06	4.83589393917e-06	0	4.83589393917e-06	4.83589393917e-06	0	4.83589393917e-06	4.83589393917e-06	0	0	0	0	4.83589393917e-06	0	0	0	0	0	9.67178787835e-06	1.93435757567e-05	0	0	4.83589393917e-06	0	0	0	0	4.83589393917e-06	4.83589393917e-06	0	0	0	0	0	0	0	1.93435757567e-05	4.83589393917e-06	0	0	0	0
