0.0242787802873	0	0	0	0	0	0.00281833483384	0.0121638548558	0.00750577367206	0	0.000939444944612	0	0	0	0.0144733236779	0	0	0	0	0	0	0.000215289466474	0	0.00104708967785	0.00252475828864	0	0	0	0.00932594825224	0.00854307746506	0.0110091204447	0	0	0.000225075351313	0.000274004775512	0	0	0	0	0	0	0	0	0	0	0	0	0	0	0	0	0	0	0	0	0	0	0	0	0	0	0	0	0	0	0	0	0	0	0	3.91435393588e-05	0	0.000254433005832	0.000127216502916	0	0	0	0	0	0	0	0	0	0
0	0.0209711512115	0.00157552745919	0	0	0	0	0	0	0.0033272008455	0	0	0	0.000352291854229	0	0	9.78588483971e-06	0	0	0.000508866011665	0	0	0.00685990527263	0	0.00545073785572	0.00386542451168	0.00398285512976	0.0166947195365	9.78588483971e-06	0	0	0	0	0	0	0	0.00973695541551	0	0	9.78588483971e-06	0	2.93576545191e-05	0	2.93576545191e-05	0.000606724860062	0	9.78588483971e-06	1.95717696794e-05	2.93576545191e-05	9.78588483971e-06	1.95717696794e-05	0	0	0	0.000244647120993	0	1.95717696794e-05	0.000880729635574	1.95717696794e-05	0.000724155478138	0.000469722472306	0.00068501193878	0.00846479038635	0	0	0	0	0	0	0.000215289466474	8.80729635574e-05	6.8501193878e-05	8.80729635574e-05	2.93576545191e-05	0	0	0	0.000851371981055	0.00113516264141	0.000381649508749	2.93576545191e-05	3.91435393588e-05	0	2.93576545191e-05
0	0.00157552745919	0.0475202567816	0	0	0	0	0	0	0	0	1.95717696794e-05	0	7.82870787177e-05	0	0	9.78588483971e-06	0.018739969468	0	0.000362077739069	0	9.78588483971e-06	1.95717696794e-05	0.0244744979841	1.95717696794e-05	0	0.00763299017497	0.0267056797276	9.78588483971e-06	0	0	0	0	0	0.000548009551024	0	0.00416878694172	0	0	0	0	0	9.78588483971e-06	0	0	9.78588483971e-06	0	0	0	0	0	3.91435393588e-05	0	0	0	0	0	0.000743727247818	0.00129173679884	9.78588483971e-06	0	1.95717696794e-05	0.00372842212393	1.95717696794e-05	0	0	0	0	0	0	0.000459936587466	0.000146788272596	0.00231925470701	0.00185931811954	0	0	0	0.00119387795044	0.00067522605394	0.000127216502916	0	0	9.78588483971e-06	0
0	0	0	0	0	0	0	0	0	0	0	0	0	0	0	0	0	0	0	0	0	0	0	0	0	0	0	0	0	0	0	0	0	0	0	0	0	0	0	0	0	0	0	0	0	0	0	0	0	0	0	0	0	0	0	0	0	0	0	0	0	0	0	0	0	0	0	0	0	0	0	0	0	0	0	0	0	0	0	0	0	0	0	0
0	0	0	0	0.0161075664462	0	2.93576545191e-05	0.000489294241985	5.87153090382e-05	0.00472658237758	0.000567581320703	0	0.00278897717932	9.78588483971e-06	0.000117430618076	9.78588483971e-06	0	0	0	0	0.00591067444318	0	0	0	0.00823971503503	0	9.78588483971e-06	0	0.00659568638196	0.000645868399421	3.91435393588e-05	0	0	0.000215289466474	0.000459936587466	0	0	0	0	0.00415900105688	0	0	0	0	0.00379692331781	0.000205503581634	2.93576545191e-05	0.000528437781344	0	0	2.93576545191e-05	0	0	0	0	0.00336634438486	0	0	0	0.00386542451168	0	4.89294241985e-05	1.95717696794e-05	0.00130152268368	0	0	9.78588483971e-06	0	0	4.89294241985e-05	0.000636082514581	0	0.000254433005832	0.000137002387756	1.95717696794e-05	0	0	0.000146788272596	9.78588483971e-05	6.8501193878e-05	9.78588483971e-06	0	0	9.78588483971e-06
0	0	0	0	0	0.00276940540964	0.000137002387756	0	2.93576545191e-05	0	0	0	0	0	0	0.00109601910205	0	0	0	0	0	0	0	0	0	0	0	0	0	0	0	0	0.000430578932947	0	1.95717696794e-05	0	0	0	0	0	0	0	0	0	0	0	0	0	0	0	0	0	0	0	0	0	0	0	0	0	0	0	0	0	0	0	0	0	0	0	2.93576545191e-05	0	0	0	0.00178103104083	0.000352291854229	0	0	0	0	0	0	0	0
0.00281833483384	0	0	0	2.93576545191e-05	0.000137002387756	0.0282518495322	0.0110874075234	0.0213723724899	0	0.0114103417231	4.89294241985e-05	0.00374799389361	4.89294241985e-05	0.00718283947235	0.000459936587466	0	0	0	0	0.00065565428426	0	0	0	0	0	0	0	0.00523544838924	0.000910087290093	0	0	7.82870787177e-05	0	4.89294241985e-05	0	0	0	0	9.78588483971e-06	0	0	0	0	1.95717696794e-05	0	0	3.91435393588e-05	0	0	0	0	0	0	0	0	0	0	0	1.95717696794e-05	0	0	0	1.95717696794e-05	0	0	0	0	0	0	7.82870787177e-05	0	0	0	6.8501193878e-05	0	0	0	0	0	0	0	0	0
0.0121638548558	0	0	0	0.000489294241985	0	0.0110874075234	0.0697244294829	0.0179081692567	0.000195717696794	0.0149136884957	0.000225075351313	0	0.000156574157435	0.0160292793674	7.82870787177e-05	0	0	0.000107644733237	0.000137002387756	0	0.00417857282655	0	0.00463850941402	0.000959016714291	0	0.000440364817787	1.95717696794e-05	0.0380475202568	0.011292911105	0.0221846009316	3.91435393588e-05	0	0.00490272830469	0.00392413982072	0	0	0	0	0.000274004775512	0	0	1.95717696794e-05	0	0.000508866011665	0.000127216502916	0	2.93576545191e-05	0	0	0	0	0	0	0	0.000215289466474	0	0	1.95717696794e-05	0.000518651896504	0	0	0	0.000254433005832	0	0	0	0	0	0	0.000959016714291	0	0.00259325948252	0.000968802599131	0	4.89294241985e-05	0	3.91435393588e-05	1.95717696794e-05	0	1.95717696794e-05	0	0	0
0.00750577367206	0	0	0	5.87153090382e-05	2.93576545191e-05	0.0213723724899	0.0179081692567	0.0373429365483	7.82870787177e-05	0.0129956550671	0	0.00321955611226	0	0.019170548401	0.0006654401691	0	0	0	0	0.00166360042275	0	0	0	0.000792656672016	0	0	0	0.00980545660939	0.00108623321721	0.000704583708459	0	0.000176145927115	0.000283790660352	0.00034250596939	0	0	0	0	9.78588483971e-06	0	0	0	0	1.95717696794e-05	0	0	0.000244647120993	0	0	0	0	0	0	0	0	0	0	0	1.95717696794e-05	0	0	0	1.95717696794e-05	0	0	0	0	0	0	9.78588483971e-05	0	0.000362077739069	0.000185931811954	5.87153090382e-05	0	0	0	0	0	0	0	0	0
0	0.0033272008455	0	0	0.00472658237758	0	0	0.000195717696794	7.82870787177e-05	0.0245234274083	1.95717696794e-05	0	0.00279876306416	0.000137002387756	7.82870787177e-05	0.00141895330176	0	0	0	0	0.00307276783967	0	0.00720241124202	0	0.0162837123733	0.00114494852625	0.000137002387756	0.00287705014287	0.00559752612831	0	0	0	0	0	0.000313148314871	0	0	0	0	0.00349356088778	0	0.000156574157435	0	0	0.00840607507731	0.000381649508749	0.000137002387756	0.000215289466474	0	3.91435393588e-05	0.000225075351313	0.000215289466474	0	0	0	0.00240732767057	0	0.000518651896504	0	0.00764277605981	0	9.78588483971e-06	0	0.00186910400438	0	0	0	0	0	0.000146788272596	0.000176145927115	0	0.000117430618076	0.000303362430031	0.0020452499315	0	0	0.000117430618076	2.93576545191e-05	0.000146788272596	0	0.000205503581634	9.78588483971e-06	1.95717696794e-05
0.000939444944612	0	0	0	0.000567581320703	0	0.0114103417231	0.0149136884957	0.0129956550671	1.95717696794e-05	0.0362567033311	0.00341527380906	0.000733941362978	0.000440364817787	0.0139057423572	0	0	0	0.0014776686108	0.00152659803499	0.00248561474929	0	0	0	0	0	0.00121344972012	4.89294241985e-05	0.011478842917	0.00882686812542	0	4.89294241985e-05	0	0.000587153090382	0.00491251418953	0	0	0	0	1.95717696794e-05	0	0	0	0	1.95717696794e-05	0	0	9.78588483971e-06	0	0	0	0	0	0	0	1.95717696794e-05	0	0	0	1.95717696794e-05	0	0	0	0	0	0	0	0	0	0	0.000137002387756	0	0.00360120562101	4.89294241985e-05	0	0	0	0	0	0	0	0	0	0
0	0	1.95717696794e-05	0	0	0	4.89294241985e-05	0.000225075351313	0	0	0.00341527380906	0.0212940854112	0.000812228441696	0.00614553567934	0.00482444122598	0	0	0.000185931811954	0.00219203820409	0.00763299017497	0.00231925470701	0.00113516264141	0	0.00139938153208	0	0	0.00265197479156	2.93576545191e-05	0.000636082514581	0.00704583708459	8.80729635574e-05	0.000283790660352	0.000430578932947	0.000264218890672	0.0132403021881	0	0	0	0	0	0	1.95717696794e-05	0	9.78588483971e-06	9.78588483971e-06	0.000146788272596	5.87153090382e-05	6.8501193878e-05	0.000274004775512	1.95717696794e-05	1.95717696794e-05	0	0	0	0	0.000107644733237	0	9.78588483971e-06	9.78588483971e-06	2.93576545191e-05	0	0	0	1.95717696794e-05	0	0	0	0	0	9.78588483971e-05	0.00140916741692	0.00137002387756	0.00701647943007	9.78588483971e-06	0	0	3.91435393588e-05	0.00034250596939	2.93576545191e-05	8.80729635574e-05	0	6.8501193878e-05	1.95717696794e-05	3.91435393588e-05
0	0	0	0	0.00278897717932	0	0.00374799389361	0	0.00321955611226	0.00279876306416	0.000733941362978	0.000812228441696	0.0179081692567	0.000587153090382	0.00642932633969	0.000283790660352	0	0	3.91435393588e-05	0	0.00980545660939	0	0	0	0.00146788272596	0	0.00137002387756	9.78588483971e-06	0.000215289466474	0.00361099150585	0	5.87153090382e-05	0	0	0.00265197479156	0	0	0	0	0	0	0	0	0	0	0	0	0.000557795435863	0	0	0	0	0	0	0	0	0	0	0	0	0	0	0	0	0	0	0	0	0	0	0.000107644733237	3.91435393588e-05	0.00136023799272	3.91435393588e-05	0.000205503581634	0	0	0	0	0	0	0	0	0
0	0.000352291854229	7.82870787177e-05	0	9.78588483971e-06	0	4.89294241985e-05	0.000156574157435	0	0.000137002387756	0.000440364817787	0.00614553567934	0.000587153090382	0.0246800015657	0.00136023799272	0	0	0	9.78588483971e-06	0	0.000822014326535	0	0.000176145927115	0.000274004775512	0.000185931811954	0.00525502015892	0.00197674873762	0.010930833366	0.000283790660352	0.00305319606999	0	0.000861157865894	0.0006654401691	0.000274004775512	0.00368927858457	0	0	0	0	0	0	9.78588483971e-06	0	0	0	3.91435393588e-05	0.00166360042275	9.78588483971e-06	0.00539202254668	9.78588483971e-06	9.78588483971e-06	9.78588483971e-06	0	0	0	2.93576545191e-05	0	1.95717696794e-05	1.95717696794e-05	9.78588483971e-06	0.00234861236153	0.00306298195483	0.00182996046503	0	0	0	0.000499080126825	0	0	8.80729635574e-05	0.0019473910831	0.00451129291111	0.00227032528281	0.00034250596939	0	0	0.000264218890672	0.000146788272596	0.00468743883822	4.89294241985e-05	0	5.87153090382e-05	8.80729635574e-05	2.93576545191e-05
0.0144733236779	0	0	0	0.000117430618076	0	0.00718283947235	0.0160292793674	0.019170548401	7.82870787177e-05	0.0139057423572	0.00482444122598	0.00642932633969	0.00136023799272	0.052931851098	0.000430578932947	0	0	0.00158531334403	0.00112537675657	0.00579324382511	0.000215289466474	0	0.00099816025365	0.00193760519826	0	0.00191803342858	2.93576545191e-05	0.016851293694	0.0259521665949	0.011723490038	7.82870787177e-05	0.000244647120993	0.00355227619681	0.00770149136885	0	0	0	0	0	0	0	0	0	0	0	0	0.000254433005832	0	0	0	0	0	0	0	0	0	0	0	0	0	0	0	0	0	0	0	0	0	0	0.00034250596939	0.000127216502916	0.00381649508749	0.000450150702627	0	0	1.95717696794e-05	0	0	0	0	0	0	0
0	0	0	0	9.78588483971e-06	0.00109601910205	0.000459936587466	7.82870787177e-05	0.0006654401691	0.00141895330176	0	0	0.000283790660352	0	0.000430578932947	0.00628253806709	0	0	0	0	9.78588483971e-06	0	0	9.78588483971e-06	0.00161467099855	0	0	9.78588483971e-06	0.000733941362978	0.000215289466474	0.000137002387756	0	9.78588483971e-06	0.000176145927115	0.000283790660352	0	0	0	0	1.95717696794e-05	0	0	9.78588483971e-06	0	4.89294241985e-05	0	0	0	0	0	0	0	0	0	0	1.95717696794e-05	3.91435393588e-05	0	4.89294241985e-05	4.89294241985e-05	0	0	0	7.82870787177e-05	0	0	0	0	0	0	0.00034250596939	0	0.000313148314871	0.000313148314871	0.00461893764434	0	0	9.78588483971e-06	0	0	4.89294241985e-05	1.95717696794e-05	0	0
0	9.78588483971e-06	9.78588483971e-06	0	0	0	0	0	0	0	0	0	0	0	0	0	0.0151094061925	0	0	0	0	0.00224096762829	0.0072709124359	0.00548988139508	0.00379692331781	0	0	0.00283790660352	0.00164402865307	0	0	0	0	0	1.95717696794e-05	0	0	0	0	0	0	0	0	0	0.000244647120993	0	0	0	0	0	0	0.00501037303793	0	0	0	0	0.000782870787177	0.0066054722668	0.00104708967785	0.00179081692567	0	0	0	0.0040415704388	0	0	0	0	0	0	7.82870787177e-05	0	0.00153638391983	0.00111559087173	6.8501193878e-05	0	0	0.000166360042275	2.93576545191e-05	0	0	0	0	0
0	0	0.018739969468	0	0	0	0	0	0	0	0	0.000185931811954	0	0	0	0	0	0.0286726425803	0	0.00362077739069	0	0.000978588483971	0	0.0126140055584	0	0	0.00499080126825	0.0134555916546	0.000137002387756	0	0.000205503581634	0	0	0	0.00166360042275	0	0.000127216502916	0	0	0	0	0	0	0	0	0	0	0	0	0	0	9.78588483971e-06	0	0	0	0	0	0	0.000401221278428	0	0	0	7.82870787177e-05	0	0	0	0	0	0	0	1.95717696794e-05	1.95717696794e-05	0.000870943750734	0.000499080126825	0	0	0	7.82870787177e-05	5.87153090382e-05	0	0	0	0	0
0	0	0	0	0	0	0	0.000107644733237	0	0	0.0014776686108	0.00219203820409	3.91435393588e-05	9.78588483971e-06	0.00158531334403	0	0	0	0.00778956433241	0.00190824754374	0.00143852507144	1.95717696794e-05	0	0.000137002387756	0	0	0.00541159431636	0.00218225231925	0.000176145927115	0.00233882647669	0	0	0	0.000127216502916	0.00287705014287	0	9.78588483971e-06	0	0	0	0	0	0	0	0	0	9.78588483971e-05	0	0	0	0	0	0	0.000146788272596	1.95717696794e-05	0	0	0	0	0	0	0	9.78588483971e-06	0	0	0	0	0	0	0	0.000127216502916	0.000254433005832	0.00291619368223	8.80729635574e-05	0	0	0	0	0	0	0	0	0	0
0	0.000508866011665	0.000362077739069	0	0	0	0	0.000137002387756	0	0	0.00152659803499	0.00763299017497	0	0	0.00112537675657	0	0	0.00362077739069	0.00190824754374	0.0245234274083	0.000939444944612	0.00162445688339	0	0.00193760519826	1.95717696794e-05	9.78588483971e-06	0.011840920656	0.00555838258895	0.000411007163268	0.00198653462246	7.82870787177e-05	0	0	0.000215289466474	0.0126140055584	0	0.000831800211375	0	0	0	0	9.78588483971e-06	0	1.95717696794e-05	1.95717696794e-05	0	9.78588483971e-06	0	0	1.95717696794e-05	9.78588483971e-06	0	0	2.93576545191e-05	1.95717696794e-05	0	0	3.91435393588e-05	9.78588483971e-06	2.93576545191e-05	0	0.000107644733237	0.000234861236153	9.78588483971e-06	0	0	0	0	0	0	0.000127216502916	0.000117430618076	0.00832778799859	2.93576545191e-05	0	0	0	0.00065565428426	0.00113516264141	9.78588483971e-06	0	2.93576545191e-05	0	0
0	0	0	0	0.00591067444318	0	0.00065565428426	0	0.00166360042275	0.00307276783967	0.00248561474929	0.00231925470701	0.00980545660939	0.000822014326535	0.00579324382511	9.78588483971e-06	0	0	0.00143852507144	0.000939444944612	0.0189161153952	0	0	0	0.00223118174345	0	0.0032293419971	8.80729635574e-05	0.00175167338631	0.00721219712686	9.78588483971e-06	0.000137002387756	0	9.78588483971e-06	0.00678161819392	0	0	0	0	0	0	0	0	0	9.78588483971e-06	2.93576545191e-05	9.78588483971e-06	0.000479508357146	0	0	0	0	0	0	0	1.95717696794e-05	0	0	0	2.93576545191e-05	0	0	0	1.95717696794e-05	0	0	0	0	0	9.78588483971e-06	0.000166360042275	3.91435393588e-05	0.00548009551024	3.91435393588e-05	0	0	9.78588483971e-06	5.87153090382e-05	9.78588483971e-06	9.78588483971e-06	0	0	0	0
0.000215289466474	0	9.78588483971e-06	0	0	0	0	0.00417857282655	0	0	0	0.00113516264141	0	0	0.000215289466474	0	0.00224096762829	0.000978588483971	1.95717696794e-05	0.00162445688339	0	0.0542823032059	0.000528437781344	0.0374995107058	0.00134066622304	0	0.000303362430031	9.78588483971e-06	0.01251614671	0.000352291854229	0.0178983833718	0	0	0.000352291854229	0.013494735194	0	0	0	0	0	0	0	0	0	0	0	0	0	0	0	0	0.000724155478138	0	0	0	0	9.78588483971e-06	0.00124280737464	5.87153090382e-05	0.000362077739069	0	0	0	0.00121344972012	0	0	0	0	0	0	1.95717696794e-05	0	0.0111754804869	0.00108623321721	0.000185931811954	0	0	2.93576545191e-05	1.95717696794e-05	0	0	0	0	0
0	0.00685990527263	1.95717696794e-05	0	0	0	0	0	0	0.00720241124202	0	0	0	0.000176145927115	0	0	0.0072709124359	0	0	0	0	0.000528437781344	0.028878146162	0.00267154656124	0.0141308177085	0.00162445688339	0.000205503581634	0.012271499589	0.000949230829452	0	0	0	0	0	0	0	0.000274004775512	0	0	1.95717696794e-05	0	0	0	0	0.00329784319098	0	0	8.80729635574e-05	0	0	0	0.00915958820997	0	0	0	0	0.000645868399421	0.0101283908091	0.00232904059185	0.00435471875367	0	0	0.00107644733237	0.00474615414726	0	0	0	0	0	0	0	0	0	0	9.78588483971e-06	0	0	9.78588483971e-06	0	0	0	0	0	0
0.00104708967785	0	0.0244744979841	0	0	0	0	0.00463850941402	0	0	0	0.00139938153208	0	0.000274004775512	0.00099816025365	9.78588483971e-06	0.00548988139508	0.0126140055584	0.000137002387756	0.00193760519826	0	0.0374995107058	0.00267154656124	0.0958038125807	0.000841586096215	0	0.00114494852625	0.0170274396211	0.00730027009042	0.000587153090382	0.0134555916546	0	0	0	0.014287391866	0	9.78588483971e-06	0	0	0	0	0	0	0	0	0	9.78588483971e-06	0	0	0	0	0.00415900105688	0	9.78588483971e-06	9.78588483971e-06	0	0.000822014326535	0.00514737542569	0.00338591615454	0.00125259325948	0	0	0.000166360042275	0.00290640779739	0	0	0	0	0	0	0.000244647120993	0.000401221278428	0.0197381297217	0.00748620190238	0.00119387795044	0	0	0.000107644733237	9.78588483971e-06	9.78588483971e-06	6.8501193878e-05	7.82870787177e-05	0	0
0.00252475828864	0.00545073785572	1.95717696794e-05	0	0.00823971503503	0	0	0.000959016714291	0.000792656672016	0.0162837123733	0	0	0.00146788272596	0.000185931811954	0.00193760519826	0.00161467099855	0.00379692331781	0	0	1.95717696794e-05	0.00223118174345	0.00134066622304	0.0141308177085	0.000841586096215	0.061602145066	0.00137002387756	0.000156574157435	0.00553881081927	0.0292793674404	0.00666418757584	0.00484401299566	9.78588483971e-06	0	0.00351313265745	0.00712412416331	0	3.91435393588e-05	0	0	0.00512780365601	0	0.000127216502916	0.00145809684112	9.78588483971e-06	0.0190531177829	0.00034250596939	9.78588483971e-05	0.000156574157435	0	3.91435393588e-05	0.000166360042275	0.00284769248835	0	0	0	0.00253454417348	0	0.0027106901006	0.000127216502916	0.0180353857596	0	2.93576545191e-05	3.91435393588e-05	0.0123497866677	0	0	0	0	0	0.000107644733237	0.00117430618076	0	0.0060378909461	0.00406114220848	0.00222139585861	2.93576545191e-05	0	0.000704583708459	0.000362077739069	0.000107644733237	6.8501193878e-05	0.000176145927115	0	0
0	0.00386542451168	0	0	0	0	0	0	0	0.00114494852625	0	0	0	0.00525502015892	0	0	0	0	0	9.78588483971e-06	0	0	0.00162445688339	0	0.00137002387756	0.0153638391983	0.00277919129448	0.01221278428	0	0	0	0	0	0	0	0	0.00100794613849	0	0	0	0	9.78588483971e-06	0	9.78588483971e-06	0	0	0.000724155478138	0	0.00282812071868	9.78588483971e-06	0	0	0	0	1.95717696794e-05	0	0	0	0	0	0.00509844600149	0.00354249031197	0.0054213802012	0	0	0	0	0	0	0	5.87153090382e-05	0.000215289466474	2.93576545191e-05	0	0	0	0.000117430618076	0.000166360042275	0.00255411594316	0	0	9.78588483971e-06	0	9.78588483971e-05
0	0.00398285512976	0.00763299017497	0	9.78588483971e-06	0	0	0.000440364817787	0	0.000137002387756	0.00121344972012	0.00265197479156	0.00137002387756	0.00197674873762	0.00191803342858	0	0	0.00499080126825	0.00541159431636	0.011840920656	0.0032293419971	0.000303362430031	0.000205503581634	0.00114494852625	0.000156574157435	0.00277919129448	0.056229694289	0.0247191451051	0.000724155478138	0.00464829529886	9.78588483971e-06	0.000215289466474	0	0.000538223666184	0.00882686812542	0	0.00420793048107	0	0	0	0	3.91435393588e-05	0	5.87153090382e-05	2.93576545191e-05	9.78588483971e-05	0.000127216502916	3.91435393588e-05	9.78588483971e-06	3.91435393588e-05	4.89294241985e-05	9.78588483971e-06	0	0.000166360042275	0.000127216502916	5.87153090382e-05	0	6.8501193878e-05	4.89294241985e-05	4.89294241985e-05	0.0014776686108	0.00289662191255	0.00587153090382	2.93576545191e-05	0	0	0	0	0	9.78588483971e-06	0.00146788272596	0.00228011116765	0.00784827964145	0.000499080126825	0	0	0	0.00108623321721	0.00248561474929	1.95717696794e-05	0	6.8501193878e-05	1.95717696794e-05	0
0	0.0166947195365	0.0267056797276	0	0	0	0	1.95717696794e-05	0	0.00287705014287	4.89294241985e-05	2.93576545191e-05	9.78588483971e-06	0.010930833366	2.93576545191e-05	9.78588483971e-06	0.00283790660352	0.0134555916546	0.00218225231925	0.00555838258895	8.80729635574e-05	9.78588483971e-06	0.012271499589	0.0170274396211	0.00553881081927	0.01221278428	0.0247191451051	0.111833091948	0.000107644733237	0.000146788272596	0	8.80729635574e-05	0	3.91435393588e-05	0.00185931811954	0	0.0144146083689	0	0	0	0	2.93576545191e-05	9.78588483971e-06	3.91435393588e-05	9.78588483971e-06	9.78588483971e-06	0.00149724038048	0	0.004090499863	1.95717696794e-05	2.93576545191e-05	0.00802442556856	0	1.95717696794e-05	0.000411007163268	0	1.95717696794e-05	0.0125455043645	0.0067522605394	9.78588483971e-06	0.00513758954085	0.00774063490821	0.0232023329549	1.95717696794e-05	0	0	0.000499080126825	0	0	0.000283790660352	0.00234861236153	0.00173210161663	0.00616510744902	0.00496144361373	0.000176145927115	0	0	0.00176145927115	0.00745684424786	0.0006654401691	9.78588483971e-05	4.89294241985e-05	9.78588483971e-06	0
0.00932594825224	9.78588483971e-06	9.78588483971e-06	0	0.00659568638196	0	0.00523544838924	0.0380475202568	0.00980545660939	0.00559752612831	0.011478842917	0.000636082514581	0.000215289466474	0.000283790660352	0.016851293694	0.000733941362978	0.00164402865307	0.000137002387756	0.000176145927115	0.000411007163268	0.00175167338631	0.01251614671	0.000949230829452	0.00730027009042	0.0292793674404	0	0.000724155478138	0.000107644733237	0.111236152973	0.0290836497436	0.03204877285	5.87153090382e-05	0	0.0150409049986	0.0226641092888	0	2.93576545191e-05	0	0	0.00637061103065	0	0.000185931811954	0.00164402865307	3.91435393588e-05	0.0179766704505	0.000626296629741	0.000127216502916	0.000195717696794	0	8.80729635574e-05	0.000215289466474	0.00113516264141	0	0	0	0.00334677261518	0	0.000743727247818	0.000215289466474	0.0169687243121	0	7.82870787177e-05	7.82870787177e-05	0.0106666144753	0	0	0	0	0	0.000146788272596	0.00281833483384	9.78588483971e-06	0.0163913571065	0.00676204642424	0.000616510744902	0.000127216502916	0	0.000978588483971	0.000459936587466	0.000234861236153	0.000185931811954	0.000244647120993	4.89294241985e-05	1.95717696794e-05
0.00854307746506	0	0	0	0.000645868399421	0	0.000910087290093	0.011292911105	0.00108623321721	0	0.00882686812542	0.00704583708459	0.00361099150585	0.00305319606999	0.0259521665949	0.000215289466474	0	0	0.00233882647669	0.00198653462246	0.00721219712686	0.000352291854229	0	0.000587153090382	0.00666418757584	0	0.00464829529886	0.000146788272596	0.0290836497436	0.0660351508983	0.0250029357655	0.000225075351313	0.00416878694172	0.0136806670059	0.0256488041649	0	0	0	0	0	0	0.000137002387756	1.95717696794e-05	6.8501193878e-05	0.000450150702627	1.95717696794e-05	9.78588483971e-06	9.78588483971e-06	0.000264218890672	0.000166360042275	7.82870787177e-05	0	0	0	0	1.95717696794e-05	0	3.91435393588e-05	5.87153090382e-05	0.000176145927115	0	2.93576545191e-05	2.93576545191e-05	0.000117430618076	0	0	0	0	0	9.78588483971e-06	0.0033761302697	0.000440364817787	0.0147375425686	0.00328805730614	0	0.000411007163268	0.000176145927115	0.000459936587466	0.000371863623909	7.82870787177e-05	5.87153090382e-05	0.000166360042275	9.78588483971e-06	0
0.0110091204447	0	0	0	3.91435393588e-05	0	0	0.0221846009316	0.000704583708459	0	0	8.80729635574e-05	0	0	0.011723490038	0.000137002387756	0	0.000205503581634	0	7.82870787177e-05	9.78588483971e-06	0.0178983833718	0	0.0134555916546	0.00484401299566	0	9.78588483971e-06	0	0.03204877285	0.0250029357655	0.068559909187	0	0	0.0103534661604	0.00842564684699	0	0	0	0	7.82870787177e-05	0	3.91435393588e-05	3.91435393588e-05	4.89294241985e-05	0.0006654401691	4.89294241985e-05	0	0	0	6.8501193878e-05	2.93576545191e-05	0	0	0	0	6.8501193878e-05	0	1.95717696794e-05	3.91435393588e-05	0.000499080126825	0	0	9.78588483971e-06	0.000313148314871	0	0	0	0	0	0	0.000411007163268	1.95717696794e-05	0.00349356088778	0.00161467099855	0	8.80729635574e-05	0	0.000234861236153	0.000156574157435	4.89294241985e-05	4.89294241985e-05	7.82870787177e-05	0	0
0	0	0	0	0	0	0	3.91435393588e-05	0	0	4.89294241985e-05	0.000283790660352	5.87153090382e-05	0.000861157865894	7.82870787177e-05	0	0	0	0	0	0.000137002387756	0	0	0	9.78588483971e-06	0	0.000215289466474	8.80729635574e-05	5.87153090382e-05	0.000225075351313	0	0.000861157865894	0	5.87153090382e-05	0.000244647120993	0	0	0	0	0	0	0	0	0	0	0	0	0	0	0	0	0	0	0	0	0	0	0	0	0	0	0	0	0	0	0	0	0	0	1.95717696794e-05	0.000244647120993	0.000352291854229	0.000205503581634	9.78588483971e-06	0	0	0	1.95717696794e-05	1.95717696794e-05	1.95717696794e-05	0	1.95717696794e-05	0	0
0	0	0	0	0	0.000430578932947	7.82870787177e-05	0	0.000176145927115	0	0	0.000430578932947	0	0.0006654401691	0.000244647120993	9.78588483971e-06	0	0	0	0	0	0	0	0	0	0	0	0	0	0.00416878694172	0	0	0.00586174501898	0	0.00310212549419	0	0	0	0	0	0	0	0	0	0	0	0	0	0.000264218890672	0	0	0	0	0	0	0	0	0	0	0	0	0	0	0	0	0	0	0	0	0	0.0012330214898	0.000264218890672	0.00154616980467	0.00065565428426	3.91435393588e-05	0.000949230829452	0.000205503581634	9.78588483971e-06	0	0	0	9.78588483971e-06	0	0
0.000225075351313	0	0	0	0.000215289466474	0	0	0.00490272830469	0.000283790660352	0	0.000587153090382	0.000264218890672	0	0.000274004775512	0.00355227619681	0.000176145927115	0	0	0.000127216502916	0.000215289466474	9.78588483971e-06	0.000352291854229	0	0	0.00351313265745	0	0.000538223666184	3.91435393588e-05	0.0150409049986	0.0136806670059	0.0103534661604	5.87153090382e-05	0	0.0179766704505	0.0117528476925	0	0	0	0	8.80729635574e-05	0	3.91435393588e-05	0.000215289466474	1.95717696794e-05	0.00117430618076	5.87153090382e-05	0	0	0	3.91435393588e-05	9.78588483971e-06	0	0	0	0	7.82870787177e-05	0	0	7.82870787177e-05	0.00101773202333	0	9.78588483971e-06	1.95717696794e-05	0.000557795435863	9.78588483971e-06	0	0	0	9.78588483971e-06	9.78588483971e-06	0.00034250596939	9.78588483971e-06	0.00760363252045	0.00314126903355	0	0.000107644733237	0	0.000146788272596	3.91435393588e-05	3.91435393588e-05	8.80729635574e-05	3.91435393588e-05	0	0
0.000274004775512	0	0.000548009551024	0	0.000459936587466	1.95717696794e-05	4.89294241985e-05	0.00392413982072	0.00034250596939	0.000313148314871	0.00491251418953	0.0132403021881	0.00265197479156	0.00368927858457	0.00770149136885	0.000283790660352	1.95717696794e-05	0.00166360042275	0.00287705014287	0.0126140055584	0.00678161819392	0.013494735194	0	0.014287391866	0.00712412416331	0	0.00882686812542	0.00185931811954	0.0226641092888	0.0256488041649	0.00842564684699	0.000244647120993	0.00310212549419	0.0117528476925	0.0710748815908	0	0.000381649508749	0	0	8.80729635574e-05	0	9.78588483971e-05	0.000225075351313	5.87153090382e-05	0.00216268054958	0.000313148314871	0.000117430618076	0.000137002387756	0.000274004775512	0.000127216502916	4.89294241985e-05	9.78588483971e-06	0	0	0	0.000274004775512	0	9.78588483971e-06	0.000205503581634	0.00183974634986	0	5.87153090382e-05	0.000156574157435	0.000645868399421	9.78588483971e-06	0	0	0	9.78588483971e-06	0.000176145927115	0.00303362430031	0.000499080126825	0.0429502485615	0.00760363252045	0	0.000812228441696	0.000274004775512	0.0012330214898	0.000518651896504	0.000205503581634	0.000215289466474	0.000185931811954	2.93576545191e-05	5.87153090382e-05
0	0	0	0	0	0	0	0	0	0	0	0	0	0	0	0	0	0	0	0	0	0	0	0	0	0	0	0	0	0	0	0	0	0	0	0.0214408736838	0	0	0	0	0	0.000146788272596	0.0155106274709	0.00356206208165	0	9.78588483971e-06	0	0	0	0.00995224488198	0	0	0.00222139585861	0	0	0	0.000137002387756	0	0.00776999256273	0.000929659059772	0	0	0	0.00432536109915	0.00362077739069	0.00714369593299	0	0	0	0.000753513132657	0	0	0	0	0	0	0	0	0	0.00113516264141	0.000195717696794	0	9.78588483971e-06	0
0	0.00973695541551	0.00416878694172	0	0	0	0	0	0	0	0	0	0	0	0	0	0	0.000127216502916	9.78588483971e-06	0.000831800211375	0	0	0.000274004775512	9.78588483971e-06	3.91435393588e-05	0.00100794613849	0.00420793048107	0.0144146083689	2.93576545191e-05	0	0	0	0	0	0.000381649508749	0	0.0321270599288	0	0	0.000430578932947	0	3.91435393588e-05	0	3.91435393588e-05	0.00627275218225	0	3.91435393588e-05	8.80729635574e-05	0.000244647120993	2.93576545191e-05	2.93576545191e-05	0.000959016714291	0	0	0.00033272008455	0	1.95717696794e-05	0.0128292950249	0.000127216502916	0.00885622577994	0.00352291854229	0.00107644733237	0.0253747993894	9.78588483971e-06	0	0	0	0	0	0.000293576545191	0.000450150702627	0.000127216502916	0.00065565428426	0.000156574157435	0	0	0	0.00290640779739	0.00253454417348	0.00068501193878	9.78588483971e-05	5.87153090382e-05	0	0
0	0	0	0	0	0	0	0	0	0	0	0	0	0	0	0	0	0	0	0	0	0	0	0	0	0	0	0	0	0	0	0	0	0	0	0	0	0.0258445218617	0	0	0	0	0.000949230829452	0	0	0	0	0	0	0	0	0	0.00773084902337	0	0.000499080126825	0	3.91435393588e-05	0	0.00959995302775	0	0	0.00824950091987	0.00540180843152	9.78588483971e-06	0	0.00121344972012	0	0	0	0.000195717696794	0	0	0	0	0	0	0	0	0	0.000205503581634	0	0	0	0
0	0	0	0	0	0	0	0	0	0	0	0	0	0	0	0	0	0	0	0	0	0	0	0	0	0	0	0	0	0	0	0	0	0	0	0	0	0	0	0	0	0	0	0	0	0	0	0	0	0	0	0	0	0	0	0	0	0	0	0	0	0	0	0	0	0	0	0	0	0	0	0	0	0	0	0	0	0	0	0	0	0	0	0
0	9.78588483971e-06	0	0	0.00415900105688	0	9.78588483971e-06	0.000274004775512	9.78588483971e-06	0.00349356088778	1.95717696794e-05	0	0	0	0	1.95717696794e-05	0	0	0	0	0	0	1.95717696794e-05	0	0.00512780365601	0	0	0	0.00637061103065	0	7.82870787177e-05	0	0	8.80729635574e-05	8.80729635574e-05	0	0.000430578932947	0	0	0.0229185422946	9.78588483971e-05	0.000645868399421	1.95717696794e-05	0.000185931811954	0.0119289936196	0.00138959564724	0.000205503581634	0.0059889615219	2.93576545191e-05	0.000185931811954	0.0011840920656	0	0	0	0	0.0107840450934	0	0.000577367205543	0	0.0145418248718	0.000215289466474	0.000254433005832	0.000352291854229	0.0074177007085	9.78588483971e-06	0	4.89294241985e-05	0	0	0.000645868399421	1.95717696794e-05	0	8.80729635574e-05	1.95717696794e-05	2.93576545191e-05	0	0	0.000225075351313	8.80729635574e-05	0.000929659059772	7.82870787177e-05	2.93576545191e-05	8.80729635574e-05	9.78588483971e-05
0	0	0	0	0	0	0	0	0	0	0	0	0	0	0	0	0	0	0	0	0	0	0	0	0	0	0	0	0	0	0	0	0	0	0	0	0	0	0	9.78588483971e-05	0.00329784319098	0.000557795435863	9.78588483971e-06	0.000225075351313	0.000959016714291	9.78588483971e-06	0	0.000841586096215	0	0	0.00245625709477	0	0	0	0	0	0	0	0	0.000870943750734	0	0	0	0.00034250596939	0	0	0	0.000411007163268	0	0	0	0	0	0	0	0	0	0	0	0	0	0.000205503581634	0.000489294241985	0
0	2.93576545191e-05	0	0	0	0	0	0	0	0.000156574157435	0	1.95717696794e-05	0	9.78588483971e-06	0	0	0	0	0	9.78588483971e-06	0	0	0	0	0.000127216502916	9.78588483971e-06	3.91435393588e-05	2.93576545191e-05	0.000185931811954	0.000137002387756	3.91435393588e-05	0	0	3.91435393588e-05	9.78588483971e-05	0.000146788272596	3.91435393588e-05	0	0	0.000645868399421	0.000557795435863	0.0421086624653	0.00534309312248	0.0199534191882	0.000469722472306	0.0197870591459	0.00359141973617	0.0086996516225	3.91435393588e-05	0.00637061103065	0.00313148314871	0	0	0.00065565428426	3.91435393588e-05	0.00183974634986	7.82870787177e-05	0	0	0.000851371981055	0	0.00150702626531	0.000117430618076	0.00700669354523	0.00195717696794	0	0.000107644733237	0.000362077739069	3.91435393588e-05	0.00502994480761	0.000283790660352	9.78588483971e-05	0.000146788272596	1.95717696794e-05	0	0	0	0.00459936587466	0.000636082514581	0.00485379888049	0.00130152268368	0.00528437781344	0.00192781931342	5.87153090382e-05
0	0	9.78588483971e-06	0	0	0	0	1.95717696794e-05	0	0	0	0	0	0	0	9.78588483971e-06	0	0	0	0	0	0	0	0	0.00145809684112	0	0	9.78588483971e-06	0.00164402865307	1.95717696794e-05	3.91435393588e-05	0	0	0.000215289466474	0.000225075351313	0.0155106274709	0	0.000949230829452	0	1.95717696794e-05	9.78588483971e-06	0.00534309312248	0.0743433671273	0.00827885857439	0.00190824754374	0.0113907699534	0.000137002387756	0.00178103104083	1.95717696794e-05	0.0128684385642	0	0	0.00406114220848	9.78588483971e-06	7.82870787177e-05	2.93576545191e-05	0.00182996046503	9.78588483971e-06	0.0124867890555	0.00826907268955	0	0.000381649508749	6.8501193878e-05	0.0349062512232	0.00827885857439	0.0166360042275	2.93576545191e-05	0	0.000782870787177	0.00279876306416	5.87153090382e-05	0	0.000225075351313	0.000156574157435	0	0	0	0.000225075351313	0.000137002387756	0.00210396524054	0.000499080126825	3.91435393588e-05	0.000254433005832	1.95717696794e-05
0	2.93576545191e-05	0	0	0	0	0	0	0	0	0	9.78588483971e-06	0	0	0	0	0	0	0	1.95717696794e-05	0	0	0	0	9.78588483971e-06	9.78588483971e-06	5.87153090382e-05	3.91435393588e-05	3.91435393588e-05	6.8501193878e-05	4.89294241985e-05	0	0	1.95717696794e-05	5.87153090382e-05	0.00356206208165	3.91435393588e-05	0	0	0.000185931811954	0.000225075351313	0.0199534191882	0.00827885857439	0.0417857282655	0.000205503581634	0.0075155595569	0.00186910400438	0.00213332289506	6.8501193878e-05	0.0201980663092	0.00270090421576	0	0.000773084902337	0	9.78588483971e-06	0.0013798097624	0.000508866011665	9.78588483971e-06	0.0014287391866	0.000792656672016	0	0.000176145927115	0.000117430618076	0.0115571299957	0.00228989705249	0.00160488511371	2.93576545191e-05	0.000557795435863	2.93576545191e-05	0.00350334677262	0.000215289466474	7.82870787177e-05	8.80729635574e-05	9.78588483971e-06	0	0	0	0.00459936587466	0.000596938975222	0.0026617606764	0.00135045210788	0.0046580811837	0.00153638391983	0.000264218890672
0	0.000606724860062	0	0	0.00379692331781	0	1.95717696794e-05	0.000508866011665	1.95717696794e-05	0.00840607507731	1.95717696794e-05	9.78588483971e-06	0	0	0	4.89294241985e-05	0.000244647120993	0	0	1.95717696794e-05	9.78588483971e-06	0	0.00329784319098	0	0.0190531177829	0	2.93576545191e-05	9.78588483971e-06	0.0179766704505	0.000450150702627	0.0006654401691	0	0	0.00117430618076	0.00216268054958	0	0.00627275218225	0	0	0.0119289936196	0.000959016714291	0.000469722472306	0.00190824754374	0.000205503581634	0.0512291071359	0.000704583708459	0.000156574157435	0.00887579754961	0	0.000371863623909	0.00504951657729	0.00292597956707	0	0	0	0.00442321994755	0	0.0128097232552	8.80729635574e-05	0.0459055857831	0.001281950914	0.000137002387756	0.00392413982072	0.0162347829491	9.78588483971e-06	0	0	0	9.78588483971e-06	0.000185931811954	0.00140916741692	0.000234861236153	0.00162445688339	0.00130152268368	2.93576545191e-05	9.78588483971e-06	0	0.00235839824637	0.00119387795044	0.000362077739069	0.000234861236153	0.000910087290093	6.8501193878e-05	1.95717696794e-05
0	0	9.78588483971e-06	0	0.000205503581634	0	0	0.000127216502916	0	0.000381649508749	0	0.000146788272596	0	3.91435393588e-05	0	0	0	0	0	0	2.93576545191e-05	0	0	0	0.00034250596939	0	9.78588483971e-05	9.78588483971e-06	0.000626296629741	1.95717696794e-05	4.89294241985e-05	0	0	5.87153090382e-05	0.000313148314871	9.78588483971e-06	0	0	0	0.00138959564724	9.78588483971e-06	0.0197870591459	0.0113907699534	0.0075155595569	0.000704583708459	0.0511214624026	0.00617489333386	0.0123400007829	0.000274004775512	0.00362077739069	0.000137002387756	0	0	0.000812228441696	0.000812228441696	0.00856264923474	0	9.78588483971e-06	9.78588483971e-06	0.00193760519826	0	0.00412964340236	0.000127216502916	0.00656632872744	0.00219203820409	0	0.000459936587466	0	0	0.0113907699534	0.000293576545191	0	0.000274004775512	1.95717696794e-05	0	0	0	0.00141895330176	0.000870943750734	0.00945316475516	0.000146788272596	4.89294241985e-05	0.000185931811954	0.000616510744902
0	9.78588483971e-06	0	0	2.93576545191e-05	0	0	0	0	0.000137002387756	0	5.87153090382e-05	0	0.00166360042275	0	0	0	0	9.78588483971e-05	9.78588483971e-06	9.78588483971e-06	0	0	9.78588483971e-06	9.78588483971e-05	0.000724155478138	0.000127216502916	0.00149724038048	0.000127216502916	9.78588483971e-06	0	0	0	0	0.000117430618076	0	3.91435393588e-05	0	0	0.000205503581634	0	0.00359141973617	0.000137002387756	0.00186910400438	0.000156574157435	0.00617489333386	0.0285552119623	0.00272047598544	0.00355227619681	0.00424707402043	0.000244647120993	0	9.78588483971e-06	0.00526480604376	0.00378713743297	0.00132109445336	1.95717696794e-05	9.78588483971e-06	0	0.000528437781344	0.000596938975222	0.003845852742	0.000303362430031	0.00034250596939	0.002808548949	0	0.000195717696794	0.00195717696794	0	0.0187595412377	0.000137002387756	0	0.000117430618076	9.78588483971e-06	0	0	0	0.000401221278428	0.00333698673034	0.00767213371433	4.89294241985e-05	0.000225075351313	0	0.00181038869535
0	1.95717696794e-05	0	0	0.000528437781344	0	3.91435393588e-05	2.93576545191e-05	0.000244647120993	0.000215289466474	9.78588483971e-06	6.8501193878e-05	0.000557795435863	9.78588483971e-06	0.000254433005832	0	0	0	0	0	0.000479508357146	0	8.80729635574e-05	0	0.000156574157435	0	3.91435393588e-05	0	0.000195717696794	9.78588483971e-06	0	0	0	0	0.000137002387756	0	8.80729635574e-05	0	0	0.0059889615219	0.000841586096215	0.0086996516225	0.00178103104083	0.00213332289506	0.00887579754961	0.0123400007829	0.00272047598544	0.0314029044506	0.000146788272596	0.000714369593299	0.00467765295338	0	0	0.00033272008455	0.000362077739069	0.00967824010647	0	0.000851371981055	0	0.0081320703018	4.89294241985e-05	0.0018495322347	1.95717696794e-05	0.00259325948252	0.000215289466474	0	0.000176145927115	0	0	0.004090499863	0.000156574157435	9.78588483971e-06	0.000127216502916	0	0	0	0	0.000293576545191	0.00034250596939	0.00380670920265	2.93576545191e-05	8.80729635574e-05	0	9.78588483971e-05
0	2.93576545191e-05	0	0	0	0	0	0	0	0	0	0.000274004775512	0	0.00539202254668	0	0	0	0	0	0	0	0	0	0	0	0.00282812071868	9.78588483971e-06	0.004090499863	0	0.000264218890672	0	0	0.000264218890672	0	0.000274004775512	0	0.000244647120993	0	0	2.93576545191e-05	0	3.91435393588e-05	1.95717696794e-05	6.8501193878e-05	0	0.000274004775512	0.00355227619681	0.000146788272596	0.0114984146867	5.87153090382e-05	0	0	0	0	0	0.000137002387756	0	9.78588483971e-06	0	6.8501193878e-05	0.00341527380906	0.00105687556269	0.00126237914432	3.91435393588e-05	0	0	0.00032293419971	0.000244647120993	0	0.00172231573179	4.89294241985e-05	0.000166360042275	1.95717696794e-05	0	0	0	9.78588483971e-06	0	0.00334677261518	0.000606724860062	0	0	0	0.000782870787177
0	9.78588483971e-06	0	0	0	0	0	0	0	3.91435393588e-05	0	1.95717696794e-05	0	9.78588483971e-06	0	0	0	0	0	1.95717696794e-05	0	0	0	0	3.91435393588e-05	9.78588483971e-06	3.91435393588e-05	1.95717696794e-05	8.80729635574e-05	0.000166360042275	6.8501193878e-05	0	0	3.91435393588e-05	0.000127216502916	0.00995224488198	2.93576545191e-05	0	0	0.000185931811954	0	0.00637061103065	0.0128684385642	0.0201980663092	0.000371863623909	0.00362077739069	0.00424707402043	0.000714369593299	5.87153090382e-05	0.0390163228559	0.00121344972012	0	0.00108623321721	9.78588483971e-06	0	0.000450150702627	0.000489294241985	9.78588483971e-06	0.00325869965162	0.00136023799272	0	0.000205503581634	5.87153090382e-05	0.0100403178455	0.00844521861667	0.00315105491839	3.91435393588e-05	0.000538223666184	0	0.00488315653501	0.00034250596939	0.000137002387756	0.000146788272596	1.95717696794e-05	0	0	0	0.00355227619681	0.00065565428426	0.00298469487611	0.00121344972012	0.00316084080323	0.00034250596939	0.000264218890672
0	1.95717696794e-05	0	0	2.93576545191e-05	0	0	0	0	0.000225075351313	0	1.95717696794e-05	0	9.78588483971e-06	0	0	0	0	0	9.78588483971e-06	0	0	0	0	0.000166360042275	0	4.89294241985e-05	2.93576545191e-05	0.000215289466474	7.82870787177e-05	2.93576545191e-05	0	0	9.78588483971e-06	4.89294241985e-05	0	2.93576545191e-05	0	0	0.0011840920656	0.00245625709477	0.00313148314871	0	0.00270090421576	0.00504951657729	0.000137002387756	0.000244647120993	0.00467765295338	0	0.00121344972012	0.0103730379301	0	0	0	9.78588483971e-06	6.8501193878e-05	0	0	0	0.00435471875367	0	7.82870787177e-05	0.000107644733237	0.00065565428426	0	0	9.78588483971e-06	9.78588483971e-06	0	0.000254433005832	0.000234861236153	0.000117430618076	4.89294241985e-05	9.78588483971e-06	0	0	0	0.00104708967785	0.000391435393588	0.000264218890672	0	0.00185931811954	0	2.93576545191e-05
0	0	3.91435393588e-05	0	0	0	0	0	0	0.000215289466474	0	0	0	9.78588483971e-06	0	0	0.00501037303793	9.78588483971e-06	0	0	0	0.000724155478138	0.00915958820997	0.00415900105688	0.00284769248835	0	9.78588483971e-06	0.00802442556856	0.00113516264141	0	0	0	0	0	9.78588483971e-06	0	0.000959016714291	0	0	0	0	0	0	0	0.00292597956707	0	0	0	0	0	0	0.0281833483384	0	0	9.78588483971e-06	0	0.00156574157435	0.0224879633616	0.00729048420558	0.00767213371433	0	9.78588483971e-05	0.00554859670411	0.00693819235135	0	0	1.95717696794e-05	0	0	0	0.000518651896504	1.95717696794e-05	9.78588483971e-05	0.000137002387756	9.78588483971e-06	0	0	0.00283790660352	0.000469722472306	0.000137002387756	9.78588483971e-05	3.91435393588e-05	0	0
0	0	0	0	0	0	0	0	0	0	0	0	0	0	0	0	0	0	0	0	0	0	0	0	0	0	0	0	0	0	0	0	0	0	0	0.00222139585861	0	0.00773084902337	0	0	0	0	0.00406114220848	0.000773084902337	0	0	9.78588483971e-06	0	0	0.00108623321721	0	0	0.0310701843661	0	0.00338591615454	0	0.000469722472306	0	0.00928680471288	0	0	0.00679140407876	0.0124867890555	0.000636082514581	0.000215289466474	0.0034739891181	0	0	0	0.00181038869535	0	0	0	0	0	0	0	0	0	8.80729635574e-05	0	0	0	0
0	0	0	0	0	0	0	0	0	0	0	0	0	0	0	0	0	0	0.000146788272596	2.93576545191e-05	0	0	0	9.78588483971e-06	0	0	0.000166360042275	1.95717696794e-05	0	0	0	0	0	0	0	0	0	0	0	0	0	0.00065565428426	9.78588483971e-06	0	0	0.000812228441696	0.00526480604376	0.00033272008455	0	9.78588483971e-06	0	0	0	0.00626296629741	0.00267154656124	0.000137002387756	0	0	0	0	0	0.000645868399421	5.87153090382e-05	0	2.93576545191e-05	0	0	0	0	0.00350334677262	9.78588483971e-06	0	9.78588483971e-06	9.78588483971e-06	0	0	0	9.78588483971e-06	2.93576545191e-05	0.000518651896504	0	0	0	0
