0.0317591859119	0	0	0	0	0	1.21869477789e-05	0.0121381999878	0.00505758332826	1.21869477789e-05	1.21869477789e-05	0	0	0	0.0233014441533	0	0	0	0	0	0	0.00584973493389	1.21869477789e-05	0.00597160441168	0.00502102248492	0	0	0	0.00397294497593	0.012845042959	0.0172079702638	0	0	0.000889647187862	0.000865273292304	0	0	0	0	0	0	0	0	0	6.09347388946e-05	0	0	0	0	0	0	0	1.21869477789e-05	0	0	0	0	0	1.21869477789e-05	1.21869477789e-05	0	0	0	0	0	0	0	0	0	0	0	0	0.000645908232283	2.43738955579e-05	1.21869477789e-05	0	0	4.87477911157e-05	0	0	0	0	0	0
0	0.0249344951557	0.00147462068125	0	0	0	0	0	0	0.00252269819024	0	0	0	0	0	0	0.000755590762294	0.000658095180062	0	0	0	0	0.00583754798611	0.00237645481689	0.00281518493693	0.00166961184571	0.00210834196575	0.0169886052038	0	0	0	0	0	0	0	0	0.0145390287003	0.0025470720858	0	0	0	0	0	0	0	0	0	0	0	0	0	7.31216866736e-05	0.00123088172567	0	0	0	0	1.21869477789e-05	0.00293705441472	0.000353421485589	0	0.00212052891353	0.0103589056121	0	0	0	0	0	0	0	0	0	0	0	0	0	0	0	0	0	0	0	0	0
0	0.00147462068125	0.0454329413198	0	0	0	0	0	0	0	0	0	0	0	0	0	0	0.0124184997867	0	0	0	0.00101151666565	3.65608433368e-05	0.0272500152337	0	0	0.00559380903053	0.0241667174456	0.000158430321126	0	0	0	0	0	9.74955822314e-05	0	0.00336359758698	0.000438730120041	0	0	0	0	0	0	0	0	0	0	0	0	0	6.09347388946e-05	0.00811650722077	0	0	0	0	0.000292486746694	0.0048016574249	0	0	0.000268112851136	0.000694656023399	0	0	0	0	0	0	0.000633721284504	0.000719029918957	0	0.000316860642252	0.000329047590031	0	0	0	0.000121869477789	4.87477911157e-05	0.000158430321126	0	0	0	0
0	0	0	0	0	0	0	0	0	0	0	0	0	0	0	0	0	0	0	0	0	0	0	0	0	0	0	0	0	0	0	0	0	0	0	0	0	0	0	0	0	0	0	0	0	0	0	0	0	0	0	0	0	0	0	0	0	0	0	0	0	0	0	0	0	0	0	0	0	0	0	0	0	0	0	0	0	0	0	0	0	0	0	0
0	0	0	0	0.015818658217	0	2.43738955579e-05	0	0.000621534336725	0.00151118152459	0.00135275120346	0	0.000182804216684	0	7.31216866736e-05	0	0	0	0	0	0.00229114618244	0	0	0	0.010419840351	0	0	0	0.00653220400951	0.000134056425568	0	0	0	0.00010968253001	0.000487477911157	2.43738955579e-05	0	0	0	0.00632502589726	0	0	0	3.65608433368e-05	0.00377795381147	2.43738955579e-05	0	0.000597160441168	0	3.65608433368e-05	0	0	0	0	0.000292486746694	0.00570349156054	0	0	0	0.00805557248187	0	4.87477911157e-05	0	0.0010968253001	8.53086344525e-05	0	0	0	0	0.000134056425568	0	0	0.000633721284504	0.000207178112242	6.09347388946e-05	0	0	0.000316860642252	0	0.000901834135641	6.09347388946e-05	0	2.43738955579e-05	0
0	0	0	0	0	0.00565474376942	0.00314423252696	0	4.87477911157e-05	0.00045091706782	0	0	0	2.43738955579e-05	1.21869477789e-05	0.00309548473585	0	0	0	0	0	0	0	0	0.00145024678569	0	0	0	0	0	0	0	0.00380232770703	0	0.000645908232283	0	0	0	0	0	0	0	0	0	0	0	0	0	0	0	0	0	0	0	0	0	0	0	0	0	0	0	0	0	0	0	0	0	0	0	0.000475290963378	0	4.87477911157e-05	7.31216866736e-05	0.00244957650356	0.0010968253001	4.87477911157e-05	0	0	0	0	0	0	0
1.21869477789e-05	0	0	0	2.43738955579e-05	0.00314423252696	0.0265431722625	0.00142587289013	0.00740966424959	0.00034123453781	0.00981049296204	0.00411918834928	0.0090792760953	0.000511851806715	0.00486259216379	0.00315641947474	0	0	0.00229114618244	0.00382670160258	0.00376576686369	0	0	0	0.000938394978978	0	0.00508195722381	0	0.000463104015599	0.00425324477485	0	0	0.00311985863141	0.000377795381147	0.00680031686064	0	0	0	0	1.21869477789e-05	0	0	0	0	0.000146243373347	0	0	0	0	0	0	0	0	0	0	0	0	0	0	2.43738955579e-05	0	0	0	0	0	0	0	0	0	0	0.000475290963378	6.09347388946e-05	0.00142587289013	0.000767777710073	0.00236426786911	0.00010968253001	0	0	0	0	0	6.09347388946e-05	0	0
0.0121381999878	0	0	0	0	0	0.00142587289013	0.0577661324721	0.0112729266955	0.00045091706782	0.00881116324417	8.53086344525e-05	0	0	0.0167083054049	4.87477911157e-05	0	0	0	8.53086344525e-05	0	0.00282737188471	0	0.000524038754494	0.00494790079825	0	8.53086344525e-05	0	0.0339162756688	0.00290049357139	0.00839680701968	0	0	0.00175492048017	0.00125525562123	0	0	0	0	0.00079215160563	0	0	0	0	0.00118213393456	0	0	0	0	0	0	0	0	0	0	4.87477911157e-05	0	0	0	0.00348546706477	0	0	0	0.000926208031199	0	0	0	0	0	0	3.65608433368e-05	0	0.0017914813235	0.00140149899458	4.87477911157e-05	1.21869477789e-05	0	0	0	0	0	0	0	0
0.00505758332826	0	0	0	0.000621534336725	4.87477911157e-05	0.00740966424959	0.0112729266955	0.0407897142161	3.65608433368e-05	0.016866735726	0.000329047590031	0.00316860642252	0.000402169276705	0.0224605447566	0.000134056425568	0	0	1.21869477789e-05	8.53086344525e-05	0.00197428554019	0.000463104015599	0	0.000804338553409	0.00159649015904	0	0.000329047590031	0	0.00533788312717	0.00249832429468	0.00137712509902	0	0.00227895923466	0.000524038754494	0.00279081104137	0	0	0	0	0	0	0	0	0	6.09347388946e-05	0	0	0	0	0	0	1.21869477789e-05	0	0	0	0	0	0	1.21869477789e-05	1.21869477789e-05	0	0	0	0	0	0	0	0	0	0	0.00197428554019	0	0.0018524160624	0.00118213393456	0.000987142770093	0.00103589056121	1.21869477789e-05	1.21869477789e-05	0	0	0	2.43738955579e-05	0	0
1.21869477789e-05	0.00252269819024	0	0	0.00151118152459	0.00045091706782	0.00034123453781	0.00045091706782	3.65608433368e-05	0.0175613917494	0	0	0.000365608433368	0	3.65608433368e-05	0.0013283773079	0	0	0	0	3.65608433368e-05	1.21869477789e-05	0.00437511425264	6.09347388946e-05	0.0118700871367	0.000475290963378	0	0.00118213393456	0.00229114618244	0.000182804216684	2.43738955579e-05	0	0.000268112851136	0	2.43738955579e-05	1.21869477789e-05	0	0	0	0.0002315520078	0	0	0	0	0.00720248613735	0	0	0	0	0	1.21869477789e-05	0	0.00010968253001	1.21869477789e-05	0.000219365060021	0	0	0	0	0.00597160441168	0	0.000243738955579	0	0.000365608433368	1.21869477789e-05	0	0	0	0	0	0.00079215160563	0	0.00034123453781	0.000158430321126	0.00268112851136	0	0	0.00121869477789	0.00045091706782	1.21869477789e-05	0	0	0	0
1.21869477789e-05	0	0	0	0.00135275120346	0	0.00981049296204	0.00881116324417	0.016866735726	0	0.0387910547803	0.00176710742794	0.00123088172567	9.74955822314e-05	0.00671500822619	7.31216866736e-05	0	3.65608433368e-05	0	0.00190116385351	0.00153555542015	0	0	0	0.00113338614344	0	0.00160867710682	0	0.0112485528	0.00391201023704	0	0	0	0.000621534336725	0.00442386204375	0.00121869477789	0	0	0	0.000487477911157	0	0	0	0.00101151666565	0	0.00212052891353	0	0.000779964657851	0	0.00193772469685	0	0	0	0	0.00107245140455	0.00365608433368	0	0	0	0.000146243373347	0	0.00045091706782	0	0.00229114618244	0.00137712509902	0	0	0	0	0.0010968253001	7.31216866736e-05	1.21869477789e-05	0.00190116385351	0.00068246907562	2.43738955579e-05	0	0	6.09347388946e-05	1.21869477789e-05	0.00126744256901	3.65608433368e-05	0	1.21869477789e-05	0
0	0	0	0	0	0	0.00411918834928	8.53086344525e-05	0.000329047590031	0	0.00176710742794	0.0425446346962	0.00860398513192	0.00854305039303	0.0084455548108	2.43738955579e-05	0	0.000207178112242	0.0063615867406	0.0156724148437	0.00565474376942	0	0	0	0	0.00307111084029	0.022326488331	0	0.000584973493389	0.0162452013893	0	0.000219365060021	0.00107245140455	0	0.0295655353117	0	0	0	0	0	0	0	0	0	0	0	0.000207178112242	0	0.00174273353239	0	0	0	0	0.000146243373347	0	0	0	0	0	0	0.000816525501188	0.000146243373347	8.53086344525e-05	0	0	0	0	0	0	0.000121869477789	0.000414356224484	0.000182804216684	0.0066540734873	0.000268112851136	0	0	8.53086344525e-05	2.43738955579e-05	0.00125525562123	1.21869477789e-05	0	0	0	0.000170617268905
0	0	0	0	0.000182804216684	0	0.0090792760953	0	0.00316860642252	0.000365608433368	0.00123088172567	0.00860398513192	0.0295899092072	0.000292486746694	0.00358296264701	0.000719029918957	0	0.00010968253001	0.00266894156359	0.00875022850527	0.0102857839254	0	0	0	0.00045091706782	0	0.0106513923588	0	0.000146243373347	0.00394857108037	0	0	0	0	0.0125403692645	4.87477911157e-05	0	0	0	3.65608433368e-05	0	0.000548412650052	0	0.000389982328926	0.000377795381147	0.00057278654561	0.000840899396746	0.00599597830723	0	0.00191335080129	0	0	0	0.00428980561818	0.00309548473585	0.00545975260496	0	0	0	0.000170617268905	0	1.21869477789e-05	0	0	0.00251051124246	0	0	0	0	0.00242520260801	0.00107245140455	6.09347388946e-05	0.00326610200475	0.000597160441168	0.000621534336725	0	0	0	0.0010968253001	0.00458229236488	0	6.09347388946e-05	0	0
0	0	0	0	0	2.43738955579e-05	0.000511851806715	0	0.000402169276705	0	9.74955822314e-05	0.00854305039303	0.000292486746694	0.018134178295	0.00400950581927	1.21869477789e-05	0	0	1.21869477789e-05	0	8.53086344525e-05	0	0	0	0	0.0075193467796	0.00326610200475	0.00126744256901	0	0.0045701054171	0	0.0002315520078	0.00134056425568	0	0.00541100481384	0	0	0	0	0	0	0	0	0	0	0	0.000694656023399	0	0.00321735421364	0	0	0	0	0.00103589056121	8.53086344525e-05	0	0	0	0	0	0.00177929437572	0.00146243373347	0.000743403814515	0	0	0	0	0	0	0.000389982328926	9.74955822314e-05	0.000816525501188	0.00516726585827	0.00112119919566	0.000134056425568	0.000499664858936	0.000755590762294	0	0.00177929437572	8.53086344525e-05	1.21869477789e-05	0	9.74955822314e-05	0.000426543172263
0.0233014441533	0	0	0	7.31216866736e-05	1.21869477789e-05	0.00486259216379	0.0167083054049	0.0224605447566	3.65608433368e-05	0.00671500822619	0.0084455548108	0.00358296264701	0.00400950581927	0.0607884955213	7.31216866736e-05	0	0	0.00126744256901	0.000316860642252	0.00203522027908	0.00598379135945	4.87477911157e-05	0.00586192188166	0.00559380903053	0.000158430321126	0.00597160441168	0	0.00611784778502	0.0232770702578	0.0130765949668	0.000146243373347	0.00205959417464	0.00190116385351	0.0119432088234	0	0	0	0	3.65608433368e-05	0	0	0	0	6.09347388946e-05	0	0	0	2.43738955579e-05	0	0	0	1.21869477789e-05	0	0	0	0	0	1.21869477789e-05	3.65608433368e-05	2.43738955579e-05	0	0	0	0	0	0	0	0	0	0.0015599293157	0	0.00499664858936	0.00079215160563	0.000706842971178	0.000719029918957	0	4.87477911157e-05	1.21869477789e-05	0	0	0	0	1.21869477789e-05
0	0	0	0	0	0.00309548473585	0.00315641947474	4.87477911157e-05	0.000134056425568	0.0013283773079	7.31216866736e-05	2.43738955579e-05	0.000719029918957	1.21869477789e-05	7.31216866736e-05	0.00742185119737	0	0	0	2.43738955579e-05	0	0	0	2.43738955579e-05	0.00268112851136	0	2.43738955579e-05	0	4.87477911157e-05	0.000219365060021	0	0	0.00197428554019	2.43738955579e-05	4.87477911157e-05	0	0	0	0	1.21869477789e-05	0	0	0	0	0.000828712448967	0	0	0	0	0	0	0	0	0	0	0	0	0	0	0.000121869477789	0	0	0	0	0	0	0	0	0	2.43738955579e-05	0.000438730120041	0	0.000304673694473	0.000292486746694	0.00541100481384	0.000134056425568	0	6.09347388946e-05	0	3.65608433368e-05	2.43738955579e-05	0.000329047590031	0	0
0	0.000755590762294	0	0	0	0	0	0	0	0	0	0	0	0	0	0	0.0225336664432	0	0	0	0	0.00424105782707	0.018134178295	0.0102492230821	0.0038754493937	0	0	0.00186460301018	0.000146243373347	0	0	0	0	0	0	0	0	0	0	0	0	0	0	0	2.43738955579e-05	0	0	0	0	0	0	0.00609347388946	0	0	0	0	0.00187678995796	0.00905490219974	0.000743403814515	0.00442386204375	0	0	0	0.0063615867406	0	0	0	0	0	0	0.00192553774907	0.000621534336725	0	0	0	0	0	0	3.65608433368e-05	0	0	0	0	0
0	0.000658095180062	0.0124184997867	0	0	0	0	0	0	0	3.65608433368e-05	0.000207178112242	0.00010968253001	0	0	0	0	0.0331119371153	0	0.0027176893547	0.000170617268905	0.00124306867345	0	0.00984705380537	0	0	0.00676375601731	0.00472853573822	1.21869477789e-05	0.000207178112242	0	0	0	0	0.00893303272195	0	0.00286393272805	0.000524038754494	0	0	0	0	0	0	0	0	0	0	0	0	0	1.21869477789e-05	0.00966424958869	0	0	0	0	0	0.00459447931266	0	0	0.0013893120468	8.53086344525e-05	0	0	0	0	0	0	0.0013893120468	0.00302236304917	0.000743403814515	0.00414356224484	0.0013283773079	0	0	0	8.53086344525e-05	0.000414356224484	1.21869477789e-05	0	0	0	0
0	0	0	0	0	0	0.00229114618244	0	1.21869477789e-05	0	0	0.0063615867406	0.00266894156359	1.21869477789e-05	0.00126744256901	0	0	0	0.00866491987082	0.00313204557918	0.000804338553409	0	0	0	0	0	0.00700749497288	2.43738955579e-05	0	0.00340015843032	0	0	0	0	0.0056669307172	0	0	0	0	0	0	0	0	0	0	0	0	0	0	0	0	0	0	2.43738955579e-05	4.87477911157e-05	0	0	0	0	0	0	7.31216866736e-05	0	0	0	0	0	0	0	0	0.000926208031199	0.000670282127841	0.000767777710073	0.000389982328926	0	0	0	2.43738955579e-05	2.43738955579e-05	0	0	0	0	0
0	0	0	0	0	0	0.00382670160258	8.53086344525e-05	8.53086344525e-05	0	0.00190116385351	0.0156724148437	0.00875022850527	0	0.000316860642252	2.43738955579e-05	0	0.0027176893547	0.00313204557918	0.0296995917372	0.00625190421059	0	0	1.21869477789e-05	0	1.21869477789e-05	0.0222533666443	9.74955822314e-05	0.000621534336725	0.00396075802815	0	0	0	0	0.0205106331119	0	0	0	0	0	0	0	0	0	0	0	0	0	0	0	0	0	0	0	0.000146243373347	0	0	0	0	0	1.21869477789e-05	0.000170617268905	0	0	0	0	0	0	0	0	0.00617878252392	0.00235208092133	0.00811650722077	0.00180366827128	0	0	0	9.74955822314e-05	4.87477911157e-05	0	0	0	0	0
0	0	0	0	0.00229114618244	0	0.00376576686369	0	0.00197428554019	3.65608433368e-05	0.00153555542015	0.00565474376942	0.0102857839254	8.53086344525e-05	0.00203522027908	0	0	0.000170617268905	0.000804338553409	0.00625190421059	0.0221314971665	0	0	0	0.000694656023399	0	0.00688562549509	0	0.00242520260801	0.00258363292913	0	0	0	0.000134056425568	0.0096033148498	2.43738955579e-05	0	0	0	0.00166961184571	0	0	0	3.65608433368e-05	0.000146243373347	2.43738955579e-05	7.31216866736e-05	0.00376576686369	0	0.000463104015599	0	0	0	0.0022545853391	0.00340015843032	0.00736091645847	0	0	0	0.00190116385351	0	8.53086344525e-05	0	0.00010968253001	0.0022545853391	0	0	0	0	0.00258363292913	0.000584973493389	1.21869477789e-05	0.00415574919261	0.000329047590031	3.65608433368e-05	0	0	0.000670282127841	0.000134056425568	0.00436292730486	3.65608433368e-05	0	1.21869477789e-05	0
0.00584973493389	0	0.00101151666565	0	0	0	0	0.00282737188471	0.000463104015599	1.21869477789e-05	0	0	0	0	0.00598379135945	0	0.00424105782707	0.00124306867345	0	0	0	0.0540369264518	0.00416793614039	0.0315032600085	1.21869477789e-05	0	0	4.87477911157e-05	0.00882335019194	0.00218146365243	0.0209737371275	0	0	1.21869477789e-05	0.00385107549814	0	0	0	0	0	0	0	0	0	0.000194991164463	0	0	0	0	0	0	0.00263238072025	0	0	0	0	0.00120650783011	0.00413137529706	0.000658095180062	0.00268112851136	0	0	0	0.00338797148254	0	0	0	0	0	0.000304673694473	0.00446042288709	0.000840899396746	0.00380232770703	0.00260800682469	0.000377795381147	0.000243738955579	0	0.000146243373347	1.21869477789e-05	0.000621534336725	0.000414356224484	0	0	0
1.21869477789e-05	0.00583754798611	3.65608433368e-05	0	0	0	0	0	0	0.00437511425264	0	0	0	0	4.87477911157e-05	0	0.018134178295	0	0	0	0	0.00416793614039	0.0539394308695	0.0251294863202	0.0126866126379	0.000475290963378	0	0.0126500517945	0.00119432088234	9.74955822314e-05	0.000597160441168	0	0	0	0.000146243373347	0	0.000889647187862	0	0	0	0	0	0	0	0.00379014075925	0	0	0	0	0	0	0.0228870879288	7.31216866736e-05	0	0	0	0.00255925903358	0.0288708792883	0.00370483212479	0.008214002803	0	1.21869477789e-05	0.00275425019804	0.00951800621534	0	0	0	0	0	2.43738955579e-05	0.000987142770093	1.21869477789e-05	0.000377795381147	0.000304673694473	4.87477911157e-05	0	0	0.00218146365243	0.000182804216684	0	0	0	0	0
0.00597160441168	0.00237645481689	0.0272500152337	0	0	0	0	0.000524038754494	0.000804338553409	6.09347388946e-05	0	0	0	0	0.00586192188166	2.43738955579e-05	0.0102492230821	0.00984705380537	0	1.21869477789e-05	0	0.0315032600085	0.0251294863202	0.123185668149	0.000487477911157	0	0.000268112851136	0.0220827493754	0.00413137529706	0.00226677228688	0.0118700871367	0	0	1.21869477789e-05	0.00309548473585	0	0.0045701054171	0.000268112851136	0	0	0	0	0	0	0.000865273292304	0	0	0	0	0	0	0.0223508622266	0.00667844738285	0	0	0	0.00268112851136	0.024751690939	0.0179270001828	0.0043385534093	0	0	0.00252269819024	0.00448479678265	0	0	0	0	0	0.00151118152459	0.0129181646457	0.00124306867345	0.00358296264701	0.00544756565718	0.000292486746694	0.000219365060021	0	0.00360733654256	0.00045091706782	0.000743403814515	0.00045091706782	0	0	0
0.00502102248492	0.00281518493693	0	0	0.010419840351	0.00145024678569	0.000938394978978	0.00494790079825	0.00159649015904	0.0118700871367	0.00113338614344	0	0.00045091706782	0	0.00559380903053	0.00268112851136	0.0038754493937	0	0	0	0.000694656023399	1.21869477789e-05	0.0126866126379	0.000487477911157	0.0613856559625	0	0	0.00068246907562	0.0229358357199	0.00978611906648	0.00400950581927	0	0.000901834135641	0.00350984096033	0.00302236304917	1.21869477789e-05	0	0	0	0.0049722746938	0	0	0	0	0.0135275120346	0	0	0	0	0	0	0.00242520260801	6.09347388946e-05	0	1.21869477789e-05	0.00402169276705	0	0.00424105782707	0	0.0198525379319	0	3.65608433368e-05	0	0.00554506123941	2.43738955579e-05	0	0	0	1.21869477789e-05	1.21869477789e-05	0.00180366827128	0.00010968253001	0.00370483212479	0.00149899457681	0.00426543172263	0	0	0.000828712448967	7.31216866736e-05	0.000134056425568	2.43738955579e-05	0	0	0
0	0.00166961184571	0	0	0	0	0	0	0	0.000475290963378	0	0.00307111084029	0	0.0075193467796	0.000158430321126	0	0	0	0	1.21869477789e-05	0	0	0.000475290963378	0	0	0.0150021327159	0.00499664858936	0.00488696605935	0	0.000304673694473	0	0.000121869477789	0.000268112851136	0	0.000438730120041	0	0.000987142770093	0	0	0	0	0	0	0	0	0	0.000706842971178	0	0.00352202790811	0	0	0	0	0.00151118152459	0.00135275120346	0	0	0	0	0	0.00358296264701	0.00322954116142	0.00181585521906	0	0	0	0	0	0	0.000353421485589	0	0.000426543172263	0.000292486746694	0	0	0	0	0	0.00220583754799	0.000134056425568	0	0	0	0.000743403814515
0	0.00210834196575	0.00559380903053	0	0	0	0.00508195722381	8.53086344525e-05	0.000329047590031	0	0.00160867710682	0.022326488331	0.0106513923588	0.00326610200475	0.00597160441168	2.43738955579e-05	0	0.00676375601731	0.00700749497288	0.0222533666443	0.00688562549509	0	0	0.000268112851136	0	0.00499664858936	0.0857473645725	0.0209249893364	0.000536225702273	0.0114191700689	0	0.000365608433368	0.000158430321126	0	0.0242276521845	0	0.00771433794406	0.0015599293157	0	0	0	0	0	0	0	0	4.87477911157e-05	0	0.000365608433368	0	0	0	0.00481384437268	0.00186460301018	0.00281518493693	0	0	0	0	0	0.00199865943574	0.0101517274998	0.00359514959478	0	0	0	0	0	0	0	0.0113826092255	0.00677594296508	0.00883553713972	0.00251051124246	0	0	0	0.000804338553409	0.000389982328926	0	0	0	0	0
0	0.0169886052038	0.0241667174456	0	0	0	0	0	0	0.00118213393456	0	0	0	0.00126744256901	0	0	0.00186460301018	0.00472853573822	2.43738955579e-05	9.74955822314e-05	0	4.87477911157e-05	0.0126500517945	0.0220827493754	0.00068246907562	0.00488696605935	0.0209249893364	0.0835415270246	2.43738955579e-05	0	0	4.87477911157e-05	0	0	0.000121869477789	0	0.016866735726	0.00237645481689	0	0	0	0	0	0	0	0	0	0	0	0	0	0.00676375601731	0.00176710742794	0.000316860642252	0.000438730120041	0	0	0.00833587228079	0.00257144598135	0.000194991164463	0.00120650783011	0.00316860642252	0.0165742489793	0	0	0	0	0	0	0	0.000158430321126	2.43738955579e-05	0.000170617268905	0.000170617268905	0	0	0	1.21869477789e-05	0	0	0	0	0	0
0.00397294497593	0	0.000158430321126	0	0.00653220400951	0	0.000463104015599	0.0339162756688	0.00533788312717	0.00229114618244	0.0112485528	0.000584973493389	0.000146243373347	0	0.00611784778502	4.87477911157e-05	0.000146243373347	1.21869477789e-05	0	0.000621534336725	0.00242520260801	0.00882335019194	0.00119432088234	0.00413137529706	0.0229358357199	0	0.000536225702273	2.43738955579e-05	0.0759124977149	0.00793370300408	0.0091402108342	0	0	0.00264456766803	0.00346109316922	0	0	0	0	0.00426543172263	0	0	0	0	0.00721467308513	0	0	0	0	0	0	0.000877460240083	0	0	0	0.00296142831028	0	0.00127962951679	0.000182804216684	0.0136859423557	0	0	0	0.00282737188471	0	0	0	0	0	0.0002315520078	0.00259581987691	0	0.00673938212175	0.00393638413259	0.000511851806715	0.000219365060021	0	0.000207178112242	0	0.000402169276705	0.000292486746694	0	0	0
0.012845042959	0	0	0	0.000134056425568	0	0.00425324477485	0.00290049357139	0.00249832429468	0.000182804216684	0.00391201023704	0.0162452013893	0.00394857108037	0.0045701054171	0.0232770702578	0.000219365060021	0	0.000207178112242	0.00340015843032	0.00396075802815	0.00258363292913	0.00218146365243	9.74955822314e-05	0.00226677228688	0.00978611906648	0.000304673694473	0.0114191700689	0	0.00793370300408	0.0550606300652	0.0121747608311	0.000146243373347	0.00157211626348	0.0061909694717	0.0259460118213	0	0	0	0	0.000121869477789	0	0	1.21869477789e-05	0	0.00163305100238	0	0	0	2.43738955579e-05	0	0	0	1.21869477789e-05	0	1.21869477789e-05	0	0	0	1.21869477789e-05	0.00112119919566	2.43738955579e-05	1.21869477789e-05	0	2.43738955579e-05	0	0	0	0	0	0	0.000755590762294	0	0.0111388702699	0.00218146365243	0.000524038754494	0.000134056425568	1.21869477789e-05	0.00114557309122	2.43738955579e-05	0	0	0	0	1.21869477789e-05
0.0172079702638	0	0	0	0	0	0	0.00839680701968	0.00137712509902	2.43738955579e-05	0	0	0	0	0.0130765949668	0	0	0	0	0	0	0.0209737371275	0.000597160441168	0.0118700871367	0.00400950581927	0	0	0	0.0091402108342	0.0121747608311	0.0448235939309	0	0	0.00146243373347	0.00314423252696	0	0	0	0	0	0	0	0	0	0.000645908232283	0	0	0	0	0	0	0.000194991164463	1.21869477789e-05	0	0	0	0	0.000511851806715	1.21869477789e-05	0.000255925903358	0	0	0	0.000304673694473	0	0	0	0	0	0	0	0	0.00126744256901	7.31216866736e-05	3.65608433368e-05	0	0	0.000402169276705	0	0	0	0	0	0
0	0	0	0	0	0	0	0	0	0	0	0.000219365060021	0	0.0002315520078	0.000146243373347	0	0	0	0	0	0	0	0	0	0	0.000121869477789	0.000365608433368	4.87477911157e-05	0	0.000146243373347	0	0.000377795381147	1.21869477789e-05	0	0.000146243373347	0	0	0	0	0	0	0	0	0	0	0	0	0	7.31216866736e-05	0	0	0	0	2.43738955579e-05	0	0	0	0	0	0	0	2.43738955579e-05	1.21869477789e-05	0	0	0	0	0	0	0	0	1.21869477789e-05	0.000146243373347	0	0	0	0	0	7.31216866736e-05	0	0	0	0	0
0	0	0	0	0	0.00380232770703	0.00311985863141	0	0.00227895923466	0.000268112851136	0	0.00107245140455	0	0.00134056425568	0.00205959417464	0.00197428554019	0	0	0	0	0	0	0	0	0.000901834135641	0.000268112851136	0.000158430321126	0	0	0.00157211626348	0	1.21869477789e-05	0.00923770641643	0	0.00322954116142	0	0	0	0	0	0	0	0	0	0	0	0	0	2.43738955579e-05	0	0	1.21869477789e-05	0	0	0	0	0	0	1.21869477789e-05	0	2.43738955579e-05	0	0	0	0	0	0	0	0	0	0.00224239839132	0	0.00180366827128	0.00057278654561	0.00230333313022	0.00233989397355	0.000121869477789	1.21869477789e-05	1.21869477789e-05	0	0	0	0	1.21869477789e-05
0.000889647187862	0	0	0	0.00010968253001	0	0.000377795381147	0.00175492048017	0.000524038754494	0	0.000621534336725	0	0	0	0.00190116385351	2.43738955579e-05	0	0	0	0	0.000134056425568	1.21869477789e-05	0	1.21869477789e-05	0.00350984096033	0	0	0	0.00264456766803	0.0061909694717	0.00146243373347	0	0	0.00690999939065	0.00269331545914	0	0	0	0	0	0	0	0	0	0.000146243373347	0	0	0	0	0	0	0	0	0	0	0	0	0	0	3.65608433368e-05	0	0	0	0	0	0	0	0	0	0	0	0	0.00103589056121	0	0	0	0	9.74955822314e-05	0	0	0	0	0	0
0.000865273292304	0	9.74955822314e-05	0	0.000487477911157	0.000645908232283	0.00680031686064	0.00125525562123	0.00279081104137	2.43738955579e-05	0.00442386204375	0.0295655353117	0.0125403692645	0.00541100481384	0.0119432088234	4.87477911157e-05	0	0.00893303272195	0.0056669307172	0.0205106331119	0.0096033148498	0.00385107549814	0.000146243373347	0.00309548473585	0.00302236304917	0.000438730120041	0.0242276521845	0.000121869477789	0.00346109316922	0.0259460118213	0.00314423252696	0.000146243373347	0.00322954116142	0.00269331545914	0.066041070014	0	0	0	0	0	0	0	0	0	0.000536225702273	0	0	0	2.43738955579e-05	0	0	2.43738955579e-05	8.53086344525e-05	0	0	0	0	0.000170617268905	0.000280299798915	0.000134056425568	2.43738955579e-05	0	0	0	0	0	0	0	0	6.09347388946e-05	0.00123088172567	4.87477911157e-05	0.0223143013832	0.00265675461581	1.21869477789e-05	0.00159649015904	0.000255925903358	0.00068246907562	1.21869477789e-05	0.000207178112242	3.65608433368e-05	0	0	1.21869477789e-05
0	0	0	0	2.43738955579e-05	0	0	0	0	1.21869477789e-05	0.00121869477789	0	4.87477911157e-05	0	0	0	0	0	0	0	2.43738955579e-05	0	0	0	1.21869477789e-05	0	0	0	0	0	0	0	0	0	0	0.0260435074036	0	0	0	0.00126744256901	0	9.74955822314e-05	0.0102248491865	0.00148680762903	1.21869477789e-05	0.00308329778807	3.65608433368e-05	0.000121869477789	0	0.0206812503808	0	3.65608433368e-05	0	2.43738955579e-05	0.00108463835232	0.00287611967583	0.00160867710682	0	0.000828712448967	0.00269331545914	0	0.000194991164463	0	0.00837243312412	0.00850648954969	0.00883553713972	0	0	7.31216866736e-05	0.00124306867345	0	0	0	0	0	0	0	0	2.43738955579e-05	0.00108463835232	0	0	0	0
0	0.0145390287003	0.00336359758698	0	0	0	0	0	0	0	0	0	0	0	0	0	0	0.00286393272805	0	0	0	0	0.000889647187862	0.0045701054171	0	0.000987142770093	0.00771433794406	0.016866735726	0	0	0	0	0	0	0	0	0.038864176467	0.00336359758698	0	0	0	0	0	0	0.00338797148254	0	0	0	0	0	0	0.00220583754799	0.00574005240388	0	9.74955822314e-05	0	0	0.00754372067516	0.00517945280604	0.00476509658156	0.00264456766803	0.00505758332826	0.0219730668454	4.87477911157e-05	0	0	0	0	0	0.000426543172263	0.00045091706782	0.000146243373347	8.53086344525e-05	0	0	0	0	0.0002315520078	0	0	0	0	0	0
0	0.0025470720858	0.000438730120041	0	0	0	0	0	0	0	0	0	0	0	0	0	0	0.000524038754494	0	0	0	0	0	0.000268112851136	0	0	0.0015599293157	0.00237645481689	0	0	0	0	0	0	0	0	0.00336359758698	0.0307111084029	0	0	0	0	0	0	0	0	0	0	0	0	0	0	0.00375357991591	0	0	0	8.53086344525e-05	0	0.0093108281031	0	0	0.00667844738285	0.0167814270916	0	0	0	0	0	0	0	1.21869477789e-05	0	0	2.43738955579e-05	0	0	0	0	0	0	0	0	0	0
0	0	0	0	0	0	0	0	0	0	0	0	0	0	0	0	0	0	0	0	0	0	0	0	0	0	0	0	0	0	0	0	0	0	0	0	0	0	0	0	0	0	0	0	0	0	0	0	0	0	0	0	0	0	0	0	0	0	0	0	0	0	0	0	0	0	0	0	0	0	0	0	0	0	0	0	0	0	0	0	0	0	0	0
0	0	0	0	0.00632502589726	0	1.21869477789e-05	0.00079215160563	0	0.0002315520078	0.000487477911157	0	3.65608433368e-05	0	3.65608433368e-05	1.21869477789e-05	0	0	0	0	0.00166961184571	0	0	0	0.0049722746938	0	0	0	0.00426543172263	0.000121869477789	0	0	0	0	0	0.00126744256901	0	0	0	0.0245566997745	0	0	0.00430199256596	0.00131619036012	0.00184022911462	0.00361952349034	0	0.00166961184571	0	0.00192553774907	0	0	0	0	0.00164523795016	0.0123088172567	0	0	0	0.0138078118335	0	0.000329047590031	0	0.0115410395466	0.00163305100238	0	0	0	0	0.00126744256901	0.000134056425568	0	0.00045091706782	0.000329047590031	1.21869477789e-05	0	0	0.0013283773079	0.000158430321126	0.00389982328926	0.000243738955579	0	3.65608433368e-05	0
0	0	0	0	0	0	0	0	0	0	0	0	0	0	0	0	0	0	0	0	0	0	0	0	0	0	0	0	0	0	0	0	0	0	0	0	0	0	0	0	0.00535007007495	0.00251051124246	0	9.74955822314e-05	0.000524038754494	0	0	0.0002315520078	0	0	0.00242520260801	0	0	0	0	0	0	0	0	0.000292486746694	0	0	0	0	0	0	0	0.00223021144354	0	0.000146243373347	0	0	0	0	0	0	0	0.000633721284504	0	0.000389982328926	0.000146243373347	0.00309548473585	0.00227895923466	0
0	0	0	0	0	0	0	0	0	0	0	0	0.000548412650052	0	0	0	0	0	0	0	0	0	0	0	0	0	0	0	0	0	0	0	0	0	0	9.74955822314e-05	0	0	0	0	0.00251051124246	0.0268965937481	0.000243738955579	0.00790932910852	0.000170617268905	0.0112851136433	0.00293705441472	0.00680031686064	0	0.000816525501188	0.0032417281092	0	0	0.00342453232588	0.000134056425568	0.00154774236792	0	0	0	7.31216866736e-05	0	9.74955822314e-05	0	0.000329047590031	0.000731216866736	0	0	0.00118213393456	0	0.00288830662361	0	0	0	0	0	0	0	0.00130400341235	0.00326610200475	0.00416793614039	6.09347388946e-05	0.00449698373042	0.000463104015599	0
0	0	0	0	0	0	0	0	0	0	0	0	0	0	0	0	0	0	0	0	0	0	0	0	0	0	0	0	0	1.21869477789e-05	0	0	0	0	0	0.0102248491865	0	0	0	0.00430199256596	0	0.000243738955579	0.0584729754433	0.00584973493389	0	0.00923770641643	0	0	0	0.0149655718725	0	0	0	0	0.000158430321126	6.09347388946e-05	0.00411918834928	0	1.21869477789e-05	0.00793370300408	0	0	0	0.0382304551825	0.00332703674365	0.00632502589726	0	0	0.000511851806715	0.000645908232283	4.87477911157e-05	0	0	0	0	0	0	0.000280299798915	2.43738955579e-05	0.00218146365243	0.000207178112242	0	0	0
0	0	0	0	3.65608433368e-05	0	0	0	0	0	0.00101151666565	0	0.000389982328926	0	0	0	0	0	0	0	3.65608433368e-05	0	0	0	0	0	0	0	0	0	0	0	0	0	0	0.00148680762903	0	0	0	0.00131619036012	9.74955822314e-05	0.00790932910852	0.00584973493389	0.029273048565	0	0.0157211626348	0.000402169276705	0.00240082871245	1.21869477789e-05	0.0106757662543	0.000889647187862	0	0	0.000402169276705	1.21869477789e-05	0.00424105782707	0.000779964657851	0	1.21869477789e-05	1.21869477789e-05	0	3.65608433368e-05	0	0.00514289196271	0.00187678995796	0.00134056425568	0	0.000974955822314	0	0.000438730120041	0	0	0	0	0	0	0	0.00322954116142	0.000194991164463	0.00308329778807	0.0018524160624	0.00258363292913	0.001157760039	0
6.09347388946e-05	0	0	0	0.00377795381147	0	0.000146243373347	0.00118213393456	6.09347388946e-05	0.00720248613735	0	0	0.000377795381147	0	6.09347388946e-05	0.000828712448967	2.43738955579e-05	0	0	0	0.000146243373347	0.000194991164463	0.00379014075925	0.000865273292304	0.0135275120346	0	0	0	0.00721467308513	0.00163305100238	0.000645908232283	0	0	0.000146243373347	0.000536225702273	1.21869477789e-05	0.00338797148254	0	0	0.00184022911462	0.000524038754494	0.000170617268905	0	0	0.0350374748644	0	0	0.000865273292304	0	0	0.00192553774907	0.00182804216684	0.000207178112242	0	6.09347388946e-05	0.000938394978978	0	0.00837243312412	1.21869477789e-05	0.0282859057949	0.00104807750899	0.000158430321126	0.00118213393456	0.00353421485589	2.43738955579e-05	0	0	6.09347388946e-05	1.21869477789e-05	2.43738955579e-05	0.00137712509902	3.65608433368e-05	0.00175492048017	0.000962768874535	0.00141368594236	0	0	0.0031807933703	0.000377795381147	0.000146243373347	2.43738955579e-05	0.00197428554019	0.000170617268905	0
0	0	0	0	2.43738955579e-05	0	0	0	0	0	0.00212052891353	0	0.00057278654561	0	0	0	0	0	0	0	2.43738955579e-05	0	0	0	0	0	0	0	0	0	0	0	0	0	0	0.00308329778807	0	0	0	0.00361952349034	0	0.0112851136433	0.00923770641643	0.0157211626348	0	0.038973858997	0.00121869477789	0.00386326244592	0	0.0121991347267	0	0	0	0.00129181646457	0.00142587289013	0.00711717750289	0.000755590762294	0	0	6.09347388946e-05	0	0.000353421485589	0	0.0134665772957	0.00375357991591	0.0010968253001	0	0	0	0.00319298031808	0	0	0	0	0	0	0	3.65608433368e-05	0.00136493815124	0.00392419718482	3.65608433368e-05	0	0	0
0	0	0	0	0	0	0	0	0	0	0	0.000207178112242	0.000840899396746	0.000694656023399	0	0	0	0	0	0	7.31216866736e-05	0	0	0	0	0.000706842971178	4.87477911157e-05	0	0	0	0	0	0	0	0	3.65608433368e-05	0	0	0	0	0	0.00293705441472	0	0.000402169276705	0	0.00121869477789	0.0262750594114	0.00444823593931	0.0075193467796	0.00285174578027	3.65608433368e-05	0	0	0.0122113216745	0.00165742489793	0.00182804216684	0	0	0	0	0.000536225702273	0.00216927670465	0.00034123453781	0	0.00500883553714	0	0.00104807750899	0.000584973493389	0	0.0106148315154	0	0.000255925903358	0	0	0	0	0	0.000463104015599	0.00766559015295	0.0115897873378	0.000146243373347	0	1.21869477789e-05	0.00153555542015
0	0	0	0	0.000597160441168	0	0	0	0	0	0.000779964657851	0	0.00599597830723	0	0	0	0	0	0	0	0.00376576686369	0	0	0	0	0	0	0	0	0	0	0	0	0	0	0.000121869477789	0	0	0	0.00166961184571	0.0002315520078	0.00680031686064	0	0.00240082871245	0.000865273292304	0.00386326244592	0.00444823593931	0.0295655353117	0	0.00431417951374	0.00170617268905	0	0	0.0128572299068	0.00882335019194	0.017695448175	0	0	0	0.000548412650052	0	0.000280299798915	0	0.000524038754494	0.00655657790506	0	0	6.09347388946e-05	0	0.00920114557309	0	0	0	0	0	0	0	0.00201084638352	0.00525257449272	0.0175979525928	0.000219365060021	0.00123088172567	0.00010968253001	0
0	0	0	0	0	0	0	0	0	0	0	0.00174273353239	0	0.00321735421364	2.43738955579e-05	0	0	0	0	0	0	0	0	0	0	0.00352202790811	0.000365608433368	0	0	2.43738955579e-05	0	7.31216866736e-05	2.43738955579e-05	0	2.43738955579e-05	0	0	0	0	0	0	0	0	1.21869477789e-05	0	0	0.0075193467796	0	0.0178904393395	0.000219365060021	0	0	0	0.00119432088234	0	0	0	0	0	0	0.00379014075925	0.00204740722686	0.00246176345134	0	0.00255925903358	0	0.00169398574127	0.00126744256901	0	0.00499664858936	0	0.000268112851136	1.21869477789e-05	0	0	0	0	0	0.00510633111937	0.00365608433368	0	0	1.21869477789e-05	0.00175492048017
0	0	0	0	3.65608433368e-05	0	0	0	0	0	0.00193772469685	0	0.00191335080129	0	0	0	0	0	0	0	0.000463104015599	0	0	0	0	0	0	0	0	0	0	0	0	0	0	0.0206812503808	0	0	0	0.00192553774907	0	0.000816525501188	0.0149655718725	0.0106757662543	0	0.0121991347267	0.00285174578027	0.00431417951374	0.000219365060021	0.0456035585888	3.65608433368e-05	3.65608433368e-05	0	0.00444823593931	0.00494790079825	0.0100298580221	0.00224239839132	0	0.000828712448967	0.000645908232283	0	0.00045091706782	0	0.0100054841265	0.0160745841204	0.00909146304308	6.09347388946e-05	0	0	0.00680031686064	0	0	0	0	0	0	0	0.000146243373347	0.000901834135641	0.00818962890744	0.000134056425568	6.09347388946e-05	0	0
0	0	0	0	0	0	0	0	0	1.21869477789e-05	0	0	0	0	0	0	0	0	0	0	0	0	0	0	0	0	0	0	0	0	0	0	0	0	0	0	0	0	0	0	0.00242520260801	0.0032417281092	0	0.000889647187862	0.00192553774907	0	3.65608433368e-05	0.00170617268905	0	3.65608433368e-05	0.00658095180062	0	0	3.65608433368e-05	0	3.65608433368e-05	0	0	0	0.0013893120468	0	1.21869477789e-05	0	4.87477911157e-05	0	0	0	0.000645908232283	0	3.65608433368e-05	0	0	0	0	1.21869477789e-05	0	0	4.87477911157e-05	3.65608433368e-05	0.000329047590031	4.87477911157e-05	0.00465541405155	0.000877460240083	0
0	7.31216866736e-05	6.09347388946e-05	0	0	0	0	0	1.21869477789e-05	0	0	0	0	0	0	0	0.00609347388946	1.21869477789e-05	0	0	0	0.00263238072025	0.0228870879288	0.0223508622266	0.00242520260801	0	0	0.00676375601731	0.000877460240083	0	0.000194991164463	0	1.21869477789e-05	0	2.43738955579e-05	3.65608433368e-05	0.00220583754799	0	0	0	0	0	0	0	0.00182804216684	0	0	0	0	3.65608433368e-05	0	0.0429589909207	2.43738955579e-05	0	0.000146243373347	0	0.00322954116142	0.0331484979587	0.00873804155749	0.010200475291	8.53086344525e-05	0.000219365060021	0.00588629577722	0.0072268600329	0.000329047590031	0.000219365060021	0	0	0.000329047590031	0.000524038754494	2.43738955579e-05	0	4.87477911157e-05	9.74955822314e-05	0	1.21869477789e-05	0	0.00448479678265	0.000292486746694	0.000365608433368	0.000170617268905	0	0	0
1.21869477789e-05	0.00123088172567	0.00811650722077	0	0	0	0	0	0	0.00010968253001	0	0	0	0	1.21869477789e-05	0	0	0.00966424958869	0	0	0	0	7.31216866736e-05	0.00667844738285	6.09347388946e-05	0	0.00481384437268	0.00176710742794	0	1.21869477789e-05	1.21869477789e-05	0	0	0	8.53086344525e-05	0	0.00574005240388	0.00375357991591	0	0	0	0	0	0	0.000207178112242	0	0	0	0	0	0	2.43738955579e-05	0.0349277923344	0	0.0038145146548	0	0.00010968253001	1.21869477789e-05	0.0121747608311	6.09347388946e-05	0	0.00498446164158	0.00160867710682	3.65608433368e-05	0.000255925903358	0	0	0	0	0.00675156906953	0.00258363292913	0.000304673694473	0.000329047590031	0.000268112851136	0	0	0	0.00241301566023	0.00223021144354	0.00226677228688	0.000121869477789	0	0	0
0	0	0	0	0	0	0	0	0	1.21869477789e-05	0	0.000146243373347	0.00428980561818	0.00103589056121	0	0	0	0	2.43738955579e-05	0	0.0022545853391	0	0	0	0	0.00151118152459	0.00186460301018	0.000316860642252	0	0	0	2.43738955579e-05	0	0	0	2.43738955579e-05	0	0	0	0	0	0.00342453232588	0	0.000402169276705	0	0.00129181646457	0.0122113216745	0.0128572299068	0.00119432088234	0.00444823593931	3.65608433368e-05	0	0	0.0283712144293	0.00878678934861	0.00971299737981	0	0	0	1.21869477789e-05	0.000389982328926	0.00704405581622	0.00126744256901	0	0.00875022850527	0	0.000280299798915	0.000499664858936	0	0.010968253001	3.65608433368e-05	0	0	0	0	0	0	0.00166961184571	0.00933520199866	0.0206690634331	0.000146243373347	0	2.43738955579e-05	0
0	0	0	0	0.000292486746694	0	0	0	0	0.000219365060021	0.00107245140455	0	0.00309548473585	8.53086344525e-05	0	0	0	0	4.87477911157e-05	0.000146243373347	0.00340015843032	0	0	0	1.21869477789e-05	0.00135275120346	0.00281518493693	0.000438730120041	0	1.21869477789e-05	0	0	0	0	0	0.00108463835232	9.74955822314e-05	0	0	0.00164523795016	0	0.000134056425568	0.000158430321126	1.21869477789e-05	6.09347388946e-05	0.00142587289013	0.00165742489793	0.00882335019194	0	0.00494790079825	0	0.000146243373347	0.0038145146548	0.00878678934861	0.0377673511669	0.012845042959	1.21869477789e-05	0	0.000182804216684	8.53086344525e-05	0.000865273292304	0.0135884467735	0.000255925903358	0.00270550240692	0.00804338553409	0	0	0	0	0.0170007921516	0.000414356224484	0.000146243373347	6.09347388946e-05	2.43738955579e-05	1.21869477789e-05	0	0	0.00489915300713	0.00744622509293	0.0201572116263	0.000268112851136	0	2.43738955579e-05	0
0	0	0	0	0.00570349156054	0	0	4.87477911157e-05	0	0	0.00365608433368	0	0.00545975260496	0	0	0	0	0	0	0	0.00736091645847	0	0	0	0.00402169276705	0	0	0	0.00296142831028	0	0	0	0	0	0	0.00287611967583	0	0	0	0.0123088172567	0	0.00154774236792	6.09347388946e-05	0.00424105782707	0.000938394978978	0.00711717750289	0.00182804216684	0.017695448175	0	0.0100298580221	3.65608433368e-05	0	0	0.00971299737981	0.012845042959	0.0381329596003	0	0	0	0.00628846505393	0	0.00108463835232	0	0.00592285662056	0.0112973005911	0	0	0	0	0.0112363658522	0	0	0	0	0	0	0	0.00221802449577	0.00240082871245	0.0186947778929	0.000207178112242	0	9.74955822314e-05	0
0	0	0	0	0	0	0	0	0	0	0	0	0	0	0	0	0.00187678995796	0	0	0	0	0.00120650783011	0.00255925903358	0.00268112851136	0	0	0	0	0	0	0	0	0	0	0	0.00160867710682	0	8.53086344525e-05	0	0	0	0	0.00411918834928	0.000779964657851	0	0.000755590762294	0	0	0	0.00224239839132	0	0.00322954116142	0.00010968253001	0	1.21869477789e-05	0	0.0412406312839	0.00270550240692	0.0247638778868	0.00297361525806	0	2.43738955579e-05	6.09347388946e-05	0.0106879532021	0.000475290963378	0.0145268417525	0	0	0	0.00360733654256	1.21869477789e-05	1.21869477789e-05	0	2.43738955579e-05	0	0	0	0.00488696605935	0.000280299798915	0.00146243373347	0.000377795381147	0	0	0
0	1.21869477789e-05	0.000292486746694	0	0	0	0	0	0	0	0	0	0	0	0	0	0.00905490219974	0	0	0	0	0.00413137529706	0.0288708792883	0.024751690939	0.00424105782707	0	0	0.00833587228079	0.00127962951679	0	0.000511851806715	0	0	0	0.000170617268905	0	0.00754372067516	0	0	0	0	0	0	0	0.00837243312412	0	0	0	0	0	0	0.0331484979587	1.21869477789e-05	0	0	0	0.00270550240692	0.0515264152093	0.00504539638048	0.0173907744805	0.00126744256901	6.09347388946e-05	0.00853086344525	0.00995673633538	0	0	0	0	0	1.21869477789e-05	0.000548412650052	0	0.000219365060021	0.000219365060021	0	0	0	0.00160867710682	6.09347388946e-05	0	0	0	0	0
1.21869477789e-05	0.00293705441472	0.0048016574249	0	0	0	0	0	1.21869477789e-05	0	0	0	0	0	1.21869477789e-05	0	0.000743403814515	0.00459447931266	0	0	0	0.000658095180062	0.00370483212479	0.0179270001828	0	0	0	0.00257144598135	0.000182804216684	1.21869477789e-05	1.21869477789e-05	0	1.21869477789e-05	0	0.000280299798915	0.000828712448967	0.00517945280604	0.0093108281031	0	0	0	0	1.21869477789e-05	1.21869477789e-05	1.21869477789e-05	0	0	0	0	0.000828712448967	0	0.00873804155749	0.0121747608311	0	0.000182804216684	0	0.0247638778868	0.00504539638048	0.0862348424837	0.00106026445677	0	0.000255925903358	0.0122966303089	0.0038145146548	0.000560599597831	0.00698312107733	0	0	0.000207178112242	0.00885991103528	0.00136493815124	9.74955822314e-05	0.000706842971178	0.00137712509902	0	1.21869477789e-05	0	0.00912802388642	0.00143805983791	0.00441167509597	0.00106026445677	0.00010968253001	0	0
1.21869477789e-05	0.000353421485589	0	0	0.00805557248187	0	2.43738955579e-05	0.00348546706477	1.21869477789e-05	0.00597160441168	0.000146243373347	0	0.000170617268905	0	3.65608433368e-05	0.000121869477789	0.00442386204375	0	0	0	0.00190116385351	0.00268112851136	0.008214002803	0.0043385534093	0.0198525379319	0	0	0.000194991164463	0.0136859423557	0.00112119919566	0.000255925903358	0	0	3.65608433368e-05	0.000134056425568	0.00269331545914	0.00476509658156	0	0	0.0138078118335	0.000292486746694	7.31216866736e-05	0.00793370300408	1.21869477789e-05	0.0282859057949	6.09347388946e-05	0	0.000548412650052	0	0.000645908232283	0.0013893120468	0.010200475291	6.09347388946e-05	1.21869477789e-05	8.53086344525e-05	0.00628846505393	0.00297361525806	0.0173907744805	0.00106026445677	0.077508987874	0.00114557309122	9.74955822314e-05	0.00252269819024	0.0319419901286	0.00482603132046	0.000511851806715	0	0	0.002315520078	0.00209615501798	0.000694656023399	0	0.00149899457681	0.00101151666565	0.00034123453781	0	0	0.00620315641947	0.000438730120041	0.00215708975687	0.000804338553409	0.000962768874535	0.000170617268905	0
