0.0297019600641	0	4.08134112869e-05	0	9.18301753956e-05	0	0.000714234697522	0.00988704888426	0.00716275368086	0	0.0010815553991	1.02033528217e-05	0.00313242931627	0	0.0198761312967	0	0	0	0	0	0.00213250073974	0.000969318518065	0	0.000928505106778	0.00212229738692	0	0	0	0.0124582937953	0.0238044221331	0.0181109512586	0	7.14234697522e-05	0.00275490526187	0.00139785933658	0	0	0	0	0	0	0	0	0	0	0	0	0	0	0	0	0	0	0	0	0	0	0	0	0	0	0	0	0	0	0	0	0	0	0	0	0	0.000122440233861	2.04067056435e-05	0	0	0	0	0	0	0	0	0	0
0	0.0326507290296	2.04067056435e-05	0	0	0	0	0	0	0.00392829083637	0	0	0	0	0	0	0.000163253645148	0	0	0	0	0	0.00857081637026	3.06100584652e-05	0.00419357800973	0.00277531196751	0.00380585060251	0.0293448427153	0	0	0	0	0	0	0	0	0.0161008907527	0	0	0	0	0	0	0	0	0	0	0	0.000132643586683	0	0	0.000775454814452	3.06100584652e-05	0	3.06100584652e-05	0	0	0.00504045629394	0	1.02033528217e-05	0.000244880467722	0.000561184405196	0.0239676757783	1.02033528217e-05	0	0	0	0	0	0	0	0	0	0	0	0	0	0	0	0	0	0	0	0
4.08134112869e-05	2.04067056435e-05	0.0372320344465	0	0	0	0	9.18301753956e-05	0	0	0	0	0	0	4.08134112869e-05	1.02033528217e-05	0	0.0058669278725	0	0.000142846939504	0	0.00288754884855	9.18301753956e-05	0.0161825175753	3.06100584652e-05	0	0.00696888997725	0.0170498025651	0.00017345699797	4.08134112869e-05	0.00133663921965	0	0	3.06100584652e-05	0.00309161590499	0	0.000183660350791	2.04067056435e-05	0	0	0	0	0	0	0	0	0	0	0	0	0	5.10167641087e-05	0	0	3.06100584652e-05	0	0.000132643586683	0.00135704592529	0.00167334986276	2.04067056435e-05	0	0	0.00430581489077	5.10167641087e-05	0	0	0	0	0	0.000112236881039	0.00130602916118	0.000336710643117	0.00313242931627	0.0029589723183	0.00112236881039	3.06100584652e-05	0	0.00195904374177	3.06100584652e-05	0.0004693542298	0	0	0	0
0	0	0	0	0	0	0	0	0	0	0	0	0	0	0	0	0	0	0	0	0	0	0	0	0	0	0	0	0	0	0	0	0	0	0	0	0	0	0	0	0	0	0	0	0	0	0	0	0	0	0	0	0	0	0	0	0	0	0	0	0	0	0	0	0	0	0	0	0	0	0	0	0	0	0	0	0	0	0	0	0	0	0	0
9.18301753956e-05	0	0	0	0.0211923638107	7.14234697522e-05	0.00099992857653	0.000142846939504	0.00219372085667	2.04067056435e-05	0.000948911812422	0.00157131633455	0.00661177262849	0.000367320701583	0.00222433091514	0.000989725223709	0	0	0.000397930760048	0	0.0101625394105	0	0	0	0.00749946432398	0	0.00017345699797	0	0.00879529013234	0.00251002479415	0	0	4.08134112869e-05	7.14234697522e-05	0.00226514432643	0	0	0	0	0.00293856561266	0	0.00017345699797	0	0	0.00438744171335	0.00491801606008	0	0.00387727407226	0	0	0	0	0	0	0	0.00628526533819	0	0	0	0.00449967859439	0	0	0	0.000214270409256	0	0	0	0	0	0	0.000255083820543	1.02033528217e-05	0.000275490526187	0.000122440233861	0.00180599344945	1.02033528217e-05	0.000112236881039	1.02033528217e-05	0	1.02033528217e-05	0	0	0	0
0	0	0	0	7.14234697522e-05	0.00816268225739	0.00291815890702	7.14234697522e-05	0.00129582580836	0.000438744171335	9.18301753956e-05	4.08134112869e-05	0	0.000153050292326	0.000448947524156	0.0029079555542	0	0	0	0	0	0	0	1.02033528217e-05	0.00136724927811	0	0	0	0.000693827991878	0.000612201169304	0	0	0.00133663921965	3.06100584652e-05	0.00175497668534	0	0	0	0	1.02033528217e-05	0	0	0	0	2.04067056435e-05	1.02033528217e-05	0	1.02033528217e-05	0	0	0	0	0	0	0	1.02033528217e-05	7.14234697522e-05	0	0	3.06100584652e-05	0	0	0	0.000244880467722	0	0	0	0	0	0	0.00283653208444	0	0.000755048108809	5.10167641087e-05	0.003663003663	0.000244880467722	3.06100584652e-05	0.000265287173365	0	0	0	0	0	0
0.000714234697522	0	0	0	0.00099992857653	0.00291815890702	0.0262532268103	0.0020202638587	0.012876631261	0.000367320701583	0.00558123399349	0.000387727407226	0.00978501535605	3.06100584652e-05	0.00387727407226	0.00181619680227	0	0	0.000204067056435	0	0.00215290744539	0	0	0	0.00151009621762	0	0.000265287173365	0	0.00136724927811	0.0020202638587	0	0	0.000244880467722	0.000377524054404	0.00186721356638	0	0	0	0	0	0	0	0	0	0	0	0	0.000244880467722	0	0	0	0	0	0	0	0	0	0	0	0	0	0	0	0	0	0	0	0	0	0	0.00209168732846	1.02033528217e-05	0.001316232514	0.000346913995939	0.00275490526187	0.000387727407226	5.10167641087e-05	0	0	0	0	0	0	0
0.00988704888426	0	9.18301753956e-05	0	0.000142846939504	7.14234697522e-05	0.0020202638587	0.0474047772098	0.00894834042466	2.04067056435e-05	0.00532615017295	0.0002346771149	3.06100584652e-05	9.18301753956e-05	0.00827491913843	0.000142846939504	0	0	0	0	0.000153050292326	0.000591794463661	0	0.00210189068128	8.16268225739e-05	0	0.000163253645148	0	0.0290897588948	0.0137643229565	0.0187945758976	0	0.00017345699797	0.00723417715061	0.00448947524156	0	0	1.02033528217e-05	0	0.0002346771149	0	0	0	0	0.000448947524156	0.000448947524156	0	0.000112236881039	0	0	0	0	0	0	0	0.000204067056435	1.02033528217e-05	0	0	0.000448947524156	0	0	0	0.000122440233861	0	0	0	0	0	0	8.16268225739e-05	1.02033528217e-05	0.00177538339098	0.000540777699552	7.14234697522e-05	0.000265287173365	0.000204067056435	0	0	0	0	0	0	0
0.00716275368086	0	0	0	0.00219372085667	0.00129582580836	0.012876631261	0.00894834042466	0.0405481241136	0.000122440233861	0.00552001387656	0.00246921138286	0.0133153754324	0.00253043149979	0.0239676757783	0.000622404522126	0	0	0	0	0.00824430907996	0	0	0	0.00142846939504	0	0	0	0.00452008530003	0.0102645729387	0.000316303937474	0	0.00330588631424	0.000836674931382	0.0067138061567	0	0	0	0	1.02033528217e-05	0	0	0	0	5.10167641087e-05	4.08134112869e-05	0	8.16268225739e-05	0	0	0	0	0	0	0	5.10167641087e-05	0	0	0	5.10167641087e-05	0	0	0	0	0	0	0	0	0	0	0.00119379228014	0.000122440233861	0.0016427398043	0.000846878284204	0.00120399563296	0.00159172304019	0.000510167641087	4.08134112869e-05	0	0	0	1.02033528217e-05	0	0
0	0.00392829083637	0	0	2.04067056435e-05	0.000438744171335	0.000367320701583	2.04067056435e-05	0.000122440233861	0.0226820533227	2.04067056435e-05	3.06100584652e-05	0.00112236881039	2.04067056435e-05	0	0.00133663921965	0.00209168732846	0	0	0	0	0	0.0141622537166	0.00214270409256	0.014192863775	0.0009387084596	0.000428540818513	0.00689746650749	0.0026732784393	0.00128562245554	0.000438744171335	0	0	0.00115297886886	0.00184680686073	3.06100584652e-05	0.000122440233861	0	0	0.000316303937474	0	0	0	0	0.00713214362239	0.000326507290296	1.02033528217e-05	1.02033528217e-05	5.10167641087e-05	0	0	0.00402012101176	0	0	0	0.000122440233861	5.10167641087e-05	0.00726478720908	0.00385686736662	0.00599957145918	8.16268225739e-05	4.08134112869e-05	0.000163253645148	0.00477516912057	2.04067056435e-05	0	0	0	0	0	0.00160192639301	0	0.00169375656841	0.000744844755987	0.00115297886886	0.000142846939504	0	0.000857081637026	1.02033528217e-05	0.000673421286235	0.000224473762078	0.000265287173365	0	0
0.0010815553991	0	0	0	0.000948911812422	9.18301753956e-05	0.00558123399349	0.00532615017295	0.00552001387656	2.04067056435e-05	0.0236513718408	0.00188762027202	0.00412215453998	0.000122440233861	0.00197945044742	4.08134112869e-05	0	0	0.000816268225739	0	0.00450988194721	0	0	0	3.06100584652e-05	0	0.000653014580591	0	0.00381605395533	0.00292836225984	0	0	0	3.06100584652e-05	0.00239778791311	0	0	0	0	0.000489760935443	0	0	0	0	0.00533635352577	0.00589753793096	0	0.00353036007632	0	0	0	0	0	0	0	0.00520370993909	0	0	0	0.00552001387656	0	0	0	0.000183660350791	0	0	0	0	0	0	5.10167641087e-05	0	0.000357117348761	0	3.06100584652e-05	0	0	0	0	0	0	0	0	0
1.02033528217e-05	0	0	0	0.00157131633455	4.08134112869e-05	0.000387727407226	0.0002346771149	0.00246921138286	3.06100584652e-05	0.00188762027202	0.0358749885212	0.00318344608038	0.0115093819829	0.00662197598131	0	0	0	0.00590774128379	0.00561184405196	0.00371402042711	0	0	1.02033528217e-05	0.000265287173365	0.000153050292326	0.0131215117288	3.06100584652e-05	0.00118358892732	0.0144989643597	3.06100584652e-05	0.00119379228014	0.00201006050588	0.00105094534064	0.0221718856816	0	0	0	0	1.02033528217e-05	0	1.02033528217e-05	0	0	0.00171416327405	0.00217331415103	0.000908098401135	0.0002346771149	0.000193863703613	0	5.10167641087e-05	0	0	0	0	0.0015509096289	0	0	0	0.0024386013244	0	0	0	0	5.10167641087e-05	0	0	0	0	1.02033528217e-05	0.00364259695736	0.000908098401135	0.00622404522126	0.00275490526187	0	0	0	0.00111216545757	0.000540777699552	0.00283653208444	0.000612201169304	0.000397930760048	0	5.10167641087e-05
0.00313242931627	0	0	0	0.00661177262849	0	0.00978501535605	3.06100584652e-05	0.0133153754324	0.00112236881039	0.00412215453998	0.00318344608038	0.031936494332	0.00113257216321	0.013907169896	0.00165294315712	0	0	0.000714234697522	0	0.0173354964441	0	0	0	0.00330588631424	0	0.000642811227769	0	0.00113257216321	0.00650973910027	0	0	8.16268225739e-05	8.16268225739e-05	0.00414256124563	0	0	0	0	0.000214270409256	0	0.000102033528217	0	0	0.000510167641087	0.00120399563296	2.04067056435e-05	0.0015509096289	0	0	1.02033528217e-05	0	0	0	0	0.00119379228014	0	0	0	0.000387727407226	0	0	0	1.02033528217e-05	0	0	0	0	0	0	0.000306100584652	2.04067056435e-05	0.000377524054404	0.000153050292326	0.00184680686073	1.02033528217e-05	0.000163253645148	2.04067056435e-05	2.04067056435e-05	4.08134112869e-05	0	0	0	0
0	0	0	0	0.000367320701583	0.000153050292326	3.06100584652e-05	9.18301753956e-05	0.00253043149979	2.04067056435e-05	0.000122440233861	0.0115093819829	0.00113257216321	0.0261307865765	0.00414256124563	0	0	0	0.000183660350791	0	0.00116318222168	0	0	0	0.00029589723183	0.00392829083637	0.00269368514494	0.00244880467722	0.000489760935443	0.00634648545512	0	0.00523431999755	0.0016427398043	0.000397930760048	0.00738722744294	0	0	0	0	1.02033528217e-05	0	0	0	0	0.000571387758017	0.000183660350791	0.00446906853592	6.12201169304e-05	0.00630567204383	0	1.02033528217e-05	0	0	1.02033528217e-05	0	8.16268225739e-05	0	0	0	0.000908098401135	0.00129582580836	0.00151009621762	0.00029589723183	0	4.08134112869e-05	0	0	4.08134112869e-05	0	0.000102033528217	0.00226514432643	0.00112236881039	0.00172436662687	0.000510167641087	3.06100584652e-05	0.000499964288265	0.000612201169304	0.00107135204628	0.00162233309866	0.00206107726999	0.000520370993909	0.000346913995939	0	0.000877488342669
0.0198761312967	0	4.08134112869e-05	0	0.00222433091514	0.000448947524156	0.00387727407226	0.00827491913843	0.0239676757783	0	0.00197945044742	0.00662197598131	0.013907169896	0.00414256124563	0.0496393114778	8.16268225739e-05	0	0	0.000683624639056	0	0.00930545777342	0.000897895048313	0	0.00107135204628	0.00197945044742	0	0.000265287173365	0	0.0101115226463	0.0319262909792	0.0120297529768	0	0.00425479812666	0.00216311079821	0.0107441305213	0	0	0	0	1.02033528217e-05	0	1.02033528217e-05	0	0	7.14234697522e-05	0.000459150876978	0.000499964288265	0.000204067056435	1.02033528217e-05	0	5.10167641087e-05	0	0	0	0	0.000367320701583	0	0	0	9.18301753956e-05	0	0	0	0	4.08134112869e-05	0	0	0	0	1.02033528217e-05	0.000387727407226	7.14234697522e-05	0.000489760935443	0.000306100584652	0.000438744171335	0.00099992857653	0.00029589723183	0.000255083820543	0.000275490526187	0.000989725223709	0.000204067056435	7.14234697522e-05	0	0
0	0	1.02033528217e-05	0	0.000989725223709	0.0029079555542	0.00181619680227	0.000142846939504	0.000622404522126	0.00133663921965	4.08134112869e-05	0	0.00165294315712	0	8.16268225739e-05	0.00848918954769	0	0	0	0	0.001030538635	0	2.04067056435e-05	6.12201169304e-05	0.00317324272756	0	0	3.06100584652e-05	0.000918301753956	0.001316232514	0.000601997816482	0	1.02033528217e-05	0.00190802697766	0.00244880467722	2.04067056435e-05	0	0	0	0	0	0	0	0	0.000397930760048	0	1.02033528217e-05	0	0	0	0	0	0	0	0	0	0.000428540818513	0	0.000244880467722	0.000244880467722	0	0	0	0.000418337465691	2.04067056435e-05	0	0	0	0	0	0.00189782362484	1.02033528217e-05	0.00249982144133	0.00207128062281	0.00415276459845	1.02033528217e-05	7.14234697522e-05	0.000550981052374	1.02033528217e-05	3.06100584652e-05	1.02033528217e-05	7.14234697522e-05	0	0
0	0.000163253645148	0	0	0	0	0	0	0	0.00209168732846	0	0	0	0	0	0	0.0217433448631	0	0	0	0	0.00101013192935	0.0124174803841	0.00382625730815	0.00212229738692	0	2.04067056435e-05	0.00302019243523	0.00116318222168	0	0	0	0	0	0	0	0	0	0	0	0	0	0	0	0	0	0	0	0	0	0	0.0115093819829	0	0	0	0	0.00257124491108	0.0132847653739	0.0126113440877	0.0029589723183	0	0	0	0.00191823033049	0	0	0	0	0	0	0.00107135204628	6.12201169304e-05	0.000397930760048	0.000285693879009	5.10167641087e-05	0	0	0	0	0	0	0	0	0
0	0	0.0058669278725	0	0	0	0	0	0	0	0	0	0	0	0	0	0	0.0217943616272	0.000448947524156	0.00332629301989	0	0.00378544389686	0	0.00926464436214	0.000459150876978	0	0.00399971430612	0.00233656779618	0.00106114869346	0.000571387758017	0.00362219025172	0	0	0.000540777699552	0.00850959625333	0	0	0.00017345699797	0	0	0	0	0	0	0	0	0	0	0	0	0	0	0.000153050292326	0	6.12201169304e-05	0	0	0	0.000163253645148	0	0	7.14234697522e-05	0.00137745263093	0	0	0	0	0	0	1.02033528217e-05	0.000102033528217	0	0.000214270409256	8.16268225739e-05	0	0	0	0	0	1.02033528217e-05	0	0	0	0
0	0	0	0	0.000397930760048	0	0.000204067056435	0	0	0	0.000816268225739	0.00590774128379	0.000714234697522	0.000183660350791	0.000683624639056	0	0	0.000448947524156	0.00713214362239	0.0015509096289	0.000908098401135	0	0	0	0	0	0.00099992857653	0	5.10167641087e-05	0.00291815890702	0	0	0	1.02033528217e-05	0.00540777699552	0	0	0	0	0	0	0	0	0	0.000510167641087	0.000846878284204	0.000204067056435	0.000112236881039	3.06100584652e-05	0	3.06100584652e-05	0	0	0	0	0.000612201169304	0	0	0	0.000693827991878	0	0	0	0	3.06100584652e-05	0	0	0	0	0	0	0	0.000153050292326	0	0	0	0	0.000102033528217	7.14234697522e-05	0.000540777699552	7.14234697522e-05	3.06100584652e-05	0	1.02033528217e-05
0	0	0.000142846939504	0	0	0	0	0	0	0	0	0.00561184405196	0	0	0	0	0	0.00332629301989	0.0015509096289	0.0155805197588	0	1.02033528217e-05	0	0	0	0	0.0078871917312	0.000459150876978	0	0	0.000112236881039	0	0	0	0.00626485863255	0	0	0	0	0	0	0	0	0	0	0	0	0	0	0	0	0	0.000693827991878	3.06100584652e-05	0.000918301753956	0	0	0	0	0	0	0.00121419898579	9.18301753956e-05	0	0	0	0	0	0	0	0.0011733855745	5.10167641087e-05	0.00260185496954	0.00241819461875	0	0	0	0	0	0	0	0	0	0
0.00213250073974	0	0	0	0.0101625394105	0	0.00215290744539	0.000153050292326	0.00824430907996	0	0.00450988194721	0.00371402042711	0.0173354964441	0.00116318222168	0.00930545777342	0.001030538635	0	0	0.000908098401135	0	0.0278959666146	0	0	0	0.00213250073974	0	0.000653014580591	0	0.00343852990093	0.00621384186844	0	0	8.16268225739e-05	7.14234697522e-05	0.00456089871132	0	0	0	0	0.000816268225739	0	5.10167641087e-05	0	1.02033528217e-05	0.00370381707429	0.00701990674136	2.04067056435e-05	0.00407113777587	0	0	0	0	0	0	0	0.0065709592172	0	0	0	0.00377524054404	0	0	0	0.000102033528217	0	0	0	0	0	0	0.000224473762078	1.02033528217e-05	0.000418337465691	0.000122440233861	0.00127541910272	1.02033528217e-05	0.000112236881039	1.02033528217e-05	2.04067056435e-05	4.08134112869e-05	0	0	0	0
0.000969318518065	0	0.00288754884855	0	0	0	0	0.000591794463661	0	0	0	0	0	0	0.000897895048313	0	0.00101013192935	0.00378544389686	0	1.02033528217e-05	0	0.0492923974818	0.0014080626894	0.0343546889508	0.00144887610069	0	3.06100584652e-05	0.000142846939504	0.0130092748477	0.00502004958829	0.0178048506739	0	0	0.00446906853592	0.0118767026845	0	0	0	0	0	0	0	0	0	0.000163253645148	0	0	0	0	0	0	0.00122440233861	1.02033528217e-05	0	0	0	4.08134112869e-05	0.00153050292326	0.000102033528217	0.00112236881039	0	1.02033528217e-05	3.06100584652e-05	0.00143867274786	0	0	0	0	0	1.02033528217e-05	0.000846878284204	8.16268225739e-05	0.00888712030773	0.00265287173365	0.000979521870887	0.000142846939504	0	0.000418337465691	0	9.18301753956e-05	0	0	0	0
0	0.00857081637026	9.18301753956e-05	0	0	0	0	0	0	0.0141622537166	0	0	0	0	0	2.04067056435e-05	0.0124174803841	0	0	0	0	0.0014080626894	0.0481700286714	0.00743824420705	0.0150499454121	0.00112236881039	0.000418337465691	0.0231922209638	0.00897895048313	0	0	0	0	3.06100584652e-05	3.06100584652e-05	0	0.000142846939504	0	0	2.04067056435e-05	0	0	0	0	0.00584652116686	0	0	0	5.10167641087e-05	0	0	0.0186517289581	0	0	0	0	0.00113257216321	0.0303855847031	0.0119277194486	0.00526493005602	8.16268225739e-05	4.08134112869e-05	0.00754027773526	0.00818308896303	0	0	0	0	0	0	2.04067056435e-05	0	3.06100584652e-05	3.06100584652e-05	3.06100584652e-05	0	0	1.02033528217e-05	0	0	0	0	0	0
0.000928505106778	3.06100584652e-05	0.0161825175753	0	0	1.02033528217e-05	0	0.00210189068128	0	0.00214270409256	0	1.02033528217e-05	0	0	0.00107135204628	6.12201169304e-05	0.00382625730815	0.00926464436214	0	0	0	0.0343546889508	0.00743824420705	0.0921974960972	0.00193863703613	0	0.000622404522126	0.0159070270491	0.0063362821023	0.0048363892375	0.0184068484904	0	0	0.00439764506617	0.0143357107145	0	0	2.04067056435e-05	0	0	0	0	0	0	0	0	0	0	0	0	0	0.0056322507576	1.02033528217e-05	0	0	0	0.000908098401135	0.00930545777342	0.0132541553154	0.000520370993909	0	0	0.000601997816482	0.000479557582622	0	0	0	0	0	9.18301753956e-05	0.00481598253186	0.000163253645148	0.0202944687624	0.0148764884141	0.004693542298	0.000346913995939	0	0.00432622159642	0	0.000928505106778	7.14234697522e-05	0	0	0
0.00212229738692	0.00419357800973	3.06100584652e-05	0	0.00749946432398	0.00136724927811	0.00151009621762	8.16268225739e-05	0.00142846939504	0.014192863775	3.06100584652e-05	0.000265287173365	0.00330588631424	0.00029589723183	0.00197945044742	0.00317324272756	0.00212229738692	0.000459150876978	0	0	0.00213250073974	0.00144887610069	0.0150499454121	0.00193863703613	0.0482006387299	0.0009387084596	0.000418337465691	0.00463232218107	0.0183252216678	0.0100707092351	0.00843817278358	0	0.000163253645148	0.0123970736784	0.0116624322752	0	0.000112236881039	0	0	0.00247941473568	0	0.000193863703613	0	1.02033528217e-05	0.0122644300917	0.00188762027202	0	0.00134684257247	5.10167641087e-05	0	0	0.000448947524156	0	0	0	0.00275490526187	0.000204067056435	0.00393849418919	0.000183660350791	0.00957074494679	8.16268225739e-05	4.08134112869e-05	0.000153050292326	0.00856061301744	0	0	0	0	0	1.02033528217e-05	0.00186721356638	1.02033528217e-05	0.00707092350546	0.00308141255216	0.00450988194721	0.000673421286235	0.000204067056435	0.000377524054404	0	0.000224473762078	9.18301753956e-05	4.08134112869e-05	0	0
0	0.00277531196751	0	0	0	0	0	0	0	0.0009387084596	0	0.000153050292326	0	0.00392829083637	0	0	0	0	0	0	0	0	0.00112236881039	0	0.0009387084596	0.0119583295071	0.00484659259033	0.00576489434428	0	0	0	5.10167641087e-05	0	0	0	0	0.00076525146163	0	0	0	0	0	0	0	0	0	0.000550981052374	0	0.00299978572959	0	0	0	0	0	0	0	0	0	0	0	0.00349975001786	0.0025814482639	0.00359158019325	0	4.08134112869e-05	0	0	4.08134112869e-05	0	9.18301753956e-05	0	0	0	0	0	0	0	0	0.000418337465691	0.000112236881039	0	0	0	0.000550981052374
0	0.00380585060251	0.00696888997725	0	0.00017345699797	0	0.000265287173365	0.000163253645148	0	0.000428540818513	0.000653014580591	0.0131215117288	0.000642811227769	0.00269368514494	0.000265287173365	0	2.04067056435e-05	0.00399971430612	0.00099992857653	0.0078871917312	0.000653014580591	3.06100584652e-05	0.000418337465691	0.000622404522126	0.000418337465691	0.00484659259033	0.0847082351261	0.013968390013	0.00110196210475	0.00320385278603	0.000142846939504	0.00197945044742	0	0.000795861520096	0.00867284989848	0	0.00247941473568	0	0	0	0	0	0	0	0.000591794463661	0.000989725223709	0.00456089871132	1.02033528217e-05	0.00540777699552	0	0	3.06100584652e-05	0.00121419898579	0.00120399563296	0.000785658167274	0.000734641403165	0	0	2.04067056435e-05	0.000826471578561	0.00216311079821	0.0158968236963	0.0145091677125	8.16268225739e-05	1.02033528217e-05	0	0.000734641403165	0	0	3.06100584652e-05	0.0113155182793	0.00409154448152	0.00735661738447	0.00396910424766	0	0	0	0.00029589723183	0.00118358892732	0.000948911812422	0	1.02033528217e-05	0	1.02033528217e-05
0	0.0293448427153	0.0170498025651	0	0	0	0	0	0	0.00689746650749	0	3.06100584652e-05	0	0.00244880467722	0	3.06100584652e-05	0.00302019243523	0.00233656779618	0	0.000459150876978	0	0.000142846939504	0.0231922209638	0.0159070270491	0.00463232218107	0.00576489434428	0.013968390013	0.106380156519	0.000122440233861	0	4.08134112869e-05	0.000663217933413	0	4.08134112869e-05	0.00303039578806	0	0.0177232238514	0.000102033528217	0	0	0	0	0	0	0	0	0.000214270409256	0	0.0022549409736	0	0	0.00973399859194	0.000265287173365	0.000142846939504	0.000877488342669	0	0.000428540818513	0.0210189068128	0.0125501239707	1.02033528217e-05	0.00212229738692	0.00353036007632	0.0413439856337	2.04067056435e-05	0	0	0	0	0	0.000244880467722	0.00130602916118	0	0.00546899711245	0.00533635352577	0.00138765598376	1.02033528217e-05	0	0.00278551532033	0.0002346771149	0.00203046721153	6.12201169304e-05	0	0	0
0.0124582937953	0	0.00017345699797	0	0.00879529013234	0.000693827991878	0.00136724927811	0.0290897588948	0.00452008530003	0.0026732784393	0.00381605395533	0.00118358892732	0.00113257216321	0.000489760935443	0.0101115226463	0.000918301753956	0.00116318222168	0.00106114869346	5.10167641087e-05	0	0.00343852990093	0.0130092748477	0.00897895048313	0.0063362821023	0.0183252216678	0	0.00110196210475	0.000122440233861	0.108431030437	0.0332017100819	0.0328343893804	0	0.000244880467722	0.0227738834981	0.0261613966349	0	0	1.02033528217e-05	0	0.00921362759803	0	8.16268225739e-05	0	0	0.019804707827	0.0105196567592	0	0.00266307508647	0	0	0	0.00113257216321	0.000153050292326	0	0.00017345699797	0.0088259001908	4.08134112869e-05	0.00601997816482	8.16268225739e-05	0.0157335700511	0	0.000346913995939	2.04067056435e-05	0.0161008907527	0	0	0	0	0	0	0.00535676023141	0.00128562245554	0.0097646086504	0.00247941473568	0.00246921138286	0.000561184405196	0.000520370993909	0.00029589723183	0	9.18301753956e-05	0	0	0	0
0.0238044221331	0	4.08134112869e-05	0	0.00251002479415	0.000612201169304	0.0020202638587	0.0137643229565	0.0102645729387	0.00128562245554	0.00292836225984	0.0144989643597	0.00650973910027	0.00634648545512	0.0319262909792	0.001316232514	0	0.000571387758017	0.00291815890702	0	0.00621384186844	0.00502004958829	0	0.0048363892375	0.0100707092351	0	0.00320385278603	0	0.0332017100819	0.0789229340761	0.0298856204149	0	0.00372422377993	0.0283041007275	0.0430479455549	4.08134112869e-05	0	1.02033528217e-05	0	0.000255083820543	0	1.02033528217e-05	0	0	0.00383646066097	0.00275490526187	0.000826471578561	0.000255083820543	3.06100584652e-05	0	5.10167641087e-05	0	0	0	0	0.00170395992123	0.000102033528217	0	3.06100584652e-05	0.00414256124563	0	0	0	0.000357117348761	8.16268225739e-05	0	0	0	0	1.02033528217e-05	0.0039895109533	9.18301753956e-05	0.0106625036987	0.0029589723183	0.000928505106778	0.00159172304019	0.000908098401135	0.00256104155826	0.000499964288265	0.003377309784	0.000785658167274	0.00106114869346	0	5.10167641087e-05
0.0181109512586	0	0.00133663921965	0	0	0	0	0.0187945758976	0.000316303937474	0.000438744171335	0	3.06100584652e-05	0	0	0.0120297529768	0.000601997816482	0	0.00362219025172	0	0.000112236881039	0	0.0178048506739	0	0.0184068484904	0.00843817278358	0	0.000142846939504	4.08134112869e-05	0.0328343893804	0.0298856204149	0.0710765557562	0	0	0.0157131633455	0.0157029599927	2.04067056435e-05	0	0	0	0	0	0	0	0	0.000397930760048	0	2.04067056435e-05	0	0	0	0	0	0	0	0	0	3.06100584652e-05	0	3.06100584652e-05	0.000204067056435	0	0	0	3.06100584652e-05	1.02033528217e-05	0	0	0	0	0	0.000142846939504	0	0.00441805177181	0.00107135204628	0.000142846939504	0.00017345699797	0.000193863703613	0.000224473762078	2.04067056435e-05	4.08134112869e-05	0	0.000102033528217	0	0
0	0	0	0	0	0	0	0	0	0	0	0.00119379228014	0	0.00523431999755	0	0	0	0	0	0	0	0	0	0	0	5.10167641087e-05	0.00197945044742	0.000663217933413	0	0	0	0.00569347087453	0	0	0	0	0	0	0	0	0	0	0	0	0	0	0.00233656779618	0	0.0034283265481	0	0	0	0	1.02033528217e-05	0	0	0	0	0	0	5.10167641087e-05	0.000408134112869	0	0	0	0	0	0	0	0	0.000244880467722	0.000255083820543	0	0	0	0	0	0	0.000153050292326	0	0	0	0	0
7.14234697522e-05	0	0	0	4.08134112869e-05	0.00133663921965	0.000244880467722	0.00017345699797	0.00330588631424	0	0	0.00201006050588	8.16268225739e-05	0.0016427398043	0.00425479812666	1.02033528217e-05	0	0	0	0	8.16268225739e-05	0	0	0	0.000163253645148	0	0	0	0.000244880467722	0.00372422377993	0	0	0.00627506198537	0.0002346771149	0.00457110206414	0	0	0	0	0	0	0	0	0	0	0	0	0	0	0	0	0	0	0	0	0	0	0	0	0	0	0	0	0	0	0	0	0	0	0	0.000520370993909	3.06100584652e-05	0.000275490526187	0.00029589723183	0.00017345699797	0.00152029957044	0.000214270409256	5.10167641087e-05	0	0	0	0	0	0
0.00275490526187	0	3.06100584652e-05	0	7.14234697522e-05	3.06100584652e-05	0.000377524054404	0.00723417715061	0.000836674931382	0.00115297886886	3.06100584652e-05	0.00105094534064	8.16268225739e-05	0.000397930760048	0.00216311079821	0.00190802697766	0	0.000540777699552	1.02033528217e-05	0	7.14234697522e-05	0.00446906853592	3.06100584652e-05	0.00439764506617	0.0123970736784	0	0.000795861520096	4.08134112869e-05	0.0227738834981	0.0283041007275	0.0157131633455	0	0.0002346771149	0.0362831226341	0.0296509433	5.10167641087e-05	0	1.02033528217e-05	0	0	0	0	0	0	0.00138765598376	0	2.04067056435e-05	0	0	0	0	0	0	0	0	0	0.0002346771149	0	0.00017345699797	0.00076525146163	0	0	0	0.000285693879009	4.08134112869e-05	0	0	0	0	0	0.00205087391717	1.02033528217e-05	0.0129990714949	0.00442825512463	0.00099992857653	0.00115297886886	0.000663217933413	0.00204067056435	2.04067056435e-05	0.000204067056435	0.000112236881039	0.00076525146163	0	0
0.00139785933658	0	0.00309161590499	0	0.00226514432643	0.00175497668534	0.00186721356638	0.00448947524156	0.0067138061567	0.00184680686073	0.00239778791311	0.0221718856816	0.00414256124563	0.00738722744294	0.0107441305213	0.00244880467722	0	0.00850959625333	0.00540777699552	0.00626485863255	0.00456089871132	0.0118767026845	3.06100584652e-05	0.0143357107145	0.0116624322752	0	0.00867284989848	0.00303039578806	0.0261613966349	0.0430479455549	0.0157029599927	0	0.00457110206414	0.0296509433	0.0892997438958	5.10167641087e-05	0	0.000326507290296	0	0.000255083820543	0	1.02033528217e-05	0	0	0.00437723836053	0.00275490526187	0.000836674931382	0.000255083820543	3.06100584652e-05	0	5.10167641087e-05	0	0.000224473762078	0	0.000826471578561	0.00170395992123	0.000326507290296	0	0.000918301753956	0.00435683165488	0	0.000877488342669	0.0018774169192	0.000948911812422	9.18301753956e-05	0	0	0	0	3.06100584652e-05	0.00729539726754	0.000132643586683	0.0269674615079	0.0072749905619	0.00251002479415	0.00291815890702	0.00124480904425	0.00379564724969	0.000520370993909	0.00343852990093	0.000795861520096	0.0012652157499	0	5.10167641087e-05
0	0	0	0	0	0	0	0	0	3.06100584652e-05	0	0	0	0	0	2.04067056435e-05	0	0	0	0	0	0	0	0	0	0	0	0	0	4.08134112869e-05	2.04067056435e-05	0	0	5.10167641087e-05	5.10167641087e-05	0.0141418470109	0	0	0	0	0	0	0.00966257512219	0.000418337465691	5.10167641087e-05	0.00276510861469	0	0	0	0.00641790892487	0	0	0	0	0	0	0.00127541910272	0	0.000367320701583	0.0011733855745	0	0	0	0.00805044537635	0.00304059914088	0.000193863703613	0	0	9.18301753956e-05	0.000959115165243	1.02033528217e-05	0	5.10167641087e-05	3.06100584652e-05	1.02033528217e-05	1.02033528217e-05	0	0	0	0.000285693879009	0	0	0	0
0	0.0161008907527	0.000183660350791	0	0	0	0	0	0	0.000122440233861	0	0	0	0	0	0	0	0	0	0	0	0	0.000142846939504	0	0.000112236881039	0.00076525146163	0.00247941473568	0.0177232238514	0	0	0	0	0	0	0	0	0.0279367800259	0	0	0	0	0	0	0	0.00107135204628	0	0	0	0.000581591110839	0	0	0.000755048108809	0	0	0	0	0	0.00461191547543	0	0.00395890089483	0.0014998928648	5.10167641087e-05	0.0252532982338	9.18301753956e-05	0	0	0	0	0	0	0	0	0	0	0	0	0	0	0	0	0	0	0	0
0	0	2.04067056435e-05	0	0	0	0	1.02033528217e-05	0	0	0	0	0	0	0	0	0	0.00017345699797	0	0	0	0	0	2.04067056435e-05	0	0	0	0.000102033528217	1.02033528217e-05	1.02033528217e-05	0	0	0	1.02033528217e-05	0.000326507290296	0	0	0.022437172855	0	0	0	0	0	0	0	0	0	0	0	0	0	0	0.0101013192935	0	0	0	0	0	0.0108257573439	0	0	0.00527513340884	0.0104788433479	0	0	0	0	0	0	0	8.16268225739e-05	0	0.000142846939504	0.000132643586683	2.04067056435e-05	0	0	0	0	0	0	0	0	0
0	0	0	0	0	0	0	0	0	0	0	0	0	0	0	0	0	0	0	0	0	0	0	0	0	0	0	0	0	0	0	0	0	0	0	0	0	0	0	0	0	0	0	0	0	0	0	0	0	0	0	0	0	0	0	0	0	0	0	0	0	0	0	0	0	0	0	0	0	0	0	0	0	0	0	0	0	0	0	0	0	0	0	0
0	0	0	0	0.00293856561266	1.02033528217e-05	0	0.0002346771149	1.02033528217e-05	0.000316303937474	0.000489760935443	1.02033528217e-05	0.000214270409256	1.02033528217e-05	1.02033528217e-05	0	0	0	0	0	0.000816268225739	0	2.04067056435e-05	0	0.00247941473568	0	0	0	0.00921362759803	0.000255083820543	0	0	0	0	0.000255083820543	0	0	0	0	0.0231310008469	0.000377524054404	0.000663217933413	0	0.00053057434673	0.0139377799545	0.0121215831522	0	0.00523431999755	0	0	0.00251002479415	0	0	0	0	0.0116012121583	0	0	0	0.0179476976134	0	0	0	0.00677502627363	0	0	0	0	0	0	0.000448947524156	0	0.000244880467722	0	0.000316303937474	0	0	0.00138765598376	0	0.000102033528217	4.08134112869e-05	0.00115297886886	6.12201169304e-05	0
0	0	0	0	0	0	0	0	0	0	0	0	0	0	0	0	0	0	0	0	0	0	0	0	0	0	0	0	0	0	0	0	0	0	0	0	0	0	0	0.000377524054404	0.00430581489077	0.00217331415103	0.000561184405196	0.00184680686073	0.000612201169304	0.000438744171335	0	0.000520370993909	0	0	0.00157131633455	0	0	0	0	0.000387727407226	0	0	0	0.000489760935443	0	0	0	0.000326507290296	0	0	0	0.000540777699552	0	2.04067056435e-05	0	0	0	0	0	0	0	0.000683624639056	0	0.00123460569143	0.000785658167274	0.00242839797157	0.00104074198782	0
0	0	0	0	0.00017345699797	0	0	0	0	0	0	1.02033528217e-05	0.000102033528217	0	1.02033528217e-05	0	0	0	0	0	5.10167641087e-05	0	0	0	0.000193863703613	0	0	0	8.16268225739e-05	1.02033528217e-05	0	0	0	0	1.02033528217e-05	0	0	0	0	0.000663217933413	0.00217331415103	0.0231105941412	0.000918301753956	0.00967277847501	0.00115297886886	0.0109584009305	0	0.00607099492893	0	0.000989725223709	0.00228555103207	0	0	0	0	0.00233656779618	0	0	0	0.00029589723183	0	0	0	0.000265287173365	1.02033528217e-05	0	0	7.14234697522e-05	0	0	2.04067056435e-05	0	0	0	0.000224473762078	0	0	0.0014998928648	2.04067056435e-05	0.0009387084596	0.000540777699552	0.00353036007632	0.000306100584652	0
0	0	0	0	0	0	0	0	0	0	0	0	0	0	0	0	0	0	0	0	0	0	0	0	0	0	0	0	0	0	0	0	0	0	0	0.00966257512219	0	0	0	0	0.000561184405196	0.000918301753956	0.0870345995694	0.00432622159642	0	0.0240186925424	0.00315283602192	0	0	0.0202230452927	2.04067056435e-05	0	0	1.02033528217e-05	0.000591794463661	0	0.012478700501	0	0.00470374565082	0.00562204740478	0	0	0	0.0399767363556	0.0061016049874	0.014080626894	0	0.000214270409256	0.000275490526187	0.00593835134225	5.10167641087e-05	0	0	0	0	0	0	0.000887691695491	0.00105094534064	0.00697909333007	0.000612201169304	0.000357117348761	0.000142846939504	0
0	0	0	0	0	0	0	0	0	0	0	0	0	0	0	0	0	0	0	0	1.02033528217e-05	0	0	0	1.02033528217e-05	0	0	0	0	0	0	0	0	0	0	0.000418337465691	0	0	0	0.00053057434673	0.00184680686073	0.00967277847501	0.00432622159642	0.0229269337904	0.000132643586683	0.0134786290775	7.14234697522e-05	0.00446906853592	1.02033528217e-05	0.00855040966462	0.000193863703613	0	0	0	0	0.000857081637026	0	0	0	8.16268225739e-05	0	0	0	0.000489760935443	0.000693827991878	0	0	0.0018774169192	0	0	0	0	0	0	1.02033528217e-05	0	0	0.00135704592529	4.08134112869e-05	0.00224473762078	0.00143867274786	0.000887691695491	0.00166314650994	4.08134112869e-05
0	0	0	0	0.00438744171335	2.04067056435e-05	0	0.000448947524156	5.10167641087e-05	0.00713214362239	0.00533635352577	0.00171416327405	0.000510167641087	0.000571387758017	7.14234697522e-05	0.000397930760048	0	0	0.000510167641087	0	0.00370381707429	0.000163253645148	0.00584652116686	0	0.0122644300917	0	0.000591794463661	0	0.019804707827	0.00383646066097	0.000397930760048	0	0	0.00138765598376	0.00437723836053	5.10167641087e-05	0.00107135204628	0	0	0.0139377799545	0.000612201169304	0.00115297886886	0	0.000132643586683	0.0482312487884	0.0191823033049	2.04067056435e-05	0.0122746334445	1.02033528217e-05	0	0.00377524054404	0	0	0	0	0.0178966808493	4.08134112869e-05	0.00515269317498	2.04067056435e-05	0.0386298937831	0.000122440233861	0	0.000510167641087	0.0164069913374	4.08134112869e-05	0	0	5.10167641087e-05	0	0	0.00166314650994	0	0.0025814482639	0.000642811227769	0.00110196210475	0.000102033528217	0	0.00278551532033	2.04067056435e-05	0.00153050292326	0.000489760935443	0.00208148397563	0.000112236881039	0
0	0	0	0	0.00491801606008	1.02033528217e-05	0	0.000448947524156	4.08134112869e-05	0.000326507290296	0.00589753793096	0.00217331415103	0.00120399563296	0.000183660350791	0.000459150876978	0	0	0	0.000846878284204	0	0.00701990674136	0	0	0	0.00188762027202	0	0.000989725223709	0	0.0105196567592	0.00275490526187	0	0	0	0	0.00275490526187	0.00276510861469	0	0	0	0.0121215831522	0.000438744171335	0.0109584009305	0.0240186925424	0.0134786290775	0.0191823033049	0.0856673502913	0.00632607874948	0.0164376013958	8.16268225739e-05	0.0141112369525	0.00141826604222	0	0	1.02033528217e-05	0.000459150876978	0.022722866734	0.000204067056435	0	0	0.020376095585	0	0	0	0.0112645015152	0.00424459477384	2.04067056435e-05	0	0.000183660350791	0	0.00222433091514	0.000591794463661	0	0.000591794463661	0	0.00017345699797	0	0	0.00235697450182	0.00388747742508	0.00961155835808	0.000326507290296	0.000571387758017	0.000153050292326	4.08134112869e-05
0	0	0	0	0	0	0	0	0	1.02033528217e-05	0	0.000908098401135	2.04067056435e-05	0.00446906853592	0.000499964288265	1.02033528217e-05	0	0	0.000204067056435	0	2.04067056435e-05	0	0	0	0	0.000550981052374	0.00456089871132	0.000214270409256	0	0.000826471578561	2.04067056435e-05	0.00233656779618	0	2.04067056435e-05	0.000836674931382	0	0	0	0	0	0	0	0.00315283602192	7.14234697522e-05	2.04067056435e-05	0.00632607874948	0.0403644637628	0.000908098401135	0.00893813707184	0.000520370993909	0	0	0	0.00306100584652	0.00350995337068	0.000428540818513	1.02033528217e-05	0	0	0.000224473762078	0.000306100584652	0.000969318518065	3.06100584652e-05	0.000632607874948	0.0019692470946	0	0.000918301753956	0.000479557582622	0	0.00717295703368	0	0.000408134112869	2.04067056435e-05	2.04067056435e-05	0	0	0	0.00386707071944	0.0170702092708	0.0171314293877	0.000632607874948	5.10167641087e-05	0	0.0021120940341
0	0	0	0	0.00387727407226	1.02033528217e-05	0.000244880467722	0.000112236881039	8.16268225739e-05	1.02033528217e-05	0.00353036007632	0.0002346771149	0.0015509096289	6.12201169304e-05	0.000204067056435	0	0	0	0.000112236881039	0	0.00407113777587	0	0	0	0.00134684257247	0	1.02033528217e-05	0	0.00266307508647	0.000255083820543	0	0	0	0	0.000255083820543	0	0	0	0	0.00523431999755	0.000520370993909	0.00607099492893	0	0.00446906853592	0.0122746334445	0.0164376013958	0.000908098401135	0.0342322487169	0	0.0014998928648	0.00523431999755	0	0	0	0	0.0157641801096	0	0	0	0.0144479475956	0	0	0	0.0017855867438	0.000377524054404	0	0	0	0	7.14234697522e-05	0.000224473762078	0	5.10167641087e-05	0	0.000724438050343	0	0	0.000550981052374	0.000673421286235	0.00142846939504	7.14234697522e-05	0.000928505106778	0.000132643586683	0
0	0.000132643586683	0	0	0	0	0	0	0	5.10167641087e-05	0	0.000193863703613	0	0.00630567204383	1.02033528217e-05	0	0	0	3.06100584652e-05	0	0	0	5.10167641087e-05	0	5.10167641087e-05	0.00299978572959	0.00540777699552	0.0022549409736	0	3.06100584652e-05	0	0.0034283265481	0	0	3.06100584652e-05	0	0.000581591110839	0	0	0	0	0	0	1.02033528217e-05	1.02033528217e-05	8.16268225739e-05	0.00893813707184	0	0.0167947187446	0.000102033528217	0	1.02033528217e-05	0	0	0	4.08134112869e-05	0	0.000285693879009	0	0.000306100584652	0.00433642494924	0.00251002479415	0.00237738120746	1.02033528217e-05	0.000193863703613	0	1.02033528217e-05	0.000142846939504	0	1.02033528217e-05	0	0.000418337465691	0	0	0	0	0	0	0.00392829083637	0.000867284989848	4.08134112869e-05	0	0	0.00099992857653
0	0	0	0	0	0	0	0	0	0	0	0	0	0	0	0	0	0	0	0	0	0	0	0	0	0	0	0	0	0	0	0	0	0	0	0.00641790892487	0	0	0	0	0	0.000989725223709	0.0202230452927	0.00855040966462	0	0.0141112369525	0.000520370993909	0.0014998928648	0.000102033528217	0.0304161947616	0	0	0	0	0	2.04067056435e-05	0.00224473762078	0	0.000795861520096	0.000561184405196	0	0	0	0.00607099492893	0.00481598253186	0.000377524054404	0	0.000163253645148	1.02033528217e-05	0.000969318518065	0	0	0	0	0	0	0	0	0.000112236881039	0.000897895048313	0	0	0	0
0	0	0	0	0	0	0	0	0	0	0	5.10167641087e-05	1.02033528217e-05	1.02033528217e-05	5.10167641087e-05	0	0	0	3.06100584652e-05	0	0	0	0	0	0	0	0	0	0	5.10167641087e-05	0	0	0	0	5.10167641087e-05	0	0	0	0	0.00251002479415	0.00157131633455	0.00228555103207	2.04067056435e-05	0.000193863703613	0.00377524054404	0.00141826604222	0	0.00523431999755	0	0	0.00948911812422	0	0	0	0	0.00163253645148	0	0	0	0.00426500147949	0	0	0	0.00137745263093	1.02033528217e-05	0	0	0.000102033528217	0	0	4.08134112869e-05	0	0	0	0	0	0	0.00114277551603	0	0.000265287173365	7.14234697522e-05	0.00249982144133	0.000265287173365	0
0	0.000775454814452	5.10167641087e-05	0	0	0	0	0	0	0.00402012101176	0	0	0	0	0	0	0.0115093819829	0	0	0	0	0.00122440233861	0.0186517289581	0.0056322507576	0.000448947524156	0	3.06100584652e-05	0.00973399859194	0.00113257216321	0	0	0	0	0	0	0	0.000755048108809	0	0	0	0	0	0	0	0	0	0	0	1.02033528217e-05	0	0	0.030395788056	0	0	1.02033528217e-05	0	0.00136724927811	0.02592671952	0.0104584366423	0.00673421286235	2.04067056435e-05	1.02033528217e-05	0.00491801606008	0.00383646066097	0	0	0	0	0	0	7.14234697522e-05	0.000306100584652	2.04067056435e-05	2.04067056435e-05	0	0	0	3.06100584652e-05	4.08134112869e-05	1.02033528217e-05	0	0	0	0
0	3.06100584652e-05	0	0	0	0	0	0	0	0	0	0	0	0	0	0	0	0.000153050292326	0	0.000693827991878	0	1.02033528217e-05	0	1.02033528217e-05	0	0	0.00121419898579	0.000265287173365	0.000153050292326	0	0	0	0	0	0.000224473762078	0	0	0.0101013192935	0	0	0	0	0	0	0	0	0	0	0	0	0	0	0.0244268266552	0	0.00262226167519	0	1.02033528217e-05	0	0.00716275368086	0	0	0.00673421286235	0.0110298244003	1.02033528217e-05	0	0	0	0	0	0.000122440233861	0.000459150876978	0.000346913995939	0.000132643586683	8.16268225739e-05	0	0	0	0.000132643586683	0	0.000306100584652	0	0	0	0
0	0	0	0	0	0	0	0	0	0	0	0	0	1.02033528217e-05	0	0	0	0	0	3.06100584652e-05	0	0	0	0	0	0	0.00120399563296	0.000142846939504	0	0	0	1.02033528217e-05	0	0	0	0	0	0	0	0	0	0	1.02033528217e-05	0	0	1.02033528217e-05	0.00306100584652	0	0	0	0	0	0	0.00557103064067	6.12201169304e-05	0	0	0	0	0	0	0.000734641403165	0	1.02033528217e-05	0	0	0	0	0	2.04067056435e-05	0	7.14234697522e-05	0	0	0	0	0	0.00123460569143	0.00330588631424	3.06100584652e-05	0	0	0	0
0	3.06100584652e-05	3.06100584652e-05	0	0	0	0	0	0	0	0	0	0	0	0	0	0	6.12201169304e-05	0	0.000918301753956	0	0	0	0	0	0	0.000785658167274	0.000877488342669	0.00017345699797	0	0	0	0	0	0.000826471578561	0	0	0	0	0	0	0	0.000591794463661	0	0	0.000459150876978	0.00350995337068	0	0	0	0	1.02033528217e-05	0.00262226167519	6.12201169304e-05	0.0181313579642	0	4.08134112869e-05	0	0.000459150876978	4.08134112869e-05	0	0.00719336373932	0.000887691695491	0.000163253645148	3.06100584652e-05	0	0	0	0	0.00477516912057	0.000795861520096	0.000377524054404	0.000112236881039	0.00017345699797	0	0	0	0.00208148397563	0.00192843368331	0.00640770557205	0.000112236881039	0	0	0
0	0	0	0	0.00628526533819	1.02033528217e-05	0	0.000204067056435	5.10167641087e-05	0.000122440233861	0.00520370993909	0.0015509096289	0.00119379228014	8.16268225739e-05	0.000367320701583	0	0	0	0.000612201169304	0	0.0065709592172	0	0	0	0.00275490526187	0	0.000734641403165	0	0.0088259001908	0.00170395992123	0	0	0	0	0.00170395992123	0	0	0	0	0.0116012121583	0.000387727407226	0.00233656779618	0	0.000857081637026	0.0178966808493	0.022722866734	0.000428540818513	0.0157641801096	4.08134112869e-05	2.04067056435e-05	0.00163253645148	0	0	0	0	0.0327731692634	0	0	0	0.0191108798351	0	0	0	0.00175497668534	0	0	0	0	0	0	0.000255083820543	0	0.000163253645148	0	0.000653014580591	0	0	3.06100584652e-05	0.000397930760048	0.00139785933658	0	0.000418337465691	6.12201169304e-05	3.06100584652e-05
