0.011229325387	3.71094692233e-05	0.000437891736834	0	6.30860976795e-05	3.71094692233e-06	0.000126172195359	0.0032916099201	0.00054179825066	0.000218945868417	0.000667970446019	6.67970446019e-05	0.000129883142281	0	0.00649044616715	3.71094692233e-06	3.33985223009e-05	0.000460157418368	3.71094692233e-06	0.000126172195359	0.000126172195359	0.000400782267611	7.79298853688e-05	0.00102422135056	0.000482423099902	3.71094692233e-06	0.000263477231485	0.000115039354592	0.00147695687509	0.00772248054536	0.0063828287064	0	1.1132840767e-05	0.000545509197582	0.00136933941434	1.1132840767e-05	1.1132840767e-05	1.1132840767e-05	0	1.48437876893e-05	0	1.1132840767e-05	6.67970446019e-05	2.96875753786e-05	0.00022265681534	2.2265681534e-05	3.71094692233e-06	3.71094692233e-06	0	2.96875753786e-05	3.71094692233e-06	4.08204161456e-05	0	0	0	7.42189384465e-06	1.1132840767e-05	0.000129883142281	2.2265681534e-05	0.00020781302765	3.71094692233e-06	0	3.71094692233e-06	0.000204102080728	1.85547346116e-05	2.59766284563e-05	0	0	3.71094692233e-06	1.1132840767e-05	0.000371094692233	9.64846199805e-05	0.000935158624426	0.000441602683757	2.59766284563e-05	7.42189384465e-06	3.71094692233e-06	2.96875753786e-05	3.71094692233e-06	1.1132840767e-05	7.42189384465e-06	1.85547346116e-05	0	7.42189384465e-06
3.71094692233e-05	0.0233975203453	0.00485020762748	0	7.42189384465e-06	3.71094692233e-06	3.71094692233e-06	0.000141015983048	1.1132840767e-05	0.0018109420981	2.2265681534e-05	0.000170703558427	3.71094692233e-06	0.000330274276087	8.53517792135e-05	0	0.000530665409893	0.00161055096429	2.59766284563e-05	0.000768166012922	3.71094692233e-06	0.000359961851466	0.00463126175906	0.00119121396207	0.00152148823815	0.00170332463735	0.00796369209531	0.0149662489377	0.000512110675281	0.000189258293039	0.000296875753786	2.2265681534e-05	3.71094692233e-06	6.30860976795e-05	0.000868361579824	1.48437876893e-05	0.00906584333124	0.00123574532513	0	0	0	7.42189384465e-06	0.000115039354592	3.33985223009e-05	0.000137305036126	1.1132840767e-05	4.08204161456e-05	7.42189384465e-06	0.000100195566903	2.59766284563e-05	3.71094692233e-06	0.000315430488398	0.00106504176671	5.19532569126e-05	0.000237500603029	3.71094692233e-06	0.000100195566903	0.00184062967347	0.000812697375989	0.000181836399194	0.00052695446297	0.00183691872655	0.00536974019661	0.000133594089204	3.71094692233e-06	5.56642038349e-05	1.48437876893e-05	0	0	0.000178125452272	0.00166992611505	0.000964846199805	0.000675392339863	0.000371094692233	5.19532569126e-05	3.71094692233e-06	1.1132840767e-05	0.000500977834514	0.000530665409893	0.000300586700708	0.000115039354592	2.59766284563e-05	1.48437876893e-05	1.1132840767e-05
0.000437891736834	0.00485020762748	0.0572116687015	0	1.85547346116e-05	1.1132840767e-05	4.82423099902e-05	0.00302813268862	0.000103906513825	0.000441602683757	0.000185547346116	0.000308008594553	7.42189384465e-06	4.82423099902e-05	0.000571485826038	1.1132840767e-05	0.000712501809087	0.00763341781922	3.33985223009e-05	0.000864650632902	7.42189384465e-06	0.00418223718146	0.00204844270112	0.0234977159122	0.000768166012922	3.33985223009e-05	0.0133631198673	0.0263143246262	0.00472403543212	0.00100195566903	0.00367754840003	1.85547346116e-05	1.48437876893e-05	0.000296875753786	0.00358477472697	2.59766284563e-05	0.00554044375503	0.00212637258649	0	3.71094692233e-06	3.71094692233e-06	2.96875753786e-05	0.000371094692233	8.16408322912e-05	0.000252344390718	5.56642038349e-05	3.71094692233e-05	7.42189384465e-06	3.71094692233e-06	8.16408322912e-05	7.42189384465e-06	0.0021115287988	0.000834963057523	1.1132840767e-05	0.000107617460747	1.48437876893e-05	0.000534376356815	0.00636798491871	0.00441973778449	0.000423047949145	7.42189384465e-06	0.000723634649854	0.00585216329651	0.000475001206058	2.59766284563e-05	0.000237500603029	0	0	1.1132840767e-05	0.000404493214534	0.00736622964082	0.00254570958872	0.00487618425594	0.00322110192858	2.96875753786e-05	1.48437876893e-05	2.96875753786e-05	0.00107617460747	0.000771876959844	0.000449024577601	0.000226367762262	9.64846199805e-05	3.71094692233e-05	7.42189384465e-06
0	0	0	0	0	0	0	0	0	0	0	0	0	0	0	0	0	0	0	0	0	0	0	0	0	0	0	0	0	0	0	0	0	0	0	0	0	0	0	0	0	0	0	0	0	0	0	0	0	0	0	0	0	0	0	0	0	0	0	0	0	0	0	0	0	0	0	0	0	0	0	0	0	0	0	0	0	0	0	0	0	0	0	0
6.30860976795e-05	7.42189384465e-06	1.85547346116e-05	0	0.0167809019828	7.42189384465e-06	0.000282031966097	0.00068652518063	0.000141015983048	0.00148437876893	0.00152148823815	2.96875753786e-05	0.00384083006461	0	0.00027089912533	8.90627261358e-05	3.71094692233e-06	7.42189384465e-06	0	7.42189384465e-06	0.00875412378977	2.59766284563e-05	7.42189384465e-06	4.82423099902e-05	0.00537716209045	3.71094692233e-06	1.1132840767e-05	3.71094692233e-06	0.00549962333889	0.000786720747533	0.000170703558427	3.71094692233e-06	1.1132840767e-05	0.000181836399194	0.000571485826038	7.42189384465e-06	0	0	0	0.00152519918508	0	0.00011132840767	6.67970446019e-05	7.05079915242e-05	0.000608595295261	0.00107617460747	3.71094692233e-06	0.00022265681534	3.71094692233e-06	3.71094692233e-05	1.85547346116e-05	3.71094692233e-06	0	0	0	0.00068652518063	3.71094692233e-06	0	7.42189384465e-06	0.000727345596776	0	0	0	0.00186660630193	1.1132840767e-05	0	0	0	0	1.1132840767e-05	0.00015957071766	1.85547346116e-05	0.000374805639155	0.000141015983048	0.00047871215298	7.42189384465e-06	7.42189384465e-06	2.96875753786e-05	1.1132840767e-05	2.2265681534e-05	0	3.71094692233e-05	3.71094692233e-06	0
3.71094692233e-06	3.71094692233e-06	1.1132840767e-05	0	7.42189384465e-06	0.00382227533	0.000872072526747	3.33985223009e-05	0.00043046984299	3.33985223009e-05	8.53517792135e-05	4.08204161456e-05	7.42189384465e-05	3.71094692233e-06	0.000200391133806	0.000322852382242	0	0	3.71094692233e-06	7.42189384465e-06	4.08204161456e-05	1.1132840767e-05	7.42189384465e-06	2.96875753786e-05	7.42189384465e-06	0	1.85547346116e-05	1.85547346116e-05	3.33985223009e-05	0.000912892942892	7.42189384465e-06	0	0.0018109420981	3.71094692233e-06	0.000805275482145	0	0	0	0	0	0	0	0	0	7.42189384465e-06	3.71094692233e-06	0	3.71094692233e-06	0	0	0	3.71094692233e-06	0	0	0	3.71094692233e-06	3.71094692233e-06	3.71094692233e-06	0	7.42189384465e-06	0	0	0	3.71094692233e-06	0	0	0	0	0	3.71094692233e-06	0.000215234921495	1.85547346116e-05	0.000348829010699	0.000107617460747	0.000931447677504	0.000972268093649	3.71094692233e-06	0	0	0	3.71094692233e-06	0	0	0
0.000126172195359	3.71094692233e-06	4.82423099902e-05	0	0.000282031966097	0.000872072526747	0.0257131512248	0.00263477231485	0.00974494661803	0.000152148823815	0.00768908202306	0.000256055337641	0.00770392581075	2.59766284563e-05	0.00248262349104	0.000994533775183	7.42189384465e-06	1.85547346116e-05	2.59766284563e-05	5.19532569126e-05	0.00164394948659	5.56642038349e-05	7.42189384465e-06	0.000115039354592	0.000178125452272	1.85547346116e-05	0.000148437876893	4.08204161456e-05	0.0010130885098	0.00408575256148	0.000278321019174	1.48437876893e-05	0.00102051040364	0.000196680186883	0.00182949683271	7.42189384465e-06	0	3.71094692233e-06	0	2.59766284563e-05	0	3.71094692233e-06	4.08204161456e-05	1.85547346116e-05	0.000155859770738	5.93751507572e-05	0	0	0	1.1132840767e-05	3.71094692233e-06	7.42189384465e-06	0	0	0	7.42189384465e-06	3.71094692233e-06	1.48437876893e-05	0	0.000174414505349	0	0	0	0.000103906513825	7.42189384465e-06	3.71094692233e-06	0	0	0	3.71094692233e-06	0.000293164806864	5.56642038349e-05	0.000901760102125	0.000204102080728	0.00106875271363	0.000215234921495	3.71094692233e-06	1.48437876893e-05	3.71094692233e-06	1.1132840767e-05	0	7.42189384465e-06	3.71094692233e-06	0
0.0032916099201	0.000141015983048	0.00302813268862	0	0.00068652518063	3.33985223009e-05	0.00263477231485	0.050261065116	0.00324336761011	0.00133965183896	0.0102607682402	0.000263477231485	0.000808986429067	3.71094692233e-05	0.00717326040086	9.64846199805e-05	7.79298853688e-05	0.00144726929971	2.59766284563e-05	0.000278321019174	0.000593751507572	0.00377774396693	0.000259766284563	0.00702111157704	0.00295020280325	7.42189384465e-06	0.00126543290051	0.000530665409893	0.0240580688974	0.0142463252348	0.0162762132013	1.1132840767e-05	0.000107617460747	0.00611564052799	0.00894338208281	4.82423099902e-05	8.16408322912e-05	4.82423099902e-05	0	0.000359961851466	0	0.000107617460747	0.000508399728359	0.000200391133806	0.00228223235723	0.000445313630679	3.71094692233e-06	7.79298853688e-05	3.71094692233e-06	0.000181836399194	2.59766284563e-05	0.000122461248437	2.59766284563e-05	3.71094692233e-06	1.1132840767e-05	0.000267188178407	3.71094692233e-05	0.000326563329165	9.27736730582e-05	0.00248262349104	3.71094692233e-06	4.82423099902e-05	7.42189384465e-05	0.00148066782201	8.16408322912e-05	8.16408322912e-05	0	0	0	6.30860976795e-05	0.00280547587328	0.000508399728359	0.00591524939419	0.00271641314714	0.000330274276087	6.67970446019e-05	5.56642038349e-05	0.000174414505349	4.45313630679e-05	0.000129883142281	4.82423099902e-05	0.000129883142281	1.1132840767e-05	0
0.00054179825066	1.1132840767e-05	0.000103906513825	0	0.000141015983048	0.00043046984299	0.00974494661803	0.00324336761011	0.0221654859671	0.000126172195359	0.00565919405655	0.000285742913019	0.00158457433583	2.96875753786e-05	0.00890998356051	0.000170703558427	7.42189384465e-06	6.30860976795e-05	1.48437876893e-05	6.67970446019e-05	0.00074961127831	0.000103906513825	2.59766284563e-05	0.000241211549951	0.000248633443796	1.48437876893e-05	0.000189258293039	7.05079915242e-05	0.00107617460747	0.00670568108864	0.000604884348339	1.1132840767e-05	0.000898049155203	0.000330274276087	0.00240469360567	1.1132840767e-05	3.71094692233e-06	1.1132840767e-05	0	2.59766284563e-05	0	0	7.05079915242e-05	1.85547346116e-05	0.00022265681534	6.67970446019e-05	0	0	0	3.71094692233e-06	3.71094692233e-06	1.48437876893e-05	0	0	0	1.1132840767e-05	7.42189384465e-06	2.59766284563e-05	7.42189384465e-06	0.00027089912533	0	3.71094692233e-06	0	0.000185547346116	7.42189384465e-06	3.71094692233e-06	0	0	0	3.71094692233e-06	0.000486134046825	8.53517792135e-05	0.00125430005975	0.000278321019174	0.00031914143532	0.000189258293039	1.85547346116e-05	1.85547346116e-05	0	3.71094692233e-06	3.71094692233e-06	1.48437876893e-05	0	0
0.000218945868417	0.0018109420981	0.000441602683757	0	0.00148437876893	3.33985223009e-05	0.000152148823815	0.00133965183896	0.000126172195359	0.0258986985709	0.000449024577601	7.42189384465e-05	0.00261250663332	2.96875753786e-05	0.000441602683757	0.000397071320689	0.00112812786439	0.000218945868417	7.42189384465e-06	6.67970446019e-05	0.00171445747811	0.00120976869668	0.00670568108864	0.00148437876893	0.0105947534632	0.000170703558427	0.000500977834514	0.00175527789426	0.0047537230075	0.0017293012658	0.001911137665	3.71094692233e-06	2.96875753786e-05	0.000760744119077	0.00189258293039	0.000152148823815	8.16408322912e-05	7.42189384465e-05	0	0.000534376356815	0	0.000218945868417	0.00132480805127	0.000385938479922	0.0079451373607	0.000523243516048	7.42189384465e-06	0.000118750301514	3.71094692233e-06	0.000259766284563	5.19532569126e-05	0.0012134796436	4.08204161456e-05	3.71094692233e-06	0	0.000500977834514	0.000304297647631	0.00400782267611	0.000371094692233	0.0058002100396	1.1132840767e-05	7.05079915242e-05	0.000122461248437	0.00387422858691	0.000155859770738	0.000649415711407	0	3.71094692233e-06	2.2265681534e-05	0.000200391133806	0.00151777729123	0.00022265681534	0.0011132840767	0.000608595295261	0.00165508232736	2.59766284563e-05	0	0.000449024577601	9.27736730582e-05	0.000252344390718	7.42189384465e-05	0.000282031966097	5.19532569126e-05	0
0.000667970446019	2.2265681534e-05	0.000185547346116	0	0.00152148823815	8.53517792135e-05	0.00768908202306	0.0102607682402	0.00565919405655	0.000449024577601	0.0380075183785	0.000363672798388	0.00597091359802	4.45313630679e-05	0.00630118787411	0.000152148823815	1.1132840767e-05	9.27736730582e-05	1.85547346116e-05	0.00011132840767	0.00437520642142	0.000211523974573	8.16408322912e-05	0.000389649426844	0.000927736730582	1.1132840767e-05	0.000274610072252	0.000126172195359	0.00469063690982	0.00937014097887	0.00126543290051	2.96875753786e-05	0.000163281664582	0.00179609831041	0.00532891978046	7.42189384465e-06	3.71094692233e-06	3.71094692233e-06	0	0.000385938479922	0	2.96875753786e-05	0.000155859770738	5.56642038349e-05	0.000719923702931	0.000508399728359	7.42189384465e-06	5.56642038349e-05	0	4.08204161456e-05	7.42189384465e-06	1.48437876893e-05	3.71094692233e-06	3.71094692233e-06	0	0.000233789656107	0	2.2265681534e-05	1.48437876893e-05	0.000820119269834	0	1.1132840767e-05	7.42189384465e-06	0.000523243516048	7.42189384465e-06	1.1132840767e-05	0	3.71094692233e-06	0	1.1132840767e-05	0.00113926070515	0.000174414505349	0.00354766525774	0.00106133081979	0.000352539957621	5.93751507572e-05	2.2265681534e-05	5.19532569126e-05	7.42189384465e-06	2.2265681534e-05	1.48437876893e-05	4.45313630679e-05	7.42189384465e-06	0
6.67970446019e-05	0.000170703558427	0.000308008594553	0	2.96875753786e-05	4.08204161456e-05	0.000256055337641	0.000263477231485	0.000285742913019	7.42189384465e-05	0.000363672798388	0.0266854193184	0.000363672798388	0.00376661112616	0.000927736730582	1.1132840767e-05	2.2265681534e-05	0.000857228739057	0.00283887439558	0.00477227774211	0.000244922496874	0.000256055337641	4.08204161456e-05	0.000641993817562	0.000144726929971	0.00150664445046	0.0132035491496	0.00168848084966	0.000218945868417	0.00267188178407	0.000289453859941	0.00233418561414	0.000166992611505	0.000115039354592	0.00831252110601	0	0.000137305036126	1.85547346116e-05	0	0	0	3.71094692233e-06	1.85547346116e-05	1.1132840767e-05	5.56642038349e-05	3.71094692233e-06	0.000434180789912	0	0.000693947074475	7.42189384465e-06	0	1.48437876893e-05	3.71094692233e-05	0.000107617460747	0.000155859770738	3.71094692233e-06	3.71094692233e-06	2.96875753786e-05	2.59766284563e-05	6.67970446019e-05	0.000449024577601	0.000564063932194	0.000404493214534	4.08204161456e-05	3.71094692233e-06	1.1132840767e-05	2.59766284563e-05	0	0	4.82423099902e-05	0.00228594330415	0.0036738374531	0.00518790379741	0.000864650632902	3.33985223009e-05	1.1132840767e-05	0.000204102080728	3.33985223009e-05	0.000604884348339	0.000103906513825	1.48437876893e-05	3.71094692233e-06	0	7.42189384465e-05
0.000129883142281	3.71094692233e-06	7.42189384465e-06	0	0.00384083006461	7.42189384465e-05	0.00770392581075	0.000808986429067	0.00158457433583	0.00261250663332	0.00597091359802	0.000363672798388	0.0292162851195	2.59766284563e-05	0.00221914625955	0.00130254236974	0	1.48437876893e-05	2.96875753786e-05	9.27736730582e-05	0.012086554126	3.71094692233e-05	3.71094692233e-06	4.08204161456e-05	0.00223770099416	1.48437876893e-05	0.000174414505349	4.45313630679e-05	0.00201504417882	0.00402637741072	0.000170703558427	1.85547346116e-05	0.000137305036126	0.000237500603029	0.00233789656107	3.71094692233e-06	3.71094692233e-06	0	0	0.000200391133806	0	1.48437876893e-05	3.71094692233e-05	1.85547346116e-05	0.000192969239961	7.79298853688e-05	3.71094692233e-06	4.08204161456e-05	0	1.1132840767e-05	3.71094692233e-06	3.71094692233e-06	0	0	7.42189384465e-06	7.42189384465e-05	0	7.42189384465e-06	0	0.000189258293039	0	0	7.42189384465e-06	0.000129883142281	0	0	0	0	0	0	0.000567774879116	6.30860976795e-05	0.00139160509587	0.000256055337641	0.00210781785188	5.56642038349e-05	1.1132840767e-05	7.42189384465e-06	1.1132840767e-05	0	0	0	3.71094692233e-06	0
0	0.000330274276087	4.82423099902e-05	0	0	3.71094692233e-06	2.59766284563e-05	3.71094692233e-05	2.96875753786e-05	2.96875753786e-05	4.45313630679e-05	0.00376661112616	2.59766284563e-05	0.0151740619654	9.64846199805e-05	0	1.85547346116e-05	6.30860976795e-05	0.00015957071766	0.000204102080728	1.48437876893e-05	2.59766284563e-05	5.19532569126e-05	8.16408322912e-05	1.1132840767e-05	0.00559610795887	0.00542169345352	0.00341407116854	5.19532569126e-05	0.000230078709184	2.2265681534e-05	0.0031914143532	2.2265681534e-05	2.2265681534e-05	0.000582618666805	3.71094692233e-06	0.000103906513825	7.42189384465e-06	0	3.71094692233e-06	0	0	1.48437876893e-05	7.42189384465e-06	3.71094692233e-05	3.71094692233e-06	0.000831252110601	0	0.00142129267125	2.2265681534e-05	3.71094692233e-06	2.59766284563e-05	4.45313630679e-05	9.27736730582e-05	0.000100195566903	0	1.48437876893e-05	6.30860976795e-05	1.1132840767e-05	2.96875753786e-05	0.000827541163679	0.000641993817562	0.000452735524524	2.59766284563e-05	3.71094692233e-06	2.2265681534e-05	3.33985223009e-05	0	0	9.64846199805e-05	0.000248633443796	0.00132109710435	0.00059004056065	0.000226367762262	0	1.48437876893e-05	0.000437891736834	8.90627261358e-05	0.00106504176671	0.00015957071766	4.45313630679e-05	1.85547346116e-05	3.71094692233e-06	0.000148437876893
0.00649044616715	8.53517792135e-05	0.000571485826038	0	0.00027089912533	0.000200391133806	0.00248262349104	0.00717326040086	0.00890998356051	0.000441602683757	0.00630118787411	0.000927736730582	0.00221914625955	9.64846199805e-05	0.0368793905141	8.16408322912e-05	4.08204161456e-05	0.00043046984299	5.93751507572e-05	0.000300586700708	0.00166621516812	0.000593751507572	0.000141015983048	0.00123574532513	0.000849806845213	3.71094692233e-05	0.000619728136028	0.000218945868417	0.00273125693483	0.0227740812623	0.00562579553425	3.71094692233e-05	0.000808986429067	0.00177754357579	0.00675392339863	1.85547346116e-05	1.85547346116e-05	2.96875753786e-05	0	8.16408322912e-05	0	5.56642038349e-05	0.000155859770738	8.16408322912e-05	0.000649415711407	8.90627261358e-05	3.71094692233e-06	1.1132840767e-05	0	7.05079915242e-05	1.1132840767e-05	5.56642038349e-05	0	0	3.71094692233e-06	3.71094692233e-05	1.48437876893e-05	0.000163281664582	3.33985223009e-05	0.000630860976795	3.71094692233e-06	0	2.2265681534e-05	0.000508399728359	2.59766284563e-05	4.45313630679e-05	0	0	0	7.42189384465e-06	0.00123203437821	0.000241211549951	0.00344746969084	0.000886916314436	0.00020781302765	0.000137305036126	2.2265681534e-05	5.93751507572e-05	3.71094692233e-06	1.85547346116e-05	1.1132840767e-05	4.82423099902e-05	3.71094692233e-06	7.42189384465e-06
3.71094692233e-06	0	1.1132840767e-05	0	8.90627261358e-05	0.000322852382242	0.000994533775183	9.64846199805e-05	0.000170703558427	0.000397071320689	0.000152148823815	1.1132840767e-05	0.00130254236974	0	8.16408322912e-05	0.00364414987772	0	0	0	3.71094692233e-06	0.000259766284563	1.48437876893e-05	3.71094692233e-06	3.33985223009e-05	0.000122461248437	0	1.1132840767e-05	1.1132840767e-05	0.000122461248437	0.000211523974573	2.2265681534e-05	0	5.56642038349e-05	1.48437876893e-05	0.000141015983048	0	0	0	0	0	0	0	0	0	1.85547346116e-05	0	0	7.42189384465e-06	0	0	0	0	0	0	0	3.71094692233e-06	7.42189384465e-06	0	3.71094692233e-06	1.48437876893e-05	0	0	0	7.42189384465e-06	0	0	0	0	0	3.71094692233e-06	0.000341407116854	3.71094692233e-06	0.000126172195359	9.27736730582e-05	0.00214863826803	8.16408322912e-05	0	3.71094692233e-06	3.71094692233e-06	3.71094692233e-06	1.1132840767e-05	0	3.71094692233e-06	0
3.33985223009e-05	0.000530665409893	0.000712501809087	0	3.71094692233e-06	0	7.42189384465e-06	7.79298853688e-05	7.42189384465e-06	0.00112812786439	1.1132840767e-05	2.2265681534e-05	0	1.85547346116e-05	4.08204161456e-05	0	0.014238903341	0.000137305036126	7.42189384465e-06	2.96875753786e-05	0	0.00216719300264	0.00387051763999	0.00611564052799	0.00323223476935	1.48437876893e-05	0.000211523974573	0.00330645370779	0.00223770099416	9.27736730582e-05	0.000285742913019	7.42189384465e-06	0	2.96875753786e-05	0.000285742913019	2.2265681534e-05	5.93751507572e-05	2.96875753786e-05	0	3.71094692233e-06	0	7.42189384465e-06	0.000181836399194	3.71094692233e-05	0.000411915108378	7.42189384465e-06	0	0	0	3.71094692233e-05	1.1132840767e-05	0.00126543290051	1.48437876893e-05	0	3.71094692233e-06	0	0.000296875753786	0.0027757882979	0.000979689987494	0.000508399728359	0	1.48437876893e-05	0.000163281664582	0.000408204161456	1.48437876893e-05	0.000241211549951	0	0	3.71094692233e-06	7.05079915242e-05	0.00086093968598	0.000252344390718	0.000493555940669	0.000322852382242	3.71094692233e-06	3.71094692233e-06	0	0.000129883142281	4.08204161456e-05	7.42189384465e-05	6.30860976795e-05	3.71094692233e-05	1.48437876893e-05	3.71094692233e-06
0.000460157418368	0.00161055096429	0.00763341781922	0	7.42189384465e-06	0	1.85547346116e-05	0.00144726929971	6.30860976795e-05	0.000218945868417	9.27736730582e-05	0.000857228739057	1.48437876893e-05	6.30860976795e-05	0.00043046984299	0	0.000137305036126	0.0297766381047	0.000115039354592	0.00623439082951	1.1132840767e-05	0.00300215606016	0.000330274276087	0.0111885049708	0.000330274276087	6.30860976795e-05	0.00932560961581	0.00598575738571	0.00179238736348	0.00118750301514	0.00405977593302	2.2265681534e-05	3.71094692233e-06	0.000244922496874	0.00859826401903	7.42189384465e-06	0.00159199622968	0.000693947074475	0	3.71094692233e-06	0	1.1132840767e-05	7.05079915242e-05	1.1132840767e-05	0.000115039354592	1.1132840767e-05	1.48437876893e-05	0	7.42189384465e-06	0	7.42189384465e-06	0.000192969239961	0.000538087303737	7.42189384465e-06	0.000103906513825	0	9.64846199805e-05	0.000556642038349	0.000475001206058	0.000129883142281	9.27736730582e-05	0.000708790862164	0.00127285479436	0.000122461248437	0	3.71094692233e-05	3.71094692233e-06	0	0	7.05079915242e-05	0.0036070404085	0.00124316721898	0.0048539185744	0.0027757882979	1.1132840767e-05	1.48437876893e-05	7.42189384465e-05	0.000274610072252	0.000363672798388	0.000115039354592	4.08204161456e-05	2.96875753786e-05	1.1132840767e-05	0
3.71094692233e-06	2.59766284563e-05	3.33985223009e-05	0	0	3.71094692233e-06	2.59766284563e-05	2.59766284563e-05	1.48437876893e-05	7.42189384465e-06	1.85547346116e-05	0.00283887439558	2.96875753786e-05	0.00015957071766	5.93751507572e-05	0	7.42189384465e-06	0.000115039354592	0.00510626296512	0.00233418561414	1.1132840767e-05	4.82423099902e-05	7.42189384465e-06	5.93751507572e-05	2.96875753786e-05	0.000155859770738	0.00315059393705	0.000211523974573	1.85547346116e-05	0.000174414505349	3.71094692233e-05	7.79298853688e-05	1.48437876893e-05	1.48437876893e-05	0.000738478437543	0	3.33985223009e-05	3.71094692233e-06	0	0	0	7.42189384465e-06	3.71094692233e-06	7.42189384465e-06	0	3.71094692233e-06	7.05079915242e-05	3.71094692233e-06	8.16408322912e-05	3.71094692233e-06	3.71094692233e-06	0	1.1132840767e-05	2.96875753786e-05	8.16408322912e-05	0	0	3.71094692233e-06	3.71094692233e-06	3.71094692233e-06	8.53517792135e-05	0.000144726929971	0.000118750301514	3.71094692233e-06	0	0	1.48437876893e-05	0	0	3.71094692233e-06	0.000278321019174	0.000393360373767	0.000449024577601	8.53517792135e-05	0	0	1.1132840767e-05	1.1132840767e-05	7.42189384465e-05	1.48437876893e-05	3.71094692233e-06	0	0	7.42189384465e-06
0.000126172195359	0.000768166012922	0.000864650632902	0	7.42189384465e-06	7.42189384465e-06	5.19532569126e-05	0.000278321019174	6.67970446019e-05	6.67970446019e-05	0.00011132840767	0.00477227774211	9.27736730582e-05	0.000204102080728	0.000300586700708	3.71094692233e-06	2.96875753786e-05	0.00623439082951	0.00233418561414	0.0210522018904	6.30860976795e-05	0.000363672798388	7.42189384465e-05	0.00125430005975	0.000133594089204	0.000196680186883	0.0127211260497	0.00268672557176	0.000308008594553	0.000764455065999	0.000634571923718	0.000115039354592	2.2265681534e-05	7.42189384465e-05	0.00718439324162	0	0.00070136896832	5.19532569126e-05	0	0	0	7.42189384465e-06	1.85547346116e-05	0	2.96875753786e-05	0	7.05079915242e-05	0	8.90627261358e-05	0	3.71094692233e-06	3.71094692233e-05	0.000233789656107	5.56642038349e-05	0.00015957071766	0	1.48437876893e-05	0.000103906513825	6.30860976795e-05	3.71094692233e-05	0.000267188178407	0.000671681392941	0.000653126658329	2.2265681534e-05	0	3.71094692233e-06	7.42189384465e-06	0	0	3.33985223009e-05	0.00288711670557	0.00182578588578	0.00307266405169	0.000953713359038	7.42189384465e-06	3.71094692233e-06	2.96875753786e-05	7.42189384465e-05	0.000152148823815	7.05079915242e-05	1.85547346116e-05	3.71094692233e-06	1.48437876893e-05	0
0.000126172195359	3.71094692233e-06	7.42189384465e-06	0	0.00875412378977	4.08204161456e-05	0.00164394948659	0.000593751507572	0.00074961127831	0.00171445747811	0.00437520642142	0.000244922496874	0.012086554126	1.48437876893e-05	0.00166621516812	0.000259766284563	0	1.1132840767e-05	1.1132840767e-05	6.30860976795e-05	0.0226033777039	2.2265681534e-05	1.48437876893e-05	4.45313630679e-05	0.00383711911769	3.71094692233e-06	0.000122461248437	2.59766284563e-05	0.00340293832777	0.00353653241698	0.000148437876893	1.85547346116e-05	8.90627261358e-05	0.000237500603029	0.0023935607649	1.1132840767e-05	0	0	0	0.00198164565652	3.71094692233e-06	0.00022265681534	7.79298853688e-05	0.000163281664582	0.000449024577601	0.000768166012922	3.71094692233e-06	0.000352539957621	0	6.30860976795e-05	1.48437876893e-05	3.71094692233e-06	3.71094692233e-06	0	1.48437876893e-05	0.0010798855544	3.71094692233e-06	3.71094692233e-06	0	0.000549220144504	0	0	0	0.000597462454495	1.85547346116e-05	0	0	0	0	1.85547346116e-05	0.000437891736834	7.05079915242e-05	0.00159199622968	0.000345118063776	0.000979689987494	4.45313630679e-05	1.85547346116e-05	2.2265681534e-05	3.71094692233e-06	4.82423099902e-05	0	2.96875753786e-05	1.48437876893e-05	0
0.000400782267611	0.000359961851466	0.00418223718146	0	2.59766284563e-05	1.1132840767e-05	5.56642038349e-05	0.00377774396693	0.000103906513825	0.00120976869668	0.000211523974573	0.000256055337641	3.71094692233e-05	2.59766284563e-05	0.000593751507572	1.48437876893e-05	0.00216719300264	0.00300215606016	4.82423099902e-05	0.000363672798388	2.2265681534e-05	0.046008319943	0.00148437876893	0.0313537905467	0.00165879327428	2.2265681534e-05	0.00143242551202	0.00155117581353	0.0123611641983	0.00178867641656	0.0146730841309	3.71094692233e-06	7.42189384465e-06	0.00130625331666	0.00646446953869	4.45313630679e-05	9.64846199805e-05	8.53517792135e-05	0	7.42189384465e-06	0	2.2265681534e-05	0.000326563329165	5.93751507572e-05	0.000753322225232	2.59766284563e-05	0	1.48437876893e-05	0	6.30860976795e-05	7.42189384465e-06	0.000912892942892	2.59766284563e-05	0	7.42189384465e-06	7.42189384465e-06	0.000304297647631	0.00259024095178	0.000556642038349	0.000875783473669	7.42189384465e-06	7.79298853688e-05	0.000215234921495	0.000753322225232	4.82423099902e-05	0.000378516586077	0	0	3.71094692233e-06	0.000137305036126	0.00361817324927	0.00135449562665	0.00609337484646	0.00317285961859	4.82423099902e-05	8.90627261358e-05	4.82423099902e-05	0.000256055337641	9.64846199805e-05	0.000155859770738	8.16408322912e-05	3.33985223009e-05	2.2265681534e-05	0
7.79298853688e-05	0.00463126175906	0.00204844270112	0	7.42189384465e-06	7.42189384465e-06	7.42189384465e-06	0.000259766284563	2.59766284563e-05	0.00670568108864	8.16408322912e-05	4.08204161456e-05	3.71094692233e-06	5.19532569126e-05	0.000141015983048	3.71094692233e-06	0.00387051763999	0.000330274276087	7.42189384465e-06	7.42189384465e-05	1.48437876893e-05	0.00148437876893	0.0215902891941	0.00452735524524	0.00532891978046	0.000230078709184	0.000838674004446	0.00748497994233	0.00198906755037	0.000467579312213	0.000901760102125	7.42189384465e-06	7.42189384465e-06	0.000211523974573	0.00074961127831	4.82423099902e-05	0.00070136896832	0.000122461248437	0	1.1132840767e-05	0	5.56642038349e-05	0.000437891736834	0.00011132840767	0.0016959027435	5.56642038349e-05	1.1132840767e-05	1.1132840767e-05	3.71094692233e-06	4.45313630679e-05	1.48437876893e-05	0.00342891495623	7.05079915242e-05	3.71094692233e-06	0	3.71094692233e-06	0.000634571923718	0.00823459122064	0.00278692113867	0.00148437876893	1.1132840767e-05	4.45313630679e-05	0.00113926070515	0.00106875271363	5.56642038349e-05	0.000441602683757	3.71094692233e-06	3.71094692233e-06	3.71094692233e-06	0.00022265681534	0.000924025783659	0.000345118063776	0.00063828287064	0.000404493214534	0.000107617460747	1.1132840767e-05	7.42189384465e-06	0.000397071320689	0.000148437876893	0.000230078709184	0.000118750301514	7.42189384465e-05	4.08204161456e-05	7.42189384465e-06
0.00102422135056	0.00119121396207	0.0234977159122	0	4.82423099902e-05	2.96875753786e-05	0.000115039354592	0.00702111157704	0.000241211549951	0.00148437876893	0.000389649426844	0.000641993817562	4.08204161456e-05	8.16408322912e-05	0.00123574532513	3.33985223009e-05	0.00611564052799	0.0111885049708	5.93751507572e-05	0.00125430005975	4.45313630679e-05	0.0313537905467	0.00452735524524	0.0865021727594	0.00198906755037	3.71094692233e-05	0.00552188902042	0.0120717103383	0.0134002293365	0.00267930367792	0.0121273745422	2.2265681534e-05	2.2265681534e-05	0.00104277608517	0.0104945578963	5.56642038349e-05	0.000931447677504	0.00052695446297	0	1.1132840767e-05	0	4.08204161456e-05	0.000508399728359	0.000100195566903	0.000742189384465	5.56642038349e-05	7.42189384465e-06	1.48437876893e-05	7.42189384465e-06	8.90627261358e-05	1.1132840767e-05	0.00420821380992	0.000263477231485	7.42189384465e-06	3.71094692233e-05	7.42189384465e-06	0.00110215123593	0.00931818772196	0.00490958277824	0.00116894828053	2.2265681534e-05	0.000252344390718	0.00177012168195	0.000994533775183	5.93751507572e-05	0.000682814233708	0	0	1.1132840767e-05	0.00036738374531	0.0112033487585	0.00338809454008	0.0133556979735	0.0081937708045	7.42189384465e-05	0.000133594089204	6.67970446019e-05	0.000875783473669	0.000341407116854	0.00043046984299	0.000248633443796	0.000115039354592	3.71094692233e-05	3.71094692233e-06
0.000482423099902	0.00152148823815	0.000768166012922	0	0.00537716209045	7.42189384465e-06	0.000178125452272	0.00295020280325	0.000248633443796	0.0105947534632	0.000927736730582	0.000144726929971	0.00223770099416	1.1132840767e-05	0.000849806845213	0.000122461248437	0.00323223476935	0.000330274276087	2.96875753786e-05	0.000133594089204	0.00383711911769	0.00165879327428	0.00532891978046	0.00198906755037	0.040464165241	5.19532569126e-05	0.000515821622203	0.00217461489648	0.0147584359101	0.00309492973322	0.00335469601778	3.71094692233e-06	2.59766284563e-05	0.00145098024663	0.00351797768237	0.000100195566903	8.90627261358e-05	4.08204161456e-05	0	0.000493555940669	0	0.00020781302765	0.00113554975823	0.000348829010699	0.00514337243434	0.000586329613728	7.42189384465e-06	5.93751507572e-05	0	0.000263477231485	5.93751507572e-05	0.000434180789912	2.2265681534e-05	3.71094692233e-06	3.71094692233e-06	0.00031914143532	0.000100195566903	0.00144726929971	0.000200391133806	0.00426758896068	3.71094692233e-06	2.96875753786e-05	0.000103906513825	0.00296875753786	0.000144726929971	0.000337696169932	0	7.42189384465e-06	0	0.000107617460747	0.00233418561414	0.00047871215298	0.00240840455259	0.00140644888356	0.000868361579824	4.82423099902e-05	1.1132840767e-05	0.000341407116854	6.30860976795e-05	0.000200391133806	6.67970446019e-05	0.000256055337641	5.19532569126e-05	7.42189384465e-06
3.71094692233e-06	0.00170332463735	3.33985223009e-05	0	3.71094692233e-06	0	1.85547346116e-05	7.42189384465e-06	1.48437876893e-05	0.000170703558427	1.1132840767e-05	0.00150664445046	1.48437876893e-05	0.00559610795887	3.71094692233e-05	0	1.48437876893e-05	6.30860976795e-05	0.000155859770738	0.000196680186883	3.71094692233e-06	2.2265681534e-05	0.000230078709184	3.71094692233e-05	5.19532569126e-05	0.010843386907	0.00416739339377	0.00322110192858	1.48437876893e-05	7.42189384465e-05	1.48437876893e-05	0.000964846199805	3.71094692233e-06	0	0.000189258293039	0	0.000341407116854	1.1132840767e-05	0	0	0	0	3.71094692233e-06	7.42189384465e-06	1.1132840767e-05	3.71094692233e-06	0.00105019797902	3.71094692233e-06	0.00164766043351	7.42189384465e-06	3.71094692233e-06	0	4.45313630679e-05	0.000126172195359	0.000144726929971	0	7.42189384465e-06	1.48437876893e-05	0	1.85547346116e-05	0.00143984740586	0.000731056543698	0.000690236127553	1.1132840767e-05	3.71094692233e-06	3.71094692233e-06	6.30860976795e-05	0	3.71094692233e-06	6.30860976795e-05	7.42189384465e-05	0.000456446471446	0.000204102080728	2.96875753786e-05	0	0	0.000170703558427	4.08204161456e-05	0.00110215123593	0.000126172195359	1.48437876893e-05	3.71094692233e-06	0	0.000293164806864
0.000263477231485	0.00796369209531	0.0133631198673	0	1.1132840767e-05	1.85547346116e-05	0.000148437876893	0.00126543290051	0.000189258293039	0.000500977834514	0.000274610072252	0.0132035491496	0.000174414505349	0.00542169345352	0.000619728136028	1.1132840767e-05	0.000211523974573	0.00932560961581	0.00315059393705	0.0127211260497	0.000122461248437	0.00143242551202	0.000838674004446	0.00552188902042	0.000515821622203	0.00416739339377	0.0884949512567	0.0300252715485	0.0016625042212	0.00165508232736	0.0017626997881	0.00451251145755	5.19532569126e-05	0.000211523974573	0.0100937756287	1.48437876893e-05	0.00830509921217	0.00132851899819	0	3.71094692233e-06	3.71094692233e-06	5.19532569126e-05	0.00011132840767	9.64846199805e-05	0.000152148823815	2.2265681534e-05	0.00158828528276	7.42189384465e-06	0.00271270220022	4.82423099902e-05	2.2265681534e-05	0.000237500603029	0.00280547587328	0.00068652518063	0.00202246607267	7.42189384465e-06	0.000122461248437	0.000705079915242	0.000656837605252	0.000215234921495	0.00501348929206	0.00802677819299	0.00886545219744	0.000166992611505	1.1132840767e-05	6.67970446019e-05	0.000200391133806	0	1.1132840767e-05	0.000512110675281	0.00783380895303	0.00633087544949	0.00631232071488	0.00218574773725	3.33985223009e-05	1.48437876893e-05	0.000126172195359	0.000924025783659	0.0026087956864	0.000990822828261	0.000237500603029	5.93751507572e-05	2.59766284563e-05	0.000115039354592
0.000115039354592	0.0149662489377	0.0263143246262	0	3.71094692233e-06	1.85547346116e-05	4.08204161456e-05	0.000530665409893	7.05079915242e-05	0.00175527789426	0.000126172195359	0.00168848084966	4.45313630679e-05	0.00341407116854	0.000218945868417	1.1132840767e-05	0.00330645370779	0.00598575738571	0.000211523974573	0.00268672557176	2.59766284563e-05	0.00155117581353	0.00748497994233	0.0120717103383	0.00217461489648	0.00322110192858	0.0300252715485	0.0803345789745	0.00159199622968	0.000682814233708	0.000950002412115	0.00108730744824	2.59766284563e-05	0.00015957071766	0.00431954221759	2.2265681534e-05	0.00785978558149	0.00162539475198	0	3.71094692233e-06	0	2.96875753786e-05	0.000256055337641	6.67970446019e-05	0.000185547346116	3.71094692233e-05	0.000497266887592	7.42189384465e-06	0.000808986429067	7.05079915242e-05	7.42189384465e-06	0.00241953739336	0.00146953498124	0.000256055337641	0.000693947074475	7.42189384465e-06	0.000426758896068	0.0063494301841	0.00394473657843	0.000311719541475	0.0020113332319	0.00341036022162	0.00745529236695	0.000341407116854	2.96875753786e-05	0.000178125452272	7.79298853688e-05	0	7.42189384465e-06	0.000500977834514	0.00802677819299	0.00356250904543	0.00419708096915	0.00235274034875	5.93751507572e-05	2.2265681534e-05	5.19532569126e-05	0.00095742430596	0.0012468781659	0.000664259499096	0.000230078709184	6.30860976795e-05	4.08204161456e-05	4.82423099902e-05
0.00147695687509	0.000512110675281	0.00472403543212	0	0.00549962333889	3.33985223009e-05	0.0010130885098	0.0240580688974	0.00107617460747	0.0047537230075	0.00469063690982	0.000218945868417	0.00201504417882	5.19532569126e-05	0.00273125693483	0.000122461248437	0.00223770099416	0.00179238736348	1.85547346116e-05	0.000308008594553	0.00340293832777	0.0123611641983	0.00198906755037	0.0134002293365	0.0147584359101	1.48437876893e-05	0.0016625042212	0.00159199622968	0.0682034934854	0.00751837846463	0.0170629339489	1.48437876893e-05	5.93751507572e-05	0.00320996908781	0.00790060599763	0.000137305036126	0.000137305036126	8.53517792135e-05	0	0.00143984740586	0	0.000322852382242	0.00141758172433	0.00047871215298	0.0058336085619	0.00120605774976	1.48437876893e-05	0.000337696169932	7.42189384465e-06	0.00036738374531	8.16408322912e-05	0.000675392339863	4.45313630679e-05	3.71094692233e-06	1.85547346116e-05	0.00086093968598	0.000178125452272	0.00212637258649	0.000426758896068	0.0055849751181	3.71094692233e-06	7.42189384465e-05	0.000181836399194	0.00455333187369	0.000196680186883	0.00047871215298	3.71094692233e-06	3.71094692233e-06	3.71094692233e-06	0.00015957071766	0.00434551884604	0.000834963057523	0.00630118787411	0.00335098507086	0.000616017189106	9.64846199805e-05	4.82423099902e-05	0.00052695446297	0.000122461248437	0.000308008594553	0.000100195566903	0.000326563329165	5.56642038349e-05	0
0.00772248054536	0.000189258293039	0.00100195566903	0	0.000786720747533	0.000912892942892	0.00408575256148	0.0142463252348	0.00670568108864	0.0017293012658	0.00937014097887	0.00267188178407	0.00402637741072	0.000230078709184	0.0227740812623	0.000211523974573	9.27736730582e-05	0.00118750301514	0.000174414505349	0.000764455065999	0.00353653241698	0.00178867641656	0.000467579312213	0.00267930367792	0.00309492973322	7.42189384465e-05	0.00165508232736	0.000682814233708	0.00751837846463	0.0689234171884	0.0203656767097	0.000100195566903	0.00257168621717	0.0147250373878	0.0267707710977	6.30860976795e-05	6.30860976795e-05	3.71094692233e-05	0	0.000166992611505	0	0.000115039354592	0.000564063932194	0.000215234921495	0.00190742671808	0.000244922496874	1.48437876893e-05	2.96875753786e-05	7.42189384465e-06	0.000174414505349	1.85547346116e-05	0.000152148823815	1.85547346116e-05	3.71094692233e-06	7.42189384465e-06	0.000107617460747	4.45313630679e-05	0.000449024577601	9.64846199805e-05	0.00180352020425	1.1132840767e-05	1.85547346116e-05	6.30860976795e-05	0.0014287145651	7.05079915242e-05	0.000148437876893	3.71094692233e-06	0	3.71094692233e-06	2.96875753786e-05	0.00516563811588	0.00105390892594	0.0148215220078	0.00452735524524	0.000586329613728	0.000708790862164	0.00011132840767	0.000181836399194	4.82423099902e-05	6.67970446019e-05	2.96875753786e-05	0.000144726929971	1.85547346116e-05	7.42189384465e-06
0.0063828287064	0.000296875753786	0.00367754840003	0	0.000170703558427	7.42189384465e-06	0.000278321019174	0.0162762132013	0.000604884348339	0.001911137665	0.00126543290051	0.000289453859941	0.000170703558427	2.2265681534e-05	0.00562579553425	2.2265681534e-05	0.000285742913019	0.00405977593302	3.71094692233e-05	0.000634571923718	0.000148437876893	0.0146730841309	0.000901760102125	0.0121273745422	0.00335469601778	1.48437876893e-05	0.0017626997881	0.000950002412115	0.0170629339489	0.0203656767097	0.0533263072738	3.71094692233e-06	4.08204161456e-05	0.00783380895303	0.0111291298201	2.96875753786e-05	0.00011132840767	6.67970446019e-05	0	5.93751507572e-05	0	7.05079915242e-05	0.000504688781436	0.000144726929971	0.0016291056989	9.64846199805e-05	0	3.33985223009e-05	3.71094692233e-06	9.64846199805e-05	7.42189384465e-06	0.000426758896068	2.96875753786e-05	0	1.1132840767e-05	4.08204161456e-05	0.000137305036126	0.00135820657357	0.000244922496874	0.00132480805127	7.42189384465e-06	4.45313630679e-05	0.000122461248437	0.00118750301514	4.08204161456e-05	0.000282031966097	0	0	7.42189384465e-06	0.000103906513825	0.0028759838648	0.000886916314436	0.0067650562394	0.00320254719397	0.000126172195359	5.56642038349e-05	4.82423099902e-05	0.00020781302765	5.56642038349e-05	0.000137305036126	6.67970446019e-05	0.000115039354592	1.48437876893e-05	3.71094692233e-06
0	2.2265681534e-05	1.85547346116e-05	0	3.71094692233e-06	0	1.48437876893e-05	1.1132840767e-05	1.1132840767e-05	3.71094692233e-06	2.96875753786e-05	0.00233418561414	1.85547346116e-05	0.0031914143532	3.71094692233e-05	0	7.42189384465e-06	2.2265681534e-05	7.79298853688e-05	0.000115039354592	1.85547346116e-05	3.71094692233e-06	7.42189384465e-06	2.2265681534e-05	3.71094692233e-06	0.000964846199805	0.00451251145755	0.00108730744824	1.48437876893e-05	0.000100195566903	3.71094692233e-06	0.00525841178894	0	0	0.000256055337641	0	2.59766284563e-05	3.71094692233e-06	0	0	0	0	0	0	3.71094692233e-06	0	0.000333985223009	0	0.000608595295261	0	0	0	1.48437876893e-05	6.67970446019e-05	6.67970446019e-05	0	3.71094692233e-06	3.71094692233e-06	3.71094692233e-06	3.71094692233e-06	0.000241211549951	0.000285742913019	0.00022265681534	3.71094692233e-06	0	3.71094692233e-06	1.1132840767e-05	0	0	4.08204161456e-05	5.56642038349e-05	0.000389649426844	0.000218945868417	2.2265681534e-05	0	0	2.59766284563e-05	2.2265681534e-05	0.000419337002223	5.19532569126e-05	1.85547346116e-05	0	0	4.45313630679e-05
