0.0158642930483	1.08461438343e-05	4.33845753373e-05	0	0.000256692070746	6.14614817279e-05	0.000412153465704	0.00777668512921	0.00186915212078	0.000990614470202	0.00220176719837	9.7615294509e-05	0.000155461394959	3.2538431503e-05	0.00582799462031	6.14614817279e-05	6.5076863006e-05	2.53076689468e-05	2.16922876687e-05	3.61538127811e-05	0.000159076776237	0.000285615120971	0.000130153726012	0.000234999783077	0.00173538301349	0	5.42307191716e-05	9.7615294509e-05	0.00253438227595	0.00580991771392	0.00247292079423	0	2.16922876687e-05	0.000187999826462	0.000766460830959	2.89230502249e-05	7.23076255622e-06	3.61538127811e-06	0	1.44615251124e-05	0	7.23076255622e-06	7.23076255622e-05	3.97691940592e-05	0.000256692070746	1.08461438343e-05	7.23076255622e-06	7.95383881184e-05	3.61538127811e-06	7.95383881184e-05	0	0.000144615251124	1.08461438343e-05	0	0	7.59230068403e-05	0.000104846057065	0.000339845840142	0.000104846057065	0.000484461091267	0	1.44615251124e-05	1.80769063905e-05	0.000198845970296	0.000148230632402	0.000166307538793	0	0	0.000108461438343	0.000227769020521	0.000397691940592	6.5076863006e-05	0.000697768586675	0.000195230589018	0.000148230632402	7.23076255622e-06	0	5.06153378935e-05	1.80769063905e-05	7.59230068403e-05	4.33845753373e-05	1.08461438343e-05	3.61538127811e-06	0
1.08461438343e-05	0.0131129878957	0.00132684492907	0	4.33845753373e-05	0	7.23076255622e-06	9.7615294509e-05	1.08461438343e-05	0.00196676741529	1.80769063905e-05	8.67691506746e-05	0.000126538344734	0.000126538344734	1.44615251124e-05	7.23076255622e-06	0.00045915342232	0.000462768803598	3.97691940592e-05	0.000231384401799	3.61538127811e-06	0.000245845926911	0.00310922789917	0.00101953752043	0.0014859217053	0.0010737682396	0.00158353699981	0.0070680703987	0.000231384401799	3.2538431503e-05	0.000112076819621	0	0	1.44615251124e-05	0.00053507642916	2.16922876687e-05	0.00680776294668	0.000824306931409	0	0	0	0	1.08461438343e-05	1.44615251124e-05	8.67691506746e-05	3.61538127811e-06	2.89230502249e-05	7.23076255622e-06	0.000151846013681	3.97691940592e-05	0	0.000104846057065	0.000408538084426	3.61538127811e-05	0.000300076646083	7.23076255622e-06	4.33845753373e-05	0.000441076515929	0.000184384445184	7.59230068403e-05	0.00116415277155	0.00137384488568	0.00544837958611	3.97691940592e-05	3.2538431503e-05	5.06153378935e-05	2.53076689468e-05	3.61538127811e-06	2.16922876687e-05	6.14614817279e-05	0.000412153465704	0.000379615034202	0.000274768977136	4.69999566154e-05	1.08461438343e-05	3.61538127811e-06	7.23076255622e-06	0.000224153639243	0.000274768977136	9.03845319527e-05	5.78461004498e-05	0	3.61538127811e-06	3.61538127811e-06
4.33845753373e-05	0.00132684492907	0.034501583537	0	1.44615251124e-05	3.61538127811e-06	3.2538431503e-05	0.00113522972133	0.000119307582178	0.000151846013681	0.000137384488568	0.000256692070746	1.80769063905e-05	9.03845319527e-05	0.000159076776237	2.16922876687e-05	0.000177153682627	0.0080261464374	7.23076255622e-05	0.000647153248782	1.08461438343e-05	0.001767921445	0.00026753821458	0.0115402970397	0.000328999696308	5.78461004498e-05	0.00919391459023	0.0110956051425	0.000983383707646	7.59230068403e-05	0.00143169098613	0	3.61538127811e-06	3.61538127811e-05	0.00243676698145	2.89230502249e-05	0.00744768543291	0.00181853678289	0	3.61538127811e-06	0	3.61538127811e-06	2.89230502249e-05	1.08461438343e-05	5.78461004498e-05	0	3.2538431503e-05	1.44615251124e-05	5.06153378935e-05	3.97691940592e-05	0	0.000126538344734	0.000835153075243	4.69999566154e-05	0.00051699952277	3.61538127811e-06	8.31537693965e-05	0.000433845753373	0.000307307408639	7.95383881184e-05	0.000274768977136	0.00256330532618	0.00587137919565	5.78461004498e-05	6.5076863006e-05	0.000130153726012	1.08461438343e-05	0	2.89230502249e-05	0.00013376910729	0.00242953621889	0.00355753517766	0.00161246005004	0.000412153465704	5.06153378935e-05	1.08461438343e-05	0	0.000281999739693	0.000321768933752	0.000151846013681	7.23076255622e-05	0	0	1.08461438343e-05
0	0	0	0	0	0	0	0	0	0	0	0	0	0	0	0	0	0	0	0	0	0	0	0	0	0	0	0	0	0	0	0	0	0	0	0	0	0	0	0	0	0	0	0	0	0	0	0	0	0	0	0	0	0	0	0	0	0	0	0	0	0	0	0	0	0	0	0	0	0	0	0	0	0	0	0	0	0	0	0	0	0	0	0
0.000256692070746	4.33845753373e-05	1.44615251124e-05	0	0.0175852145367	3.2538431503e-05	0.000676076299006	0.00146061403636	0.000567614860663	0.00352499674616	0.00539414886694	6.86922442841e-05	0.00233915168694	2.89230502249e-05	0.000618230198557	0.000130153726012	5.06153378935e-05	7.23076255622e-06	1.08461438343e-05	3.97691940592e-05	0.00733922399456	7.95383881184e-05	0.000144615251124	0.000112076819621	0.00960245267466	1.08461438343e-05	3.97691940592e-05	4.33845753373e-05	0.00624737884857	0.000169922920071	0.000202461351574	0	3.61538127811e-06	2.16922876687e-05	0.000198845970296	6.5076863006e-05	1.08461438343e-05	2.16922876687e-05	0	0.0014208448423	0	3.2538431503e-05	0.000263922833302	0.000108461438343	0.000708614730509	5.42307191716e-05	3.61538127811e-06	0.000206076732852	1.08461438343e-05	0.000184384445184	1.44615251124e-05	8.67691506746e-05	1.08461438343e-05	3.61538127811e-06	1.08461438343e-05	0.000704999349231	1.80769063905e-05	0.000177153682627	3.61538127811e-05	0.00164138310026	3.61538127811e-06	1.08461438343e-05	1.80769063905e-05	0.000697768586675	0.000253076689468	0.000227769020521	0	7.23076255622e-06	0.000108461438343	0.000314538171196	0.000213307495408	3.61538127811e-05	0.000426614990817	0.000162692157515	0.000187999826462	1.44615251124e-05	0	0.000104846057065	3.61538127811e-06	0.000180769063905	7.95383881184e-05	7.95383881184e-05	3.61538127811e-06	3.61538127811e-06
6.14614817279e-05	0	3.61538127811e-06	0	3.2538431503e-05	0.00685114752202	0.00284530506587	0.000361538127811	0.00223430562987	5.78461004498e-05	0.000921922225918	9.03845319527e-05	0.000198845970296	6.86922442841e-05	0.00128707573501	0.00131961416651	3.61538127811e-06	7.23076255622e-06	7.23076255622e-06	1.44615251124e-05	2.89230502249e-05	1.80769063905e-05	0	3.2538431503e-05	0.000108461438343	0	2.89230502249e-05	1.80769063905e-05	0.000206076732852	0.000148230632402	4.69999566154e-05	0	0.000730307018178	0	0.00034346122142	0	0	3.61538127811e-06	0	3.61538127811e-06	0	0	3.61538127811e-06	1.08461438343e-05	1.08461438343e-05	7.23076255622e-06	0	6.86922442841e-05	0	0	0	3.61538127811e-06	0	0	0	2.53076689468e-05	0	3.61538127811e-06	3.61538127811e-06	2.53076689468e-05	0	3.61538127811e-06	0	1.08461438343e-05	7.23076255622e-06	0	0	3.61538127811e-06	0	1.08461438343e-05	0.000231384401799	1.80769063905e-05	0.000336230458864	0.000202461351574	0.00157630623726	0.00102315290171	0	7.23076255622e-06	0	1.80769063905e-05	1.08461438343e-05	0	0	3.61538127811e-06
0.000412153465704	7.23076255622e-06	3.2538431503e-05	0	0.000676076299006	0.00284530506587	0.0382905031165	0.00358645822788	0.0169814458633	0.000723076255622	0.0227552097644	0.00148953708658	0.00861545358574	0.000560384098107	0.00635222490564	0.00283084354076	1.08461438343e-05	8.31537693965e-05	0.00034346122142	0.000473614947432	0.00130876802268	0.000112076819621	7.23076255622e-06	0.000155461394959	0.00138469102952	1.08461438343e-05	0.000589307148332	0.000126538344734	0.00297545879188	0.00140276793591	0.00019161520774	1.80769063905e-05	0.000607384054722	1.44615251124e-05	0.0021475364792	1.08461438343e-05	3.61538127811e-06	0	0	6.14614817279e-05	0	3.61538127811e-06	3.61538127811e-05	2.16922876687e-05	9.03845319527e-05	0.000238615164355	7.23076255622e-06	0.00225599791754	7.23076255622e-06	2.89230502249e-05	3.61538127811e-06	1.80769063905e-05	0	0	3.61538127811e-06	0.000997845232758	3.61538127811e-06	3.2538431503e-05	7.23076255622e-06	0.000227769020521	1.44615251124e-05	2.16922876687e-05	1.44615251124e-05	0.000130153726012	3.61538127811e-05	3.2538431503e-05	3.61538127811e-06	0	1.08461438343e-05	6.14614817279e-05	0.000831537693965	0.000101230675787	0.00441799592185	0.000939999132308	0.00279830510926	0.000289230502249	7.23076255622e-06	2.53076689468e-05	0	3.2538431503e-05	1.44615251124e-05	1.44615251124e-05	3.61538127811e-06	0
0.00777668512921	9.7615294509e-05	0.00113522972133	0	0.00146061403636	0.000361538127811	0.00358645822788	0.0617217891799	0.00928068374091	0.00477591866838	0.0159257545301	0.000708614730509	0.000737537780734	0.000173538301349	0.0124730654095	0.000444691897207	0.000263922833302	0.000813460787575	0.000130153726012	0.000412153465704	0.000473614947432	0.00507961069574	0.000339845840142	0.00445053435335	0.00968560644406	1.80769063905e-05	0.00078453773735	0.00118222967794	0.0228311327713	0.00341291992654	0.0187963672649	7.23076255622e-06	0.0001156922009	0.000379615034202	0.00582799462031	0.000159076776237	0.000148230632402	0.000122922963456	0	0.000162692157515	3.61538127811e-06	9.03845319527e-05	0.000509768760213	0.000339845840142	0.00112438357749	6.14614817279e-05	3.2538431503e-05	0.000151846013681	2.89230502249e-05	0.000441076515929	2.16922876687e-05	0.000473614947432	5.06153378935e-05	3.61538127811e-06	2.16922876687e-05	0.000220538257965	0.000278384358414	0.00117138353411	0.000394076559314	0.00268622828964	3.2538431503e-05	0.000108461438343	0.000216922876687	0.00142446022358	0.00080261464374	0.000864076125468	3.61538127811e-06	1.80769063905e-05	0.000394076559314	0.00112438357749	0.00324661238774	0.000375999652923	0.00515914908386	0.00173899839477	0.00108822976471	7.59230068403e-05	3.61538127811e-06	0.000263922833302	6.5076863006e-05	0.000567614860663	0.000303692027361	8.31537693965e-05	2.16922876687e-05	3.61538127811e-06
0.00186915212078	1.08461438343e-05	0.000119307582178	0	0.000567614860663	0.00223430562987	0.0169814458633	0.00928068374091	0.0436593443145	0.000882153031859	0.0180082141463	0.00172815225094	0.00170645996327	0.000817076168853	0.0236735166091	0.000708614730509	8.31537693965e-05	0.000140999869846	0.000314538171196	0.000480845709989	0.000578461004498	0.000437461134651	2.53076689468e-05	0.000462768803598	0.00207522885363	1.44615251124e-05	0.000694153205397	0.000169922920071	0.00381784262968	0.00232107478055	0.00109546052727	2.89230502249e-05	0.000874922269303	5.42307191716e-05	0.00282722815948	1.80769063905e-05	1.80769063905e-05	1.44615251124e-05	0	6.86922442841e-05	0	1.08461438343e-05	0.000104846057065	6.14614817279e-05	0.000159076776237	0.0001156922009	1.08461438343e-05	0.000853229981634	1.44615251124e-05	8.67691506746e-05	3.61538127811e-06	6.86922442841e-05	7.23076255622e-06	0	7.23076255622e-06	0.000444691897207	3.61538127811e-05	0.000184384445184	5.78461004498e-05	0.000495307235101	2.16922876687e-05	4.33845753373e-05	2.53076689468e-05	0.000281999739693	0.000137384488568	0.000137384488568	0	0	6.86922442841e-05	0.000242230545633	0.00129430649756	0.000155461394959	0.00474338023688	0.00108099900215	0.00306584332384	0.000310922789917	7.23076255622e-06	3.61538127811e-05	7.23076255622e-06	0.0001156922009	5.78461004498e-05	1.08461438343e-05	7.23076255622e-06	7.23076255622e-06
0.000990614470202	0.00196676741529	0.000151846013681	0	0.00352499674616	5.78461004498e-05	0.000723076255622	0.00477591866838	0.000882153031859	0.0360345051989	0.00241507469378	0.000112076819621	0.00593645605866	5.78461004498e-05	0.00116053739027	0.00114246048388	0.00139915255463	0.000112076819621	2.16922876687e-05	6.14614817279e-05	0.00156546009342	0.000748383924569	0.00792491576162	0.000914691463362	0.0251775152208	0.00019161520774	0.000180769063905	0.00170284458199	0.0113812202635	0.000791768499906	0.00155461394959	0	2.16922876687e-05	0.000122922963456	0.000690537824119	0.000415768846983	0.00024946130819	0.000292845883527	0	0.000600153292166	1.08461438343e-05	0.000234999783077	0.00128346035373	0.000723076255622	0.00549176416145	0.000119307582178	6.14614817279e-05	0.00019161520774	1.80769063905e-05	0.00107015285832	7.59230068403e-05	0.00244038236272	0.000122922963456	2.53076689468e-05	8.31537693965e-05	0.000379615034202	0.00106653747704	0.00564722555641	0.00180769063905	0.00844553066566	1.80769063905e-05	0.000155461394959	0.000372384271645	0.00419384228261	0.00197038279657	0.00223069024859	0	1.80769063905e-05	0.00114607586516	0.00289592040377	0.00138830641079	0.00013376910729	0.000874922269303	0.00047723032871	0.00100146061404	3.61538127811e-05	3.61538127811e-06	0.000939999132308	0.000169922920071	0.00133407569162	0.000661614773894	0.000386845796758	6.14614817279e-05	1.08461438343e-05
0.00220176719837	1.80769063905e-05	0.000137384488568	0	0.00539414886694	0.000921922225918	0.0227552097644	0.0159257545301	0.0180082141463	0.00241507469378	0.0753445458358	0.00169199843816	0.00889745332543	0.000549537954273	0.0116596046219	0.000433845753373	6.5076863006e-05	0.000169922920071	0.000328999696308	0.000603768673444	0.00718737798088	0.000506153378935	6.14614817279e-05	0.000545922572995	0.00535437967288	1.80769063905e-05	0.000723076255622	0.000227769020521	0.0123284501584	0.00240422854994	0.00102315290171	1.80769063905e-05	0.000365153509089	7.59230068403e-05	0.0029067665476	5.78461004498e-05	2.16922876687e-05	1.80769063905e-05	0	0.0011388451026	0	2.89230502249e-05	0.000253076689468	0.000155461394959	0.000488076472545	0.001156922009	1.44615251124e-05	0.0062437634673	3.61538127811e-06	0.000177153682627	1.08461438343e-05	6.5076863006e-05	3.61538127811e-06	3.61538127811e-06	7.23076255622e-06	0.00541222577333	2.53076689468e-05	0.000177153682627	4.69999566154e-05	0.001221998872	1.80769063905e-05	3.2538431503e-05	3.2538431503e-05	0.000683307061563	0.000245845926911	0.000180769063905	0	0	0.000119307582178	0.000354307365255	0.00192699822123	0.000187999826462	0.00592560991482	0.00146784479891	0.00236445935588	0.000177153682627	3.61538127811e-06	0.000119307582178	3.61538127811e-06	0.000195230589018	0.000104846057065	0.000101230675787	7.23076255622e-06	3.61538127811e-06
9.7615294509e-05	8.67691506746e-05	0.000256692070746	0	6.86922442841e-05	9.03845319527e-05	0.00148953708658	0.000708614730509	0.00172815225094	0.000112076819621	0.00169199843816	0.0302860489667	0.000321768933752	0.00694876281653	0.00199930584679	5.06153378935e-05	4.33845753373e-05	0.00197761355913	0.00456261117297	0.00933491446008	0.000148230632402	0.00034346122142	4.69999566154e-05	0.000770076212237	0.000260307452024	0.00100869137659	0.00857929977295	0.00176430606372	0.000491691853823	0.00191253669612	0.000303692027361	0.000368768890367	0.000144615251124	2.53076689468e-05	0.0110919897612	3.61538127811e-06	0.000253076689468	3.97691940592e-05	0	7.23076255622e-06	3.61538127811e-06	7.23076255622e-06	7.23076255622e-06	7.23076255622e-06	2.16922876687e-05	2.16922876687e-05	0.000336230458864	0.000213307495408	0.00103038366426	1.08461438343e-05	0	1.80769063905e-05	1.44615251124e-05	0.000137384488568	9.7615294509e-05	5.78461004498e-05	1.80769063905e-05	5.42307191716e-05	2.53076689468e-05	5.06153378935e-05	0.00133407569162	0.00103038366426	0.000943614513587	3.2538431503e-05	2.89230502249e-05	2.16922876687e-05	0.000227769020521	3.61538127811e-06	3.61538127811e-06	6.5076863006e-05	0.00212945957281	0.00299353569827	0.0120211427497	0.00129430649756	0.000451922659764	3.61538127811e-05	0.000466384184876	4.69999566154e-05	7.95383881184e-05	6.5076863006e-05	2.89230502249e-05	7.23076255622e-06	0	1.80769063905e-05
0.000155461394959	0.000126538344734	1.80769063905e-05	0	0.00233915168694	0.000198845970296	0.00861545358574	0.000737537780734	0.00170645996327	0.00593645605866	0.00889745332543	0.000321768933752	0.0277661282159	0.000130153726012	0.000983383707646	0.0017173061071	3.61538127811e-05	2.53076689468e-05	7.23076255622e-05	0.000126538344734	0.00563999479385	4.69999566154e-05	0.00024946130819	7.23076255622e-05	0.00555322564318	2.16922876687e-05	0.000126538344734	0.000108461438343	0.00174984453861	0.000321768933752	0.0001156922009	3.61538127811e-06	8.31537693965e-05	1.08461438343e-05	0.000563999479385	3.61538127811e-05	2.89230502249e-05	1.80769063905e-05	0	0.000777306974794	0	1.80769063905e-05	0.0001156922009	3.61538127811e-05	0.000697768586675	9.7615294509e-05	3.61538127811e-06	0.00308030484895	0	9.7615294509e-05	1.44615251124e-05	4.69999566154e-05	0	0	1.08461438343e-05	0.00106292209576	3.61538127811e-05	0.000119307582178	3.97691940592e-05	0.00104484518937	0	2.16922876687e-05	3.2538431503e-05	0.000469999566154	0.000122922963456	9.7615294509e-05	0	0	5.78461004498e-05	0.000155461394959	0.000347076602699	5.06153378935e-05	0.00120030658433	0.00024946130819	0.000831537693965	3.2538431503e-05	0	0.00019161520774	1.08461438343e-05	7.23076255622e-05	3.61538127811e-05	0.000119307582178	0	0
3.2538431503e-05	0.000126538344734	9.03845319527e-05	0	2.89230502249e-05	6.86922442841e-05	0.000560384098107	0.000173538301349	0.000817076168853	5.78461004498e-05	0.000549537954273	0.00694876281653	0.000130153726012	0.0208896730249	0.00091830684464	3.2538431503e-05	1.44615251124e-05	0.000184384445184	0.000701383967953	0.000563999479385	5.06153378935e-05	6.86922442841e-05	3.97691940592e-05	0.000155461394959	8.67691506746e-05	0.00224515177371	0.00665230155172	0.00372022733517	0.000144615251124	0.000542307191716	3.97691940592e-05	0.000589307148332	0.000151846013681	3.61538127811e-06	0.00263922833302	0	0.000256692070746	3.2538431503e-05	0	3.61538127811e-06	3.61538127811e-06	7.23076255622e-06	7.23076255622e-06	1.08461438343e-05	7.23076255622e-06	7.23076255622e-06	0.0011063066711	6.14614817279e-05	0.00348161217082	1.44615251124e-05	0	3.61538127811e-06	7.23076255622e-06	0.00020969211413	0.000126538344734	3.2538431503e-05	3.61538127811e-06	2.53076689468e-05	7.23076255622e-06	2.53076689468e-05	0.00301884336722	0.001767921445	0.00143892174869	1.44615251124e-05	3.97691940592e-05	1.44615251124e-05	0.000567614860663	3.61538127811e-06	7.23076255622e-06	8.67691506746e-05	0.000448307278486	0.0040636885566	0.0038323041548	0.000245845926911	0.000274768977136	3.2538431503e-05	0.000755614687125	5.42307191716e-05	0.000126538344734	8.31537693965e-05	2.16922876687e-05	3.61538127811e-06	0	1.08461438343e-05
0.00582799462031	1.44615251124e-05	0.000159076776237	0	0.000618230198557	0.00128707573501	0.00635222490564	0.0124730654095	0.0236735166091	0.00116053739027	0.0116596046219	0.00199930584679	0.000983383707646	0.00091830684464	0.0446318818783	0.000339845840142	0.0001156922009	0.00019161520774	0.000310922789917	0.000527845666604	0.000578461004498	0.000636307104947	8.31537693965e-05	0.00065076863006	0.00252353613212	2.16922876687e-05	0.00066884553645	0.000227769020521	0.00422999609539	0.00808399253785	0.00214030571664	3.2538431503e-05	0.00113161434005	0.000126538344734	0.00379976572329	2.89230502249e-05	2.89230502249e-05	2.16922876687e-05	0	7.59230068403e-05	0	7.23076255622e-06	0.000126538344734	7.95383881184e-05	0.000245845926911	0.000112076819621	1.44615251124e-05	0.000560384098107	2.89230502249e-05	0.000108461438343	0	0.000130153726012	1.80769063905e-05	0	1.08461438343e-05	0.000321768933752	9.39999132308e-05	0.000361538127811	0.000112076819621	0.000625460961113	3.2538431503e-05	6.14614817279e-05	5.78461004498e-05	0.000365153509089	0.000169922920071	0.000234999783077	0	0	9.7615294509e-05	0.000278384358414	0.00156184471214	0.000234999783077	0.00472530333049	0.00100507599531	0.00235722859333	0.000227769020521	7.23076255622e-06	6.86922442841e-05	3.61538127811e-06	0.000137384488568	7.95383881184e-05	1.44615251124e-05	7.23076255622e-06	7.23076255622e-06
6.14614817279e-05	7.23076255622e-06	2.16922876687e-05	0	0.000130153726012	0.00131961416651	0.00283084354076	0.000444691897207	0.000708614730509	0.00114246048388	0.000433845753373	5.06153378935e-05	0.0017173061071	3.2538431503e-05	0.000339845840142	0.00821053088259	0.000140999869846	2.16922876687e-05	3.61538127811e-06	2.16922876687e-05	7.95383881184e-05	0.000231384401799	7.95383881184e-05	0.000173538301349	0.000809845406297	0	3.61538127811e-05	4.33845753373e-05	0.000694153205397	0.000101230675787	0.000234999783077	0	0.000159076776237	1.80769063905e-05	0.000245845926911	1.44615251124e-05	1.44615251124e-05	1.44615251124e-05	0	3.61538127811e-06	0	0	3.2538431503e-05	2.89230502249e-05	6.14614817279e-05	1.08461438343e-05	0	3.2538431503e-05	0	2.53076689468e-05	0	3.61538127811e-05	7.23076255622e-06	3.61538127811e-06	7.23076255622e-06	3.97691940592e-05	4.69999566154e-05	9.03845319527e-05	6.14614817279e-05	0.000119307582178	0	3.2538431503e-05	1.80769063905e-05	7.59230068403e-05	4.33845753373e-05	5.42307191716e-05	0	0	2.89230502249e-05	5.42307191716e-05	0.00119669120305	3.2538431503e-05	0.000296461264805	0.000155461394959	0.00181853678289	0.000155461394959	0	2.16922876687e-05	7.23076255622e-06	3.97691940592e-05	5.06153378935e-05	1.08461438343e-05	0	0
6.5076863006e-05	0.00045915342232	0.000177153682627	0	5.06153378935e-05	3.61538127811e-06	1.08461438343e-05	0.000263922833302	8.31537693965e-05	0.00139915255463	6.5076863006e-05	4.33845753373e-05	3.61538127811e-05	1.44615251124e-05	0.0001156922009	0.000140999869846	0.0203799042647	9.39999132308e-05	3.61538127811e-06	4.33845753373e-05	0	0.00347799678954	0.00687645519096	0.00700660891698	0.00920114535279	4.33845753373e-05	7.95383881184e-05	0.00319238166857	0.00426253452689	4.33845753373e-05	0.000553153335551	0	3.61538127811e-06	4.69999566154e-05	0.000755614687125	1.80769063905e-05	0.000271153595858	0.000187999826462	0	0	0	0	2.16922876687e-05	2.89230502249e-05	5.78461004498e-05	0	3.61538127811e-06	3.61538127811e-06	0	5.42307191716e-05	0	0.00196315203401	7.59230068403e-05	3.61538127811e-06	1.80769063905e-05	0	0.000715845493066	0.00300076646083	0.0019486905089	0.000289230502249	3.61538127811e-06	7.59230068403e-05	0.00174261377605	0.00034346122142	8.31537693965e-05	0.000231384401799	0	0	5.78461004498e-05	0.000177153682627	0.00201738275319	0.000625460961113	0.00066884553645	0.000365153509089	0.0001156922009	1.80769063905e-05	0	0.000155461394959	5.42307191716e-05	0.000137384488568	7.95383881184e-05	0	0	0
2.53076689468e-05	0.000462768803598	0.0080261464374	0	7.23076255622e-06	7.23076255622e-06	8.31537693965e-05	0.000813460787575	0.000140999869846	0.000112076819621	0.000169922920071	0.00197761355913	2.53076689468e-05	0.000184384445184	0.00019161520774	2.16922876687e-05	9.39999132308e-05	0.0277769743597	0.000357922746533	0.00763206987809	7.23076255622e-06	0.00146422941763	0.000151846013681	0.00984829860157	0.000206076732852	6.86922442841e-05	0.00930237602858	0.00445414973463	0.000498922616379	0.000553153335551	0.00118584505922	3.61538127811e-06	1.08461438343e-05	5.42307191716e-05	0.00752360843975	0	0.00211499804769	0.000278384358414	0	0	0	3.61538127811e-06	7.23076255622e-06	3.61538127811e-06	1.08461438343e-05	0	3.2538431503e-05	2.16922876687e-05	9.7615294509e-05	7.23076255622e-06	0	2.16922876687e-05	0.000144615251124	6.86922442841e-05	0.000285615120971	1.08461438343e-05	2.53076689468e-05	0.000101230675787	5.42307191716e-05	3.97691940592e-05	0.000643537867504	0.00143530636741	0.001832998308	2.16922876687e-05	1.80769063905e-05	2.53076689468e-05	1.80769063905e-05	0	7.23076255622e-06	3.97691940592e-05	0.00244038236272	0.00215476724175	0.00393715021186	0.00086046074419	7.23076255622e-05	3.61538127811e-06	3.61538127811e-06	8.31537693965e-05	9.03845319527e-05	6.14614817279e-05	3.61538127811e-05	3.61538127811e-06	0	1.08461438343e-05
2.16922876687e-05	3.97691940592e-05	7.23076255622e-05	0	1.08461438343e-05	7.23076255622e-06	0.00034346122142	0.000130153726012	0.000314538171196	2.16922876687e-05	0.000328999696308	0.00456261117297	7.23076255622e-05	0.000701383967953	0.000310922789917	3.61538127811e-06	3.61538127811e-06	0.000357922746533	0.00680053218412	0.00308030484895	7.23076255622e-06	6.86922442841e-05	1.44615251124e-05	0.000173538301349	4.69999566154e-05	0.000169922920071	0.0031056125179	0.000347076602699	9.39999132308e-05	0.000307307408639	5.06153378935e-05	2.89230502249e-05	1.44615251124e-05	1.08461438343e-05	0.00151122937425	0	6.5076863006e-05	7.23076255622e-06	0	0	0	0	3.61538127811e-06	0	7.23076255622e-06	0	5.42307191716e-05	3.2538431503e-05	0.000224153639243	0	0	7.23076255622e-06	7.23076255622e-06	4.33845753373e-05	5.06153378935e-05	1.08461438343e-05	3.61538127811e-06	1.80769063905e-05	3.61538127811e-06	1.44615251124e-05	0.000332615077586	0.000318153552474	0.000281999739693	1.08461438343e-05	3.61538127811e-06	0	4.69999566154e-05	0	0	7.23076255622e-06	0.000375999652923	0.000303692027361	0.00194507512762	0.000227769020521	7.59230068403e-05	0	7.23076255622e-06	0	7.23076255622e-06	1.08461438343e-05	3.61538127811e-06	0	0	0
3.61538127811e-05	0.000231384401799	0.000647153248782	0	3.97691940592e-05	1.44615251124e-05	0.000473614947432	0.000412153465704	0.000480845709989	6.14614817279e-05	0.000603768673444	0.00933491446008	0.000126538344734	0.000563999479385	0.000527845666604	2.16922876687e-05	4.33845753373e-05	0.00763206987809	0.00308030484895	0.0208788268811	6.14614817279e-05	0.000488076472545	7.23076255622e-05	0.0018836136459	0.000148230632402	0.000177153682627	0.00570868703814	0.00225961329882	0.000253076689468	0.000845999219078	0.00040130732187	1.80769063905e-05	1.44615251124e-05	3.97691940592e-05	0.00720907026855	3.61538127811e-06	0.000968922182533	6.86922442841e-05	0	3.61538127811e-06	0	0	3.61538127811e-06	0	3.61538127811e-06	1.08461438343e-05	6.14614817279e-05	9.39999132308e-05	0.000245845926911	3.61538127811e-06	0	1.80769063905e-05	5.06153378935e-05	0.000119307582178	0.000187999826462	3.2538431503e-05	1.08461438343e-05	4.69999566154e-05	2.53076689468e-05	1.80769063905e-05	0.00105930671449	0.00114969124644	0.00126899882862	3.61538127811e-06	3.61538127811e-06	1.44615251124e-05	7.59230068403e-05	0	0	3.97691940592e-05	0.00154376780575	0.000997845232758	0.00599791754038	0.000889383794415	0.000140999869846	7.23076255622e-06	1.80769063905e-05	6.14614817279e-05	9.7615294509e-05	6.14614817279e-05	2.16922876687e-05	0	0	7.23076255622e-06
0.000159076776237	3.61538127811e-06	1.08461438343e-05	0	0.00733922399456	2.89230502249e-05	0.00130876802268	0.000473614947432	0.000578461004498	0.00156546009342	0.00718737798088	0.000148230632402	0.00563999479385	5.06153378935e-05	0.000578461004498	7.95383881184e-05	0	7.23076255622e-06	7.23076255622e-06	6.14614817279e-05	0.016822369087	3.61538127811e-05	3.61538127811e-06	3.61538127811e-05	0.00230299787416	7.23076255622e-06	9.03845319527e-05	2.16922876687e-05	0.00242953621889	0.000166307538793	2.53076689468e-05	0	1.08461438343e-05	3.61538127811e-06	0.000227769020521	3.2538431503e-05	0	3.61538127811e-06	0	0.00144615251124	0	1.44615251124e-05	7.95383881184e-05	3.61538127811e-05	0.000412153465704	7.23076255622e-05	3.61538127811e-06	0.00126176806606	0	8.31537693965e-05	7.23076255622e-06	1.08461438343e-05	7.23076255622e-06	3.61538127811e-06	7.23076255622e-06	0.00111353743366	0	1.80769063905e-05	3.61538127811e-06	0.000715845493066	0	0	0	0.00032538431503	0.000119307582178	5.42307191716e-05	0	0	5.06153378935e-05	0.0001156922009	0.000245845926911	2.16922876687e-05	0.000618230198557	0.000187999826462	0.000357922746533	2.53076689468e-05	0	9.03845319527e-05	0	4.33845753373e-05	1.44615251124e-05	6.14614817279e-05	3.61538127811e-06	0
0.000285615120971	0.000245845926911	0.001767921445	0	7.95383881184e-05	1.80769063905e-05	0.000112076819621	0.00507961069574	0.000437461134651	0.000748383924569	0.000506153378935	0.00034346122142	4.69999566154e-05	6.86922442841e-05	0.000636307104947	0.000231384401799	0.00347799678954	0.00146422941763	6.86922442841e-05	0.000488076472545	3.61538127811e-05	0.0523073363317	0.00284530506587	0.0280336664305	0.00283807430332	2.53076689468e-05	0.000932768369752	0.00300438184211	0.0103544519805	0.000672460917728	0.021319903397	1.44615251124e-05	1.44615251124e-05	0.00187638288334	0.0111498358617	2.16922876687e-05	0.000415768846983	0.000224153639243	0	0	0	1.44615251124e-05	4.69999566154e-05	3.61538127811e-05	0.000101230675787	0	7.23076255622e-06	1.80769063905e-05	1.44615251124e-05	5.06153378935e-05	0	0.00117138353411	7.59230068403e-05	7.23076255622e-06	2.53076689468e-05	2.16922876687e-05	0.000545922572995	0.0026428437143	0.00157992161853	0.000357922746533	2.16922876687e-05	0.000126538344734	0.00103761442682	0.000300076646083	0.000104846057065	0.000271153595858	0	0	8.31537693965e-05	0.000224153639243	0.00878176112453	0.00210776728514	0.00610276359745	0.00214030571664	0.000422999609539	4.33845753373e-05	3.61538127811e-06	0.000278384358414	0.000140999869846	0.000198845970296	0.000195230589018	1.44615251124e-05	1.08461438343e-05	1.08461438343e-05
0.000130153726012	0.00310922789917	0.00026753821458	0	0.000144615251124	0	7.23076255622e-06	0.000339845840142	2.53076689468e-05	0.00792491576162	6.14614817279e-05	4.69999566154e-05	0.00024946130819	3.97691940592e-05	8.31537693965e-05	7.95383881184e-05	0.00687645519096	0.000151846013681	1.44615251124e-05	7.23076255622e-05	3.61538127811e-06	0.00284530506587	0.0263561295174	0.0061606096979	0.00725245484389	0.000260307452024	0.000198845970296	0.00666314769556	0.00267899752708	9.39999132308e-05	0.000900229938249	0	0	4.33845753373e-05	0.000596537910888	3.97691940592e-05	0.00322492010007	0.000820691550131	0	7.23076255622e-06	0	1.44615251124e-05	8.31537693965e-05	5.42307191716e-05	0.000300076646083	0	1.08461438343e-05	3.61538127811e-06	2.16922876687e-05	0.000101230675787	1.08461438343e-05	0.00387207334886	0.00024946130819	1.08461438343e-05	5.78461004498e-05	1.08461438343e-05	0.00152207551808	0.0110196821357	0.00456622655425	0.00101592213915	0.000101230675787	0.000162692157515	0.00517722599025	0.000748383924569	0.000195230589018	0.000556768716829	3.61538127811e-06	0	0.000155461394959	0.00038323041548	0.000755614687125	0.000300076646083	0.000379615034202	0.000122922963456	5.78461004498e-05	3.61538127811e-06	0	0.000469999566154	0.000274768977136	0.000260307452024	0.000187999826462	2.89230502249e-05	3.61538127811e-06	3.61538127811e-06
0.000234999783077	0.00101953752043	0.0115402970397	0	0.000112076819621	3.2538431503e-05	0.000155461394959	0.00445053435335	0.000462768803598	0.000914691463362	0.000545922572995	0.000770076212237	7.23076255622e-05	0.000155461394959	0.00065076863006	0.000173538301349	0.00700660891698	0.00984829860157	0.000173538301349	0.0018836136459	3.61538127811e-05	0.0280336664305	0.0061606096979	0.0746829310619	0.00411068851321	5.78461004498e-05	0.00364791970961	0.013597448987	0.00749107000824	0.000509768760213	0.0086371458734	1.44615251124e-05	2.16922876687e-05	0.000245845926911	0.0133877568728	6.14614817279e-05	0.00327915081925	0.00116053739027	0	7.23076255622e-06	0	1.44615251124e-05	5.78461004498e-05	3.97691940592e-05	0.000108461438343	3.61538127811e-06	2.53076689468e-05	1.80769063905e-05	3.97691940592e-05	9.03845319527e-05	0	0.00208245961619	0.000365153509089	3.2538431503e-05	0.000173538301349	1.80769063905e-05	0.000629076342391	0.00483376476883	0.00284530506587	0.000339845840142	0.000224153639243	0.000773691593515	0.00526037975965	0.000310922789917	0.000166307538793	0.000318153552474	7.23076255622e-06	0	9.39999132308e-05	0.000281999739693	0.0128165266309	0.00484461091267	0.00658722468872	0.00208969037875	0.000520614904048	5.78461004498e-05	1.44615251124e-05	0.000473614947432	0.000274768977136	0.000336230458864	0.00034346122142	2.89230502249e-05	7.23076255622e-06	7.23076255622e-06
0.00173538301349	0.0014859217053	0.000328999696308	0	0.00960245267466	0.000108461438343	0.00138469102952	0.00968560644406	0.00207522885363	0.0251775152208	0.00535437967288	0.000260307452024	0.00555322564318	8.67691506746e-05	0.00252353613212	0.000809845406297	0.00920114535279	0.000206076732852	4.69999566154e-05	0.000148230632402	0.00230299787416	0.00283807430332	0.00725245484389	0.00411068851321	0.0632908646546	0.000126538344734	0.000281999739693	0.00216922876687	0.0306295101881	0.00140999869846	0.00332615077586	7.23076255622e-06	2.16922876687e-05	0.000336230458864	0.00201015199063	0.000390461178036	0.000271153595858	0.00034346122142	0	0.000542307191716	1.08461438343e-05	0.000231384401799	0.00134853721673	0.000737537780734	0.00387207334886	0.000126538344734	6.5076863006e-05	0.00020969211413	2.89230502249e-05	0.00105207595193	5.42307191716e-05	0.00192338283995	0.000108461438343	2.89230502249e-05	6.86922442841e-05	0.00038323041548	0.00114246048388	0.00486630320034	0.00179322911394	0.00815268478214	2.16922876687e-05	0.000187999826462	0.000462768803598	0.00410345775065	0.00185469059567	0.00207161347236	0	1.80769063905e-05	0.00103038366426	0.00279830510926	0.00340568916398	0.000361538127811	0.00236445935588	0.00124730654095	0.000968922182533	6.14614817279e-05	0	0.000827922312687	0.000148230632402	0.00137746026696	0.000665230155172	0.000328999696308	5.42307191716e-05	1.80769063905e-05
0	0.0010737682396	5.78461004498e-05	0	1.08461438343e-05	0	1.08461438343e-05	1.80769063905e-05	1.44615251124e-05	0.00019161520774	1.80769063905e-05	0.00100869137659	2.16922876687e-05	0.00224515177371	2.16922876687e-05	0	4.33845753373e-05	6.86922442841e-05	0.000169922920071	0.000177153682627	7.23076255622e-06	2.53076689468e-05	0.000260307452024	5.78461004498e-05	0.000126538344734	0.0076139929717	0.00149315246786	0.00200653660935	3.61538127811e-05	7.23076255622e-06	7.23076255622e-06	2.53076689468e-05	3.61538127811e-06	3.61538127811e-06	0.000155461394959	0	0.000469999566154	1.08461438343e-05	0	0	0	3.61538127811e-06	0	7.23076255622e-06	2.16922876687e-05	0	0.000625460961113	3.61538127811e-06	0.00187276750206	1.08461438343e-05	0	3.61538127811e-06	7.23076255622e-06	9.03845319527e-05	7.59230068403e-05	3.61538127811e-06	0	2.89230502249e-05	3.61538127811e-06	3.61538127811e-06	0.00263199757046	0.000939999132308	0.00113522972133	0	2.16922876687e-05	3.61538127811e-06	0.000307307408639	0	0	4.33845753373e-05	6.86922442841e-05	0.00116053739027	0.000224153639243	3.97691940592e-05	0	0	0.000177153682627	2.53076689468e-05	6.14614817279e-05	3.61538127811e-05	0	3.61538127811e-06	0	2.16922876687e-05
5.42307191716e-05	0.00158353699981	0.00919391459023	0	3.97691940592e-05	2.89230502249e-05	0.000589307148332	0.00078453773735	0.000694153205397	0.000180769063905	0.000723076255622	0.00857929977295	0.000126538344734	0.00665230155172	0.00066884553645	3.61538127811e-05	7.95383881184e-05	0.00930237602858	0.0031056125179	0.00570868703814	9.03845319527e-05	0.000932768369752	0.000198845970296	0.00364791970961	0.000281999739693	0.00149315246786	0.0575496391849	0.0179069834705	0.000563999479385	0.000607384054722	0.000817076168853	0.000831537693965	3.97691940592e-05	5.06153378935e-05	0.00611722512256	1.44615251124e-05	0.0063088403303	0.000372384271645	0	1.08461438343e-05	0	3.61538127811e-06	2.53076689468e-05	1.80769063905e-05	2.16922876687e-05	3.61538127811e-06	0.000610999436001	8.67691506746e-05	0.00241507469378	4.33845753373e-05	0	4.69999566154e-05	0.000253076689468	0.000589307148332	0.000911076082084	3.97691940592e-05	2.89230502249e-05	0.000126538344734	9.03845319527e-05	8.31537693965e-05	0.00636668643075	0.00661253235766	0.00817076168853	4.69999566154e-05	7.95383881184e-05	7.95383881184e-05	0.000571230241941	0	1.44615251124e-05	0.000187999826462	0.00356476594022	0.00491330315695	0.00727053175028	0.00135938336057	0.000220538257965	3.61538127811e-05	6.14614817279e-05	0.000271153595858	0.000437461134651	0.000202461351574	7.95383881184e-05	3.61538127811e-06	3.61538127811e-06	3.2538431503e-05
9.7615294509e-05	0.0070680703987	0.0110956051425	0	4.33845753373e-05	1.80769063905e-05	0.000126538344734	0.00118222967794	0.000169922920071	0.00170284458199	0.000227769020521	0.00176430606372	0.000108461438343	0.00372022733517	0.000227769020521	4.33845753373e-05	0.00319238166857	0.00445414973463	0.000347076602699	0.00225961329882	2.16922876687e-05	0.00300438184211	0.00666314769556	0.013597448987	0.00216922876687	0.00200653660935	0.0179069834705	0.0724305485256	0.00122561425328	0.000245845926911	0.00146422941763	2.89230502249e-05	0	5.78461004498e-05	0.00560745636235	4.69999566154e-05	0.0129141419254	0.0026753821458	0	0	0	1.80769063905e-05	4.69999566154e-05	4.69999566154e-05	0.000112076819621	3.61538127811e-06	0.000234999783077	2.53076689468e-05	0.00105569133321	0.000104846057065	0	0.00144615251124	0.00100507599531	0.000274768977136	0.000690537824119	7.23076255622e-06	0.00026753821458	0.00314538171196	0.00160522928748	0.000220538257965	0.00332976615714	0.00480122633733	0.0152966781877	0.000238615164355	9.03845319527e-05	0.000159076776237	0.00024946130819	3.61538127811e-06	2.53076689468e-05	0.00020969211413	0.00578461004498	0.00342738145165	0.0039805347872	0.000867691506746	0.000104846057065	1.44615251124e-05	3.61538127811e-05	0.000636307104947	0.000672460917728	0.00032538431503	0.000177153682627	3.61538127811e-06	3.61538127811e-06	1.44615251124e-05
0.00253438227595	0.000231384401799	0.000983383707646	0	0.00624737884857	0.000206076732852	0.00297545879188	0.0228311327713	0.00381784262968	0.0113812202635	0.0123284501584	0.000491691853823	0.00174984453861	0.000144615251124	0.00422999609539	0.000694153205397	0.00426253452689	0.000498922616379	9.39999132308e-05	0.000253076689468	0.00242953621889	0.0103544519805	0.00267899752708	0.00749107000824	0.0306295101881	3.61538127811e-05	0.000563999479385	0.00122561425328	0.0727089328841	0.00184022907056	0.0145772173133	7.23076255622e-06	6.14614817279e-05	0.000437461134651	0.00399861169359	0.000296461264805	0.000198845970296	0.000300076646083	0	0.000354307365255	3.61538127811e-06	0.000177153682627	0.000925537607196	0.000610999436001	0.00257776685129	0.000104846057065	5.78461004498e-05	0.000162692157515	1.44615251124e-05	0.000827922312687	2.89230502249e-05	0.00217645952942	0.000108461438343	2.89230502249e-05	7.59230068403e-05	0.000332615077586	0.00126176806606	0.00537968734183	0.00165584462537	0.00582076385776	1.44615251124e-05	0.000177153682627	0.000379615034202	0.0032863815818	0.00156546009342	0.00191253669612	0	1.44615251124e-05	0.000853229981634	0.00231022863671	0.00481930324372	0.000531461047882	0.00423361147667	0.001832998308	0.00105569133321	9.03845319527e-05	0	0.000585691767054	0.00013376910729	0.00114607586516	0.000571230241941	0.000155461394959	5.06153378935e-05	1.44615251124e-05
0.00580991771392	3.2538431503e-05	7.59230068403e-05	0	0.000169922920071	0.000148230632402	0.00140276793591	0.00341291992654	0.00232107478055	0.000791768499906	0.00240422854994	0.00191253669612	0.000321768933752	0.000542307191716	0.00808399253785	0.000101230675787	4.33845753373e-05	0.000553153335551	0.000307307408639	0.000845999219078	0.000166307538793	0.000672460917728	9.39999132308e-05	0.000509768760213	0.00140999869846	7.23076255622e-06	0.000607384054722	0.000245845926911	0.00184022907056	0.0221803641412	0.00222707486732	1.44615251124e-05	0.000491691853823	0.00139915255463	0.00373107347901	3.61538127811e-05	3.97691940592e-05	7.23076255622e-06	0	1.80769063905e-05	0	1.08461438343e-05	5.78461004498e-05	4.33845753373e-05	0.000206076732852	1.80769063905e-05	3.61538127811e-06	0.000169922920071	1.44615251124e-05	6.5076863006e-05	0	9.7615294509e-05	2.16922876687e-05	3.61538127811e-06	7.23076255622e-06	0.000126538344734	2.89230502249e-05	0.000234999783077	6.5076863006e-05	0.000357922746533	4.33845753373e-05	4.69999566154e-05	6.86922442841e-05	0.000169922920071	0.000137384488568	0.000140999869846	3.61538127811e-06	0	7.95383881184e-05	0.000198845970296	0.000524230285326	0.000130153726012	0.00292122807271	0.000368768890367	0.000636307104947	6.14614817279e-05	1.08461438343e-05	5.06153378935e-05	1.80769063905e-05	7.23076255622e-05	3.97691940592e-05	1.08461438343e-05	7.23076255622e-06	3.61538127811e-06
