0.00923114342286	3.80038839969e-06	5.32054375957e-05	0	7.22073795942e-05	3.80038839969e-06	0.000106410875191	0.00325693285854	0.0012427270067	0.00036863767477	0.00049405049196	3.80038839969e-06	4.18042723966e-05	0	0.00294530100976	1.90019419985e-05	3.42034955973e-05	7.98081563936e-05	3.80038839969e-06	2.28023303982e-05	3.04031071976e-05	6.08062143951e-05	0.000136813982389	9.88100983921e-05	0.000524453599158	0	2.28023303982e-05	1.90019419985e-05	0.000942496323124	0.00650626494028	0.00166837050747	0	7.60077679939e-06	0.000520653210758	0.000364837286371	2.66027187979e-05	1.14011651991e-05	1.90019419985e-05	0	7.60077679939e-06	0	3.80038839969e-06	1.52015535988e-05	7.60077679939e-06	0.000167217089587	1.14011651991e-05	0	1.14011651991e-05	0	3.04031071976e-05	0	2.66027187979e-05	3.80038839969e-06	0	0	2.28023303982e-05	0.000133013593989	0.000102610486792	0.000148215147588	0.000114011651991	0	1.14011651991e-05	1.14011651991e-05	8.7408933193e-05	7.22073795942e-05	0.000110211263591	0	0	5.70058259954e-05	0.000110211263591	0.000307831460375	7.60077679939e-05	0.000311631848775	0.000106410875191	3.42034955973e-05	3.80038839969e-06	0	5.32054375957e-05	1.14011651991e-05	5.32054375957e-05	2.66027187979e-05	1.14011651991e-05	0	0
3.80038839969e-06	0.0120928358878	0.00117812040391	0	4.9405049196e-05	0	7.60077679939e-06	4.56046607963e-05	2.28023303982e-05	0.0012959324443	1.90019419985e-05	0.000140614370789	4.9405049196e-05	0.000235624080781	7.60077679939e-06	1.52015535988e-05	0.000509252045559	0.000486449715161	7.60077679939e-06	0.00024322485758	3.80038839969e-06	4.9405049196e-05	0.00294150062136	0.000345835344372	0.000969099041922	0.00112111457791	0.00332914023813	0.00723213912462	0.000133013593989	3.04031071976e-05	5.32054375957e-05	0	0	3.80038839969e-06	0.000307831460375	7.60077679939e-06	0.00468587889682	0.000201420585184	0	0	0	3.80038839969e-06	3.80038839969e-06	0	1.90019419985e-05	3.80038839969e-06	0.000152015535988	3.80038839969e-06	0.000186219031585	7.60077679939e-06	0	4.9405049196e-05	0.000144414759188	4.56046607963e-05	0.000262226799579	3.80038839969e-06	3.42034955973e-05	0.000456046607963	0.00012161242879	2.28023303982e-05	0.000672668746746	0.0012731301139	0.00366737480571	2.66027187979e-05	1.52015535988e-05	1.90019419985e-05	6.46066027948e-05	0	3.80038839969e-06	0.00012921320559	0.000315432237175	0.000471248161562	0.000319232625574	6.08062143951e-05	7.60077679939e-06	0	1.90019419985e-05	0.000148215147588	0.000190019419985	0.000106410875191	3.04031071976e-05	0	0	3.80038839969e-06
5.32054375957e-05	0.00117812040391	0.0437880751413	0	3.04031071976e-05	1.52015535988e-05	0.000201420585184	0.00279328547378	0.000756277291539	0.000197620196784	0.000471248161562	0.000258426411179	2.28023303982e-05	4.56046607963e-05	0.000543455541156	1.52015535988e-05	0.000577659036754	0.0113327582079	6.46066027948e-05	0.00062706408595	1.90019419985e-05	0.00159616312787	0.00107170952871	0.0156690013719	0.000900692050728	3.80038839969e-05	0.00571198376474	0.0134989795957	0.0037433825737	0.000163416701187	0.00235624080781	0	1.52015535988e-05	1.52015535988e-05	0.00172157594506	1.52015535988e-05	0.00822784088534	0.00204080857064	0	0	0	1.14011651991e-05	2.66027187979e-05	7.60077679939e-06	6.84069911945e-05	0	0.000159616312787	1.90019419985e-05	1.52015535988e-05	2.28023303982e-05	0	0.000224222915582	0.000733474961141	8.36085447933e-05	0.000710672630743	1.14011651991e-05	0.00012161242879	0.0024360489642	0.000923494381126	0.00012161242879	6.84069911945e-05	0.00306311305015	0.00727014300862	0.00012541281719	6.46066027948e-05	0.000106410875191	7.60077679939e-06	0	1.52015535988e-05	0.000524453599158	0.00505071618319	0.00387639616769	0.00338614606413	0.000737275349541	5.70058259954e-05	1.90019419985e-05	3.80038839969e-06	0.000539655152757	0.000699271465544	0.000357236509571	0.000136813982389	1.90019419985e-05	3.80038839969e-06	0
0	0	0	0	0	0	0	0	0	0	0	0	0	0	0	0	0	0	0	0	0	0	0	0	0	0	0	0	0	0	0	0	0	0	0	0	0	0	0	0	0	0	0	0	0	0	0	0	0	0	0	0	0	0	0	0	0	0	0	0	0	0	0	0	0	0	0	0	0	0	0	0	0	0	0	0	0	0	0	0	0	0	0	0
7.22073795942e-05	4.9405049196e-05	3.04031071976e-05	0	0.0133469640597	0	0.000566257871554	0.00160756429307	0.000630864474349	0.00201040546344	0.00313912081815	3.04031071976e-05	0.00183558759705	0	0.000383839228369	0.000186219031585	1.90019419985e-05	1.90019419985e-05	0	1.14011651991e-05	0.00418802801646	2.66027187979e-05	0.000235624080781	7.22073795942e-05	0.00631244513189	0	3.04031071976e-05	7.60077679939e-05	0.00458706879843	0.000440845054365	0.000186219031585	0	3.80038839969e-05	1.14011651991e-05	0.000334434179173	4.18042723966e-05	3.80038839969e-06	1.14011651991e-05	0	0.000851287001532	0	5.70058259954e-05	3.04031071976e-05	4.56046607963e-05	0.000364837286371	2.66027187979e-05	0	0.00012541281719	0	0.000110211263591	1.90019419985e-05	2.66027187979e-05	0	0	0	0.000471248161562	1.90019419985e-05	4.18042723966e-05	6.08062143951e-05	0.00099190137232	3.80038839969e-06	3.80038839969e-06	1.52015535988e-05	0.000425643500766	0.000117812040391	6.84069911945e-05	0	0	3.42034955973e-05	0.000159616312787	0.000258426411179	4.56046607963e-05	0.00037623845157	0.000152015535988	0.000102610486792	1.14011651991e-05	0	9.50097099924e-05	0	9.88100983921e-05	4.18042723966e-05	6.84069911945e-05	7.60077679939e-06	0
3.80038839969e-06	0	1.52015535988e-05	0	0	0.00397900665448	0.00140234331949	0.000102610486792	0.00138334137749	3.04031071976e-05	0.000117812040391	1.14011651991e-05	3.04031071976e-05	3.80038839969e-06	0.000801881952336	0.00131113399789	0	1.52015535988e-05	0	0	3.80038839969e-06	3.80038839969e-06	3.80038839969e-06	2.28023303982e-05	3.04031071976e-05	0	1.90019419985e-05	0	7.60077679939e-05	0.000144414759188	1.52015535988e-05	0	0.00136813982389	0	0.000239424469181	0	0	0	0	0	0	0	0	0	7.60077679939e-06	0	0	0	0	7.60077679939e-06	0	0	0	0	0	0	3.80038839969e-06	0	0	1.52015535988e-05	0	0	0	1.14011651991e-05	7.60077679939e-06	0	0	0	0	0	0.000114011651991	3.80038839969e-06	0.000155815924387	9.50097099924e-05	0.000589060201953	0.000608062143951	0	7.60077679939e-06	0	0	0	0	0	0
0.000106410875191	7.60077679939e-06	0.000201420585184	0	0.000566257871554	0.00140234331949	0.0418764797762	0.00880549992209	0.0224260919466	0.00075247690314	0.0209021361983	0.00024322485758	0.00669248397186	4.56046607963e-05	0.00639225328829	0.00403981286888	3.42034955973e-05	0.00012921320559	1.14011651991e-05	6.84069911945e-05	0.0025082563438	0.00012541281719	6.84069911945e-05	0.000357236509571	0.0012199246763	1.14011651991e-05	0.000106410875191	5.32054375957e-05	0.00410441947167	0.00183558759705	0.000357236509571	0	0.00204840934744	7.60077679939e-06	0.00143654681508	1.90019419985e-05	1.14011651991e-05	1.52015535988e-05	0	8.36085447933e-05	0	1.52015535988e-05	5.70058259954e-05	1.52015535988e-05	0.000178618254786	7.60077679939e-06	0	2.28023303982e-05	0	5.70058259954e-05	3.80038839969e-06	3.80038839969e-05	7.60077679939e-06	0	3.80038839969e-06	7.60077679939e-05	5.32054375957e-05	5.70058259954e-05	6.84069911945e-05	0.00036863767477	3.80038839969e-06	7.60077679939e-06	2.28023303982e-05	0.000182418643185	0.00012161242879	8.7408933193e-05	0	3.80038839969e-06	5.32054375957e-05	0.000136813982389	0.00115911846191	0.000201420585184	0.00212061672703	0.000653666804747	0.00181278526665	0.000315432237175	2.28023303982e-05	7.60077679939e-05	1.90019419985e-05	6.84069911945e-05	2.28023303982e-05	2.28023303982e-05	3.80038839969e-06	3.80038839969e-06
0.00325693285854	4.56046607963e-05	0.00279328547378	0	0.00160756429307	0.000102610486792	0.00880549992209	0.0773189019918	0.0220194503878	0.0037281810201	0.024930547902	0.000402841170368	0.00104890719832	3.80038839969e-05	0.0167217089587	0.000684069911945	0.000288829518377	0.00271347731738	4.18042723966e-05	0.000611862532351	0.00104130642152	0.00261466721899	0.000691670688744	0.00449205908844	0.00972139352642	1.90019419985e-05	0.000710672630743	0.000653666804747	0.0359820773683	0.00840265875172	0.0142096522265	0	0.00036863767477	0.000296430295176	0.00688250339185	0.000220422527182	0.000167217089587	0.000163416701187	0	0.000505451657159	0	0.000106410875191	0.000357236509571	9.12093215927e-05	0.00117051962711	8.36085447933e-05	2.66027187979e-05	0.000182418643185	1.52015535988e-05	0.000444645442764	2.66027187979e-05	0.000315432237175	6.08062143951e-05	1.14011651991e-05	3.04031071976e-05	0.000410441947167	0.000429443889165	0.00061946330915	0.000756277291539	0.00197620196784	1.90019419985e-05	0.00012921320559	0.000292629906776	0.00131113399789	0.000847486613132	0.000505451657159	0	2.66027187979e-05	0.000277428353178	0.00104130642152	0.00564737716195	0.00109831224751	0.00737275349541	0.00258046372339	0.000976699818721	0.000148215147588	1.14011651991e-05	0.000547255929556	0.000106410875191	0.000532054375957	0.000281228741577	9.88100983921e-05	3.04031071976e-05	7.60077679939e-06
0.0012427270067	2.28023303982e-05	0.000756277291539	0	0.000630864474349	0.00138334137749	0.0224260919466	0.0220194503878	0.0568006050218	0.00134533749349	0.0221752663122	0.000661267581547	0.00298710528216	0.00012161242879	0.0266065191863	0.00221182604862	0.000117812040391	0.000589060201953	5.32054375957e-05	0.000258426411179	0.00141754487309	0.00049405049196	0.000304031071976	0.0011933219575	0.00279708586218	4.56046607963e-05	0.000300230683576	0.000205220973584	0.00925014536486	0.0050241134644	0.00216242099943	3.80038839969e-06	0.00240184546861	5.70058259954e-05	0.0036901771361	9.12093215927e-05	5.32054375957e-05	7.22073795942e-05	0	0.000140614370789	0	3.04031071976e-05	0.000140614370789	4.18042723966e-05	0.000391440005169	3.42034955973e-05	2.28023303982e-05	6.08062143951e-05	1.52015535988e-05	0.000152015535988	3.80038839969e-06	0.000106410875191	1.90019419985e-05	0	1.14011651991e-05	0.000163416701187	0.000167217089587	0.000228023303982	0.000323033013974	0.000786680398737	1.52015535988e-05	6.46066027948e-05	0.000106410875191	0.000543455541156	0.000342034955973	0.000190019419985	3.80038839969e-06	1.14011651991e-05	0.00012541281719	0.000421843112366	0.00297190372856	0.000608062143951	0.00510772200919	0.00158096157427	0.00206741128943	0.000353436121172	3.42034955973e-05	0.00025082563438	4.9405049196e-05	0.000228023303982	9.88100983921e-05	4.18042723966e-05	1.14011651991e-05	1.14011651991e-05
0.00036863767477	0.0012959324443	0.000197620196784	0	0.00201040546344	3.04031071976e-05	0.00075247690314	0.0037281810201	0.00134533749349	0.0291451786373	0.00192679691865	4.56046607963e-05	0.00346595422052	4.18042723966e-05	0.00113251574311	0.00175957982906	0.000285029129977	0.000117812040391	1.14011651991e-05	5.32054375957e-05	0.000604261755551	0.00012921320559	0.00522173366118	0.00025082563438	0.0184166821849	9.88100983921e-05	0.000471248161562	0.0012921320559	0.00663167775747	0.0012389266183	0.00105650797512	0	8.36085447933e-05	0.000102610486792	0.00075247690314	0.000429443889165	9.12093215927e-05	0.000186219031585	0	0.0012047231227	1.14011651991e-05	0.000216622138783	0.000577659036754	0.00024322485758	0.00672668746746	0.000159616312787	4.56046607963e-05	0.000444645442764	3.80038839969e-06	0.000733474961141	6.08062143951e-05	0.00107931030551	5.70058259954e-05	1.14011651991e-05	2.28023303982e-05	0.000923494381126	0.00109071147071	0.002462651683	0.00105270758672	0.0049329041428	1.14011651991e-05	8.36085447933e-05	0.000209021361983	0.00280088625057	0.00147075031068	0.0012617289487	0	1.14011651991e-05	0.000729674572741	0.00210541517343	0.00164556817707	0.000262226799579	0.00101090331432	0.000486449715161	0.000718273407542	5.32054375957e-05	3.80038839969e-06	0.0011895215691	0.000159616312787	0.000980500207121	0.000421843112366	0.00037623845157	4.9405049196e-05	3.80038839969e-06
0.00049405049196	1.90019419985e-05	0.000471248161562	0	0.00313912081815	0.000117812040391	0.0209021361983	0.024930547902	0.0221752663122	0.00192679691865	0.0649904420232	0.000414242335567	0.00698891426704	6.08062143951e-05	0.00975559702202	0.000566257871554	6.46066027948e-05	0.000296430295176	1.14011651991e-05	0.00012541281719	0.00794661214376	0.00024702524598	0.00012161242879	0.000786680398737	0.00310111693415	3.80038839969e-06	0.000212821750383	0.000140614370789	0.0146770999996	0.00553716589835	0.000646066027948	0	0.000471248161562	6.46066027948e-05	0.00412342141367	4.56046607963e-05	2.28023303982e-05	3.42034955973e-05	0	0.000592860590352	0	6.84069911945e-05	7.60077679939e-05	2.66027187979e-05	0.000399040781968	7.98081563936e-05	7.60077679939e-06	0.000114011651991	3.80038839969e-06	9.12093215927e-05	1.52015535988e-05	5.70058259954e-05	7.60077679939e-06	3.80038839969e-06	7.60077679939e-06	0.000395240393568	7.22073795942e-05	0.000106410875191	0.000152015535988	0.00149355264108	3.80038839969e-06	1.90019419985e-05	5.70058259954e-05	0.000672668746746	0.000186219031585	6.46066027948e-05	0	1.14011651991e-05	6.84069911945e-05	0.000231823692381	0.00178238215946	0.000345835344372	0.00427163656126	0.00106790914031	0.000763878068339	0.000106410875191	1.90019419985e-05	0.000190019419985	3.80038839969e-05	0.000114011651991	3.80038839969e-05	9.88100983921e-05	7.60077679939e-06	7.60077679939e-06
3.80038839969e-06	0.000140614370789	0.000258426411179	0	3.04031071976e-05	1.14011651991e-05	0.00024322485758	0.000402841170368	0.000661267581547	4.56046607963e-05	0.000414242335567	0.0290881728113	8.36085447933e-05	0.00457186724483	0.000554856706355	4.56046607963e-05	1.90019419985e-05	0.00184318837385	0.00272107809418	0.00837985642133	5.70058259954e-05	0.000281228741577	4.56046607963e-05	0.000437044665965	0.000106410875191	0.00221182604862	0.00708392397703	0.00108691108231	0.000239424469181	0.00117432001551	0.000307831460375	9.50097099924e-05	6.84069911945e-05	3.80038839969e-06	0.00784400165697	0	0.000429443889165	1.14011651991e-05	0	3.80038839969e-06	0	0	3.80038839969e-06	3.80038839969e-06	1.52015535988e-05	3.80038839969e-06	0.000459846996363	0	0.00134533749349	1.14011651991e-05	0	7.60077679939e-06	1.14011651991e-05	0.00025462602278	0.000292629906776	0	1.52015535988e-05	2.66027187979e-05	3.80038839969e-05	3.04031071976e-05	0.00137194021229	0.0012389266183	0.00135293827029	3.42034955973e-05	2.28023303982e-05	3.80038839969e-06	0.000304031071976	0	7.60077679939e-06	8.7408933193e-05	0.000931095157925	0.00561697405475	0.00910953099407	0.00099570176072	5.70058259954e-05	1.14011651991e-05	0.000201420585184	6.84069911945e-05	0.000163416701187	0.000106410875191	3.80038839969e-05	3.80038839969e-06	3.80038839969e-06	3.80038839969e-06
4.18042723966e-05	4.9405049196e-05	2.28023303982e-05	0	0.00183558759705	3.04031071976e-05	0.00669248397186	0.00104890719832	0.00298710528216	0.00346595422052	0.00698891426704	8.36085447933e-05	0.0228707373894	1.52015535988e-05	0.00137954098909	0.00153535691348	2.66027187979e-05	2.66027187979e-05	7.60077679939e-06	3.04031071976e-05	0.00632384629709	3.80038839969e-06	0.000152015535988	3.42034955973e-05	0.00391440005169	0	4.56046607963e-05	4.9405049196e-05	0.00133013593989	0.00074107573794	0.000117812040391	0	0.000152015535988	7.60077679939e-06	0.000634664862749	0.000102610486792	7.60077679939e-06	1.14011651991e-05	0	0.000410441947167	3.80038839969e-06	0.000342034955973	4.18042723966e-05	8.36085447933e-05	0.000163416701187	6.08062143951e-05	1.52015535988e-05	0.00174817866386	7.60077679939e-06	0.00024702524598	0.000102610486792	7.60077679939e-06	3.80038839969e-06	0	7.60077679939e-06	0.00101470370272	1.52015535988e-05	1.90019419985e-05	3.04031071976e-05	0.000410441947167	0	3.80038839969e-06	7.60077679939e-06	0.00012921320559	0.000281228741577	4.56046607963e-05	0	1.90019419985e-05	2.66027187979e-05	0.000174817866386	0.000311631848775	4.56046607963e-05	0.000680269523545	0.000159616312787	0.000281228741577	3.80038839969e-06	0	0.000102610486792	3.80038839969e-06	0.000102610486792	2.28023303982e-05	6.46066027948e-05	7.60077679939e-06	0
0	0.000235624080781	4.56046607963e-05	0	0	3.80038839969e-06	4.56046607963e-05	3.80038839969e-05	0.00012161242879	4.18042723966e-05	6.08062143951e-05	0.00457186724483	1.52015535988e-05	0.0138600164937	7.60077679939e-05	1.52015535988e-05	1.14011651991e-05	0.00012541281719	0.000186219031585	0.000402841170368	3.80038839969e-06	1.52015535988e-05	7.60077679939e-05	3.04031071976e-05	2.28023303982e-05	0.00355716354211	0.0037547837389	0.00178238215946	4.56046607963e-05	0.000190019419985	3.04031071976e-05	0.000281228741577	3.80038839969e-06	0	0.000634664862749	0	0.000402841170368	3.80038839969e-06	0	0	0	0	0	7.60077679939e-06	3.80038839969e-06	0	0.000722073795942	0	0.00232203731221	7.60077679939e-06	0	0	0	0.000269827576378	0.000258426411179	0	0	3.80038839969e-06	7.60077679939e-06	0	0.00170637439146	0.0012237250647	0.00153535691348	3.80038839969e-06	7.60077679939e-06	1.14011651991e-05	0.000467447773162	0	7.60077679939e-06	9.50097099924e-05	0.000140614370789	0.00277048314338	0.00159616312787	0.000140614370789	2.66027187979e-05	0	0.000725874184342	3.42034955973e-05	0.000174817866386	0.000152015535988	2.28023303982e-05	0	0	1.14011651991e-05
0.00294530100976	7.60077679939e-06	0.000543455541156	0	0.000383839228369	0.000801881952336	0.00639225328829	0.0167217089587	0.0266065191863	0.00113251574311	0.00975559702202	0.000554856706355	0.00137954098909	7.60077679939e-05	0.0428493792066	0.00162656623507	0.000114011651991	0.000520653210758	5.70058259954e-05	0.000228023303982	0.000889290885529	0.000410441947167	0.000304031071976	0.00086648855513	0.00217762255302	3.80038839969e-05	0.000231823692381	0.000114011651991	0.00632004590869	0.0099000117812	0.00237144236141	3.80038839969e-06	0.00361036897971	0.000231823692381	0.00315432237175	7.98081563936e-05	5.32054375957e-05	5.32054375957e-05	0	7.60077679939e-05	0	3.80038839969e-05	0.00012161242879	4.18042723966e-05	0.00037623845157	3.80038839969e-05	1.14011651991e-05	4.9405049196e-05	1.14011651991e-05	9.12093215927e-05	1.14011651991e-05	0.00012541281719	2.28023303982e-05	0	7.60077679939e-06	0.00012161242879	0.000182418643185	0.000239424469181	0.000319232625574	0.00049785088036	1.52015535988e-05	5.32054375957e-05	9.12093215927e-05	0.000418042723966	0.000315432237175	0.000235624080781	3.80038839969e-06	7.60077679939e-06	0.000159616312787	0.000402841170368	0.00234103925421	0.000463647384763	0.00407781675287	0.0012085235111	0.00179378332466	0.000285029129977	2.66027187979e-05	0.000209021361983	4.9405049196e-05	0.000220422527182	0.000102610486792	4.18042723966e-05	1.14011651991e-05	7.60077679939e-06
1.90019419985e-05	1.52015535988e-05	1.52015535988e-05	0	0.000186219031585	0.00131113399789	0.00403981286888	0.000684069911945	0.00221182604862	0.00175957982906	0.000566257871554	4.56046607963e-05	0.00153535691348	1.52015535988e-05	0.00162656623507	0.00948196905724	2.66027187979e-05	1.52015535988e-05	3.80038839969e-06	1.14011651991e-05	7.60077679939e-05	3.04031071976e-05	6.08062143951e-05	1.14011651991e-05	0.0012731301139	7.60077679939e-06	1.90019419985e-05	1.14011651991e-05	0.000547255929556	0.000380038839969	0.000133013593989	0	0.00105650797512	3.80038839969e-06	0.000338234567573	3.04031071976e-05	1.52015535988e-05	7.60077679939e-06	0	1.90019419985e-05	0	1.14011651991e-05	2.66027187979e-05	1.14011651991e-05	0.00012921320559	3.80038839969e-06	0	7.60077679939e-06	0	3.42034955973e-05	0	7.60077679939e-06	3.80038839969e-06	0	3.80038839969e-06	1.52015535988e-05	4.18042723966e-05	2.28023303982e-05	3.42034955973e-05	0.000144414759188	3.80038839969e-06	1.52015535988e-05	1.90019419985e-05	9.88100983921e-05	9.50097099924e-05	5.70058259954e-05	0	3.80038839969e-06	3.04031071976e-05	8.36085447933e-05	0.000642265639548	4.9405049196e-05	0.000600461367152	0.00024702524598	0.00222702760222	0.000429443889165	7.60077679939e-06	5.32054375957e-05	1.14011651991e-05	4.18042723966e-05	1.90019419985e-05	3.80038839969e-06	3.80038839969e-06	0
3.42034955973e-05	0.000509252045559	0.000577659036754	0	1.90019419985e-05	0	3.42034955973e-05	0.000288829518377	0.000117812040391	0.000285029129977	6.46066027948e-05	1.90019419985e-05	2.66027187979e-05	1.14011651991e-05	0.000114011651991	2.66027187979e-05	0.0235472065245	0.00025462602278	1.14011651991e-05	7.98081563936e-05	1.52015535988e-05	0.000760077679939	0.010173639746	0.0049215029776	0.00951237216444	2.66027187979e-05	0.000304031071976	0.00407021597607	0.00198000235624	0.000102610486792	0.000490250103561	0	1.14011651991e-05	1.90019419985e-05	0.000383839228369	3.80038839969e-05	0.000235624080781	0.000801881952336	0	3.80038839969e-06	3.80038839969e-06	1.90019419985e-05	3.80038839969e-05	3.42034955973e-05	8.7408933193e-05	7.60077679939e-06	3.80038839969e-06	1.52015535988e-05	0	4.9405049196e-05	3.80038839969e-06	0.00141754487309	6.84069911945e-05	3.80038839969e-06	1.52015535988e-05	0	0.00109831224751	0.00446165598124	0.00436664627125	0.000117812040391	1.14011651991e-05	0.000133013593989	0.00104890719832	0.000186219031585	9.88100983921e-05	0.000148215147588	0	0	7.22073795942e-05	0.000209021361983	0.0025462602278	0.0011933219575	0.000706872242343	0.000342034955973	5.32054375957e-05	7.60077679939e-06	0	0.000190019419985	0.000102610486792	0.000152015535988	0.000133013593989	3.04031071976e-05	0	0
7.98081563936e-05	0.000486449715161	0.0113327582079	0	1.90019419985e-05	1.52015535988e-05	0.00012921320559	0.00271347731738	0.000589060201953	0.000117812040391	0.000296430295176	0.00184318837385	2.66027187979e-05	0.00012541281719	0.000520653210758	1.52015535988e-05	0.00025462602278	0.036977779129	0.000292629906776	0.0086648855513	3.80038839969e-06	0.00218522332982	0.000285029129977	0.00855087389931	0.000342034955973	0.000144414759188	0.00803402107695	0.00391440005169	0.00273627964778	0.000380038839969	0.00426403578446	0	1.52015535988e-05	3.42034955973e-05	0.00767298417898	7.60077679939e-06	0.00441225093205	0.000513052433959	0	0	0	7.60077679939e-06	7.60077679939e-06	1.52015535988e-05	3.42034955973e-05	7.60077679939e-06	0.000110211263591	3.80038839969e-06	6.84069911945e-05	1.14011651991e-05	0	3.80038839969e-05	0.000178618254786	6.84069911945e-05	0.000608062143951	0	5.32054375957e-05	0.000285029129977	0.000269827576378	1.90019419985e-05	0.00025082563438	0.0024322485758	0.00306691343855	3.04031071976e-05	4.18042723966e-05	6.46066027948e-05	2.66027187979e-05	0	1.14011651991e-05	0.000216622138783	0.00345835344372	0.00522553404958	0.00570818337634	0.00136813982389	4.18042723966e-05	1.14011651991e-05	3.80038839969e-06	0.000273627964778	0.000361036897971	0.000163416701187	7.98081563936e-05	1.52015535988e-05	0	0
3.80038839969e-06	7.60077679939e-06	6.46066027948e-05	0	0	0	1.14011651991e-05	4.18042723966e-05	5.32054375957e-05	1.14011651991e-05	1.14011651991e-05	0.00272107809418	7.60077679939e-06	0.000186219031585	5.70058259954e-05	3.80038839969e-06	1.14011651991e-05	0.000292629906776	0.0049747084152	0.00183938798545	0	4.56046607963e-05	7.60077679939e-06	5.70058259954e-05	7.60077679939e-06	0.000117812040391	0.00231823692381	0.000216622138783	4.56046607963e-05	7.22073795942e-05	4.18042723966e-05	0	1.14011651991e-05	0	0.000528253987558	3.80038839969e-06	0.000106410875191	3.80038839969e-06	0	0	0	0	3.80038839969e-06	0	3.80038839969e-06	3.80038839969e-06	3.42034955973e-05	0	0.000106410875191	3.80038839969e-06	0	3.80038839969e-06	0	6.46066027948e-05	6.84069911945e-05	0	3.80038839969e-06	0	1.14011651991e-05	3.80038839969e-06	0.000209021361983	0.000281228741577	0.000228023303982	7.60077679939e-06	3.80038839969e-06	7.60077679939e-06	3.04031071976e-05	0	0	1.90019419985e-05	0.000155815924387	0.000657467193147	0.000900692050728	0.000167217089587	0	3.80038839969e-06	3.80038839969e-06	2.66027187979e-05	3.04031071976e-05	1.14011651991e-05	3.80038839969e-06	0	0	0
2.28023303982e-05	0.00024322485758	0.00062706408595	0	1.14011651991e-05	0	6.84069911945e-05	0.000611862532351	0.000258426411179	5.32054375957e-05	0.00012541281719	0.00837985642133	3.04031071976e-05	0.000402841170368	0.000228023303982	1.14011651991e-05	7.98081563936e-05	0.0086648855513	0.00183938798545	0.0229505455458	1.90019419985e-05	0.000570058259954	8.7408933193e-05	0.00112871535471	0.000110211263591	0.000448445831164	0.00598561172952	0.00161136468147	0.000524453599158	0.000342034955973	0.000855087389931	1.52015535988e-05	1.52015535988e-05	1.14011651991e-05	0.00695091038304	3.80038839969e-06	0.00138714176589	3.80038839969e-05	0	3.80038839969e-06	0	0	0	0	1.90019419985e-05	7.60077679939e-06	0.00012921320559	0	0.000193819808384	1.14011651991e-05	0	1.14011651991e-05	3.04031071976e-05	9.88100983921e-05	0.000425643500766	0	1.90019419985e-05	4.56046607963e-05	6.08062143951e-05	2.28023303982e-05	0.00075247690314	0.00146314953388	0.0012997328327	1.90019419985e-05	1.52015535988e-05	1.90019419985e-05	9.12093215927e-05	0	3.80038839969e-06	9.88100983921e-05	0.00187739186945	0.00324553169334	0.00629344318989	0.00106790914031	2.28023303982e-05	7.60077679939e-06	1.14011651991e-05	7.98081563936e-05	0.000140614370789	7.98081563936e-05	3.04031071976e-05	3.80038839969e-06	3.80038839969e-06	0
3.04031071976e-05	3.80038839969e-06	1.90019419985e-05	0	0.00418802801646	3.80038839969e-06	0.0025082563438	0.00104130642152	0.00141754487309	0.000604261755551	0.00794661214376	5.70058259954e-05	0.00632384629709	3.80038839969e-06	0.000889290885529	7.60077679939e-05	1.52015535988e-05	3.80038839969e-06	0	1.90019419985e-05	0.0167521120659	0	2.28023303982e-05	1.90019419985e-05	0.00135293827029	0	1.90019419985e-05	1.52015535988e-05	0.0025120567322	0.000634664862749	3.42034955973e-05	0	4.9405049196e-05	0	0.000467447773162	0	0	7.60077679939e-06	0	0.000140614370789	0	1.52015535988e-05	1.90019419985e-05	1.52015535988e-05	0.000148215147588	7.60077679939e-06	0	3.80038839969e-05	0	2.28023303982e-05	7.60077679939e-06	0	0	0	0	7.60077679939e-05	3.80038839969e-06	3.80038839969e-06	1.90019419985e-05	0.000277428353178	0	0	1.14011651991e-05	0.00012541281719	3.42034955973e-05	1.52015535988e-05	0	0	1.14011651991e-05	2.66027187979e-05	0.000171017477986	3.04031071976e-05	0.000482649326761	9.88100983921e-05	0.00012541281719	1.52015535988e-05	3.80038839969e-06	1.90019419985e-05	0	1.14011651991e-05	7.60077679939e-06	3.42034955973e-05	0	0
6.08062143951e-05	4.9405049196e-05	0.00159616312787	0	2.66027187979e-05	3.80038839969e-06	0.00012541281719	0.00261466721899	0.00049405049196	0.00012921320559	0.00024702524598	0.000281228741577	3.80038839969e-06	1.52015535988e-05	0.000410441947167	3.04031071976e-05	0.000760077679939	0.00218522332982	4.56046607963e-05	0.000570058259954	0	0.0359744765915	0.00147455069908	0.017485587027	0.000934895546325	0	0.000684069911945	0.000790480787136	0.00637705173469	0.000858887778331	0.0163530712839	0	3.04031071976e-05	0.000889290885529	0.00709912553063	2.28023303982e-05	0.000288829518377	0.000558657094755	0	7.60077679939e-06	0	3.80038839969e-06	4.56046607963e-05	0	7.22073795942e-05	3.80038839969e-06	1.90019419985e-05	3.80038839969e-06	3.80038839969e-06	1.52015535988e-05	0	0.000532054375957	6.84069911945e-05	7.60077679939e-06	6.46066027948e-05	7.60077679939e-06	0.000345835344372	0.00161896545827	0.00189639381145	6.08062143951e-05	1.52015535988e-05	0.000193819808384	0.000756277291539	0.000106410875191	6.08062143951e-05	0.000110211263591	0	0	1.90019419985e-05	0.000159616312787	0.00576518920234	0.00161896545827	0.00508111929039	0.00155435885548	6.84069911945e-05	3.04031071976e-05	3.80038839969e-06	0.000155815924387	8.36085447933e-05	0.000159616312787	0.000140614370789	1.90019419985e-05	0	7.60077679939e-06
0.000136813982389	0.00294150062136	0.00107170952871	0	0.000235624080781	3.80038839969e-06	6.84069911945e-05	0.000691670688744	0.000304031071976	0.00522173366118	0.00012161242879	4.56046607963e-05	0.000152015535988	7.60077679939e-05	0.000304031071976	6.08062143951e-05	0.010173639746	0.000285029129977	7.60077679939e-06	8.7408933193e-05	2.28023303982e-05	0.00147455069908	0.0287271359133	0.00527873948718	0.00930715119085	0.000209021361983	0.00102230447952	0.00552576473316	0.00220422527182	0.000353436121172	0.000782880010337	0	7.60077679939e-06	7.22073795942e-05	0.000395240393568	8.36085447933e-05	0.000824684282734	0.00110591302431	0	1.90019419985e-05	3.80038839969e-06	1.90019419985e-05	8.7408933193e-05	4.56046607963e-05	0.000505451657159	7.60077679939e-06	3.04031071976e-05	2.66027187979e-05	7.60077679939e-06	9.50097099924e-05	7.60077679939e-06	0.00307831460375	0.000174817866386	7.60077679939e-06	9.12093215927e-05	1.90019419985e-05	0.0024854540134	0.0115493803467	0.00827724593453	0.000425643500766	9.12093215927e-05	0.000239424469181	0.00290349673737	0.000551056317956	0.000197620196784	0.000410441947167	0	3.80038839969e-06	0.000144414759188	0.000513052433959	0.00192299653025	0.00109451185911	0.000581459425153	0.000269827576378	8.7408933193e-05	0	3.80038839969e-06	0.000406641558767	0.000239424469181	0.000380038839969	0.000224222915582	7.60077679939e-05	1.14011651991e-05	0
9.88100983921e-05	0.000345835344372	0.0156690013719	0	7.22073795942e-05	2.28023303982e-05	0.000357236509571	0.00449205908844	0.0011933219575	0.00025082563438	0.000786680398737	0.000437044665965	3.42034955973e-05	3.04031071976e-05	0.00086648855513	1.14011651991e-05	0.0049215029776	0.00855087389931	5.70058259954e-05	0.00112871535471	1.90019419985e-05	0.017485587027	0.00527873948718	0.0618361196514	0.00200660507504	2.28023303982e-05	0.00170637439146	0.00673048785586	0.00677609251666	0.00163416701187	0.00538515036237	0	3.80038839969e-05	0.00110971341271	0.00692430766424	4.18042723966e-05	0.00161516506987	0.00255766139299	0	1.14011651991e-05	0	1.14011651991e-05	7.22073795942e-05	1.14011651991e-05	0.000136813982389	1.52015535988e-05	6.46066027948e-05	1.14011651991e-05	7.60077679939e-06	5.70058259954e-05	0	0.00156195963227	0.000467447773162	2.28023303982e-05	0.000285029129977	1.52015535988e-05	0.000596660978752	0.00704211970463	0.00609202260471	0.000140614370789	2.66027187979e-05	0.00087408933193	0.00482649326761	0.000304031071976	0.00012161242879	0.000224222915582	0	0	5.32054375957e-05	0.000444645442764	0.0110743317967	0.00408921791807	0.00696991232504	0.00207121167783	0.000110211263591	3.04031071976e-05	1.14011651991e-05	0.000585259813553	0.000452246219564	0.000444645442764	0.000342034955973	6.08062143951e-05	7.60077679939e-06	3.80038839969e-06
0.000524453599158	0.000969099041922	0.000900692050728	0	0.00631244513189	3.04031071976e-05	0.0012199246763	0.00972139352642	0.00279708586218	0.0184166821849	0.00310111693415	0.000106410875191	0.00391440005169	2.28023303982e-05	0.00217762255302	0.0012731301139	0.00951237216444	0.000342034955973	7.60077679939e-06	0.000110211263591	0.00135293827029	0.000934895546325	0.00930715119085	0.00200660507504	0.0630066392785	5.70058259954e-05	0.000406641558767	0.0024512505178	0.0232659777829	0.00231443653541	0.00235244041941	3.80038839969e-06	0.000133013593989	0.00025082563438	0.00210541517343	0.000383839228369	0.00024322485758	0.000418042723966	0	0.00106790914031	3.80038839969e-06	0.000220422527182	0.00061946330915	0.000262226799579	0.00405121403407	0.000163416701187	4.9405049196e-05	0.000361036897971	1.14011651991e-05	0.000855087389931	5.70058259954e-05	0.00151635497148	9.50097099924e-05	7.60077679939e-06	3.80038839969e-05	0.000767678456738	0.00223462837902	0.00429063850326	0.00327973518894	0.00412342141367	1.90019419985e-05	0.000159616312787	0.00061946330915	0.00273627964778	0.00152775613668	0.00134913788189	0	1.14011651991e-05	0.000756277291539	0.00216622138783	0.00532054375957	0.0012807308907	0.00289209557217	0.00148975225268	0.000771478845138	9.50097099924e-05	0	0.00110591302431	0.000209021361983	0.00106410875191	0.00049405049196	0.000281228741577	8.36085447933e-05	7.60077679939e-06
0	0.00112111457791	3.80038839969e-05	0	0	0	1.14011651991e-05	1.90019419985e-05	4.56046607963e-05	9.88100983921e-05	3.80038839969e-06	0.00221182604862	0	0.00355716354211	3.80038839969e-05	7.60077679939e-06	2.66027187979e-05	0.000144414759188	0.000117812040391	0.000448445831164	0	0	0.000209021361983	2.28023303982e-05	5.70058259954e-05	0.0113403589847	0.00263366916099	0.00176718060586	1.90019419985e-05	5.70058259954e-05	1.14011651991e-05	6.46066027948e-05	1.52015535988e-05	0	0.000300230683576	0	0.00105650797512	0	0	3.80038839969e-06	0	0	0	7.60077679939e-06	0	0	0.000642265639548	0	0.00191539575345	1.52015535988e-05	0	0	1.14011651991e-05	0.000300230683576	0.000212821750383	3.80038839969e-06	0	7.60077679939e-06	1.14011651991e-05	7.60077679939e-06	0.00292629906776	0.00137954098909	0.00221182604862	0	1.90019419985e-05	0	0.000437044665965	3.80038839969e-06	0	8.36085447933e-05	8.7408933193e-05	0.00148975225268	0.000566257871554	4.56046607963e-05	0	0	0.000851287001532	3.80038839969e-05	0.000159616312787	0.000110211263591	1.14011651991e-05	0	0	1.14011651991e-05
2.28023303982e-05	0.00332914023813	0.00571198376474	0	3.04031071976e-05	1.90019419985e-05	0.000106410875191	0.000710672630743	0.000300230683576	0.000471248161562	0.000212821750383	0.00708392397703	4.56046607963e-05	0.0037547837389	0.000231823692381	1.90019419985e-05	0.000304031071976	0.00803402107695	0.00231823692381	0.00598561172952	1.90019419985e-05	0.000684069911945	0.00102230447952	0.00170637439146	0.000406641558767	0.00263366916099	0.062269363929	0.0224374931118	0.000798081563936	0.000349635732772	0.000942496323124	0.000224222915582	3.04031071976e-05	2.28023303982e-05	0.00465547578963	7.60077679939e-06	0.0130087294922	0.00025462602278	0	3.80038839969e-06	0	7.60077679939e-06	2.66027187979e-05	1.52015535988e-05	2.28023303982e-05	0	0.000988100983921	7.60077679939e-06	0.00162656623507	1.52015535988e-05	0	2.66027187979e-05	0.000136813982389	0.000851287001532	0.00232963808901	7.60077679939e-06	4.9405049196e-05	0.000148215147588	0.000235624080781	2.66027187979e-05	0.00467827812002	0.00978600012921	0.0104282657688	5.32054375957e-05	3.04031071976e-05	5.70058259954e-05	0.00050165126876	7.60077679939e-06	7.60077679939e-06	0.000421843112366	0.00361796975651	0.0107703007247	0.00669628436026	0.00133393632829	6.46066027948e-05	1.52015535988e-05	9.12093215927e-05	0.000630864474349	0.00109071147071	0.000482649326761	0.000148215147588	0	0	1.14011651991e-05
1.90019419985e-05	0.00723213912462	0.0134989795957	0	7.60077679939e-05	0	5.32054375957e-05	0.000653666804747	0.000205220973584	0.0012921320559	0.000140614370789	0.00108691108231	4.9405049196e-05	0.00178238215946	0.000114011651991	1.14011651991e-05	0.00407021597607	0.00391440005169	0.000216622138783	0.00161136468147	1.52015535988e-05	0.000790480787136	0.00552576473316	0.00673048785586	0.0024512505178	0.00176718060586	0.0224374931118	0.0649562385276	0.00147835108748	0.000114011651991	0.000558657094755	0.000315432237175	3.80038839969e-06	1.52015535988e-05	0.00200660507504	2.66027187979e-05	0.0119180180214	0.00178618254786	0	1.14011651991e-05	0	1.52015535988e-05	4.9405049196e-05	1.90019419985e-05	3.04031071976e-05	7.60077679939e-06	0.00049785088036	2.66027187979e-05	0.000471248161562	4.9405049196e-05	0	0.000349635732772	0.000661267581547	0.000402841170368	0.00136813982389	2.66027187979e-05	0.000182418643185	0.00316572353695	0.0012845312791	0.000110211263591	0.00213581828063	0.00579559230953	0.0106600894611	0.000148215147588	4.56046607963e-05	9.50097099924e-05	0.000163416701187	0	1.14011651991e-05	0.000547255929556	0.00471248161562	0.0050127122992	0.00326453363534	0.000691670688744	6.84069911945e-05	3.80038839969e-06	4.9405049196e-05	0.000642265639548	0.000969099041922	0.000448445831164	0.000193819808384	1.14011651991e-05	0	0
0.000942496323124	0.000133013593989	0.0037433825737	0	0.00458706879843	7.60077679939e-05	0.00410441947167	0.0359820773683	0.00925014536486	0.00663167775747	0.0146770999996	0.000239424469181	0.00133013593989	4.56046607963e-05	0.00632004590869	0.000547255929556	0.00198000235624	0.00273627964778	4.56046607963e-05	0.000524453599158	0.0025120567322	0.00637705173469	0.00220422527182	0.00677609251666	0.0232659777829	1.90019419985e-05	0.000798081563936	0.00147835108748	0.0749284576884	0.00398660743128	0.0113365585963	3.80038839969e-06	0.000235624080781	0.000323033013974	0.00524833637998	0.00037243806317	0.000258426411179	0.000429443889165	0	0.00099190137232	3.80038839969e-06	0.000216622138783	0.000573858648354	0.000228023303982	0.00275528158978	0.000148215147588	5.32054375957e-05	0.000323033013974	3.04031071976e-05	0.000763878068339	6.08062143951e-05	0.00115151768511	0.000167217089587	7.60077679939e-06	6.84069911945e-05	0.000733474961141	0.00177858177106	0.0024512505178	0.0024284481874	0.00358376626091	1.52015535988e-05	0.000216622138783	0.000535854764357	0.00236384158461	0.00156956040907	0.00138714176589	0	3.42034955973e-05	0.000691670688744	0.00205601012423	0.00860787972531	0.00183558759705	0.00675709057466	0.00297570411696	0.000733474961141	0.00012161242879	7.60077679939e-06	0.000931095157925	0.000193819808384	0.000984300595521	0.000452246219564	0.000201420585184	3.80038839969e-05	7.60077679939e-06
0.00650626494028	3.04031071976e-05	0.000163416701187	0	0.000440845054365	0.000144414759188	0.00183558759705	0.00840265875172	0.0050241134644	0.0012389266183	0.00553716589835	0.00117432001551	0.00074107573794	0.000190019419985	0.0099000117812	0.000380038839969	0.000102610486792	0.000380038839969	7.22073795942e-05	0.000342034955973	0.000634664862749	0.000858887778331	0.000353436121172	0.00163416701187	0.00231443653541	5.70058259954e-05	0.000349635732772	0.000114011651991	0.00398660743128	0.0325769293622	0.00541555346956	3.80038839969e-06	0.000885490497129	0.0024398493526	0.0062478385291	8.36085447933e-05	4.9405049196e-05	3.42034955973e-05	0	9.50097099924e-05	3.80038839969e-06	3.80038839969e-05	0.00012921320559	6.08062143951e-05	0.00050165126876	1.90019419985e-05	1.90019419985e-05	7.22073795942e-05	1.90019419985e-05	0.000193819808384	1.52015535988e-05	0.000114011651991	7.60077679939e-06	0	3.80038839969e-06	9.88100983921e-05	0.000266027187979	0.000326833402374	0.000323033013974	0.000532054375957	1.90019419985e-05	6.08062143951e-05	6.08062143951e-05	0.000425643500766	0.000364837286371	0.000292629906776	7.60077679939e-06	3.80038839969e-06	0.000152015535988	0.000452246219564	0.00150875419468	0.000539655152757	0.00562077444315	0.00112871535471	0.000733474961141	0.000102610486792	1.90019419985e-05	0.000212821750383	3.80038839969e-05	0.000212821750383	7.22073795942e-05	2.66027187979e-05	3.80038839969e-06	7.60077679939e-06
0.00166837050747	5.32054375957e-05	0.00235624080781	0	0.000186219031585	1.52015535988e-05	0.000357236509571	0.0142096522265	0.00216242099943	0.00105650797512	0.000646066027948	0.000307831460375	0.000117812040391	3.04031071976e-05	0.00237144236141	0.000133013593989	0.000490250103561	0.00426403578446	4.18042723966e-05	0.000855087389931	3.42034955973e-05	0.0163530712839	0.000782880010337	0.00538515036237	0.00235244041941	1.14011651991e-05	0.000942496323124	0.000558657094755	0.0113365585963	0.00541555346956	0.0428455788182	0	6.08062143951e-05	0.00086648855513	0.00963398459323	6.46066027948e-05	0.00024702524598	0.00012161242879	0	4.18042723966e-05	0	2.66027187979e-05	0.000110211263591	4.9405049196e-05	0.000456046607963	7.60077679939e-06	1.52015535988e-05	4.9405049196e-05	3.80038839969e-06	0.00012161242879	1.14011651991e-05	0.00025082563438	5.32054375957e-05	1.14011651991e-05	6.84069911945e-05	4.56046607963e-05	0.000478848938362	0.000589060201953	0.00075247690314	0.000300230683576	1.90019419985e-05	0.000152015535988	0.000235624080781	0.000323033013974	0.00024702524598	0.000334434179173	0	3.80038839969e-06	9.88100983921e-05	0.000342034955973	0.0049215029776	0.00132633555149	0.00614902843071	0.00213961866903	0.000212821750383	4.18042723966e-05	0	0.000201420585184	5.70058259954e-05	0.000212821750383	0.000155815924387	1.52015535988e-05	7.60077679939e-06	7.60077679939e-06
0	0	0	0	0	0	0	0	3.80038839969e-06	0	0	9.50097099924e-05	0	0.000281228741577	3.80038839969e-06	0	0	0	0	1.52015535988e-05	0	0	0	0	3.80038839969e-06	6.46066027948e-05	0.000224222915582	0.000315432237175	3.80038839969e-06	3.80038839969e-06	0	0.00049785088036	0	0	1.90019419985e-05	0	2.28023303982e-05	3.80038839969e-06	0	0	0	0	0	3.80038839969e-06	0	0	4.9405049196e-05	0	6.84069911945e-05	0	0	0	0	2.28023303982e-05	1.52015535988e-05	0	0	3.80038839969e-06	0	0	0.000110211263591	6.84069911945e-05	7.60077679939e-05	0	0	0	1.14011651991e-05	3.80038839969e-06	0	7.60077679939e-06	7.60077679939e-06	8.7408933193e-05	3.04031071976e-05	3.80038839969e-06	0	0	3.80038839969e-06	7.60077679939e-06	1.52015535988e-05	1.52015535988e-05	3.80038839969e-06	0	0	0
