0.0298591059651	0	0.000685639237878	0	0.000994659739457	0	8.69120160691e-05	0.0146881307157	0.00899056521781	0	0.00163201452396	5.7941344046e-05	0.000888433942039	0	0.0241035991232	0	0	3.86275626974e-05	0	0	0.00125539578766	0.00246250712196	0	0.00615143935956	0	0	9.65689067434e-06	0.000231765376184	0.00619006692225	0.0091837030313	0.0152772010468	0	0.000202794704161	0	0.000106225797418	0	0	0	0	0	0	0	0	0	0	0	0	0	0	0	0	0	0	0	0	0	0	0	0	0	0	0	5.7941344046e-05	0	0	0	0	0	0	0	0	0	0	0	0	0	0	0	0	9.65689067434e-06	0	0	0	0
0	0.0237559510589	0.00152578872655	0	0	0	0	0	0	0.00057941344046	0	0	0	8.69120160691e-05	0	0	0.000888433942039	0.003350941064	0	8.69120160691e-05	0	9.65689067434e-06	0.00469324886773	1.93137813487e-05	0.0044421697102	0.000550442768437	0.00590036020202	0.0162139194422	0.000270392938882	0	0	0	0	0	1.93137813487e-05	0	0.0128243508155	0	0	0	0	0	0	0	9.65689067434e-06	0	0	0	3.86275626974e-05	0	0	0	0.00112019931822	0	0.00228868308982	0	0	0.00281981207691	0	9.65689067434e-06	0.000405589408322	0.000521472096414	0.0124091045165	0	0	0	0	0	0	0	0	0	1.93137813487e-05	0	0	0	0	0	0	0	0	0	0	0
0.000685639237878	0.00152578872655	0.0374107944724	0	0	0	0	1.93137813487e-05	4.82844533717e-05	0	0	0	0	0	0.000685639237878	0	0	0.0104101281469	0	0	0	0.000762894363273	0	0.0142728844167	0	0	0.0083532104333	0.0258514963352	0	0.000405589408322	0.000463530752368	0	0	0	6.75982347204e-05	0	0.00161270074261	0	0	0	0	0	0	0	0	0	0	0	0	0	0	6.75982347204e-05	0.00022210848551	0	0	0	0	0.000193137813487	4.82844533717e-05	0	0	0	0.00500226936931	0	0	0	0	0	0	9.65689067434e-06	0	0	0.000115882688092	8.69120160691e-05	0	0	0	0	0	0.000164167141464	8.69120160691e-05	0	0	0
0	0	0	0	0	0	0	0	0	0	0	0	0	0	0	0	0	0	0	0	0	0	0	0	0	0	0	0	0	0	0	0	0	0	0	0	0	0	0	0	0	0	0	0	0	0	0	0	0	0	0	0	0	0	0	0	0	0	0	0	0	0	0	0	0	0	0	0	0	0	0	0	0	0	0	0	0	0	0	0	0	0	0	0
0.000994659739457	0	0	0	0.0194006933648	1.93137813487e-05	9.65689067434e-06	0.000125539578766	0.00102363041148	0.00250113468465	0.00636389095439	0.000482844533717	0.00132299402238	0	0.00137127847576	0.000135196469441	0	0	5.7941344046e-05	6.75982347204e-05	0.00500226936931	0	0	0	0.00655702876788	0	0.000241422266859	0.000193137813487	0.0101976765521	0.00216314351105	0	2.8970672023e-05	6.75982347204e-05	0.00140990603845	0.00101397352081	0	0	0	0	0.00682742170676	0	9.65689067434e-06	0	9.65689067434e-06	0.00633492028237	0.00417177677132	0	0.00247216401263	0	9.65689067434e-06	4.82844533717e-05	0	0	0	0	0.00555271213775	0	0	0	0.00756134539801	0	0	0	0.00325437215725	0	0	0	0	0	0	6.75982347204e-05	9.65689067434e-06	0.000811178816645	0	0.000357304954951	1.93137813487e-05	0	0	0	0	0	0	0	0
0	0	0	0	1.93137813487e-05	0.00635423406372	0.000540785877763	1.93137813487e-05	0.000125539578766	0	3.86275626974e-05	0.000627697893832	0	0.000193137813487	0	0.00073392369125	0	0	0	0	0	0	0	0	9.65689067434e-05	0	2.8970672023e-05	0	0.00044421697102	0.000309020501579	0.000115882688092	0	0.00318677392253	0.000453873861694	0.00227902619914	0	0	0	0	0	0	0	0	0	2.8970672023e-05	1.93137813487e-05	0	0	0	0	0	0	0	0	0	0	0	0	0	9.65689067434e-06	0	0	0	0	0	0	0	0	0	0	0.00136162158508	0	0.00168029897734	0.000154510250789	0.0014678473825	0.00157407317992	4.82844533717e-05	9.65689067434e-06	9.65689067434e-06	0	0	0	9.65689067434e-06	0
8.69120160691e-05	0	0	0	9.65689067434e-06	0.000540785877763	0.0121000840149	0.00121676822497	0.0051181520574	0	0.0029743223277	9.65689067434e-06	0.00149681805452	0	0.000724266800576	0.000627697893832	0	0	0	0	5.7941344046e-05	2.8970672023e-05	0	2.8970672023e-05	0	0	9.65689067434e-06	0	0.00287775342095	0.00145819049183	0.000627697893832	9.65689067434e-06	8.69120160691e-05	0.000647011675181	0.000405589408322	0	0	0	0	0	0	0	0	0	0	0	0	0	0	0	0	0	0	0	0	0	0	0	0	0	0	0	0	0	0	0	0	0	0	0	9.65689067434e-06	0	0.000144853360115	2.8970672023e-05	0.000772551253947	1.93137813487e-05	0	0	0	0	0	0	0	0
0.0146881307157	0	1.93137813487e-05	0	0.000125539578766	1.93137813487e-05	0.00121676822497	0.0501192625998	0.0121966529217	0	0.00568790860719	0.000347648064276	0	0	0.0142149430726	9.65689067434e-06	0	0	5.7941344046e-05	0	0	0.00445182660087	0	0.00568790860719	9.65689067434e-06	0	0.000144853360115	1.93137813487e-05	0.0243546782807	0.00209554527633	0.012988517957	4.82844533717e-05	1.93137813487e-05	0.0011684837716	0.00080152192597	0	0	0	0	0	0	0	0	0	1.93137813487e-05	3.86275626974e-05	0	0	0	0	0	0	0	0	0	0	0	0	0	5.7941344046e-05	0	0	0	9.65689067434e-06	0	0	0	0	0	0	2.8970672023e-05	0	0.000531128987089	0.000164167141464	4.82844533717e-05	0	0	3.86275626974e-05	0	0	0	0	0	0
0.00899056521781	0	4.82844533717e-05	0	0.00102363041148	0.000125539578766	0.0051181520574	0.0121966529217	0.0322250441803	0	0.00621903759428	4.82844533717e-05	0.00164167141464	0	0.0161559780982	0.000173824032138	0	0	0	9.65689067434e-06	0.00173824032138	0.00166098519599	0	0.00181549544678	2.8970672023e-05	0	1.93137813487e-05	2.8970672023e-05	0.00923198748467	0.00702055952025	0.0028584396396	9.65689067434e-06	0.000589070331135	0.00274255695151	0.00106225797418	0	0	0	0	9.65689067434e-06	0	0.000202794704161	0	4.82844533717e-05	3.86275626974e-05	1.93137813487e-05	0	9.65689067434e-06	0	0.000173824032138	7.72551253947e-05	0	0	0	0	9.65689067434e-06	0	0	0	2.8970672023e-05	0	0	0	0	0	0	0	0	0	0	0.000125539578766	0	0.000627697893832	0.000347648064276	0.000299363610905	4.82844533717e-05	0	9.65689067434e-06	0	9.65689067434e-06	0	0.000202794704161	0	0
0	0.00057941344046	0	0	0.00250113468465	0	0	0	0	0.0211196199048	0.000762894363273	0.000888433942039	0.00124573889699	9.65689067434e-06	0	0.00121676822497	0	0	0	0	0.00215348662038	0	0.00354407887748	0	0.0119648875455	0.000125539578766	0.000917404614062	0.000791865035296	0.00312883257849	0.000878777051365	0.000714609909901	0.000463530752368	0	0.0014678473825	0.00345716686141	0	0	0	0	0.00211485905768	0	0.000106225797418	9.65689067434e-06	0	0.0108929726807	0.00271358627949	9.65689067434e-06	0.00295500854635	9.65689067434e-06	9.65689067434e-06	0.000106225797418	0	0	1.93137813487e-05	0	0.00313848946916	0	0	0	0.00924164437534	0	3.86275626974e-05	0	0.00386275626974	9.65689067434e-05	0	0	0	9.65689067434e-06	5.7941344046e-05	0.000965689067434	0.000212451594835	0.00152578872655	0.00057941344046	0.00207623149498	2.8970672023e-05	0	0.000521472096414	0.000115882688092	0.000231765376184	0.000173824032138	0	3.86275626974e-05	0
0.00163201452396	0	0	0	0.00636389095439	3.86275626974e-05	0.0029743223277	0.00568790860719	0.00621903759428	0.000762894363273	0.0291638098365	0.00305157745309	0.000975345958108	0	0.00477050399312	7.72551253947e-05	0	0	0.000753237472599	0.000202794704161	0.00459667996099	0	0	0	0.000125539578766	0	0.00134230780373	0.000753237472599	0.0154413681883	0.00786070900891	0.000328334282928	0.000280049829556	0.000299363610905	0.00532094676156	0.00562996726314	0	0	0	0	0.0018444661188	0	0	0	0	0.00131333713171	0.00411383542727	0	0.000724266800576	0	0	0	0	0	0	0	0.00233696754319	0	0	0	0.00235628132454	0	0	0	0.000695296128553	0	0	0	0	0	0	1.93137813487e-05	7.72551253947e-05	0.00369858912827	0.000144853360115	5.7941344046e-05	2.8970672023e-05	0	0	0	0	0	0	0	0
5.7941344046e-05	0	0	0	0.000482844533717	0.000627697893832	9.65689067434e-06	0.000347648064276	4.82844533717e-05	0.000888433942039	0.00305157745309	0.0391876623565	0.00655702876788	0.00538854499628	0.00468359197706	0	0	0.000260736048207	0.0028970672023	0.00786070900891	0.00769654186745	0.000463530752368	0	0.00126505267834	0.0033123135013	0.000318677392253	0.0161463212075	0.00544648634033	0.00262667426342	0.0168995586801	0.000376618736299	0.00338956862669	0.00467393508638	0.00445182660087	0.0279373847209	0	0	0	0	2.8970672023e-05	0	7.72551253947e-05	0	0	0.000627697893832	0.000878777051365	0.000251079157533	0.000560099659112	0.00143887671048	0	0	0.000106225797418	0	9.65689067434e-06	9.65689067434e-06	0.000386275626974	0	8.69120160691e-05	1.93137813487e-05	9.65689067434e-06	9.65689067434e-06	0.000840149488668	7.72551253947e-05	9.65689067434e-06	0	0	0.00111054242755	0	0	0	0.000869120160691	0.00320608770388	0.00756134539801	0.00022210848551	1.93137813487e-05	0	3.86275626974e-05	1.93137813487e-05	0.00112019931822	9.65689067434e-06	0	0	0	0
0.000888433942039	0	0	0	0.00132299402238	0	0.00149681805452	0	0.00164167141464	0.00124573889699	0.000975345958108	0.00655702876788	0.0250499744092	0	0.00798624858768	0.000260736048207	0	0	5.7941344046e-05	0	0.0121193977963	0	0	9.65689067434e-06	0.00532094676156	9.65689067434e-06	0.0047415333211	0.00128436645969	0.000193137813487	0.0110088553687	0	0.000675982347204	0.00057941344046	0.000183480922812	0.00755168850733	0	0	0	0	0.000840149488668	0	0.00286809653028	0	0.00197966258824	9.65689067434e-06	0.00227902619914	0.000434560080345	0.00613212557821	1.93137813487e-05	0.0021824572924	0	0	0	0.000193137813487	0	0.00196034880689	0	0	9.65689067434e-06	0.000193137813487	0	0.000154510250789	0	6.75982347204e-05	2.8970672023e-05	0	0	0	0	0	0.000135196469441	0	0.000173824032138	3.86275626974e-05	0.000492501424391	0	9.65689067434e-06	9.65689067434e-06	0	0.000608384112483	0	2.8970672023e-05	0	0
0	8.69120160691e-05	0	0	0	0.000193137813487	0	0	0	9.65689067434e-06	0	0.00538854499628	0	0.0190916728632	4.82844533717e-05	0	0	0	0	0	0	9.65689067434e-06	2.8970672023e-05	7.72551253947e-05	1.93137813487e-05	0.0051954071828	0.00332197039197	0.00623835137562	0	0.000598727221809	0	0.00106225797418	0.000675982347204	0	0.00117814066227	0	0	0	0	0	0	0	0	0	0	0	0.000869120160691	0	0.0069239906135	0	0	0	0	0.000154510250789	5.7941344046e-05	0	0	0	0	0	0.0018058385561	0.00404623719255	0.00187343679082	0	0	0	0.00375653047232	0	0	0	0.00110088553687	0.0036116771122	0.000173824032138	0.000144853360115	0	0	4.82844533717e-05	0	0.00199897636959	0	0	0	0	5.7941344046e-05
0.0241035991232	0	0.000685639237878	0	0.00137127847576	0	0.000724266800576	0.0142149430726	0.0161559780982	0	0.00477050399312	0.00468359197706	0.00798624858768	4.82844533717e-05	0.047801608838	0	0	3.86275626974e-05	1.93137813487e-05	0	0.00718472666171	0.00246250712196	0	0.00606452734349	0.00237559510589	2.8970672023e-05	0.00328334282928	0.000656668565855	0.00769654186745	0.0238138924029	0.0117331221693	0.000453873861694	0.00210520216701	0.000337991173602	0.00674050969069	0	0	0	0	0	0	0.000183480922812	0	9.65689067434e-06	9.65689067434e-06	9.65689067434e-06	0	0	0	0.000183480922812	0	0	0	0	0	0	0	0	0	0	0	0	5.7941344046e-05	0	0	0	0	0	0	0	0.00028970672023	6.75982347204e-05	0.000395932517648	2.8970672023e-05	0	0	2.8970672023e-05	1.93137813487e-05	0	9.65689067434e-06	0	0.000125539578766	0	0
0	0	0	0	0.000135196469441	0.00073392369125	0.000627697893832	9.65689067434e-06	0.000173824032138	0.00121676822497	7.72551253947e-05	0	0.000260736048207	0	0	0.00412349231794	0	0	0	0	6.75982347204e-05	0	0	0	0.0011684837716	0	0	0	0.000106225797418	3.86275626974e-05	2.8970672023e-05	0	0	3.86275626974e-05	1.93137813487e-05	0	0	0	0	0	0	0	0	0	0	9.65689067434e-06	0	0	0	0	0	0	0	0	0	0	0	0	0	0	0	0	0	0	0	0	0	0	0	0	0.000164167141464	0	1.93137813487e-05	9.65689067434e-06	0.00309020501579	0	0	0	0	0	0	0	0	0
0	0.000888433942039	0	0	0	0	0	0	0	0	0	0	0	0	0	0	0.0145819049183	0	0	0	0	0.002520448466	0.00719438355238	0.00472221953975	0.00322540148523	0	0.000482844533717	0.00538854499628	0.000656668565855	0	0	0	0	0	0	0	8.69120160691e-05	0	0	0	0	0	0	0	0	0	0	0	0	0	0	0.00290672409298	0	0	0	0	0	0.00347648064276	0.00133265091306	0	0	0	0.000115882688092	0	0	0	0	0	0	0	0.000173824032138	7.72551253947e-05	0	0	0	0	0	0	0	0	0	0	0	0
3.86275626974e-05	0.003350941064	0.0104101281469	0	0	0	0	0	0	0	0	0.000260736048207	0	0	3.86275626974e-05	0	0	0.0418433072919	0	0.00270392938882	0	0.00241422266859	0	0.0112502776356	0	0	0.00941546840748	0.00804418993173	5.7941344046e-05	2.8970672023e-05	0.00136162158508	0	0	0	0.00584241885798	0	0.00755168850733	0	0	0	0	0	0	0	0	0	0	0	0	0	0	3.86275626974e-05	0.00974380269041	0	0.00344750997074	0	0	0.000173824032138	0.000154510250789	0	0	9.65689067434e-05	0.00611281179686	0	0	0	0	0	0	2.8970672023e-05	0	0	0.00125539578766	0.000347648064276	6.75982347204e-05	0	0	9.65689067434e-05	1.93137813487e-05	0.00101397352081	0.000357304954951	0	0	0
0	0	0	0	5.7941344046e-05	0	0	5.7941344046e-05	0	0	0.000753237472599	0.0028970672023	5.7941344046e-05	0	1.93137813487e-05	0	0	0	0.0069626181762	0.000917404614062	0.000144853360115	0	0	0	2.8970672023e-05	0	0.00418143366199	0.00246250712196	0.000869120160691	0.0010526010835	0.000173824032138	0	0	0.00104294419283	0.00129402335036	0	0	0	0	0	0	0	0	0	0	0	0	0	0	0	0	0	0	0	0	0	0	0	0	0	0	0	0	0	0	0	0	0	0	0	0	0	0.00102363041148	0	0	0	0	0	0	0	0	0	0	0
0	8.69120160691e-05	0	0	6.75982347204e-05	0	0	0	9.65689067434e-06	0	0.000202794704161	0.00786070900891	0	0	0	0	0	0.00270392938882	0.000917404614062	0.0221915347696	0	0.00197966258824	0	0.00487672979054	0	0	0.0107288055392	0.00510849516673	0.000318677392253	0.000357304954951	8.69120160691e-05	0	0	0.000357304954951	0.0132685677865	0	0.00126505267834	0	0	0	0	0	0	0	0	0	0	0	0	0	0	0.000125539578766	0.00122642511564	0	0.00373721669097	0	0	0.000241422266859	0.000164167141464	2.8970672023e-05	0	0.00147750427317	0.000598727221809	0	0	0	0	0	0	3.86275626974e-05	5.7941344046e-05	0	0.00725232489643	0.000386275626974	0	0	0	0.000241422266859	0.00022210848551	0.000550442768437	8.69120160691e-05	0	0	0
0.00125539578766	0	0	0	0.00500226936931	0	5.7941344046e-05	0	0.00173824032138	0.00215348662038	0.00459667996099	0.00769654186745	0.0121193977963	0	0.00718472666171	6.75982347204e-05	0	0	0.000144853360115	0	0.0218728573774	0	0	0	0.0054947707937	0	0.00560099659112	0.00173824032138	0.00139059225711	0.0112309638543	0	0.000869120160691	0.000357304954951	0.00204726082296	0.00938649773546	0	0	0	0	0.00197966258824	0	0	0	0	0.000811178816645	0.00303226367174	0	0.0017672109934	0	0	0	0	0	0	0	0.0029743223277	0	0	0	0.00185412300947	0	0	0	0.00106225797418	0	0	0	0	0	0	5.7941344046e-05	0.000164167141464	0.00119745444362	0	0.000260736048207	0	0	0	0	0	0	0	0	0
0.00246250712196	9.65689067434e-06	0.000762894363273	0	0	0	2.8970672023e-05	0.00445182660087	0.00166098519599	0	0	0.000463530752368	0	9.65689067434e-06	0.00246250712196	0	0.002520448466	0.00241422266859	0	0.00197966258824	0	0.0603555667146	0.0011298562089	0.0465462130503	0.000183480922812	0	0.000685639237878	0.000540785877763	0.00536923121493	9.65689067434e-05	0.017140980947	3.86275626974e-05	0	0.000144853360115	0.0107867468832	0	9.65689067434e-06	0	0	0	0	0	0	0	0.000782208144622	0	0	0	0	0	9.65689067434e-06	4.82844533717e-05	0.000415246298997	0	4.82844533717e-05	0	9.65689067434e-06	0.00111054242755	2.8970672023e-05	4.82844533717e-05	0	0	8.69120160691e-05	0.000685639237878	0	0	0	0	0	0	0.00100431663013	5.7941344046e-05	0.0123415062818	0.00599692910877	0.000482844533717	0.000183480922812	0	0.000656668565855	0.000589070331135	3.86275626974e-05	2.8970672023e-05	0	9.65689067434e-06	0
0	0.00469324886773	0	0	0	0	0	0	0	0.00354407887748	0	0	0	2.8970672023e-05	0	0	0.00719438355238	0	0	0	0	0.0011298562089	0.0362809382635	0.00844977934005	0.0129209197223	0.000376618736299	0.00152578872655	0.0140604328218	0.00614178246888	0	0	0	0	0	0.000376618736299	0	0	0	0	0	0	0	0	0	0.00619972381293	0	9.65689067434e-06	0	0	0	0	0.00849806379342	0	0	0	0	9.65689067434e-06	0.0156538197831	0.0033123135013	0.00291638098365	0	9.65689067434e-06	0.00244319334061	0.00318677392253	0	0	0	0	0	2.8970672023e-05	0.00107191486485	9.65689067434e-06	0.000405589408322	0.000395932517648	2.8970672023e-05	3.86275626974e-05	0	0.00137127847576	0.00134230780373	8.69120160691e-05	1.93137813487e-05	0	0	0
0.00615143935956	1.93137813487e-05	0.0142728844167	0	0	0	2.8970672023e-05	0.00568790860719	0.00181549544678	0	0	0.00126505267834	9.65689067434e-06	7.72551253947e-05	0.00606452734349	0	0.00472221953975	0.0112502776356	0	0.00487672979054	0	0.0465462130503	0.00844977934005	0.109682964279	7.72551253947e-05	0	0.00265564493544	0.0217859453613	0.00197966258824	0.00073392369125	0.0213224146089	0.000115882688092	0	4.82844533717e-05	0.0158566144873	0	7.72551253947e-05	0	0	0	0	0	0	0	0.000318677392253	0	0	0	0	0	9.65689067434e-06	0.00674050969069	0.000820835707319	0	0.00057941344046	0	2.8970672023e-05	0.0120614564523	0.00638320473574	8.69120160691e-05	0	4.82844533717e-05	0.0032350583759	0.000328334282928	0	0	0	0	0	2.8970672023e-05	0.00640251851709	0.000328334282928	0.0210713354514	0.0130657730824	0.00207623149498	0.000415246298997	0	0.00095603217676	0.000685639237878	0.000376618736299	0.000135196469441	4.82844533717e-05	9.65689067434e-06	0
0	0.0044421697102	0	0	0.00655702876788	9.65689067434e-05	0	9.65689067434e-06	2.8970672023e-05	0.0119648875455	0.000125539578766	0.0033123135013	0.00532094676156	1.93137813487e-05	0.00237559510589	0.0011684837716	0.00322540148523	0	2.8970672023e-05	0	0.0054947707937	0.000183480922812	0.0129209197223	7.72551253947e-05	0.0446920900408	0.000299363610905	0.00424903189671	0.00679845103474	0.013432734928	0.00578447751393	0.00197000569757	0.000502158315066	9.65689067434e-05	0.00399795273918	0.00827595530791	0	3.86275626974e-05	0	0	0.00416211988064	0	0	0	0	0.0136741571949	0.000492501424391	0	0.00143887671048	0	0	0.000386275626974	0	0	0	0	0.00179618166543	0	0.000859463270016	0	0.0125346440953	3.86275626974e-05	3.86275626974e-05	3.86275626974e-05	0.00526300541752	9.65689067434e-06	0	0	0	0	0	0.0010912286462	0	0.00308054812511	0.00186377990015	0.00215348662038	0.000135196469441	0	0.000144853360115	9.65689067434e-05	0	0	0	0	0
0	0.000550442768437	0	0	0	0	0	0	0	0.000125539578766	0	0.000318677392253	9.65689067434e-06	0.0051954071828	2.8970672023e-05	0	0	0	0	0	0	0	0.000376618736299	0	0.000299363610905	0.00781242455554	0.000135196469441	0.00480913155582	0	2.8970672023e-05	0	0	1.93137813487e-05	0	8.69120160691e-05	0	9.65689067434e-05	0	0	0	0	0	0	0	9.65689067434e-06	0	0.000782208144622	0	0.00354407887748	0	0	0	0	0	0	0	0	9.65689067434e-06	0	9.65689067434e-06	0.00183480922812	0.000724266800576	0.00181549544678	0	0	0	0.000985002848783	0	0	0	0	0.000231765376184	0	0	0	0	8.69120160691e-05	0	0.000907747723388	0	0	0	0	0.000212451594835
9.65689067434e-06	0.00590036020202	0.0083532104333	0	0.000241422266859	2.8970672023e-05	9.65689067434e-06	0.000144853360115	1.93137813487e-05	0.000917404614062	0.00134230780373	0.0161463212075	0.0047415333211	0.00332197039197	0.00328334282928	0	0.000482844533717	0.00941546840748	0.00418143366199	0.0107288055392	0.00560099659112	0.000685639237878	0.00152578872655	0.00265564493544	0.00424903189671	0.000135196469441	0.0785394918544	0.0367154983438	0.000917404614062	0.0100721369733	7.72551253947e-05	0.00705918708294	0.00223074174577	0.00205691771363	0.0153930837349	0	0.0102749316775	0	0	2.8970672023e-05	0	4.82844533717e-05	0	0	0.00051181520574	0.000743580581924	0	0.000473187643043	0.00127470956901	0	0	0.000144853360115	0.0018444661188	0.000115882688092	0.00841115177735	0.000318677392253	0	0.000183480922812	0.000125539578766	9.65689067434e-06	0.000791865035296	0.00420074744334	0.00606452734349	9.65689067434e-06	0	0	0.00110088553687	0	0	0	0.00389172694176	0.00340888240804	0.00701090262957	0.00202794704161	2.8970672023e-05	0	0	0.000144853360115	0.000453873861694	0.000492501424391	5.7941344046e-05	0	0	0
0.000231765376184	0.0162139194422	0.0258514963352	0	0.000193137813487	0	0	1.93137813487e-05	2.8970672023e-05	0.000791865035296	0.000753237472599	0.00544648634033	0.00128436645969	0.00623835137562	0.000656668565855	0	0.00538854499628	0.00804418993173	0.00246250712196	0.00510849516673	0.00173824032138	0.000540785877763	0.0140604328218	0.0217859453613	0.00679845103474	0.00480913155582	0.0367154983438	0.129479590162	0.000830492597993	0.00350545131479	0.000299363610905	0.000521472096414	5.7941344046e-05	0.00134230780373	0.00721369733373	0	0.0125636147673	0	0	0	0	4.82844533717e-05	0	0	0.000231765376184	0.000231765376184	0.000521472096414	0.000193137813487	0.00550442768437	0	0	0.00680810792541	0.000405589408322	0.00066632545653	0.00215348662038	0.000125539578766	9.65689067434e-06	0.0179425028729	0.00404623719255	3.86275626974e-05	0.00788002279026	0.00594864465539	0.0294535165567	1.93137813487e-05	0	0	0.00100431663013	0	0	8.69120160691e-05	0.00140024914778	0.00182515233745	0.00671153901867	0.00196034880689	0.000395932517648	0	0	0.000357304954951	0.00073392369125	0.000309020501579	1.93137813487e-05	1.93137813487e-05	0	0.000173824032138
0.00619006692225	0.000270392938882	0	0	0.0101976765521	0.00044421697102	0.00287775342095	0.0243546782807	0.00923198748467	0.00312883257849	0.0154413681883	0.00262667426342	0.000193137813487	0	0.00769654186745	0.000106225797418	0.000656668565855	5.7941344046e-05	0.000869120160691	0.000318677392253	0.00139059225711	0.00536923121493	0.00614178246888	0.00197966258824	0.013432734928	0	0.000917404614062	0.000830492597993	0.0875686846349	0.0199028516798	0.016812646664	0.000135196469441	0.000453873861694	0.0164649985998	0.0190820159725	0	0	0	0	0.00532094676156	0	0	9.65689067434e-06	0	0.0133844504746	0.00405589408322	9.65689067434e-06	0.0014292198198	9.65689067434e-06	9.65689067434e-06	2.8970672023e-05	1.93137813487e-05	0	0	0	0.0040655509739	9.65689067434e-06	0.00118779755294	2.8970672023e-05	0.0111343949475	0	0	0	0.00591967398337	4.82844533717e-05	0	0	0	0	9.65689067434e-06	0.00140024914778	7.72551253947e-05	0.0141956292913	0.00594864465539	0.000347648064276	0.000675982347204	0	0.000463530752368	0.000299363610905	3.86275626974e-05	3.86275626974e-05	0	0	0
0.0091837030313	0	0.000405589408322	0	0.00216314351105	0.000309020501579	0.00145819049183	0.00209554527633	0.00702055952025	0.000878777051365	0.00786070900891	0.0168995586801	0.0110088553687	0.000598727221809	0.0238138924029	3.86275626974e-05	0	2.8970672023e-05	0.0010526010835	0.000357304954951	0.0112309638543	9.65689067434e-05	0	0.00073392369125	0.00578447751393	2.8970672023e-05	0.0100721369733	0.00350545131479	0.0199028516798	0.0630305254314	0.021853543596	0.00210520216701	0.00676948036271	0.0182515233745	0.0290865547111	0	0	0	0	3.86275626974e-05	0	0.00113951309957	0	1.93137813487e-05	0.00100431663013	0.000859463270016	0	0.000434560080345	0	0.000878777051365	1.93137813487e-05	0	0	1.93137813487e-05	0	0.000328334282928	0	0	0	0.000164167141464	0	1.93137813487e-05	5.7941344046e-05	5.7941344046e-05	0	0	0	0	0	9.65689067434e-06	0.000859463270016	0.000164167141464	0.00645080297046	0.000965689067434	9.65689067434e-06	0.000366961845625	3.86275626974e-05	0.000656668565855	0	2.8970672023e-05	9.65689067434e-06	0.000743580581924	0	0
0.0152772010468	0	0.000463530752368	0	0	0.000115882688092	0.000627697893832	0.012988517957	0.0028584396396	0.000714609909901	0.000328334282928	0.000376618736299	0	0	0.0117331221693	2.8970672023e-05	0	0.00136162158508	0.000173824032138	8.69120160691e-05	0	0.017140980947	0	0.0213224146089	0.00197000569757	0	7.72551253947e-05	0.000299363610905	0.016812646664	0.021853543596	0.0656185721321	9.65689067434e-06	0.000106225797418	0.0108350313366	0.0123704769538	0	0	0	0	0	0	0	0	0	0.00073392369125	0	0	0	0	0	0	0	0	0	0	0	0	0	0	0.000540785877763	0	9.65689067434e-06	5.7941344046e-05	0.000453873861694	9.65689067434e-06	0	0	0	9.65689067434e-06	9.65689067434e-06	0.000280049829556	0	0.00605487045281	0.00152578872655	0	0.000173824032138	0	6.75982347204e-05	9.65689067434e-06	6.75982347204e-05	4.82844533717e-05	0	2.8970672023e-05	0
0	0	0	0	2.8970672023e-05	0	9.65689067434e-06	4.82844533717e-05	9.65689067434e-06	0.000463530752368	0.000280049829556	0.00338956862669	0.000675982347204	0.00106225797418	0.000453873861694	0	0	0	0	0	0.000869120160691	3.86275626974e-05	0	0.000115882688092	0.000502158315066	0	0.00705918708294	0.000521472096414	0.000135196469441	0.00210520216701	9.65689067434e-06	0.00728129556845	0.000724266800576	0.000395932517648	0.00242387955926	0	0	0	0	9.65689067434e-06	0	1.93137813487e-05	0	0	0.000299363610905	0.00044421697102	9.65689067434e-06	0.000241422266859	0.000309020501579	0	0	0	0	2.8970672023e-05	0	0.000144853360115	0	0	0	0	0	0.000415246298997	0	0	0	0	0.000299363610905	0	0	0	0.00276187073286	0.00225005552712	0.00149681805452	0.00119745444362	0	0	0	2.8970672023e-05	0.000280049829556	3.86275626974e-05	0	0	0	0
0.000202794704161	0	0	0	6.75982347204e-05	0.00318677392253	8.69120160691e-05	1.93137813487e-05	0.000589070331135	0	0.000299363610905	0.00467393508638	0.00057941344046	0.000675982347204	0.00210520216701	0	0	0	0	0	0.000357304954951	0	0	0	9.65689067434e-05	1.93137813487e-05	0.00223074174577	5.7941344046e-05	0.000453873861694	0.00676948036271	0.000106225797418	0.000724266800576	0.0107674331019	0.000521472096414	0.00738752136587	0	0	0	0	0	0	0	0	0	2.8970672023e-05	2.8970672023e-05	0	0	0	0	0	0	0	0	0	0	0	0	0	9.65689067434e-06	0	0	0	0	0	0	0	0	0	0	0.0011298562089	0.000106225797418	0.00210520216701	0.000125539578766	6.75982347204e-05	0.00145819049183	0.000270392938882	2.8970672023e-05	9.65689067434e-06	0	0	0	9.65689067434e-06	0
0	0	0	0	0.00140990603845	0.000453873861694	0.000647011675181	0.0011684837716	0.00274255695151	0.0014678473825	0.00532094676156	0.00445182660087	0.000183480922812	0	0.000337991173602	3.86275626974e-05	0	0	0.00104294419283	0.000357304954951	0.00204726082296	0.000144853360115	0	4.82844533717e-05	0.00399795273918	0	0.00205691771363	0.00134230780373	0.0164649985998	0.0182515233745	0.0108350313366	0.000395932517648	0.000521472096414	0.0289803289137	0.0223267312391	0	0	0	0	0.000144853360115	0	0.000811178816645	0	0.00022210848551	0.00167064208666	0.00213417283903	0	0.000337991173602	0	0.000647011675181	0.000144853360115	0	0	0	0	0.000762894363273	0	0	0	0.000965689067434	0	0	0	0.000395932517648	2.8970672023e-05	0	0	0	0	4.82844533717e-05	0.00101397352081	9.65689067434e-05	0.013790039883	0.00389172694176	9.65689067434e-06	0.00066632545653	0	0.000975345958108	1.93137813487e-05	0.000164167141464	0.000135196469441	0.000714609909901	9.65689067434e-05	0
0.000106225797418	1.93137813487e-05	6.75982347204e-05	0	0.00101397352081	0.00227902619914	0.000405589408322	0.00080152192597	0.00106225797418	0.00345716686141	0.00562996726314	0.0279373847209	0.00755168850733	0.00117814066227	0.00674050969069	1.93137813487e-05	0	0.00584241885798	0.00129402335036	0.0132685677865	0.00938649773546	0.0107867468832	0.000376618736299	0.0158566144873	0.00827595530791	8.69120160691e-05	0.0153930837349	0.00721369733373	0.0190820159725	0.0290865547111	0.0123704769538	0.00242387955926	0.00738752136587	0.0223267312391	0.0928992882872	0	2.8970672023e-05	0	0	0.000164167141464	0	0.00166098519599	0	0.000415246298997	0.00426834567806	0.00348613753344	9.65689067434e-06	0.00106225797418	0	0.00121676822497	0.000241422266859	0.000270392938882	0.00270392938882	1.93137813487e-05	0.000521472096414	0.00139059225711	0	0.000560099659112	0.000337991173602	0.00166098519599	0	9.65689067434e-05	0.00165132830531	0.00103328730215	3.86275626974e-05	0	0	0	9.65689067434e-06	0.000135196469441	0.00836286732398	0.000859463270016	0.0417177677132	0.00796693480633	9.65689067434e-05	0.00125539578766	0.000357304954951	0.00477050399312	0.000482844533717	0.00108157175553	0.000366961845625	0.00140024914778	0.000115882688092	0
0	0	0	0	0	0	0	0	0	0	0	0	0	0	0	0	0	0	0	0	0	0	0	0	0	0	0	0	0	0	0	0	0	0	0	0.0184253474066	0	0	0	0	0	2.8970672023e-05	0.0069626181762	0.00605487045281	0	2.8970672023e-05	0	0	0	0.0133844504746	0	0	0	0	0	0	0.000115882688092	0	0.00152578872655	0.00210520216701	0	0	0	0.00189275057217	0.00450011105424	0.00645080297046	0	0	9.65689067434e-06	0	0	0	0	0	0	0	0	0	0	0	0	0	0	0
0	0.0128243508155	0.00161270074261	0	0	0	0	0	0	0	0	0	0	0	0	0	8.69120160691e-05	0.00755168850733	0	0.00126505267834	0	9.65689067434e-06	0	7.72551253947e-05	3.86275626974e-05	9.65689067434e-05	0.0102749316775	0.0125636147673	0	0	0	0	0	0	2.8970672023e-05	0	0.0380288354756	0	0	0	0	0	0	0	0.0033123135013	0	0	0	0.0018444661188	0	0	0.00028970672023	0.00367927534692	0	0.00566859482584	0	0	0.00694330439485	0	0.00548511390303	0.00826629841724	0.00503124004133	0.02434502139	0.000173824032138	0	0	0	0	0	0	0	0	2.8970672023e-05	0	0	0	0	0	0	0	0	0	0	0
0	0	0	0	0	0	0	0	0	0	0	0	0	0	0	0	0	0	0	0	0	0	0	0	0	0	0	0	0	0	0	0	0	0	0	0	0	0.0227612913194	0	0	0	0	0	0	0	0	0	0	0	0	0	0	0.0040269234112	0	0.000144853360115	0	0.000231765376184	0	0.00565893793516	0	0	0.00204726082296	0.0134230780373	0	0	0	0	0	0	0	0	0	0	0	0	0	0	0	0	0	0	0	0	0
0	0	0	0	0	0	0	0	0	0	0	0	0	0	0	0	0	0	0	0	0	0	0	0	0	0	0	0	0	0	0	0	0	0	0	0	0	0	0	0	0	0	0	0	0	0	0	0	0	0	0	0	0	0	0	0	0	0	0	0	0	0	0	0	0	0	0	0	0	0	0	0	0	0	0	0	0	0	0	0	0	0	0	0
0	0	0	0	0.00682742170676	0	0	0	9.65689067434e-06	0.00211485905768	0.0018444661188	2.8970672023e-05	0.000840149488668	0	0	0	0	0	0	0	0.00197966258824	0	0	0	0.00416211988064	0	2.8970672023e-05	0	0.00532094676156	3.86275626974e-05	0	9.65689067434e-06	0	0.000144853360115	0.000164167141464	0	0	0	0	0.0168416173361	6.75982347204e-05	0.000386275626974	0.000415246298997	7.72551253947e-05	0.00671153901867	0.00450011105424	9.65689067434e-06	0.00394001139513	9.65689067434e-06	0.000135196469441	0.000135196469441	0	0	1.93137813487e-05	0	0.00997556806659	0	0	0	0.00976311647176	0	0	0	0.00578447751393	0.000164167141464	0	0	0	0	6.75982347204e-05	0	0	0.000125539578766	0	0	0	0	0.000936718395411	0	0.000598727221809	2.8970672023e-05	0	0.000859463270016	0
0	0	0	0	0	0	0	0	0	0	0	0	0	0	0	0	0	0	0	0	0	0	0	0	0	0	0	0	0	0	0	0	0	0	0	0	0	0	0	6.75982347204e-05	0.00199897636959	0.000946375286085	0	0.000337991173602	9.65689067434e-06	0.000125539578766	0	0.000125539578766	0	0	0.000859463270016	0	0	0	0	0.000106225797418	0	0	0	0	0	0	0	0	0	0	0	9.65689067434e-06	0	0	0	0	0	0	0	0	0	0.000144853360115	0	0	0	0.000704953019227	0.000202794704161	0
0	0	0	0	9.65689067434e-06	0	0	0	0.000202794704161	0.000106225797418	0	7.72551253947e-05	0.00286809653028	0	0.000183480922812	0	0	0	0	0	0	0	0	0	0	0	4.82844533717e-05	4.82844533717e-05	0	0.00113951309957	0	1.93137813487e-05	0	0.000811178816645	0.00166098519599	2.8970672023e-05	0	0	0	0.000386275626974	0.000946375286085	0.0305544020936	0.0025590760287	0.0148233271851	0.000482844533717	0.00930924261006	0.00192172124419	0.00858497580949	2.8970672023e-05	0.0061707531409	0.00121676822497	0	0	0.000154510250789	0	0.00217280040173	1.93137813487e-05	0	9.65689067434e-06	2.8970672023e-05	0	0.00113951309957	0	0.000144853360115	8.69120160691e-05	0	0	0	0	0.000193137813487	0.000521472096414	0	0.000106225797418	0	0	0	0	0.00408486475525	0	0.00227902619914	0.000183480922812	0.0062480082663	0.000994659739457	0
0	0	0	0	0	0	0	0	0	9.65689067434e-06	0	0	0	0	0	0	0	0	0	0	0	0	0	0	0	0	0	0	9.65689067434e-06	0	0	0	0	0	0	0.0069626181762	0	0	0	0.000415246298997	0	0.0025590760287	0.0669995074986	0.0122642511564	9.65689067434e-06	0.018859907487	0.000144853360115	0	9.65689067434e-06	0.0112792483076	0	0	0	5.7941344046e-05	5.7941344046e-05	0	0.00471256264908	0	0.000337991173602	0.0136548434135	0	0	0	0.0318291116626	0.00206657460431	0.00747443338194	9.65689067434e-06	0	0	5.7941344046e-05	0	0	0	0	0	0	0	1.93137813487e-05	9.65689067434e-06	0.000376618736299	4.82844533717e-05	0	9.65689067434e-06	0
0	0	0	0	9.65689067434e-06	0	0	0	4.82844533717e-05	0	0	0	0.00197966258824	0	9.65689067434e-06	0	0	0	0	0	0	0	0	0	0	0	0	0	0	1.93137813487e-05	0	0	0	0.00022210848551	0.000415246298997	0.00605487045281	0	0	0	7.72551253947e-05	0.000337991173602	0.0148233271851	0.0122642511564	0.0446244918061	0	0.00890365320174	0	0.00358270644018	0	0.0175079427926	8.69120160691e-05	0	0	0	0	0.00106225797418	0.00301294989039	0	0.00572653616988	9.65689067434e-05	0	0	0	0.0010912286462	0.000482844533717	0.00483810222784	0	0.000502158315066	0	0.00120711133429	0.000463530752368	0	9.65689067434e-06	9.65689067434e-06	0	0	0	0.00443251281952	0	0.000608384112483	0.000627697893832	0.00516643651077	0.00244319334061	0
0	9.65689067434e-06	0	0	0.00633492028237	2.8970672023e-05	0	1.93137813487e-05	3.86275626974e-05	0.0108929726807	0.00131333713171	0.000627697893832	9.65689067434e-06	0	9.65689067434e-06	0	0	0	0	0	0.000811178816645	0.000782208144622	0.00619972381293	0.000318677392253	0.0136741571949	9.65689067434e-06	0.00051181520574	0.000231765376184	0.0133844504746	0.00100431663013	0.00073392369125	0.000299363610905	2.8970672023e-05	0.00167064208666	0.00426834567806	0	0.0033123135013	0	0	0.00671153901867	9.65689067434e-06	0.000482844533717	9.65689067434e-06	0	0.0442671868512	0.00348613753344	1.93137813487e-05	0.00550442768437	0.000521472096414	9.65689067434e-05	0.00282946896758	0	0	1.93137813487e-05	0	0.00490570046257	0	0.00916438924995	0	0.0330169092156	0.00227902619914	0.000376618736299	0.00124573889699	0.0102652747868	9.65689067434e-05	0	0	0	9.65689067434e-06	6.75982347204e-05	0.00253976224735	7.72551253947e-05	0.00228868308982	0.00121676822497	2.8970672023e-05	9.65689067434e-05	0	0.00195069191622	0.000791865035296	0.000299363610905	0.000231765376184	0.000183480922812	9.65689067434e-05	0
0	0	0	0	0.00417177677132	1.93137813487e-05	0	3.86275626974e-05	1.93137813487e-05	0.00271358627949	0.00411383542727	0.000878777051365	0.00227902619914	0	9.65689067434e-06	9.65689067434e-06	0	0	0	0	0.00303226367174	0	0	0	0.000492501424391	0	0.000743580581924	0.000231765376184	0.00405589408322	0.000859463270016	0	0.00044421697102	2.8970672023e-05	0.00213417283903	0.00348613753344	2.8970672023e-05	0	0	0	0.00450011105424	0.000125539578766	0.00930924261006	0.018859907487	0.00890365320174	0.00348613753344	0.0581248249689	0.0028970672023	0.00836286732398	0.00028970672023	0.00842080866803	1.93137813487e-05	0	0	0.00157407317992	0.000106225797418	0.00649908742383	0	0	0	0.00774482632082	0	0.00051181520574	0	0.00703021641092	0.00381447181636	0	7.72551253947e-05	0	0	0.000328334282928	0.000318677392253	0.000241422266859	0.00202794704161	9.65689067434e-06	9.65689067434e-06	1.93137813487e-05	0	0.00173824032138	9.65689067434e-06	0.00494432802526	8.69120160691e-05	0	0.000309020501579	0
0	0	0	0	0	0	0	0	0	9.65689067434e-06	0	0.000251079157533	0.000434560080345	0.000869120160691	0	0	0	0	0	0	0	0	9.65689067434e-06	0	0	0.000782208144622	0	0.000521472096414	9.65689067434e-06	0	0	9.65689067434e-06	0	0	9.65689067434e-06	0	0	0	0	9.65689067434e-06	0	0.00192172124419	0.000144853360115	0	1.93137813487e-05	0.0028970672023	0.0227419775381	0.00282946896758	0.00611281179686	0.0036889322376	0	0	0	0.00326402904793	0.00110088553687	0.000318677392253	0	0	0	0.000154510250789	8.69120160691e-05	0.00239490888724	0.000328334282928	0.000135196469441	0.000405589408322	0	0.000299363610905	0.000154510250789	0	0.00746477649127	9.65689067434e-06	0.000521472096414	0	0	0	0	0	0.000695296128553	0.00230799687117	0.0101493920987	0.000173824032138	0.000212451594835	0	0.0014678473825
0	0	0	0	0.00247216401263	0	0	0	9.65689067434e-06	0.00295500854635	0.000724266800576	0.000560099659112	0.00613212557821	0	0	0	0	0	0	0	0.0017672109934	0	0	0	0.00143887671048	0	0.000473187643043	0.000193137813487	0.0014292198198	0.000434560080345	0	0.000241422266859	0	0.000337991173602	0.00106225797418	0	0	0	0	0.00394001139513	0.000125539578766	0.00858497580949	0	0.00358270644018	0.00550442768437	0.00836286732398	0.00282946896758	0.0244609040781	0.000135196469441	0.0036116771122	0.00169961275868	0	0	0.00100431663013	0	0.00906782034321	0	0	0	0.00506021071335	0	0.00154510250789	0	0.000840149488668	9.65689067434e-05	0	1.93137813487e-05	0	0	9.65689067434e-06	3.86275626974e-05	8.69120160691e-05	0.000318677392253	0	0	0	0	0.000135196469441	0	0.0037275598003	0	0.000280049829556	0	0
0	3.86275626974e-05	0	0	0	0	0	0	0	9.65689067434e-06	0	0.00143887671048	1.93137813487e-05	0.0069239906135	0	0	0	0	0	0	0	0	0	0	0	0.00354407887748	0.00127470956901	0.00550442768437	9.65689067434e-06	0	0	0.000309020501579	0	0	0	0	0.0018444661188	0	0	9.65689067434e-06	0	2.8970672023e-05	9.65689067434e-06	0	0.000521472096414	0.00028970672023	0.00611281179686	0.000135196469441	0.0222881036764	0.0011684837716	0	0	0	0	0	2.8970672023e-05	0	0.00051181520574	0	0.000560099659112	0.00671153901867	0.00586173263932	0.00653771498653	1.93137813487e-05	7.72551253947e-05	0	0.00575550684191	0	0	0.00141956292913	0	0.00100431663013	0	0	0	0	0	0.000994659739457	0.00485741600919	0.00244319334061	0.000154510250789	0	0	0.00157407317992
0	0	0	0	9.65689067434e-06	0	0	0	0.000173824032138	9.65689067434e-06	0	0	0.0021824572924	0	0.000183480922812	0	0	0	0	0	0	0	0	0	0	0	0	0	9.65689067434e-06	0.000878777051365	0	0	0	0.000647011675181	0.00121676822497	0.0133844504746	0	0	0	0.000135196469441	0	0.0061707531409	0.0112792483076	0.0175079427926	9.65689067434e-05	0.00842080866803	0.0036889322376	0.0036116771122	0.0011684837716	0.0404816857068	0.000328334282928	0	0	0	0	0.000753237472599	0.000183480922812	0	0.00306123434377	0.00118779755294	0	0	0	0.00140024914778	0.00567825171651	0.00593898776472	0	0.00022210848551	0	0.00494432802526	0.000492501424391	0	3.86275626974e-05	1.93137813487e-05	0	0	0	0.00115882688092	2.8970672023e-05	0.00339922551737	0.000502158315066	0.00273290006084	0.00080152192597	7.72551253947e-05
0	0	0	0	4.82844533717e-05	0	0	0	7.72551253947e-05	0.000106225797418	0	0	0	0	0	0	0	0	0	0	0	9.65689067434e-06	0	9.65689067434e-06	0.000386275626974	0	0	0	2.8970672023e-05	1.93137813487e-05	0	0	0	0.000144853360115	0.000241422266859	0	0	0	0	0.000135196469441	0.000859463270016	0.00121676822497	0	8.69120160691e-05	0.00282946896758	1.93137813487e-05	0	0.00169961275868	0	0.000328334282928	0.00544648634033	0	0	0	0	0.000135196469441	0	0	0	0.00197000569757	0	0	0	5.7941344046e-05	0	0	0	0	0	0	3.86275626974e-05	0	1.93137813487e-05	1.93137813487e-05	9.65689067434e-06	0	0	0	0	0	0	0.000878777051365	3.86275626974e-05	0
0	0	6.75982347204e-05	0	0	0	0	0	0	0	0	0.000106225797418	0	0	0	0	0.00290672409298	3.86275626974e-05	0	0.000125539578766	0	4.82844533717e-05	0.00849806379342	0.00674050969069	0	0	0.000144853360115	0.00680810792541	1.93137813487e-05	0	0	0	0	0	0.000270392938882	0	0.00028970672023	0	0	0	0	0	0	0	0	0	0	0	0	0	0	0.0249244348305	9.65689067434e-06	3.86275626974e-05	4.82844533717e-05	0	0.00130368024104	0.014620532481	0.00442285592885	0.00550442768437	0	0	0.00342819618939	0.000907747723388	0	0	0	0	0	0.000357304954951	1.93137813487e-05	0	0.000820835707319	0.000502158315066	0.000366961845625	0	0	0.00338956862669	5.7941344046e-05	0.00149681805452	0.000695296128553	2.8970672023e-05	0	0
0	0.00112019931822	0.00022210848551	0	0	0	0	0	0	0	0	0	0	0	0	0	0	0.00974380269041	0	0.00122642511564	0	0.000415246298997	0	0.000820835707319	0	0	0.0018444661188	0.000405589408322	0	0	0	0	0	0	0.00270392938882	0	0.00367927534692	0.0040269234112	0	0	0	0	0	0	0	0	0	0	0	0	0	9.65689067434e-06	0.0358367212925	0	0.00567825171651	0	0.000647011675181	7.72551253947e-05	0.00900987899916	0	0	0.0010526010835	0.011269591417	0.000280049829556	0	0	0	0	0	0.0010526010835	0	0	0.00110088553687	6.75982347204e-05	9.65689067434e-06	0	0	0	0	0.00461599374233	1.93137813487e-05	0	0	0
0	0	0	0	0	0	0	0	0	1.93137813487e-05	0	9.65689067434e-06	0.000193137813487	0.000154510250789	0	0	0	0	0	0	0	0	0	0	0	0	0.000115882688092	0.00066632545653	0	1.93137813487e-05	0	2.8970672023e-05	0	0	1.93137813487e-05	0	0	0	0	1.93137813487e-05	0	0.000154510250789	5.7941344046e-05	0	1.93137813487e-05	0.00157407317992	0.00326402904793	0.00100431663013	0	0	0	3.86275626974e-05	0	0.0106708641951	0.0051954071828	0	0	0	0.000154510250789	0.000193137813487	9.65689067434e-06	0.00132299402238	9.65689067434e-05	0.000202794704161	0	0	0	0	0	0.000656668565855	0	9.65689067434e-06	9.65689067434e-06	9.65689067434e-06	0	0	0	0.000627697893832	0.00110088553687	0.00636389095439	0.000154510250789	0	0	0
0	0.00228868308982	0	0	0	0	0	0	0	0	0	9.65689067434e-06	0	5.7941344046e-05	0	0	0	0.00344750997074	0	0.00373721669097	0	4.82844533717e-05	0	0.00057941344046	0	0	0.00841115177735	0.00215348662038	0	0	0	0	0	0	0.000521472096414	0	0.00566859482584	0.000144853360115	0	0	0	0	5.7941344046e-05	0	0	0.000106225797418	0.00110088553687	0	0	0	0	4.82844533717e-05	0.00567825171651	0.0051954071828	0.0391876623565	0	0	3.86275626974e-05	5.7941344046e-05	7.72551253947e-05	0.000270392938882	0.0119552306548	0.00536923121493	4.82844533717e-05	0	0	0	0	0	0.00211485905768	9.65689067434e-05	0	0.000704953019227	0.000376618736299	9.65689067434e-06	0	0	0.00314814635984	0.00399795273918	0.00887468252972	4.82844533717e-05	0	0	0
