0.0216776668257	3.60168919223e-05	0.00715385515807	0	5.85274493738e-05	2.70126689417e-05	0.00154872635266	0.00844145904429	0.00839643792939	0.000198092905573	0.00313797170873	0.00047272170648	0.00160275169054	6.3029560864e-05	0.0104764134379	0.000139565456199	9.00422298058e-06	0.00336757939474	2.25105574514e-05	0.00078336739931	0.001157042653	0.000720337838446	1.35063344709e-05	0.00883764485544	0.000279130912398	4.50211149029e-06	0.00442107348346	0.000504236486912	0.00258421199543	0.0088106321865	0.00562313725137	0	0.000130561233218	0.000324152027301	0.00200343961318	3.60168919223e-05	0.000117054898748	1.80084459612e-05	0	0	0	1.35063344709e-05	7.20337838446e-05	3.1514780432e-05	0.000333156250281	6.75316723543e-05	9.00422298058e-06	0.000193590794082	0	4.50211149029e-05	0	9.00422298058e-06	9.00422298058e-06	5.85274493738e-05	9.45443412961e-05	0	8.10380068252e-05	3.1514780432e-05	4.50211149029e-06	0.000427700591577	0	0.000513240709893	0.000256620354946	0.000274628800908	9.00422298058e-06	9.00422298058e-06	0	0	0	0	0.000112552787257	9.90464527864e-05	0.00127859966324	8.55401183155e-05	0.000126059121728	2.25105574514e-05	0	2.70126689417e-05	9.00422298058e-06	1.80084459612e-05	2.25105574514e-05	0	1.35063344709e-05	0
3.60168919223e-05	0.0217857175015	0.00219703040726	0	9.00422298058e-06	0	0.000247616131966	1.80084459612e-05	0.000427700591577	0.00253468876903	0.000117054898748	0.000256620354946	0.000283633023888	0.000882413852097	0.000364671030713	0	1.35063344709e-05	0.000760856841859	4.05190034126e-05	0.000522244932874	3.1514780432e-05	9.00422298058e-06	0.00395735599996	0.00031514780432	0.00180534670761	0.00138214822752	0.00289035557677	0.0145553264481	5.40253378835e-05	0.00030614358134	0	0.000126059121728	0	0	0.000499734375422	0.000117054898748	0.0113903420704	0.000265624577927	0	0	0	0	6.75316723543e-05	0	4.50211149029e-05	6.75316723543e-05	6.75316723543e-05	0.000139565456199	4.05190034126e-05	0.000198092905573	4.50211149029e-06	8.10380068252e-05	0.000648304054602	1.80084459612e-05	0.000108050675767	9.00422298058e-06	2.25105574514e-05	0.000954447635941	0.00015307179067	4.95232263932e-05	0.000225105574514	0.00177383192717	0.00901322720356	0	0.000198092905573	2.70126689417e-05	0	0	0	0.000355666807733	0.00061678927417	0.000301641469849	0.000657308277582	0.00015307179067	0	0	4.50211149029e-06	0.00062129138566	0.000436704814558	0.00031514780432	7.20337838446e-05	4.50211149029e-06	0	4.50211149029e-06
0.00715385515807	0.00219703040726	0.064911443467	0	2.25105574514e-05	2.70126689417e-05	0.00103998775426	0.00552859291007	0.00627144130597	0.000234109797495	0.0012515869943	0.000904924409548	0.000288135135378	0.000279130912398	0.00314247382022	5.85274493738e-05	0.000292637246869	0.0122097263617	8.10380068252e-05	0.00125608910579	0.000171080236631	0.000589776605228	0.0028723471308	0.0214480591397	0.000747350507388	0.000121557010238	0.0153927191853	0.0239872500203	0.00313797170873	0.00376376520588	0.00483076562908	3.1514780432e-05	0.000103548564277	5.85274493738e-05	0.00293087458018	0.00031064569283	0.00694675802952	0.00148119468031	0	0	4.50211149029e-06	6.3029560864e-05	0.000585274493738	0.000108050675767	0.00030614358134	4.95232263932e-05	9.90464527864e-05	0.000126059121728	4.05190034126e-05	0.000810380068252	1.35063344709e-05	0.00274628800908	0.00188188260294	0.000441206926048	0.000171080236631	0	0.000711333615466	0.00906725254144	0.00288585346528	0.000189088682592	7.20337838446e-05	0.00243564231625	0.0143167145391	0.000279130912398	0.000562763936286	0.000342160473262	0	0	2.25105574514e-05	0.000607785051189	0.00832440414554	0.00293987880316	0.00372324620247	0.00184586571102	0.00014856967918	0.000193590794082	4.95232263932e-05	0.00105799620022	0.000207097128553	0.000634797720131	7.20337838446e-05	1.35063344709e-05	4.50211149029e-05	4.50211149029e-06
0	0	0	0	0	0	0	0	0	0	0	0	0	0	0	0	0	0	0	0	0	0	0	0	0	0	0	0	0	0	0	0	0	0	0	0	0	0	0	0	0	0	0	0	0	0	0	0	0	0	0	0	0	0	0	0	0	0	0	0	0	0	0	0	0	0	0	0	0	0	0	0	0	0	0	0	0	0	0	0	0	0	0	0
5.85274493738e-05	9.00422298058e-06	2.25105574514e-05	0	0.0243068999361	4.50211149029e-06	0.00160275169054	1.35063344709e-05	0.000558261824796	0.00367822508757	0.0018998910489	1.35063344709e-05	0.00740597340153	9.90464527864e-05	0.00031064569283	0.000445709037539	4.50211149029e-06	4.50211149029e-05	0	5.40253378835e-05	0.0156178247598	0	9.00422298058e-06	1.35063344709e-05	0.00581672804545	9.00422298058e-06	0.000247616131966	7.65358953349e-05	0.0089952187576	0.000436704814558	0	0	4.05190034126e-05	0	0.00062579349715	4.50211149029e-06	0	0	0	0.00462817061202	0	6.75316723543e-05	3.60168919223e-05	2.25105574514e-05	0.00468669806139	0.00308844848234	4.50211149029e-06	0.000697827280995	0	9.00422298058e-06	0	0	0	2.25105574514e-05	0	0.000855401183155	0	0	0	0.00651005321496	0	3.60168919223e-05	0	0.00509188809552	4.50211149029e-06	0	0	0	0	9.00422298058e-06	0.000130561233218	0.000135063344709	0.000526747044364	6.75316723543e-05	0.000729342061427	9.45443412961e-05	9.00422298058e-06	4.50211149029e-06	0	4.05190034126e-05	4.05190034126e-05	4.05190034126e-05	4.50211149029e-06	4.50211149029e-06
2.70126689417e-05	0	2.70126689417e-05	0	4.50211149029e-06	0.00381328843227	0.000567266047776	9.00422298058e-06	0.000981460304883	3.1514780432e-05	4.05190034126e-05	0	1.80084459612e-05	0.000211599240044	0.000216101351534	0.000558261824796	0	4.50211149029e-06	0	4.50211149029e-06	4.50211149029e-06	0	0	2.70126689417e-05	1.35063344709e-05	0	1.80084459612e-05	0	2.25105574514e-05	0.00014856967918	4.50211149029e-06	0	0.0017153044778	0	0.00126059121728	0	0	0	0	0	0	0	0	0	0	0	0	4.50211149029e-06	0	0	0	0	0	0	0	0	0	0	0	4.50211149029e-06	0	0	0	0	0	0	0	0	0	0	0.000121557010238	4.50211149029e-06	0.000121557010238	0.000130561233218	0.00117505109897	0.00127409755175	5.85274493738e-05	2.25105574514e-05	0	4.50211149029e-06	9.00422298058e-06	0	0	4.50211149029e-06
0.00154872635266	0.000247616131966	0.00103998775426	0	0.00160275169054	0.000567266047776	0.056325916855	0.00547456757219	0.0273233146346	0.00151721157223	0.0262743226573	0.0010219793083	0.0248246427575	0.00202144805914	0.00989564105566	0.00265174366778	3.60168919223e-05	0.0023636085324	0.000598780828208	0.00288585346528	0.00704130237081	0.000288135135378	0.00015307179067	0.00062579349715	0.00169279392035	0.000180084459612	0.00772562331734	0.00225105574514	0.00633447086684	0.00696026436399	0.000688823058014	9.00422298058e-05	0.000814882179742	0.000292637246869	0.0127319712945	0.000585274493738	0.000130561233218	4.50211149029e-06	0	0.000292637246869	0	0.000738346284407	0.00178733826164	0.00113453209555	0.00212499662342	0.00168829180886	0.00016207601365	0.00461916638904	3.60168919223e-05	0.000679818835034	0	4.50211149029e-06	9.00422298058e-06	0.000238611908985	0.000180084459612	7.65358953349e-05	9.00422298058e-06	1.80084459612e-05	1.35063344709e-05	0.00237711486687	3.1514780432e-05	0.000450211149029	7.65358953349e-05	0.00151270946074	0.000688823058014	9.00422298058e-06	9.00422298058e-06	0	0.000229607686005	0.000360168919223	0.00171980658929	0.000850899071665	0.0108635950261	0.000891418075077	0.00133262500113	0.000612287162679	5.85274493738e-05	0.000279130912398	7.20337838446e-05	0.000580772382247	0.000508738598403	1.80084459612e-05	5.40253378835e-05	8.10380068252e-05
0.00844145904429	1.80084459612e-05	0.00552859291007	0	1.35063344709e-05	9.00422298058e-06	0.00547456757219	0.0442287432806	0.00830189358809	0.000607785051189	0.00983261149479	0.000171080236631	0.000279130912398	0.00015757390216	0.00589776605228	0.00015307179067	4.50211149029e-06	0.00319649915811	0	0.00063029560864	0.000112552787257	0.00427700591577	1.80084459612e-05	0.0101972825255	0.00166127913992	1.80084459612e-05	0.00163426647097	0.00016207601365	0.0226096039042	0.00922932855509	0.00756354730369	0	4.05190034126e-05	0.00292637246869	0.00239512331283	0.000279130912398	2.25105574514e-05	9.00422298058e-06	0	1.35063344709e-05	0	9.90464527864e-05	0.000409692145616	0.000337658361772	0.000958949747432	0.00014856967918	5.85274493738e-05	0.000166578125141	0	0.000387181588165	0	9.00422298058e-06	4.50211149029e-06	5.40253378835e-05	3.1514780432e-05	5.40253378835e-05	0.000103548564277	4.05190034126e-05	2.25105574514e-05	0.000490730152441	1.35063344709e-05	0.000108050675767	5.85274493738e-05	0.000382679476675	0.000184586571102	2.70126689417e-05	0	0	4.50211149029e-05	0.000135063344709	0.000648304054602	0.000121557010238	0.00184136359953	0.000355666807733	0.00015307179067	0.000243114020476	3.60168919223e-05	0.000540253378835	4.50211149029e-05	0.000229607686005	9.00422298058e-05	0	2.70126689417e-05	9.45443412961e-05
0.00839643792939	0.000427700591577	0.00627144130597	0	0.000558261824796	0.000981460304883	0.0273233146346	0.00830189358809	0.0604273404227	0.00149920312627	0.0140240772923	0.0028723471308	0.0152171368372	0.00263823733331	0.0247300984162	0.00182335515357	4.50211149029e-06	0.00160725380203	0.000846396960174	0.00243114020476	0.00375025887141	0.00103998775426	0.000211599240044	0.0069062390261	0.00127409755175	0.000391683699655	0.0102693163093	0.00313797170873	0.00324152027301	0.00955348058239	0.00135963767007	0.00014856967918	0.00248966765413	8.10380068252e-05	0.0142806976472	0.00104448986575	0.000234109797495	4.50211149029e-06	0	0.000171080236631	4.50211149029e-06	0.000634797720131	0.000922932855509	0.00101297508532	0.00226456207962	0.000562763936286	0.000292637246869	0.0041239341251	6.75316723543e-05	0.00126959544026	0	1.80084459612e-05	1.80084459612e-05	0.000211599240044	0.000220603463024	6.75316723543e-05	5.40253378835e-05	6.3029560864e-05	2.70126689417e-05	0.00196742272126	3.1514780432e-05	0.000643801943111	0.000202595017063	0.00131461655516	0.000634797720131	4.95232263932e-05	4.50211149029e-06	0	0.000216101351534	0.00031064569283	0.00368722931055	0.000922932855509	0.0120926714629	0.00124258277132	0.00191789949486	0.00181885304208	9.90464527864e-05	0.000549257601815	0.000252118243456	0.000558261824796	0.000405190034126	1.35063344709e-05	4.50211149029e-05	7.20337838446e-05
0.000198092905573	0.00253468876903	0.000234109797495	0	0.00367822508757	3.1514780432e-05	0.00151721157223	0.000607785051189	0.00149920312627	0.0294618175925	0.000490730152441	0.000139565456199	0.00416895524001	0.000684320946524	0.00123808065983	0.00390333066208	0.000202595017063	0.000166578125141	4.50211149029e-06	0.000198092905573	0.00251668032307	6.75316723543e-05	0.00591127238675	0.000531249155854	0.0134117901296	0.000589776605228	0.000558261824796	0.0022240430762	0.00538902745388	0.00171080236631	0.000895920186568	3.1514780432e-05	5.40253378835e-05	0.000252118243456	0.00186837626847	0.00105349408873	9.00422298058e-05	1.80084459612e-05	0	0.000787869510801	0	0.000679818835034	0.000526747044364	0.0017153044778	0.0102423036404	0.00208447762	0.000234109797495	0.000837392737194	2.25105574514e-05	0.00192240160635	0	0.000400687922636	0	0.000166578125141	2.70126689417e-05	0.000819384291233	0.000283633023888	0.000562763936286	0.000405190034126	0.00773912965181	0	0.000292637246869	0.000364671030713	0.00288585346528	0.000684320946524	9.90464527864e-05	4.50211149029e-06	0	0.000274628800908	0.000423198480087	0.00198543116722	0.000261122466437	0.00202144805914	0.000535751267344	0.00316048226618	0.000166578125141	0	0.00101297508532	0.000121557010238	0.000841894848684	0.000643801943111	7.65358953349e-05	0.000166578125141	7.20337838446e-05
0.00313797170873	0.000117054898748	0.0012515869943	0	0.0018998910489	4.05190034126e-05	0.0262743226573	0.00983261149479	0.0140240772923	0.000490730152441	0.0440936799359	0.00062129138566	0.0168018800818	0.000580772382247	0.00914829054827	5.85274493738e-05	3.1514780432e-05	0.00247616131966	4.05190034126e-05	0.00232308952899	0.010899611918	0.000648304054602	6.3029560864e-05	0.00159824957905	0.000360168919223	9.00422298058e-06	0.00485777829802	0.000949945524451	0.00729342061427	0.00808129012507	0.000792371622291	4.50211149029e-06	0.000238611908985	0.000130561233218	0.00753203252325	9.00422298058e-06	6.75316723543e-05	0	0	0.000441206926048	0	0.000108050675767	4.05190034126e-05	0.000126059121728	0.00031514780432	0.000499734375422	1.35063344709e-05	0.00280931756994	0	9.00422298058e-06	0	0	4.50211149029e-06	5.85274493738e-05	9.00422298058e-06	1.35063344709e-05	3.1514780432e-05	0	4.50211149029e-06	0.00030614358134	0	0.000139565456199	4.05190034126e-05	7.20337838446e-05	9.00422298058e-06	9.00422298058e-06	0	0	4.50211149029e-06	1.80084459612e-05	0.000589776605228	0.000270126689417	0.00593828505569	0.000288135135378	0.000130561233218	0.000427700591577	3.1514780432e-05	8.10380068252e-05	1.80084459612e-05	0.000112552787257	0.000144067567689	0	0	2.70126689417e-05
0.00047272170648	0.000256620354946	0.000904924409548	0	1.35063344709e-05	0	0.0010219793083	0.000171080236631	0.0028723471308	0.000139565456199	0.00062129138566	0.0314112318677	0.00103998775426	0.00835591892598	0.00545655912623	9.00422298058e-06	4.50211149029e-06	0.00103998775426	0.00255719932648	0.00557361402498	0.000135063344709	0.000747350507388	0.000175582348121	0.00100397086233	0.000189088682592	0.00490279941292	0.0143032082046	0.00289935979975	0.000378177365184	0.00809029434805	0.000904924409548	0.000405190034126	0.00103998775426	4.95232263932e-05	0.0139835582888	4.50211149029e-06	0.000211599240044	0	0	0	0	0	0	1.80084459612e-05	8.10380068252e-05	0	0.00309745270532	0.000400687922636	0.00212949873491	0.000121557010238	0	9.00422298058e-06	4.50211149029e-06	3.60168919223e-05	4.50211149029e-06	4.50211149029e-06	4.50211149029e-06	9.90464527864e-05	2.25105574514e-05	7.20337838446e-05	0.000391683699655	0.000211599240044	0.00016207601365	9.00422298058e-06	7.20337838446e-05	0	8.55401183155e-05	0	0	0.000229607686005	0.00186387415698	0.00362419974968	0.00699628125591	0.00157123691011	1.80084459612e-05	0.000112552787257	0.000913928632529	0.000283633023888	0.00363320397266	4.50211149029e-05	3.60168919223e-05	0	0	3.60168919223e-05
0.00160275169054	0.000283633023888	0.000288135135378	0	0.00740597340153	1.80084459612e-05	0.0248246427575	0.000279130912398	0.0152171368372	0.00416895524001	0.0168018800818	0.00103998775426	0.0530303712441	0.00140015667348	0.00869357728775	0.00377276942886	1.80084459612e-05	0.00233209375197	0.000666312500563	0.00285884079633	0.0188728513673	5.85274493738e-05	0.000139565456199	0.000418696368597	0.00324152027301	0.000279130912398	0.00916179688274	0.00249416976562	0.00170179814333	0.00665862289414	0.00093193707849	9.00422298058e-05	0.000184586571102	0.000180084459612	0.0149605164822	2.70126689417e-05	9.00422298058e-05	0	0	0.00200794172467	0	0.000135063344709	0.000418696368597	0.00014856967918	0.00112552787257	0.00128760388622	0.000180084459612	0.00737445862109	4.05190034126e-05	0.00015757390216	0	1.35063344709e-05	9.00422298058e-06	4.05190034126e-05	4.50211149029e-06	0.000436704814558	4.50211149029e-06	2.25105574514e-05	1.80084459612e-05	0.00109851520363	3.1514780432e-05	0.000207097128553	8.10380068252e-05	0.000436704814558	4.95232263932e-05	0	4.50211149029e-06	0	4.50211149029e-06	0.000103548564277	0.00144517778838	0.0013911524505	0.012984089538	0.000535751267344	0.00225555785663	0.000432202703068	3.60168919223e-05	4.50211149029e-05	0.000144067567689	0.000171080236631	0.000283633023888	5.85274493738e-05	0	4.50211149029e-05
6.3029560864e-05	0.000882413852097	0.000279130912398	0	9.90464527864e-05	0.000211599240044	0.00202144805914	0.00015757390216	0.00263823733331	0.000684320946524	0.000580772382247	0.00835591892598	0.00140015667348	0.0312806706345	0.00336307728325	3.1514780432e-05	4.50211149029e-06	9.00422298058e-05	0.000540253378835	4.05190034126e-05	0.000405190034126	0.000265624577927	0.000562763936286	0.000396185811145	0.000576270270757	0.0145958454515	0.00972906293051	0.0036602166416	0.00077886528782	0.0055150865756	1.80084459612e-05	0.00383129687824	0.00237711486687	2.70126689417e-05	0.00794622678036	0.000238611908985	0.000702329392485	0	0	9.00422298058e-06	0	7.20337838446e-05	0.000229607686005	0.000225105574514	0.000270126689417	0.000139565456199	0.00606884628891	0.000247616131966	0.00541604012282	0.000342160473262	0	0	4.50211149029e-05	0.000567266047776	4.05190034126e-05	6.75316723543e-05	0	0.00016207601365	4.50211149029e-06	0.00047272170648	0.00266975211374	0.00214750718087	0.000634797720131	0.000288135135378	0.000198092905573	0	0.000319649915811	0	2.25105574514e-05	0.000580772382247	0.000652806166092	0.00261572677586	0.00534850845046	0.00173331292376	0.000220603463024	0.00103998775426	0.00161175591352	0.000193590794082	0.00404289611828	0.00112102576108	0.00142266723093	0	1.35063344709e-05	0.000544755490325
0.0104764134379	0.000364671030713	0.00314247382022	0	0.00031064569283	0.000216101351534	0.00989564105566	0.00589776605228	0.0247300984162	0.00123808065983	0.00914829054827	0.00545655912623	0.00869357728775	0.00336307728325	0.0471956347527	0.000720337838446	4.50211149029e-06	0.00232308952899	0.000652806166092	0.00298039780657	0.00339909417517	0.000684320946524	0.000189088682592	0.00404289611828	0.00121106799089	0.000261122466437	0.00990914739013	0.00272377745162	0.00380428420929	0.0207727424162	0.00262022888735	0.000211599240044	0.00265624577927	5.40253378835e-05	0.0151586093878	0.000949945524451	0.000198092905573	9.00422298058e-06	0	1.35063344709e-05	4.50211149029e-06	0.000508738598403	0.000513240709893	0.000837392737194	0.00178283615015	0.00047272170648	0.000225105574514	0.00309745270532	4.50211149029e-05	0.00117955321046	0	1.35063344709e-05	1.80084459612e-05	0.000108050675767	0.000117054898748	5.85274493738e-05	5.40253378835e-05	3.60168919223e-05	3.60168919223e-05	0.00202595017063	3.1514780432e-05	0.000427700591577	0.000139565456199	0.00126059121728	0.000441206926048	2.70126689417e-05	4.50211149029e-06	0	0.000175582348121	0.000238611908985	0.00204846072808	0.000706831503975	0.0104539028805	0.000477223817971	0.000549257601815	0.000972456081902	0.000180084459612	0.000351164696243	0.000229607686005	0.000409692145616	0.000274628800908	9.00422298058e-06	4.05190034126e-05	9.00422298058e-05
0.000139565456199	0	5.85274493738e-05	0	0.000445709037539	0.000558261824796	0.00265174366778	0.00015307179067	0.00182335515357	0.00390333066208	5.85274493738e-05	9.00422298058e-06	0.00377276942886	3.1514780432e-05	0.000720337838446	0.00989564105566	9.00422298058e-06	3.1514780432e-05	0	9.00422298058e-06	0.000522244932874	0	1.80084459612e-05	9.45443412961e-05	0.000958949747432	4.50211149029e-06	1.80084459612e-05	8.10380068252e-05	0.000558261824796	0.000873409629116	0.000396185811145	0	0.000229607686005	0.000238611908985	0.000288135135378	0.000189088682592	9.00422298058e-06	0	0	2.25105574514e-05	0	0.000117054898748	7.20337838446e-05	0.000247616131966	0.000247616131966	4.50211149029e-05	1.80084459612e-05	2.25105574514e-05	0	0.000373675253694	0	0.000103548564277	0	4.05190034126e-05	4.05190034126e-05	4.05190034126e-05	4.05190034126e-05	0.000112552787257	9.00422298058e-05	0.000252118243456	0	6.75316723543e-05	5.40253378835e-05	0.000211599240044	7.65358953349e-05	4.50211149029e-06	0	0	4.50211149029e-06	6.3029560864e-05	0.000504236486912	2.70126689417e-05	0.000634797720131	0.000238611908985	0.00369623353353	6.75316723543e-05	0	0.000130561233218	2.70126689417e-05	0.000180084459612	9.90464527864e-05	3.1514780432e-05	4.50211149029e-06	4.50211149029e-06
9.00422298058e-06	1.35063344709e-05	0.000292637246869	0	4.50211149029e-06	0	3.60168919223e-05	4.50211149029e-06	4.50211149029e-06	0.000202595017063	3.1514780432e-05	4.50211149029e-06	1.80084459612e-05	4.50211149029e-06	4.50211149029e-06	9.00422298058e-06	0.0190574379384	2.25105574514e-05	0	9.00422298058e-06	2.70126689417e-05	0.00248966765413	0.00838293159492	0.00662260600222	0.00496582897379	0	5.40253378835e-05	0.00223304729918	0.0010670004232	0.000193590794082	0.000247616131966	0	0	0.000103548564277	0.000382679476675	4.50211149029e-06	2.25105574514e-05	2.70126689417e-05	0	0	0	0	1.80084459612e-05	9.00422298058e-06	0.000733844172917	0	4.50211149029e-06	0	0	4.50211149029e-06	0	0.00608685473487	9.00422298058e-06	9.00422298058e-06	4.50211149029e-06	0	0.00253919088052	0.00696476647548	0.00298039780657	0.000918430744019	0	2.25105574514e-05	0.000504236486912	0.00153972212968	4.50211149029e-06	9.00422298058e-06	0	0	0	4.50211149029e-06	0.00135963767007	0.000117054898748	0.000297139358359	0.000225105574514	0.000225105574514	7.20337838446e-05	0	0.000535751267344	0.000117054898748	3.1514780432e-05	3.1514780432e-05	0	0	0
0.00336757939474	0.000760856841859	0.0122097263617	0	4.50211149029e-05	4.50211149029e-06	0.0023636085324	0.00319649915811	0.00160725380203	0.000166578125141	0.00247616131966	0.00103998775426	0.00233209375197	9.00422298058e-05	0.00232308952899	3.1514780432e-05	2.25105574514e-05	0.0303622398905	0.000130561233218	0.00560062669392	0.00134162922411	0.00191789949486	4.50211149029e-05	0.00963902070071	0.000189088682592	5.40253378835e-05	0.0169639560954	0.0038493053242	0.00188188260294	0.00476773606822	0.00755004096921	9.00422298058e-06	3.1514780432e-05	4.95232263932e-05	0.00856751816602	3.60168919223e-05	0.00156223268713	0.000112552787257	0	0	0	2.25105574514e-05	8.55401183155e-05	4.05190034126e-05	0.000229607686005	7.20337838446e-05	4.50211149029e-05	0.00107150253469	1.35063344709e-05	0.000103548564277	0	2.70126689417e-05	0.00014856967918	0.000193590794082	7.65358953349e-05	4.50211149029e-06	2.25105574514e-05	0.000369173142204	6.3029560864e-05	0.000319649915811	9.00422298058e-06	0.00149019890329	0.00180534670761	8.55401183155e-05	4.50211149029e-06	3.1514780432e-05	0	0	0	1.80084459612e-05	0.00198543116722	0.00136413978156	0.00530798944705	0.000756354730369	4.50211149029e-05	3.60168919223e-05	0	0.000175582348121	5.40253378835e-05	2.25105574514e-05	1.35063344709e-05	0	1.35063344709e-05	4.50211149029e-06
2.25105574514e-05	4.05190034126e-05	8.10380068252e-05	0	0	0	0.000598780828208	0	0.000846396960174	4.50211149029e-06	4.05190034126e-05	0.00255719932648	0.000666312500563	0.000540253378835	0.000652806166092	0	0	0.000130561233218	0.00493431419336	0.000990464527864	4.95232263932e-05	9.00422298058e-06	1.35063344709e-05	4.50211149029e-05	9.00422298058e-06	0.000112552787257	0.00260222044139	4.05190034126e-05	4.50211149029e-06	0.000540253378835	4.05190034126e-05	4.50211149029e-05	0.000108050675767	0	0.00128760388622	0	0	0	0	0	0	0	0	0	0	0	9.90464527864e-05	5.85274493738e-05	1.35063344709e-05	5.40253378835e-05	0	4.50211149029e-06	4.50211149029e-06	0	0	0	0	4.50211149029e-06	4.50211149029e-06	0	0	0	4.50211149029e-06	0	4.05190034126e-05	0	0	0	0	5.40253378835e-05	0.000387181588165	0.000900422298058	0.00140015667348	8.10380068252e-05	9.00422298058e-06	1.80084459612e-05	9.00422298058e-06	8.55401183155e-05	0.000175582348121	4.50211149029e-06	4.50211149029e-06	0	0	4.50211149029e-06
0.00078336739931	0.000522244932874	0.00125608910579	0	5.40253378835e-05	4.50211149029e-06	0.00288585346528	0.00063029560864	0.00243114020476	0.000198092905573	0.00232308952899	0.00557361402498	0.00285884079633	4.05190034126e-05	0.00298039780657	9.00422298058e-06	9.00422298058e-06	0.00560062669392	0.000990464527864	0.0155908120909	0.000855401183155	0.000873409629116	0.000117054898748	0.000873409629116	0.000166578125141	0.000121557010238	0.0102513078634	0.000436704814558	0.000409692145616	0.0036151955267	0.0022240430762	0	1.35063344709e-05	4.50211149029e-05	0.00913928632529	1.35063344709e-05	0.000216101351534	4.50211149029e-06	0	4.50211149029e-06	0	0	2.70126689417e-05	2.70126689417e-05	0.000117054898748	7.20337838446e-05	1.35063344709e-05	0.00141366300795	9.00422298058e-06	2.70126689417e-05	0	4.50211149029e-06	9.00422298058e-06	7.65358953349e-05	0.00014856967918	0	4.50211149029e-06	9.00422298058e-06	1.80084459612e-05	0.000180084459612	9.00422298058e-06	0.000432202703068	0.00016207601365	6.75316723543e-05	4.50211149029e-06	0	0	0	0	1.80084459612e-05	0.000976958193393	0.000490730152441	0.00402038556083	0.000360168919223	1.35063344709e-05	1.80084459612e-05	0	0.000270126689417	6.75316723543e-05	2.70126689417e-05	1.35063344709e-05	4.50211149029e-06	0	4.50211149029e-06
0.001157042653	3.1514780432e-05	0.000171080236631	0	0.0156178247598	4.50211149029e-06	0.00704130237081	0.000112552787257	0.00375025887141	0.00251668032307	0.010899611918	0.000135063344709	0.0188728513673	0.000405190034126	0.00339909417517	0.000522244932874	2.70126689417e-05	0.00134162922411	4.95232263932e-05	0.000855401183155	0.0320730422568	4.50211149029e-05	1.80084459612e-05	0.000220603463024	0.00289935979975	2.70126689417e-05	0.00264724155629	0.000364671030713	0.0053800232309	0.00373225042545	0.000391683699655	0	0.00016207601365	0	0.0050063479772	9.00422298058e-06	4.50211149029e-06	0	0	0.00373225042545	0	9.90464527864e-05	1.80084459612e-05	5.40253378835e-05	0.0017603255927	0.00267875633672	3.1514780432e-05	0.00273278167461	0	2.25105574514e-05	0	0	0	7.20337838446e-05	0	0.000733844172917	0	0	0	0.00323701816152	0	0.000103548564277	9.00422298058e-06	0.00184136359953	4.50211149029e-06	0	0	0	0	2.25105574514e-05	0.00046821959499	0.000513240709893	0.00401588344934	0.000252118243456	0.000607785051189	0.000297139358359	6.3029560864e-05	1.80084459612e-05	1.80084459612e-05	0.000126059121728	0.000180084459612	4.05190034126e-05	0	2.25105574514e-05
0.000720337838446	9.00422298058e-06	0.000589776605228	0	0	0	0.000288135135378	0.00427700591577	0.00103998775426	6.75316723543e-05	0.000648304054602	0.000747350507388	5.85274493738e-05	0.000265624577927	0.000684320946524	0	0.00248966765413	0.00191789949486	9.00422298058e-06	0.000873409629116	4.50211149029e-05	0.0398752014695	0.00113002998406	0.0175582348121	0.000535751267344	2.70126689417e-05	0.00138214822752	0.000279130912398	0.0103368479817	0.000895920186568	0.0117370046552	9.00422298058e-06	0.000121557010238	0.000211599240044	0.0105439451103	4.05190034126e-05	5.85274493738e-05	8.10380068252e-05	0	0	0	0	4.50211149029e-06	4.95232263932e-05	0.000121557010238	0	2.70126689417e-05	3.1514780432e-05	0	5.40253378835e-05	0	0.000756354730369	0	1.35063344709e-05	0	0	0.00158024113309	0.00275079012057	0.00165677702843	0.000238611908985	1.35063344709e-05	9.45443412961e-05	0.000189088682592	0.000346662584752	1.35063344709e-05	0.000270126689417	0	0	0	9.00422298058e-06	0.00260222044139	0.000369173142204	0.00675766934692	0.00212499662342	0.00121557010238	0.00105349408873	2.25105574514e-05	9.45443412961e-05	2.70126689417e-05	4.50211149029e-06	2.25105574514e-05	0	4.50211149029e-06	1.80084459612e-05
1.35063344709e-05	0.00395735599996	0.0028723471308	0	9.00422298058e-06	0	0.00015307179067	1.80084459612e-05	0.000211599240044	0.00591127238675	6.3029560864e-05	0.000175582348121	0.000139565456199	0.000562763936286	0.000189088682592	1.80084459612e-05	0.00838293159492	4.50211149029e-05	1.35063344709e-05	0.000117054898748	1.80084459612e-05	0.00113002998406	0.0281517031488	0.00561863513988	0.00666312500563	0.00077886528782	0.000351164696243	0.00989113894416	0.000175582348121	0.000283633023888	0.000103548564277	2.70126689417e-05	4.50211149029e-06	9.00422298058e-06	0.000346662584752	4.50211149029e-06	0.00271927534013	0	0	0	0	1.35063344709e-05	4.05190034126e-05	2.25105574514e-05	0.00135513555858	9.00422298058e-06	2.70126689417e-05	8.10380068252e-05	1.35063344709e-05	1.80084459612e-05	0	0.00716736149254	0	1.80084459612e-05	0	0	0.0017603255927	0.0138800097246	0.00362870186117	0.00141366300795	7.20337838446e-05	4.95232263932e-05	0.00671715034351	0.0012966081092	0	2.25105574514e-05	0	0	0	0	0.0014856967918	0.000229607686005	0.000378177365184	9.00422298058e-05	3.1514780432e-05	3.1514780432e-05	0	0.000220603463024	0.000139565456199	0	0	0	0	0
0.00883764485544	0.00031514780432	0.0214480591397	0	1.35063344709e-05	2.70126689417e-05	0.00062579349715	0.0101972825255	0.0069062390261	0.000531249155854	0.00159824957905	0.00100397086233	0.000418696368597	0.000396185811145	0.00404289611828	9.45443412961e-05	0.00662260600222	0.00963902070071	4.50211149029e-05	0.000873409629116	0.000220603463024	0.0175582348121	0.00561863513988	0.072560530889	0.00164327069396	4.95232263932e-05	0.00619040329915	0.010201784637	0.00609585895785	0.00305243159042	0.00890967863928	9.00422298058e-06	9.90464527864e-05	0.000139565456199	0.00682970313077	0.000247616131966	0.000729342061427	0.000130561233218	0	0	0	4.95232263932e-05	0.000274628800908	0.000112552787257	0.000828388514213	4.05190034126e-05	4.95232263932e-05	0.000256620354946	1.80084459612e-05	0.000261122466437	0	0.00790120566546	7.65358953349e-05	8.10380068252e-05	7.65358953349e-05	0	0.00262022888735	0.0119846207871	0.00707731926273	0.000544755490325	1.80084459612e-05	0.00062579349715	0.00464167694649	0.000666312500563	0.000220603463024	0.000400687922636	0	0	0.000121557010238	0.000117054898748	0.00951296157898	0.00246715709668	0.00626243708299	0.00321000549258	0.000576270270757	0.00094094130147	6.75316723543e-05	0.000666312500563	0.000211599240044	0.000229607686005	0.000175582348121	0	3.1514780432e-05	4.05190034126e-05
0.000279130912398	0.00180534670761	0.000747350507388	0	0.00581672804545	1.35063344709e-05	0.00169279392035	0.00166127913992	0.00127409755175	0.0134117901296	0.000360168919223	0.000189088682592	0.00324152027301	0.000576270270757	0.00121106799089	0.000958949747432	0.00496582897379	0.000189088682592	9.00422298058e-06	0.000166578125141	0.00289935979975	0.000535751267344	0.00666312500563	0.00164327069396	0.0443277897334	0.000252118243456	0.000909426521038	0.00297589569508	0.0176527791534	0.001854869934	0.000819384291233	1.35063344709e-05	9.00422298058e-05	0.000382679476675	0.00343511106709	0.000576270270757	0.000103548564277	0.00030614358134	0	0.000711333615466	0	0.000238611908985	0.000837392737194	0.000270126689417	0.0126194185073	0.000540253378835	4.95232263932e-05	0.000670814612053	1.35063344709e-05	0.000369173142204	0	0.000193590794082	0	0.000180084459612	9.00422298058e-05	0.000634797720131	0.00262473099884	0.00201694594765	0.000337658361772	0.00794622678036	4.50211149029e-06	0.000274628800908	0.000513240709893	0.00637498987025	0.000477223817971	2.70126689417e-05	0	0	0.000220603463024	0.00015757390216	0.00316948648916	0.000747350507388	0.00304792947893	0.000837392737194	0.00174231714674	0.000495232263932	1.80084459612e-05	0.00124708488281	0.000171080236631	0.000517742821383	0.000423198480087	4.50211149029e-05	0.000126059121728	3.60168919223e-05
4.50211149029e-06	0.00138214822752	0.000121557010238	0	9.00422298058e-06	0	0.000180084459612	1.80084459612e-05	0.000391683699655	0.000589776605228	9.00422298058e-06	0.00490279941292	0.000279130912398	0.0145958454515	0.000261122466437	4.50211149029e-06	0	5.40253378835e-05	0.000112552787257	0.000121557010238	2.70126689417e-05	2.70126689417e-05	0.00077886528782	4.95232263932e-05	0.000252118243456	0.0205476368417	0.00662260600222	0.00385380743569	4.50211149029e-05	0.00113002998406	4.50211149029e-06	0.00307494214787	0.000112552787257	0	0.00179634248463	1.80084459612e-05	0.000882413852097	0	0	0	0	3.1514780432e-05	9.00422298058e-06	0.00031514780432	8.10380068252e-05	9.00422298058e-06	0.00734744595215	2.25105574514e-05	0.00598330617059	0.000171080236631	0	0	1.80084459612e-05	8.10380068252e-05	2.70126689417e-05	4.50211149029e-06	0	0.000135063344709	0	8.55401183155e-05	0.00360168919223	0.00186837626847	0.000742848395898	4.50211149029e-06	4.95232263932e-05	0	0.000400687922636	0	0	0.000918430744019	6.75316723543e-05	0.00114803843002	0.000841894848684	6.75316723543e-05	0	8.10380068252e-05	0.000729342061427	4.50211149029e-05	0.00511439865297	0.000112552787257	9.00422298058e-06	4.50211149029e-06	0	0.000666312500563
0.00442107348346	0.00289035557677	0.0153927191853	0	0.000247616131966	1.80084459612e-05	0.00772562331734	0.00163426647097	0.0102693163093	0.000558261824796	0.00485777829802	0.0143032082046	0.00916179688274	0.00972906293051	0.00990914739013	1.80084459612e-05	5.40253378835e-05	0.0169639560954	0.00260222044139	0.0102513078634	0.00264724155629	0.00138214822752	0.000351164696243	0.00619040329915	0.000909426521038	0.00662260600222	0.101099415626	0.0235325367597	0.00177383192717	0.0109941562593	0.00438055448005	0.00610036106934	0.000522244932874	6.75316723543e-05	0.0216776668257	0.000274628800908	0.0100036917314	0.000445709037539	0	4.50211149029e-05	0	8.10380068252e-05	0.000432202703068	0.000121557010238	0.000724839949937	0.000724839949937	0.00404739822977	0.00271477322864	0.0030614358134	0.000414194257107	0	0.000135063344709	0.00196292060977	0.00196742272126	0.00288585346528	5.85274493738e-05	0.000126059121728	0.000792371622291	0.000333156250281	0.00144967989987	0.00294888302614	0.0168784159771	0.0105799620022	0.000477223817971	0.000382679476675	5.85274493738e-05	0.000396185811145	0	0	0.000693325169504	0.0103818690966	0.00787419299652	0.020164957365	0.00306593792489	0.000112552787257	0.00014856967918	0.000288135135378	0.00303892525595	0.00265624577927	0.000729342061427	0.000229607686005	9.00422298058e-06	1.35063344709e-05	6.3029560864e-05
0.000504236486912	0.0145553264481	0.0239872500203	0	7.65358953349e-05	0	0.00225105574514	0.00016207601365	0.00313797170873	0.0022240430762	0.000949945524451	0.00289935979975	0.00249416976562	0.0036602166416	0.00272377745162	8.10380068252e-05	0.00223304729918	0.0038493053242	4.05190034126e-05	0.000436704814558	0.000364671030713	0.000279130912398	0.00989113894416	0.010201784637	0.00297589569508	0.00385380743569	0.0235325367597	0.0863189836033	0.00151270946074	0.00229607686005	5.40253378835e-05	0.000792371622291	5.85274493738e-05	1.80084459612e-05	0.00520444088277	0.000252118243456	0.0208402740885	0.000697827280995	0	9.00422298058e-06	4.50211149029e-06	4.05190034126e-05	0.000360168919223	6.75316723543e-05	0.000378177365184	0.000229607686005	0.000670814612053	0.000639299831621	0.000765358953349	0.000378177365184	9.00422298058e-06	0.00602382517401	0.00170179814333	0.000243114020476	0.000427700591577	2.70126689417e-05	0.00015757390216	0.012074663017	0.00393484544251	0.000553759713306	0.00114803843002	0.00611386740381	0.0291646782341	0.000387181588165	0.00030614358134	3.60168919223e-05	6.3029560864e-05	0	4.50211149029e-05	0.000693325169504	0.00912577999082	0.00227806841409	0.00671715034351	0.00184136359953	0.000175582348121	0.000112552787257	9.00422298058e-06	0.00216551562683	0.000760856841859	0.000702329392485	0.000112552787257	9.00422298058e-06	4.50211149029e-06	0
0.00258421199543	5.40253378835e-05	0.00313797170873	0	0.0089952187576	2.25105574514e-05	0.00633447086684	0.0226096039042	0.00324152027301	0.00538902745388	0.00729342061427	0.000378177365184	0.00170179814333	0.00077886528782	0.00380428420929	0.000558261824796	0.0010670004232	0.00188188260294	4.50211149029e-06	0.000409692145616	0.0053800232309	0.0103368479817	0.000175582348121	0.00609585895785	0.0176527791534	4.50211149029e-05	0.00177383192717	0.00151270946074	0.0840139025203	0.0121286883548	0.00763107897604	1.35063344709e-05	0.000184586571102	0.00414194257107	0.0114803843002	0.00233209375197	0.000423198480087	0.000373675253694	0	0.00132362077814	9.45443412961e-05	0.00030614358134	0.00152171368372	0.00215651140385	0.010899611918	0.00287684924229	0.000459215372009	0.000216101351534	2.25105574514e-05	0.00341260050964	0.000112552787257	8.55401183155e-05	1.35063344709e-05	0.00047272170648	0.000243114020476	0.000274628800908	0.000792371622291	0.000499734375422	0.000202595017063	0.0126554353992	6.3029560864e-05	0.0010219793083	0.00105799620022	0.00752753041176	0.00137764611603	9.00422298058e-05	4.50211149029e-06	0	0.000396185811145	0.000963451858922	0.00457864738562	0.00107150253469	0.0109266245869	0.00305693370191	0.00198543116722	0.0016702833629	0.00014856967918	0.00359268496925	0.000526747044364	0.00093193707849	0.00047272170648	3.60168919223e-05	7.20337838446e-05	0.00015307179067
0.0088106321865	0.00030614358134	0.00376376520588	0	0.000436704814558	0.00014856967918	0.00696026436399	0.00922932855509	0.00955348058239	0.00171080236631	0.00808129012507	0.00809029434805	0.00665862289414	0.0055150865756	0.0207727424162	0.000873409629116	0.000193590794082	0.00476773606822	0.000540253378835	0.0036151955267	0.00373225042545	0.000895920186568	0.000283633023888	0.00305243159042	0.001854869934	0.00113002998406	0.0109941562593	0.00229607686005	0.0121286883548	0.0559477394898	0.0087160878452	0.000220603463024	0.00430401858472	0.00578971537651	0.0254549383661	0.000270126689417	8.10380068252e-05	6.75316723543e-05	0	1.35063344709e-05	0	9.90464527864e-05	0.000135063344709	0.000301641469849	0.00119756165642	0.000441206926048	0.000571768159267	0.00192690371784	0.000175582348121	0.000414194257107	0	0	4.50211149029e-06	9.00422298058e-05	4.05190034126e-05	3.60168919223e-05	0.000342160473262	5.40253378835e-05	1.35063344709e-05	0.00150370523776	1.35063344709e-05	0.000544755490325	0.000301641469849	0.000981460304883	9.45443412961e-05	4.50211149029e-06	0	0	1.35063344709e-05	0.00031514780432	0.00276879856653	0.00139565456199	0.0134297985755	0.00118855743344	0.000823886402723	0.00217001773832	0.000684320946524	0.000297139358359	0.00062579349715	0.000297139358359	0.000283633023888	0	1.80084459612e-05	0.000130561233218
0.00562313725137	0	0.00483076562908	0	0	4.50211149029e-06	0.000688823058014	0.00756354730369	0.00135963767007	0.000895920186568	0.000792371622291	0.000904924409548	0.00093193707849	1.80084459612e-05	0.00262022888735	0.000396185811145	0.000247616131966	0.00755004096921	4.05190034126e-05	0.0022240430762	0.000391683699655	0.0117370046552	0.000103548564277	0.00890967863928	0.000819384291233	4.50211149029e-06	0.00438055448005	5.40253378835e-05	0.00763107897604	0.0087160878452	0.03407648187	0	1.35063344709e-05	0.000675316723543	0.00748250929686	0.000139565456199	9.00422298058e-06	0.000184586571102	0	0	0	0	3.1514780432e-05	7.65358953349e-05	0.00138214822752	4.50211149029e-06	4.50211149029e-06	0.000562763936286	0	0.000144067567689	0	3.1514780432e-05	4.50211149029e-06	2.25105574514e-05	9.00422298058e-06	4.50211149029e-06	0.00110301731512	0.000337658361772	0.000139565456199	0.00122007221387	0	0.000378177365184	0.000351164696243	0.000927434967	4.95232263932e-05	0.000571768159267	0	0	1.35063344709e-05	3.1514780432e-05	0.000189088682592	9.45443412961e-05	0.00194041005231	0.000112552787257	0.000427700591577	8.55401183155e-05	0	0.000189088682592	2.70126689417e-05	3.1514780432e-05	2.25105574514e-05	0	9.00422298058e-06	0
0	0.000126059121728	3.1514780432e-05	0	0	0	9.00422298058e-05	0	0.00014856967918	3.1514780432e-05	4.50211149029e-06	0.000405190034126	9.00422298058e-05	0.00383129687824	0.000211599240044	0	0	9.00422298058e-06	4.50211149029e-05	0	0	9.00422298058e-06	2.70126689417e-05	9.00422298058e-06	1.35063344709e-05	0.00307494214787	0.00610036106934	0.000792371622291	1.35063344709e-05	0.000220603463024	0	0.00654156799539	6.3029560864e-05	0	0.000373675253694	4.50211149029e-06	0.00031514780432	4.50211149029e-06	0	0	0	0	4.50211149029e-06	0	4.95232263932e-05	4.50211149029e-06	0.00166127913992	9.00422298058e-06	0.0013911524505	0	0	0	0	0.000175582348121	4.50211149029e-06	0	0	5.40253378835e-05	4.50211149029e-06	4.95232263932e-05	0.00135963767007	0.0012515869943	0.000369173142204	0	0	0	0.00030614358134	0	0	9.00422298058e-06	5.40253378835e-05	5.85274493738e-05	0.000220603463024	1.35063344709e-05	0	1.35063344709e-05	9.00422298058e-06	5.40253378835e-05	5.85274493738e-05	3.60168919223e-05	4.50211149029e-06	0	0	1.35063344709e-05
