0.0112708334312	4.69618059632e-06	0.000159670140275	0	4.22656253669e-05	1.87847223853e-05	0.000122100695504	0.0037005903099	0.00143703126247	0.000216024307431	0.000309947919357	7.51388895411e-05	4.69618059632e-06	4.69618059632e-06	0.00315583336073	2.81770835779e-05	2.81770835779e-05	0.000183151043257	1.4088541789e-05	6.57465283485e-05	3.28732641742e-05	0.000413263892476	3.28732641742e-05	0.000258289932798	0.000746692714815	9.39236119264e-06	3.75694447706e-05	4.69618059632e-05	0.00143703126247	0.00837329000324	0.00253593752201	4.69618059632e-06	1.4088541789e-05	0.000798350701375	0.000619895838714	4.69618059632e-06	4.69618059632e-06	1.4088541789e-05	0	9.39236119264e-06	0	0	9.39236119264e-06	4.69618059632e-06	9.86197925227e-05	0	0	0	4.69618059632e-06	1.4088541789e-05	0	4.22656253669e-05	4.69618059632e-06	0	0	0	9.39236119264e-06	5.16579865595e-05	9.39236119264e-06	0.000154973959679	0	0	4.69618059632e-06	0.000103315973119	1.87847223853e-05	9.39236119264e-06	0	0	0	9.39236119264e-06	0.000112708334312	8.92274313301e-05	0.00040856771188	8.92274313301e-05	5.16579865595e-05	4.69618059632e-06	4.69618059632e-06	4.69618059632e-06	0	9.39236119264e-06	9.39236119264e-06	0	0	0
4.69618059632e-06	0.0155490539544	0.00251245661903	0	0	4.69618059632e-06	4.69618059632e-06	4.22656253669e-05	3.75694447706e-05	0.00134780383114	4.69618059632e-06	0.000108012153715	4.69618059632e-06	0.000201935765642	3.28732641742e-05	4.69618059632e-05	0.00031934028055	0.000741996534219	2.81770835779e-05	0.000624592019311	0	0.000150277779082	0.0036958941293	0.00031934028055	0.000887578132705	0.000756085076008	0.00412794274417	0.00950037334636	0.000154973959679	3.75694447706e-05	2.81770835779e-05	2.81770835779e-05	0	9.39236119264e-06	0.000380390628302	9.39236119264e-06	0.00595945317673	0.0012726649416	0	0	0	0	3.28732641742e-05	4.69618059632e-06	0.000150277779082	0	2.34809029816e-05	0	3.75694447706e-05	4.69618059632e-06	0	7.04427089448e-05	0.000488402782017	9.39236119264e-06	0.000216024307431	0	3.75694447706e-05	0.000464921879036	0.000441440976054	6.10503477522e-05	0.000164366320871	0.00143703126247	0.00353622398903	3.75694447706e-05	0	2.34809029816e-05	4.69618059632e-06	0	0	0.000126796876101	0.000671553825274	0.000784262159586	0.000324036461146	8.92274313301e-05	8.92274313301e-05	0	4.69618059632e-06	0.000164366320871	0.00017845486266	0.000131493056697	4.69618059632e-05	0	0	9.39236119264e-06
0.000159670140275	0.00251245661903	0.0373487242825	0	0	3.75694447706e-05	5.63541671559e-05	0.00170940973706	0.000662161464081	0.000277074655183	9.39236119264e-05	0.000187847223853	2.34809029816e-05	6.10503477522e-05	0.000751388895411	7.98350701375e-05	0.000803046881971	0.00501552087687	3.75694447706e-05	0.00099559028642	1.4088541789e-05	0.00202875001761	0.000784262159586	0.00941114591503	0.000370998267109	4.22656253669e-05	0.00645255213935	0.0126702952489	0.00168123265348	0.00049779514321	0.00137128473413	0	1.87847223853e-05	6.10503477522e-05	0.0017845486266	3.75694447706e-05	0.00752328131531	0.00330141495921	0	4.69618059632e-06	0	0	7.51388895411e-05	9.39236119264e-06	6.10503477522e-05	9.39236119264e-06	3.28732641742e-05	4.69618059632e-06	2.81770835779e-05	2.81770835779e-05	0	0.000244201391009	0.00108012153715	1.4088541789e-05	0.000169062501468	4.69618059632e-06	0.000103315973119	0.000878185771512	0.00199587675344	0.000103315973119	6.10503477522e-05	0.00139006945651	0.00474314240228	0.000112708334312	2.34809029816e-05	0.000103315973119	0	0	1.87847223853e-05	0.000375694447706	0.00417490455013	0.00298677085926	0.00213676217133	0.000803046881971	0.000131493056697	5.63541671559e-05	4.69618059632e-06	0.00040856771188	0.000352213544724	0.000370998267109	0.000192543404449	4.69618059632e-06	0	0
0	0	0	0	0	0	0	0	0	0	0	0	0	0	0	0	0	0	0	0	0	0	0	0	0	0	0	0	0	0	0	0	0	0	0	0	0	0	0	0	0	0	0	0	0	0	0	0	0	0	0	0	0	0	0	0	0	0	0	0	0	0	0	0	0	0	0	0	0	0	0	0	0	0	0	0	0	0	0	0	0	0	0	0
4.22656253669e-05	0	0	0	0.0137363282442	2.34809029816e-05	0.00044613715665	0.00196300348926	0.000563541671559	0.000544756949173	0.00389782989495	7.04427089448e-05	0.000821831604356	1.87847223853e-05	0.000521276046192	8.92274313301e-05	0	9.39236119264e-06	1.4088541789e-05	1.87847223853e-05	0.00327793405623	1.4088541789e-05	9.39236119264e-06	4.69618059632e-06	0.00713819450641	0	3.75694447706e-05	4.69618059632e-06	0.00657934901545	0.000516579865595	1.87847223853e-05	9.39236119264e-06	4.69618059632e-06	4.22656253669e-05	0.000441440976054	4.69618059632e-06	0	0	0	0.000577630213347	0	4.22656253669e-05	2.34809029816e-05	1.4088541789e-05	0.000375694447706	0.000131493056697	4.69618059632e-06	0.000540060768577	0	1.87847223853e-05	4.69618059632e-06	0	0	0	4.69618059632e-06	0.000831223965549	0	4.69618059632e-06	0	0.000577630213347	4.69618059632e-06	0	0	0.000122100695504	1.87847223853e-05	4.69618059632e-06	0	0	0	2.81770835779e-05	7.98350701375e-05	2.81770835779e-05	0.000460225698439	8.92274313301e-05	0.000244201391009	4.69618059632e-06	0	1.87847223853e-05	0	2.34809029816e-05	4.69618059632e-06	1.4088541789e-05	0	0
1.87847223853e-05	4.69618059632e-06	3.75694447706e-05	0	2.34809029816e-05	0.00750449659292	0.00467739587394	0.000643376741696	0.00379921010242	6.10503477522e-05	0.000558845490962	8.45312507338e-05	0.000281770835779	5.63541671559e-05	0.00204753474	0.00189256078032	9.39236119264e-06	1.4088541789e-05	9.39236119264e-06	2.34809029816e-05	0.000159670140275	5.16579865595e-05	1.4088541789e-05	5.16579865595e-05	8.92274313301e-05	4.69618059632e-06	6.10503477522e-05	3.28732641742e-05	0.000366302086513	0.000469618059632	9.86197925227e-05	0	0.00139476563711	1.87847223853e-05	0.000525972226788	0	4.69618059632e-06	4.69618059632e-06	0	0	0	0	0	4.69618059632e-06	4.69618059632e-06	0	0	0	0	0	0	4.69618059632e-06	9.39236119264e-06	0	0	0	4.69618059632e-06	9.39236119264e-06	1.4088541789e-05	2.81770835779e-05	0	4.69618059632e-06	4.69618059632e-06	2.34809029816e-05	4.69618059632e-06	4.69618059632e-06	0	4.69618059632e-06	4.69618059632e-06	2.34809029816e-05	0.000328732641742	6.10503477522e-05	0.000859401049127	0.000394479170091	0.000958020841649	0.000868793410319	9.39236119264e-06	1.4088541789e-05	1.87847223853e-05	2.81770835779e-05	3.28732641742e-05	4.69618059632e-06	4.69618059632e-06	0
0.000122100695504	4.69618059632e-06	5.63541671559e-05	0	0.00044613715665	0.00467739587394	0.035690972532	0.008678541742	0.016333316114	0.000338125002935	0.0148962848515	0.000441440976054	0.00514701393357	0.000122100695504	0.00515171011416	0.00311826391596	3.28732641742e-05	2.81770835779e-05	3.28732641742e-05	8.45312507338e-05	0.00196300348926	0.000145581598486	1.87847223853e-05	0.000122100695504	0.000896970493897	4.69618059632e-06	0.000234809029816	7.98350701375e-05	0.00525972226788	0.00227295140862	0.000262986113394	2.34809029816e-05	0.000770173617797	7.51388895411e-05	0.00235748265935	0	9.39236119264e-06	1.4088541789e-05	0	4.22656253669e-05	0	0	4.69618059632e-06	4.69618059632e-06	7.51388895411e-05	4.69618059632e-06	4.69618059632e-06	4.69618059632e-06	4.69618059632e-06	0	0	1.4088541789e-05	4.69618059632e-06	0	0	2.34809029816e-05	4.69618059632e-06	1.87847223853e-05	2.81770835779e-05	0.000159670140275	9.39236119264e-06	1.87847223853e-05	4.69618059632e-06	6.57465283485e-05	9.39236119264e-06	4.69618059632e-06	0	4.69618059632e-06	4.69618059632e-06	2.34809029816e-05	0.000577630213347	0.000131493056697	0.0024279253683	0.000455529517843	0.00133841146995	0.000427352434265	9.39236119264e-06	2.34809029816e-05	1.87847223853e-05	2.34809029816e-05	3.28732641742e-05	1.4088541789e-05	9.39236119264e-06	0
0.0037005903099	4.22656253669e-05	0.00170940973706	0	0.00196300348926	0.000643376741696	0.008678541742	0.0725419016714	0.0219593404684	0.00221190106087	0.0204424741358	0.00124448785803	0.00112708334312	0.000201935765642	0.0171034897318	0.000835920146145	0.000211328126834	0.000774869798393	0.000126796876101	0.000516579865595	0.00154973959679	0.00496386289031	0.000117404514908	0.00347986982187	0.00641498269457	2.34809029816e-05	0.000784262159586	0.000652769102889	0.0331691235518	0.0133371528936	0.0134310765055	3.75694447706e-05	0.00017845486266	0.00159200522215	0.00925147577475	5.63541671559e-05	0.000117404514908	5.16579865595e-05	0	0.000394479170091	4.69618059632e-06	4.69618059632e-05	0.000187847223853	4.22656253669e-05	0.00148399306844	8.45312507338e-05	1.87847223853e-05	7.98350701375e-05	1.4088541789e-05	5.63541671559e-05	9.39236119264e-06	0.000192543404449	2.81770835779e-05	4.69618059632e-06	9.39236119264e-06	0.000234809029816	7.04427089448e-05	0.000333428822339	0.000117404514908	0.00239035592353	1.4088541789e-05	5.16579865595e-05	8.45312507338e-05	0.000859401049127	0.000112708334312	7.51388895411e-05	0	1.4088541789e-05	2.81770835779e-05	0.000154973959679	0.00257820314738	0.000596414935733	0.00827467021072	0.0015309548744	0.00108951389835	0.000295859377568	3.28732641742e-05	0.000164366320871	3.75694447706e-05	0.000126796876101	5.63541671559e-05	7.98350701375e-05	1.4088541789e-05	0
0.00143703126247	3.75694447706e-05	0.000662161464081	0	0.000563541671559	0.00379921010242	0.016333316114	0.0219593404684	0.0523248442042	0.000474314240228	0.0143421355412	0.00137598091472	0.0021649392549	0.000352213544724	0.0257726391126	0.00155443577738	0.000136189237293	0.000352213544724	0.000108012153715	0.000338125002935	0.00228703995041	0.00137598091472	5.16579865595e-05	0.00121631077445	0.00175167536243	3.28732641742e-05	0.000577630213347	0.000286467016376	0.00804925354209	0.00870202264498	0.00356440107261	3.28732641742e-05	0.000521276046192	0.000309947919357	0.0062506163737	9.39236119264e-06	7.51388895411e-05	4.22656253669e-05	0	4.69618059632e-05	0	9.39236119264e-06	3.75694447706e-05	9.39236119264e-06	0.000272378474587	1.4088541789e-05	9.39236119264e-06	4.69618059632e-06	9.39236119264e-06	1.87847223853e-05	0	8.92274313301e-05	9.39236119264e-06	4.69618059632e-06	9.39236119264e-06	2.34809029816e-05	5.63541671559e-05	0.000150277779082	7.98350701375e-05	0.000366302086513	1.87847223853e-05	4.22656253669e-05	4.22656253669e-05	0.000211328126834	3.75694447706e-05	2.81770835779e-05	0	1.87847223853e-05	9.39236119264e-06	7.51388895411e-05	0.00170471355646	0.000474314240228	0.00609564241402	0.000986197925227	0.0016530555699	0.000460225698439	3.28732641742e-05	6.57465283485e-05	2.34809029816e-05	7.51388895411e-05	5.63541671559e-05	1.87847223853e-05	1.4088541789e-05	4.69618059632e-06
0.000216024307431	0.00134780383114	0.000277074655183	0	0.000544756949173	6.10503477522e-05	0.000338125002935	0.00221190106087	0.000474314240228	0.0279328821869	0.000469618059632	7.98350701375e-05	0.000370998267109	4.22656253669e-05	0.000511883684999	0.000873489590916	0.0013994618177	7.98350701375e-05	2.34809029816e-05	7.51388895411e-05	9.39236119264e-05	0.00164835938931	0.00480419275004	0.000723211811833	0.0156570661081	0.000126796876101	0.00035690972532	0.000948628480457	0.0071475868676	0.00131962674757	0.000850008687934	0	9.39236119264e-06	0.000511883684999	0.00110360244014	0.000234809029816	7.51388895411e-05	8.45312507338e-05	0	0.00121161459385	9.39236119264e-06	0.000164366320871	0.000770173617797	0.000206631946238	0.00812439243164	0.000324036461146	4.69618059632e-05	0.000399175350687	4.69618059632e-06	0.000352213544724	1.4088541789e-05	0.00243731772949	6.57465283485e-05	4.69618059632e-06	2.34809029816e-05	0.000892274313301	0.000788958340182	0.00491220490375	0.000925147577475	0.00826527784952	4.69618059632e-06	8.45312507338e-05	7.04427089448e-05	0.00362075523976	0.000436744795458	0.000704427089448	0	1.4088541789e-05	0.000150277779082	0.000732604173026	0.0012726649416	0.000300555558165	0.000986197925227	0.000300555558165	0.00215554689371	2.34809029816e-05	4.69618059632e-06	0.000803046881971	0.000126796876101	0.000709123270044	0.000338125002935	0.000300555558165	7.04427089448e-05	0
0.000309947919357	4.69618059632e-06	9.39236119264e-05	0	0.00389782989495	0.000558845490962	0.0148962848515	0.0204424741358	0.0143421355412	0.000469618059632	0.0484223181287	0.00102376737	0.00435335941279	0.00017845486266	0.00669675353035	0.000577630213347	4.22656253669e-05	0.000154973959679	9.39236119264e-05	0.000239505210412	0.00627409727668	0.000328732641742	0	0.000300555558165	0.00299146703986	2.34809029816e-05	0.000479010420825	0.000169062501468	0.0145722483904	0.00488402782017	0.000582326393944	3.75694447706e-05	0.000131493056697	0.00023011284922	0.00506248268283	0	2.81770835779e-05	0	0	0.000112708334312	0	1.87847223853e-05	1.4088541789e-05	0	0.000277074655183	2.81770835779e-05	1.87847223853e-05	5.63541671559e-05	2.34809029816e-05	0	0	1.87847223853e-05	0	0	0	0.000103315973119	1.87847223853e-05	2.81770835779e-05	0	0.000422656253669	1.87847223853e-05	2.34809029816e-05	3.28732641742e-05	0.000145581598486	9.39236119264e-06	1.4088541789e-05	0	4.69618059632e-06	0	9.39236119264e-06	0.000934539938668	0.000262986113394	0.0045975608038	0.000479010420825	0.000807743062567	0.000126796876101	1.87847223853e-05	2.81770835779e-05	1.87847223853e-05	1.4088541789e-05	9.39236119264e-06	9.39236119264e-06	4.69618059632e-06	0
7.51388895411e-05	0.000108012153715	0.000187847223853	0	7.04427089448e-05	8.45312507338e-05	0.000441440976054	0.00124448785803	0.00137598091472	7.98350701375e-05	0.00102376737	0.0269654689841	0.000295859377568	0.00604868060806	0.00155913195798	2.34809029816e-05	7.51388895411e-05	0.000633984380503	0.00316992190252	0.00471026913811	0.000432048614862	0.000122100695504	3.28732641742e-05	0.000291163196972	0.000197239585045	0.00222598960266	0.00687520839301	0.0016530555699	0.000751388895411	0.00254063370261	0.000154973959679	0.000920451396879	0.000122100695504	2.81770835779e-05	0.00826058166893	4.69618059632e-06	0.000201935765642	2.34809029816e-05	0	1.4088541789e-05	0	9.39236119264e-06	9.39236119264e-06	0	3.28732641742e-05	9.39236119264e-06	0.0007654774372	1.4088541789e-05	0.00111769098192	1.87847223853e-05	0	9.39236119264e-06	2.81770835779e-05	6.57465283485e-05	0.000131493056697	4.69618059632e-06	4.69618059632e-06	1.87847223853e-05	1.4088541789e-05	5.16579865595e-05	0.00130084202518	0.000972109383438	0.000741996534219	2.81770835779e-05	1.4088541789e-05	0	6.10503477522e-05	1.87847223853e-05	0	0.000103315973119	0.00166714411169	0.00481358511123	0.00859870667186	0.000953324661053	0.000112708334312	5.16579865595e-05	0.00116465278789	0.000117404514908	0.000183151043257	0.000154973959679	4.22656253669e-05	4.69618059632e-06	1.4088541789e-05	1.4088541789e-05
4.69618059632e-06	4.69618059632e-06	2.34809029816e-05	0	0.000821831604356	0.000281770835779	0.00514701393357	0.00112708334312	0.0021649392549	0.000370998267109	0.00435335941279	0.000295859377568	0.0199916407985	5.63541671559e-05	0.00145581598486	0.0011458680655	9.39236119264e-06	1.87847223853e-05	3.75694447706e-05	7.51388895411e-05	0.00812908861223	3.28732641742e-05	9.39236119264e-06	2.34809029816e-05	0.0012820573028	0	0.000126796876101	2.81770835779e-05	0.000948628480457	0.00113177952371	1.87847223853e-05	1.4088541789e-05	4.69618059632e-05	1.4088541789e-05	0.00143703126247	4.69618059632e-06	4.69618059632e-06	4.69618059632e-06	0	4.22656253669e-05	0	0.000389782989495	1.4088541789e-05	5.63541671559e-05	1.87847223853e-05	0.000244201391009	4.69618059632e-06	0.00147929688784	0	5.16579865595e-05	4.69618059632e-05	9.39236119264e-06	4.69618059632e-06	0	0	0.000136189237293	9.39236119264e-06	9.39236119264e-06	1.4088541789e-05	7.04427089448e-05	9.39236119264e-06	4.69618059632e-06	9.39236119264e-06	3.75694447706e-05	5.63541671559e-05	0	0	9.39236119264e-06	0	6.10503477522e-05	0.00017845486266	4.69618059632e-05	0.00133841146995	0.000159670140275	0.00126796876101	4.69618059632e-05	9.39236119264e-06	1.87847223853e-05	0	3.75694447706e-05	1.4088541789e-05	4.69618059632e-05	4.69618059632e-06	0
4.69618059632e-06	0.000201935765642	6.10503477522e-05	0	1.87847223853e-05	5.63541671559e-05	0.000122100695504	0.000201935765642	0.000352213544724	4.22656253669e-05	0.00017845486266	0.00604868060806	5.63541671559e-05	0.0185123439107	0.000305251738761	9.39236119264e-06	2.81770835779e-05	9.39236119264e-05	0.000394479170091	0.000352213544724	8.45312507338e-05	9.39236119264e-05	7.04427089448e-05	0.000131493056697	5.63541671559e-05	0.00413733510536	0.00399644968747	0.00396827260389	0.000173758682064	0.000413263892476	2.81770835779e-05	0.00264394967573	5.16579865595e-05	1.4088541789e-05	0.00130084202518	2.34809029816e-05	0.000225416668623	1.4088541789e-05	0	4.69618059632e-06	1.4088541789e-05	4.69618059632e-05	9.39236119264e-06	2.81770835779e-05	9.39236119264e-06	2.34809029816e-05	0.00118343751027	3.28732641742e-05	0.00238565974293	7.04427089448e-05	9.39236119264e-06	4.69618059632e-06	2.81770835779e-05	0.000112708334312	0.000286467016376	1.87847223853e-05	9.39236119264e-06	4.69618059632e-06	1.4088541789e-05	2.81770835779e-05	0.00263455731454	0.00199118057284	0.00166714411169	1.4088541789e-05	2.81770835779e-05	1.4088541789e-05	0.000122100695504	5.16579865595e-05	0	0.000305251738761	0.000455529517843	0.00267212675931	0.00251715279963	0.000685642367063	1.87847223853e-05	0.000145581598486	0.000986197925227	0.000126796876101	0.00026768229399	0.000389782989495	0.000126796876101	2.34809029816e-05	7.51388895411e-05	0.000216024307431
0.00315583336073	3.28732641742e-05	0.000751388895411	0	0.000521276046192	0.00204753474	0.00515171011416	0.0171034897318	0.0257726391126	0.000511883684999	0.00669675353035	0.00155913195798	0.00145581598486	0.000305251738761	0.0451115108083	0.000981501744631	0.000117404514908	0.000479010420825	0.000164366320871	0.000361605905917	0.00176106772362	0.00142763890128	5.16579865595e-05	0.00124918403862	0.00179863716839	4.69618059632e-05	0.000619895838714	0.000347517364128	0.00597823789912	0.0155349654126	0.00465861115155	2.34809029816e-05	0.00131493056697	0.000450833337247	0.00698791672733	9.39236119264e-06	8.92274313301e-05	4.22656253669e-05	0	9.39236119264e-06	0	9.39236119264e-06	6.10503477522e-05	4.69618059632e-06	0.000286467016376	0	2.34809029816e-05	4.69618059632e-06	1.4088541789e-05	2.34809029816e-05	0	7.04427089448e-05	9.39236119264e-06	0	9.39236119264e-06	9.39236119264e-06	4.69618059632e-05	0.00017845486266	6.57465283485e-05	0.000361605905917	1.4088541789e-05	5.63541671559e-05	7.51388895411e-05	0.000211328126834	3.28732641742e-05	2.81770835779e-05	0	4.69618059632e-06	9.39236119264e-06	7.04427089448e-05	0.00180333334899	0.000540060768577	0.00609564241402	0.000972109383438	0.0012773611222	0.000511883684999	6.57465283485e-05	5.63541671559e-05	9.39236119264e-06	5.63541671559e-05	5.63541671559e-05	4.69618059632e-06	1.4088541789e-05	4.69618059632e-06
2.81770835779e-05	4.69618059632e-05	7.98350701375e-05	0	8.92274313301e-05	0.00189256078032	0.00311826391596	0.000835920146145	0.00155443577738	0.000873489590916	0.000577630213347	2.34809029816e-05	0.0011458680655	9.39236119264e-06	0.000981501744631	0.0101954080746	0.000352213544724	3.75694447706e-05	0	3.28732641742e-05	0.000187847223853	0.000633984380503	0.000112708334312	0.00058702257454	0.00109890625954	9.39236119264e-06	6.57465283485e-05	0.000145581598486	0.00134780383114	0.000469618059632	0.000342821183531	0	0.000183151043257	7.98350701375e-05	0.00110829862073	4.69618059632e-06	4.22656253669e-05	1.87847223853e-05	0	1.4088541789e-05	0	9.39236119264e-06	4.22656253669e-05	0	0.000103315973119	1.87847223853e-05	1.4088541789e-05	4.69618059632e-06	0	4.69618059632e-06	0	5.63541671559e-05	7.04427089448e-05	0	1.4088541789e-05	0	3.75694447706e-05	0.000112708334312	0.000159670140275	0.000164366320871	4.69618059632e-06	2.81770835779e-05	5.63541671559e-05	0.000108012153715	9.39236119264e-06	4.22656253669e-05	0	0	0	7.51388895411e-05	0.00269091148169	0.000201935765642	0.00090636285509	0.000709123270044	0.00252654516082	0.000117404514908	4.69618059632e-06	0.000122100695504	7.04427089448e-05	0.00017845486266	0.000187847223853	9.39236119264e-06	0	0
2.81770835779e-05	0.00031934028055	0.000803046881971	0	0	9.39236119264e-06	3.28732641742e-05	0.000211328126834	0.000136189237293	0.0013994618177	4.22656253669e-05	7.51388895411e-05	9.39236119264e-06	2.81770835779e-05	0.000117404514908	0.000352213544724	0.0246831252143	0.00035690972532	1.4088541789e-05	0.000122100695504	1.87847223853e-05	0.00568237852155	0.00618017366476	0.00870202264498	0.00417490455013	3.75694447706e-05	0.000324036461146	0.00547574657531	0.0044613715665	0.000159670140275	0.000544756949173	4.69618059632e-06	4.69618059632e-06	4.22656253669e-05	0.00125857639981	3.75694447706e-05	0.00031934028055	0.000244201391009	0	0	0	0	7.98350701375e-05	0	7.04427089448e-05	4.69618059632e-06	4.69618059632e-06	4.69618059632e-06	0	1.4088541789e-05	0	0.00175167536243	0.00014088541789	0	9.39236119264e-06	4.69618059632e-06	0.000741996534219	0.00445667538591	0.00270969620408	0.000277074655183	0	7.51388895411e-05	0.000427352434265	0.000258289932798	5.16579865595e-05	0.000295859377568	0	0	1.4088541789e-05	0.00014088541789	0.00430170142623	0.00120222223266	0.00176106772362	0.00122100695504	0.000375694447706	4.22656253669e-05	4.69618059632e-06	0.000253593752201	0.000108012153715	0.000164366320871	0.000173758682064	0	4.69618059632e-06	0
0.000183151043257	0.000741996534219	0.00501552087687	0	9.39236119264e-06	1.4088541789e-05	2.81770835779e-05	0.000774869798393	0.000352213544724	7.98350701375e-05	0.000154973959679	0.000633984380503	1.87847223853e-05	9.39236119264e-05	0.000479010420825	3.75694447706e-05	0.00035690972532	0.0271251391244	0.000169062501468	0.00907302091209	3.75694447706e-05	0.00144172744307	0.000197239585045	0.00522215282311	0.000154973959679	4.69618059632e-05	0.0054945312977	0.00391191843674	0.000680946186467	0.000704427089448	0.00162018230573	2.34809029816e-05	4.69618059632e-06	4.69618059632e-05	0.00601111116329	9.39236119264e-06	0.0020381423788	0.000798350701375	0	0	0	0	3.75694447706e-05	0	2.81770835779e-05	0	2.81770835779e-05	0	0	1.4088541789e-05	0	6.57465283485e-05	0.000479010420825	9.39236119264e-06	0.00014088541789	0	2.81770835779e-05	0.000164366320871	0.000305251738761	4.22656253669e-05	6.57465283485e-05	0.00101437500881	0.00155443577738	2.81770835779e-05	1.4088541789e-05	2.81770835779e-05	0	0	0	9.39236119264e-05	0.0031887066249	0.00321218752788	0.00367241322632	0.000967413202842	5.63541671559e-05	4.22656253669e-05	3.75694447706e-05	0.000183151043257	0.000145581598486	8.92274313301e-05	6.57465283485e-05	4.69618059632e-06	4.69618059632e-06	4.69618059632e-06
1.4088541789e-05	2.81770835779e-05	3.75694447706e-05	0	1.4088541789e-05	9.39236119264e-06	3.28732641742e-05	0.000126796876101	0.000108012153715	2.34809029816e-05	9.39236119264e-05	0.00316992190252	3.75694447706e-05	0.000394479170091	0.000164366320871	0	1.4088541789e-05	0.000169062501468	0.00687051221242	0.00256411460559	4.69618059632e-05	2.81770835779e-05	1.87847223853e-05	7.98350701375e-05	4.22656253669e-05	9.39236119264e-05	0.00308069447119	0.000530668407384	7.51388895411e-05	0.000225416668623	3.75694447706e-05	0.000117404514908	4.69618059632e-06	1.4088541789e-05	0.000878185771512	0	0.000108012153715	9.39236119264e-06	0	4.69618059632e-06	0	0	0	0	4.69618059632e-06	0	5.63541671559e-05	0	7.04427089448e-05	0	0	0	9.39236119264e-06	1.87847223853e-05	4.22656253669e-05	0	0	0	0	9.39236119264e-06	0.00031934028055	0.000309947919357	0.000300555558165	4.69618059632e-06	0	0	9.39236119264e-06	4.69618059632e-06	0	9.39236119264e-06	0.000394479170091	0.000774869798393	0.00108481771775	0.000145581598486	4.69618059632e-06	4.69618059632e-06	2.81770835779e-05	5.63541671559e-05	3.28732641742e-05	1.4088541789e-05	1.4088541789e-05	0	4.69618059632e-06	0
6.57465283485e-05	0.000624592019311	0.00099559028642	0	1.87847223853e-05	2.34809029816e-05	8.45312507338e-05	0.000516579865595	0.000338125002935	7.51388895411e-05	0.000239505210412	0.00471026913811	7.51388895411e-05	0.000352213544724	0.000361605905917	3.28732641742e-05	0.000122100695504	0.00907302091209	0.00256411460559	0.0240820140979	0.000108012153715	0.000305251738761	0.000145581598486	0.000741996534219	0.000159670140275	0.000309947919357	0.0113130990565	0.00326384551444	0.000342821183531	0.000695034728256	0.000347517364128	8.45312507338e-05	9.39236119264e-06	1.87847223853e-05	0.00586083338421	0	0.00159670140275	0.00026768229399	0	0	0	9.39236119264e-06	1.4088541789e-05	0	3.28732641742e-05	4.69618059632e-06	7.04427089448e-05	1.87847223853e-05	7.51388895411e-05	0	0	2.81770835779e-05	0.000272378474587	0	0.000225416668623	9.39236119264e-06	1.4088541789e-05	3.75694447706e-05	7.51388895411e-05	3.28732641742e-05	0.000399175350687	0.00136658855353	0.00130084202518	1.87847223853e-05	4.69618059632e-06	9.39236119264e-06	4.69618059632e-06	4.69618059632e-06	0	8.45312507338e-05	0.00291632815032	0.00385086808898	0.00425943580086	0.000831223965549	5.16579865595e-05	3.28732641742e-05	4.69618059632e-05	0.000220720488027	0.000154973959679	7.51388895411e-05	3.28732641742e-05	4.69618059632e-06	9.39236119264e-06	0
3.28732641742e-05	0	1.4088541789e-05	0	0.00327793405623	0.000159670140275	0.00196300348926	0.00154973959679	0.00228703995041	9.39236119264e-05	0.00627409727668	0.000432048614862	0.00812908861223	8.45312507338e-05	0.00176106772362	0.000187847223853	1.87847223853e-05	3.75694447706e-05	4.69618059632e-05	0.000108012153715	0.0162440886827	2.81770835779e-05	0	3.75694447706e-05	0.00225886286683	9.39236119264e-06	0.000201935765642	5.63541671559e-05	0.00121631077445	0.00143233508188	5.63541671559e-05	1.4088541789e-05	4.69618059632e-05	4.69618059632e-05	0.00194891494747	0	4.69618059632e-06	0	0	1.4088541789e-05	0	9.39236119264e-06	4.69618059632e-06	0	5.63541671559e-05	9.39236119264e-06	4.69618059632e-06	1.87847223853e-05	9.39236119264e-06	0	0	4.69618059632e-06	0	0	0	1.87847223853e-05	0	4.69618059632e-06	0	8.45312507338e-05	1.4088541789e-05	4.69618059632e-06	1.4088541789e-05	2.34809029816e-05	4.69618059632e-06	0	0	4.69618059632e-06	0	0	0.000286467016376	0.000112708334312	0.00179863716839	0.000197239585045	0.000342821183531	6.57465283485e-05	1.4088541789e-05	4.69618059632e-06	9.39236119264e-06	9.39236119264e-06	1.4088541789e-05	4.69618059632e-06	0	0
0.000413263892476	0.000150277779082	0.00202875001761	0	1.4088541789e-05	5.16579865595e-05	0.000145581598486	0.00496386289031	0.00137598091472	0.00164835938931	0.000328732641742	0.000122100695504	3.28732641742e-05	9.39236119264e-05	0.00142763890128	0.000633984380503	0.00568237852155	0.00144172744307	2.81770835779e-05	0.000305251738761	2.81770835779e-05	0.0537290022025	0.00192543404449	0.0239317363189	0.00400114586807	1.87847223853e-05	0.00044613715665	0.0014088541789	0.0190993664852	0.0015309548744	0.0176059810556	9.39236119264e-06	3.75694447706e-05	0.000441440976054	0.00679067714228	8.92274313301e-05	0.000253593752201	0.000131493056697	0	0	0	4.69618059632e-06	0.00026768229399	2.34809029816e-05	0.000474314240228	0	1.4088541789e-05	0	0	5.63541671559e-05	0	0.00146051216546	0.000122100695504	4.69618059632e-06	9.39236119264e-06	0	0.000633984380503	0.00348926218307	0.0012820573028	0.000690338547659	9.39236119264e-06	9.39236119264e-05	0.000262986113394	0.000807743062567	0.000108012153715	0.000582326393944	0	0	4.69618059632e-05	0.000197239585045	0.00579039067526	0.00142763890128	0.00585613720361	0.00289284724733	0.000652769102889	0.000201935765642	4.69618059632e-06	0.000380390628302	0.000112708334312	0.00023011284922	0.000206631946238	3.75694447706e-05	4.69618059632e-06	4.69618059632e-06
3.28732641742e-05	0.0036958941293	0.000784262159586	0	9.39236119264e-06	1.4088541789e-05	1.87847223853e-05	0.000117404514908	5.16579865595e-05	0.00480419275004	0	3.28732641742e-05	9.39236119264e-06	7.04427089448e-05	5.16579865595e-05	0.000112708334312	0.00618017366476	0.000197239585045	1.87847223853e-05	0.000145581598486	0	0.00192543404449	0.0194374914882	0.00363953996215	0.00337655384875	0.000295859377568	0.000746692714815	0.00581387157825	0.00170471355646	0.000103315973119	0.000281770835779	9.39236119264e-06	0	5.63541671559e-05	0.000464921879036	4.69618059632e-05	0.00156852431917	0.000464921879036	0	9.39236119264e-06	4.69618059632e-06	0	0.00014088541789	1.4088541789e-05	0.00023011284922	9.39236119264e-06	1.4088541789e-05	4.69618059632e-06	0	3.28732641742e-05	0	0.00244671009068	0.000192543404449	4.69618059632e-06	3.75694447706e-05	9.39236119264e-06	0.000887578132705	0.00729786464668	0.00411855038297	0.00044613715665	9.39236119264e-06	0.000136189237293	0.0010190711894	0.00040856771188	3.75694447706e-05	0.000375694447706	0	4.69618059632e-06	1.4088541789e-05	0.000183151043257	0.000713819450641	0.000389782989495	0.000361605905917	0.000154973959679	0.000201935765642	4.69618059632e-06	0	0.000338125002935	0.000154973959679	0.000220720488027	0.000150277779082	0	4.69618059632e-06	0
0.000258289932798	0.00031934028055	0.00941114591503	0	4.69618059632e-06	5.16579865595e-05	0.000122100695504	0.00347986982187	0.00121631077445	0.000723211811833	0.000300555558165	0.000291163196972	2.34809029816e-05	0.000131493056697	0.00124918403862	0.00058702257454	0.00870202264498	0.00522215282311	7.98350701375e-05	0.000741996534219	3.75694447706e-05	0.0239317363189	0.00363953996215	0.0651688981351	0.00143703126247	1.4088541789e-05	0.0013994618177	0.00695034728256	0.00796472229136	0.00119752605206	0.00659813373783	0	2.81770835779e-05	0.000183151043257	0.00680946186467	3.75694447706e-05	0.00181742189078	0.000751388895411	0	0	4.69618059632e-06	4.69618059632e-06	0.000164366320871	0	0.000197239585045	9.39236119264e-06	2.34809029816e-05	9.39236119264e-06	4.69618059632e-06	1.87847223853e-05	4.69618059632e-06	0.00159200522215	0.000347517364128	9.39236119264e-06	3.75694447706e-05	4.69618059632e-06	0.000572934032751	0.00527850699026	0.00471026913811	0.000225416668623	1.4088541789e-05	0.000192543404449	0.00138537327591	0.000258289932798	4.22656253669e-05	0.000291163196972	0	4.69618059632e-06	1.4088541789e-05	0.000300555558165	0.010016953212	0.00284588544137	0.00739178825861	0.00386026045018	0.000972109383438	0.000183151043257	9.39236119264e-06	0.000591718755136	0.000234809029816	0.000370998267109	0.000380390628302	1.4088541789e-05	1.4088541789e-05	4.69618059632e-06
0.000746692714815	0.000887578132705	0.000370998267109	0	0.00713819450641	8.92274313301e-05	0.000896970493897	0.00641498269457	0.00175167536243	0.0156570661081	0.00299146703986	0.000197239585045	0.0012820573028	5.63541671559e-05	0.00179863716839	0.00109890625954	0.00417490455013	0.000154973959679	4.22656253669e-05	0.000159670140275	0.00225886286683	0.00400114586807	0.00337655384875	0.00143703126247	0.0563353824335	8.92274313301e-05	0.000370998267109	0.00103315973119	0.0258477780022	0.00432987850981	0.00248427953545	9.39236119264e-06	2.34809029816e-05	0.00147929688784	0.00409976566059	0.000281770835779	0.000122100695504	8.92274313301e-05	0	0.000939236119264	9.39236119264e-06	0.000173758682064	0.000901666674494	0.000201935765642	0.00700670144971	0.000305251738761	3.28732641742e-05	0.000253593752201	9.39236119264e-06	0.000413263892476	1.87847223853e-05	0.00145581598486	7.04427089448e-05	0	2.34809029816e-05	0.000568237852155	0.000427352434265	0.00294450523389	0.000479010420825	0.00806803826448	1.4088541789e-05	7.04427089448e-05	9.39236119264e-05	0.00339064239054	0.000507187504403	0.000619895838714	0	2.81770835779e-05	0.00017845486266	0.000718515631237	0.00341412329353	0.000582326393944	0.00330611113981	0.00120222223266	0.00172819445945	0.000173758682064	1.4088541789e-05	0.000610503477522	9.39236119264e-05	0.000695034728256	0.000305251738761	0.000281770835779	7.51388895411e-05	0
9.39236119264e-06	0.000756085076008	4.22656253669e-05	0	0	4.69618059632e-06	4.69618059632e-06	2.34809029816e-05	3.28732641742e-05	0.000126796876101	2.34809029816e-05	0.00222598960266	0	0.00413733510536	4.69618059632e-05	9.39236119264e-06	3.75694447706e-05	4.69618059632e-05	9.39236119264e-05	0.000309947919357	9.39236119264e-06	1.87847223853e-05	0.000295859377568	1.4088541789e-05	8.92274313301e-05	0.0104067362014	0.00225416668623	0.00262516495334	4.22656253669e-05	7.51388895411e-05	4.69618059632e-06	0.000417960073073	0	9.39236119264e-06	0.000309947919357	9.39236119264e-06	0.00102846355059	9.39236119264e-06	0	9.39236119264e-06	4.69618059632e-06	4.69618059632e-06	9.39236119264e-06	9.39236119264e-06	1.87847223853e-05	4.69618059632e-06	0.00133841146995	9.39236119264e-06	0.00228234376981	1.87847223853e-05	0	0	4.22656253669e-05	0.000122100695504	0.000206631946238	9.39236119264e-06	0	1.87847223853e-05	4.69618059632e-06	9.39236119264e-06	0.00390722225614	0.00200526911463	0.00192543404449	9.39236119264e-06	1.87847223853e-05	4.69618059632e-06	8.92274313301e-05	1.4088541789e-05	0	0.000103315973119	0.000103315973119	0.00137128473413	0.000413263892476	3.75694447706e-05	1.4088541789e-05	9.39236119264e-06	0.000882881952108	4.69618059632e-05	0.000197239585045	0.000164366320871	1.4088541789e-05	4.69618059632e-06	0	4.69618059632e-05
3.75694447706e-05	0.00412794274417	0.00645255213935	0	3.75694447706e-05	6.10503477522e-05	0.000234809029816	0.000784262159586	0.000577630213347	0.00035690972532	0.000479010420825	0.00687520839301	0.000126796876101	0.00399644968747	0.000619895838714	6.57465283485e-05	0.000324036461146	0.0054945312977	0.00308069447119	0.0113130990565	0.000201935765642	0.00044613715665	0.000746692714815	0.0013994618177	0.000370998267109	0.00225416668623	0.0633279953414	0.02189359394	0.000666857644678	0.00102376737	0.000291163196972	0.00221659724146	3.28732641742e-05	2.34809029816e-05	0.0059970226215	3.75694447706e-05	0.00945810772099	0.00115995660729	0	4.69618059632e-06	4.69618059632e-06	1.87847223853e-05	2.81770835779e-05	3.28732641742e-05	3.28732641742e-05	1.4088541789e-05	0.000671553825274	2.34809029816e-05	0.00119752605206	5.63541671559e-05	4.69618059632e-06	5.16579865595e-05	0.00133841146995	0.000192543404449	0.00131493056697	1.4088541789e-05	3.75694447706e-05	8.45312507338e-05	0.000342821183531	7.51388895411e-05	0.00384147572779	0.00921390632998	0.0093219184837	3.28732641742e-05	5.16579865595e-05	4.22656253669e-05	5.63541671559e-05	4.69618059632e-06	0	0.000544756949173	0.00415142364715	0.00843434035099	0.00622243929013	0.00113647570431	9.86197925227e-05	6.10503477522e-05	9.86197925227e-05	0.000558845490962	0.000864097229723	0.000582326393944	0.000154973959679	9.39236119264e-06	9.39236119264e-06	3.75694447706e-05
4.69618059632e-05	0.00950037334636	0.0126702952489	0	4.69618059632e-06	3.28732641742e-05	7.98350701375e-05	0.000652769102889	0.000286467016376	0.000948628480457	0.000169062501468	0.0016530555699	2.81770835779e-05	0.00396827260389	0.000347517364128	0.000145581598486	0.00547574657531	0.00391191843674	0.000530668407384	0.00326384551444	5.63541671559e-05	0.0014088541789	0.00581387157825	0.00695034728256	0.00103315973119	0.00262516495334	0.02189359394	0.0677095318378	0.0011458680655	0.000413263892476	0.000516579865595	0.0014041579983	3.28732641742e-05	2.34809029816e-05	0.00318401044431	2.34809029816e-05	0.00947219626278	0.00253593752201	0	0	0	4.69618059632e-06	6.57465283485e-05	3.28732641742e-05	4.69618059632e-05	9.39236119264e-06	0.000432048614862	4.69618059632e-06	0.000704427089448	4.22656253669e-05	4.69618059632e-06	0.000488402782017	0.00116465278789	0.000154973959679	0.000831223965549	4.69618059632e-06	0.000145581598486	0.00208510418477	0.00302434030403	7.51388895411e-05	0.00250306425784	0.00508596358582	0.00745283860636	7.51388895411e-05	4.22656253669e-05	7.98350701375e-05	2.81770835779e-05	0	9.39236119264e-06	0.000479010420825	0.0061285156782	0.00467269969334	0.00337185766816	0.000915755216283	0.000197239585045	6.57465283485e-05	5.63541671559e-05	0.000563541671559	0.000596414935733	0.00049779514321	0.000173758682064	1.4088541789e-05	1.87847223853e-05	2.34809029816e-05
0.00143703126247	0.000154973959679	0.00168123265348	0	0.00657934901545	0.000366302086513	0.00525972226788	0.0331691235518	0.00804925354209	0.0071475868676	0.0145722483904	0.000751388895411	0.000948628480457	0.000173758682064	0.00597823789912	0.00134780383114	0.0044613715665	0.000680946186467	7.51388895411e-05	0.000342821183531	0.00121631077445	0.0190993664852	0.00170471355646	0.00796472229136	0.0258477780022	4.22656253669e-05	0.000666857644678	0.0011458680655	0.0878420580542	0.00887578132705	0.00978214418214	2.34809029816e-05	0.000103315973119	0.00193482640568	0.0104865712716	0.000220720488027	0.000216024307431	0.000103315973119	0	0.000939236119264	4.69618059632e-06	8.45312507338e-05	0.000812439243164	0.000145581598486	0.00501082469627	0.000201935765642	2.81770835779e-05	0.000201935765642	4.69618059632e-06	0.00023011284922	1.87847223853e-05	0.00217902779669	0.000103315973119	9.39236119264e-06	1.87847223853e-05	0.000558845490962	0.00058702257454	0.00414203128596	0.000784262159586	0.00686581603182	1.4088541789e-05	0.000112708334312	0.000164366320871	0.00317931426371	0.000422656253669	0.000793654520778	0	2.34809029816e-05	0.000131493056697	0.000605807296925	0.00627409727668	0.00116465278789	0.00877716153452	0.00282240453839	0.00158261286096	0.000347517364128	2.81770835779e-05	0.000643376741696	0.000159670140275	0.000540060768577	0.000262986113394	0.000206631946238	5.16579865595e-05	0
0.00837329000324	3.75694447706e-05	0.00049779514321	0	0.000516579865595	0.000469618059632	0.00227295140862	0.0133371528936	0.00870202264498	0.00131962674757	0.00488402782017	0.00254063370261	0.00113177952371	0.000413263892476	0.0155349654126	0.000469618059632	0.000159670140275	0.000704427089448	0.000225416668623	0.000695034728256	0.00143233508188	0.0015309548744	0.000103315973119	0.00119752605206	0.00432987850981	7.51388895411e-05	0.00102376737	0.000413263892476	0.00887578132705	0.0476004865243	0.00907302091209	7.04427089448e-05	0.000596414935733	0.00594536463494	0.0142106424845	2.81770835779e-05	5.16579865595e-05	3.28732641742e-05	0	5.16579865595e-05	0	9.39236119264e-06	0.000103315973119	4.69618059632e-05	0.000709123270044	9.39236119264e-06	3.28732641742e-05	1.4088541789e-05	1.87847223853e-05	6.57465283485e-05	0	0.000173758682064	9.39236119264e-06	1.4088541789e-05	9.39236119264e-06	2.81770835779e-05	4.69618059632e-05	0.000333428822339	8.45312507338e-05	0.000807743062567	4.22656253669e-05	8.92274313301e-05	8.45312507338e-05	0.000493098962614	8.45312507338e-05	5.16579865595e-05	0	4.69618059632e-06	2.34809029816e-05	0.000126796876101	0.00170471355646	0.000704427089448	0.00999347230897	0.00129614584458	0.000732604173026	0.000300555558165	6.10503477522e-05	0.000112708334312	2.81770835779e-05	0.000108012153715	7.04427089448e-05	2.81770835779e-05	9.39236119264e-06	0
0.00253593752201	2.81770835779e-05	0.00137128473413	0	1.87847223853e-05	9.86197925227e-05	0.000262986113394	0.0134310765055	0.00356440107261	0.000850008687934	0.000582326393944	0.000154973959679	1.87847223853e-05	2.81770835779e-05	0.00465861115155	0.000342821183531	0.000544756949173	0.00162018230573	3.75694447706e-05	0.000347517364128	5.63541671559e-05	0.0176059810556	0.000281770835779	0.00659813373783	0.00248427953545	4.69618059632e-06	0.000291163196972	0.000516579865595	0.00978214418214	0.00907302091209	0.0450222833769	0	9.39236119264e-06	0.00170940973706	0.00673901915572	3.28732641742e-05	6.57465283485e-05	6.10503477522e-05	0	4.69618059632e-06	4.69618059632e-06	2.34809029816e-05	0.000150277779082	1.87847223853e-05	0.000507187504403	4.69618059632e-06	1.4088541789e-05	9.39236119264e-06	4.69618059632e-06	4.22656253669e-05	0	0.000605807296925	6.10503477522e-05	4.69618059632e-06	4.69618059632e-06	4.69618059632e-06	0.000136189237293	0.00107542535656	0.000239505210412	0.000643376741696	4.69618059632e-06	2.34809029816e-05	6.57465283485e-05	0.000652769102889	7.51388895411e-05	0.000201935765642	0	9.39236119264e-06	2.34809029816e-05	8.92274313301e-05	0.00208040800417	0.000540060768577	0.00400114586807	0.00144172744307	0.00035690972532	0.000122100695504	4.69618059632e-06	0.00014088541789	2.81770835779e-05	0.000108012153715	8.45312507338e-05	3.28732641742e-05	9.39236119264e-06	0
