0.0165325758429	0	4.33016653821e-05	0	0.000147225662299	8.66033307641e-06	0.00233395976409	0.00379322588747	0.00463760836242	0.000173206661528	0.000671175813422	1.29904996146e-05	0.000731798144957	1.29904996146e-05	0.00553828300236	9.09334973023e-05	7.79429976877e-05	3.03111657674e-05	0	4.33016653821e-06	0.000355073656133	0.000350743489595	0.000108254163455	0.000350743489595	0.000411365821129	0	8.66033307641e-06	2.59809992292e-05	0.00126007846262	0.00720106695304	0.00449471286666	0	3.03111657674e-05	0.00173206661528	0.00211745143718	0	0	0	0	1.73206661528e-05	0	0	2.59809992292e-05	0	0.000108254163455	4.33016653821e-06	0	1.29904996146e-05	0	0	0	0	0	0	0	1.73206661528e-05	0	8.66033307641e-06	4.33016653821e-06	8.22731642259e-05	0	0	0	2.59809992292e-05	0	8.66033307641e-06	0	0	0	0	0.000402705488053	4.76318319203e-05	0.000593232815734	0.000181866994605	0.000229498826525	0.00012124466307	1.73206661528e-05	4.33016653821e-06	0	0	0	0	0	0
0	0.0160692480233	0.00287956074791	0	0	0	1.29904996146e-05	4.33016653821e-06	4.33016653821e-06	1.73206661528e-05	0	0.000186197161143	0	6.92826646113e-05	8.66033307641e-06	0	0.00021650832691	0.00121677679724	2.1650832691e-05	0.000649524980731	0	0.000194857494219	0.00210013077103	0.00118646563147	3.03111657674e-05	0.00102624946955	0.00358970806017	0.0105309650209	3.89714988438e-05	3.03111657674e-05	4.76318319203e-05	0	0	2.1650832691e-05	0.00103490980263	0	0.00300080541098	0.000619213814963	0	0	0	0	8.66033307641e-06	0	1.29904996146e-05	0	6.49524980731e-05	0	1.73206661528e-05	0	0	5.62921649967e-05	0.000420026154206	8.66033307641e-06	0.000142895495761	0	5.62921649967e-05	0.000441676986897	0.000285790991522	4.33016653821e-06	9.09334973023e-05	0.000528280317661	0.00160216161914	4.33016653821e-06	0	1.73206661528e-05	0	0	0	0.000233828993063	0.000571581983043	0.00126873879569	0.000909334973023	0.000350743489595	3.46413323056e-05	6.06223315349e-05	2.1650832691e-05	0.000151555828837	0.000679836146498	0.000212178160372	6.49524980731e-05	4.33016653821e-06	0	0
4.33016653821e-05	0.00287956074791	0.0307355220882	0	4.33016653821e-06	0	3.89714988438e-05	6.06223315349e-05	2.1650832691e-05	3.46413323056e-05	4.33016653821e-06	0.000281460824983	4.33016653821e-06	0.00012124466307	2.59809992292e-05	0	0.000307441824213	0.00815803375798	3.03111657674e-05	0.00106955113494	4.33016653821e-06	0.0014506057903	0.00109120196763	0.0128389437858	6.49524980731e-05	0.000134235162684	0.0060752236531	0.0105785968528	0.000238159159601	0.000147225662299	0.000428686487282	0	8.66033307641e-06	0.000129904996146	0.00436913803705	0	0.000805410976106	0.000251149659216	0	0	0	0	4.33016653821e-06	0	2.1650832691e-05	4.33016653821e-06	8.66033307641e-06	0	0	0	0	7.79429976877e-05	0.000125574829608	4.33016653821e-06	3.89714988438e-05	0	3.03111657674e-05	0.000359403822671	0.00016887649499	4.33016653821e-06	3.89714988438e-05	0.000138565329223	0.000437346820359	1.29904996146e-05	0	1.29904996146e-05	0	0	0	7.36128311495e-05	0.00252448709177	0.00332989806788	0.00399674371476	0.00161082195221	0.000186197161143	0.000233828993063	9.09334973023e-05	0.000129904996146	0.00016887649499	6.06223315349e-05	1.73206661528e-05	0	0	8.66033307641e-06
0	0	0	0	0	0	0	0	0	0	0	0	0	0	0	0	0	0	0	0	0	0	0	0	0	0	0	0	0	0	0	0	0	0	0	0	0	0	0	0	0	0	0	0	0	0	0	0	0	0	0	0	0	0	0	0	0	0	0	0	0	0	0	0	0	0	0	0	0	0	0	0	0	0	0	0	0	0	0	0	0	0	0	0
0.000147225662299	0	4.33016653821e-06	0	0.0167664048359	0	0.000415695987668	0.00126440862916	0.000164546328452	9.52636638405e-05	0.00139864379184	0	0.00277563675099	0	7.36128311495e-05	8.66033307641e-06	1.29904996146e-05	4.33016653821e-06	0	4.33016653821e-06	0.00366332089132	2.59809992292e-05	8.66033307641e-06	8.66033307641e-06	0.0056898388312	0	4.33016653821e-06	0	0.00602759182118	0.000147225662299	9.52636638405e-05	0	4.33016653821e-06	4.33016653821e-05	6.49524980731e-05	0	0	0	0	0.00416562020975	0	3.46413323056e-05	8.66033307641e-05	0	4.33016653821e-05	0.000402705488053	0	0.000822731642259	0	4.33016653821e-06	0	0	0	0	0	0.0025158267587	0	0	0	0.000129904996146	0	0	0	0.00045899765305	0	0	0	0	0	0	3.46413323056e-05	0	2.59809992292e-05	0	3.03111657674e-05	0	0	0	0	0	0	4.33016653821e-06	0	0
8.66033307641e-06	0	0	0	0	0.00496237085278	0.00290554174714	4.33016653821e-06	0.00166278395067	0	0	8.66033307641e-06	4.33016653821e-06	2.59809992292e-05	0.000827061808797	0.00045899765305	0	4.33016653821e-06	0	4.33016653821e-06	4.33016653821e-06	8.66033307641e-06	0	8.66033307641e-06	4.33016653821e-06	0	8.66033307641e-06	4.33016653821e-06	4.33016653821e-06	0.000736128311495	4.33016653821e-06	0	0.00217374360218	4.33016653821e-06	0.00116481479878	0	0	0	0	0	0	0	0	0	0	0	0	0	0	0	0	0	0	0	0	0	0	0	0	0	0	0	0	0	0	0	0	0	0	0	1.73206661528e-05	4.33016653821e-06	0.000125574829608	5.19619984585e-05	0.000251149659216	0.000575912149581	8.66033307641e-06	0	0	0	0	0	0	0
0.00233395976409	1.29904996146e-05	3.89714988438e-05	0	0.000415695987668	0.00290554174714	0.044999090665	0.00320432323827	0.0177883241389	0.000155885995375	0.00934882955598	8.22731642259e-05	0.0094527535529	5.19619984585e-05	0.00635235431155	0.000961296971482	2.1650832691e-05	1.73206661528e-05	0	2.1650832691e-05	0.00332989806788	0.000103923996917	2.1650832691e-05	0.000116914496532	0.000541270817276	4.33016653821e-06	2.59809992292e-05	1.29904996146e-05	0.00111285280032	0.00543868917199	0.000714477478804	0	0.00181000961297	0.000658185313807	0.00430851570551	0	0	0	0	0	0	0	0	0	1.73206661528e-05	0	0	0	0	0	0	0	0	0	0	0	0	0	0	1.73206661528e-05	0	0	0	0	0	0	0	0	0	0	0.000476318319203	0.000125574829608	0.00132503096069	0.000541270817276	0.000848712641488	0.00128605946185	2.59809992292e-05	4.33016653821e-06	0	0	0	0	0	0
0.00379322588747	4.33016653821e-06	6.06223315349e-05	0	0.00126440862916	4.33016653821e-06	0.00320432323827	0.0347842278014	0.00265439208792	0.000757779144186	0.00592366782426	8.66033307641e-06	0.00210013077103	4.33016653821e-06	0.00165412361759	6.49524980731e-05	0.000333422823442	5.19619984585e-05	0	8.66033307641e-06	0.00233828993063	0.000580242316119	0.000233828993063	0.000597562982272	0.00323896457058	0	1.29904996146e-05	2.1650832691e-05	0.0141509842469	0.00314803107328	0.00607089348656	0	8.66033307641e-06	0.00140730412492	0.00185764144489	0	0	0	0	4.76318319203e-05	0	1.29904996146e-05	4.76318319203e-05	4.33016653821e-06	0.000476318319203	2.1650832691e-05	0	2.1650832691e-05	0	0	0	1.29904996146e-05	0	0	0	3.89714988438e-05	1.29904996146e-05	2.59809992292e-05	0	0.000350743489595	0	0	0	7.79429976877e-05	0	4.33016653821e-06	0	0	0	4.33016653821e-06	0.000420026154206	8.66033307641e-05	0.000446007153435	0.000147225662299	0.000238159159601	5.19619984585e-05	0	8.66033307641e-06	4.33016653821e-06	4.33016653821e-06	0	8.66033307641e-06	0	0
0.00463760836242	4.33016653821e-06	2.1650832691e-05	0	0.000164546328452	0.00166278395067	0.0177883241389	0.00265439208792	0.0387160190181	6.49524980731e-05	0.0041482995436	4.33016653821e-05	0.00206981960526	3.46413323056e-05	0.0142289272445	0.000181866994605	3.46413323056e-05	8.66033307641e-06	0	1.29904996146e-05	0.000961296971482	9.52636638405e-05	1.73206661528e-05	8.66033307641e-05	0.000264140158831	0	1.29904996146e-05	1.29904996146e-05	0.000762109310724	0.0067550597996	0.00103923996917	0	0.00280161775022	0.000705817145727	0.00371095272324	0	0	0	0	0	0	0	0	0	3.46413323056e-05	4.33016653821e-06	0	4.33016653821e-06	0	0	0	0	0	0	0	4.33016653821e-06	0	0	0	2.1650832691e-05	0	0	0	0	0	0	0	0	0	0	0.000368064155747	6.92826646113e-05	0.000952636638405	0.0003853848219	0.000420026154206	0.000917995306099	0	0	0	0	0	0	0	0
0.000173206661528	1.73206661528e-05	3.46413323056e-05	0	9.52636638405e-05	0	0.000155885995375	0.000757779144186	6.49524980731e-05	0.00973854454442	7.36128311495e-05	4.33016653821e-06	0.000887684140332	0	3.03111657674e-05	0.000164546328452	0.000493638985355	2.1650832691e-05	4.33016653821e-06	4.33016653821e-06	6.92826646113e-05	0.000281460824983	0.00144194545722	0.000316102157289	0.00275831608484	0	0	6.49524980731e-05	0.0016324727849	0.000415695987668	0.000714477478804	0	0	0.000359403822671	0.000610553481887	1.29904996146e-05	0	0	0	0.000134235162684	0	1.29904996146e-05	0.000225168659987	0	0.00177536828066	1.29904996146e-05	0	5.19619984585e-05	0	8.66033307641e-06	0	4.76318319203e-05	0	0	0	9.52636638405e-05	3.89714988438e-05	0.000307441824213	3.46413323056e-05	0.00109553213417	0	0	4.33016653821e-06	0.000355073656133	0	3.46413323056e-05	0	0	0	1.73206661528e-05	0.000242489326139	1.73206661528e-05	0.000103923996917	3.46413323056e-05	0.000658185313807	8.66033307641e-06	0	5.19619984585e-05	2.1650832691e-05	2.59809992292e-05	1.73206661528e-05	4.33016653821e-06	0	0
0.000671175813422	0	4.33016653821e-06	0	0.00139864379184	0	0.00934882955598	0.00592366782426	0.0041482995436	7.36128311495e-05	0.0280638093341	4.33016653821e-06	0.0058370644935	0	0.000987277970711	2.1650832691e-05	0	0	0	4.33016653821e-06	0.00638699564385	8.66033307641e-06	8.66033307641e-06	2.1650832691e-05	0.000740458478033	0	4.33016653821e-06	0	0.00466791952819	0.000398375321515	0.000272800491907	0	4.33016653821e-06	0.000134235162684	0.000207847993834	0	0	0	0	0	0	0	0	0	2.59809992292e-05	4.33016653821e-06	0	0	0	0	0	0	0	0	0	0	0	0	0	2.1650832691e-05	0	0	0	0	0	0	0	0	0	0	5.19619984585e-05	8.66033307641e-06	5.19619984585e-05	2.59809992292e-05	5.19619984585e-05	3.03111657674e-05	0	0	0	0	0	0	0	0
1.29904996146e-05	0.000186197161143	0.000281460824983	0	0	8.66033307641e-06	8.22731642259e-05	8.66033307641e-06	4.33016653821e-05	4.33016653821e-06	4.33016653821e-06	0.0337493179988	0	0.0109509911751	6.49524980731e-05	0	4.33016653821e-06	0.000567251816505	0.00315236123981	0.00532610484199	0	5.62921649967e-05	8.66033307641e-06	0.000199187660757	0	0.00458131619742	0.0103490980263	0.0016324727849	8.66033307641e-06	0.00016887649499	2.59809992292e-05	0.000437346820359	8.66033307641e-06	3.89714988438e-05	0.00504464401701	0	0.000268470325369	1.29904996146e-05	0	0	0	0	0	0	4.33016653821e-06	0	0.000281460824983	0	0.000307441824213	0	0	0	2.59809992292e-05	4.33016653821e-05	7.79429976877e-05	0	0	4.33016653821e-06	0	4.33016653821e-06	0.000528280317661	0.000316102157289	0.000220838493448	4.33016653821e-06	0	0	1.29904996146e-05	0	0	2.59809992292e-05	0.00072313781188	0.0035247555621	0.00337319973326	0.000879023807256	5.62921649967e-05	0.000112584329993	0.000727467978418	4.76318319203e-05	0.000350743489595	7.79429976877e-05	1.29904996146e-05	0	0	5.19619984585e-05
0.000731798144957	0	4.33016653821e-06	0	0.00277563675099	4.33016653821e-06	0.0094527535529	0.00210013077103	0.00206981960526	0.000887684140332	0.0058370644935	0	0.0307485125878	4.33016653821e-06	0.000515289818046	0.00126007846262	4.33016653821e-06	4.33016653821e-06	0	0	0.0110679056717	4.33016653821e-06	8.66033307641e-06	1.29904996146e-05	0.00174938728143	0	0	0	0.0012124466307	0.00050662948497	0.000285790991522	0	4.33016653821e-06	0.000142895495761	0.000285790991522	4.33016653821e-06	0	0	0	4.33016653821e-05	0	3.03111657674e-05	2.1650832691e-05	1.29904996146e-05	1.29904996146e-05	0.000203517827296	0	0.00262408092215	0	8.66033307641e-06	0	0	0	0	0	0.000580242316119	0	0	0	2.59809992292e-05	0	0	0	2.1650832691e-05	0	0	0	0	0	0	5.19619984585e-05	0	6.49524980731e-05	1.73206661528e-05	0.00084438247495	4.33016653821e-05	0	0	0	0	0	4.33016653821e-06	0	0
1.29904996146e-05	6.92826646113e-05	0.00012124466307	0	0	2.59809992292e-05	5.19619984585e-05	4.33016653821e-06	3.46413323056e-05	0	0	0.0109509911751	4.33016653821e-06	0.022841628489	6.92826646113e-05	8.66033307641e-06	8.66033307641e-06	0.000103923996917	0.000381054655362	0.000502299318432	0	3.46413323056e-05	1.73206661528e-05	0.00012124466307	4.33016653821e-06	0.00634369397847	0.0056898388312	0.00282759874945	8.66033307641e-06	0.000112584329993	2.59809992292e-05	0.000788090309953	2.1650832691e-05	3.03111657674e-05	0.00131637062761	0	0.000160216161914	4.33016653821e-06	0	0	0	0	0	0	0	0	0.000251149659216	0	0.000398375321515	0	0	0	8.66033307641e-06	1.73206661528e-05	4.76318319203e-05	0	0	8.66033307641e-06	4.33016653821e-06	4.33016653821e-06	0.000433016653821	0.000186197161143	0.000155885995375	0	0	0	8.66033307641e-06	0	0	5.19619984585e-05	0.000567251816505	0.00124275779646	0.00165845378413	0.00106955113494	7.79429976877e-05	0.0003853848219	0.00106955113494	6.92826646113e-05	0.000355073656133	0.000108254163455	3.46413323056e-05	0	0	6.92826646113e-05
0.00553828300236	8.66033307641e-06	2.59809992292e-05	0	7.36128311495e-05	0.000827061808797	0.00635235431155	0.00165412361759	0.0142289272445	3.03111657674e-05	0.000987277970711	6.49524980731e-05	0.000515289818046	6.92826646113e-05	0.0313157644043	0.000108254163455	1.29904996146e-05	2.59809992292e-05	0	8.66033307641e-06	0.000207847993834	9.95938303787e-05	2.59809992292e-05	0.000142895495761	0.000160216161914	4.33016653821e-06	1.29904996146e-05	1.29904996146e-05	0.00045899765305	0.0145233785691	0.00134235162684	0	0.00196589560835	0.00108687180109	0.00432583637167	0	8.66033307641e-06	4.33016653821e-06	0	4.33016653821e-06	0	0	0	0	1.73206661528e-05	0	0	4.33016653821e-06	0	0	0	0	0	0	0	0	0	0	0	1.29904996146e-05	0	0	0	0	0	0	0	0	0	4.33016653821e-06	0.000441676986897	9.09334973023e-05	0.00120811646416	0.000467657986126	0.000467657986126	0.000749118811109	1.29904996146e-05	4.33016653821e-06	0	4.33016653821e-06	0	0	0	0
9.09334973023e-05	0	0	0	8.66033307641e-06	0.00045899765305	0.000961296971482	6.49524980731e-05	0.000181866994605	0.000164546328452	2.1650832691e-05	0	0.00126007846262	8.66033307641e-06	0.000108254163455	0.00476318319203	0	4.33016653821e-06	0	0	2.59809992292e-05	4.33016653821e-06	0	8.66033307641e-06	3.03111657674e-05	0	0	4.33016653821e-06	5.19619984585e-05	0.000129904996146	4.33016653821e-05	0	1.73206661528e-05	2.59809992292e-05	7.36128311495e-05	0	0	0	0	0	0	0	4.33016653821e-06	0	8.66033307641e-06	0	0	0	0	0	0	4.33016653821e-06	0	0	0	0	0	4.33016653821e-06	0	0	0	0	0	4.33016653821e-06	0	0	0	0	0	0	0.00012124466307	1.73206661528e-05	4.76318319203e-05	2.59809992292e-05	0.00273233508561	1.29904996146e-05	0	4.33016653821e-06	0	0	0	0	0	0
7.79429976877e-05	0.00021650832691	0.000307441824213	0	1.29904996146e-05	0	2.1650832691e-05	0.000333422823442	3.46413323056e-05	0.000493638985355	0	4.33016653821e-06	4.33016653821e-06	8.66033307641e-06	1.29904996146e-05	0	0.0152118750487	0.000116914496532	0	8.66033307641e-06	4.33016653821e-06	0.00310039924135	0.00488009768856	0.00538239700699	0.0047718435251	0	2.59809992292e-05	0.000905004806485	0.00342949189826	0.000281460824983	0.000835722141874	0	0	0.000311771990751	0.00124275779646	0	1.29904996146e-05	2.1650832691e-05	0	0	0	0	2.1650832691e-05	0	0.000355073656133	0	0	4.33016653821e-06	0	0	0	0.00161082195221	1.73206661528e-05	0	0	0	0.000212178160372	0.000562921649967	0.000225168659987	0.000567251816505	0	0	0.000125574829608	0.000446007153435	0	4.76318319203e-05	0	0	0	3.03111657674e-05	0.000645194814193	0.000220838493448	0.000567251816505	0.000229498826525	6.49524980731e-05	6.92826646113e-05	1.29904996146e-05	6.06223315349e-05	4.76318319203e-05	1.73206661528e-05	4.33016653821e-06	1.73206661528e-05	0	0
3.03111657674e-05	0.00121677679724	0.00815803375798	0	4.33016653821e-06	4.33016653821e-06	1.73206661528e-05	5.19619984585e-05	8.66033307641e-06	2.1650832691e-05	0	0.000567251816505	4.33016653821e-06	0.000103923996917	2.59809992292e-05	4.33016653821e-06	0.000116914496532	0.0255349920758	7.36128311495e-05	0.00447306203397	4.33016653821e-06	0.00151988845491	0.000259809992292	0.0101066087002	3.89714988438e-05	0.000199187660757	0.00649091964077	0.00279728758368	0.000108254163455	0.000142895495761	0.000411365821129	0	4.33016653821e-06	9.95938303787e-05	0.00594531865696	0	0.000476318319203	7.79429976877e-05	0	0	0	0	4.33016653821e-06	0	1.29904996146e-05	0	1.73206661528e-05	0	2.1650832691e-05	0	0	1.73206661528e-05	9.52636638405e-05	4.33016653821e-06	4.33016653821e-05	0	2.1650832691e-05	0.000108254163455	4.76318319203e-05	0	4.76318319203e-05	0.000116914496532	0.000277130658445	4.33016653821e-06	0	0	4.33016653821e-06	0	0	4.33016653821e-05	0.00185764144489	0.00223869610025	0.00356372706094	0.00136400245953	0.00012124466307	0.000194857494219	6.06223315349e-05	0.000108254163455	9.52636638405e-05	5.19619984585e-05	4.33016653821e-06	0	0	4.33016653821e-06
0	2.1650832691e-05	3.03111657674e-05	0	0	0	0	0	0	4.33016653821e-06	0	0.00315236123981	0	0.000381054655362	0	0	0	7.36128311495e-05	0.0066987676346	0.00329958690211	0	4.33016653821e-06	0	2.59809992292e-05	0	0.000363733989209	0.0031956629052	0.000186197161143	0	0	4.33016653821e-06	1.73206661528e-05	0	0	0.000225168659987	0	4.33016653821e-05	0	0	0	0	0	0	0	4.33016653821e-06	0	3.03111657674e-05	0	2.1650832691e-05	0	0	0	4.33016653821e-06	8.66033307641e-06	4.33016653821e-06	0	0	0	0	4.33016653821e-06	5.62921649967e-05	2.1650832691e-05	1.73206661528e-05	4.33016653821e-06	0	0	0	0	0	8.66033307641e-06	5.62921649967e-05	0.000251149659216	0.000173206661528	2.59809992292e-05	4.33016653821e-06	0	8.66033307641e-06	4.33016653821e-06	3.03111657674e-05	1.29904996146e-05	0	0	0	0
4.33016653821e-06	0.000649524980731	0.00106955113494	0	4.33016653821e-06	4.33016653821e-06	2.1650832691e-05	8.66033307641e-06	1.29904996146e-05	4.33016653821e-06	4.33016653821e-06	0.00532610484199	0	0.000502299318432	8.66033307641e-06	0	8.66033307641e-06	0.00447306203397	0.00329958690211	0.0235561059678	0	6.92826646113e-05	3.89714988438e-05	0.000424356320744	1.29904996146e-05	0.00105656063532	0.0126440862916	0.00238592176255	1.73206661528e-05	6.49524980731e-05	4.33016653821e-05	8.66033307641e-06	0	3.46413323056e-05	0.00418727104244	0	0.000471988152664	2.1650832691e-05	0	0	0	0	0	0	4.33016653821e-06	0	9.95938303787e-05	0	6.49524980731e-05	0	0	0	8.66033307641e-05	1.29904996146e-05	6.06223315349e-05	0	0	1.29904996146e-05	8.66033307641e-06	4.33016653821e-06	0.000194857494219	0.000238159159601	0.000207847993834	4.33016653821e-06	0	0	0	0	0	2.59809992292e-05	0.000909334973023	0.00224735643333	0.00228199776563	0.000749118811109	7.36128311495e-05	0.000112584329993	7.79429976877e-05	6.49524980731e-05	0.000129904996146	4.33016653821e-05	1.29904996146e-05	0	0	8.66033307641e-06
0.000355073656133	0	4.33016653821e-06	0	0.00366332089132	4.33016653821e-06	0.00332989806788	0.00233828993063	0.000961296971482	6.92826646113e-05	0.00638699564385	0	0.0110679056717	0	0.000207847993834	2.59809992292e-05	4.33016653821e-06	4.33016653821e-06	0	0	0.0184335189531	4.33016653821e-06	4.33016653821e-06	1.29904996146e-05	0.00154586945414	0	0	0	0.00381054655362	0.000311771990751	0.000190527327681	0	4.33016653821e-06	8.22731642259e-05	0.000155885995375	0	0	0	0	0.000103923996917	0	8.66033307641e-06	4.33016653821e-06	0	2.1650832691e-05	1.73206661528e-05	0	1.73206661528e-05	0	0	0	0	0	0	0	5.62921649967e-05	0	0	0	1.73206661528e-05	0	0	0	0	0	4.33016653821e-06	0	0	0	0	2.59809992292e-05	4.33016653821e-06	3.03111657674e-05	0	4.33016653821e-05	8.66033307641e-06	0	0	0	0	0	0	0	0
0.000350743489595	0.000194857494219	0.0014506057903	0	2.59809992292e-05	8.66033307641e-06	0.000103923996917	0.000580242316119	9.52636638405e-05	0.000281460824983	8.66033307641e-06	5.62921649967e-05	4.33016653821e-06	3.46413323056e-05	9.95938303787e-05	4.33016653821e-06	0.00310039924135	0.00151988845491	4.33016653821e-06	6.92826646113e-05	4.33016653821e-06	0.044540093012	0.001247087963	0.0272064363595	0.00126007846262	0	0.000186197161143	0.00116481479878	0.00421325204167	0.00120378629762	0.00932717872329	0	0	0.00105656063532	0.00727034961765	0	4.33016653821e-05	2.1650832691e-05	0	1.29904996146e-05	0	0	4.76318319203e-05	0	0.000294451324598	0	4.33016653821e-06	4.33016653821e-06	0	0	0	3.03111657674e-05	1.29904996146e-05	0	4.33016653821e-06	0	1.73206661528e-05	0.000155885995375	3.46413323056e-05	0.000177536828066	0	0	2.1650832691e-05	8.66033307641e-05	0	1.73206661528e-05	0	0	0	8.66033307641e-06	0.00199187660757	0.000770769643801	0.00264573175484	0.00110852263378	0.000181866994605	0.000272800491907	5.19619984585e-05	7.36128311495e-05	8.66033307641e-06	1.29904996146e-05	8.66033307641e-06	4.33016653821e-06	0	0
0.000108254163455	0.00210013077103	0.00109120196763	0	8.66033307641e-06	0	2.1650832691e-05	0.000233828993063	1.73206661528e-05	0.00144194545722	8.66033307641e-06	8.66033307641e-06	8.66033307641e-06	1.73206661528e-05	2.59809992292e-05	0	0.00488009768856	0.000259809992292	0	3.89714988438e-05	4.33016653821e-06	0.001247087963	0.0154890057072	0.00358970806017	0.00154586945414	0	7.36128311495e-05	0.00379755605401	0.00142029462453	0.000281460824983	0.000770769643801	0	0	0.000320432323827	0.00140297395838	8.66033307641e-06	9.52636638405e-05	0.000103923996917	0	1.73206661528e-05	0	4.33016653821e-06	0.000112584329993	4.33016653821e-06	0.00105656063532	4.33016653821e-06	4.33016653821e-06	1.29904996146e-05	0	1.29904996146e-05	0	0.000303111657674	2.1650832691e-05	0	0	1.29904996146e-05	0.000116914496532	0.00154586945414	0.000264140158831	0.000545600983814	0	1.73206661528e-05	0.000277130658445	0.000311771990751	1.29904996146e-05	8.66033307641e-05	0	0	0	0.000108254163455	0.000757779144186	0.000372394322286	0.000753448977648	0.000307441824213	9.09334973023e-05	8.66033307641e-05	1.73206661528e-05	9.09334973023e-05	8.22731642259e-05	8.22731642259e-05	3.46413323056e-05	1.29904996146e-05	0	0
0.000350743489595	0.00118646563147	0.0128389437858	0	8.66033307641e-06	8.66033307641e-06	0.000116914496532	0.000597562982272	8.66033307641e-05	0.000316102157289	2.1650832691e-05	0.000199187660757	1.29904996146e-05	0.00012124466307	0.000142895495761	8.66033307641e-06	0.00538239700699	0.0101066087002	2.59809992292e-05	0.000424356320744	1.29904996146e-05	0.0272064363595	0.00358970806017	0.0711662870554	0.00140297395838	3.89714988438e-05	0.00113883379955	0.00927521672484	0.0031956629052	0.00113017346647	0.0056898388312	0	0	0.000943976305329	0.0122327204704	0	0.000298781491136	8.66033307641e-05	0	1.73206661528e-05	0	0	5.62921649967e-05	0	0.000307441824213	4.33016653821e-06	4.33016653821e-06	0	0	0	0	0.000181866994605	3.89714988438e-05	0	8.66033307641e-06	4.33016653821e-06	4.76318319203e-05	0.000766439477262	0.00016887649499	0.000160216161914	8.66033307641e-06	1.73206661528e-05	0.000233828993063	9.09334973023e-05	0	2.59809992292e-05	0	0	0	6.06223315349e-05	0.00557292433467	0.00325195507019	0.00783327126761	0.0033775298998	0.000593232815734	0.000610553481887	0.000108254163455	0.000238159159601	4.76318319203e-05	5.19619984585e-05	2.59809992292e-05	0	0	8.66033307641e-06
0.000411365821129	3.03111657674e-05	6.49524980731e-05	0	0.0056898388312	4.33016653821e-06	0.000541270817276	0.00323896457058	0.000264140158831	0.00275831608484	0.000740458478033	0	0.00174938728143	4.33016653821e-06	0.000160216161914	3.03111657674e-05	0.0047718435251	3.89714988438e-05	0	1.29904996146e-05	0.00154586945414	0.00126007846262	0.00154586945414	0.00140297395838	0.0283019684937	0	8.66033307641e-06	0.000103923996917	0.0120854948081	0.000835722141874	0.0015415392876	0	4.33016653821e-06	0.00055426131689	0.00119512596454	1.29904996146e-05	4.33016653821e-06	4.33016653821e-06	0	8.22731642259e-05	0	4.33016653821e-06	0.000142895495761	0	0.000779429976877	2.59809992292e-05	0	3.03111657674e-05	0	4.33016653821e-06	4.33016653821e-06	2.59809992292e-05	0	0	0	1.29904996146e-05	3.03111657674e-05	8.66033307641e-05	2.1650832691e-05	0.00190527327681	0	0	8.66033307641e-06	0.000251149659216	0	4.76318319203e-05	0	0	0	0	0.000355073656133	9.95938303787e-05	0.000333422823442	0.000112584329993	0.000173206661528	3.03111657674e-05	8.66033307641e-06	2.1650832691e-05	0	4.33016653821e-06	0	1.29904996146e-05	0	0
0	0.00102624946955	0.000134235162684	0	0	0	4.33016653821e-06	0	0	0	0	0.00458131619742	0	0.00634369397847	4.33016653821e-06	0	0	0.000199187660757	0.000363733989209	0.00105656063532	0	0	0	3.89714988438e-05	0	0.0156578822021	0.0046246178628	0.00265872225446	0	1.29904996146e-05	0	1.73206661528e-05	0	0	0.000515289818046	0	0.000801080809568	6.06223315349e-05	0	0	0	0	0	0	0	0	0.000640864647654	0	0.000666845646884	4.33016653821e-06	0	4.33016653821e-06	4.33016653821e-05	6.49524980731e-05	0.000142895495761	0	4.33016653821e-06	0	4.33016653821e-06	0	0.00132070079415	0.000710147312266	0.000645194814193	4.33016653821e-06	4.33016653821e-06	0	3.03111657674e-05	0	0	9.95938303787e-05	7.36128311495e-05	0.000809741142644	0.000463327819588	0.000116914496532	8.66033307641e-06	4.33016653821e-06	0.000355073656133	4.33016653821e-05	0.000740458478033	0.000155885995375	2.1650832691e-05	0	0	0.000160216161914
8.66033307641e-06	0.00358970806017	0.0060752236531	0	4.33016653821e-06	8.66033307641e-06	2.59809992292e-05	1.29904996146e-05	1.29904996146e-05	0	4.33016653821e-06	0.0103490980263	0	0.0056898388312	1.29904996146e-05	0	2.59809992292e-05	0.00649091964077	0.0031956629052	0.0126440862916	0	0.000186197161143	7.36128311495e-05	0.00113883379955	8.66033307641e-06	0.0046246178628	0.0621855216552	0.0229672033186	2.59809992292e-05	7.79429976877e-05	6.06223315349e-05	0.00101325896994	4.33016653821e-06	3.89714988438e-05	0.00476318319203	0	0.00213910226987	0.000190527327681	0	0	0	0	0	0	0	0	0.000324762490365	0	0.000255479825754	0	0	1.29904996146e-05	0.000229498826525	4.33016653821e-05	0.000229498826525	0	8.66033307641e-06	7.79429976877e-05	3.46413323056e-05	0	0.000636534481116	0.00089201430687	0.00110419246724	0	0	4.33016653821e-06	1.29904996146e-05	0	0	0.00012124466307	0.00149390745568	0.00443842070166	0.0035810477271	0.00122976729685	0.000116914496532	0.000151555828837	0.00012124466307	0.000125574829608	0.000484978652279	0.000177536828066	3.89714988438e-05	4.33016653821e-06	0	4.76318319203e-05
2.59809992292e-05	0.0105309650209	0.0105785968528	0	0	4.33016653821e-06	1.29904996146e-05	2.1650832691e-05	1.29904996146e-05	6.49524980731e-05	0	0.0016324727849	0	0.00282759874945	1.29904996146e-05	4.33016653821e-06	0.000905004806485	0.00279728758368	0.000186197161143	0.00238592176255	0	0.00116481479878	0.00379755605401	0.00927521672484	0.000103923996917	0.00265872225446	0.0229672033186	0.0613671201794	0.000160216161914	6.49524980731e-05	0.000212178160372	0.000186197161143	4.33016653821e-06	7.79429976877e-05	0.00329525673557	0	0.00221704526756	0.000450337319973	0	4.33016653821e-06	0	0	1.29904996146e-05	0	6.92826646113e-05	0	0.000103923996917	0	8.66033307641e-05	0	0	0.000411365821129	0.000311771990751	1.73206661528e-05	0.000129904996146	4.33016653821e-06	6.49524980731e-05	0.000853042808026	0.000285790991522	4.33016653821e-05	0.000177536828066	0.000519619984585	0.00145926612338	4.33016653821e-05	0	3.03111657674e-05	0	0	0	0.000220838493448	0.00190960344335	0.00319999307173	0.00287523058137	0.00111718296686	0.000129904996146	0.000181866994605	4.76318319203e-05	0.000207847993834	0.000562921649967	0.000164546328452	6.49524980731e-05	8.66033307641e-06	0	1.73206661528e-05
0.00126007846262	3.89714988438e-05	0.000238159159601	0	0.00602759182118	4.33016653821e-06	0.00111285280032	0.0141509842469	0.000762109310724	0.0016324727849	0.00466791952819	8.66033307641e-06	0.0012124466307	8.66033307641e-06	0.00045899765305	5.19619984585e-05	0.00342949189826	0.000108254163455	0	1.73206661528e-05	0.00381054655362	0.00421325204167	0.00142029462453	0.0031956629052	0.0120854948081	0	2.59809992292e-05	0.000160216161914	0.046583931618	0.00251149659216	0.00654288163923	0	8.66033307641e-06	0.00171041578259	0.0033775298998	8.66033307641e-06	0	4.33016653821e-06	0	0.00136400245953	0	1.29904996146e-05	0.000138565329223	4.33016653821e-06	0.00106955113494	0.000147225662299	0	5.19619984585e-05	0	8.66033307641e-06	4.33016653821e-06	5.19619984585e-05	4.33016653821e-06	0	0	0.000632204314578	4.33016653821e-05	0.000138565329223	1.29904996146e-05	0.000779429976877	0	0	8.66033307641e-06	0.000523950151123	4.33016653821e-06	3.89714988438e-05	0	0	0	1.29904996146e-05	0.000974287471096	0.000177536828066	0.00103057963609	0.000402705488053	0.000246819492678	7.79429976877e-05	2.1650832691e-05	4.76318319203e-05	1.73206661528e-05	2.1650832691e-05	4.33016653821e-06	1.73206661528e-05	0	0
0.00720106695304	3.03111657674e-05	0.000147225662299	0	0.000147225662299	0.000736128311495	0.00543868917199	0.00314803107328	0.0067550597996	0.000415695987668	0.000398375321515	0.00016887649499	0.00050662948497	0.000112584329993	0.0145233785691	0.000129904996146	0.000281460824983	0.000142895495761	0	6.49524980731e-05	0.000311771990751	0.00120378629762	0.000281460824983	0.00113017346647	0.000835722141874	1.29904996146e-05	7.79429976877e-05	6.49524980731e-05	0.00251149659216	0.0429076202271	0.0118343451489	0	0.00160216161914	0.00965194121366	0.0134408369346	4.33016653821e-06	1.29904996146e-05	4.33016653821e-06	0	2.59809992292e-05	0	4.33016653821e-06	5.62921649967e-05	0	0.000324762490365	4.33016653821e-06	0	1.73206661528e-05	0	4.33016653821e-06	4.33016653821e-06	0	0	0	0	1.29904996146e-05	1.29904996146e-05	4.33016653821e-05	8.66033307641e-06	0.000225168659987	4.33016653821e-06	0	0	9.09334973023e-05	0	2.59809992292e-05	0	0	0	4.33016653821e-06	0.00221271510102	0.000311771990751	0.00371095272324	0.00150256778876	0.000991608137249	0.00122976729685	6.06223315349e-05	2.59809992292e-05	8.66033307641e-06	0	0	0	0	4.33016653821e-06
0.00449471286666	4.76318319203e-05	0.000428686487282	0	9.52636638405e-05	4.33016653821e-06	0.000714477478804	0.00607089348656	0.00103923996917	0.000714477478804	0.000272800491907	2.59809992292e-05	0.000285790991522	2.59809992292e-05	0.00134235162684	4.33016653821e-05	0.000835722141874	0.000411365821129	4.33016653821e-06	4.33016653821e-05	0.000190527327681	0.00932717872329	0.000770769643801	0.0056898388312	0.0015415392876	0	6.06223315349e-05	0.000212178160372	0.00654288163923	0.0118343451489	0.0354987052802	0	8.66033307641e-06	0.00536940650737	0.00840485325066	4.33016653821e-06	1.73206661528e-05	8.66033307641e-06	0	5.62921649967e-05	0	1.29904996146e-05	9.09334973023e-05	4.33016653821e-06	0.000532610484199	2.1650832691e-05	0	2.59809992292e-05	0	8.66033307641e-06	4.33016653821e-06	1.73206661528e-05	4.33016653821e-06	0	0	3.03111657674e-05	8.66033307641e-06	9.95938303787e-05	1.29904996146e-05	0.000376724488824	0	0	0	0.000134235162684	0	2.59809992292e-05	0	0	0	8.66033307641e-06	0.00178835878028	0.000359403822671	0.00205249893911	0.00079675064303	0.000342083156518	0.00021650832691	4.76318319203e-05	2.1650832691e-05	0	8.66033307641e-06	0	4.33016653821e-06	0	0
0	0	0	0	0	0	0	0	0	0	0	0.000437346820359	0	0.000788090309953	0	0	0	0	1.73206661528e-05	8.66033307641e-06	0	0	0	0	0	1.73206661528e-05	0.00101325896994	0.000186197161143	0	0	0	0.00116914496532	0	0	4.33016653821e-06	0	0	0	0	0	0	0	0	0	0	0	0	0	0	0	0	0	0	0	4.33016653821e-06	0	0	0	0	0	4.33016653821e-06	0	0	0	0	0	0	0	0	0	4.33016653821e-06	8.66033307641e-06	1.29904996146e-05	4.33016653821e-06	0	0	4.33016653821e-06	0	0	0	0	0	0	0
3.03111657674e-05	0	8.66033307641e-06	0	4.33016653821e-06	0.00217374360218	0.00181000961297	8.66033307641e-06	0.00280161775022	0	4.33016653821e-06	8.66033307641e-06	4.33016653821e-06	2.1650832691e-05	0.00196589560835	1.73206661528e-05	0	4.33016653821e-06	0	0	4.33016653821e-06	0	0	0	4.33016653821e-06	0	4.33016653821e-06	4.33016653821e-06	8.66033307641e-06	0.00160216161914	8.66033307641e-06	0	0.00520919034546	8.66033307641e-06	0.00110419246724	0	0	0	0	0	0	0	0	0	0	0	0	0	0	0	0	0	0	0	0	0	0	0	0	0	0	0	0	0	0	0	0	0	0	0	2.1650832691e-05	1.29904996146e-05	0.00012124466307	5.62921649967e-05	6.06223315349e-05	0.000433016653821	8.66033307641e-06	0	0	0	0	0	0	0
0.00173206661528	2.1650832691e-05	0.000129904996146	0	4.33016653821e-05	4.33016653821e-06	0.000658185313807	0.00140730412492	0.000705817145727	0.000359403822671	0.000134235162684	3.89714988438e-05	0.000142895495761	3.03111657674e-05	0.00108687180109	2.59809992292e-05	0.000311771990751	9.95938303787e-05	0	3.46413323056e-05	8.22731642259e-05	0.00105656063532	0.000320432323827	0.000943976305329	0.00055426131689	0	3.89714988438e-05	7.79429976877e-05	0.00171041578259	0.00965194121366	0.00536940650737	0	8.66033307641e-06	0.0129948297812	0.00815803375798	4.33016653821e-06	0	0	0	3.46413323056e-05	0	4.33016653821e-06	5.62921649967e-05	4.33016653821e-06	0.000281460824983	8.66033307641e-06	0	8.66033307641e-06	0	8.66033307641e-06	4.33016653821e-06	0	0	0	0	1.73206661528e-05	1.29904996146e-05	3.46413323056e-05	8.66033307641e-06	0.000194857494219	0	0	0	9.09334973023e-05	4.33016653821e-06	1.29904996146e-05	0	0	0	8.66033307641e-06	0.00210446093757	0.00021650832691	0.00252881725831	0.000978617637634	0.000411365821129	0.000285790991522	3.03111657674e-05	2.59809992292e-05	4.33016653821e-06	1.29904996146e-05	0	4.33016653821e-06	0	0
0.00211745143718	0.00103490980263	0.00436913803705	0	6.49524980731e-05	0.00116481479878	0.00430851570551	0.00185764144489	0.00371095272324	0.000610553481887	0.000207847993834	0.00504464401701	0.000285790991522	0.00131637062761	0.00432583637167	7.36128311495e-05	0.00124275779646	0.00594531865696	0.000225168659987	0.00418727104244	0.000155885995375	0.00727034961765	0.00140297395838	0.0122327204704	0.00119512596454	0.000515289818046	0.00476318319203	0.00329525673557	0.0033775298998	0.0134408369346	0.00840485325066	4.33016653821e-06	0.00110419246724	0.00815803375798	0.0591327542457	4.33016653821e-06	0.000428686487282	8.66033307641e-05	0	3.03111657674e-05	0	4.33016653821e-06	7.36128311495e-05	4.33016653821e-06	0.000454667486512	8.66033307641e-06	3.03111657674e-05	8.66033307641e-06	3.46413323056e-05	4.33016653821e-06	4.33016653821e-06	2.59809992292e-05	6.92826646113e-05	0	3.03111657674e-05	1.29904996146e-05	2.59809992292e-05	0.000229498826525	6.92826646113e-05	0.000316102157289	0.000108254163455	0.000103923996917	0.000233828993063	0.000160216161914	8.66033307641e-06	3.03111657674e-05	0	0	0	6.06223315349e-05	0.011280083832	0.00645194814193	0.0240367544536	0.00933583905637	0.00211312127064	0.00333422823442	0.000532610484199	0.000389714988438	0.000142895495761	6.06223315349e-05	4.76318319203e-05	1.29904996146e-05	0	1.73206661528e-05
0	0	0	0	0	0	0	0	0	1.29904996146e-05	0	0	4.33016653821e-06	0	0	0	0	0	0	0	0	0	8.66033307641e-06	0	1.29904996146e-05	0	0	0	8.66033307641e-06	4.33016653821e-06	4.33016653821e-06	0	0	4.33016653821e-06	4.33016653821e-06	0.0124232477981	4.33016653821e-06	1.29904996146e-05	0	4.76318319203e-05	0	0.00102191930302	0.00358970806017	0.00190527327681	0.000129904996146	0.00109553213417	1.29904996146e-05	0.000428686487282	4.33016653821e-06	0.00526115234392	0.000194857494219	2.1650832691e-05	1.73206661528e-05	0	0	0.00016887649499	9.95938303787e-05	3.03111657674e-05	6.92826646113e-05	0.000515289818046	4.33016653821e-06	0	1.29904996146e-05	0.000567251816505	0.0045899765305	0.000610553481887	0	0	0.000316102157289	0.000584572482658	8.66033307641e-06	0	0	0	0	0	0	0.000398375321515	6.06223315349e-05	0.000467657986126	0.000134235162684	0.00101325896994	3.03111657674e-05	0
0	0.00300080541098	0.000805410976106	0	0	0	0	0	0	0	0	0.000268470325369	0	0.000160216161914	8.66033307641e-06	0	1.29904996146e-05	0.000476318319203	4.33016653821e-05	0.000471988152664	0	4.33016653821e-05	9.52636638405e-05	0.000298781491136	4.33016653821e-06	0.000801080809568	0.00213910226987	0.00221704526756	0	1.29904996146e-05	1.73206661528e-05	0	0	0	0.000428686487282	4.33016653821e-06	0.0210489395422	0.0024032424287	0	0	0	0	8.66033307641e-06	0	3.46413323056e-05	0	0.000441676986897	0	0.000242489326139	8.66033307641e-06	0	0.000212178160372	0.00210446093757	6.06223315349e-05	0.0011561544657	0	0.000259809992292	0.00175804761451	0.000909334973023	4.33016653821e-06	0.0022213754341	0.00357671756056	0.0124492287973	3.03111657674e-05	8.66033307641e-06	8.66033307641e-05	0	0	0	0.000935315972252	0.000259809992292	0.00050662948497	0.000407035654591	0.000194857494219	2.1650832691e-05	3.46413323056e-05	1.73206661528e-05	0.000562921649967	0.00173639678182	0.000870363474179	0.000359403822671	1.29904996146e-05	0	2.1650832691e-05
0	0.000619213814963	0.000251149659216	0	0	0	0	0	0	0	0	1.29904996146e-05	0	4.33016653821e-06	4.33016653821e-06	0	2.1650832691e-05	7.79429976877e-05	0	2.1650832691e-05	0	2.1650832691e-05	0.000103923996917	8.66033307641e-05	4.33016653821e-06	6.06223315349e-05	0.000190527327681	0.000450337319973	4.33016653821e-06	4.33016653821e-06	8.66033307641e-06	0	0	0	8.66033307641e-05	1.29904996146e-05	0.0024032424287	0.0293628592956	0	0	0	2.1650832691e-05	0.000138565329223	3.46413323056e-05	7.36128311495e-05	1.73206661528e-05	0.000181866994605	1.73206661528e-05	2.59809992292e-05	3.46413323056e-05	1.29904996146e-05	0.000982947804173	0.00681568213113	2.1650832691e-05	0.00111285280032	4.33016653821e-06	0.00274099541868	0.00140297395838	0.0103404376932	0.000129904996146	0.00016887649499	0.00455100503165	0.0129818392815	0.000372394322286	2.59809992292e-05	0.000870363474179	0	0	1.73206661528e-05	0.00241190276178	3.46413323056e-05	7.36128311495e-05	9.09334973023e-05	2.59809992292e-05	4.33016653821e-06	0	8.66033307641e-06	0.00182733027912	0.00300513557751	0.00240757259524	0.00114316396609	0.000147225662299	4.76318319203e-05	3.46413323056e-05
0	0	0	0	0	0	0	0	0	0	0	0	0	0	0	0	0	0	0	0	0	0	0	0	0	0	0	0	0	0	0	0	0	0	0	0	0	0	0	0	0	0	0	0	0	0	0	0	0	0	0	0	0	0	0	0	0	0	0	0	0	0	0	0	0	0	0	0	0	0	0	0	0	0	0	0	0	0	0	0	0	0	0	0
1.73206661528e-05	0	0	0	0.00416562020975	0	0	4.76318319203e-05	0	0.000134235162684	0	0	4.33016653821e-05	0	4.33016653821e-06	0	0	0	0	0	0.000103923996917	1.29904996146e-05	1.73206661528e-05	1.73206661528e-05	8.22731642259e-05	0	0	4.33016653821e-06	0.00136400245953	2.59809992292e-05	5.62921649967e-05	0	0	3.46413323056e-05	3.03111657674e-05	4.76318319203e-05	0	0	0	0.018585074782	0	0.000411365821129	0.00120811646416	6.06223315349e-05	0.00138132312569	0.00418294087591	0	0.00215642293603	0	9.09334973023e-05	8.66033307641e-06	8.66033307641e-06	0	0	0	0.0110505850055	2.1650832691e-05	1.29904996146e-05	2.1650832691e-05	0.00471122119357	0	0	0	0.00432150620513	1.73206661528e-05	8.22731642259e-05	0	0	8.66033307641e-06	2.1650832691e-05	1.73206661528e-05	0	0	0	2.1650832691e-05	0	0	4.33016653821e-05	2.1650832691e-05	2.59809992292e-05	1.29904996146e-05	6.49524980731e-05	0	0
0	0	0	0	0	0	0	0	0	0	0	0	0	0	0	0	0	0	0	0	0	0	0	0	0	0	0	0	0	0	0	0	0	0	0	0	0	0	0	0	0.00213477210334	0.000446007153435	4.33016653821e-06	0.000471988152664	0	4.33016653821e-06	0	0	0	0.000125574829608	0.000450337319973	0	0	0	0	0	0	0	0	0	0	0	0	0	0.000112584329993	0	0	0.000532610484199	0	6.92826646113e-05	0	0	0	0	0	0	0	4.33016653821e-06	0	3.46413323056e-05	4.33016653821e-06	0.00103057963609	0.000562921649967	0
0	0	0	0	3.46413323056e-05	0	0	1.29904996146e-05	0	1.29904996146e-05	0	0	3.03111657674e-05	0	0	0	0	0	0	0	8.66033307641e-06	0	4.33016653821e-06	0	4.33016653821e-06	0	0	0	1.29904996146e-05	4.33016653821e-06	1.29904996146e-05	0	0	4.33016653821e-06	4.33016653821e-06	0.00102191930302	0	2.1650832691e-05	0	0.000411365821129	0.000446007153435	0.0313980375685	0.00323896457058	0.011167499502	0.000207847993834	0.0114056586616	2.59809992292e-05	0.00569416899774	0	0.00473287202626	0.00170608561605	2.59809992292e-05	0	0	4.33016653821e-06	0.00206115927219	3.46413323056e-05	2.59809992292e-05	4.76318319203e-05	0.000744788644571	0	4.33016653821e-06	4.33016653821e-06	0.00110419246724	0.00255912842408	0.000160216161914	0	0.000684166313036	3.03111657674e-05	0.00130771029454	4.33016653821e-06	0	4.33016653821e-06	0	4.33016653821e-06	4.33016653821e-06	0	0.000355073656133	8.66033307641e-05	0.000948306471867	0.000281460824983	0.00252448709177	0.0011215131334	4.33016653821e-06
