0.0322775113371	1.15194544386e-05	0.00153592725849	0	0	0	0.000472297631984	0.0206927799899	0.0150444074969	1.53592725849e-05	0.0042621981423	0.00240756597768	0.000157432543995	3.83981814621e-06	0.0173521382027	6.91167266318e-05	2.30389088773e-05	0.00148600962258	0.00100219253616	0.00237684743251	3.83981814621e-06	0.000215029816188	2.30389088773e-05	0.000840920174021	0.000468457813838	0	0.00143609198668	0.000948435082115	0.00258803743055	0.00638177775901	0.00424683886971	1.15194544386e-05	2.68787270235e-05	0.000268787270235	0.00500712286266	2.68787270235e-05	0.000115194544386	0.000491496722715	0	0.000311025269843	0	3.83981814621e-06	0.000322544724282	0	0.000391661450914	1.15194544386e-05	0	3.83981814621e-06	0	2.68787270235e-05	3.83981814621e-06	0	2.30389088773e-05	1.53592725849e-05	7.67963629243e-06	7.67963629243e-06	1.15194544386e-05	7.67963629243e-06	0.000295665997258	0.000349423451305	0	5.3757454047e-05	0.000107514908094	0.000656608903002	2.68787270235e-05	7.2956544778e-05	0	0	0	7.67963629243e-06	0.00142841235039	0.000664288539295	0.00462698086619	0.000380141996475	0.000741084902219	0	0	1.91990907311e-05	1.91990907311e-05	3.83981814621e-06	0	0	0	0
1.15194544386e-05	0.00883158173629	0.000180471452872	0	7.67963629243e-06	0	1.53592725849e-05	8.83158173629e-05	2.30389088773e-05	0.00196214707271	1.91990907311e-05	0.000299505815405	1.91990907311e-05	0.000767963629243	1.15194544386e-05	2.68787270235e-05	0.00134393635117	0.000176631634726	8.44759992167e-05	0.000303345633551	1.15194544386e-05	0.000349423451305	0.00602083485326	0.000683487630026	0.00407404705313	0.00131705762415	0.000360942905744	0.00479977268277	0.000526055086031	0	0.000211189998042	0	3.83981814621e-06	0	0.000149752907702	0	0.000633569994125	2.30389088773e-05	0	0	0	0	0	0	1.15194544386e-05	0	0	0	3.07185451697e-05	0	0	3.83981814621e-06	7.67963629243e-06	0	0	0	0	3.83981814621e-05	3.07185451697e-05	1.15194544386e-05	2.68787270235e-05	5.75972721932e-05	0.000560613449347	2.30389088773e-05	0	0	3.83981814621e-06	0	0	3.83981814621e-06	0.000756444174804	0.000115194544386	0.00042621981423	0.000238068725065	3.07185451697e-05	0	2.68787270235e-05	0	0	0	0	0	0	0
0.00153592725849	0.000180471452872	0.03225063261	0	0	0	3.45583633159e-05	0.00393581359987	0.00136697526005	0	0.000387821632767	0.000249588179504	1.53592725849e-05	2.68787270235e-05	0.000671968175587	0	9.59954536553e-05	0.00493800613603	1.15194544386e-05	0.000422379996083	0.000103675089948	0.000307185451697	9.21556355091e-05	0.00607075248916	0.000311025269843	1.53592725849e-05	0.0050186423171	0.00633569994125	0.00350575396749	3.45583633159e-05	8.44759992167e-05	0	0	3.83981814621e-06	0.000337903996867	7.2956544778e-05	0.00142457253224	0.00529894904177	0	1.91990907311e-05	0	5.75972721932e-05	0.000245748361358	1.53592725849e-05	9.98352718015e-05	6.91167266318e-05	3.83981814621e-05	7.67963629243e-06	1.15194544386e-05	5.3757454047e-05	3.83981814621e-06	3.45583633159e-05	0.00151288834961	3.83981814621e-06	0.000291826179112	3.83981814621e-06	2.30389088773e-05	0.000718045993342	0.00129017889713	3.83981814621e-05	1.91990907311e-05	0.00127481962454	0.00279538761044	0.000349423451305	0.000149752907702	1.91990907311e-05	0	0	0	0.000430059632376	0.00333296215091	0.000725725629634	0.00145145125927	0.000560613449347	0.000126713998825	3.45583633159e-05	0	0.000529894904177	0.000184311271018	0.000280306724674	8.06361810705e-05	0	0	7.67963629243e-06
0	0	0	0	0	0	0	0	0	0	0	0	0	0	0	0	0	0	0	0	0	0	0	0	0	0	0	0	0	0	0	0	0	0	0	0	0	0	0	0	0	0	0	0	0	0	0	0	0	0	0	0	0	0	0	0	0	0	0	0	0	0	0	0	0	0	0	0	0	0	0	0	0	0	0	0	0	0	0	0	0	0	0	0
0	7.67963629243e-06	0	0	0.0133280087855	0	0.000115194544386	8.83158173629e-05	2.68787270235e-05	0.00241524561397	0.000856279446605	1.53592725849e-05	0.00403564887167	0	3.83981814621e-06	0.000487656904569	0	0	2.68787270235e-05	1.53592725849e-05	0.00627810266906	0	1.91990907311e-05	0	0.0029413007	0	1.53592725849e-05	3.83981814621e-06	0.00534886667767	0	0	0	0	0	7.67963629243e-06	0	1.15194544386e-05	0	0	0.00200054525418	3.83981814621e-06	2.30389088773e-05	0	7.67963629243e-06	0.00161656343956	0.000103675089948	0	0.000744924720365	0	0	7.67963629243e-06	0	0	0	0	0.00159736434882	0	1.15194544386e-05	0	0.00155896616736	7.67963629243e-06	0	0	0.000272627088381	0	0	0	0	0	1.15194544386e-05	1.91990907311e-05	3.83981814621e-06	2.68787270235e-05	3.83981814621e-06	0.000971473990992	3.83981814621e-06	0	0	0	1.53592725849e-05	1.15194544386e-05	3.83981814621e-06	0	3.83981814621e-06
0	0	0	0	0	0.00332144269647	0.00193142852754	7.67963629243e-06	0.000875478537336	0.000115194544386	3.83981814621e-06	0	7.67963629243e-06	0	2.68787270235e-05	0.000821721083289	0	0	0	0	3.83981814621e-06	3.83981814621e-06	2.68787270235e-05	7.67963629243e-06	1.15194544386e-05	0	0	3.83981814621e-06	1.15194544386e-05	2.30389088773e-05	3.83981814621e-06	0	0.000748764538511	0	6.52769084856e-05	0	0	0	0	0	0	0	0	0	7.67963629243e-06	0	0	0	0	0	0	0	0	0	0	0	7.67963629243e-06	7.67963629243e-06	3.83981814621e-06	0	0	0	0	1.91990907311e-05	0	0	0	0	0	0	0.000295665997258	3.83981814621e-06	3.83981814621e-06	7.67963629243e-06	0.00079100253812	0.000195830725457	0	0	0	0	0	0	0	0
0.000472297631984	1.53592725849e-05	3.45583633159e-05	0	0.000115194544386	0.00193142852754	0.0407903881672	0.00657760848446	0.0213417092566	0.000656608903002	0.0137388693271	0.00413932396162	0.0111277929877	0.000157432543995	0.00260723652128	0.00294514051815	5.3757454047e-05	7.67963629243e-06	0.00276466906527	0.00149752907702	0.00277618851971	2.30389088773e-05	6.14370903394e-05	8.06361810705e-05	0.000606691267102	0.000191990907311	0.00244212434099	0.000268787270235	0.00495336540861	0.000956114718407	3.83981814621e-05	0.000122874180679	0.00317168978877	0	0.0037975801466	2.30389088773e-05	2.68787270235e-05	0	0	0.000453098541253	0	1.91990907311e-05	0.000499176359008	7.67963629243e-06	0.000514535631592	0.000115194544386	1.91990907311e-05	2.30389088773e-05	7.67963629243e-05	0.000134393635117	1.53592725849e-05	3.83981814621e-06	2.68787270235e-05	0	1.15194544386e-05	0.000138233453264	1.53592725849e-05	2.30389088773e-05	1.91990907311e-05	0.000529894904177	0.000126713998825	7.2956544778e-05	0.000103675089948	0.000710366357049	0.000191990907311	0	0	0	0	7.67963629243e-05	0.00409708596201	0.000157432543995	0.00414700359791	0.000330224360574	0.00705374593459	0.000664288539295	6.14370903394e-05	5.3757454047e-05	3.45583633159e-05	0.000126713998825	4.99176359008e-05	0	0	1.53592725849e-05
0.0206927799899	8.83158173629e-05	0.00393581359987	0	8.83158173629e-05	7.67963629243e-06	0.00657760848446	0.0705873769818	0.0202166425398	0.00128249926084	0.0100104059072	0.00268787270235	0.000833240537728	1.91990907311e-05	0.0141151715055	0.000741084902219	0.000207350179895	0.00342511778642	0.00162808289399	0.0047114568654	0.000153592725849	0.000472297631984	0.000138233453264	0.00455402432141	0.00219637597963	3.83981814621e-05	0.00281074688303	0.00227317234256	0.0226933252441	0.00753372320287	0.00790618556305	5.3757454047e-05	0.000241908543211	0.000433899450522	0.00667360393812	0.000495336540861	0.000168951998433	0.000583652358224	0	0.00244596415914	3.83981814621e-06	0.00025342799765	0.00117882417089	8.44759992167e-05	0.00443498995888	0.00022270945248	1.53592725849e-05	0.000203510361749	0	0.000449258723107	8.44759992167e-05	3.07185451697e-05	7.67963629243e-05	0.000126713998825	0.000291826179112	0.000775643265535	3.07185451697e-05	6.52769084856e-05	0.000341743815013	0.00493416631788	0	0.000403180905352	0.000353263269452	0.0052682304966	0.000852439628459	1.53592725849e-05	0	3.83981814621e-06	0	0.000595171812663	0.00282610615561	0.00067964781188	0.00858967319308	0.00204278325379	0.00110202780796	0.000211189998042	7.67963629243e-06	0.000145913089556	4.99176359008e-05	0.000606691267102	9.59954536553e-05	3.83981814621e-06	7.67963629243e-06	3.83981814621e-06
0.0150444074969	2.30389088773e-05	0.00136697526005	0	2.68787270235e-05	0.000875478537336	0.0213417092566	0.0202166425398	0.0587645769096	0.000180471452872	0.0130707409697	0.00648161303081	0.00706142557088	0.000126713998825	0.0187421523717	0.000906197082506	6.52769084856e-05	0.000802521992558	0.00376686160143	0.00185079234647	0.00418156196123	0.000149752907702	6.91167266318e-05	0.000622050539686	0.000430059632376	0.000157432543995	0.00327920469687	0.000810201628851	0.00517607486109	0.00273011070196	0.00151672816775	0.000134393635117	0.00367854578407	0.000188151089164	0.00643169539491	2.68787270235e-05	0.00011135472624	0.000433899450522	0	0.000860119264752	0	2.68787270235e-05	0.000380141996475	3.83981814621e-06	0.000687327448172	0.000287986360966	3.83981814621e-06	1.53592725849e-05	4.22379996083e-05	8.83158173629e-05	1.91990907311e-05	3.83981814621e-06	3.45583633159e-05	0	7.67963629243e-06	0.00036478272389	1.91990907311e-05	1.91990907311e-05	0.000264947452089	0.000898517446214	0.000119034362533	8.44759992167e-05	0.000188151089164	0.00115962508016	0.000107514908094	0	0	0	0	5.75972721932e-05	0.00271475142937	0.000533734722324	0.00618978685169	0.000714206175196	0.00303345633551	0.00047613745013	3.83981814621e-05	1.53592725849e-05	7.67963629243e-06	7.2956544778e-05	3.83981814621e-05	0	0	3.83981814621e-06
1.53592725849e-05	0.00196214707271	0	0	0.00241524561397	0.000115194544386	0.000656608903002	0.00128249926084	0.000180471452872	0.0241562959578	0.00184311271018	7.2956544778e-05	0.00327920469687	0.000103675089948	3.07185451697e-05	0.00231925016031	0.000126713998825	7.67963629243e-06	9.21556355091e-05	1.53592725849e-05	0.00196598689086	1.53592725849e-05	0.00432747505078	3.45583633159e-05	0.0122835782497	0.000936915627676	9.98352718015e-05	0.000249588179504	0.0112045893506	1.91990907311e-05	0.000103675089948	0	0	1.15194544386e-05	8.06361810705e-05	0.00011135472624	5.3757454047e-05	7.67963629243e-06	0	0.00492264686344	2.30389088773e-05	0.000115194544386	0.000829400719582	2.68787270235e-05	0.00957650645665	0.000756444174804	1.15194544386e-05	0.00126713998825	2.68787270235e-05	0.000115194544386	7.67963629243e-05	4.22379996083e-05	2.68787270235e-05	1.53592725849e-05	6.91167266318e-05	0.00526439067846	0.000103675089948	0.0011135472624	6.52769084856e-05	0.00771419465574	4.22379996083e-05	0.000157432543995	0.000752604356658	0.00365550687519	0.000130553816971	6.14370903394e-05	0	0	0	0.000195830725457	0.000138233453264	0	0.000122874180679	3.45583633159e-05	0.0012133825342	0	3.83981814621e-06	0.00139769380522	0.00107130926279	6.91167266318e-05	1.53592725849e-05	3.07185451697e-05	0	0
0.0042621981423	1.91990907311e-05	0.000387821632767	0	0.000856279446605	3.83981814621e-06	0.0137388693271	0.0100104059072	0.0130707409697	0.00184311271018	0.0498485191741	0.00798298192598	0.00736477120444	1.53592725849e-05	0.00327536487872	0.000483817086423	3.45583633159e-05	0.000345583633159	0.00512999704334	0.00577892631005	0.00735325175	5.75972721932e-05	1.15194544386e-05	0.000238068725065	0.000207350179895	1.53592725849e-05	0.00395117287245	0.00135929562376	0.0072457368419	0.00213877870744	8.83158173629e-05	6.52769084856e-05	0.000483817086423	2.68787270235e-05	0.00889685864477	4.22379996083e-05	4.22379996083e-05	0	0	0.00187383125535	0	7.67963629243e-06	0.000184311271018	3.83981814621e-06	0.00028414654282	0.000622050539686	0	0.000360942905744	3.83981814621e-06	3.07185451697e-05	3.83981814621e-06	0	7.67963629243e-06	2.68787270235e-05	5.3757454047e-05	0.00224629361553	7.67963629243e-06	1.53592725849e-05	7.67963629243e-06	0.00172407834765	4.60778177546e-05	9.59954536553e-05	8.06361810705e-05	0.000360942905744	5.75972721932e-05	0	0	0	0	5.3757454047e-05	0.00205430270822	7.67963629243e-05	0.00883542155444	0.000241908543211	0.00064892926671	0.000134393635117	0	1.91990907311e-05	3.83981814621e-06	5.75972721932e-05	1.53592725849e-05	0	0	0
0.00240756597768	0.000299505815405	0.000249588179504	0	1.53592725849e-05	0	0.00413932396162	0.00268787270235	0.00648161303081	7.2956544778e-05	0.00798298192598	0.0426565397863	0.00289906270039	0.00741084902219	0.00144377162298	9.21556355091e-05	1.15194544386e-05	0.000545254176762	0.0118995964351	0.00944595263968	0.00235380852363	0.00022270945248	1.91990907311e-05	0.000372462360183	8.83158173629e-05	0.00396653214504	0.00641249630418	0.00175479689282	0.002127259253	0.00150136889517	0.000257267815796	0.0030411359718	0.000372462360183	2.30389088773e-05	0.0177246005629	0	0.000268787270235	0	0	0.000234228906919	0	7.67963629243e-06	0.000115194544386	0	0.000157432543995	0.000115194544386	0.000215029816188	0	0.00486120977311	1.53592725849e-05	3.83981814621e-06	0	0	0.000134393635117	6.91167266318e-05	0.000130553816971	0	3.83981814621e-05	1.15194544386e-05	0.000291826179112	0.000994512899869	0.00262259579386	0.000986833263577	0.000264947452089	2.30389088773e-05	0	7.67963629243e-05	0	0	3.07185451697e-05	0.00390893487284	0.00301809706292	0.0119955918888	0.000783322901827	0.00144377162298	1.15194544386e-05	0.00100987217245	3.83981814621e-05	0.00064892926671	4.60778177546e-05	3.83981814621e-06	0	0	3.83981814621e-05
0.000157432543995	1.91990907311e-05	1.53592725849e-05	0	0.00403564887167	7.67963629243e-06	0.0111277929877	0.000833240537728	0.00706142557088	0.00327920469687	0.00736477120444	0.00289906270039	0.0334947336894	8.83158173629e-05	0.00148216980444	0.00250740124948	7.67963629243e-06	4.60778177546e-05	0.00253811979465	0.00251508088577	0.0163921836662	0	1.91990907311e-05	2.30389088773e-05	0.0020274239812	9.98352718015e-05	0.00350575396749	0.000637409812271	0.0031985685158	0.000280306724674	2.68787270235e-05	8.83158173629e-05	0.00042621981423	0	0.00207350179895	7.67963629243e-06	3.07185451697e-05	0	0	0.000879318355483	0	5.3757454047e-05	3.45583633159e-05	0	0.00120570289791	1.91990907311e-05	0	0.00115962508016	2.30389088773e-05	7.67963629243e-06	2.30389088773e-05	0	7.67963629243e-06	3.83981814621e-06	7.67963629243e-06	0.0012633001701	0	0	0	0.00098299344543	8.44759992167e-05	7.2956544778e-05	0.00011135472624	8.06361810705e-05	4.99176359008e-05	0	0	0	0	4.60778177546e-05	0.000456938359399	0.000165112180287	0.00568677067454	9.59954536553e-05	0.00362862814817	1.15194544386e-05	0	3.83981814621e-06	0	5.75972721932e-05	3.83981814621e-06	2.68787270235e-05	0	0
3.83981814621e-06	0.000767963629243	2.68787270235e-05	0	0	0	0.000157432543995	1.91990907311e-05	0.000126713998825	0.000103675089948	1.53592725849e-05	0.00741084902219	8.83158173629e-05	0.0226971650623	1.15194544386e-05	0	0.000238068725065	2.68787270235e-05	0.000157432543995	6.91167266318e-05	2.30389088773e-05	1.91990907311e-05	0.000775643265535	0.000134393635117	0.000568293085639	0.00918484500574	0.00343279742271	0.00456554377585	5.75972721932e-05	8.06361810705e-05	3.83981814621e-05	0.00389741541841	8.83158173629e-05	0	0.000472297631984	1.53592725849e-05	0.00011135472624	1.91990907311e-05	0	3.45583633159e-05	0	8.83158173629e-05	5.3757454047e-05	7.67963629243e-06	3.07185451697e-05	7.67963629243e-05	0.000226549270627	5.75972721932e-05	0.00555237703942	5.75972721932e-05	7.67963629243e-06	3.83981814621e-06	2.30389088773e-05	0.000468457813838	9.21556355091e-05	7.67963629243e-06	1.15194544386e-05	4.99176359008e-05	2.68787270235e-05	9.98352718015e-05	0.0037476625107	0.0045117863218	0.00291826179112	7.67963629243e-05	0.00014207327141	3.83981814621e-06	0.000176631634726	5.3757454047e-05	1.53592725849e-05	0.000272627088381	0.000357103087598	0.00114426580757	0.000625890357833	0.000188151089164	5.75972721932e-05	4.60778177546e-05	0.0011634648983	0.000153592725849	0.000733405265927	0.000503016177154	0.000241908543211	3.83981814621e-06	4.60778177546e-05	6.14370903394e-05
0.0173521382027	1.15194544386e-05	0.000671968175587	0	3.83981814621e-06	2.68787270235e-05	0.00260723652128	0.0141151715055	0.0187421523717	3.07185451697e-05	0.00327536487872	0.00144377162298	0.00148216980444	1.15194544386e-05	0.0333833789632	0.000687327448172	1.53592725849e-05	0.00117882417089	0.00033406417872	0.000956114718407	0.00153208744034	0.000161272362141	2.30389088773e-05	0.000556773631201	0.000280306724674	7.67963629243e-06	0.000894677628068	0.000556773631201	0.00191606925496	0.00527207031475	0.00252276052206	3.83981814621e-06	0.00134777616932	0.000161272362141	0.00297969888146	1.91990907311e-05	5.75972721932e-05	0.000326384542428	0	9.21556355091e-05	0	1.53592725849e-05	0.000368622542036	0	0.000418540177937	3.07185451697e-05	1.53592725849e-05	0	1.15194544386e-05	6.52769084856e-05	1.15194544386e-05	0	1.53592725849e-05	0	3.83981814621e-06	3.83981814621e-06	3.83981814621e-06	3.83981814621e-06	0.000218869634334	0.000157432543995	0	4.22379996083e-05	5.3757454047e-05	0.000529894904177	0.000107514908094	1.53592725849e-05	0	0	0	4.99176359008e-05	0.00107514908094	0.000503016177154	0.00326384542428	0.000671968175587	0.00161272362141	4.99176359008e-05	3.83981814621e-06	4.22379996083e-05	1.91990907311e-05	6.52769084856e-05	2.30389088773e-05	0	0	3.83981814621e-06
6.91167266318e-05	2.68787270235e-05	0	0	0.000487656904569	0.000821721083289	0.00294514051815	0.000741084902219	0.000906197082506	0.00231925016031	0.000483817086423	9.21556355091e-05	0.00250740124948	0	0.000687327448172	0.0108129278997	4.60778177546e-05	0	3.83981814621e-05	0	0.000756444174804	0.000145913089556	0.000149752907702	0.000218869634334	0.00180855434687	1.53592725849e-05	1.53592725849e-05	1.53592725849e-05	0.00103291108133	5.75972721932e-05	0.00011135472624	3.83981814621e-06	0.000199670543603	3.83981814621e-06	8.44759992167e-05	3.07185451697e-05	0	3.83981814621e-06	0	6.91167266318e-05	0	3.07185451697e-05	0.000702686720757	3.83981814621e-06	0.000810201628851	4.60778177546e-05	1.53592725849e-05	1.91990907311e-05	7.67963629243e-06	0.000134393635117	1.91990907311e-05	3.83981814621e-06	1.91990907311e-05	0	3.83981814621e-06	3.07185451697e-05	6.52769084856e-05	4.22379996083e-05	6.52769084856e-05	0.000203510361749	0	1.53592725849e-05	3.83981814621e-06	0.00100219253616	0.000211189998042	8.06361810705e-05	0	0	2.30389088773e-05	0.000157432543995	0.00154744671292	0.000122874180679	9.98352718015e-05	5.3757454047e-05	0.00319472869765	8.44759992167e-05	0	0.00011135472624	1.53592725849e-05	0.000245748361358	0.000161272362141	0	0	7.67963629243e-06
2.30389088773e-05	0.00134393635117	9.59954536553e-05	0	0	0	5.3757454047e-05	0.000207350179895	6.52769084856e-05	0.000126713998825	3.45583633159e-05	1.15194544386e-05	7.67963629243e-06	0.000238068725065	1.53592725849e-05	4.60778177546e-05	0.0224744556098	5.75972721932e-05	2.68787270235e-05	3.07185451697e-05	3.83981814621e-06	0.00393581359987	0.011949514071	0.00722269793303	0.0125139673385	0.000119034362533	0.000165112180287	0.00663520575666	0.00527974995104	2.30389088773e-05	0.000295665997258	3.83981814621e-06	3.83981814621e-06	3.83981814621e-06	7.67963629243e-05	6.91167266318e-05	0.000134393635117	4.99176359008e-05	0	0	0	3.83981814621e-06	1.15194544386e-05	3.83981814621e-06	4.22379996083e-05	3.83981814621e-06	1.53592725849e-05	0	2.68787270235e-05	5.3757454047e-05	0	0.00235764834177	6.91167266318e-05	3.83981814621e-06	3.07185451697e-05	0	0.00225397325183	0.00587876158185	0.000821721083289	0.000119034362533	3.83981814621e-06	0.000153592725849	0.0005068559953	0.00134393635117	5.75972721932e-05	0.000940755445822	0	0	7.67963629243e-06	8.06361810705e-05	0.00239988634138	0.000852439628459	0.000161272362141	6.14370903394e-05	2.68787270235e-05	0	0	0.000418540177937	0.000261107633942	3.83981814621e-05	1.15194544386e-05	3.83981814621e-06	3.83981814621e-06	0
0.00148600962258	0.000176631634726	0.00493800613603	0	0	0	7.67963629243e-06	0.00342511778642	0.000802521992558	7.67963629243e-06	0.000345583633159	0.000545254176762	4.60778177546e-05	2.68787270235e-05	0.00117882417089	0	5.75972721932e-05	0.0277657250153	0.000122874180679	0.00809817647036	9.98352718015e-05	0.000606691267102	0.000149752907702	0.00751836393028	0.000134393635117	1.53592725849e-05	0.0060822719436	0.00626274339647	0.00146297071371	2.68787270235e-05	0.000994512899869	3.83981814621e-06	3.83981814621e-06	0	0.00453866504882	0.000188151089164	0.000330224360574	0.000979153627284	0	3.45583633159e-05	0	7.67963629243e-06	0.000145913089556	7.67963629243e-06	4.60778177546e-05	2.68787270235e-05	4.22379996083e-05	0	0	0.000176631634726	0	2.30389088773e-05	0.00100603235431	4.99176359008e-05	0.000483817086423	0	3.07185451697e-05	3.45583633159e-05	0.000119034362533	2.68787270235e-05	7.67963629243e-06	0.00211573979856	0.000479977268277	0.000126713998825	0.000188151089164	9.21556355091e-05	0	0	0	0.000161272362141	0.000913876718799	0.000894677628068	0.00242292525026	0.000268787270235	5.3757454047e-05	3.07185451697e-05	7.67963629243e-06	0.000149752907702	0.00025342799765	0.000122874180679	1.53592725849e-05	0	0	0
0.00100219253616	8.44759992167e-05	1.15194544386e-05	0	2.68787270235e-05	0	0.00276466906527	0.00162808289399	0.00376686160143	9.21556355091e-05	0.00512999704334	0.0118995964351	0.00253811979465	0.000157432543995	0.00033406417872	3.83981814621e-05	2.68787270235e-05	0.000122874180679	0.0203548759931	0.00863959082898	0.00210038052598	1.91990907311e-05	4.99176359008e-05	0.000115194544386	0.000161272362141	0.000433899450522	0.0043620334141	0.00022270945248	0.00135161598747	0.000226549270627	3.45583633159e-05	0.000211189998042	6.52769084856e-05	1.53592725849e-05	0.00548710013094	7.67963629243e-06	1.53592725849e-05	7.67963629243e-06	0	0.000261107633942	0	0.000126713998825	4.60778177546e-05	0	4.60778177546e-05	0.00017279181658	3.83981814621e-06	0.000119034362533	2.30389088773e-05	3.83981814621e-05	0	0	2.68787270235e-05	4.60778177546e-05	5.3757454047e-05	0.000134393635117	0	3.83981814621e-06	3.83981814621e-06	0.000303345633551	0.00042621981423	0.000311025269843	6.14370903394e-05	0.000180471452872	0.00017279181658	0	0	0	3.83981814621e-06	0.000176631634726	0.00377454123773	0.00175863671097	0.00720349884229	0.000226549270627	0.000794842356266	0	0	8.44759992167e-05	4.60778177546e-05	0.000230389088773	0	0	0	0
0.00237684743251	0.000303345633551	0.000422379996083	0	1.53592725849e-05	0	0.00149752907702	0.0047114568654	0.00185079234647	1.53592725849e-05	0.00577892631005	0.00944595263968	0.00251508088577	6.91167266318e-05	0.000956114718407	0	3.07185451697e-05	0.00809817647036	0.00863959082898	0.0358101440316	0.00309489342585	0.000495336540861	5.3757454047e-05	0.00275314961083	0.00011135472624	7.67963629243e-05	0.0121645438872	0.00834392483172	0.00256883833982	0.000257267815796	0.00195062761828	1.15194544386e-05	3.45583633159e-05	1.53592725849e-05	0.0151634418594	3.07185451697e-05	0.000188151089164	1.53592725849e-05	0	0.000176631634726	0	1.15194544386e-05	8.06361810705e-05	0	5.3757454047e-05	7.67963629243e-06	3.83981814621e-06	3.83981814621e-06	0	7.67963629243e-06	0	0	7.67963629243e-05	0.000368622542036	0.00213493888929	7.67963629243e-06	3.83981814621e-06	1.15194544386e-05	8.44759992167e-05	0.000199670543603	3.45583633159e-05	0.00115194544386	0.000449258723107	0.000180471452872	4.22379996083e-05	1.53592725849e-05	0	0	0	4.99176359008e-05	0.00387821632767	0.000733405265927	0.0136159951465	0.000683487630026	0.000656608903002	1.15194544386e-05	2.68787270235e-05	7.2956544778e-05	0.000107514908094	5.75972721932e-05	0	0	0	0
3.83981814621e-06	1.15194544386e-05	0.000103675089948	0	0.00627810266906	3.83981814621e-06	0.00277618851971	0.000153592725849	0.00418156196123	0.00196598689086	0.00735325175	0.00235380852363	0.0163921836662	2.30389088773e-05	0.00153208744034	0.000756444174804	3.83981814621e-06	9.98352718015e-05	0.00210038052598	0.00309489342585	0.0247092297709	0	1.15194544386e-05	2.30389088773e-05	0.0018200738013	3.83981814621e-05	0.00326000560613	0.000775643265535	0.00268787270235	0.000145913089556	2.68787270235e-05	3.07185451697e-05	0.000203510361749	0	0.00183543307389	0	3.45583633159e-05	0	0	0.000971473990992	0	0	4.22379996083e-05	0	0.000637409812271	0.000130553816971	0	0.000552933813055	3.83981814621e-06	0	1.53592725849e-05	0	7.67963629243e-06	0	7.67963629243e-06	0.00103675089948	0	0	0	0.000863959082898	5.75972721932e-05	4.22379996083e-05	8.06361810705e-05	0.000119034362533	0	0	0	0	0	1.15194544386e-05	0.000622050539686	0.000153592725849	0.00531046849621	8.83158173629e-05	0.00234612888734	2.68787270235e-05	0	7.67963629243e-06	0	1.15194544386e-05	7.67963629243e-06	1.53592725849e-05	0	0
0.000215029816188	0.000349423451305	0.000307185451697	0	0	3.83981814621e-06	2.30389088773e-05	0.000472297631984	0.000149752907702	1.53592725849e-05	5.75972721932e-05	0.00022270945248	0	1.91990907311e-05	0.000161272362141	0.000145913089556	0.00393581359987	0.000606691267102	1.91990907311e-05	0.000495336540861	0	0.0335753698705	0.00524519158773	0.0169220785704	0.0018776710735	8.44759992167e-05	0.000622050539686	0.00129401871527	0.00830552665026	0.000433899450522	0.00697694957167	0	0	5.3757454047e-05	0.00491496722715	1.53592725849e-05	0.000211189998042	0.000268787270235	0	3.83981814621e-06	0	0	0.000226549270627	0	0.000130553816971	1.15194544386e-05	3.83981814621e-06	0	7.67963629243e-06	1.15194544386e-05	0	0.00236532797807	6.14370903394e-05	3.83981814621e-06	2.68787270235e-05	0	0.00231925016031	0.00665824466553	0.00188535070979	6.91167266318e-05	1.15194544386e-05	0.000119034362533	0.000491496722715	0.000875478537336	2.30389088773e-05	0.00195062761828	3.83981814621e-06	0	0	8.83158173629e-05	0.00330608342389	0.00136697526005	0.00504552104412	0.000529894904177	0.000710366357049	7.67963629243e-06	7.67963629243e-06	8.06361810705e-05	5.75972721932e-05	8.83158173629e-05	8.44759992167e-05	0	1.53592725849e-05	0
2.30389088773e-05	0.00602083485326	9.21556355091e-05	0	1.91990907311e-05	2.68787270235e-05	6.14370903394e-05	0.000138233453264	6.91167266318e-05	0.00432747505078	1.15194544386e-05	1.91990907311e-05	1.91990907311e-05	0.000775643265535	2.30389088773e-05	0.000149752907702	0.011949514071	0.000149752907702	4.99176359008e-05	5.3757454047e-05	1.15194544386e-05	0.00524519158773	0.0353378463996	0.0098299344543	0.0138771027804	0.000875478537336	0.000403180905352	0.0068463957547	0.0048189717735	5.3757454047e-05	0.00107898889909	0	3.83981814621e-06	0	0.000157432543995	0.000241908543211	0.000894677628068	0.000318704906136	0	3.83981814621e-06	3.83981814621e-06	1.15194544386e-05	5.3757454047e-05	3.83981814621e-06	0.00222325470666	1.53592725849e-05	2.68787270235e-05	7.67963629243e-06	3.83981814621e-05	0.000122874180679	2.68787270235e-05	0.00718429975156	8.44759992167e-05	7.67963629243e-06	5.75972721932e-05	0	0.00494568577232	0.0177322801992	0.00356719105783	0.00152440780405	3.83981814621e-06	0.000276466906527	0.0017202385295	0.00365550687519	0.00025342799765	0.00120570289791	0	0	3.83981814621e-05	0.000387821632767	0.00125946035196	0.000433899450522	0.000238068725065	7.67963629243e-05	0.000119034362533	3.83981814621e-06	3.83981814621e-06	0.00124026126123	0.000556773631201	9.21556355091e-05	9.21556355091e-05	1.91990907311e-05	2.30389088773e-05	0
0.000840920174021	0.000683487630026	0.00607075248916	0	0	7.67963629243e-06	8.06361810705e-05	0.00455402432141	0.000622050539686	3.45583633159e-05	0.000238068725065	0.000372462360183	2.30389088773e-05	0.000134393635117	0.000556773631201	0.000218869634334	0.00722269793303	0.00751836393028	0.000115194544386	0.00275314961083	2.30389088773e-05	0.0169220785704	0.0098299344543	0.0636872237731	0.00326000560613	0.000311025269843	0.00201206470862	0.00990673081723	0.00809433665222	8.83158173629e-05	0.00181623398316	3.07185451697e-05	2.30389088773e-05	3.07185451697e-05	0.00448874741292	1.91990907311e-05	0.000545254176762	0.00294514051815	0	1.15194544386e-05	3.83981814621e-06	1.15194544386e-05	0.000303345633551	3.83981814621e-06	8.83158173629e-05	3.07185451697e-05	1.91990907311e-05	0	3.45583633159e-05	1.15194544386e-05	7.67963629243e-06	0.00548710013094	0.000380141996475	1.91990907311e-05	8.06361810705e-05	0	0.00139769380522	0.0153976707663	0.0103367904496	1.91990907311e-05	3.45583633159e-05	0.00017279181658	0.00378990051031	0.000430059632376	2.68787270235e-05	0.000483817086423	3.83981814621e-06	0	1.15194544386e-05	0.000422379996083	0.00713822193381	0.00301425724478	0.00392429414543	0.000783322901827	0.000863959082898	4.99176359008e-05	3.45583633159e-05	0.000529894904177	0.000241908543211	0.000368622542036	0.000276466906527	3.83981814621e-06	1.91990907311e-05	0
0.000468457813838	0.00407404705313	0.000311025269843	0	0.0029413007	1.15194544386e-05	0.000606691267102	0.00219637597963	0.000430059632376	0.0122835782497	0.000207350179895	8.83158173629e-05	0.0020274239812	0.000568293085639	0.000280306724674	0.00180855434687	0.0125139673385	0.000134393635117	0.000161272362141	0.00011135472624	0.0018200738013	0.0018776710735	0.0138771027804	0.00326000560613	0.0498139608108	0.000944595263968	0.000460778177546	0.00579812540078	0.0213186703478	0.000368622542036	0.00194294798198	3.83981814621e-06	7.67963629243e-06	0	0.000161272362141	0.000264947452089	0.000138233453264	6.14370903394e-05	0	0.00142841235039	1.91990907311e-05	0.000115194544386	0.00112890653499	2.30389088773e-05	0.00886997991775	0.000103675089948	3.83981814621e-05	0.000360942905744	5.75972721932e-05	0.000218869634334	6.14370903394e-05	0.000913876718799	7.2956544778e-05	1.53592725849e-05	7.2956544778e-05	0.000599011630809	0.00254579943094	0.00586724212741	0.000487656904569	0.00470761704726	3.45583633159e-05	0.000264947452089	0.00076028399295	0.00797146247154	0.000322544724282	0.000921556355091	0	0	1.91990907311e-05	0.000360942905744	0.00261491615757	0.000303345633551	0.000572132903786	0.000199670543603	0.00125562053381	1.15194544386e-05	3.83981814621e-06	0.00168951998433	0.000948435082115	0.000134393635117	3.07185451697e-05	1.15194544386e-05	7.67963629243e-06	0
0	0.00131705762415	1.53592725849e-05	0	0	0	0.000191990907311	3.83981814621e-05	0.000157432543995	0.000936915627676	1.53592725849e-05	0.00396653214504	9.98352718015e-05	0.00918484500574	7.67963629243e-06	1.53592725849e-05	0.000119034362533	1.53592725849e-05	0.000433899450522	7.67963629243e-05	3.83981814621e-05	8.44759992167e-05	0.000875478537336	0.000311025269843	0.000944595263968	0.0134892811476	0.0012210621705	0.00165880143916	8.06361810705e-05	0.000168951998433	3.83981814621e-06	0.00153592725849	0.000188151089164	0	0.000518375449739	2.68787270235e-05	0.000107514908094	7.67963629243e-06	0	1.53592725849e-05	0	0.000107514908094	2.68787270235e-05	0	2.30389088773e-05	9.98352718015e-05	8.83158173629e-05	9.59954536553e-05	0.00437739268668	3.45583633159e-05	3.83981814621e-06	3.83981814621e-06	1.91990907311e-05	0.000299505815405	3.07185451697e-05	1.91990907311e-05	3.83981814621e-06	2.68787270235e-05	7.67963629243e-06	3.07185451697e-05	0.00302193688107	0.00250356143133	0.00276850888342	1.91990907311e-05	0.000153592725849	3.83981814621e-06	0.000119034362533	0	1.53592725849e-05	0.000211189998042	0.000303345633551	0.000445418904961	0.00036478272389	7.67963629243e-06	0.000107514908094	7.67963629243e-06	0.000610531085248	6.14370903394e-05	0.000383981814621	0.000311025269843	7.67963629243e-06	0	0	2.68787270235e-05
0.00143609198668	0.000360942905744	0.0050186423171	0	1.53592725849e-05	0	0.00244212434099	0.00281074688303	0.00327920469687	9.98352718015e-05	0.00395117287245	0.00641249630418	0.00350575396749	0.00343279742271	0.000894677628068	1.53592725849e-05	0.000165112180287	0.0060822719436	0.0043620334141	0.0121645438872	0.00326000560613	0.000622050539686	0.000403180905352	0.00201206470862	0.000460778177546	0.0012210621705	0.0720081096959	0.0171063898414	0.00201590452676	0.000195830725457	0.00109050835352	0.00510311831632	6.14370903394e-05	3.83981814621e-06	0.00802905974373	0.000814041446997	0.00743388793107	0.00100219253616	0	0.000691167266318	0	0.000195830725457	0.000737245084073	1.15194544386e-05	0.000203510361749	0.000276466906527	0.000218869634334	0.000161272362141	0.00150520871332	0.00064892926671	3.83981814621e-06	3.07185451697e-05	0.00236148815992	0.00158200507624	0.00253044015835	8.44759992167e-05	4.22379996083e-05	0.000126713998825	0.000157432543995	0.000572132903786	0.00237300761436	0.0161041973052	0.00987985209021	0.000687327448172	0.000710366357049	0.000130553816971	0	0	1.53592725849e-05	0.00133241689674	0.00789466610861	0.00305265542624	0.0128710704261	0.000894677628068	0.00112506671684	1.91990907311e-05	2.68787270235e-05	0.000345583633159	0.000380141996475	0.00127481962454	2.68787270235e-05	0	3.83981814621e-06	1.53592725849e-05
0.000948435082115	0.00479977268277	0.00633569994125	0	3.83981814621e-06	3.83981814621e-06	0.000268787270235	0.00227317234256	0.000810201628851	0.000249588179504	0.00135929562376	0.00175479689282	0.000637409812271	0.00456554377585	0.000556773631201	1.53592725849e-05	0.00663520575666	0.00626274339647	0.00022270945248	0.00834392483172	0.000775643265535	0.00129401871527	0.0068463957547	0.00990673081723	0.00579812540078	0.00165880143916	0.0171063898414	0.0822988223278	0.00400877014465	0.000195830725457	0.00153976707663	0.000599011630809	2.30389088773e-05	6.52769084856e-05	0.00834008501357	6.14370903394e-05	0.0146066682282	0.00363630778446	0	0.000280306724674	3.83981814621e-06	4.99176359008e-05	0.00028414654282	1.15194544386e-05	0.000157432543995	0.000107514908094	3.07185451697e-05	3.83981814621e-05	0.000276466906527	5.75972721932e-05	3.83981814621e-06	0.00241140579582	0.000479977268277	0.000564453267493	0.000833240537728	3.07185451697e-05	9.98352718015e-05	0.00645089448564	0.0017701561654	0.000529894904177	0.00154360689478	0.00379374032846	0.0196406698179	0.000986833263577	0.000165112180287	3.45583633159e-05	3.83981814621e-06	0	3.83981814621e-06	0.000529894904177	0.0127673953362	0.00289906270039	0.00643553521305	0.000910036900652	0.000307185451697	4.22379996083e-05	3.45583633159e-05	0.000468457813838	0.000357103087598	0.000556773631201	3.45583633159e-05	3.83981814621e-06	0	0
0.00258803743055	0.000526055086031	0.00350575396749	0	0.00534886667767	1.15194544386e-05	0.00495336540861	0.0226933252441	0.00517607486109	0.0112045893506	0.0072457368419	0.002127259253	0.0031985685158	5.75972721932e-05	0.00191606925496	0.00103291108133	0.00527974995104	0.00146297071371	0.00135161598747	0.00256883833982	0.00268787270235	0.00830552665026	0.0048189717735	0.00809433665222	0.0213186703478	8.06361810705e-05	0.00201590452676	0.00400877014465	0.091337754244	0.00210806016227	0.00919252464203	3.83981814621e-05	0.000195830725457	0.000234228906919	0.00390125523655	0.000810201628851	0.000126713998825	8.83158173629e-05	0	0.00779099101867	2.68787270235e-05	0.000572132903786	0.0048688894094	0.00022270945248	0.0201360063587	0.00149368925888	9.59954536553e-05	0.000875478537336	3.83981814621e-05	0.000706526538903	0.00025342799765	0.000472297631984	0.000103675089948	8.83158173629e-05	0.000295665997258	0.00594787830848	0.00268019306606	0.00688863375431	0.000591331994517	0.0134163246029	3.83981814621e-05	0.000495336540861	0.0010636296265	0.0164996985743	0.00134393635117	0.00282610615561	0	1.15194544386e-05	4.99176359008e-05	0.00113274635313	0.00467689850209	0.000391661450914	0.00615906830653	0.00140537344151	0.00119418344347	0.000149752907702	0	0.00245364379543	0.00134009653303	0.000737245084073	0.000122874180679	1.15194544386e-05	1.15194544386e-05	1.53592725849e-05
0.00638177775901	0	3.45583633159e-05	0	0	2.30389088773e-05	0.000956114718407	0.00753372320287	0.00273011070196	1.91990907311e-05	0.00213877870744	0.00150136889517	0.000280306724674	8.06361810705e-05	0.00527207031475	5.75972721932e-05	2.30389088773e-05	2.68787270235e-05	0.000226549270627	0.000257267815796	0.000145913089556	0.000433899450522	5.3757454047e-05	8.83158173629e-05	0.000368622542036	0.000168951998433	0.000195830725457	0.000195830725457	0.00210806016227	0.0234459296008	0.00482281159164	0	0.000656608903002	0.00190070998238	0.00530662867807	1.91990907311e-05	1.15194544386e-05	1.15194544386e-05	0	7.67963629243e-06	0	1.91990907311e-05	0.000664288539295	1.91990907311e-05	0.000268787270235	4.22379996083e-05	0	0	3.07185451697e-05	2.68787270235e-05	1.91990907311e-05	7.67963629243e-06	0	0	0	0	1.53592725849e-05	3.07185451697e-05	7.67963629243e-06	2.68787270235e-05	1.15194544386e-05	3.83981814621e-06	1.53592725849e-05	0.00053757454047	3.45583633159e-05	0.000403180905352	0	3.83981814621e-06	0	0	0.000779483083681	0.000168951998433	0.00174711725653	0.000115194544386	0.000503016177154	2.68787270235e-05	3.45583633159e-05	1.53592725849e-05	1.91990907311e-05	0	0	0	0	0
0.00424683886971	0.000211189998042	8.44759992167e-05	0	0	3.83981814621e-06	3.83981814621e-05	0.00790618556305	0.00151672816775	0.000103675089948	8.83158173629e-05	0.000257267815796	2.68787270235e-05	3.83981814621e-05	0.00252276052206	0.00011135472624	0.000295665997258	0.000994512899869	3.45583633159e-05	0.00195062761828	2.68787270235e-05	0.00697694957167	0.00107898889909	0.00181623398316	0.00194294798198	3.83981814621e-06	0.00109050835352	0.00153976707663	0.00919252464203	0.00482281159164	0.0377838105587	0	3.83981814621e-06	0.000637409812271	0.00839768228577	4.99176359008e-05	8.06361810705e-05	1.91990907311e-05	0	4.22379996083e-05	0	3.07185451697e-05	0.00235764834177	2.30389088773e-05	0.00175863671097	6.91167266318e-05	7.67963629243e-06	0	0	6.91167266318e-05	2.30389088773e-05	7.2956544778e-05	4.60778177546e-05	3.07185451697e-05	4.22379996083e-05	0	0.00093307580953	0.00141689289595	0.000203510361749	0.000230389088773	0	0.000107514908094	0.000230389088773	0.00330992324204	0.000199670543603	0.0024843623406	0	3.83981814621e-06	7.67963629243e-06	0.000188151089164	0.00134009653303	0.000564453267493	0.005725168856	0.000441579086814	0.00017279181658	1.15194544386e-05	0	0.000261107633942	4.22379996083e-05	0.000157432543995	3.83981814621e-05	0	3.83981814621e-06	0
1.15194544386e-05	0	0	0	0	0	0.000122874180679	5.3757454047e-05	0.000134393635117	0	6.52769084856e-05	0.0030411359718	8.83158173629e-05	0.00389741541841	3.83981814621e-06	3.83981814621e-06	3.83981814621e-06	3.83981814621e-06	0.000211189998042	1.15194544386e-05	3.07185451697e-05	0	0	3.07185451697e-05	3.83981814621e-06	0.00153592725849	0.00510311831632	0.000599011630809	3.83981814621e-05	0	0	0.00956114718407	0	0	0.000184311271018	0	1.15194544386e-05	0	0	0	0	0	0	0	0	0	6.91167266318e-05	0	0.00208886107154	0	0	3.83981814621e-06	0	0.000487656904569	2.30389088773e-05	0	0	3.83981814621e-06	0	0	0.00114426580757	0.00446570850405	0.00263027543016	0	0	0	1.15194544386e-05	0	0	3.83981814621e-06	0.000360942905744	0.000188151089164	0.000503016177154	3.83981814621e-06	0	0	0	1.91990907311e-05	2.30389088773e-05	1.15194544386e-05	3.83981814621e-06	0	0	7.67963629243e-06
2.68787270235e-05	3.83981814621e-06	0	0	0	0.000748764538511	0.00317168978877	0.000241908543211	0.00367854578407	0	0.000483817086423	0.000372462360183	0.00042621981423	8.83158173629e-05	0.00134777616932	0.000199670543603	3.83981814621e-06	3.83981814621e-06	6.52769084856e-05	3.45583633159e-05	0.000203510361749	0	3.83981814621e-06	2.30389088773e-05	7.67963629243e-06	0.000188151089164	6.14370903394e-05	2.30389088773e-05	0.000195830725457	0.000656608903002	3.83981814621e-06	0	0.00542182322245	0	0.00053757454047	0	0	0	0	1.53592725849e-05	0	0	1.91990907311e-05	0	1.91990907311e-05	0	3.83981814621e-06	0	3.07185451697e-05	1.53592725849e-05	0	0	3.83981814621e-06	0	0	0	0	0	0	2.30389088773e-05	1.15194544386e-05	0	0	3.83981814621e-05	2.68787270235e-05	0	0	0	0	1.15194544386e-05	0.000821721083289	7.67963629243e-05	0.000276466906527	0.000134393635117	0.00116730471645	0.000176631634726	4.60778177546e-05	0	1.15194544386e-05	1.91990907311e-05	7.67963629243e-06	0	0	3.83981814621e-06
0.000268787270235	0	3.83981814621e-06	0	0	0	0	0.000433899450522	0.000188151089164	1.15194544386e-05	2.68787270235e-05	2.30389088773e-05	0	0	0.000161272362141	3.83981814621e-06	3.83981814621e-06	0	1.53592725849e-05	1.53592725849e-05	0	5.3757454047e-05	0	3.07185451697e-05	0	0	3.83981814621e-06	6.52769084856e-05	0.000234228906919	0.00190070998238	0.000637409812271	0	0	0.00219253616149	0.00129785853342	0	7.67963629243e-06	0	0	0	0	0	1.91990907311e-05	0	1.53592725849e-05	0	0	0	0	0	0	0	3.83981814621e-06	0	0	0	0	0	0	1.15194544386e-05	0	0	7.67963629243e-06	1.53592725849e-05	0	1.53592725849e-05	0	0	0	0	0.000199670543603	1.53592725849e-05	0.00017279181658	1.53592725849e-05	7.67963629243e-06	0	0	0	0	0	0	0	0	0
