3816	0	8	0	38	3	544	1231	1024	46	136	1	223	1	1444	38	11	6	0	0	203	84	17	66	116	0	1	4	314	1498	842	0	2	550	504	0	0	0	0	2	0	0	1	0	11	0	0	2	0	0	0	0	0	0	0	0	0	0	0	7	0	0	0	2	0	0	0	0	0	0	101	6	205	75	45	8	1	1	0	0	0	0	0	0
0	3779	433	0	0	0	0	0	4	7	0	111	0	59	3	1	26	282	26	150	0	32	483	162	0	520	1399	1996	3	5	7	4	0	0	160	0	619	91	0	0	0	0	2	0	0	0	45	0	22	0	0	35	54	3	64	0	34	151	110	0	141	153	230	10	0	7	0	0	1	49	89	151	155	68	7	7	4	32	193	57	18	3	1	6
8	433	7566	0	1	1	3	10	3	29	0	14	1	9	7	4	271	1406	1	145	2	435	530	3457	27	16	1772	2933	36	38	163	0	0	27	717	0	134	26	0	0	0	0	3	0	2	0	1	0	0	1	0	13	3	0	6	0	8	74	30	1	2	9	50	8	0	5	0	0	0	6	649	416	758	288	34	29	5	46	31	7	5	2	0	0
0	0	0	0	0	0	0	0	0	0	0	0	0	0	0	0	0	0	0	0	0	0	0	0	0	0	0	0	0	0	0	0	0	0	0	0	0	0	0	0	0	0	0	0	0	0	0	0	0	0	0	0	0	0	0	0	0	0	0	0	0	0	0	0	0	0	0	0	0	0	0	0	0	0	0	0	0	0	0	0	0	0	0	0
38	0	1	0	3706	0	56	444	27	55	330	0	409	0	14	3	1	0	0	0	949	2	0	1	1537	0	0	0	1030	22	25	0	0	16	10	2	0	0	0	576	0	16	17	4	11	274	0	293	0	2	0	0	0	0	0	646	0	0	0	33	0	0	0	67	0	0	0	0	0	0	4	0	3	1	2	1	0	0	0	0	0	0	0	0
3	0	1	0	0	1301	550	1	175	2	0	0	1	0	194	241	0	0	0	0	0	3	0	4	0	0	0	0	1	163	0	0	439	3	128	0	0	0	0	0	0	0	0	0	0	0	0	0	0	0	0	0	0	0	0	0	1	0	1	0	0	0	0	0	0	0	0	0	0	0	13	0	27	13	188	125	0	0	0	0	0	0	0	0
544	0	3	0	56	550	7374	1119	2226	54	1320	0	933	2	831	617	2	1	0	0	557	13	4	15	92	0	1	2	169	563	88	0	359	114	304	0	0	0	0	0	0	0	1	0	2	0	0	1	0	0	0	0	0	0	0	0	0	0	0	2	0	0	0	1	0	0	0	0	0	0	32	1	81	29	286	58	1	0	0	0	0	0	0	0
1231	0	10	0	444	1	1119	9643	827	311	1643	0	616	0	563	27	73	3	0	0	951	192	67	146	1139	0	4	10	3826	827	2005	0	0	449	445	0	0	0	0	15	0	0	16	1	90	4	0	11	0	0	0	1	0	0	0	6	0	10	0	63	0	0	0	14	0	1	0	0	0	2	122	5	136	43	49	4	0	1	0	1	0	1	0	0
1024	4	3	0	27	175	2226	827	6587	25	230	7	235	2	3300	98	3	2	0	1	172	22	5	23	53	2	4	5	98	1462	150	0	385	195	590	0	0	0	0	0	0	0	0	0	2	0	0	1	0	0	0	0	0	0	0	0	0	0	0	1	0	0	0	0	0	0	0	0	0	0	62	10	180	82	118	64	0	0	0	0	0	0	0	0
46	7	29	0	55	2	54	311	25	3805	20	1	714	0	16	118	247	16	0	1	172	210	697	217	1254	1	7	36	570	114	337	0	1	105	195	9	3	2	0	87	0	6	112	4	484	18	0	54	0	6	0	24	0	0	0	33	9	170	8	333	0	0	4	95	0	30	0	0	0	7	148	10	63	22	134	6	0	16	3	2	1	14	0	0
136	0	0	0	330	0	1320	1643	230	20	5072	0	661	0	117	12	1	0	0	0	1099	5	2	5	150	0	0	0	742	65	33	0	0	31	31	0	0	0	0	63	0	3	2	1	2	49	0	31	0	0	0	0	0	0	0	65	0	0	0	4	0	0	0	3	0	0	0	0	0	0	5	0	6	3	11	0	0	0	0	0	0	0	0	0
1	111	14	0	0	0	0	0	7	1	0	6643	0	1817	10	2	1	83	858	655	0	4	5	12	1	1105	2096	582	0	36	2	129	3	2	791	0	28	5	0	0	0	0	0	0	0	0	69	0	49	0	0	0	8	1	23	0	0	0	3	0	69	51	33	0	1	0	0	0	0	14	65	400	379	85	2	6	76	8	157	21	1	1	0	16
223	0	1	0	409	1	933	616	235	714	661	0	6286	0	109	266	2	0	0	0	2795	2	0	3	485	0	0	0	238	95	28	0	1	46	56	0	0	0	0	5	0	32	2	3	3	106	0	636	0	0	0	0	0	0	0	252	0	0	0	3	0	0	0	2	0	0	0	0	0	0	18	0	19	8	142	2	0	0	0	0	0	0	0	0
1	59	9	0	0	0	2	0	2	0	0	1817	0	3774	7	0	1	21	74	65	0	7	0	16	0	1004	1082	667	0	18	4	331	2	7	117	0	8	1	0	0	0	0	1	0	0	0	39	0	25	0	1	0	3	2	9	0	0	0	0	0	37	24	15	0	0	1	0	0	0	50	103	167	221	187	4	21	180	27	94	28	19	0	0	19
1444	3	7	0	14	194	831	563	3300	16	117	10	109	7	7518	91	3	11	0	2	74	40	14	50	26	2	3	9	87	4071	272	0	592	431	1414	0	0	0	0	0	0	0	1	0	3	0	0	1	0	0	0	0	0	0	0	0	0	0	0	2	0	0	0	0	0	0	0	0	0	2	149	15	481	204	116	111	3	3	1	3	3	0	0	0
38	1	4	0	3	241	617	27	98	118	12	2	266	0	91	1691	4	4	0	2	26	8	1	20	7	0	3	5	7	95	12	0	8	21	92	1	0	0	0	0	1	2	1	2	2	0	1	0	0	1	0	1	0	0	0	0	1	0	2	1	0	0	0	1	0	1	0	0	0	10	113	15	91	82	671	25	1	21	7	15	11	5	0	0
11	26	271	0	1	0	2	73	3	247	1	1	2	1	3	4	4500	69	0	8	4	1162	979	1944	990	0	26	1061	678	49	288	0	0	45	304	0	2	1	0	1	0	0	8	0	35	1	0	1	0	0	0	3	0	0	0	1	4	40	4	25	0	0	0	10	0	4	0	0	0	2	259	53	201	72	15	11	2	10	2	0	0	0	0	0
6	282	1406	0	0	0	1	3	2	16	0	83	0	21	11	4	69	6515	11	1617	0	472	137	2014	6	43	2367	1057	12	35	138	0	3	19	1566	0	87	15	0	0	0	1	0	1	0	1	5	0	0	0	0	5	13	0	4	1	3	17	16	1	16	23	37	1	0	1	0	0	0	13	585	629	1037	346	33	33	17	47	34	4	2	1	1	1
0	26	1	0	0	0	0	0	0	0	0	858	0	74	0	0	0	11	1413	541	0	1	0	2	0	121	699	123	0	0	0	6	0	0	31	0	1	0	0	0	0	0	0	0	0	0	12	0	2	0	0	0	0	1	2	0	0	0	0	0	8	4	1	0	0	0	0	0	0	1	6	39	25	11	1	0	3	0	21	3	0	0	0	2
0	150	145	0	0	0	0	0	1	1	0	655	0	65	2	2	8	1617	541	3957	0	25	19	110	0	127	2208	483	1	3	9	3	0	3	870	0	46	9	0	0	0	0	0	0	0	0	10	0	2	0	0	1	12	0	8	0	2	3	4	0	19	28	26	0	1	0	0	0	0	7	189	385	477	163	6	15	16	21	39	6	3	1	0	1
203	0	2	0	949	0	557	951	172	172	1099	0	2795	0	74	26	4	0	0	0	4752	8	2	8	552	0	0	0	615	96	45	0	0	52	49	0	0	0	0	3	0	0	1	0	5	4	0	7	0	0	0	0	0	0	0	6	0	0	0	2	0	0	0	0	0	0	0	0	0	0	10	0	12	8	21	2	0	0	0	0	0	0	0	0
84	32	435	0	2	3	13	192	22	210	5	4	2	7	40	8	1162	472	1	25	8	9822	423	5684	722	0	81	282	1418	624	2884	0	4	368	1193	1	1	3	0	2	0	0	7	0	35	0	0	4	0	0	1	5	1	0	1	0	1	26	2	23	0	1	4	8	0	0	0	0	0	1	537	128	650	230	34	32	5	22	5	0	1	4	0	0
17	483	530	0	0	0	4	67	5	697	2	5	0	0	14	1	979	137	0	19	2	423	4191	1050	422	2	119	1719	242	62	249	0	0	53	334	1	64	10	0	6	0	0	22	1	39	1	1	4	0	0	0	43	0	0	0	1	22	240	59	43	0	2	25	43	0	27	0	0	1	12	257	94	267	96	18	12	1	21	13	11	6	2	0	0
66	162	3457	0	1	4	15	146	23	217	5	12	3	16	50	20	1944	2014	2	110	8	5684	1050	15075	401	6	414	2399	614	436	1386	0	4	238	1960	0	35	10	0	2	0	0	5	2	27	0	0	3	0	1	1	15	1	0	1	0	8	75	21	15	1	3	25	9	0	3	0	0	1	10	1305	445	1545	547	85	71	15	62	13	3	3	2	0	0
116	0	27	0	1537	0	92	1139	53	1254	150	1	485	0	26	7	990	6	0	0	552	722	422	401	7801	0	4	31	3302	175	528	0	0	141	238	3	0	0	0	141	0	0	40	0	164	6	0	19	0	2	0	8	0	0	0	9	4	42	3	307	0	0	0	118	0	6	0	0	0	2	106	10	74	20	25	4	0	2	0	0	0	2	0	0
0	520	16	0	0	0	0	0	2	1	0	1105	0	1004	2	0	0	43	121	127	0	0	2	6	0	4183	1517	1921	0	3	0	47	0	0	84	0	65	5	0	0	0	0	1	0	1	0	127	0	68	0	0	0	14	6	58	0	1	0	0	0	196	131	76	0	0	1	1	0	0	30	14	142	69	12	0	1	27	4	301	46	4	1	0	40
1	1399	1772	0	0	0	1	4	4	7	0	2096	0	1082	3	3	26	2367	699	2208	0	81	119	414	4	1517	15970	6498	3	11	31	278	0	6	1097	0	492	69	0	0	0	0	0	1	2	0	91	0	39	1	0	13	75	7	91	0	19	34	51	0	180	218	271	2	0	1	1	0	0	72	460	953	894	309	12	22	33	49	291	53	14	5	1	12
4	1996	2933	0	0	0	2	10	5	36	0	582	0	667	9	5	1061	1057	123	483	0	282	1719	2399	31	1921	6498	17132	39	31	105	103	2	16	726	0	469	60	0	0	0	0	4	1	6	0	45	0	19	0	0	28	49	6	51	0	28	153	99	4	122	123	196	13	0	7	1	0	1	43	568	611	730	268	31	24	18	59	190	37	13	6	1	6
314	3	36	0	1030	1	169	3826	98	570	742	0	238	0	87	7	678	12	0	1	615	1418	242	614	3302	0	3	39	10102	490	1652	0	0	338	472	1	0	0	0	261	0	5	30	6	157	83	0	52	0	1	0	3	0	0	0	127	0	30	0	152	0	0	0	51	0	4	0	0	0	1	176	20	157	55	38	9	0	3	0	1	0	5	0	0
1498	5	38	0	22	163	563	827	1462	114	65	36	95	18	4071	95	49	35	0	3	96	624	62	436	175	3	11	31	490	10625	2492	0	455	2657	3321	0	1	1	0	5	0	1	6	0	28	1	1	3	0	0	2	0	1	0	0	4	2	5	2	21	0	0	1	8	0	2	0	0	0	6	552	41	1208	496	131	153	13	12	3	3	3	3	0	0
842	7	163	0	25	0	88	2005	150	337	33	2	28	4	272	12	288	138	0	9	45	2884	249	1386	528	0	31	105	1652	2492	8997	0	2	1575	1704	2	0	0	0	11	0	0	14	0	74	2	0	4	0	0	2	1	0	0	0	4	0	29	1	47	0	1	2	14	0	5	0	0	0	4	535	49	573	201	38	23	4	18	5	2	1	3	0	0
0	4	0	0	0	0	0	0	0	0	0	129	0	331	0	0	0	0	6	3	0	0	0	0	0	47	278	103	0	0	0	394	0	0	0	0	1	0	0	0	0	0	0	0	0	0	1	0	1	0	0	0	0	0	0	0	0	0	0	0	3	2	3	0	0	0	0	0	0	0	0	1	0	0	0	0	0	0	2	0	0	0	0	0
2	0	0	0	0	439	359	0	385	1	0	3	1	2	592	8	0	3	0	0	0	4	0	4	0	0	0	2	0	455	2	0	1317	6	291	0	0	0	0	0	0	0	0	0	0	0	0	0	0	0	0	0	0	0	0	0	0	0	0	0	0	0	0	0	0	0	0	0	0	1	11	3	61	35	9	110	0	0	0	0	0	0	0	0
550	0	27	0	16	3	114	449	195	105	31	2	46	7	431	21	45	19	0	3	52	368	53	238	141	0	6	16	338	2657	1575	0	6	3573	1952	0	0	0	0	3	0	1	6	0	22	0	0	2	0	0	1	0	1	0	0	2	1	9	0	12	0	0	0	4	0	3	0	0	0	5	581	28	733	261	61	25	2	13	1	2	1	3	0	0
504	160	717	0	10	128	304	445	590	195	31	791	56	117	1414	92	304	1566	31	870	49	1193	334	1960	238	84	1097	726	472	3321	1704	0	291	1952	12273	0	59	15	0	4	0	2	12	3	38	2	6	4	0	2	1	11	12	0	9	2	10	42	25	22	9	12	31	12	1	6	0	0	0	35	2703	992	5608	2079	255	315	79	122	41	24	20	8	4	1
0	0	0	0	2	0	0	0	0	9	0	0	0	0	0	1	0	0	0	0	0	1	1	0	3	0	0	0	1	0	2	0	0	0	0	3122	2	3	0	38	5	217	1080	282	60	65	0	343	0	910	21	12	2	0	1	81	18	18	22	256	0	1	1	145	1050	147	0	0	78	82	1	0	0	0	0	0	0	164	32	87	49	320	16	1
0	619	134	0	0	0	0	0	0	3	0	28	0	8	0	0	2	87	1	46	0	1	64	35	0	65	492	469	0	1	0	1	0	0	59	2	3533	410	0	0	0	0	17	0	3	0	59	1	19	0	0	121	232	7	164	0	111	596	394	7	432	494	1310	39	1	39	1	0	2	183	32	65	50	17	1	0	1	117	399	171	61	7	3	2
0	91	26	0	0	0	0	0	0	2	0	5	0	1	0	0	1	15	0	9	0	3	10	10	0	5	69	60	0	1	0	0	0	0	15	3	410	5831	0	1	0	2	34	6	9	0	28	3	6	3	2	171	795	3	88	0	578	156	2231	13	17	687	1428	56	4	189	0	0	2	442	9	12	13	7	1	0	2	372	607	398	175	24	4	5
0	0	0	0	0	0	0	0	0	0	0	0	0	0	0	0	0	0	0	0	0	0	0	0	0	0	0	0	0	0	0	0	0	0	0	0	0	0	0	0	0	0	0	0	0	0	0	0	0	0	0	0	0	0	0	0	0	0	0	0	0	0	0	0	0	0	0	0	0	0	0	0	0	0	0	0	0	0	0	0	0	0	0	0
2	0	0	0	576	0	0	15	0	87	63	0	5	0	0	0	1	0	0	0	3	2	6	2	141	0	0	0	261	5	11	0	0	3	4	38	0	1	0	4907	0	126	443	58	519	1238	0	873	0	42	6	10	1	0	0	2105	4	40	7	2429	0	0	1	1139	13	39	0	0	1	12	7	0	2	2	3	0	0	30	2	9	5	30	2	0
0	0	0	0	0	0	0	0	0	0	0	0	0	0	0	1	0	0	0	0	0	0	0	0	0	0	0	0	0	0	0	0	0	0	0	5	0	0	0	0	1433	1012	3	509	0	0	1	6	0	109	280	0	0	0	0	0	2	0	1	3	0	0	0	1	40	3	0	183	0	73	1	0	0	0	0	0	0	9	3	44	13	402	347	1
0	0	0	0	16	0	0	0	0	6	3	0	32	0	0	2	0	1	0	0	0	0	0	0	0	0	0	0	5	1	0	0	0	1	2	217	0	2	0	126	1012	10002	386	4282	66	2578	13	2269	0	1487	940	7	6	1	5	616	16	8	15	240	2	4	1	134	249	42	0	222	6	241	7	1	2	2	2	0	1	127	26	296	131	1467	409	5
1	2	3	0	17	0	1	16	0	112	2	0	2	1	1	1	8	0	0	0	1	7	22	5	40	1	0	4	30	6	14	0	0	6	12	1080	17	34	0	443	3	386	10512	597	470	817	0	1131	0	715	16	259	13	0	2	637	244	313	238	2441	1	2	23	3717	157	2043	0	0	15	265	10	0	6	1	2	0	0	337	133	140	72	305	15	2
0	0	0	0	4	0	0	1	0	4	1	0	3	0	0	2	0	1	0	0	0	0	1	2	0	0	1	1	6	0	0	0	0	0	3	282	0	6	0	58	509	4282	597	7848	36	849	11	870	0	3219	286	6	7	1	7	210	15	10	13	216	2	4	1	86	348	52	0	260	7	212	2	0	2	1	1	0	0	125	28	270	125	1156	297	4
11	0	2	0	11	0	2	90	2	484	2	0	3	0	3	2	35	0	0	0	5	35	39	27	164	1	2	6	157	28	74	0	0	22	38	60	3	9	0	519	0	66	470	36	3213	86	0	709	0	34	90	92	1	0	1	129	38	550	46	1945	0	1	8	435	14	154	0	0	1	42	42	2	15	4	8	0	0	267	43	27	14	213	3	0
0	0	0	0	274	0	0	4	0	18	49	0	106	0	0	0	1	1	0	0	4	0	1	0	6	0	0	0	83	1	2	0	0	0	2	65	0	0	0	1238	0	2578	817	849	86	9647	0	3119	0	239	11	5	1	0	0	2876	8	9	6	745	0	0	0	724	24	31	0	0	4	9	3	0	2	1	0	0	0	25	6	15	11	53	3	0
0	45	1	0	0	0	0	0	0	0	0	69	0	39	0	1	0	5	12	10	0	0	1	0	0	127	91	45	0	1	0	1	0	0	6	0	59	28	0	0	1	13	0	11	0	0	6505	3	1928	7	0	3	176	493	1273	0	11	5	28	1	713	1463	275	0	1	3	86	0	1	1190	3	11	3	1	1	0	0	52	919	1409	125	25	12	432
2	0	0	0	293	0	1	11	1	54	31	0	636	0	1	0	1	0	0	0	7	4	4	3	19	0	0	0	52	3	4	0	0	2	4	343	1	3	0	873	6	2269	1131	870	709	3119	3	9080	0	579	271	15	2	1	1	2623	16	41	15	1377	1	0	3	394	107	125	0	0	8	66	7	1	3	2	1	0	1	183	19	69	31	428	20	3
0	22	0	0	0	0	0	0	0	0	0	49	0	25	0	0	0	0	2	2	0	0	0	0	0	68	39	19	0	0	0	1	0	0	0	0	19	6	0	0	0	0	0	0	0	0	1928	0	4484	1	0	0	26	43	161	0	0	0	4	0	731	1204	481	0	1	0	337	0	0	225	0	8	1	0	0	0	1	7	483	400	23	3	2	373
0	0	1	0	2	0	0	0	0	6	0	0	0	0	0	1	0	0	0	0	0	0	0	1	2	0	1	0	1	0	0	0	0	0	2	910	0	3	0	42	109	1487	715	3219	34	239	7	579	1	6102	91	10	2	0	4	122	16	7	13	179	0	0	1	75	1563	64	0	41	49	143	3	0	1	1	0	0	0	140	27	201	90	808	118	2
0	0	0	0	0	0	0	0	0	0	0	0	0	1	0	0	0	0	0	0	0	1	0	1	0	0	0	0	0	2	2	0	0	1	1	21	0	2	0	6	280	940	16	286	90	11	0	271	0	91	1491	3	1	0	0	1	3	1	5	23	0	0	1	6	17	4	0	15	1	22	5	2	3	0	1	0	1	47	8	31	16	339	41	2
0	35	13	0	0	0	0	1	0	24	0	0	0	0	0	1	3	5	0	1	0	5	43	15	8	0	13	28	3	0	1	0	0	0	11	12	121	171	0	10	0	7	259	6	92	5	3	15	0	10	3	5441	29	0	4	6	1117	1093	2121	921	0	6	1284	1325	6	471	0	1	5	276	7	2	7	6	0	2	0	361	282	153	73	36	10	1
0	54	3	0	0	0	0	0	0	0	0	8	0	3	0	0	0	13	0	12	0	1	0	1	0	14	75	49	0	1	0	0	0	1	12	2	232	795	0	1	0	6	13	7	1	1	176	2	26	2	1	29	5139	38	1497	0	270	23	1377	2	99	832	678	19	7	69	3	0	4	1248	8	5	9	5	1	0	2	257	612	543	185	16	12	6
0	3	0	0	0	0	0	0	0	0	0	1	0	2	0	0	0	0	1	0	0	0	0	0	0	6	7	6	0	0	0	0	0	0	0	0	7	3	0	0	0	1	0	1	0	0	493	1	43	0	0	0	38	709	386	0	2	1	2	0	25	226	27	0	0	1	6	0	0	34	0	0	0	0	0	0	0	3	47	34	4	1	1	4
0	64	6	0	0	0	0	0	0	0	0	23	0	9	0	0	0	4	2	8	0	1	0	1	0	58	91	51	0	0	0	0	0	0	9	1	164	88	0	0	0	5	2	7	1	0	1273	1	161	4	0	4	1497	386	4650	0	29	4	107	0	363	2072	518	3	1	7	12	0	0	969	3	4	5	0	1	0	0	71	536	424	83	11	4	18
0	0	0	0	646	0	0	6	0	33	65	0	252	0	0	0	1	1	0	0	6	0	1	0	9	0	0	0	127	4	4	0	0	2	2	81	0	0	0	2105	0	616	637	210	129	2876	0	2623	0	122	1	6	0	0	0	5392	4	12	3	1044	0	0	2	574	16	47	0	0	2	22	2	0	2	1	2	0	0	42	6	11	4	52	1	0
0	34	8	0	0	1	0	0	0	9	0	0	0	0	0	1	4	3	0	2	0	1	22	8	4	1	19	28	0	2	0	0	0	1	10	18	111	578	0	4	2	16	244	15	38	8	11	16	0	16	3	1117	270	2	29	4	9573	402	5741	173	0	48	362	1389	259	2445	0	0	142	1693	24	11	17	12	3	1	1	760	561	621	279	76	26	4
0	151	74	0	0	0	0	10	0	170	0	0	0	0	0	0	40	17	0	3	0	26	240	75	42	0	34	153	30	5	29	0	0	9	42	18	596	156	0	40	0	8	313	10	550	9	5	41	0	7	1	1093	23	1	4	12	402	3833	737	731	6	14	360	685	5	362	0	0	4	204	38	24	27	12	4	0	0	274	236	136	73	43	7	0
0	110	30	0	0	1	0	0	0	8	0	3	0	0	0	2	4	16	0	4	0	2	59	21	3	0	51	99	0	2	1	0	0	0	25	22	394	2231	0	7	1	15	238	13	46	6	28	15	4	13	5	2121	1377	2	107	3	5741	737	12813	165	9	186	1671	938	52	1230	1	0	21	1824	35	14	26	17	6	3	0	1205	1101	980	452	106	34	9
7	0	1	0	33	0	2	63	1	333	4	0	3	0	2	1	25	1	0	0	2	23	43	15	307	0	0	4	152	21	47	0	0	12	22	256	7	13	0	2429	3	240	2441	216	1945	745	1	1377	0	179	23	921	2	0	0	1044	173	731	165	10302	0	1	20	4153	63	568	0	1	7	124	33	2	9	7	6	0	0	245	66	74	33	190	13	1
0	141	2	0	0	0	0	0	0	0	0	69	0	37	0	0	0	16	8	19	0	0	0	1	0	196	180	122	0	0	0	3	0	0	9	0	432	17	0	0	0	2	1	2	0	0	713	1	731	0	0	0	99	25	363	0	0	6	9	0	3085	898	1003	1	0	1	14	0	0	172	3	23	6	2	0	0	2	15	445	258	16	6	5	230
0	153	9	0	0	0	0	0	0	0	0	51	0	24	0	0	0	23	4	28	0	1	2	3	0	131	218	123	0	0	1	2	0	0	12	1	494	687	0	0	0	4	2	4	1	0	1463	0	1204	0	0	6	832	226	2072	0	48	14	186	1	898	9398	3371	6	1	13	233	0	1	601	7	21	11	4	0	0	0	91	755	489	96	15	5	21
0	230	50	0	0	0	0	0	0	4	0	33	0	15	0	0	0	37	1	26	0	4	25	25	0	76	271	196	0	1	2	3	0	0	31	1	1310	1428	0	1	0	1	23	1	8	0	275	3	481	1	1	1284	678	27	518	2	362	360	1671	20	1003	3371	12312	62	2	87	90	1	1	450	16	27	31	9	0	2	1	289	877	436	134	13	12	9
2	10	8	0	67	0	1	14	0	95	3	0	2	0	0	1	10	1	0	0	0	8	43	9	118	0	2	13	51	8	14	0	0	4	12	145	39	56	0	1139	1	134	3717	86	435	724	0	394	0	75	6	1325	19	0	3	574	1389	685	938	4153	1	6	62	10898	40	2042	0	0	10	363	17	3	10	4	3	0	0	402	234	161	70	116	13	2
0	0	0	0	0	0	0	0	0	0	0	1	0	0	0	0	0	0	0	1	0	0	0	0	0	0	0	0	0	0	0	0	0	0	1	1050	1	4	0	13	40	249	157	348	14	24	1	107	1	1563	17	6	7	0	1	16	259	5	52	63	0	1	2	40	4026	210	0	71	234	85	1	1	1	1	0	0	0	75	17	75	33	264	54	2
0	7	5	0	0	0	0	1	0	30	0	0	0	1	0	1	4	1	0	0	0	0	27	3	6	1	1	7	4	2	5	0	0	3	6	147	39	189	0	39	3	42	2043	52	154	31	3	125	0	64	4	471	69	1	7	47	2445	362	1230	568	1	13	87	2042	210	8663	0	0	72	1341	18	2	7	6	1	1	1	788	416	464	233	156	28	3
0	0	0	0	0	0	0	0	0	0	0	0	0	0	0	0	0	0	0	0	0	0	0	0	0	1	1	1	0	0	0	0	0	0	0	0	1	0	0	0	0	0	0	0	0	0	86	0	337	0	0	0	3	6	12	0	0	0	1	0	14	233	90	0	0	0	395	0	0	4	0	0	0	0	0	0	0	1	12	7	1	0	0	1
0	0	0	0	0	0	0	0	0	0	0	0	0	0	0	0	0	0	0	0	0	0	0	0	0	0	0	0	0	0	0	0	0	0	0	0	0	0	0	0	183	222	0	260	0	0	0	0	0	41	15	1	0	0	0	0	0	0	0	1	0	0	1	0	71	0	0	533	0	60	0	0	0	0	0	0	0	3	1	14	8	96	136	0
0	1	0	0	0	0	0	0	0	0	0	0	0	0	0	0	0	0	0	0	0	0	1	1	0	0	0	1	0	0	0	0	0	0	0	78	2	2	0	1	0	6	15	7	1	4	1	8	0	49	1	5	4	0	0	2	142	4	21	7	0	1	1	10	234	72	0	0	452	80	1	1	0	1	0	0	0	26	12	28	14	14	3	1
0	49	6	0	0	0	0	2	0	7	0	14	0	50	2	10	2	13	1	7	0	1	12	10	2	30	72	43	1	6	4	0	1	5	35	82	183	442	0	12	73	241	265	212	42	9	1190	66	225	143	22	276	1248	34	969	22	1693	204	1824	124	172	601	450	363	85	1341	4	60	80	9496	70	38	64	51	11	4	46	1751	1326	4044	1493	565	301	228
101	89	649	0	4	13	32	122	62	148	5	65	18	103	149	113	259	585	6	189	10	537	257	1305	106	14	460	568	176	552	535	0	11	581	2703	1	32	9	0	7	1	7	10	2	42	3	3	7	0	3	5	7	8	0	3	2	24	38	35	33	3	7	16	17	1	18	0	0	1	70	8311	1729	3394	1725	492	218	113	617	57	74	74	24	7	3
6	151	416	0	0	0	1	5	10	10	0	400	0	167	15	15	53	629	39	385	0	128	94	445	10	142	953	611	20	41	49	1	3	28	992	0	65	12	0	0	0	1	0	0	2	0	11	1	8	0	2	2	5	0	4	0	11	24	14	2	23	21	27	3	1	2	0	0	1	38	1729	4432	1601	771	55	40	205	103	41	26	19	3	1	3
205	155	758	0	3	27	81	136	180	63	6	379	19	221	481	91	201	1037	25	477	12	650	267	1545	74	69	894	730	157	1208	573	0	61	733	5608	0	50	13	0	2	0	2	6	2	15	2	3	3	1	1	3	7	9	0	5	2	17	27	26	9	6	11	31	10	1	7	0	0	0	64	3394	1601	8609	3448	365	340	269	227	42	41	46	15	6	5
75	68	288	0	1	13	29	43	82	22	3	85	8	187	204	82	72	346	11	163	8	230	96	547	20	12	309	268	55	496	201	0	35	261	2079	0	17	7	0	2	0	2	1	1	4	1	1	2	0	1	0	6	5	0	0	1	12	12	17	7	2	4	9	4	1	6	0	0	1	51	1725	771	3448	3828	281	367	204	150	25	37	41	12	6	5
45	7	34	0	2	188	286	49	118	134	11	2	142	4	116	671	15	33	1	6	21	34	18	85	25	0	12	31	38	131	38	0	9	61	255	0	1	1	0	3	0	2	2	1	8	0	1	1	0	0	1	0	1	0	1	2	3	4	6	6	0	0	0	3	0	1	0	0	0	11	492	55	365	281	2177	86	3	44	6	15	14	5	1	1
8	7	29	0	1	125	58	4	64	6	0	6	2	21	111	25	11	33	0	15	2	32	12	71	4	1	22	24	9	153	23	0	110	25	315	0	0	0	0	0	0	0	0	0	0	0	0	0	0	0	0	2	0	0	0	0	1	0	3	0	0	0	2	0	0	1	0	0	0	4	218	40	340	367	86	766	6	20	2	6	4	1	0	0
1	4	5	0	0	0	1	0	0	0	0	76	0	180	3	1	2	17	3	16	0	5	1	15	0	27	33	18	0	13	4	0	0	2	79	0	1	2	0	0	0	1	0	0	0	0	0	1	1	0	1	0	2	0	0	0	1	0	0	0	2	0	1	0	0	1	0	0	0	46	113	205	269	204	3	6	498	25	11	16	20	1	2	6
1	32	46	0	0	0	0	1	0	16	0	8	0	27	3	21	10	47	0	21	0	22	21	62	2	4	49	59	3	12	18	0	0	13	122	164	117	372	0	30	9	127	337	125	267	25	52	183	7	140	47	361	257	3	71	42	760	274	1205	245	15	91	289	402	75	788	1	3	26	1751	617	103	227	150	44	20	25	8877	2381	2109	1577	1253	134	53
0	193	31	0	0	0	0	0	0	3	0	157	0	94	1	7	2	34	21	39	0	5	13	13	0	301	291	190	0	3	5	2	0	1	41	32	399	607	0	2	3	26	133	28	43	6	919	19	483	27	8	282	612	47	536	6	561	236	1101	66	445	755	877	234	17	416	12	1	12	1326	57	41	42	25	6	2	11	2381	8269	2221	1152	179	65	308
0	57	7	0	0	0	0	1	0	2	0	21	0	28	3	15	0	4	3	6	0	0	11	3	0	46	53	37	1	3	2	0	0	2	24	87	171	398	0	9	44	296	140	270	27	15	1409	69	400	201	31	153	543	34	424	11	621	136	980	74	258	489	436	161	75	464	7	14	28	4044	74	26	41	37	15	6	16	2109	2221	8455	3162	861	487	459
0	18	5	0	0	0	0	0	0	1	0	1	0	19	3	11	0	2	0	3	0	1	6	3	0	4	14	13	0	3	1	0	0	1	20	49	61	175	0	5	13	131	72	125	14	11	125	31	23	90	16	73	185	4	83	4	279	73	452	33	16	96	134	70	33	233	1	8	14	1493	74	19	46	41	14	4	20	1577	1152	3162	3824	459	363	143
0	3	2	0	0	0	0	1	0	14	0	1	0	0	0	5	0	1	0	1	0	4	2	2	2	1	5	6	5	3	3	0	0	3	8	320	7	24	0	30	402	1467	305	1156	213	53	25	428	3	808	339	36	16	1	11	52	76	43	106	190	6	15	13	116	264	156	0	96	14	565	24	3	15	12	5	1	1	1253	179	861	459	4420	598	15
0	1	0	0	0	0	0	0	0	0	0	0	0	0	0	0	0	1	0	0	0	0	0	0	0	0	1	1	0	0	0	0	0	0	4	16	3	4	0	2	347	409	15	297	3	3	12	20	2	118	41	10	12	1	4	1	26	7	34	13	5	5	12	13	54	28	0	136	3	301	7	1	6	6	1	0	2	134	65	487	363	598	1256	19
0	6	0	0	0	0	0	0	0	0	0	16	0	19	0	0	0	1	2	1	0	0	0	0	0	40	12	6	0	0	0	0	0	0	1	1	2	5	0	0	1	5	2	4	0	0	432	3	373	2	2	1	6	4	18	0	4	0	9	1	230	21	9	2	2	3	1	0	1	228	3	3	5	5	1	0	6	53	308	459	143	15	19	901
