0.0163547997223	0	3.42867918706e-05	0	0.000162862261385	1.28575469515e-05	0.0023315018472	0.00527588009909	0.00438870935944	0.000197149053256	0.0005828754618	4.28584898383e-06	0.000955744323393	4.28584898383e-06	0.00618876593264	0.000162862261385	4.71443388221e-05	2.5715093903e-05	0	0	0.000870027343717	0.000360011314641	7.2859432725e-05	0.000282866032932	0.000497158482124	0	4.28584898383e-06	1.71433959353e-05	0.00134575658092	0.00642020177777	0.00360868484438	0	8.57169796765e-06	0.0023572169411	0.00216006788785	0	0	0	0	8.57169796765e-06	0	0	4.28584898383e-06	0	4.71443388221e-05	0	0	8.57169796765e-06	0	0	0	0	0	0	0	0	0	0	0	3.00009428868e-05	0	0	0	8.57169796765e-06	0	0	0	0	0	0	0.000432870747366	2.5715093903e-05	0.000878599041684	0.000321438673787	0.000192863204272	3.42867918706e-05	4.28584898383e-06	4.28584898383e-06	0	0	0	0	0	0
0	0.0161962233099	0.00185577261	0	0	0	0	0	1.71433959353e-05	3.00009428868e-05	0	0.000475729237205	0	0.000252865090046	1.28575469515e-05	4.28584898383e-06	0.000111432073579	0.00120860941344	0.000111432073579	0.000642877347574	0	0.000137147167482	0.00207006505919	0.00069430753538	0	0.00222864147159	0.00599590272837	0.00855455457172	1.28575469515e-05	2.14292449191e-05	3.00009428868e-05	1.71433959353e-05	0	0	0.000685735837412	0	0.00265294052099	0.000390012257528	0	0	0	0	8.57169796765e-06	0	0	0	0.000192863204272	0	9.42886776442e-05	0	0	0.000150004714434	0.000231435845127	1.28575469515e-05	0.000274294334965	0	0.00014571886545	0.000647163196558	0.000471443388221	0	0.000604304706719	0.000655734894525	0.00098574526628	4.28584898383e-05	0	3.00009428868e-05	0	0	4.28584898383e-06	0.000210006600207	0.00038144055956	0.000647163196558	0.000664306592493	0.0002914377309	3.00009428868e-05	3.00009428868e-05	1.71433959353e-05	0.000137147167482	0.000827168853878	0.000244293392078	7.71452817089e-05	1.28575469515e-05	4.28584898383e-06	2.5715093903e-05
3.42867918706e-05	0.00185577261	0.0324267334116	0	4.28584898383e-06	4.28584898383e-06	1.28575469515e-05	4.28584898383e-05	1.28575469515e-05	0.000124289620531	0	6.00018857736e-05	4.28584898383e-06	3.85726408544e-05	3.00009428868e-05	1.71433959353e-05	0.00116146507462	0.00602590367126	4.28584898383e-06	0.000621448102655	8.57169796765e-06	0.00186434430796	0.00227149996143	0.0148161799371	0.000115717922563	6.85735837412e-05	0.00759452439934	0.0125703950696	0.000154290563418	0.000162862261385	0.000698593384364	0	0	0.000115717922563	0.0030729537214	0	0.000574303763833	0.000111432073579	0	0	0	0	1.28575469515e-05	0	8.57169796765e-06	0	4.28584898383e-06	0	0	4.28584898383e-06	0	5.57160367897e-05	1.28575469515e-05	0	2.5715093903e-05	0	3.42867918706e-05	0.000317152824803	0.000128575469515	4.28584898383e-06	8.57169796765e-06	3.85726408544e-05	0.000214292449191	3.42867918706e-05	0	2.14292449191e-05	0	0	0	2.5715093903e-05	0.0027815159905	0.00178291317727	0.00324867352974	0.00123432450734	0.00014571886545	0.000124289620531	2.14292449191e-05	0.000197149053256	0.000132861318499	3.00009428868e-05	2.14292449191e-05	8.57169796765e-06	0	0
0	0	0	0	0	0	0	0	0	0	0	0	0	0	0	0	0	0	0	0	0	0	0	0	0	0	0	0	0	0	0	0	0	0	0	0	0	0	0	0	0	0	0	0	0	0	0	0	0	0	0	0	0	0	0	0	0	0	0	0	0	0	0	0	0	0	0	0	0	0	0	0	0	0	0	0	0	0	0	0	0	0	0	0
0.000162862261385	0	4.28584898383e-06	0	0.0158833563341	0	0.000240007543094	0.00190291694882	0.000115717922563	0.00023572169411	0.00141433016466	0	0.00175291223438	0	6.00018857736e-05	1.28575469515e-05	4.28584898383e-06	0	0	0	0.00406727068565	8.57169796765e-06	0	4.28584898383e-06	0.00658734988814	0	0	0	0.00441442445334	9.42886776442e-05	0.000107146224596	0	0	6.85735837412e-05	4.28584898383e-05	8.57169796765e-06	0	0	0	0.00246864901468	0	6.85735837412e-05	7.2859432725e-05	1.71433959353e-05	4.71443388221e-05	0.00117432262157	0	0.00125575375226	0	8.57169796765e-06	0	0	0	0	0	0.00276865844355	0	0	0	0.000141433016466	0	0	0	0.000287151881916	0	0	0	0	0	0	1.71433959353e-05	0	1.28575469515e-05	4.28584898383e-06	8.57169796765e-06	4.28584898383e-06	0	0	0	0	0	0	0	0
1.28575469515e-05	0	4.28584898383e-06	0	0	0.00557588952796	0.0023572169411	4.28584898383e-06	0.000750023572169	8.57169796765e-06	0	0	4.28584898383e-06	0	0.000831454702862	0.0010328896051	0	0	0	0	0	1.28575469515e-05	0	1.71433959353e-05	0	0	0	0	4.28584898383e-06	0.000698593384364	0	0	0.0018814877039	1.28575469515e-05	0.00054858866993	0	0	0	0	0	0	0	0	0	0	0	0	0	0	0	0	0	0	0	0	0	4.28584898383e-06	0	4.28584898383e-06	0	0	0	0	0	0	0	0	0	0	0	5.57160367897e-05	0	0.000115717922563	5.57160367897e-05	0.000805739608959	0.000535731122978	0	0	0	0	0	0	0	0
0.0023315018472	0	1.28575469515e-05	0	0.000240007543094	0.0023572169411	0.0316038504067	0.0047958650129	0.00954029983799	0.000231435845127	0.00565732065865	0	0.00399869710191	8.57169796765e-06	0.00356154050556	0.00264436882302	8.57169796765e-06	4.28584898383e-06	0	0	0.00238721788399	5.57160367897e-05	1.71433959353e-05	6.42877347574e-05	0.000394298106512	0	4.28584898383e-06	8.57169796765e-06	0.000724308478266	0.00241293297789	0.000377154710577	0	0.00153861978519	0.000488586784156	0.00130289809108	0	0	0	0	0	0	0	4.28584898383e-06	0	8.57169796765e-06	0	0	4.28584898383e-06	0	0	0	0	0	0	0	0	0	0	0	8.57169796765e-06	0	0	0	4.28584898383e-06	0	0	0	0	0	0	0.000137147167482	4.28584898383e-06	0.00034715376769	0.000124289620531	0.00122575280937	0.000248579241062	4.28584898383e-06	0	0	0	0	0	0	0
0.00527588009909	0	4.28584898383e-05	0	0.00190291694882	4.28584898383e-06	0.0047958650129	0.041328441751	0.00354439710962	0.00133289903397	0.00704164988042	0	0.00264008297404	0	0.00241293297789	0.000115717922563	0.000312866975819	1.28575469515e-05	0	0	0.00407584238362	0.000822883004894	0.000287151881916	0.000625733951638	0.00488158199258	0	1.71433959353e-05	4.28584898383e-05	0.0163976582121	0.00354439710962	0.00859312721257	0	0	0.00192434619374	0.0019072027978	0	0	0	0	6.42877347574e-05	0	0	6.85735837412e-05	4.28584898383e-06	0.000385726408544	1.71433959353e-05	0	4.71443388221e-05	0	0	0	4.28584898383e-06	0	0	0	2.5715093903e-05	0	4.28584898383e-05	0	0.000270008485981	0	0	0	6.00018857736e-05	0	4.28584898383e-06	0	0	0	8.57169796765e-06	0.000522873576027	2.14292449191e-05	0.0005828754618	0.000184291506304	0.000210006600207	1.71433959353e-05	0	4.28584898383e-06	0	4.28584898383e-06	0	4.28584898383e-06	0	0
0.00438870935944	1.71433959353e-05	1.28575469515e-05	0	0.000115717922563	0.000750023572169	0.00954029983799	0.00354439710962	0.0282308872565	0.000107146224596	0.00098574526628	3.00009428868e-05	0.0010071745112	8.57169796765e-06	0.0141433016466	0.000420013200415	1.28575469515e-05	8.57169796765e-06	0	4.28584898383e-06	0.000737166025218	9.42886776442e-05	2.14292449191e-05	9.8574526628e-05	0.000227149996143	8.57169796765e-06	1.71433959353e-05	2.14292449191e-05	0.000420013200415	0.00626591121435	0.000642877347574	0	0.00165005185877	0.000835740551846	0.00252865090046	0	0	0	0	0	0	0	0	0	8.57169796765e-06	0	0	4.28584898383e-06	0	0	0	0	0	0	0	0	0	0	0	4.28584898383e-06	0	0	0	0	0	0	0	0	0	0	0.000265722636997	4.28584898383e-05	0.000771452817089	0.000351439616674	0.000505730180091	0.000274294334965	0	0	0	0	0	0	0	0
0.000197149053256	3.00009428868e-05	0.000124289620531	0	0.00023572169411	8.57169796765e-06	0.000231435845127	0.00133289903397	0.000107146224596	0.0163076553835	8.57169796765e-05	4.28584898383e-06	0.00306009617445	0	6.85735837412e-05	0.000505730180091	0.001058604699	6.85735837412e-05	0	4.28584898383e-06	0.000737166025218	0.000900028286603	0.00298723674173	0.00093002922949	0.00537445462572	4.28584898383e-06	3.00009428868e-05	0.000154290563418	0.00244293392078	0.000488586784156	0.00144433110755	0	4.28584898383e-06	0.000450014143302	0.000835740551846	3.85726408544e-05	1.28575469515e-05	8.57169796765e-06	0	0.000372868861593	0	2.5715093903e-05	0.000480015086188	1.71433959353e-05	0.00207435090817	7.71452817089e-05	0	0.000231435845127	0	2.5715093903e-05	0	0.000102860375612	0	0	0	0.000141433016466	3.85726408544e-05	0.00072859432725	3.42867918706e-05	0.00142718771161	0	0	1.71433959353e-05	0.000407155653463	0	0.000128575469515	0	0	0	3.00009428868e-05	0.000634305649606	4.28584898383e-05	0.000270008485981	9.42886776442e-05	0.000574303763833	2.5715093903e-05	0	6.85735837412e-05	1.28575469515e-05	8.57169796765e-06	4.28584898383e-06	6.00018857736e-05	0	0
0.0005828754618	0	0	0	0.00141433016466	0	0.00565732065865	0.00704164988042	0.00098574526628	8.57169796765e-05	0.021737826046	0	0.00283294617831	0	0.000501444331108	5.14301878059e-05	4.28584898383e-06	0	0	0	0.00471014803322	2.14292449191e-05	8.57169796765e-06	2.14292449191e-05	0.000642877347574	0	0	0	0.003180099946	0.000278580183949	0.000141433016466	0	0	0.000132861318499	0.000132861318499	0	0	0	0	0.000270008485981	0	1.28575469515e-05	8.57169796765e-06	4.28584898383e-06	8.57169796765e-06	0.000210006600207	0	0.000132861318499	0	0	0	0	0	0	0	0.000278580183949	0	0	0	1.71433959353e-05	0	0	0	1.28575469515e-05	0	0	0	0	0	0	2.14292449191e-05	0	2.5715093903e-05	1.28575469515e-05	4.71443388221e-05	0	0	0	0	0	0	0	0	0
4.28584898383e-06	0.000475729237205	6.00018857736e-05	0	0	0	0	0	3.00009428868e-05	4.28584898383e-06	0	0.0284708947996	0	0.00778738760361	4.28584898383e-05	8.57169796765e-06	4.28584898383e-06	0.000355725465657	0.00367725842812	0.00280723108441	0	1.71433959353e-05	2.14292449191e-05	5.14301878059e-05	4.28584898383e-06	0.00473586312713	0.0089831394701	0.00249436410859	0	0.000154290563418	8.57169796765e-06	0.000552874518913	1.28575469515e-05	8.57169796765e-06	0.00339010654621	0	0.000120003771547	2.14292449191e-05	0	0	0	0	0	0	0	0	0.000295723579884	0	0.000210006600207	0	0	0	3.42867918706e-05	4.28584898383e-06	9.8574526628e-05	0	0	0	1.28575469515e-05	0	0.000295723579884	0.000218578298175	0.000141433016466	0	4.28584898383e-06	0	0	0	0	6.00018857736e-05	0.000278580183949	0.00171433959353	0.00162433676487	0.000364297163625	8.57169796765e-06	2.5715093903e-05	0.000325724522771	3.42867918706e-05	0.000672878290461	9.00028286603e-05	4.28584898383e-06	4.28584898383e-06	0	6.85735837412e-05
0.000955744323393	0	4.28584898383e-06	0	0.00175291223438	4.28584898383e-06	0.00399869710191	0.00264008297404	0.0010071745112	0.00306009617445	0.00283294617831	0	0.0269408467123	0	0.000467157539237	0.0011400358297	8.57169796765e-06	0	0	0	0.0119789479098	8.57169796765e-06	0	1.28575469515e-05	0.00207863675716	0	0	0	0.00102003205815	0.000407155653463	0.000120003771547	0	4.28584898383e-06	0.000197149053256	0.000240007543094	0	0	0	0	2.14292449191e-05	0	0.000137147167482	8.57169796765e-06	1.28575469515e-05	1.28575469515e-05	0.000454299992285	0	0.00272579995371	0	0	0	0	0	0	0	0.00108003394392	0	0	0	1.28575469515e-05	0	0	0	8.57169796765e-06	0	0	0	0	0	0	7.71452817089e-05	0	8.14311306927e-05	3.42867918706e-05	0.000608590555703	8.57169796765e-06	0	0	0	0	0	0	0	0
4.28584898383e-06	0.000252865090046	3.85726408544e-05	0	0	0	8.57169796765e-06	0	8.57169796765e-06	0	0	0.00778738760361	0	0.016174794065	3.00009428868e-05	0	4.28584898383e-06	9.00028286603e-05	0.000317152824803	0.000278580183949	0	3.00009428868e-05	0	6.85735837412e-05	0	0.00430299237976	0.0046372886005	0.00285866127221	0	7.71452817089e-05	1.71433959353e-05	0.00141861601365	8.57169796765e-06	3.00009428868e-05	0.000501444331108	0	3.42867918706e-05	4.28584898383e-06	0	0	0	0	4.28584898383e-06	0	0	0	0.000167148110369	0	0.000107146224596	0	4.28584898383e-06	0	1.28575469515e-05	8.57169796765e-06	3.85726408544e-05	0	0	0	0	0	0.000158576412402	0.000102860375612	6.42877347574e-05	0	0	4.28584898383e-06	0	0	0	0.000214292449191	0.000441442445334	0.000715736780299	0.000947172625425	0.000801453759975	1.71433959353e-05	9.00028286603e-05	0.000771452817089	0.000115717922563	0.00040286980448	0.000120003771547	8.14311306927e-05	0	0	8.14311306927e-05
0.00618876593264	1.28575469515e-05	3.00009428868e-05	0	6.00018857736e-05	0.000831454702862	0.00356154050556	0.00241293297789	0.0141433016466	6.85735837412e-05	0.000501444331108	4.28584898383e-05	0.000467157539237	3.00009428868e-05	0.0322210126604	0.000390012257528	1.28575469515e-05	4.71443388221e-05	0	8.57169796765e-06	0.000317152824803	0.000171433959353	6.00018857736e-05	0.000214292449191	0.000111432073579	8.57169796765e-06	1.28575469515e-05	3.85726408544e-05	0.000372868861593	0.0174476912132	0.0011657509236	0	0.00253722259842	0.00184720091203	0.00606019046313	0	0	0	0	0	0	0	4.28584898383e-06	0	1.28575469515e-05	0	0	4.28584898383e-06	0	0	0	0	0	0	0	0	0	0	0	8.57169796765e-06	0	0	0	0	0	0	0	0	0	8.57169796765e-06	0.00063859149859	6.42877347574e-05	0.00206149336122	0.0008743131927	0.000497158482124	0.000475729237205	1.28575469515e-05	1.28575469515e-05	4.28584898383e-06	1.28575469515e-05	1.28575469515e-05	0	0	0
0.000162862261385	4.28584898383e-06	1.71433959353e-05	0	1.28575469515e-05	0.0010328896051	0.00264436882302	0.000115717922563	0.000420013200415	0.000505730180091	5.14301878059e-05	8.57169796765e-06	0.0011400358297	0	0.000390012257528	0.00724737063165	1.71433959353e-05	1.71433959353e-05	0	8.57169796765e-06	0.000111432073579	3.42867918706e-05	4.28584898383e-06	8.57169796765e-05	3.00009428868e-05	0	1.28575469515e-05	2.14292449191e-05	3.00009428868e-05	0.000407155653463	5.14301878059e-05	0	3.42867918706e-05	9.00028286603e-05	0.000394298106512	4.28584898383e-06	0	0	0	0	4.28584898383e-06	8.57169796765e-06	4.28584898383e-06	8.57169796765e-06	8.57169796765e-06	0	4.28584898383e-06	0	0	4.28584898383e-06	0	4.28584898383e-06	0	0	0	0	4.28584898383e-06	0	8.57169796765e-06	4.28584898383e-06	0	0	0	4.28584898383e-06	0	4.28584898383e-06	0	0	0	4.28584898383e-05	0.000484300935172	6.42877347574e-05	0.000390012257528	0.000351439616674	0.00287580466815	0.000107146224596	4.28584898383e-06	9.00028286603e-05	3.00009428868e-05	6.42877347574e-05	4.71443388221e-05	2.14292449191e-05	0	0
4.71443388221e-05	0.000111432073579	0.00116146507462	0	4.28584898383e-06	0	8.57169796765e-06	0.000312866975819	1.28575469515e-05	0.001058604699	4.28584898383e-06	4.28584898383e-06	8.57169796765e-06	4.28584898383e-06	1.28575469515e-05	1.71433959353e-05	0.0192863204272	0.000295723579884	0	3.42867918706e-05	1.71433959353e-05	0.0049801565192	0.00419584615516	0.00833169042456	0.00424299049399	0	0.000111432073579	0.00454728577184	0.00290580561103	0.000210006600207	0.00123432450734	0	0	0.000192863204272	0.00130289809108	0	8.57169796765e-06	4.28584898383e-06	0	4.28584898383e-06	0	0	3.42867918706e-05	0	0.000150004714434	4.28584898383e-06	0	4.28584898383e-06	0	0	0	1.28575469515e-05	0	0	0	4.28584898383e-06	1.71433959353e-05	0.000171433959353	1.71433959353e-05	0.000107146224596	0	0	0	4.28584898383e-05	0	1.71433959353e-05	0	0	0	8.57169796765e-06	0.00111003488681	0.000227149996143	0.000861455645749	0.000308581126835	6.42877347574e-05	4.71443388221e-05	8.57169796765e-06	4.28584898383e-05	8.57169796765e-06	0	0	0	0	0
2.5715093903e-05	0.00120860941344	0.00602590367126	0	0	0	4.28584898383e-06	1.28575469515e-05	8.57169796765e-06	6.85735837412e-05	0	0.000355725465657	0	9.00028286603e-05	4.71443388221e-05	1.71433959353e-05	0.000295723579884	0.0279223061296	4.71443388221e-05	0.00693021780685	0	0.00202292072037	0.000587161310784	0.00863169985342	2.5715093903e-05	0.000184291506304	0.0101446045447	0.0045301423759	5.14301878059e-05	0.000150004714434	0.000591447159768	0	1.28575469515e-05	8.14311306927e-05	0.00671163950867	0	0.000372868861593	6.42877347574e-05	0	0	0	4.28584898383e-06	0	4.28584898383e-06	0	4.28584898383e-06	2.14292449191e-05	0	0	0	0	2.14292449191e-05	5.57160367897e-05	0	1.71433959353e-05	4.28584898383e-06	1.28575469515e-05	7.2859432725e-05	6.85735837412e-05	4.28584898383e-06	6.85735837412e-05	9.8574526628e-05	0.000158576412402	4.28584898383e-06	0	4.28584898383e-06	0	0	0	5.57160367897e-05	0.00250722165554	0.00269579901083	0.00444442539623	0.0014829037484	0.000141433016466	0.000141433016466	7.2859432725e-05	0.00020143490224	0.00014571886545	1.71433959353e-05	8.57169796765e-06	4.28584898383e-06	4.28584898383e-06	4.28584898383e-06
0	0.000111432073579	4.28584898383e-06	0	0	0	0	0	0	0	0	0.00367725842812	0	0.000317152824803	0	0	0	4.71443388221e-05	0.00605590461415	0.00231864430025	0	4.28584898383e-06	0	8.57169796765e-06	0	0.000518587727043	0.00299580843969	0.000527159425011	0	0	0	2.5715093903e-05	0	0	0.000132861318499	0	4.28584898383e-06	0	0	0	0	0	0	0	0	0	5.14301878059e-05	0	8.57169796765e-06	0	0	0	0	4.28584898383e-06	8.57169796765e-06	0	0	0	0	0	3.42867918706e-05	1.71433959353e-05	4.28584898383e-06	0	0	0	0	0	0	4.28584898383e-06	2.5715093903e-05	0.000167148110369	0.000107146224596	4.71443388221e-05	4.28584898383e-06	0	1.28575469515e-05	0	9.00028286603e-05	1.28575469515e-05	0	0	0	8.57169796765e-06
0	0.000642877347574	0.000621448102655	0	0	0	0	0	4.28584898383e-06	4.28584898383e-06	0	0.00280723108441	0	0.000278580183949	8.57169796765e-06	8.57169796765e-06	3.42867918706e-05	0.00693021780685	0.00231864430025	0.016959104429	0	0.000107146224596	8.14311306927e-05	0.000471443388221	0	0.000544302820946	0.00946315455629	0.00207006505919	4.28584898383e-06	1.28575469515e-05	3.85726408544e-05	1.28575469515e-05	0	1.28575469515e-05	0.00372868861593	0	0.000197149053256	3.85726408544e-05	0	0	0	0	0	0	0	0	4.28584898383e-05	0	8.57169796765e-06	0	0	4.28584898383e-06	5.14301878059e-05	0	3.42867918706e-05	0	8.57169796765e-06	1.28575469515e-05	1.71433959353e-05	0	8.14311306927e-05	0.000120003771547	0.000111432073579	0	4.28584898383e-06	0	0	0	0	3.00009428868e-05	0.000810025457943	0.00165005185877	0.00204434996528	0.000698593384364	2.5715093903e-05	6.42877347574e-05	6.85735837412e-05	9.00028286603e-05	0.000167148110369	2.5715093903e-05	1.28575469515e-05	4.28584898383e-06	0	4.28584898383e-06
0.000870027343717	0	8.57169796765e-06	0	0.00406727068565	0	0.00238721788399	0.00407584238362	0.000737166025218	0.000737166025218	0.00471014803322	0	0.0119789479098	0	0.000317152824803	0.000111432073579	1.71433959353e-05	0	0	0	0.0203663543711	3.42867918706e-05	8.57169796765e-06	3.42867918706e-05	0.00236578863907	0	0	0	0.00263579712505	0.000411441502447	0.000192863204272	0	0	0.000222864147159	0.000210006600207	0	0	0	0	1.28575469515e-05	0	0	4.28584898383e-06	0	2.14292449191e-05	1.71433959353e-05	0	3.00009428868e-05	0	0	0	0	0	0	0	2.5715093903e-05	0	0	0	8.57169796765e-06	0	0	0	0	0	0	0	0	0	0	4.28584898383e-05	0	5.14301878059e-05	3.42867918706e-05	9.00028286603e-05	8.57169796765e-06	0	0	0	0	0	0	0	0
0.000360011314641	0.000137147167482	0.00186434430796	0	8.57169796765e-06	1.28575469515e-05	5.57160367897e-05	0.000822883004894	9.42886776442e-05	0.000900028286603	2.14292449191e-05	1.71433959353e-05	8.57169796765e-06	3.00009428868e-05	0.000171433959353	3.42867918706e-05	0.0049801565192	0.00202292072037	4.28584898383e-06	0.000107146224596	3.42867918706e-05	0.0420956087191	0.00181291412016	0.0243607656241	0.00309438296632	0	0.00034715376769	0.00120860941344	0.00607733385906	0.00267436976591	0.0123603884694	0	1.71433959353e-05	0.00157719242605	0.0051130178377	4.28584898383e-06	4.28584898383e-06	1.28575469515e-05	0	8.57169796765e-06	0	0	3.00009428868e-05	0	0.000150004714434	0	0	1.71433959353e-05	0	0	4.28584898383e-06	2.14292449191e-05	4.28584898383e-06	0	4.28584898383e-06	0	4.28584898383e-06	0.000111432073579	8.57169796765e-06	9.8574526628e-05	0	4.28584898383e-06	1.71433959353e-05	3.42867918706e-05	0	0	0	0	0	4.28584898383e-06	0.00230150090431	0.00054858866993	0.00278580183949	0.00098574526628	0.00014571886545	0.000137147167482	2.14292449191e-05	9.42886776442e-05	2.14292449191e-05	0	4.28584898383e-06	1.71433959353e-05	0	0
7.2859432725e-05	0.00207006505919	0.00227149996143	0	0	0	1.71433959353e-05	0.000287151881916	2.14292449191e-05	0.00298723674173	8.57169796765e-06	2.14292449191e-05	0	0	6.00018857736e-05	4.28584898383e-06	0.00419584615516	0.000587161310784	0	8.14311306927e-05	8.57169796765e-06	0.00181291412016	0.0179619930912	0.00450014143302	0.00180862827117	8.57169796765e-06	0.000510016029075	0.0073673744032	0.00103717545409	0.000265722636997	0.00106717639697	0	0	0.000227149996143	0.0014314735606	4.28584898383e-06	0.000274294334965	4.28584898383e-05	0	2.5715093903e-05	0	0	9.42886776442e-05	4.28584898383e-06	0.000167148110369	4.28584898383e-06	4.28584898383e-06	1.71433959353e-05	0	0	0	0.000184291506304	0	0	0	4.28584898383e-06	9.42886776442e-05	0.00102860375612	0.000252865090046	0.000184291506304	0	8.57169796765e-06	0.000107146224596	0.000184291506304	0	0.000115717922563	0	0	4.28584898383e-06	5.14301878059e-05	0.00110146318884	0.00040286980448	0.00114432167868	0.000411441502447	7.71452817089e-05	5.14301878059e-05	4.28584898383e-06	9.00028286603e-05	5.57160367897e-05	4.71443388221e-05	2.5715093903e-05	8.57169796765e-06	0	0
0.000282866032932	0.00069430753538	0.0148161799371	0	4.28584898383e-06	1.71433959353e-05	6.42877347574e-05	0.000625733951638	9.8574526628e-05	0.00093002922949	2.14292449191e-05	5.14301878059e-05	1.28575469515e-05	6.85735837412e-05	0.000214292449191	8.57169796765e-05	0.00833169042456	0.00863169985342	8.57169796765e-06	0.000471443388221	3.42867918706e-05	0.0243607656241	0.00450014143302	0.0646091734312	0.00171862544251	2.5715093903e-05	0.0017743414793	0.0102817517122	0.00263151127607	0.00186863015695	0.00594018669158	0	1.71433959353e-05	0.00102003205815	0.0084002640083	0	0.000150004714434	4.28584898383e-05	0	8.57169796765e-06	0	0	2.14292449191e-05	8.57169796765e-06	0.000115717922563	0	0	1.28575469515e-05	0	4.28584898383e-06	4.28584898383e-06	6.42877347574e-05	4.28584898383e-06	0	4.28584898383e-06	0	3.42867918706e-05	0.000321438673787	9.00028286603e-05	6.42877347574e-05	4.28584898383e-06	1.28575469515e-05	0.000107146224596	3.85726408544e-05	0	1.28575469515e-05	0	0	4.28584898383e-06	4.28584898383e-05	0.00559303292389	0.0019072027978	0.00662163668001	0.00234435939415	0.000364297163625	0.000304295277852	6.42877347574e-05	0.000265722636997	5.57160367897e-05	1.28575469515e-05	1.28575469515e-05	8.57169796765e-06	0	0
0.000497158482124	0	0.000115717922563	0	0.00658734988814	0	0.000394298106512	0.00488158199258	0.000227149996143	0.00537445462572	0.000642877347574	4.28584898383e-06	0.00207863675716	0	0.000111432073579	3.00009428868e-05	0.00424299049399	2.5715093903e-05	0	0	0.00236578863907	0.00309438296632	0.00180862827117	0.00171862544251	0.0334339079228	0	1.71433959353e-05	0.000132861318499	0.0141518733446	0.000750023572169	0.00226292826346	0	0	0.000604304706719	0.00102003205815	1.28575469515e-05	0	0	0	0.000604304706719	0	0	0.000171433959353	0	0.000702879233347	2.5715093903e-05	0	8.14311306927e-05	0	8.57169796765e-06	0	3.42867918706e-05	0	0	0	3.85726408544e-05	1.71433959353e-05	0.000180005657321	1.28575469515e-05	0.00131575563803	0	0	0	0.000505730180091	0	2.5715093903e-05	0	0	0	8.57169796765e-06	0.000454299992285	4.28584898383e-05	0.000317152824803	8.57169796765e-05	0.000107146224596	1.71433959353e-05	0	8.57169796765e-06	0	0	0	8.57169796765e-06	0	0
0	0.00222864147159	6.85735837412e-05	0	0	0	0	0	8.57169796765e-06	4.28584898383e-06	0	0.00473586312713	0	0.00430299237976	8.57169796765e-06	0	0	0.000184291506304	0.000518587727043	0.000544302820946	0	0	8.57169796765e-06	2.5715093903e-05	0	0.0179277062993	0.00650163290846	0.00823311589793	0	1.28575469515e-05	0	0.00020143490224	0	0	0.000360011314641	0	0.000278580183949	2.14292449191e-05	0	0	0	0	4.28584898383e-06	0	4.28584898383e-06	0	0.000544302820946	0	0.0002914377309	0	0	0	6.00018857736e-05	2.5715093903e-05	0.000248579241062	0	4.28584898383e-06	0	0	0	0.00084002640083	0.000561446216881	0.000325724522771	0	0	4.28584898383e-06	4.28584898383e-06	0	0	0.000128575469515	6.00018857736e-05	0.000608590555703	0.000295723579884	5.14301878059e-05	0	4.28584898383e-06	0.000115717922563	1.71433959353e-05	0.00129004054413	0.000197149053256	1.71433959353e-05	4.28584898383e-06	0	0.000171433959353
4.28584898383e-06	0.00599590272837	0.00759452439934	0	0	0	4.28584898383e-06	1.71433959353e-05	1.71433959353e-05	3.00009428868e-05	0	0.0089831394701	0	0.0046372886005	1.28575469515e-05	1.28575469515e-05	0.000111432073579	0.0101446045447	0.00299580843969	0.00946315455629	0	0.00034715376769	0.000510016029075	0.0017743414793	1.71433959353e-05	0.00650163290846	0.0684450082717	0.0278494466969	1.28575469515e-05	4.71443388221e-05	0.000132861318499	0.0011914660175	0	2.5715093903e-05	0.00470157633526	0	0.00210863770004	0.000295723579884	0	0	0	0	0	4.28584898383e-06	8.57169796765e-06	0	0.000390012257528	0	0.000167148110369	4.28584898383e-06	0	5.57160367897e-05	0.000321438673787	3.00009428868e-05	0.000390012257528	0	8.14311306927e-05	0.00014571886545	0.000218578298175	0	0.000771452817089	0.000934315078474	0.00116146507462	8.57169796765e-06	0	4.28584898383e-06	4.28584898383e-06	0	0	0.000308581126835	0.00197149053256	0.00408441408159	0.00383154899154	0.001324327336	5.14301878059e-05	9.42886776442e-05	0.000141433016466	0.000210006600207	0.00124718205429	0.000227149996143	6.00018857736e-05	2.14292449191e-05	4.28584898383e-06	5.14301878059e-05
1.71433959353e-05	0.00855455457172	0.0125703950696	0	0	0	8.57169796765e-06	4.28584898383e-05	2.14292449191e-05	0.000154290563418	0	0.00249436410859	0	0.00285866127221	3.85726408544e-05	2.14292449191e-05	0.00454728577184	0.0045301423759	0.000527159425011	0.00207006505919	0	0.00120860941344	0.0073673744032	0.0102817517122	0.000132861318499	0.00823311589793	0.0278494466969	0.0734251647909	0.000167148110369	0.000132861318499	0.000450014143302	0.000441442445334	8.57169796765e-06	6.85735837412e-05	0.00311152636226	0	0.00201006317341	0.00025715093903	0	0	0	0	1.71433959353e-05	4.28584898383e-06	2.5715093903e-05	0	0.000192863204272	0	8.14311306927e-05	0	0	0.000120003771547	0.000210006600207	2.5715093903e-05	0.000218578298175	0	0.000120003771547	0.000655734894525	0.000424299049399	1.71433959353e-05	0.000522873576027	0.000527159425011	0.00084002640083	5.57160367897e-05	0	3.00009428868e-05	4.28584898383e-06	0	4.28584898383e-06	0.000184291506304	0.00243436222281	0.00261865372912	0.00312866975819	0.00114860752767	0.000132861318499	0.000102860375612	7.71452817089e-05	0.000252865090046	0.000814311306927	0.000158576412402	5.57160367897e-05	2.5715093903e-05	4.28584898383e-06	2.5715093903e-05
0.00134575658092	1.28575469515e-05	0.000154290563418	0	0.00441442445334	4.28584898383e-06	0.000724308478266	0.0163976582121	0.000420013200415	0.00244293392078	0.003180099946	0	0.00102003205815	0	0.000372868861593	3.00009428868e-05	0.00290580561103	5.14301878059e-05	0	4.28584898383e-06	0.00263579712505	0.00607733385906	0.00103717545409	0.00263151127607	0.0141518733446	0	1.28575469515e-05	0.000167148110369	0.0432956464346	0.00210006600207	0.00708022252128	0	0	0.00144861695653	0.00202292072037	4.28584898383e-06	0	0	0	0.00111860658478	0	2.14292449191e-05	0.000128575469515	2.5715093903e-05	0.000672878290461	0.000355725465657	0	0.000222864147159	0	4.28584898383e-06	0	1.28575469515e-05	0	0	0	0.000544302820946	0	0.000128575469515	0	0.000651449045541	0	0	0	0.000218578298175	0	1.71433959353e-05	0	0	0	4.28584898383e-06	0.000754309421153	8.57169796765e-05	0.000672878290461	0.00023572169411	0.000162862261385	3.85726408544e-05	0	1.28575469515e-05	0	4.28584898383e-06	0	2.14292449191e-05	0	0
0.00642020177777	2.14292449191e-05	0.000162862261385	0	9.42886776442e-05	0.000698593384364	0.00241293297789	0.00354439710962	0.00626591121435	0.000488586784156	0.000278580183949	0.000154290563418	0.000407155653463	7.71452817089e-05	0.0174476912132	0.000407155653463	0.000210006600207	0.000150004714434	0	1.28575469515e-05	0.000411441502447	0.00267436976591	0.000265722636997	0.00186863015695	0.000750023572169	1.28575469515e-05	4.71443388221e-05	0.000132861318499	0.00210006600207	0.0455371454531	0.0106803356677	0	0.00195006128764	0.01138750075	0.0142333044753	0	4.28584898383e-06	4.28584898383e-06	0	2.14292449191e-05	0	4.28584898383e-06	2.5715093903e-05	0	0.000120003771547	4.28584898383e-06	4.28584898383e-06	1.28575469515e-05	0	0	8.57169796765e-06	0	4.28584898383e-06	0	0	1.71433959353e-05	8.57169796765e-06	2.14292449191e-05	8.57169796765e-06	9.00028286603e-05	0	0	4.28584898383e-06	3.42867918706e-05	0	8.57169796765e-06	0	0	0	2.5715093903e-05	0.00236578863907	0.000175719808337	0.00517730557246	0.00212578109598	0.000561446216881	0.000655734894525	5.57160367897e-05	5.14301878059e-05	1.28575469515e-05	1.28575469515e-05	1.28575469515e-05	1.28575469515e-05	0	0
0.00360868484438	3.00009428868e-05	0.000698593384364	0	0.000107146224596	0	0.000377154710577	0.00859312721257	0.000642877347574	0.00144433110755	0.000141433016466	8.57169796765e-06	0.000120003771547	1.71433959353e-05	0.0011657509236	5.14301878059e-05	0.00123432450734	0.000591447159768	0	3.85726408544e-05	0.000192863204272	0.0123603884694	0.00106717639697	0.00594018669158	0.00226292826346	0	0.000132861318499	0.000450014143302	0.00708022252128	0.0106803356677	0.0385597833075	0	8.57169796765e-06	0.00675021214952	0.00730308666844	8.57169796765e-06	0	0	0	4.71443388221e-05	0	0	6.00018857736e-05	0	0.000317152824803	8.57169796765e-06	0	1.71433959353e-05	0	0	8.57169796765e-06	4.28584898383e-06	0	0	0	1.71433959353e-05	0	0.000124289620531	4.28584898383e-06	0.00020143490224	0	4.28584898383e-06	8.57169796765e-06	6.00018857736e-05	0	2.14292449191e-05	0	0	0	1.71433959353e-05	0.00229292920635	0.000210006600207	0.00245579146773	0.000861455645749	0.000162862261385	9.8574526628e-05	1.71433959353e-05	7.71452817089e-05	2.14292449191e-05	8.57169796765e-06	4.28584898383e-06	1.28575469515e-05	0	0
0	1.71433959353e-05	0	0	0	0	0	0	0	0	0	0.000552874518913	0	0.00141861601365	0	0	0	0	2.5715093903e-05	1.28575469515e-05	0	0	0	0	0	0.00020143490224	0.0011914660175	0.000441442445334	0	0	0	0.00168862449963	0	0	0	0	4.28584898383e-06	0	0	0	0	0	0	0	0	0	4.28584898383e-06	0	4.28584898383e-06	0	0	0	0	0	0	0	0	0	0	0	1.28575469515e-05	8.57169796765e-06	1.28575469515e-05	0	0	0	0	0	0	0	0	4.28584898383e-06	0	0	0	0	0	0	8.57169796765e-06	0	0	0	0	0
8.57169796765e-06	0	0	0	0	0.0018814877039	0.00153861978519	0	0.00165005185877	4.28584898383e-06	0	1.28575469515e-05	4.28584898383e-06	8.57169796765e-06	0.00253722259842	3.42867918706e-05	0	1.28575469515e-05	0	0	0	1.71433959353e-05	0	1.71433959353e-05	0	0	0	8.57169796765e-06	0	0.00195006128764	8.57169796765e-06	0	0.0056444631117	2.5715093903e-05	0.00124718205429	0	0	0	0	0	0	0	0	0	0	0	0	0	0	0	0	0	0	0	0	0	0	0	0	0	0	0	0	0	0	0	0	0	0	4.28584898383e-06	4.71443388221e-05	1.28575469515e-05	0.000261436788013	0.000150004714434	3.85726408544e-05	0.000471443388221	0	0	0	0	0	0	0	0
0.0023572169411	0	0.000115717922563	0	6.85735837412e-05	1.28575469515e-05	0.000488586784156	0.00192434619374	0.000835740551846	0.000450014143302	0.000132861318499	8.57169796765e-06	0.000197149053256	3.00009428868e-05	0.00184720091203	9.00028286603e-05	0.000192863204272	8.14311306927e-05	0	1.28575469515e-05	0.000222864147159	0.00157719242605	0.000227149996143	0.00102003205815	0.000604304706719	0	2.5715093903e-05	6.85735837412e-05	0.00144861695653	0.01138750075	0.00675021214952	0	2.5715093903e-05	0.0153133384192	0.00836597721643	0	0	0	0	1.28575469515e-05	0	4.28584898383e-06	2.5715093903e-05	0	9.42886776442e-05	0	0	8.57169796765e-06	0	0	4.28584898383e-06	0	4.28584898383e-06	0	0	8.57169796765e-06	4.28584898383e-06	3.85726408544e-05	0	5.14301878059e-05	0	0	0	1.71433959353e-05	0	1.28575469515e-05	0	0	0	2.14292449191e-05	0.0024900782596	0.000120003771547	0.00314152730514	0.00111860658478	0.000261436788013	0.000107146224596	8.57169796765e-06	5.57160367897e-05	4.28584898383e-06	8.57169796765e-06	4.28584898383e-06	1.28575469515e-05	0	0
0.00216006788785	0.000685735837412	0.0030729537214	0	4.28584898383e-05	0.00054858866993	0.00130289809108	0.0019072027978	0.00252865090046	0.000835740551846	0.000132861318499	0.00339010654621	0.000240007543094	0.000501444331108	0.00606019046313	0.000394298106512	0.00130289809108	0.00671163950867	0.000132861318499	0.00372868861593	0.000210006600207	0.0051130178377	0.0014314735606	0.0084002640083	0.00102003205815	0.000360011314641	0.00470157633526	0.00311152636226	0.00202292072037	0.0142333044753	0.00730308666844	0	0.00124718205429	0.00836597721643	0.0526002245785	0	0.000252865090046	6.42877347574e-05	0	1.71433959353e-05	0	8.57169796765e-06	5.14301878059e-05	1.28575469515e-05	0.000162862261385	8.57169796765e-06	2.5715093903e-05	1.71433959353e-05	0	8.57169796765e-06	4.28584898383e-06	4.71443388221e-05	5.14301878059e-05	0	3.85726408544e-05	8.57169796765e-06	4.28584898383e-05	0.000180005657321	0.000107146224596	9.42886776442e-05	3.85726408544e-05	5.14301878059e-05	0.000132861318499	5.14301878059e-05	4.28584898383e-06	2.5715093903e-05	0	0	0	0.000150004714434	0.0115846498033	0.00425156219195	0.0240350411013	0.00891028003737	0.00109289149088	0.0013500424299	0.000338582069722	0.000522873576027	0.000175719808337	0.000102860375612	8.57169796765e-05	3.42867918706e-05	1.71433959353e-05	4.28584898383e-06
0	0	0	0	8.57169796765e-06	0	0	0	0	3.85726408544e-05	0	0	0	0	0	4.28584898383e-06	0	0	0	0	0	4.28584898383e-06	4.28584898383e-06	0	1.28575469515e-05	0	0	0	4.28584898383e-06	0	8.57169796765e-06	0	0	0	0	0.0133804205275	8.57169796765e-06	1.28575469515e-05	0	0.000162862261385	2.14292449191e-05	0.00093002922949	0.00462871690253	0.00120860941344	0.00025715093903	0.000278580183949	0	0.00147004620145	0	0.00390012257528	9.00028286603e-05	5.14301878059e-05	8.57169796765e-06	0	4.28584898383e-06	0.00034715376769	7.71452817089e-05	7.71452817089e-05	9.42886776442e-05	0.00109717733986	0	4.28584898383e-06	4.28584898383e-06	0.000621448102655	0.00450014143302	0.000630019800622	0	0	0.000334296220738	0.000351439616674	4.28584898383e-06	0	0	0	0	0	0	0.000702879233347	0.000137147167482	0.000372868861593	0.000210006600207	0.00137147167482	6.85735837412e-05	4.28584898383e-06
0	0.00265294052099	0.000574303763833	0	0	0	0	0	0	1.28575469515e-05	0	0.000120003771547	0	3.42867918706e-05	0	0	8.57169796765e-06	0.000372868861593	4.28584898383e-06	0.000197149053256	0	4.28584898383e-06	0.000274294334965	0.000150004714434	0	0.000278580183949	0.00210863770004	0.00201006317341	0	4.28584898383e-06	0	4.28584898383e-06	0	0	0.000252865090046	8.57169796765e-06	0.0151419044599	0.00175719808337	0	0	0	0	7.2859432725e-05	0	1.28575469515e-05	0	0.000252865090046	4.28584898383e-06	8.14311306927e-05	0	0	0.000518587727043	0.000994316964247	3.00009428868e-05	0.000702879233347	0	0.000475729237205	0.00255436599436	0.00168862449963	3.00009428868e-05	0.00185148676101	0.00211720939801	0.00561446216881	0.000167148110369	4.28584898383e-06	0.000167148110369	4.28584898383e-06	0	8.57169796765e-06	0.00078431036404	0.000137147167482	0.000278580183949	0.000214292449191	7.2859432725e-05	4.28584898383e-06	0	4.28584898383e-06	0.000501444331108	0.00171005374455	0.000732880176234	0.000261436788013	3.00009428868e-05	1.28575469515e-05	8.57169796765e-06
0	0.000390012257528	0.000111432073579	0	0	0	0	0	0	8.57169796765e-06	0	2.14292449191e-05	0	4.28584898383e-06	0	0	4.28584898383e-06	6.42877347574e-05	0	3.85726408544e-05	0	1.28575469515e-05	4.28584898383e-05	4.28584898383e-05	0	2.14292449191e-05	0.000295723579884	0.00025715093903	0	4.28584898383e-06	0	0	0	0	6.42877347574e-05	1.28575469515e-05	0.00175719808337	0.0249907854247	0	4.28584898383e-06	0	8.57169796765e-06	0.00014571886545	2.5715093903e-05	3.85726408544e-05	0	0.000120003771547	1.28575469515e-05	2.5715093903e-05	1.28575469515e-05	8.57169796765e-06	0.000732880176234	0.00340724994214	1.28575469515e-05	0.000377154710577	0	0.00247722071265	0.000668592441477	0.00956172908291	5.57160367897e-05	7.2859432725e-05	0.00294437825189	0.0061201923489	0.000240007543094	1.71433959353e-05	0.000810025457943	0	0	8.57169796765e-06	0.00189434525085	3.85726408544e-05	5.14301878059e-05	5.57160367897e-05	3.00009428868e-05	4.28584898383e-06	0	8.57169796765e-06	0.00159433582198	0.00260151033318	0.00170576789556	0.000750023572169	0.000102860375612	1.71433959353e-05	2.14292449191e-05
0	0	0	0	0	0	0	0	0	0	0	0	0	0	0	0	0	0	0	0	0	0	0	0	0	0	0	0	0	0	0	0	0	0	0	0	0	0	0	0	0	0	0	0	0	0	0	0	0	0	0	0	0	0	0	0	0	0	0	0	0	0	0	0	0	0	0	0	0	0	0	0	0	0	0	0	0	0	0	0	0	0	0	0
8.57169796765e-06	0	0	0	0.00246864901468	0	0	6.42877347574e-05	0	0.000372868861593	0.000270008485981	0	2.14292449191e-05	0	0	0	4.28584898383e-06	0	0	0	1.28575469515e-05	8.57169796765e-06	2.5715093903e-05	8.57169796765e-06	0.000604304706719	0	0	0	0.00111860658478	2.14292449191e-05	4.71443388221e-05	0	0	1.28575469515e-05	1.71433959353e-05	0.000162862261385	0	4.28584898383e-06	0	0.0210306609636	0	0.000540016971962	0.00189863109983	0.000248579241062	0.00222435562261	0.00530588104198	0	0.00374154616288	0	0.000180005657321	2.5715093903e-05	4.28584898383e-05	4.28584898383e-06	0	0	0.00902171211095	1.71433959353e-05	0.000171433959353	3.00009428868e-05	0.0104103271817	0	0	4.28584898383e-06	0.00488158199258	5.57160367897e-05	0.000167148110369	0	0	4.28584898383e-06	5.14301878059e-05	3.00009428868e-05	0	8.57169796765e-06	8.57169796765e-06	1.28575469515e-05	0	0	0.000128575469515	8.57169796765e-06	3.85726408544e-05	2.14292449191e-05	0.000128575469515	8.57169796765e-06	0
0	0	0	0	0	0	0	0	0	0	0	0	0	0	0	4.28584898383e-06	0	0	0	0	0	0	0	0	0	0	0	0	0	0	0	0	0	0	0	2.14292449191e-05	0	0	0	0	0.00614162159382	0.00433727917163	1.28575469515e-05	0.00218149713277	0	0	4.28584898383e-06	2.5715093903e-05	0	0.000467157539237	0.00120003771547	0	0	0	0	0	8.57169796765e-06	0	4.28584898383e-06	1.28575469515e-05	0	0	0	4.28584898383e-06	0.000171433959353	1.28575469515e-05	0	0.00078431036404	0	0.000312866975819	4.28584898383e-06	0	0	0	0	0	0	3.85726408544e-05	1.28575469515e-05	0.000188577355288	5.57160367897e-05	0.0017229112915	0.00148718959739	4.28584898383e-06
0	0	0	0	6.85735837412e-05	0	0	0	0	2.5715093903e-05	1.28575469515e-05	0	0.000137147167482	0	0	8.57169796765e-06	0	4.28584898383e-06	0	0	0	0	0	0	0	0	0	0	2.14292449191e-05	4.28584898383e-06	0	0	0	4.28584898383e-06	8.57169796765e-06	0.00093002922949	0	8.57169796765e-06	0	0.000540016971962	0.00433727917163	0.0428670615362	0.00165433770776	0.0183520053487	0.000282866032932	0.0110489186803	5.57160367897e-05	0.0097245913443	0	0.00637305743895	0.0040286980448	3.00009428868e-05	2.5715093903e-05	4.28584898383e-06	2.14292449191e-05	0.00264008297404	6.85735837412e-05	3.42867918706e-05	6.42877347574e-05	0.00102860375612	8.57169796765e-06	1.71433959353e-05	4.28584898383e-06	0.000574303763833	0.00106717639697	0.000180005657321	0	0.000951458474409	2.5715093903e-05	0.0010328896051	3.00009428868e-05	4.28584898383e-06	8.57169796765e-06	8.57169796765e-06	8.57169796765e-06	0	4.28584898383e-06	0.000544302820946	0.000111432073579	0.00126861129921	0.000561446216881	0.00628734045927	0.00175291223438	2.14292449191e-05
4.28584898383e-06	8.57169796765e-06	1.28575469515e-05	0	7.2859432725e-05	0	4.28584898383e-06	6.85735837412e-05	0	0.000480015086188	8.57169796765e-06	0	8.57169796765e-06	4.28584898383e-06	4.28584898383e-06	4.28584898383e-06	3.42867918706e-05	0	0	0	4.28584898383e-06	3.00009428868e-05	9.42886776442e-05	2.14292449191e-05	0.000171433959353	4.28584898383e-06	0	1.71433959353e-05	0.000128575469515	2.5715093903e-05	6.00018857736e-05	0	0	2.5715093903e-05	5.14301878059e-05	0.00462871690253	7.2859432725e-05	0.00014571886545	0	0.00189863109983	1.28575469515e-05	0.00165433770776	0.045052844518	0.00255865184334	0.0020143490224	0.00350153861979	0	0.00484729520071	0	0.00306438202344	6.85735837412e-05	0.00111003488681	5.57160367897e-05	0	8.57169796765e-06	0.0027300858027	0.00104574715205	0.00134147073194	0.00102003205815	0.0104617573695	4.28584898383e-06	8.57169796765e-06	9.8574526628e-05	0.0159305006729	0.000672878290461	0.00875598947395	0	0	6.42877347574e-05	0.00113574998071	4.28584898383e-05	0	2.5715093903e-05	4.28584898383e-06	8.57169796765e-06	0	0	0.00144433110755	0.000570017914849	0.000600018857736	0.000308581126835	0.00130718394007	6.42877347574e-05	8.57169796765e-06
